1978-10-07T00:30:00 1978 10 7 0 30 0 -0.5 -1.5 332.0 5.5 1.21 0.88 3.44 1.84 2 2 2 2 2 2 2 2 1.7 1.37 -17.0 -1.5 -1.5 -1.5 -1.5 -1.5 -1.5 0.395 0.59 0.191 0.291 0.462 0.552 2 2 2 2 2 2
1978-10-07T01:30:00 1978 10 7 1 30 0 -1.5 -1.8 331.0 5.2 1.14 0.68 2.76 1.47 2 2 2 2 2 2 2 2 1.7 1.34 -20.0 -1.8 -1.8 -1.8 -1.8 -1.8 -1.8 0.392 0.564 0.191 0.268 0.424 0.515 2 2 2 2 2 2
1978-10-07T02:30:00 1978 10 7 2 30 0 1.0 -1.5 326.0 5.5 1.17 0.59 2.69 1.44 2 2 2 2 2 2 2 2 1.7 1.46 -21.0 -1.5 -1.5 -1.5 -1.5 -1.5 -1.5 0.384 0.542 0.191 0.246 0.395 0.49 2 2 2 2 2 2
1978-10-07T03:30:00 1978 10 7 3 30 0 -0.3 -1.5 321.0 5.3 1.09 0.46 2.42 1.31 2 2 2 2 2 2 2 2 1.7 1.58 -19.0 -1.5 -1.5 -1.5 -1.5 -1.5 -1.5 0.37 0.519 0.19 0.224 0.369 0.458 2 2 2 2 2 2
1978-10-07T04:30:00 1978 10 7 4 30 0 -0.6 -3.1 328.0 5.0 1.08 1.14 3.85 1.97 2 2 2 2 2 2 2 2 1.7 1.7 -17.0 -3.1 -3.1 -3.1 -3.1 -3.1 -3.1 0.423 0.608 0.194 0.299 0.475 0.517 2 2 2 2 2 2
1978-10-07T05:30:00 1978 10 7 5 30 0 -0.9 -3.1 327.0 5.3 1.13 1.89 5.08 2.62 2 2 2 2 2 2 2 2 1.7 1.7 -16.0 -3.1 -3.1 -3.1 -3.1 -3.1 -3.1 0.493 0.703 0.201 0.389 0.558 0.588 2 2 2 2 2 2
1978-10-07T06:30:00 1978 10 7 6 30 0 -1.1 -2.0 330.0 6.8 1.48 1.34 4.11 2.49 2 2 2 2 2 2 2 2 1.3 1.65 -14.0 -2.0 -2.0 -2.0 -2.0 -2.0 -2.0 0.511 0.712 0.205 0.388 0.54 0.662 2 2 2 2 2 2
1978-10-07T07:30:00 1978 10 7 7 30 0 0.4 -1.1 320.0 7.9 1.62 0.49 2.46 1.8 2 2 2 2 2 2 2 2 1.3 1.6 -12.0 -1.1 -1.1 -1.1 -1.1 -1.1 -1.1 0.465 0.629 0.204 0.309 0.433 0.653 2 2 2 2 2 2
1978-10-07T08:30:00 1978 10 7 8 30 0 -1.5 -2.0 318.0 8.6 1.74 0.57 2.53 2.1 2 2 2 2 2 2 2 2 1.3 1.54 -12.0 -2.0 -2.0 -2.0 -2.0 -2.0 -2.0 0.458 0.646 0.204 0.295 0.455 0.745 2 2 2 2 2 2
1978-10-07T09:30:00 1978 10 7 9 30 0 -1.2 -1.7 314.0 9.4 1.85 0.83 2.9 2.62 2 2 2 2 2 2 2 2 1.0 1.46 -11.0 -1.7 -1.7 -1.7 -1.7 -1.7 -1.7 0.466 0.679 0.205 0.298 0.475 0.838 2 2 2 2 2 2
1978-10-07T10:30:00 1978 10 7 10 30 0 -0.9 -1.7 308.0 9.0 1.71 0.66 2.64 2.43 2 2 2 2 2 2 2 2 1.0 1.37 -11.0 -1.7 -1.7 -1.7 -1.7 -1.7 -1.7 0.462 0.681 0.205 0.288 0.46 0.839 2 2 2 2 2 2
1978-10-07T11:30:00 1978 10 7 11 30 0 -0.1 -1.5 306.0 9.0 1.69 0.5 2.44 2.2 2 2 2 2 2 2 2 2 1.0 1.28 -13.0 -1.5 -1.5 -1.5 -1.5 -1.5 -1.5 0.447 0.661 0.205 0.268 0.431 0.798 2 2 2 2 2 2
1978-10-07T12:30:00 1978 10 7 12 30 0 -1.1 -2.4 309.0 9.5 1.81 0.79 3.06 2.84 2 2 2 2 2 2 2 2 1.3 1.23 -12.0 -2.4 -2.4 -2.4 -2.4 -2.4 -2.4 0.478 0.729 0.207 0.31 0.501 0.894 2 2 2 2 2 2
1978-10-07T13:30:00 1978 10 7 13 30 0 -4.4 -2.3 330.0 8.0 1.74 1.93 3.76 3.26 2 2 2 2 2 2 2 2 1.3 1.19 -11.0 -2.3 -2.3 -2.3 -2.3 -2.3 -2.3 0.518 0.776 0.211 0.36 0.559 0.955 2 2 2 2 2 2
1978-10-07T14:30:00 1978 10 7 14 30 0 -4.2 1.6 331.0 10.2 2.24 1.42 0.96 0.82 2 2 2 2 2 2 2 2 1.3 1.19 -13.0 1.6 1.6 1.6 1.6 1.6 1.6 0.386 0.466 0.206 0.224 0.244 0.53 2 2 2 2 2 2
1978-10-07T15:30:00 1978 10 7 15 30 0 -5.2 2.1 323.0 9.1 1.9 0.84 0.0 0.0 2 2 2 2 2 2 2 2 0.3 1.06 -12.0 2.1 2.1 2.1 2.1 2.1 2.1 0.261 0.232 0.2 0.125 0.077 0.22 2 2 2 2 2 2
1978-10-07T16:30:00 1978 10 7 16 30 0 -4.1 2.8 319.0 8.9 1.81 0.67 0.0 0.0 2 2 2 2 2 2 2 2 0.3 0.93 -13.0 2.8 2.8 2.8 2.8 2.8 2.8 0.177 0.115 0.194 0.07 0.024 0.091 2 2 2 2 2 2
1978-10-07T17:30:00 1978 10 7 17 30 0 -3.4 3.7 320.0 6.9 1.41 0.31 0.0 0.0 2 2 2 2 2 2 2 2 0.3 0.84 -13.0 3.7 3.7 3.7 3.7 3.7 3.7 0.12 0.057 0.188 0.039 0.008 0.038 2 2 2 2 2 2
1978-10-07T18:30:00 1978 10 7 18 30 0 -3.9 2.3 319.0 6.3 1.28 0.33 0.0 0.0 2 2 2 2 2 2 2 2 1.0 0.84 -15.0 2.3 2.3 2.3 2.3 2.3 2.3 0.081 0.028 0.182 0.022 0.002 0.016 2 2 2 2 2 2
1978-10-07T19:30:00 1978 10 7 19 30 0 -2.9 1.9 328.0 10.4 2.24 0.33 0.0 0.0 2 2 2 2 2 2 2 2 1.0 0.84 -13.0 1.9 1.9 1.9 1.9 1.9 1.9 0.055 0.014 0.177 0.012 0.001 0.007 2 2 2 2 2 2
1978-10-07T20:30:00 1978 10 7 20 30 0 -2.8 -2.4 337.0 8.8 2.0 0.87 1.3 1.17 2 2 2 2 2 2 2 2 1.0 0.81 -11.0 -2.4 -2.4 -2.4 -2.4 -2.4 -2.4 0.137 0.246 0.176 0.099 0.263 0.426 2 2 2 2 2 2
1978-10-07T21:30:00 1978 10 7 21 30 0 -3.6 -0.3 334.0 7.9 1.76 1.35 2.12 1.79 2 2 2 2 2 2 2 2 0.7 0.74 -10.0 -0.3 -0.3 -0.3 -0.3 -0.3 -0.3 0.187 0.342 0.175 0.124 0.292 0.54 2 2 2 2 2 2
1978-10-07T22:30:00 1978 10 7 22 30 0 -2.8 1.3 333.0 8.9 1.97 0.56 0.03 0.02 2 2 2 2 2 2 2 2 0.7 0.67 -6.0 1.3 1.3 1.3 1.3 1.3 1.3 0.127 0.17 0.169 0.069 0.093 0.224 2 2 2 2 2 2
1978-10-07T23:30:00 1978 10 7 23 30 0 -1.7 2.8 328.0 9.7 2.09 0.12 0.0 0.0 2 2 2 2 2 2 2 2 0.7 0.72 -8.0 2.8 2.8 2.8 2.8 2.8 2.8 0.086 0.084 0.164 0.039 0.029 0.093 2 2 2 2 2 2
