1978-03-06T00:30:00 1978 3 6 0 30 0 5.03 3.44 354.8 8.62 2.29 0.81 0.0 0.0 1 1 1 1 1 1 1 1 1.0 1.68 -19.0 3.21 3.27 3.11 3.11 3.26 3.31 0.027 0.003 0.311 0.005 0.0 0.001 1 1 1 1 1 1
1978-03-06T01:30:00 1978 3 6 1 30 0 3.35 1.2 355.5 8.05 2.12 0.59 0.0 0.0 1 1 1 1 1 1 1 1 1.0 1.48 -17.0 0.31 0.54 -0.11 -0.08 0.51 0.71 0.018 0.001 0.302 0.003 0.0 0.001 1 1 1 1 1 1
1978-03-06T02:30:00 1978 3 6 2 30 0 1.67 3.69 356.2 7.47 1.95 0.17 0.0 0.0 1 1 1 1 1 1 1 1 1.0 1.35 -17.0 3.48 3.53 3.37 3.38 3.52 3.57 0.012 0.001 0.293 0.002 0.0 0.0 1 1 1 1 1 1
1978-03-06T03:30:00 1978 3 6 3 30 0 0.9 4.5 357.0 6.9 1.78 0.01 0.0 0.0 2 2 2 2 2 2 2 2 0.3 1.14 -17.0 4.5 4.5 4.5 4.5 4.5 4.5 0.008 0.0 0.284 0.001 0.0 0.0 1 1 1 1 1 1
1978-03-06T04:30:00 1978 3 6 4 30 0 -2.1 3.2 351.0 8.0 1.88 0.01 0.0 0.0 2 2 2 2 2 2 2 2 0.3 0.93 -19.0 3.2 3.2 3.2 3.2 3.2 3.2 0.006 0.0 0.275 0.001 0.0 0.0 1 1 1 1 1 1
1978-03-06T05:30:00 1978 3 6 5 30 0 0.9 3.9 348.0 7.6 1.9 0.01 0.0 0.0 2 2 2 2 2 2 2 2 0.3 0.8 -20.0 3.9 3.9 3.9 3.9 3.9 3.9 0.004 0.0 0.267 0.0 0.0 0.0 1 1 1 1 1 1
1978-03-06T06:30:00 1978 3 6 6 30 0 -1.6 2.5 358.0 6.6 1.71 0.01 0.0 0.0 2 2 2 2 2 2 2 2 0.7 0.73 -19.0 2.5 2.5 2.5 2.5 2.5 2.5 0.003 0.0 0.259 0.0 0.0 0.0 1 1 1 1 1 1
1978-03-06T07:30:00 1978 3 6 7 30 0 -3.0 1.5 362.0 5.4 1.43 0.17 0.0 0.0 2 2 2 2 2 2 2 2 0.7 0.66 -16.0 1.5 1.5 1.5 1.5 1.5 1.5 0.002 0.0 0.251 0.0 0.0 0.0 1 1 1 1 1 1
1978-03-06T08:30:00 1978 3 6 8 30 0 -2.6 1.2 366.0 6.4 1.7 0.3 0.0 0.0 2 2 2 2 2 2 2 2 0.7 0.62 -15.0 1.2 1.2 1.2 1.2 1.2 1.2 0.001 0.0 0.243 0.0 0.0 0.0 1 1 1 1 1 1
1978-03-06T09:30:00 1978 3 6 9 30 0 -1.9 -0.1 367.0 6.0 1.74 0.28 0.02 0.01 2 2 2 2 2 2 2 2 3.3 0.93 -16.0 -0.1 -0.1 -0.1 -0.1 -0.1 -0.1 0.004 0.014 0.236 0.001 0.018 0.032 2 2 1 2 2 2
1978-03-06T10:30:00 1978 3 6 10 30 0 -2.0 -3.4 370.0 9.3 2.65 1.41 3.48 2.88 2 2 1 1 1 2 2 1 3.3 1.23 -19.0 -3.4 -3.4 -3.4 -3.4 -3.4 -3.4 0.21 0.424 0.242 0.226 0.513 0.814 1 1 1 1 1 1
1978-03-06T11:30:00 1978 3 6 11 30 0 -1.5 -3.2 373.0 12.6 3.56 2.69 6.12 6.77 2 2 2 2 2 2 2 2 3.3 1.61 -13.0 -3.2 -3.2 -3.2 -3.2 -3.2 -3.2 0.469 0.823 0.26 0.516 0.882 1.805 2 2 1 2 2 2
1978-03-06T12:30:00 1978 3 6 12 30 0 -1.5 -1.6 370.0 15.3 4.23 1.52 4.33 6.03 2 2 2 2 2 2 2 2 3.0 1.95 -6.0 -1.6 -1.6 -1.6 -1.6 -1.6 -1.6 0.563 0.912 0.269 0.535 0.846 2.262 2 2 1 2 2 2
1978-03-06T13:30:00 1978 3 6 13 30 0 6.9 -1.9 360.0 8.2 1.94 2.11 3.21 3.65 2 2 2 2 2 2 2 2 3.0 2.28 -10.0 -1.9 -1.9 -1.9 -1.9 -1.9 -1.9 0.565 0.842 0.271 0.467 0.703 1.82 2 2 1 2 2 2
1978-03-06T14:30:00 1978 3 6 14 30 0 7.1 -2.5 360.0 7.6 1.86 5.41 4.01 3.15 2 2 2 2 2 2 2 2 3.0 2.56 -11.0 -2.5 -2.5 -2.5 -2.5 -2.5 -2.5 0.584 0.821 0.275 0.464 0.681 1.43 2 2 1 2 2 2
1978-03-06T15:30:00 1978 3 6 15 30 0 6.7 -1.4 367.0 9.2 2.43 4.97 3.46 2.9 2 2 2 2 2 2 2 2 2.3 2.74 -13.0 -1.4 -1.4 -1.4 -1.4 -1.4 -1.4 0.564 0.759 0.277 0.412 0.612 1.28 2 2 1 2 2 2
1978-03-06T16:30:00 1978 3 6 16 30 0 7.3 0.2 365.8 9.2 2.43 3.83 1.02 0.94 2 2 1 1 1 2 2 1 2.3 2.93 -18.0 0.2 0.2 0.2 0.2 0.2 0.2 0.427 0.486 0.27 0.257 0.304 0.786 2 2 1 2 2 2
1978-03-06T17:30:00 1978 3 6 17 30 0 6.78 0.17 364.7 9.23 2.4 3.25 0.0 0.0 1 1 1 1 1 1 1 1 2.3 2.8 -19.0 -0.05 0.01 -0.15 -0.15 0.0 0.05 0.292 0.242 0.262 0.146 0.096 0.326 2 2 1 2 2 2
1978-03-06T18:30:00 1978 3 6 18 30 0 5.65 0.86 363.5 9.25 2.35 2.34 0.0 0.0 1 1 1 1 1 1 1 1 0.7 2.47 -17.0 -0.01 0.21 -0.43 -0.41 0.19 0.38 0.201 0.12 0.255 0.1 0.03 0.135 2 2 1 2 2 2
1978-03-06T19:30:00 1978 3 6 19 30 0 4.52 4.92 362.3 9.27 2.29 0.89 0.0 0.0 1 1 1 1 1 1 1 1 0.7 2.14 -16.0 4.7 4.76 4.6 4.6 4.75 4.8 0.136 0.06 0.247 0.056 0.01 0.056 2 2 1 2 2 2
1978-03-06T20:30:00 1978 3 6 20 30 0 4.0 6.0 361.2 9.3 2.26 0.31 0.0 0.0 2 2 1 1 1 2 2 1 0.7 1.85 -15.0 6.0 6.0 6.0 6.0 6.0 6.0 0.092 0.03 0.24 0.031 0.003 0.023 2 2 1 2 2 2
1978-03-06T21:30:00 1978 3 6 21 30 0 3.8 5.7 360.0 9.3 2.26 0.23 0.0 0.0 2 2 2 2 2 2 2 2 0.3 1.51 -13.0 5.7 5.7 5.7 5.7 5.7 5.7 0.063 0.015 0.233 0.017 0.001 0.01 2 2 1 2 2 2
1978-03-06T22:30:00 1978 3 6 22 30 0 2.07 3.98 350.0 9.8 2.4 0.12 0.0 0.0 1 1 2 2 2 1 2 2 0.3 1.18 -14.0 3.98 3.98 3.98 3.98 3.98 3.98 0.042 0.007 0.225 0.01 0.0 0.004 2 2 1 2 2 2
1978-03-06T23:30:00 1978 3 6 23 30 0 0.33 -3.48 349.0 10.0 2.28 0.55 1.68 1.68 1 1 1 1 1 1 1 1 0.3 0.93 -17.0 -3.48 -3.48 -3.48 -3.48 -3.48 -3.48 0.16 0.287 0.226 0.154 0.337 0.558 1 1 1 1 1 1
