1978-08-11T00:30:00 1978 8 11 0 30 0 -0.03 -0.24 369.0 8.73 2.26 0.01 0.42 0.37 0 0 2 1 1 1 1 1 2.7 1.87 4.0 -0.97 -0.7 -1.54 -1.5 -0.73 -0.5 0.311 0.376 0.24 0.271 0.314 0.576 0 0 1 0 0 0
1978-08-11T01:30:00 1978 8 11 1 30 0 -0.03 -0.24 346.0 8.45 2.23 0.01 0.43 0.37 0 0 2 1 1 1 1 1 2.7 2.04 2.0 -0.97 -0.7 -1.54 -1.5 -0.73 -0.5 0.308 0.375 0.241 0.27 0.307 0.562 0 0 1 0 0 0
1978-08-11T02:30:00 1978 8 11 2 30 0 -0.03 -0.24 355.0 8.18 2.2 0.01 0.42 0.35 0 0 2 1 1 1 1 1 2.7 2.22 4.0 -0.97 -0.7 -1.54 -1.51 -0.73 -0.5 0.304 0.372 0.241 0.268 0.301 0.541 0 0 1 0 0 0
1978-08-11T03:30:00 1978 8 11 3 30 0 -0.03 -0.24 368.0 7.9 2.16 0.01 0.43 0.35 0 0 2 2 2 1 1 1 1.7 2.26 8.0 -0.98 -0.7 -1.54 -1.51 -0.73 -0.5 0.303 0.368 0.241 0.27 0.308 0.543 0 0 1 0 0 0
1978-08-11T04:30:00 1978 8 11 4 30 0 -0.03 -0.24 359.0 9.2 2.32 0.01 0.44 0.37 0 0 2 2 2 1 1 1 1.7 2.29 7.0 -0.98 -0.7 -1.54 -1.51 -0.73 -0.5 0.306 0.375 0.242 0.275 0.316 0.581 0 0 1 0 0 0
1978-08-11T05:30:00 1978 8 11 5 30 0 -0.03 -0.24 351.0 9.2 2.25 0.01 0.43 0.39 0 0 2 2 2 1 1 1 1.7 2.22 7.0 -0.98 -0.7 -1.55 -1.51 -0.73 -0.5 0.308 0.381 0.242 0.277 0.314 0.597 0 0 1 0 0 0
1978-08-11T06:30:00 1978 8 11 6 30 0 -0.03 -0.24 353.0 9.3 2.39 0.01 0.42 0.39 0 0 2 2 2 1 1 1 1.3 2.09 6.0 -0.98 -0.7 -1.55 -1.51 -0.73 -0.5 0.31 0.385 0.242 0.278 0.314 0.605 0 0 1 0 0 0
1978-08-11T07:30:00 1978 8 11 7 30 0 -0.03 -0.24 346.0 9.7 2.34 0.01 0.42 0.4 0 0 2 2 2 1 1 1 1.3 1.96 3.0 -0.98 -0.71 -1.55 -1.51 -0.73 -0.5 0.311 0.391 0.243 0.278 0.312 0.613 0 0 1 0 0 0
1978-08-11T08:30:00 1978 8 11 8 30 0 -0.03 -0.25 347.0 12.8 3.08 0.01 0.43 0.48 0 0 2 2 2 1 1 1 1.3 1.78 3.0 -0.98 -0.71 -1.55 -1.51 -0.73 -0.5 0.32 0.414 0.243 0.289 0.33 0.726 0 0 1 0 0 0
1978-08-11T09:30:00 1978 8 11 9 30 0 -0.03 -0.25 352.0 12.7 3.33 0.01 0.44 0.56 0 0 2 2 2 1 1 1 1.7 1.67 4.0 -0.98 -0.71 -1.55 -1.51 -0.73 -0.5 0.33 0.434 0.244 0.301 0.346 0.832 0 0 1 0 0 0
1978-08-11T10:30:00 1978 8 11 10 30 0 -0.04 -0.25 353.0 9.2 2.3 0.01 0.44 0.48 0 0 2 2 2 1 1 1 1.7 1.55 1.0 -0.98 -0.71 -1.55 -1.52 -0.73 -0.5 0.329 0.423 0.245 0.298 0.332 0.754 0 0 1 0 0 0
1978-08-11T11:30:00 1978 8 11 11 30 0 -0.04 -0.25 362.0 10.8 2.79 0.01 0.45 0.45 0 0 2 2 2 1 1 1 1.7 1.55 4.0 -0.98 -0.71 -1.55 -1.52 -0.73 -0.5 0.329 0.418 0.246 0.299 0.336 0.742 0 0 1 0 0 0
1978-08-11T12:30:00 1978 8 11 12 30 0 -0.04 -0.25 369.0 9.4 2.65 0.01 0.46 0.46 0 0 2 2 2 1 1 1 3.0 1.72 4.0 -0.98 -0.71 -1.56 -1.52 -0.74 -0.5 0.33 0.412 0.247 0.301 0.342 0.732 0 0 1 0 0 0
1978-08-11T13:30:00 1978 8 11 13 30 0 -0.04 -0.25 370.0 9.7 2.66 0.01 0.46 0.44 0 0 2 2 2 1 1 1 3.0 1.89 4.0 -0.98 -0.71 -1.56 -1.52 -0.74 -0.51 0.33 0.407 0.248 0.302 0.345 0.726 0 0 1 0 0 0
1978-08-11T14:30:00 1978 8 11 14 30 0 -0.04 -0.25 383.0 10.6 3.13 0.01 0.47 0.48 0 0 2 2 2 1 1 1 3.0 2.11 5.0 -0.98 -0.71 -1.56 -1.52 -0.74 -0.51 0.335 0.412 0.25 0.311 0.364 0.796 0 0 1 0 0 0
1978-08-11T15:30:00 1978 8 11 15 30 0 -0.04 -0.25 379.0 9.6 2.79 0.02 0.48 0.48 0 0 2 2 2 1 1 1 4.0 2.45 4.0 -0.98 -0.71 -1.56 -1.52 -0.74 -0.51 0.337 0.411 0.252 0.314 0.366 0.802 0 0 1 0 0 0
1978-08-11T16:30:00 1978 8 11 16 30 0 -0.04 -0.25 364.0 10.2 2.83 0.01 0.46 0.46 0 0 2 2 2 1 1 1 4.0 2.79 -4.0 -0.98 -0.71 -1.56 -1.52 -0.74 -0.51 0.336 0.41 0.254 0.311 0.355 0.777 0 0 1 0 0 0
1978-08-11T17:30:00 1978 8 11 17 30 0 -0.04 -0.26 372.0 10.7 3.01 0.02 0.47 0.49 0 0 2 2 2 1 1 1 4.0 3.08 -3.0 -0.99 -0.71 -1.56 -1.52 -0.74 -0.51 0.338 0.415 0.255 0.313 0.359 0.8 0 0 1 0 0 0
1978-08-11T18:30:00 1978 8 11 18 30 0 -0.04 -0.26 369.0 11.0 3.01 0.02 0.48 0.52 0 0 2 2 2 1 1 1 2.7 3.19 -1.0 -0.99 -0.71 -1.56 -1.53 -0.74 -0.51 0.342 0.421 0.256 0.317 0.363 0.832 0 0 1 0 0 0
1978-08-11T19:30:00 1978 8 11 19 30 0 -0.05 -0.26 368.0 11.38 3.05 0.02 0.48 0.54 0 0 2 1 1 1 1 1 2.7 3.3 0.0 -0.99 -0.71 -1.56 -1.53 -0.74 -0.51 0.345 0.427 0.258 0.321 0.366 0.861 0 0 1 0 0 0
1978-08-11T20:30:00 1978 8 11 20 30 0 -0.05 -0.26 376.0 11.76 3.26 0.02 0.48 0.56 0 0 2 1 1 1 1 1 2.7 3.26 6.0 -0.99 -0.71 -1.57 -1.53 -0.74 -0.51 0.35 0.433 0.26 0.327 0.377 0.914 0 0 1 0 0 0
1978-08-11T21:30:00 1978 8 11 21 30 0 -0.05 -0.26 374.0 12.14 3.48 0.02 0.49 0.58 0 0 1 1 1 0 1 1 1.3 3.03 8.0 -0.99 -0.71 -1.57 -1.53 -0.74 -0.51 0.356 0.44 0.262 0.334 0.385 0.964 0 0 1 0 0 0
1978-08-11T22:30:00 1978 8 11 22 30 0 -0.05 -0.26 372.0 12.52 3.69 0.02 0.48 0.6 0 0 1 1 1 0 1 1 1.3 2.81 11.0 -0.99 -0.71 -1.57 -1.53 -0.74 -0.51 0.36 0.447 0.264 0.338 0.388 1.001 0 0 1 0 0 0
1978-08-11T23:30:00 1978 8 11 23 30 0 -0.05 -0.26 370.0 12.9 3.73 0.02 0.48 0.61 0 0 2 2 2 1 1 1 1.3 2.47 12.0 -0.99 -0.71 -1.57 -1.53 -0.74 -0.51 0.364 0.453 0.266 0.342 0.39 1.032 0 0 1 0 0 0
