1978-02-08T00:30:00 1978 2 8 0 30 0 -5.5 5.21 365.2 9.9 2.7 0.63 0.0 0.0 1 1 1 1 1 1 1 1 2.7 2.32 -14.0 4.91 4.97 4.79 4.8 4.97 5.02 0.126 0.078 0.306 0.048 0.018 0.095 2 2 0 2 2 2
1978-02-08T01:30:00 1978 2 8 1 30 0 -4.3 1.18 361.5 9.86 2.73 0.76 0.0 0.0 1 1 1 1 1 1 1 1 2.7 2.4 -13.0 -0.23 0.07 -0.78 -0.75 0.04 0.29 0.094 0.039 0.297 0.043 0.006 0.039 2 2 0 2 2 2
1978-02-08T02:30:00 1978 2 8 2 30 0 -2.06 0.42 357.8 9.63 2.8 0.51 0.0 0.0 1 0 1 1 1 1 1 1 2.7 2.46 -13.0 -1.2 -0.86 -1.84 -1.8 -0.9 -0.61 0.157 0.187 0.296 0.147 0.2 0.303 1 0 0 0 0 0
1978-02-08T03:30:00 1978 2 8 3 30 0 -0.28 0.42 354.0 9.4 2.61 0.07 0.0 0.0 1 0 1 1 1 1 1 1 2.0 2.41 -13.0 -1.2 -0.86 -1.84 -1.8 -0.9 -0.61 0.228 0.32 0.297 0.239 0.316 0.541 0 0 0 0 0 0
1978-02-08T04:30:00 1978 2 8 4 30 0 -0.63 0.42 350.2 9.17 2.42 0.01 0.0 0.0 1 0 1 1 1 1 1 1 2.0 2.37 -14.0 -1.2 -0.86 -1.84 -1.8 -0.9 -0.61 0.275 0.383 0.297 0.287 0.346 0.617 0 0 0 0 0 0
1978-02-08T05:30:00 1978 2 8 5 30 0 -1.84 -0.26 346.5 8.94 2.14 0.14 0.11 0.1 1 1 1 1 1 1 1 1 2.0 2.33 -15.0 -1.67 -1.37 -2.22 -2.19 -1.4 -1.15 0.33 0.467 0.299 0.339 0.41 0.731 1 1 0 1 1 1
1978-02-08T06:30:00 1978 2 8 6 30 0 -2.5 -3.77 342.8 8.9 2.05 1.67 3.72 3.31 1 1 1 1 1 1 1 1 2.0 2.29 -18.0 -4.06 -4.0 -4.18 -4.17 -4.01 -3.96 0.498 0.753 0.311 0.54 0.695 1.137 1 1 0 1 1 1
1978-02-08T07:30:00 1978 2 8 7 30 0 -2.5 -4.7 339.0 8.9 2.05 4.19 7.28 6.48 2 2 2 2 2 2 2 2 2.0 2.25 -26.0 -4.7 -4.7 -4.7 -4.7 -4.7 -4.7 0.7 1.035 0.33 0.779 0.918 1.466 1 2 1 2 2 2
1978-02-08T08:30:00 1978 2 8 8 30 0 -2.3 -5.1 349.0 10.0 2.44 5.24 8.47 8.05 2 2 2 2 2 2 2 2 2.0 2.17 -23.0 -5.1 -5.1 -5.1 -5.1 -5.1 -5.1 0.888 1.253 0.355 1.003 1.088 1.828 2 2 1 2 2 2
1978-02-08T09:30:00 1978 2 8 9 30 0 -0.7 -2.4 352.0 14.2 3.52 3.01 6.37 7.66 2 2 2 2 2 2 2 2 1.7 2.04 -21.0 -2.4 -2.4 -2.4 -2.4 -2.4 -2.4 0.928 1.251 0.368 0.943 1.011 2.19 2 2 1 2 2 2
1978-02-08T10:30:00 1978 2 8 10 30 0 -4.7 -1.4 349.0 9.0 2.19 1.69 3.26 3.78 2 2 2 2 2 2 2 2 1.7 1.92 -17.0 -1.4 -1.4 -1.4 -1.4 -1.4 -1.4 0.805 1.003 0.367 0.684 0.718 1.722 2 2 1 2 2 2
1978-02-08T11:30:00 1978 2 8 11 30 0 -0.6 -3.3 348.0 11.9 2.88 2.04 4.23 4.55 2 2 2 2 2 2 2 2 1.7 1.88 -13.0 -3.3 -3.3 -3.3 -3.3 -3.3 -3.3 0.798 1.018 0.372 0.658 0.792 1.783 2 2 1 2 2 2
1978-02-08T12:30:00 1978 2 8 12 30 0 -3.6 -0.9 348.0 11.7 2.83 1.5 3.48 4.11 2 2 2 2 2 2 2 2 3.0 2.02 -18.0 -0.9 -0.9 -0.9 -0.9 -0.9 -0.9 0.719 0.889 0.371 0.528 0.64 1.606 2 2 1 2 2 2
1978-02-08T13:30:00 1978 2 8 13 30 0 -1.1 -4.1 347.0 10.3 2.48 2.15 4.57 4.94 2 2 2 2 2 2 2 2 3.0 2.15 -20.0 -4.1 -4.1 -4.1 -4.1 -4.1 -4.1 0.764 0.997 0.378 0.616 0.808 1.745 2 2 1 2 2 2
1978-02-08T14:30:00 1978 2 8 14 30 0 -1.9 -4.3 351.0 9.9 2.44 3.77 7.35 7.41 2 2 2 2 2 2 2 2 3.0 2.28 -20.0 -4.3 -4.3 -4.3 -4.3 -4.3 -4.3 0.887 1.172 0.396 0.82 0.992 1.928 2 2 1 2 2 2
1978-02-08T15:30:00 1978 2 8 15 30 0 -1.2 -4.4 351.0 11.4 2.81 4.01 7.64 8.19 2 2 2 2 2 2 2 2 3.0 2.4 -22.0 -4.4 -4.4 -4.4 -4.4 -4.4 -4.4 0.993 1.3 0.415 0.974 1.098 2.182 2 2 1 2 2 2
1978-02-08T16:30:00 1978 2 8 16 30 0 -0.1 -4.4 349.0 11.6 2.83 3.87 7.7 8.86 2 2 2 2 2 2 2 2 3.0 2.53 -24.0 -4.4 -4.4 -4.4 -4.4 -4.4 -4.4 1.076 1.386 0.435 1.075 1.146 2.377 2 2 1 2 2 2
1978-02-08T17:30:00 1978 2 8 17 30 0 -0.2 -4.2 349.0 11.5 2.8 3.63 7.49 8.65 2 2 2 2 2 2 2 2 3.0 2.69 -27.0 -4.2 -4.2 -4.2 -4.2 -4.2 -4.2 1.121 1.413 0.454 1.11 1.141 2.426 2 2 1 2 2 2
1978-02-08T18:30:00 1978 2 8 18 30 0 1.3 -3.05 339.5 11.2 2.59 2.61 6.15 6.98 1 1 1 1 1 1 1 1 2.7 2.81 -25.0 -3.05 -3.05 -3.05 -3.05 -3.05 -3.05 1.078 1.318 0.463 0.994 0.999 2.195 2 2 1 2 1 1
1978-02-08T19:30:00 1978 2 8 19 30 0 2.8 -1.9 330.0 10.9 2.37 1.68 4.06 4.49 2 2 2 2 2 2 2 2 2.7 2.92 -22.0 -1.9 -1.9 -1.9 -1.9 -1.9 -1.9 0.946 1.114 0.461 0.767 0.769 1.773 2 2 1 2 2 2
1978-02-08T20:30:00 1978 2 8 20 30 0 2.6 -2.1 392.0 6.6 2.03 1.69 3.66 3.1 2 2 2 2 2 2 2 2 2.7 2.88 -25.0 -2.1 -2.1 -2.1 -2.1 -2.1 -2.1 0.828 0.929 0.459 0.61 0.688 1.429 2 2 1 2 2 2
1978-02-08T21:30:00 1978 2 8 21 30 0 2.0 -1.9 328.0 11.1 2.39 1.44 3.56 3.18 2 2 2 2 2 2 2 2 2.3 2.79 -23.0 -1.9 -1.9 -1.9 -1.9 -1.9 -1.9 0.746 0.857 0.455 0.514 0.637 1.341 2 2 1 2 2 2
1978-02-08T22:30:00 1978 2 8 22 30 0 2.5 -2.8 326.0 11.1 2.36 1.65 3.9 4.33 2 2 2 2 2 2 2 2 2.3 2.7 -23.0 -2.8 -2.8 -2.8 -2.8 -2.8 -2.8 0.734 0.918 0.454 0.519 0.684 1.441 2 2 1 2 2 2
1978-02-08T23:30:00 1978 2 8 23 30 0 2.5 -2.2 326.6 11.1 2.36 1.83 4.04 4.48 1 1 1 1 1 1 1 1 2.3 2.62 -22.0 -2.5 -2.44 -2.62 -2.61 -2.45 -2.39 0.736 0.955 0.455 0.542 0.7 1.48 2 1 1 1 1 1
