1978-06-12T00:30:00 1978 6 12 0 30 0 -0.89 0.03 466.0 7.67 3.12 0.08 0.0 0.0 0 0 2 0 0 1 1 1 0.7 0.93 -13.0 -1.28 -0.97 -1.85 -1.82 -1.0 -0.73 0.451 0.465 0.559 0.457 0.557 1.117 0 0 0 0 0 0
1978-06-12T01:30:00 1978 6 12 1 30 0 -0.89 0.03 485.0 7.67 3.11 0.08 0.0 0.0 0 0 2 0 0 1 1 1 0.7 0.81 -12.0 -1.28 -0.97 -1.85 -1.82 -1.0 -0.73 0.456 0.467 0.561 0.467 0.579 1.178 0 0 0 0 0 0
1978-06-12T02:30:00 1978 6 12 2 30 0 -0.88 0.03 482.5 7.67 3.11 0.08 0.0 0.0 0 0 1 0 0 0 1 0 0.7 0.81 -14.0 -1.28 -0.97 -1.85 -1.82 -1.0 -0.73 0.461 0.468 0.563 0.476 0.591 1.218 0 0 0 0 0 0
1978-06-12T03:30:00 1978 6 12 3 30 0 -0.88 0.02 480.0 7.66 3.11 0.08 0.0 0.0 0 0 2 0 0 1 1 1 1.7 0.94 -18.0 -1.28 -0.97 -1.85 -1.82 -1.0 -0.73 0.464 0.468 0.564 0.479 0.592 1.225 0 0 0 0 0 0
1978-06-12T04:30:00 1978 6 12 4 30 0 -0.88 0.02 470.0 7.66 3.11 0.08 0.0 0.0 0 0 2 0 0 1 1 1 1.7 1.07 -14.0 -1.28 -0.97 -1.85 -1.82 -1.0 -0.73 0.464 0.468 0.565 0.477 0.581 1.2 0 0 0 0 0 0
1978-06-12T05:30:00 1978 6 12 5 30 0 -0.87 0.02 517.0 7.66 3.1 0.08 0.0 0.0 0 0 2 0 0 1 1 1 1.7 1.16 -9.0 -1.28 -0.97 -1.85 -1.82 -1.0 -0.73 0.471 0.47 0.568 0.491 0.62 1.299 0 0 0 0 0 0
1978-06-12T06:30:00 1978 6 12 6 30 0 -0.87 0.02 475.0 7.66 3.1 0.08 0.0 0.0 0 0 2 0 0 1 1 1 0.7 1.12 -7.0 -1.28 -0.97 -1.85 -1.82 -1.0 -0.73 0.473 0.47 0.57 0.492 0.609 1.285 0 0 0 0 0 0
1978-06-12T07:30:00 1978 6 12 7 30 0 -0.86 0.02 450.0 7.66 3.1 0.07 0.0 0.0 0 0 2 0 0 1 1 1 0.7 1.08 -8.0 -1.28 -0.97 -1.85 -1.82 -1.0 -0.73 0.466 0.467 0.569 0.476 0.566 1.172 0 0 0 0 0 0
1978-06-12T08:30:00 1978 6 12 8 30 0 -0.86 0.01 485.0 7.65 3.1 0.07 0.0 0.0 0 0 2 0 0 1 1 1 0.7 1.07 -9.0 -1.28 -0.97 -1.85 -1.82 -1.0 -0.73 0.465 0.467 0.57 0.475 0.576 1.182 0 0 0 0 0 0
1978-06-12T09:30:00 1978 6 12 9 30 0 -0.85 0.01 471.0 7.65 3.09 0.07 0.0 0.0 0 0 2 0 0 1 1 1 2.7 1.33 -8.0 -1.28 -0.97 -1.85 -1.82 -1.0 -0.73 0.465 0.467 0.571 0.476 0.579 1.189 0 0 0 0 0 0
1978-06-12T10:30:00 1978 6 12 10 30 0 -0.85 0.01 500.0 7.65 3.09 0.07 0.0 0.0 0 0 2 0 0 1 1 1 2.7 1.58 -12.0 -1.28 -0.97 -1.85 -1.82 -1.0 -0.73 0.469 0.468 0.573 0.484 0.602 1.249 0 0 0 0 0 0
1978-06-12T11:30:00 1978 6 12 11 30 0 -0.84 0.01 500.0 7.65 3.09 0.08 0.0 0.0 0 0 2 0 0 1 1 1 2.7 1.72 -22.0 -1.28 -0.97 -1.85 -1.82 -1.0 -0.73 0.474 0.47 0.576 0.494 0.621 1.307 0 0 0 0 0 0
1978-06-12T12:30:00 1978 6 12 12 30 0 -0.84 0.0 512.0 7.65 3.09 0.08 0.0 0.0 0 0 2 0 0 1 1 1 3.0 1.89 -28.0 -1.28 -0.97 -1.85 -1.82 -1.0 -0.73 0.479 0.471 0.579 0.505 0.639 1.363 0 0 0 0 0 0
1978-06-12T13:30:00 1978 6 12 13 30 0 -0.83 0.0 469.0 7.64 3.08 0.07 0.0 0.0 0 0 2 0 0 1 1 1 3.0 2.05 -20.0 -1.28 -0.97 -1.85 -1.82 -1.0 -0.73 0.477 0.47 0.58 0.496 0.607 1.289 0 0 0 0 0 0
1978-06-12T14:30:00 1978 6 12 14 30 0 -0.83 0.0 482.7 7.64 3.08 0.07 0.0 0.0 0 0 1 0 0 0 1 0 3.0 2.34 -8.0 -1.28 -0.97 -1.85 -1.82 -1.01 -0.73 0.473 0.469 0.581 0.489 0.596 1.243 0 0 0 0 0 0
1978-06-12T15:30:00 1978 6 12 15 30 0 -0.82 0.0 496.3 7.64 3.08 0.07 0.0 0.0 0 0 1 0 0 0 1 0 3.0 2.62 -5.0 -1.28 -0.97 -1.85 -1.82 -1.01 -0.73 0.475 0.469 0.583 0.492 0.611 1.274 0 0 0 0 0 0
1978-06-12T16:30:00 1978 6 12 16 30 0 -0.82 0.0 510.0 7.64 3.08 0.07 0.0 0.0 0 0 2 0 0 1 1 1 3.0 2.89 -10.0 -1.28 -0.97 -1.85 -1.82 -1.01 -0.73 0.479 0.471 0.586 0.502 0.635 1.338 0 0 0 0 0 0
1978-06-12T17:30:00 1978 6 12 17 30 0 -0.81 -0.01 519.0 7.63 3.07 0.07 0.01 0.01 0 0 2 0 0 1 1 1 3.0 2.93 -16.0 -1.28 -0.97 -1.85 -1.82 -1.01 -0.73 0.485 0.472 0.59 0.513 0.657 1.405 0 0 0 0 0 0
1978-06-12T18:30:00 1978 6 12 18 30 0 -0.81 -0.01 503.0 7.63 3.07 0.07 0.03 0.02 0 0 1 0 0 0 1 0 3.3 3.0 -23.0 -1.28 -0.97 -1.86 -1.82 -1.01 -0.73 0.486 0.472 0.593 0.515 0.652 1.399 0 0 0 0 0 0
1978-06-12T19:30:00 1978 6 12 19 30 0 -0.8 -0.01 487.0 7.63 3.07 0.07 0.02 0.02 0 0 2 0 0 1 1 1 3.3 3.08 -24.0 -1.28 -0.97 -1.86 -1.82 -1.01 -0.73 0.484 0.471 0.595 0.507 0.628 1.337 0 0 0 0 0 0
1978-06-12T20:30:00 1978 6 12 20 30 0 -0.8 -0.01 497.0 7.63 3.07 0.07 0.02 0.02 0 0 2 0 0 1 1 1 3.3 3.12 -21.0 -1.28 -0.97 -1.86 -1.82 -1.01 -0.73 0.482 0.47 0.597 0.503 0.624 1.318 0 0 0 0 0 0
1978-06-12T21:30:00 1978 6 12 21 30 0 -0.79 -0.02 517.0 7.63 3.06 0.07 0.04 0.03 0 0 1 0 0 0 1 0 1.3 2.89 -17.0 -1.28 -0.97 -1.86 -1.82 -1.01 -0.73 0.485 0.471 0.6 0.511 0.646 1.375 0 0 0 0 0 0
1978-06-12T22:30:00 1978 6 12 22 30 0 -0.79 -0.02 537.0 7.62 3.06 0.07 0.05 0.04 0 0 2 0 0 1 1 1 1.3 2.67 -14.0 -1.28 -0.98 -1.86 -1.82 -1.01 -0.73 0.492 0.475 0.605 0.526 0.681 1.477 0 0 0 0 0 0
1978-06-12T23:30:00 1978 6 12 23 30 0 -0.78 -0.02 537.0 7.62 3.06 0.07 0.05 0.04 0 0 1 0 0 0 1 0 1.3 2.45 -10.0 -1.28 -0.98 -1.86 -1.82 -1.01 -0.73 0.498 0.477 0.611 0.538 0.701 1.544 0 0 0 0 0 0
