1978-02-16T00:30:00 1978 2 16 0 30 0 1.48 0.43 529.3 4.82 2.23 0.16 0.0 0.0 0 0 1 1 1 0 1 1 1.7 1.36 -63.0 -1.1 -0.78 -1.73 -1.69 -0.81 -0.53 0.279 0.255 0.604 0.312 0.425 0.438 0 0 0 0 0 0
1978-02-16T01:30:00 1978 2 16 1 30 0 1.48 0.43 525.5 6.92 2.93 0.16 0.0 0.0 0 0 1 1 1 0 1 1 1.7 1.29 -59.0 -1.1 -0.78 -1.73 -1.69 -0.81 -0.53 0.32 0.315 0.605 0.373 0.508 0.766 0 0 0 0 0 0
1978-02-16T02:30:00 1978 2 16 2 30 0 1.48 0.43 521.7 9.01 2.95 0.16 0.0 0.0 0 0 1 1 0 0 1 1 1.7 1.34 -58.0 -1.1 -0.78 -1.73 -1.69 -0.81 -0.53 0.363 0.371 0.608 0.431 0.576 1.15 0 0 0 0 0 0
1978-02-16T03:30:00 1978 2 16 3 30 0 1.49 0.43 517.8 10.14 2.95 0.16 0.0 0.0 0 0 1 0 0 0 1 0 1.7 1.4 -58.0 -1.1 -0.78 -1.73 -1.69 -0.81 -0.53 0.401 0.416 0.612 0.477 0.62 1.479 0 0 0 0 0 0
1978-02-16T04:30:00 1978 2 16 4 30 0 1.49 0.43 514.0 10.14 2.95 0.16 0.0 0.0 0 0 1 0 0 0 1 0 1.7 1.45 -58.0 -1.1 -0.78 -1.73 -1.69 -0.81 -0.53 0.428 0.441 0.615 0.504 0.634 1.642 0 0 0 0 0 0
1978-02-16T05:30:00 1978 2 16 5 30 0 1.49 0.43 510.2 10.14 2.95 0.16 0.0 0.0 0 0 1 0 0 0 1 0 1.7 1.53 -59.0 -1.1 -0.78 -1.73 -1.69 -0.81 -0.53 0.446 0.453 0.619 0.517 0.634 1.692 0 0 0 0 0 0
1978-02-16T06:30:00 1978 2 16 6 30 0 1.49 0.43 506.3 10.14 2.95 0.16 0.0 0.0 0 0 1 0 0 0 1 0 1.7 1.62 -60.0 -1.1 -0.78 -1.72 -1.69 -0.81 -0.53 0.457 0.459 0.621 0.522 0.628 1.694 0 0 0 0 0 0
1978-02-16T07:30:00 1978 2 16 7 30 0 1.5 0.43 502.5 10.14 2.95 0.16 0.0 0.0 0 0 1 0 0 0 1 0 1.7 1.7 -58.0 -1.1 -0.78 -1.72 -1.69 -0.81 -0.53 0.463 0.462 0.623 0.523 0.622 1.677 0 0 0 0 0 0
1978-02-16T08:30:00 1978 2 16 8 30 0 1.5 0.43 498.7 10.13 2.95 0.16 0.0 0.0 0 0 1 0 0 0 1 0 1.7 1.7 -57.0 -1.1 -0.78 -1.72 -1.69 -0.81 -0.53 0.466 0.463 0.625 0.521 0.614 1.652 0 0 0 0 0 0
1978-02-16T09:30:00 1978 2 16 9 30 0 1.5 0.43 494.8 10.13 2.95 0.16 0.0 0.0 0 0 1 0 0 0 1 0 3.3 1.91 -63.0 -1.1 -0.77 -1.72 -1.69 -0.81 -0.53 0.468 0.461 0.626 0.518 0.607 1.624 0 0 0 0 0 0
1978-02-16T10:30:00 1978 2 16 10 30 0 1.5 0.43 491.0 10.13 2.95 0.16 0.0 0.0 0 0 1 0 0 0 1 0 3.3 2.12 -74.0 -1.1 -0.77 -1.72 -1.68 -0.81 -0.53 0.468 0.46 0.627 0.513 0.599 1.594 0 0 0 0 0 0
1978-02-16T11:30:00 1978 2 16 11 30 0 1.51 0.43 487.2 10.13 2.95 0.16 0.0 0.0 0 0 1 0 0 0 1 0 3.3 2.32 -77.0 -1.1 -0.77 -1.72 -1.68 -0.81 -0.53 0.467 0.459 0.627 0.507 0.592 1.565 0 0 0 0 0 0
1978-02-16T12:30:00 1978 2 16 12 30 0 1.51 0.43 483.3 10.13 2.95 0.16 0.0 0.0 0 0 1 0 0 0 1 0 3.0 2.48 -75.0 -1.1 -0.77 -1.72 -1.68 -0.81 -0.53 0.465 0.458 0.627 0.502 0.584 1.536 0 0 0 0 0 0
1978-02-16T13:30:00 1978 2 16 13 30 0 1.51 0.43 479.5 10.12 2.95 0.16 0.0 0.0 0 0 1 0 0 0 1 0 3.0 2.64 -67.0 -1.1 -0.77 -1.72 -1.68 -0.81 -0.53 0.463 0.457 0.627 0.497 0.577 1.507 0 0 0 0 0 0
1978-02-16T14:30:00 1978 2 16 14 30 0 1.51 0.43 475.7 10.12 2.95 0.15 0.0 0.0 0 0 1 0 0 0 1 0 3.0 2.8 -67.0 -1.1 -0.77 -1.72 -1.68 -0.81 -0.53 0.461 0.456 0.626 0.491 0.57 1.478 0 0 0 0 0 0
1978-02-16T15:30:00 1978 2 16 15 30 0 1.52 0.43 471.8 10.12 2.95 0.15 0.0 0.0 0 0 1 0 0 0 1 0 2.0 2.82 -68.0 -1.1 -0.77 -1.72 -1.68 -0.81 -0.53 0.458 0.455 0.626 0.486 0.562 1.449 0 0 0 0 0 0
1978-02-16T16:30:00 1978 2 16 16 30 0 1.52 0.43 468.0 9.04 2.95 0.15 0.0 0.0 0 0 1 1 0 0 1 1 2.0 2.85 -69.0 -1.1 -0.77 -1.72 -1.68 -0.81 -0.53 0.451 0.447 0.624 0.475 0.543 1.344 0 0 0 0 0 0
1978-02-16T17:30:00 1978 2 16 17 30 0 1.52 0.43 464.2 7.06 2.92 0.15 0.0 0.0 0 0 1 1 1 0 1 1 2.0 2.68 -70.0 -1.1 -0.77 -1.72 -1.68 -0.8 -0.53 0.436 0.423 0.621 0.451 0.501 1.12 0 0 0 0 0 0
1978-02-16T18:30:00 1978 2 16 18 30 0 1.52 0.43 460.3 5.08 2.22 0.15 0.0 0.0 0 0 1 1 1 0 1 1 3.0 2.65 -69.0 -1.1 -0.77 -1.72 -1.68 -0.8 -0.53 0.41 0.385 0.615 0.414 0.445 0.84 0 0 0 0 0 0
1978-02-16T19:30:00 1978 2 16 19 30 0 1.53 0.43 456.5 3.11 1.53 0.15 0.0 0.0 0 0 1 1 1 0 1 1 3.0 2.62 -69.0 -1.09 -0.77 -1.72 -1.68 -0.8 -0.53 0.374 0.335 0.608 0.365 0.377 0.562 0 0 0 0 0 0
1978-02-16T20:30:00 1978 2 16 20 30 0 1.53 0.43 452.7 1.5 0.84 0.15 0.0 0.0 0 0 1 1 1 0 1 1 3.0 2.63 -69.0 -1.09 -0.77 -1.72 -1.68 -0.8 -0.53 0.328 0.274 0.599 0.306 0.299 0.327 0 0 0 0 0 0
1978-02-16T21:30:00 1978 2 16 21 30 0 1.53 0.43 448.8 1.5 0.62 0.15 0.0 0.0 0 0 1 1 1 0 1 1 3.3 2.67 -70.0 -1.09 -0.77 -1.72 -1.68 -0.8 -0.53 0.288 0.23 0.588 0.26 0.255 0.199 0 0 0 0 0 0
1978-02-16T22:30:00 1978 2 16 22 30 0 1.53 0.43 445.0 1.5 0.62 0.15 0.0 0.0 0 0 2 2 2 1 1 1 3.3 2.72 -67.0 -1.09 -0.77 -1.72 -1.68 -0.8 -0.53 0.261 0.208 0.578 0.234 0.238 0.144 0 0 0 0 0 0
1978-02-16T23:30:00 1978 2 16 23 30 0 1.54 0.43 448.0 1.2 0.5 0.15 0.0 0.0 0 0 2 2 2 1 1 1 3.3 2.88 -66.0 -1.09 -0.77 -1.71 -1.68 -0.8 -0.53 0.239 0.192 0.567 0.214 0.224 0.111 0 0 0 0 0 0
