1978-08-07T00:30:00 1978 8 7 0 30 0 -0.1 -0.6 502.0 2.6 1.31 0.1 1.43 0.36 2 2 2 2 2 2 2 2 3.0 2.44 -13.0 -0.6 -0.6 -0.6 -0.6 -0.6 -0.6 0.112 0.153 0.395 0.071 0.259 0.241 2 2 2 2 2 2
1978-08-07T01:30:00 1978 8 7 1 30 0 0.1 0.9 498.0 2.4 1.19 0.01 0.24 0.06 2 2 2 2 2 2 2 2 3.0 2.48 -13.0 0.9 0.9 0.9 0.9 0.9 0.9 0.081 0.086 0.383 0.042 0.097 0.118 2 2 2 2 2 2
1978-08-07T02:30:00 1978 8 7 2 30 0 -1.1 0.0 487.0 2.5 1.19 0.03 0.0 0.0 2 2 2 2 2 2 2 2 3.0 2.57 -12.0 0.0 0.0 0.0 0.0 0.0 0.0 0.055 0.043 0.372 0.023 0.031 0.049 2 2 2 2 2 2
1978-08-07T03:30:00 1978 8 7 3 30 0 -1.1 -0.02 491.5 2.53 1.23 0.13 0.03 0.01 1 1 1 1 1 1 1 1 1.0 2.4 -11.0 -0.17 -0.12 -0.26 -0.26 -0.13 -0.09 0.049 0.048 0.361 0.02 0.06 0.068 1 1 2 1 1 1
1978-08-07T04:30:00 1978 8 7 4 30 0 0.15 -0.11 496.0 2.55 1.26 0.04 0.17 0.04 1 1 1 1 1 1 1 1 1.0 2.23 -11.0 -0.79 -0.57 -1.23 -1.2 -0.6 -0.41 0.083 0.105 0.355 0.067 0.177 0.145 1 1 2 1 1 1
1978-08-07T05:30:00 1978 8 7 5 30 0 1.45 -0.31 500.5 2.57 1.3 0.14 0.54 0.14 1 1 1 1 1 1 1 1 1.0 2.06 -11.0 -0.99 -0.77 -1.43 -1.4 -0.79 -0.61 0.133 0.168 0.353 0.132 0.278 0.225 1 1 2 1 1 1
1978-08-07T06:30:00 1978 8 7 6 30 0 2.7 -1.25 505.0 2.6 1.33 0.91 2.06 0.53 1 1 2 2 2 1 2 2 1.7 1.98 -10.0 -1.39 -1.35 -1.49 -1.48 -1.35 -1.31 0.191 0.246 0.352 0.181 0.402 0.339 1 1 2 1 1 1
1978-08-07T07:30:00 1978 8 7 7 30 0 2.7 -1.5 493.0 2.5 1.22 1.66 3.45 0.88 2 2 2 2 2 2 2 2 1.7 1.91 -13.0 -1.5 -1.5 -1.5 -1.5 -1.5 -1.5 0.243 0.309 0.351 0.209 0.478 0.408 1 2 2 2 2 2
1978-08-07T08:30:00 1978 8 7 8 30 0 3.5 -1.2 502.0 2.7 1.36 1.94 3.33 0.87 2 2 2 2 2 2 2 2 1.7 1.75 -15.0 -1.2 -1.2 -1.2 -1.2 -1.2 -1.2 0.269 0.33 0.349 0.209 0.481 0.438 2 2 2 2 2 2
1978-08-07T09:30:00 1978 8 7 9 30 0 3.2 0.0 483.0 2.7 1.26 1.46 1.36 0.37 1 1 2 2 2 1 2 2 1.0 1.51 -12.0 0.0 0.0 0.0 0.0 0.0 0.0 0.219 0.232 0.34 0.14 0.264 0.293 2 2 2 2 2 2
1978-08-07T10:30:00 1978 8 7 10 30 0 2.9 1.2 497.0 2.3 1.14 0.7 0.0 0.0 2 2 2 2 2 2 2 2 1.0 1.26 -8.0 1.2 1.2 1.2 1.2 1.2 1.2 0.148 0.115 0.33 0.078 0.084 0.122 2 2 2 2 2 2
1978-08-07T11:30:00 1978 8 7 11 30 0 3.2 1.2 481.0 2.4 1.11 0.55 0.0 0.0 2 2 2 2 2 2 2 2 1.0 1.26 -5.0 1.2 1.2 1.2 1.2 1.2 1.2 0.1 0.057 0.32 0.044 0.026 0.05 2 2 2 2 2 2
1978-08-07T12:30:00 1978 8 7 12 30 0 3.1 -1.2 469.0 2.5 1.1 1.07 0.82 0.2 2 2 2 2 2 2 2 2 1.7 1.35 -6.0 -1.2 -1.2 -1.2 -1.2 -1.2 -1.2 0.107 0.107 0.312 0.056 0.158 0.13 2 2 2 2 2 2
1978-08-07T13:30:00 1978 8 7 13 30 0 0.7 0.1 474.0 2.5 1.12 0.59 1.19 0.3 2 2 2 2 2 2 2 2 1.7 1.44 -9.0 0.1 0.1 0.1 0.1 0.1 0.1 0.104 0.114 0.305 0.05 0.143 0.139 2 2 2 2 2 2
1978-08-07T14:30:00 1978 8 7 14 30 0 2.4 0.2 461.0 2.7 1.15 0.25 0.0 0.0 2 2 2 2 2 2 2 2 1.7 1.44 -11.0 0.2 0.2 0.2 0.2 0.2 0.2 0.07 0.056 0.295 0.028 0.045 0.058 2 2 2 2 2 2
1978-08-07T15:30:00 1978 8 7 15 30 0 3.1 -0.2 460.0 2.7 1.14 0.75 0.13 0.04 2 2 2 2 2 2 2 2 1.3 1.39 -12.0 -0.2 -0.2 -0.2 -0.2 -0.2 -0.2 0.056 0.052 0.287 0.019 0.058 0.068 2 2 2 2 2 2
1978-08-07T16:30:00 1978 8 7 16 30 0 2.2 1.5 453.0 2.5 1.03 0.48 0.01 0.0 2 2 2 2 2 2 2 2 1.3 1.34 -11.0 1.5 1.5 1.5 1.5 1.5 1.5 0.038 0.026 0.278 0.011 0.018 0.028 2 2 2 2 2 2
1978-08-07T17:30:00 1978 8 7 17 30 0 1.6 0.4 441.0 2.5 0.97 0.17 0.0 0.0 2 2 2 2 2 2 2 2 1.3 1.38 -6.0 0.4 0.4 0.4 0.4 0.4 0.4 0.026 0.013 0.269 0.006 0.006 0.012 2 2 2 2 2 2
1978-08-07T18:30:00 1978 8 7 18 30 0 1.5 -0.2 436.0 2.6 0.99 0.21 0.09 0.02 2 2 2 2 2 2 2 2 2.3 1.54 0.0 -0.2 -0.2 -0.2 -0.2 -0.2 -0.2 0.024 0.027 0.261 0.006 0.036 0.038 2 2 2 2 2 2
1978-08-07T19:30:00 1978 8 7 19 30 0 1.5 -0.19 433.2 2.6 0.99 0.25 0.42 0.11 1 1 1 1 1 1 1 1 2.3 1.71 0.0 -0.33 -0.29 -0.43 -0.42 -0.29 -0.25 0.041 0.072 0.254 0.017 0.099 0.092 1 1 2 1 1 1
1978-08-07T20:30:00 1978 8 7 20 30 0 1.43 -0.15 430.4 2.6 0.99 0.23 0.36 0.09 1 1 1 1 1 1 1 1 2.3 1.78 -5.0 -0.83 -0.61 -1.28 -1.25 -0.63 -0.44 0.079 0.126 0.251 0.063 0.172 0.136 1 1 2 1 1 1
1978-08-07T21:30:00 1978 8 7 21 30 0 1.37 -0.18 427.6 2.6 0.99 0.21 0.36 0.09 1 1 1 1 1 1 1 1 2.3 1.86 -7.0 -0.85 -0.63 -1.3 -1.27 -0.65 -0.47 0.116 0.167 0.249 0.108 0.214 0.162 1 1 2 1 1 1
1978-08-07T22:30:00 1978 8 7 22 30 0 1.3 -0.35 424.8 2.6 0.99 0.22 0.58 0.15 1 1 1 1 1 1 1 1 2.3 1.94 -11.0 -0.5 -0.45 -0.59 -0.58 -0.45 -0.41 0.127 0.174 0.245 0.102 0.201 0.168 1 1 2 1 1 1
1978-08-07T23:30:00 1978 8 7 23 30 0 1.3 -0.4 422.0 2.6 0.99 0.24 0.8 0.21 2 2 2 2 2 2 2 2 2.3 2.06 -9.0 -0.4 -0.4 -0.4 -0.4 -0.4 -0.4 0.121 0.166 0.239 0.077 0.179 0.165 1 1 2 1 2 2
