1978-02-13T00:30:00 1978 2 13 0 30 0 -5.6 -3.9 294.0 25.4 4.39 2.4 1.89 4.71 2 2 2 2 2 2 2 2 3.0 3.3 -8.0 -3.9 -3.9 -3.9 -3.9 -3.9 -3.9 0.654 0.817 0.264 0.479 0.51 1.846 2 2 2 2 2 2
1978-02-13T01:30:00 1978 2 13 1 30 0 -3.9 -4.5 296.0 29.3 4.99 4.85 6.23 17.18 2 2 2 2 2 2 2 2 3.0 3.38 -9.0 -4.5 -4.5 -4.5 -4.5 -4.5 -4.5 0.931 1.471 0.286 0.874 1.032 3.835 2 2 2 2 2 2
1978-02-13T02:30:00 1978 2 13 2 30 0 -1.5 -4.2 297.0 36.0 6.22 3.8 6.43 21.15 2 2 2 2 2 2 2 2 3.0 3.41 -10.0 -4.2 -4.2 -4.2 -4.2 -4.2 -4.2 1.157 1.89 0.31 1.146 1.267 5.531 2 2 2 2 2 2
1978-02-13T03:30:00 1978 2 13 3 30 0 -5.5 -1.5 292.0 36.8 6.06 2.6 4.03 14.67 2 2 2 2 2 2 2 2 3.0 3.44 -10.0 -1.5 -1.5 -1.5 -1.5 -1.5 -1.5 1.11 1.734 0.317 0.963 1.01 5.314 2 2 2 2 2 2
1978-02-13T04:30:00 1978 2 13 4 30 0 -7.2 -0.1 279.0 28.4 4.39 2.67 1.06 3.57 2 2 2 2 2 2 2 2 3.0 3.47 -8.0 -0.1 -0.1 -0.1 -0.1 -0.1 -0.1 0.838 1.127 0.31 0.588 0.502 3.212 2 2 2 2 2 2
1978-02-13T05:30:00 1978 2 13 5 30 0 -6.4 0.5 287.0 32.6 5.7 2.34 0.01 0.02 2 2 2 2 2 2 2 2 3.0 3.31 -1.0 0.5 0.5 0.5 0.5 0.5 0.5 0.567 0.56 0.301 0.329 0.159 1.332 2 2 2 2 2 2
1978-02-13T06:30:00 1978 2 13 6 30 0 -7.2 0.9 294.0 42.2 7.04 2.2 0.0 0.0 2 2 2 2 2 2 2 2 2.0 3.02 4.0 0.9 0.9 0.9 0.9 0.9 0.9 0.384 0.278 0.292 0.184 0.05 0.553 2 2 2 2 2 2
1978-02-13T07:30:00 1978 2 13 7 30 0 -9.1 0.9 291.0 35.6 5.68 3.1 0.0 0.0 2 2 2 2 2 2 2 2 2.0 2.74 4.0 0.9 0.9 0.9 0.9 0.9 0.9 0.26 0.138 0.283 0.103 0.016 0.229 2 2 2 2 2 2
1978-02-13T08:30:00 1978 2 13 8 30 0 -9.2 3.9 296.0 38.5 6.13 3.0 0.0 0.0 2 2 2 2 2 2 2 2 2.0 2.61 7.0 3.9 3.9 3.9 3.9 3.9 3.9 0.176 0.069 0.274 0.058 0.005 0.095 2 2 2 2 2 2
1978-02-13T09:30:00 1978 2 13 9 30 0 -1.5 9.0 304.0 19.8 3.43 0.6 0.0 0.0 2 2 2 2 2 2 2 2 1.7 2.45 0.0 9.0 9.0 9.0 9.0 9.0 9.0 0.119 0.034 0.266 0.032 0.002 0.039 2 2 2 2 2 2
1978-02-13T10:30:00 1978 2 13 10 30 0 3.4 8.2 307.0 11.5 2.14 0.02 0.0 0.0 2 2 2 2 2 2 2 2 1.7 2.28 -4.0 8.2 8.2 8.2 8.2 8.2 8.2 0.081 0.017 0.258 0.018 0.001 0.016 2 2 2 2 2 2
1978-02-13T11:30:00 1978 2 13 11 30 0 6.4 8.2 312.0 10.3 1.75 0.31 0.0 0.0 2 2 2 2 2 2 2 2 1.7 2.12 -6.0 8.2 8.2 8.2 8.2 8.2 8.2 0.055 0.008 0.25 0.01 0.0 0.007 2 2 2 2 2 2
1978-02-13T12:30:00 1978 2 13 12 30 0 8.3 6.9 304.0 9.1 2.4 0.95 0.0 0.0 2 2 2 2 2 2 2 2 0.7 1.83 -8.0 6.9 6.9 6.9 6.9 6.9 6.9 0.037 0.004 0.242 0.006 0.0 0.003 2 2 2 2 2 2
1978-02-13T13:30:00 1978 2 13 13 30 0 9.9 4.4 309.0 10.0 1.91 2.1 0.0 0.0 2 2 2 2 2 2 2 2 0.7 1.55 -8.0 4.4 4.4 4.4 4.4 4.4 4.4 0.025 0.002 0.235 0.003 0.0 0.001 2 2 2 2 2 2
1978-02-13T14:30:00 1978 2 13 14 30 0 11.9 -0.6 301.0 8.7 1.58 5.24 0.1 0.09 2 2 2 2 2 2 2 2 0.7 1.38 -9.0 -0.6 -0.6 -0.6 -0.6 -0.6 -0.6 0.033 0.054 0.228 0.011 0.052 0.084 2 2 2 2 2 2
1978-02-13T15:30:00 1978 2 13 15 30 0 10.8 -0.1 311.0 9.3 2.09 7.05 0.5 0.45 2 2 2 2 2 2 2 2 2.3 1.43 -9.0 -0.1 -0.1 -0.1 -0.1 -0.1 -0.1 0.051 0.121 0.222 0.017 0.094 0.202 2 2 2 2 2 2
1978-02-13T16:30:00 1978 2 13 16 30 0 8.1 -3.7 316.0 12.2 2.44 6.92 3.22 3.64 2 2 2 2 2 2 2 2 2.3 1.48 -8.0 -3.7 -3.7 -3.7 -3.7 -3.7 -3.7 0.256 0.553 0.227 0.243 0.501 0.926 2 2 2 2 2 2
1978-02-13T17:30:00 1978 2 13 17 30 0 8.5 -2.1 320.0 12.9 2.56 6.79 4.5 5.65 2 2 2 2 2 2 2 2 2.3 1.56 -11.0 -2.1 -2.1 -2.1 -2.1 -2.1 -2.1 0.423 0.809 0.234 0.389 0.65 1.385 2 2 2 2 2 2
1978-02-13T18:30:00 1978 2 13 18 30 0 7.8 -1.5 336.0 13.6 3.14 5.56 2.91 3.86 2 2 2 2 2 2 2 2 2.0 1.6 -12.0 -1.5 -1.5 -1.5 -1.5 -1.5 -1.5 0.465 0.814 0.236 0.372 0.605 1.512 2 2 2 2 2 2
1978-02-13T19:30:00 1978 2 13 19 30 0 7.1 -3.1 337.0 13.0 2.98 5.64 3.98 5.27 2 2 2 2 2 2 2 2 2.0 1.64 -11.0 -3.1 -3.1 -3.1 -3.1 -3.1 -3.1 0.571 0.95 0.244 0.477 0.748 1.832 2 2 2 2 2 2
1978-02-13T20:30:00 1978 2 13 20 30 0 7.0 1.9 333.0 13.0 3.0 3.58 1.4 1.83 2 2 2 2 2 2 2 2 2.0 1.8 -14.0 1.9 1.9 1.9 1.9 1.9 1.9 0.445 0.6 0.239 0.311 0.344 1.049 2 2 2 2 2 2
1978-02-13T21:30:00 1978 2 13 21 30 0 1.9 5.5 323.0 10.8 2.54 0.58 0.0 0.0 2 2 2 2 2 2 2 2 1.0 1.82 -14.0 5.5 5.5 5.5 5.5 5.5 5.5 0.301 0.298 0.232 0.174 0.109 0.435 2 2 2 2 2 2
1978-02-13T22:30:00 1978 2 13 22 30 0 1.9 4.4 321.0 11.0 3.0 0.03 0.0 0.0 2 2 2 2 2 2 2 2 1.0 1.85 -12.0 4.4 4.4 4.4 4.4 4.4 4.4 0.204 0.148 0.225 0.097 0.035 0.18 2 2 2 2 2 2
1978-02-13T23:30:00 1978 2 13 23 30 0 4.7 0.4 338.0 11.5 3.47 0.47 0.0 0.0 2 2 2 2 2 2 2 2 1.0 1.68 -11.0 0.4 0.4 0.4 0.4 0.4 0.4 0.138 0.073 0.218 0.055 0.011 0.075 2 2 2 2 2 2
