1978-09-19T00:30:00 1978 9 19 0 30 0 -3.8 0.9 326.0 6.6 1.4 0.73 0.0 0.0 2 2 2 2 2 2 2 2 0.3 0.67 -5.0 0.9 0.9 0.9 0.9 0.9 0.9 0.01 0.005 0.039 0.002 0.0 0.002 2 2 2 2 2 2
1978-09-19T01:30:00 1978 9 19 1 30 0 -2.6 1.5 324.0 6.1 1.23 0.4 0.0 0.0 2 2 2 2 2 2 2 2 0.3 0.66 -5.0 1.5 1.5 1.5 1.5 1.5 1.5 0.007 0.002 0.038 0.001 0.0 0.001 2 2 2 2 2 2
1978-09-19T02:30:00 1978 9 19 2 30 0 -4.6 0.8 325.0 6.7 1.42 0.61 0.0 0.0 2 2 2 2 2 2 2 2 0.3 0.54 -2.0 0.8 0.8 0.8 0.8 0.8 0.8 0.005 0.001 0.037 0.001 0.0 0.0 2 2 2 2 2 2
1978-09-19T03:30:00 1978 9 19 3 30 0 -4.6 0.6 328.0 7.0 1.51 1.1 0.0 0.0 2 2 2 2 2 2 2 2 0.3 0.42 0.0 0.6 0.6 0.6 0.6 0.6 0.6 0.003 0.001 0.036 0.0 0.0 0.0 2 2 2 2 2 2
1978-09-19T04:30:00 1978 9 19 4 30 0 -4.5 0.6 328.0 6.1 1.25 1.11 0.0 0.0 2 2 2 2 2 2 2 2 0.3 0.3 1.0 0.6 0.6 0.6 0.6 0.6 0.6 0.002 0.0 0.035 0.0 0.0 0.0 2 2 2 2 2 2
1978-09-19T05:30:00 1978 9 19 5 30 0 -4.1 1.1 318.0 7.1 1.39 0.88 0.0 0.0 2 2 2 2 2 2 2 2 0.3 0.3 2.0 1.1 1.1 1.1 1.1 1.1 1.1 0.001 0.0 0.034 0.0 0.0 0.0 2 2 2 2 2 2
1978-09-19T06:30:00 1978 9 19 6 30 0 -3.0 2.0 314.0 6.2 1.23 0.44 0.0 0.0 2 2 2 2 2 2 2 2 0.3 0.3 3.0 2.0 2.0 2.0 2.0 2.0 2.0 0.001 0.0 0.033 0.0 0.0 0.0 2 2 2 2 2 2
1978-09-19T07:30:00 1978 9 19 7 30 0 -0.1 0.8 320.0 6.05 1.19 0.07 0.0 0.0 2 2 2 1 1 2 2 2 0.3 0.3 1.0 0.8 0.8 0.8 0.8 0.8 0.8 0.001 0.0 0.032 0.0 0.0 0.0 2 2 2 2 2 2
1978-09-19T08:30:00 1978 9 19 8 30 0 -2.7 2.0 312.0 5.9 1.15 0.07 0.0 0.0 2 2 2 2 2 2 2 2 0.3 0.3 0.0 2.0 2.0 2.0 2.0 2.0 2.0 0.0 0.0 0.031 0.0 0.0 0.0 2 2 2 2 2 2
1978-09-19T09:30:00 1978 9 19 9 30 0 -3.2 2.4 313.0 6.2 1.21 0.22 0.0 0.0 2 2 2 2 2 2 2 2 0.0 0.26 1.0 2.4 2.4 2.4 2.4 2.4 2.4 0.0 0.0 0.03 0.0 0.0 0.0 2 2 2 2 2 2
1978-09-19T10:30:00 1978 9 19 10 30 0 -2.8 3.0 310.0 6.6 1.27 0.19 0.0 0.0 2 2 2 2 2 2 2 2 0.0 0.22 0.0 3.0 3.0 3.0 3.0 3.0 3.0 0.0 0.0 0.029 0.0 0.0 0.0 2 2 2 2 2 2
1978-09-19T11:30:00 1978 9 19 11 30 0 -2.4 3.8 307.0 6.6 1.24 0.1 0.0 0.0 2 2 2 2 2 2 2 2 0.0 0.18 0.0 3.8 3.8 3.8 3.8 3.8 3.8 0.0 0.0 0.028 0.0 0.0 0.0 2 2 2 2 2 2
1978-09-19T12:30:00 1978 9 19 12 30 0 -2.4 2.8 312.0 7.0 1.36 0.09 0.0 0.0 2 2 2 2 2 2 2 2 0.3 0.19 1.0 2.8 2.8 2.8 2.8 2.8 2.8 0.0 0.0 0.027 0.0 0.0 0.0 2 2 2 2 2 2
1978-09-19T13:30:00 1978 9 19 13 30 0 -0.8 -1.5 301.0 8.1 1.47 0.17 0.49 0.39 2 2 2 2 2 2 2 2 0.3 0.19 1.0 -1.5 -1.5 -1.5 -1.5 -1.5 -1.5 0.046 0.129 0.028 0.034 0.124 0.174 2 2 2 2 2 2
1978-09-19T14:30:00 1978 9 19 14 30 0 -0.9 -1.0 297.0 8.6 1.52 0.35 1.84 1.53 2 2 2 2 2 2 2 2 0.3 0.19 1.0 -1.0 -1.0 -1.0 -1.0 -1.0 -1.0 0.13 0.318 0.03 0.088 0.254 0.402 2 2 2 2 2 2
1978-09-19T15:30:00 1978 9 19 15 30 0 -1.3 0.0 296.0 8.6 1.51 0.16 0.68 0.58 2 2 2 2 2 2 2 2 0.3 0.19 0.0 0.0 0.0 0.0 0.0 0.0 0.0 0.121 0.252 0.03 0.065 0.151 0.3 2 2 2 2 2 2
1978-09-19T16:30:00 1978 9 19 16 30 0 -0.8 0.5 295.0 8.6 1.5 0.05 0.0 0.0 2 2 2 2 2 2 2 2 0.3 0.19 0.0 0.5 0.5 0.5 0.5 0.5 0.5 0.082 0.125 0.029 0.036 0.048 0.124 2 2 2 2 2 2
1978-09-19T17:30:00 1978 9 19 17 30 0 -0.5 0.2 295.0 7.8 1.36 0.01 0.0 0.0 2 2 2 2 2 2 2 2 0.3 0.23 1.0 0.2 0.2 0.2 0.2 0.2 0.2 0.055 0.062 0.029 0.02 0.015 0.052 2 2 2 2 2 2
1978-09-19T18:30:00 1978 9 19 18 30 0 -0.4 0.6 293.0 7.9 1.36 0.0 0.0 0.0 2 2 2 2 2 2 2 2 0.3 0.26 2.0 0.6 0.6 0.6 0.6 0.6 0.6 0.038 0.031 0.028 0.011 0.005 0.021 2 2 2 2 2 2
1978-09-19T19:30:00 1978 9 19 19 30 0 -0.3 0.5 292.0 8.1 1.38 0.0 0.0 0.0 2 2 2 2 2 2 2 2 0.3 0.3 4.0 0.5 0.5 0.5 0.5 0.5 0.5 0.025 0.015 0.027 0.006 0.002 0.009 2 2 2 2 2 2
1978-09-19T20:30:00 1978 9 19 20 30 0 -1.2 0.5 293.0 8.6 1.48 0.02 0.0 0.0 2 2 2 2 2 2 2 2 0.3 0.3 9.0 0.5 0.5 0.5 0.5 0.5 0.5 0.017 0.008 0.026 0.004 0.0 0.004 2 2 2 2 2 2
1978-09-19T21:30:00 1978 9 19 21 30 0 -2.9 0.4 295.0 8.6 1.5 0.22 0.0 0.0 2 2 2 2 2 2 2 2 0.0 0.26 10.0 0.4 0.4 0.4 0.4 0.4 0.4 0.012 0.004 0.025 0.002 0.0 0.002 2 2 2 2 2 2
1978-09-19T22:30:00 1978 9 19 22 30 0 -2.5 0.7 293.0 9.0 1.55 0.33 0.0 0.0 2 2 2 2 2 2 2 2 0.0 0.22 8.0 0.7 0.7 0.7 0.7 0.7 0.7 0.008 0.002 0.024 0.001 0.0 0.001 2 2 2 2 2 2
1978-09-19T23:30:00 1978 9 19 23 30 0 -3.2 0.6 289.0 8.7 1.45 0.36 0.0 0.0 2 2 2 2 2 2 2 2 0.0 0.18 5.0 0.6 0.6 0.6 0.6 0.6 0.6 0.005 0.001 0.024 0.001 0.0 0.0 2 2 2 2 2 2
