1978-05-28T00:30:00 1978 5 28 0 30 0 -1.93 0.29 349.5 7.3 1.68 0.22 0.0 0.0 0 0 1 1 1 0 1 1 1.7 1.44 -3.0 -1.29 -0.97 -1.91 -1.87 -1.0 -0.72 0.338 0.416 0.263 0.315 0.341 0.491 0 0 1 0 0 0
1978-05-28T01:30:00 1978 5 28 1 30 0 -1.94 0.29 350.0 7.8 1.81 0.22 0.0 0.0 0 0 2 2 2 1 1 1 1.7 1.56 -2.0 -1.29 -0.97 -1.91 -1.87 -1.0 -0.72 0.347 0.429 0.264 0.324 0.351 0.536 0 0 1 0 0 0
1978-05-28T02:30:00 1978 5 28 2 30 0 -1.94 0.29 347.0 9.1 2.11 0.22 0.0 0.0 0 0 2 2 2 1 1 1 1.7 1.68 0.0 -1.29 -0.97 -1.91 -1.87 -1.0 -0.72 0.359 0.449 0.265 0.336 0.365 0.61 0 0 1 0 0 0
1978-05-28T03:30:00 1978 5 28 3 30 0 -1.94 0.3 346.0 9.5 2.29 0.22 0.0 0.0 0 0 2 2 2 1 1 1 1.0 1.71 -1.0 -1.29 -0.96 -1.9 -1.87 -1.0 -0.72 0.37 0.466 0.267 0.347 0.376 0.675 0 0 1 0 0 0
1978-05-28T04:30:00 1978 5 28 4 30 0 -1.94 0.3 347.5 9.7 2.35 0.22 0.0 0.0 0 0 1 1 1 0 1 1 1.0 1.73 2.0 -1.29 -0.96 -1.9 -1.87 -1.0 -0.71 0.379 0.477 0.269 0.356 0.383 0.717 0 0 1 0 0 0
1978-05-28T05:30:00 1978 5 28 5 30 0 -1.94 0.3 349.0 9.9 2.4 0.22 0.0 0.0 0 0 2 2 2 1 1 1 1.0 1.57 3.0 -1.29 -0.96 -1.9 -1.87 -1.0 -0.71 0.387 0.485 0.271 0.363 0.389 0.75 0 0 1 0 0 0
1978-05-28T06:30:00 1978 5 28 6 30 0 -1.94 0.3 359.0 9.7 2.41 0.22 0.0 0.0 0 0 2 2 2 1 1 1 1.3 1.45 3.0 -1.28 -0.96 -1.9 -1.87 -1.0 -0.71 0.393 0.489 0.273 0.37 0.4 0.782 0 0 1 0 0 0
1978-05-28T07:30:00 1978 5 28 7 30 0 -1.94 0.3 350.0 11.4 3.17 0.22 0.0 0.0 0 0 2 2 2 1 1 1 1.3 1.33 2.0 -1.28 -0.96 -1.9 -1.86 -1.0 -0.71 0.402 0.503 0.275 0.38 0.411 0.854 0 0 1 0 0 0
1978-05-28T08:30:00 1978 5 28 8 30 0 -1.94 0.31 342.0 9.1 2.19 0.22 0.0 0.0 0 0 2 2 2 1 1 1 1.3 1.28 -1.0 -1.28 -0.96 -1.9 -1.86 -1.0 -0.71 0.4 0.497 0.277 0.373 0.392 0.793 0 0 1 0 0 0
1978-05-28T09:30:00 1978 5 28 9 30 0 -1.94 0.31 342.0 10.3 2.25 0.21 0.0 0.0 0 0 2 2 2 1 1 1 1.7 1.29 -5.0 -1.28 -0.96 -1.9 -1.86 -1.0 -0.71 0.398 0.495 0.278 0.368 0.385 0.767 0 0 1 0 0 0
1978-05-28T10:30:00 1978 5 28 10 30 0 -1.94 0.31 341.3 9.5 2.06 0.21 0.0 0.0 0 0 1 1 1 0 1 1 1.7 1.3 -9.0 -1.28 -0.96 -1.9 -1.86 -0.99 -0.71 0.397 0.492 0.279 0.364 0.379 0.744 0 0 1 0 0 0
1978-05-28T11:30:00 1978 5 28 11 30 0 -1.95 0.31 340.7 8.7 1.87 0.22 0.0 0.0 0 0 1 1 1 0 1 1 1.7 1.38 -11.0 -1.28 -0.96 -1.9 -1.86 -0.99 -0.71 0.391 0.481 0.28 0.356 0.367 0.688 0 0 1 0 0 0
1978-05-28T12:30:00 1978 5 28 12 30 0 -1.95 0.32 340.0 7.9 1.68 0.22 0.0 0.0 0 0 2 2 2 1 1 1 2.0 1.51 -12.0 -1.28 -0.96 -1.9 -1.86 -0.99 -0.71 0.383 0.465 0.28 0.345 0.353 0.62 0 0 1 0 0 0
1978-05-28T13:30:00 1978 5 28 13 30 0 -1.95 0.32 340.0 8.3 1.81 0.21 0.0 0.0 0 0 2 2 2 1 1 1 2.0 1.63 -10.0 -1.28 -0.96 -1.9 -1.86 -0.99 -0.71 0.377 0.458 0.281 0.339 0.349 0.593 0 0 1 0 0 0
1978-05-28T14:30:00 1978 5 28 14 30 0 -1.95 0.32 339.0 7.4 1.73 0.21 0.0 0.0 0 0 2 2 2 1 1 1 2.0 1.72 -12.0 -1.28 -0.96 -1.9 -1.86 -0.99 -0.71 0.37 0.448 0.281 0.332 0.34 0.554 0 0 1 0 0 0
1978-05-28T15:30:00 1978 5 28 15 30 0 -1.95 0.32 336.0 8.7 2.09 0.21 0.0 0.0 0 0 2 2 2 1 1 1 2.0 1.81 -13.0 -1.28 -0.96 -1.9 -1.86 -0.99 -0.71 0.368 0.45 0.281 0.33 0.343 0.565 0 0 1 0 0 0
1978-05-28T16:30:00 1978 5 28 16 30 0 -1.95 0.33 332.6 8.6 2.08 0.21 0.0 0.0 0 0 1 1 1 0 1 1 2.0 1.89 -14.0 -1.28 -0.96 -1.9 -1.86 -0.99 -0.71 0.368 0.455 0.281 0.331 0.344 0.578 0 0 1 0 0 0
1978-05-28T17:30:00 1978 5 28 17 30 0 -1.95 0.33 329.2 8.5 2.02 0.21 0.0 0.0 0 0 1 1 1 0 1 1 2.0 1.93 -13.0 -1.28 -0.96 -1.9 -1.86 -0.99 -0.71 0.366 0.456 0.281 0.328 0.339 0.571 0 0 1 0 0 0
1978-05-28T18:30:00 1978 5 28 18 30 0 -1.95 0.33 325.8 8.4 1.97 0.21 0.0 0.0 0 0 1 1 1 0 1 1 2.7 2.06 -16.0 -1.28 -0.96 -1.9 -1.86 -0.99 -0.71 0.364 0.455 0.28 0.324 0.333 0.554 0 0 1 0 0 0
1978-05-28T19:30:00 1978 5 28 19 30 0 -1.95 0.33 322.4 8.3 1.91 0.2 0.0 0.0 0 0 1 1 1 0 1 1 2.7 2.18 -17.0 -1.28 -0.96 -1.9 -1.86 -0.99 -0.71 0.36 0.452 0.28 0.32 0.326 0.535 0 0 1 0 0 0
1978-05-28T20:30:00 1978 5 28 20 30 0 -1.95 0.33 319.0 8.2 1.9 0.2 0.0 0.0 0 0 2 2 2 1 1 1 2.7 2.27 -10.0 -1.28 -0.96 -1.9 -1.86 -0.99 -0.71 0.357 0.45 0.279 0.315 0.319 0.515 0 0 1 0 0 0
1978-05-28T21:30:00 1978 5 28 21 30 0 -1.95 0.34 318.0 8.2 1.88 0.2 0.0 0.0 0 0 2 2 2 1 1 1 1.7 2.23 -5.0 -1.28 -0.96 -1.9 -1.86 -0.99 -0.71 0.353 0.448 0.278 0.311 0.314 0.501 0 0 1 0 0 0
1978-05-28T22:30:00 1978 5 28 22 30 0 -1.96 0.34 314.0 7.1 1.47 0.2 0.0 0.0 0 0 2 2 2 1 1 1 1.7 2.19 -3.0 -1.28 -0.96 -1.89 -1.86 -0.99 -0.71 0.346 0.437 0.277 0.302 0.301 0.456 0 0 1 0 0 0
1978-05-28T23:30:00 1978 5 28 23 30 0 -1.96 0.34 310.3 6.57 1.34 0.2 0.0 0.0 0 0 1 1 1 0 1 1 1.7 2.14 -6.0 -1.28 -0.95 -1.89 -1.86 -0.99 -0.71 0.337 0.42 0.275 0.289 0.285 0.401 0 0 1 0 0 0
