1978-11-20T00:30:00 1978 11 20 0 30 0 3.2 12.2 415.0 44.1 15.19 0.02 0.0 0.0 2 2 2 2 2 2 2 2 3.0 1.85 29.0 12.2 12.2 12.2 12.2 12.2 12.2 0.015 0.001 0.219 0.002 0.0 0.001 2 2 2 2 2 2
1978-11-20T01:30:00 1978 11 20 1 30 0 14.5 5.5 415.0 35.1 12.09 2.9 0.0 0.0 2 2 2 2 2 2 2 2 3.0 1.9 26.0 5.5 5.5 5.5 5.5 5.5 5.5 0.01 0.001 0.212 0.001 0.0 0.0 2 2 2 2 2 2
1978-11-20T02:30:00 1978 11 20 2 30 0 6.5 3.9 436.0 19.1 7.26 4.29 0.0 0.0 2 2 2 2 2 2 2 2 3.0 2.15 12.0 3.9 3.9 3.9 3.9 3.9 3.9 0.007 0.0 0.206 0.001 0.0 0.0 2 2 2 2 2 2
1978-11-20T03:30:00 1978 11 20 3 30 0 1.7 -1.7 438.0 11.6 4.45 1.09 0.73 0.89 2 2 2 2 2 2 2 2 4.3 2.57 0.0 -1.7 -1.7 -1.7 -1.7 -1.7 -1.7 0.079 0.167 0.204 0.07 0.27 0.72 2 2 2 2 2 2
1978-11-20T04:30:00 1978 11 20 4 30 0 7.3 -2.9 436.0 14.4 5.47 4.37 5.13 6.79 2 2 2 2 2 2 2 2 4.3 2.98 -17.0 -2.9 -2.9 -2.9 -2.9 -2.9 -2.9 0.365 0.652 0.225 0.402 0.923 2.606 2 2 2 2 2 2
1978-11-20T05:30:00 1978 11 20 5 30 0 6.3 -0.8 425.0 14.8 5.35 5.61 3.8 5.54 2 2 2 2 2 2 2 2 4.3 3.26 -25.0 -0.8 -0.8 -0.8 -0.8 -0.8 -0.8 0.453 0.729 0.233 0.419 0.838 2.859 2 2 2 2 2 2
1978-11-20T06:30:00 1978 11 20 6 30 0 4.3 -0.6 432.0 14.4 5.37 2.81 1.48 2.16 2 2 2 2 2 2 2 2 3.0 3.38 -24.0 -0.6 -0.6 -0.6 -0.6 -0.6 -0.6 0.408 0.602 0.231 0.301 0.594 2.376 2 2 2 2 2 2
1978-11-20T07:30:00 1978 11 20 7 30 0 10.7 -0.3 424.0 13.6 4.89 5.36 0.94 1.31 2 2 2 2 2 2 2 2 3.0 3.49 -24.0 -0.3 -0.3 -0.3 -0.3 -0.3 -0.3 0.34 0.465 0.227 0.202 0.408 1.817 2 2 2 2 2 2
1978-11-20T08:30:00 1978 11 20 8 30 0 7.9 -1.9 448.0 14.8 5.94 8.05 2.57 3.69 2 2 2 2 2 2 2 2 3.0 3.48 -15.0 -1.9 -1.9 -1.9 -1.9 -1.9 -1.9 0.419 0.622 0.232 0.291 0.715 2.624 2 2 2 2 2 2
1978-11-20T09:30:00 1978 11 20 9 30 0 8.6 -2.8 437.0 14.2 5.42 8.62 5.27 7.62 2 2 2 2 2 2 2 2 2.7 3.44 -13.0 -2.8 -2.8 -2.8 -2.8 -2.8 -2.8 0.606 0.895 0.254 0.538 1.09 3.617 2 2 2 2 2 2
1978-11-20T10:30:00 1978 11 20 10 30 0 10.9 -0.8 424.0 13.1 4.71 9.66 3.7 5.08 2 2 2 2 2 2 2 2 2.7 3.39 -15.0 -0.8 -0.8 -0.8 -0.8 -0.8 -0.8 0.606 0.829 0.261 0.483 0.865 3.083 2 2 2 2 2 2
1978-11-20T11:30:00 1978 11 20 11 30 0 10.1 -3.4 434.0 13.2 4.97 11.41 4.75 6.26 2 2 2 2 2 2 2 2 2.7 3.2 -14.0 -3.4 -3.4 -3.4 -3.4 -3.4 -3.4 0.717 0.976 0.279 0.635 1.101 3.445 2 2 2 2 2 2
1978-11-20T12:30:00 1978 11 20 12 30 0 6.9 -0.9 398.0 13.7 4.34 7.91 4.28 5.74 2 2 2 2 2 2 2 2 3.3 3.08 -20.0 -0.9 -0.9 -0.9 -0.9 -0.9 -0.9 0.705 0.91 0.287 0.571 0.892 2.989 2 2 2 2 2 2
1978-11-20T13:30:00 1978 11 20 13 30 0 7.1 -1.0 404.0 13.5 4.41 4.56 1.91 2.6 2 2 2 2 2 2 2 2 3.3 2.96 -17.0 -1.0 -1.0 -1.0 -1.0 -1.0 -1.0 0.606 0.749 0.285 0.415 0.659 2.378 2 2 2 2 2 2
1978-11-20T14:30:00 1978 11 20 14 30 0 7.7 -3.3 433.0 14.0 5.25 6.94 4.74 6.55 2 2 2 2 2 2 2 2 3.3 3.0 -15.0 -3.3 -3.3 -3.3 -3.3 -3.3 -3.3 0.719 0.948 0.302 0.598 1.034 3.225 2 2 2 2 2 2
1978-11-20T15:30:00 1978 11 20 15 30 0 9.3 0.0 438.0 14.3 5.49 7.69 3.29 4.64 2 2 2 2 2 2 2 2 4.0 3.14 -14.0 0.0 0.0 0.0 0.0 0.0 0.0 0.639 0.752 0.305 0.479 0.691 2.535 2 2 2 2 2 2
1978-11-20T16:30:00 1978 11 20 16 30 0 9.4 -5.0 452.0 23.0 9.4 11.15 6.06 12.34 2 2 2 2 2 2 2 2 4.0 3.27 -12.0 -5.0 -5.0 -5.0 -5.0 -5.0 -5.0 0.908 1.21 0.345 0.95 1.516 6.026 2 2 2 2 2 2
1978-11-20T17:30:00 1978 11 20 17 30 0 8.8 0.0 438.0 23.6 9.06 10.0 5.12 11.89 2 2 2 2 2 2 2 2 4.0 3.43 -22.0 0.0 0.0 0.0 0.0 0.0 0.0 0.884 1.069 0.363 0.845 1.096 5.494 2 2 2 2 2 2
1978-11-20T18:30:00 1978 11 20 18 30 0 12.7 -3.5 452.0 23.9 9.77 12.28 4.24 10.1 2 2 2 2 2 2 2 2 4.0 3.59 -16.0 -3.5 -3.5 -3.5 -3.5 -3.5 -3.5 0.966 1.231 0.384 0.925 1.413 7.139 2 2 2 2 2 2
1978-11-20T19:30:00 1978 11 20 19 30 0 14.9 -7.2 476.0 20.3 9.2 26.98 12.83 27.89 2 2 2 2 2 2 2 2 4.0 3.75 -22.0 -7.2 -7.2 -7.2 -7.2 -7.2 -7.2 1.493 1.884 0.492 1.996 2.511 10.726 2 2 2 2 2 2
1978-11-20T20:30:00 1978 11 20 20 30 0 12.63 -6.37 498.0 17.3 8.35 31.44 16.46 30.77 1 1 1 1 1 1 1 1 4.0 3.83 -30.0 -6.37 -6.37 -6.37 -6.37 -6.37 -6.37 1.919 2.216 0.626 2.788 2.992 11.901 2 1 2 1 1 1
1978-11-20T21:30:00 1978 11 20 21 30 0 10.37 -2.73 520.0 14.3 7.49 20.62 11.18 17.74 1 1 1 1 1 1 1 1 4.3 3.96 -22.0 -2.73 -2.73 -2.73 -2.73 -2.73 -2.73 1.86 1.929 0.688 2.405 2.424 9.842 1 1 2 1 1 1
1978-11-20T22:30:00 1978 11 20 22 30 0 8.1 -1.9 542.0 11.3 6.64 11.72 6.06 7.73 2 2 2 2 2 2 2 2 4.3 4.08 -24.0 -1.9 -1.9 -1.9 -1.9 -1.9 -1.9 1.576 1.469 0.703 1.72 1.748 7.102 1 2 2 1 2 2
1978-11-20T23:30:00 1978 11 20 23 30 0 4.7 0.6 562.0 7.9 4.99 4.94 1.76 1.82 2 2 2 2 2 2 2 2 4.3 4.12 -31.0 0.6 0.6 0.6 0.6 0.6 0.6 1.133 0.845 0.688 1.016 0.753 3.618 2 2 2 1 2 2
