1978-01-30T00:30:00 1978 1 30 0 30 0 -2.5 17.95 517.0 9.6 5.3 0.09 0.0 0.0 1 1 1 1 1 1 1 1 2.7 3.65 -14.0 17.95 17.95 17.95 17.95 17.95 17.95 0.062 0.005 0.612 0.019 0.0 0.003 2 2 2 2 2 2
1978-01-30T01:30:00 1978 1 30 1 30 0 -13.1 11.5 525.0 12.9 7.34 1.62 0.0 0.0 2 2 2 2 2 2 2 2 2.7 3.28 0.0 11.5 11.5 11.5 11.5 11.5 11.5 0.042 0.003 0.593 0.011 0.0 0.001 2 2 2 2 2 2
1978-01-30T02:30:00 1978 1 30 2 30 0 -8.7 15.3 524.0 13.4 8.26 2.57 0.0 0.0 2 2 2 2 2 2 2 2 2.7 3.12 5.0 15.3 15.3 15.3 15.3 15.3 15.3 0.029 0.001 0.575 0.006 0.0 0.0 2 2 2 2 2 2
1978-01-30T03:30:00 1978 1 30 3 30 0 -6.4 5.3 550.0 14.5 9.17 1.29 0.0 0.0 2 2 2 2 2 2 2 2 4.0 3.14 -3.0 5.3 5.3 5.3 5.3 5.3 5.3 0.019 0.001 0.558 0.003 0.0 0.0 2 2 2 2 2 2
1978-01-30T04:30:00 1978 1 30 4 30 0 -13.4 -2.7 593.0 9.9 6.53 10.66 1.68 1.73 2 2 2 2 2 2 2 2 4.0 3.15 -12.0 -2.7 -2.7 -2.7 -2.7 -2.7 -2.7 0.154 0.237 0.557 0.183 0.593 1.602 2 2 2 2 2 2
1978-01-30T05:30:00 1978 1 30 5 30 0 -8.13 -3.38 605.0 10.6 7.29 18.25 9.2 9.47 1 1 1 1 1 1 1 1 4.0 3.28 -16.0 -3.38 -3.38 -3.38 -3.38 -3.38 -3.38 0.55 0.741 0.61 0.753 1.648 4.638 1 1 2 1 1 1
1978-01-30T06:30:00 1978 1 30 6 30 0 -2.87 -6.32 617.0 11.3 8.06 13.57 15.22 16.76 1 1 1 1 1 1 1 1 6.3 3.71 -30.0 -6.32 -6.32 -6.32 -6.32 -6.32 -6.32 1.105 1.286 0.741 1.783 2.769 7.939 1 1 2 1 1 1
1978-01-30T07:30:00 1978 1 30 7 30 0 2.4 -7.0 629.0 12.0 8.82 15.37 20.85 24.37 2 2 2 2 2 2 2 2 6.3 4.13 -56.0 -7.0 -7.0 -7.0 -7.0 -7.0 -7.0 1.689 1.747 0.942 2.927 3.64 10.984 2 2 2 2 2 2
1978-01-30T08:30:00 1978 1 30 8 30 0 0.1 -4.4 637.0 14.9 12.2 11.33 17.7 23.83 2 2 2 2 2 2 2 2 6.3 4.58 -70.0 -4.4 -4.4 -4.4 -4.4 -4.4 -4.4 1.961 1.874 1.094 3.156 3.647 13.131 2 2 2 2 2 2
1978-01-30T09:30:00 1978 1 30 9 30 0 3.4 -7.0 626.0 13.9 11.17 12.57 18.31 26.23 2 2 2 2 2 2 2 2 6.0 4.99 -67.0 -7.0 -7.0 -7.0 -7.0 -7.0 -7.0 2.259 2.064 1.272 3.624 3.985 14.88 2 2 2 2 2 2
1978-01-30T10:30:00 1978 1 30 10 30 0 3.9 -4.0 604.0 15.2 11.0 12.42 16.53 24.04 2 2 2 2 2 2 2 2 6.0 5.39 -77.0 -4.0 -4.0 -4.0 -4.0 -4.0 -4.0 2.309 2.015 1.396 3.426 3.569 14.35 2 2 2 2 2 2
1978-01-30T11:30:00 1978 1 30 11 30 0 4.7 1.4 611.0 11.1 8.17 3.78 3.99 5.61 2 2 2 2 2 2 2 2 6.0 5.63 -88.0 1.4 1.4 1.4 1.4 1.4 1.4 1.711 1.208 1.376 2.09 1.539 7.656 2 2 2 2 2 2
1978-01-30T12:30:00 1978 1 30 12 30 0 3.3 5.7 607.0 6.4 5.28 0.71 0.0 0.0 2 2 2 2 2 2 2 2 3.3 5.52 -78.0 5.7 5.7 5.7 5.7 5.7 5.7 1.159 0.6 1.334 1.17 0.487 3.176 2 2 2 2 2 2
1978-01-30T13:30:00 1978 1 30 13 30 0 3.6 5.4 598.0 7.0 7.22 0.29 0.0 0.0 2 2 2 2 2 2 2 2 3.3 5.41 -69.0 5.4 5.4 5.4 5.4 5.4 5.4 0.784 0.298 1.293 0.655 0.154 1.317 2 2 2 2 2 2
1978-01-30T14:30:00 1978 1 30 14 30 0 3.6 4.8 595.0 3.3 3.05 0.35 0.0 0.0 2 2 2 2 2 2 2 2 3.3 5.02 -67.0 4.8 4.8 4.8 4.8 4.8 4.8 0.531 0.148 1.254 0.367 0.049 0.546 2 2 2 2 2 2
1978-01-30T15:30:00 1978 1 30 15 30 0 4.4 3.5 587.0 4.8 4.19 0.59 0.0 0.0 2 2 2 2 2 2 2 2 2.3 4.52 -64.0 3.5 3.5 3.5 3.5 3.5 3.5 0.36 0.073 1.215 0.205 0.015 0.227 2 2 2 2 2 2
1978-01-30T16:30:00 1978 1 30 16 30 0 1.1 5.6 587.0 3.4 2.95 0.23 0.0 0.0 2 2 2 2 2 2 2 2 2.3 4.02 -59.0 5.6 5.6 5.6 5.6 5.6 5.6 0.243 0.036 1.178 0.115 0.005 0.094 2 2 2 2 2 2
1978-01-30T17:30:00 1978 1 30 17 30 0 1.0 4.7 586.0 3.5 2.62 0.01 0.0 0.0 2 2 2 2 2 2 2 2 2.3 3.56 -55.0 4.7 4.7 4.7 4.7 4.7 4.7 0.165 0.018 1.142 0.064 0.002 0.039 2 2 2 2 2 2
1978-01-30T18:30:00 1978 1 30 18 30 0 3.5 2.7 582.0 3.3 2.6 0.2 0.0 0.0 2 2 2 2 2 2 2 2 2.7 3.16 -51.0 2.7 2.7 2.7 2.7 2.7 2.7 0.112 0.009 1.107 0.036 0.0 0.016 2 2 2 2 2 2
1978-01-30T19:30:00 1978 1 30 19 30 0 1.9 2.0 570.0 4.1 3.41 0.3 0.0 0.0 2 2 2 2 2 2 2 2 2.7 2.77 -49.0 2.0 2.0 2.0 2.0 2.0 2.0 0.076 0.004 1.074 0.02 0.0 0.007 2 2 2 2 2 2
1978-01-30T20:30:00 1978 1 30 20 30 0 2.3 0.7 563.0 4.2 3.26 0.25 0.0 0.0 2 2 2 2 2 2 2 2 2.7 2.69 -49.0 0.7 0.7 0.7 0.7 0.7 0.7 0.051 0.002 1.041 0.011 0.0 0.003 2 2 2 2 2 2
1978-01-30T21:30:00 1978 1 30 21 30 0 0.6 1.0 550.0 7.5 5.38 0.13 0.0 0.0 2 2 2 2 2 2 2 2 4.7 2.89 -45.0 1.0 1.0 1.0 1.0 1.0 1.0 0.035 0.001 1.009 0.006 0.0 0.001 2 2 2 2 2 2
1978-01-30T22:30:00 1978 1 30 22 30 0 -2.1 -1.0 548.0 5.5 3.89 0.28 0.8 0.46 2 2 2 2 2 2 2 2 4.7 3.08 -46.0 -1.0 -1.0 -1.0 -1.0 -1.0 -1.0 0.075 0.105 0.982 0.046 0.236 0.416 2 2 2 2 2 2
1978-01-30T23:30:00 1978 1 30 23 30 0 -3.4 -2.1 545.0 5.9 4.52 2.17 4.36 2.5 2 2 2 2 2 2 2 2 4.7 3.38 -43.0 -2.1 -2.1 -2.1 -2.1 -2.1 -2.1 0.245 0.366 0.972 0.236 0.732 1.252 2 2 2 2 2 2
