1978-01-20T00:30:00 1978 1 20 0 30 0 2.1 3.4 314.0 9.3 1.77 0.62 0.0 0.0 2 2 2 2 2 2 2 2 0.7 1.26 -12.0 3.4 3.4 3.4 3.4 3.4 3.4 0.122 0.123 0.372 0.046 0.039 0.09 2 2 2 2 2 2
1978-01-20T01:30:00 1978 1 20 1 30 0 0.6 3.0 312.0 9.1 1.76 0.02 0.0 0.0 2 2 2 2 2 2 2 2 0.7 1.19 -13.0 3.0 3.0 3.0 3.0 3.0 3.0 0.082 0.061 0.36 0.026 0.013 0.037 2 2 2 2 2 2
1978-01-20T02:30:00 1978 1 20 2 30 0 -1.4 1.0 308.0 10.2 1.94 0.01 0.0 0.0 2 2 2 2 2 2 2 2 0.7 1.14 -12.0 1.0 1.0 1.0 1.0 1.0 1.0 0.056 0.03 0.349 0.014 0.004 0.016 2 2 2 2 2 2
1978-01-20T03:30:00 1978 1 20 3 30 0 -2.1 -0.2 306.0 9.9 1.8 0.17 0.04 0.04 2 2 2 2 2 2 2 2 0.7 1.1 -10.0 -0.2 -0.2 -0.2 -0.2 -0.2 -0.2 0.044 0.042 0.339 0.01 0.028 0.064 2 2 2 2 2 2
1978-01-20T04:30:00 1978 1 20 4 30 0 -1.2 -1.3 301.0 9.5 1.72 0.37 1.2 1.16 2 2 2 2 2 2 2 2 0.7 1.06 -10.0 -1.3 -1.3 -1.3 -1.3 -1.3 -1.3 0.115 0.255 0.331 0.062 0.215 0.388 2 2 2 2 2 2
1978-01-20T05:30:00 1978 1 20 5 30 0 -1.0 -3.6 309.0 9.8 1.77 1.36 3.89 3.77 2 2 2 2 2 2 2 2 0.7 0.94 -11.0 -3.6 -3.6 -3.6 -3.6 -3.6 -3.6 0.307 0.625 0.333 0.276 0.524 0.847 2 2 2 2 2 2
1978-01-20T06:30:00 1978 1 20 6 30 0 -2.0 -3.4 310.0 9.4 1.72 2.42 5.4 5.18 2 2 2 2 2 2 2 2 2.0 0.99 -10.0 -3.4 -3.4 -3.4 -3.4 -3.4 -3.4 0.485 0.875 0.34 0.463 0.681 1.108 2 2 2 2 2 2
1978-01-20T07:30:00 1978 1 20 7 30 0 -3.2 -3.1 313.0 10.0 1.83 2.59 5.04 4.9 2 2 2 2 2 2 2 2 2.0 1.04 -6.0 -3.1 -3.1 -3.1 -3.1 -3.1 -3.1 0.59 0.978 0.345 0.544 0.715 1.227 2 2 2 2 2 2
1978-01-20T08:30:00 1978 1 20 8 30 0 -4.0 -1.9 311.0 10.3 2.0 2.34 3.82 3.88 2 2 2 2 2 2 2 2 2.0 1.2 -5.0 -1.9 -1.9 -1.9 -1.9 -1.9 -1.9 0.6 0.926 0.345 0.493 0.623 1.178 2 2 2 2 2 2
1978-01-20T09:30:00 1978 1 20 9 30 0 -3.1 2.5 306.0 10.1 1.91 0.77 0.52 0.53 2 2 2 2 2 2 2 2 0.7 1.2 -8.0 2.5 2.5 2.5 2.5 2.5 2.5 0.423 0.501 0.335 0.286 0.227 0.555 2 2 2 2 2 2
1978-01-20T10:30:00 1978 1 20 10 30 0 -2.1 2.7 308.0 10.3 1.84 0.13 0.0 0.0 2 2 2 2 2 2 2 2 0.7 1.19 -7.0 2.7 2.7 2.7 2.7 2.7 2.7 0.287 0.249 0.325 0.16 0.072 0.23 2 2 2 2 2 2
1978-01-20T11:30:00 1978 1 20 11 30 0 0.2 0.8 309.0 10.2 1.93 0.02 0.0 0.0 2 2 2 2 2 2 2 2 0.7 1.18 -5.0 0.8 0.8 0.8 0.8 0.8 0.8 0.194 0.124 0.315 0.09 0.023 0.096 2 2 2 2 2 2
1978-01-20T12:30:00 1978 1 20 12 30 0 -1.7 -0.9 312.0 10.6 1.92 0.12 0.43 0.45 2 2 2 2 2 2 2 2 1.3 1.26 -1.0 -0.9 -0.9 -0.9 -0.9 -0.9 -0.9 0.172 0.188 0.306 0.075 0.129 0.287 2 2 2 2 2 2
1978-01-20T13:30:00 1978 1 20 13 30 0 -3.1 0.0 311.0 10.1 1.79 0.51 0.64 0.67 2 2 2 2 2 2 2 2 1.3 1.33 -5.0 0.0 0.0 0.0 0.0 0.0 0.0 0.15 0.189 0.298 0.057 0.117 0.299 2 2 2 2 2 2
1978-01-20T14:30:00 1978 1 20 14 30 0 3.0 -2.6 301.0 9.4 1.54 0.74 2.14 2.06 2 2 2 2 2 2 2 2 1.3 1.24 -6.0 -2.6 -2.6 -2.6 -2.6 -2.6 -2.6 0.247 0.446 0.295 0.16 0.355 0.625 2 2 2 2 2 2
1978-01-20T15:30:00 1978 1 20 15 30 0 3.0 -2.09 308.0 7.8 1.43 1.82 3.54 3.03 1 1 2 2 2 1 2 2 0.7 1.08 -6.0 -2.36 -2.29 -2.49 -2.48 -2.3 -2.24 0.358 0.634 0.296 0.28 0.481 0.76 1 1 2 1 1 1
1978-01-20T16:30:00 1978 1 20 16 30 0 2.5 -0.19 281.0 8.5 1.42 0.87 1.58 1.27 1 1 2 2 2 1 2 2 0.7 0.93 -3.0 -1.47 -1.16 -2.08 -2.04 -1.19 -0.92 0.381 0.615 0.295 0.305 0.398 0.636 1 1 2 1 1 1
1978-01-20T17:30:00 1978 1 20 17 30 0 1.59 0.17 302.0 7.1 1.15 0.25 0.06 0.05 1 0 2 2 2 1 1 1 0.7 0.92 0.0 -1.3 -0.94 -2.0 -1.95 -0.98 -0.67 0.366 0.526 0.293 0.299 0.315 0.485 1 1 2 1 0 1
1978-01-20T18:30:00 1978 1 20 18 30 0 0.67 0.17 305.0 7.1 1.15 0.07 0.0 0.0 1 0 2 1 1 1 1 1 0.0 0.83 1.0 -1.3 -0.94 -2.0 -1.95 -0.98 -0.67 0.351 0.466 0.291 0.294 0.286 0.409 1 0 2 0 0 0
1978-01-20T19:30:00 1978 1 20 19 30 0 0.33 0.17 302.9 7.05 1.32 0.01 0.0 0.0 0 0 1 1 1 0 1 1 0.0 0.73 0.0 -1.3 -0.94 -2.0 -1.95 -0.98 -0.67 0.341 0.436 0.289 0.291 0.275 0.375 0 0 2 0 0 0
1978-01-20T20:30:00 1978 1 20 20 30 0 0.33 0.18 300.7 6.8 1.82 0.0 0.0 0.0 0 0 1 1 1 0 1 1 0.0 0.57 -1.0 -1.3 -0.94 -2.0 -1.95 -0.98 -0.67 0.332 0.419 0.286 0.287 0.268 0.35 0 0 2 0 0 0
1978-01-20T21:30:00 1978 1 20 21 30 0 0.33 0.18 298.6 6.55 1.75 0.0 0.0 0.0 0 0 1 1 1 0 1 1 0.0 0.41 -3.0 -1.3 -0.94 -2.0 -1.95 -0.98 -0.67 0.324 0.406 0.284 0.282 0.261 0.328 0 0 2 0 0 0
1978-01-20T22:30:00 1978 1 20 22 30 0 0.33 0.18 296.4 6.3 1.67 0.0 0.0 0.0 0 0 1 1 1 0 1 1 0.0 0.25 -6.0 -1.3 -0.94 -2.0 -1.95 -0.98 -0.67 0.317 0.396 0.282 0.276 0.254 0.307 0 0 2 0 0 0
1978-01-20T23:30:00 1978 1 20 23 30 0 0.33 0.18 294.3 6.05 1.08 0.0 0.0 0.0 0 0 1 1 1 0 1 1 0.0 0.17 -5.0 -1.3 -0.94 -2.0 -1.95 -0.98 -0.67 0.31 0.388 0.279 0.269 0.247 0.287 0 0 2 0 0 0
