1978-07-05T00:30:00 1978 7 5 0 30 0 0.77 0.23 462.0 7.17 2.47 0.04 0.0 0.0 0 0 2 0 0 1 1 1 5.7 5.35 -88.0 -0.94 -0.69 -1.42 -1.39 -0.71 -0.5 0.343 0.36 0.383 0.324 0.437 0.869 0 0 1 0 0 0
1978-07-05T01:30:00 1978 7 5 1 30 0 0.77 0.23 472.0 7.17 2.47 0.04 0.0 0.0 0 0 1 0 0 0 1 0 5.7 5.09 -97.0 -0.94 -0.69 -1.42 -1.39 -0.71 -0.5 0.343 0.36 0.383 0.323 0.437 0.87 0 0 1 0 0 0
1978-07-05T02:30:00 1978 7 5 2 30 0 0.77 0.24 482.0 7.17 2.47 0.04 0.0 0.0 0 0 1 0 0 0 1 0 5.7 5.33 -87.0 -0.93 -0.69 -1.42 -1.39 -0.71 -0.5 0.344 0.361 0.384 0.326 0.448 0.896 0 0 1 0 0 0
1978-07-05T03:30:00 1978 7 5 3 30 0 0.78 0.24 492.0 7.17 2.47 0.04 0.0 0.0 0 0 2 0 0 1 1 1 7.0 5.74 -85.0 -0.93 -0.69 -1.42 -1.39 -0.71 -0.5 0.346 0.362 0.386 0.332 0.461 0.935 0 0 1 0 0 0
1978-07-05T04:30:00 1978 7 5 4 30 0 0.78 0.24 499.0 7.17 2.47 0.04 0.0 0.0 0 0 2 0 0 1 1 1 7.0 6.15 -67.0 -0.93 -0.68 -1.42 -1.39 -0.71 -0.5 0.349 0.362 0.388 0.338 0.474 0.973 0 0 1 0 0 0
1978-07-05T05:30:00 1978 7 5 5 30 0 0.78 0.24 486.0 7.17 2.47 0.04 0.0 0.0 0 0 1 0 0 0 1 0 7.0 6.28 -76.0 -0.93 -0.68 -1.42 -1.39 -0.71 -0.5 0.35 0.36 0.389 0.339 0.47 0.969 0 0 1 0 0 0
1978-07-05T06:30:00 1978 7 5 6 30 0 0.78 0.25 473.0 7.17 2.47 0.04 0.0 0.0 0 0 2 0 0 1 1 1 6.7 6.36 -99.0 -0.93 -0.68 -1.41 -1.38 -0.71 -0.5 0.348 0.359 0.39 0.334 0.456 0.932 0 0 1 0 0 0
1978-07-05T07:30:00 1978 7 5 7 30 0 0.78 0.25 484.0 7.17 2.47 0.04 0.0 0.0 0 0 2 0 0 1 1 1 6.7 6.45 -85.0 -0.93 -0.68 -1.41 -1.38 -0.71 -0.49 0.348 0.359 0.391 0.331 0.455 0.923 0 0 1 0 0 0
1978-07-05T08:30:00 1978 7 5 8 30 0 0.78 0.25 474.0 7.17 2.47 0.04 0.0 0.0 0 0 2 0 0 1 1 1 6.7 6.57 -95.0 -0.93 -0.68 -1.41 -1.38 -0.71 -0.49 0.347 0.358 0.391 0.329 0.451 0.908 0 0 1 0 0 0
1978-07-05T09:30:00 1978 7 5 9 30 0 0.79 0.25 480.5 7.18 2.47 0.04 0.0 0.0 0 0 1 0 0 0 1 0 4.3 6.38 -88.0 -0.92 -0.68 -1.41 -1.38 -0.7 -0.49 0.346 0.358 0.392 0.328 0.449 0.906 0 0 1 0 0 0
1978-07-05T10:30:00 1978 7 5 10 30 0 0.79 0.26 487.0 7.18 2.47 0.04 0.0 0.0 0 0 2 0 0 1 1 1 4.3 6.18 -85.0 -0.92 -0.68 -1.41 -1.38 -0.7 -0.49 0.346 0.358 0.393 0.33 0.455 0.923 0 0 1 0 0 0
1978-07-05T11:30:00 1978 7 5 11 30 0 0.79 0.26 466.0 7.18 2.47 0.04 0.0 0.0 0 0 2 1 0 1 1 1 4.3 5.84 -82.0 -0.92 -0.68 -1.41 -1.38 -0.7 -0.49 0.344 0.358 0.393 0.327 0.443 0.897 0 0 1 0 0 0
1978-07-05T12:30:00 1978 7 5 12 30 0 0.79 0.26 473.0 7.18 2.48 0.04 0.0 0.0 0 0 2 1 1 1 1 1 4.0 5.46 -80.0 -0.92 -0.68 -1.41 -1.38 -0.7 -0.49 0.342 0.357 0.393 0.324 0.438 0.881 0 0 1 0 0 0
1978-07-05T13:30:00 1978 7 5 13 30 0 0.79 0.26 469.0 7.19 2.73 0.04 0.0 0.0 0 0 2 1 1 1 1 1 4.0 5.09 -79.0 -0.92 -0.67 -1.4 -1.37 -0.7 -0.49 0.34 0.356 0.393 0.321 0.436 0.874 0 0 1 0 0 0
1978-07-05T14:30:00 1978 7 5 14 30 0 0.79 0.27 466.0 7.2 2.98 0.04 0.0 0.0 0 0 2 1 1 1 1 1 4.0 4.76 -76.0 -0.92 -0.67 -1.4 -1.37 -0.7 -0.49 0.339 0.355 0.393 0.318 0.432 0.864 0 0 1 0 0 0
1978-07-05T15:30:00 1978 7 5 15 30 0 0.79 0.27 453.0 7.2 3.23 0.04 0.0 0.0 0 0 2 1 1 1 1 1 3.7 4.39 -61.0 -0.92 -0.67 -1.4 -1.37 -0.7 -0.49 0.336 0.353 0.392 0.313 0.421 0.834 0 0 1 0 0 0
1978-07-05T16:30:00 1978 7 5 16 30 0 0.8 0.27 445.0 7.2 3.31 0.04 0.0 0.0 0 0 1 1 1 0 1 1 3.7 4.03 -55.0 -0.92 -0.67 -1.4 -1.37 -0.7 -0.49 0.332 0.352 0.391 0.307 0.408 0.799 0 0 1 0 0 0
1978-07-05T17:30:00 1978 7 5 17 30 0 0.8 0.27 437.0 7.2 3.31 0.04 0.0 0.0 0 0 2 2 2 1 1 1 3.7 3.96 -50.0 -0.91 -0.67 -1.4 -1.37 -0.7 -0.49 0.328 0.351 0.389 0.3 0.396 0.765 0 0 1 0 0 0
1978-07-05T18:30:00 1978 7 5 18 30 0 0.8 0.28 450.0 3.9 1.75 0.04 0.0 0.0 0 0 2 2 2 1 1 1 3.7 3.88 -56.0 -0.91 -0.67 -1.4 -1.37 -0.69 -0.48 0.312 0.322 0.386 0.28 0.355 0.59 0 0 1 0 0 0
1978-07-05T19:30:00 1978 7 5 19 30 0 0.8 0.28 448.0 3.5 1.56 0.04 0.0 0.0 0 0 2 2 2 1 1 1 3.7 3.81 -60.0 -0.91 -0.67 -1.4 -1.37 -0.69 -0.48 0.291 0.289 0.383 0.255 0.318 0.43 0 0 1 0 0 0
1978-07-05T20:30:00 1978 7 5 20 30 0 0.8 0.28 449.0 3.6 1.55 0.04 0.0 0.0 0 0 2 2 2 1 1 1 3.7 3.77 -57.0 -0.91 -0.67 -1.39 -1.36 -0.69 -0.48 0.276 0.271 0.379 0.24 0.306 0.361 0 0 1 0 0 0
1978-07-05T21:30:00 1978 7 5 21 30 0 0.8 0.28 450.0 5.4 2.65 0.04 0.0 0.0 0 0 2 2 2 1 1 1 2.7 3.6 -51.0 -0.91 -0.67 -1.39 -1.36 -0.69 -0.48 0.276 0.281 0.377 0.245 0.331 0.422 0 0 0 0 0 0
1978-07-05T22:30:00 1978 7 5 22 30 0 0.81 0.28 443.0 6.4 3.4 0.04 0.0 0.0 0 0 2 2 2 1 1 1 2.7 3.44 -48.0 -0.91 -0.66 -1.39 -1.36 -0.69 -0.48 0.283 0.302 0.375 0.257 0.357 0.531 0 0 0 0 0 0
1978-07-05T23:30:00 1978 7 5 23 30 0 0.81 0.29 449.0 4.6 2.34 0.04 0.0 0.0 0 0 2 2 2 1 1 1 2.7 3.31 -49.0 -0.91 -0.66 -1.39 -1.36 -0.69 -0.48 0.283 0.3 0.373 0.257 0.349 0.511 0 0 0 0 0 0
