1978-02-27T00:30:00 1978 2 27 0 30 0 1.36 0.26 624.5 1.8 1.41 0.19 0.0 0.0 0 0 1 1 1 0 1 1 4.3 4.64 -47.0 -1.09 -0.78 -1.68 -1.65 -0.81 -0.54 0.324 0.226 0.744 0.347 0.444 0.338 0 0 1 0 0 0
1978-02-27T01:30:00 1978 2 27 1 30 0 1.36 0.26 611.8 1.75 1.32 0.19 0.0 0.0 0 0 1 1 1 0 1 1 4.3 4.55 -46.0 -1.09 -0.78 -1.68 -1.65 -0.81 -0.54 0.31 0.221 0.738 0.332 0.425 0.307 0 0 1 0 0 0
1978-02-27T02:30:00 1978 2 27 2 30 0 1.35 0.26 599.0 1.7 1.22 0.18 0.0 0.0 0 0 2 2 2 1 1 1 4.3 4.47 -40.0 -1.09 -0.78 -1.68 -1.65 -0.81 -0.54 0.298 0.216 0.731 0.319 0.406 0.281 0 0 1 0 0 0
1978-02-27T03:30:00 1978 2 27 3 30 0 1.35 0.26 590.0 1.7 1.18 0.18 0.0 0.0 0 0 2 2 2 1 1 1 4.3 4.38 -36.0 -1.09 -0.78 -1.68 -1.65 -0.81 -0.54 0.289 0.213 0.724 0.308 0.392 0.262 0 0 1 0 0 0
1978-02-27T04:30:00 1978 2 27 4 30 0 1.35 0.26 592.1 1.7 1.18 0.17 0.0 0.0 0 0 1 1 1 0 1 1 4.3 4.3 -39.0 -1.09 -0.78 -1.68 -1.65 -0.81 -0.54 0.282 0.212 0.716 0.301 0.387 0.253 0 0 1 0 0 0
1978-02-27T05:30:00 1978 2 27 5 30 0 1.35 0.26 594.2 1.7 1.34 0.17 0.0 0.0 0 0 1 1 1 0 1 1 4.3 4.3 -42.0 -1.09 -0.78 -1.68 -1.65 -0.81 -0.54 0.278 0.211 0.709 0.298 0.387 0.251 0 0 1 0 0 0
1978-02-27T06:30:00 1978 2 27 6 30 0 1.34 0.26 596.4 3.12 1.85 0.17 0.0 0.0 0 0 1 1 1 0 1 1 3.3 4.17 -37.0 -1.09 -0.78 -1.68 -1.65 -0.81 -0.54 0.291 0.235 0.705 0.324 0.444 0.37 0 0 1 0 0 0
1978-02-27T07:30:00 1978 2 27 7 30 0 1.34 0.26 598.5 4.85 2.35 0.17 0.0 0.0 0 0 1 1 1 0 1 1 3.3 4.04 -31.0 -1.09 -0.78 -1.68 -1.65 -0.81 -0.54 0.321 0.279 0.705 0.374 0.533 0.649 0 0 1 0 0 0
1978-02-27T08:30:00 1978 2 27 8 30 0 1.34 0.25 600.6 6.58 2.86 0.17 0.0 0.0 0 0 1 1 1 0 1 1 3.3 3.91 -25.0 -1.09 -0.78 -1.68 -1.65 -0.81 -0.54 0.36 0.328 0.708 0.432 0.622 1.039 0 0 1 0 0 0
1978-02-27T09:30:00 1978 2 27 9 30 0 1.34 0.25 602.8 8.3 2.88 0.18 0.0 0.0 0 0 1 1 0 0 1 1 3.7 3.84 -24.0 -1.09 -0.78 -1.68 -1.65 -0.81 -0.54 0.402 0.376 0.714 0.491 0.702 1.504 0 0 1 0 0 0
1978-02-27T10:30:00 1978 2 27 10 30 0 1.33 0.25 604.9 9.23 2.88 0.18 0.0 0.0 0 0 1 0 0 0 1 0 3.7 3.77 -29.0 -1.09 -0.78 -1.68 -1.65 -0.81 -0.55 0.44 0.415 0.722 0.541 0.76 1.929 0 0 1 0 0 0
1978-02-27T11:30:00 1978 2 27 11 30 0 1.33 0.25 607.0 9.23 2.88 0.17 0.0 0.0 0 0 1 0 0 0 1 0 3.7 3.69 -23.0 -1.09 -0.78 -1.68 -1.65 -0.81 -0.55 0.469 0.437 0.73 0.574 0.788 2.175 0 0 1 0 0 0
1978-02-27T12:30:00 1978 2 27 12 30 0 1.33 0.25 609.1 9.22 2.88 0.18 0.0 0.0 0 0 1 0 0 0 1 0 5.7 3.89 -24.0 -1.09 -0.78 -1.68 -1.65 -0.81 -0.55 0.488 0.449 0.738 0.593 0.8 2.286 0 0 1 0 0 0
1978-02-27T13:30:00 1978 2 27 13 30 0 1.33 0.25 611.2 9.22 2.88 0.18 0.0 0.0 0 0 1 0 0 0 1 0 5.7 4.08 -32.0 -1.09 -0.78 -1.68 -1.65 -0.81 -0.55 0.502 0.454 0.747 0.605 0.806 2.344 0 0 1 0 0 0
1978-02-27T14:30:00 1978 2 27 14 30 0 1.32 0.25 613.4 8.66 2.88 0.17 0.0 0.0 0 0 1 1 0 0 1 1 5.7 4.38 -31.0 -1.09 -0.78 -1.68 -1.65 -0.81 -0.55 0.509 0.453 0.754 0.608 0.802 2.304 0 0 1 0 0 0
1978-02-27T15:30:00 1978 2 27 15 30 0 1.32 0.25 615.5 7.65 2.89 0.17 0.0 0.0 0 0 1 1 1 0 1 1 5.3 4.63 -35.0 -1.09 -0.78 -1.68 -1.65 -0.81 -0.55 0.508 0.442 0.761 0.6 0.78 2.13 0 0 1 0 0 0
1978-02-27T16:30:00 1978 2 27 16 30 0 1.32 0.25 617.6 6.63 3.04 0.17 0.0 0.0 0 0 1 1 1 0 1 1 5.3 4.87 -51.0 -1.09 -0.78 -1.68 -1.65 -0.81 -0.55 0.499 0.423 0.766 0.582 0.747 1.876 0 0 1 0 0 0
1978-02-27T17:30:00 1978 2 27 17 30 0 1.31 0.24 619.8 5.62 3.19 0.17 0.0 0.0 0 0 1 1 1 0 1 1 5.3 5.07 -66.0 -1.09 -0.78 -1.68 -1.65 -0.81 -0.55 0.484 0.4 0.769 0.557 0.708 1.595 0 0 1 0 0 0
1978-02-27T18:30:00 1978 2 27 18 30 0 1.31 0.24 621.9 4.8 3.34 0.17 0.0 0.0 0 0 1 1 1 0 1 1 5.3 5.26 -66.0 -1.09 -0.78 -1.68 -1.65 -0.81 -0.55 0.466 0.375 0.771 0.529 0.668 1.331 0 0 1 0 0 0
1978-02-27T19:30:00 1978 2 27 19 30 0 1.31 0.24 624.0 4.8 3.39 0.18 0.0 0.0 0 0 2 1 1 1 1 1 5.3 5.44 -55.0 -1.09 -0.78 -1.68 -1.65 -0.81 -0.55 0.451 0.358 0.772 0.509 0.649 1.184 0 0 1 0 0 0
1978-02-27T20:30:00 1978 2 27 20 30 0 1.31 0.24 600.0 4.8 3.39 0.17 0.0 0.0 0 0 2 2 2 1 1 1 5.3 5.4 -66.0 -1.09 -0.78 -1.68 -1.65 -0.81 -0.55 0.438 0.349 0.772 0.492 0.625 1.085 0 0 1 0 0 0
1978-02-27T21:30:00 1978 2 27 21 30 0 1.3 0.24 599.0 4.8 3.42 0.17 0.0 0.0 0 0 2 2 2 1 1 1 5.3 5.35 -74.0 -1.09 -0.78 -1.69 -1.65 -0.81 -0.55 0.427 0.344 0.772 0.478 0.609 1.025 0 0 1 0 0 0
1978-02-27T22:30:00 1978 2 27 22 30 0 1.3 0.24 593.0 5.2 3.66 0.16 0.0 0.0 0 0 2 2 2 1 1 1 5.3 5.3 -63.0 -1.09 -0.78 -1.69 -1.65 -0.81 -0.55 0.422 0.346 0.771 0.473 0.608 1.032 0 0 1 0 0 0
1978-02-27T23:30:00 1978 2 27 23 30 0 1.3 0.24 597.3 5.0 3.53 0.16 0.0 0.0 0 0 1 1 1 0 1 1 5.3 5.3 -58.0 -1.09 -0.78 -1.69 -1.65 -0.81 -0.55 0.419 0.347 0.771 0.471 0.609 1.036 0 0 1 0 0 0
