1978-04-25T00:30:00 1978 4 25 0 30 0 -0.95 -0.19 535.0 3.2 1.76 0.13 0.51 0.16 1 0 2 2 2 1 1 1 4.7 4.15 -42.0 -1.21 -0.92 -1.81 -1.77 -0.95 -0.69 0.338 0.301 0.614 0.362 0.472 0.479 0 0 0 0 0 0
1978-04-25T01:30:00 1978 4 25 1 30 0 -1.05 -0.03 549.0 2.5 1.45 0.14 0.28 0.08 1 1 2 2 2 1 2 2 4.7 4.04 -39.0 -0.92 -0.66 -1.43 -1.4 -0.69 -0.47 0.321 0.275 0.608 0.331 0.417 0.416 0 0 0 0 1 1
1978-04-25T02:30:00 1978 4 25 2 30 0 -1.1 0.78 532.0 2.8 1.51 0.08 0.0 0.0 1 1 2 2 2 1 2 2 4.7 4.22 -43.0 0.6 0.65 0.49 0.5 0.65 0.69 0.233 0.151 0.592 0.204 0.16 0.192 0 1 0 0 1 1
1978-04-25T03:30:00 1978 4 25 3 30 0 -1.1 1.0 485.0 2.8 1.28 0.05 0.0 0.0 2 2 2 2 2 2 2 2 3.0 4.16 -41.0 1.0 1.0 1.0 1.0 1.0 1.0 0.157 0.075 0.574 0.114 0.051 0.08 0 1 0 0 1 1
1978-04-25T04:30:00 1978 4 25 4 30 0 0.3 -2.4 500.0 3.1 1.53 0.5 2.36 0.72 2 2 2 2 2 2 2 2 3.0 4.11 -41.0 -2.4 -2.4 -2.4 -2.4 -2.4 -2.4 0.21 0.213 0.565 0.173 0.369 0.331 1 2 0 1 2 2
1978-04-25T05:30:00 1978 4 25 5 30 0 0.15 -0.15 499.0 3.6 1.68 0.55 2.95 0.97 1 1 2 2 2 1 2 2 3.0 3.94 -44.0 -0.15 -0.15 -0.15 -0.15 -0.15 -0.15 0.225 0.247 0.555 0.166 0.361 0.409 1 1 0 1 1 1
1978-04-25T06:30:00 1978 4 25 6 30 0 0.0 2.1 500.0 3.0 1.5 0.0 0.0 0.0 2 2 2 2 2 2 2 2 3.3 3.82 -42.0 2.1 2.1 2.1 2.1 2.1 2.1 0.152 0.123 0.538 0.093 0.114 0.17 1 1 0 1 1 1
1978-04-25T07:30:00 1978 4 25 7 30 0 -1.1 -4.1 500.0 3.0 1.5 1.36 3.82 1.15 2 2 1 1 1 2 2 1 3.3 3.69 -41.0 -4.1 -4.1 -4.1 -4.1 -4.1 -4.1 0.261 0.304 0.539 0.261 0.534 0.454 1 1 0 1 1 1
1978-04-25T08:30:00 1978 4 25 8 30 0 -3.8 0.5 500.0 3.0 1.65 2.16 4.15 1.24 2 2 1 1 1 2 2 1 3.3 3.52 -42.0 0.5 0.5 0.5 0.5 0.5 0.5 0.275 0.297 0.533 0.247 0.415 0.417 1 1 0 1 1 1
1978-04-25T09:30:00 1978 4 25 9 30 0 -5.0 -2.6 500.0 3.55 2.11 3.14 3.0 1.02 2 2 1 1 1 2 2 1 3.0 3.32 -39.0 -2.6 -2.6 -2.6 -2.6 -2.6 -2.6 0.317 0.368 0.529 0.279 0.565 0.585 1 1 0 1 1 1
1978-04-25T10:30:00 1978 4 25 10 30 0 -2.8 -1.7 500.0 4.22 2.57 3.48 5.28 2.05 2 2 1 1 1 2 2 1 3.0 3.11 -41.0 -1.7 -1.7 -1.7 -1.7 -1.7 -1.7 0.394 0.467 0.53 0.348 0.703 0.822 1 1 0 1 1 1
1978-04-25T11:30:00 1978 4 25 11 30 0 -0.7 -0.3 500.0 4.9 3.03 0.8 2.35 1.06 2 2 1 1 1 2 2 1 3.0 3.11 -37.0 -0.3 -0.3 -0.3 -0.3 -0.3 -0.3 0.349 0.385 0.52 0.256 0.489 0.739 1 1 0 1 1 1
1978-04-25T12:30:00 1978 4 25 12 30 0 -3.4 -3.8 500.0 5.58 3.05 2.53 5.49 2.94 2 2 1 1 0 2 2 1 2.7 3.07 -29.0 -3.8 -3.8 -3.8 -3.8 -3.8 -3.8 0.487 0.584 0.532 0.465 0.904 1.303 1 1 0 1 1 1
1978-04-25T13:30:00 1978 4 25 13 30 0 -5.0 -0.3 500.0 5.94 3.05 3.78 4.76 2.72 2 2 1 0 0 2 2 1 2.7 3.03 -32.0 -0.3 -0.3 -0.3 -0.3 -0.3 -0.3 0.486 0.544 0.532 0.422 0.719 1.256 1 1 0 1 0 0
1978-04-25T14:30:00 1978 4 25 14 30 0 -4.1 1.3 500.0 5.95 3.05 1.73 0.04 0.02 2 2 1 0 0 2 2 1 2.7 2.96 -35.0 1.3 1.3 1.3 1.3 1.3 1.3 0.329 0.27 0.516 0.236 0.228 0.521 1 1 0 1 0 0
1978-04-25T15:30:00 1978 4 25 15 30 0 -4.7 0.1 500.0 5.95 3.05 1.59 0.0 0.0 2 2 1 0 0 2 2 1 3.0 2.92 -34.0 0.1 0.1 0.1 0.1 0.1 0.1 0.223 0.134 0.5 0.132 0.072 0.216 1 1 0 1 0 0
1978-04-25T16:30:00 1978 4 25 16 30 0 -4.3 -0.2 500.0 5.96 3.05 2.04 0.19 0.11 2 2 1 0 0 2 2 1 3.0 2.89 -31.0 -0.2 -0.2 -0.2 -0.2 -0.2 -0.2 0.166 0.111 0.485 0.08 0.105 0.277 1 0 0 1 0 0
1978-04-25T17:30:00 1978 4 25 17 30 0 -4.7 -0.8 500.0 5.96 3.05 2.42 1.31 0.78 2 2 1 0 0 2 2 1 3.0 2.89 -32.0 -0.8 -0.8 -0.8 -0.8 -0.8 -0.8 0.185 0.208 0.474 0.094 0.313 0.632 0 0 0 0 0 0
1978-04-25T18:30:00 1978 4 25 18 30 0 -2.8 0.8 500.0 5.96 3.04 1.41 0.42 0.25 2 2 1 0 0 2 2 1 2.7 2.85 -31.0 0.8 0.8 0.8 0.8 0.8 0.8 0.136 0.125 0.46 0.058 0.131 0.335 0 0 0 0 0 0
1978-04-25T19:30:00 1978 4 25 19 30 0 -2.8 1.0 500.0 5.97 3.04 0.51 0.0 0.0 2 2 1 0 0 2 2 1 2.7 2.81 -28.0 1.0 1.0 1.0 1.0 1.0 1.0 0.092 0.062 0.446 0.032 0.041 0.139 0 0 0 0 0 0
1978-04-25T20:30:00 1978 4 25 20 30 0 -0.7 2.5 500.2 5.97 3.04 0.13 0.0 0.0 2 2 1 0 0 2 2 1 2.7 2.81 -26.0 2.5 2.5 2.5 2.5 2.5 2.5 0.062 0.031 0.433 0.018 0.013 0.058 0 0 0 0 0 0
1978-04-25T21:30:00 1978 4 25 21 30 0 -2.1 0.8 500.6 5.98 3.04 0.1 0.0 0.0 2 2 1 0 0 2 2 1 2.3 2.76 -26.0 0.8 0.8 0.8 0.8 0.8 0.8 0.042 0.015 0.42 0.01 0.004 0.024 0 0 0 0 0 0
1978-04-25T22:30:00 1978 4 25 22 30 0 -3.1 0.3 501.1 5.98 3.04 0.56 0.0 0.0 2 2 1 0 0 2 2 1 2.3 2.7 -28.0 0.3 0.3 0.3 0.3 0.3 0.3 0.029 0.008 0.407 0.006 0.001 0.01 0 0 0 0 0 0
1978-04-25T23:30:00 1978 4 25 23 30 0 -2.3 1.8 501.5 5.98 3.04 0.45 0.0 0.0 2 2 1 0 0 2 2 1 2.3 2.62 -29.0 1.8 1.8 1.8 1.8 1.8 1.8 0.019 0.004 0.394 0.003 0.0 0.004 0 0 0 0 0 0
