1978-08-08T00:30:00 1978 8 8 0 30 0 2.8 -1.3 420.0 2.1 0.74 0.79 1.87 0.43 2 2 2 2 2 2 2 2 1.7 2.1 -9.0 -1.3 -1.3 -1.3 -1.3 -1.3 -1.3 0.149 0.216 0.235 0.093 0.257 0.195 2 2 2 2 2 2
1978-08-08T01:30:00 1978 8 8 1 30 0 2.6 -1.3 411.0 2.2 0.75 1.31 2.7 0.58 2 2 2 2 2 2 2 2 1.7 2.14 -13.0 -1.3 -1.3 -1.3 -1.3 -1.3 -1.3 0.184 0.263 0.233 0.119 0.309 0.215 2 2 2 2 2 2
1978-08-08T02:30:00 1978 8 8 2 30 0 2.4 -0.45 410.0 2.7 0.92 0.9 1.72 0.42 1 1 2 2 2 1 2 2 1.7 2.07 -15.0 -0.45 -0.45 -0.45 -0.45 -0.45 -0.45 0.178 0.242 0.228 0.101 0.251 0.203 2 1 2 2 1 1
1978-08-08T03:30:00 1978 8 8 3 30 0 2.2 0.4 404.0 3.1 1.05 0.45 0.21 0.06 2 2 2 2 2 2 2 2 1.3 1.94 -9.0 0.4 0.4 0.4 0.4 0.4 0.4 0.126 0.134 0.222 0.058 0.095 0.102 2 2 2 2 1 2
1978-08-08T04:30:00 1978 8 8 4 30 0 2.3 0.5 404.0 3.5 1.22 0.32 0.0 0.0 2 2 2 2 2 2 2 2 1.3 1.81 -3.0 0.5 0.5 0.5 0.5 0.5 0.5 0.085 0.066 0.215 0.033 0.03 0.042 2 2 2 2 1 2
1978-08-08T05:30:00 1978 8 8 5 30 0 2.9 0.3 410.0 3.4 1.25 0.47 0.0 0.0 2 2 2 2 2 2 2 2 1.3 1.69 -2.0 0.3 0.3 0.3 0.3 0.3 0.3 0.058 0.033 0.208 0.018 0.009 0.018 2 2 2 2 1 2
1978-08-08T06:30:00 1978 8 8 6 30 0 3.4 -0.1 406.0 3.4 1.2 0.81 0.03 0.01 2 2 2 2 2 2 2 2 1.3 1.57 0.0 -0.1 -0.1 -0.1 -0.1 -0.1 -0.1 0.042 0.027 0.202 0.011 0.02 0.027 2 2 2 2 2 2
1978-08-08T07:30:00 1978 8 8 7 30 0 3.4 -0.11 397.0 3.4 1.2 0.99 0.21 0.07 1 1 2 1 1 1 2 1 1.3 1.44 -2.0 -0.25 -0.21 -0.35 -0.34 -0.21 -0.17 0.047 0.063 0.196 0.016 0.072 0.081 1 1 2 1 1 1
1978-08-08T08:30:00 1978 8 8 8 30 0 2.78 -0.15 394.3 3.84 1.24 0.82 0.26 0.1 1 1 1 1 1 1 1 1 1.3 1.4 -5.0 -0.82 -0.6 -1.28 -1.25 -0.62 -0.43 0.084 0.132 0.194 0.063 0.159 0.153 1 1 2 1 1 1
1978-08-08T09:30:00 1978 8 8 9 30 0 2.09 -0.16 391.7 4.48 1.45 0.53 0.31 0.13 1 0 1 1 1 1 1 1 1.7 1.4 -6.0 -0.93 -0.67 -1.45 -1.42 -0.7 -0.48 0.132 0.198 0.195 0.124 0.226 0.228 0 0 2 0 0 0
1978-08-08T10:30:00 1978 8 8 10 30 0 2.2 -0.16 389.0 5.12 1.66 0.42 0.31 0.15 1 0 2 1 1 1 1 1 1.7 1.4 -5.0 -0.93 -0.67 -1.46 -1.42 -0.7 -0.48 0.171 0.243 0.196 0.168 0.26 0.291 0 0 2 0 0 0
1978-08-08T11:30:00 1978 8 8 11 30 0 3.01 -0.09 388.0 5.76 1.87 0.6 0.24 0.13 1 1 2 1 1 1 2 1 1.7 1.46 -4.0 -0.75 -0.53 -1.21 -1.18 -0.55 -0.36 0.191 0.258 0.196 0.183 0.258 0.327 1 1 2 1 1 1
1978-08-08T12:30:00 1978 8 8 12 30 0 3.7 0.3 377.0 6.2 1.91 0.85 0.01 0.01 1 1 2 1 1 1 2 1 1.7 1.51 -7.0 0.16 0.2 0.06 0.07 0.2 0.24 0.151 0.161 0.192 0.123 0.117 0.18 1 1 2 1 1 1
1978-08-08T13:30:00 1978 8 8 13 30 0 3.7 0.4 392.0 6.2 1.91 0.93 0.0 0.0 2 2 2 2 2 2 2 2 1.7 1.56 -8.0 0.4 0.4 0.4 0.4 0.4 0.4 0.102 0.08 0.186 0.069 0.037 0.075 1 1 2 1 1 1
1978-08-08T14:30:00 1978 8 8 14 30 0 4.2 -1.9 371.0 6.2 1.71 1.73 1.63 1.01 2 2 2 2 2 2 2 2 1.7 1.6 -9.0 -1.9 -1.9 -1.9 -1.9 -1.9 -1.9 0.168 0.261 0.185 0.122 0.29 0.404 1 2 2 2 2 2
1978-08-08T15:30:00 1978 8 8 15 30 0 3.5 -2.2 387.0 6.9 2.07 2.56 3.92 2.58 2 2 2 2 2 2 2 2 2.7 1.78 -6.0 -2.2 -2.2 -2.2 -2.2 -2.2 -2.2 0.297 0.486 0.191 0.249 0.537 0.779 2 2 2 2 2 2
1978-08-08T16:30:00 1978 8 8 16 30 0 2.4 -3.3 387.0 7.0 2.2 2.81 5.41 3.76 2 2 2 2 2 2 2 2 2.7 1.96 -3.0 -3.3 -3.3 -3.3 -3.3 -3.3 -3.3 0.453 0.698 0.205 0.429 0.754 1.117 2 2 2 2 2 2
1978-08-08T17:30:00 1978 8 8 17 30 0 2.95 -1.45 344.0 6.85 2.17 2.02 4.21 2.92 1 1 2 1 1 1 2 1 2.7 2.09 -5.0 -1.45 -1.45 -1.45 -1.45 -1.45 -1.45 0.483 0.696 0.21 0.41 0.625 0.994 2 1 2 2 1 1
1978-08-08T18:30:00 1978 8 8 18 30 0 3.5 0.4 400.0 6.7 2.14 1.02 0.92 0.62 2 2 2 2 2 2 2 2 1.3 2.03 -2.0 0.4 0.4 0.4 0.4 0.4 0.4 0.362 0.427 0.205 0.249 0.279 0.562 2 2 2 2 2 2
1978-08-08T19:30:00 1978 8 8 19 30 0 4.0 -0.7 399.0 7.5 3.17 1.26 0.5 0.37 2 2 2 2 2 2 2 2 1.3 1.97 -2.0 -0.7 -0.7 -0.7 -0.7 -0.7 -0.7 0.285 0.318 0.201 0.163 0.234 0.508 2 2 2 2 2 2
1978-08-08T20:30:00 1978 8 8 20 30 0 4.3 0.8 382.0 6.5 2.06 1.32 0.27 0.2 2 2 2 2 2 2 2 2 1.3 1.92 1.0 0.8 0.8 0.8 0.8 0.8 0.8 0.201 0.178 0.195 0.095 0.095 0.258 2 2 2 2 2 2
1978-08-08T21:30:00 1978 8 8 21 30 0 4.1 1.6 393.0 6.3 2.01 0.9 0.0 0.0 2 2 2 2 2 2 2 2 0.7 1.78 1.0 1.6 1.6 1.6 1.6 1.6 1.6 0.136 0.088 0.189 0.053 0.03 0.107 2 2 2 2 2 2
1978-08-08T22:30:00 1978 8 8 22 30 0 5.1 0.3 387.0 6.3 1.99 1.28 0.0 0.0 2 2 2 2 2 2 2 2 0.7 1.65 4.0 0.3 0.3 0.3 0.3 0.3 0.3 0.092 0.044 0.183 0.03 0.009 0.044 2 2 2 2 2 2
1978-08-08T23:30:00 1978 8 8 23 30 0 2.7 0.8 384.0 6.9 2.15 0.95 0.0 0.0 2 2 2 2 2 2 2 2 0.7 1.4 7.0 0.8 0.8 0.8 0.8 0.8 0.8 0.062 0.022 0.177 0.017 0.003 0.018 2 2 2 2 2 2
