1978-09-09T00:30:00 1978 9 9 0 30 0 1.9 9.8 437.0 5.5 2.1 0.13 0.0 0.0 2 2 2 2 2 2 2 2 3.3 2.2 -15.0 9.8 9.8 9.8 9.8 9.8 9.8 0.001 0.0 0.384 0.0 0.0 0.0 2 2 2 2 2 2
1978-09-09T01:30:00 1978 9 9 1 30 0 0.0 8.1 475.0 4.2 1.9 0.0 0.0 0.0 2 2 2 2 2 2 2 2 3.3 2.45 -17.0 8.1 8.1 8.1 8.1 8.1 8.1 0.001 0.0 0.372 0.0 0.0 0.0 2 2 2 2 2 2
1978-09-09T02:30:00 1978 9 9 2 30 0 10.9 4.6 476.0 7.2 3.26 1.64 0.0 0.0 2 2 2 2 2 2 2 2 3.3 2.58 -19.0 4.6 4.6 4.6 4.6 4.6 4.6 0.001 0.0 0.361 0.0 0.0 0.0 2 2 2 2 2 2
1978-09-09T03:30:00 1978 9 9 3 30 0 -1.8 6.8 483.0 22.9 10.68 1.05 0.0 0.0 2 2 2 2 2 2 2 2 3.7 2.76 1.0 6.8 6.8 6.8 6.8 6.8 6.8 0.0 0.0 0.35 0.0 0.0 0.0 2 2 2 2 2 2
1978-09-09T04:30:00 1978 9 9 4 30 0 -0.4 4.9 475.0 25.0 11.28 0.01 0.0 0.0 2 2 2 2 2 2 2 2 3.7 2.93 1.0 4.9 4.9 4.9 4.9 4.9 4.9 0.0 0.0 0.339 0.0 0.0 0.0 2 2 2 2 2 2
1978-09-09T05:30:00 1978 9 9 5 30 0 1.4 2.5 480.0 17.0 7.83 0.01 0.0 0.0 2 2 2 2 2 2 2 2 3.7 3.14 -6.0 2.5 2.5 2.5 2.5 2.5 2.5 0.0 0.0 0.329 0.0 0.0 0.0 2 2 2 2 2 2
1978-09-09T06:30:00 1978 9 9 6 30 0 0.4 -1.1 486.0 18.9 8.93 0.09 0.53 0.99 2 2 2 2 2 2 2 2 4.0 3.39 -7.0 -1.1 -1.1 -1.1 -1.1 -1.1 -1.1 0.066 0.157 0.323 0.055 0.286 1.303 2 2 2 2 2 2
1978-09-09T07:30:00 1978 9 9 7 30 0 0.1 -4.1 484.0 11.6 5.43 2.3 6.6 9.43 2 2 2 2 2 2 2 2 4.0 3.63 -15.0 -4.1 -4.1 -4.1 -4.1 -4.1 -4.1 0.45 0.745 0.358 0.578 1.236 3.862 2 2 2 2 2 2
1978-09-09T08:30:00 1978 9 9 8 30 0 1.8 -3.9 476.0 10.5 4.76 4.54 9.57 10.54 2 2 2 2 2 2 2 2 4.0 3.72 -22.0 -3.9 -3.9 -3.9 -3.9 -3.9 -3.9 0.769 1.08 0.405 0.993 1.586 4.331 2 2 2 2 2 2
1978-09-09T09:30:00 1978 9 9 9 30 0 1.0 -5.8 472.0 8.2 3.65 6.75 11.67 10.72 2 2 2 2 2 2 2 2 5.0 3.94 -31.0 -5.8 -5.8 -5.8 -5.8 -5.8 -5.8 1.053 1.31 0.466 1.411 1.812 4.17 2 2 2 2 2 2
1978-09-09T10:30:00 1978 9 9 10 30 0 -1.9 -5.1 470.0 7.2 3.18 7.77 12.76 9.79 2 2 2 2 2 2 2 2 5.0 4.15 -43.0 -5.1 -5.1 -5.1 -5.1 -5.1 -5.1 1.227 1.379 0.524 1.613 1.798 3.639 2 2 2 2 2 2
1978-09-09T11:30:00 1978 9 9 11 30 0 -2.7 -5.1 470.0 5.1 2.25 7.57 11.98 7.27 2 2 2 2 2 2 2 2 5.0 4.32 -40.0 -5.1 -5.1 -5.1 -5.1 -5.1 -5.1 1.275 1.311 0.568 1.597 1.632 2.829 2 2 2 2 2 2
1978-09-09T12:30:00 1978 9 9 12 30 0 -3.2 -5.7 454.0 4.7 1.94 8.69 12.51 6.11 2 2 2 2 2 2 2 2 4.7 4.44 -44.0 -5.7 -5.7 -5.7 -5.7 -5.7 -5.7 1.297 1.256 0.61 1.583 1.525 2.208 2 2 2 2 2 2
1978-09-09T13:30:00 1978 9 9 13 30 0 -3.2 -5.4 469.0 6.0 2.64 9.18 12.79 6.91 2 2 2 2 2 2 2 2 4.7 4.56 -52.0 -5.4 -5.4 -5.4 -5.4 -5.4 -5.4 1.34 1.271 0.655 1.627 1.575 2.206 2 2 2 2 2 2
1978-09-09T14:30:00 1978 9 9 14 30 0 2.8 -3.0 480.0 4.9 2.26 5.07 9.73 5.31 2 2 2 2 2 2 2 2 4.7 4.64 -52.0 -3.0 -3.0 -3.0 -3.0 -3.0 -3.0 1.245 1.122 0.677 1.378 1.336 1.941 2 2 2 2 2 2
1978-09-09T15:30:00 1978 9 9 15 30 0 2.3 -6.1 481.0 5.4 2.5 7.01 11.24 5.84 2 2 2 2 2 2 2 2 4.7 4.73 -53.0 -6.1 -6.1 -6.1 -6.1 -6.1 -6.1 1.273 1.158 0.716 1.457 1.504 2.048 2 2 2 2 2 2
1978-09-09T16:30:00 1978 9 9 16 30 0 2.5 -4.9 470.0 6.1 2.69 8.62 12.95 7.47 2 2 2 2 2 2 2 2 4.7 4.81 -55.0 -4.9 -4.9 -4.9 -4.9 -4.9 -4.9 1.327 1.223 0.76 1.556 1.587 2.253 2 2 2 2 2 2
1978-09-09T17:30:00 1978 9 9 17 30 0 2.9 -3.5 463.0 7.5 3.22 5.63 9.66 6.58 2 2 2 2 2 2 2 2 4.7 4.77 -53.0 -3.5 -3.5 -3.5 -3.5 -3.5 -3.5 1.281 1.183 0.783 1.408 1.451 2.391 2 2 2 2 2 2
1978-09-09T18:30:00 1978 9 9 18 30 0 4.9 -1.4 464.0 7.7 3.32 3.73 5.47 4.16 2 2 2 2 2 2 2 2 3.7 4.6 -53.0 -1.4 -1.4 -1.4 -1.4 -1.4 -1.4 1.094 0.973 0.78 1.035 1.07 2.113 2 2 2 2 2 2
1978-09-09T19:30:00 1978 9 9 19 30 0 5.0 -0.7 459.0 6.0 2.53 3.06 2.36 1.62 2 2 2 2 2 2 2 2 3.7 4.44 -48.0 -0.7 -0.7 -0.7 -0.7 -0.7 -0.7 0.847 0.694 0.764 0.66 0.667 1.475 2 2 2 2 2 2
1978-09-09T20:30:00 1978 9 9 20 30 0 2.3 -2.3 450.0 6.8 2.75 2.34 3.55 2.31 2 2 2 2 2 2 2 2 3.7 4.31 -38.0 -2.3 -2.3 -2.3 -2.3 -2.3 -2.3 0.751 0.67 0.754 0.551 0.733 1.432 2 2 2 2 2 2
1978-09-09T21:30:00 1978 9 9 21 30 0 4.3 -0.8 432.0 6.5 2.43 2.06 3.29 2.19 2 2 2 2 2 2 2 2 4.3 4.26 -41.0 -0.8 -0.8 -0.8 -0.8 -0.8 -0.8 0.645 0.591 0.741 0.426 0.607 1.222 2 2 2 2 2 2
1978-09-09T22:30:00 1978 9 9 22 30 0 -2.0 -3.9 448.0 6.1 2.45 2.31 5.48 3.42 2 2 2 2 2 2 2 2 4.3 4.22 -45.0 -3.9 -3.9 -3.9 -3.9 -3.9 -3.9 0.696 0.729 0.743 0.562 0.885 1.444 2 2 2 2 2 2
1978-09-09T23:30:00 1978 9 9 23 30 0 -3.2 -1.0 442.0 5.7 2.23 2.55 5.19 3.07 2 2 2 2 2 2 2 2 4.3 4.17 -46.0 -1.0 -1.0 -1.0 -1.0 -1.0 -1.0 0.659 0.681 0.737 0.511 0.755 1.279 2 2 2 2 2 2
