1978-07-19T00:30:00 1978 7 19 0 30 0 0.78 0.48 397.0 4.6 1.46 0.02 0.0 0.0 0 0 2 2 2 1 1 1 3.0 4.29 -18.0 -0.74 -0.52 -1.18 -1.16 -0.54 -0.36 0.275 0.302 0.206 0.218 0.255 0.537 0 0 0 0 0 0
1978-07-19T01:30:00 1978 7 19 1 30 0 0.78 0.47 398.4 4.6 1.46 0.02 0.0 0.0 0 0 1 1 1 0 1 1 3.0 4.12 -20.0 -0.74 -0.52 -1.18 -1.16 -0.54 -0.36 0.252 0.268 0.205 0.198 0.239 0.385 0 0 0 0 0 0
1978-07-19T02:30:00 1978 7 19 2 30 0 0.78 0.47 399.9 5.19 1.53 0.02 0.0 0.0 0 0 1 1 1 0 1 1 3.0 3.98 -20.0 -0.74 -0.52 -1.19 -1.16 -0.54 -0.36 0.24 0.257 0.204 0.19 0.241 0.343 0 0 0 0 0 0
1978-07-19T03:30:00 1978 7 19 3 30 0 0.78 0.47 401.3 6.06 1.95 0.02 0.0 0.0 0 0 1 1 1 0 1 1 3.0 3.85 -17.0 -0.74 -0.52 -1.19 -1.16 -0.54 -0.36 0.235 0.259 0.204 0.19 0.253 0.365 0 0 0 0 0 0
1978-07-19T04:30:00 1978 7 19 4 30 0 0.78 0.47 402.7 6.94 2.37 0.02 0.0 0.0 0 0 1 1 1 0 1 1 3.0 3.72 -13.0 -0.74 -0.52 -1.19 -1.16 -0.54 -0.36 0.236 0.27 0.205 0.196 0.268 0.421 0 0 0 0 0 0
1978-07-19T05:30:00 1978 7 19 5 30 0 0.77 0.47 404.1 7.81 2.78 0.02 0.0 0.0 0 0 1 1 1 0 1 1 3.0 3.48 3.0 -0.74 -0.52 -1.19 -1.16 -0.54 -0.36 0.241 0.283 0.205 0.205 0.284 0.494 0 0 0 0 0 0
1978-07-19T06:30:00 1978 7 19 6 30 0 0.77 0.47 405.6 8.4 2.86 0.02 0.0 0.0 0 0 1 1 1 0 1 1 3.7 3.33 -5.0 -0.74 -0.52 -1.19 -1.16 -0.54 -0.36 0.248 0.296 0.206 0.213 0.297 0.564 0 0 0 0 0 0
1978-07-19T07:30:00 1978 7 19 7 30 0 0.77 0.47 407.0 8.4 2.86 0.02 0.0 0.0 0 0 2 2 2 1 1 1 3.7 3.18 -8.0 -0.74 -0.52 -1.19 -1.16 -0.54 -0.36 0.253 0.304 0.207 0.22 0.304 0.606 0 0 0 0 0 0
1978-07-19T08:30:00 1978 7 19 8 30 0 0.77 0.46 406.0 7.3 2.52 0.02 0.0 0.0 0 0 2 2 2 1 1 1 3.7 3.27 -9.0 -0.74 -0.52 -1.19 -1.16 -0.54 -0.36 0.254 0.302 0.208 0.219 0.298 0.581 0 0 0 0 0 0
1978-07-19T09:30:00 1978 7 19 9 30 0 0.77 0.46 410.0 6.7 2.38 0.02 0.0 0.0 0 0 2 2 2 1 1 1 2.3 3.18 -11.0 -0.74 -0.52 -1.19 -1.16 -0.54 -0.36 0.251 0.293 0.208 0.216 0.289 0.533 0 0 0 0 0 0
1978-07-19T10:30:00 1978 7 19 10 30 0 0.76 0.46 421.0 5.7 2.09 0.02 0.0 0.0 0 0 2 2 2 1 1 1 2.3 3.08 -16.0 -0.74 -0.52 -1.19 -1.16 -0.54 -0.36 0.247 0.281 0.209 0.211 0.282 0.479 0 0 0 0 0 0
1978-07-19T11:30:00 1978 7 19 11 30 0 0.76 0.46 417.0 6.0 2.17 0.02 0.0 0.0 0 0 2 2 2 1 1 1 2.3 2.99 -15.0 -0.74 -0.52 -1.19 -1.16 -0.54 -0.36 0.243 0.274 0.209 0.208 0.28 0.452 0 0 0 0 0 0
1978-07-19T12:30:00 1978 7 19 12 30 0 0.76 0.46 409.0 6.5 2.25 0.02 0.0 0.0 0 0 1 1 1 0 1 1 2.3 2.9 -7.0 -0.74 -0.52 -1.19 -1.16 -0.54 -0.36 0.242 0.274 0.21 0.207 0.279 0.454 0 0 0 0 0 0
1978-07-19T13:30:00 1978 7 19 13 30 0 0.76 0.46 401.0 7.0 2.33 0.02 0.0 0.0 0 0 2 2 2 1 1 1 2.3 2.81 -5.0 -0.74 -0.52 -1.19 -1.16 -0.54 -0.36 0.242 0.279 0.21 0.207 0.279 0.469 0 0 0 0 0 0
1978-07-19T14:30:00 1978 7 19 14 30 0 0.76 0.46 406.0 4.8 1.7 0.02 0.0 0.0 0 0 2 2 2 1 1 1 2.3 2.64 -7.0 -0.74 -0.52 -1.19 -1.16 -0.54 -0.36 0.236 0.268 0.21 0.199 0.262 0.407 0 0 0 0 0 0
1978-07-19T15:30:00 1978 7 19 15 30 0 0.76 0.46 419.0 2.1 0.78 0.02 0.0 0.0 0 0 2 2 2 1 1 1 1.7 2.39 -14.0 -0.74 -0.52 -1.19 -1.16 -0.54 -0.36 0.218 0.23 0.208 0.178 0.222 0.27 0 0 0 0 0 0
1978-07-19T16:30:00 1978 7 19 16 30 0 0.75 0.45 414.7 2.23 0.81 0.02 0.0 0.0 0 0 1 1 1 0 1 1 1.7 2.14 -16.0 -0.74 -0.52 -1.19 -1.16 -0.54 -0.36 0.199 0.199 0.206 0.158 0.196 0.181 0 0 0 0 0 0
1978-07-19T17:30:00 1978 7 19 17 30 0 0.75 0.45 410.3 2.37 0.83 0.02 0.0 0.0 0 0 1 1 1 0 1 1 1.7 2.07 -13.0 -0.74 -0.52 -1.19 -1.16 -0.54 -0.36 0.187 0.186 0.205 0.148 0.189 0.149 0 0 0 0 0 0
1978-07-19T18:30:00 1978 7 19 18 30 0 0.75 0.45 406.0 2.5 0.86 0.02 0.0 0.0 0 0 2 2 2 1 1 1 1.3 1.94 -15.0 -0.74 -0.52 -1.19 -1.16 -0.54 -0.36 0.179 0.182 0.203 0.143 0.187 0.138 0 0 0 0 0 0
1978-07-19T19:30:00 1978 7 19 19 30 0 0.75 0.45 402.0 1.6 0.51 0.02 0.0 0.0 0 0 2 2 2 1 1 1 1.3 1.81 -15.0 -0.74 -0.52 -1.19 -1.16 -0.55 -0.36 0.169 0.169 0.201 0.133 0.172 0.11 0 0 0 0 0 0
1978-07-19T20:30:00 1978 7 19 20 30 0 0.75 0.45 400.3 1.93 0.63 0.02 0.0 0.0 0 0 1 1 1 0 1 1 1.3 1.69 -17.0 -0.74 -0.52 -1.19 -1.16 -0.55 -0.36 0.161 0.162 0.199 0.126 0.166 0.096 0 0 0 0 0 0
1978-07-19T21:30:00 1978 7 19 21 30 0 0.75 0.45 398.7 2.27 0.75 0.02 0.0 0.0 0 0 1 1 1 0 1 1 1.0 1.53 -22.0 -0.74 -0.52 -1.19 -1.16 -0.55 -0.36 0.158 0.164 0.197 0.126 0.171 0.102 0 0 0 0 0 0
1978-07-19T22:30:00 1978 7 19 22 30 0 0.74 0.45 397.0 2.6 0.87 0.02 0.0 0.0 0 0 2 2 2 1 1 1 1.0 1.37 -16.0 -0.74 -0.52 -1.19 -1.16 -0.55 -0.36 0.159 0.171 0.195 0.129 0.179 0.116 0 0 0 0 0 0
1978-07-19T23:30:00 1978 7 19 23 30 0 0.74 0.44 396.0 2.5 0.84 0.02 0.0 0.0 0 0 2 2 2 1 1 1 1.0 1.28 -10.0 -0.74 -0.52 -1.19 -1.16 -0.55 -0.36 0.16 0.175 0.193 0.131 0.181 0.123 0 0 0 0 0 0
