1978-01-25T00:30:00 1978 1 25 0 30 0 0.42 0.27 276.0 15.9 2.05 0.0 0.0 0.0 0 0 2 2 2 1 1 1 0.3 1.51 1.0 -1.3 -0.95 -1.98 -1.94 -0.98 -0.68 0.412 0.589 0.22 0.365 0.331 0.839 0 0 0 0 0 0
1978-01-25T01:30:00 1978 1 25 1 30 0 0.42 0.27 275.0 15.7 2.01 0.0 0.0 0.0 0 0 2 2 2 1 1 1 0.3 1.18 0.0 -1.3 -0.95 -1.98 -1.94 -0.98 -0.68 0.41 0.586 0.221 0.36 0.325 0.809 0 0 0 0 0 0
1978-01-25T02:30:00 1978 1 25 2 30 0 0.42 0.27 276.5 15.9 2.09 0.0 0.0 0.0 0 0 1 1 1 0 1 1 0.3 0.93 -1.0 -1.3 -0.95 -1.98 -1.94 -0.98 -0.68 0.408 0.585 0.221 0.358 0.324 0.802 0 0 0 0 0 0
1978-01-25T03:30:00 1978 1 25 3 30 0 0.43 0.27 278.0 16.1 2.17 0.0 0.0 0.0 0 0 2 2 2 1 1 1 1.7 0.87 0.0 -1.3 -0.95 -1.98 -1.93 -0.98 -0.68 0.408 0.586 0.222 0.358 0.327 0.814 0 0 0 0 0 0
1978-01-25T04:30:00 1978 1 25 4 30 0 0.43 0.27 283.8 15.93 2.17 0.01 0.0 0.0 0 0 1 1 1 0 1 1 1.7 0.81 -1.0 -1.3 -0.95 -1.98 -1.93 -0.98 -0.68 0.41 0.587 0.223 0.361 0.333 0.835 0 0 0 0 0 0
1978-01-25T05:30:00 1978 1 25 5 30 0 0.43 0.27 289.7 14.96 2.14 0.01 0.0 0.0 0 0 1 1 1 0 1 1 1.7 0.94 -5.0 -1.3 -0.95 -1.98 -1.93 -0.98 -0.68 0.411 0.583 0.224 0.363 0.338 0.838 0 0 0 0 0 0
1978-01-25T06:30:00 1978 1 25 6 30 0 0.43 0.27 295.5 14.0 2.1 0.01 0.0 0.0 0 0 1 1 1 0 1 1 1.3 1.01 -10.0 -1.3 -0.95 -1.98 -1.93 -0.98 -0.68 0.41 0.573 0.226 0.365 0.341 0.822 0 0 0 0 0 0
1978-01-25T07:30:00 1978 1 25 7 30 0 0.43 0.27 301.3 13.04 2.05 0.01 0.0 0.0 0 0 1 1 1 0 1 1 1.3 1.09 -11.0 -1.3 -0.95 -1.98 -1.93 -0.98 -0.68 0.409 0.56 0.227 0.364 0.343 0.796 0 0 0 0 0 0
1978-01-25T08:30:00 1978 1 25 8 30 0 0.43 0.27 307.2 12.07 2.02 0.01 0.0 0.0 0 0 1 1 1 0 1 1 1.3 1.21 -6.0 -1.3 -0.95 -1.98 -1.93 -0.98 -0.68 0.406 0.545 0.229 0.363 0.343 0.763 0 0 0 0 0 0
1978-01-25T09:30:00 1978 1 25 9 30 0 0.43 0.27 313.0 11.9 2.02 0.01 0.0 0.0 0 0 2 2 2 1 1 1 1.3 1.33 -5.0 -1.3 -0.95 -1.97 -1.93 -0.98 -0.68 0.404 0.535 0.231 0.364 0.348 0.749 0 0 0 0 0 0
1978-01-25T10:30:00 1978 1 25 10 30 0 0.43 0.27 313.0 12.2 2.09 0.01 0.0 0.0 0 0 2 2 2 1 1 1 1.3 1.44 -9.0 -1.3 -0.95 -1.97 -1.93 -0.98 -0.68 0.404 0.531 0.233 0.366 0.352 0.757 0 0 0 0 0 0
1978-01-25T11:30:00 1978 1 25 11 30 0 0.43 0.28 310.0 12.8 2.19 0.01 0.0 0.0 0 0 2 2 2 1 1 1 1.3 1.4 -13.0 -1.3 -0.95 -1.97 -1.93 -0.98 -0.68 0.405 0.534 0.235 0.369 0.355 0.777 0 0 0 0 0 0
1978-01-25T12:30:00 1978 1 25 12 30 0 2.45 0.28 319.0 13.4 2.36 0.14 0.0 0.0 1 0 2 2 2 1 1 1 2.7 1.53 -11.0 -1.3 -0.95 -1.97 -1.93 -0.98 -0.68 0.41 0.542 0.237 0.377 0.368 0.835 0 0 0 0 0 0
1978-01-25T13:30:00 1978 1 25 13 30 0 7.85 0.28 333.3 15.63 3.21 1.83 0.0 0.0 1 0 1 1 1 1 1 1 2.7 1.66 -6.0 -1.3 -0.95 -1.97 -1.93 -0.98 -0.68 0.424 0.564 0.24 0.4 0.403 1.007 0 0 0 0 0 0
1978-01-25T14:30:00 1978 1 25 14 30 0 13.25 0.51 347.7 17.87 4.06 6.62 0.0 0.0 1 1 1 1 1 1 1 1 2.7 1.84 -8.0 -0.86 -0.55 -1.44 -1.41 -0.59 -0.32 0.416 0.532 0.243 0.387 0.384 1.095 0 0 0 0 1 1
1978-01-25T15:30:00 1978 1 25 15 30 0 16.2 1.69 362.0 20.1 4.91 11.27 0.0 0.0 1 1 2 2 2 1 2 2 3.0 2.06 -6.0 1.4 1.46 1.28 1.28 1.46 1.51 0.291 0.272 0.236 0.23 0.131 0.454 0 0 0 0 1 1
1978-01-25T16:30:00 1978 1 25 16 30 0 16.2 2.0 377.0 29.4 7.48 12.88 0.0 0.0 2 2 2 2 2 2 2 2 3.0 2.27 5.0 2.0 2.0 2.0 2.0 2.0 2.0 0.197 0.135 0.229 0.129 0.041 0.188 0 0 0 0 1 1
1978-01-25T17:30:00 1978 1 25 17 30 0 15.7 8.2 375.0 41.4 10.77 9.45 0.0 0.0 2 2 2 2 2 2 2 2 3.0 2.48 8.0 8.2 8.2 8.2 8.2 8.2 8.2 0.134 0.067 0.222 0.072 0.013 0.078 0 0 0 0 1 1
1978-01-25T18:30:00 1978 1 25 18 30 0 13.4 6.7 373.0 73.2 17.76 6.23 0.0 0.0 2 2 2 2 2 2 2 2 3.3 2.73 23.0 6.7 6.7 6.7 6.7 6.7 6.7 0.09 0.033 0.215 0.04 0.004 0.032 0 0 0 0 1 1
1978-01-25T19:30:00 1978 1 25 19 30 0 12.2 13.5 384.0 79.8 20.52 3.69 0.0 0.0 2 2 2 2 2 2 2 2 3.3 2.97 24.0 13.5 13.5 13.5 13.5 13.5 13.5 0.061 0.017 0.209 0.023 0.001 0.013 0 0 0 0 1 1
1978-01-25T20:30:00 1978 1 25 20 30 0 -3.6 21.4 386.0 51.3 13.58 0.37 0.0 0.0 2 2 2 2 2 2 2 2 3.3 3.04 23.0 21.4 21.4 21.4 21.4 21.4 21.4 0.041 0.008 0.202 0.013 0.0 0.006 0 0 0 0 1 1
1978-01-25T21:30:00 1978 1 25 21 30 0 -6.07 17.3 387.0 43.0 12.17 0.14 0.0 0.0 1 1 2 2 2 1 2 2 4.3 3.25 15.0 17.3 17.3 17.3 17.3 17.3 17.3 0.028 0.004 0.196 0.007 0.0 0.002 0 0 0 0 1 1
1978-01-25T22:30:00 1978 1 25 22 30 0 -8.53 -0.5 399.4 43.0 12.17 1.85 0.08 0.36 1 1 1 1 1 1 1 1 4.3 3.45 -2.0 -0.5 -0.5 -0.5 -0.5 -0.5 -0.5 0.052 0.105 0.191 0.024 0.138 1.179 1 1 0 1 1 1
1978-01-25T23:30:00 1978 1 25 23 30 0 -11.0 -4.6 411.8 43.0 11.3 10.93 5.55 23.85 2 2 1 1 1 2 2 1 4.3 3.62 -19.0 -4.6 -4.6 -4.6 -4.6 -4.6 -4.6 0.607 1.182 0.236 0.789 1.506 10.423 1 1 0 1 1 1
