1978-06-18T00:30:00 1978 6 18 0 30 0 -1.1 4.5 399.0 7.5 2.39 0.55 0.46 0.33 2 2 2 2 2 2 2 2 2.7 2.2 1.0 4.5 4.5 4.5 4.5 4.5 4.5 0.219 0.221 0.203 0.121 0.168 0.371 2 2 2 2 2 2
1978-06-18T01:30:00 1978 6 18 1 30 0 2.8 2.4 390.0 7.5 2.28 0.05 0.0 0.0 2 2 2 2 2 2 2 2 2.7 2.29 4.0 2.4 2.4 2.4 2.4 2.4 2.4 0.148 0.11 0.197 0.068 0.053 0.154 2 2 2 2 2 2
1978-06-18T02:30:00 1978 6 18 2 30 0 2.9 2.7 391.0 7.5 2.29 0.22 0.0 0.0 2 2 2 2 2 2 2 2 2.7 2.34 4.0 2.7 2.7 2.7 2.7 2.7 2.7 0.1 0.055 0.191 0.038 0.017 0.064 2 2 2 2 2 2
1978-06-18T03:30:00 1978 6 18 3 30 0 -1.0 3.0 385.0 8.7 2.58 0.03 0.0 0.0 2 2 2 2 2 2 2 2 2.0 2.3 4.0 3.0 3.0 3.0 3.0 3.0 3.0 0.068 0.027 0.185 0.021 0.005 0.027 2 2 2 2 2 2
1978-06-18T04:30:00 1978 6 18 4 30 0 3.5 4.4 395.0 8.0 2.5 0.06 0.0 0.0 2 2 2 2 2 2 2 2 2.0 2.26 6.0 4.4 4.4 4.4 4.4 4.4 4.4 0.046 0.013 0.179 0.012 0.002 0.011 2 2 2 2 2 2
1978-06-18T05:30:00 1978 6 18 5 30 0 5.6 -1.5 390.0 7.6 2.31 1.46 0.5 0.38 2 2 2 2 2 2 2 2 2.0 2.26 10.0 -1.5 -1.5 -1.5 -1.5 -1.5 -1.5 0.074 0.109 0.176 0.046 0.146 0.238 2 2 2 2 2 2
1978-06-18T06:30:00 1978 6 18 6 30 0 4.7 -2.5 400.0 7.4 2.37 3.75 4.04 3.02 2 2 2 2 2 2 2 2 2.7 2.35 9.0 -2.5 -2.5 -2.5 -2.5 -2.5 -2.5 0.253 0.44 0.185 0.234 0.556 0.884 2 2 2 2 2 2
1978-06-18T07:30:00 1978 6 18 7 30 0 4.6 -2.6 403.0 7.3 2.37 3.97 5.13 3.77 2 2 2 2 2 2 2 2 2.7 2.44 5.0 -2.6 -2.6 -2.6 -2.6 -2.6 -2.6 0.408 0.648 0.198 0.391 0.749 1.229 2 2 2 2 2 2
1978-06-18T08:30:00 1978 6 18 8 30 0 4.6 -2.18 371.0 7.3 2.37 3.57 4.58 3.34 1 1 2 1 1 1 2 1 2.7 2.44 2.0 -2.36 -2.31 -2.46 -2.46 -2.31 -2.26 0.493 0.728 0.208 0.455 0.735 1.231 2 1 2 1 1 1
1978-06-18T09:30:00 1978 6 18 9 30 0 3.72 -0.61 362.0 7.44 2.37 2.09 2.44 1.8 1 1 2 1 1 1 2 1 2.3 2.39 7.0 -1.48 -1.22 -1.96 -1.93 -1.24 -1.01 0.494 0.665 0.214 0.434 0.578 1.007 1 1 2 1 1 1
1978-06-18T10:30:00 1978 6 18 10 30 0 2.65 -0.31 363.0 7.65 2.37 0.92 0.81 0.61 1 0 2 1 1 1 1 1 2.3 2.34 10.0 -1.31 -1.01 -1.86 -1.83 -1.04 -0.77 0.462 0.569 0.217 0.397 0.457 0.807 1 1 2 1 0 1
1978-06-18T11:30:00 1978 6 18 11 30 0 2.52 -0.31 361.0 7.85 2.38 0.6 0.56 0.44 1 0 2 1 1 1 1 1 2.3 2.38 7.0 -1.31 -1.01 -1.86 -1.83 -1.04 -0.77 0.437 0.515 0.22 0.373 0.41 0.716 1 0 1 0 0 0
1978-06-18T12:30:00 1978 6 18 12 30 0 3.39 -0.55 362.0 8.06 2.38 0.84 0.8 0.63 1 1 2 1 1 1 2 1 3.3 2.54 2.0 -1.42 -1.16 -1.89 -1.87 -1.18 -0.95 0.427 0.506 0.223 0.365 0.416 0.725 1 1 1 1 1 1
1978-06-18T13:30:00 1978 6 18 13 30 0 4.2 -1.78 366.0 8.2 2.38 1.78 2.22 1.81 1 1 2 1 1 1 2 1 3.3 2.71 -1.0 -1.96 -1.9 -2.06 -2.05 -1.91 -1.86 0.454 0.582 0.228 0.378 0.516 0.905 1 1 1 1 1 1
1978-06-18T14:30:00 1978 6 18 14 30 0 4.2 -2.1 381.0 8.2 2.38 2.7 3.66 3.0 2 2 2 2 2 2 2 2 3.3 2.78 4.0 -2.1 -2.1 -2.1 -2.1 -2.1 -2.1 0.5 0.672 0.233 0.403 0.625 1.126 1 2 1 1 2 2
1978-06-18T15:30:00 1978 6 18 15 30 0 5.5 -0.2 386.0 8.2 2.44 2.57 2.05 1.68 2 2 2 2 2 2 2 2 2.7 2.78 6.0 -0.2 -0.2 -0.2 -0.2 -0.2 -0.2 0.428 0.53 0.231 0.29 0.422 0.912 1 2 1 2 2 2
1978-06-18T16:30:00 1978 6 18 16 30 0 5.1 0.2 394.0 9.0 2.79 2.12 0.08 0.07 2 2 2 2 2 2 2 2 2.7 2.78 7.0 0.2 0.2 0.2 0.2 0.2 0.2 0.293 0.273 0.224 0.163 0.143 0.408 1 2 1 2 2 2
1978-06-18T17:30:00 1978 6 18 17 30 0 1.5 1.1 402.0 10.4 3.36 0.7 0.0 0.0 2 2 2 2 2 2 2 2 2.7 2.83 9.0 1.1 1.1 1.1 1.1 1.1 1.1 0.198 0.135 0.217 0.091 0.045 0.169 1 2 1 2 2 2
1978-06-18T18:30:00 1978 6 18 18 30 0 1.5 0.84 378.0 9.2 2.57 0.08 0.0 0.0 1 1 2 2 2 1 2 2 2.7 2.87 6.0 0.65 0.71 0.55 0.56 0.7 0.75 0.134 0.067 0.211 0.051 0.014 0.07 1 2 1 2 2 2
1978-06-18T19:30:00 1978 6 18 19 30 0 1.2 -0.14 383.0 11.0 3.22 0.11 0.03 0.03 1 1 2 2 2 1 2 2 2.7 2.92 6.0 -1.0 -0.74 -1.48 -1.45 -0.77 -0.53 0.149 0.145 0.208 0.099 0.157 0.306 1 1 1 1 1 1
1978-06-18T20:30:00 1978 6 18 20 30 0 1.05 -0.33 378.0 10.5 2.93 0.14 0.46 0.49 1 0 2 2 2 1 1 1 2.7 2.84 -1.0 -1.31 -1.01 -1.86 -1.83 -1.05 -0.77 0.236 0.326 0.213 0.222 0.36 0.734 1 0 1 0 0 0
1978-06-18T21:30:00 1978 6 18 21 30 0 1.57 -0.34 367.0 9.7 2.58 0.21 0.62 0.63 1 0 2 2 2 1 1 1 2.3 2.72 -2.0 -1.31 -1.01 -1.86 -1.83 -1.05 -0.77 0.299 0.423 0.218 0.297 0.42 0.859 0 0 1 0 0 0
1978-06-18T22:30:00 1978 6 18 22 30 0 2.42 -0.36 387.0 14.0 4.05 0.43 0.66 0.8 1 1 2 2 2 1 2 2 2.3 2.6 0.0 -1.21 -0.95 -1.68 -1.65 -0.97 -0.74 0.351 0.494 0.223 0.346 0.475 1.159 1 1 1 1 1 1
1978-06-18T23:30:00 1978 6 18 23 30 0 3.0 -0.47 387.0 14.2 4.03 0.76 0.81 1.15 1 1 2 2 2 1 2 2 2.3 2.54 5.0 -0.65 -0.59 -0.75 -0.74 -0.6 -0.55 0.35 0.488 0.224 0.297 0.439 1.335 1 1 1 1 1 1
