1978-09-26T00:30:00 1978 9 26 0 30 0 -3.6 4.2 466.0 23.8 10.34 0.37 0.0 0.0 2 2 2 2 2 2 2 2 2.7 3.92 -24.0 4.2 4.2 4.2 4.2 4.2 4.2 0.573 0.208 1.002 0.383 0.046 0.608 2 2 2 2 2 2
1978-09-26T01:30:00 1978 9 26 1 30 0 -4.9 5.1 462.0 20.6 8.79 0.49 0.0 0.0 2 2 2 2 2 2 2 2 2.7 3.55 -23.0 5.1 5.1 5.1 5.1 5.1 5.1 0.388 0.103 0.971 0.215 0.015 0.252 2 2 2 2 2 2
1978-09-26T02:30:00 1978 9 26 2 30 0 -3.8 0.3 445.0 19.9 7.88 0.82 0.0 0.0 2 2 2 2 2 2 2 2 2.7 3.42 -22.0 0.3 0.3 0.3 0.3 0.3 0.3 0.263 0.051 0.942 0.12 0.005 0.105 2 2 2 2 2 2
1978-09-26T03:30:00 1978 9 26 3 30 0 -1.7 -3.2 451.0 20.2 8.22 1.84 3.59 7.22 2 2 2 2 2 2 2 2 4.7 3.56 -23.0 -3.2 -3.2 -3.2 -3.2 -3.2 -3.2 0.481 0.613 0.938 0.424 0.908 3.676 2 2 2 2 2 2
1978-09-26T04:30:00 1978 9 26 4 30 0 -1.5 1.2 491.0 14.6 7.04 0.87 2.39 4.45 2 2 2 2 2 2 2 2 4.7 3.69 -36.0 1.2 1.2 1.2 1.2 1.2 1.2 0.434 0.495 0.92 0.339 0.541 2.664 2 2 2 2 2 2
1978-09-26T05:30:00 1978 9 26 5 30 0 -1.2 3.0 488.0 16.5 7.86 0.04 0.0 0.0 2 2 2 2 2 2 2 2 4.7 3.79 -43.0 3.0 3.0 3.0 3.0 3.0 3.0 0.294 0.246 0.891 0.19 0.171 1.105 2 2 2 2 2 2
1978-09-26T06:30:00 1978 9 26 6 30 0 -3.8 -3.2 493.0 17.4 8.46 1.54 2.37 4.09 2 2 2 2 2 2 2 2 6.0 4.05 -40.0 -3.2 -3.2 -3.2 -3.2 -3.2 -3.2 0.409 0.515 0.884 0.376 0.786 3.142 2 2 2 2 2 2
1978-09-26T07:30:00 1978 9 26 7 30 0 -5.2 -5.7 504.0 24.4 12.4 8.93 11.37 24.48 2 2 2 2 2 2 2 2 6.0 4.31 -44.0 -5.7 -5.7 -5.7 -5.7 -5.7 -5.7 1.03 1.402 0.966 1.468 2.282 10.023 2 2 2 2 2 2
1978-09-26T08:30:00 1978 9 26 8 30 0 -3.4 -7.1 506.0 26.9 13.77 13.94 16.31 42.08 2 2 2 2 2 2 2 2 6.0 4.73 -41.0 -7.1 -7.1 -7.1 -7.1 -7.1 -7.1 1.759 2.215 1.116 2.835 3.417 16.924 2 2 2 2 2 2
1978-09-26T09:30:00 1978 9 26 9 30 0 -0.6 1.6 509.0 27.7 14.35 3.92 6.61 17.93 2 2 2 2 2 2 2 2 4.7 4.96 -54.0 1.6 1.6 1.6 1.6 1.6 1.6 1.524 1.612 1.129 2.039 1.871 11.891 2 2 2 2 2 2
1978-09-26T10:30:00 1978 9 26 10 30 0 7.1 0.2 519.0 12.1 6.52 1.51 0.0 0.0 2 2 2 2 2 2 2 2 4.7 5.19 -54.0 0.2 0.2 0.2 0.2 0.2 0.2 1.032 0.801 1.095 1.142 0.593 4.932 2 2 2 2 2 2
1978-09-26T11:30:00 1978 9 26 11 30 0 -4.7 2.2 522.0 15.4 8.39 0.88 0.0 0.0 2 2 2 2 2 2 2 2 4.7 5.18 -40.0 2.2 2.2 2.2 2.2 2.2 2.2 0.699 0.398 1.062 0.639 0.188 2.046 2 2 2 2 2 2
1978-09-26T12:30:00 1978 9 26 12 30 0 -0.4 7.8 513.0 15.7 8.26 0.22 0.0 0.0 2 2 2 2 2 2 2 2 4.0 5.09 -31.0 7.8 7.8 7.8 7.8 7.8 7.8 0.473 0.197 1.029 0.358 0.059 0.849 2 2 2 2 2 2
1978-09-26T13:30:00 1978 9 26 13 30 0 6.1 5.6 499.0 16.2 8.07 0.32 0.0 0.0 2 2 2 2 2 2 2 2 4.0 4.99 -26.0 5.6 5.6 5.6 5.6 5.6 5.6 0.32 0.098 0.998 0.2 0.019 0.352 2 2 2 2 2 2
1978-09-26T14:30:00 1978 9 26 14 30 0 6.2 -3.6 502.0 12.0 6.05 3.91 2.16 2.69 2 2 2 2 2 2 2 2 4.0 4.74 -35.0 -3.6 -3.6 -3.6 -3.6 -3.6 -3.6 0.4 0.372 0.986 0.361 0.644 1.847 2 2 2 2 2 2
1978-09-26T15:30:00 1978 9 26 15 30 0 3.1 -5.7 497.0 10.0 4.94 9.34 11.82 12.82 2 2 2 2 2 2 2 2 4.7 4.59 -44.0 -5.7 -5.7 -5.7 -5.7 -5.7 -5.7 0.848 1.013 1.04 1.144 1.703 4.082 2 2 2 2 2 2
1978-09-26T16:30:00 1978 9 26 16 30 0 -2.6 -0.8 487.0 10.2 4.84 3.56 7.51 7.57 2 2 2 2 2 2 2 2 4.7 4.44 -43.0 -0.8 -0.8 -0.8 -0.8 -0.8 -0.8 0.875 0.974 1.045 1.017 1.317 3.595 2 2 2 2 2 2
1978-09-26T17:30:00 1978 9 26 17 30 0 -10.8 -0.2 500.0 5.3 2.65 5.44 1.17 0.94 2 2 2 2 2 2 2 2 4.7 4.44 -51.0 -0.2 -0.2 -0.2 -0.2 -0.2 -0.2 0.649 0.606 1.016 0.601 0.62 1.98 2 2 2 2 2 2
1978-09-26T18:30:00 1978 9 26 18 30 0 -11.8 -0.8 502.0 1.9 0.96 11.91 1.32 0.41 2 2 2 2 2 2 2 2 4.0 4.35 -53.0 -0.8 -0.8 -0.8 -0.8 -0.8 -0.8 0.493 0.408 0.988 0.371 0.397 1.022 2 2 2 2 2 2
1978-09-26T19:30:00 1978 9 26 19 30 0 -11.6 -2.5 501.0 2.1 1.05 14.68 4.31 0.87 2 2 2 2 2 2 2 2 4.0 4.26 -53.0 -2.5 -2.5 -2.5 -2.5 -2.5 -2.5 0.466 0.408 0.971 0.349 0.531 0.668 2 2 2 2 2 2
1978-09-26T20:30:00 1978 9 26 20 30 0 -13.0 -3.6 532.0 6.2 3.51 19.58 8.03 3.58 2 2 2 2 2 2 2 2 4.0 4.26 -46.0 -3.6 -3.6 -3.6 -3.6 -3.6 -3.6 0.617 0.64 0.98 0.609 1.055 1.42 2 2 2 2 2 2
1978-09-26T21:30:00 1978 9 26 21 30 0 -14.0 -1.2 527.0 4.7 2.61 20.77 6.09 3.36 2 2 2 2 2 2 2 2 4.0 4.26 -62.0 -1.2 -1.2 -1.2 -1.2 -1.2 -1.2 0.628 0.638 0.974 0.578 0.951 1.505 2 2 2 2 2 2
1978-09-26T22:30:00 1978 9 26 22 30 0 -11.0 0.9 547.3 4.9 2.96 14.12 0.78 0.37 2 2 1 1 1 2 2 1 4.0 4.25 -57.0 0.9 0.9 0.9 0.9 0.9 0.9 0.447 0.358 0.946 0.336 0.369 0.756 2 2 2 2 2 2
1978-09-26T23:30:00 1978 9 26 23 30 0 -10.5 2.0 567.7 5.1 3.31 9.13 0.0 0.0 2 2 1 1 1 2 2 1 4.0 4.17 -43.0 2.0 2.0 2.0 2.0 2.0 2.0 0.303 0.178 0.917 0.188 0.117 0.313 2 2 2 2 2 2
