1978-12-26T00:30:00 1978 12 26 0 30 0 9.4 0.0 387.0 5.7 1.71 4.58 0.0 0.0 2 2 2 2 2 2 2 2 2.3 2.05 -33.0 0.0 0.0 0.0 0.0 0.0 0.0 0.072 0.013 0.601 0.021 0.006 0.019 2 2 2 2 2 2
1978-12-26T01:30:00 1978 12 26 1 30 0 9.1 0.3 378.0 5.2 1.49 5.7 0.0 0.0 2 2 2 2 2 2 2 2 2.3 1.81 -35.0 0.3 0.3 0.3 0.3 0.3 0.3 0.048 0.007 0.583 0.012 0.002 0.008 2 2 2 2 2 2
1978-12-26T02:30:00 1978 12 26 2 30 0 7.8 -1.0 364.0 4.7 1.25 5.14 0.78 0.38 2 2 2 2 2 2 2 2 2.3 1.86 -38.0 -1.0 -1.0 -1.0 -1.0 -1.0 -1.0 0.08 0.124 0.567 0.037 0.149 0.175 2 2 2 2 2 2
1978-12-26T03:30:00 1978 12 26 3 30 0 7.4 -0.3 364.0 5.0 1.32 4.41 1.13 0.55 2 2 2 2 2 2 2 2 2.3 1.9 -39.0 -0.3 -0.3 -0.3 -0.3 -0.3 -0.3 0.102 0.18 0.551 0.047 0.179 0.241 2 2 2 2 2 2
1978-12-26T04:30:00 1978 12 26 4 30 0 7.1 -1.9 362.0 5.0 1.31 4.56 2.12 1.06 2 2 2 2 2 2 2 2 2.3 1.94 -38.0 -1.9 -1.9 -1.9 -1.9 -1.9 -1.9 0.175 0.321 0.54 0.115 0.332 0.395 2 2 2 2 2 2
1978-12-26T05:30:00 1978 12 26 5 30 0 7.0 -2.2 356.0 4.9 1.24 5.23 3.7 1.83 2 2 2 2 2 2 2 2 2.3 2.06 -40.0 -2.2 -2.2 -2.2 -2.2 -2.2 -2.2 0.274 0.466 0.533 0.211 0.457 0.515 2 2 2 2 2 2
1978-12-26T06:30:00 1978 12 26 6 30 0 6.9 -2.3 357.0 5.0 1.27 5.32 4.02 1.99 2 2 2 2 2 2 2 2 3.0 2.27 -38.0 -2.3 -2.3 -2.3 -2.3 -2.3 -2.3 0.351 0.555 0.527 0.28 0.515 0.581 2 2 2 2 2 2
1978-12-26T07:30:00 1978 12 26 7 30 0 4.9 -5.2 371.0 3.9 1.07 6.6 7.07 3.06 2 2 2 2 2 2 2 2 3.0 2.48 -39.0 -5.2 -5.2 -5.2 -5.2 -5.2 -5.2 0.509 0.734 0.533 0.51 0.728 0.684 2 2 2 2 2 2
1978-12-26T08:30:00 1978 12 26 8 30 0 1.1 -4.4 411.0 5.1 1.72 6.04 9.35 4.25 2 2 2 2 2 2 2 2 3.0 2.57 -41.0 -4.4 -4.4 -4.4 -4.4 -4.4 -4.4 0.676 0.885 0.55 0.745 0.942 0.944 2 2 2 2 2 2
1978-12-26T09:30:00 1978 12 26 9 30 0 6.6 -1.8 413.0 5.8 1.98 4.4 6.16 3.35 2 2 2 2 2 2 2 2 2.3 2.57 -35.0 -1.8 -1.8 -1.8 -1.8 -1.8 -1.8 0.682 0.822 0.553 0.669 0.823 1.03 2 2 2 2 2 2
1978-12-26T10:30:00 1978 12 26 10 30 0 5.3 0.5 420.0 6.3 2.22 3.3 1.31 0.78 2 2 2 2 2 2 2 2 2.3 2.56 -30.0 0.5 0.5 0.5 0.5 0.5 0.5 0.506 0.499 0.539 0.404 0.37 0.619 2 2 2 2 2 2
1978-12-26T11:30:00 1978 12 26 11 30 0 -5.7 3.1 457.0 4.4 1.84 0.47 0.0 0.0 2 2 2 2 2 2 2 2 2.3 2.56 -22.0 3.1 3.1 3.1 3.1 3.1 3.1 0.342 0.248 0.523 0.226 0.117 0.257 2 2 2 2 2 2
1978-12-26T12:30:00 1978 12 26 12 30 0 5.6 0.0 425.0 3.0 1.08 0.65 0.0 0.0 2 2 2 2 2 2 2 2 2.0 2.52 -22.0 0.0 0.0 0.0 0.0 0.0 0.0 0.232 0.123 0.507 0.127 0.037 0.106 2 2 2 2 2 2
1978-12-26T13:30:00 1978 12 26 13 30 0 5.6 -0.9 402.0 2.7 0.87 2.87 1.0 0.28 2 2 2 2 2 2 2 2 2.0 2.48 -26.0 -0.9 -0.9 -0.9 -0.9 -0.9 -0.9 0.202 0.164 0.493 0.099 0.159 0.162 2 2 2 2 2 2
1978-12-26T14:30:00 1978 12 26 14 30 0 6.9 -0.7 415.0 2.7 0.93 3.76 1.62 0.44 2 2 2 2 2 2 2 2 2.0 2.35 -27.0 -0.7 -0.7 -0.7 -0.7 -0.7 -0.7 0.194 0.202 0.481 0.092 0.22 0.198 2 2 2 2 2 2
1978-12-26T15:30:00 1978 12 26 15 30 0 6.4 -1.1 388.0 3.8 1.14 4.12 1.83 0.61 2 2 2 2 2 2 2 2 1.7 2.19 -27.0 -1.1 -1.1 -1.1 -1.1 -1.1 -1.1 0.205 0.258 0.47 0.105 0.281 0.272 2 2 2 2 2 2
1978-12-26T16:30:00 1978 12 26 16 30 0 6.0 -1.1 377.0 3.6 1.02 3.67 2.1 0.78 2 2 2 2 2 2 2 2 1.7 2.03 -28.0 -1.1 -1.1 -1.1 -1.1 -1.1 -1.1 0.222 0.304 0.459 0.12 0.308 0.309 2 2 2 2 2 2
1978-12-26T17:30:00 1978 12 26 17 30 0 6.0 -0.7 386.0 3.5 1.04 3.31 1.69 0.6 2 2 2 2 2 2 2 2 1.7 1.96 -28.0 -0.7 -0.7 -0.7 -0.7 -0.7 -0.7 0.215 0.293 0.448 0.109 0.275 0.292 2 2 2 2 2 2
1978-12-26T18:30:00 1978 12 26 18 30 0 5.2 0.4 391.0 4.5 1.38 2.42 0.38 0.14 2 2 2 2 2 2 2 2 1.7 1.88 -25.0 0.4 0.4 0.4 0.4 0.4 0.4 0.157 0.174 0.435 0.066 0.118 0.161 2 2 2 2 2 2
1978-12-26T19:30:00 1978 12 26 19 30 0 5.1 -2.3 397.0 4.0 1.26 2.88 2.13 0.88 2 2 2 2 2 2 2 2 1.7 1.81 -25.0 -2.3 -2.3 -2.3 -2.3 -2.3 -2.3 0.212 0.3 0.428 0.134 0.334 0.347 2 2 2 2 2 2
1978-12-26T20:30:00 1978 12 26 20 30 0 5.7 2.3 398.0 4.6 1.46 2.31 0.95 0.39 2 2 2 2 2 2 2 2 1.7 1.77 -27.0 2.3 2.3 2.3 2.3 2.3 2.3 0.164 0.185 0.416 0.089 0.145 0.19 2 2 2 2 2 2
1978-12-26T21:30:00 1978 12 26 21 30 0 4.9 5.1 397.0 5.3 1.67 0.88 0.0 0.0 2 2 2 2 2 2 2 2 1.7 1.74 -24.0 5.1 5.1 5.1 5.1 5.1 5.1 0.111 0.092 0.403 0.05 0.046 0.079 2 2 2 2 2 2
1978-12-26T22:30:00 1978 12 26 22 30 0 5.8 1.4 408.0 4.8 1.6 1.13 0.0 0.0 2 2 2 2 2 2 2 2 1.7 1.7 -21.0 1.4 1.4 1.4 1.4 1.4 1.4 0.075 0.046 0.391 0.028 0.015 0.033 2 2 2 2 2 2
1978-12-26T23:30:00 1978 12 26 23 30 0 6.4 -5.4 421.0 3.3 1.17 5.88 4.96 1.81 2 2 2 2 2 2 2 2 1.7 1.7 -22.0 -5.4 -5.4 -5.4 -5.4 -5.4 -5.4 0.26 0.366 0.399 0.298 0.536 0.422 2 2 2 2 2 2
