1978-01-09T00:30:00 1978 1 9 0 30 0 0.11 0.0 439.0 3.5 1.58 0.0 0.0 0.0 0 0 2 1 1 1 1 1 3.0 2.55 -26.0 -1.25 -0.9 -1.96 -1.92 -0.93 -0.63 0.359 0.327 0.571 0.378 0.38 0.421 0 0 1 0 0 0
1978-01-09T01:30:00 1978 1 9 1 30 0 0.11 0.0 480.0 3.5 1.58 0.0 0.0 0.0 0 0 2 2 2 1 1 1 3.0 2.52 -24.0 -1.25 -0.9 -1.97 -1.92 -0.93 -0.64 0.35 0.318 0.567 0.37 0.388 0.403 0 0 1 0 0 0
1978-01-09T02:30:00 1978 1 9 2 30 0 0.11 0.0 482.0 3.9 1.8 0.0 0.0 0.0 0 0 2 2 2 1 1 1 3.0 2.65 -21.0 -1.25 -0.9 -1.97 -1.92 -0.94 -0.64 0.349 0.32 0.565 0.376 0.413 0.437 0 0 1 0 0 0
1978-01-09T03:30:00 1978 1 9 3 30 0 0.11 0.0 477.0 3.3 1.51 0.0 0.0 0.0 0 0 2 2 2 1 1 1 2.7 2.73 -26.0 -1.25 -0.9 -1.97 -1.92 -0.94 -0.64 0.346 0.315 0.563 0.374 0.409 0.422 0 0 1 0 0 0
1978-01-09T04:30:00 1978 1 9 4 30 0 0.11 0.0 479.0 3.0 1.44 0.0 0.0 0.0 0 0 2 2 2 1 1 1 2.7 2.81 -31.0 -1.26 -0.9 -1.97 -1.93 -0.94 -0.64 0.338 0.304 0.56 0.365 0.394 0.381 0 0 1 0 0 0
1978-01-09T05:30:00 1978 1 9 5 30 0 0.11 0.0 483.0 3.3 1.52 0.0 0.0 0.0 0 0 2 2 2 1 1 1 2.7 2.81 -29.0 -1.26 -0.9 -1.97 -1.93 -0.94 -0.64 0.336 0.301 0.557 0.364 0.397 0.377 0 0 1 0 0 0
1978-01-09T06:30:00 1978 1 9 6 30 0 0.11 0.0 441.0 3.3 1.52 0.0 0.0 0.0 0 0 2 1 1 1 1 1 3.7 2.94 -30.0 -1.26 -0.9 -1.97 -1.93 -0.94 -0.64 0.33 0.3 0.553 0.354 0.375 0.354 0 0 1 0 0 0
1978-01-09T07:30:00 1978 1 9 7 30 0 0.11 0.0 445.0 3.3 1.65 0.0 0.0 0.0 0 0 1 1 1 0 1 1 3.7 3.07 -30.0 -1.26 -0.9 -1.97 -1.93 -0.94 -0.64 0.325 0.299 0.548 0.344 0.36 0.334 0 0 1 0 0 0
1978-01-09T08:30:00 1978 1 9 8 30 0 0.11 0.0 449.0 3.47 2.04 0.0 0.0 0.0 0 0 1 1 1 0 1 1 3.7 3.16 -28.0 -1.26 -0.9 -1.98 -1.93 -0.94 -0.64 0.323 0.301 0.544 0.342 0.363 0.338 0 0 1 0 0 0
1978-01-09T09:30:00 1978 1 9 9 30 0 0.11 0.0 453.0 3.72 2.42 0.0 0.0 0.0 0 0 1 1 1 0 1 1 2.7 3.12 -24.0 -1.26 -0.91 -1.98 -1.93 -0.94 -0.64 0.325 0.308 0.541 0.347 0.374 0.362 0 0 1 0 0 0
1978-01-09T10:30:00 1978 1 9 10 30 0 0.11 -0.01 457.0 3.98 2.53 0.0 0.01 0.0 0 0 2 1 1 1 1 1 2.7 3.08 -25.0 -1.26 -0.91 -1.98 -1.93 -0.94 -0.64 0.33 0.317 0.538 0.356 0.388 0.397 0 0 1 0 0 0
1978-01-09T11:30:00 1978 1 9 11 30 0 0.11 -0.01 456.3 4.23 2.26 0.0 0.02 0.01 0 0 1 1 1 0 1 1 2.7 3.07 -25.0 -1.26 -0.91 -1.98 -1.94 -0.94 -0.64 0.336 0.326 0.536 0.366 0.401 0.434 0 0 1 0 0 0
1978-01-09T12:30:00 1978 1 9 12 30 0 0.11 -0.01 455.7 4.4 1.98 0.0 0.02 0.01 0 0 1 1 1 0 1 1 2.3 3.01 -26.0 -1.26 -0.91 -1.98 -1.94 -0.94 -0.64 0.343 0.334 0.534 0.375 0.409 0.464 0 0 1 0 0 0
1978-01-09T13:30:00 1978 1 9 13 30 0 0.11 -0.01 455.0 4.4 1.89 0.0 0.02 0.01 0 0 2 1 1 1 1 1 2.3 2.96 -25.0 -1.27 -0.91 -1.98 -1.94 -0.95 -0.64 0.348 0.339 0.532 0.381 0.414 0.48 0 0 1 0 0 0
1978-01-09T14:30:00 1978 1 9 14 30 0 0.11 -0.01 467.0 4.4 1.89 0.0 0.02 0.01 0 0 2 2 2 1 1 1 2.3 2.78 -19.0 -1.27 -0.91 -1.99 -1.94 -0.95 -0.64 0.353 0.342 0.531 0.388 0.424 0.5 0 0 1 0 0 0
1978-01-09T15:30:00 1978 1 9 15 30 0 0.11 -0.01 445.0 4.3 1.64 0.0 0.02 0.01 0 0 2 2 2 1 1 1 4.7 2.93 -16.0 -1.27 -0.91 -1.99 -1.94 -0.95 -0.64 0.354 0.342 0.529 0.386 0.414 0.484 0 0 1 0 0 0
1978-01-09T16:30:00 1978 1 9 16 30 0 0.11 -0.01 554.0 10.7 6.08 0.0 0.03 0.02 0 0 2 2 2 1 1 1 4.7 3.07 -2.0 -1.27 -0.91 -1.99 -1.94 -0.95 -0.65 0.405 0.411 0.538 0.482 0.607 1.215 0 0 1 0 0 0
1978-01-09T17:30:00 1978 1 9 17 30 0 0.11 -0.01 547.0 13.0 8.21 0.0 0.03 0.03 0 0 2 2 2 1 1 1 4.7 3.33 -2.0 -1.27 -0.91 -1.99 -1.95 -0.95 -0.65 0.475 0.491 0.555 0.604 0.779 2.217 0 0 1 0 0 0
1978-01-09T18:30:00 1978 1 9 18 30 0 0.11 -0.01 543.7 13.0 8.21 0.0 0.03 0.04 0 0 1 1 1 0 1 1 4.0 3.49 -15.0 -1.27 -0.91 -1.99 -1.95 -0.95 -0.65 0.526 0.539 0.572 0.677 0.839 2.726 0 0 1 0 0 0
1978-01-09T19:30:00 1978 1 9 19 30 0 0.11 -0.01 540.3 12.27 8.0 0.0 0.03 0.03 0 0 1 1 1 0 1 1 4.0 3.65 -16.0 -1.27 -0.91 -1.99 -1.95 -0.95 -0.65 0.557 0.557 0.587 0.711 0.842 2.821 0 0 1 0 0 0
1978-01-09T20:30:00 1978 1 9 20 30 0 0.11 -0.01 537.0 11.19 6.82 0.0 0.03 0.03 0 0 1 1 1 0 1 1 4.0 3.85 -17.0 -1.27 -0.92 -1.99 -1.95 -0.95 -0.65 0.571 0.556 0.6 0.716 0.819 2.671 0 0 1 0 0 0
1978-01-09T21:30:00 1978 1 9 21 30 0 0.11 -0.01 533.7 10.11 5.65 0.0 0.03 0.03 0 0 1 1 1 0 1 1 5.0 4.19 -31.0 -1.27 -0.92 -2.0 -1.95 -0.95 -0.65 0.572 0.544 0.612 0.704 0.784 2.41 0 0 1 0 0 0
1978-01-09T22:30:00 1978 1 9 22 30 0 0.11 -0.01 530.3 9.03 4.47 0.0 0.03 0.03 0 0 1 1 1 0 1 1 5.0 4.51 -40.0 -1.28 -0.92 -2.0 -1.95 -0.95 -0.65 0.565 0.524 0.621 0.681 0.745 2.114 0 0 1 0 0 0
1978-01-09T23:30:00 1978 1 9 23 30 0 0.11 -0.01 527.0 8.3 4.26 0.0 0.03 0.02 0 0 2 1 1 1 1 1 5.0 4.56 -52.0 -1.28 -0.92 -2.0 -1.95 -0.95 -0.65 0.553 0.504 0.629 0.655 0.709 1.849 0 0 1 0 0 0
