1978-01-26T00:30:00 1978 1 26 0 30 0 -11.0 -3.7 424.2 36.89 8.56 15.47 8.6 34.22 1 1 1 1 1 1 1 1 4.7 3.83 -19.0 -3.99 -3.92 -4.11 -4.11 -3.93 -3.87 1.133 1.871 0.307 1.511 2.161 14.853 1 1 0 1 1 1
1978-01-26T01:30:00 1978 1 26 1 30 0 -8.88 -0.35 436.6 28.76 5.83 10.07 4.05 13.62 1 1 1 1 1 1 1 1 4.7 4.04 -13.0 -1.73 -1.42 -2.31 -2.28 -1.45 -1.19 1.202 1.696 0.345 1.462 1.711 12.012 1 1 1 1 1 1
1978-01-26T02:30:00 1978 1 26 2 30 0 -4.96 0.29 449.0 20.06 3.1 3.92 0.18 0.48 1 0 1 1 1 1 1 1 4.7 4.22 -15.0 -1.3 -0.95 -1.97 -1.93 -0.98 -0.68 1.057 1.261 0.363 1.175 1.142 7.615 1 1 1 1 0 1
1978-01-26T03:30:00 1978 1 26 3 30 0 -1.02 0.29 461.4 11.37 2.94 0.75 0.0 0.0 1 0 1 1 1 1 1 1 3.0 4.16 -11.0 -1.3 -0.95 -1.97 -1.93 -0.98 -0.68 0.904 0.931 0.375 0.936 0.83 4.505 1 0 0 0 0 0
1978-01-26T04:30:00 1978 1 26 4 30 0 0.52 0.29 473.8 6.11 2.89 0.01 0.0 0.0 1 0 1 1 1 1 1 1 3.0 4.11 -14.0 -1.3 -0.95 -1.97 -1.93 -0.98 -0.68 0.764 0.695 0.383 0.748 0.645 2.533 0 0 0 0 0 0
1978-01-26T05:30:00 1978 1 26 5 30 0 0.57 0.65 486.2 5.1 2.85 0.01 0.0 0.0 1 1 1 1 1 1 1 1 3.0 3.94 -26.0 -0.73 -0.42 -1.31 -1.27 -0.45 -0.19 0.618 0.489 0.384 0.562 0.451 1.357 1 1 0 1 1 0
1978-01-26T06:30:00 1978 1 26 6 30 0 0.6 2.51 498.6 5.1 2.83 0.0 0.0 0.0 1 1 1 1 1 1 1 1 2.7 3.74 -31.0 2.22 2.28 2.1 2.1 2.28 2.33 0.418 0.243 0.373 0.32 0.143 0.563 1 1 0 1 1 0
1978-01-26T07:30:00 1978 1 26 7 30 0 0.6 3.0 511.0 5.1 2.83 0.0 0.0 0.0 2 2 2 2 2 2 2 2 2.7 3.54 -24.0 3.0 3.0 3.0 3.0 3.0 3.0 0.283 0.121 0.362 0.179 0.045 0.233 1 1 0 1 1 0
1978-01-26T08:30:00 1978 1 26 8 30 0 0.2 0.2 499.0 4.7 2.51 0.0 0.0 0.0 2 2 2 2 2 2 2 2 2.7 3.29 -21.0 0.2 0.2 0.2 0.2 0.2 0.2 0.192 0.06 0.351 0.1 0.014 0.097 1 1 0 1 1 0
1978-01-26T09:30:00 1978 1 26 9 30 0 -1.0 0.6 495.7 4.7 2.51 0.01 0.0 0.0 2 2 1 1 1 2 2 1 2.3 3.0 -21.0 0.6 0.6 0.6 0.6 0.6 0.6 0.13 0.03 0.34 0.056 0.005 0.04 1 1 0 1 1 0
1978-01-26T10:30:00 1978 1 26 10 30 0 -4.8 -0.1 492.4 4.7 2.56 0.99 0.03 0.01 2 2 1 1 1 2 2 1 2.3 2.7 -21.0 -0.1 -0.1 -0.1 -0.1 -0.1 -0.1 0.092 0.028 0.33 0.033 0.027 0.064 1 1 0 1 1 1
1978-01-26T11:30:00 1978 1 26 11 30 0 -1.1 0.0 489.1 5.8 2.7 0.92 0.11 0.06 2 2 1 1 1 2 2 1 2.3 2.62 -20.0 0.0 0.0 0.0 0.0 0.0 0.0 0.068 0.031 0.32 0.02 0.035 0.096 1 1 0 1 1 1
1978-01-26T12:30:00 1978 1 26 12 30 0 -0.6 0.4 485.8 7.13 2.85 0.06 0.0 0.0 2 2 1 1 1 2 2 1 2.0 2.49 -19.0 0.4 0.4 0.4 0.4 0.4 0.4 0.046 0.016 0.31 0.011 0.011 0.04 1 1 0 1 1 1
1978-01-26T13:30:00 1978 1 26 13 30 0 -2.2 1.3 482.5 8.47 2.99 0.11 0.0 0.0 2 2 1 1 1 2 2 1 2.0 2.37 -15.0 1.3 1.3 1.3 1.3 1.3 1.3 0.031 0.008 0.3 0.006 0.003 0.017 1 1 0 1 1 1
1978-01-26T14:30:00 1978 1 26 14 30 0 -3.6 0.1 479.2 9.81 3.0 0.67 0.0 0.0 2 2 1 1 0 2 2 1 2.0 2.28 -15.0 0.1 0.1 0.1 0.1 0.1 0.1 0.021 0.004 0.291 0.003 0.001 0.007 1 1 0 1 1 1
1978-01-26T15:30:00 1978 1 26 15 30 0 -2.8 1.4 475.9 10.54 3.0 0.71 0.0 0.0 2 2 1 0 0 2 2 1 1.7 2.15 -11.0 1.4 1.4 1.4 1.4 1.4 1.4 0.014 0.002 0.282 0.002 0.0 0.003 1 1 0 1 1 1
1978-01-26T16:30:00 1978 1 26 16 30 0 -4.6 1.0 472.6 10.54 3.0 0.9 0.0 0.0 2 2 1 0 0 2 2 1 1.7 2.03 -12.0 1.0 1.0 1.0 1.0 1.0 1.0 0.01 0.001 0.274 0.001 0.0 0.001 1 1 0 1 1 1
1978-01-26T17:30:00 1978 1 26 17 30 0 -4.8 2.1 469.3 10.54 3.0 1.28 0.0 0.0 2 2 1 0 0 2 2 1 1.7 1.96 -11.0 2.1 2.1 2.1 2.1 2.1 2.1 0.007 0.0 0.265 0.001 0.0 0.0 1 1 0 1 1 1
1978-01-26T18:30:00 1978 1 26 18 30 0 -4.2 1.5 466.0 10.55 3.0 1.07 0.0 0.0 2 2 1 0 0 2 2 1 1.7 1.88 -11.0 1.5 1.5 1.5 1.5 1.5 1.5 0.004 0.0 0.257 0.0 0.0 0.0 1 1 0 1 1 1
1978-01-26T19:30:00 1978 1 26 19 30 0 -1.9 3.1 462.7 10.55 3.0 0.37 0.0 0.0 2 2 1 0 0 2 2 1 1.7 1.81 -9.0 3.1 3.1 3.1 3.1 3.1 3.1 0.003 0.0 0.249 0.0 0.0 0.0 1 1 0 1 1 1
1978-01-26T20:30:00 1978 1 26 20 30 0 -1.9 2.58 459.4 10.55 3.0 0.08 0.0 0.0 1 1 1 0 0 1 1 1 1.7 1.77 -11.0 2.29 2.35 2.16 2.17 2.34 2.4 0.002 0.0 0.242 0.0 0.0 0.0 1 1 0 1 1 1
1978-01-26T21:30:00 1978 1 26 21 30 0 -1.46 0.67 456.1 10.56 3.0 0.09 0.0 0.0 1 1 1 0 0 1 1 1 1.3 1.68 -13.0 -0.73 -0.42 -1.31 -1.27 -0.45 -0.19 0.03 0.049 0.238 0.053 0.089 0.159 0 0 0 0 0 0
1978-01-26T22:30:00 1978 1 26 22 30 0 -0.65 0.31 452.9 10.56 3.0 0.06 0.0 0.0 1 0 1 0 0 1 1 0 1.3 1.6 -14.0 -1.3 -0.95 -1.97 -1.93 -0.98 -0.68 0.165 0.257 0.248 0.239 0.396 0.858 0 0 0 0 0 0
1978-01-26T23:30:00 1978 1 26 23 30 0 0.16 0.31 449.6 10.56 3.0 0.0 0.0 0.0 1 0 1 0 0 1 1 0 1.3 1.54 -15.0 -1.3 -0.95 -1.97 -1.93 -0.98 -0.68 0.277 0.394 0.26 0.376 0.536 1.253 0 0 0 0 0 0
