1978-06-02T00:30:00 1978 6 2 0 30 0 2.79 0.04 408.2 7.14 2.99 1.15 2.45 1.8 1 1 1 1 1 1 1 1 2.0 2.66 7.0 -1.51 -1.23 -2.04 -2.01 -1.26 -1.02 0.68 0.786 0.393 0.641 0.743 1.353 1 1 0 1 1 1
1978-06-02T01:30:00 1978 6 2 1 30 0 3.71 1.87 411.1 6.9 2.64 0.59 0.0 0.0 1 1 1 1 1 1 1 1 2.0 2.65 7.0 0.32 0.6 -0.21 -0.18 0.57 0.81 0.505 0.449 0.387 0.42 0.305 0.662 1 1 0 1 1 1
1978-06-02T02:30:00 1978 6 2 2 30 0 4.6 8.61 414.1 6.9 2.53 0.36 0.0 0.0 1 1 1 1 1 1 1 1 2.0 2.67 6.0 8.29 8.34 8.17 8.18 8.34 8.39 0.342 0.223 0.375 0.235 0.097 0.275 1 1 0 1 1 1
1978-06-02T03:30:00 1978 6 2 3 30 0 4.6 10.4 417.0 6.9 2.53 0.25 0.0 0.0 2 2 2 2 2 2 2 2 2.3 2.74 2.0 10.4 10.4 10.4 10.4 10.4 10.4 0.231 0.111 0.363 0.132 0.031 0.114 1 1 0 1 1 1
1978-06-02T04:30:00 1978 6 2 4 30 0 6.37 8.38 427.0 6.4 2.38 0.48 0.0 0.0 1 1 1 1 1 1 1 1 2.3 2.8 0.0 8.38 8.38 8.38 8.38 8.38 8.38 0.157 0.055 0.352 0.074 0.01 0.047 1 1 0 1 1 1
1978-06-02T05:30:00 1978 6 2 5 30 0 8.13 -0.38 437.0 5.9 2.23 2.62 0.07 0.04 1 1 1 1 1 1 1 1 2.3 2.6 -2.0 -0.38 -0.38 -0.38 -0.38 -0.38 -0.38 0.119 0.062 0.342 0.048 0.062 0.117 1 1 0 1 1 1
1978-06-02T06:30:00 1978 6 2 6 30 0 9.9 -2.4 447.0 5.4 2.08 8.51 3.27 1.82 2 2 2 2 2 2 2 2 3.7 2.58 -5.0 -2.4 -2.4 -2.4 -2.4 -2.4 -2.4 0.24 0.325 0.343 0.188 0.486 0.667 2 2 0 2 2 2
1978-06-02T07:30:00 1978 6 2 7 30 0 4.0 -2.1 452.0 11.9 4.5 6.55 5.03 4.45 2 2 2 2 2 2 2 2 3.7 2.56 -4.0 -2.1 -2.1 -2.1 -2.1 -2.1 -2.1 0.413 0.61 0.355 0.38 0.849 1.816 2 2 0 2 2 2
1978-06-02T08:30:00 1978 6 2 8 30 0 -1.4 2.5 459.0 17.6 6.56 0.55 0.9 1.16 2 2 2 2 2 2 2 2 3.7 2.77 -2.0 2.5 2.5 2.5 2.5 2.5 2.5 0.31 0.359 0.346 0.234 0.338 1.01 2 2 0 2 2 2
1978-06-02T09:30:00 1978 6 2 9 30 0 4.7 2.95 569.5 52.15 42.65 0.27 0.0 0.0 1 1 1 1 1 1 1 1 7.0 3.42 26.0 2.95 2.95 2.95 2.95 2.95 2.95 0.21 0.178 0.335 0.131 0.107 0.419 2 2 0 2 2 2
1978-06-02T10:30:00 1978 6 2 10 30 0 10.8 3.4 680.0 86.7 78.73 4.58 0.0 0.0 2 2 2 2 2 2 2 2 7.0 4.05 21.0 3.4 3.4 3.4 3.4 3.4 3.4 0.142 0.088 0.325 0.073 0.034 0.174 2 2 0 2 2 2
1978-06-02T11:30:00 1978 6 2 11 30 0 18.3 12.6 688.0 50.2 49.52 11.28 0.0 0.0 2 2 2 2 2 2 2 2 7.0 4.65 0.0 12.6 12.6 12.6 12.6 12.6 12.6 0.096 0.044 0.315 0.041 0.011 0.072 2 2 0 2 2 2
1978-06-02T12:30:00 1978 6 2 12 30 0 4.1 29.3 685.0 21.6 20.27 3.17 0.0 0.0 2 2 2 2 2 2 2 2 7.3 5.27 3.0 29.3 29.3 29.3 29.3 29.3 29.3 0.065 0.022 0.306 0.023 0.003 0.03 2 2 0 2 2 2
1978-06-02T13:30:00 1978 6 2 13 30 0 15.0 16.4 698.0 27.1 26.41 2.2 0.0 0.0 2 2 2 2 2 2 2 2 7.3 5.88 23.0 16.4 16.4 16.4 16.4 16.4 16.4 0.044 0.011 0.296 0.013 0.001 0.012 2 2 0 2 2 2
1978-06-02T14:30:00 1978 6 2 14 30 0 -6.4 -6.7 667.0 41.0 36.48 4.85 4.25 17.01 2 2 2 2 2 2 2 2 7.3 6.33 16.0 -6.7 -6.7 -6.7 -6.7 -6.7 -6.7 0.563 0.77 0.401 1.145 2.193 18.888 2 2 1 2 2 2
1978-06-02T15:30:00 1978 6 2 15 30 0 -4.89 -5.36 684.0 41.7 39.02 18.93 20.19 83.52 1 1 2 2 2 1 2 2 7.0 6.72 -9.0 -5.69 -5.63 -5.8 -5.79 -5.64 -5.58 1.868 2.226 0.776 3.798 5.499 51.935 1 1 1 1 1 1
1978-06-02T16:30:00 1978 6 2 16 30 0 -1.6 -2.4 556.0 38.87 36.19 7.3 11.7 47.27 1 1 2 1 1 1 2 1 7.0 7.11 -42.0 -3.69 -3.46 -4.15 -4.12 -3.48 -3.28 2.274 2.491 0.968 4.036 4.71 46.753 1 1 1 1 1 1
1978-06-02T17:30:00 1978 6 2 17 30 0 1.69 -11.68 562.0 36.03 33.36 17.94 20.79 77.0 1 1 2 1 1 1 2 1 7.0 7.11 -36.0 -12.0 -11.95 -12.12 -12.11 -11.95 -11.9 3.281 3.477 1.348 6.483 6.114 49.349 1 1 1 1 1 1
1978-06-02T18:30:00 1978 6 2 18 30 0 3.2 -14.4 642.0 33.2 30.53 50.47 39.9 137.33 2 2 2 2 2 2 2 2 7.3 7.15 -28.0 -14.4 -14.4 -14.4 -14.4 -14.4 -14.4 4.801 4.602 2.122 10.942 8.74 62.924 2 2 1 2 2 2
1978-06-02T19:30:00 1978 6 2 19 30 0 11.0 16.7 661.0 33.3 29.25 11.55 8.91 29.6 2 2 2 2 2 2 2 2 7.3 7.19 -17.0 16.7 16.7 16.7 16.7 16.7 16.7 3.556 2.619 2.145 6.726 3.443 31.561 2 2 1 2 2 2
1978-06-02T20:30:00 1978 6 2 20 30 0 14.9 21.5 673.0 21.0 20.97 3.66 0.0 0.0 2 2 2 2 2 2 2 2 7.3 7.19 -24.0 21.5 21.5 21.5 21.5 21.5 21.5 2.408 1.301 2.079 3.766 1.09 13.091 2 2 1 2 2 2
1978-06-02T21:30:00 1978 6 2 21 30 0 -4.1 27.0 671.0 10.5 10.96 0.72 0.0 0.0 2 2 2 2 2 2 2 2 5.0 6.89 -32.0 27.0 27.0 27.0 27.0 27.0 27.0 1.63 0.646 2.016 2.109 0.345 5.43 2 2 1 2 2 2
1978-06-02T22:30:00 1978 6 2 22 30 0 -14.7 13.6 679.0 10.8 10.88 2.42 0.0 0.0 2 2 2 2 2 2 2 2 5.0 6.59 -29.0 13.6 13.6 13.6 13.6 13.6 13.6 1.104 0.321 1.954 1.181 0.109 2.252 2 2 1 2 2 2
1978-06-02T23:30:00 1978 6 2 23 30 0 -16.2 11.2 663.0 9.6 8.74 9.09 0.0 0.0 2 2 2 2 2 2 2 2 5.0 6.34 -30.0 11.2 11.2 11.2 11.2 11.2 11.2 0.747 0.159 1.895 0.661 0.035 0.934 2 2 1 2 2 2
