2010-04-07T00:30:00 2010 4 7 0 30 0 -0.2 -0.5 577.0 1.8 1.09 2.52 6.69 0.92 2 2 2 2 2 2 2 2 4.3 4.72 -47.0 -0.5 -0.5 -0.5 -0.5 -0.5 -0.5 0.658 0.454 1.175 0.645 0.686 0.372 2 2 2 2 2 2
2010-04-07T01:30:00 2010 4 7 1 30 0 1.0 3.1 585.0 1.9 1.2 0.01 0.05 0.01 2 2 2 2 2 2 2 2 4.3 4.6 -44.0 3.1 3.1 3.1 3.1 3.1 3.1 0.446 0.226 1.139 0.361 0.217 0.155 2 2 2 2 2 2
2010-04-07T02:30:00 2010 4 7 2 30 0 0.2 2.2 588.0 1.9 1.26 0.0 0.0 0.0 2 2 2 2 2 2 2 2 4.3 4.54 -38.0 2.2 2.2 2.2 2.2 2.2 2.2 0.302 0.112 1.105 0.202 0.069 0.064 2 2 2 2 2 2
2010-04-07T03:30:00 2010 4 7 3 30 0 -1.6 2.8 593.0 2.3 1.57 0.02 0.0 0.0 2 2 2 2 2 2 2 2 2.3 4.23 -35.0 2.8 2.8 2.8 2.8 2.8 2.8 0.204 0.056 1.071 0.113 0.022 0.027 2 2 2 2 2 2
2010-04-07T04:30:00 2010 4 7 4 30 0 -2.8 -0.4 583.0 1.7 1.17 0.44 0.13 0.02 2 2 2 2 2 2 2 2 2.3 3.92 -33.0 -0.4 -0.4 -0.4 -0.4 -0.4 -0.4 0.149 0.049 1.039 0.07 0.065 0.051 2 2 2 2 2 2
2010-04-07T05:30:00 2010 4 7 5 30 0 -1.7 -0.3 602.0 1.9 1.36 0.78 1.03 0.18 2 2 2 2 2 2 2 2 2.3 3.62 -34.0 -0.3 -0.3 -0.3 -0.3 -0.3 -0.3 0.133 0.086 1.009 0.056 0.168 0.147 2 2 2 2 2 2
2010-04-07T06:30:00 2010 4 7 6 30 0 -0.7 -3.7 610.0 1.7 1.23 2.25 6.5 1.15 2 2 2 2 2 2 2 2 4.3 3.58 -43.0 -3.7 -3.7 -3.7 -3.7 -3.7 -3.7 0.274 0.281 1.005 0.278 0.686 0.427 2 2 2 2 2 2
2010-04-07T07:30:00 2010 4 7 7 30 0 0.2 -2.1 594.0 1.8 1.25 2.91 8.53 1.49 2 2 2 2 2 2 2 2 4.3 3.55 -50.0 -2.1 -2.1 -2.1 -2.1 -2.1 -2.1 0.378 0.381 1.003 0.4 0.818 0.536 2 2 2 2 2 2
2010-04-07T08:30:00 2010 4 7 8 30 0 1.2 -1.2 599.0 1.8 1.26 1.09 4.81 0.87 2 2 2 2 2 2 2 2 4.3 3.56 -42.0 -1.2 -1.2 -1.2 -1.2 -1.2 -1.2 0.374 0.357 0.986 0.342 0.668 0.493 2 2 2 2 2 2
2010-04-07T09:30:00 2010 4 7 9 30 0 -0.8 -1.2 604.0 1.8 1.3 0.6 3.61 0.65 2 2 2 2 2 2 2 2 3.7 3.49 -40.0 -1.2 -1.2 -1.2 -1.2 -1.2 -1.2 0.351 0.323 0.966 0.281 0.575 0.453 2 2 2 2 2 2
2010-04-07T10:30:00 2010 4 7 10 30 0 -1.8 -1.6 614.0 1.7 1.32 1.13 4.32 0.75 2 2 2 2 2 2 2 2 3.7 3.42 -36.0 -1.6 -1.6 -1.6 -1.6 -1.6 -1.6 0.353 0.324 0.95 0.274 0.606 0.46 2 2 2 2 2 2
2010-04-07T11:30:00 2010 4 7 11 30 0 0.4 -3.7 615.0 1.7 1.28 2.97 8.41 1.43 2 2 2 2 2 2 2 2 3.7 3.59 -31.0 -3.7 -3.7 -3.7 -3.7 -3.7 -3.7 0.452 0.424 0.955 0.449 0.894 0.586 2 2 2 2 2 2
2010-04-07T12:30:00 2010 4 7 12 30 0 -1.7 2.1 596.0 2.0 1.35 0.91 3.15 0.56 2 2 2 2 2 2 2 2 3.3 3.7 -36.0 2.1 2.1 2.1 2.1 2.1 2.1 0.359 0.278 0.933 0.304 0.429 0.35 2 2 2 2 2 2
2010-04-07T13:30:00 2010 4 7 13 30 0 -2.4 -1.2 608.0 1.7 1.23 0.6 0.82 0.14 2 2 2 2 2 2 2 2 3.3 3.81 -34.0 -1.2 -1.2 -1.2 -1.2 -1.2 -1.2 0.28 0.201 0.908 0.203 0.312 0.261 2 2 2 2 2 2
2010-04-07T14:30:00 2010 4 7 14 30 0 -2.1 -2.2 619.0 1.6 1.18 2.11 5.35 0.88 2 2 2 2 2 2 2 2 3.3 3.69 -34.0 -2.2 -2.2 -2.2 -2.2 -2.2 -2.2 0.329 0.288 0.898 0.271 0.596 0.4 2 2 2 2 2 2
2010-04-07T15:30:00 2010 4 7 15 30 0 -0.8 -3.5 625.0 1.7 1.26 3.53 9.04 1.5 2 2 2 2 2 2 2 2 3.7 3.62 -41.0 -3.5 -3.5 -3.5 -3.5 -3.5 -3.5 0.442 0.409 0.906 0.457 0.909 0.57 2 2 2 2 2 2
2010-04-07T16:30:00 2010 4 7 16 30 0 -0.3 -2.4 615.0 1.6 1.16 3.14 9.0 1.48 2 2 2 2 2 2 2 2 3.7 3.55 -45.0 -2.4 -2.4 -2.4 -2.4 -2.4 -2.4 0.498 0.446 0.911 0.518 0.926 0.597 2 2 2 2 2 2
2010-04-07T17:30:00 2010 4 7 17 30 0 -1.4 -2.2 601.0 1.6 1.12 2.07 6.96 1.11 2 2 2 2 2 2 2 2 3.7 3.55 -44.0 -2.2 -2.2 -2.2 -2.2 -2.2 -2.2 0.5 0.433 0.905 0.485 0.832 0.55 2 2 2 2 2 2
2010-04-07T18:30:00 2010 4 7 18 30 0 2.3 -1.5 617.0 1.7 1.25 1.52 5.55 0.92 2 2 2 2 2 2 2 2 3.7 3.55 -33.0 -1.5 -1.5 -1.5 -1.5 -1.5 -1.5 0.471 0.394 0.895 0.414 0.723 0.51 2 2 2 2 2 2
2010-04-07T19:30:00 2010 4 7 19 30 0 -3.1 -1.6 598.0 1.6 1.09 1.41 4.71 0.78 2 2 2 2 2 2 2 2 3.7 3.56 -34.0 -1.6 -1.6 -1.6 -1.6 -1.6 -1.6 0.438 0.362 0.881 0.353 0.65 0.465 2 2 2 2 2 2
2010-04-07T20:30:00 2010 4 7 20 30 0 -4.1 -0.9 594.0 1.4 0.92 2.69 3.64 0.55 2 2 2 2 2 2 2 2 3.7 3.6 -35.0 -0.9 -0.9 -0.9 -0.9 -0.9 -0.9 0.382 0.306 0.863 0.274 0.514 0.371 2 2 2 2 2 2
2010-04-07T21:30:00 2010 4 7 21 30 0 -3.3 0.0 596.0 1.7 1.13 1.95 1.23 0.19 2 2 2 2 2 2 2 2 3.3 3.6 -35.0 0.0 0.0 0.0 0.0 0.0 0.0 0.285 0.197 0.839 0.169 0.261 0.227 2 2 2 2 2 2
2010-04-07T22:30:00 2010 4 7 22 30 0 -2.4 -1.4 591.0 1.6 1.05 1.5 2.25 0.37 2 2 2 2 2 2 2 2 3.3 3.6 -30.0 -1.4 -1.4 -1.4 -1.4 -1.4 -1.4 0.265 0.214 0.82 0.158 0.375 0.276 2 2 2 2 2 2
2010-04-07T23:30:00 2010 4 7 23 30 0 -3.4 0.3 577.0 1.3 0.81 1.37 1.52 0.23 2 2 2 2 2 2 2 2 3.3 3.54 -29.0 0.3 0.3 0.3 0.3 0.3 0.3 0.209 0.153 0.797 0.108 0.218 0.182 2 2 2 2 2 2
