2010-11-15T00:30:00 2010 11 15 0 30 0 -1.2 1.9 614.0 1.7 1.28 0.23 0.0 0.0 2 2 2 2 2 2 2 2 2.3 2.62 -24.0 1.9 1.9 1.9 1.9 1.9 1.9 0.131 0.087 0.153 0.077 0.091 0.092 2 2 2 2 2 2
2010-11-15T01:30:00 2010 11 15 1 30 0 -2.4 1.4 621.0 1.6 1.23 0.17 0.0 0.0 2 2 2 2 2 2 2 2 2.3 2.56 -23.0 1.4 1.4 1.4 1.4 1.4 1.4 0.089 0.043 0.148 0.043 0.029 0.038 2 2 2 2 2 2
2010-11-15T02:30:00 2010 11 15 2 30 0 -4.0 -0.7 613.0 1.5 1.13 1.32 0.45 0.07 2 2 2 2 2 2 2 2 2.3 2.56 -23.0 -0.7 -0.7 -0.7 -0.7 -0.7 -0.7 0.081 0.061 0.145 0.039 0.122 0.088 2 2 2 2 2 2
2010-11-15T03:30:00 2010 11 15 3 30 0 -4.1 -0.6 615.0 1.7 1.29 2.58 1.98 0.32 2 2 2 2 2 2 2 2 3.3 2.69 -23.0 -0.6 -0.6 -0.6 -0.6 -0.6 -0.6 0.11 0.121 0.145 0.06 0.27 0.2 2 2 2 2 2 2
2010-11-15T04:30:00 2010 11 15 4 30 0 -0.7 3.4 615.0 2.0 1.51 0.56 0.07 0.01 2 2 2 2 2 2 2 2 3.3 2.81 -18.0 3.4 3.4 3.4 3.4 3.4 3.4 0.074 0.06 0.141 0.034 0.085 0.083 2 2 2 2 2 2
2010-11-15T05:30:00 2010 11 15 5 30 0 2.7 2.7 616.0 1.8 1.37 0.07 0.0 0.0 2 2 2 2 2 2 2 2 3.3 2.86 -13.0 2.7 2.7 2.7 2.7 2.7 2.7 0.05 0.03 0.136 0.019 0.027 0.034 2 2 2 2 2 2
2010-11-15T06:30:00 2010 11 15 6 30 0 -1.0 2.7 609.0 1.7 1.26 0.05 0.0 0.0 2 2 2 2 2 2 2 2 1.7 2.69 -11.0 2.7 2.7 2.7 2.7 2.7 2.7 0.034 0.015 0.132 0.011 0.009 0.014 2 2 2 2 2 2
2010-11-15T07:30:00 2010 11 15 7 30 0 0.4 -0.4 622.0 1.7 1.32 0.01 0.14 0.02 2 2 2 2 2 2 2 2 1.7 2.52 -10.0 -0.4 -0.4 -0.4 -0.4 -0.4 -0.4 0.034 0.029 0.129 0.013 0.067 0.053 2 2 2 2 2 2
2010-11-15T08:30:00 2010 11 15 8 30 0 -2.5 -2.4 619.0 1.5 1.15 1.36 4.6 0.72 2 2 2 2 2 2 2 2 1.7 2.44 -13.0 -2.4 -2.4 -2.4 -2.4 -2.4 -2.4 0.15 0.189 0.141 0.151 0.493 0.29 2 2 2 2 2 2
2010-11-15T09:30:00 2010 11 15 9 30 0 -2.2 -1.9 619.0 1.6 1.23 2.75 6.59 1.02 2 2 2 2 2 2 2 2 2.3 2.44 -20.0 -1.9 -1.9 -1.9 -1.9 -1.9 -1.9 0.254 0.291 0.158 0.261 0.674 0.415 2 2 2 2 2 2
2010-11-15T10:30:00 2010 11 15 10 30 0 -2.9 1.8 610.0 1.3 0.97 0.95 1.27 0.2 2 2 2 2 2 2 2 2 2.3 2.44 -20.0 1.8 1.8 1.8 1.8 1.8 1.8 0.19 0.17 0.155 0.159 0.268 0.213 2 2 2 2 2 2
2010-11-15T11:30:00 2010 11 15 11 30 0 -0.4 1.2 617.0 1.3 0.99 0.14 0.0 0.0 2 2 2 2 2 2 2 2 2.3 2.32 -15.0 1.2 1.2 1.2 1.2 1.2 1.2 0.129 0.084 0.15 0.089 0.085 0.088 2 2 2 2 2 2
2010-11-15T12:30:00 2010 11 15 12 30 0 -1.0 1.1 604.0 1.4 1.02 0.02 0.0 0.0 2 2 2 2 2 2 2 2 1.0 2.03 -14.0 1.1 1.1 1.1 1.1 1.1 1.1 0.087 0.042 0.145 0.05 0.027 0.037 2 2 2 2 2 2
2010-11-15T13:30:00 2010 11 15 13 30 0 -1.2 3.2 618.0 1.2 0.92 0.03 0.0 0.0 2 2 2 2 2 2 2 2 1.0 1.74 -16.0 3.2 3.2 3.2 3.2 3.2 3.2 0.059 0.021 0.141 0.028 0.009 0.015 2 2 2 2 2 2
2010-11-15T14:30:00 2010 11 15 14 30 0 -1.3 2.0 614.0 1.2 0.9 0.03 0.0 0.0 2 2 2 2 2 2 2 2 1.0 1.65 -14.0 2.0 2.0 2.0 2.0 2.0 2.0 0.04 0.01 0.137 0.016 0.003 0.006 2 2 2 2 2 2
2010-11-15T15:30:00 2010 11 15 15 30 0 -2.5 0.7 601.0 1.2 0.87 0.24 0.0 0.0 2 2 2 2 2 2 2 2 0.3 1.47 -13.0 0.7 0.7 0.7 0.7 0.7 0.7 0.027 0.005 0.132 0.009 0.001 0.003 2 2 2 2 2 2
2010-11-15T16:30:00 2010 11 15 16 30 0 1.0 2.7 604.0 1.2 0.88 0.07 0.0 0.0 2 2 2 2 2 2 2 2 0.3 1.29 -14.0 2.7 2.7 2.7 2.7 2.7 2.7 0.018 0.003 0.128 0.005 0.0 0.001 2 2 2 2 2 2
2010-11-15T17:30:00 2010 11 15 17 30 0 1.2 2.4 626.0 1.2 0.94 0.02 0.0 0.0 2 2 2 2 2 2 2 2 0.3 1.04 -14.0 2.4 2.4 2.4 2.4 2.4 2.4 0.012 0.001 0.125 0.003 0.0 0.0 2 2 2 2 2 2
2010-11-15T18:30:00 2010 11 15 18 30 0 1.4 2.3 621.0 1.1 0.85 0.04 0.0 0.0 2 2 2 2 2 2 2 2 0.7 0.85 -14.0 2.3 2.3 2.3 2.3 2.3 2.3 0.008 0.001 0.121 0.002 0.0 0.0 2 2 2 2 2 2
2010-11-15T19:30:00 2010 11 15 19 30 0 -0.1 2.0 604.0 1.1 0.8 0.01 0.0 0.0 2 2 2 2 2 2 2 2 0.7 0.66 -12.0 2.0 2.0 2.0 2.0 2.0 2.0 0.006 0.0 0.117 0.001 0.0 0.0 2 2 2 2 2 2
2010-11-15T20:30:00 2010 11 15 20 30 0 -1.3 -1.2 603.0 1.2 0.87 0.2 0.84 0.1 2 2 2 2 2 2 2 2 0.7 0.62 -12.0 -1.2 -1.2 -1.2 -1.2 -1.2 -1.2 0.036 0.054 0.116 0.029 0.152 0.072 2 2 2 2 2 2
2010-11-15T21:30:00 2010 11 15 21 30 0 0.5 1.2 611.0 1.1 0.82 0.13 0.76 0.09 2 2 2 2 2 2 2 2 3.7 0.98 -14.0 1.2 1.2 1.2 1.2 1.2 1.2 0.034 0.041 0.113 0.022 0.078 0.047 2 2 2 2 2 2
2010-11-15T22:30:00 2010 11 15 22 30 0 0.1 3.5 627.0 1.1 0.86 0.0 0.0 0.0 2 2 2 2 2 2 2 2 3.7 1.34 -23.0 3.5 3.5 3.5 3.5 3.5 3.5 0.023 0.02 0.11 0.012 0.025 0.02 2 2 2 2 2 2
2010-11-15T23:30:00 2010 11 15 23 30 0 -0.5 -1.0 639.0 1.1 0.9 0.06 0.5 0.05 2 2 2 2 2 2 2 2 3.7 1.77 -22.0 -1.0 -1.0 -1.0 -1.0 -1.0 -1.0 0.036 0.043 0.109 0.026 0.113 0.055 2 2 2 2 2 2
