2010-05-09T00:30:00 2010 5 9 0 30 0 -2.1 -1.3 443.0 1.8 0.71 0.61 2.18 0.4 2 2 2 2 2 2 2 2 1.3 1.11 -9.0 -1.3 -1.3 -1.3 -1.3 -1.3 -1.3 0.149 0.204 0.249 0.079 0.268 0.179 2 2 2 2 2 2
2010-05-09T01:30:00 2010 5 9 1 30 0 -2.4 -1.4 436.0 1.7 0.65 1.18 2.97 0.52 2 2 2 2 2 2 2 2 1.3 1.19 -12.0 -1.4 -1.4 -1.4 -1.4 -1.4 -1.4 0.184 0.249 0.247 0.115 0.32 0.192 2 2 2 2 2 2
2010-05-09T02:30:00 2010 5 9 2 30 0 -1.9 -0.6 425.0 1.7 0.61 0.84 2.08 0.35 2 2 2 2 2 2 2 2 1.3 1.19 -12.0 -0.6 -0.6 -0.6 -0.6 -0.6 -0.6 0.18 0.229 0.243 0.102 0.26 0.164 2 2 2 2 2 2
2010-05-09T03:30:00 2010 5 9 3 30 0 -1.3 -0.3 418.0 1.8 0.63 0.35 0.92 0.16 2 2 2 2 2 2 2 2 0.3 1.06 -13.0 -0.3 -0.3 -0.3 -0.3 -0.3 -0.3 0.15 0.178 0.236 0.071 0.175 0.124 2 2 2 2 2 2
2010-05-09T04:30:00 2010 5 9 4 30 0 -0.7 0.4 412.0 1.8 0.61 0.09 0.11 0.02 2 2 2 2 2 2 2 2 0.3 0.93 -12.0 0.4 0.4 0.4 0.4 0.4 0.4 0.104 0.094 0.229 0.04 0.062 0.057 2 2 2 2 2 2
2010-05-09T05:30:00 2010 5 9 5 30 0 -1.3 0.4 408.0 1.7 0.57 0.06 0.0 0.0 2 2 2 2 2 2 2 2 0.3 0.84 -10.0 0.4 0.4 0.4 0.4 0.4 0.4 0.07 0.047 0.222 0.023 0.02 0.024 2 2 2 2 2 2
2010-05-09T06:30:00 2010 5 9 6 30 0 -1.6 0.0 406.0 1.5 0.49 0.16 0.0 0.0 2 2 2 2 2 2 2 2 0.0 0.71 -9.0 0.0 0.0 0.0 0.0 0.0 0.0 0.048 0.023 0.215 0.013 0.006 0.01 2 2 2 2 2 2
2010-05-09T07:30:00 2010 5 9 7 30 0 -1.5 0.0 404.0 1.5 0.49 0.21 0.0 0.0 2 2 2 2 2 2 2 2 0.0 0.58 -9.0 0.0 0.0 0.0 0.0 0.0 0.0 0.032 0.011 0.209 0.007 0.002 0.004 2 2 2 2 2 2
2010-05-09T08:30:00 2010 5 9 8 30 0 -1.6 -0.3 402.0 1.6 0.52 0.24 0.33 0.05 2 2 2 2 2 2 2 2 0.0 0.42 -10.0 -0.3 -0.3 -0.3 -0.3 -0.3 -0.3 0.036 0.044 0.203 0.009 0.055 0.032 2 2 2 2 2 2
2010-05-09T09:30:00 2010 5 9 9 30 0 -1.4 0.0 415.0 1.4 0.48 0.22 0.28 0.04 2 2 2 2 2 2 2 2 0.0 0.26 -10.0 0.0 0.0 0.0 0.0 0.0 0.0 0.032 0.042 0.197 0.008 0.042 0.029 2 2 2 2 2 2
2010-05-09T10:30:00 2010 5 9 10 30 0 -1.1 1.1 402.0 1.6 0.52 0.08 0.0 0.0 2 2 2 2 2 2 2 2 0.0 0.11 -11.0 1.1 1.1 1.1 1.1 1.1 1.1 0.021 0.021 0.191 0.004 0.013 0.012 2 2 2 2 2 2
2010-05-09T11:30:00 2010 5 9 11 30 0 -1.5 0.3 393.0 1.9 0.59 0.08 0.0 0.0 2 2 2 2 2 2 2 2 0.0 0.07 -10.0 0.3 0.3 0.3 0.3 0.3 0.3 0.014 0.01 0.185 0.002 0.004 0.005 2 2 2 2 2 2
2010-05-09T12:30:00 2010 5 9 12 30 0 -1.8 -0.1 396.0 1.7 0.53 0.22 0.03 0.01 2 2 2 2 2 2 2 2 0.3 0.08 -9.0 -0.1 -0.1 -0.1 -0.1 -0.1 -0.1 0.012 0.013 0.179 0.002 0.013 0.01 2 2 2 2 2 2
2010-05-09T13:30:00 2010 5 9 13 30 0 -2.1 -0.4 404.0 1.6 0.52 0.4 0.53 0.09 2 2 2 2 2 2 2 2 0.3 0.08 -7.0 -0.4 -0.4 -0.4 -0.4 -0.4 -0.4 0.028 0.057 0.174 0.01 0.076 0.044 2 2 2 2 2 2
2010-05-09T14:30:00 2010 5 9 14 30 0 -1.9 -0.3 399.0 1.6 0.51 0.44 0.69 0.11 2 2 2 2 2 2 2 2 0.3 0.12 -8.0 -0.3 -0.3 -0.3 -0.3 -0.3 -0.3 0.041 0.083 0.17 0.015 0.098 0.059 2 2 2 2 2 2
2010-05-09T15:30:00 2010 5 9 15 30 0 -1.7 -0.5 391.0 2.2 0.67 0.38 0.81 0.16 2 2 2 2 2 2 2 2 0.3 0.15 -8.0 -0.5 -0.5 -0.5 -0.5 -0.5 -0.5 0.058 0.113 0.166 0.024 0.128 0.085 2 2 2 2 2 2
2010-05-09T16:30:00 2010 5 9 16 30 0 -1.6 -0.7 393.0 2.1 0.65 0.4 1.19 0.26 2 2 2 2 2 2 2 2 0.3 0.19 -8.0 -0.7 -0.7 -0.7 -0.7 -0.7 -0.7 0.081 0.151 0.162 0.038 0.168 0.114 2 2 2 2 2 2
2010-05-09T17:30:00 2010 5 9 17 30 0 0.3 -2.1 392.0 2.3 0.71 0.62 2.86 0.64 2 2 2 2 2 2 2 2 0.3 0.23 -8.0 -2.1 -2.1 -2.1 -2.1 -2.1 -2.1 0.153 0.258 0.163 0.108 0.306 0.187 2 2 2 2 2 2
2010-05-09T18:30:00 2010 5 9 18 30 0 -1.4 -1.9 388.0 2.4 0.72 1.01 3.88 0.91 2 2 2 2 2 2 2 2 0.7 0.32 -9.0 -1.9 -1.9 -1.9 -1.9 -1.9 -1.9 0.221 0.34 0.166 0.171 0.38 0.239 2 2 2 2 2 2
2010-05-09T19:30:00 2010 5 9 19 30 0 -2.6 -0.1 388.0 2.4 0.72 0.73 1.79 0.43 2 2 2 2 2 2 2 2 0.7 0.4 -9.0 -0.1 -0.1 -0.1 -0.1 -0.1 -0.1 0.197 0.266 0.164 0.127 0.238 0.182 2 2 2 2 2 2
2010-05-09T20:30:00 2010 5 9 20 30 0 -1.9 1.1 384.0 2.3 0.68 0.3 0.0 0.0 2 2 2 2 2 2 2 2 0.7 0.46 -9.0 1.1 1.1 1.1 1.1 1.1 1.1 0.134 0.132 0.159 0.071 0.075 0.075 2 2 2 2 2 2
2010-05-09T21:30:00 2010 5 9 21 30 0 -2.3 0.6 386.0 2.4 0.72 0.21 0.0 0.0 2 2 2 2 2 2 2 2 0.7 0.51 -7.0 0.6 0.6 0.6 0.6 0.6 0.6 0.09 0.066 0.154 0.04 0.024 0.031 2 2 2 2 2 2
2010-05-09T22:30:00 2010 5 9 22 30 0 -2.1 0.5 383.0 2.6 0.76 0.27 0.0 0.0 2 2 2 2 2 2 2 2 0.7 0.56 -7.0 0.5 0.5 0.5 0.5 0.5 0.5 0.061 0.033 0.149 0.022 0.008 0.013 2 2 2 2 2 2
2010-05-09T23:30:00 2010 5 9 23 30 0 -0.1 0.2 389.0 2.7 0.82 0.07 0.0 0.0 2 2 2 2 2 2 2 2 0.7 0.6 -6.0 0.2 0.2 0.2 0.2 0.2 0.2 0.041 0.016 0.144 0.013 0.002 0.005 2 2 2 2 2 2
