2010-03-15T00:30:00 2010 3 15 0 30 0 0.5 2.4 370.0 4.4 1.2 0.02 0.0 0.0 2 2 2 2 2 2 2 2 0.3 1.29 -2.0 2.4 2.4 2.4 2.4 2.4 2.4 0.207 0.123 0.251 0.096 0.047 0.076 2 2 2 2 2 2
2010-03-15T01:30:00 2010 3 15 1 30 0 2.9 2.0 371.0 5.2 1.43 0.09 0.0 0.0 2 2 2 2 2 2 2 2 0.3 1.2 0.0 2.0 2.0 2.0 2.0 2.0 2.0 0.14 0.061 0.243 0.054 0.015 0.031 2 2 2 2 2 2
2010-03-15T02:30:00 2010 3 15 2 30 0 2.9 2.0 363.0 4.0 1.05 0.26 0.0 0.0 2 2 2 2 2 2 2 2 0.3 1.1 -4.0 2.0 2.0 2.0 2.0 2.0 2.0 0.095 0.03 0.235 0.03 0.005 0.013 2 2 2 2 2 2
2010-03-15T03:30:00 2010 3 15 3 30 0 3.5 2.0 359.0 3.4 0.88 0.34 0.0 0.0 2 2 2 2 2 2 2 2 0.0 0.97 -5.0 2.0 2.0 2.0 2.0 2.0 2.0 0.064 0.015 0.228 0.017 0.001 0.005 2 2 2 2 2 2
2010-03-15T04:30:00 2010 3 15 4 30 0 3.6 1.9 355.0 3.1 0.78 0.44 0.0 0.0 2 2 2 2 2 2 2 2 0.0 0.84 -6.0 1.9 1.9 1.9 1.9 1.9 1.9 0.043 0.007 0.221 0.009 0.0 0.002 2 2 2 2 2 2
2010-03-15T05:30:00 2010 3 15 5 30 0 3.4 1.3 351.0 3.4 0.84 0.47 0.0 0.0 2 2 2 2 2 2 2 2 0.0 0.59 -6.0 1.3 1.3 1.3 1.3 1.3 1.3 0.029 0.004 0.215 0.005 0.0 0.001 2 2 2 2 2 2
2010-03-15T06:30:00 2010 3 15 6 30 0 3.3 0.6 347.0 3.2 0.77 0.54 0.0 0.0 2 2 2 2 2 2 2 2 0.0 0.35 -6.0 0.6 0.6 0.6 0.6 0.6 0.6 0.02 0.002 0.208 0.003 0.0 0.0 2 2 2 2 2 2
2010-03-15T07:30:00 2010 3 15 7 30 0 3.9 0.0 346.0 3.4 0.81 0.83 0.0 0.0 2 2 2 2 2 2 2 2 0.0 0.11 -7.0 0.0 0.0 0.0 0.0 0.0 0.0 0.013 0.001 0.202 0.002 0.0 0.0 2 2 2 2 2 2
2010-03-15T08:30:00 2010 3 15 8 30 0 3.5 0.4 349.0 3.7 0.9 0.88 0.0 0.0 2 2 2 2 2 2 2 2 0.0 0.07 -8.0 0.4 0.4 0.4 0.4 0.4 0.4 0.009 0.0 0.196 0.001 0.0 0.0 2 2 2 2 2 2
2010-03-15T09:30:00 2010 3 15 9 30 0 2.3 2.2 347.0 3.7 0.89 0.34 0.0 0.0 2 2 2 2 2 2 2 2 0.0 0.04 -7.0 2.2 2.2 2.2 2.2 2.2 2.2 0.006 0.0 0.19 0.001 0.0 0.0 2 2 2 2 2 2
2010-03-15T10:30:00 2010 3 15 10 30 0 1.9 1.5 337.0 4.0 0.91 0.11 0.0 0.0 2 2 2 2 2 2 2 2 0.0 0.0 -5.0 1.5 1.5 1.5 1.5 1.5 1.5 0.004 0.0 0.184 0.0 0.0 0.0 2 2 2 2 2 2
2010-03-15T11:30:00 2010 3 15 11 30 0 2.4 0.5 343.0 4.2 0.99 0.19 0.0 0.0 2 2 2 2 2 2 2 2 0.0 0.0 -3.0 0.5 0.5 0.5 0.5 0.5 0.5 0.003 0.0 0.178 0.0 0.0 0.0 2 2 2 2 2 2
2010-03-15T12:30:00 2010 3 15 12 30 0 2.2 0.4 338.0 5.4 1.23 0.28 0.0 0.0 2 2 2 2 2 2 2 2 0.3 0.04 0.0 0.4 0.4 0.4 0.4 0.4 0.4 0.002 0.0 0.173 0.0 0.0 0.0 2 2 2 2 2 2
2010-03-15T13:30:00 2010 3 15 13 30 0 2.1 0.7 340.0 6.6 1.53 0.23 0.0 0.0 2 2 2 2 2 2 2 2 0.3 0.08 2.0 0.7 0.7 0.7 0.7 0.7 0.7 0.001 0.0 0.167 0.0 0.0 0.0 2 2 2 2 2 2
2010-03-15T14:30:00 2010 3 15 14 30 0 2.4 0.5 342.0 7.2 1.68 0.25 0.0 0.0 2 2 2 2 2 2 2 2 0.3 0.12 3.0 0.5 0.5 0.5 0.5 0.5 0.5 0.001 0.0 0.162 0.0 0.0 0.0 2 2 2 2 2 2
2010-03-15T15:30:00 2010 3 15 15 30 0 3.2 -0.3 346.0 8.2 1.96 0.56 0.12 0.1 2 2 2 2 2 2 2 2 1.0 0.25 3.0 -0.3 -0.3 -0.3 -0.3 -0.3 -0.3 0.014 0.047 0.158 0.005 0.053 0.107 2 2 2 2 2 2
2010-03-15T16:30:00 2010 3 15 16 30 0 0.5 -2.0 352.0 8.7 2.16 0.72 2.14 1.82 2 2 2 2 2 2 2 2 1.0 0.37 0.0 -2.0 -2.0 -2.0 -2.0 -2.0 -2.0 0.142 0.327 0.159 0.116 0.353 0.603 2 2 2 2 2 2
2010-03-15T17:30:00 2010 3 15 17 30 0 3.7 0.1 351.0 10.3 2.54 0.74 1.53 1.42 2 2 2 2 2 2 2 2 1.0 0.5 -2.0 0.1 0.1 0.1 0.1 0.1 0.1 0.164 0.316 0.158 0.111 0.259 0.565 2 2 2 2 2 2
2010-03-15T18:30:00 2010 3 15 18 30 0 1.9 -2.8 356.0 8.4 2.13 1.35 2.61 2.34 2 2 2 2 2 2 2 2 2.3 0.79 -2.0 -2.8 -2.8 -2.8 -2.8 -2.8 -2.8 0.278 0.518 0.162 0.224 0.494 0.912 2 2 2 2 2 2
2010-03-15T19:30:00 2010 3 15 19 30 0 -1.0 1.8 368.0 8.9 2.41 0.35 1.33 1.13 2 2 2 2 2 2 2 2 2.3 1.09 -3.0 1.8 1.8 1.8 1.8 1.8 1.8 0.235 0.355 0.16 0.159 0.248 0.564 2 2 2 2 2 2
2010-03-15T20:30:00 2010 3 15 20 30 0 0.7 3.6 365.0 6.8 1.81 0.0 0.0 0.0 2 2 2 2 2 2 2 2 2.3 1.34 -3.0 3.6 3.6 3.6 3.6 3.6 3.6 0.159 0.176 0.155 0.089 0.079 0.234 2 2 2 2 2 2
2010-03-15T21:30:00 2010 3 15 21 30 0 1.8 2.4 367.0 7.5 2.02 0.02 0.0 0.0 2 2 2 2 2 2 2 2 0.3 1.32 0.0 2.4 2.4 2.4 2.4 2.4 2.4 0.108 0.087 0.15 0.05 0.025 0.097 2 2 2 2 2 2
2010-03-15T22:30:00 2010 3 15 22 30 0 2.4 3.0 365.0 6.5 1.73 0.09 0.0 0.0 2 2 2 2 2 2 2 2 0.3 1.31 -1.0 3.0 3.0 3.0 3.0 3.0 3.0 0.073 0.043 0.145 0.028 0.008 0.04 2 2 2 2 2 2
2010-03-15T23:30:00 2010 3 15 23 30 0 3.0 2.6 358.0 6.2 1.59 0.17 0.0 0.0 2 2 2 2 2 2 2 2 0.3 1.21 -1.0 2.6 2.6 2.6 2.6 2.6 2.6 0.049 0.022 0.141 0.016 0.002 0.017 2 2 2 2 2 2
