2010-01-08T00:30:00 2010 1 8 0 30 0 -3.6 -1.6 285.0 4.8 0.78 0.7 0.65 0.31 2 2 2 2 2 2 2 2 0.7 0.35 -6.0 -1.6 -1.6 -1.6 -1.6 -1.6 -1.6 0.171 0.234 0.058 0.081 0.133 0.158 2 2 2 2 2 2
2010-01-08T01:30:00 2010 1 8 1 30 0 -3.3 -2.5 286.0 5.1 0.83 1.74 2.98 1.48 2 2 2 2 2 2 2 2 0.7 0.44 -5.0 -2.5 -2.5 -2.5 -2.5 -2.5 -2.5 0.251 0.422 0.062 0.165 0.3 0.281 2 2 2 2 2 2
2010-01-08T02:30:00 2010 1 8 2 30 0 -3.1 -1.6 292.0 4.4 0.75 1.59 2.91 1.38 2 2 2 2 2 2 2 2 0.7 0.44 -5.0 -1.6 -1.6 -1.6 -1.6 -1.6 -1.6 0.288 0.476 0.065 0.189 0.319 0.3 2 2 2 2 2 2
2010-01-08T03:30:00 2010 1 8 3 30 0 -2.3 0.4 299.0 4.2 0.75 0.63 0.85 0.37 2 2 2 2 2 2 2 2 0.0 0.35 -6.0 0.4 0.4 0.4 0.4 0.4 0.4 0.222 0.307 0.064 0.121 0.155 0.178 2 2 2 2 2 2
2010-01-08T04:30:00 2010 1 8 4 30 0 -2.0 0.4 301.0 4.4 0.8 0.22 0.0 0.0 2 2 2 2 2 2 2 2 0.0 0.26 -7.0 0.4 0.4 0.4 0.4 0.4 0.4 0.151 0.153 0.062 0.068 0.049 0.074 2 2 2 2 2 2
2010-01-08T05:30:00 2010 1 8 5 30 0 -0.8 -2.2 304.0 4.5 0.83 0.45 1.55 0.69 2 2 2 2 2 2 2 2 0.0 0.26 -4.0 -2.2 -2.2 -2.2 -2.2 -2.2 -2.2 0.187 0.281 0.064 0.106 0.21 0.192 2 2 2 2 2 2
2010-01-08T06:30:00 2010 1 8 6 30 0 -2.2 -1.9 303.0 4.6 0.84 1.01 3.09 1.41 2 2 2 2 2 2 2 2 0.3 0.3 -2.0 -1.9 -1.9 -1.9 -1.9 -1.9 -1.9 0.253 0.417 0.067 0.168 0.318 0.288 2 2 2 2 2 2
2010-01-08T07:30:00 2010 1 8 7 30 0 -1.5 -2.3 302.0 4.5 0.82 1.14 3.2 1.45 2 2 2 2 2 2 2 2 0.3 0.33 -3.0 -2.3 -2.3 -2.3 -2.3 -2.3 -2.3 0.306 0.499 0.072 0.214 0.367 0.333 2 2 2 2 2 2
2010-01-08T08:30:00 2010 1 8 8 30 0 -2.0 -0.4 300.0 4.4 0.79 0.64 1.91 0.85 2 2 2 2 2 2 2 2 0.3 0.28 -3.0 -0.4 -0.4 -0.4 -0.4 -0.4 -0.4 0.277 0.416 0.072 0.167 0.258 0.268 2 2 2 2 2 2
2010-01-08T09:30:00 2010 1 8 9 30 0 -2.4 -0.8 305.0 4.4 0.82 0.48 0.93 0.41 2 2 2 2 2 2 2 2 0.0 0.2 -1.0 -0.8 -0.8 -0.8 -0.8 -0.8 -0.8 0.235 0.337 0.071 0.12 0.201 0.223 2 2 2 2 2 2
2010-01-08T10:30:00 2010 1 8 10 30 0 -2.1 0.1 299.0 4.4 0.79 0.4 0.49 0.22 2 2 2 2 2 2 2 2 0.0 0.11 -1.0 0.1 0.1 0.1 0.1 0.1 0.1 0.178 0.22 0.07 0.075 0.105 0.14 2 2 2 2 2 2
2010-01-08T11:30:00 2010 1 8 11 30 0 -2.2 -0.1 294.0 4.2 0.73 0.29 0.04 0.02 2 2 2 2 2 2 2 2 0.0 0.11 -1.0 -0.1 -0.1 -0.1 -0.1 -0.1 -0.1 0.124 0.127 0.068 0.043 0.049 0.077 2 2 2 2 2 2
2010-01-08T12:30:00 2010 1 8 12 30 0 -1.8 0.1 287.0 4.2 0.69 0.24 0.03 0.01 2 2 2 2 2 2 2 2 0.0 0.11 0.0 0.1 0.1 0.1 0.1 0.1 0.1 0.085 0.067 0.065 0.024 0.018 0.036 2 2 2 2 2 2
2010-01-08T13:30:00 2010 1 8 13 30 0 -1.7 0.4 284.0 4.4 0.71 0.15 0.0 0.0 2 2 2 2 2 2 2 2 0.0 0.11 -2.0 0.4 0.4 0.4 0.4 0.4 0.4 0.058 0.033 0.063 0.013 0.006 0.015 2 2 2 2 2 2
2010-01-08T14:30:00 2010 1 8 14 30 0 -2.6 0.0 285.0 4.3 0.7 0.26 0.0 0.0 2 2 2 2 2 2 2 2 0.0 0.07 -5.0 0.0 0.0 0.0 0.0 0.0 0.0 0.039 0.017 0.062 0.008 0.002 0.006 2 2 2 2 2 2
2010-01-08T15:30:00 2010 1 8 15 30 0 -3.3 -0.8 288.0 4.7 0.78 0.66 0.62 0.28 2 2 2 2 2 2 2 2 0.3 0.08 -5.0 -0.8 -0.8 -0.8 -0.8 -0.8 -0.8 0.064 0.121 0.061 0.024 0.097 0.094 2 2 2 2 2 2
2010-01-08T16:30:00 2010 1 8 16 30 0 -3.0 -0.7 289.0 4.9 0.82 0.84 1.08 0.52 2 2 2 2 2 2 2 2 0.3 0.08 -5.0 -0.7 -0.7 -0.7 -0.7 -0.7 -0.7 0.095 0.204 0.06 0.042 0.15 0.156 2 2 2 2 2 2
2010-01-08T17:30:00 2010 1 8 17 30 0 -3.3 -0.5 294.0 5.0 0.86 0.8 0.86 0.43 2 2 2 2 2 2 2 2 0.3 0.12 -4.0 -0.5 -0.5 -0.5 -0.5 -0.5 -0.5 0.107 0.224 0.059 0.045 0.149 0.173 2 2 2 2 2 2
2010-01-08T18:30:00 2010 1 8 18 30 0 -3.7 -0.3 295.0 5.0 0.87 0.88 0.58 0.29 2 2 2 2 2 2 2 2 0.0 0.11 -6.0 -0.3 -0.3 -0.3 -0.3 -0.3 -0.3 0.102 0.203 0.058 0.037 0.123 0.16 2 2 2 2 2 2
2010-01-08T19:30:00 2010 1 8 19 30 0 -3.5 0.5 287.0 4.7 0.77 0.73 0.07 0.03 2 2 2 2 2 2 2 2 0.0 0.11 -6.0 0.5 0.5 0.5 0.5 0.5 0.5 0.071 0.108 0.056 0.021 0.044 0.074 2 2 2 2 2 2
2010-01-08T20:30:00 2010 1 8 20 30 0 -3.2 1.1 280.0 5.6 0.88 0.45 0.0 0.0 2 2 2 2 2 2 2 2 0.0 0.11 -4.0 1.1 1.1 1.1 1.1 1.1 1.1 0.048 0.054 0.055 0.012 0.014 0.031 2 2 2 2 2 2
2010-01-08T21:30:00 2010 1 8 21 30 0 -2.8 1.7 282.0 5.9 0.94 0.27 0.0 0.0 2 2 2 2 2 2 2 2 0.0 0.11 -2.0 1.7 1.7 1.7 1.7 1.7 1.7 0.032 0.027 0.053 0.007 0.004 0.013 2 2 2 2 2 2
2010-01-08T22:30:00 2010 1 8 22 30 0 -1.1 3.5 289.0 6.8 1.14 0.06 0.0 0.0 2 2 2 2 2 2 2 2 0.0 0.11 1.0 3.5 3.5 3.5 3.5 3.5 3.5 0.022 0.013 0.051 0.004 0.001 0.005 2 2 2 2 2 2
2010-01-08T23:30:00 2010 1 8 23 30 0 -0.7 3.1 293.0 5.2 0.89 0.0 0.0 0.0 2 2 2 2 2 2 2 2 0.0 0.07 -1.0 3.1 3.1 3.1 3.1 3.1 3.1 0.015 0.007 0.05 0.002 0.0 0.002 2 2 2 2 2 2
