2010-10-29T00:30:00 2010 10 29 0 30 0 -1.8 -0.5 422.0 2.5 0.89 0.17 0.18 0.04 2 2 2 2 2 2 2 2 1.7 0.82 -9.0 -0.5 -0.5 -0.5 -0.5 -0.5 -0.5 0.012 0.028 0.025 0.007 0.047 0.034 2 2 2 2 2 2
2010-10-29T01:30:00 2010 10 29 1 30 0 -1.2 -2.0 421.0 2.7 0.96 0.78 2.77 0.73 2 2 2 2 2 2 2 2 1.7 0.92 -13.0 -2.0 -2.0 -2.0 -2.0 -2.0 -2.0 0.11 0.203 0.031 0.095 0.302 0.21 2 2 2 2 2 2
2010-10-29T02:30:00 2010 10 29 2 30 0 -1.0 -2.0 419.0 2.7 0.95 1.17 4.2 1.13 2 2 2 2 2 2 2 2 1.7 1.01 -12.0 -2.0 -2.0 -2.0 -2.0 -2.0 -2.0 0.208 0.332 0.04 0.184 0.438 0.318 2 2 2 2 2 2
2010-10-29T03:30:00 2010 10 29 3 30 0 -0.9 -1.6 419.0 2.7 0.95 0.93 3.74 1.01 2 2 2 2 2 2 2 2 2.0 1.14 -14.0 -1.6 -1.6 -1.6 -1.6 -1.6 -1.6 0.259 0.374 0.047 0.212 0.446 0.344 2 2 2 2 2 2
2010-10-29T04:30:00 2010 10 29 4 30 0 -2.0 1.1 406.0 2.7 0.89 0.29 0.85 0.23 2 2 2 2 2 2 2 2 2.0 1.27 -15.0 1.1 1.1 1.1 1.1 1.1 1.1 0.195 0.225 0.046 0.13 0.188 0.185 2 2 2 2 2 2
2010-10-29T05:30:00 2010 10 29 5 30 0 -1.6 1.6 397.0 2.7 0.85 0.11 0.0 0.0 2 2 2 2 2 2 2 2 2.0 1.48 -12.0 1.6 1.6 1.6 1.6 1.6 1.6 0.132 0.112 0.045 0.073 0.06 0.077 2 2 2 2 2 2
2010-10-29T06:30:00 2010 10 29 6 30 0 -1.3 0.4 393.0 2.8 0.86 0.08 0.0 0.0 2 2 2 2 2 2 2 2 0.7 1.52 -8.0 0.4 0.4 0.4 0.4 0.4 0.4 0.089 0.055 0.044 0.041 0.019 0.032 2 2 2 2 2 2
2010-10-29T07:30:00 2010 10 29 7 30 0 0.3 1.0 382.0 2.9 0.85 0.02 0.0 0.0 2 2 2 2 2 2 2 2 0.7 1.55 -8.0 1.0 1.0 1.0 1.0 1.0 1.0 0.06 0.028 0.042 0.023 0.006 0.013 2 2 2 2 2 2
2010-10-29T08:30:00 2010 10 29 8 30 0 1.7 0.8 390.0 2.9 0.88 0.05 0.0 0.0 2 2 2 2 2 2 2 2 0.7 1.42 -6.0 0.8 0.8 0.8 0.8 0.8 0.8 0.041 0.014 0.041 0.013 0.002 0.005 2 2 2 2 2 2
2010-10-29T09:30:00 2010 10 29 9 30 0 0.9 2.0 391.0 2.7 0.83 0.05 0.0 0.0 2 2 2 2 2 2 2 2 0.0 1.2 -6.0 2.0 2.0 2.0 2.0 2.0 2.0 0.028 0.007 0.04 0.007 0.001 0.002 2 2 2 2 2 2
2010-10-29T10:30:00 2010 10 29 10 30 0 -1.1 3.1 391.0 2.9 0.89 0.0 0.0 0.0 2 2 2 2 2 2 2 2 0.0 0.99 -6.0 3.1 3.1 3.1 3.1 3.1 3.1 0.019 0.003 0.039 0.004 0.0 0.001 2 2 2 2 2 2
2010-10-29T11:30:00 2010 10 29 11 30 0 -2.2 0.5 377.0 2.8 0.8 0.1 0.0 0.0 2 2 2 2 2 2 2 2 0.0 0.74 -5.0 0.5 0.5 0.5 0.5 0.5 0.5 0.013 0.002 0.037 0.002 0.0 0.0 2 2 2 2 2 2
2010-10-29T12:30:00 2010 10 29 12 30 0 -1.9 -2.3 379.0 2.7 0.78 0.82 1.97 0.54 2 2 2 2 2 2 2 2 1.0 0.63 -5.0 -2.3 -2.3 -2.3 -2.3 -2.3 -2.3 0.093 0.172 0.041 0.077 0.229 0.145 2 2 2 2 2 2
2010-10-29T13:30:00 2010 10 29 13 30 0 -1.2 -2.8 382.0 2.5 0.73 1.78 4.89 1.27 2 2 2 2 2 2 2 2 1.0 0.51 -6.0 -2.8 -2.8 -2.8 -2.8 -2.8 -2.8 0.217 0.353 0.051 0.205 0.422 0.258 2 2 2 2 2 2
2010-10-29T14:30:00 2010 10 29 14 30 0 -1.7 0.2 380.0 3.0 0.87 0.72 2.27 0.61 2 2 2 2 2 2 2 2 1.0 0.56 -9.0 0.2 0.2 0.2 0.2 0.2 0.2 0.205 0.283 0.053 0.16 0.258 0.198 2 2 2 2 2 2
2010-10-29T15:30:00 2010 10 29 15 30 0 -1.6 1.8 378.0 2.8 0.8 0.1 0.0 0.0 2 2 2 2 2 2 2 2 1.0 0.6 -10.0 1.8 1.8 1.8 1.8 1.8 1.8 0.139 0.141 0.051 0.089 0.082 0.082 2 2 2 2 2 2
2010-10-29T16:30:00 2010 10 29 16 30 0 -1.7 1.4 373.0 3.1 0.86 0.07 0.0 0.0 2 2 2 2 2 2 2 2 1.0 0.64 -10.0 1.4 1.4 1.4 1.4 1.4 1.4 0.094 0.07 0.05 0.05 0.026 0.034 2 2 2 2 2 2
2010-10-29T17:30:00 2010 10 29 17 30 0 -1.7 0.9 375.0 3.1 0.87 0.1 0.0 0.0 2 2 2 2 2 2 2 2 1.0 0.76 -11.0 0.9 0.9 0.9 0.9 0.9 0.9 0.063 0.035 0.048 0.028 0.008 0.014 2 2 2 2 2 2
2010-10-29T18:30:00 2010 10 29 18 30 0 -1.6 0.4 374.0 3.4 0.95 0.13 0.0 0.0 2 2 2 2 2 2 2 2 0.0 0.75 -12.0 0.4 0.4 0.4 0.4 0.4 0.4 0.043 0.017 0.047 0.016 0.003 0.006 2 2 2 2 2 2
2010-10-29T19:30:00 2010 10 29 19 30 0 -2.0 -0.1 372.0 3.5 0.97 0.24 0.03 0.01 2 2 2 2 2 2 2 2 0.0 0.74 -14.0 -0.1 -0.1 -0.1 -0.1 -0.1 -0.1 0.032 0.019 0.045 0.01 0.015 0.019 2 2 2 2 2 2
2010-10-29T20:30:00 2010 10 29 20 30 0 -2.0 0.0 370.0 3.3 0.9 0.32 0.09 0.03 2 2 2 2 2 2 2 2 0.0 0.61 -15.0 0.0 0.0 0.0 0.0 0.0 0.0 0.025 0.023 0.044 0.006 0.019 0.028 2 2 2 2 2 2
2010-10-29T21:30:00 2010 10 29 21 30 0 -2.1 0.3 369.0 3.3 0.9 0.29 0.0 0.0 2 2 2 2 2 2 2 2 0.0 0.49 -15.0 0.3 0.3 0.3 0.3 0.3 0.3 0.017 0.012 0.043 0.003 0.006 0.012 2 2 2 2 2 2
2010-10-29T22:30:00 2010 10 29 22 30 0 -2.2 0.7 370.0 3.2 0.88 0.26 0.0 0.0 2 2 2 2 2 2 2 2 0.0 0.36 -12.0 0.7 0.7 0.7 0.7 0.7 0.7 0.012 0.006 0.041 0.002 0.002 0.005 2 2 2 2 2 2
2010-10-29T23:30:00 2010 10 29 23 30 0 -1.4 -0.8 357.0 3.7 0.94 0.28 0.44 0.16 2 2 2 2 2 2 2 2 0.0 0.24 -12.0 -0.8 -0.8 -0.8 -0.8 -0.8 -0.8 0.035 0.077 0.041 0.017 0.092 0.085 2 2 2 2 2 2
