2010-11-14T00:30:00 2010 11 14 0 30 0 2.5 2.3 474.0 4.2 1.89 0.23 0.0 0.0 2 2 2 2 2 2 2 2 1.7 2.4 -13.0 2.3 2.3 2.3 2.3 2.3 2.3 0.063 0.029 0.221 0.027 0.007 0.023 2 2 2 2 2 2
2010-11-14T01:30:00 2010 11 14 1 30 0 -0.4 2.8 485.0 4.1 1.93 0.04 0.0 0.0 2 2 2 2 2 2 2 2 1.7 2.44 -14.0 2.8 2.8 2.8 2.8 2.8 2.8 0.043 0.015 0.215 0.015 0.002 0.01 2 2 2 2 2 2
2010-11-14T02:30:00 2010 11 14 2 30 0 -3.4 -0.3 474.0 4.8 2.16 0.37 0.07 0.03 2 2 2 2 2 2 2 2 1.7 2.31 -13.0 -0.3 -0.3 -0.3 -0.3 -0.3 -0.3 0.039 0.035 0.208 0.014 0.053 0.084 2 2 2 2 2 2
2010-11-14T03:30:00 2010 11 14 3 30 0 -3.6 -0.4 458.0 4.6 1.93 1.36 0.82 0.39 2 2 2 2 2 2 2 2 2.0 2.23 -16.0 -0.4 -0.4 -0.4 -0.4 -0.4 -0.4 0.067 0.115 0.204 0.029 0.173 0.276 2 2 2 2 2 2
2010-11-14T04:30:00 2010 11 14 4 30 0 -4.4 1.0 476.0 5.1 2.31 1.35 0.1 0.04 2 2 2 2 2 2 2 2 2.0 2.14 -14.0 1.0 1.0 1.0 1.0 1.0 1.0 0.047 0.062 0.198 0.016 0.061 0.129 2 2 2 2 2 2
2010-11-14T05:30:00 2010 11 14 5 30 0 -2.2 0.9 457.0 4.8 2.0 0.68 0.0 0.0 2 2 2 2 2 2 2 2 2.0 2.06 -13.0 0.9 0.9 0.9 0.9 0.9 0.9 0.032 0.031 0.192 0.009 0.019 0.054 2 2 2 2 2 2
2010-11-14T06:30:00 2010 11 14 6 30 0 -3.6 2.1 460.0 4.5 1.9 0.41 0.0 0.0 2 2 2 2 2 2 2 2 0.7 1.8 -12.0 2.1 2.1 2.1 2.1 2.1 2.1 0.022 0.015 0.186 0.005 0.006 0.022 2 2 2 2 2 2
2010-11-14T07:30:00 2010 11 14 7 30 0 -5.4 1.6 461.0 3.9 1.66 1.13 0.0 0.0 2 2 2 2 2 2 2 2 0.7 1.55 -12.0 1.6 1.6 1.6 1.6 1.6 1.6 0.015 0.008 0.18 0.003 0.002 0.009 2 2 2 2 2 2
2010-11-14T08:30:00 2010 11 14 8 30 0 -5.0 2.4 456.0 3.9 1.62 1.4 0.0 0.0 2 2 2 2 2 2 2 2 0.7 1.42 -12.0 2.4 2.4 2.4 2.4 2.4 2.4 0.01 0.004 0.175 0.002 0.001 0.004 2 2 2 2 2 2
2010-11-14T09:30:00 2010 11 14 9 30 0 -4.0 0.8 458.0 4.0 1.68 1.12 0.0 0.0 2 2 2 2 2 2 2 2 1.0 1.34 -10.0 0.8 0.8 0.8 0.8 0.8 0.8 0.007 0.002 0.169 0.001 0.0 0.002 2 2 2 2 2 2
2010-11-14T10:30:00 2010 11 14 10 30 0 -1.5 2.8 482.0 3.8 1.77 0.36 0.0 0.0 2 2 2 2 2 2 2 2 1.0 1.25 -11.0 2.8 2.8 2.8 2.8 2.8 2.8 0.005 0.001 0.164 0.001 0.0 0.001 2 2 2 2 2 2
2010-11-14T11:30:00 2010 11 14 11 30 0 1.4 2.5 508.0 4.0 2.06 0.01 0.0 0.0 2 2 2 2 2 2 2 2 1.0 1.13 -7.0 2.5 2.5 2.5 2.5 2.5 2.5 0.003 0.0 0.159 0.0 0.0 0.0 2 2 2 2 2 2
2010-11-14T12:30:00 2010 11 14 12 30 0 -2.4 3.2 490.0 4.1 1.97 0.03 0.0 0.0 2 2 2 2 2 2 2 2 1.0 1.01 -8.0 3.2 3.2 3.2 3.2 3.2 3.2 0.002 0.0 0.154 0.0 0.0 0.0 2 2 2 2 2 2
2010-11-14T13:30:00 2010 11 14 13 30 0 -3.3 2.4 512.0 3.1 1.63 0.29 0.0 0.0 2 2 2 2 2 2 2 2 1.0 0.89 -11.0 2.4 2.4 2.4 2.4 2.4 2.4 0.001 0.0 0.149 0.0 0.0 0.0 2 2 2 2 2 2
2010-11-14T14:30:00 2010 11 14 14 30 0 -4.7 -0.9 543.0 2.2 1.3 1.58 0.44 0.1 2 2 2 2 2 2 2 2 1.0 0.93 -15.0 -0.9 -0.9 -0.9 -0.9 -0.9 -0.9 0.025 0.048 0.146 0.019 0.114 0.09 2 2 2 2 2 2
2010-11-14T15:30:00 2010 11 14 15 30 0 -5.0 0.2 554.0 2.0 1.23 2.82 0.9 0.19 2 2 2 2 2 2 2 2 2.7 1.19 -21.0 0.2 0.2 0.2 0.2 0.2 0.2 0.039 0.064 0.143 0.022 0.112 0.11 2 2 2 2 2 2
2010-11-14T16:30:00 2010 11 14 16 30 0 -4.4 0.2 560.0 2.0 1.25 2.26 0.0 0.0 2 2 2 2 2 2 2 2 2.7 1.44 -25.0 0.2 0.2 0.2 0.2 0.2 0.2 0.026 0.032 0.139 0.013 0.035 0.046 2 2 2 2 2 2
2010-11-14T17:30:00 2010 11 14 17 30 0 -3.8 -1.7 567.0 2.2 1.41 2.61 2.35 0.5 2 2 2 2 2 2 2 2 2.7 1.66 -21.0 -1.7 -1.7 -1.7 -1.7 -1.7 -1.7 0.105 0.158 0.142 0.088 0.347 0.269 2 2 2 2 2 2
2010-11-14T18:30:00 2010 11 14 18 30 0 -3.1 2.9 582.0 1.9 1.29 1.21 0.7 0.15 2 2 2 2 2 2 2 2 2.3 1.82 -21.0 2.9 2.9 2.9 2.9 2.9 2.9 0.082 0.096 0.139 0.056 0.142 0.143 2 2 2 2 2 2
2010-11-14T19:30:00 2010 11 14 19 30 0 -4.3 0.6 594.0 1.5 1.06 0.99 0.0 0.0 2 2 2 2 2 2 2 2 2.3 1.98 -20.0 0.6 0.6 0.6 0.6 0.6 0.6 0.055 0.048 0.135 0.031 0.045 0.059 2 2 2 2 2 2
2010-11-14T20:30:00 2010 11 14 20 30 0 -4.5 -2.0 616.0 1.2 0.91 3.23 2.61 0.33 2 2 2 2 2 2 2 2 2.3 2.14 -20.0 -2.0 -2.0 -2.0 -2.0 -2.0 -2.0 0.115 0.137 0.139 0.097 0.328 0.175 2 2 2 2 2 2
2010-11-14T21:30:00 2010 11 14 21 30 0 -5.3 -1.8 637.0 1.4 1.14 5.42 5.93 0.78 2 2 2 2 2 2 2 2 3.0 2.38 -19.0 -1.8 -1.8 -1.8 -1.8 -1.8 -1.8 0.21 0.24 0.153 0.202 0.573 0.311 2 2 2 2 2 2
2010-11-14T22:30:00 2010 11 14 22 30 0 -4.3 -1.1 632.0 1.4 1.12 4.51 4.51 0.63 2 2 2 2 2 2 2 2 3.0 2.63 -23.0 -1.1 -1.1 -1.1 -1.1 -1.1 -1.1 0.243 0.258 0.16 0.212 0.556 0.341 2 2 2 2 2 2
2010-11-14T23:30:00 2010 11 14 23 30 0 -2.4 0.1 627.0 1.5 1.18 1.79 1.44 0.21 2 2 2 2 2 2 2 2 3.0 2.67 -24.0 0.1 0.1 0.1 0.1 0.1 0.1 0.194 0.175 0.158 0.137 0.286 0.221 2 2 2 2 2 2
