2010-10-14T00:30:00 2010 10 14 0 30 0 -0.5 0.2 328.0 12.5 2.69 0.01 0.0 0.0 2 2 2 2 2 2 2 2 0.7 0.62 -3.0 0.2 0.2 0.2 0.2 0.2 0.2 0.009 0.001 0.281 0.001 0.0 0.0 2 2 2 2 2 2
2010-10-14T01:30:00 2010 10 14 1 30 0 0.2 0.7 325.0 12.2 2.58 0.0 0.0 0.0 2 2 2 2 2 2 2 2 0.7 0.55 -1.0 0.7 0.7 0.7 0.7 0.7 0.7 0.006 0.0 0.272 0.0 0.0 0.0 2 2 2 2 2 2
2010-10-14T02:30:00 2010 10 14 2 30 0 -1.1 1.3 327.0 10.7 2.29 0.01 0.0 0.0 2 2 2 2 2 2 2 2 0.7 0.55 1.0 1.3 1.3 1.3 1.3 1.3 1.3 0.004 0.0 0.264 0.0 0.0 0.0 2 2 2 2 2 2
2010-10-14T03:30:00 2010 10 14 3 30 0 -2.0 1.3 326.0 10.1 2.15 0.07 0.0 0.0 2 2 2 2 2 2 2 2 0.0 0.46 3.0 1.3 1.3 1.3 1.3 1.3 1.3 0.003 0.0 0.256 0.0 0.0 0.0 2 2 2 2 2 2
2010-10-14T04:30:00 2010 10 14 4 30 0 -0.6 0.0 312.0 9.6 1.87 0.06 0.0 0.0 2 2 2 2 2 2 2 2 0.0 0.37 4.0 0.0 0.0 0.0 0.0 0.0 0.0 0.002 0.0 0.248 0.0 0.0 0.0 2 2 2 2 2 2
2010-10-14T05:30:00 2010 10 14 5 30 0 -2.4 0.8 318.0 9.5 1.92 0.12 0.0 0.0 2 2 2 2 2 2 2 2 0.0 0.33 2.0 0.8 0.8 0.8 0.8 0.8 0.8 0.001 0.0 0.24 0.0 0.0 0.0 2 2 2 2 2 2
2010-10-14T06:30:00 2010 10 14 6 30 0 -1.2 0.3 312.0 10.0 1.95 0.14 0.0 0.0 2 2 2 2 2 2 2 2 0.0 0.29 1.0 0.3 0.3 0.3 0.3 0.3 0.3 0.001 0.0 0.233 0.0 0.0 0.0 2 2 2 2 2 2
2010-10-14T07:30:00 2010 10 14 7 30 0 -1.5 0.5 310.0 10.0 1.92 0.08 0.0 0.0 2 2 2 2 2 2 2 2 0.0 0.25 0.0 0.5 0.5 0.5 0.5 0.5 0.5 0.001 0.0 0.226 0.0 0.0 0.0 2 2 2 2 2 2
2010-10-14T08:30:00 2010 10 14 8 30 0 -1.6 0.5 308.0 9.7 1.84 0.1 0.0 0.0 2 2 2 2 2 2 2 2 0.0 0.17 -1.0 0.5 0.5 0.5 0.5 0.5 0.5 0.0 0.0 0.219 0.0 0.0 0.0 2 2 2 2 2 2
2010-10-14T09:30:00 2010 10 14 9 30 0 -1.4 1.0 306.0 9.7 1.82 0.07 0.0 0.0 2 2 2 2 2 2 2 2 0.3 0.12 -1.0 1.0 1.0 1.0 1.0 1.0 1.0 0.0 0.0 0.212 0.0 0.0 0.0 2 2 2 2 2 2
2010-10-14T10:30:00 2010 10 14 10 30 0 0.2 1.4 300.0 9.1 1.64 0.01 0.0 0.0 2 2 2 2 2 2 2 2 0.3 0.08 -2.0 1.4 1.4 1.4 1.4 1.4 1.4 0.0 0.0 0.206 0.0 0.0 0.0 2 2 2 2 2 2
2010-10-14T11:30:00 2010 10 14 11 30 0 0.3 0.9 302.0 10.1 1.84 0.0 0.0 0.0 2 2 2 2 2 2 2 2 0.3 0.12 -1.0 0.9 0.9 0.9 0.9 0.9 0.9 0.0 0.0 0.2 0.0 0.0 0.0 2 2 2 2 2 2
2010-10-14T12:30:00 2010 10 14 12 30 0 -1.0 1.1 303.0 10.6 1.95 0.0 0.0 0.0 2 2 2 2 2 2 2 2 0.0 0.11 1.0 1.1 1.1 1.1 1.1 1.1 1.1 0.0 0.0 0.194 0.0 0.0 0.0 2 2 2 2 2 2
2010-10-14T13:30:00 2010 10 14 13 30 0 -0.9 1.0 304.0 11.6 2.14 0.02 0.0 0.0 2 2 2 2 2 2 2 2 0.0 0.11 4.0 1.0 1.0 1.0 1.0 1.0 1.0 0.0 0.0 0.188 0.0 0.0 0.0 2 2 2 2 2 2
2010-10-14T14:30:00 2010 10 14 14 30 0 -0.2 0.9 302.0 13.7 2.5 0.0 0.0 0.0 2 2 2 2 2 2 2 2 0.0 0.11 7.0 0.9 0.9 0.9 0.9 0.9 0.9 0.0 0.0 0.182 0.0 0.0 0.0 2 2 2 2 2 2
2010-10-14T15:30:00 2010 10 14 15 30 0 -0.6 0.7 299.0 14.8 2.65 0.0 0.0 0.0 2 2 2 2 2 2 2 2 0.0 0.11 8.0 0.7 0.7 0.7 0.7 0.7 0.7 0.0 0.0 0.176 0.0 0.0 0.0 2 2 2 2 2 2
2010-10-14T16:30:00 2010 10 14 16 30 0 -0.9 0.7 299.0 15.1 2.7 0.01 0.0 0.0 2 2 2 2 2 2 2 2 0.0 0.11 5.0 0.7 0.7 0.7 0.7 0.7 0.7 0.0 0.0 0.171 0.0 0.0 0.0 2 2 2 2 2 2
2010-10-14T17:30:00 2010 10 14 17 30 0 -1.3 1.1 298.0 13.5 2.4 0.03 0.0 0.0 2 2 2 2 2 2 2 2 0.0 0.07 4.0 1.1 1.1 1.1 1.1 1.1 1.1 0.0 0.0 0.166 0.0 0.0 0.0 2 2 2 2 2 2
2010-10-14T18:30:00 2010 10 14 18 30 0 -0.8 0.7 295.0 14.5 2.52 0.02 0.0 0.0 2 2 2 2 2 2 2 2 0.0 0.04 3.0 0.7 0.7 0.7 0.7 0.7 0.7 0.0 0.0 0.161 0.0 0.0 0.0 2 2 2 2 2 2
2010-10-14T19:30:00 2010 10 14 19 30 0 -0.7 0.9 294.0 15.1 2.61 0.01 0.0 0.0 2 2 2 2 2 2 2 2 0.0 0.0 2.0 0.9 0.9 0.9 0.9 0.9 0.9 0.0 0.0 0.156 0.0 0.0 0.0 2 2 2 2 2 2
2010-10-14T20:30:00 2010 10 14 20 30 0 -0.8 0.7 292.0 13.9 2.37 0.01 0.0 0.0 2 2 2 2 2 2 2 2 0.0 0.0 1.0 0.7 0.7 0.7 0.7 0.7 0.7 0.0 0.0 0.151 0.0 0.0 0.0 2 2 2 2 2 2
2010-10-14T21:30:00 2010 10 14 21 30 0 -0.9 1.0 291.0 14.0 2.37 0.01 0.0 0.0 2 2 2 2 2 2 2 2 0.3 0.04 1.0 1.0 1.0 1.0 1.0 1.0 1.0 0.0 0.0 0.146 0.0 0.0 0.0 2 2 2 2 2 2
2010-10-14T22:30:00 2010 10 14 22 30 0 -1.2 1.1 291.0 14.6 2.47 0.02 0.0 0.0 2 2 2 2 2 2 2 2 0.3 0.08 3.0 1.1 1.1 1.1 1.1 1.1 1.1 0.0 0.0 0.142 0.0 0.0 0.0 2 2 2 2 2 2
2010-10-14T23:30:00 2010 10 14 23 30 0 -1.7 2.0 291.0 12.7 2.15 0.04 0.0 0.0 2 2 2 2 2 2 2 2 0.3 0.12 5.0 2.0 2.0 2.0 2.0 2.0 2.0 0.0 0.0 0.138 0.0 0.0 0.0 2 2 2 2 2 2
