2010-07-23T00:30:00 2010 7 23 0 30 0 3.6 1.8 360.0 3.9 0.87 0.27 0.0 0.0 2 2 2 2 2 2 2 2 1.3 0.93 -1.0 1.8 1.8 1.8 1.8 1.8 1.8 0.031 0.007 0.135 0.005 0.001 0.004 2 2 2 2 2 2
2010-07-23T01:30:00 2010 7 23 1 30 0 2.6 -1.0 355.0 4.1 0.89 0.64 0.39 0.16 2 2 2 2 2 2 2 2 1.3 0.97 -3.0 -1.0 -1.0 -1.0 -1.0 -1.0 -1.0 0.049 0.078 0.132 0.021 0.094 0.089 2 2 2 2 2 2
2010-07-23T02:30:00 2010 7 23 2 30 0 0.3 -1.5 349.0 4.1 0.86 0.6 2.23 0.92 2 2 2 2 2 2 2 2 1.3 1.04 -4.0 -1.5 -1.5 -1.5 -1.5 -1.5 -1.5 0.129 0.246 0.132 0.086 0.263 0.245 2 2 2 2 2 2
2010-07-23T03:30:00 2010 7 23 3 30 0 2.0 1.1 350.0 3.8 0.93 0.17 0.65 0.26 2 2 2 2 2 2 2 2 2.0 1.21 -9.0 1.1 1.1 1.1 1.1 1.1 1.1 0.105 0.164 0.129 0.058 0.121 0.145 2 2 2 2 2 2
2010-07-23T04:30:00 2010 7 23 4 30 0 2.2 1.8 352.0 4.4 1.09 0.13 0.0 0.0 2 2 2 2 2 2 2 2 2.0 1.37 -12.0 1.8 1.8 1.8 1.8 1.8 1.8 0.071 0.081 0.125 0.032 0.038 0.06 2 2 2 2 2 2
2010-07-23T05:30:00 2010 7 23 5 30 0 2.7 -1.6 365.0 6.2 1.4 0.58 0.81 0.48 2 2 2 2 2 2 2 2 2.0 1.5 -7.0 -1.6 -1.6 -1.6 -1.6 -1.6 -1.6 0.105 0.175 0.124 0.065 0.184 0.238 2 2 2 2 2 2
2010-07-23T06:30:00 2010 7 23 6 30 0 2.4 0.3 366.0 11.5 2.6 0.74 1.11 0.87 2 2 2 2 2 2 2 2 1.7 1.58 -5.0 0.3 0.3 0.3 0.3 0.3 0.3 0.117 0.196 0.122 0.064 0.168 0.339 2 2 2 2 2 2
2010-07-23T07:30:00 2010 7 23 7 30 0 0.9 3.1 367.0 14.1 3.22 0.09 0.0 0.0 2 2 2 2 2 2 2 2 1.7 1.67 5.0 3.1 3.1 3.1 3.1 3.1 3.1 0.08 0.098 0.118 0.036 0.053 0.141 2 2 2 2 2 2
2010-07-23T08:30:00 2010 7 23 8 30 0 -0.3 -1.1 371.0 17.0 3.99 0.04 0.36 0.6 2 2 2 2 2 2 2 2 1.7 1.72 9.0 -1.1 -1.1 -1.1 -1.1 -1.1 -1.1 0.099 0.173 0.117 0.055 0.174 0.577 2 2 2 2 2 2
2010-07-23T09:30:00 2010 7 23 9 30 0 -4.3 1.1 373.0 9.8 2.42 0.5 0.43 0.66 2 2 2 2 2 2 2 2 1.7 1.76 3.0 1.1 1.1 1.1 1.1 1.1 1.1 0.083 0.126 0.114 0.04 0.091 0.38 2 2 2 2 2 2
2010-07-23T10:30:00 2010 7 23 10 30 0 -7.2 0.9 377.0 8.3 2.07 1.99 0.0 0.0 2 2 2 2 2 2 2 2 1.7 1.81 3.0 0.9 0.9 0.9 0.9 0.9 0.9 0.057 0.062 0.11 0.022 0.029 0.158 2 2 2 2 2 2
2010-07-23T11:30:00 2010 7 23 11 30 0 -7.7 1.3 388.0 6.9 1.82 3.2 0.0 0.0 2 2 2 2 2 2 2 2 1.7 1.77 2.0 1.3 1.3 1.3 1.3 1.3 1.3 0.038 0.031 0.107 0.012 0.009 0.065 2 2 2 2 2 2
2010-07-23T12:30:00 2010 7 23 12 30 0 -8.4 2.2 407.0 5.8 1.73 3.47 0.0 0.0 2 2 2 2 2 2 2 2 1.0 1.64 1.0 2.2 2.2 2.2 2.2 2.2 2.2 0.026 0.015 0.104 0.007 0.003 0.027 2 2 2 2 2 2
2010-07-23T13:30:00 2010 7 23 13 30 0 -8.2 4.0 403.0 7.4 2.16 2.99 0.0 0.0 2 2 2 2 2 2 2 2 1.0 1.52 2.0 4.0 4.0 4.0 4.0 4.0 4.0 0.018 0.008 0.1 0.004 0.001 0.011 2 2 2 2 2 2
2010-07-23T14:30:00 2010 7 23 14 30 0 -7.9 4.1 395.0 8.1 2.25 2.38 0.0 0.0 2 2 2 2 2 2 2 2 1.0 1.43 3.0 4.1 4.1 4.1 4.1 4.1 4.1 0.012 0.004 0.097 0.002 0.0 0.005 2 2 2 2 2 2
2010-07-23T15:30:00 2010 7 23 15 30 0 -8.2 3.2 393.0 7.1 1.96 2.53 0.0 0.0 2 2 2 2 2 2 2 2 2.0 1.47 5.0 3.2 3.2 3.2 3.2 3.2 3.2 0.008 0.002 0.094 0.001 0.0 0.002 2 2 2 2 2 2
2010-07-23T16:30:00 2010 7 23 16 30 0 -8.2 4.8 389.0 4.6 1.25 2.45 0.0 0.0 2 2 2 2 2 2 2 2 2.0 1.51 3.0 4.8 4.8 4.8 4.8 4.8 4.8 0.005 0.001 0.092 0.001 0.0 0.001 2 2 2 2 2 2
2010-07-23T17:30:00 2010 7 23 17 30 0 -7.7 4.7 382.0 5.2 1.35 2.0 0.0 0.0 2 2 2 2 2 2 2 2 2.0 1.56 2.0 4.7 4.7 4.7 4.7 4.7 4.7 0.004 0.0 0.089 0.0 0.0 0.0 2 2 2 2 2 2
2010-07-23T18:30:00 2010 7 23 18 30 0 -3.4 6.0 376.0 10.8 2.62 0.74 0.0 0.0 2 2 2 2 2 2 2 2 2.7 1.69 7.0 6.0 6.0 6.0 6.0 6.0 6.0 0.002 0.0 0.086 0.0 0.0 0.0 2 2 2 2 2 2
2010-07-23T19:30:00 2010 7 23 19 30 0 -2.5 5.5 374.0 16.7 4.01 0.11 0.0 0.0 2 2 2 2 2 2 2 2 2.7 1.82 16.0 5.5 5.5 5.5 5.5 5.5 5.5 0.002 0.0 0.083 0.0 0.0 0.0 2 2 2 2 2 2
2010-07-23T20:30:00 2010 7 23 20 30 0 -1.0 4.1 372.0 18.0 4.46 0.03 0.0 0.0 2 2 2 2 2 2 2 2 2.7 2.03 21.0 4.1 4.1 4.1 4.1 4.1 4.1 0.001 0.0 0.081 0.0 0.0 0.0 2 2 2 2 2 2
2010-07-23T21:30:00 2010 7 23 21 30 0 -2.9 3.7 365.0 19.8 5.06 0.07 0.0 0.0 2 2 2 2 2 2 2 2 2.3 2.19 25.0 3.7 3.7 3.7 3.7 3.7 3.7 0.001 0.0 0.078 0.0 0.0 0.0 2 2 2 2 2 2
2010-07-23T22:30:00 2010 7 23 22 30 0 -2.4 4.6 365.0 14.8 3.64 0.11 0.0 0.0 2 2 2 2 2 2 2 2 2.3 2.34 22.0 4.6 4.6 4.6 4.6 4.6 4.6 0.001 0.0 0.076 0.0 0.0 0.0 2 2 2 2 2 2
2010-07-23T23:30:00 2010 7 23 23 30 0 -3.3 6.1 366.0 12.9 3.0 0.11 0.0 0.0 2 2 2 2 2 2 2 2 2.3 2.38 22.0 6.1 6.1 6.1 6.1 6.1 6.1 0.0 0.0 0.074 0.0 0.0 0.0 2 2 2 2 2 2
