2010-04-08T00:30:00 2010 4 8 0 30 0 -3.3 -0.8 585.0 1.3 0.86 1.53 0.95 0.12 2 2 2 2 2 2 2 2 4.3 3.63 -25.0 -0.8 -0.8 -0.8 -0.8 -0.8 -0.8 0.174 0.135 0.775 0.083 0.221 0.158 2 2 2 2 2 2
2010-04-08T01:30:00 2010 4 8 1 30 0 0.3 -2.3 588.0 1.4 1.02 1.48 4.73 0.64 2 2 2 2 2 2 2 2 4.3 3.71 -26.0 -2.3 -2.3 -2.3 -2.3 -2.3 -2.3 0.239 0.235 0.765 0.179 0.492 0.27 2 2 2 2 2 2
2010-04-08T02:30:00 2010 4 8 2 30 0 0.4 -0.7 601.0 1.6 1.19 0.83 4.26 0.63 2 2 2 2 2 2 2 2 4.3 3.78 -27.0 -0.7 -0.7 -0.7 -0.7 -0.7 -0.7 0.255 0.25 0.752 0.187 0.478 0.304 2 2 2 2 2 2
2010-04-08T03:30:00 2010 4 8 3 30 0 1.5 1.3 610.0 1.8 1.37 0.09 0.28 0.05 2 2 2 2 2 2 2 2 2.3 3.6 -27.0 1.3 1.3 1.3 1.3 1.3 1.3 0.177 0.132 0.73 0.106 0.167 0.141 2 2 2 2 2 2
2010-04-08T04:30:00 2010 4 8 4 30 0 0.2 2.9 606.0 2.0 1.43 0.02 0.0 0.0 2 2 2 2 2 2 2 2 2.3 3.42 -24.0 2.9 2.9 2.9 2.9 2.9 2.9 0.12 0.066 0.707 0.06 0.053 0.059 2 2 2 2 2 2
2010-04-08T05:30:00 2010 4 8 5 30 0 -0.4 0.8 604.0 1.7 1.26 0.0 0.0 0.0 2 2 2 2 2 2 2 2 2.3 3.28 -24.0 0.8 0.8 0.8 0.8 0.8 0.8 0.081 0.033 0.686 0.033 0.017 0.024 2 2 2 2 2 2
2010-04-08T06:30:00 2010 4 8 6 30 0 1.2 1.9 599.0 1.6 1.16 0.01 0.0 0.0 2 2 2 2 2 2 2 2 2.3 3.15 -25.0 1.9 1.9 1.9 1.9 1.9 1.9 0.055 0.016 0.665 0.019 0.005 0.01 2 2 2 2 2 2
2010-04-08T07:30:00 2010 4 8 7 30 0 0.4 1.2 592.0 1.7 1.21 0.01 0.0 0.0 2 2 2 2 2 2 2 2 2.3 3.02 -25.0 1.2 1.2 1.2 1.2 1.2 1.2 0.037 0.008 0.645 0.01 0.002 0.004 2 2 2 2 2 2
2010-04-08T08:30:00 2010 4 8 8 30 0 -2.4 -2.7 599.0 1.3 0.99 1.08 3.14 0.43 2 2 2 2 2 2 2 2 2.3 2.78 -25.0 -2.7 -2.7 -2.7 -2.7 -2.7 -2.7 0.121 0.139 0.636 0.118 0.365 0.175 2 2 2 2 2 2
2010-04-08T09:30:00 2010 4 8 9 30 0 1.2 -0.7 590.0 1.5 1.08 1.3 4.81 0.67 2 2 2 2 2 2 2 2 2.3 2.54 -27.0 -0.7 -0.7 -0.7 -0.7 -0.7 -0.7 0.18 0.206 0.628 0.162 0.445 0.255 2 2 2 2 2 2
2010-04-08T10:30:00 2010 4 8 10 30 0 1.5 -0.5 591.0 1.4 1.02 0.46 1.75 0.25 2 2 2 2 2 2 2 2 2.3 2.3 -24.0 -0.5 -0.5 -0.5 -0.5 -0.5 -0.5 0.168 0.181 0.613 0.121 0.33 0.223 2 2 2 2 2 2
2010-04-08T11:30:00 2010 4 8 11 30 0 2.1 0.8 596.0 1.7 1.2 0.37 0.23 0.03 2 2 2 2 2 2 2 2 2.3 2.3 -23.0 0.8 0.8 0.8 0.8 0.8 0.8 0.117 0.097 0.594 0.069 0.118 0.104 2 2 2 2 2 2
2010-04-08T12:30:00 2010 4 8 12 30 0 0.5 2.5 598.0 2.0 1.4 0.08 0.0 0.0 2 2 2 2 2 2 2 2 1.3 2.17 -20.0 2.5 2.5 2.5 2.5 2.5 2.5 0.079 0.048 0.576 0.039 0.037 0.043 2 2 2 2 2 2
2010-04-08T13:30:00 2010 4 8 13 30 0 -0.7 1.3 598.0 1.7 1.23 0.0 0.0 0.0 2 2 2 2 2 2 2 2 1.3 2.04 -19.0 1.3 1.3 1.3 1.3 1.3 1.3 0.054 0.024 0.558 0.022 0.012 0.018 2 2 2 2 2 2
2010-04-08T14:30:00 2010 4 8 14 30 0 0.6 1.9 605.0 1.9 1.39 0.0 0.0 0.0 2 2 2 2 2 2 2 2 1.3 1.91 -18.0 1.9 1.9 1.9 1.9 1.9 1.9 0.036 0.012 0.541 0.012 0.004 0.007 2 2 2 2 2 2
2010-04-08T15:30:00 2010 4 8 15 30 0 0.7 1.9 605.0 1.8 1.33 0.01 0.0 0.0 2 2 2 2 2 2 2 2 1.0 1.75 -19.0 1.9 1.9 1.9 1.9 1.9 1.9 0.025 0.006 0.525 0.007 0.001 0.003 2 2 2 2 2 2
2010-04-08T16:30:00 2010 4 8 16 30 0 0.4 2.6 613.0 2.1 1.54 0.0 0.0 0.0 2 2 2 2 2 2 2 2 1.0 1.58 -18.0 2.6 2.6 2.6 2.6 2.6 2.6 0.017 0.003 0.509 0.004 0.0 0.001 2 2 2 2 2 2
2010-04-08T17:30:00 2010 4 8 17 30 0 -0.3 1.3 595.0 1.7 1.22 0.0 0.0 0.0 2 2 2 2 2 2 2 2 1.0 1.42 -19.0 1.3 1.3 1.3 1.3 1.3 1.3 0.011 0.001 0.493 0.002 0.0 0.001 2 2 2 2 2 2
2010-04-08T18:30:00 2010 4 8 18 30 0 -0.1 0.0 597.0 1.5 1.08 0.0 0.0 0.0 2 2 2 2 2 2 2 2 2.0 1.4 -18.0 0.0 0.0 0.0 0.0 0.0 0.0 0.008 0.001 0.478 0.001 0.0 0.0 2 2 2 2 2 2
2010-04-08T19:30:00 2010 4 8 19 30 0 -1.5 -0.5 589.0 1.4 1.01 0.19 0.8 0.11 2 2 2 2 2 2 2 2 2.0 1.37 -17.0 -0.5 -0.5 -0.5 -0.5 -0.5 -0.5 0.033 0.055 0.465 0.016 0.136 0.089 2 2 2 2 2 2
2010-04-08T20:30:00 2010 4 8 20 30 0 -0.9 -2.2 572.0 1.3 0.87 1.05 4.11 0.55 2 2 2 2 2 2 2 2 2.0 1.46 -20.0 -2.2 -2.2 -2.2 -2.2 -2.2 -2.2 0.13 0.181 0.463 0.122 0.421 0.215 2 2 2 2 2 2
2010-04-08T21:30:00 2010 4 8 21 30 0 -1.4 -2.3 572.0 1.3 0.91 1.99 6.45 0.84 2 2 2 2 2 2 2 2 3.7 1.77 -21.0 -2.3 -2.3 -2.3 -2.3 -2.3 -2.3 0.232 0.28 0.467 0.235 0.588 0.291 2 2 2 2 2 2
2010-04-08T22:30:00 2010 4 8 22 30 0 -1.6 -3.1 569.0 1.3 0.89 2.94 7.79 1.01 2 2 2 2 2 2 2 2 3.7 2.08 -25.0 -3.1 -3.1 -3.1 -3.1 -3.1 -3.1 0.33 0.36 0.477 0.353 0.717 0.347 2 2 2 2 2 2
2010-04-08T23:30:00 2010 4 8 23 30 0 -1.6 -2.2 543.0 1.3 0.79 2.72 7.26 0.94 2 2 2 2 2 2 2 2 3.7 2.42 -25.0 -2.2 -2.2 -2.2 -2.2 -2.2 -2.2 0.376 0.38 0.482 0.379 0.679 0.337 2 2 2 2 2 2
