2010-12-09T00:30:00 2010 12 9 0 30 0 1.7 0.2 384.0 3.5 1.03 0.31 0.22 0.08 2 2 2 2 2 2 2 2 0.3 1.88 -15.0 0.2 0.2 0.2 0.2 0.2 0.2 0.134 0.123 0.169 0.054 0.081 0.113 2 2 2 2 2 2
2010-12-09T01:30:00 2010 12 9 1 30 0 2.6 -0.9 392.0 3.3 1.01 0.54 0.79 0.27 2 2 2 2 2 2 2 2 0.3 1.54 -13.0 -0.9 -0.9 -0.9 -0.9 -0.9 -0.9 0.132 0.162 0.165 0.056 0.163 0.17 2 2 2 2 2 2
2010-12-09T02:30:00 2010 12 9 2 30 0 1.8 -1.4 383.0 3.3 0.97 0.88 2.26 0.75 2 2 2 2 2 2 2 2 0.3 1.21 -13.0 -1.4 -1.4 -1.4 -1.4 -1.4 -1.4 0.178 0.261 0.165 0.1 0.287 0.26 2 2 2 2 2 2
2010-12-09T03:30:00 2010 12 9 3 30 0 0.8 -0.9 374.0 3.8 1.06 0.51 2.14 0.76 2 2 2 2 2 2 2 2 0.3 0.88 -12.0 -0.9 -0.9 -0.9 -0.9 -0.9 -0.9 0.2 0.299 0.164 0.114 0.298 0.294 2 2 2 2 2 2
2010-12-09T04:30:00 2010 12 9 4 30 0 1.2 -0.2 373.0 3.8 1.06 0.19 0.97 0.37 2 2 2 2 2 2 2 2 0.3 0.55 -8.0 -0.2 -0.2 -0.2 -0.2 -0.2 -0.2 0.172 0.24 0.16 0.082 0.2 0.236 2 2 2 2 2 2
2010-12-09T05:30:00 2010 12 9 5 30 0 2.0 -0.3 383.0 3.5 1.03 0.28 0.48 0.17 2 2 2 2 2 2 2 2 0.3 0.47 -7.0 -0.3 -0.3 -0.3 -0.3 -0.3 -0.3 0.141 0.187 0.156 0.056 0.146 0.189 2 2 2 2 2 2
2010-12-09T06:30:00 2010 12 9 6 30 0 1.7 -1.1 376.0 3.6 1.02 0.51 1.39 0.49 2 2 2 2 2 2 2 2 0.7 0.44 -7.0 -1.1 -1.1 -1.1 -1.1 -1.1 -1.1 0.158 0.236 0.154 0.074 0.228 0.241 2 2 2 2 2 2
2010-12-09T07:30:00 2010 12 9 7 30 0 1.2 -0.1 369.0 3.8 1.03 0.32 1.04 0.38 2 2 2 2 2 2 2 2 0.7 0.4 -7.0 -0.1 -0.1 -0.1 -0.1 -0.1 -0.1 0.143 0.204 0.15 0.06 0.17 0.205 2 2 2 2 2 2
2010-12-09T08:30:00 2010 12 9 8 30 0 1.0 -0.5 364.0 4.1 1.09 0.15 0.58 0.23 2 2 2 2 2 2 2 2 0.7 0.46 -5.0 -0.5 -0.5 -0.5 -0.5 -0.5 -0.5 0.128 0.188 0.147 0.049 0.156 0.198 2 2 2 2 2 2
2010-12-09T09:30:00 2010 12 9 9 30 0 0.7 0.4 362.0 4.3 1.13 0.07 0.22 0.09 2 2 2 2 2 2 2 2 0.3 0.45 -2.0 0.4 0.4 0.4 0.4 0.4 0.4 0.094 0.112 0.142 0.03 0.068 0.108 2 2 2 2 2 2
2010-12-09T10:30:00 2010 12 9 10 30 0 0.5 0.7 360.0 4.4 1.14 0.01 0.0 0.0 2 2 2 2 2 2 2 2 0.3 0.45 0.0 0.7 0.7 0.7 0.7 0.7 0.7 0.063 0.056 0.138 0.017 0.021 0.045 2 2 2 2 2 2
2010-12-09T11:30:00 2010 12 9 11 30 0 1.5 0.2 364.0 5.0 1.32 0.06 0.0 0.0 2 2 2 2 2 2 2 2 0.3 0.45 -1.0 0.2 0.2 0.2 0.2 0.2 0.2 0.043 0.028 0.134 0.009 0.007 0.019 2 2 2 2 2 2
2010-12-09T12:30:00 2010 12 9 12 30 0 2.2 -0.1 364.0 5.0 1.32 0.27 0.04 0.02 2 2 2 2 2 2 2 2 0.0 0.41 -2.0 -0.1 -0.1 -0.1 -0.1 -0.1 -0.1 0.033 0.031 0.13 0.006 0.023 0.042 2 2 2 2 2 2
2010-12-09T13:30:00 2010 12 9 13 30 0 2.1 -0.5 362.0 4.9 1.28 0.44 0.57 0.28 2 2 2 2 2 2 2 2 0.0 0.37 -6.0 -0.5 -0.5 -0.5 -0.5 -0.5 -0.5 0.056 0.11 0.127 0.02 0.117 0.162 2 2 2 2 2 2
2010-12-09T14:30:00 2010 12 9 14 30 0 2.1 0.9 358.0 4.7 1.2 0.29 0.13 0.06 2 2 2 2 2 2 2 2 0.0 0.28 -9.0 0.9 0.9 0.9 0.9 0.9 0.9 0.041 0.065 0.123 0.012 0.046 0.082 2 2 2 2 2 2
2010-12-09T15:30:00 2010 12 9 15 30 0 1.8 0.6 351.0 4.9 1.21 0.17 0.0 0.0 2 2 2 2 2 2 2 2 0.0 0.19 -8.0 0.6 0.6 0.6 0.6 0.6 0.6 0.028 0.032 0.119 0.007 0.015 0.034 2 2 2 2 2 2
2010-12-09T16:30:00 2010 12 9 16 30 0 1.6 -0.5 345.0 4.9 1.17 0.22 0.23 0.11 2 2 2 2 2 2 2 2 0.0 0.11 -7.0 -0.5 -0.5 -0.5 -0.5 -0.5 -0.5 0.037 0.071 0.116 0.013 0.069 0.091 2 2 2 2 2 2
2010-12-09T17:30:00 2010 12 9 17 30 0 1.6 -0.5 341.0 5.0 1.16 0.3 0.86 0.42 2 2 2 2 2 2 2 2 0.0 0.07 -7.0 -0.5 -0.5 -0.5 -0.5 -0.5 -0.5 0.068 0.152 0.114 0.029 0.144 0.187 2 2 2 2 2 2
2010-12-09T18:30:00 2010 12 9 18 30 0 0.1 1.3 339.0 5.8 1.33 0.06 0.09 0.04 2 2 2 2 2 2 2 2 0.0 0.04 -5.0 1.3 1.3 1.3 1.3 1.3 1.3 0.047 0.08 0.11 0.016 0.049 0.086 2 2 2 2 2 2
2010-12-09T19:30:00 2010 12 9 19 30 0 0.2 0.7 341.0 7.2 1.67 0.0 0.0 0.0 2 2 2 2 2 2 2 2 0.0 0.0 -3.0 0.7 0.7 0.7 0.7 0.7 0.7 0.032 0.04 0.107 0.009 0.016 0.035 2 2 2 2 2 2
2010-12-09T20:30:00 2010 12 9 20 30 0 1.9 -0.7 335.0 6.6 1.48 0.15 0.34 0.23 2 2 2 2 2 2 2 2 0.0 0.0 -3.0 -0.7 -0.7 -0.7 -0.7 -0.7 -0.7 0.049 0.101 0.104 0.021 0.095 0.145 2 2 2 2 2 2
2010-12-09T21:30:00 2010 12 9 21 30 0 1.9 0.1 333.0 6.7 1.49 0.32 0.46 0.31 2 2 2 2 2 2 2 2 0.3 0.04 -6.0 0.1 0.1 0.1 0.1 0.1 0.1 0.054 0.108 0.102 0.02 0.081 0.153 2 2 2 2 2 2
2010-12-09T22:30:00 2010 12 9 22 30 0 -2.4 0.9 333.0 6.1 1.35 0.07 0.0 0.0 2 2 2 2 2 2 2 2 0.3 0.08 -7.0 0.9 0.9 0.9 0.9 0.9 0.9 0.036 0.054 0.099 0.011 0.026 0.064 2 2 2 2 2 2
2010-12-09T23:30:00 2010 12 9 23 30 0 -2.1 2.4 327.0 6.6 1.41 0.14 0.0 0.0 2 2 2 2 2 2 2 2 0.3 0.12 -7.0 2.4 2.4 2.4 2.4 2.4 2.4 0.025 0.027 0.096 0.006 0.008 0.026 2 2 2 2 2 2
