2010-07-14T00:30:00 2010 7 14 0 30 0 -1.6 0.6 305.0 7.4 1.38 0.28 0.54 0.38 2 2 2 2 2 2 2 2 0.7 0.51 5.0 0.6 0.6 0.6 0.6 0.6 0.6 0.124 0.227 0.038 0.067 0.13 0.226 2 2 2 2 2 2
2010-07-14T01:30:00 2010 7 14 1 30 0 -1.0 2.2 302.0 7.5 1.37 0.04 0.0 0.0 2 2 2 2 2 2 2 2 0.7 0.56 4.0 2.2 2.2 2.2 2.2 2.2 2.2 0.084 0.113 0.037 0.037 0.041 0.094 2 2 2 2 2 2
2010-07-14T02:30:00 2010 7 14 2 30 0 -1.8 1.6 304.0 8.2 1.52 0.04 0.0 0.0 2 2 2 2 2 2 2 2 0.7 0.6 6.0 1.6 1.6 1.6 1.6 1.6 1.6 0.057 0.056 0.036 0.021 0.013 0.039 2 2 2 2 2 2
2010-07-14T03:30:00 2010 7 14 3 30 0 -2.4 0.4 308.0 9.3 1.76 0.17 0.0 0.0 2 2 2 2 2 2 2 2 1.3 0.73 9.0 0.4 0.4 0.4 0.4 0.4 0.4 0.039 0.028 0.035 0.012 0.004 0.016 2 2 2 2 2 2
2010-07-14T04:30:00 2010 7 14 4 30 0 -2.8 1.4 323.0 14.9 3.11 0.27 0.0 0.0 2 2 2 2 2 2 2 2 1.3 0.86 14.0 1.4 1.4 1.4 1.4 1.4 1.4 0.026 0.014 0.033 0.007 0.001 0.007 2 2 2 2 2 2
2010-07-14T05:30:00 2010 7 14 5 30 0 -2.5 0.5 320.0 13.6 2.79 0.29 0.0 0.0 2 2 2 2 2 2 2 2 1.3 0.93 15.0 0.5 0.5 0.5 0.5 0.5 0.5 0.018 0.007 0.032 0.004 0.0 0.003 2 2 2 2 2 2
2010-07-14T06:30:00 2010 7 14 6 30 0 -2.8 1.8 321.0 17.2 3.54 0.26 0.0 0.0 2 2 2 2 2 2 2 2 1.0 0.97 15.0 1.8 1.8 1.8 1.8 1.8 1.8 0.012 0.003 0.031 0.002 0.0 0.001 2 2 2 2 2 2
2010-07-14T07:30:00 2010 7 14 7 30 0 1.0 1.6 318.0 18.9 3.82 0.04 0.0 0.0 2 2 2 2 2 2 2 2 1.0 1.0 13.0 1.6 1.6 1.6 1.6 1.6 1.6 0.008 0.002 0.031 0.001 0.0 0.0 2 2 2 2 2 2
2010-07-14T08:30:00 2010 7 14 8 30 0 0.4 -0.3 330.0 17.2 3.75 0.02 0.06 0.1 2 2 2 2 2 2 2 2 1.0 1.04 10.0 -0.3 -0.3 -0.3 -0.3 -0.3 -0.3 0.018 0.047 0.03 0.006 0.049 0.175 2 2 2 2 2 2
2010-07-14T09:30:00 2010 7 14 9 30 0 -0.7 -1.0 322.0 15.8 3.28 0.12 1.1 1.8 2 2 2 2 2 2 2 2 2.0 1.21 8.0 -1.0 -1.0 -1.0 -1.0 -1.0 -1.0 0.106 0.288 0.032 0.063 0.264 0.828 2 2 2 2 2 2
2010-07-14T10:30:00 2010 7 14 10 30 0 2.7 -1.0 322.0 14.1 2.92 0.42 1.61 2.4 2 2 2 2 2 2 2 2 2.0 1.37 12.0 -1.0 -1.0 -1.0 -1.0 -1.0 -1.0 0.186 0.445 0.035 0.113 0.361 1.091 2 2 2 2 2 2
2010-07-14T11:30:00 2010 7 14 11 30 0 2.1 -2.1 344.0 15.9 3.76 1.11 2.67 4.06 2 2 2 2 2 2 2 2 2.0 1.46 15.0 -2.1 -2.1 -2.1 -2.1 -2.1 -2.1 0.319 0.672 0.044 0.237 0.571 1.661 2 2 2 2 2 2
2010-07-14T12:30:00 2010 7 14 12 30 0 2.2 -2.4 350.0 15.0 3.67 1.57 3.93 6.05 2 2 2 2 2 2 2 2 1.7 1.51 16.0 -2.4 -2.4 -2.4 -2.4 -2.4 -2.4 0.471 0.879 0.058 0.39 0.752 2.175 2 2 2 2 2 2
2010-07-14T13:30:00 2010 7 14 13 30 0 3.0 -1.3 342.0 12.6 2.95 1.43 3.12 4.32 2 2 2 2 2 2 2 2 1.7 1.56 11.0 -1.3 -1.3 -1.3 -1.3 -1.3 -1.3 0.503 0.846 0.066 0.378 0.652 1.921 2 2 2 2 2 2
2010-07-14T14:30:00 2010 7 14 14 30 0 0.3 2.0 337.0 10.5 2.38 0.26 0.35 0.43 2 2 2 2 2 2 2 2 1.7 1.64 8.0 2.0 2.0 2.0 2.0 2.0 2.0 0.353 0.452 0.064 0.218 0.232 0.876 2 2 2 2 2 2
2010-07-14T15:30:00 2010 7 14 15 30 0 0.3 3.0 335.0 9.8 2.2 0.0 0.0 0.0 2 2 2 2 2 2 2 2 1.7 1.73 6.0 3.0 3.0 3.0 3.0 3.0 3.0 0.239 0.225 0.062 0.122 0.074 0.363 2 2 2 2 2 2
2010-07-14T16:30:00 2010 7 14 16 30 0 0.2 0.2 331.0 8.4 1.84 0.0 0.0 0.0 2 2 2 2 2 2 2 2 1.7 1.81 3.0 0.2 0.2 0.2 0.2 0.2 0.2 0.162 0.111 0.06 0.068 0.023 0.151 2 2 2 2 2 2
2010-07-14T17:30:00 2010 7 14 17 30 0 3.6 0.9 336.0 9.9 2.24 0.24 0.0 0.0 2 2 2 2 2 2 2 2 1.7 1.77 8.0 0.9 0.9 0.9 0.9 0.9 0.9 0.109 0.055 0.058 0.038 0.007 0.062 2 2 2 2 2 2
2010-07-14T18:30:00 2010 7 14 18 30 0 5.6 1.4 373.0 15.7 4.37 1.1 0.0 0.0 2 2 2 2 2 2 2 2 2.3 1.81 15.0 1.4 1.4 1.4 1.4 1.4 1.4 0.074 0.027 0.057 0.021 0.002 0.026 2 2 2 2 2 2
2010-07-14T19:30:00 2010 7 14 19 30 0 1.1 0.7 363.0 32.5 8.56 0.57 0.0 0.0 2 2 2 2 2 2 2 2 2.3 1.86 26.0 0.7 0.7 0.7 0.7 0.7 0.7 0.05 0.014 0.055 0.012 0.001 0.011 2 2 2 2 2 2
2010-07-14T20:30:00 2010 7 14 20 30 0 4.3 -1.2 368.0 41.1 11.13 0.87 0.79 3.12 2 2 2 2 2 2 2 2 2.3 1.93 32.0 -1.2 -1.2 -1.2 -1.2 -1.2 -1.2 0.148 0.332 0.058 0.091 0.369 2.63 2 2 2 2 2 2
2010-07-14T21:30:00 2010 7 14 21 30 0 4.5 2.4 399.0 17.9 5.7 1.23 0.28 1.06 2 2 2 2 2 2 2 2 4.3 2.27 28.0 2.4 2.4 2.4 2.4 2.4 2.4 0.114 0.204 0.056 0.057 0.151 1.402 2 2 2 2 2 2
2010-07-14T22:30:00 2010 7 14 22 30 0 7.8 -2.1 421.0 10.9 3.86 3.5 1.22 1.43 2 2 2 2 2 2 2 2 4.3 2.6 15.0 -2.1 -2.1 -2.1 -2.1 -2.1 -2.1 0.18 0.324 0.061 0.135 0.385 1.374 2 2 2 2 2 2
2010-07-14T23:30:00 2010 7 14 23 30 0 6.4 -13.2 425.0 7.8 2.82 21.28 17.18 15.24 2 2 2 2 2 2 2 2 4.3 2.93 -1.0 -13.2 -13.2 -13.2 -13.2 -13.2 -13.2 0.927 1.278 0.18 1.714 1.795 2.986 2 2 2 2 2 2
