2010-10-03T00:30:00 2010 10 3 0 30 0 -0.2 -1.0 314.0 4.2 0.83 0.2 1.29 0.52 2 2 2 2 2 2 2 2 0.7 0.09 -2.0 -1.0 -1.0 -1.0 -1.0 -1.0 -1.0 0.074 0.184 0.014 0.043 0.166 0.153 2 2 2 2 2 2
2010-10-03T01:30:00 2010 10 3 1 30 0 -0.8 -1.0 312.0 3.9 0.76 0.23 1.56 0.63 2 2 2 2 2 2 2 2 0.7 0.18 -2.0 -1.0 -1.0 -1.0 -1.0 -1.0 -1.0 0.117 0.256 0.016 0.068 0.208 0.194 2 2 2 2 2 2
2010-10-03T02:30:00 2010 10 3 2 30 0 -0.5 -1.7 308.0 4.1 0.78 0.41 2.14 0.86 2 2 2 2 2 2 2 2 0.7 0.27 -2.0 -1.7 -1.7 -1.7 -1.7 -1.7 -1.7 0.172 0.342 0.019 0.109 0.269 0.239 2 2 2 2 2 2
2010-10-03T03:30:00 2010 10 3 3 30 0 -1.0 -1.6 311.0 4.3 0.83 0.57 2.55 1.07 2 2 2 2 2 2 2 2 1.0 0.4 -1.0 -1.6 -1.6 -1.6 -1.6 -1.6 -1.6 0.221 0.405 0.023 0.144 0.305 0.278 2 2 2 2 2 2
2010-10-03T04:30:00 2010 10 3 4 30 0 -1.0 1.0 312.0 4.5 0.88 0.15 0.67 0.29 2 2 2 2 2 2 2 2 1.0 0.52 -1.0 1.0 1.0 1.0 1.0 1.0 1.0 0.17 0.25 0.023 0.091 0.135 0.157 2 2 2 2 2 2
2010-10-03T05:30:00 2010 10 3 5 30 0 -1.9 0.5 314.0 4.4 0.87 0.08 0.0 0.0 2 2 2 2 2 2 2 2 1.0 0.65 -1.0 0.5 0.5 0.5 0.5 0.5 0.5 0.115 0.124 0.022 0.051 0.043 0.065 2 2 2 2 2 2
2010-10-03T06:30:00 2010 10 3 6 30 0 -0.1 1.6 314.0 4.4 0.87 0.03 0.0 0.0 2 2 2 2 2 2 2 2 0.0 0.64 0.0 1.6 1.6 1.6 1.6 1.6 1.6 0.078 0.062 0.022 0.029 0.014 0.027 2 2 2 2 2 2
2010-10-03T07:30:00 2010 10 3 7 30 0 1.8 0.2 309.0 4.6 0.88 0.05 0.0 0.0 2 2 2 2 2 2 2 2 0.0 0.63 1.0 0.2 0.2 0.2 0.2 0.2 0.2 0.053 0.031 0.021 0.016 0.004 0.011 2 2 2 2 2 2
2010-10-03T08:30:00 2010 10 3 8 30 0 2.0 -0.3 308.0 4.8 0.91 0.25 0.16 0.08 2 2 2 2 2 2 2 2 0.0 0.54 0.0 -0.3 -0.3 -0.3 -0.3 -0.3 -0.3 0.048 0.061 0.021 0.013 0.045 0.057 2 2 2 2 2 2
2010-10-03T09:30:00 2010 10 3 9 30 0 0.1 1.4 305.0 4.5 0.84 0.07 0.02 0.01 2 2 2 2 2 2 2 2 0.7 0.54 -2.0 1.4 1.4 1.4 1.4 1.4 1.4 0.033 0.03 0.02 0.008 0.014 0.024 2 2 2 2 2 2
2010-10-03T10:30:00 2010 10 3 10 30 0 0.1 0.8 304.0 4.5 0.83 0.0 0.0 0.0 2 2 2 2 2 2 2 2 0.7 0.54 -2.0 0.8 0.8 0.8 0.8 0.8 0.8 0.022 0.015 0.019 0.004 0.005 0.01 2 2 2 2 2 2
2010-10-03T11:30:00 2010 10 3 11 30 0 -0.6 1.2 302.0 4.3 0.78 0.0 0.0 0.0 2 2 2 2 2 2 2 2 0.7 0.51 0.0 1.2 1.2 1.2 1.2 1.2 1.2 0.015 0.007 0.019 0.002 0.001 0.004 2 2 2 2 2 2
2010-10-03T12:30:00 2010 10 3 12 30 0 -0.2 1.5 301.0 4.2 0.76 0.0 0.0 0.0 2 2 2 2 2 2 2 2 0.0 0.39 1.0 1.5 1.5 1.5 1.5 1.5 1.5 0.01 0.004 0.018 0.001 0.0 0.002 2 2 2 2 2 2
2010-10-03T13:30:00 2010 10 3 13 30 0 -0.7 1.2 305.0 4.1 0.76 0.0 0.0 0.0 2 2 2 2 2 2 2 2 0.0 0.26 1.0 1.2 1.2 1.2 1.2 1.2 1.2 0.007 0.002 0.018 0.001 0.0 0.001 2 2 2 2 2 2
2010-10-03T14:30:00 2010 10 3 14 30 0 -0.4 0.2 304.0 4.2 0.78 0.01 0.0 0.0 2 2 2 2 2 2 2 2 0.0 0.26 -2.0 0.2 0.2 0.2 0.2 0.2 0.2 0.005 0.001 0.017 0.0 0.0 0.0 2 2 2 2 2 2
2010-10-03T15:30:00 2010 10 3 15 30 0 -1.2 -1.4 303.0 4.3 0.79 0.2 1.02 0.44 2 2 2 2 2 2 2 2 0.0 0.26 -3.0 -1.4 -1.4 -1.4 -1.4 -1.4 -1.4 0.061 0.151 0.018 0.038 0.142 0.121 2 2 2 2 2 2
2010-10-03T16:30:00 2010 10 3 16 30 0 -1.4 -1.1 309.0 4.0 0.76 0.46 1.89 0.78 2 2 2 2 2 2 2 2 0.0 0.25 -3.0 -1.1 -1.1 -1.1 -1.1 -1.1 -1.1 0.12 0.263 0.021 0.076 0.217 0.192 2 2 2 2 2 2
2010-10-03T17:30:00 2010 10 3 17 30 0 -0.6 0.3 307.0 4.0 0.75 0.14 0.6 0.24 2 2 2 2 2 2 2 2 0.0 0.17 -1.0 0.3 0.3 0.3 0.3 0.3 0.3 0.1 0.182 0.021 0.052 0.11 0.122 2 2 2 2 2 2
2010-10-03T18:30:00 2010 10 3 18 30 0 -1.3 1.6 310.0 4.7 0.9 0.02 0.0 0.0 2 2 2 2 2 2 2 2 0.3 0.12 3.0 1.6 1.6 1.6 1.6 1.6 1.6 0.068 0.09 0.02 0.029 0.035 0.051 2 2 2 2 2 2
2010-10-03T19:30:00 2010 10 3 19 30 0 -2.2 2.9 301.0 4.3 0.78 0.05 0.0 0.0 2 2 2 2 2 2 2 2 0.3 0.08 3.0 2.9 2.9 2.9 2.9 2.9 2.9 0.046 0.045 0.02 0.016 0.011 0.021 2 2 2 2 2 2
2010-10-03T20:30:00 2010 10 3 20 30 0 -1.0 3.8 302.0 4.6 0.84 0.03 0.0 0.0 2 2 2 2 2 2 2 2 0.3 0.12 1.0 3.8 3.8 3.8 3.8 3.8 3.8 0.031 0.022 0.019 0.009 0.003 0.009 2 2 2 2 2 2
2010-10-03T21:30:00 2010 10 3 21 30 0 0.5 3.2 301.0 4.1 0.74 0.0 0.0 0.0 2 2 2 2 2 2 2 2 0.0 0.11 1.0 3.2 3.2 3.2 3.2 3.2 3.2 0.021 0.011 0.018 0.005 0.001 0.004 2 2 2 2 2 2
2010-10-03T22:30:00 2010 10 3 22 30 0 1.0 2.3 298.0 5.1 0.91 0.0 0.0 0.0 2 2 2 2 2 2 2 2 0.0 0.11 1.0 2.3 2.3 2.3 2.3 2.3 2.3 0.014 0.005 0.018 0.003 0.0 0.002 2 2 2 2 2 2
2010-10-03T23:30:00 2010 10 3 23 30 0 2.2 1.4 296.0 4.7 0.82 0.06 0.0 0.0 2 2 2 2 2 2 2 2 0.0 0.11 2.0 1.4 1.4 1.4 1.4 1.4 1.4 0.01 0.003 0.017 0.002 0.0 0.001 2 2 2 2 2 2
