2010-01-25T00:30:00 2010 1 25 0 30 0 1.5 0.2 365.0 3.5 0.79 0.21 0.0 0.0 2 2 2 2 2 2 2 2 0.7 0.58 -16.0 0.2 0.2 0.2 0.2 0.2 0.2 0.139 0.102 0.252 0.051 0.044 0.057 2 2 2 2 2 2
2010-01-25T01:30:00 2010 1 25 1 30 0 0.7 -0.4 357.0 4.2 1.07 0.11 0.27 0.11 2 2 2 2 2 2 2 2 0.7 0.55 -14.0 -0.4 -0.4 -0.4 -0.4 -0.4 -0.4 0.112 0.107 0.244 0.036 0.081 0.099 2 2 2 2 2 2
2010-01-25T02:30:00 2010 1 25 2 30 0 0.7 2.0 376.0 4.2 1.19 0.02 0.03 0.01 2 2 2 2 2 2 2 2 0.7 0.55 -13.0 2.0 2.0 2.0 2.0 2.0 2.0 0.076 0.053 0.237 0.02 0.026 0.041 2 2 2 2 2 2
2010-01-25T03:30:00 2010 1 25 3 30 0 2.4 0.9 375.0 4.0 1.13 0.1 0.0 0.0 2 2 2 2 2 2 2 2 0.7 0.55 -14.0 0.9 0.9 0.9 0.9 0.9 0.9 0.051 0.026 0.23 0.011 0.008 0.017 2 2 2 2 2 2
2010-01-25T04:30:00 2010 1 25 4 30 0 1.8 0.5 378.0 4.0 1.14 0.22 0.0 0.0 2 2 2 2 2 2 2 2 0.7 0.56 -14.0 0.5 0.5 0.5 0.5 0.5 0.5 0.035 0.013 0.223 0.006 0.003 0.007 2 2 2 2 2 2
2010-01-25T05:30:00 2010 1 25 5 30 0 1.2 -1.2 371.0 4.0 1.1 0.3 0.88 0.35 2 2 2 2 2 2 2 2 0.7 0.6 -15.0 -1.2 -1.2 -1.2 -1.2 -1.2 -1.2 0.073 0.125 0.218 0.038 0.154 0.149 2 2 2 2 2 2
2010-01-25T06:30:00 2010 1 25 6 30 0 0.3 -2.7 363.0 4.4 1.16 0.99 3.68 1.56 2 2 2 2 2 2 2 2 1.3 0.73 -14.0 -2.7 -2.7 -2.7 -2.7 -2.7 -2.7 0.204 0.36 0.221 0.174 0.409 0.379 2 2 2 2 2 2
2010-01-25T07:30:00 2010 1 25 7 30 0 2.8 -2.8 357.0 4.0 1.02 1.97 4.95 2.07 2 2 2 2 2 2 2 2 1.3 0.86 -13.0 -2.8 -2.8 -2.8 -2.8 -2.8 -2.8 0.322 0.519 0.227 0.293 0.526 0.482 2 2 2 2 2 2
2010-01-25T08:30:00 2010 1 25 8 30 0 2.7 -1.2 353.0 3.8 0.95 1.65 3.43 1.34 2 2 2 2 2 2 2 2 1.3 0.93 -15.0 -1.2 -1.2 -1.2 -1.2 -1.2 -1.2 0.338 0.495 0.227 0.267 0.431 0.422 2 2 2 2 2 2
2010-01-25T09:30:00 2010 1 25 9 30 0 2.2 0.3 362.0 3.8 1.0 0.59 0.77 0.29 2 2 2 2 2 2 2 2 0.3 0.88 -15.0 0.3 0.3 0.3 0.3 0.3 0.3 0.253 0.303 0.221 0.162 0.193 0.237 2 2 2 2 2 2
2010-01-25T10:30:00 2010 1 25 10 30 0 2.7 -2.3 355.0 3.7 0.93 1.0 1.99 0.74 2 2 2 2 2 2 2 2 0.3 0.82 -14.0 -2.3 -2.3 -2.3 -2.3 -2.3 -2.3 0.267 0.355 0.219 0.175 0.307 0.294 2 2 2 2 2 2
2010-01-25T11:30:00 2010 1 25 11 30 0 1.4 -0.6 348.0 3.9 0.94 0.91 2.43 0.92 2 2 2 2 2 2 2 2 0.3 0.77 -14.0 -0.6 -0.6 -0.6 -0.6 -0.6 -0.6 0.264 0.354 0.216 0.16 0.288 0.291 2 2 2 2 2 2
2010-01-25T12:30:00 2010 1 25 12 30 0 0.9 -0.1 349.0 3.8 0.93 0.16 0.57 0.22 2 2 2 2 2 2 2 2 1.3 0.85 -15.0 -0.1 -0.1 -0.1 -0.1 -0.1 -0.1 0.202 0.24 0.21 0.099 0.158 0.196 2 2 2 2 2 2
2010-01-25T13:30:00 2010 1 25 13 30 0 1.9 -0.2 349.0 3.7 0.9 0.19 0.27 0.1 2 2 2 2 2 2 2 2 1.3 0.92 -13.0 -0.2 -0.2 -0.2 -0.2 -0.2 -0.2 0.151 0.169 0.204 0.06 0.103 0.142 2 2 2 2 2 2
2010-01-25T14:30:00 2010 1 25 14 30 0 2.2 0.4 343.0 4.1 0.96 0.28 0.04 0.02 2 2 2 2 2 2 2 2 1.3 0.93 -8.0 0.4 0.4 0.4 0.4 0.4 0.4 0.104 0.088 0.198 0.034 0.036 0.064 2 2 2 2 2 2
2010-01-25T15:30:00 2010 1 25 15 30 0 2.2 3.0 356.0 4.3 1.09 0.14 0.0 0.0 2 2 2 2 2 2 2 2 0.0 0.76 -6.0 3.0 3.0 3.0 3.0 3.0 3.0 0.07 0.044 0.192 0.019 0.011 0.027 2 2 2 2 2 2
2010-01-25T16:30:00 2010 1 25 16 30 0 2.5 4.5 362.0 4.1 1.07 0.08 0.0 0.0 2 2 2 2 2 2 2 2 0.0 0.6 -4.0 4.5 4.5 4.5 4.5 4.5 4.5 0.048 0.022 0.186 0.011 0.004 0.011 2 2 2 2 2 2
2010-01-25T17:30:00 2010 1 25 17 30 0 0.2 4.0 369.0 4.3 1.17 0.02 0.0 0.0 2 2 2 2 2 2 2 2 0.0 0.56 -2.0 4.0 4.0 4.0 4.0 4.0 4.0 0.032 0.011 0.18 0.006 0.001 0.005 2 2 2 2 2 2
2010-01-25T18:30:00 2010 1 25 18 30 0 -0.7 2.5 373.0 3.8 1.06 0.0 0.0 0.0 2 2 2 2 2 2 2 2 0.3 0.55 -4.0 2.5 2.5 2.5 2.5 2.5 2.5 0.022 0.005 0.175 0.003 0.0 0.002 2 2 2 2 2 2
2010-01-25T19:30:00 2010 1 25 19 30 0 0.5 2.5 375.0 3.4 0.96 0.0 0.0 0.0 2 2 2 2 2 2 2 2 0.3 0.55 -5.0 2.5 2.5 2.5 2.5 2.5 2.5 0.015 0.003 0.17 0.002 0.0 0.001 2 2 2 2 2 2
2010-01-25T20:30:00 2010 1 25 20 30 0 1.5 3.2 370.0 3.0 0.82 0.01 0.0 0.0 2 2 2 2 2 2 2 2 0.3 0.43 -8.0 3.2 3.2 3.2 3.2 3.2 3.2 0.01 0.001 0.164 0.001 0.0 0.0 2 2 2 2 2 2
2010-01-25T21:30:00 2010 1 25 21 30 0 -1.5 -2.2 377.0 3.8 1.08 0.26 1.02 0.38 2 2 2 2 2 2 2 2 1.3 0.44 -12.0 -2.2 -2.2 -2.2 -2.2 -2.2 -2.2 0.067 0.13 0.163 0.058 0.179 0.142 2 2 2 2 2 2
2010-01-25T22:30:00 2010 1 25 22 30 0 -1.5 -2.7 373.0 3.8 1.06 1.63 4.63 1.76 2 2 2 2 2 2 2 2 1.3 0.45 -13.0 -2.7 -2.7 -2.7 -2.7 -2.7 -2.7 0.216 0.376 0.17 0.21 0.445 0.368 2 2 2 2 2 2
2010-01-25T23:30:00 2010 1 25 23 30 0 -1.3 -2.4 374.0 3.1 0.87 1.66 4.74 1.62 2 2 2 2 2 2 2 2 1.3 0.62 -16.0 -2.4 -2.4 -2.4 -2.4 -2.4 -2.4 0.307 0.476 0.176 0.282 0.5 0.409 2 2 2 2 2 2
