2010-09-02T00:30:00 2010 9 2 0 30 0 -8.9 -0.6 358.0 7.9 2.02 6.08 3.68 3.72 2 2 2 2 2 2 2 2 2.0 2.14 -7.0 -0.6 -0.6 -0.6 -0.6 -0.6 -0.6 0.587 0.821 0.082 0.468 0.625 1.406 2 2 2 2 2 2
2010-09-02T01:30:00 2010 9 2 1 30 0 -6.3 1.9 356.0 7.7 1.95 3.33 0.09 0.07 2 2 2 2 2 2 2 2 2.0 2.22 -6.0 1.9 1.9 1.9 1.9 1.9 1.9 0.397 0.408 0.079 0.262 0.198 0.583 2 2 2 2 2 2
2010-09-02T02:30:00 2010 9 2 2 30 0 -3.6 4.3 359.0 11.9 3.07 0.78 0.0 0.0 2 2 2 2 2 2 2 2 2.0 2.18 -2.0 4.3 4.3 4.3 4.3 4.3 4.3 0.269 0.203 0.077 0.147 0.063 0.242 2 2 2 2 2 2
2010-09-02T03:30:00 2010 9 2 3 30 0 -4.2 -3.9 361.0 12.2 3.18 1.76 1.98 2.4 2 2 2 2 2 2 2 2 1.7 2.11 1.0 -3.9 -3.9 -3.9 -3.9 -3.9 -3.9 0.344 0.439 0.085 0.279 0.438 0.93 2 2 2 2 2 2
2010-09-02T04:30:00 2010 9 2 4 30 0 -4.7 1.3 363.0 13.0 3.43 2.34 2.35 2.92 2 2 2 2 2 2 2 2 1.7 2.03 0.0 1.3 1.3 1.3 1.3 1.3 1.3 0.326 0.397 0.089 0.241 0.31 0.821 2 2 2 2 2 2
2010-09-02T05:30:00 2010 9 2 5 30 0 -5.0 -2.3 364.0 12.4 3.29 2.2 1.52 1.9 2 2 2 2 2 2 2 2 1.7 1.96 2.0 -2.3 -2.3 -2.3 -2.3 -2.3 -2.3 0.348 0.494 0.093 0.254 0.453 1.158 2 2 2 2 2 2
2010-09-02T06:30:00 2010 9 2 6 30 0 -3.0 1.2 374.0 9.5 2.66 1.51 1.21 1.41 2 2 2 2 2 2 2 2 2.0 1.92 -3.0 1.2 1.2 1.2 1.2 1.2 1.2 0.285 0.352 0.093 0.177 0.247 0.754 2 2 2 2 2 2
2010-09-02T07:30:00 2010 9 2 7 30 0 -3.6 -3.1 387.0 9.0 2.7 1.7 2.4 2.19 2 2 2 2 2 2 2 2 2.0 1.89 -6.0 -3.1 -3.1 -3.1 -3.1 -3.1 -3.1 0.355 0.507 0.1 0.275 0.517 1.07 2 2 2 2 2 2
2010-09-02T08:30:00 2010 9 2 8 30 0 -2.1 -3.0 423.0 8.2 2.93 3.19 6.19 5.3 2 2 2 2 2 2 2 2 2.0 1.89 -11.0 -3.0 -3.0 -3.0 -3.0 -3.0 -3.0 0.535 0.767 0.123 0.506 0.871 1.64 2 2 2 2 2 2
2010-09-02T09:30:00 2010 9 2 9 30 0 -4.6 -1.2 411.0 6.1 2.06 2.54 4.23 3.05 2 2 2 2 2 2 2 2 2.0 1.89 -8.0 -1.2 -1.2 -1.2 -1.2 -1.2 -1.2 0.538 0.706 0.133 0.453 0.714 1.37 2 2 2 2 2 2
2010-09-02T10:30:00 2010 9 2 10 30 0 -4.1 0.4 410.0 5.4 1.82 1.76 0.82 0.49 2 2 2 2 2 2 2 2 2.0 1.89 -8.0 0.4 0.4 0.4 0.4 0.4 0.4 0.392 0.409 0.13 0.27 0.294 0.687 2 2 2 2 2 2
2010-09-02T11:30:00 2010 9 2 11 30 0 -1.0 3.6 418.0 5.3 1.85 0.29 0.0 0.0 2 2 2 2 2 2 2 2 2.0 1.93 -5.0 3.6 3.6 3.6 3.6 3.6 3.6 0.265 0.203 0.126 0.151 0.093 0.285 2 2 2 2 2 2
2010-09-02T12:30:00 2010 9 2 12 30 0 -3.3 3.4 421.0 5.8 2.06 0.11 0.0 0.0 2 2 2 2 2 2 2 2 1.0 1.83 -5.0 3.4 3.4 3.4 3.4 3.4 3.4 0.18 0.101 0.122 0.085 0.029 0.118 2 2 2 2 2 2
2010-09-02T13:30:00 2010 9 2 13 30 0 -5.0 -0.8 427.0 6.3 2.3 1.22 0.24 0.15 2 2 2 2 2 2 2 2 1.0 1.74 -5.0 -0.8 -0.8 -0.8 -0.8 -0.8 -0.8 0.146 0.109 0.119 0.065 0.106 0.198 2 2 2 2 2 2
2010-09-02T14:30:00 2010 9 2 14 30 0 -2.1 -2.6 433.0 5.9 2.21 2.35 3.82 2.31 2 2 2 2 2 2 2 2 1.0 1.61 -7.0 -2.6 -2.6 -2.6 -2.6 -2.6 -2.6 0.283 0.39 0.13 0.229 0.541 0.777 2 2 2 2 2 2
2010-09-02T15:30:00 2010 9 2 15 30 0 -5.3 -0.8 413.0 5.9 2.01 2.47 3.45 2.03 2 2 2 2 2 2 2 2 2.3 1.66 -3.0 -0.8 -0.8 -0.8 -0.8 -0.8 -0.8 0.326 0.448 0.135 0.246 0.52 0.829 2 2 2 2 2 2
2010-09-02T16:30:00 2010 9 2 16 30 0 -4.4 -0.1 410.0 5.2 1.75 2.16 0.87 0.49 2 2 2 2 2 2 2 2 2.3 1.7 -3.0 -0.1 -0.1 -0.1 -0.1 -0.1 -0.1 0.257 0.313 0.133 0.156 0.279 0.539 2 2 2 2 2 2
2010-09-02T17:30:00 2010 9 2 17 30 0 -5.9 0.0 412.0 4.7 1.6 2.22 0.09 0.05 2 2 2 2 2 2 2 2 2.3 1.74 -5.0 0.0 0.0 0.0 0.0 0.0 0.0 0.179 0.172 0.129 0.088 0.108 0.266 2 2 2 2 2 2
2010-09-02T18:30:00 2010 9 2 18 30 0 -3.8 -1.6 414.0 4.4 1.51 2.47 1.79 0.8 2 2 2 2 2 2 2 2 1.0 1.62 -4.0 -1.6 -1.6 -1.6 -1.6 -1.6 -1.6 0.212 0.275 0.13 0.123 0.308 0.415 2 2 2 2 2 2
2010-09-02T19:30:00 2010 9 2 19 30 0 -3.0 1.6 422.0 4.1 1.46 1.03 0.69 0.3 2 2 2 2 2 2 2 2 1.0 1.49 -6.0 1.6 1.6 1.6 1.6 1.6 1.6 0.159 0.166 0.127 0.078 0.131 0.217 2 2 2 2 2 2
2010-09-02T20:30:00 2010 9 2 20 30 0 -3.7 1.8 418.0 3.7 1.29 0.5 0.0 0.0 2 2 2 2 2 2 2 2 1.0 1.48 -9.0 1.8 1.8 1.8 1.8 1.8 1.8 0.107 0.082 0.123 0.044 0.042 0.09 2 2 2 2 2 2
2010-09-02T21:30:00 2010 9 2 21 30 0 -4.1 1.9 432.0 3.4 1.27 0.69 0.0 0.0 2 2 2 2 2 2 2 2 0.7 1.44 -7.0 1.9 1.9 1.9 1.9 1.9 1.9 0.073 0.041 0.119 0.025 0.013 0.037 2 2 2 2 2 2
2010-09-02T22:30:00 2010 9 2 22 30 0 -3.2 0.3 428.0 3.0 1.1 0.76 0.0 0.0 2 2 2 2 2 2 2 2 0.7 1.39 -6.0 0.3 0.3 0.3 0.3 0.3 0.3 0.049 0.02 0.115 0.014 0.004 0.015 2 2 2 2 2 2
2010-09-02T23:30:00 2010 9 2 23 30 0 -3.0 -1.3 422.0 2.5 0.89 1.13 1.24 0.32 2 2 2 2 2 2 2 2 0.7 1.2 -7.0 -1.3 -1.3 -1.3 -1.3 -1.3 -1.3 0.088 0.126 0.115 0.048 0.181 0.138 2 2 2 2 2 2
