2010-03-08T00:30:00 2010 3 8 0 30 0 0.8 0.3 360.0 7.5 1.94 0.01 0.0 0.0 2 2 2 2 2 2 2 2 0.7 0.09 -4.0 0.3 0.3 0.3 0.3 0.3 0.3 0.011 0.008 0.086 0.002 0.003 0.008 2 2 2 2 2 2
2010-03-08T01:30:00 2010 3 8 1 30 0 -0.2 -0.6 360.0 7.2 1.87 0.03 0.41 0.29 2 2 2 2 2 2 2 2 0.7 0.18 -3.0 -0.6 -0.6 -0.6 -0.6 -0.6 -0.6 0.04 0.099 0.084 0.018 0.113 0.2 2 2 2 2 2 2
2010-03-08T02:30:00 2010 3 8 2 30 0 0.3 -1.2 358.0 8.0 2.05 0.2 1.66 1.27 2 2 2 2 2 2 2 2 0.7 0.27 -2.0 -1.2 -1.2 -1.2 -1.2 -1.2 -1.2 0.124 0.279 0.086 0.079 0.295 0.514 2 2 2 2 2 2
2010-03-08T03:30:00 2010 3 8 3 30 0 -1.3 -0.7 357.0 8.6 2.19 0.26 1.66 1.38 2 2 2 2 2 2 2 2 1.7 0.49 0.0 -0.7 -0.7 -0.7 -0.7 -0.7 -0.7 0.172 0.353 0.087 0.103 0.325 0.644 2 2 2 2 2 2
2010-03-08T04:30:00 2010 3 8 4 30 0 -3.4 -1.7 362.0 11.7 3.07 1.03 2.24 2.34 2 2 2 2 2 2 2 2 1.7 0.71 2.0 -1.7 -1.7 -1.7 -1.7 -1.7 -1.7 0.261 0.506 0.091 0.178 0.476 1.059 2 2 2 2 2 2
2010-03-08T05:30:00 2010 3 8 5 30 0 -3.0 -1.6 353.0 10.2 2.54 1.64 2.94 3.2 2 2 2 2 2 2 2 2 1.7 0.92 -1.0 -1.6 -1.6 -1.6 -1.6 -1.6 -1.6 0.345 0.62 0.098 0.246 0.551 1.26 2 2 2 2 2 2
2010-03-08T06:30:00 2010 3 8 6 30 0 -3.2 -0.6 338.0 7.8 1.78 1.17 1.83 1.67 2 2 2 2 2 2 2 2 1.0 1.04 -6.0 -0.6 -0.6 -0.6 -0.6 -0.6 -0.6 0.327 0.533 0.099 0.201 0.4 0.94 2 2 2 2 2 2
2010-03-08T07:30:00 2010 3 8 7 30 0 -0.8 -1.2 321.0 5.8 1.2 0.56 1.52 1.0 2 2 2 2 2 2 2 2 1.0 1.16 -8.0 -1.2 -1.2 -1.2 -1.2 -1.2 -1.2 0.304 0.471 0.099 0.169 0.33 0.656 2 2 2 2 2 2
2010-03-08T08:30:00 2010 3 8 8 30 0 0.0 -1.6 317.0 4.5 0.9 0.41 2.26 1.14 2 2 2 2 2 2 2 2 1.0 1.19 -9.0 -1.6 -1.6 -1.6 -1.6 -1.6 -1.6 0.309 0.469 0.1 0.174 0.332 0.489 2 2 2 2 2 2
2010-03-08T09:30:00 2010 3 8 9 30 0 -0.1 -1.4 327.0 3.1 0.66 0.43 2.4 0.9 2 2 2 2 2 2 2 2 0.3 1.13 -8.0 -1.4 -1.4 -1.4 -1.4 -1.4 -1.4 0.302 0.436 0.101 0.169 0.307 0.352 2 2 2 2 2 2
2010-03-08T10:30:00 2010 3 8 10 30 0 -0.2 -0.9 322.0 3.0 0.62 0.26 1.83 0.56 2 2 2 2 2 2 2 2 0.3 1.07 -8.0 -0.9 -0.9 -0.9 -0.9 -0.9 -0.9 0.27 0.369 0.101 0.139 0.248 0.248 2 2 2 2 2 2
2010-03-08T11:30:00 2010 3 8 11 30 0 -0.8 -0.8 319.0 2.9 0.59 0.18 1.36 0.4 2 2 2 2 2 2 2 2 0.3 0.9 -7.0 -0.8 -0.8 -0.8 -0.8 -0.8 -0.8 0.235 0.31 0.099 0.109 0.203 0.187 2 2 2 2 2 2
2010-03-08T12:30:00 2010 3 8 12 30 0 -0.9 -1.4 317.0 2.8 0.56 0.33 1.79 0.51 2 2 2 2 2 2 2 2 0.0 0.68 -5.0 -1.4 -1.4 -1.4 -1.4 -1.4 -1.4 0.228 0.314 0.099 0.11 0.224 0.174 2 2 2 2 2 2
2010-03-08T13:30:00 2010 3 8 13 30 0 -0.1 -2.3 329.0 3.7 0.8 0.73 3.06 1.02 2 2 2 2 2 2 2 2 0.0 0.48 -5.0 -2.3 -2.3 -2.3 -2.3 -2.3 -2.3 0.273 0.403 0.102 0.167 0.327 0.245 2 2 2 2 2 2
2010-03-08T14:30:00 2010 3 8 14 30 0 -1.3 -1.8 336.0 4.5 1.02 0.9 3.38 1.39 2 2 2 2 2 2 2 2 0.0 0.35 -6.0 -1.8 -1.8 -1.8 -1.8 -1.8 -1.8 0.315 0.469 0.106 0.21 0.384 0.338 2 2 2 2 2 2
2010-03-08T15:30:00 2010 3 8 15 30 0 -1.8 -1.4 334.0 4.5 1.0 0.78 2.65 1.19 2 2 2 2 2 2 2 2 0.3 0.27 -8.0 -1.4 -1.4 -1.4 -1.4 -1.4 -1.4 0.322 0.467 0.108 0.204 0.364 0.364 2 2 2 2 2 2
2010-03-08T16:30:00 2010 3 8 16 30 0 -2.5 -1.2 335.0 4.9 1.1 0.83 2.16 1.02 2 2 2 2 2 2 2 2 0.3 0.19 -6.0 -1.2 -1.2 -1.2 -1.2 -1.2 -1.2 0.311 0.444 0.108 0.184 0.334 0.37 2 2 2 2 2 2
2010-03-08T17:30:00 2010 3 8 17 30 0 -3.4 -1.5 338.0 4.6 1.05 1.25 2.29 1.09 2 2 2 2 2 2 2 2 0.3 0.19 -4.0 -1.5 -1.5 -1.5 -1.5 -1.5 -1.5 0.313 0.447 0.11 0.182 0.344 0.384 2 2 2 2 2 2
2010-03-08T18:30:00 2010 3 8 18 30 0 -4.1 -1.3 332.0 4.5 0.99 1.7 2.33 1.06 2 2 2 2 2 2 2 2 0.7 0.24 -5.0 -1.3 -1.3 -1.3 -1.3 -1.3 -1.3 0.31 0.44 0.111 0.177 0.333 0.371 2 2 2 2 2 2
2010-03-08T19:30:00 2010 3 8 19 30 0 -3.8 -0.1 329.0 4.4 0.95 1.34 1.08 0.48 2 2 2 2 2 2 2 2 0.7 0.3 -5.0 -0.1 -0.1 -0.1 -0.1 -0.1 -0.1 0.249 0.32 0.109 0.121 0.201 0.26 2 2 2 2 2 2
2010-03-08T20:30:00 2010 3 8 20 30 0 -3.9 -0.7 338.0 3.9 0.89 1.19 0.71 0.29 2 2 2 2 2 2 2 2 0.7 0.38 -4.0 -0.7 -0.7 -0.7 -0.7 -0.7 -0.7 0.207 0.264 0.106 0.088 0.175 0.217 2 2 2 2 2 2
2010-03-08T21:30:00 2010 3 8 21 30 0 -4.0 -0.8 358.0 3.3 0.85 1.47 1.32 0.47 2 2 2 2 2 2 2 2 0.3 0.42 -6.0 -0.8 -0.8 -0.8 -0.8 -0.8 -0.8 0.196 0.264 0.105 0.083 0.204 0.216 2 2 2 2 2 2
2010-03-08T22:30:00 2010 3 8 22 30 0 -6.1 1.9 369.0 2.9 0.79 1.58 0.16 0.05 2 2 2 2 2 2 2 2 0.3 0.45 -5.0 1.9 1.9 1.9 1.9 1.9 1.9 0.135 0.138 0.102 0.047 0.071 0.098 2 2 2 2 2 2
2010-03-08T23:30:00 2010 3 8 23 30 0 -6.0 1.9 360.0 2.7 0.7 1.63 0.0 0.0 2 2 2 2 2 2 2 2 0.3 0.45 -4.0 1.9 1.9 1.9 1.9 1.9 1.9 0.091 0.069 0.099 0.026 0.023 0.041 2 2 2 2 2 2
