2010-07-13T00:30:00 2010 7 13 0 30 0 -2.0 2.4 339.0 4.4 1.01 0.16 0.0 0.0 2 2 2 2 2 2 2 2 0.7 1.15 -7.0 2.4 2.4 2.4 2.4 2.4 2.4 0.155 0.177 0.065 0.102 0.091 0.149 2 2 2 2 2 2
2010-07-13T01:30:00 2010 7 13 1 30 0 -2.2 1.2 334.0 5.2 1.16 0.12 0.0 0.0 2 2 2 2 2 2 2 2 0.7 1.19 -6.0 1.2 1.2 1.2 1.2 1.2 1.2 0.105 0.088 0.063 0.057 0.029 0.062 2 2 2 2 2 2
2010-07-13T02:30:00 2010 7 13 2 30 0 -1.9 0.2 330.0 5.9 1.29 0.19 0.0 0.0 2 2 2 2 2 2 2 2 0.7 1.14 -4.0 0.2 0.2 0.2 0.2 0.2 0.2 0.071 0.044 0.061 0.032 0.009 0.026 2 2 2 2 2 2
2010-07-13T03:30:00 2010 7 13 3 30 0 -1.6 0.4 329.0 4.9 1.06 0.16 0.0 0.0 2 2 2 2 2 2 2 2 0.7 1.1 -2.0 0.4 0.4 0.4 0.4 0.4 0.4 0.048 0.022 0.06 0.018 0.003 0.011 2 2 2 2 2 2
2010-07-13T04:30:00 2010 7 13 4 30 0 -2.8 0.7 324.0 4.8 1.01 0.25 0.0 0.0 2 2 2 2 2 2 2 2 0.7 1.06 0.0 0.7 0.7 0.7 0.7 0.7 0.7 0.033 0.011 0.058 0.01 0.001 0.004 2 2 2 2 2 2
2010-07-13T05:30:00 2010 7 13 5 30 0 -2.2 0.6 318.0 5.1 1.03 0.28 0.0 0.0 2 2 2 2 2 2 2 2 0.7 0.94 4.0 0.6 0.6 0.6 0.6 0.6 0.6 0.022 0.005 0.056 0.006 0.0 0.002 2 2 2 2 2 2
2010-07-13T06:30:00 2010 7 13 6 30 0 -1.4 1.8 318.0 4.8 0.97 0.1 0.0 0.0 2 2 2 2 2 2 2 2 0.3 0.77 4.0 1.8 1.8 1.8 1.8 1.8 1.8 0.015 0.003 0.054 0.003 0.0 0.001 2 2 2 2 2 2
2010-07-13T07:30:00 2010 7 13 7 30 0 -1.9 0.3 316.0 5.1 1.02 0.1 0.0 0.0 2 2 2 2 2 2 2 2 0.3 0.6 3.0 0.3 0.3 0.3 0.3 0.3 0.3 0.01 0.001 0.053 0.002 0.0 0.0 2 2 2 2 2 2
2010-07-13T08:30:00 2010 7 13 8 30 0 -1.9 0.4 315.0 4.9 0.97 0.18 0.0 0.0 2 2 2 2 2 2 2 2 0.3 0.54 2.0 0.4 0.4 0.4 0.4 0.4 0.4 0.007 0.001 0.051 0.001 0.0 0.0 2 2 2 2 2 2
2010-07-13T09:30:00 2010 7 13 9 30 0 -2.0 1.1 318.0 5.3 1.07 0.15 0.0 0.0 2 2 2 2 2 2 2 2 0.0 0.46 0.0 1.1 1.1 1.1 1.1 1.1 1.1 0.005 0.0 0.049 0.001 0.0 0.0 2 2 2 2 2 2
2010-07-13T10:30:00 2010 7 13 10 30 0 -1.6 -0.1 314.0 5.4 1.06 0.15 0.01 0.01 2 2 2 2 2 2 2 2 0.0 0.37 2.0 -0.1 -0.1 -0.1 -0.1 -0.1 -0.1 0.006 0.013 0.048 0.001 0.013 0.019 2 2 2 2 2 2
2010-07-13T11:30:00 2010 7 13 11 30 0 -0.6 0.3 315.0 5.5 1.09 0.07 0.01 0.01 2 2 2 2 2 2 2 2 0.0 0.28 6.0 0.3 0.3 0.3 0.3 0.3 0.3 0.004 0.007 0.047 0.001 0.004 0.008 2 2 2 2 2 2
2010-07-13T12:30:00 2010 7 13 12 30 0 -1.5 -0.3 314.0 5.6 1.1 0.09 0.14 0.08 2 2 2 2 2 2 2 2 0.3 0.23 8.0 -0.3 -0.3 -0.3 -0.3 -0.3 -0.3 0.014 0.045 0.045 0.005 0.043 0.06 2 2 2 2 2 2
2010-07-13T13:30:00 2010 7 13 13 30 0 -1.9 0.9 317.0 5.7 1.15 0.15 0.04 0.02 2 2 2 2 2 2 2 2 0.3 0.19 9.0 0.9 0.9 0.9 0.9 0.9 0.9 0.01 0.022 0.044 0.003 0.014 0.025 2 2 2 2 2 2
2010-07-13T14:30:00 2010 7 13 14 30 0 -1.7 1.5 318.0 5.7 1.15 0.09 0.0 0.0 2 2 2 2 2 2 2 2 0.3 0.19 9.0 1.5 1.5 1.5 1.5 1.5 1.5 0.007 0.011 0.043 0.001 0.004 0.01 2 2 2 2 2 2
2010-07-13T15:30:00 2010 7 13 15 30 0 -0.9 0.8 317.0 5.8 1.17 0.04 0.0 0.0 2 2 2 2 2 2 2 2 0.3 0.19 9.0 0.8 0.8 0.8 0.8 0.8 0.8 0.004 0.006 0.041 0.001 0.001 0.004 2 2 2 2 2 2
2010-07-13T16:30:00 2010 7 13 16 30 0 -1.5 0.6 315.0 6.0 1.19 0.05 0.0 0.0 2 2 2 2 2 2 2 2 0.3 0.19 9.0 0.6 0.6 0.6 0.6 0.6 0.6 0.003 0.003 0.04 0.0 0.0 0.002 2 2 2 2 2 2
2010-07-13T17:30:00 2010 7 13 17 30 0 -1.3 1.3 316.0 6.1 1.22 0.06 0.0 0.0 2 2 2 2 2 2 2 2 0.3 0.23 11.0 1.3 1.3 1.3 1.3 1.3 1.3 0.002 0.001 0.039 0.0 0.0 0.001 2 2 2 2 2 2
2010-07-13T18:30:00 2010 7 13 18 30 0 -0.6 0.5 313.0 6.4 1.25 0.02 0.0 0.0 2 2 2 2 2 2 2 2 0.3 0.26 11.0 0.5 0.5 0.5 0.5 0.5 0.5 0.001 0.001 0.038 0.0 0.0 0.0 2 2 2 2 2 2
2010-07-13T19:30:00 2010 7 13 19 30 0 -1.5 0.6 313.0 6.5 1.27 0.04 0.0 0.0 2 2 2 2 2 2 2 2 0.3 0.3 11.0 0.6 0.6 0.6 0.6 0.6 0.6 0.001 0.0 0.036 0.0 0.0 0.0 2 2 2 2 2 2
2010-07-13T20:30:00 2010 7 13 20 30 0 -1.8 0.4 311.0 6.3 1.22 0.12 0.0 0.0 2 2 2 2 2 2 2 2 0.3 0.3 9.0 0.4 0.4 0.4 0.4 0.4 0.4 0.001 0.0 0.035 0.0 0.0 0.0 2 2 2 2 2 2
2010-07-13T21:30:00 2010 7 13 21 30 0 -2.2 -0.1 305.0 6.2 1.15 0.24 0.02 0.01 2 2 2 2 2 2 2 2 0.7 0.35 8.0 -0.1 -0.1 -0.1 -0.1 -0.1 -0.1 0.003 0.014 0.034 0.001 0.013 0.022 2 2 2 2 2 2
2010-07-13T22:30:00 2010 7 13 22 30 0 -2.3 -1.4 304.0 6.5 1.2 0.58 1.22 0.78 2 2 2 2 2 2 2 2 0.7 0.4 6.0 -1.4 -1.4 -1.4 -1.4 -1.4 -1.4 0.078 0.206 0.036 0.051 0.186 0.231 2 2 2 2 2 2
2010-07-13T23:30:00 2010 7 13 23 30 0 -2.0 -1.2 309.0 6.9 1.32 0.74 1.98 1.33 2 2 2 2 2 2 2 2 0.7 0.46 5.0 -1.2 -1.2 -1.2 -1.2 -1.2 -1.2 0.153 0.347 0.038 0.101 0.279 0.376 2 2 2 2 2 2
