2011-09-04T00:30:00 2011 9 4 0 30 0 6.1 -2.0 404.0 5.7 1.86 3.55 4.01 2.32 2 2 2 2 2 2 2 2 2.7 2.18 -2.0 -2.0 -2.0 -2.0 -2.0 -2.0 -2.0 0.348 0.518 0.227 0.259 0.546 0.73 2 2 2 2 2 2
2011-09-04T01:30:00 2011 9 4 1 30 0 6.9 -0.3 416.0 5.4 1.87 4.3 2.21 1.23 2 2 2 2 2 2 2 2 2.7 2.19 -4.0 -0.3 -0.3 -0.3 -0.3 -0.3 -0.3 0.32 0.43 0.225 0.206 0.398 0.633 2 2 2 2 2 2
2011-09-04T02:30:00 2011 9 4 2 30 0 7.5 -2.4 408.0 5.8 1.93 5.5 2.95 1.67 2 2 2 2 2 2 2 2 2.7 2.31 -5.0 -2.4 -2.4 -2.4 -2.4 -2.4 -2.4 0.366 0.504 0.228 0.26 0.537 0.788 2 2 2 2 2 2
2011-09-04T03:30:00 2011 9 4 3 30 0 7.0 -2.7 396.0 5.5 1.72 6.75 5.14 2.9 2 2 2 2 2 2 2 2 3.0 2.47 -7.0 -2.7 -2.7 -2.7 -2.7 -2.7 -2.7 0.462 0.633 0.238 0.381 0.682 0.931 2 2 2 2 2 2
2011-09-04T04:30:00 2011 9 4 4 30 0 7.0 -3.7 375.0 5.4 1.52 7.18 6.23 3.39 2 2 2 2 2 2 2 2 3.0 2.63 -11.0 -3.7 -3.7 -3.7 -3.7 -3.7 -3.7 0.568 0.759 0.252 0.518 0.78 0.983 2 2 2 2 2 2
2011-09-04T05:30:00 2011 9 4 5 30 0 5.7 -4.2 360.0 4.7 1.22 7.2 7.28 3.65 2 2 2 2 2 2 2 2 3.0 2.72 -16.0 -4.2 -4.2 -4.2 -4.2 -4.2 -4.2 0.662 0.853 0.267 0.64 0.814 0.926 2 2 2 2 2 2
2011-09-04T06:30:00 2011 9 4 6 30 0 3.8 -3.7 352.0 4.9 1.21 5.38 6.99 3.36 2 2 2 2 2 2 2 2 1.3 2.58 -18.0 -3.7 -3.7 -3.7 -3.7 -3.7 -3.7 0.709 0.879 0.28 0.675 0.779 0.846 2 2 2 2 2 2
2011-09-04T07:30:00 2011 9 4 7 30 0 4.2 -2.6 344.0 5.0 1.18 3.61 5.4 2.67 2 2 2 2 2 2 2 2 1.3 2.45 -18.0 -2.6 -2.6 -2.6 -2.6 -2.6 -2.6 0.685 0.82 0.285 0.599 0.666 0.743 2 2 2 2 2 2
2011-09-04T08:30:00 2011 9 4 8 30 0 3.8 -2.1 337.0 4.9 1.11 2.65 3.96 1.96 2 2 2 2 2 2 2 2 1.3 2.27 -18.0 -2.1 -2.1 -2.1 -2.1 -2.1 -2.1 0.623 0.726 0.286 0.487 0.548 0.629 2 2 2 2 2 2
2011-09-04T09:30:00 2011 9 4 9 30 0 4.1 -2.7 326.0 5.3 1.13 2.66 4.01 2.06 2 2 2 2 2 2 2 2 0.7 2.01 -14.0 -2.7 -2.7 -2.7 -2.7 -2.7 -2.7 0.594 0.708 0.287 0.443 0.53 0.598 2 2 2 2 2 2
2011-09-04T10:30:00 2011 9 4 10 30 0 4.4 -3.1 325.0 4.6 0.97 3.33 4.75 2.33 2 2 2 2 2 2 2 2 0.7 1.76 -8.0 -3.1 -3.1 -3.1 -3.1 -3.1 -3.1 0.594 0.727 0.29 0.45 0.548 0.574 2 2 2 2 2 2
2011-09-04T11:30:00 2011 9 4 11 30 0 3.8 -3.3 319.0 3.9 0.79 3.49 5.16 2.18 2 2 2 2 2 2 2 2 0.7 1.47 -6.0 -3.3 -3.3 -3.3 -3.3 -3.3 -3.3 0.595 0.731 0.293 0.46 0.542 0.507 2 2 2 2 2 2
2011-09-04T12:30:00 2011 9 4 12 30 0 5.8 -3.4 343.0 4.6 1.08 4.43 5.57 2.39 2 2 2 2 2 2 2 2 2.3 1.4 -5.0 -3.4 -3.4 -3.4 -3.4 -3.4 -3.4 0.614 0.756 0.298 0.494 0.592 0.544 2 2 2 2 2 2
2011-09-04T13:30:00 2011 9 4 13 30 0 7.2 -3.3 355.0 5.7 1.44 6.21 5.85 3.04 2 2 2 2 2 2 2 2 2.3 1.33 -9.0 -3.3 -3.3 -3.3 -3.3 -3.3 -3.3 0.651 0.807 0.306 0.546 0.674 0.705 2 2 2 2 2 2
2011-09-04T14:30:00 2011 9 4 14 30 0 6.0 -4.2 349.0 6.1 1.49 6.89 6.66 3.94 2 2 2 2 2 2 2 2 2.3 1.46 -11.0 -4.2 -4.2 -4.2 -4.2 -4.2 -4.2 0.722 0.906 0.318 0.652 0.782 0.89 2 2 2 2 2 2
2011-09-04T15:30:00 2011 9 4 15 30 0 5.3 -4.9 349.0 8.2 2.0 7.16 7.99 5.8 2 2 2 2 2 2 2 2 3.0 1.69 -15.0 -4.9 -4.9 -4.9 -4.9 -4.9 -4.9 0.847 1.083 0.338 0.842 0.95 1.249 2 2 2 2 2 2
2011-09-04T16:30:00 2011 9 4 16 30 0 3.5 -3.0 343.0 12.7 2.99 4.91 6.7 7.0 2 2 2 2 2 2 2 2 3.0 1.9 -13.0 -3.0 -3.0 -3.0 -3.0 -3.0 -3.0 0.906 1.172 0.352 0.87 0.965 1.749 2 2 2 2 2 2
2011-09-04T17:30:00 2011 9 4 17 30 0 4.4 1.0 351.0 9.6 2.37 1.66 1.73 2.04 2 2 2 2 2 2 2 2 3.0 2.19 -14.0 1.0 1.0 1.0 1.0 1.0 1.0 0.683 0.726 0.345 0.543 0.434 1.034 2 2 2 2 2 2
2011-09-04T18:30:00 2011 9 4 18 30 0 5.9 -0.1 354.0 7.7 1.93 1.7 0.02 0.01 2 2 2 2 2 2 2 2 2.0 2.34 -15.0 -0.1 -0.1 -0.1 -0.1 -0.1 -0.1 0.466 0.376 0.335 0.305 0.156 0.47 2 2 2 2 2 2
2011-09-04T19:30:00 2011 9 4 19 30 0 6.9 1.4 367.0 6.6 1.78 2.43 0.0 0.0 2 2 2 2 2 2 2 2 2.0 2.49 -13.0 1.4 1.4 1.4 1.4 1.4 1.4 0.316 0.187 0.325 0.171 0.049 0.195 2 2 2 2 2 2
2011-09-04T20:30:00 2011 9 4 20 30 0 1.9 -1.3 380.0 7.3 2.11 1.42 0.7 0.5 2 2 2 2 2 2 2 2 2.0 2.44 -10.0 -1.3 -1.3 -1.3 -1.3 -1.3 -1.3 0.267 0.222 0.317 0.137 0.188 0.348 2 2 2 2 2 2
2011-09-04T21:30:00 2011 9 4 21 30 0 2.8 -1.7 396.0 5.3 1.66 1.23 2.95 1.82 2 2 2 2 2 2 2 2 0.7 2.23 -9.0 -1.7 -1.7 -1.7 -1.7 -1.7 -1.7 0.319 0.389 0.316 0.198 0.417 0.614 2 2 2 2 2 2
2011-09-04T22:30:00 2011 9 4 22 30 0 2.6 -1.9 402.0 4.8 1.55 1.67 3.61 1.81 2 2 2 2 2 2 2 2 0.7 2.02 -9.0 -1.9 -1.9 -1.9 -1.9 -1.9 -1.9 0.367 0.479 0.316 0.253 0.516 0.685 2 2 2 2 2 2
2011-09-04T23:30:00 2011 9 4 23 30 0 2.7 -1.7 393.0 4.5 1.39 1.62 3.56 1.65 2 2 2 2 2 2 2 2 0.7 1.74 -8.0 -1.7 -1.7 -1.7 -1.7 -1.7 -1.7 0.389 0.507 0.316 0.271 0.518 0.656 2 2 2 2 2 2
