2011-05-03T00:30:00 2011 5 3 0 30 0 0.1 -1.6 624.0 1.5 1.17 2.05 7.3 1.02 2 2 2 2 2 2 2 2 3.3 3.19 -30.0 -1.6 -1.6 -1.6 -1.6 -1.6 -1.6 0.381 0.347 0.499 0.354 0.754 0.472 2 2 2 2 2 2
2011-05-03T01:30:00 2011 5 3 1 30 0 -2.1 -1.0 625.0 1.7 1.33 0.94 3.98 0.64 2 2 2 2 2 2 2 2 3.3 3.19 -32.0 -1.0 -1.0 -1.0 -1.0 -1.0 -1.0 0.355 0.311 0.494 0.288 0.603 0.433 2 2 2 2 2 2
2011-05-03T02:30:00 2011 5 3 2 30 0 -0.7 -1.3 616.0 1.7 1.29 0.9 3.6 0.61 2 2 2 2 2 2 2 2 3.3 3.19 -29.0 -1.3 -1.3 -1.3 -1.3 -1.3 -1.3 0.337 0.297 0.489 0.252 0.564 0.426 2 2 2 2 2 2
2011-05-03T03:30:00 2011 5 3 3 30 0 0.2 -2.0 632.0 1.7 1.36 1.1 5.25 0.89 2 2 2 2 2 2 2 2 3.7 3.24 -31.0 -2.0 -2.0 -2.0 -2.0 -2.0 -2.0 0.366 0.333 0.492 0.293 0.679 0.49 2 2 2 2 2 2
2011-05-03T04:30:00 2011 5 3 4 30 0 1.0 0.2 636.0 1.8 1.46 0.48 2.62 0.45 2 2 2 2 2 2 2 2 3.7 3.3 -33.0 0.2 0.2 0.2 0.2 0.2 0.2 0.3 0.24 0.483 0.208 0.395 0.344 2 2 2 2 2 2
2011-05-03T05:30:00 2011 5 3 5 30 0 -2.6 1.0 644.0 1.7 1.41 0.15 0.0 0.0 2 2 2 2 2 2 2 2 3.7 3.38 -30.0 1.0 1.0 1.0 1.0 1.0 1.0 0.203 0.119 0.468 0.117 0.125 0.143 2 2 2 2 2 2
2011-05-03T06:30:00 2011 5 3 6 30 0 -0.7 0.9 628.0 1.8 1.42 0.19 0.0 0.0 2 2 2 2 2 2 2 2 2.3 3.29 -26.0 0.9 0.9 0.9 0.9 0.9 0.9 0.138 0.059 0.454 0.065 0.04 0.059 2 2 2 2 2 2
2011-05-03T07:30:00 2011 5 3 7 30 0 -1.5 0.0 623.0 2.0 1.55 0.13 0.0 0.0 2 2 2 2 2 2 2 2 2.3 3.19 -21.0 0.0 0.0 0.0 0.0 0.0 0.0 0.093 0.029 0.44 0.037 0.013 0.025 2 2 2 2 2 2
2011-05-03T08:30:00 2011 5 3 8 30 0 -1.1 -1.3 620.0 2.0 1.54 0.55 2.19 0.44 2 2 2 2 2 2 2 2 2.3 3.06 -19.0 -1.3 -1.3 -1.3 -1.3 -1.3 -1.3 0.14 0.137 0.434 0.087 0.331 0.267 2 2 2 2 2 2
2011-05-03T09:30:00 2011 5 3 9 30 0 0.7 1.4 620.0 2.1 1.61 0.12 0.81 0.16 2 2 2 2 2 2 2 2 3.0 3.02 -19.0 1.4 1.4 1.4 1.4 1.4 1.4 0.107 0.087 0.422 0.057 0.144 0.149 2 2 2 2 2 2
2011-05-03T10:30:00 2011 5 3 10 30 0 0.3 -0.7 606.0 2.3 1.69 0.05 0.44 0.1 2 2 2 2 2 2 2 2 3.0 2.99 -16.0 -0.7 -0.7 -0.7 -0.7 -0.7 -0.7 0.097 0.091 0.411 0.049 0.177 0.183 2 2 2 2 2 2
2011-05-03T11:30:00 2011 5 3 11 30 0 -2.1 -0.6 605.0 2.3 1.68 0.42 1.96 0.45 2 2 2 2 2 2 2 2 3.0 2.91 -13.0 -0.6 -0.6 -0.6 -0.6 -0.6 -0.6 0.128 0.151 0.403 0.072 0.315 0.321 2 2 2 2 2 2
2011-05-03T12:30:00 2011 5 3 12 30 0 -1.4 -0.7 603.0 2.3 1.67 0.69 1.98 0.45 2 2 2 2 2 2 2 2 2.7 2.79 -13.0 -0.7 -0.7 -0.7 -0.7 -0.7 -0.7 0.151 0.185 0.396 0.087 0.37 0.384 2 2 2 2 2 2
2011-05-03T13:30:00 2011 5 3 13 30 0 0.7 0.5 596.0 2.5 1.78 0.1 0.53 0.12 2 2 2 2 2 2 2 2 2.7 2.67 -15.0 0.5 0.5 0.5 0.5 0.5 0.5 0.114 0.114 0.384 0.054 0.161 0.214 2 2 2 2 2 2
2011-05-03T14:30:00 2011 5 3 14 30 0 -1.6 -0.3 600.0 2.4 1.73 0.11 0.21 0.05 2 2 2 2 2 2 2 2 2.7 2.72 -16.0 -0.3 -0.3 -0.3 -0.3 -0.3 -0.3 0.09 0.086 0.373 0.037 0.128 0.173 2 2 2 2 2 2
2011-05-03T15:30:00 2011 5 3 15 30 0 -1.8 -0.5 589.0 2.6 1.8 0.53 1.21 0.3 2 2 2 2 2 2 2 2 2.3 2.71 -19.0 -0.5 -0.5 -0.5 -0.5 -0.5 -0.5 0.106 0.129 0.365 0.048 0.245 0.289 2 2 2 2 2 2
2011-05-03T16:30:00 2011 5 3 16 30 0 -0.2 1.8 593.0 2.9 2.04 0.11 0.1 0.03 2 2 2 2 2 2 2 2 2.3 2.7 -18.0 1.8 1.8 1.8 1.8 1.8 1.8 0.072 0.064 0.354 0.027 0.078 0.12 2 2 2 2 2 2
2011-05-03T17:30:00 2011 5 3 17 30 0 -1.0 -1.5 588.0 2.9 2.01 0.23 1.2 0.35 2 2 2 2 2 2 2 2 2.3 2.62 -19.0 -1.5 -1.5 -1.5 -1.5 -1.5 -1.5 0.107 0.131 0.348 0.072 0.285 0.301 2 2 2 2 2 2
2011-05-03T18:30:00 2011 5 3 18 30 0 -0.7 -0.5 585.0 3.0 2.05 0.5 2.81 0.83 2 2 2 2 2 2 2 2 2.7 2.58 -25.0 -0.5 -0.5 -0.5 -0.5 -0.5 -0.5 0.157 0.205 0.345 0.108 0.405 0.478 2 2 2 2 2 2
2011-05-03T19:30:00 2011 5 3 19 30 0 -0.4 0.6 574.0 3.3 2.17 0.05 0.27 0.08 2 2 2 2 2 2 2 2 2.7 2.55 -29.0 0.6 0.6 0.6 0.6 0.6 0.6 0.112 0.113 0.335 0.063 0.149 0.231 2 2 2 2 2 2
2011-05-03T20:30:00 2011 5 3 20 30 0 -0.3 -1.0 579.0 2.9 1.94 0.11 1.03 0.31 2 2 2 2 2 2 2 2 2.7 2.55 -27.0 -1.0 -1.0 -1.0 -1.0 -1.0 -1.0 0.126 0.15 0.328 0.074 0.277 0.343 2 2 2 2 2 2
2011-05-03T21:30:00 2011 5 3 21 30 0 -1.4 -2.4 577.0 2.6 1.73 1.3 5.08 1.38 2 2 2 2 2 2 2 2 2.0 2.46 -23.0 -2.4 -2.4 -2.4 -2.4 -2.4 -2.4 0.251 0.314 0.338 0.23 0.654 0.629 2 2 2 2 2 2
2011-05-03T22:30:00 2011 5 3 22 30 0 1.1 -1.5 565.0 2.8 1.79 1.37 5.46 1.47 2 2 2 2 2 2 2 2 2.0 2.37 -20.0 -1.5 -1.5 -1.5 -1.5 -1.5 -1.5 0.327 0.383 0.346 0.297 0.718 0.717 2 2 2 2 2 2
2011-05-03T23:30:00 2011 5 3 23 30 0 1.6 -0.2 558.0 2.7 1.68 0.59 2.24 0.62 2 2 2 2 2 2 2 2 2.0 2.33 -17.0 -0.2 -0.2 -0.2 -0.2 -0.2 -0.2 0.284 0.297 0.34 0.211 0.449 0.534 2 2 2 2 2 2
