2011-08-07T00:30:00 2011 8 7 0 30 0 3.8 -0.1 576.0 1.1 0.73 3.51 4.96 0.76 2 2 2 2 2 2 2 2 3.7 2.5 -47.0 -0.1 -0.1 -0.1 -0.1 -0.1 -0.1 0.17 0.198 0.862 0.18 0.397 0.236 2 2 2 2 2 2
2011-08-07T01:30:00 2011 8 7 1 30 0 2.5 -1.3 591.0 0.9 0.63 1.69 2.2 0.21 2 2 2 2 2 2 2 2 3.7 2.57 -47.0 -1.3 -1.3 -1.3 -1.3 -1.3 -1.3 0.172 0.187 0.841 0.148 0.351 0.186 2 2 2 2 2 2
2011-08-07T02:30:00 2011 8 7 2 30 0 2.6 -0.9 582.0 0.6 0.41 1.53 3.18 0.24 2 2 2 2 2 2 2 2 3.7 2.86 -50.0 -0.9 -0.9 -0.9 -0.9 -0.9 -0.9 0.175 0.177 0.821 0.131 0.319 0.14 2 2 2 2 2 2
2011-08-07T03:30:00 2011 8 7 3 30 0 3.1 0.6 585.0 0.7 0.48 1.06 0.68 0.04 2 2 2 2 2 2 2 2 1.7 2.9 -51.0 0.6 0.6 0.6 0.6 0.6 0.6 0.127 0.103 0.796 0.078 0.132 0.069 2 2 2 2 2 2
2011-08-07T04:30:00 2011 8 7 4 30 0 2.4 -1.0 571.0 0.7 0.46 1.05 1.02 0.07 2 2 2 2 2 2 2 2 1.7 2.93 -49.0 -1.0 -1.0 -1.0 -1.0 -1.0 -1.0 0.115 0.099 0.774 0.065 0.167 0.066 2 2 2 2 2 2
2011-08-07T05:30:00 2011 8 7 5 30 0 2.2 -1.5 572.0 0.8 0.52 1.48 3.63 0.28 2 2 2 2 2 2 2 2 1.7 2.76 -50.0 -1.5 -1.5 -1.5 -1.5 -1.5 -1.5 0.151 0.154 0.757 0.104 0.31 0.105 2 2 2 2 2 2
2011-08-07T06:30:00 2011 8 7 6 30 0 1.9 -1.2 563.0 0.8 0.51 1.36 3.79 0.3 2 2 2 2 2 2 2 2 1.7 2.59 -49.0 -1.2 -1.2 -1.2 -1.2 -1.2 -1.2 0.175 0.181 0.742 0.124 0.345 0.122 2 2 2 2 2 2
2011-08-07T07:30:00 2011 8 7 7 30 0 1.5 -1.5 555.0 0.8 0.49 1.15 3.8 0.3 2 2 2 2 2 2 2 2 1.7 2.42 -46.0 -1.5 -1.5 -1.5 -1.5 -1.5 -1.5 0.195 0.199 0.726 0.14 0.367 0.129 2 2 2 2 2 2
2011-08-07T08:30:00 2011 8 7 8 30 0 3.1 -0.2 558.0 0.8 0.5 1.12 2.21 0.18 2 2 2 2 2 2 2 2 1.7 2.18 -45.0 -0.2 -0.2 -0.2 -0.2 -0.2 -0.2 0.17 0.16 0.707 0.105 0.248 0.101 2 2 2 2 2 2
2011-08-07T09:30:00 2011 8 7 9 30 0 3.6 0.5 547.0 0.7 0.42 1.18 0.06 0.0 2 2 2 2 2 2 2 2 0.7 1.81 -44.0 0.5 0.5 0.5 0.5 0.5 0.5 0.116 0.081 0.686 0.059 0.081 0.044 2 2 2 2 2 2
2011-08-07T10:30:00 2011 8 7 10 30 0 3.1 -0.5 536.0 0.8 0.46 1.25 0.39 0.03 2 2 2 2 2 2 2 2 0.7 1.44 -43.0 -0.5 -0.5 -0.5 -0.5 -0.5 -0.5 0.091 0.067 0.665 0.04 0.089 0.04 2 2 2 2 2 2
2011-08-07T11:30:00 2011 8 7 11 30 0 2.0 -1.6 527.0 0.9 0.5 1.38 2.91 0.25 2 2 2 2 2 2 2 2 0.7 1.31 -43.0 -1.6 -1.6 -1.6 -1.6 -1.6 -1.6 0.129 0.137 0.651 0.082 0.257 0.089 2 2 2 2 2 2
2011-08-07T12:30:00 2011 8 7 12 30 0 1.6 -1.8 529.0 1.0 0.56 1.48 4.51 0.43 2 2 2 2 2 2 2 2 1.0 1.23 -45.0 -1.8 -1.8 -1.8 -1.8 -1.8 -1.8 0.182 0.205 0.64 0.14 0.377 0.136 2 2 2 2 2 2
2011-08-07T13:30:00 2011 8 7 13 30 0 1.6 -1.1 523.0 0.9 0.49 1.1 3.74 0.35 2 2 2 2 2 2 2 2 1.0 1.14 -47.0 -1.1 -1.1 -1.1 -1.1 -1.1 -1.1 0.198 0.214 0.628 0.144 0.354 0.137 2 2 2 2 2 2
2011-08-07T14:30:00 2011 8 7 14 30 0 1.1 -0.7 526.0 0.9 0.5 0.56 2.32 0.21 2 2 2 2 2 2 2 2 1.0 1.06 -47.0 -0.7 -0.7 -0.7 -0.7 -0.7 -0.7 0.183 0.186 0.612 0.116 0.28 0.116 2 2 2 2 2 2
2011-08-07T15:30:00 2011 8 7 15 30 0 0.9 -0.2 525.0 0.8 0.44 0.22 1.13 0.1 2 2 2 2 2 2 2 2 0.7 0.93 -46.0 -0.2 -0.2 -0.2 -0.2 -0.2 -0.2 0.147 0.136 0.595 0.077 0.177 0.082 2 2 2 2 2 2
2011-08-07T16:30:00 2011 8 7 16 30 0 0.7 -1.1 517.0 1.1 0.59 0.28 1.79 0.18 2 2 2 2 2 2 2 2 0.7 0.81 -43.0 -1.1 -1.1 -1.1 -1.1 -1.1 -1.1 0.147 0.151 0.58 0.079 0.232 0.102 2 2 2 2 2 2
2011-08-07T17:30:00 2011 8 7 17 30 0 0.6 -1.2 512.0 1.4 0.73 0.49 2.97 0.38 2 2 2 2 2 2 2 2 0.7 0.81 -41.0 -1.2 -1.2 -1.2 -1.2 -1.2 -1.2 0.174 0.194 0.568 0.106 0.317 0.153 2 2 2 2 2 2
2011-08-07T18:30:00 2011 8 7 18 30 0 0.2 -1.2 506.0 1.5 0.77 0.47 3.05 0.44 2 2 2 2 2 2 2 2 1.7 0.94 -38.0 -1.2 -1.2 -1.2 -1.2 -1.2 -1.2 0.196 0.225 0.557 0.126 0.355 0.19 2 2 2 2 2 2
2011-08-07T19:30:00 2011 8 7 19 30 0 -0.8 -1.7 508.0 1.8 0.93 0.7 3.73 0.62 2 2 2 2 2 2 2 2 1.7 1.07 -32.0 -1.7 -1.7 -1.7 -1.7 -1.7 -1.7 0.235 0.274 0.549 0.168 0.436 0.255 2 2 2 2 2 2
2011-08-07T20:30:00 2011 8 7 20 30 0 -0.5 -1.9 502.0 1.6 0.81 1.06 4.56 0.77 2 2 2 2 2 2 2 2 1.7 1.16 -31.0 -1.9 -1.9 -1.9 -1.9 -1.9 -1.9 0.278 0.317 0.543 0.214 0.493 0.289 2 2 2 2 2 2
2011-08-07T21:30:00 2011 8 7 21 30 0 -2.0 -2.1 511.0 2.0 1.04 1.54 5.09 0.93 2 2 2 2 2 2 2 2 2.0 1.29 -31.0 -2.1 -2.1 -2.1 -2.1 -2.1 -2.1 0.325 0.362 0.54 0.265 0.564 0.351 2 2 2 2 2 2
2011-08-07T22:30:00 2011 8 7 22 30 0 -3.0 -1.8 516.0 2.2 1.17 2.2 4.98 1.05 2 2 2 2 2 2 2 2 2.0 1.42 -33.0 -1.8 -1.8 -1.8 -1.8 -1.8 -1.8 0.357 0.387 0.538 0.291 0.593 0.416 2 2 2 2 2 2
2011-08-07T23:30:00 2011 8 7 23 30 0 0.1 -0.8 491.0 1.8 0.87 0.92 3.17 0.64 2 2 2 2 2 2 2 2 2.0 1.58 -37.0 -0.8 -0.8 -0.8 -0.8 -0.8 -0.8 0.325 0.331 0.528 0.232 0.445 0.339 2 2 2 2 2 2
