2011-06-19T00:30:00 2011 6 19 0 30 0 -2.7 1.9 397.0 2.7 0.85 0.12 0.0 0.0 2 2 2 2 2 2 2 2 0.7 0.7 -3.0 1.9 1.9 1.9 1.9 1.9 1.9 0.0 0.0 0.076 0.0 0.0 0.0 2 2 2 2 2 2
2011-06-19T01:30:00 2011 6 19 1 30 0 -2.7 3.0 401.0 2.9 0.93 0.2 0.0 0.0 2 2 2 2 2 2 2 2 0.7 0.7 -2.0 3.0 3.0 3.0 3.0 3.0 3.0 0.0 0.0 0.074 0.0 0.0 0.0 2 2 2 2 2 2
2011-06-19T02:30:00 2011 6 19 2 30 0 -1.6 2.8 390.0 3.0 0.91 0.09 0.0 0.0 2 2 2 2 2 2 2 2 0.7 0.7 -1.0 2.8 2.8 2.8 2.8 2.8 2.8 0.0 0.0 0.071 0.0 0.0 0.0 2 2 2 2 2 2
2011-06-19T03:30:00 2011 6 19 3 30 0 -2.7 2.2 391.0 3.1 0.95 0.12 0.0 0.0 2 2 2 2 2 2 2 2 0.3 0.65 4.0 2.2 2.2 2.2 2.2 2.2 2.2 0.0 0.0 0.069 0.0 0.0 0.0 2 2 2 2 2 2
2011-06-19T04:30:00 2011 6 19 4 30 0 -2.1 2.6 395.0 3.1 0.97 0.14 0.0 0.0 2 2 2 2 2 2 2 2 0.3 0.6 6.0 2.6 2.6 2.6 2.6 2.6 2.6 0.0 0.0 0.067 0.0 0.0 0.0 2 2 2 2 2 2
2011-06-19T05:30:00 2011 6 19 5 30 0 1.6 0.8 400.0 3.5 1.12 0.03 0.0 0.0 2 2 2 2 2 2 2 2 0.3 0.54 4.0 0.8 0.8 0.8 0.8 0.8 0.8 0.0 0.0 0.065 0.0 0.0 0.0 2 2 2 2 2 2
2011-06-19T06:30:00 2011 6 19 6 30 0 1.7 -2.0 399.0 3.6 1.15 0.57 1.6 0.57 2 2 2 2 2 2 2 2 1.3 0.63 2.0 -2.0 -2.0 -2.0 -2.0 -2.0 -2.0 0.079 0.162 0.067 0.07 0.234 0.197 2 2 2 2 2 2
2011-06-19T07:30:00 2011 6 19 7 30 0 2.7 -2.9 409.0 3.2 1.07 2.15 5.03 1.7 2 2 2 2 2 2 2 2 1.3 0.71 -2.0 -2.9 -2.9 -2.9 -2.9 -2.9 -2.9 0.23 0.382 0.079 0.232 0.502 0.402 2 2 2 2 2 2
2011-06-19T08:30:00 2011 6 19 8 30 0 1.7 -2.5 392.0 4.0 1.23 2.3 5.37 1.94 2 2 2 2 2 2 2 2 1.3 0.78 -5.0 -2.5 -2.5 -2.5 -2.5 -2.5 -2.5 0.34 0.509 0.092 0.329 0.59 0.523 2 2 2 2 2 2
2011-06-19T09:30:00 2011 6 19 9 30 0 1.0 -1.0 404.0 3.7 1.21 0.96 3.35 1.29 2 2 2 2 2 2 2 2 1.0 0.82 -6.0 -1.0 -1.0 -1.0 -1.0 -1.0 -1.0 0.345 0.471 0.096 0.283 0.474 0.485 2 2 2 2 2 2
2011-06-19T10:30:00 2011 6 19 10 30 0 -0.4 1.1 396.0 3.6 1.13 0.06 0.4 0.15 2 2 2 2 2 2 2 2 1.0 0.86 -6.0 1.1 1.1 1.1 1.1 1.1 1.1 0.243 0.253 0.094 0.163 0.171 0.226 2 2 2 2 2 2
2011-06-19T11:30:00 2011 6 19 11 30 0 -1.4 2.0 396.0 3.6 1.13 0.02 0.0 0.0 2 2 2 2 2 2 2 2 1.0 0.94 -4.0 2.0 2.0 2.0 2.0 2.0 2.0 0.164 0.125 0.091 0.091 0.054 0.094 2 2 2 2 2 2
2011-06-19T12:30:00 2011 6 19 12 30 0 -2.7 2.8 391.0 3.8 1.16 0.1 0.0 0.0 2 2 2 2 2 2 2 2 1.0 1.03 -1.0 2.8 2.8 2.8 2.8 2.8 2.8 0.111 0.062 0.088 0.051 0.017 0.039 2 2 2 2 2 2
2011-06-19T13:30:00 2011 6 19 13 30 0 -1.5 3.0 396.0 4.1 1.29 0.09 0.0 0.0 2 2 2 2 2 2 2 2 1.0 1.11 2.0 3.0 3.0 3.0 3.0 3.0 3.0 0.075 0.031 0.085 0.029 0.005 0.016 2 2 2 2 2 2
2011-06-19T14:30:00 2011 6 19 14 30 0 -3.5 3.2 400.0 4.1 1.31 0.16 0.0 0.0 2 2 2 2 2 2 2 2 1.0 1.07 4.0 3.2 3.2 3.2 3.2 3.2 3.2 0.051 0.015 0.083 0.016 0.002 0.007 2 2 2 2 2 2
2011-06-19T15:30:00 2011 6 19 15 30 0 -2.1 3.8 398.0 4.4 1.39 0.16 0.0 0.0 2 2 2 2 2 2 2 2 0.3 0.94 6.0 3.8 3.8 3.8 3.8 3.8 3.8 0.035 0.008 0.08 0.009 0.001 0.003 2 2 2 2 2 2
2011-06-19T16:30:00 2011 6 19 16 30 0 -2.5 3.3 392.0 4.8 1.48 0.09 0.0 0.0 2 2 2 2 2 2 2 2 0.3 0.82 5.0 3.3 3.3 3.3 3.3 3.3 3.3 0.023 0.004 0.078 0.005 0.0 0.001 2 2 2 2 2 2
2011-06-19T17:30:00 2011 6 19 17 30 0 1.3 3.2 385.0 5.4 1.6 0.02 0.0 0.0 2 2 2 2 2 2 2 2 0.3 0.73 5.0 3.2 3.2 3.2 3.2 3.2 3.2 0.016 0.002 0.075 0.003 0.0 0.0 2 2 2 2 2 2
2011-06-19T18:30:00 2011 6 19 18 30 0 0.2 1.4 373.0 5.6 1.56 0.01 0.0 0.0 2 2 2 2 2 2 2 2 1.0 0.73 6.0 1.4 1.4 1.4 1.4 1.4 1.4 0.011 0.001 0.073 0.002 0.0 0.0 2 2 2 2 2 2
2011-06-19T19:30:00 2011 6 19 19 30 0 3.6 -0.5 391.0 5.1 1.56 0.41 0.17 0.09 2 2 2 2 2 2 2 2 1.0 0.74 8.0 -0.5 -0.5 -0.5 -0.5 -0.5 -0.5 0.022 0.043 0.071 0.009 0.061 0.083 2 2 2 2 2 2
2011-06-19T20:30:00 2011 6 19 20 30 0 3.8 -1.0 399.0 5.1 1.62 1.52 1.53 0.78 2 2 2 2 2 2 2 2 1.0 0.74 9.0 -1.0 -1.0 -1.0 -1.0 -1.0 -1.0 0.091 0.193 0.073 0.057 0.245 0.324 2 2 2 2 2 2
2011-06-19T21:30:00 2011 6 19 21 30 0 1.9 2.5 403.0 5.2 1.69 0.54 0.21 0.11 2 2 2 2 2 2 2 2 1.0 0.74 8.0 2.5 2.5 2.5 2.5 2.5 2.5 0.065 0.105 0.07 0.033 0.087 0.153 2 2 2 2 2 2
2011-06-19T22:30:00 2011 6 19 22 30 0 -0.1 4.9 406.0 5.3 1.75 0.01 0.0 0.0 2 2 2 2 2 2 2 2 1.0 0.75 8.0 4.9 4.9 4.9 4.9 4.9 4.9 0.044 0.052 0.068 0.018 0.028 0.064 2 2 2 2 2 2
2011-06-19T23:30:00 2011 6 19 23 30 0 2.0 3.4 404.0 5.9 1.93 0.02 0.0 0.0 2 2 2 2 2 2 2 2 1.0 0.83 10.0 3.4 3.4 3.4 3.4 3.4 3.4 0.03 0.026 0.066 0.01 0.009 0.026 2 2 2 2 2 2
