2011-10-22T00:30:00 2011 10 22 0 30 0 2.6 -1.2 320.0 3.1 0.63 1.2 2.45 0.74 2 2 2 2 2 2 2 2 0.7 0.65 -5.0 -1.2 -1.2 -1.2 -1.2 -1.2 -1.2 0.209 0.341 0.078 0.129 0.267 0.191 2 2 2 2 2 2
2011-10-22T01:30:00 2011 10 22 1 30 0 2.2 0.3 312.0 3.2 0.62 0.51 0.68 0.21 2 2 2 2 2 2 2 2 0.7 0.7 -4.0 0.3 0.3 0.3 0.3 0.3 0.3 0.162 0.221 0.076 0.082 0.128 0.115 2 2 2 2 2 2
2011-10-22T02:30:00 2011 10 22 2 30 0 -0.2 -1.0 320.0 3.5 0.72 0.15 0.68 0.23 2 2 2 2 2 2 2 2 0.7 0.7 -1.0 -1.0 -1.0 -1.0 -1.0 -1.0 -1.0 0.147 0.21 0.075 0.068 0.144 0.128 2 2 2 2 2 2
2011-10-22T03:30:00 2011 10 22 3 30 0 -3.4 -0.6 328.0 3.3 0.71 0.53 1.27 0.43 2 2 2 2 2 2 2 2 0.3 0.65 0.0 -0.6 -0.6 -0.6 -0.6 -0.6 -0.6 0.149 0.228 0.074 0.067 0.168 0.15 2 2 2 2 2 2
2011-10-22T04:30:00 2011 10 22 4 30 0 -3.7 0.4 328.0 3.3 0.71 0.87 0.26 0.08 2 2 2 2 2 2 2 2 0.3 0.6 -1.0 0.4 0.4 0.4 0.4 0.4 0.4 0.109 0.135 0.072 0.04 0.071 0.081 2 2 2 2 2 2
2011-10-22T05:30:00 2011 10 22 5 30 0 -3.7 0.4 324.0 3.4 0.71 0.77 0.0 0.0 2 2 2 2 2 2 2 2 0.3 0.54 -1.0 0.4 0.4 0.4 0.4 0.4 0.4 0.074 0.067 0.07 0.022 0.023 0.034 2 2 2 2 2 2
2011-10-22T06:30:00 2011 10 22 6 30 0 -3.0 0.7 320.0 3.4 0.7 0.57 0.0 0.0 2 2 2 2 2 2 2 2 0.3 0.49 -1.0 0.7 0.7 0.7 0.7 0.7 0.7 0.05 0.033 0.068 0.013 0.007 0.014 2 2 2 2 2 2
2011-10-22T07:30:00 2011 10 22 7 30 0 -2.5 1.8 322.0 3.5 0.73 0.27 0.0 0.0 2 2 2 2 2 2 2 2 0.3 0.44 1.0 1.8 1.8 1.8 1.8 1.8 1.8 0.034 0.017 0.066 0.007 0.002 0.006 2 2 2 2 2 2
2011-10-22T08:30:00 2011 10 22 8 30 0 -0.7 2.5 306.0 3.6 0.67 0.05 0.0 0.0 2 2 2 2 2 2 2 2 0.3 0.4 1.0 2.5 2.5 2.5 2.5 2.5 2.5 0.023 0.008 0.064 0.004 0.001 0.002 2 2 2 2 2 2
2011-10-22T09:30:00 2011 10 22 9 30 0 -0.1 1.9 309.0 3.6 0.69 0.0 0.0 0.0 2 2 2 2 2 2 2 2 0.3 0.35 1.0 1.9 1.9 1.9 1.9 1.9 1.9 0.015 0.004 0.062 0.002 0.0 0.001 2 2 2 2 2 2
2011-10-22T10:30:00 2011 10 22 10 30 0 -2.8 1.6 313.0 3.6 0.71 0.08 0.0 0.0 2 2 2 2 2 2 2 2 0.3 0.3 3.0 1.6 1.6 1.6 1.6 1.6 1.6 0.01 0.002 0.06 0.001 0.0 0.0 2 2 2 2 2 2
2011-10-22T11:30:00 2011 10 22 11 30 0 -1.6 1.0 314.0 3.7 0.73 0.14 0.0 0.0 2 2 2 2 2 2 2 2 0.3 0.3 5.0 1.0 1.0 1.0 1.0 1.0 1.0 0.007 0.001 0.058 0.001 0.0 0.0 2 2 2 2 2 2
2011-10-22T12:30:00 2011 10 22 12 30 0 -1.8 2.1 311.0 3.8 0.74 0.06 0.0 0.0 2 2 2 2 2 2 2 2 0.7 0.35 6.0 2.1 2.1 2.1 2.1 2.1 2.1 0.005 0.0 0.056 0.0 0.0 0.0 2 2 2 2 2 2
2011-10-22T13:30:00 2011 10 22 13 30 0 -3.5 -0.2 317.0 3.5 0.7 0.37 0.03 0.01 2 2 2 2 2 2 2 2 0.7 0.4 5.0 -0.2 -0.2 -0.2 -0.2 -0.2 -0.2 0.008 0.017 0.055 0.002 0.018 0.016 2 2 2 2 2 2
2011-10-22T14:30:00 2011 10 22 14 30 0 -2.3 3.2 312.0 3.2 0.62 0.31 0.0 0.0 2 2 2 2 2 2 2 2 0.7 0.46 3.0 3.2 3.2 3.2 3.2 3.2 3.2 0.005 0.009 0.053 0.001 0.006 0.007 2 2 2 2 2 2
2011-10-22T15:30:00 2011 10 22 15 30 0 -1.3 4.1 317.0 3.9 0.78 0.04 0.0 0.0 2 2 2 2 2 2 2 2 0.0 0.41 4.0 4.1 4.1 4.1 4.1 4.1 4.1 0.004 0.004 0.051 0.001 0.002 0.003 2 2 2 2 2 2
2011-10-22T16:30:00 2011 10 22 16 30 0 -2.7 2.4 312.0 3.8 0.74 0.07 0.0 0.0 2 2 2 2 2 2 2 2 0.0 0.37 4.0 2.4 2.4 2.4 2.4 2.4 2.4 0.002 0.002 0.05 0.0 0.001 0.001 2 2 2 2 2 2
2011-10-22T17:30:00 2011 10 22 17 30 0 -2.4 3.0 313.0 4.2 0.82 0.12 0.0 0.0 2 2 2 2 2 2 2 2 0.0 0.33 1.0 3.0 3.0 3.0 3.0 3.0 3.0 0.002 0.001 0.048 0.0 0.0 0.0 2 2 2 2 2 2
2011-10-22T18:30:00 2011 10 22 18 30 0 0.3 4.0 318.0 4.4 0.89 0.02 0.0 0.0 2 2 2 2 2 2 2 2 0.0 0.29 1.0 4.0 4.0 4.0 4.0 4.0 4.0 0.001 0.001 0.047 0.0 0.0 0.0 2 2 2 2 2 2
2011-10-22T19:30:00 2011 10 22 19 30 0 -1.9 3.6 312.0 4.7 0.92 0.01 0.0 0.0 2 2 2 2 2 2 2 2 0.0 0.25 2.0 3.6 3.6 3.6 3.6 3.6 3.6 0.001 0.0 0.045 0.0 0.0 0.0 2 2 2 2 2 2
2011-10-22T20:30:00 2011 10 22 20 30 0 -1.8 3.8 316.0 4.8 0.96 0.04 0.0 0.0 2 2 2 2 2 2 2 2 0.0 0.17 5.0 3.8 3.8 3.8 3.8 3.8 3.8 0.001 0.0 0.044 0.0 0.0 0.0 2 2 2 2 2 2
2011-10-22T21:30:00 2011 10 22 21 30 0 -1.8 4.4 316.0 5.3 1.06 0.03 0.0 0.0 2 2 2 2 2 2 2 2 0.0 0.08 7.0 4.4 4.4 4.4 4.4 4.4 4.4 0.0 0.0 0.043 0.0 0.0 0.0 2 2 2 2 2 2
2011-10-22T22:30:00 2011 10 22 22 30 0 0.0 4.9 313.0 5.3 1.04 0.01 0.0 0.0 2 2 2 2 2 2 2 2 0.0 0.0 9.0 4.9 4.9 4.9 4.9 4.9 4.9 0.0 0.0 0.041 0.0 0.0 0.0 2 2 2 2 2 2
2011-10-22T23:30:00 2011 10 22 23 30 0 -3.0 3.9 313.0 5.9 1.16 0.04 0.0 0.0 2 2 2 2 2 2 2 2 0.0 0.0 11.0 3.9 3.9 3.9 3.9 3.9 3.9 0.0 0.0 0.04 0.0 0.0 0.0 2 2 2 2 2 2
