2011-09-24T00:30:00 2011 9 24 0 30 0 -1.1 0.9 359.0 4.4 1.13 0.09 0.0 0.0 2 2 2 2 2 2 2 2 0.3 0.5 11.0 0.9 0.9 0.9 0.9 0.9 0.9 0.008 0.001 0.079 0.001 0.0 0.0 0 0 1 0 1 1
2011-09-24T01:30:00 2011 9 24 1 30 0 1.4 0.9 353.0 4.7 1.17 0.02 0.0 0.0 2 2 2 2 2 2 2 2 0.3 0.45 13.0 0.9 0.9 0.9 0.9 0.9 0.9 0.005 0.0 0.076 0.001 0.0 0.0 0 0 1 0 1 1
2011-09-24T02:30:00 2011 9 24 2 30 0 -0.6 1.3 350.0 4.9 1.2 0.01 0.0 0.0 2 2 2 2 2 2 2 2 0.3 0.45 13.0 1.3 1.3 1.3 1.3 1.3 1.3 0.003 0.0 0.074 0.0 0.0 0.0 0 0 1 0 1 1
2011-09-24T03:30:00 2011 9 24 3 30 0 -1.05 1.15 351.0 4.9 1.21 0.01 0.0 0.0 1 1 1 1 1 1 1 1 0.0 0.41 13.0 1.15 1.15 1.15 1.15 1.15 1.15 0.002 0.0 0.072 0.0 0.0 0.0 0 0 1 0 1 1
2011-09-24T04:30:00 2011 9 24 4 30 0 -1.5 1.0 352.0 4.9 1.21 0.05 0.0 0.0 2 2 2 2 2 2 2 2 0.0 0.37 10.0 1.0 1.0 1.0 1.0 1.0 1.0 0.002 0.0 0.07 0.0 0.0 0.0 0 0 1 0 1 1
2011-09-24T05:30:00 2011 9 24 5 30 0 0.2 0.8 353.0 4.5 1.12 0.01 0.0 0.0 2 2 2 2 2 2 2 2 0.0 0.28 8.0 0.8 0.8 0.8 0.8 0.8 0.8 0.001 0.0 0.067 0.0 0.0 0.0 0 0 1 0 1 1
2011-09-24T06:30:00 2011 9 24 6 30 0 1.0 1.5 344.0 4.8 1.14 0.01 0.0 0.0 2 2 2 2 2 2 2 2 0.3 0.23 7.0 1.5 1.5 1.5 1.5 1.5 1.5 0.001 0.0 0.065 0.0 0.0 0.0 0 0 1 0 1 1
2011-09-24T07:30:00 2011 9 24 7 30 0 2.1 -0.3 347.0 4.9 1.18 0.15 0.07 0.03 2 2 2 2 2 2 2 2 0.3 0.19 5.0 -0.3 -0.3 -0.3 -0.3 -0.3 -0.3 0.008 0.026 0.064 0.004 0.032 0.039 2 2 1 2 2 2
2011-09-24T08:30:00 2011 9 24 8 30 0 1.3 -1.3 343.0 4.9 1.15 0.46 1.45 0.71 2 2 2 2 2 2 2 2 0.3 0.19 5.0 -1.3 -1.3 -1.3 -1.3 -1.3 -1.3 0.081 0.193 0.065 0.054 0.207 0.227 2 2 1 2 2 2
2011-09-24T09:30:00 2011 9 24 9 30 0 -1.2 0.0 336.0 4.4 0.99 0.16 1.01 0.48 2 2 2 2 2 2 2 2 1.7 0.37 5.0 0.0 0.0 0.0 0.0 0.0 0.0 0.091 0.182 0.064 0.05 0.147 0.19 2 2 1 2 2 2
2011-09-24T10:30:00 2011 9 24 10 30 0 -0.4 -0.7 342.0 4.9 1.15 0.1 0.64 0.31 2 2 2 2 2 2 2 2 1.7 0.56 4.0 -0.7 -0.7 -0.7 -0.7 -0.7 -0.7 0.1 0.199 0.063 0.049 0.164 0.213 2 2 1 2 2 2
2011-09-24T11:30:00 2011 9 24 11 30 0 -1.9 2.6 355.0 5.1 1.29 0.05 0.08 0.04 2 2 2 2 2 2 2 2 1.7 0.77 2.0 2.6 2.6 2.6 2.6 2.6 2.6 0.068 0.099 0.061 0.027 0.052 0.089 2 2 1 2 2 2
2011-09-24T12:30:00 2011 9 24 12 30 0 -1.1 1.8 348.0 5.3 1.28 0.04 0.0 0.0 2 2 2 2 2 2 2 2 1.7 0.98 0.0 1.8 1.8 1.8 1.8 1.8 1.8 0.046 0.049 0.059 0.015 0.016 0.037 2 2 1 2 2 2
2011-09-24T13:30:00 2011 9 24 13 30 0 -1.8 0.0 342.0 5.4 1.26 0.1 0.0 0.0 2 2 2 2 2 2 2 2 1.7 1.19 0.0 0.0 0.0 0.0 0.0 0.0 0.0 0.031 0.024 0.057 0.009 0.005 0.015 2 2 1 2 2 2
2011-09-24T14:30:00 2011 9 24 14 30 0 -1.7 0.1 346.0 5.0 1.2 0.21 0.0 0.0 2 2 2 2 2 2 2 2 1.7 1.36 3.0 0.1 0.1 0.1 0.1 0.1 0.1 0.021 0.012 0.056 0.005 0.002 0.006 2 2 1 2 2 2
2011-09-24T15:30:00 2011 9 24 15 30 0 -2.7 1.5 347.0 5.0 1.2 0.22 0.0 0.0 2 2 2 2 2 2 2 2 0.7 1.4 5.0 1.5 1.5 1.5 1.5 1.5 1.5 0.014 0.006 0.054 0.003 0.001 0.003 2 2 1 2 2 2
2011-09-24T16:30:00 2011 9 24 16 30 0 -2.3 2.4 349.0 4.7 1.14 0.17 0.0 0.0 2 2 2 2 2 2 2 2 0.7 1.44 5.0 2.4 2.4 2.4 2.4 2.4 2.4 0.01 0.003 0.052 0.001 0.0 0.001 2 2 1 2 2 2
2011-09-24T17:30:00 2011 9 24 17 30 0 -2.3 -0.5 339.0 5.1 1.17 0.27 0.11 0.06 2 2 2 2 2 2 2 2 0.7 1.31 3.0 -0.5 -0.5 -0.5 -0.5 -0.5 -0.5 0.019 0.039 0.051 0.008 0.044 0.051 2 2 1 2 2 2
2011-09-24T18:30:00 2011 9 24 18 30 0 -0.2 1.5 334.0 4.8 1.07 0.11 0.07 0.04 2 2 2 2 2 2 2 2 1.3 1.26 0.0 1.5 1.5 1.5 1.5 1.5 1.5 0.013 0.019 0.049 0.004 0.014 0.021 2 2 1 2 2 2
2011-09-24T19:30:00 2011 9 24 19 30 0 -2.4 -1.5 335.0 4.9 1.1 0.31 0.73 0.36 2 2 2 2 2 2 2 2 1.3 1.22 -1.0 -1.5 -1.5 -1.5 -1.5 -1.5 -1.5 0.056 0.127 0.05 0.039 0.138 0.139 2 2 1 2 2 2
2011-09-24T20:30:00 2011 9 24 20 30 0 -2.7 -0.1 333.0 4.9 1.09 0.73 1.24 0.61 2 2 2 2 2 2 2 2 1.3 1.17 -1.0 -0.1 -0.1 -0.1 -0.1 -0.1 -0.1 0.084 0.178 0.05 0.049 0.153 0.189 2 2 1 2 2 2
2011-09-24T21:30:00 2011 9 24 21 30 0 -1.1 -2.5 331.0 4.6 1.01 0.83 2.32 1.09 2 2 2 2 2 2 2 2 1.3 1.13 3.0 -2.5 -2.5 -2.5 -2.5 -2.5 -2.5 0.173 0.342 0.054 0.13 0.318 0.322 2 2 1 2 2 2
2011-09-24T22:30:00 2011 9 24 22 30 0 -2.5 -0.4 334.0 4.9 1.09 0.8 2.26 1.07 2 2 2 2 2 2 2 2 1.3 1.08 7.0 -0.4 -0.4 -0.4 -0.4 -0.4 -0.4 0.2 0.353 0.056 0.133 0.28 0.322 2 2 1 2 2 2
2011-09-24T23:30:00 2011 9 24 23 30 0 -3.4 0.7 333.0 4.8 1.06 0.56 0.1 0.05 2 2 2 2 2 2 2 2 1.3 1.16 10.0 0.7 0.7 0.7 0.7 0.7 0.7 0.138 0.184 0.055 0.075 0.095 0.145 2 2 1 2 2 2
