2011-10-20T00:30:00 2011 10 20 0 30 0 -1.7 -1.8 409.0 2.6 0.87 0.84 1.34 0.35 2 2 2 2 2 2 2 2 2.0 0.99 -2.0 -1.8 -1.8 -1.8 -1.8 -1.8 -1.8 0.069 0.127 0.053 0.053 0.192 0.128 2 2 2 2 2 2
2011-10-20T01:30:00 2011 10 20 1 30 0 -4.0 1.0 423.0 2.4 0.86 0.92 1.04 0.27 2 2 2 2 2 2 2 2 2.0 1.15 -5.0 1.0 1.0 1.0 1.0 1.0 1.0 0.07 0.108 0.053 0.045 0.116 0.098 2 2 2 2 2 2
2011-10-20T02:30:00 2011 10 20 2 30 0 -2.9 -1.0 420.0 2.4 0.85 1.06 0.61 0.15 2 2 2 2 2 2 2 2 2.0 1.32 -1.0 -1.0 -1.0 -1.0 -1.0 -1.0 -1.0 0.078 0.121 0.053 0.046 0.145 0.113 2 2 2 2 2 2
2011-10-20T03:30:00 2011 10 20 3 30 0 -1.6 3.0 415.0 2.4 0.83 0.32 0.17 0.04 2 2 2 2 2 2 2 2 1.3 1.39 1.0 3.0 3.0 3.0 3.0 3.0 3.0 0.053 0.06 0.051 0.026 0.046 0.047 2 2 2 2 2 2
2011-10-20T04:30:00 2011 10 20 4 30 0 -3.2 -0.4 417.0 2.4 0.83 0.39 0.09 0.02 2 2 2 2 2 2 2 2 1.3 1.46 2.0 -0.4 -0.4 -0.4 -0.4 -0.4 -0.4 0.045 0.054 0.05 0.019 0.053 0.047 2 2 2 2 2 2
2011-10-20T05:30:00 2011 10 20 5 30 0 -1.7 0.0 407.0 2.4 0.8 0.57 0.38 0.09 2 2 2 2 2 2 2 2 1.3 1.49 -2.0 0.0 0.0 0.0 0.0 0.0 0.0 0.042 0.056 0.049 0.015 0.054 0.054 2 2 2 2 2 2
2011-10-20T06:30:00 2011 10 20 6 30 0 -2.1 1.5 396.0 2.3 0.72 0.18 0.0 0.0 2 2 2 2 2 2 2 2 0.7 1.44 -4.0 1.5 1.5 1.5 1.5 1.5 1.5 0.028 0.028 0.047 0.008 0.017 0.023 2 2 2 2 2 2
2011-10-20T07:30:00 2011 10 20 7 30 0 -3.0 1.6 416.0 2.3 0.8 0.26 0.0 0.0 2 2 2 2 2 2 2 2 0.7 1.4 -3.0 1.6 1.6 1.6 1.6 1.6 1.6 0.019 0.014 0.046 0.005 0.005 0.009 2 2 2 2 2 2
2011-10-20T08:30:00 2011 10 20 8 30 0 -1.9 3.4 415.0 2.4 0.83 0.16 0.0 0.0 2 2 2 2 2 2 2 2 0.7 1.23 -3.0 3.4 3.4 3.4 3.4 3.4 3.4 0.013 0.007 0.044 0.003 0.002 0.004 2 2 2 2 2 2
2011-10-20T09:30:00 2011 10 20 9 30 0 -2.1 2.2 405.0 2.4 0.79 0.08 0.0 0.0 2 2 2 2 2 2 2 2 0.7 1.07 -1.0 2.2 2.2 2.2 2.2 2.2 2.2 0.009 0.003 0.043 0.001 0.001 0.002 2 2 2 2 2 2
2011-10-20T10:30:00 2011 10 20 10 30 0 -0.3 2.8 406.0 2.4 0.79 0.03 0.0 0.0 2 2 2 2 2 2 2 2 0.7 0.92 -1.0 2.8 2.8 2.8 2.8 2.8 2.8 0.006 0.002 0.042 0.001 0.0 0.001 2 2 2 2 2 2
2011-10-20T11:30:00 2011 10 20 11 30 0 -1.4 2.8 409.0 2.3 0.77 0.01 0.0 0.0 2 2 2 2 2 2 2 2 0.7 0.84 0.0 2.8 2.8 2.8 2.8 2.8 2.8 0.004 0.001 0.04 0.0 0.0 0.0 2 2 2 2 2 2
2011-10-20T12:30:00 2011 10 20 12 30 0 -1.7 2.3 416.0 2.4 0.83 0.04 0.0 0.0 2 2 2 2 2 2 2 2 0.7 0.77 1.0 2.3 2.3 2.3 2.3 2.3 2.3 0.003 0.0 0.039 0.0 0.0 0.0 2 2 2 2 2 2
2011-10-20T13:30:00 2011 10 20 13 30 0 -1.7 1.0 405.0 2.3 0.75 0.09 0.0 0.0 2 2 2 2 2 2 2 2 0.7 0.7 2.0 1.0 1.0 1.0 1.0 1.0 1.0 0.002 0.0 0.038 0.0 0.0 0.0 2 2 2 2 2 2
2011-10-20T14:30:00 2011 10 20 14 30 0 -3.6 0.9 410.0 2.2 0.74 0.41 0.0 0.0 2 2 2 2 2 2 2 2 0.7 0.7 3.0 0.9 0.9 0.9 0.9 0.9 0.9 0.001 0.0 0.037 0.0 0.0 0.0 2 2 2 2 2 2
2011-10-20T15:30:00 2011 10 20 15 30 0 -2.6 0.6 398.0 2.3 0.73 0.55 0.0 0.0 2 2 2 2 2 2 2 2 1.0 0.74 1.0 0.6 0.6 0.6 0.6 0.6 0.6 0.001 0.0 0.036 0.0 0.0 0.0 2 2 2 2 2 2
2011-10-20T16:30:00 2011 10 20 16 30 0 -3.1 -1.0 389.0 2.4 0.73 0.8 0.69 0.17 2 2 2 2 2 2 2 2 1.0 0.78 -1.0 -1.0 -1.0 -1.0 -1.0 -1.0 -1.0 0.034 0.079 0.036 0.022 0.112 0.073 2 2 2 2 2 2
2011-10-20T17:30:00 2011 10 20 17 30 0 -2.0 -3.0 394.0 2.4 0.75 1.85 4.08 0.98 2 2 2 2 2 2 2 2 1.0 0.82 -3.0 -3.0 -3.0 -3.0 -3.0 -3.0 -3.0 0.16 0.28 0.044 0.154 0.369 0.214 2 2 2 2 2 2
2011-10-20T18:30:00 2011 10 20 18 30 0 -0.5 -1.6 383.0 2.4 0.7 1.4 4.36 1.05 2 2 2 2 2 2 2 2 2.3 1.02 -6.0 -1.6 -1.6 -1.6 -1.6 -1.6 -1.6 0.232 0.357 0.052 0.204 0.402 0.252 2 2 2 2 2 2
2011-10-20T19:30:00 2011 10 20 19 30 0 -0.8 2.3 373.0 2.5 0.7 0.08 0.5 0.12 2 2 2 2 2 2 2 2 2.3 1.23 -9.0 2.3 2.3 2.3 2.3 2.3 2.3 0.166 0.196 0.051 0.119 0.147 0.12 2 2 2 2 2 2
2011-10-20T20:30:00 2011 10 20 20 30 0 -1.1 1.3 361.0 2.4 0.63 0.01 0.0 0.0 2 2 2 2 2 2 2 2 2.3 1.43 -4.0 1.3 1.3 1.3 1.3 1.3 1.3 0.113 0.097 0.049 0.067 0.046 0.05 2 2 2 2 2 2
2011-10-20T21:30:00 2011 10 20 21 30 0 -0.5 -0.2 348.0 2.4 0.58 0.02 0.04 0.01 2 2 2 2 2 2 2 2 0.3 1.37 -1.0 -0.2 -0.2 -0.2 -0.2 -0.2 -0.2 0.08 0.063 0.048 0.039 0.033 0.033 2 2 2 2 2 2
2011-10-20T22:30:00 2011 10 20 22 30 0 0.0 -2.6 366.0 2.5 0.67 0.6 2.7 0.67 2 2 2 2 2 2 2 2 0.3 1.31 -1.0 -2.6 -2.6 -2.6 -2.6 -2.6 -2.6 0.157 0.232 0.052 0.116 0.26 0.15 2 2 2 2 2 2
2011-10-20T23:30:00 2011 10 20 23 30 0 0.8 -1.6 353.0 2.4 0.6 0.95 3.7 0.91 2 2 2 2 2 2 2 2 0.3 1.21 -1.0 -1.6 -1.6 -1.6 -1.6 -1.6 -1.6 0.216 0.323 0.057 0.164 0.325 0.196 2 2 2 2 2 2
