2011-03-17T00:30:00 2011 3 17 0 30 0 3.4 5.0 348.0 3.7 0.9 0.11 0.0 0.0 2 2 2 2 2 2 2 2 0.3 0.42 8.0 5.0 5.0 5.0 5.0 5.0 5.0 0.0 0.0 0.049 0.0 0.0 0.0 2 2 2 2 2 2
2011-03-17T01:30:00 2011 3 17 1 30 0 5.5 2.4 358.0 3.4 0.87 0.59 0.0 0.0 2 2 2 2 2 2 2 2 0.3 0.45 6.0 2.4 2.4 2.4 2.4 2.4 2.4 0.0 0.0 0.048 0.0 0.0 0.0 2 2 2 2 2 2
2011-03-17T02:30:00 2011 3 17 2 30 0 5.4 1.1 366.0 2.9 0.78 1.35 0.0 0.0 2 2 2 2 2 2 2 2 0.3 0.45 1.0 1.1 1.1 1.1 1.1 1.1 1.1 0.0 0.0 0.046 0.0 0.0 0.0 2 2 2 2 2 2
2011-03-17T03:30:00 2011 3 17 3 30 0 3.6 -2.6 384.0 3.3 0.97 2.12 1.95 0.63 2 2 2 2 2 2 2 2 1.3 0.58 1.0 -2.6 -2.6 -2.6 -2.6 -2.6 -2.6 0.091 0.181 0.05 0.089 0.249 0.176 2 2 2 2 2 2
2011-03-17T04:30:00 2011 3 17 4 30 0 5.4 1.8 388.0 2.4 0.72 1.85 1.27 0.39 2 2 2 2 2 2 2 2 1.3 0.71 -6.0 1.8 1.8 1.8 1.8 1.8 1.8 0.091 0.146 0.051 0.07 0.139 0.125 2 2 2 2 2 2
2011-03-17T05:30:00 2011 3 17 5 30 0 6.2 2.7 395.0 2.1 0.66 1.49 0.0 0.0 2 2 2 2 2 2 2 2 1.3 0.78 -4.0 2.7 2.7 2.7 2.7 2.7 2.7 0.062 0.072 0.049 0.039 0.044 0.052 2 2 2 2 2 2
2011-03-17T06:30:00 2011 3 17 6 30 0 6.3 3.1 412.0 2.6 0.88 1.59 0.0 0.0 2 2 2 2 2 2 2 2 0.7 0.78 1.0 3.1 3.1 3.1 3.1 3.1 3.1 0.042 0.036 0.047 0.022 0.014 0.022 2 2 2 2 2 2
2011-03-17T07:30:00 2011 3 17 7 30 0 6.1 2.6 402.0 3.0 0.97 1.59 0.0 0.0 2 2 2 2 2 2 2 2 0.7 0.78 2.0 2.6 2.6 2.6 2.6 2.6 2.6 0.028 0.018 0.046 0.012 0.004 0.009 2 2 2 2 2 2
2011-03-17T08:30:00 2011 3 17 8 30 0 6.6 4.3 401.0 3.5 1.13 1.48 0.0 0.0 2 2 2 2 2 2 2 2 0.7 0.83 4.0 4.3 4.3 4.3 4.3 4.3 4.3 0.019 0.009 0.045 0.007 0.001 0.004 2 2 2 2 2 2
2011-03-17T09:30:00 2011 3 17 9 30 0 5.9 5.3 411.0 4.4 1.49 1.12 0.0 0.0 2 2 2 2 2 2 2 2 0.3 0.82 4.0 5.3 5.3 5.3 5.3 5.3 5.3 0.013 0.004 0.043 0.004 0.0 0.002 2 2 2 2 2 2
2011-03-17T10:30:00 2011 3 17 10 30 0 6.8 5.2 408.0 4.3 1.43 1.13 0.0 0.0 2 2 2 2 2 2 2 2 0.3 0.81 5.0 5.2 5.2 5.2 5.2 5.2 5.2 0.009 0.002 0.042 0.002 0.0 0.001 2 2 2 2 2 2
2011-03-17T11:30:00 2011 3 17 11 30 0 6.6 5.5 407.0 4.3 1.42 1.25 0.0 0.0 2 2 2 2 2 2 2 2 0.3 0.69 8.0 5.5 5.5 5.5 5.5 5.5 5.5 0.006 0.001 0.041 0.001 0.0 0.0 2 2 2 2 2 2
2011-03-17T12:30:00 2011 3 17 12 30 0 7.7 4.2 402.0 5.0 1.62 1.65 0.0 0.0 2 2 2 2 2 2 2 2 0.7 0.62 11.0 4.2 4.2 4.2 4.2 4.2 4.2 0.004 0.001 0.039 0.001 0.0 0.0 2 2 2 2 2 2
2011-03-17T13:30:00 2011 3 17 13 30 0 8.1 3.7 399.0 3.7 1.18 2.35 0.0 0.0 2 2 2 2 2 2 2 2 0.7 0.55 10.0 3.7 3.7 3.7 3.7 3.7 3.7 0.003 0.0 0.038 0.0 0.0 0.0 2 2 2 2 2 2
2011-03-17T14:30:00 2011 3 17 14 30 0 6.2 4.2 424.0 4.6 1.65 1.83 0.0 0.0 2 2 2 2 2 2 2 2 0.7 0.55 11.0 4.2 4.2 4.2 4.2 4.2 4.2 0.002 0.0 0.037 0.0 0.0 0.0 2 2 2 2 2 2
2011-03-17T15:30:00 2011 3 17 15 30 0 6.7 3.3 422.0 4.8 1.71 1.57 0.0 0.0 2 2 2 2 2 2 2 2 1.0 0.59 11.0 3.3 3.3 3.3 3.3 3.3 3.3 0.001 0.0 0.036 0.0 0.0 0.0 2 2 2 2 2 2
2011-03-17T16:30:00 2011 3 17 16 30 0 6.1 2.7 403.0 4.7 1.53 1.68 0.0 0.0 2 2 2 2 2 2 2 2 1.0 0.63 10.0 2.7 2.7 2.7 2.7 2.7 2.7 0.001 0.0 0.035 0.0 0.0 0.0 2 2 2 2 2 2
2011-03-17T17:30:00 2011 3 17 17 30 0 6.4 2.8 407.0 5.0 1.66 1.65 0.0 0.0 2 2 2 2 2 2 2 2 1.0 0.72 10.0 2.8 2.8 2.8 2.8 2.8 2.8 0.001 0.0 0.034 0.0 0.0 0.0 2 2 2 2 2 2
2011-03-17T18:30:00 2011 3 17 18 30 0 3.7 -3.2 395.0 4.8 1.5 2.46 1.97 0.95 2 2 2 2 2 2 2 2 3.7 1.16 9.0 -3.2 -3.2 -3.2 -3.2 -3.2 -3.2 0.111 0.217 0.04 0.122 0.314 0.317 2 2 2 2 2 2
2011-03-17T19:30:00 2011 3 17 19 30 0 3.7 -2.1 395.0 4.5 1.4 3.19 5.14 2.39 2 2 2 2 2 2 2 2 3.7 1.59 -1.0 -2.1 -2.1 -2.1 -2.1 -2.1 -2.1 0.264 0.442 0.054 0.268 0.539 0.571 2 2 2 2 2 2
2011-03-17T20:30:00 2011 3 17 20 30 0 3.6 6.5 429.0 4.1 1.51 0.68 0.34 0.15 2 2 2 2 2 2 2 2 3.7 1.98 -7.0 6.5 6.5 6.5 6.5 6.5 6.5 0.179 0.22 0.052 0.15 0.171 0.237 2 2 2 2 2 2
2011-03-17T21:30:00 2011 3 17 21 30 0 3.7 7.1 408.0 4.2 1.4 0.19 0.0 0.0 2 2 2 2 2 2 2 2 1.0 2.0 -4.0 7.1 7.1 7.1 7.1 7.1 7.1 0.121 0.109 0.05 0.084 0.054 0.098 2 2 2 2 2 2
2011-03-17T22:30:00 2011 3 17 22 30 0 3.3 7.2 409.0 4.4 1.47 0.15 0.0 0.0 2 2 2 2 2 2 2 2 1.0 2.02 -3.0 7.2 7.2 7.2 7.2 7.2 7.2 0.082 0.054 0.049 0.047 0.017 0.041 2 2 2 2 2 2
2011-03-17T23:30:00 2011 3 17 23 30 0 3.1 6.7 405.0 4.4 1.44 0.12 0.0 0.0 2 2 2 2 2 2 2 2 1.0 2.01 -3.0 6.7 6.7 6.7 6.7 6.7 6.7 0.055 0.027 0.047 0.026 0.005 0.017 2 2 2 2 2 2
