2011-10-14T00:30:00 2011 10 14 0 30 0 -3.9 2.3 378.0 3.5 1.0 0.48 0.0 0.0 2 2 2 2 2 2 2 2 0.0 0.15 4.0 2.3 2.3 2.3 2.3 2.3 2.3 0.004 0.003 0.075 0.001 0.001 0.002 2 2 2 2 2 2
2011-10-14T01:30:00 2011 10 14 1 30 0 -3.0 2.6 378.0 3.3 0.94 0.36 0.0 0.0 2 2 2 2 2 2 2 2 0.0 0.11 6.0 2.6 2.6 2.6 2.6 2.6 2.6 0.003 0.001 0.073 0.0 0.0 0.001 2 2 2 2 2 2
2011-10-14T02:30:00 2011 10 14 2 30 0 -3.1 2.2 375.0 2.9 0.82 0.27 0.0 0.0 2 2 2 2 2 2 2 2 0.0 0.07 8.0 2.2 2.2 2.2 2.2 2.2 2.2 0.002 0.001 0.07 0.0 0.0 0.0 2 2 2 2 2 2
2011-10-14T03:30:00 2011 10 14 3 30 0 -3.9 0.1 369.0 2.7 0.74 0.65 0.0 0.0 2 2 2 2 2 2 2 2 0.0 0.04 9.0 0.1 0.1 0.1 0.1 0.1 0.1 0.001 0.0 0.068 0.0 0.0 0.0 2 2 2 2 2 2
2011-10-14T04:30:00 2011 10 14 4 30 0 -3.8 -0.1 391.0 4.2 1.28 1.14 0.06 0.02 2 2 2 2 2 2 2 2 0.0 0.0 9.0 -0.1 -0.1 -0.1 -0.1 -0.1 -0.1 0.006 0.018 0.066 0.001 0.024 0.035 2 2 2 2 2 2
2011-10-14T05:30:00 2011 10 14 5 30 0 -1.3 0.6 376.0 4.5 1.27 0.46 0.01 0.0 2 2 2 2 2 2 2 2 0.0 0.0 7.0 0.6 0.6 0.6 0.6 0.6 0.6 0.004 0.009 0.064 0.001 0.008 0.015 2 2 2 2 2 2
2011-10-14T06:30:00 2011 10 14 6 30 0 0.6 3.4 393.0 4.4 1.36 0.01 0.0 0.0 2 2 2 2 2 2 2 2 0.3 0.04 7.0 3.4 3.4 3.4 3.4 3.4 3.4 0.003 0.004 0.062 0.0 0.002 0.006 2 2 2 2 2 2
2011-10-14T07:30:00 2011 10 14 7 30 0 -0.8 3.9 391.0 4.3 1.31 0.0 0.0 0.0 2 2 2 2 2 2 2 2 0.3 0.08 8.0 3.9 3.9 3.9 3.9 3.9 3.9 0.002 0.002 0.06 0.0 0.001 0.003 2 2 2 2 2 2
2011-10-14T08:30:00 2011 10 14 8 30 0 -3.3 2.4 391.0 3.9 1.19 0.12 0.0 0.0 2 2 2 2 2 2 2 2 0.3 0.12 10.0 2.4 2.4 2.4 2.4 2.4 2.4 0.001 0.001 0.058 0.0 0.0 0.001 2 2 2 2 2 2
2011-10-14T09:30:00 2011 10 14 9 30 0 -3.7 1.3 380.0 4.2 1.21 0.49 0.0 0.0 2 2 2 2 2 2 2 2 0.3 0.15 10.0 1.3 1.3 1.3 1.3 1.3 1.3 0.001 0.001 0.057 0.0 0.0 0.0 2 2 2 2 2 2
2011-10-14T10:30:00 2011 10 14 10 30 0 -1.5 3.1 379.0 5.4 1.55 0.21 0.0 0.0 2 2 2 2 2 2 2 2 0.3 0.19 9.0 3.1 3.1 3.1 3.1 3.1 3.1 0.001 0.0 0.055 0.0 0.0 0.0 2 2 2 2 2 2
2011-10-14T11:30:00 2011 10 14 11 30 0 0.3 3.9 371.0 4.2 1.16 0.0 0.0 0.0 2 2 2 2 2 2 2 2 0.3 0.23 8.0 3.9 3.9 3.9 3.9 3.9 3.9 0.0 0.0 0.053 0.0 0.0 0.0 2 2 2 2 2 2
2011-10-14T12:30:00 2011 10 14 12 30 0 1.1 2.7 355.0 4.3 1.08 0.0 0.0 0.0 2 2 2 2 2 2 2 2 0.7 0.32 6.0 2.7 2.7 2.7 2.7 2.7 2.7 0.0 0.0 0.052 0.0 0.0 0.0 2 2 2 2 2 2
2011-10-14T13:30:00 2011 10 14 13 30 0 -0.2 3.1 359.0 4.4 1.13 0.0 0.0 0.0 2 2 2 2 2 2 2 2 0.7 0.4 8.0 3.1 3.1 3.1 3.1 3.1 3.1 0.0 0.0 0.05 0.0 0.0 0.0 2 2 2 2 2 2
2011-10-14T14:30:00 2011 10 14 14 30 0 -1.8 3.7 365.0 4.6 1.23 0.01 0.0 0.0 2 2 2 2 2 2 2 2 0.7 0.46 10.0 3.7 3.7 3.7 3.7 3.7 3.7 0.0 0.0 0.049 0.0 0.0 0.0 2 2 2 2 2 2
2011-10-14T15:30:00 2011 10 14 15 30 0 -0.8 3.5 368.0 5.5 1.49 0.02 0.0 0.0 2 2 2 2 2 2 2 2 0.3 0.45 8.0 3.5 3.5 3.5 3.5 3.5 3.5 0.0 0.0 0.047 0.0 0.0 0.0 2 2 2 2 2 2
2011-10-14T16:30:00 2011 10 14 16 30 0 -1.4 2.5 376.0 5.0 1.41 0.01 0.0 0.0 2 2 2 2 2 2 2 2 0.3 0.45 7.0 2.5 2.5 2.5 2.5 2.5 2.5 0.0 0.0 0.046 0.0 0.0 0.0 2 2 2 2 2 2
2011-10-14T17:30:00 2011 10 14 17 30 0 -2.4 1.1 377.0 4.4 1.25 0.12 0.0 0.0 2 2 2 2 2 2 2 2 0.3 0.45 6.0 1.1 1.1 1.1 1.1 1.1 1.1 0.0 0.0 0.044 0.0 0.0 0.0 2 2 2 2 2 2
2011-10-14T18:30:00 2011 10 14 18 30 0 -2.1 2.6 385.0 4.8 1.42 0.15 0.0 0.0 2 2 2 2 2 2 2 2 0.7 0.5 4.0 2.6 2.6 2.6 2.6 2.6 2.6 0.0 0.0 0.043 0.0 0.0 0.0 2 2 2 2 2 2
2011-10-14T19:30:00 2011 10 14 19 30 0 -1.0 2.3 389.0 5.0 1.51 0.04 0.0 0.0 2 2 2 2 2 2 2 2 0.7 0.55 6.0 2.3 2.3 2.3 2.3 2.3 2.3 0.0 0.0 0.042 0.0 0.0 0.0 2 2 2 2 2 2
2011-10-14T20:30:00 2011 10 14 20 30 0 -2.6 1.2 394.0 4.6 1.43 0.12 0.0 0.0 2 2 2 2 2 2 2 2 0.7 0.55 8.0 1.2 1.2 1.2 1.2 1.2 1.2 0.0 0.0 0.04 0.0 0.0 0.0 2 2 2 2 2 2
2011-10-14T21:30:00 2011 10 14 21 30 0 -2.6 2.0 397.0 3.9 1.23 0.25 0.0 0.0 2 2 2 2 2 2 2 2 0.3 0.5 6.0 2.0 2.0 2.0 2.0 2.0 2.0 0.0 0.0 0.039 0.0 0.0 0.0 2 2 2 2 2 2
2011-10-14T22:30:00 2011 10 14 22 30 0 -5.3 2.1 410.0 4.3 1.45 0.72 0.0 0.0 2 2 2 2 2 2 2 2 0.3 0.45 6.0 2.1 2.1 2.1 2.1 2.1 2.1 0.0 0.0 0.038 0.0 0.0 0.0 2 2 2 2 2 2
2011-10-14T23:30:00 2011 10 14 23 30 0 -5.0 4.4 419.0 4.4 1.54 0.93 0.0 0.0 2 2 2 2 2 2 2 2 0.3 0.45 7.0 4.4 4.4 4.4 4.4 4.4 4.4 0.0 0.0 0.037 0.0 0.0 0.0 2 2 2 2 2 2
