2011-12-12T00:30:00 2011 12 12 0 30 0 -3.4 -2.2 468.0 2.7 1.18 2.56 4.0 1.1 2 2 2 2 2 2 2 2 99.0 99.0 -4.0 -2.2 -2.2 -2.2 -2.2 -2.2 -2.2 0.177 0.282 0.123 0.16 0.46 0.373 2 2 2 2 2 2
2011-12-12T01:30:00 2011 12 12 1 30 0 -2.8 0.1 446.0 2.7 1.07 1.53 2.22 0.6 2 2 2 2 2 2 2 2 99.0 99.0 -7.0 0.1 0.1 0.1 0.1 0.1 0.1 0.176 0.237 0.123 0.132 0.29 0.279 2 2 2 2 2 2
2011-12-12T02:30:00 2011 12 12 2 30 0 -2.2 0.3 446.0 3.0 1.19 0.51 0.0 0.0 2 2 2 2 2 2 2 2 99.0 99.0 -7.0 0.3 0.3 0.3 0.3 0.3 0.3 0.119 0.118 0.12 0.074 0.092 0.116 2 2 2 2 2 2
2011-12-12T03:30:00 2011 12 12 3 30 0 -1.9 1.4 459.0 3.0 1.26 0.23 0.0 0.0 2 2 2 2 2 2 2 2 99.0 99.0 -7.0 1.4 1.4 1.4 1.4 1.4 1.4 0.081 0.058 0.116 0.041 0.029 0.048 2 2 2 2 2 2
2011-12-12T04:30:00 2011 12 12 4 30 0 -2.4 1.7 465.0 2.9 1.25 0.18 0.0 0.0 2 2 2 2 2 2 2 2 99.0 99.0 -6.0 1.7 1.7 1.7 1.7 1.7 1.7 0.055 0.029 0.112 0.023 0.009 0.02 2 2 2 2 2 2
2011-12-12T05:30:00 2011 12 12 5 30 0 -2.7 1.0 458.0 2.8 1.17 0.32 0.0 0.0 2 2 2 2 2 2 2 2 99.0 99.0 -7.0 1.0 1.0 1.0 1.0 1.0 1.0 0.037 0.014 0.109 0.013 0.003 0.008 2 2 2 2 2 2
2011-12-12T06:30:00 2011 12 12 6 30 0 -0.4 1.2 442.0 3.1 1.21 0.12 0.0 0.0 2 2 2 2 2 2 2 2 99.0 99.0 -6.0 1.2 1.2 1.2 1.2 1.2 1.2 0.025 0.007 0.106 0.007 0.001 0.003 2 2 2 2 2 2
2011-12-12T07:30:00 2011 12 12 7 30 0 -0.6 1.1 445.0 2.9 1.15 0.0 0.0 0.0 2 2 2 2 2 2 2 2 99.0 99.0 -7.0 1.1 1.1 1.1 1.1 1.1 1.1 0.017 0.004 0.103 0.004 0.0 0.001 2 2 2 2 2 2
2011-12-12T08:30:00 2011 12 12 8 30 0 -3.0 0.0 445.0 2.9 1.15 0.31 0.0 0.0 2 2 2 2 2 2 2 2 99.0 99.0 -5.0 0.0 0.0 0.0 0.0 0.0 0.0 0.011 0.002 0.099 0.002 0.0 0.001 2 2 2 2 2 2
2011-12-12T09:30:00 2011 12 12 9 30 0 -2.5 1.4 439.0 2.6 1.0 0.48 0.0 0.0 2 2 2 2 2 2 2 2 99.0 99.0 -4.0 1.4 1.4 1.4 1.4 1.4 1.4 0.008 0.001 0.096 0.001 0.0 0.0 2 2 2 2 2 2
2011-12-12T10:30:00 2011 12 12 10 30 0 -2.6 0.4 438.0 2.4 0.92 0.38 0.0 0.0 2 2 2 2 2 2 2 2 99.0 99.0 -4.0 0.4 0.4 0.4 0.4 0.4 0.4 0.005 0.0 0.093 0.001 0.0 0.0 2 2 2 2 2 2
2011-12-12T11:30:00 2011 12 12 11 30 0 -3.4 0.5 457.0 2.3 0.96 0.69 0.0 0.0 2 2 2 2 2 2 2 2 99.0 99.0 -3.0 0.5 0.5 0.5 0.5 0.5 0.5 0.004 0.0 0.091 0.0 0.0 0.0 2 2 2 2 2 2
2011-12-12T12:30:00 2011 12 12 12 30 0 -2.2 -0.2 473.0 2.4 1.07 0.69 0.09 0.02 2 2 2 2 2 2 2 2 99.0 99.0 -3.0 -0.2 -0.2 -0.2 -0.2 -0.2 -0.2 0.009 0.019 0.088 0.003 0.035 0.033 2 2 2 2 2 2
2011-12-12T13:30:00 2011 12 12 13 30 0 -1.8 -1.1 480.0 2.5 1.15 0.69 1.64 0.4 2 2 2 2 2 2 2 2 99.0 99.0 -4.0 -1.1 -1.1 -1.1 -1.1 -1.1 -1.1 0.069 0.132 0.089 0.048 0.233 0.188 2 2 2 2 2 2
2011-12-12T14:30:00 2011 12 12 14 30 0 -1.1 -0.3 468.0 2.8 1.23 0.44 1.58 0.42 2 2 2 2 2 2 2 2 99.0 99.0 0.0 -0.3 -0.3 -0.3 -0.3 -0.3 -0.3 0.096 0.164 0.089 0.057 0.236 0.228 2 2 2 2 2 2
2011-12-12T15:30:00 2011 12 12 15 30 0 1.3 -2.6 487.0 2.6 1.23 0.9 3.71 0.99 2 2 2 2 2 2 2 2 99.0 99.0 1.0 -2.6 -2.6 -2.6 -2.6 -2.6 -2.6 0.2 0.302 0.098 0.174 0.485 0.395 2 2 2 2 2 2
2011-12-12T16:30:00 2011 12 12 16 30 0 1.2 -0.6 488.0 2.7 1.29 1.02 3.7 0.98 2 2 2 2 2 2 2 2 99.0 99.0 -3.0 -0.6 -0.6 -0.6 -0.6 -0.6 -0.6 0.236 0.318 0.104 0.187 0.447 0.407 2 2 2 2 2 2
2011-12-12T17:30:00 2011 12 12 17 30 0 1.8 -0.9 477.0 2.5 1.14 0.52 1.84 0.47 2 2 2 2 2 2 2 2 99.0 99.0 -7.0 -0.9 -0.9 -0.9 -0.9 -0.9 -0.9 0.225 0.283 0.105 0.151 0.364 0.352 2 2 2 2 2 2
2011-12-12T18:30:00 2011 12 12 18 30 0 0.0 1.9 479.0 2.6 1.19 0.12 0.26 0.06 2 2 2 2 2 2 2 2 99.0 99.0 -7.0 1.9 1.9 1.9 1.9 1.9 1.9 0.157 0.15 0.102 0.086 0.128 0.161 2 2 2 2 2 2
2011-12-12T19:30:00 2011 12 12 19 30 0 -1.0 1.7 489.0 2.6 1.24 0.01 0.0 0.0 2 2 2 2 2 2 2 2 99.0 99.0 -4.0 1.7 1.7 1.7 1.7 1.7 1.7 0.106 0.074 0.098 0.048 0.041 0.067 2 2 2 2 2 2
2011-12-12T20:30:00 2011 12 12 20 30 0 -0.5 0.8 479.0 3.1 1.42 0.01 0.0 0.0 2 2 2 2 2 2 2 2 99.0 99.0 -4.0 0.8 0.8 0.8 0.8 0.8 0.8 0.072 0.037 0.095 0.027 0.013 0.028 2 2 2 2 2 2
2011-12-12T21:30:00 2011 12 12 21 30 0 1.8 0.8 491.0 2.9 1.4 0.05 0.0 0.0 2 2 2 2 2 2 2 2 99.0 99.0 -6.0 0.8 0.8 0.8 0.8 0.8 0.8 0.049 0.018 0.093 0.015 0.004 0.011 2 2 2 2 2 2
2011-12-12T22:30:00 2011 12 12 22 30 0 1.9 -0.8 491.0 2.9 1.4 0.41 0.57 0.17 2 2 2 2 2 2 2 2 99.0 99.0 -4.0 -0.8 -0.8 -0.8 -0.8 -0.8 -0.8 0.063 0.074 0.091 0.029 0.13 0.124 2 2 2 2 2 2
2011-12-12T23:30:00 2011 12 12 23 30 0 1.7 -0.4 475.0 2.9 1.31 0.55 1.41 0.41 2 2 2 2 2 2 2 2 99.0 99.0 -3.0 -0.4 -0.4 -0.4 -0.4 -0.4 -0.4 0.091 0.137 0.091 0.046 0.212 0.222 2 2 2 2 2 2
