2011-08-19T00:30:00 2011 8 19 0 30 0 -1.5 1.7 376.0 4.2 1.19 0.07 0.0 0.0 2 2 2 2 2 2 2 2 0.0 0.38 0.0 1.7 1.7 1.7 1.7 1.7 1.7 0.002 0.0 0.056 0.0 0.0 0.0 2 2 2 2 2 2
2011-08-19T01:30:00 2011 8 19 1 30 0 -1.0 1.6 374.0 4.3 1.2 0.03 0.0 0.0 2 2 2 2 2 2 2 2 0.0 0.25 1.0 1.6 1.6 1.6 1.6 1.6 1.6 0.002 0.0 0.054 0.0 0.0 0.0 2 2 2 2 2 2
2011-08-19T02:30:00 2011 8 19 2 30 0 -1.6 2.0 373.0 4.2 1.17 0.03 0.0 0.0 2 2 2 2 2 2 2 2 0.0 0.17 -1.0 2.0 2.0 2.0 2.0 2.0 2.0 0.001 0.0 0.052 0.0 0.0 0.0 2 2 2 2 2 2
2011-08-19T03:30:00 2011 8 19 3 30 0 -1.1 2.3 367.0 4.0 1.08 0.03 0.0 0.0 2 2 2 2 2 2 2 2 0.0 0.08 -2.0 2.3 2.3 2.3 2.3 2.3 2.3 0.001 0.0 0.051 0.0 0.0 0.0 2 2 2 2 2 2
2011-08-19T04:30:00 2011 8 19 4 30 0 -1.3 1.2 377.0 4.0 1.14 0.03 0.0 0.0 2 2 2 2 2 2 2 2 0.0 0.0 -1.0 1.2 1.2 1.2 1.2 1.2 1.2 0.0 0.0 0.049 0.0 0.0 0.0 2 2 2 2 2 2
2011-08-19T05:30:00 2011 8 19 5 30 0 -1.6 1.8 377.0 4.0 1.14 0.05 0.0 0.0 2 2 2 2 2 2 2 2 0.0 0.0 -2.0 1.8 1.8 1.8 1.8 1.8 1.8 0.0 0.0 0.048 0.0 0.0 0.0 2 2 2 2 2 2
2011-08-19T06:30:00 2011 8 19 6 30 0 -3.0 0.7 374.0 4.3 1.2 0.25 0.0 0.0 2 2 2 2 2 2 2 2 0.3 0.04 -2.0 0.7 0.7 0.7 0.7 0.7 0.7 0.0 0.0 0.046 0.0 0.0 0.0 2 2 2 2 2 2
2011-08-19T07:30:00 2011 8 19 7 30 0 -0.3 3.0 372.0 4.4 1.22 0.1 0.0 0.0 2 2 2 2 2 2 2 2 0.3 0.08 -1.0 3.0 3.0 3.0 3.0 3.0 3.0 0.0 0.0 0.045 0.0 0.0 0.0 2 2 2 2 2 2
2011-08-19T08:30:00 2011 8 19 8 30 0 -2.3 2.5 373.0 4.2 1.17 0.04 0.0 0.0 2 2 2 2 2 2 2 2 0.3 0.12 0.0 2.5 2.5 2.5 2.5 2.5 2.5 0.0 0.0 0.044 0.0 0.0 0.0 2 2 2 2 2 2
2011-08-19T09:30:00 2011 8 19 9 30 0 -3.3 1.4 371.0 4.4 1.21 0.28 0.0 0.0 2 2 2 2 2 2 2 2 0.7 0.21 1.0 1.4 1.4 1.4 1.4 1.4 1.4 0.0 0.0 0.042 0.0 0.0 0.0 2 2 2 2 2 2
2011-08-19T10:30:00 2011 8 19 10 30 0 -3.2 1.2 373.0 4.1 1.14 0.46 0.0 0.0 2 2 2 2 2 2 2 2 0.7 0.3 -1.0 1.2 1.2 1.2 1.2 1.2 1.2 0.0 0.0 0.041 0.0 0.0 0.0 2 2 2 2 2 2
2011-08-19T11:30:00 2011 8 19 11 30 0 -2.8 2.1 366.0 4.2 1.13 0.33 0.0 0.0 2 2 2 2 2 2 2 2 0.7 0.38 -5.0 2.1 2.1 2.1 2.1 2.1 2.1 0.0 0.0 0.04 0.0 0.0 0.0 2 2 2 2 2 2
2011-08-19T12:30:00 2011 8 19 12 30 0 -2.7 2.7 361.0 4.4 1.15 0.19 0.0 0.0 2 2 2 2 2 2 2 2 0.7 0.47 -7.0 2.7 2.7 2.7 2.7 2.7 2.7 0.0 0.0 0.038 0.0 0.0 0.0 2 2 2 2 2 2
2011-08-19T13:30:00 2011 8 19 13 30 0 -3.5 1.6 365.0 4.5 1.2 0.32 0.0 0.0 2 2 2 2 2 2 2 2 0.7 0.56 -4.0 1.6 1.6 1.6 1.6 1.6 1.6 0.0 0.0 0.037 0.0 0.0 0.0 2 2 2 2 2 2
2011-08-19T14:30:00 2011 8 19 14 30 0 -2.3 1.8 359.0 4.8 1.24 0.29 0.0 0.0 2 2 2 2 2 2 2 2 0.7 0.6 -4.0 1.8 1.8 1.8 1.8 1.8 1.8 0.0 0.0 0.036 0.0 0.0 0.0 2 2 2 2 2 2
2011-08-19T15:30:00 2011 8 19 15 30 0 -1.7 2.2 355.0 5.2 1.31 0.09 0.0 0.0 2 2 2 2 2 2 2 2 0.3 0.6 -3.0 2.2 2.2 2.2 2.2 2.2 2.2 0.0 0.0 0.035 0.0 0.0 0.0 2 2 2 2 2 2
2011-08-19T16:30:00 2011 8 19 16 30 0 0.0 2.9 357.0 5.0 1.27 0.01 0.0 0.0 2 2 2 2 2 2 2 2 0.3 0.6 -4.0 2.9 2.9 2.9 2.9 2.9 2.9 0.0 0.0 0.034 0.0 0.0 0.0 2 2 2 2 2 2
2011-08-19T17:30:00 2011 8 19 17 30 0 0.3 2.9 356.0 4.8 1.22 0.0 0.0 0.0 2 2 2 2 2 2 2 2 0.3 0.54 -4.0 2.9 2.9 2.9 2.9 2.9 2.9 0.0 0.0 0.033 0.0 0.0 0.0 2 2 2 2 2 2
2011-08-19T18:30:00 2011 8 19 18 30 0 -0.4 2.1 354.0 5.1 1.28 0.0 0.0 0.0 2 2 2 2 2 2 2 2 0.3 0.49 -5.0 2.1 2.1 2.1 2.1 2.1 2.1 0.0 0.0 0.032 0.0 0.0 0.0 2 2 2 2 2 2
2011-08-19T19:30:00 2011 8 19 19 30 0 0.5 2.1 354.0 5.2 1.3 0.0 0.0 0.0 2 2 2 2 2 2 2 2 0.3 0.44 -4.0 2.1 2.1 2.1 2.1 2.1 2.1 0.0 0.0 0.031 0.0 0.0 0.0 2 2 2 2 2 2
2011-08-19T20:30:00 2011 8 19 20 30 0 -1.1 1.6 358.0 5.8 1.49 0.0 0.0 0.0 2 2 2 2 2 2 2 2 0.3 0.4 -2.0 1.6 1.6 1.6 1.6 1.6 1.6 0.0 0.0 0.03 0.0 0.0 0.0 2 2 2 2 2 2
2011-08-19T21:30:00 2011 8 19 21 30 0 -1.3 -0.9 355.0 5.6 1.41 0.13 0.36 0.2 2 2 2 2 2 2 2 2 1.3 0.48 -1.0 -0.9 -0.9 -0.9 -0.9 -0.9 -0.9 0.03 0.081 0.03 0.019 0.099 0.126 2 2 2 2 2 2
2011-08-19T22:30:00 2011 8 19 22 30 0 -0.5 1.7 372.0 4.4 1.22 0.07 0.21 0.12 2 2 2 2 2 2 2 2 1.3 0.56 -3.0 1.7 1.7 1.7 1.7 1.7 1.7 0.025 0.055 0.029 0.012 0.044 0.074 2 2 2 2 2 2
2011-08-19T23:30:00 2011 8 19 23 30 0 0.2 1.5 374.0 4.4 1.23 0.0 0.0 0.0 2 2 2 2 2 2 2 2 1.3 0.69 -4.0 1.5 1.5 1.5 1.5 1.5 1.5 0.017 0.027 0.028 0.007 0.014 0.031 2 2 2 2 2 2
