2011-05-08T00:30:00 2011 5 8 0 30 0 -3.9 -1.2 331.0 4.6 1.01 2.0 2.37 1.14 2 2 2 2 2 2 2 2 1.0 1.75 -2.0 -1.2 -1.2 -1.2 -1.2 -1.2 -1.2 0.423 0.506 0.16 0.245 0.353 0.429 2 2 2 2 2 2
2011-05-08T01:30:00 2011 5 8 1 30 0 -3.8 -0.9 329.0 5.1 1.1 1.49 1.71 0.83 2 2 2 2 2 2 2 2 1.0 1.63 -3.0 -0.9 -0.9 -0.9 -0.9 -0.9 -0.9 0.362 0.434 0.158 0.188 0.295 0.372 2 2 2 2 2 2
2011-05-08T02:30:00 2011 5 8 2 30 0 -3.2 -0.8 322.0 5.0 1.04 1.16 1.38 0.69 2 2 2 2 2 2 2 2 1.0 1.5 -4.0 -0.8 -0.8 -0.8 -0.8 -0.8 -0.8 0.31 0.379 0.155 0.145 0.252 0.328 2 2 2 2 2 2
2011-05-08T03:30:00 2011 5 8 3 30 0 -3.2 -0.7 318.0 4.4 0.89 0.96 1.19 0.56 2 2 2 2 2 2 2 2 0.3 1.28 -3.0 -0.7 -0.7 -0.7 -0.7 -0.7 -0.7 0.265 0.332 0.152 0.113 0.217 0.275 2 2 2 2 2 2
2011-05-08T04:30:00 2011 5 8 4 30 0 -3.3 -0.1 317.0 4.8 0.96 0.82 0.6 0.27 2 2 2 2 2 2 2 2 0.3 1.07 -5.0 -0.1 -0.1 -0.1 -0.1 -0.1 -0.1 0.205 0.239 0.148 0.074 0.135 0.195 2 2 2 2 2 2
2011-05-08T05:30:00 2011 5 8 5 30 0 -3.1 0.4 318.0 5.2 1.05 0.61 0.01 0.0 2 2 2 2 2 2 2 2 0.3 0.9 -7.0 0.4 0.4 0.4 0.4 0.4 0.4 0.139 0.119 0.144 0.041 0.043 0.081 2 2 2 2 2 2
2011-05-08T06:30:00 2011 5 8 6 30 0 -3.1 0.3 315.0 4.2 0.83 0.53 0.0 0.0 2 2 2 2 2 2 2 2 0.0 0.68 -7.0 0.3 0.3 0.3 0.3 0.3 0.3 0.094 0.059 0.139 0.023 0.014 0.034 2 2 2 2 2 2
2011-05-08T07:30:00 2011 5 8 7 30 0 -3.5 0.0 314.0 3.7 0.73 0.67 0.0 0.0 2 2 2 2 2 2 2 2 0.0 0.48 -6.0 0.0 0.0 0.0 0.0 0.0 0.0 0.064 0.029 0.135 0.013 0.004 0.014 2 2 2 2 2 2
2011-05-08T08:30:00 2011 5 8 8 30 0 -2.9 -0.8 305.0 3.1 0.58 0.79 0.67 0.22 2 2 2 2 2 2 2 2 0.0 0.35 -6.0 -0.8 -0.8 -0.8 -0.8 -0.8 -0.8 0.078 0.112 0.132 0.025 0.094 0.074 2 2 2 2 2 2
2011-05-08T09:30:00 2011 5 8 9 30 0 -2.5 -0.6 298.0 3.1 0.55 0.67 1.04 0.32 2 2 2 2 2 2 2 2 0.3 0.27 -6.0 -0.6 -0.6 -0.6 -0.6 -0.6 -0.6 0.094 0.166 0.129 0.036 0.128 0.099 2 2 2 2 2 2
2011-05-08T10:30:00 2011 5 8 10 30 0 -2.3 -0.9 299.0 3.6 0.64 0.58 1.14 0.39 2 2 2 2 2 2 2 2 0.3 0.19 -6.0 -0.9 -0.9 -0.9 -0.9 -0.9 -0.9 0.114 0.215 0.126 0.049 0.159 0.128 2 2 2 2 2 2
2011-05-08T11:30:00 2011 5 8 11 30 0 -2.1 -1.7 302.0 4.2 0.77 0.78 2.01 0.79 2 2 2 2 2 2 2 2 0.3 0.19 -7.0 -1.7 -1.7 -1.7 -1.7 -1.7 -1.7 0.166 0.316 0.126 0.095 0.242 0.2 2 2 2 2 2 2
2011-05-08T12:30:00 2011 5 8 12 30 0 -2.2 -2.1 300.0 4.0 0.72 1.11 2.88 1.18 2 2 2 2 2 2 2 2 0.3 0.19 -6.0 -2.1 -2.1 -2.1 -2.1 -2.1 -2.1 0.23 0.417 0.127 0.153 0.312 0.257 2 2 2 2 2 2
2011-05-08T13:30:00 2011 5 8 13 30 0 -2.3 -2.0 297.0 4.3 0.76 1.23 3.05 1.27 2 2 2 2 2 2 2 2 0.3 0.19 -5.0 -2.0 -2.0 -2.0 -2.0 -2.0 -2.0 0.278 0.477 0.129 0.191 0.339 0.288 2 2 2 2 2 2
2011-05-08T14:30:00 2011 5 8 14 30 0 -3.2 -1.0 298.0 4.2 0.75 1.08 2.17 0.92 2 2 2 2 2 2 2 2 0.3 0.23 -6.0 -1.0 -1.0 -1.0 -1.0 -1.0 -1.0 0.274 0.438 0.128 0.168 0.282 0.263 2 2 2 2 2 2
2011-05-08T15:30:00 2011 5 8 15 30 0 -3.4 -0.1 298.0 4.3 0.76 0.85 0.76 0.32 2 2 2 2 2 2 2 2 0.0 0.22 -5.0 -0.1 -0.1 -0.1 -0.1 -0.1 -0.1 0.215 0.303 0.125 0.108 0.158 0.18 2 2 2 2 2 2
2011-05-08T16:30:00 2011 5 8 16 30 0 -3.4 0.2 297.0 4.4 0.78 0.68 0.02 0.01 2 2 2 2 2 2 2 2 0.0 0.22 -3.0 0.2 0.2 0.2 0.2 0.2 0.2 0.146 0.153 0.121 0.06 0.052 0.078 2 2 2 2 2 2
2011-05-08T17:30:00 2011 5 8 17 30 0 -3.2 0.6 298.0 4.9 0.87 0.55 0.0 0.0 2 2 2 2 2 2 2 2 0.0 0.18 -3.0 0.6 0.6 0.6 0.6 0.6 0.6 0.099 0.076 0.118 0.034 0.016 0.032 2 2 2 2 2 2
2011-05-08T18:30:00 2011 5 8 18 30 0 -1.6 -0.4 301.0 6.6 1.2 0.33 0.15 0.09 2 2 2 2 2 2 2 2 0.3 0.19 -3.0 -0.4 -0.4 -0.4 -0.4 -0.4 -0.4 0.081 0.088 0.114 0.025 0.053 0.081 2 2 2 2 2 2
2011-05-08T19:30:00 2011 5 8 19 30 0 -0.8 -0.9 307.0 8.0 1.51 0.22 1.02 0.76 2 2 2 2 2 2 2 2 0.3 0.19 -1.0 -0.9 -0.9 -0.9 -0.9 -0.9 -0.9 0.119 0.224 0.113 0.052 0.178 0.276 2 2 2 2 2 2
2011-05-08T20:30:00 2011 5 8 20 30 0 -1.6 -1.6 307.0 7.7 1.45 0.47 1.96 1.54 2 2 2 2 2 2 2 2 0.3 0.19 -3.0 -1.6 -1.6 -1.6 -1.6 -1.6 -1.6 0.193 0.387 0.114 0.114 0.306 0.465 2 2 2 2 2 2
2011-05-08T21:30:00 2011 5 8 21 30 0 -1.8 -1.7 305.0 7.8 1.45 0.8 2.53 1.96 2 2 2 2 2 2 2 2 1.0 0.28 -2.0 -1.7 -1.7 -1.7 -1.7 -1.7 -1.7 0.264 0.507 0.116 0.172 0.378 0.576 2 2 2 2 2 2
2011-05-08T22:30:00 2011 5 8 22 30 0 -2.9 -2.0 301.0 7.3 1.32 1.18 2.82 2.12 2 2 2 2 2 2 2 2 1.0 0.37 -2.0 -2.0 -2.0 -2.0 -2.0 -2.0 -2.0 0.324 0.588 0.119 0.221 0.417 0.618 2 2 2 2 2 2
2011-05-08T23:30:00 2011 5 8 23 30 0 -2.3 -2.5 302.0 7.3 1.33 1.55 3.42 2.5 2 2 2 2 2 2 2 2 1.0 0.5 -1.0 -2.5 -2.5 -2.5 -2.5 -2.5 -2.5 0.392 0.674 0.123 0.284 0.472 0.666 2 2 2 2 2 2
