2011-04-27T00:30:00 2011 4 27 0 30 0 0.3 0.9 383.0 2.1 0.62 0.0 0.0 0.0 2 2 2 2 2 2 2 2 0.0 0.41 5.0 0.9 0.9 0.9 0.9 0.9 0.9 0.005 0.002 0.035 0.001 0.0 0.001 2 2 2 2 2 2
2011-04-27T01:30:00 2011 4 27 1 30 0 0.3 0.8 378.0 2.3 0.66 0.0 0.0 0.0 2 2 2 2 2 2 2 2 0.0 0.37 3.0 0.8 0.8 0.8 0.8 0.8 0.8 0.004 0.001 0.034 0.0 0.0 0.0 2 2 2 2 2 2
2011-04-27T02:30:00 2011 4 27 2 30 0 0.6 0.3 372.0 2.2 0.61 0.01 0.0 0.0 2 2 2 2 2 2 2 2 0.0 0.33 2.0 0.3 0.3 0.3 0.3 0.3 0.3 0.002 0.001 0.033 0.0 0.0 0.0 2 2 2 2 2 2
2011-04-27T03:30:00 2011 4 27 3 30 0 0.8 1.0 369.0 2.0 0.54 0.01 0.0 0.0 2 2 2 2 2 2 2 2 0.0 0.29 3.0 1.0 1.0 1.0 1.0 1.0 1.0 0.002 0.0 0.032 0.0 0.0 0.0 2 2 2 2 2 2
2011-04-27T04:30:00 2011 4 27 4 30 0 0.7 -0.2 360.0 1.5 0.39 0.03 0.05 0.01 2 2 2 2 2 2 2 2 0.0 0.25 2.0 -0.2 -0.2 -0.2 -0.2 -0.2 -0.2 0.005 0.012 0.031 0.001 0.016 0.007 2 2 2 2 2 2
2011-04-27T05:30:00 2011 4 27 5 30 0 1.4 -0.3 366.0 1.8 0.48 0.13 0.46 0.08 2 2 2 2 2 2 2 2 0.0 0.17 1.0 -0.3 -0.3 -0.3 -0.3 -0.3 -0.3 0.02 0.053 0.03 0.008 0.062 0.035 2 2 2 2 2 2
2011-04-27T06:30:00 2011 4 27 6 30 0 2.6 1.0 384.0 2.0 0.59 0.26 0.04 0.01 2 2 2 2 2 2 2 2 0.3 0.12 1.0 1.0 1.0 1.0 1.0 1.0 1.0 0.014 0.026 0.029 0.004 0.02 0.014 2 2 2 2 2 2
2011-04-27T07:30:00 2011 4 27 7 30 0 2.1 -0.8 375.0 2.5 0.7 0.44 0.4 0.1 2 2 2 2 2 2 2 2 0.3 0.08 1.0 -0.8 -0.8 -0.8 -0.8 -0.8 -0.8 0.031 0.069 0.029 0.016 0.083 0.055 2 2 2 2 2 2
2011-04-27T08:30:00 2011 4 27 8 30 0 1.9 -0.4 371.0 2.4 0.66 0.49 1.09 0.27 2 2 2 2 2 2 2 2 0.3 0.12 0.0 -0.4 -0.4 -0.4 -0.4 -0.4 -0.4 0.058 0.122 0.03 0.029 0.132 0.097 2 2 2 2 2 2
2011-04-27T09:30:00 2011 4 27 9 30 0 2.0 -0.3 370.0 2.6 0.71 0.39 0.64 0.16 2 2 2 2 2 2 2 2 0.0 0.11 1.0 -0.3 -0.3 -0.3 -0.3 -0.3 -0.3 0.064 0.127 0.029 0.027 0.12 0.101 2 2 2 2 2 2
2011-04-27T10:30:00 2011 4 27 10 30 0 1.7 -0.1 364.0 2.7 0.72 0.31 0.35 0.09 2 2 2 2 2 2 2 2 0.0 0.11 0.0 -0.1 -0.1 -0.1 -0.1 -0.1 -0.1 0.057 0.104 0.029 0.02 0.085 0.084 2 2 2 2 2 2
2011-04-27T11:30:00 2011 4 27 11 30 0 2.7 -0.2 372.0 2.5 0.69 0.44 0.28 0.07 2 2 2 2 2 2 2 2 0.0 0.11 -1.0 -0.2 -0.2 -0.2 -0.2 -0.2 -0.2 0.052 0.094 0.028 0.015 0.077 0.078 2 2 2 2 2 2
2011-04-27T12:30:00 2011 4 27 12 30 0 3.1 -0.1 373.0 2.5 0.7 0.7 0.27 0.07 2 2 2 2 2 2 2 2 0.3 0.15 -1.0 -0.1 -0.1 -0.1 -0.1 -0.1 -0.1 0.047 0.082 0.028 0.012 0.065 0.069 2 2 2 2 2 2
2011-04-27T13:30:00 2011 4 27 13 30 0 3.0 -0.6 369.0 2.8 0.76 0.85 0.69 0.19 2 2 2 2 2 2 2 2 0.3 0.19 0.0 -0.6 -0.6 -0.6 -0.6 -0.6 -0.6 0.063 0.122 0.028 0.023 0.121 0.105 2 2 2 2 2 2
2011-04-27T14:30:00 2011 4 27 14 30 0 1.9 -0.6 358.0 3.0 0.77 0.65 1.09 0.32 2 2 2 2 2 2 2 2 0.3 0.19 -1.0 -0.6 -0.6 -0.6 -0.6 -0.6 -0.6 0.086 0.165 0.028 0.036 0.16 0.139 2 2 2 2 2 2
2011-04-27T15:30:00 2011 4 27 15 30 0 1.3 -1.2 354.0 2.9 0.73 0.47 1.64 0.48 2 2 2 2 2 2 2 2 0.7 0.24 -2.0 -1.2 -1.2 -1.2 -1.2 -1.2 -1.2 0.123 0.229 0.03 0.066 0.221 0.177 2 2 2 2 2 2
2011-04-27T16:30:00 2011 4 27 16 30 0 1.6 -2.1 359.0 3.2 0.82 0.88 3.01 0.93 2 2 2 2 2 2 2 2 0.7 0.3 -1.0 -2.1 -2.1 -2.1 -2.1 -2.1 -2.1 0.196 0.337 0.035 0.137 0.335 0.253 2 2 2 2 2 2
2011-04-27T17:30:00 2011 4 27 17 30 0 1.9 -0.9 353.0 3.5 0.87 0.83 2.58 0.86 2 2 2 2 2 2 2 2 0.7 0.38 -1.0 -0.9 -0.9 -0.9 -0.9 -0.9 -0.9 0.221 0.351 0.039 0.144 0.312 0.267 2 2 2 2 2 2
2011-04-27T18:30:00 2011 4 27 18 30 0 2.3 -0.1 351.0 3.7 0.91 0.47 0.82 0.29 2 2 2 2 2 2 2 2 0.3 0.42 -2.0 -0.1 -0.1 -0.1 -0.1 -0.1 -0.1 0.179 0.251 0.039 0.095 0.179 0.193 2 2 2 2 2 2
2011-04-27T19:30:00 2011 4 27 19 30 0 2.4 1.0 350.0 3.6 0.88 0.31 0.0 0.0 2 2 2 2 2 2 2 2 0.3 0.45 -1.0 1.0 1.0 1.0 1.0 1.0 1.0 0.121 0.125 0.037 0.053 0.057 0.08 2 2 2 2 2 2
2011-04-27T20:30:00 2011 4 27 20 30 0 1.3 2.4 347.0 3.4 0.82 0.09 0.0 0.0 2 2 2 2 2 2 2 2 0.3 0.45 1.0 2.4 2.4 2.4 2.4 2.4 2.4 0.082 0.062 0.036 0.03 0.018 0.033 2 2 2 2 2 2
2011-04-27T21:30:00 2011 4 27 21 30 0 1.9 2.9 351.0 3.1 0.76 0.04 0.0 0.0 2 2 2 2 2 2 2 2 0.0 0.41 2.0 2.9 2.9 2.9 2.9 2.9 2.9 0.056 0.031 0.035 0.017 0.006 0.014 2 2 2 2 2 2
2011-04-27T22:30:00 2011 4 27 22 30 0 2.9 2.1 351.0 3.0 0.74 0.14 0.0 0.0 2 2 2 2 2 2 2 2 0.0 0.37 1.0 2.1 2.1 2.1 2.1 2.1 2.1 0.038 0.015 0.034 0.009 0.002 0.006 2 2 2 2 2 2
2011-04-27T23:30:00 2011 4 27 23 30 0 2.6 2.3 344.0 2.9 0.69 0.2 0.0 0.0 2 2 2 2 2 2 2 2 0.0 0.28 1.0 2.3 2.3 2.3 2.3 2.3 2.3 0.025 0.008 0.033 0.005 0.001 0.002 2 2 2 2 2 2
