2011-02-08T00:30:00 2011 2 8 0 30 0 -0.42 -0.23 447.3 6.46 1.8 0.04 0.52 0.33 0 0 1 0 0 0 1 0 2.3 1.55 -17.0 -0.87 -0.66 -1.27 -1.25 -0.68 -0.49 0.266 0.316 0.328 0.239 0.374 0.634 0 0 2 0 0 0
2011-02-08T01:30:00 2011 2 8 1 30 0 -0.42 -0.23 445.5 6.46 1.8 0.04 0.51 0.33 0 0 1 0 0 0 1 0 2.3 1.72 -16.0 -0.87 -0.66 -1.27 -1.25 -0.68 -0.49 0.276 0.323 0.327 0.245 0.375 0.653 0 0 2 0 0 0
2011-02-08T02:30:00 2011 2 8 2 30 0 -0.42 -0.23 443.7 6.46 1.8 0.04 0.51 0.33 0 0 1 0 0 0 1 0 2.3 1.88 -12.0 -0.87 -0.66 -1.27 -1.25 -0.68 -0.49 0.282 0.327 0.326 0.248 0.373 0.658 0 0 2 0 0 0
2011-02-08T03:30:00 2011 2 8 3 30 0 -0.42 -0.23 441.8 6.45 1.8 0.04 0.51 0.33 0 0 1 0 0 0 1 0 2.7 2.09 -13.0 -0.87 -0.66 -1.27 -1.25 -0.68 -0.49 0.286 0.328 0.325 0.249 0.371 0.655 0 0 2 0 0 0
2011-02-08T04:30:00 2011 2 8 4 30 0 -0.42 -0.23 440.0 6.45 1.8 0.04 0.51 0.33 0 0 1 0 0 0 1 0 2.7 2.3 -12.0 -0.87 -0.66 -1.27 -1.25 -0.68 -0.49 0.288 0.329 0.324 0.248 0.369 0.65 0 0 2 0 0 0
2011-02-08T05:30:00 2011 2 8 5 30 0 -0.42 -0.23 438.2 6.45 1.8 0.04 0.5 0.33 0 0 1 0 0 0 1 0 2.7 2.38 -13.0 -0.87 -0.66 -1.27 -1.25 -0.68 -0.49 0.289 0.329 0.322 0.248 0.366 0.644 0 0 1 0 0 0
2011-02-08T06:30:00 2011 2 8 6 30 0 -0.42 -0.23 436.3 6.44 1.8 0.04 0.5 0.32 0 0 1 0 0 0 1 0 0.7 2.21 -13.0 -0.87 -0.66 -1.27 -1.25 -0.68 -0.49 0.29 0.329 0.321 0.247 0.364 0.637 0 0 1 0 0 0
2011-02-08T07:30:00 2011 2 8 7 30 0 -0.42 -0.23 434.5 6.44 1.8 0.04 0.5 0.32 0 0 1 0 0 0 1 0 0.7 2.03 -11.0 -0.87 -0.66 -1.27 -1.25 -0.68 -0.49 0.29 0.328 0.32 0.246 0.361 0.631 0 0 1 0 0 0
2011-02-08T08:30:00 2011 2 8 8 30 0 -0.42 -0.23 432.7 6.44 1.8 0.04 0.5 0.32 0 0 1 0 0 0 1 0 0.7 1.83 -10.0 -0.87 -0.66 -1.28 -1.25 -0.68 -0.49 0.289 0.328 0.318 0.244 0.359 0.624 0 0 1 0 0 0
2011-02-08T09:30:00 2011 2 8 9 30 0 -0.43 -0.23 430.8 6.43 1.8 0.04 0.5 0.32 0 0 1 0 0 0 1 0 1.3 1.7 -12.0 -0.87 -0.66 -1.28 -1.25 -0.68 -0.49 0.289 0.328 0.317 0.243 0.356 0.617 0 0 1 0 0 0
2011-02-08T10:30:00 2011 2 8 10 30 0 -0.43 -0.23 429.0 6.07 1.8 0.04 0.49 0.31 0 0 1 1 0 0 1 1 1.3 1.58 -12.0 -0.87 -0.66 -1.28 -1.25 -0.68 -0.49 0.287 0.325 0.315 0.24 0.35 0.593 0 0 1 0 0 0
2011-02-08T11:30:00 2011 2 8 11 30 0 -0.43 -0.23 427.2 5.42 1.79 0.04 0.49 0.28 0 0 1 1 1 0 1 1 1.3 1.41 -9.0 -0.87 -0.66 -1.28 -1.25 -0.68 -0.49 0.282 0.316 0.313 0.234 0.337 0.541 0 0 1 0 0 0
2011-02-08T12:30:00 2011 2 8 12 30 0 -0.36 -0.23 425.3 4.77 1.63 0.04 0.49 0.25 1 0 1 1 1 1 1 1 0.0 1.08 -6.0 -0.87 -0.66 -1.28 -1.25 -0.68 -0.49 0.274 0.303 0.311 0.225 0.32 0.474 0 0 1 0 0 0
2011-02-08T13:30:00 2011 2 8 13 30 0 -0.18 -0.23 423.5 4.13 1.47 0.02 0.49 0.22 1 0 1 1 1 1 1 1 0.0 0.74 -6.0 -0.87 -0.66 -1.28 -1.25 -0.68 -0.49 0.264 0.288 0.309 0.214 0.302 0.403 0 0 1 0 0 0
2011-02-08T14:30:00 2011 2 8 14 30 0 0.0 0.06 421.7 3.6 1.31 0.0 0.17 0.07 1 1 1 1 1 1 1 1 0.0 0.65 -8.0 -0.5 -0.32 -0.86 -0.84 -0.34 -0.17 0.235 0.239 0.304 0.18 0.234 0.29 0 0 1 0 1 0
2011-02-08T15:30:00 2011 2 8 15 30 0 0.1 1.65 419.8 3.6 1.26 0.0 0.0 0.0 1 1 1 1 1 1 1 1 0.0 0.56 -6.0 1.53 1.57 1.45 1.45 1.56 1.6 0.159 0.119 0.295 0.103 0.074 0.12 0 0 1 0 1 0
2011-02-08T16:30:00 2011 2 8 16 30 0 0.1 2.1 418.0 3.6 1.26 0.0 0.0 0.0 2 2 2 2 2 2 2 2 0.0 0.47 -5.0 2.1 2.1 2.1 2.1 2.1 2.1 0.108 0.059 0.286 0.058 0.023 0.05 0 0 1 0 1 0
2011-02-08T17:30:00 2011 2 8 17 30 0 -1.9 1.5 423.0 3.5 1.25 0.03 0.0 0.0 2 2 2 2 2 2 2 2 0.0 0.31 -3.0 1.5 1.5 1.5 1.5 1.5 1.5 0.073 0.029 0.277 0.032 0.007 0.021 0 0 1 0 1 0
2011-02-08T18:30:00 2011 2 8 18 30 0 -2.7 0.4 419.0 3.5 1.23 0.3 0.0 0.0 2 2 2 2 2 2 2 2 1.0 0.29 -3.0 0.4 0.4 0.4 0.4 0.4 0.4 0.049 0.015 0.269 0.018 0.002 0.009 0 0 1 0 1 0
2011-02-08T19:30:00 2011 2 8 19 30 0 -3.0 0.1 416.0 3.4 1.18 0.63 0.0 0.0 2 2 2 2 2 2 2 2 1.0 0.26 -4.0 0.1 0.1 0.1 0.1 0.1 0.1 0.033 0.007 0.26 0.01 0.001 0.004 0 0 1 0 1 0
2011-02-08T20:30:00 2011 2 8 20 30 0 -1.4 -2.3 406.0 3.8 1.25 1.01 2.45 0.9 2 2 2 2 2 2 2 2 1.0 0.39 -3.0 -2.3 -2.3 -2.3 -2.3 -2.3 -2.3 0.134 0.221 0.26 0.11 0.315 0.279 2 2 1 2 2 2
2011-02-08T21:30:00 2011 2 8 21 30 0 -2.6 -1.8 407.0 3.6 1.19 1.56 4.12 1.52 2 2 2 2 2 2 2 2 1.3 0.55 -8.0 -1.8 -1.8 -1.8 -1.8 -1.8 -1.8 0.236 0.371 0.262 0.201 0.461 0.429 2 2 1 2 2 2
2011-02-08T22:30:00 2011 2 8 22 30 0 -2.7 -1.3 412.0 3.3 1.12 1.45 3.13 1.08 2 2 2 2 2 2 2 2 1.3 0.72 -9.0 -1.3 -1.3 -1.3 -1.3 -1.3 -1.3 0.27 0.391 0.261 0.207 0.435 0.426 2 2 1 2 2 2
2011-02-08T23:30:00 2011 2 8 23 30 0 -3.1 -0.4 404.0 2.9 0.95 1.11 1.66 0.52 2 2 2 2 2 2 2 2 1.3 0.88 -9.0 -0.4 -0.4 -0.4 -0.4 -0.4 -0.4 0.238 0.312 0.256 0.151 0.295 0.315 2 2 1 2 2 2
