2011-10-30T00:30:00 2011 10 30 0 30 0 2.2 -0.8 301.0 11.0 1.99 0.58 1.63 1.85 2 2 2 2 2 2 2 2 1.0 0.24 -1.0 -0.8 -0.8 -0.8 -0.8 -0.8 -0.8 0.186 0.418 0.058 0.11 0.304 0.673 2 2 2 2 2 2
2011-10-30T01:30:00 2011 10 30 1 30 0 1.5 -1.5 297.0 11.5 2.03 0.57 1.76 1.99 2 2 2 2 2 2 2 2 1.0 0.37 -1.0 -1.5 -1.5 -1.5 -1.5 -1.5 -1.5 0.244 0.518 0.061 0.149 0.361 0.79 2 2 2 2 2 2
2011-10-30T02:30:00 2011 10 30 2 30 0 0.8 -1.5 293.0 11.5 1.97 0.53 2.21 2.54 2 2 2 2 2 2 2 2 1.0 0.46 0.0 -1.5 -1.5 -1.5 -1.5 -1.5 -1.5 0.303 0.606 0.064 0.19 0.402 0.875 2 2 2 2 2 2
2011-10-30T03:30:00 2011 10 30 3 30 0 0.7 -1.8 290.0 12.5 2.1 0.54 2.42 2.92 2 2 2 2 2 2 2 2 0.3 0.46 -2.0 -1.8 -1.8 -1.8 -1.8 -1.8 -1.8 0.361 0.69 0.068 0.233 0.445 0.979 2 2 2 2 2 2
2011-10-30T04:30:00 2011 10 30 4 30 0 0.5 -0.9 288.0 11.5 1.91 0.35 1.9 2.28 2 2 2 2 2 2 2 2 0.3 0.46 -3.0 -0.9 -0.9 -0.9 -0.9 -0.9 -0.9 0.358 0.642 0.07 0.21 0.376 0.881 2 2 2 2 2 2
2011-10-30T05:30:00 2011 10 30 5 30 0 0.9 -1.3 285.0 10.7 1.74 0.27 1.6 1.77 2 2 2 2 2 2 2 2 0.3 0.49 -3.0 -1.3 -1.3 -1.3 -1.3 -1.3 -1.3 0.348 0.606 0.072 0.19 0.348 0.786 2 2 2 2 2 2
2011-10-30T06:30:00 2011 10 30 6 30 0 0.7 -1.0 285.0 11.7 1.9 0.29 1.62 1.82 2 2 2 2 2 2 2 2 0.3 0.52 -2.0 -1.0 -1.0 -1.0 -1.0 -1.0 -1.0 0.338 0.58 0.073 0.175 0.328 0.749 2 2 2 2 2 2
2011-10-30T07:30:00 2011 10 30 7 30 0 0.8 -0.7 288.0 13.3 2.21 0.18 1.2 1.5 2 2 2 2 2 2 2 2 0.3 0.55 -2.0 -0.7 -0.7 -0.7 -0.7 -0.7 -0.7 0.31 0.526 0.073 0.146 0.289 0.732 2 2 2 2 2 2
2011-10-30T08:30:00 2011 10 30 8 30 0 -0.4 0.0 284.0 11.6 1.87 0.04 0.46 0.58 2 2 2 2 2 2 2 2 0.3 0.47 -3.0 0.0 0.0 0.0 0.0 0.0 0.0 0.237 0.348 0.071 0.093 0.152 0.467 2 2 2 2 2 2
2011-10-30T09:30:00 2011 10 30 9 30 0 -0.6 -0.1 281.0 10.7 1.69 0.02 0.08 0.08 2 2 2 2 2 2 2 2 1.7 0.57 -2.0 -0.1 -0.1 -0.1 -0.1 -0.1 -0.1 0.169 0.214 0.069 0.054 0.08 0.282 2 2 2 2 2 2
2011-10-30T10:30:00 2011 10 30 10 30 0 1.6 -2.5 302.0 23.4 4.27 0.51 2.07 4.02 2 2 2 2 2 2 2 2 1.7 0.66 9.0 -2.5 -2.5 -2.5 -2.5 -2.5 -2.5 0.302 0.594 0.075 0.199 0.442 1.373 2 2 2 2 2 2
2011-10-30T11:30:00 2011 10 30 11 30 0 3.0 -4.2 316.0 27.9 5.57 2.69 5.31 13.81 2 2 2 2 2 2 2 2 1.7 0.84 6.0 -4.2 -4.2 -4.2 -4.2 -4.2 -4.2 0.633 1.233 0.099 0.624 0.976 3.561 2 2 2 2 2 2
2011-10-30T12:30:00 2011 10 30 12 30 0 3.8 -4.1 316.0 23.7 4.73 4.2 6.55 16.79 2 2 2 2 2 2 2 2 2.3 1.1 -2.0 -4.1 -4.1 -4.1 -4.1 -4.1 -4.1 0.906 1.608 0.128 0.946 1.2 4.505 2 2 2 2 2 2
2011-10-30T13:30:00 2011 10 30 13 30 0 2.3 -4.5 316.0 15.0 3.0 4.2 6.82 12.9 2 2 2 2 2 2 2 2 2.3 1.35 -9.0 -4.5 -4.5 -4.5 -4.5 -4.5 -4.5 1.052 1.679 0.155 1.083 1.182 3.867 2 2 2 2 2 2
2011-10-30T14:30:00 2011 10 30 14 30 0 4.4 -2.5 320.0 17.7 3.62 3.34 5.43 8.87 2 2 2 2 2 2 2 2 2.3 1.6 -5.0 -2.5 -2.5 -2.5 -2.5 -2.5 -2.5 1.038 1.521 0.17 0.967 1.0 3.192 2 2 2 2 2 2
2011-10-30T15:30:00 2011 10 30 15 30 0 7.0 -1.8 338.0 18.6 4.25 3.78 3.49 6.34 2 2 2 2 2 2 2 2 3.0 1.93 -6.0 -1.8 -1.8 -1.8 -1.8 -1.8 -1.8 0.94 1.294 0.178 0.764 0.834 2.886 2 2 2 2 2 2
2011-10-30T16:30:00 2011 10 30 16 30 0 9.0 7.0 359.0 4.6 1.19 2.7 0.2 0.34 2 2 2 2 2 2 2 2 3.0 2.27 -19.0 7.0 7.0 7.0 7.0 7.0 7.0 0.636 0.642 0.172 0.428 0.264 1.197 2 2 2 2 2 2
2011-10-30T17:30:00 2011 10 30 17 30 0 6.4 9.2 356.0 5.2 1.32 1.11 0.0 0.0 2 2 2 2 2 2 2 2 3.0 2.43 -14.0 9.2 9.2 9.2 9.2 9.2 9.2 0.431 0.319 0.167 0.239 0.084 0.497 2 2 2 2 2 2
2011-10-30T18:30:00 2011 10 30 18 30 0 8.9 4.7 336.0 4.4 0.99 1.37 0.0 0.0 2 2 2 2 2 2 2 2 0.7 2.29 -13.0 4.7 4.7 4.7 4.7 4.7 4.7 0.292 0.158 0.162 0.134 0.026 0.206 2 2 2 2 2 2
2011-10-30T19:30:00 2011 10 30 19 30 0 7.5 5.2 341.0 5.2 1.21 1.83 0.0 0.0 2 2 2 2 2 2 2 2 0.7 2.15 -11.0 5.2 5.2 5.2 5.2 5.2 5.2 0.197 0.079 0.157 0.075 0.008 0.085 2 2 2 2 2 2
2011-10-30T20:30:00 2011 10 30 20 30 0 4.7 6.1 333.0 6.5 1.44 0.77 0.0 0.0 2 2 2 2 2 2 2 2 0.7 1.94 -10.0 6.1 6.1 6.1 6.1 6.1 6.1 0.134 0.039 0.152 0.042 0.003 0.035 2 2 2 2 2 2
2011-10-30T21:30:00 2011 10 30 21 30 0 5.8 -1.4 347.0 6.5 1.57 1.38 0.34 0.22 2 2 2 2 2 2 2 2 2.0 1.91 -9.0 -1.4 -1.4 -1.4 -1.4 -1.4 -1.4 0.125 0.103 0.149 0.052 0.104 0.142 2 2 2 2 2 2
2011-10-30T22:30:00 2011 10 30 22 30 0 5.0 -5.3 356.0 7.7 1.95 5.49 6.19 4.5 2 2 2 2 2 2 2 2 2.0 1.87 -7.0 -5.3 -5.3 -5.3 -5.3 -5.3 -5.3 0.395 0.618 0.168 0.432 0.684 0.871 2 2 2 2 2 2
2011-10-30T23:30:00 2011 10 30 23 30 0 4.9 -4.2 362.0 8.5 2.23 6.95 8.45 6.86 2 2 2 2 2 2 2 2 2.0 1.76 -10.0 -4.2 -4.2 -4.2 -4.2 -4.2 -4.2 0.642 0.958 0.196 0.741 0.96 1.403 2 2 2 2 2 2
