2011-04-09T00:30:00 2011 4 9 0 30 0 -0.8 -5.5 410.0 3.1 1.04 6.53 11.01 3.91 2 2 2 2 2 2 2 2 3.0 3.3 -26.0 -5.5 -5.5 -5.5 -5.5 -5.5 -5.5 0.904 0.983 0.343 1.032 1.062 0.993 2 2 2 2 2 2
2011-04-09T01:30:00 2011 4 9 1 30 0 -2.6 -4.9 412.0 2.4 0.81 6.53 10.64 2.9 2 2 2 2 2 2 2 2 3.0 3.38 -35.0 -4.9 -4.9 -4.9 -4.9 -4.9 -4.9 0.906 0.913 0.366 1.0 0.957 0.759 2 2 2 2 2 2
2011-04-09T02:30:00 2011 4 9 2 30 0 -2.4 -3.8 427.0 2.7 0.98 5.22 9.03 2.31 2 2 2 2 2 2 2 2 3.0 3.37 -41.0 -3.8 -3.8 -3.8 -3.8 -3.8 -3.8 0.864 0.825 0.381 0.893 0.864 0.644 2 2 2 2 2 2
2011-04-09T03:30:00 2011 4 9 3 30 0 -2.6 -2.9 435.0 3.2 1.21 3.6 7.14 2.11 2 2 2 2 2 2 2 2 2.7 3.33 -41.0 -2.9 -2.9 -2.9 -2.9 -2.9 -2.9 0.8 0.744 0.391 0.761 0.791 0.636 2 2 2 2 2 2
2011-04-09T04:30:00 2011 4 9 4 30 0 -2.6 -2.3 439.0 3.0 1.16 2.64 5.63 1.74 2 2 2 2 2 2 2 2 2.7 3.28 -40.0 -2.3 -2.3 -2.3 -2.3 -2.3 -2.3 0.718 0.656 0.395 0.62 0.697 0.601 2 2 2 2 2 2
2011-04-09T05:30:00 2011 4 9 5 30 0 -1.4 -3.4 443.0 2.8 1.1 2.74 6.39 1.84 2 2 2 2 2 2 2 2 2.7 3.12 -37.0 -3.4 -3.4 -3.4 -3.4 -3.4 -3.4 0.69 0.643 0.402 0.592 0.733 0.601 2 2 2 2 2 2
2011-04-09T06:30:00 2011 4 9 6 30 0 -1.3 -4.2 445.0 2.7 1.07 4.0 8.51 2.34 2 2 2 2 2 2 2 2 2.3 2.91 -34.0 -4.2 -4.2 -4.2 -4.2 -4.2 -4.2 0.72 0.689 0.418 0.67 0.837 0.634 2 2 2 2 2 2
2011-04-09T07:30:00 2011 4 9 7 30 0 0.6 -4.1 449.0 2.6 1.05 4.41 9.27 2.45 2 2 2 2 2 2 2 2 2.3 2.7 -36.0 -4.1 -4.1 -4.1 -4.1 -4.1 -4.1 0.749 0.718 0.435 0.733 0.884 0.646 2 2 2 2 2 2
2011-04-09T08:30:00 2011 4 9 8 30 0 -1.2 -3.1 459.0 2.7 1.14 3.38 8.08 2.14 2 2 2 2 2 2 2 2 2.3 2.62 -37.0 -3.1 -3.1 -3.1 -3.1 -3.1 -3.1 0.735 0.691 0.447 0.7 0.839 0.635 2 2 2 2 2 2
2011-04-09T09:30:00 2011 4 9 9 30 0 -2.3 -2.3 452.0 2.5 1.02 2.41 6.07 1.58 2 2 2 2 2 2 2 2 1.3 2.4 -38.0 -2.3 -2.3 -2.3 -2.3 -2.3 -2.3 0.671 0.613 0.45 0.587 0.712 0.56 2 2 2 2 2 2
2011-04-09T10:30:00 2011 4 9 10 30 0 -1.8 -1.7 454.0 2.5 1.03 1.67 4.47 1.12 2 2 2 2 2 2 2 2 1.3 2.18 -39.0 -1.7 -1.7 -1.7 -1.7 -1.7 -1.7 0.587 0.522 0.447 0.459 0.584 0.476 2 2 2 2 2 2
2011-04-09T11:30:00 2011 4 9 11 30 0 -1.0 -0.5 447.0 2.8 1.12 0.62 2.37 0.62 2 2 2 2 2 2 2 2 1.3 2.01 -37.0 -0.5 -0.5 -0.5 -0.5 -0.5 -0.5 0.468 0.392 0.438 0.309 0.392 0.368 2 2 2 2 2 2
2011-04-09T12:30:00 2011 4 9 12 30 0 -1.8 -0.6 445.0 2.7 1.07 0.36 1.24 0.34 2 2 2 2 2 2 2 2 1.0 1.79 -34.0 -0.6 -0.6 -0.6 -0.6 -0.6 -0.6 0.364 0.296 0.427 0.201 0.284 0.292 2 2 2 2 2 2
2011-04-09T13:30:00 2011 4 9 13 30 0 -1.7 -0.9 446.0 2.9 1.15 0.57 1.7 0.48 2 2 2 2 2 2 2 2 1.0 1.58 -30.0 -0.9 -0.9 -0.9 -0.9 -0.9 -0.9 0.31 0.277 0.417 0.157 0.297 0.297 2 2 2 2 2 2
2011-04-09T14:30:00 2011 4 9 14 30 0 -1.7 -1.3 442.0 2.8 1.09 0.75 2.48 0.7 2 2 2 2 2 2 2 2 1.0 1.42 -25.0 -1.3 -1.3 -1.3 -1.3 -1.3 -1.3 0.299 0.304 0.41 0.159 0.359 0.334 2 2 2 2 2 2
2011-04-09T15:30:00 2011 4 9 15 30 0 -0.9 -2.0 433.0 2.9 1.09 0.99 3.67 1.05 2 2 2 2 2 2 2 2 0.7 1.23 -21.0 -2.0 -2.0 -2.0 -2.0 -2.0 -2.0 0.328 0.372 0.407 0.209 0.459 0.395 2 2 2 2 2 2
2011-04-09T16:30:00 2011 4 9 16 30 0 -0.5 -0.6 424.0 3.1 1.11 0.51 2.66 0.8 2 2 2 2 2 2 2 2 0.7 1.03 -18.0 -0.6 -0.6 -0.6 -0.6 -0.6 -0.6 0.304 0.341 0.4 0.181 0.371 0.357 2 2 2 2 2 2
2011-04-09T17:30:00 2011 4 9 17 30 0 -1.8 0.9 420.0 3.2 1.13 0.11 0.2 0.06 2 2 2 2 2 2 2 2 0.7 0.96 -18.0 0.9 0.9 0.9 0.9 0.9 0.9 0.211 0.18 0.388 0.103 0.13 0.164 2 2 2 2 2 2
2011-04-09T18:30:00 2011 4 9 18 30 0 -2.1 0.2 411.0 2.8 0.95 0.24 0.0 0.0 2 2 2 2 2 2 2 2 0.0 0.79 -17.0 0.2 0.2 0.2 0.2 0.2 0.2 0.143 0.089 0.376 0.058 0.041 0.068 2 2 2 2 2 2
2011-04-09T19:30:00 2011 4 9 19 30 0 -2.7 -0.8 406.0 2.4 0.79 0.64 0.72 0.18 2 2 2 2 2 2 2 2 0.0 0.63 -19.0 -0.8 -0.8 -0.8 -0.8 -0.8 -0.8 0.13 0.125 0.366 0.052 0.131 0.114 2 2 2 2 2 2
2011-04-09T20:30:00 2011 4 9 20 30 0 -1.8 1.6 399.0 2.1 0.67 0.36 0.2 0.05 2 2 2 2 2 2 2 2 0.0 0.5 -21.0 1.6 1.6 1.6 1.6 1.6 1.6 0.092 0.071 0.355 0.03 0.051 0.056 2 2 2 2 2 2
2011-04-09T21:30:00 2011 4 9 21 30 0 -1.9 2.1 401.0 2.2 0.71 0.09 0.0 0.0 2 2 2 2 2 2 2 2 0.7 0.47 -18.0 2.1 2.1 2.1 2.1 2.1 2.1 0.062 0.035 0.344 0.017 0.016 0.023 2 2 2 2 2 2
2011-04-09T22:30:00 2011 4 9 22 30 0 -2.9 -0.4 398.0 2.2 0.7 0.38 0.1 0.02 2 2 2 2 2 2 2 2 0.7 0.44 -14.0 -0.4 -0.4 -0.4 -0.4 -0.4 -0.4 0.05 0.04 0.334 0.014 0.04 0.032 2 2 2 2 2 2
2011-04-09T23:30:00 2011 4 9 23 30 0 -3.1 -2.0 402.0 2.3 0.74 1.46 2.54 0.57 2 2 2 2 2 2 2 2 0.7 0.44 -13.0 -2.0 -2.0 -2.0 -2.0 -2.0 -2.0 0.125 0.192 0.329 0.087 0.258 0.154 2 2 2 2 2 2
