2011-08-08T00:30:00 2011 8 8 0 30 0 2.8 -0.5 490.0 1.4 0.67 0.53 1.56 0.25 2 2 2 2 2 2 2 2 2.0 1.74 -33.0 -0.5 -0.5 -0.5 -0.5 -0.5 -0.5 0.263 0.246 0.514 0.157 0.289 0.225 2 2 2 2 2 2
2011-08-08T01:30:00 2011 8 8 1 30 0 2.4 0.5 500.0 1.9 0.95 0.69 0.26 0.04 2 2 2 2 2 2 2 2 2.0 1.89 -30.0 0.5 0.5 0.5 0.5 0.5 0.5 0.182 0.131 0.499 0.089 0.105 0.103 2 2 2 2 2 2
2011-08-08T02:30:00 2011 8 8 2 30 0 -0.4 1.4 490.0 2.7 1.3 0.08 0.0 0.0 2 2 2 2 2 2 2 2 2.0 1.93 -31.0 1.4 1.4 1.4 1.4 1.4 1.4 0.123 0.065 0.484 0.05 0.033 0.043 2 2 2 2 2 2
2011-08-08T03:30:00 2011 8 8 3 30 0 1.3 -0.6 492.0 2.7 1.31 0.08 0.29 0.08 2 2 2 2 2 2 2 2 2.3 2.0 -34.0 -0.6 -0.6 -0.6 -0.6 -0.6 -0.6 0.102 0.075 0.47 0.039 0.096 0.097 2 2 2 2 2 2
2011-08-08T04:30:00 2011 8 8 4 30 0 1.9 -2.4 493.0 2.7 1.31 1.24 3.88 1.05 2 2 2 2 2 2 2 2 2.3 2.08 -35.0 -2.4 -2.4 -2.4 -2.4 -2.4 -2.4 0.205 0.259 0.468 0.164 0.452 0.362 2 2 2 2 2 2
2011-08-08T05:30:00 2011 8 8 5 30 0 0.5 -1.0 491.0 3.5 1.69 1.09 4.04 1.24 2 2 2 2 2 2 2 2 2.3 2.12 -38.0 -1.0 -1.0 -1.0 -1.0 -1.0 -1.0 0.263 0.334 0.464 0.207 0.512 0.502 2 2 2 2 2 2
2011-08-08T06:30:00 2011 8 8 6 30 0 1.5 -0.7 496.0 3.3 1.62 0.4 2.07 0.7 2 2 2 2 2 2 2 2 1.3 2.02 -36.0 -0.7 -0.7 -0.7 -0.7 -0.7 -0.7 0.253 0.308 0.455 0.17 0.417 0.486 2 2 2 2 2 2
2011-08-08T07:30:00 2011 8 8 7 30 0 2.5 0.9 515.0 3.6 1.91 0.41 0.31 0.1 2 2 2 2 2 2 2 2 1.3 1.93 -30.0 0.9 0.9 0.9 0.9 0.9 0.9 0.178 0.167 0.441 0.098 0.153 0.232 2 2 2 2 2 2
2011-08-08T08:30:00 2011 8 8 8 30 0 2.3 -0.9 511.0 3.4 1.78 0.68 0.67 0.23 2 2 2 2 2 2 2 2 1.3 1.84 -26.0 -0.9 -0.9 -0.9 -0.9 -0.9 -0.9 0.157 0.159 0.43 0.082 0.208 0.269 2 2 2 2 2 2
2011-08-08T09:30:00 2011 8 8 9 30 0 1.2 -2.1 527.0 3.0 1.67 1.29 4.04 1.27 2 2 2 2 2 2 2 2 2.3 1.88 -29.0 -2.1 -2.1 -2.1 -2.1 -2.1 -2.1 0.251 0.31 0.431 0.196 0.535 0.544 2 2 2 2 2 2
2011-08-08T10:30:00 2011 8 8 10 30 0 0.7 -2.6 532.0 2.4 1.36 1.92 6.28 1.67 2 2 2 2 2 2 2 2 2.3 1.92 -34.0 -2.6 -2.6 -2.6 -2.6 -2.6 -2.6 0.358 0.424 0.439 0.331 0.731 0.65 2 2 2 2 2 2
2011-08-08T11:30:00 2011 8 8 11 30 0 1.1 -3.3 533.0 2.0 1.14 2.91 7.93 1.73 2 2 2 2 2 2 2 2 2.3 1.93 -37.0 -3.3 -3.3 -3.3 -3.3 -3.3 -3.3 0.455 0.499 0.454 0.462 0.844 0.646 2 2 2 2 2 2
2011-08-08T12:30:00 2011 8 8 12 30 0 2.2 -2.9 546.0 1.8 1.07 3.51 8.32 1.58 2 2 2 2 2 2 2 2 2.3 1.93 -38.0 -2.9 -2.9 -2.9 -2.9 -2.9 -2.9 0.512 0.517 0.467 0.522 0.855 0.596 2 2 2 2 2 2
2011-08-08T13:30:00 2011 8 8 13 30 0 4.1 -0.5 565.0 1.6 1.02 2.64 4.43 0.76 2 2 2 2 2 2 2 2 2.3 1.94 -35.0 -0.5 -0.5 -0.5 -0.5 -0.5 -0.5 0.443 0.397 0.463 0.384 0.571 0.432 2 2 2 2 2 2
2011-08-08T14:30:00 2011 8 8 14 30 0 1.8 0.5 590.0 1.9 1.32 1.03 0.3 0.05 2 2 2 2 2 2 2 2 2.3 2.06 -34.0 0.5 0.5 0.5 0.5 0.5 0.5 0.305 0.206 0.449 0.217 0.198 0.194 2 2 2 2 2 2
2011-08-08T15:30:00 2011 8 8 15 30 0 3.0 -0.2 590.0 1.7 1.18 0.72 0.11 0.02 2 2 2 2 2 2 2 2 1.0 2.01 -31.0 -0.2 -0.2 -0.2 -0.2 -0.2 -0.2 0.213 0.119 0.436 0.124 0.106 0.117 2 2 2 2 2 2
2011-08-08T16:30:00 2011 8 8 16 30 0 2.9 0.8 602.0 1.3 0.94 0.91 0.04 0.01 2 2 2 2 2 2 2 2 1.0 1.96 -33.0 0.8 0.8 0.8 0.8 0.8 0.8 0.144 0.059 0.423 0.07 0.033 0.049 2 2 2 2 2 2
2011-08-08T17:30:00 2011 8 8 17 30 0 2.4 0.8 596.0 1.3 0.92 0.56 0.0 0.0 2 2 2 2 2 2 2 2 1.0 1.8 -35.0 0.8 0.8 0.8 0.8 0.8 0.8 0.098 0.029 0.41 0.039 0.011 0.02 2 2 2 2 2 2
2011-08-08T18:30:00 2011 8 8 18 30 0 1.5 0.5 594.0 1.6 1.13 0.29 0.0 0.0 2 2 2 2 2 2 2 2 1.0 1.63 -35.0 0.5 0.5 0.5 0.5 0.5 0.5 0.066 0.015 0.397 0.022 0.003 0.008 2 2 2 2 2 2
2011-08-08T19:30:00 2011 8 8 19 30 0 2.3 0.7 593.0 1.5 1.05 0.3 0.0 0.0 2 2 2 2 2 2 2 2 1.0 1.47 -33.0 0.7 0.7 0.7 0.7 0.7 0.7 0.045 0.007 0.385 0.012 0.001 0.003 2 2 2 2 2 2
2011-08-08T20:30:00 2011 8 8 20 30 0 3.4 2.5 619.0 1.4 1.07 0.49 0.0 0.0 2 2 2 2 2 2 2 2 1.0 1.31 -29.0 2.5 2.5 2.5 2.5 2.5 2.5 0.03 0.004 0.373 0.007 0.0 0.001 2 2 2 2 2 2
2011-08-08T21:30:00 2011 8 8 21 30 0 0.8 1.8 621.0 1.6 1.23 0.19 0.0 0.0 2 2 2 2 2 2 2 2 2.0 1.29 -26.0 1.8 1.8 1.8 1.8 1.8 1.8 0.021 0.002 0.362 0.004 0.0 0.001 2 2 2 2 2 2
2011-08-08T22:30:00 2011 8 8 22 30 0 2.4 -0.7 607.0 1.9 1.4 0.38 0.39 0.07 2 2 2 2 2 2 2 2 2.0 1.26 -24.0 -0.7 -0.7 -0.7 -0.7 -0.7 -0.7 0.034 0.04 0.352 0.017 0.11 0.085 2 2 2 2 2 2
2011-08-08T23:30:00 2011 8 8 23 30 0 1.2 -1.6 593.0 1.7 1.2 1.12 3.55 0.63 2 2 2 2 2 2 2 2 2.0 1.39 -29.0 -1.6 -1.6 -1.6 -1.6 -1.6 -1.6 0.125 0.172 0.352 0.108 0.415 0.282 2 2 2 2 2 2
