2011-02-12T00:30:00 2011 2 12 0 30 0 -3.5 -2.1 424.0 6.7 2.41 2.27 3.45 2.3 2 2 2 2 2 2 2 2 1.3 2.05 -5.0 -2.1 -2.1 -2.1 -2.1 -2.1 -2.1 0.431 0.523 0.198 0.305 0.572 1.0 2 2 2 2 2 2
2011-02-12T01:30:00 2011 2 12 1 30 0 -2.0 -2.0 431.0 6.8 2.53 2.04 4.38 2.96 2 2 2 2 2 2 2 2 1.3 2.07 -9.0 -2.0 -2.0 -2.0 -2.0 -2.0 -2.0 0.489 0.618 0.207 0.372 0.703 1.216 2 2 2 2 2 2
2011-02-12T02:30:00 2011 2 12 2 30 0 -3.0 -0.5 433.0 6.4 2.4 1.22 2.56 1.7 2 2 2 2 2 2 2 2 1.3 1.9 -11.0 -0.5 -0.5 -0.5 -0.5 -0.5 -0.5 0.438 0.52 0.208 0.291 0.521 1.019 2 2 2 2 2 2
2011-02-12T03:30:00 2011 2 12 3 30 0 -3.1 0.3 427.0 6.5 2.37 0.86 0.29 0.19 2 2 2 2 2 2 2 2 2.0 1.82 -9.0 0.3 0.3 0.3 0.3 0.3 0.3 0.308 0.287 0.202 0.167 0.199 0.504 2 2 2 2 2 2
2011-02-12T04:30:00 2011 2 12 4 30 0 -0.8 0.6 424.0 6.2 2.23 0.26 0.0 0.0 2 2 2 2 2 2 2 2 2.0 1.74 -5.0 0.6 0.6 0.6 0.6 0.6 0.6 0.208 0.142 0.196 0.094 0.063 0.209 2 2 2 2 2 2
2011-02-12T05:30:00 2011 2 12 5 30 0 -1.5 -0.4 429.0 5.6 2.06 0.14 0.21 0.12 2 2 2 2 2 2 2 2 2.0 1.74 -7.0 -0.4 -0.4 -0.4 -0.4 -0.4 -0.4 0.159 0.121 0.19 0.061 0.1 0.22 2 2 2 2 2 2
2011-02-12T06:30:00 2011 2 12 6 30 0 -1.7 -0.5 423.0 5.4 1.93 0.36 0.97 0.53 2 2 2 2 2 2 2 2 1.7 1.7 -5.0 -0.5 -0.5 -0.5 -0.5 -0.5 -0.5 0.157 0.181 0.186 0.062 0.203 0.365 2 2 2 2 2 2
2011-02-12T07:30:00 2011 2 12 7 30 0 1.0 -3.0 423.0 4.9 1.75 1.08 3.92 1.99 2 2 2 2 2 2 2 2 1.7 1.67 -4.0 -3.0 -3.0 -3.0 -3.0 -3.0 -3.0 0.287 0.415 0.195 0.229 0.549 0.7 2 2 2 2 2 2
2011-02-12T08:30:00 2011 2 12 8 30 0 -0.7 -2.4 423.0 4.4 1.57 1.82 5.66 2.62 2 2 2 2 2 2 2 2 1.7 1.72 -6.0 -2.4 -2.4 -2.4 -2.4 -2.4 -2.4 0.402 0.557 0.207 0.359 0.684 0.819 2 2 2 2 2 2
2011-02-12T09:30:00 2011 2 12 9 30 0 -1.3 -1.9 412.0 4.7 1.6 1.28 4.44 2.02 2 2 2 2 2 2 2 2 1.0 1.67 -4.0 -1.9 -1.9 -1.9 -1.9 -1.9 -1.9 0.44 0.577 0.213 0.37 0.642 0.794 2 2 2 2 2 2
2011-02-12T10:30:00 2011 2 12 10 30 0 -0.3 -2.1 407.0 5.0 1.66 1.08 4.11 2.0 2 2 2 2 2 2 2 2 1.0 1.63 -3.0 -2.1 -2.1 -2.1 -2.1 -2.1 -2.1 0.465 0.593 0.219 0.373 0.628 0.802 2 2 2 2 2 2
2011-02-12T11:30:00 2011 2 12 11 30 0 -0.6 -1.3 401.0 5.1 1.64 0.72 3.37 1.7 2 2 2 2 2 2 2 2 1.0 1.5 -4.0 -1.3 -1.3 -1.3 -1.3 -1.3 -1.3 0.449 0.553 0.221 0.327 0.543 0.743 2 2 2 2 2 2
2011-02-12T12:30:00 2011 2 12 12 30 0 -1.8 0.2 400.0 5.2 1.66 0.27 1.02 0.52 2 2 2 2 2 2 2 2 0.7 1.34 -4.0 0.2 0.2 0.2 0.2 0.2 0.2 0.34 0.355 0.216 0.204 0.266 0.45 2 2 2 2 2 2
2011-02-12T13:30:00 2011 2 12 13 30 0 -0.8 -0.4 395.0 4.9 1.53 0.16 0.3 0.15 2 2 2 2 2 2 2 2 0.7 1.18 -4.0 -0.4 -0.4 -0.4 -0.4 -0.4 -0.4 0.251 0.238 0.21 0.124 0.169 0.309 2 2 2 2 2 2
2011-02-12T14:30:00 2011 2 12 14 30 0 -1.2 -0.8 391.0 4.7 1.44 0.23 1.21 0.58 2 2 2 2 2 2 2 2 0.7 1.05 -6.0 -0.8 -0.8 -0.8 -0.8 -0.8 -0.8 0.23 0.261 0.206 0.107 0.238 0.356 2 2 2 2 2 2
2011-02-12T15:30:00 2011 2 12 15 30 0 -1.9 -0.3 385.0 4.5 1.33 0.35 1.03 0.47 2 2 2 2 2 2 2 2 0.7 0.93 -7.0 -0.3 -0.3 -0.3 -0.3 -0.3 -0.3 0.2 0.237 0.201 0.083 0.206 0.317 2 2 2 2 2 2
2011-02-12T16:30:00 2011 2 12 16 30 0 -0.6 -0.2 384.0 4.6 1.36 0.17 0.47 0.22 2 2 2 2 2 2 2 2 0.7 0.81 -6.0 -0.2 -0.2 -0.2 -0.2 -0.2 -0.2 0.159 0.186 0.196 0.055 0.148 0.248 2 2 2 2 2 2
2011-02-12T17:30:00 2011 2 12 17 30 0 -0.1 -0.4 381.0 4.5 1.31 0.04 0.59 0.27 2 2 2 2 2 2 2 2 0.7 0.77 -5.0 -0.4 -0.4 -0.4 -0.4 -0.4 -0.4 0.139 0.179 0.191 0.045 0.154 0.242 2 2 2 2 2 2
2011-02-12T18:30:00 2011 2 12 18 30 0 -0.9 0.0 379.0 4.3 1.24 0.04 0.35 0.15 2 2 2 2 2 2 2 2 1.3 0.81 -3.0 0.0 0.0 0.0 0.0 0.0 0.0 0.108 0.128 0.185 0.03 0.091 0.163 2 2 2 2 2 2
2011-02-12T19:30:00 2011 2 12 19 30 0 -1.7 0.1 376.0 4.1 1.16 0.14 0.0 0.0 2 2 2 2 2 2 2 2 1.3 0.86 -1.0 0.1 0.1 0.1 0.1 0.1 0.1 0.073 0.064 0.179 0.017 0.029 0.068 2 2 2 2 2 2
2011-02-12T20:30:00 2011 2 12 20 30 0 -2.3 0.7 375.0 3.7 1.04 0.24 0.0 0.0 2 2 2 2 2 2 2 2 1.3 0.93 2.0 0.7 0.7 0.7 0.7 0.7 0.7 0.05 0.032 0.174 0.01 0.009 0.028 2 2 2 2 2 2
2011-02-12T21:30:00 2011 2 12 21 30 0 -1.7 0.6 374.0 4.2 1.17 0.2 0.0 0.0 2 2 2 2 2 2 2 2 0.0 0.84 3.0 0.6 0.6 0.6 0.6 0.6 0.6 0.034 0.016 0.169 0.005 0.003 0.012 2 2 2 2 2 2
2011-02-12T22:30:00 2011 2 12 22 30 0 -0.7 0.3 376.0 4.6 1.3 0.07 0.0 0.0 2 2 2 2 2 2 2 2 0.0 0.74 0.0 0.3 0.3 0.3 0.3 0.3 0.3 0.023 0.008 0.163 0.003 0.001 0.005 2 2 2 2 2 2
2011-02-12T23:30:00 2011 2 12 23 30 0 -0.7 0.4 374.0 4.6 1.29 0.02 0.0 0.0 2 2 2 2 2 2 2 2 0.0 0.65 -2.0 0.4 0.4 0.4 0.4 0.4 0.4 0.015 0.004 0.158 0.002 0.0 0.002 2 2 2 2 2 2
