2011-11-21T00:30:00 2011 11 21 0 30 0 -3.4 -2.2 296.0 6.5 1.14 1.84 2.91 1.73 2 2 2 2 2 2 2 2 0.3 0.65 0.0 -2.2 -2.2 -2.2 -2.2 -2.2 -2.2 0.396 0.606 0.058 0.26 0.399 0.459 2 2 2 2 2 2
2011-11-21T01:30:00 2011 11 21 1 30 0 -3.0 -3.0 294.0 6.9 1.19 2.12 3.88 2.61 2 2 2 2 2 2 2 2 0.3 0.6 -1.0 -3.0 -3.0 -3.0 -3.0 -3.0 -3.0 0.456 0.71 0.065 0.331 0.481 0.574 2 2 2 2 2 2
2011-11-21T02:30:00 2011 11 21 2 30 0 -2.2 -3.9 299.0 7.6 1.36 2.7 5.18 3.78 2 2 2 2 2 2 2 2 0.3 0.54 0.0 -3.9 -3.9 -3.9 -3.9 -3.9 -3.9 0.558 0.865 0.078 0.463 0.604 0.746 2 2 2 2 2 2
2011-11-21T03:30:00 2011 11 21 3 30 0 -2.9 -3.6 300.0 8.0 1.44 3.02 5.6 4.37 2 2 2 2 2 2 2 2 0.3 0.49 -1.0 -3.6 -3.6 -3.6 -3.6 -3.6 -3.6 0.642 0.967 0.091 0.557 0.664 0.875 2 2 2 2 2 2
2011-11-21T04:30:00 2011 11 21 4 30 0 -2.1 -4.7 295.0 7.8 1.36 3.54 6.23 4.92 2 2 2 2 2 2 2 2 0.3 0.44 -5.0 -4.7 -4.7 -4.7 -4.7 -4.7 -4.7 0.735 1.077 0.107 0.672 0.732 0.964 2 2 2 2 2 2
2011-11-21T05:30:00 2011 11 21 5 30 0 -1.2 -4.8 288.0 7.4 1.23 3.92 6.92 5.25 2 2 2 2 2 2 2 2 0.3 0.4 -4.0 -4.8 -4.8 -4.8 -4.8 -4.8 -4.8 0.813 1.156 0.124 0.766 0.757 0.966 2 2 2 2 2 2
2011-11-21T06:30:00 2011 11 21 6 30 0 -1.2 -4.9 286.0 7.4 1.21 3.9 6.96 5.15 2 2 2 2 2 2 2 2 1.0 0.44 -13.0 -4.9 -4.9 -4.9 -4.9 -4.9 -4.9 0.867 1.197 0.14 0.819 0.759 0.944 2 2 2 2 2 2
2011-11-21T07:30:00 2011 11 21 7 30 0 -0.9 -4.7 278.0 8.2 1.27 3.71 6.75 5.28 2 2 2 2 2 2 2 2 1.0 0.48 -14.0 -4.7 -4.7 -4.7 -4.7 -4.7 -4.7 0.901 1.226 0.154 0.84 0.749 0.951 2 2 2 2 2 2
2011-11-21T08:30:00 2011 11 21 8 30 0 -2.1 -4.0 279.0 8.0 1.25 3.16 6.02 4.87 2 2 2 2 2 2 2 2 1.0 0.57 -14.0 -4.0 -4.0 -4.0 -4.0 -4.0 -4.0 0.893 1.195 0.166 0.797 0.702 0.92 2 2 2 2 2 2
2011-11-21T09:30:00 2011 11 21 9 30 0 -1.7 -4.1 280.0 8.3 1.3 2.92 5.67 4.63 2 2 2 2 2 2 2 2 0.7 0.62 -11.0 -4.1 -4.1 -4.1 -4.1 -4.1 -4.1 0.881 1.17 0.176 0.76 0.683 0.914 2 2 2 2 2 2
2011-11-21T10:30:00 2011 11 21 10 30 0 -2.0 -3.5 275.0 8.1 1.23 2.57 5.24 4.29 2 2 2 2 2 2 2 2 0.7 0.67 -8.0 -3.5 -3.5 -3.5 -3.5 -3.5 -3.5 0.848 1.119 0.184 0.699 0.636 0.868 2 2 2 2 2 2
2011-11-21T11:30:00 2011 11 21 11 30 0 -1.7 -4.0 273.0 9.1 1.36 2.53 5.16 4.47 2 2 2 2 2 2 2 2 0.7 0.72 -4.0 -4.0 -4.0 -4.0 -4.0 -4.0 -4.0 0.838 1.126 0.192 0.683 0.643 0.896 2 2 2 2 2 2
2011-11-21T12:30:00 2011 11 21 12 30 0 -1.7 -4.2 280.0 11.6 1.82 2.9 5.69 5.95 2 2 2 2 2 2 2 2 0.7 0.76 -3.0 -4.2 -4.2 -4.2 -4.2 -4.2 -4.2 0.876 1.22 0.204 0.738 0.722 1.131 2 2 2 2 2 2
2011-11-21T13:30:00 2011 11 21 13 30 0 -1.3 -4.6 279.0 12.8 1.99 3.27 6.17 7.57 2 2 2 2 2 2 2 2 0.7 0.81 -6.0 -4.6 -4.6 -4.6 -4.6 -4.6 -4.6 0.944 1.349 0.218 0.834 0.812 1.423 2 2 2 2 2 2
2011-11-21T14:30:00 2011 11 21 14 30 0 -1.9 -5.0 284.0 11.5 1.86 3.88 6.79 8.2 2 2 2 2 2 2 2 2 0.7 0.77 -12.0 -5.0 -5.0 -5.0 -5.0 -5.0 -5.0 1.015 1.444 0.234 0.936 0.875 1.559 2 2 2 2 2 2
2011-11-21T15:30:00 2011 11 21 15 30 0 -1.4 -5.0 283.0 12.5 2.0 4.17 7.09 8.53 2 2 2 2 2 2 2 2 1.7 0.87 -15.0 -5.0 -5.0 -5.0 -5.0 -5.0 -5.0 1.077 1.513 0.251 1.015 0.915 1.668 2 2 2 2 2 2
2011-11-21T16:30:00 2011 11 21 16 30 0 3.0 -4.7 283.0 9.9 1.59 3.92 6.85 7.6 2 2 2 2 2 2 2 2 1.7 0.96 -19.0 -4.7 -4.7 -4.7 -4.7 -4.7 -4.7 1.087 1.482 0.265 1.01 0.874 1.534 2 2 2 2 2 2
2011-11-21T17:30:00 2011 11 21 17 30 0 2.5 -3.8 291.0 10.4 1.76 3.55 6.05 6.15 2 2 2 2 2 2 2 2 1.7 1.09 -19.0 -3.8 -3.8 -3.8 -3.8 -3.8 -3.8 1.047 1.38 0.276 0.926 0.806 1.4 2 2 2 2 2 2
2011-11-21T18:30:00 2011 11 21 18 30 0 1.5 1.1 282.0 9.2 1.46 0.85 1.9 1.91 2 2 2 2 2 2 2 2 1.3 1.16 -14.0 1.1 1.1 1.1 1.1 1.1 1.1 0.784 0.857 0.271 0.578 0.377 0.798 2 2 2 2 2 2
2011-11-21T19:30:00 2011 11 21 19 30 0 -0.4 1.2 268.0 9.8 1.41 0.01 0.0 0.0 2 2 2 2 2 2 2 2 1.3 1.23 -9.0 1.2 1.2 1.2 1.2 1.2 1.2 0.531 0.426 0.262 0.324 0.119 0.331 2 2 2 2 2 2
2011-11-21T20:30:00 2011 11 21 20 30 0 -0.9 0.5 271.0 10.2 1.5 0.01 0.0 0.0 2 2 2 2 2 2 2 2 1.3 1.31 -6.0 0.5 0.5 0.5 0.5 0.5 0.5 0.359 0.211 0.254 0.181 0.038 0.137 2 2 2 2 2 2
2011-11-21T21:30:00 2011 11 21 21 30 0 1.3 -7.4 296.0 11.0 1.93 3.13 5.46 5.88 2 2 2 2 2 2 2 2 3.0 1.6 -1.0 -7.4 -7.4 -7.4 -7.4 -7.4 -7.4 0.596 0.829 0.269 0.58 0.643 0.955 2 2 2 2 2 2
2011-11-21T22:30:00 2011 11 21 22 30 0 -2.4 -4.5 300.0 17.2 3.1 5.76 8.69 12.26 2 2 2 2 2 2 2 2 3.0 1.89 -5.0 -4.5 -4.5 -4.5 -4.5 -4.5 -4.5 0.879 1.344 0.295 0.964 0.996 1.996 2 2 2 2 2 2
2011-11-21T23:30:00 2011 11 21 23 30 0 -1.0 4.5 315.0 26.0 5.16 0.65 1.42 2.69 2 2 2 2 2 2 2 2 3.0 2.06 1.0 4.5 4.5 4.5 4.5 4.5 4.5 0.648 0.778 0.289 0.586 0.392 1.079 2 2 2 2 2 2
