2011-08-28T00:30:00 2011 8 28 0 30 0 -5.0 -0.1 414.0 5.5 1.89 1.25 0.02 0.01 2 2 2 2 2 2 2 2 1.7 1.43 -5.0 -0.1 -0.1 -0.1 -0.1 -0.1 -0.1 0.026 0.016 0.083 0.006 0.021 0.039 2 2 2 2 2 2
2011-08-28T01:30:00 2011 8 28 1 30 0 -2.1 -2.1 405.0 5.4 1.77 1.73 2.41 1.31 2 2 2 2 2 2 2 2 1.7 1.44 -6.0 -2.1 -2.1 -2.1 -2.1 -2.1 -2.1 0.142 0.26 0.088 0.117 0.361 0.458 2 2 2 2 2 2
2011-08-28T02:30:00 2011 8 28 2 30 0 -3.5 -0.6 441.0 3.8 1.48 1.46 2.71 1.27 2 2 2 2 2 2 2 2 1.7 1.44 -8.0 -0.6 -0.6 -0.6 -0.6 -0.6 -0.6 0.195 0.319 0.092 0.143 0.382 0.505 2 2 2 2 2 2
2011-08-28T03:30:00 2011 8 28 3 30 0 -2.9 1.1 458.0 5.7 2.39 0.84 0.18 0.07 2 2 2 2 2 2 2 2 1.3 1.39 -7.0 1.1 1.1 1.1 1.1 1.1 1.1 0.136 0.169 0.089 0.082 0.134 0.233 2 2 2 2 2 2
2011-08-28T04:30:00 2011 8 28 4 30 0 -2.8 1.8 449.0 6.0 2.42 0.38 0.0 0.0 2 2 2 2 2 2 2 2 1.3 1.34 -5.0 1.8 1.8 1.8 1.8 1.8 1.8 0.092 0.084 0.087 0.046 0.042 0.096 2 2 2 2 2 2
2011-08-28T05:30:00 2011 8 28 5 30 0 -2.1 2.8 440.0 6.1 2.36 0.18 0.0 0.0 2 2 2 2 2 2 2 2 1.3 1.38 -5.0 2.8 2.8 2.8 2.8 2.8 2.8 0.062 0.042 0.084 0.026 0.013 0.04 2 2 2 2 2 2
2011-08-28T06:30:00 2011 8 28 6 30 0 1.7 0.7 433.0 6.1 2.29 0.03 0.0 0.0 2 2 2 2 2 2 2 2 1.0 1.37 -4.0 0.7 0.7 0.7 0.7 0.7 0.7 0.042 0.021 0.081 0.014 0.004 0.017 2 2 2 2 2 2
2011-08-28T07:30:00 2011 8 28 7 30 0 1.5 -0.3 414.0 7.2 2.47 0.2 0.12 0.09 2 2 2 2 2 2 2 2 1.0 1.37 -4.0 -0.3 -0.3 -0.3 -0.3 -0.3 -0.3 0.041 0.051 0.079 0.014 0.062 0.134 2 2 2 2 2 2
2011-08-28T08:30:00 2011 8 28 8 30 0 -0.2 -0.2 398.0 7.2 2.28 0.08 0.5 0.36 2 2 2 2 2 2 2 2 1.0 1.28 -3.0 -0.2 -0.2 -0.2 -0.2 -0.2 -0.2 0.057 0.11 0.078 0.019 0.127 0.292 2 2 2 2 2 2
2011-08-28T09:30:00 2011 8 28 9 30 0 0.4 -0.6 399.0 6.1 1.94 0.05 0.83 0.54 2 2 2 2 2 2 2 2 1.3 1.23 -2.0 -0.6 -0.6 -0.6 -0.6 -0.6 -0.6 0.089 0.183 0.077 0.038 0.208 0.41 2 2 2 2 2 2
2011-08-28T10:30:00 2011 8 28 10 30 0 -2.1 2.6 382.0 5.8 1.69 0.03 0.07 0.04 2 2 2 2 2 2 2 2 1.3 1.19 -5.0 2.6 2.6 2.6 2.6 2.6 2.6 0.06 0.091 0.075 0.021 0.066 0.17 2 2 2 2 2 2
2011-08-28T11:30:00 2011 8 28 11 30 0 0.0 1.4 392.0 5.8 1.78 0.02 0.0 0.0 2 2 2 2 2 2 2 2 1.3 1.19 -7.0 1.4 1.4 1.4 1.4 1.4 1.4 0.041 0.045 0.072 0.012 0.021 0.07 2 2 2 2 2 2
2011-08-28T12:30:00 2011 8 28 12 30 0 1.0 2.8 417.0 5.4 1.88 0.0 0.0 0.0 2 2 2 2 2 2 2 2 0.7 1.11 -5.0 2.8 2.8 2.8 2.8 2.8 2.8 0.028 0.022 0.07 0.007 0.007 0.029 2 2 2 2 2 2
2011-08-28T13:30:00 2011 8 28 13 30 0 -3.6 1.8 422.0 6.0 2.14 0.14 0.0 0.0 2 2 2 2 2 2 2 2 0.7 1.04 -5.0 1.8 1.8 1.8 1.8 1.8 1.8 0.019 0.011 0.068 0.004 0.002 0.012 2 2 2 2 2 2
2011-08-28T14:30:00 2011 8 28 14 30 0 -3.2 1.1 413.0 5.3 1.81 0.55 0.0 0.0 2 2 2 2 2 2 2 2 0.7 1.0 -7.0 1.1 1.1 1.1 1.1 1.1 1.1 0.013 0.006 0.066 0.002 0.001 0.005 2 2 2 2 2 2
2011-08-28T15:30:00 2011 8 28 15 30 0 -2.3 -0.6 406.0 5.1 1.68 0.58 0.27 0.14 2 2 2 2 2 2 2 2 1.3 1.03 -8.0 -0.6 -0.6 -0.6 -0.6 -0.6 -0.6 0.031 0.063 0.065 0.014 0.089 0.125 2 2 2 2 2 2
2011-08-28T16:30:00 2011 8 28 16 30 0 -4.1 2.1 397.0 3.5 1.1 0.62 0.09 0.04 2 2 2 2 2 2 2 2 1.3 1.07 -10.0 2.1 2.1 2.1 2.1 2.1 2.1 0.021 0.031 0.063 0.008 0.028 0.052 2 2 2 2 2 2
2011-08-28T17:30:00 2011 8 28 17 30 0 -3.3 2.1 402.0 4.7 1.52 0.51 0.0 0.0 2 2 2 2 2 2 2 2 1.3 1.08 -6.0 2.1 2.1 2.1 2.1 2.1 2.1 0.014 0.015 0.061 0.004 0.009 0.022 2 2 2 2 2 2
2011-08-28T18:30:00 2011 8 28 18 30 0 1.9 -1.6 404.0 6.9 2.25 0.27 0.84 0.56 2 2 2 2 2 2 2 2 2.3 1.21 -2.0 -1.6 -1.6 -1.6 -1.6 -1.6 -1.6 0.072 0.149 0.062 0.057 0.21 0.317 2 2 2 2 2 2
2011-08-28T19:30:00 2011 8 28 19 30 0 -2.9 1.8 404.0 6.9 2.25 0.2 0.63 0.44 2 2 2 2 2 2 2 2 2.3 1.34 -4.0 1.8 1.8 1.8 1.8 1.8 1.8 0.066 0.108 0.061 0.042 0.104 0.205 2 2 2 2 2 2
2011-08-28T20:30:00 2011 8 28 20 30 0 -5.2 4.6 413.0 6.6 2.25 0.52 0.0 0.0 2 2 2 2 2 2 2 2 2.3 1.54 -1.0 4.6 4.6 4.6 4.6 4.6 4.6 0.045 0.054 0.059 0.024 0.033 0.085 2 2 2 2 2 2
2011-08-28T21:30:00 2011 8 28 21 30 0 -4.7 4.3 414.0 6.8 2.33 0.66 0.0 0.0 2 2 2 2 2 2 2 2 1.7 1.66 2.0 4.3 4.3 4.3 4.3 4.3 4.3 0.03 0.027 0.058 0.013 0.01 0.035 2 2 2 2 2 2
2011-08-28T22:30:00 2011 8 28 22 30 0 -5.5 2.6 417.0 7.6 2.64 0.93 0.0 0.0 2 2 2 2 2 2 2 2 1.7 1.78 5.0 2.6 2.6 2.6 2.6 2.6 2.6 0.02 0.013 0.056 0.007 0.003 0.015 2 2 2 2 2 2
2011-08-28T23:30:00 2011 8 28 23 30 0 -5.7 0.8 410.0 7.5 2.52 1.69 0.0 0.0 2 2 2 2 2 2 2 2 1.7 1.83 6.0 0.8 0.8 0.8 0.8 0.8 0.8 0.014 0.007 0.054 0.004 0.001 0.006 2 2 2 2 2 2
