2011-02-02T00:30:00 2011 2 2 0 30 0 -1.9 -0.7 509.0 3.7 1.92 0.52 0.97 0.36 2 2 2 2 2 2 2 2 3.0 2.65 -15.0 -0.7 -0.7 -0.7 -0.7 -0.7 -0.7 0.12 0.13 0.21 0.053 0.22 0.311 2 2 2 2 2 2
2011-02-02T01:30:00 2011 2 2 1 30 0 -1.7 -0.1 499.0 4.2 2.09 0.48 0.95 0.37 2 2 2 2 2 2 2 2 3.0 2.62 -15.0 -0.1 -0.1 -0.1 -0.1 -0.1 -0.1 0.116 0.14 0.205 0.047 0.2 0.33 2 2 2 2 2 2
2011-02-02T02:30:00 2011 2 2 2 30 0 -1.7 0.9 489.0 4.4 2.1 0.22 0.0 0.0 2 2 2 2 2 2 2 2 3.0 2.59 -10.0 0.9 0.9 0.9 0.9 0.9 0.9 0.078 0.07 0.199 0.026 0.063 0.137 2 2 2 2 2 2
2011-02-02T03:30:00 2011 2 2 3 30 0 -1.6 1.0 484.0 4.4 2.06 0.13 0.0 0.0 2 2 2 2 2 2 2 2 2.0 2.43 -3.0 1.0 1.0 1.0 1.0 1.0 1.0 0.053 0.035 0.193 0.015 0.02 0.057 2 2 2 2 2 2
2011-02-02T04:30:00 2011 2 2 4 30 0 -3.4 -0.9 474.0 4.8 2.16 0.77 0.6 0.28 2 2 2 2 2 2 2 2 2.0 2.27 0.0 -0.9 -0.9 -0.9 -0.9 -0.9 -0.9 0.075 0.104 0.189 0.036 0.167 0.243 2 2 2 2 2 2
2011-02-02T05:30:00 2011 2 2 5 30 0 -4.3 -1.7 465.0 4.7 2.03 2.44 3.12 1.48 2 2 2 2 2 2 2 2 2.0 2.3 -3.0 -1.7 -1.7 -1.7 -1.7 -1.7 -1.7 0.185 0.296 0.193 0.144 0.466 0.62 2 2 2 2 2 2
2011-02-02T06:30:00 2011 2 2 6 30 0 -6.5 -0.7 458.0 4.2 1.76 3.75 2.67 1.19 2 2 2 2 2 2 2 2 1.3 2.24 -8.0 -0.7 -0.7 -0.7 -0.7 -0.7 -0.7 0.224 0.333 0.194 0.159 0.442 0.627 2 2 2 2 2 2
2011-02-02T07:30:00 2011 2 2 7 30 0 -5.9 1.8 449.0 4.2 1.69 2.9 0.16 0.07 2 2 2 2 2 2 2 2 1.3 2.18 -7.0 1.8 1.8 1.8 1.8 1.8 1.8 0.154 0.171 0.188 0.089 0.148 0.275 2 2 2 2 2 2
2011-02-02T08:30:00 2011 2 2 8 30 0 -2.4 2.8 442.0 4.9 1.91 0.76 0.0 0.0 2 2 2 2 2 2 2 2 1.3 1.97 -4.0 2.8 2.8 2.8 2.8 2.8 2.8 0.104 0.085 0.182 0.05 0.047 0.114 2 2 2 2 2 2
2011-02-02T09:30:00 2011 2 2 9 30 0 -2.4 1.8 421.0 7.3 2.59 0.17 0.0 0.0 2 2 2 2 2 2 2 2 1.7 1.81 1.0 1.8 1.8 1.8 1.8 1.8 1.8 0.07 0.042 0.177 0.028 0.015 0.047 2 2 2 2 2 2
2011-02-02T10:30:00 2011 2 2 10 30 0 -5.0 2.8 424.0 6.1 2.19 0.58 0.0 0.0 2 2 2 2 2 2 2 2 1.7 1.66 5.0 2.8 2.8 2.8 2.8 2.8 2.8 0.048 0.021 0.171 0.016 0.005 0.02 2 2 2 2 2 2
2011-02-02T11:30:00 2011 2 2 11 30 0 -5.4 -2.1 426.0 5.2 1.89 2.4 1.15 0.61 2 2 2 2 2 2 2 2 1.7 1.62 2.0 -2.1 -2.1 -2.1 -2.1 -2.1 -2.1 0.107 0.163 0.171 0.082 0.247 0.304 2 2 2 2 2 2
2011-02-02T12:30:00 2011 2 2 12 30 0 -3.9 -0.8 437.0 4.8 1.83 2.92 3.01 1.51 2 2 2 2 2 2 2 2 1.7 1.59 -2.0 -0.8 -0.8 -0.8 -0.8 -0.8 -0.8 0.187 0.299 0.173 0.141 0.395 0.535 2 2 2 2 2 2
2011-02-02T13:30:00 2011 2 2 13 30 0 -4.1 -0.2 424.0 4.1 1.47 1.67 1.02 0.46 2 2 2 2 2 2 2 2 1.7 1.56 -4.0 -0.2 -0.2 -0.2 -0.2 -0.2 -0.2 0.167 0.244 0.17 0.1 0.257 0.406 2 2 2 2 2 2
2011-02-02T14:30:00 2011 2 2 14 30 0 -3.4 -1.6 420.0 3.0 1.06 1.77 2.02 0.68 2 2 2 2 2 2 2 2 1.7 1.6 -6.0 -1.6 -1.6 -1.6 -1.6 -1.6 -1.6 0.2 0.293 0.17 0.126 0.339 0.39 2 2 2 2 2 2
2011-02-02T15:30:00 2011 2 2 15 30 0 -3.7 -1.2 414.0 2.4 0.82 1.95 2.88 0.78 2 2 2 2 2 2 2 2 1.3 1.6 -9.0 -1.2 -1.2 -1.2 -1.2 -1.2 -1.2 0.228 0.318 0.17 0.146 0.355 0.334 2 2 2 2 2 2
2011-02-02T16:30:00 2011 2 2 16 30 0 -0.9 -0.5 425.0 3.2 1.16 0.82 1.72 0.48 2 2 2 2 2 2 2 2 1.3 1.6 -8.0 -0.5 -0.5 -0.5 -0.5 -0.5 -0.5 0.212 0.278 0.168 0.119 0.284 0.287 2 2 2 2 2 2
2011-02-02T17:30:00 2011 2 2 17 30 0 -1.7 0.3 434.0 3.1 1.17 0.18 0.29 0.09 2 2 2 2 2 2 2 2 1.3 1.54 -8.0 0.3 0.3 0.3 0.3 0.3 0.3 0.152 0.159 0.163 0.07 0.115 0.151 2 2 2 2 2 2
2011-02-02T18:30:00 2011 2 2 18 30 0 -4.3 -1.5 425.0 2.2 0.79 1.31 1.47 0.36 2 2 2 2 2 2 2 2 1.3 1.49 -9.0 -1.5 -1.5 -1.5 -1.5 -1.5 -1.5 0.164 0.204 0.162 0.087 0.233 0.195 2 2 2 2 2 2
2011-02-02T19:30:00 2011 2 2 19 30 0 -3.1 -2.2 421.0 2.0 0.71 2.52 3.97 0.83 2 2 2 2 2 2 2 2 1.3 1.44 -11.0 -2.2 -2.2 -2.2 -2.2 -2.2 -2.2 0.23 0.304 0.165 0.164 0.382 0.245 2 2 2 2 2 2
2011-02-02T20:30:00 2011 2 2 20 30 0 -2.6 -1.5 416.0 2.0 0.69 1.86 3.81 0.76 2 2 2 2 2 2 2 2 1.3 1.4 -12.0 -1.5 -1.5 -1.5 -1.5 -1.5 -1.5 0.26 0.333 0.168 0.187 0.389 0.244 2 2 2 2 2 2
2011-02-02T21:30:00 2011 2 2 21 30 0 -2.3 -1.0 416.0 1.8 0.62 1.13 2.56 0.49 2 2 2 2 2 2 2 2 0.3 1.22 -12.0 -1.0 -1.0 -1.0 -1.0 -1.0 -1.0 0.249 0.3 0.167 0.16 0.32 0.206 2 2 2 2 2 2
2011-02-02T22:30:00 2011 2 2 22 30 0 -2.3 -1.0 412.0 1.6 0.54 0.9 2.07 0.35 2 2 2 2 2 2 2 2 0.3 1.04 -12.0 -1.0 -1.0 -1.0 -1.0 -1.0 -1.0 0.228 0.265 0.165 0.133 0.271 0.168 2 2 2 2 2 2
2011-02-02T23:30:00 2011 2 2 23 30 0 -1.7 -0.8 407.0 1.3 0.43 0.68 1.83 0.26 2 2 2 2 2 2 2 2 0.3 0.91 -12.0 -0.8 -0.8 -0.8 -0.8 -0.8 -0.8 0.204 0.229 0.163 0.107 0.225 0.129 2 2 2 2 2 2
