1992-07-19T00:30:00 1992 7 19 0 30 0 -3.2 -0.1 321.0 7.0 1.4 0.69 0.1 0.07 2 2 2 2 2 2 2 2 1.7 0.98 -5.0 -0.1 -0.1 -0.1 -0.1 -0.1 -0.1 0.073 0.132 0.13 0.049 0.089 0.169 1 1 0 1 2 2
1992-07-19T01:30:00 1992 7 19 1 30 0 -3.6 0.2 321.0 6.5 1.33 0.74 0.02 0.01 2 2 2 2 2 2 2 2 1.7 1.07 -1.0 0.2 0.2 0.2 0.2 0.2 0.2 0.05 0.069 0.126 0.027 0.031 0.077 1 1 0 1 2 2
1992-07-19T02:30:00 1992 7 19 2 30 0 -4.7 -0.5 323.0 7.0 1.43 1.22 0.32 0.22 2 2 2 2 2 2 2 2 1.7 1.16 3.0 -0.5 -0.5 -0.5 -0.5 -0.5 -0.5 0.06 0.118 0.122 0.027 0.093 0.164 2 2 0 2 2 2
1992-07-19T03:30:00 1992 7 19 3 30 0 -3.2 0.3 320.0 7.1 1.43 1.03 0.22 0.15 2 2 2 2 2 2 2 2 0.7 1.12 1.0 0.3 0.3 0.3 0.3 0.3 0.3 0.05 0.087 0.119 0.018 0.052 0.114 2 2 0 2 2 2
1992-07-19T04:30:00 1992 7 19 4 30 0 -3.5 1.1 315.0 7.3 1.43 0.54 0.0 0.0 2 2 2 2 2 2 2 2 0.7 1.08 2.0 1.1 1.1 1.1 1.1 1.1 1.1 0.034 0.043 0.115 0.01 0.016 0.047 2 2 0 2 2 2
1992-07-19T05:30:00 1992 7 19 5 30 0 -4.5 0.8 326.0 8.7 1.7 0.76 0.0 0.0 2 2 2 2 2 2 2 2 0.7 1.07 6.0 0.8 0.8 0.8 0.8 0.8 0.8 0.023 0.021 0.112 0.006 0.005 0.02 2 2 0 2 2 2
1992-07-19T06:30:00 1992 7 19 6 30 0 -3.8 1.2 324.0 11.6 2.2 0.78 0.0 0.0 2 2 2 2 2 2 2 2 0.7 1.07 9.0 1.2 1.2 1.2 1.2 1.2 1.2 0.015 0.011 0.108 0.003 0.002 0.008 2 2 0 2 2 2
1992-07-19T07:30:00 1992 7 19 7 30 0 -3.6 1.8 323.0 12.9 2.42 0.51 0.0 0.0 2 2 2 2 2 2 2 2 0.7 1.06 9.0 1.8 1.8 1.8 1.8 1.8 1.8 0.01 0.005 0.105 0.002 0.001 0.003 2 2 0 2 2 2
1992-07-19T08:30:00 1992 7 19 8 30 0 -4.5 2.7 310.0 7.8 1.42 0.5 0.0 0.0 2 2 2 2 2 2 2 2 0.7 0.94 5.0 2.7 2.7 2.7 2.7 2.7 2.7 0.007 0.003 0.102 0.001 0.0 0.001 2 2 0 2 2 2
1992-07-19T09:30:00 1992 7 19 9 30 0 -3.1 1.5 313.0 11.3 2.0 0.43 0.0 0.0 2 2 2 2 2 2 2 2 0.3 0.77 8.0 1.5 1.5 1.5 1.5 1.5 1.5 0.005 0.001 0.099 0.001 0.0 0.001 2 2 0 2 2 2
1992-07-19T10:30:00 1992 7 19 10 30 0 -2.8 1.5 310.0 10.9 2.02 0.28 0.0 0.0 2 2 2 2 2 2 2 2 0.3 0.6 10.0 1.5 1.5 1.5 1.5 1.5 1.5 0.003 0.001 0.096 0.0 0.0 0.0 2 2 0 2 2 2
1992-07-19T11:30:00 1992 7 19 11 30 0 -2.1 3.1 309.0 11.5 2.04 0.13 0.0 0.0 2 2 2 2 2 2 2 2 0.3 0.54 13.0 3.1 3.1 3.1 3.1 3.1 3.1 0.002 0.0 0.093 0.0 0.0 0.0 2 2 0 2 2 2
1992-07-19T12:30:00 1992 7 19 12 30 0 -0.3 3.6 308.0 11.8 2.05 0.02 0.0 0.0 2 2 2 2 2 2 2 2 0.3 0.49 12.0 3.6 3.6 3.6 3.6 3.6 3.6 0.001 0.0 0.09 0.0 0.0 0.0 2 2 0 2 2 2
1992-07-19T13:30:00 1992 7 19 13 30 0 0.5 3.6 308.0 11.4 1.92 0.0 0.0 0.0 2 2 2 2 2 2 2 2 0.3 0.44 11.0 3.6 3.6 3.6 3.6 3.6 3.6 0.001 0.0 0.087 0.0 0.0 0.0 2 2 0 2 2 2
1992-07-19T14:30:00 1992 7 19 14 30 0 1.4 2.9 303.0 11.7 1.95 0.01 0.0 0.0 2 2 2 2 2 2 2 2 0.3 0.4 11.0 2.9 2.9 2.9 2.9 2.9 2.9 0.001 0.0 0.085 0.0 0.0 0.0 2 2 0 2 2 2
1992-07-19T15:30:00 1992 7 19 15 30 0 -3.4 -1.0 296.0 12.0 2.1 0.25 0.25 0.3 2 2 2 2 2 2 2 2 1.0 0.44 10.0 -1.0 -1.0 -1.0 -1.0 -1.0 -1.0 0.03 0.093 0.083 0.02 0.087 0.178 2 2 0 2 2 2
1992-07-19T16:30:00 1992 7 19 16 30 0 -3.4 -0.9 299.0 13.4 2.4 1.07 1.41 1.79 2 2 2 2 2 2 2 2 1.0 0.48 11.0 -0.9 -0.9 -0.9 -0.9 -0.9 -0.9 0.117 0.314 0.083 0.073 0.25 0.586 2 2 0 2 2 2
1992-07-19T17:30:00 1992 7 19 17 30 0 -2.3 -1.4 300.0 15.9 2.86 0.93 1.75 2.6 2 2 2 2 2 2 2 2 1.0 0.57 12.0 -1.4 -1.4 -1.4 -1.4 -1.4 -1.4 0.209 0.505 0.085 0.136 0.373 0.984 2 2 0 2 2 2
1992-07-19T18:30:00 1992 7 19 18 30 0 -2.3 -1.08 299.3 15.86 2.86 0.75 1.84 2.92 1 1 1 1 1 1 1 1 1.3 0.7 9.0 -1.3 -1.25 -1.41 -1.4 -1.25 -1.21 0.285 0.619 0.089 0.19 0.424 1.201 1 1 0 1 1 1
1992-07-19T19:30:00 1992 7 19 19 30 0 -2.19 0.11 298.7 15.63 2.81 0.44 0.67 1.05 1 1 1 1 1 1 1 1 1.3 0.82 7.0 -0.92 -0.68 -1.44 -1.41 -0.7 -0.51 0.308 0.585 0.092 0.22 0.362 1.072 1 1 0 1 1 1
1992-07-19T20:30:00 1992 7 19 20 30 0 -1.95 0.34 298.0 15.4 2.73 0.23 0.0 0.0 1 0 1 1 1 1 1 1 1.3 0.95 4.0 -0.85 -0.57 -1.45 -1.41 -0.6 -0.38 0.306 0.508 0.095 0.237 0.297 0.867 1 1 0 1 0 1
1992-07-19T21:30:00 1992 7 19 21 30 0 -1.71 -0.08 297.3 15.17 2.66 0.19 0.02 0.03 1 1 1 1 1 1 1 1 1.7 1.12 1.0 -1.11 -0.87 -1.63 -1.59 -0.89 -0.7 0.318 0.507 0.098 0.257 0.308 0.856 1 1 0 1 1 1
1992-07-19T22:30:00 1992 7 19 22 30 0 -1.6 -2.23 296.7 14.94 2.61 0.6 1.85 2.77 1 1 1 1 1 1 1 1 1.7 1.3 2.0 -2.44 -2.4 -2.55 -2.55 -2.4 -2.36 0.411 0.713 0.105 0.346 0.488 1.229 1 1 0 1 1 1
1992-07-19T23:30:00 1992 7 19 23 30 0 -1.6 -2.8 296.0 14.9 2.61 1.38 3.76 5.61 2 2 2 2 2 2 2 2 1.7 1.38 3.0 -2.8 -2.8 -2.8 -2.8 -2.8 -2.8 0.532 0.933 0.115 0.451 0.639 1.565 1 2 1 2 2 2
