1992-11-10T00:30:00 1992 11 10 0 30 0 -8.0 1.5 460.0 45.2 18.91 4.71 0.0 0.0 2 2 2 2 2 2 2 2 3.0 3.65 -12.0 1.5 1.5 1.5 1.5 1.5 1.5 0.109 0.026 1.545 0.035 0.01 0.076 2 2 2 2 2 2
1992-11-10T01:30:00 1992 11 10 1 30 0 -7.4 1.36 467.7 33.6 14.27 3.87 0.0 0.0 1 1 1 1 1 1 1 1 3.0 3.49 -21.0 1.36 1.36 1.36 1.36 1.36 1.36 0.074 0.013 1.497 0.02 0.003 0.031 2 2 2 2 2 2
1992-11-10T02:30:00 1992 11 10 2 30 0 -6.8 0.74 475.3 22.0 9.63 3.59 0.0 0.0 1 1 1 1 1 1 1 1 3.0 3.48 -43.0 0.74 0.74 0.74 0.74 0.74 0.74 0.05 0.006 1.452 0.011 0.001 0.013 2 2 2 2 2 2
1992-11-10T03:30:00 1992 11 10 3 30 0 -6.2 0.6 483.0 10.4 4.99 3.29 0.0 0.0 2 2 2 2 2 2 2 2 2.7 3.44 -43.0 0.6 0.6 0.6 0.6 0.6 0.6 0.034 0.003 1.407 0.006 0.0 0.005 2 2 2 2 2 2
1992-11-10T04:30:00 1992 11 10 4 30 0 -4.7 3.1 486.0 8.4 4.02 1.73 0.0 0.0 2 2 2 2 2 2 2 2 2.7 3.39 -47.0 3.1 3.1 3.1 3.1 3.1 3.1 0.023 0.002 1.364 0.003 0.0 0.002 2 2 2 2 2 2
1992-11-10T05:30:00 1992 11 10 5 30 0 -5.6 1.8 481.0 9.2 4.28 1.37 0.0 0.0 2 2 2 2 2 2 2 2 2.7 3.2 -47.0 1.8 1.8 1.8 1.8 1.8 1.8 0.015 0.001 1.323 0.002 0.0 0.001 2 2 2 2 2 2
1992-11-10T06:30:00 1992 11 10 6 30 0 -3.3 4.6 458.0 8.6 3.66 0.77 0.0 0.0 2 2 2 2 2 2 2 2 2.3 2.95 -49.0 4.6 4.6 4.6 4.6 4.6 4.6 0.01 0.0 1.282 0.001 0.0 0.0 2 2 2 2 2 2
1992-11-10T07:30:00 1992 11 10 7 30 0 -5.1 3.6 482.0 9.1 4.12 0.58 0.0 0.0 2 2 2 2 2 2 2 2 2.3 2.7 -47.0 3.6 3.6 3.6 3.6 3.6 3.6 0.007 0.0 1.243 0.001 0.0 0.0 2 2 2 2 2 2
1992-11-10T08:30:00 1992 11 10 8 30 0 -2.4 4.6 466.0 8.8 3.79 0.4 0.0 0.0 2 2 2 2 2 2 2 2 2.3 2.62 -47.0 4.6 4.6 4.6 4.6 4.6 4.6 0.005 0.0 1.205 0.0 0.0 0.0 2 2 2 2 2 2
1992-11-10T09:30:00 1992 11 10 9 30 0 -0.9 6.5 474.0 8.4 3.76 0.03 0.0 0.0 2 2 2 2 2 2 2 2 3.0 2.62 -44.0 6.5 6.5 6.5 6.5 6.5 6.5 0.003 0.0 1.169 0.0 0.0 0.0 2 2 2 2 2 2
1992-11-10T10:30:00 1992 11 10 10 30 0 1.0 5.6 466.0 8.4 3.66 0.0 0.0 0.0 2 2 2 2 2 2 2 2 3.0 2.63 -41.0 5.6 5.6 5.6 5.6 5.6 5.6 0.002 0.0 1.133 0.0 0.0 0.0 2 2 2 2 2 2
1992-11-10T11:30:00 1992 11 10 11 30 0 -4.9 0.6 481.0 9.6 4.51 0.44 0.0 0.0 2 2 2 2 2 2 2 2 3.0 2.67 -38.0 0.6 0.6 0.6 0.6 0.6 0.6 0.001 0.0 1.098 0.0 0.0 0.0 2 2 2 2 2 2
1992-11-10T12:30:00 1992 11 10 12 30 0 -2.5 2.9 481.0 9.6 4.73 0.74 0.0 0.0 2 2 2 2 2 2 2 2 2.0 2.58 -39.0 2.9 2.9 2.9 2.9 2.9 2.9 0.001 0.0 1.065 0.0 0.0 0.0 2 2 2 2 2 2
1992-11-10T13:30:00 1992 11 10 13 30 0 0.7 2.2 472.0 9.0 4.27 0.03 0.0 0.0 2 2 2 2 2 2 2 2 2.0 2.49 -33.0 2.2 2.2 2.2 2.2 2.2 2.2 0.001 0.0 1.032 0.0 0.0 0.0 2 2 2 2 2 2
1992-11-10T14:30:00 1992 11 10 14 30 0 -2.5 2.3 481.0 8.7 4.1 0.05 0.0 0.0 2 2 2 2 2 2 2 2 2.0 2.44 -31.0 2.3 2.3 2.3 2.3 2.3 2.3 0.0 0.0 1.001 0.0 0.0 0.0 2 2 2 2 2 2
1992-11-10T15:30:00 1992 11 10 15 30 0 -5.8 -1.5 502.0 9.3 4.77 2.02 0.9 0.83 2 2 2 2 2 2 2 2 3.3 2.57 -28.0 -1.5 -1.5 -1.5 -1.5 -1.5 -1.5 0.077 0.158 0.976 0.072 0.31 0.735 2 2 2 2 2 2
1992-11-10T16:30:00 1992 11 10 16 30 0 -1.9 -1.7 503.0 10.2 5.46 2.81 4.04 3.96 2 2 2 2 2 2 2 2 3.3 2.7 -31.0 -1.7 -1.7 -1.7 -1.7 -1.7 -1.7 0.267 0.458 0.965 0.258 0.779 2.022 2 2 2 2 2 2
1992-11-10T17:30:00 1992 11 10 17 30 0 2.2 4.4 498.0 10.9 5.41 0.13 0.43 0.44 2 2 2 2 2 2 2 2 3.3 2.74 -34.0 4.4 4.4 4.4 4.4 4.4 4.4 0.187 0.244 0.936 0.147 0.269 0.935 2 2 2 2 2 2
1992-11-10T18:30:00 1992 11 10 18 30 0 -6.0 6.6 518.0 12.8 7.3 0.24 0.0 0.0 2 2 2 2 2 2 2 2 2.3 2.66 -27.0 6.6 6.6 6.6 6.6 6.6 6.6 0.127 0.121 0.907 0.082 0.085 0.388 2 2 2 2 2 2
1992-11-10T19:30:00 1992 11 10 19 30 0 2.6 9.1 532.0 12.2 7.15 0.14 0.0 0.0 2 2 2 2 2 2 2 2 2.3 2.57 -21.0 9.1 9.1 9.1 9.1 9.1 9.1 0.086 0.06 0.88 0.046 0.027 0.161 2 2 2 2 2 2
1992-11-10T20:30:00 1992 11 10 20 30 0 4.9 2.1 549.0 11.7 7.59 0.52 0.0 0.0 2 2 2 2 2 2 2 2 2.3 2.6 -19.0 2.1 2.1 2.1 2.1 2.1 2.1 0.058 0.03 0.853 0.026 0.009 0.067 2 2 2 2 2 2
1992-11-10T21:30:00 1992 11 10 21 30 0 -6.7 4.2 598.0 9.9 7.05 0.57 0.0 0.0 2 2 2 2 2 2 2 2 3.0 2.72 -21.0 4.2 4.2 4.2 4.2 4.2 4.2 0.039 0.015 0.827 0.014 0.003 0.028 2 2 2 2 2 2
1992-11-10T22:30:00 1992 11 10 22 30 0 -2.4 7.1 623.0 9.9 7.85 0.71 0.0 0.0 2 2 2 2 2 2 2 2 3.0 2.84 -22.0 7.1 7.1 7.1 7.1 7.1 7.1 0.027 0.007 0.801 0.008 0.001 0.011 2 2 2 2 2 2
1992-11-10T23:30:00 1992 11 10 23 30 0 0.1 3.6 612.0 10.1 7.83 0.02 0.0 0.0 2 2 2 2 2 2 2 2 3.0 2.81 -20.0 3.6 3.6 3.6 3.6 3.6 3.6 0.018 0.004 0.777 0.005 0.0 0.005 2 2 2 2 2 2
