1992-04-25T00:30:00 1992 4 25 0 30 0 -1.9 -2.4 357.0 6.5 1.65 1.19 2.32 1.53 2 2 2 2 2 2 2 2 3.0 2.78 -14.0 -2.4 -2.4 -2.4 -2.4 -2.4 -2.4 0.234 0.315 0.358 0.155 0.338 0.451 2 2 2 2 2 2
1992-04-25T01:30:00 1992 4 25 1 30 0 -0.3 -5.7 378.0 6.9 1.97 3.99 7.74 5.22 2 2 2 2 2 2 2 2 3.0 2.78 -14.0 -5.7 -5.7 -5.7 -5.7 -5.7 -5.7 0.513 0.761 0.379 0.578 0.855 1.076 2 2 2 2 2 2
1992-04-25T02:30:00 1992 4 25 2 30 0 -0.3 -4.56 375.4 6.9 1.97 5.42 9.57 6.6 1 1 1 1 1 1 1 1 3.0 2.82 -17.0 -4.86 -4.8 -4.98 -4.97 -4.8 -4.75 0.749 1.031 0.407 0.906 1.072 1.418 1 1 2 1 1 1
1992-04-25T03:30:00 1992 4 25 3 30 0 -0.23 -0.32 372.7 6.9 2.01 1.44 4.24 2.92 1 1 1 1 1 1 1 1 3.0 2.85 -15.0 -1.74 -1.45 -2.29 -2.26 -1.48 -1.23 0.742 0.913 0.417 0.813 0.811 1.207 1 1 2 1 1 1
1992-04-25T04:30:00 1992 4 25 4 30 0 -0.09 0.48 370.1 7.11 2.15 0.0 0.1 0.07 1 0 1 1 1 1 1 1 3.0 2.89 -16.0 -1.15 -0.81 -1.79 -1.75 -0.85 -0.56 0.627 0.676 0.415 0.614 0.519 0.853 1 1 2 1 1 1
1992-04-25T05:30:00 1992 4 25 5 30 0 0.04 0.48 367.4 7.37 2.29 0.0 0.0 0.0 1 0 1 1 1 1 1 1 3.0 2.93 -11.0 -1.15 -0.82 -1.79 -1.75 -0.85 -0.56 0.534 0.531 0.411 0.486 0.396 0.663 1 1 2 1 0 0
1992-04-25T06:30:00 1992 4 25 6 30 0 0.1 0.48 364.8 7.63 2.43 0.0 0.0 0.0 0 0 1 1 1 0 1 1 2.7 2.92 -8.0 -1.15 -0.82 -1.79 -1.75 -0.85 -0.56 0.472 0.463 0.408 0.415 0.357 0.593 1 0 2 0 0 0
1992-04-25T07:30:00 1992 4 25 7 30 0 0.1 0.47 362.1 7.9 2.44 0.0 0.0 0.0 0 0 1 1 0 0 1 1 2.7 2.92 -7.0 -1.16 -0.82 -1.79 -1.75 -0.85 -0.56 0.431 0.432 0.405 0.376 0.346 0.573 0 0 2 0 0 0
1992-04-25T08:30:00 1992 4 25 8 30 0 0.1 0.47 359.5 8.05 2.44 0.0 0.0 0.0 0 0 1 0 0 0 1 0 2.7 2.88 -15.0 -1.16 -0.82 -1.79 -1.76 -0.85 -0.56 0.404 0.419 0.402 0.355 0.341 0.569 0 0 2 0 0 0
1992-04-25T09:30:00 1992 4 25 9 30 0 0.1 0.47 356.8 8.05 2.44 0.0 0.0 0.0 0 0 1 0 0 0 1 0 2.0 2.75 -16.0 -1.16 -0.82 -1.8 -1.76 -0.86 -0.57 0.386 0.412 0.399 0.342 0.339 0.566 0 0 2 0 0 0
1992-04-25T10:30:00 1992 4 25 10 30 0 0.1 0.47 354.2 8.06 2.45 0.0 0.0 0.0 0 0 1 0 0 0 1 0 2.0 2.63 -12.0 -1.16 -0.82 -1.8 -1.76 -0.86 -0.57 0.373 0.409 0.396 0.334 0.336 0.56 0 0 1 0 0 0
1992-04-25T11:30:00 1992 4 25 11 30 0 0.1 0.47 351.5 8.07 2.45 0.0 0.0 0.0 0 0 1 0 0 0 1 0 2.0 2.5 -7.0 -1.16 -0.82 -1.8 -1.76 -0.86 -0.57 0.363 0.407 0.393 0.328 0.333 0.552 0 0 1 0 0 0
1992-04-25T12:30:00 1992 4 25 12 30 0 0.1 0.47 348.9 7.72 2.45 0.0 0.0 0.0 0 0 1 1 0 0 1 1 2.7 2.47 -7.0 -1.16 -0.82 -1.8 -1.76 -0.86 -0.57 0.355 0.403 0.389 0.322 0.326 0.531 0 0 1 0 0 0
1992-04-25T13:30:00 1992 4 25 13 30 0 0.1 0.47 346.2 7.06 2.44 0.0 0.0 0.0 0 0 1 1 1 0 1 1 2.7 2.44 -6.0 -1.16 -0.83 -1.8 -1.76 -0.86 -0.57 0.345 0.395 0.386 0.313 0.315 0.49 0 0 1 0 0 0
1992-04-25T14:30:00 1992 4 25 14 30 0 -0.11 0.46 343.6 6.4 2.11 0.0 0.0 0.0 1 0 1 1 1 1 1 1 2.7 2.44 -9.0 -1.17 -0.83 -1.8 -1.77 -0.86 -0.57 0.335 0.383 0.382 0.302 0.301 0.437 0 0 1 0 0 0
1992-04-25T15:30:00 1992 4 25 15 30 0 -0.7 0.46 340.9 5.74 1.77 0.01 0.0 0.0 1 0 1 1 1 1 1 1 1.7 2.31 -12.0 -1.17 -0.83 -1.81 -1.77 -0.86 -0.57 0.324 0.368 0.378 0.29 0.285 0.382 0 0 1 0 0 0
1992-04-25T16:30:00 1992 4 25 16 30 0 -1.28 0.48 338.3 5.2 1.44 0.04 0.0 0.0 1 1 1 1 1 1 1 1 1.7 2.19 -15.0 -0.93 -0.64 -1.49 -1.45 -0.67 -0.42 0.301 0.334 0.372 0.259 0.25 0.314 0 0 1 0 1 0
1992-04-25T17:30:00 1992 4 25 17 30 0 -1.6 0.57 335.6 5.2 1.33 0.09 0.0 0.0 1 1 1 1 1 1 1 1 1.7 2.14 -17.0 0.28 0.34 0.16 0.17 0.33 0.39 0.223 0.197 0.362 0.165 0.108 0.152 0 1 1 0 1 1
1992-04-25T18:30:00 1992 4 25 18 30 0 -1.6 0.6 333.0 5.2 1.33 0.11 0.0 0.0 2 2 2 2 2 2 2 2 1.3 2.05 -18.0 0.6 0.6 0.6 0.6 0.6 0.6 0.151 0.098 0.351 0.093 0.034 0.063 0 1 1 0 1 1
1992-04-25T19:30:00 1992 4 25 19 30 0 -4.9 -1.1 338.0 6.2 1.51 1.03 0.68 0.41 2 2 2 2 2 2 2 2 1.3 1.96 -16.0 -1.1 -1.1 -1.1 -1.1 -1.1 -1.1 0.15 0.177 0.342 0.083 0.152 0.208 1 2 1 1 2 2
1992-04-25T20:30:00 1992 4 25 20 30 0 -6.5 -3.5 350.0 6.3 1.5 4.28 4.15 2.6 2 2 2 2 2 2 2 2 1.3 1.78 -15.0 -3.5 -3.5 -3.5 -3.5 -3.5 -3.5 0.306 0.491 0.344 0.266 0.497 0.596 2 2 1 2 2 2
1992-04-25T21:30:00 1992 4 25 21 30 0 -5.5 -3.2 335.0 6.2 1.41 5.48 5.71 3.57 2 2 2 2 2 2 2 2 2.7 1.8 -22.0 -3.2 -3.2 -3.2 -3.2 -3.2 -3.2 0.449 0.701 0.351 0.422 0.641 0.779 2 2 1 2 2 2
1992-04-25T22:30:00 1992 4 25 22 30 0 -4.8 -2.5 334.0 6.1 1.58 3.99 4.72 2.9 2 2 2 2 2 2 2 2 2.7 1.81 -22.0 -2.5 -2.5 -2.5 -2.5 -2.5 -2.5 0.506 0.746 0.352 0.444 0.613 0.776 2 2 1 2 2 2
1992-04-25T23:30:00 1992 4 25 23 30 0 -5.0 -2.7 361.0 4.5 1.19 3.72 4.55 2.37 2 2 2 2 2 2 2 2 2.7 1.94 -19.0 -2.7 -2.7 -2.7 -2.7 -2.7 -2.7 0.53 0.728 0.354 0.443 0.597 0.709 2 2 1 2 2 2
