1992-12-27T00:30:00 1992 12 27 0 30 0 0.63 -0.6 458.8 7.22 3.51 0.17 1.38 1.0 0 0 1 0 0 0 1 0 0.7 1.19 10.0 -1.34 -0.97 -2.1 -2.05 -1.01 -0.69 0.47 0.453 0.731 0.531 0.548 1.017 0 0 0 0 0 0
1992-12-27T01:30:00 1992 12 27 1 30 0 0.63 -0.6 453.2 7.22 3.51 0.16 1.37 0.99 0 0 1 0 0 0 1 0 0.7 1.14 13.0 -1.34 -0.97 -2.1 -2.05 -1.01 -0.69 0.466 0.452 0.728 0.523 0.537 0.989 0 0 0 0 0 0
1992-12-27T02:30:00 1992 12 27 2 30 0 0.63 -0.6 447.7 7.22 3.51 0.16 1.35 0.98 0 0 1 0 0 0 1 0 0.7 1.07 15.0 -1.34 -0.97 -2.1 -2.05 -1.01 -0.69 0.462 0.451 0.724 0.515 0.527 0.96 0 0 0 0 0 0
1992-12-27T03:30:00 1992 12 27 3 30 0 0.62 -0.6 442.1 7.22 3.51 0.16 1.33 0.96 0 0 1 0 0 0 1 0 0.3 0.94 15.0 -1.34 -0.97 -2.1 -2.05 -1.01 -0.69 0.457 0.45 0.72 0.507 0.516 0.932 0 0 0 0 0 0
1992-12-27T04:30:00 1992 12 27 4 30 0 0.62 -0.6 436.6 7.21 3.51 0.16 1.32 0.95 0 0 1 0 0 0 1 0 0.3 0.81 15.0 -1.34 -0.97 -2.1 -2.05 -1.01 -0.69 0.453 0.449 0.715 0.5 0.506 0.904 0 0 0 0 0 0
1992-12-27T05:30:00 1992 12 27 5 30 0 0.62 -0.6 431.0 7.21 3.51 0.15 1.3 0.94 0 0 1 0 0 0 1 0 0.3 0.69 17.0 -1.34 -0.97 -2.1 -2.05 -1.01 -0.69 0.448 0.448 0.71 0.492 0.496 0.877 0 0 0 0 0 0
1992-12-27T06:30:00 1992 12 27 6 30 0 0.61 -0.6 425.4 7.21 3.51 0.15 1.28 0.93 0 0 1 0 0 0 1 0 0.7 0.62 21.0 -1.34 -0.97 -2.1 -2.05 -1.01 -0.69 0.444 0.447 0.705 0.484 0.486 0.85 0 0 0 0 0 0
1992-12-27T07:30:00 1992 12 27 7 30 0 0.61 -0.6 419.9 7.21 3.51 0.15 1.27 0.91 0 0 1 0 0 0 1 0 0.7 0.55 27.0 -1.34 -0.97 -2.09 -2.05 -1.01 -0.69 0.439 0.446 0.699 0.476 0.476 0.824 0 0 0 0 0 0
1992-12-27T08:30:00 1992 12 27 8 30 0 0.61 -0.6 414.3 7.21 3.51 0.15 1.25 0.9 0 0 1 0 0 0 1 0 0.7 0.55 28.0 -1.34 -0.97 -2.09 -2.05 -1.01 -0.69 0.435 0.445 0.693 0.468 0.466 0.798 0 0 0 0 0 0
1992-12-27T09:30:00 1992 12 27 9 30 0 0.6 -0.6 408.8 7.21 3.51 0.14 1.23 0.89 0 0 1 0 0 0 1 0 0.3 0.5 27.0 -1.34 -0.97 -2.09 -2.05 -1.01 -0.69 0.43 0.444 0.687 0.461 0.456 0.773 0 0 0 0 0 0
1992-12-27T10:30:00 1992 12 27 10 30 0 0.6 -0.6 403.2 7.21 3.51 0.14 1.22 0.88 0 0 1 0 0 0 1 0 0.3 0.45 23.0 -1.34 -0.97 -2.09 -2.04 -1.01 -0.69 0.426 0.443 0.68 0.452 0.446 0.748 0 0 0 0 0 0
1992-12-27T11:30:00 1992 12 27 11 30 0 0.84 -0.6 397.6 7.21 3.51 0.16 1.2 0.87 1 0 1 0 0 1 1 0 0.3 0.45 22.0 -1.34 -0.97 -2.09 -2.04 -1.01 -0.69 0.421 0.442 0.674 0.444 0.436 0.724 0 0 0 0 0 0
1992-12-27T12:30:00 1992 12 27 12 30 0 1.45 -0.6 392.1 7.21 3.51 0.26 1.18 0.85 1 0 1 0 0 1 1 0 0.3 0.45 21.0 -1.34 -0.97 -2.09 -2.04 -1.01 -0.69 0.416 0.441 0.666 0.436 0.427 0.7 0 0 0 0 0 0
1992-12-27T13:30:00 1992 12 27 13 30 0 2.07 -0.43 386.5 7.21 3.51 0.41 0.99 0.71 1 1 1 0 0 1 1 1 0.3 0.44 16.0 -1.08 -0.75 -1.74 -1.69 -0.78 -0.51 0.397 0.416 0.657 0.401 0.385 0.638 0 0 0 0 0 0
1992-12-27T14:30:00 1992 12 27 14 30 0 2.4 0.53 380.9 7.21 3.51 0.39 0.15 0.11 1 1 1 0 0 1 1 1 0.3 0.4 17.0 0.39 0.46 0.24 0.25 0.45 0.51 0.294 0.245 0.64 0.257 0.164 0.304 0 0 0 0 0 0
1992-12-27T15:30:00 1992 12 27 15 30 0 2.4 0.8 375.4 7.21 3.51 0.3 0.0 0.0 2 2 1 0 0 2 2 1 0.3 0.35 21.0 0.8 0.8 0.8 0.8 0.8 0.8 0.199 0.122 0.62 0.144 0.052 0.126 0 0 0 0 0 0
1992-12-27T16:30:00 1992 12 27 16 30 0 2.4 0.54 369.8 7.21 3.51 0.3 0.0 0.0 1 1 1 0 0 1 1 1 0.3 0.3 22.0 0.4 0.47 0.27 0.27 0.47 0.52 0.135 0.06 0.601 0.08 0.016 0.052 0 0 0 0 0 0
1992-12-27T17:30:00 1992 12 27 17 30 0 2.06 -0.42 367.0 7.21 3.51 0.38 0.2 0.15 1 1 1 0 0 1 1 1 0.3 0.3 20.0 -1.06 -0.74 -1.71 -1.67 -0.77 -0.5 0.148 0.136 0.588 0.12 0.139 0.171 0 0 0 0 0 0
1992-12-27T18:30:00 1992 12 27 18 30 0 1.44 -0.6 367.0 7.21 3.51 0.37 0.95 0.68 1 0 1 0 0 1 1 0 2.7 0.61 16.0 -1.34 -0.97 -2.09 -2.04 -1.01 -0.69 0.216 0.274 0.58 0.226 0.29 0.393 0 0 0 0 0 0
1992-12-27T19:30:00 1992 12 27 19 30 0 0.81 -0.6 367.0 7.21 3.51 0.22 1.1 0.79 1 0 1 0 0 1 1 0 2.7 0.93 14.0 -1.34 -0.97 -2.09 -2.04 -1.0 -0.69 0.271 0.355 0.574 0.298 0.348 0.501 0 0 0 0 0 0
1992-12-27T20:30:00 1992 12 27 20 30 0 0.56 -0.6 367.0 7.21 3.51 0.14 1.1 0.79 0 0 1 0 0 0 1 0 2.7 1.23 27.0 -1.34 -0.97 -2.09 -2.04 -1.0 -0.69 0.307 0.395 0.568 0.338 0.366 0.545 0 0 0 0 0 0
1992-12-27T21:30:00 1992 12 27 21 30 0 0.56 -0.6 367.0 7.21 3.51 0.12 1.1 0.79 0 0 1 0 0 0 1 0 4.7 1.8 26.0 -1.33 -0.97 -2.09 -2.04 -1.0 -0.69 0.332 0.414 0.562 0.361 0.372 0.564 0 0 0 0 0 0
1992-12-27T22:30:00 1992 12 27 22 30 0 0.56 -0.6 367.0 7.21 3.52 0.12 1.1 0.79 0 0 1 0 0 0 1 0 4.7 2.35 21.0 -1.33 -0.97 -2.08 -2.04 -1.0 -0.69 0.348 0.424 0.556 0.373 0.374 0.572 0 0 0 0 0 0
1992-12-27T23:30:00 1992 12 27 23 30 0 0.55 -0.6 367.0 7.21 3.52 0.12 1.1 0.79 0 0 1 0 0 0 1 0 4.7 2.9 3.0 -1.33 -0.97 -2.08 -2.04 -1.0 -0.69 0.359 0.429 0.55 0.38 0.375 0.575 0 0 0 0 0 0
