1992-08-13T00:30:00 1992 8 13 0 30 0 0.61 0.33 525.0 11.1 3.31 0.02 0.0 0.0 0 0 1 0 0 0 1 0 0.3 0.54 -11.0 -0.85 -0.57 -1.44 -1.4 -0.6 -0.38 0.4 0.394 0.428 0.443 0.551 1.693 0 0 0 0 0 0
1992-08-13T01:30:00 1992 8 13 1 30 0 0.62 0.33 530.3 11.1 3.31 0.02 0.0 0.0 0 0 1 0 0 0 1 0 0.3 0.45 -11.0 -0.85 -0.57 -1.44 -1.4 -0.6 -0.38 0.403 0.395 0.435 0.448 0.56 1.734 0 0 0 0 0 0
1992-08-13T02:30:00 1992 8 13 2 30 0 0.62 0.33 535.7 11.09 3.31 0.02 0.0 0.0 0 0 1 0 0 0 1 0 0.3 0.45 -12.0 -0.85 -0.57 -1.44 -1.4 -0.6 -0.38 0.406 0.396 0.441 0.453 0.569 1.775 0 0 0 0 0 0
1992-08-13T03:30:00 1992 8 13 3 30 0 0.62 0.33 541.0 11.09 3.31 0.02 0.0 0.0 0 0 1 0 0 0 1 0 0.7 0.5 -14.0 -0.85 -0.57 -1.44 -1.4 -0.6 -0.38 0.41 0.396 0.448 0.458 0.578 1.817 0 0 0 0 0 0
1992-08-13T04:30:00 1992 8 13 4 30 0 0.62 0.33 546.3 11.08 3.3 0.02 0.0 0.0 0 0 1 0 0 0 1 0 0.7 0.55 -14.0 -0.85 -0.57 -1.44 -1.4 -0.6 -0.38 0.413 0.397 0.455 0.463 0.587 1.86 0 0 0 0 0 0
1992-08-13T05:30:00 1992 8 13 5 30 0 0.63 0.33 549.0 11.08 3.3 0.02 0.0 0.0 0 0 1 0 0 0 1 0 0.7 0.55 -15.0 -0.85 -0.57 -1.44 -1.4 -0.6 -0.38 0.416 0.397 0.462 0.468 0.594 1.894 0 0 0 0 0 0
1992-08-13T06:30:00 1992 8 13 6 30 0 0.63 0.33 549.0 11.07 3.3 0.02 0.0 0.0 0 0 1 0 0 0 1 0 1.0 0.59 -18.0 -0.85 -0.57 -1.44 -1.4 -0.6 -0.38 0.418 0.398 0.469 0.471 0.597 1.911 0 0 0 0 0 0
1992-08-13T07:30:00 1992 8 13 7 30 0 0.63 0.33 549.0 11.07 3.3 0.02 0.0 0.0 0 0 1 0 0 0 1 0 1.0 0.63 -20.0 -0.85 -0.57 -1.44 -1.4 -0.6 -0.38 0.419 0.398 0.475 0.473 0.598 1.918 0 0 0 0 0 0
1992-08-13T08:30:00 1992 8 13 8 30 0 0.63 0.33 549.0 11.06 3.3 0.02 0.0 0.0 0 0 1 0 0 0 1 0 1.0 0.72 -22.0 -0.85 -0.57 -1.44 -1.4 -0.6 -0.38 0.42 0.398 0.482 0.473 0.598 1.92 0 0 0 0 0 0
1992-08-13T09:30:00 1992 8 13 9 30 0 0.64 0.33 549.0 11.05 3.3 0.02 0.0 0.0 0 0 1 0 0 0 1 0 1.0 0.81 -25.0 -0.84 -0.57 -1.44 -1.4 -0.6 -0.38 0.42 0.398 0.488 0.474 0.598 1.919 0 0 0 0 0 0
1992-08-13T10:30:00 1992 8 13 10 30 0 0.64 0.33 549.0 11.05 3.3 0.02 0.0 0.0 0 0 1 0 0 0 1 0 1.0 0.89 -23.0 -0.84 -0.57 -1.43 -1.4 -0.6 -0.38 0.419 0.398 0.494 0.474 0.598 1.919 0 0 0 0 0 0
1992-08-13T11:30:00 1992 8 13 11 30 0 0.14 0.33 549.0 11.04 3.3 0.01 0.0 0.0 1 0 1 0 0 1 1 0 1.0 0.93 -19.0 -0.84 -0.57 -1.43 -1.4 -0.6 -0.38 0.418 0.398 0.5 0.474 0.598 1.918 0 0 0 0 0 0
1992-08-13T12:30:00 1992 8 13 12 30 0 -1.21 0.33 549.0 10.64 3.3 0.04 0.0 0.0 1 0 1 1 0 1 1 1 3.0 1.23 -14.0 -0.84 -0.57 -1.43 -1.39 -0.6 -0.37 0.417 0.395 0.505 0.471 0.593 1.87 0 0 0 0 0 0
1992-08-13T13:30:00 1992 8 13 13 30 0 -2.56 0.6 549.0 9.92 3.31 0.32 0.0 0.0 1 1 1 1 1 1 1 1 3.0 1.52 -16.0 -0.41 -0.17 -0.92 -0.89 -0.2 -0.01 0.374 0.319 0.504 0.404 0.438 1.266 0 0 0 0 1 0
1992-08-13T14:30:00 1992 8 13 14 30 0 -3.3 2.02 549.0 9.2 3.59 0.53 0.0 0.0 1 1 1 1 1 1 1 1 3.0 1.78 -16.0 1.81 1.86 1.7 1.71 1.86 1.9 0.253 0.159 0.489 0.23 0.139 0.525 0 0 0 0 1 0
1992-08-13T15:30:00 1992 8 13 15 30 0 -3.3 2.4 549.0 8.48 3.86 0.51 0.0 0.0 2 2 1 1 1 2 2 1 4.3 2.2 5.0 2.4 2.4 2.4 2.4 2.4 2.4 0.171 0.079 0.474 0.129 0.044 0.218 0 0 0 0 1 0
1992-08-13T16:30:00 1992 8 13 16 30 0 0.8 0.0 549.0 7.9 4.14 0.11 0.0 0.0 2 2 1 1 1 2 2 1 4.3 2.61 9.0 0.0 0.0 0.0 0.0 0.0 0.0 0.116 0.039 0.46 0.072 0.014 0.09 0 0 0 0 1 0
1992-08-13T17:30:00 1992 8 13 17 30 0 0.2 -0.3 549.0 7.9 4.23 0.05 0.45 0.35 1 1 1 1 1 1 1 1 4.3 3.03 13.0 -0.3 -0.3 -0.3 -0.3 -0.3 -0.3 0.112 0.104 0.447 0.056 0.176 0.554 0 1 0 1 1 1
1992-08-13T18:30:00 1992 8 13 18 30 0 -0.4 -0.6 549.0 7.9 4.23 0.08 1.27 1.0 2 2 2 2 2 2 2 2 2.3 3.17 10.0 -0.6 -0.6 -0.6 -0.6 -0.6 -0.6 0.15 0.209 0.438 0.08 0.375 1.076 1 2 0 1 2 2
1992-08-13T19:30:00 1992 8 13 19 30 0 -0.2 -0.3 550.0 6.4 3.34 0.09 1.2 0.86 2 2 2 2 2 2 2 2 2.3 3.31 6.0 -0.3 -0.3 -0.3 -0.3 -0.3 -0.3 0.161 0.23 0.428 0.079 0.366 1.068 2 2 0 2 2 2
1992-08-13T20:30:00 1992 8 13 20 30 0 -1.4 -0.3 541.0 4.9 2.87 0.16 0.82 0.46 2 2 2 2 2 2 2 2 2.3 3.21 -3.0 -0.3 -0.3 -0.3 -0.3 -0.3 -0.3 0.151 0.207 0.417 0.065 0.301 0.824 2 2 0 2 2 2
1992-08-13T21:30:00 1992 8 13 21 30 0 -2.0 -0.8 540.0 3.9 2.27 0.58 1.54 0.66 2 2 2 2 2 2 2 2 3.3 3.25 -7.0 -0.8 -0.8 -0.8 -0.8 -0.8 -0.8 0.172 0.24 0.409 0.086 0.377 0.748 2 2 0 2 2 2
1992-08-13T22:30:00 1992 8 13 22 30 0 0.4 -2.9 532.0 3.4 1.92 1.47 5.18 1.86 2 2 2 2 2 2 2 2 3.3 3.28 -3.0 -2.9 -2.9 -2.9 -2.9 -2.9 -2.9 0.31 0.411 0.418 0.275 0.732 0.926 2 2 0 2 2 2
1992-08-13T23:30:00 1992 8 13 23 30 0 0.4 -2.3 524.8 3.4 1.92 2.09 6.8 2.31 1 1 1 1 1 1 1 1 3.3 3.17 -2.0 -2.52 -2.47 -2.63 -2.62 -2.47 -2.43 0.434 0.524 0.433 0.438 0.88 0.997 1 1 0 1 1 1
