1992-08-20T00:30:00 1992 8 20 0 30 0 1.02 0.29 393.0 30.3 9.07 0.06 0.0 0.0 0 0 1 1 1 0 1 1 3.7 3.06 26.0 -0.78 -0.53 -1.3 -1.27 -0.55 -0.35 0.431 0.564 0.198 0.416 0.499 3.012 0 0 1 0 0 0
1992-08-20T01:30:00 1992 8 20 1 30 0 1.02 0.29 393.0 30.3 8.51 0.06 0.0 0.0 0 0 1 1 1 0 1 1 3.7 3.18 13.0 -0.78 -0.53 -1.3 -1.26 -0.55 -0.35 0.435 0.566 0.205 0.417 0.499 3.02 0 0 1 0 0 0
1992-08-20T02:30:00 1992 8 20 2 30 0 1.02 0.29 393.0 26.51 6.75 0.06 0.0 0.0 0 0 1 1 1 0 1 1 3.7 3.27 15.0 -0.78 -0.53 -1.3 -1.26 -0.55 -0.35 0.433 0.555 0.21 0.41 0.486 2.828 0 0 0 0 0 0
1992-08-20T03:30:00 1992 8 20 3 30 0 1.02 0.29 393.0 21.9 4.99 0.06 0.0 0.0 0 0 1 1 1 0 1 1 6.0 3.66 20.0 -0.78 -0.53 -1.3 -1.26 -0.55 -0.35 0.423 0.529 0.215 0.394 0.459 2.436 0 0 0 0 0 0
1992-08-20T04:30:00 1992 8 20 4 30 0 1.03 0.29 393.0 17.27 3.23 0.06 0.0 0.0 0 0 1 1 1 0 1 1 6.0 4.05 6.0 -0.77 -0.53 -1.29 -1.26 -0.55 -0.35 0.405 0.491 0.219 0.37 0.424 1.961 0 0 0 0 0 0
1992-08-20T05:30:00 1992 8 20 5 30 0 1.03 0.29 393.0 12.65 3.16 0.06 0.0 0.0 0 0 1 1 0 0 1 1 6.0 4.42 -23.0 -0.77 -0.53 -1.29 -1.26 -0.55 -0.35 0.38 0.445 0.222 0.341 0.382 1.472 0 0 0 0 0 0
1992-08-20T06:30:00 1992 8 20 6 30 0 1.03 0.29 393.0 10.15 3.15 0.06 0.0 0.0 0 0 1 0 0 0 1 0 3.7 4.5 -35.0 -0.77 -0.53 -1.29 -1.26 -0.55 -0.35 0.352 0.4 0.223 0.31 0.345 1.085 0 0 0 0 0 0
1992-08-20T07:30:00 1992 8 20 7 30 0 1.03 0.29 393.0 10.14 3.15 0.06 0.0 0.0 0 0 1 0 0 0 1 0 3.7 4.57 -30.0 -0.77 -0.53 -1.29 -1.26 -0.55 -0.35 0.331 0.371 0.225 0.289 0.327 0.882 0 0 0 0 0 0
1992-08-20T08:30:00 1992 8 20 8 30 0 1.04 0.28 393.0 10.14 3.15 0.06 0.0 0.0 0 0 1 0 0 0 1 0 3.7 4.56 -35.0 -0.77 -0.53 -1.29 -1.26 -0.55 -0.35 0.317 0.357 0.226 0.278 0.321 0.797 0 0 0 0 0 0
1992-08-20T09:30:00 1992 8 20 9 30 0 1.04 0.28 393.0 10.13 3.15 0.06 0.0 0.0 0 0 1 0 0 0 1 0 4.7 4.68 -30.0 -0.77 -0.53 -1.29 -1.26 -0.55 -0.35 0.307 0.35 0.227 0.271 0.319 0.761 0 0 0 0 0 0
1992-08-20T10:30:00 1992 8 20 10 30 0 1.04 0.28 393.0 10.13 3.15 0.06 0.0 0.0 0 0 1 0 0 0 1 0 4.7 4.79 -36.0 -0.77 -0.53 -1.29 -1.26 -0.55 -0.35 0.3 0.346 0.228 0.268 0.319 0.747 0 0 0 0 0 0
1992-08-20T11:30:00 1992 8 20 11 30 0 1.04 0.28 393.0 10.12 3.15 0.06 0.0 0.0 0 0 1 0 0 0 1 0 4.7 4.64 -34.0 -0.77 -0.52 -1.29 -1.26 -0.55 -0.35 0.296 0.343 0.229 0.265 0.318 0.74 0 0 0 0 0 0
1992-08-20T12:30:00 1992 8 20 12 30 0 1.05 0.28 393.0 10.12 3.15 0.06 0.0 0.0 0 0 1 0 0 0 1 0 4.0 4.4 -29.0 -0.77 -0.52 -1.29 -1.26 -0.55 -0.35 0.293 0.34 0.23 0.264 0.318 0.737 0 0 0 0 0 0
1992-08-20T13:30:00 1992 8 20 13 30 0 1.05 0.28 393.3 10.11 3.15 0.06 0.0 0.0 0 0 1 0 0 0 1 0 4.0 4.16 -15.0 -0.77 -0.52 -1.29 -1.25 -0.55 -0.35 0.291 0.339 0.231 0.263 0.318 0.736 0 0 0 0 0 0
1992-08-20T14:30:00 1992 8 20 14 30 0 1.05 0.28 393.9 10.11 3.15 0.06 0.0 0.0 0 0 1 0 0 0 1 0 4.0 4.19 -13.0 -0.77 -0.52 -1.29 -1.25 -0.55 -0.35 0.289 0.339 0.232 0.262 0.319 0.737 0 0 0 0 0 0
1992-08-20T15:30:00 1992 8 20 15 30 0 1.05 0.28 394.5 10.1 3.15 0.06 0.0 0.0 0 0 1 0 0 0 1 0 2.0 3.96 -12.0 -0.77 -0.52 -1.29 -1.25 -0.55 -0.35 0.288 0.338 0.233 0.261 0.319 0.738 0 0 0 0 0 0
1992-08-20T16:30:00 1992 8 20 16 30 0 1.05 0.28 395.1 10.09 3.15 0.06 0.0 0.0 0 0 1 0 0 0 1 0 2.0 3.73 -13.0 -0.77 -0.52 -1.28 -1.25 -0.55 -0.35 0.288 0.338 0.234 0.261 0.32 0.74 0 0 0 0 0 0
1992-08-20T17:30:00 1992 8 20 17 30 0 1.06 0.28 395.8 10.09 3.14 0.07 0.0 0.0 0 0 1 0 0 0 1 0 2.0 3.39 -8.0 -0.77 -0.52 -1.28 -1.25 -0.55 -0.35 0.288 0.338 0.235 0.262 0.321 0.742 0 0 0 0 0 0
1992-08-20T18:30:00 1992 8 20 18 30 0 1.06 0.28 396.4 10.08 3.14 0.07 0.0 0.0 0 0 1 0 0 0 1 0 1.7 3.02 -11.0 -0.77 -0.52 -1.28 -1.25 -0.55 -0.35 0.288 0.338 0.236 0.262 0.321 0.744 0 0 0 0 0 0
1992-08-20T19:30:00 1992 8 20 19 30 0 1.06 0.28 397.0 10.08 3.14 0.07 0.0 0.0 0 0 1 0 0 0 1 0 1.7 2.65 -12.0 -0.77 -0.52 -1.28 -1.25 -0.55 -0.35 0.288 0.338 0.237 0.262 0.322 0.747 0 0 0 0 0 0
1992-08-20T20:30:00 1992 8 20 20 30 0 1.06 0.28 397.6 10.07 3.14 0.07 0.0 0.0 0 0 1 0 0 0 1 0 1.7 2.36 -10.0 -0.77 -0.52 -1.28 -1.25 -0.55 -0.35 0.288 0.338 0.238 0.263 0.323 0.749 0 0 0 0 0 0
1992-08-20T21:30:00 1992 8 20 21 30 0 1.07 0.28 398.2 10.07 3.14 0.07 0.0 0.0 0 0 1 0 0 0 1 0 1.3 2.03 -8.0 -0.77 -0.52 -1.28 -1.25 -0.55 -0.35 0.288 0.338 0.239 0.263 0.324 0.751 0 0 0 0 0 0
1992-08-20T22:30:00 1992 8 20 22 30 0 1.07 0.28 398.9 10.06 3.14 0.07 0.0 0.0 0 0 1 0 0 0 1 0 1.3 1.7 -6.0 -0.77 -0.52 -1.28 -1.25 -0.55 -0.35 0.288 0.338 0.24 0.264 0.324 0.754 0 0 0 0 0 0
1992-08-20T23:30:00 1992 8 20 23 30 0 1.07 0.28 399.5 10.06 3.14 0.07 0.0 0.0 0 0 1 0 0 0 1 0 1.3 1.62 2.0 -0.77 -0.52 -1.28 -1.25 -0.55 -0.35 0.289 0.338 0.241 0.264 0.325 0.756 0 0 0 0 0 0
