1992-12-22T00:30:00 1992 12 22 0 30 0 1.9 2.0 526.0 4.3 2.27 0.13 0.0 0.0 2 2 2 2 2 2 2 2 2.3 3.51 -16.0 2.0 2.0 2.0 2.0 2.0 2.0 0.112 0.057 0.688 0.058 0.037 0.12 2 2 1 2 2 2
1992-12-22T01:30:00 1992 12 22 1 30 0 1.9 1.52 526.7 4.27 2.27 0.13 0.0 0.0 1 1 1 1 1 1 1 1 2.3 3.29 -11.0 1.38 1.45 1.23 1.24 1.44 1.5 0.076 0.028 0.667 0.032 0.012 0.05 2 2 1 2 2 2
1992-12-22T02:30:00 1992 12 22 2 30 0 1.68 -0.25 527.3 4.08 2.21 0.25 0.08 0.03 1 1 1 1 1 1 1 1 2.3 3.08 -12.0 -0.94 -0.59 -1.64 -1.59 -0.63 -0.34 0.091 0.064 0.652 0.086 0.122 0.11 1 1 1 1 1 1
1992-12-22T03:30:00 1992 12 22 3 30 0 1.2 -0.59 528.0 3.9 2.12 0.37 1.15 0.45 1 0 1 1 1 1 1 1 1.3 2.74 -16.0 -1.37 -0.98 -2.18 -2.13 -1.02 -0.69 0.183 0.194 0.652 0.247 0.373 0.384 0 0 1 0 0 0
1992-12-22T04:30:00 1992 12 22 4 30 0 0.72 -0.32 528.7 3.72 2.03 0.21 1.17 0.45 1 1 1 1 1 1 1 1 1.3 2.4 -15.0 -1.01 -0.67 -1.72 -1.67 -0.7 -0.41 0.235 0.245 0.65 0.317 0.417 0.454 1 1 1 1 1 1
1992-12-22T05:30:00 1992 12 22 5 30 0 0.5 1.18 529.3 3.53 1.97 0.03 0.06 0.02 1 1 1 1 1 1 1 1 1.3 2.15 -15.0 1.03 1.1 0.87 0.88 1.09 1.16 0.171 0.134 0.633 0.2 0.153 0.197 1 1 1 1 1 1
1992-12-22T06:30:00 1992 12 22 6 30 0 0.5 1.6 530.0 3.5 1.97 0.0 0.0 0.0 2 2 2 2 2 2 2 2 2.0 2.0 -17.0 1.6 1.6 1.6 1.6 1.6 1.6 0.116 0.066 0.614 0.112 0.048 0.082 1 1 1 1 1 1
1992-12-22T07:30:00 1992 12 22 7 30 0 1.7 -0.3 522.0 3.8 2.07 0.13 0.1 0.04 2 2 2 2 2 2 2 2 2.0 1.84 -16.0 -0.3 -0.3 -0.3 -0.3 -0.3 -0.3 0.088 0.058 0.595 0.068 0.07 0.109 1 1 1 1 2 2
1992-12-22T08:30:00 1992 12 22 8 30 0 1.8 -1.5 513.0 3.7 1.95 0.81 2.45 0.92 2 2 2 2 2 2 2 2 2.0 1.81 -17.0 -1.5 -1.5 -1.5 -1.5 -1.5 -1.5 0.164 0.215 0.585 0.129 0.39 0.463 2 2 1 2 2 2
1992-12-22T09:30:00 1992 12 22 9 30 0 1.9 -1.9 516.5 3.65 1.95 1.49 4.42 1.62 2 2 1 1 1 2 2 1 2.0 1.78 -17.0 -1.9 -1.9 -1.9 -1.9 -1.9 -1.9 0.27 0.361 0.583 0.237 0.622 0.718 1 1 1 1 1 1
1992-12-22T10:30:00 1992 12 22 10 30 0 1.7 -2.9 520.0 3.6 1.95 2.39 6.33 2.29 2 2 2 2 2 2 2 2 2.0 1.75 -15.0 -2.9 -2.9 -2.9 -2.9 -2.9 -2.9 0.402 0.505 0.59 0.399 0.848 0.939 2 2 1 2 2 2
1992-12-22T11:30:00 1992 12 22 11 30 0 1.2 -1.2 524.0 2.7 1.48 1.65 5.16 1.64 1 1 2 2 2 1 2 2 2.0 1.83 -17.0 -1.2 -1.2 -1.2 -1.2 -1.2 -1.2 0.423 0.48 0.588 0.38 0.717 0.802 1 1 1 1 1 1
1992-12-22T12:30:00 1992 12 22 12 30 0 0.7 0.5 538.5 2.8 1.62 0.22 0.99 0.27 2 2 1 1 1 2 2 1 2.3 1.96 -18.0 0.5 0.5 0.5 0.5 0.5 0.5 0.31 0.28 0.571 0.227 0.298 0.411 1 1 1 1 1 1
1992-12-22T13:30:00 1992 12 22 13 30 0 0.2 2.1 553.0 2.9 1.77 0.0 0.0 0.0 2 2 2 2 2 2 2 2 2.3 2.08 -20.0 2.1 2.1 2.1 2.1 2.1 2.1 0.21 0.139 0.554 0.127 0.094 0.17 1 1 1 1 1 1
1992-12-22T14:30:00 1992 12 22 14 30 0 0.5 1.4 526.0 4.3 2.38 0.0 0.0 0.0 2 2 2 2 2 2 2 2 2.3 2.12 -19.0 1.4 1.4 1.4 1.4 1.4 1.4 0.142 0.069 0.537 0.071 0.03 0.071 1 1 1 1 1 1
1992-12-22T15:30:00 1992 12 22 15 30 0 1.6 -0.1 532.0 3.9 2.21 0.1 0.02 0.01 2 2 2 2 2 2 2 2 2.3 2.15 -21.0 -0.1 -0.1 -0.1 -0.1 -0.1 -0.1 0.1 0.047 0.521 0.041 0.036 0.075 1 2 1 1 2 2
1992-12-22T16:30:00 1992 12 22 16 30 0 -1.3 -0.9 526.0 4.1 2.27 0.22 1.41 0.57 2 2 2 2 2 2 2 2 2.3 2.19 -22.0 -0.9 -0.9 -0.9 -0.9 -0.9 -0.9 0.135 0.157 0.509 0.071 0.282 0.398 2 2 1 2 2 2
1992-12-22T17:30:00 1992 12 22 17 30 0 -2.6 -1.0 523.0 4.3 2.35 0.94 2.5 1.05 2 2 2 2 2 2 2 2 2.3 2.23 -19.0 -1.0 -1.0 -1.0 -1.0 -1.0 -1.0 0.193 0.26 0.501 0.122 0.446 0.644 2 2 1 2 2 2
1992-12-22T18:30:00 1992 12 22 18 30 0 -0.7 -0.9 523.0 4.7 2.57 0.73 2.47 1.12 2 2 2 2 2 2 2 2 2.3 2.26 -14.0 -0.9 -0.9 -0.9 -0.9 -0.9 -0.9 0.231 0.313 0.493 0.148 0.498 0.782 2 2 1 2 2 2
1992-12-22T19:30:00 1992 12 22 19 30 0 3.1 -0.1 528.0 4.8 2.68 0.47 1.22 0.58 2 2 2 2 2 2 2 2 2.3 2.3 -10.0 -0.1 -0.1 -0.1 -0.1 -0.1 -0.1 0.202 0.249 0.481 0.109 0.327 0.631 2 2 1 2 2 2
1992-12-22T20:30:00 1992 12 22 20 30 0 2.1 1.2 522.0 5.5 2.97 0.55 0.0 0.0 2 2 2 2 2 2 2 2 2.3 2.3 -7.0 1.2 1.2 1.2 1.2 1.2 1.2 0.137 0.124 0.466 0.061 0.104 0.262 2 2 1 2 2 2
1992-12-22T21:30:00 1992 12 22 21 30 0 0.6 0.7 521.0 5.2 2.79 0.09 0.0 0.0 2 2 2 2 2 2 2 2 1.0 2.13 -6.0 0.7 0.7 0.7 0.7 0.7 0.7 0.093 0.061 0.452 0.034 0.033 0.109 2 2 1 2 2 2
1992-12-22T22:30:00 1992 12 22 22 30 0 -0.2 1.7 501.0 5.5 2.73 0.0 0.0 0.0 2 2 2 2 2 2 2 2 1.0 1.96 -5.0 1.7 1.7 1.7 1.7 1.7 1.7 0.063 0.031 0.438 0.019 0.01 0.045 2 2 1 2 2 2
1992-12-22T23:30:00 1992 12 22 23 30 0 -0.5 2.8 503.0 5.7 2.93 0.0 0.0 0.0 2 2 2 2 2 2 2 2 1.0 1.8 -4.0 2.8 2.8 2.8 2.8 2.8 2.8 0.042 0.015 0.425 0.011 0.003 0.019 2 2 1 2 2 2
