1992-06-29T00:30:00 1992 6 29 0 30 0 -1.8 -2.8 521.0 9.6 5.19 1.65 5.13 4.08 2 2 2 2 2 2 2 2 4.0 2.62 -1.0 -2.8 -2.8 -2.8 -2.8 -2.8 -2.8 0.449 0.628 0.259 0.446 1.043 2.26 2 2 2 2 2 2
1992-06-29T01:30:00 1992 6 29 1 30 0 -4.5 -2.4 516.0 13.1 6.87 3.77 6.7 7.67 2 2 2 2 2 2 2 2 4.0 2.79 -1.0 -2.4 -2.4 -2.4 -2.4 -2.4 -2.4 0.65 0.868 0.291 0.679 1.365 3.895 2 2 2 2 2 2
1992-06-29T02:30:00 1992 6 29 2 30 0 3.2 -3.1 526.0 13.3 7.28 3.17 7.25 9.58 2 2 2 2 2 2 2 2 4.0 3.08 -10.0 -3.1 -3.1 -3.1 -3.1 -3.1 -3.1 0.843 1.069 0.331 0.915 1.64 5.309 2 2 2 2 2 2
1992-06-29T03:30:00 1992 6 29 3 30 0 1.5 -7.1 553.0 13.5 7.97 9.53 14.28 19.17 2 2 2 2 2 2 2 2 6.0 3.62 -21.0 -7.1 -7.1 -7.1 -7.1 -7.1 -7.1 1.337 1.564 0.456 1.924 2.651 8.252 2 2 2 2 2 2
1992-06-29T04:30:00 1992 6 29 4 30 0 5.1 -7.2 522.0 8.7 4.78 16.46 19.18 20.94 2 2 2 2 2 2 2 2 6.0 4.16 -39.0 -7.2 -7.2 -7.2 -7.2 -7.2 -7.2 1.732 1.822 0.602 2.677 2.903 7.895 2 2 2 2 2 2
1992-06-29T05:30:00 1992 6 29 5 30 0 12.4 -3.0 494.0 8.7 4.17 17.4 12.53 10.9 2 2 2 2 2 2 2 2 6.0 4.54 -46.0 -3.0 -3.0 -3.0 -3.0 -3.0 -3.0 1.661 1.588 0.658 2.252 2.146 5.678 2 2 2 2 2 2
1992-06-29T06:30:00 1992 6 29 6 30 0 12.7 -2.6 515.0 8.0 4.04 18.77 7.03 5.85 2 2 2 2 2 2 2 2 4.0 4.65 -36.0 -2.6 -2.6 -2.6 -2.6 -2.6 -2.6 1.44 1.281 0.674 1.658 1.587 4.164 2 2 2 2 2 2
1992-06-29T07:30:00 1992 6 29 7 30 0 10.3 -1.8 502.0 8.4 4.07 15.2 5.51 4.52 2 2 2 2 2 2 2 2 4.0 4.75 -35.0 -1.8 -1.8 -1.8 -1.8 -1.8 -1.8 1.223 1.043 0.679 1.204 1.24 3.276 2 2 2 2 2 2
1992-06-29T08:30:00 1992 6 29 8 30 0 9.0 -3.5 490.0 8.5 4.17 12.55 6.73 5.7 2 2 2 2 2 2 2 2 4.0 4.74 -24.0 -3.5 -3.5 -3.5 -3.5 -3.5 -3.5 1.157 1.04 0.696 1.101 1.33 3.19 2 2 2 2 2 2
1992-06-29T09:30:00 1992 6 29 9 30 0 8.8 -5.2 496.0 8.7 4.46 15.0 10.91 9.4 2 2 2 2 2 2 2 2 2.7 4.56 -26.0 -5.2 -5.2 -5.2 -5.2 -5.2 -5.2 1.278 1.232 0.743 1.392 1.715 3.724 2 2 2 2 2 2
1992-06-29T10:30:00 1992 6 29 10 30 0 7.8 -6.5 464.0 6.4 2.77 17.31 14.11 10.48 2 2 2 2 2 2 2 2 2.7 4.39 -38.0 -6.5 -6.5 -6.5 -6.5 -6.5 -6.5 1.43 1.388 0.804 1.738 1.872 3.491 2 2 2 2 2 2
1992-06-29T11:30:00 1992 6 29 11 30 0 7.8 -5.25 373.0 5.9 1.64 14.18 12.12 7.45 1 1 2 2 2 1 2 2 2.7 3.97 -43.0 -5.46 -5.42 -5.56 -5.55 -5.42 -5.38 1.419 1.366 0.834 1.677 1.507 2.487 2 2 2 2 1 2
1992-06-29T12:30:00 1992 6 29 12 30 0 6.57 -0.61 373.0 5.9 1.64 6.65 5.1 3.01 1 1 1 1 1 1 1 1 4.3 3.78 -41.0 -1.63 -1.41 -2.07 -2.04 -1.44 -1.25 1.19 1.067 0.83 1.231 0.935 1.556 2 1 2 1 1 1
1992-06-29T13:30:00 1992 6 29 13 30 0 4.28 0.27 373.0 5.9 1.83 2.19 0.35 0.21 1 0 1 1 1 1 1 1 4.3 3.59 -35.0 -0.9 -0.65 -1.41 -1.38 -0.68 -0.47 0.908 0.718 0.812 0.807 0.52 0.918 1 1 2 1 1 1
1992-06-29T14:30:00 1992 6 29 14 30 0 2.0 0.27 373.0 7.01 2.42 0.65 0.0 0.0 1 0 1 1 1 1 1 1 4.3 3.63 -29.0 -0.9 -0.65 -1.41 -1.38 -0.68 -0.47 0.701 0.518 0.794 0.554 0.36 0.64 1 1 2 1 0 1
1992-06-29T15:30:00 1992 6 29 15 30 0 1.12 0.27 373.0 8.37 3.01 0.15 0.0 0.0 0 0 1 1 1 0 1 1 4.3 3.68 -30.0 -0.9 -0.65 -1.41 -1.38 -0.68 -0.47 0.567 0.432 0.778 0.42 0.324 0.591 1 0 2 1 0 0
1992-06-29T16:30:00 1992 6 29 16 30 0 1.12 0.27 373.0 9.74 3.6 0.07 0.0 0.0 0 0 1 1 1 0 1 1 4.3 3.72 -22.0 -0.9 -0.65 -1.41 -1.38 -0.68 -0.47 0.482 0.403 0.762 0.353 0.327 0.644 1 0 2 0 0 0
1992-06-29T17:30:00 1992 6 29 17 30 0 1.12 0.27 373.0 11.1 3.62 0.07 0.0 0.0 0 0 1 1 0 0 1 1 4.3 3.92 -18.0 -0.9 -0.65 -1.41 -1.38 -0.68 -0.46 0.43 0.401 0.746 0.322 0.34 0.739 1 0 2 0 0 0
1992-06-29T18:30:00 1992 6 29 18 30 0 1.12 0.27 373.0 11.85 3.62 0.07 0.0 0.0 0 0 1 0 0 0 1 0 5.0 4.2 -29.0 -0.9 -0.65 -1.41 -1.38 -0.68 -0.46 0.398 0.408 0.732 0.309 0.353 0.831 0 0 2 0 0 0
1992-06-29T19:30:00 1992 6 29 19 30 0 1.12 0.27 373.0 11.86 3.62 0.07 0.0 0.0 0 0 1 0 0 0 1 0 5.0 4.48 -48.0 -0.9 -0.65 -1.41 -1.38 -0.68 -0.46 0.377 0.413 0.718 0.303 0.359 0.883 0 0 2 0 0 0
1992-06-29T20:30:00 1992 6 29 20 30 0 1.11 0.27 373.0 11.87 3.62 0.07 0.0 0.0 0 0 1 0 0 0 1 0 5.0 4.57 -60.0 -0.9 -0.65 -1.41 -1.38 -0.67 -0.46 0.364 0.416 0.705 0.3 0.359 0.905 0 0 2 0 0 0
1992-06-29T21:30:00 1992 6 29 21 30 0 1.11 0.27 373.0 11.88 3.62 0.07 0.0 0.0 0 0 1 0 0 0 1 0 5.0 4.66 -74.0 -0.9 -0.65 -1.41 -1.38 -0.67 -0.46 0.354 0.417 0.692 0.298 0.358 0.915 0 0 2 0 0 0
1992-06-29T22:30:00 1992 6 29 22 30 0 1.11 0.27 373.0 11.89 3.62 0.07 0.0 0.0 0 0 1 0 0 0 1 0 5.0 4.75 -78.0 -0.9 -0.65 -1.41 -1.37 -0.67 -0.46 0.348 0.418 0.68 0.297 0.358 0.919 0 0 2 0 0 0
1992-06-29T23:30:00 1992 6 29 23 30 0 1.11 0.27 373.0 11.9 3.62 0.07 0.0 0.0 0 0 1 0 0 0 1 0 5.0 4.83 -83.0 -0.9 -0.65 -1.41 -1.37 -0.67 -0.46 0.344 0.419 0.667 0.295 0.358 0.922 0 0 2 0 0 0
