1992-03-16T00:30:00 1992 3 16 0 30 0 -3.01 2.8 325.8 15.7 3.39 0.09 0.0 0.0 1 1 1 1 1 1 1 1 1.3 1.88 3.0 0.3 0.53 -0.21 -0.17 0.51 0.67 0.186 0.175 0.179 0.162 0.082 0.248 0 0 0 0 0 0
1992-03-16T01:30:00 1992 3 16 1 30 0 -4.1 5.72 326.9 15.7 3.38 0.22 0.0 0.0 1 1 1 1 1 1 1 1 1.3 1.7 3.0 5.2 5.25 5.09 5.1 5.24 5.28 0.126 0.087 0.174 0.091 0.026 0.103 0 0 0 0 0 0
1992-03-16T02:30:00 1992 3 16 2 30 0 -4.1 6.5 328.0 15.7 3.38 0.23 0.0 0.0 2 2 2 2 2 2 2 2 1.3 1.62 -1.0 6.5 6.5 6.5 6.5 6.5 6.5 0.085 0.043 0.168 0.051 0.008 0.043 0 0 0 0 0 0
1992-03-16T03:30:00 1992 3 16 3 30 0 -1.4 9.7 332.0 15.2 3.35 0.06 0.0 0.0 2 2 2 2 2 2 2 2 1.3 1.53 1.0 9.7 9.7 9.7 9.7 9.7 9.7 0.058 0.021 0.163 0.028 0.003 0.018 0 0 0 0 0 0
1992-03-16T04:30:00 1992 3 16 4 30 0 -0.4 9.6 318.0 55.7 11.27 0.0 0.0 0.0 2 2 2 2 2 2 2 2 1.3 1.44 8.0 9.6 9.6 9.6 9.6 9.6 9.6 0.039 0.011 0.158 0.016 0.001 0.007 0 0 0 0 0 0
1992-03-16T05:30:00 1992 3 16 5 30 0 1.3 6.0 327.0 30.5 6.52 0.0 0.0 0.0 2 2 2 2 2 2 2 2 1.3 1.4 19.0 6.0 6.0 6.0 6.0 6.0 6.0 0.026 0.005 0.153 0.009 0.0 0.003 0 0 0 0 0 0
1992-03-16T06:30:00 1992 3 16 6 30 0 4.9 2.7 326.0 35.4 7.52 0.25 0.0 0.0 2 2 2 2 2 2 2 2 3.0 1.57 25.0 2.7 2.7 2.7 2.7 2.7 2.7 0.018 0.003 0.149 0.005 0.0 0.001 0 0 0 0 0 0
1992-03-16T07:30:00 1992 3 16 7 30 0 5.3 -5.4 328.0 20.3 4.37 3.41 3.32 7.71 2 2 2 2 2 2 2 2 3.0 1.74 18.0 -5.4 -5.4 -5.4 -5.4 -5.4 -5.4 0.328 0.69 0.164 0.411 0.699 2.204 2 2 0 2 2 2
1992-03-16T08:30:00 1992 3 16 8 30 0 2.8 -9.5 347.0 9.8 2.36 12.02 12.92 18.22 2 2 2 2 2 2 2 2 3.0 1.96 3.0 -9.5 -9.5 -9.5 -9.5 -9.5 -9.5 0.922 1.509 0.23 1.414 1.449 3.128 2 2 1 2 2 2
1992-03-16T09:30:00 1992 3 16 9 30 0 2.8 -7.33 349.0 10.08 2.39 13.27 14.49 14.41 1 1 1 1 1 1 1 1 3.0 2.17 -8.0 -7.86 -7.82 -7.97 -7.96 -7.82 -7.78 1.293 1.813 0.297 1.947 1.619 2.995 1 1 1 1 1 1
1992-03-16T10:30:00 1992 3 16 10 30 0 0.73 0.71 351.0 10.36 2.53 3.08 5.31 5.4 1 1 1 1 1 1 1 1 3.0 2.38 -6.0 -1.8 -1.58 -2.31 -2.28 -1.6 -1.43 1.218 1.495 0.32 1.571 1.133 2.307 1 1 1 1 1 1
1992-03-16T11:30:00 1992 3 16 11 30 0 -1.43 1.56 353.0 10.64 2.68 0.01 0.0 0.0 1 1 1 1 1 1 1 1 3.0 2.59 -1.0 -0.94 -0.71 -1.44 -1.41 -0.73 -0.57 0.954 1.002 0.32 1.031 0.634 1.504 1 1 1 1 1 1
1992-03-16T12:30:00 1992 3 16 12 30 0 -3.5 -1.88 355.0 10.92 2.82 0.76 1.06 1.15 1 1 1 1 1 1 1 1 3.3 2.84 -5.0 -2.41 -2.36 -2.52 -2.51 -2.37 -2.33 0.838 0.896 0.323 0.786 0.644 1.487 1 1 1 1 1 1
1992-03-16T13:30:00 1992 3 16 13 30 0 -3.5 -2.8 357.0 11.2 2.85 2.5 4.24 4.69 2 2 2 2 2 2 2 2 3.3 3.08 -17.0 -2.8 -2.8 -2.8 -2.8 -2.8 -2.8 0.828 0.966 0.331 0.725 0.78 1.741 1 2 1 2 2 2
1992-03-16T14:30:00 1992 3 16 14 30 0 -4.3 -3.4 357.0 12.4 3.16 3.66 5.58 6.62 2 2 2 2 2 2 2 2 3.3 3.12 -19.0 -3.4 -3.4 -3.4 -3.4 -3.4 -3.4 0.876 1.092 0.343 0.773 0.926 2.106 2 2 1 2 2 2
1992-03-16T15:30:00 1992 3 16 15 30 0 3.3 -6.7 357.0 11.8 3.01 5.97 9.26 11.15 2 2 2 2 2 2 2 2 3.0 3.11 -23.0 -6.7 -6.7 -6.7 -6.7 -6.7 -6.7 1.103 1.433 0.38 1.192 1.299 2.727 2 2 1 2 2 2
1992-03-16T16:30:00 1992 3 16 16 30 0 5.0 -7.2 357.0 11.6 2.96 11.02 12.44 14.55 2 2 2 2 2 2 2 2 3.0 3.11 -24.0 -7.2 -7.2 -7.2 -7.2 -7.2 -7.2 1.366 1.735 0.432 1.668 1.56 3.144 2 2 1 2 2 2
1992-03-16T17:30:00 1992 3 16 17 30 0 3.5 -5.1 356.0 12.1 3.07 8.95 10.81 12.81 2 2 2 2 2 2 2 2 3.0 3.11 -32.0 -5.1 -5.1 -5.1 -5.1 -5.1 -5.1 1.454 1.765 0.47 1.72 1.492 3.156 2 2 1 2 2 2
1992-03-16T18:30:00 1992 3 16 18 30 0 1.7 -2.0 356.0 11.4 2.89 3.27 6.09 7.17 2 2 2 2 2 2 2 2 3.0 3.11 -40.0 -2.0 -2.0 -2.0 -2.0 -2.0 -2.0 1.284 1.448 0.478 1.304 1.084 2.555 2 2 1 2 2 2
1992-03-16T19:30:00 1992 3 16 19 30 0 3.5 -0.7 354.0 12.0 3.01 1.14 2.3 2.69 2 2 2 2 2 2 2 2 3.0 3.11 -40.0 -0.7 -0.7 -0.7 -0.7 -0.7 -0.7 0.996 1.015 0.469 0.826 0.651 1.801 2 2 1 2 2 2
1992-03-16T20:30:00 1992 3 16 20 30 0 3.0 -5.8 360.0 11.3 2.93 3.96 6.2 7.15 2 2 2 2 2 2 2 2 3.0 3.07 -36.0 -5.8 -5.8 -5.8 -5.8 -5.8 -5.8 1.054 1.209 0.485 0.974 1.018 2.245 2 2 1 2 2 2
1992-03-16T21:30:00 1992 3 16 21 30 0 2.6 -1.35 354.5 11.45 2.88 3.51 6.06 6.89 1 1 1 1 1 1 1 1 3.3 3.08 -43.0 -1.35 -1.35 -1.35 -1.35 -1.35 -1.35 0.993 1.131 0.492 0.861 0.884 2.077 2 2 1 2 1 1
1992-03-16T22:30:00 1992 3 16 22 30 0 2.2 3.1 349.0 11.6 2.83 0.32 0.27 0.31 2 2 2 2 2 2 2 2 3.3 3.08 -41.0 3.1 3.1 3.1 3.1 3.1 3.1 0.679 0.581 0.477 0.484 0.297 0.917 2 2 1 2 1 1
1992-03-16T23:30:00 1992 3 16 23 30 0 2.7 0.4 345.0 12.4 2.95 0.21 0.0 0.0 2 2 2 2 2 2 2 2 3.3 3.12 -32.0 0.4 0.4 0.4 0.4 0.4 0.4 0.46 0.289 0.463 0.271 0.094 0.38 2 2 1 2 1 1
