1992-05-21T00:30:00 1992 5 21 0 30 0 -0.2 0.6 353.0 7.8 2.09 0.0 0.0 0.0 2 2 2 2 2 2 2 2 2.0 2.34 -25.0 0.6 0.6 0.6 0.6 0.6 0.6 0.115 0.119 0.273 0.054 0.06 0.152 2 2 2 2 2 2
1992-05-21T01:30:00 1992 5 21 1 30 0 0.2 0.9 357.0 7.1 1.86 0.0 0.0 0.0 2 2 2 2 2 2 2 2 2.0 2.37 -20.0 0.9 0.9 0.9 0.9 0.9 0.9 0.078 0.059 0.265 0.03 0.019 0.063 2 2 2 2 2 2
1992-05-21T02:30:00 1992 5 21 2 30 0 -0.43 0.74 360.0 7.9 2.05 0.0 0.0 0.0 1 1 2 2 2 1 2 2 2.0 2.33 -15.0 0.74 0.74 0.74 0.74 0.74 0.74 0.053 0.029 0.257 0.017 0.006 0.026 2 2 2 2 2 2
1992-05-21T03:30:00 1992 5 21 3 30 0 -1.07 0.06 348.0 8.4 2.03 0.03 0.0 0.0 1 1 1 1 1 1 1 1 1.0 2.16 -15.0 0.06 0.06 0.06 0.06 0.06 0.06 0.036 0.015 0.249 0.01 0.002 0.011 2 2 2 2 2 2
1992-05-21T04:30:00 1992 5 21 4 30 0 -1.7 -0.1 336.0 8.9 2.01 0.15 0.06 0.05 2 2 2 2 2 2 2 2 1.0 1.99 -14.0 -0.1 -0.1 -0.1 -0.1 -0.1 -0.1 0.031 0.037 0.242 0.007 0.032 0.087 2 2 2 2 2 2
1992-05-21T05:30:00 1992 5 21 5 30 0 0.2 1.1 338.0 7.0 1.73 0.04 0.0 0.0 2 2 2 2 2 2 2 2 1.0 1.78 -14.0 1.1 1.1 1.1 1.1 1.1 1.1 0.021 0.019 0.234 0.004 0.01 0.036 2 2 2 2 2 2
1992-05-21T06:30:00 1992 5 21 6 30 0 -2.9 -1.0 336.0 7.1 1.73 0.3 0.47 0.34 2 2 2 2 2 2 2 2 1.7 1.66 -13.0 -1.0 -1.0 -1.0 -1.0 -1.0 -1.0 0.052 0.114 0.228 0.027 0.12 0.184 2 2 2 2 2 2
1992-05-21T07:30:00 1992 5 21 7 30 0 -0.4 -1.1 331.0 7.1 1.65 0.52 1.76 1.25 2 2 2 2 2 2 2 2 1.7 1.54 -18.0 -1.1 -1.1 -1.1 -1.1 -1.1 -1.1 0.129 0.284 0.225 0.08 0.266 0.406 2 2 2 2 2 2
1992-05-21T08:30:00 1992 5 21 8 30 0 -3.9 0.0 354.0 6.8 1.76 0.59 0.86 0.6 2 2 2 2 2 2 2 2 1.7 1.51 -19.0 0.0 0.0 0.0 0.0 0.0 0.0 0.124 0.234 0.219 0.064 0.171 0.319 2 2 2 2 2 2
1992-05-21T09:30:00 1992 5 21 9 30 0 -3.8 -2.5 357.0 7.2 1.97 1.89 2.41 1.71 2 2 2 2 2 2 2 2 1.7 1.48 -18.0 -2.5 -2.5 -2.5 -2.5 -2.5 -2.5 0.226 0.424 0.22 0.168 0.41 0.623 2 2 2 2 2 2
1992-05-21T10:30:00 1992 5 21 10 30 0 -3.5 -1.2 342.0 7.2 1.87 2.02 3.14 2.26 2 2 2 2 2 2 2 2 1.7 1.45 -16.0 -1.2 -1.2 -1.2 -1.2 -1.2 -1.2 0.295 0.513 0.221 0.215 0.448 0.716 2 2 2 2 2 2
1992-05-21T11:30:00 1992 5 21 11 30 0 -3.0 0.1 337.0 6.4 1.58 0.94 0.86 0.59 2 2 2 2 2 2 2 2 1.7 1.53 -14.0 0.1 0.1 0.1 0.1 0.1 0.1 0.235 0.345 0.216 0.139 0.225 0.438 2 2 2 2 2 2
1992-05-21T12:30:00 1992 5 21 12 30 0 -0.9 2.3 332.0 7.4 1.74 0.16 0.0 0.0 2 2 2 2 2 2 2 2 1.3 1.56 -14.0 2.3 2.3 2.3 2.3 2.3 2.3 0.159 0.171 0.209 0.078 0.071 0.182 2 2 2 2 2 2
1992-05-21T13:30:00 1992 5 21 13 30 0 1.1 2.8 330.0 7.0 1.58 0.0 0.0 0.0 2 2 2 2 2 2 2 2 1.3 1.6 -13.0 2.8 2.8 2.8 2.8 2.8 2.8 0.108 0.085 0.203 0.044 0.023 0.075 2 2 2 2 2 2
1992-05-21T14:30:00 1992 5 21 14 30 0 -0.2 2.7 326.0 6.6 1.52 0.0 0.0 0.0 2 2 2 2 2 2 2 2 1.3 1.54 -12.0 2.7 2.7 2.7 2.7 2.7 2.7 0.073 0.042 0.197 0.024 0.007 0.031 2 2 2 2 2 2
1992-05-21T15:30:00 1992 5 21 15 30 0 1.4 2.6 331.0 7.2 1.69 0.01 0.0 0.0 2 2 2 2 2 2 2 2 2.0 1.59 -9.0 2.6 2.6 2.6 2.6 2.6 2.6 0.049 0.021 0.191 0.014 0.002 0.013 2 2 2 2 2 2
1992-05-21T16:30:00 1992 5 21 16 30 0 1.2 -1.4 332.0 7.1 1.62 0.16 0.51 0.36 2 2 2 2 2 2 2 2 2.0 1.63 -7.0 -1.4 -1.4 -1.4 -1.4 -1.4 -1.4 0.078 0.129 0.186 0.041 0.132 0.186 2 2 2 2 2 2
1992-05-21T17:30:00 1992 5 21 17 30 0 -3.3 -0.4 341.0 7.5 1.84 0.46 1.44 1.05 2 2 2 2 2 2 2 2 2.0 1.67 -10.0 -0.4 -0.4 -0.4 -0.4 -0.4 -0.4 0.122 0.239 0.183 0.065 0.214 0.359 2 2 2 2 2 2
1992-05-21T18:30:00 1992 5 21 18 30 0 -4.2 0.2 338.0 6.7 1.64 1.01 0.2 0.14 2 2 2 2 2 2 2 2 2.3 1.75 -15.0 0.2 0.2 0.2 0.2 0.2 0.2 0.091 0.146 0.178 0.039 0.091 0.2 2 2 2 2 2 2
1992-05-21T19:30:00 1992 5 21 19 30 0 -2.2 -2.0 332.0 7.0 1.69 1.13 1.66 1.15 2 2 2 2 2 2 2 2 2.3 1.82 -16.0 -2.0 -2.0 -2.0 -2.0 -2.0 -2.0 0.166 0.321 0.177 0.107 0.29 0.431 2 2 2 2 2 2
1992-05-21T20:30:00 1992 5 21 20 30 0 -2.9 -5.2 350.0 7.6 2.04 3.6 6.4 4.72 2 2 2 2 2 2 2 2 2.3 1.95 -14.0 -5.2 -5.2 -5.2 -5.2 -5.2 -5.2 0.428 0.738 0.195 0.465 0.732 0.966 2 2 2 2 2 2
1992-05-21T21:30:00 1992 5 21 21 30 0 -5.0 -1.3 343.0 7.7 2.02 3.77 5.36 4.09 2 2 2 2 2 2 2 2 3.3 2.2 -21.0 -1.3 -1.3 -1.3 -1.3 -1.3 -1.3 0.506 0.783 0.205 0.49 0.662 1.012 2 2 2 2 2 2
1992-05-21T22:30:00 1992 5 21 22 30 0 -3.3 -4.0 347.0 7.2 1.89 3.3 4.77 3.53 2 2 2 2 2 2 2 2 3.3 2.45 -24.0 -4.0 -4.0 -4.0 -4.0 -4.0 -4.0 0.587 0.864 0.215 0.553 0.733 1.087 2 2 2 2 2 2
1992-05-21T23:30:00 1992 5 21 23 30 0 -3.1 -1.4 347.0 7.2 1.9 2.54 4.5 3.24 2 2 2 2 2 2 2 2 3.3 2.62 -24.0 -1.4 -1.4 -1.4 -1.4 -1.4 -1.4 0.586 0.802 0.22 0.495 0.624 0.988 2 2 2 2 2 2
