1992-09-06T00:30:00 1992 9 6 0 30 0 0.92 -1.02 493.5 8.81 3.41 0.45 2.5 2.2 0 0 1 0 0 0 1 0 3.3 3.49 -24.0 -1.78 -1.36 -2.55 -2.5 -1.4 -1.03 0.665 0.628 0.807 0.789 0.82 1.859 0 0 0 0 0 0
1992-09-06T01:30:00 1992 9 6 1 30 0 0.92 -1.02 495.9 8.81 3.41 0.46 2.52 2.22 0 0 1 0 0 0 1 0 3.3 3.55 -27.0 -1.78 -1.36 -2.55 -2.51 -1.41 -1.03 0.669 0.629 0.815 0.795 0.828 1.881 0 0 0 0 0 0
1992-09-06T02:30:00 1992 9 6 2 30 0 0.92 -1.03 498.3 8.81 3.41 0.46 2.55 2.25 0 0 1 0 0 0 1 0 3.3 3.47 -28.0 -1.78 -1.36 -2.56 -2.51 -1.41 -1.03 0.672 0.63 0.822 0.802 0.836 1.903 0 0 0 0 0 0
1992-09-06T03:30:00 1992 9 6 3 30 0 0.92 -1.03 500.7 8.8 3.41 0.47 2.57 2.27 0 0 1 0 0 0 1 0 3.7 3.44 -31.0 -1.78 -1.37 -2.56 -2.51 -1.41 -1.03 0.675 0.631 0.83 0.807 0.843 1.924 0 0 0 0 0 0
1992-09-06T04:30:00 1992 9 6 4 30 0 0.92 -1.03 503.1 8.8 3.41 0.47 2.59 2.28 0 0 1 0 0 0 1 0 3.7 3.4 -33.0 -1.79 -1.37 -2.56 -2.52 -1.41 -1.04 0.678 0.633 0.838 0.814 0.849 1.949 0 0 0 0 0 0
1992-09-06T05:30:00 1992 9 6 5 30 0 0.92 -1.04 505.5 8.8 3.41 0.48 2.61 2.3 0 0 1 0 0 0 1 0 3.7 3.46 -32.0 -1.79 -1.37 -2.57 -2.52 -1.41 -1.04 0.682 0.634 0.847 0.82 0.856 1.975 0 0 0 0 0 0
1992-09-06T06:30:00 1992 9 6 6 30 0 0.92 -1.04 507.8 8.79 3.41 0.48 2.64 2.32 0 0 1 0 0 0 1 0 3.0 3.41 -34.0 -1.79 -1.37 -2.57 -2.52 -1.42 -1.04 0.685 0.634 0.855 0.826 0.864 1.998 0 0 0 0 0 0
1992-09-06T07:30:00 1992 9 6 7 30 0 0.92 -1.04 509.0 8.79 3.41 0.48 2.64 2.32 0 0 1 0 0 0 1 0 3.0 3.37 -31.0 -1.8 -1.38 -2.57 -2.53 -1.42 -1.04 0.689 0.636 0.863 0.831 0.87 2.015 0 0 0 0 0 0
1992-09-06T08:30:00 1992 9 6 8 30 0 0.92 -1.05 509.0 8.79 3.41 0.49 2.66 2.34 0 0 1 0 0 0 1 0 3.0 3.33 -29.0 -1.8 -1.38 -2.58 -2.53 -1.42 -1.04 0.692 0.637 0.872 0.836 0.873 2.024 0 0 0 0 0 0
1992-09-06T09:30:00 1992 9 6 9 30 0 0.92 -1.05 509.0 8.79 3.41 0.49 2.67 2.35 0 0 1 0 0 0 1 0 1.7 3.12 -29.0 -1.8 -1.38 -2.58 -2.53 -1.42 -1.05 0.693 0.638 0.88 0.838 0.874 2.032 0 0 0 0 0 0
1992-09-06T10:30:00 1992 9 6 10 30 0 0.92 -1.05 509.0 8.78 3.41 0.49 2.67 2.35 0 0 1 0 0 0 1 0 1.7 2.91 -26.0 -1.8 -1.38 -2.58 -2.54 -1.43 -1.05 0.695 0.638 0.888 0.84 0.876 2.036 0 0 0 0 0 0
1992-09-06T11:30:00 1992 9 6 11 30 0 0.92 -1.06 509.0 8.78 3.42 0.49 2.69 2.36 0 0 1 0 0 0 1 0 1.7 2.66 -24.0 -1.81 -1.38 -2.59 -2.54 -1.43 -1.05 0.696 0.638 0.896 0.842 0.877 2.037 0 0 0 0 0 0
1992-09-06T12:30:00 1992 9 6 12 30 0 0.92 -1.06 509.0 8.78 3.42 0.5 2.7 2.37 0 0 1 0 0 0 1 0 2.3 2.49 -26.0 -1.81 -1.39 -2.59 -2.54 -1.43 -1.05 0.698 0.639 0.903 0.843 0.878 2.038 0 0 0 0 0 0
1992-09-06T13:30:00 1992 9 6 13 30 0 0.91 -1.06 509.0 8.77 3.42 0.5 2.7 2.37 0 0 1 0 0 0 1 0 2.3 2.33 -28.0 -1.81 -1.39 -2.6 -2.55 -1.43 -1.05 0.699 0.64 0.911 0.845 0.877 2.037 0 0 0 0 0 0
1992-09-06T14:30:00 1992 9 6 14 30 0 0.91 -1.07 509.0 8.26 3.42 0.5 2.71 2.3 0 0 1 1 0 0 1 1 2.3 2.24 -29.0 -1.82 -1.39 -2.6 -2.55 -1.44 -1.05 0.696 0.635 0.918 0.841 0.869 1.974 0 0 0 0 0 0
1992-09-06T15:30:00 1992 9 6 15 30 0 0.91 -1.07 509.0 7.32 3.4 0.5 2.72 2.11 0 0 1 1 1 0 1 1 3.0 2.25 -29.0 -1.82 -1.39 -2.6 -2.56 -1.44 -1.06 0.687 0.618 0.923 0.824 0.843 1.814 0 0 0 0 0 0
1992-09-06T16:30:00 1992 9 6 16 30 0 1.12 -1.07 509.0 6.39 3.11 0.54 2.72 1.86 1 0 1 1 1 1 1 1 3.0 2.27 -27.0 -1.82 -1.4 -2.61 -2.56 -1.44 -1.06 0.67 0.592 0.927 0.797 0.805 1.594 0 0 0 0 0 0
1992-09-06T17:30:00 1992 9 6 17 30 0 1.66 -1.08 509.0 5.46 2.81 0.69 2.74 1.61 1 0 1 1 1 1 1 1 3.0 2.43 -30.0 -1.82 -1.4 -2.61 -2.56 -1.44 -1.06 0.647 0.561 0.928 0.761 0.761 1.355 0 0 0 0 0 0
1992-09-06T18:30:00 1992 9 6 18 30 0 2.2 -0.98 509.0 4.7 2.51 0.92 2.61 1.32 1 1 1 1 1 1 1 1 4.3 2.76 -37.0 -1.62 -1.25 -2.31 -2.26 -1.29 -0.96 0.608 0.515 0.926 0.692 0.691 1.112 0 0 0 0 1 0
1992-09-06T19:30:00 1992 9 6 19 30 0 2.5 -0.44 509.0 4.7 2.42 0.93 1.75 0.82 1 1 1 1 1 1 1 1 4.3 3.09 -36.0 -0.58 -0.5 -0.72 -0.71 -0.51 -0.44 0.511 0.413 0.909 0.501 0.509 0.855 0 1 0 1 1 1
1992-09-06T20:30:00 1992 9 6 20 30 0 2.5 -0.3 509.0 4.7 2.42 0.83 0.93 0.44 2 2 2 2 2 2 2 2 4.3 3.34 -34.0 -0.3 -0.3 -0.3 -0.3 -0.3 -0.3 0.393 0.304 0.884 0.31 0.34 0.648 1 1 0 1 1 1
1992-09-06T21:30:00 1992 9 6 21 30 0 0.6 -1.1 507.0 4.4 2.23 0.54 1.86 0.84 2 2 1 1 1 2 2 1 3.3 3.45 -35.0 -1.1 -1.1 -1.1 -1.1 -1.1 -1.1 0.354 0.319 0.863 0.241 0.427 0.711 1 1 0 1 1 1
1992-09-06T22:30:00 1992 9 6 22 30 0 -1.4 -1.0 505.0 4.1 2.05 0.43 2.65 1.12 2 2 1 1 1 2 2 1 3.3 3.57 -30.0 -1.0 -1.0 -1.0 -1.0 -1.0 -1.0 0.343 0.346 0.844 0.22 0.484 0.743 1 1 0 1 1 1
1992-09-06T23:30:00 1992 9 6 23 30 0 2.2 -2.5 503.0 3.8 1.86 1.27 4.57 1.79 2 2 2 2 2 2 2 2 3.3 3.6 -27.0 -2.5 -2.5 -2.5 -2.5 -2.5 -2.5 0.409 0.455 0.835 0.316 0.695 0.882 1 2 0 2 2 2
