1992-12-01T00:30:00 1992 12 1 0 30 0 1.08 -0.43 445.8 7.58 2.89 0.21 0.96 0.73 0 0 0 0 0 0 0 0 4.0 3.72 -31.0 -1.33 -1.06 -1.8 -1.77 -1.09 -0.84 0.455 0.488 0.401 0.424 0.554 1.09 0 0 0 0 0 0
1992-12-01T01:30:00 1992 12 1 1 30 0 1.08 -0.43 445.7 7.57 2.89 0.21 0.96 0.73 0 0 0 0 0 0 0 0 4.0 3.76 -37.0 -1.33 -1.06 -1.8 -1.77 -1.09 -0.84 0.455 0.488 0.404 0.423 0.554 1.089 0 0 0 0 0 0
1992-12-01T02:30:00 1992 12 1 2 30 0 1.08 -0.43 445.7 7.57 2.89 0.21 0.96 0.73 0 0 0 0 0 0 0 0 4.0 3.68 -39.0 -1.33 -1.06 -1.8 -1.77 -1.09 -0.84 0.455 0.488 0.406 0.423 0.554 1.088 0 0 0 0 0 0
1992-12-01T03:30:00 1992 12 1 3 30 0 1.08 -0.43 445.6 7.57 2.89 0.21 0.96 0.73 0 0 0 0 0 0 0 0 2.7 3.44 -40.0 -1.33 -1.06 -1.8 -1.77 -1.09 -0.84 0.455 0.488 0.409 0.422 0.554 1.087 0 0 0 0 0 0
1992-12-01T04:30:00 1992 12 1 4 30 0 1.08 -0.44 445.5 7.56 2.89 0.21 0.97 0.73 0 0 0 0 0 0 0 0 2.7 3.19 -44.0 -1.33 -1.06 -1.8 -1.77 -1.09 -0.84 0.455 0.488 0.412 0.422 0.553 1.086 0 0 0 0 0 0
1992-12-01T05:30:00 1992 12 1 5 30 0 1.08 -0.44 445.4 7.56 2.88 0.21 0.98 0.74 0 0 0 0 0 0 0 0 2.7 3.18 -46.0 -1.33 -1.06 -1.8 -1.77 -1.09 -0.84 0.455 0.487 0.414 0.422 0.553 1.085 0 0 0 0 0 0
1992-12-01T06:30:00 1992 12 1 6 30 0 1.08 -0.44 445.4 7.55 2.88 0.21 0.98 0.74 0 0 0 0 0 0 0 0 3.7 3.31 -43.0 -1.33 -1.06 -1.8 -1.77 -1.09 -0.84 0.454 0.487 0.416 0.421 0.553 1.083 0 0 0 0 0 0
1992-12-01T07:30:00 1992 12 1 7 30 0 1.08 -0.44 445.3 7.55 2.88 0.21 0.98 0.74 0 0 0 0 0 0 0 0 3.7 3.43 -41.0 -1.33 -1.06 -1.8 -1.77 -1.09 -0.84 0.454 0.487 0.418 0.421 0.553 1.082 0 0 0 0 0 0
1992-12-01T08:30:00 1992 12 1 8 30 0 1.08 -0.44 445.2 7.55 2.88 0.21 0.98 0.74 0 0 0 0 0 0 0 0 3.7 3.4 -49.0 -1.33 -1.06 -1.8 -1.77 -1.09 -0.84 0.454 0.487 0.421 0.421 0.552 1.081 0 0 0 0 0 0
1992-12-01T09:30:00 1992 12 1 9 30 0 1.08 -0.45 445.1 7.54 2.87 0.21 0.99 0.75 0 0 0 0 0 0 0 0 3.3 3.32 -56.0 -1.33 -1.07 -1.8 -1.77 -1.09 -0.84 0.454 0.488 0.423 0.421 0.552 1.08 0 0 0 0 0 0
1992-12-01T10:30:00 1992 12 1 10 30 0 1.08 -0.45 445.1 7.54 2.87 0.21 1.0 0.76 0 0 0 0 0 0 0 0 3.3 3.23 -42.0 -1.33 -1.07 -1.8 -1.77 -1.09 -0.84 0.454 0.489 0.425 0.421 0.552 1.079 0 0 0 0 0 0
1992-12-01T11:30:00 1992 12 1 11 30 0 1.09 -0.45 445.0 7.53 2.87 0.21 1.0 0.75 0 0 0 0 0 0 0 0 3.3 3.31 -28.0 -1.33 -1.07 -1.8 -1.77 -1.09 -0.84 0.454 0.489 0.427 0.421 0.551 1.078 0 0 0 0 0 0
1992-12-01T12:30:00 1992 12 1 12 30 0 1.09 -0.45 445.1 7.53 2.87 0.22 1.0 0.75 0 0 0 0 0 0 0 0 3.0 3.34 -29.0 -1.33 -1.07 -1.8 -1.77 -1.09 -0.84 0.454 0.489 0.429 0.42 0.551 1.077 0 0 0 0 0 0
1992-12-01T13:30:00 1992 12 1 13 30 0 1.09 -0.45 445.2 7.53 2.87 0.22 1.0 0.75 0 0 0 0 0 0 0 0 3.0 3.37 -36.0 -1.33 -1.07 -1.8 -1.77 -1.09 -0.84 0.453 0.489 0.43 0.42 0.551 1.077 0 0 0 0 0 0
1992-12-01T14:30:00 1992 12 1 14 30 0 1.09 -0.45 445.4 7.53 2.87 0.22 1.0 0.75 0 0 0 0 0 0 0 0 3.0 3.28 -43.0 -1.33 -1.07 -1.8 -1.77 -1.09 -0.84 0.453 0.489 0.432 0.42 0.552 1.077 0 0 0 0 0 0
1992-12-01T15:30:00 1992 12 1 15 30 0 1.09 -0.45 445.5 7.53 2.87 0.22 1.0 0.75 0 0 0 0 0 0 0 0 3.3 3.23 -41.0 -1.33 -1.07 -1.8 -1.77 -1.09 -0.84 0.454 0.489 0.434 0.421 0.552 1.078 0 0 0 0 0 0
1992-12-01T16:30:00 1992 12 1 16 30 0 1.09 -0.45 445.7 7.53 2.88 0.22 1.0 0.75 0 0 0 0 0 0 0 0 3.3 3.19 -36.0 -1.33 -1.07 -1.8 -1.77 -1.09 -0.84 0.454 0.49 0.436 0.421 0.552 1.079 0 0 0 0 0 0
1992-12-01T17:30:00 1992 12 1 17 30 0 1.09 -0.45 444.7 7.53 2.88 0.22 1.0 0.75 0 0 1 0 0 0 1 0 3.3 3.19 -23.0 -1.33 -1.07 -1.8 -1.77 -1.09 -0.84 0.453 0.489 0.437 0.421 0.552 1.077 0 0 0 0 0 0
1992-12-01T18:30:00 1992 12 1 18 30 0 1.09 -0.45 442.5 7.53 2.88 0.21 1.0 0.75 0 0 1 0 0 0 1 0 2.0 3.02 -20.0 -1.33 -1.07 -1.8 -1.78 -1.09 -0.84 0.453 0.489 0.439 0.42 0.549 1.07 0 0 0 0 0 0
1992-12-01T19:30:00 1992 12 1 19 30 0 1.09 -0.45 440.3 7.53 2.88 0.21 0.99 0.75 0 0 1 0 0 0 1 0 2.0 2.85 -22.0 -1.33 -1.07 -1.8 -1.78 -1.09 -0.84 0.452 0.489 0.44 0.42 0.545 1.06 0 0 0 0 0 0
1992-12-01T20:30:00 1992 12 1 20 30 0 1.09 -0.45 438.0 7.53 2.88 0.21 0.99 0.74 0 0 1 0 0 0 1 0 2.0 2.72 -22.0 -1.33 -1.06 -1.8 -1.78 -1.09 -0.84 0.451 0.488 0.441 0.418 0.541 1.048 0 0 0 0 0 0
1992-12-01T21:30:00 1992 12 1 21 30 0 1.09 -0.45 435.8 7.53 2.88 0.21 0.98 0.74 0 0 1 0 0 0 1 0 3.3 2.77 -20.0 -1.33 -1.06 -1.81 -1.78 -1.09 -0.84 0.449 0.486 0.442 0.416 0.536 1.036 0 0 0 0 0 0
1992-12-01T22:30:00 1992 12 1 22 30 0 1.08 -0.45 433.6 7.53 2.88 0.21 0.98 0.74 0 0 1 0 0 0 1 0 3.3 2.81 -19.0 -1.33 -1.06 -1.81 -1.78 -1.09 -0.84 0.448 0.485 0.443 0.414 0.532 1.023 0 0 0 0 0 0
1992-12-01T23:30:00 1992 12 1 23 30 0 1.08 -0.45 431.3 7.53 2.88 0.21 0.97 0.73 0 0 1 0 0 0 1 0 3.3 2.82 -25.0 -1.33 -1.06 -1.81 -1.78 -1.09 -0.84 0.446 0.484 0.443 0.411 0.528 1.011 0 0 0 0 0 0
