1992-11-12T00:30:00 1992 11 12 0 30 0 0.83 0.45 628.0 4.2 3.3 0.03 0.0 0.0 1 0 2 2 2 1 1 1 3.0 2.66 -16.0 -1.19 -0.81 -1.99 -1.94 -0.85 -0.55 0.123 0.134 0.445 0.226 0.371 0.39 0 0 2 0 0 0
1992-11-12T01:30:00 1992 11 12 1 30 0 0.92 0.45 627.1 4.2 3.3 0.05 0.0 0.0 1 0 1 1 1 1 1 1 3.0 2.63 -13.0 -1.19 -0.81 -1.99 -1.94 -0.85 -0.55 0.222 0.233 0.461 0.377 0.55 0.702 0 0 1 0 0 0
1992-11-12T02:30:00 1992 11 12 2 30 0 0.95 0.45 626.2 4.2 3.36 0.06 0.0 0.0 0 0 1 1 1 0 1 1 3.0 2.67 -14.0 -1.19 -0.81 -1.99 -1.93 -0.85 -0.55 0.29 0.282 0.477 0.46 0.606 0.829 0 0 1 0 0 0
1992-11-12T03:30:00 1992 11 12 3 30 0 0.95 0.45 625.4 5.16 3.54 0.06 0.0 0.0 0 0 1 1 1 0 1 1 3.3 2.75 -13.0 -1.19 -0.82 -1.99 -1.93 -0.85 -0.55 0.343 0.319 0.494 0.52 0.65 0.993 0 0 1 0 0 0
1992-11-12T04:30:00 1992 11 12 4 30 0 0.95 0.44 624.5 6.34 3.72 0.06 0.0 0.0 0 0 1 1 1 0 1 1 3.3 2.82 -15.0 -1.19 -0.82 -1.99 -1.93 -0.85 -0.55 0.391 0.355 0.513 0.577 0.703 1.255 0 0 1 0 0 0
1992-11-12T05:30:00 1992 11 12 5 30 0 0.95 0.44 623.6 7.51 3.9 0.07 0.0 0.0 0 0 1 1 1 0 1 1 3.3 2.95 -18.0 -1.19 -0.82 -1.99 -1.93 -0.85 -0.55 0.435 0.39 0.534 0.631 0.757 1.58 0 0 1 0 0 0
1992-11-12T06:30:00 1992 11 12 6 30 0 0.95 0.44 622.7 8.68 3.91 0.06 0.0 0.0 0 0 1 1 0 0 1 1 2.7 2.99 -16.0 -1.19 -0.82 -1.98 -1.93 -0.85 -0.55 0.475 0.423 0.556 0.681 0.806 1.938 0 0 1 0 0 0
1992-11-12T07:30:00 1992 11 12 7 30 0 0.95 0.44 621.8 9.31 3.91 0.06 0.0 0.0 0 0 1 0 0 0 1 0 2.7 3.04 -16.0 -1.19 -0.82 -1.98 -1.93 -0.85 -0.55 0.508 0.449 0.578 0.722 0.842 2.242 0 0 1 0 0 0
1992-11-12T08:30:00 1992 11 12 8 30 0 0.54 0.44 620.9 9.31 3.9 0.03 0.0 0.0 1 0 1 0 0 1 1 0 2.7 3.0 -19.0 -1.19 -0.82 -1.98 -1.93 -0.86 -0.55 0.533 0.464 0.6 0.747 0.86 2.403 0 0 1 0 0 0
1992-11-12T09:30:00 1992 11 12 9 30 0 -0.58 0.43 620.1 9.3 3.9 0.0 0.0 0.0 1 0 1 0 0 1 1 0 3.3 3.03 -22.0 -1.19 -0.82 -1.98 -1.93 -0.86 -0.56 0.549 0.472 0.622 0.761 0.866 2.473 0 0 1 0 0 0
1992-11-12T10:30:00 1992 11 12 10 30 0 -1.69 0.91 619.2 9.3 3.9 0.09 0.0 0.0 1 1 1 0 0 1 1 1 3.3 3.07 -19.0 -0.5 -0.18 -1.19 -1.14 -0.21 0.05 0.495 0.376 0.63 0.653 0.614 1.617 0 0 1 0 0 0
1992-11-12T11:30:00 1992 11 12 11 30 0 -2.3 3.35 618.3 8.6 3.9 0.16 0.0 0.0 1 1 1 1 0 1 1 1 3.3 3.08 -16.0 3.06 3.12 2.91 2.92 3.12 3.17 0.335 0.187 0.611 0.368 0.194 0.671 0 0 1 0 0 0
1992-11-12T12:30:00 1992 11 12 12 30 0 -2.3 4.0 617.4 7.34 3.88 0.14 0.0 0.0 2 2 1 1 1 2 2 1 3.0 3.04 -20.0 4.0 4.0 4.0 4.0 4.0 4.0 0.227 0.093 0.592 0.206 0.062 0.278 0 0 1 0 0 0
1992-11-12T13:30:00 1992 11 12 13 30 0 -4.6 3.0 616.5 6.08 3.57 0.55 0.0 0.0 2 2 1 1 1 2 2 1 3.0 3.0 -16.0 3.0 3.0 3.0 3.0 3.0 3.0 0.154 0.046 0.574 0.115 0.019 0.115 0 0 1 0 0 0
1992-11-12T14:30:00 1992 11 12 14 30 0 -4.11 2.52 615.6 4.82 3.26 1.01 0.0 0.0 1 1 1 1 1 1 1 1 3.0 3.04 -16.0 2.22 2.29 2.08 2.09 2.29 2.34 0.104 0.023 0.557 0.065 0.006 0.048 0 0 1 0 0 0
1992-11-12T15:30:00 1992 11 12 15 30 0 -3.05 0.7 614.8 3.8 2.96 0.87 0.0 0.0 1 1 1 1 1 1 1 1 2.7 3.04 -13.0 -0.49 -0.22 -1.07 -1.03 -0.24 -0.02 0.088 0.032 0.543 0.072 0.063 0.046 0 1 1 1 1 1
1992-11-12T16:30:00 1992 11 12 16 30 0 -1.99 0.08 613.9 3.8 2.86 0.64 0.0 0.0 1 1 1 1 1 1 1 1 2.7 3.03 -12.0 -0.22 -0.15 -0.36 -0.35 -0.16 -0.1 0.101 0.072 0.533 0.09 0.159 0.175 1 1 1 1 1 1
1992-11-12T17:30:00 1992 11 12 17 30 0 -1.5 0.0 613.0 3.8 2.86 0.38 0.0 0.0 2 2 2 2 2 2 2 2 2.7 2.96 -11.0 0.0 0.0 0.0 0.0 0.0 0.0 0.079 0.056 0.518 0.057 0.096 0.151 1 1 1 1 1 1
1992-11-12T18:30:00 1992 11 12 18 30 0 -1.5 0.08 612.5 3.8 2.86 0.28 0.0 0.0 1 1 1 1 1 1 1 1 3.0 2.92 -12.0 -0.22 -0.15 -0.37 -0.36 -0.16 -0.1 0.075 0.067 0.503 0.049 0.129 0.209 1 1 1 1 1 1
1992-11-12T19:30:00 1992 11 12 19 30 0 -1.05 0.36 612.0 3.8 2.96 0.16 0.0 0.0 1 1 1 1 1 1 1 1 3.0 2.89 -14.0 -1.04 -0.72 -1.72 -1.68 -0.75 -0.49 0.139 0.152 0.503 0.161 0.345 0.445 1 1 1 1 1 1
1992-11-12T20:30:00 1992 11 12 20 30 0 -0.21 0.41 611.6 4.83 3.26 0.03 0.0 0.0 1 0 1 1 1 1 1 1 3.0 2.89 -15.0 -1.19 -0.82 -1.98 -1.93 -0.86 -0.56 0.229 0.243 0.514 0.324 0.53 0.737 0 0 1 0 0 0
1992-11-12T21:30:00 1992 11 12 21 30 0 0.64 0.41 611.1 6.08 3.56 0.01 0.0 0.0 1 0 1 1 1 1 1 1 4.0 3.02 -23.0 -1.19 -0.83 -1.98 -1.93 -0.86 -0.56 0.308 0.313 0.53 0.454 0.643 1.065 0 0 1 0 0 0
1992-11-12T22:30:00 1992 11 12 22 30 0 0.96 0.41 610.6 7.33 3.86 0.05 0.0 0.0 0 0 1 1 1 0 1 1 4.0 3.15 -23.0 -1.2 -0.83 -1.98 -1.93 -0.86 -0.56 0.375 0.367 0.548 0.551 0.718 1.421 0 0 1 0 0 0
1992-11-12T23:30:00 1992 11 12 23 30 0 0.96 0.41 610.1 8.57 3.87 0.07 0.0 0.0 0 0 1 1 0 0 1 1 4.0 3.32 -20.0 -1.2 -0.83 -1.98 -1.93 -0.86 -0.56 0.431 0.411 0.567 0.626 0.776 1.797 0 0 1 0 0 0
