1992-03-08T00:30:00 1992 3 8 0 30 0 2.5 0.4 381.0 17.6 5.29 0.15 0.0 0.0 2 2 2 2 2 2 2 2 2.7 3.01 -7.0 0.4 0.4 0.4 0.4 0.4 0.4 0.327 0.275 0.205 0.185 0.105 0.677 2 2 1 2 2 2
1992-03-08T01:30:00 1992 3 8 1 30 0 3.5 -1.5 376.0 17.4 5.13 1.05 1.24 2.16 2 2 2 2 2 2 2 2 2.7 2.93 -6.0 -1.5 -1.5 -1.5 -1.5 -1.5 -1.5 0.338 0.43 0.204 0.196 0.388 1.508 2 2 1 2 2 2
1992-03-08T02:30:00 1992 3 8 2 30 0 -3.4 4.5 378.0 18.0 5.39 0.21 0.24 0.41 2 2 2 2 2 2 2 2 2.7 2.98 -5.0 4.5 4.5 4.5 4.5 4.5 4.5 0.229 0.214 0.198 0.11 0.123 0.626 2 2 1 2 2 2
1992-03-08T03:30:00 1992 3 8 3 30 0 6.0 2.6 386.0 18.3 5.72 0.32 0.0 0.0 2 2 2 2 2 2 2 2 3.7 3.15 -4.0 2.6 2.6 2.6 2.6 2.6 2.6 0.155 0.106 0.192 0.062 0.039 0.259 2 2 1 2 2 2
1992-03-08T04:30:00 1992 3 8 4 30 0 7.6 1.9 394.0 17.8 5.72 2.22 0.0 0.0 2 2 2 2 2 2 2 2 3.7 3.32 -2.0 1.9 1.9 1.9 1.9 1.9 1.9 0.105 0.053 0.186 0.034 0.012 0.108 2 2 1 2 2 2
1992-03-08T05:30:00 1992 3 8 5 30 0 8.09 1.85 389.0 18.85 5.95 3.17 0.0 0.0 1 1 1 1 1 1 1 1 3.7 3.33 -3.0 1.37 1.43 1.23 1.24 1.43 1.48 0.071 0.026 0.18 0.019 0.004 0.045 2 2 1 2 2 2
1992-03-08T06:30:00 1992 3 8 6 30 0 9.15 1.37 384.0 19.9 6.19 4.04 0.0 0.0 1 1 1 1 1 1 1 1 2.3 3.15 -9.0 -0.55 -0.3 -1.1 -1.06 -0.32 -0.14 0.077 0.064 0.178 0.059 0.071 0.221 2 1 1 1 1 1
1992-03-08T07:30:00 1992 3 8 7 30 0 10.21 -0.27 379.0 20.95 6.42 5.98 0.06 0.13 1 1 1 1 1 1 1 1 2.3 2.97 -3.0 -0.74 -0.68 -0.88 -0.87 -0.69 -0.64 0.158 0.277 0.179 0.135 0.31 1.268 1 1 1 1 1 1
1992-03-08T08:30:00 1992 3 8 8 30 0 10.7 -0.7 374.0 22.0 6.66 7.78 0.95 2.04 2 2 2 2 2 2 2 2 2.3 2.92 5.0 -0.7 -0.7 -0.7 -0.7 -0.7 -0.7 0.219 0.428 0.178 0.153 0.423 1.993 2 2 1 2 2 2
1992-03-08T09:30:00 1992 3 8 9 30 0 5.4 4.8 360.0 23.8 6.8 3.2 0.04 0.08 2 2 2 2 2 2 2 2 2.0 2.82 8.0 4.8 4.8 4.8 4.8 4.8 4.8 0.149 0.213 0.173 0.086 0.134 0.827 2 2 1 2 2 2
1992-03-08T10:30:00 1992 3 8 10 30 0 -0.1 3.4 351.0 23.2 6.28 0.16 0.0 0.0 2 2 2 2 2 2 2 2 2.0 2.73 7.0 3.4 3.4 3.4 3.4 3.4 3.4 0.101 0.106 0.168 0.048 0.042 0.343 2 2 1 2 2 2
1992-03-08T11:30:00 1992 3 8 11 30 0 1.7 4.0 369.0 23.1 6.68 0.01 0.0 0.0 2 2 2 2 2 2 2 2 2.0 2.52 9.0 4.0 4.0 4.0 4.0 4.0 4.0 0.068 0.052 0.162 0.027 0.013 0.142 2 2 1 2 2 2
1992-03-08T12:30:00 1992 3 8 12 30 0 0.4 -3.2 365.0 22.7 6.48 0.47 1.55 3.53 2 2 2 2 2 2 2 2 3.3 2.48 7.0 -3.2 -3.2 -3.2 -3.2 -3.2 -3.2 0.217 0.415 0.168 0.211 0.477 1.757 2 2 2 2 2 2
1992-03-08T13:30:00 1992 3 8 13 30 0 9.3 0.4 389.0 19.6 6.46 3.25 2.41 5.22 2 2 2 2 2 2 2 2 3.3 2.45 -7.0 0.4 0.4 0.4 0.4 0.4 0.4 0.282 0.494 0.171 0.234 0.443 1.992 2 2 2 2 2 2
1992-03-08T14:30:00 1992 3 8 14 30 0 12.1 3.5 389.0 12.5 3.98 6.0 0.0 0.0 2 2 2 2 2 2 2 2 3.3 2.58 -11.0 3.5 3.5 3.5 3.5 3.5 3.5 0.191 0.245 0.166 0.131 0.14 0.826 2 2 2 2 2 2
1992-03-08T15:30:00 1992 3 8 15 30 0 7.4 4.9 382.0 13.2 4.54 3.51 0.0 0.0 2 2 2 2 2 2 2 2 2.0 2.53 -2.0 4.9 4.9 4.9 4.9 4.9 4.9 0.129 0.122 0.161 0.073 0.044 0.343 2 2 2 2 2 2
1992-03-08T16:30:00 1992 3 8 16 30 0 7.0 8.7 385.0 13.1 4.06 1.16 0.0 0.0 2 2 2 2 2 2 2 2 2.0 2.49 1.0 8.7 8.7 8.7 8.7 8.7 8.7 0.088 0.06 0.156 0.041 0.014 0.142 2 2 2 2 2 2
1992-03-08T17:30:00 1992 3 8 17 30 0 1.8 7.8 403.0 14.6 4.78 0.28 0.0 0.0 2 2 2 2 2 2 2 2 2.0 2.48 7.0 7.8 7.8 7.8 7.8 7.8 7.8 0.059 0.03 0.151 0.023 0.004 0.059 2 2 2 2 2 2
1992-03-08T18:30:00 1992 3 8 18 30 0 3.6 8.5 425.0 17.0 6.34 0.08 0.0 0.0 2 2 2 2 2 2 2 2 2.0 2.48 8.0 8.5 8.5 8.5 8.5 8.5 8.5 0.04 0.015 0.147 0.013 0.001 0.024 2 2 2 2 2 2
1992-03-08T19:30:00 1992 3 8 19 30 0 5.1 8.2 443.0 16.7 6.74 0.28 0.0 0.0 2 2 2 2 2 2 2 2 2.0 2.47 9.0 8.2 8.2 8.2 8.2 8.2 8.2 0.027 0.007 0.142 0.007 0.0 0.01 2 2 2 2 2 2
1992-03-08T20:30:00 1992 3 8 20 30 0 1.9 10.7 429.0 12.0 4.51 0.14 0.0 0.0 2 2 2 2 2 2 2 2 2.0 2.31 3.0 10.7 10.7 10.7 10.7 10.7 10.7 0.018 0.004 0.138 0.004 0.0 0.004 2 2 2 2 2 2
1992-03-08T21:30:00 1992 3 8 21 30 0 3.6 9.0 434.5 11.6 4.47 0.07 0.0 0.0 2 2 1 1 1 2 2 1 2.3 2.19 2.0 9.0 9.0 9.0 9.0 9.0 9.0 0.012 0.002 0.134 0.002 0.0 0.002 2 2 2 2 2 2
1992-03-08T22:30:00 1992 3 8 22 30 0 7.1 6.2 440.0 11.2 4.42 0.66 0.0 0.0 2 2 2 2 2 2 2 2 2.3 2.08 8.0 6.2 6.2 6.2 6.2 6.2 6.2 0.008 0.001 0.13 0.001 0.0 0.001 2 2 2 2 2 2
1992-03-08T23:30:00 1992 3 8 23 30 0 10.5 7.4 449.0 15.0 6.22 2.42 0.0 0.0 2 2 2 2 2 2 2 2 2.3 2.12 14.0 7.4 7.4 7.4 7.4 7.4 7.4 0.006 0.0 0.126 0.001 0.0 0.0 2 2 2 2 2 2
