1992-01-29T00:30:00 1992 1 29 0 30 0 -5.6 -8.4 412.0 7.3 2.46 16.43 15.72 11.34 2 2 2 2 2 2 2 2 3.3 2.58 -27.0 -8.4 -8.4 -8.4 -8.4 -8.4 -8.4 0.975 1.285 0.584 1.475 1.575 2.175 2 2 1 2 2 2
1992-01-29T01:30:00 1992 1 29 1 30 0 -7.9 -5.8 402.0 7.4 2.39 15.64 14.22 10.46 2 2 2 2 2 2 2 2 3.3 2.71 -36.0 -5.8 -5.8 -5.8 -5.8 -5.8 -5.8 1.21 1.451 0.635 1.729 1.604 2.358 2 2 2 2 2 2
1992-01-29T02:30:00 1992 1 29 2 30 0 -2.8 3.0 399.0 7.6 2.41 4.04 3.35 2.5 2 2 2 2 2 2 2 2 3.3 2.84 -37.0 3.0 3.0 3.0 3.0 3.0 3.0 0.921 0.888 0.625 1.076 0.697 1.299 2 2 2 2 2 2
1992-01-29T03:30:00 1992 1 29 3 30 0 -2.3 3.6 388.0 7.9 2.53 0.13 0.0 0.0 2 2 2 2 2 2 2 2 3.3 2.96 -37.0 3.6 3.6 3.6 3.6 3.6 3.6 0.623 0.441 0.605 0.602 0.221 0.539 2 2 2 2 2 2
1992-01-29T04:30:00 1992 1 29 4 30 0 -5.5 0.0 384.0 8.0 2.43 0.91 0.0 0.0 2 2 2 2 2 2 2 2 3.3 3.08 -31.0 0.0 0.0 0.0 0.0 0.0 0.0 0.422 0.219 0.587 0.337 0.07 0.224 2 2 2 2 2 2
1992-01-29T05:30:00 1992 1 29 5 30 0 -4.0 0.7 405.0 7.9 2.61 1.54 0.0 0.0 2 2 2 2 2 2 2 2 3.3 3.16 -29.0 0.7 0.7 0.7 0.7 0.7 0.7 0.286 0.109 0.569 0.189 0.022 0.093 2 2 2 2 2 2
1992-01-29T06:30:00 1992 1 29 6 30 0 -4.0 -2.3 387.0 8.1 2.45 1.9 1.91 1.54 2 2 2 2 2 2 2 2 2.7 3.15 -30.0 -2.3 -2.3 -2.3 -2.3 -2.3 -2.3 0.319 0.323 0.559 0.225 0.367 0.642 2 2 2 2 2 2
1992-01-29T07:30:00 1992 1 29 7 30 0 -4.0 -1.82 390.4 8.1 2.45 2.73 3.97 3.21 1 1 1 1 1 1 1 1 2.7 3.14 -23.0 -2.1 -2.02 -2.26 -2.25 -2.03 -1.97 0.423 0.553 0.557 0.348 0.61 1.076 2 1 2 1 1 1
1992-01-29T08:30:00 1992 1 29 8 30 0 -3.2 -0.03 393.9 8.37 2.51 1.51 1.67 1.37 1 1 1 1 1 1 1 1 2.7 3.07 -23.0 -1.34 -1.0 -2.1 -2.05 -1.03 -0.76 0.448 0.564 0.555 0.402 0.557 1.057 1 1 2 1 1 1
1992-01-29T09:30:00 1992 1 29 9 30 0 -2.48 0.31 397.3 8.76 2.83 0.6 0.0 0.0 1 0 1 1 1 1 1 1 2.0 2.9 -23.0 -1.19 -0.8 -2.07 -2.01 -0.84 -0.53 0.435 0.502 0.552 0.426 0.465 0.914 1 1 1 1 0 1
1992-01-29T10:30:00 1992 1 29 10 30 0 -3.07 0.31 400.7 9.14 3.16 0.55 0.0 0.0 1 0 1 1 1 1 1 1 2.0 2.73 -20.0 -1.19 -0.8 -2.07 -2.01 -0.84 -0.53 0.426 0.466 0.551 0.444 0.433 0.86 1 0 1 0 0 0
1992-01-29T11:30:00 1992 1 29 11 30 0 -4.57 -0.11 404.1 9.53 3.48 1.2 0.04 0.04 1 1 1 1 1 1 1 1 2.0 2.57 -16.0 -1.42 -1.08 -2.18 -2.13 -1.11 -0.84 0.437 0.486 0.55 0.471 0.477 0.978 1 1 1 1 1 1
1992-01-29T12:30:00 1992 1 29 12 30 0 -5.7 -2.32 407.6 9.8 3.54 3.22 2.66 2.58 1 1 1 1 1 1 1 1 3.0 2.54 -14.0 -2.59 -2.52 -2.75 -2.74 -2.52 -2.47 0.527 0.662 0.554 0.557 0.721 1.506 1 1 1 1 1 1
1992-01-29T13:30:00 1992 1 29 13 30 0 -5.7 -2.9 411.0 9.8 3.54 5.22 5.39 5.29 2 2 2 2 2 2 2 2 3.0 2.51 -14.0 -2.9 -2.9 -2.9 -2.9 -2.9 -2.9 0.646 0.848 0.562 0.656 0.933 1.991 1 2 1 1 2 2
1992-01-29T14:30:00 1992 1 29 14 30 0 -5.4 -0.7 401.0 10.7 3.46 3.94 3.47 3.54 2 2 2 2 2 2 2 2 3.0 2.56 -14.0 -0.7 -0.7 -0.7 -0.7 -0.7 -0.7 0.602 0.75 0.556 0.514 0.71 1.785 2 2 1 2 2 2
1992-01-29T15:30:00 1992 1 29 15 30 0 -4.5 1.9 398.0 10.1 3.26 1.61 0.13 0.14 2 2 2 2 2 2 2 2 2.3 2.51 -15.0 1.9 1.9 1.9 1.9 1.9 1.9 0.41 0.379 0.539 0.288 0.231 0.77 2 2 1 2 2 2
1992-01-29T16:30:00 1992 1 29 16 30 0 -4.4 2.8 393.0 9.2 2.84 0.76 0.0 0.0 2 2 2 2 2 2 2 2 2.3 2.46 -9.0 2.8 2.8 2.8 2.8 2.8 2.8 0.277 0.188 0.523 0.161 0.073 0.319 2 2 1 2 2 2
1992-01-29T17:30:00 1992 1 29 17 30 0 -5.3 -1.9 371.0 10.3 2.97 1.85 0.87 0.88 2 2 2 2 2 2 2 2 2.3 2.49 -5.0 -1.9 -1.9 -1.9 -1.9 -1.9 -1.9 0.266 0.279 0.511 0.161 0.262 0.602 2 2 1 2 2 2
1992-01-29T18:30:00 1992 1 29 18 30 0 -5.8 -2.5 368.0 10.8 3.06 4.11 4.11 4.35 2 2 2 2 2 2 2 2 3.0 2.61 -7.0 -2.5 -2.5 -2.5 -2.5 -2.5 -2.5 0.412 0.606 0.51 0.328 0.626 1.324 2 2 1 2 2 2
1992-01-29T19:30:00 1992 1 29 19 30 0 -4.4 -5.7 379.0 12.4 3.68 6.62 7.93 9.33 2 2 2 2 2 2 2 2 3.0 2.74 -8.0 -5.7 -5.7 -5.7 -5.7 -5.7 -5.7 0.728 1.091 0.535 0.82 1.161 2.445 2 2 2 2 2 2
1992-01-29T20:30:00 1992 1 29 20 30 0 -4.0 -7.5 392.0 9.0 2.81 11.16 12.89 13.5 2 2 2 2 2 2 2 2 3.0 2.74 -16.0 -7.5 -7.5 -7.5 -7.5 -7.5 -7.5 1.106 1.499 0.59 1.477 1.588 3.017 2 2 2 2 2 2
1992-01-29T21:30:00 1992 1 29 21 30 0 -7.7 -2.7 383.0 5.6 1.64 9.31 9.5 7.07 2 2 2 2 2 2 2 2 3.7 2.83 -39.0 -2.7 -2.7 -2.7 -2.7 -2.7 -2.7 1.104 1.317 0.608 1.308 1.209 2.165 2 2 2 2 2 2
1992-01-29T22:30:00 1992 1 29 22 30 0 -6.8 0.2 387.0 5.8 1.82 4.85 2.2 1.25 2 2 2 2 2 2 2 2 3.7 2.93 -37.0 0.2 0.2 0.2 0.2 0.2 0.2 0.822 0.802 0.594 0.791 0.549 1.132 2 2 2 2 2 2
1992-01-29T23:30:00 1992 1 29 23 30 0 -5.5 -5.0 420.0 6.7 2.34 5.9 5.37 3.46 2 2 2 2 2 2 2 2 3.7 3.1 -30.0 -5.0 -5.0 -5.0 -5.0 -5.0 -5.0 0.833 0.872 0.601 0.81 0.865 1.354 2 2 2 2 2 2
