1992-09-02T00:30:00 1992 9 2 0 30 0 0.97 -0.68 393.8 9.11 3.33 0.23 1.32 1.21 0 0 1 0 0 0 1 0 1.3 0.48 13.0 -1.51 -1.14 -2.21 -2.17 -1.18 -0.85 0.483 0.542 0.325 0.495 0.51 1.006 0 0 0 0 0 0
1992-09-02T01:30:00 1992 9 2 1 30 0 0.97 -0.68 397.8 9.11 3.33 0.24 1.35 1.23 0 0 1 0 0 0 1 0 1.3 0.56 18.0 -1.51 -1.14 -2.21 -2.17 -1.18 -0.85 0.487 0.544 0.331 0.503 0.519 1.031 0 0 0 0 0 0
1992-09-02T02:30:00 1992 9 2 2 30 0 0.97 -0.68 401.9 9.1 3.33 0.24 1.36 1.24 0 0 1 0 0 0 1 0 1.3 0.69 18.0 -1.51 -1.14 -2.22 -2.17 -1.18 -0.85 0.492 0.545 0.337 0.51 0.528 1.057 0 0 0 0 0 0
1992-09-02T03:30:00 1992 9 2 3 30 0 0.97 -0.69 405.9 9.1 3.33 0.24 1.38 1.26 0 0 1 0 0 0 1 0 1.7 0.87 17.0 -1.52 -1.14 -2.22 -2.18 -1.18 -0.85 0.497 0.547 0.344 0.518 0.537 1.082 0 0 0 0 0 0
1992-09-02T04:30:00 1992 9 2 4 30 0 0.97 -0.69 410.0 9.1 3.33 0.25 1.41 1.28 0 0 1 0 0 0 1 0 1.7 1.04 22.0 -1.52 -1.15 -2.22 -2.18 -1.19 -0.86 0.502 0.549 0.351 0.525 0.547 1.111 0 0 0 0 0 0
1992-09-02T05:30:00 1992 9 2 5 30 0 0.97 -0.69 414.1 9.1 3.34 0.25 1.42 1.29 0 0 1 0 0 0 1 0 1.7 1.22 27.0 -1.52 -1.15 -2.23 -2.18 -1.19 -0.86 0.506 0.551 0.358 0.533 0.557 1.141 0 0 0 0 0 0
1992-09-02T06:30:00 1992 9 2 6 30 0 0.97 -0.7 418.2 9.09 3.34 0.25 1.45 1.32 0 0 1 0 0 0 1 0 1.7 1.39 35.0 -1.52 -1.15 -2.23 -2.19 -1.19 -0.86 0.511 0.552 0.365 0.541 0.566 1.169 0 0 0 0 0 0
1992-09-02T07:30:00 1992 9 2 7 30 0 0.97 -0.7 422.2 9.09 3.34 0.26 1.47 1.34 0 0 1 0 0 0 1 0 1.7 1.56 37.0 -1.53 -1.15 -2.23 -2.19 -1.19 -0.86 0.516 0.553 0.373 0.548 0.575 1.196 0 0 0 0 0 0
1992-09-02T08:30:00 1992 9 2 8 30 0 0.97 -0.71 426.3 9.09 3.34 0.26 1.5 1.36 0 0 1 0 0 0 1 0 1.7 1.6 42.0 -1.53 -1.16 -2.24 -2.2 -1.19 -0.86 0.521 0.556 0.38 0.557 0.584 1.224 0 0 0 0 0 0
1992-09-02T09:30:00 1992 9 2 9 30 0 0.97 -0.71 430.4 9.08 3.34 0.27 1.52 1.38 0 0 1 0 0 0 1 0 4.0 1.95 50.0 -1.53 -1.16 -2.24 -2.2 -1.2 -0.86 0.525 0.558 0.389 0.565 0.594 1.252 0 0 0 0 0 0
1992-09-02T10:30:00 1992 9 2 10 30 0 0.97 -0.71 434.6 9.08 3.34 0.27 1.54 1.39 0 0 1 0 0 0 1 0 4.0 2.3 44.0 -1.54 -1.16 -2.25 -2.2 -1.2 -0.87 0.53 0.559 0.397 0.572 0.605 1.284 0 0 0 0 0 0
1992-09-02T11:30:00 1992 9 2 11 30 0 0.97 -0.72 436.7 9.08 3.34 0.27 1.56 1.42 0 0 0 0 0 0 0 0 4.0 2.59 26.0 -1.54 -1.16 -2.25 -2.21 -1.2 -0.87 0.535 0.56 0.405 0.58 0.612 1.31 0 0 0 0 0 0
1992-09-02T12:30:00 1992 9 2 12 30 0 0.97 -0.72 436.8 9.07 3.34 0.28 1.57 1.43 0 0 0 0 0 0 0 0 4.7 2.97 21.0 -1.54 -1.16 -2.25 -2.21 -1.2 -0.87 0.538 0.561 0.413 0.585 0.616 1.324 0 0 0 0 0 0
1992-09-02T13:30:00 1992 9 2 13 30 0 0.97 -0.72 436.8 9.07 3.34 0.28 1.57 1.43 0 0 0 0 0 0 0 0 4.7 3.35 25.0 -1.54 -1.17 -2.26 -2.21 -1.21 -0.87 0.541 0.562 0.422 0.588 0.618 1.329 0 0 0 0 0 0
1992-09-02T14:30:00 1992 9 2 14 30 0 0.97 -0.73 436.9 9.07 3.34 0.28 1.58 1.44 0 0 0 0 0 0 0 0 4.7 3.72 8.0 -1.55 -1.17 -2.26 -2.22 -1.21 -0.87 0.543 0.563 0.429 0.59 0.62 1.331 0 0 0 0 0 0
1992-09-02T15:30:00 1992 9 2 15 30 0 0.97 -0.73 437.0 9.06 3.34 0.28 1.59 1.45 0 0 0 0 0 0 0 0 5.0 4.13 -1.0 -1.55 -1.17 -2.26 -2.22 -1.21 -0.88 0.545 0.564 0.437 0.592 0.621 1.335 0 0 0 0 0 0
1992-09-02T16:30:00 1992 9 2 16 30 0 0.97 -0.73 437.1 9.06 3.34 0.28 1.6 1.45 0 0 0 0 0 0 0 0 5.0 4.52 3.0 -1.55 -1.17 -2.27 -2.22 -1.21 -0.88 0.546 0.564 0.445 0.593 0.621 1.338 0 0 0 0 0 0
1992-09-02T17:30:00 1992 9 2 17 30 0 0.96 -0.74 437.2 9.06 3.34 0.28 1.61 1.46 0 0 0 0 0 0 0 0 5.0 4.65 -2.0 -1.56 -1.18 -2.27 -2.23 -1.22 -0.88 0.547 0.565 0.452 0.595 0.623 1.34 0 0 0 0 0 0
1992-09-02T18:30:00 1992 9 2 18 30 0 0.96 -0.74 437.3 9.06 3.35 0.28 1.62 1.47 0 0 0 0 0 0 0 0 4.0 4.64 -3.0 -1.56 -1.18 -2.27 -2.23 -1.22 -0.88 0.549 0.566 0.459 0.597 0.624 1.341 0 0 0 0 0 0
1992-09-02T19:30:00 1992 9 2 19 30 0 0.96 -0.74 437.4 9.05 3.35 0.28 1.62 1.47 0 0 0 0 0 0 0 0 4.0 4.63 -11.0 -1.56 -1.18 -2.28 -2.23 -1.22 -0.88 0.55 0.567 0.466 0.597 0.625 1.341 0 0 0 0 0 0
1992-09-02T20:30:00 1992 9 2 20 30 0 0.96 -0.75 437.5 9.05 3.35 0.28 1.63 1.48 0 0 0 0 0 0 0 0 4.0 4.54 -9.0 -1.56 -1.18 -2.28 -2.24 -1.22 -0.89 0.55 0.567 0.473 0.599 0.625 1.345 0 0 0 0 0 0
1992-09-02T21:30:00 1992 9 2 21 30 0 0.96 -0.75 437.6 9.05 3.35 0.29 1.64 1.48 0 0 0 0 0 0 0 0 4.0 4.45 -1.0 -1.57 -1.19 -2.28 -2.24 -1.23 -0.89 0.552 0.568 0.479 0.6 0.627 1.348 0 0 0 0 0 0
1992-09-02T22:30:00 1992 9 2 22 30 0 0.96 -0.76 437.7 9.04 3.35 0.29 1.65 1.5 0 0 0 0 0 0 0 0 4.0 4.36 -7.0 -1.57 -1.19 -2.29 -2.24 -1.23 -0.89 0.553 0.569 0.486 0.601 0.628 1.349 0 0 0 0 0 0
1992-09-02T23:30:00 1992 9 2 23 30 0 0.96 -0.76 437.8 9.04 3.35 0.29 1.66 1.5 0 0 0 0 0 0 0 0 4.0 4.24 -15.0 -1.57 -1.19 -2.29 -2.25 -1.23 -0.89 0.553 0.569 0.492 0.603 0.629 1.35 0 0 0 0 0 0
