1970-05-02T00:30:00 1970 5 2 0 30 0 5.0 1.5 475.9 5.4 2.11 2.32 0.15 0.08 2 2 1 0 0 2 2 1 2.7 3.15 -15.0 1.5 1.5 1.5 1.5 1.5 1.5 0.102 0.092 0.166 0.05 0.067 0.174 0 0 0 0 0 0
1970-05-02T01:30:00 1970 5 2 1 30 0 5.0 -0.4 474.8 5.4 2.11 2.06 0.14 0.08 2 2 1 0 0 2 2 1 2.7 3.19 -13.0 -0.4 -0.4 -0.4 -0.4 -0.4 -0.4 0.083 0.081 0.162 0.036 0.088 0.181 0 0 0 0 0 0
1970-05-02T02:30:00 1970 5 2 2 30 0 4.5 2.5 473.7 5.39 2.11 1.54 0.03 0.02 2 2 1 0 0 2 2 1 2.7 3.14 -14.0 2.5 2.5 2.5 2.5 2.5 2.5 0.056 0.04 0.157 0.02 0.028 0.075 0 0 0 0 0 0
1970-05-02T03:30:00 1970 5 2 3 30 0 4.6 -0.5 472.6 5.39 2.11 1.54 0.15 0.08 2 2 1 0 0 2 2 1 2.3 3.05 -13.0 -0.5 -0.5 -0.5 -0.5 -0.5 -0.5 0.055 0.061 0.153 0.022 0.086 0.152 0 0 0 0 0 0
1970-05-02T04:30:00 1970 5 2 4 30 0 4.6 2.9 471.5 5.39 2.11 1.38 0.04 0.02 2 2 1 0 0 2 2 1 2.3 2.96 -13.0 2.9 2.9 2.9 2.9 2.9 2.9 0.037 0.03 0.148 0.012 0.027 0.063 0 0 0 0 0 0
1970-05-02T05:30:00 1970 5 2 5 30 0 3.8 -0.9 470.4 5.39 2.11 1.3 0.34 0.18 2 2 1 0 0 2 2 1 2.3 2.78 -11.0 -0.9 -0.9 -0.9 -0.9 -0.9 -0.9 0.053 0.076 0.145 0.029 0.124 0.19 0 0 0 0 0 0
1970-05-02T06:30:00 1970 5 2 6 30 0 5.0 0.1 469.3 5.39 2.11 2.1 0.87 0.47 2 2 1 0 0 2 2 1 2.7 2.67 -12.0 0.1 0.1 0.1 0.1 0.1 0.1 0.067 0.106 0.142 0.033 0.14 0.269 0 0 0 0 0 0
1970-05-02T07:30:00 1970 5 2 7 30 0 5.2 0.0 468.2 5.39 2.11 2.37 0.0 0.0 2 2 1 0 0 2 2 1 2.7 2.55 -16.0 0.0 0.0 0.0 0.0 0.0 0.0 0.046 0.053 0.138 0.019 0.044 0.111 0 0 0 0 0 0
1970-05-02T08:30:00 1970 5 2 8 30 0 4.1 1.1 467.1 5.39 2.1 1.65 0.0 0.0 2 2 1 0 0 2 2 1 2.7 2.55 -15.0 1.1 1.1 1.1 1.1 1.1 1.1 0.031 0.026 0.134 0.01 0.014 0.046 0 0 0 0 0 0
1970-05-02T09:30:00 1970 5 2 9 30 0 5.2 1.0 466.0 5.39 2.1 1.48 0.0 0.0 2 2 2 0 0 2 2 1 1.3 2.37 -11.0 1.0 1.0 1.0 1.0 1.0 1.0 0.021 0.013 0.13 0.006 0.004 0.019 0 0 0 0 0 0
1970-05-02T10:30:00 1970 5 2 10 30 0 4.7 3.0 466.0 5.39 2.1 1.27 0.0 0.0 2 2 2 0 0 2 2 1 1.3 2.19 -10.0 3.0 3.0 3.0 3.0 3.0 3.0 0.014 0.006 0.126 0.003 0.001 0.008 0 0 0 0 0 0
1970-05-02T11:30:00 1970 5 2 11 30 0 2.7 2.8 466.0 5.38 2.1 0.48 0.0 0.0 2 2 2 0 0 2 2 1 1.3 2.06 -8.0 2.8 2.8 2.8 2.8 2.8 2.8 0.01 0.003 0.122 0.002 0.0 0.003 0 0 0 0 0 0
1970-05-02T12:30:00 1970 5 2 12 30 0 2.5 0.2 489.0 5.38 2.1 0.35 0.0 0.0 2 2 2 0 0 2 2 1 1.3 1.93 -6.0 0.2 0.2 0.2 0.2 0.2 0.2 0.006 0.002 0.118 0.001 0.0 0.001 0 0 0 0 0 0
1970-05-02T13:30:00 1970 5 2 13 30 0 2.1 1.4 489.0 5.38 2.1 0.33 0.0 0.0 2 2 2 0 0 2 2 1 1.3 1.81 -10.0 1.4 1.4 1.4 1.4 1.4 1.4 0.004 0.001 0.115 0.001 0.0 0.001 0 0 0 0 0 0
1970-05-02T14:30:00 1970 5 2 14 30 0 2.4 2.4 489.0 5.38 2.1 0.18 0.0 0.0 2 2 2 0 0 2 2 1 1.3 1.64 -11.0 2.4 2.4 2.4 2.4 2.4 2.4 0.003 0.0 0.111 0.0 0.0 0.0 0 0 0 0 0 0
1970-05-02T15:30:00 1970 5 2 15 30 0 1.8 3.0 502.0 5.38 2.1 0.11 0.0 0.0 2 2 2 0 0 2 2 1 2.3 1.6 -13.0 3.0 3.0 3.0 3.0 3.0 3.0 0.002 0.0 0.108 0.0 0.0 0.0 0 0 0 0 0 0
1970-05-02T16:30:00 1970 5 2 16 30 0 4.0 -0.6 502.0 5.38 2.1 0.76 0.19 0.1 2 2 2 0 0 2 2 1 2.3 1.56 -11.0 -0.6 -0.6 -0.6 -0.6 -0.6 -0.6 0.022 0.047 0.105 0.014 0.096 0.154 0 0 0 0 0 0
1970-05-02T17:30:00 1970 5 2 17 30 0 -2.2 2.3 502.0 5.38 2.1 0.31 0.1 0.05 2 2 2 0 0 2 2 1 2.3 1.69 -13.0 2.3 2.3 2.3 2.3 2.3 2.3 0.015 0.023 0.102 0.008 0.031 0.064 0 0 0 0 0 0
1970-05-02T18:30:00 1970 5 2 18 30 0 -2.6 1.0 500.0 5.38 2.09 0.27 0.0 0.0 2 2 2 0 0 2 2 1 3.0 1.91 -11.0 1.0 1.0 1.0 1.0 1.0 1.0 0.01 0.012 0.099 0.004 0.01 0.026 0 0 0 0 0 0
1970-05-02T19:30:00 1970 5 2 19 30 0 -2.5 1.8 500.0 5.38 2.09 0.32 0.0 0.0 2 2 2 0 0 2 2 1 3.0 2.12 -11.0 1.8 1.8 1.8 1.8 1.8 1.8 0.007 0.006 0.096 0.003 0.003 0.011 0 0 0 0 0 0
1970-05-02T20:30:00 1970 5 2 20 30 0 -0.1 5.1 500.0 5.37 2.09 0.05 0.0 0.0 2 2 2 0 0 2 2 1 3.0 2.33 -12.0 5.1 5.1 5.1 5.1 5.1 5.1 0.005 0.003 0.093 0.001 0.001 0.005 0 0 0 0 0 0
1970-05-02T21:30:00 1970 5 2 21 30 0 0.0 0.4 481.0 5.37 2.09 0.0 0.0 0.0 2 2 2 0 0 2 2 1 2.0 2.41 -13.0 0.4 0.4 0.4 0.4 0.4 0.4 0.003 0.001 0.09 0.001 0.0 0.002 0 0 0 0 0 0
1970-05-02T22:30:00 1970 5 2 22 30 0 0.0 0.28 481.0 5.37 2.09 0.0 0.0 0.0 1 1 2 0 0 1 2 1 2.0 2.49 -12.0 0.13 0.18 0.02 0.03 0.18 0.22 0.002 0.001 0.087 0.0 0.0 0.001 0 0 0 0 0 0
1970-05-02T23:30:00 1970 5 2 23 30 0 0.03 -0.15 481.0 5.37 2.09 0.0 0.08 0.04 1 1 2 0 0 1 2 1 2.0 2.44 -10.0 -0.87 -0.63 -1.37 -1.33 -0.66 -0.45 0.061 0.099 0.091 0.075 0.183 0.231 0 0 0 0 0 0
