1970-06-20T00:30:00 1970 6 20 0 30 0 -0.98 -0.58 405.0 5.08 1.74 0.2 1.2 0.61 1 0 2 0 0 1 1 1 2.7 2.5 -37.0 -1.45 -1.1 -2.08 -2.04 -1.14 -0.81 0.399 0.411 0.583 0.394 0.429 0.536 0 0 0 0 0 0
1970-06-20T01:30:00 1970 6 20 1 30 0 -1.18 -0.58 405.0 5.08 1.74 0.24 1.17 0.6 1 0 2 0 0 1 1 1 2.7 2.67 -44.0 -1.45 -1.1 -2.08 -2.04 -1.14 -0.81 0.395 0.41 0.577 0.388 0.42 0.519 0 0 0 0 0 0
1970-06-20T02:30:00 1970 6 20 2 30 0 -1.39 -1.38 405.0 5.08 1.74 0.49 2.05 1.04 1 1 2 0 0 1 2 1 2.7 2.72 -42.0 -2.14 -1.83 -2.68 -2.65 -1.86 -1.58 0.427 0.467 0.575 0.429 0.5 0.602 0 0 0 0 0 0
1970-06-20T03:30:00 1970 6 20 3 30 0 -1.5 -5.57 405.0 5.08 1.74 3.65 7.39 3.75 1 1 1 0 0 1 1 1 4.0 2.93 -40.0 -5.73 -5.67 -5.85 -5.84 -5.67 -5.61 0.624 0.753 0.594 0.746 0.896 0.968 0 0 0 0 0 0
1970-06-20T04:30:00 1970 6 20 4 30 0 -1.5 -6.7 405.0 5.08 1.74 8.67 12.52 6.36 2 2 1 0 0 2 2 1 4.0 3.15 -43.0 -6.7 -6.7 -6.7 -6.7 -6.7 -6.7 0.877 1.042 0.631 1.152 1.219 1.285 0 0 0 0 0 0
1970-06-20T05:30:00 1970 6 20 5 30 0 -0.9 -6.4 405.0 5.08 1.74 9.47 13.24 6.73 2 2 1 0 0 2 2 1 4.0 3.28 -49.0 -6.4 -6.4 -6.4 -6.4 -6.4 -6.4 1.057 1.194 0.667 1.391 1.33 1.427 0 0 0 0 0 0
1970-06-20T06:30:00 1970 6 20 6 30 0 0.0 -5.8 405.0 5.08 1.74 8.14 12.3 6.25 2 2 1 0 0 2 2 1 3.7 3.36 -51.0 -5.8 -5.8 -5.8 -5.8 -5.8 -5.8 1.148 1.234 0.698 1.452 1.312 1.447 0 0 0 0 0 0
1970-06-20T07:30:00 1970 6 20 7 30 0 -3.3 -3.7 405.0 5.08 1.74 5.51 9.44 4.8 2 2 1 0 0 2 2 1 3.7 3.45 -49.0 -3.7 -3.7 -3.7 -3.7 -3.7 -3.7 1.108 1.131 0.711 1.264 1.125 1.321 0 0 0 0 0 0
1970-06-20T08:30:00 1970 6 20 8 30 0 -5.3 -3.7 402.8 5.08 1.74 5.44 7.47 3.79 2 2 1 0 0 2 2 1 3.7 3.57 -50.0 -3.7 -3.7 -3.7 -3.7 -3.7 -3.7 1.033 1.025 0.715 1.067 0.993 1.205 0 0 0 0 0 0
1970-06-20T09:30:00 1970 6 20 9 30 0 -5.4 -3.5 400.6 5.08 1.74 6.17 7.21 3.66 2 2 1 0 0 2 2 1 3.0 3.6 -43.0 -3.5 -3.5 -3.5 -3.5 -3.5 -3.5 0.972 0.961 0.718 0.937 0.929 1.136 0 0 0 0 0 0
1970-06-20T10:30:00 1970 6 20 10 30 0 -4.0 -5.4 398.4 5.08 1.74 7.13 9.04 4.59 2 2 1 0 0 2 2 1 3.0 3.63 -37.0 -5.4 -5.4 -5.4 -5.4 -5.4 -5.4 1.006 1.027 0.732 1.018 1.048 1.206 0 0 0 0 0 0
1970-06-20T11:30:00 1970 6 20 11 30 0 -4.1 -5.1 396.3 5.08 1.74 7.92 10.4 5.29 2 2 1 0 0 2 2 1 3.0 3.5 -36.0 -5.1 -5.1 -5.1 -5.1 -5.1 -5.1 1.057 1.09 0.749 1.116 1.115 1.257 0 0 0 0 0 0
1970-06-20T12:30:00 1970 6 20 12 30 0 -4.7 -4.7 394.1 5.08 1.74 7.48 9.65 4.9 2 2 1 0 0 2 2 1 2.0 3.24 -39.0 -4.7 -4.7 -4.7 -4.7 -4.7 -4.7 1.066 1.094 0.762 1.118 1.09 1.239 0 0 0 0 0 0
1970-06-20T13:30:00 1970 6 20 13 30 0 -4.3 -5.0 391.9 5.08 1.74 7.45 9.55 4.85 2 2 1 0 0 2 2 1 2.0 2.99 -40.0 -5.0 -5.0 -5.0 -5.0 -5.0 -5.0 1.075 1.1 0.775 1.124 1.086 1.229 0 0 0 0 0 0
1970-06-20T14:30:00 1970 6 20 14 30 0 -3.2 -5.7 389.7 5.08 1.74 7.81 10.51 5.34 2 2 1 0 0 2 2 1 2.0 2.78 -42.0 -5.7 -5.7 -5.7 -5.7 -5.7 -5.7 1.114 1.146 0.792 1.2 1.138 1.258 0 0 0 0 0 0
1970-06-20T15:30:00 1970 6 20 15 30 0 -2.9 -5.9 387.5 5.08 1.74 8.21 11.28 5.73 2 2 1 0 0 2 2 1 3.3 2.74 -45.0 -5.9 -5.9 -5.9 -5.9 -5.9 -5.9 1.161 1.194 0.812 1.288 1.181 1.284 0 0 0 0 0 0
1970-06-20T16:30:00 1970 6 20 16 30 0 -2.87 -6.04 385.3 5.08 1.74 8.45 11.54 5.86 1 1 1 0 0 1 1 1 3.3 2.7 -47.0 -6.04 -6.04 -6.04 -6.04 -6.04 -6.04 1.201 1.229 0.832 1.354 1.202 1.296 0 0 0 0 0 0
1970-06-20T17:30:00 1970 6 20 17 30 0 -2.83 -6.66 383.1 5.08 1.74 9.33 12.24 6.22 1 1 1 0 0 1 1 1 3.3 2.74 -45.0 -6.66 -6.66 -6.66 -6.66 -6.66 -6.66 1.254 1.278 0.855 1.45 1.246 1.321 0 0 0 0 0 0
1970-06-20T18:30:00 1970 6 20 18 30 0 -2.8 -6.8 381.0 5.08 1.74 10.14 12.86 6.53 2 2 1 0 0 2 2 1 4.0 2.88 -45.0 -6.8 -6.8 -6.8 -6.8 -6.8 -6.8 1.305 1.322 0.88 1.54 1.277 1.339 0 0 0 0 0 0
1970-06-20T19:30:00 1970 6 20 19 30 0 -1.4 -7.9 378.8 5.08 1.74 11.44 14.04 7.13 2 2 1 0 0 2 2 1 4.0 3.01 -48.0 -7.9 -7.9 -7.9 -7.9 -7.9 -7.9 1.383 1.396 0.912 1.695 1.351 1.384 0 0 0 0 0 0
1970-06-20T20:30:00 1970 6 20 20 30 0 -4.0 -6.5 376.6 5.08 1.74 11.14 13.49 6.85 2 2 1 0 0 2 2 1 4.0 3.26 -49.0 -6.5 -6.5 -6.5 -6.5 -6.5 -6.5 1.402 1.392 0.936 1.696 1.307 1.354 0 0 0 0 0 0
1970-06-20T21:30:00 1970 6 20 21 30 0 -2.0 -7.1 374.4 5.08 1.74 10.29 12.81 6.51 2 2 1 0 0 2 2 1 3.0 3.37 -52.0 -7.1 -7.1 -7.1 -7.1 -7.1 -7.1 1.407 1.387 0.958 1.682 1.287 1.33 0 0 0 0 0 0
1970-06-20T22:30:00 1970 6 20 22 30 0 -1.4 -6.9 372.2 5.08 1.74 10.01 13.05 6.63 2 2 1 0 0 2 2 1 3.0 3.49 -58.0 -6.9 -6.9 -6.9 -6.9 -6.9 -6.9 1.413 1.387 0.98 1.678 1.275 1.312 0 0 0 0 0 0
1970-06-20T23:30:00 1970 6 20 23 30 0 -1.0 -8.1 370.0 5.08 1.74 11.28 14.0 7.11 2 2 1 0 0 2 2 1 3.0 3.44 -63.0 -8.1 -8.1 -8.1 -8.1 -8.1 -8.1 1.456 1.436 1.007 1.771 1.33 1.336 0 0 0 0 0 0
