1970-11-09T00:30:00 1970 11 9 0 30 0 0.9 1.0 532.0 5.71 1.96 0.15 0.0 0.0 2 2 2 0 0 2 2 1 1.0 1.07 -25.0 1.0 1.0 1.0 1.0 1.0 1.0 0.003 0.0 0.402 0.0 0.0 0.0 0 0 0 0 0 0
1970-11-09T01:30:00 1970 11 9 1 30 0 2.4 -0.8 532.0 5.71 1.96 0.42 0.57 0.32 2 2 2 0 0 2 2 1 1.0 0.99 -28.0 -0.8 -0.8 -0.8 -0.8 -0.8 -0.8 0.043 0.087 0.392 0.03 0.188 0.338 0 0 0 0 0 0
1970-11-09T02:30:00 1970 11 9 2 30 0 2.2 -0.3 532.0 5.71 1.96 0.84 1.41 0.8 2 2 2 0 0 2 2 1 1.0 0.91 -26.0 -0.3 -0.3 -0.3 -0.3 -0.3 -0.3 0.09 0.169 0.383 0.054 0.298 0.622 0 0 0 0 0 0
1970-11-09T03:30:00 1970 11 9 3 30 0 1.4 -1.5 527.0 5.71 1.96 0.83 2.51 1.43 2 2 2 0 0 2 2 1 2.7 1.05 -28.0 -1.5 -1.5 -1.5 -1.5 -1.5 -1.5 0.187 0.312 0.382 0.143 0.551 1.028 0 0 0 0 0 0
1970-11-09T04:30:00 1970 11 9 4 30 0 2.0 -1.8 527.0 5.71 1.96 1.4 4.38 2.5 2 2 2 0 0 2 2 1 2.7 1.19 -33.0 -1.8 -1.8 -1.8 -1.8 -1.8 -1.8 0.312 0.46 0.388 0.273 0.776 1.389 0 0 0 0 0 0
1970-11-09T05:30:00 1970 11 9 5 30 0 3.4 -1.0 527.0 5.71 1.96 1.8 3.6 2.06 2 2 2 0 0 2 2 1 2.7 1.49 -37.0 -1.0 -1.0 -1.0 -1.0 -1.0 -1.0 0.356 0.477 0.389 0.286 0.723 1.388 0 0 0 0 0 0
1970-11-09T06:30:00 1970 11 9 6 30 0 2.2 -2.4 527.0 5.71 1.96 2.23 4.63 2.65 2 2 2 0 0 2 2 1 2.0 1.7 -39.0 -2.4 -2.4 -2.4 -2.4 -2.4 -2.4 0.448 0.57 0.399 0.39 0.896 1.609 0 0 0 0 0 0
1970-11-09T07:30:00 1970 11 9 7 30 0 2.85 -2.1 527.0 5.72 1.96 2.65 5.9 3.37 1 1 2 0 0 1 2 1 2.0 1.9 -36.0 -2.1 -2.1 -2.1 -2.1 -2.1 -2.1 0.536 0.645 0.413 0.488 0.996 1.768 0 0 0 0 0 0
1970-11-09T08:30:00 1970 11 9 8 30 0 3.5 -1.8 527.0 5.72 1.96 2.79 5.11 2.92 2 2 2 0 0 2 2 1 2.0 2.02 -33.0 -1.8 -1.8 -1.8 -1.8 -1.8 -1.8 0.569 0.649 0.421 0.496 0.959 1.752 0 0 0 0 0 0
1970-11-09T09:30:00 1970 11 9 9 30 0 3.7 -1.3 537.2 5.72 1.96 2.7 4.07 2.33 2 2 1 0 0 2 2 1 2.0 2.14 -32.0 -1.3 -1.3 -1.3 -1.3 -1.3 -1.3 0.551 0.598 0.424 0.44 0.85 1.64 0 0 0 0 0 0
1970-11-09T10:30:00 1970 11 9 10 30 0 3.1 0.1 547.5 5.72 1.96 1.65 1.49 0.85 2 2 1 0 0 2 2 1 2.0 2.25 -30.0 0.1 0.1 0.1 0.1 0.1 0.1 0.425 0.393 0.415 0.281 0.443 1.042 0 0 0 0 0 0
1970-11-09T11:30:00 1970 11 9 11 30 0 2.7 -0.5 557.8 5.72 1.96 1.07 0.64 0.36 2 2 1 0 0 2 2 1 2.0 2.17 -27.0 -0.5 -0.5 -0.5 -0.5 -0.5 -0.5 0.329 0.289 0.405 0.181 0.342 0.859 0 0 0 0 0 0
1970-11-09T12:30:00 1970 11 9 12 30 0 -1.4 3.3 568.0 5.72 1.96 0.13 0.04 0.02 2 2 2 0 0 2 2 1 2.0 2.08 -27.0 3.3 3.3 3.3 3.3 3.3 3.3 0.223 0.144 0.392 0.101 0.108 0.356 0 0 0 0 0 0
1970-11-09T13:30:00 1970 11 9 13 30 0 1.3 2.6 568.0 5.72 1.96 0.01 0.0 0.0 2 2 2 0 0 2 2 1 2.0 2.0 -28.0 2.6 2.6 2.6 2.6 2.6 2.6 0.151 0.071 0.38 0.057 0.034 0.148 0 0 0 0 0 0
1970-11-09T14:30:00 1970 11 9 14 30 0 2.7 -2.6 568.0 5.72 1.96 1.08 2.15 1.23 2 2 2 0 0 2 2 1 2.0 2.0 -30.0 -2.6 -2.6 -2.6 -2.6 -2.6 -2.6 0.225 0.236 0.382 0.184 0.496 0.819 0 0 0 0 0 0
1970-11-09T15:30:00 1970 11 9 15 30 0 2.5 -0.5 537.0 5.72 1.96 1.93 4.06 2.32 2 2 2 0 0 2 2 1 2.0 2.0 -30.0 -0.5 -0.5 -0.5 -0.5 -0.5 -0.5 0.296 0.35 0.385 0.239 0.618 1.173 0 0 0 0 0 0
1970-11-09T16:30:00 1970 11 9 16 30 0 1.7 -2.2 537.0 5.72 1.96 1.44 3.81 2.18 2 2 2 0 0 2 2 1 2.0 2.0 -32.0 -2.2 -2.2 -2.2 -2.2 -2.2 -2.2 0.38 0.472 0.391 0.325 0.811 1.476 0 0 0 0 0 0
1970-11-09T17:30:00 1970 11 9 17 30 0 2.9 -0.6 537.0 5.72 1.96 1.53 3.58 2.05 2 2 2 0 0 2 2 1 2.0 2.0 -33.0 -0.6 -0.6 -0.6 -0.6 -0.6 -0.6 0.391 0.461 0.392 0.302 0.695 1.393 0 0 0 0 0 0
1970-11-09T18:30:00 1970 11 9 18 30 0 0.4 2.5 553.0 5.72 1.96 0.26 0.1 0.05 2 2 2 0 0 2 2 1 2.7 2.09 -35.0 2.5 2.5 2.5 2.5 2.5 2.5 0.265 0.229 0.38 0.169 0.22 0.578 0 0 0 0 0 0
1970-11-09T19:30:00 1970 11 9 19 30 0 -1.4 0.9 553.0 5.72 1.96 0.02 0.0 0.0 2 2 2 0 0 2 2 1 2.7 2.18 -31.0 0.9 0.9 0.9 0.9 0.9 0.9 0.179 0.114 0.368 0.095 0.07 0.24 0 0 0 0 0 0
1970-11-09T20:30:00 1970 11 9 20 30 0 0.7 1.0 553.0 5.72 1.96 0.02 0.0 0.0 2 2 2 0 0 2 2 1 2.7 2.27 -32.0 1.0 1.0 1.0 1.0 1.0 1.0 0.121 0.056 0.357 0.053 0.022 0.099 0 0 0 0 0 0
1970-11-09T21:30:00 1970 11 9 21 30 0 -2.7 2.6 573.0 5.72 1.96 0.08 0.0 0.0 2 2 2 0 0 2 2 1 2.0 2.27 -28.0 2.6 2.6 2.6 2.6 2.6 2.6 0.082 0.028 0.346 0.03 0.007 0.041 0 0 0 0 0 0
1970-11-09T22:30:00 1970 11 9 22 30 0 -0.85 2.2 573.0 5.72 1.96 0.1 0.0 0.0 1 1 2 0 0 1 2 1 2.0 2.26 -25.0 2.2 2.2 2.2 2.2 2.2 2.2 0.056 0.014 0.336 0.017 0.002 0.017 0 0 0 0 0 0
1970-11-09T23:30:00 1970 11 9 23 30 0 1.0 1.8 573.0 5.72 1.96 0.0 0.0 0.0 2 2 2 0 0 2 2 1 2.0 2.26 -19.0 1.8 1.8 1.8 1.8 1.8 1.8 0.038 0.007 0.325 0.009 0.001 0.007 0 0 0 0 0 0
