1970-05-31T00:30:00 1970 5 31 0 30 0 1.5 1.4 404.4 5.06 1.75 0.07 0.0 0.0 2 2 1 0 0 2 2 1 0.7 1.64 -23.0 1.4 1.4 1.4 1.4 1.4 1.4 0.147 0.085 0.406 0.096 0.036 0.072 0 0 0 0 0 0
1970-05-31T01:30:00 1970 5 31 1 30 0 1.6 0.9 404.0 5.06 1.75 0.08 0.0 0.0 2 2 1 0 0 2 2 1 0.7 1.28 -21.0 0.9 0.9 0.9 0.9 0.9 0.9 0.099 0.042 0.393 0.054 0.011 0.03 0 0 0 0 0 0
1970-05-31T02:30:00 1970 5 31 2 30 0 5.1 2.0 404.0 5.06 1.75 0.6 0.0 0.0 2 2 1 0 0 2 2 1 0.7 1.08 -20.0 2.0 2.0 2.0 2.0 2.0 2.0 0.067 0.021 0.381 0.03 0.004 0.012 0 0 0 0 0 0
1970-05-31T03:30:00 1970 5 31 3 30 0 3.8 1.5 404.0 5.06 1.75 0.9 0.0 0.0 2 2 2 0 0 2 2 1 1.3 0.97 -22.0 1.5 1.5 1.5 1.5 1.5 1.5 0.046 0.01 0.37 0.017 0.001 0.005 0 0 0 0 0 0
1970-05-31T04:30:00 1970 5 31 4 30 0 2.4 3.4 404.0 5.06 1.75 0.31 0.0 0.0 2 2 2 0 0 2 2 1 1.3 0.86 -24.0 3.4 3.4 3.4 3.4 3.4 3.4 0.031 0.005 0.358 0.009 0.0 0.002 0 0 0 0 0 0
1970-05-31T05:30:00 1970 5 31 5 30 0 2.1 2.2 404.0 5.06 1.75 0.11 0.0 0.0 2 2 2 0 0 2 2 1 1.3 0.93 -24.0 2.2 2.2 2.2 2.2 2.2 2.2 0.021 0.003 0.347 0.005 0.0 0.001 0 0 0 0 0 0
1970-05-31T06:30:00 1970 5 31 6 30 0 3.2 -0.5 404.5 5.06 1.75 0.49 0.14 0.07 2 2 1 0 0 2 2 1 1.7 1.06 -22.0 -0.5 -0.5 -0.5 -0.5 -0.5 -0.5 0.028 0.04 0.337 0.011 0.059 0.077 0 0 0 0 0 0
1970-05-31T07:30:00 1970 5 31 7 30 0 4.6 1.0 405.0 5.06 1.75 1.14 0.13 0.06 2 2 1 0 0 2 2 1 1.7 1.19 -21.0 1.0 1.0 1.0 1.0 1.0 1.0 0.022 0.029 0.327 0.007 0.028 0.051 0 0 0 0 0 0
1970-05-31T08:30:00 1970 5 31 8 30 0 3.2 -1.5 405.5 5.06 1.74 1.43 1.04 0.53 2 2 1 0 0 2 2 1 1.7 1.31 -15.0 -1.5 -1.5 -1.5 -1.5 -1.5 -1.5 0.08 0.159 0.32 0.056 0.22 0.277 0 0 0 0 0 0
1970-05-31T09:30:00 1970 5 31 9 30 0 3.5 -0.7 406.0 5.06 1.74 1.53 2.16 1.09 2 2 2 0 0 2 2 1 2.0 1.47 -14.0 -0.7 -0.7 -0.7 -0.7 -0.7 -0.7 0.143 0.265 0.315 0.096 0.316 0.435 0 0 0 0 0 0
1970-05-31T10:30:00 1970 5 31 10 30 0 1.3 0.0 406.0 5.06 1.74 0.61 0.65 0.33 2 2 2 0 0 2 2 1 2.0 1.63 -13.0 0.0 0.0 0.0 0.0 0.0 0.0 0.122 0.193 0.307 0.065 0.173 0.298 0 0 0 0 0 0
1970-05-31T11:30:00 1970 5 31 11 30 0 2.1 -3.1 406.0 5.06 1.74 1.26 3.41 1.72 2 2 2 0 0 2 2 1 2.0 1.72 -12.0 -3.1 -3.1 -3.1 -3.1 -3.1 -3.1 0.249 0.407 0.309 0.214 0.497 0.61 0 0 0 0 0 0
1970-05-31T12:30:00 1970 5 31 12 30 0 3.7 -3.4 462.0 5.06 1.74 3.92 7.12 3.61 2 2 2 0 0 2 2 1 2.3 1.85 -12.0 -3.4 -3.4 -3.4 -3.4 -3.4 -3.4 0.444 0.639 0.327 0.469 0.85 1.034 0 0 0 0 0 0
1970-05-31T13:30:00 1970 5 31 13 30 0 4.6 -2.5 462.0 5.06 1.74 4.65 6.73 3.4 2 2 2 0 0 2 2 1 2.3 1.97 -14.0 -2.5 -2.5 -2.5 -2.5 -2.5 -2.5 0.548 0.709 0.343 0.559 0.913 1.205 0 0 0 0 0 0
1970-05-31T14:30:00 1970 5 31 14 30 0 2.9 -1.8 462.0 5.06 1.74 3.09 4.9 2.48 2 2 2 0 0 2 2 1 2.3 2.04 -13.0 -1.8 -1.8 -1.8 -1.8 -1.8 -1.8 0.558 0.669 0.349 0.509 0.805 1.155 0 0 0 0 0 0
1970-05-31T15:30:00 1970 5 31 15 30 0 0.7 3.5 447.0 5.06 1.74 0.37 0.53 0.27 2 2 2 0 0 2 2 1 1.7 2.04 -11.0 3.5 3.5 3.5 3.5 3.5 3.5 0.389 0.355 0.339 0.291 0.284 0.531 0 0 0 0 0 0
1970-05-31T16:30:00 1970 5 31 16 30 0 -2.5 4.5 447.0 5.06 1.74 0.03 0.0 0.0 2 2 2 0 0 2 2 1 1.7 2.04 -9.0 4.5 4.5 4.5 4.5 4.5 4.5 0.264 0.176 0.329 0.163 0.09 0.22 0 0 0 0 0 0
1970-05-31T17:30:00 1970 5 31 17 30 0 0.2 3.1 447.0 5.06 1.74 0.02 0.0 0.0 2 2 2 0 0 2 2 1 1.7 2.0 -10.0 3.1 3.1 3.1 3.1 3.1 3.1 0.178 0.087 0.319 0.091 0.028 0.091 0 0 0 0 0 0
1970-05-31T18:30:00 1970 5 31 18 30 0 0.4 3.1 424.0 5.06 1.74 0.0 0.0 0.0 2 2 2 0 0 2 2 1 1.0 1.86 -15.0 3.1 3.1 3.1 3.1 3.1 3.1 0.121 0.043 0.309 0.051 0.009 0.038 0 0 0 0 0 0
1970-05-31T19:30:00 1970 5 31 19 30 0 0.7 4.9 424.0 5.06 1.74 0.0 0.0 0.0 2 2 2 0 0 2 2 1 1.0 1.73 -18.0 4.9 4.9 4.9 4.9 4.9 4.9 0.082 0.022 0.3 0.029 0.003 0.016 0 0 0 0 0 0
1970-05-31T20:30:00 1970 5 31 20 30 0 0.1 4.2 424.0 5.06 1.74 0.0 0.0 0.0 2 2 2 0 0 2 2 1 1.0 1.57 -16.0 4.2 4.2 4.2 4.2 4.2 4.2 0.055 0.011 0.29 0.016 0.001 0.007 0 0 0 0 0 0
1970-05-31T21:30:00 1970 5 31 21 30 0 1.4 3.0 448.0 5.06 1.74 0.01 0.0 0.0 2 2 2 0 0 2 2 1 1.0 1.41 -15.0 3.0 3.0 3.0 3.0 3.0 3.0 0.037 0.005 0.282 0.009 0.0 0.003 0 0 0 0 0 0
1970-05-31T22:30:00 1970 5 31 22 30 0 -0.1 3.9 448.0 5.06 1.74 0.01 0.0 0.0 2 2 2 0 0 2 2 1 1.0 1.25 -11.0 3.9 3.9 3.9 3.9 3.9 3.9 0.025 0.003 0.273 0.005 0.0 0.001 0 0 0 0 0 0
1970-05-31T23:30:00 1970 5 31 23 30 0 -0.2 3.3 448.0 5.06 1.74 0.0 0.0 0.0 2 2 2 0 0 2 2 1 1.0 1.17 -6.0 3.3 3.3 3.3 3.3 3.3 3.3 0.017 0.001 0.265 0.003 0.0 0.0 0 0 0 0 0 0
