1970-08-30T00:30:00 1970 8 30 0 30 0 4.0 -2.9 384.0 5.38 1.84 3.0 4.08 2.19 2 2 2 0 0 2 2 1 2.3 1.29 -23.0 -2.9 -2.9 -2.9 -2.9 -2.9 -2.9 0.282 0.423 0.319 0.242 0.498 0.584 0 0 0 0 0 0
1970-08-30T01:30:00 1970 8 30 1 30 0 3.3 -1.8 384.0 5.38 1.84 2.71 4.42 2.38 2 2 2 0 0 2 2 1 2.3 1.34 -24.0 -1.8 -1.8 -1.8 -1.8 -1.8 -1.8 0.366 0.538 0.322 0.309 0.566 0.711 0 0 0 0 0 0
1970-08-30T02:30:00 1970 8 30 2 30 0 3.5 -2.1 384.0 5.38 1.84 2.19 3.77 2.03 2 2 2 0 0 2 2 1 2.3 1.54 -22.0 -2.1 -2.1 -2.1 -2.1 -2.1 -2.1 0.41 0.58 0.322 0.33 0.575 0.749 0 0 0 0 0 0
1970-08-30T03:30:00 1970 8 30 3 30 0 1.9 -0.2 364.0 5.38 1.84 1.09 2.01 1.08 2 2 2 0 0 2 2 1 2.0 1.7 -21.0 -0.2 -0.2 -0.2 -0.2 -0.2 -0.2 0.352 0.449 0.316 0.237 0.362 0.551 0 0 0 0 0 0
1970-08-30T04:30:00 1970 8 30 4 30 0 2.4 0.6 364.0 5.38 1.84 0.31 0.03 0.02 2 2 2 0 0 2 2 1 2.0 1.86 -20.0 0.6 0.6 0.6 0.6 0.6 0.6 0.238 0.223 0.307 0.133 0.115 0.229 0 0 0 0 0 0
1970-08-30T05:30:00 1970 8 30 5 30 0 3.5 1.6 364.0 5.38 1.84 0.4 0.0 0.0 2 2 2 0 0 2 2 1 2.0 1.94 -20.0 1.6 1.6 1.6 1.6 1.6 1.6 0.161 0.111 0.297 0.074 0.036 0.095 0 0 0 0 0 0
1970-08-30T06:30:00 1970 8 30 6 30 0 2.2 -1.6 362.8 5.38 1.84 0.7 0.85 0.46 2 2 1 0 0 2 2 1 1.7 1.99 -16.0 -1.6 -1.6 -1.6 -1.6 -1.6 -1.6 0.164 0.185 0.291 0.087 0.177 0.224 0 0 0 0 0 0
1970-08-30T07:30:00 1970 8 30 7 30 0 2.2 -2.0 361.5 5.38 1.84 1.28 3.29 1.77 2 2 1 0 0 2 2 1 1.7 2.03 -17.0 -2.0 -2.0 -2.0 -2.0 -2.0 -2.0 0.257 0.387 0.29 0.182 0.4 0.473 0 0 0 0 0 0
1970-08-30T08:30:00 1970 8 30 8 30 0 4.0 -1.3 360.3 5.38 1.84 1.65 2.92 1.57 2 2 1 0 0 2 2 1 1.7 1.96 -18.0 -1.3 -1.3 -1.3 -1.3 -1.3 -1.3 0.297 0.45 0.288 0.204 0.419 0.533 0 0 0 0 0 0
1970-08-30T09:30:00 1970 8 30 9 30 0 3.7 0.5 359.1 5.38 1.84 1.25 0.75 0.4 2 2 1 0 0 2 2 1 1.0 1.79 -16.0 0.5 0.5 0.5 0.5 0.5 0.5 0.226 0.28 0.28 0.128 0.187 0.3 0 0 0 0 0 0
1970-08-30T10:30:00 1970 8 30 10 30 0 4.4 -0.8 357.8 5.38 1.84 1.31 0.5 0.27 2 2 1 0 0 2 2 1 1.0 1.63 -14.0 -0.8 -0.8 -0.8 -0.8 -0.8 -0.8 0.188 0.236 0.273 0.092 0.176 0.274 0 0 0 0 0 0
1970-08-30T11:30:00 1970 8 30 11 30 0 4.2 -0.7 356.6 5.38 1.84 1.71 1.33 0.72 2 2 1 0 0 2 2 1 1.0 1.5 -16.0 -0.7 -0.7 -0.7 -0.7 -0.7 -0.7 0.192 0.274 0.267 0.091 0.23 0.337 0 0 0 0 0 0
1970-08-30T12:30:00 1970 8 30 12 30 0 4.28 -0.65 355.4 5.38 1.84 1.63 1.2 0.64 1 1 1 0 0 1 1 1 0.7 1.34 -15.0 -0.79 -0.73 -0.9 -0.9 -0.74 -0.69 0.196 0.292 0.262 0.097 0.247 0.355 0 0 0 0 0 0
1970-08-30T13:30:00 1970 8 30 13 30 0 4.45 -0.39 354.2 5.38 1.84 1.61 0.9 0.49 1 1 1 0 0 1 1 1 0.7 1.18 -13.0 -0.96 -0.73 -1.41 -1.38 -0.76 -0.56 0.209 0.302 0.258 0.129 0.255 0.345 0 0 0 0 0 0
1970-08-30T14:30:00 1970 8 30 14 30 0 4.62 0.0 352.9 5.38 1.84 1.54 0.32 0.17 1 1 1 0 0 1 1 1 0.7 1.05 -11.0 -0.14 -0.08 -0.26 -0.25 -0.09 -0.04 0.18 0.23 0.253 0.105 0.166 0.244 0 0 0 0 0 0
1970-08-30T15:30:00 1970 8 30 15 30 0 4.7 0.1 351.7 5.38 1.84 1.49 0.0 0.0 2 2 1 0 0 2 2 1 1.0 0.97 -10.0 0.1 0.1 0.1 0.1 0.1 0.1 0.125 0.118 0.245 0.06 0.056 0.104 0 0 0 0 0 0
1970-08-30T16:30:00 1970 8 30 16 30 0 4.3 0.3 350.5 5.38 1.84 1.31 0.0 0.0 2 2 1 0 0 2 2 1 1.0 0.89 -9.0 0.3 0.3 0.3 0.3 0.3 0.3 0.084 0.059 0.238 0.034 0.018 0.043 0 0 0 0 0 0
1970-08-30T17:30:00 1970 8 30 17 30 0 4.7 -0.9 349.2 5.38 1.84 1.61 0.66 0.35 2 2 1 0 0 2 2 1 1.0 0.89 -8.0 -0.9 -0.9 -0.9 -0.9 -0.9 -0.9 0.099 0.143 0.232 0.045 0.136 0.178 0 0 0 0 0 0
1970-08-30T18:30:00 1970 8 30 18 30 0 4.8 -0.6 348.0 5.38 1.84 1.97 1.29 0.69 2 2 2 0 0 2 2 1 0.7 0.85 -11.0 -0.6 -0.6 -0.6 -0.6 -0.6 -0.6 0.128 0.222 0.227 0.061 0.204 0.278 0 0 0 0 0 0
1970-08-30T19:30:00 1970 8 30 19 30 0 4.6 0.2 348.0 5.38 1.84 1.6 0.35 0.19 2 2 2 0 0 2 2 1 0.7 0.81 -13.0 0.2 0.2 0.2 0.2 0.2 0.2 0.099 0.145 0.22 0.039 0.096 0.165 0 0 0 0 0 0
1970-08-30T20:30:00 1970 8 30 20 30 0 4.6 -0.9 348.0 5.38 1.84 1.67 0.71 0.38 2 2 2 0 0 2 2 1 0.7 0.81 -12.0 -0.9 -0.9 -0.9 -0.9 -0.9 -0.9 0.113 0.195 0.215 0.049 0.169 0.242 0 0 0 0 0 0
1970-08-30T21:30:00 1970 8 30 21 30 0 4.1 0.7 345.0 5.38 1.84 1.34 0.38 0.2 2 2 2 0 0 2 2 1 0.3 0.76 -10.0 0.7 0.7 0.7 0.7 0.7 0.7 0.089 0.129 0.209 0.033 0.082 0.146 0 0 0 0 0 0
1970-08-30T22:30:00 1970 8 30 22 30 0 3.5 1.9 345.0 5.38 1.84 0.61 0.0 0.0 2 2 2 0 0 2 2 1 0.3 0.7 -8.0 1.9 1.9 1.9 1.9 1.9 1.9 0.06 0.064 0.202 0.018 0.026 0.061 0 0 0 0 0 0
1970-08-30T23:30:00 1970 8 30 23 30 0 2.3 3.1 345.0 5.38 1.84 0.21 0.0 0.0 2 2 2 0 0 2 2 1 0.3 0.62 -5.0 3.1 3.1 3.1 3.1 3.1 3.1 0.041 0.032 0.196 0.01 0.008 0.025 0 0 0 0 0 0
