1970-10-14T00:30:00 1970 10 14 0 30 0 0.65 -0.4 394.5 5.59 1.92 0.11 0.75 0.42 1 0 1 0 0 1 1 0 3.0 1.87 -17.0 -1.25 -0.94 -1.83 -1.8 -0.97 -0.7 0.207 0.284 0.268 0.196 0.318 0.413 0 0 0 0 0 0
1970-10-14T01:30:00 1970 10 14 1 30 0 0.36 -0.4 392.1 5.59 1.92 0.07 0.79 0.44 1 0 1 0 0 1 1 0 3.0 1.88 -22.0 -1.25 -0.94 -1.83 -1.8 -0.98 -0.7 0.252 0.334 0.27 0.252 0.354 0.46 0 0 0 0 0 0
1970-10-14T02:30:00 1970 10 14 2 30 0 0.26 -0.41 389.8 5.59 1.92 0.05 0.79 0.44 0 0 1 0 0 0 1 0 3.0 2.02 -23.0 -1.25 -0.94 -1.83 -1.8 -0.98 -0.7 0.282 0.358 0.271 0.283 0.363 0.475 0 0 0 0 0 0
1970-10-14T03:30:00 1970 10 14 3 30 0 0.26 -0.41 387.4 5.59 1.92 0.05 0.8 0.45 0 0 1 0 0 0 1 0 3.3 2.19 -22.0 -1.25 -0.95 -1.84 -1.8 -0.98 -0.7 0.301 0.371 0.273 0.299 0.364 0.477 0 0 0 0 0 0
1970-10-14T04:30:00 1970 10 14 4 30 0 0.26 -0.41 385.0 5.59 1.92 0.05 0.79 0.44 0 0 1 0 0 0 1 0 3.3 2.35 -17.0 -1.26 -0.95 -1.84 -1.8 -0.98 -0.7 0.315 0.378 0.274 0.307 0.362 0.474 0 0 0 0 0 0
1970-10-14T05:30:00 1970 10 14 5 30 0 0.26 -0.41 382.7 5.59 1.92 0.05 0.79 0.44 0 0 1 0 0 0 1 0 3.3 2.64 -15.0 -1.26 -0.95 -1.84 -1.8 -0.98 -0.7 0.323 0.381 0.276 0.31 0.359 0.469 0 0 0 0 0 0
1970-10-14T06:30:00 1970 10 14 6 30 0 0.26 -0.41 380.3 5.59 1.92 0.05 0.78 0.44 0 0 1 0 0 0 1 0 2.0 2.75 -17.0 -1.26 -0.95 -1.84 -1.8 -0.98 -0.7 0.329 0.382 0.277 0.311 0.355 0.463 0 0 0 0 0 0
1970-10-14T07:30:00 1970 10 14 7 30 0 0.26 -0.42 378.0 5.59 1.92 0.05 0.79 0.44 0 0 1 0 0 0 1 0 2.0 2.85 -19.0 -1.26 -0.95 -1.84 -1.81 -0.98 -0.7 0.332 0.382 0.278 0.311 0.352 0.456 0 0 0 0 0 0
1970-10-14T08:30:00 1970 10 14 8 30 0 0.26 -0.42 375.6 5.59 1.92 0.05 0.79 0.44 0 0 1 0 0 0 1 0 2.0 2.72 -19.0 -1.26 -0.95 -1.84 -1.81 -0.98 -0.71 0.333 0.382 0.279 0.31 0.348 0.451 0 0 0 0 0 0
1970-10-14T09:30:00 1970 10 14 9 30 0 0.26 -0.42 373.2 5.59 1.92 0.05 0.79 0.44 0 0 1 0 0 0 1 0 1.3 2.5 -17.0 -1.26 -0.95 -1.84 -1.81 -0.98 -0.71 0.334 0.382 0.279 0.309 0.345 0.445 0 0 0 0 0 0
1970-10-14T10:30:00 1970 10 14 10 30 0 0.26 -0.42 370.9 5.59 1.92 0.05 0.78 0.44 0 0 1 0 0 0 1 0 1.3 2.29 -17.0 -1.26 -0.95 -1.84 -1.81 -0.98 -0.71 0.334 0.382 0.28 0.307 0.341 0.439 0 0 0 0 0 0
1970-10-14T11:30:00 1970 10 14 11 30 0 0.27 -0.42 368.5 5.59 1.92 0.05 0.78 0.43 0 0 1 0 0 0 1 0 1.3 2.04 -20.0 -1.26 -0.95 -1.85 -1.81 -0.98 -0.71 0.333 0.381 0.28 0.305 0.338 0.433 0 0 0 0 0 0
1970-10-14T12:30:00 1970 10 14 12 30 0 0.27 -0.43 366.2 5.59 1.92 0.05 0.78 0.44 0 0 1 0 0 0 1 0 1.0 1.76 -20.0 -1.26 -0.95 -1.85 -1.81 -0.98 -0.71 0.332 0.381 0.28 0.303 0.334 0.426 0 0 0 0 0 0
1970-10-14T13:30:00 1970 10 14 13 30 0 0.27 -0.43 363.8 5.59 1.92 0.05 0.78 0.44 0 0 1 0 0 0 1 0 1.0 1.48 -19.0 -1.26 -0.95 -1.85 -1.81 -0.99 -0.71 0.331 0.381 0.281 0.3 0.332 0.42 0 0 0 0 0 0
1970-10-14T14:30:00 1970 10 14 14 30 0 0.27 -0.43 361.4 5.59 1.92 0.05 0.78 0.44 0 0 1 0 0 0 1 0 1.0 1.35 -16.0 -1.27 -0.95 -1.85 -1.81 -0.99 -0.71 0.33 0.38 0.28 0.298 0.329 0.413 0 0 0 0 0 0
1970-10-14T15:30:00 1970 10 14 15 30 0 0.27 -0.43 359.1 5.59 1.92 0.05 0.77 0.43 0 0 1 0 0 0 1 0 1.0 1.23 -15.0 -1.27 -0.96 -1.85 -1.82 -0.99 -0.71 0.329 0.381 0.28 0.296 0.326 0.407 0 0 0 0 0 0
1970-10-14T16:30:00 1970 10 14 16 30 0 0.27 -0.43 356.7 5.59 1.92 0.05 0.77 0.43 0 0 1 0 0 0 1 0 1.0 1.11 -13.0 -1.27 -0.96 -1.85 -1.82 -0.99 -0.71 0.328 0.381 0.28 0.295 0.323 0.401 0 0 0 0 0 0
1970-10-14T17:30:00 1970 10 14 17 30 0 0.27 -0.44 354.4 5.59 1.92 0.05 0.77 0.43 0 0 1 0 0 0 1 0 1.0 1.07 -13.0 -1.27 -0.96 -1.85 -1.82 -0.99 -0.71 0.326 0.381 0.28 0.293 0.32 0.394 0 0 0 0 0 0
1970-10-14T18:30:00 1970 10 14 18 30 0 0.27 -0.44 352.0 5.59 1.92 0.05 0.78 0.43 0 0 2 0 0 1 1 1 1.0 1.04 -15.0 -1.27 -0.96 -1.86 -1.82 -0.99 -0.71 0.325 0.381 0.279 0.29 0.316 0.388 0 0 0 0 0 0
1970-10-14T19:30:00 1970 10 14 19 30 0 0.28 -0.44 352.0 5.59 1.92 0.05 0.77 0.43 0 0 2 0 0 1 1 1 1.0 1.0 -16.0 -1.27 -0.96 -1.86 -1.82 -0.99 -0.71 0.324 0.381 0.279 0.289 0.315 0.384 0 0 0 0 0 0
1970-10-14T20:30:00 1970 10 14 20 30 0 0.28 -0.44 352.0 5.59 1.92 0.05 0.77 0.43 0 0 2 0 0 1 1 1 1.0 1.0 -18.0 -1.27 -0.96 -1.86 -1.82 -0.99 -0.71 0.323 0.381 0.278 0.288 0.314 0.383 0 0 0 0 0 0
1970-10-14T21:30:00 1970 10 14 21 30 0 0.28 -0.44 350.4 5.6 1.92 0.05 0.77 0.43 0 0 1 0 0 0 1 0 1.3 1.04 -17.0 -1.27 -0.96 -1.86 -1.82 -0.99 -0.71 0.322 0.38 0.278 0.287 0.313 0.381 0 0 0 0 0 0
1970-10-14T22:30:00 1970 10 14 22 30 0 0.28 -0.45 348.9 5.6 1.92 0.05 0.78 0.44 0 0 1 0 0 0 1 0 1.3 1.08 -12.0 -1.27 -0.96 -1.86 -1.83 -0.99 -0.71 0.321 0.38 0.277 0.286 0.311 0.378 0 0 0 0 0 0
1970-10-14T23:30:00 1970 10 14 23 30 0 0.28 -0.45 347.3 5.6 1.92 0.05 0.78 0.44 0 0 1 0 0 0 1 0 1.3 1.12 -8.0 -1.27 -0.96 -1.86 -1.83 -0.99 -0.72 0.321 0.38 0.277 0.286 0.309 0.375 0 0 0 0 0 0
