1970-03-18T00:30:00 1970 3 18 0 30 0 4.4 2.8 388.0 4.3 1.29 1.18 0.0 0.0 2 2 2 2 2 2 2 2 2.0 1.66 -19.0 2.8 2.8 2.8 2.8 2.8 2.8 0.067 0.073 0.096 0.031 0.04 0.081 2 2 1 2 2 2
1970-03-18T01:30:00 1970 3 18 1 30 0 1.9 4.7 388.0 4.3 1.29 0.23 0.0 0.0 2 2 2 2 2 2 2 2 2.0 1.63 -16.0 4.7 4.7 4.7 4.7 4.7 4.7 0.046 0.036 0.093 0.017 0.013 0.034 2 2 1 2 2 2
1970-03-18T02:30:00 1970 3 18 2 30 0 1.3 5.0 388.0 4.3 1.29 0.02 0.0 0.0 2 2 2 2 2 2 2 2 2.0 1.67 -16.0 5.0 5.0 5.0 5.0 5.0 5.0 0.031 0.018 0.09 0.01 0.004 0.014 2 2 1 2 2 2
1970-03-18T03:30:00 1970 3 18 3 30 0 0.8 5.0 385.0 2.6 0.77 0.01 0.0 0.0 2 2 2 2 2 2 2 2 0.3 1.48 -17.0 5.0 5.0 5.0 5.0 5.0 5.0 0.021 0.009 0.087 0.005 0.001 0.006 2 2 1 2 2 2
1970-03-18T04:30:00 1970 3 18 4 30 0 0.5 4.9 385.0 2.6 0.77 0.0 0.0 0.0 2 2 2 2 2 2 2 2 0.3 1.3 -18.0 4.9 4.9 4.9 4.9 4.9 4.9 0.014 0.004 0.085 0.003 0.0 0.002 2 2 1 2 2 2
1970-03-18T05:30:00 1970 3 18 5 30 0 0.45 4.7 385.0 2.6 0.77 0.0 0.0 0.0 1 1 2 2 2 1 2 2 0.3 1.17 -15.0 4.7 4.7 4.7 4.7 4.7 4.7 0.01 0.002 0.082 0.002 0.0 0.001 2 2 1 2 2 2
1970-03-18T06:30:00 1970 3 18 6 30 0 0.4 4.5 389.0 2.3 0.7 0.0 0.0 0.0 2 2 2 2 2 2 2 2 0.7 1.1 -15.0 4.5 4.5 4.5 4.5 4.5 4.5 0.006 0.001 0.08 0.001 0.0 0.0 2 2 1 2 2 2
1970-03-18T07:30:00 1970 3 18 7 30 0 2.3 4.8 389.0 2.3 0.7 0.02 0.0 0.0 2 2 2 2 2 2 2 2 0.7 1.02 -12.0 4.8 4.8 4.8 4.8 4.8 4.8 0.004 0.001 0.077 0.001 0.0 0.0 2 2 1 2 2 2
1970-03-18T08:30:00 1970 3 18 8 30 0 5.1 2.2 389.0 2.3 0.7 0.47 0.0 0.0 2 2 2 2 2 2 2 2 0.7 0.86 -9.0 2.2 2.2 2.2 2.2 2.2 2.2 0.003 0.0 0.075 0.0 0.0 0.0 2 2 1 2 2 2
1970-03-18T09:30:00 1970 3 18 9 30 0 3.5 -0.45 448.0 4.2 1.69 1.19 0.13 0.05 1 1 2 2 2 1 2 2 2.3 0.92 -5.0 -0.45 -0.45 -0.45 -0.45 -0.45 -0.45 0.015 0.034 0.073 0.008 0.06 0.073 1 1 1 1 1 1
1970-03-18T10:30:00 1970 3 18 10 30 0 1.9 -3.1 448.0 4.2 1.69 2.03 4.22 1.77 2 2 2 2 2 2 2 2 2.3 0.97 -13.0 -3.1 -3.1 -3.1 -3.1 -3.1 -3.1 0.19 0.323 0.086 0.205 0.521 0.535 2 2 1 2 2 2
1970-03-18T11:30:00 1970 3 18 11 30 0 3.2 -1.7 448.0 4.2 1.69 2.45 5.25 2.2 2 2 2 2 2 2 2 2 2.3 1.23 -19.0 -1.7 -1.7 -1.7 -1.7 -1.7 -1.7 0.308 0.46 0.099 0.305 0.635 0.713 2 2 1 2 2 2
1970-03-18T12:30:00 1970 3 18 12 30 0 3.8 0.1 433.0 3.0 1.12 1.56 1.62 0.62 2 2 2 2 2 2 2 2 1.7 1.4 -21.0 0.1 0.1 0.1 0.1 0.1 0.1 0.257 0.32 0.099 0.204 0.328 0.439 2 2 1 2 2 2
1970-03-18T13:30:00 1970 3 18 13 30 0 2.9 1.2 433.0 3.0 1.12 0.74 0.0 0.0 2 2 2 2 2 2 2 2 1.7 1.56 -21.0 1.2 1.2 1.2 1.2 1.2 1.2 0.174 0.159 0.096 0.114 0.104 0.182 2 2 1 2 2 2
1970-03-18T14:30:00 1970 3 18 14 30 0 2.3 0.9 433.0 3.0 1.12 0.34 0.0 0.0 2 2 2 2 2 2 2 2 1.7 1.68 -17.0 0.9 0.9 0.9 0.9 0.9 0.9 0.118 0.079 0.093 0.064 0.033 0.076 2 2 1 2 2 2
1970-03-18T15:30:00 1970 3 18 15 30 0 0.7 -1.7 434.0 3.6 1.36 0.42 1.36 0.47 2 2 2 2 2 2 2 2 2.0 1.84 -14.0 -1.7 -1.7 -1.7 -1.7 -1.7 -1.7 0.149 0.18 0.095 0.096 0.24 0.239 2 2 1 2 2 2
1970-03-18T16:30:00 1970 3 18 16 30 0 2.1 0.6 434.0 3.6 1.36 0.38 1.21 0.44 2 2 2 2 2 2 2 2 2.0 2.0 -16.0 0.6 0.6 0.6 0.6 0.6 0.6 0.133 0.149 0.094 0.075 0.152 0.186 2 2 1 2 2 2
1970-03-18T17:30:00 1970 3 18 17 30 0 1.2 -0.4 434.0 3.6 1.36 0.23 0.21 0.08 2 2 2 2 2 2 2 2 2.0 1.96 -14.0 -0.4 -0.4 -0.4 -0.4 -0.4 -0.4 0.105 0.115 0.091 0.049 0.116 0.154 2 2 1 2 2 2
1970-03-18T18:30:00 1970 3 18 18 30 0 3.4 -1.1 455.0 3.3 1.37 0.94 1.74 0.59 2 2 2 2 2 2 2 2 1.0 1.79 -12.0 -1.1 -1.1 -1.1 -1.1 -1.1 -1.1 0.145 0.206 0.093 0.082 0.277 0.298 2 2 1 2 2 2
1970-03-18T19:30:00 1970 3 18 19 30 0 3.3 0.2 455.0 3.3 1.37 1.26 0.96 0.32 2 2 2 2 2 2 2 2 1.0 1.63 -13.0 0.2 0.2 0.2 0.2 0.2 0.2 0.126 0.16 0.091 0.061 0.17 0.22 2 2 1 2 2 2
1970-03-18T20:30:00 1970 3 18 20 30 0 3.9 -1.3 455.0 3.3 1.37 1.61 1.41 0.46 2 2 2 2 2 2 2 2 1.0 1.54 -14.0 -1.3 -1.3 -1.3 -1.3 -1.3 -1.3 0.152 0.216 0.092 0.086 0.285 0.311 2 2 1 2 2 2
1970-03-18T21:30:00 1970 3 18 21 30 0 4.4 -1.2 451.0 3.2 1.3 2.5 2.82 0.92 2 2 2 2 2 2 2 2 2.7 1.67 -15.0 -1.2 -1.2 -1.2 -1.2 -1.2 -1.2 0.203 0.291 0.096 0.131 0.387 0.398 2 2 1 2 2 2
1970-03-18T22:30:00 1970 3 18 22 30 0 4.3 -2.0 451.0 3.2 1.3 3.03 3.68 1.18 2 2 2 2 2 2 2 2 2.7 1.8 -15.0 -2.0 -2.0 -2.0 -2.0 -2.0 -2.0 0.27 0.375 0.104 0.202 0.5 0.483 2 2 1 2 2 2
1970-03-18T23:30:00 1970 3 18 23 30 0 3.8 -0.6 451.0 3.2 1.3 2.39 2.8 0.9 2 2 2 2 2 2 2 2 2.7 1.9 -19.0 -0.6 -0.6 -0.6 -0.6 -0.6 -0.6 0.271 0.348 0.106 0.183 0.41 0.436 2 2 1 2 2 2
