1970-06-26T00:30:00 1970 6 26 0 30 0 -1.1 -0.52 383.8 5.1 1.75 0.21 1.0 0.51 0 0 1 0 0 0 1 0 1.7 1.33 3.0 -1.39 -1.05 -2.01 -1.97 -1.09 -0.78 0.363 0.394 0.248 0.34 0.372 0.441 0 0 0 0 0 0
1970-06-26T01:30:00 1970 6 26 1 30 0 -1.1 -0.51 381.5 5.1 1.75 0.21 0.98 0.5 0 0 1 0 0 0 1 0 1.7 1.42 3.0 -1.39 -1.05 -2.0 -1.97 -1.09 -0.78 0.362 0.393 0.25 0.34 0.369 0.437 0 0 0 0 0 0
1970-06-26T02:30:00 1970 6 26 2 30 0 -1.1 -0.51 379.2 5.1 1.75 0.2 0.97 0.49 0 0 1 0 0 0 1 0 1.7 1.59 -1.0 -1.39 -1.05 -2.0 -1.97 -1.09 -0.78 0.36 0.393 0.253 0.338 0.366 0.432 0 0 0 0 0 0
1970-06-26T03:30:00 1970 6 26 3 30 0 -1.1 -0.51 377.0 5.1 1.75 0.2 0.96 0.49 0 0 2 0 0 1 1 1 2.3 1.83 0.0 -1.39 -1.05 -2.0 -1.97 -1.09 -0.78 0.358 0.393 0.255 0.336 0.363 0.426 0 0 0 0 0 0
1970-06-26T04:30:00 1970 6 26 4 30 0 -1.1 -0.51 377.0 5.1 1.75 0.2 0.96 0.49 0 0 2 0 0 1 1 1 2.3 2.07 -1.0 -1.39 -1.05 -2.0 -1.97 -1.08 -0.78 0.357 0.392 0.258 0.335 0.36 0.423 0 0 0 0 0 0
1970-06-26T05:30:00 1970 6 26 5 30 0 -1.1 -0.51 377.0 5.1 1.75 0.2 0.96 0.49 0 0 2 0 0 1 1 1 2.3 2.08 -3.0 -1.39 -1.05 -2.0 -1.96 -1.08 -0.77 0.356 0.392 0.26 0.333 0.359 0.42 0 0 0 0 0 0
1970-06-26T06:30:00 1970 6 26 6 30 0 -1.1 -0.51 381.4 5.1 1.75 0.2 0.97 0.49 0 0 1 0 0 0 1 0 3.0 2.17 -7.0 -1.39 -1.05 -2.0 -1.96 -1.08 -0.77 0.356 0.392 0.262 0.334 0.361 0.423 0 0 0 0 0 0
1970-06-26T07:30:00 1970 6 26 7 30 0 -1.1 -0.51 385.9 5.1 1.75 0.2 0.98 0.5 0 0 1 0 0 0 1 0 3.0 2.27 -8.0 -1.39 -1.05 -2.0 -1.96 -1.08 -0.77 0.357 0.393 0.264 0.336 0.367 0.432 0 0 0 0 0 0
1970-06-26T08:30:00 1970 6 26 8 30 0 -1.1 -0.51 390.3 5.1 1.75 0.21 0.99 0.5 0 0 1 0 0 0 1 0 3.0 2.43 -9.0 -1.39 -1.05 -2.0 -1.96 -1.08 -0.77 0.359 0.394 0.267 0.339 0.374 0.442 0 0 0 0 0 0
1970-06-26T09:30:00 1970 6 26 9 30 0 -1.1 -0.51 394.7 5.1 1.75 0.21 1.0 0.51 0 0 1 0 0 0 1 0 2.3 2.5 -10.0 -1.39 -1.04 -2.0 -1.96 -1.08 -0.77 0.362 0.393 0.27 0.343 0.38 0.454 0 0 0 0 0 0
1970-06-26T10:30:00 1970 6 26 10 30 0 -1.1 -0.5 399.1 5.1 1.75 0.21 1.0 0.51 0 0 1 0 0 0 1 0 2.3 2.56 -9.0 -1.38 -1.04 -1.99 -1.96 -1.08 -0.77 0.364 0.393 0.273 0.348 0.387 0.466 0 0 0 0 0 0
1970-06-26T11:30:00 1970 6 26 11 30 0 -1.1 -0.5 403.6 5.1 1.75 0.21 1.0 0.51 0 0 1 0 0 0 1 0 2.3 2.56 -3.0 -1.38 -1.04 -1.99 -1.96 -1.08 -0.77 0.366 0.394 0.276 0.353 0.394 0.479 0 0 0 0 0 0
1970-06-26T12:30:00 1970 6 26 12 30 0 -1.1 -0.5 408.0 5.1 1.75 0.21 1.01 0.52 0 0 2 0 0 1 1 1 3.3 2.69 -2.0 -1.38 -1.04 -1.99 -1.96 -1.08 -0.77 0.369 0.394 0.28 0.357 0.401 0.492 0 0 0 0 0 0
1970-06-26T13:30:00 1970 6 26 13 30 0 -1.11 -0.5 408.0 5.1 1.75 0.22 1.02 0.52 0 0 2 0 0 1 1 1 3.3 2.81 1.0 -1.38 -1.04 -1.99 -1.95 -1.08 -0.77 0.371 0.395 0.283 0.36 0.405 0.499 0 0 0 0 0 0
1970-06-26T14:30:00 1970 6 26 14 30 0 -0.43 -0.5 408.0 5.1 1.75 0.14 1.02 0.52 1 0 2 0 0 1 1 1 3.3 2.86 3.0 -1.38 -1.04 -1.99 -1.95 -1.08 -0.77 0.372 0.395 0.286 0.361 0.406 0.502 0 0 0 0 0 0
1970-06-26T15:30:00 1970 6 26 15 30 0 1.36 -0.5 401.0 5.1 1.75 0.13 1.01 0.52 1 0 2 0 0 1 1 1 3.0 2.86 -2.0 -1.38 -1.04 -1.99 -1.95 -1.08 -0.77 0.372 0.395 0.289 0.36 0.401 0.495 0 0 0 0 0 0
1970-06-26T16:30:00 1970 6 26 16 30 0 3.14 -1.26 401.0 5.1 1.75 0.87 1.83 0.93 1 1 2 0 0 1 2 1 3.0 2.86 -7.0 -2.03 -1.74 -2.56 -2.53 -1.77 -1.5 0.403 0.451 0.295 0.399 0.476 0.574 0 0 0 0 0 0
1970-06-26T17:30:00 1970 6 26 17 30 0 4.1 -5.38 401.0 5.1 1.75 4.68 7.0 3.57 1 1 2 0 0 1 2 1 3.0 2.94 -9.0 -5.54 -5.48 -5.65 -5.65 -5.48 -5.43 0.595 0.732 0.32 0.702 0.86 0.93 0 0 0 0 0 0
1970-06-26T18:30:00 1970 6 26 18 30 0 4.1 -6.5 431.0 5.1 1.75 10.16 12.5 6.38 2 2 2 0 0 2 2 1 3.7 3.12 -15.0 -6.5 -6.5 -6.5 -6.5 -6.5 -6.5 0.86 1.023 0.367 1.135 1.254 1.351 0 0 0 0 0 0
1970-06-26T19:30:00 1970 6 26 19 30 0 3.8 -5.3 431.0 5.1 1.75 9.98 12.61 6.43 2 2 2 0 0 2 2 1 3.7 3.29 -18.0 -5.3 -5.3 -5.3 -5.3 -5.3 -5.3 1.018 1.135 0.411 1.318 1.346 1.53 0 0 0 0 0 0
1970-06-26T20:30:00 1970 6 26 20 30 0 5.6 -0.5 431.0 5.1 1.75 4.9 5.82 2.97 2 2 2 0 0 2 2 1 3.7 3.34 -19.0 -0.5 -0.5 -0.5 -0.5 -0.5 -0.5 0.871 0.862 0.416 0.939 0.846 1.154 0 0 0 0 0 0
1970-06-26T21:30:00 1970 6 26 21 30 0 5.6 -0.5 425.0 5.1 1.75 2.98 1.07 0.55 1 1 2 0 0 1 2 1 2.0 3.17 -16.0 -0.66 -0.6 -0.77 -0.77 -0.61 -0.55 0.651 0.562 0.407 0.569 0.462 0.75 0 0 0 0 0 0
1970-06-26T22:30:00 1970 6 26 22 30 0 4.36 -0.49 425.0 5.1 1.75 2.37 1.05 0.54 1 1 2 0 0 1 2 1 2.0 3.0 -14.0 -1.26 -0.96 -1.79 -1.76 -1.0 -0.73 0.539 0.453 0.403 0.432 0.405 0.615 0 0 0 0 0 0
1970-06-26T23:30:00 1970 6 26 23 30 0 2.06 -0.49 425.0 5.1 1.75 1.11 1.04 0.53 1 0 2 0 0 1 1 1 2.0 2.87 -10.0 -1.37 -1.03 -1.98 -1.94 -1.07 -0.76 0.487 0.421 0.403 0.402 0.419 0.576 0 0 0 0 0 0
