1970-02-14T00:30:00 1970 2 14 0 30 0 5.9 4.0 365.0 6.2 1.65 0.52 0.0 0.0 2 2 2 2 2 2 2 2 2.0 1.39 9.0 4.0 4.0 4.0 4.0 4.0 4.0 0.001 0.0 0.035 0.0 0.0 0.0 2 2 1 2 2 2
1970-02-14T01:30:00 1970 2 14 1 30 0 6.2 -1.0 365.0 6.2 1.65 2.04 0.27 0.17 2 2 2 2 2 2 2 2 2.0 1.51 9.0 -1.0 -1.0 -1.0 -1.0 -1.0 -1.0 0.027 0.066 0.035 0.02 0.087 0.113 2 2 1 2 2 2
1970-02-14T02:30:00 1970 2 14 2 30 0 5.4 -4.4 365.0 6.2 1.65 5.1 5.19 3.22 2 2 2 2 2 2 2 2 2.0 1.56 5.0 -4.4 -4.4 -4.4 -4.4 -4.4 -4.4 0.267 0.492 0.052 0.31 0.581 0.675 2 2 2 2 2 2
1970-02-14T03:30:00 1970 2 14 3 30 0 3.4 -7.4 386.0 4.2 1.25 9.57 11.36 5.71 2 2 2 2 2 2 2 2 4.0 1.86 -5.0 -7.4 -7.4 -7.4 -7.4 -7.4 -7.4 0.603 0.889 0.096 0.833 1.014 0.984 2 2 2 2 2 2
1970-02-14T04:30:00 1970 2 14 4 30 0 6.6 -4.1 386.0 4.2 1.25 9.69 10.83 4.55 2 2 2 2 2 2 2 2 4.0 2.16 -17.0 -4.1 -4.1 -4.1 -4.1 -4.1 -4.1 0.75 0.966 0.129 0.955 0.999 0.955 2 2 2 2 2 2
1970-02-14T05:30:00 1970 2 14 5 30 0 8.3 2.6 386.0 4.2 1.25 4.77 2.1 0.88 2 2 2 2 2 2 2 2 4.0 2.54 -18.0 2.6 2.6 2.6 2.6 2.6 2.6 0.561 0.572 0.129 0.58 0.417 0.504 2 2 2 2 2 2
1970-02-14T06:30:00 1970 2 14 6 30 0 9.9 4.4 455.0 0.7 0.29 3.7 0.0 0.0 2 2 2 2 2 2 2 2 1.3 2.55 -13.0 4.4 4.4 4.4 4.4 4.4 4.4 0.38 0.284 0.125 0.325 0.132 0.209 2 2 2 2 2 2
1970-02-14T07:30:00 1970 2 14 7 30 0 8.7 4.6 455.0 0.7 0.29 3.58 0.0 0.0 2 2 2 2 2 2 2 2 1.3 2.57 -11.0 4.6 4.6 4.6 4.6 4.6 4.6 0.257 0.141 0.121 0.182 0.042 0.087 2 2 2 2 2 2
1970-02-14T08:30:00 1970 2 14 8 30 0 3.8 2.2 455.0 0.7 0.29 1.6 0.0 0.0 2 2 2 2 2 2 2 2 1.3 2.47 -9.0 2.2 2.2 2.2 2.2 2.2 2.2 0.174 0.07 0.117 0.102 0.013 0.036 2 2 2 2 2 2
1970-02-14T09:30:00 1970 2 14 9 30 0 7.6 -1.1 444.0 1.0 0.39 2.95 0.51 0.05 2 2 2 2 2 2 2 2 3.3 2.64 -6.0 -1.1 -1.1 -1.1 -1.1 -1.1 -1.1 0.138 0.077 0.115 0.072 0.082 0.039 2 2 2 2 2 2
1970-02-14T10:30:00 1970 2 14 10 30 0 5.8 -5.8 444.0 1.0 0.39 8.79 8.09 0.81 2 2 2 2 2 2 2 2 3.3 2.8 -9.0 -5.8 -5.8 -5.8 -5.8 -5.8 -5.8 0.273 0.282 0.131 0.289 0.455 0.126 2 2 2 2 2 2
1970-02-14T11:30:00 1970 2 14 11 30 0 7.4 -1.4 444.0 1.0 0.39 8.39 7.59 0.76 2 2 2 2 2 2 2 2 3.3 2.72 -13.0 -1.4 -1.4 -1.4 -1.4 -1.4 -1.4 0.315 0.322 0.141 0.313 0.441 0.137 2 2 2 2 2 2
1970-02-14T12:30:00 1970 2 14 12 30 0 6.2 -2.1 423.0 1.3 0.47 5.58 3.84 0.45 2 2 2 2 2 2 2 2 2.7 2.57 -9.0 -2.1 -2.1 -2.1 -2.1 -2.1 -2.1 0.306 0.313 0.144 0.263 0.386 0.14 2 2 2 2 2 2
1970-02-14T13:30:00 1970 2 14 13 30 0 7.3 -3.3 423.0 1.3 0.47 6.88 5.82 0.76 2 2 2 2 2 2 2 2 2.7 2.42 -5.0 -3.3 -3.3 -3.3 -3.3 -3.3 -3.3 0.346 0.368 0.152 0.305 0.458 0.17 2 2 2 2 2 2
1970-02-14T14:30:00 1970 2 14 14 30 0 8.3 -1.0 423.0 1.3 0.47 7.21 4.34 0.56 2 2 2 2 2 2 2 2 2.7 2.59 -6.0 -1.0 -1.0 -1.0 -1.0 -1.0 -1.0 0.326 0.331 0.154 0.255 0.368 0.153 2 2 2 2 2 2
1970-02-14T15:30:00 1970 2 14 15 30 0 7.3 -2.1 421.0 2.0 0.71 6.44 3.37 0.58 2 2 2 2 2 2 2 2 2.3 2.7 -7.0 -2.1 -2.1 -2.1 -2.1 -2.1 -2.1 0.32 0.339 0.156 0.236 0.386 0.193 2 2 2 2 2 2
1970-02-14T16:30:00 1970 2 14 16 30 0 5.9 0.3 421.0 2.0 0.71 4.21 1.75 0.35 2 2 2 2 2 2 2 2 2.3 2.81 -8.0 0.3 0.3 0.3 0.3 0.3 0.3 0.257 0.241 0.154 0.16 0.219 0.142 2 2 2 2 2 2
1970-02-14T17:30:00 1970 2 14 17 30 0 3.9 3.1 421.0 2.0 0.71 1.24 0.0 0.0 2 2 2 2 2 2 2 2 2.3 2.69 -8.0 3.1 3.1 3.1 3.1 3.1 3.1 0.174 0.12 0.149 0.09 0.069 0.059 2 2 2 2 2 2
1970-02-14T18:30:00 1970 2 14 18 30 0 -1.7 8.3 415.0 3.0 1.03 0.06 0.0 0.0 2 2 2 2 2 2 2 2 1.0 2.4 -5.0 8.3 8.3 8.3 8.3 8.3 8.3 0.118 0.06 0.145 0.05 0.022 0.024 2 2 2 2 2 2
1970-02-14T19:30:00 1970 2 14 19 30 0 -3.3 7.8 415.0 3.0 1.03 0.06 0.0 0.0 2 2 2 2 2 2 2 2 1.0 2.11 -4.0 7.8 7.8 7.8 7.8 7.8 7.8 0.08 0.03 0.14 0.028 0.007 0.01 2 2 2 2 2 2
1970-02-14T20:30:00 1970 2 14 20 30 0 -4.4 6.8 415.0 3.0 1.03 0.22 0.0 0.0 2 2 2 2 2 2 2 2 1.0 1.89 -3.0 6.8 6.8 6.8 6.8 6.8 6.8 0.054 0.015 0.136 0.016 0.002 0.004 2 2 2 2 2 2
1970-02-14T21:30:00 1970 2 14 21 30 0 0.0 5.2 407.0 3.1 1.03 0.07 0.0 0.0 2 2 2 2 2 2 2 2 0.7 1.64 -2.0 5.2 5.2 5.2 5.2 5.2 5.2 0.037 0.007 0.132 0.009 0.001 0.002 2 2 2 2 2 2
1970-02-14T22:30:00 1970 2 14 22 30 0 0.0 4.32 407.0 3.1 1.03 0.0 0.0 0.0 1 1 2 2 2 1 2 2 0.7 1.39 -1.0 4.09 4.14 3.99 4.0 4.14 4.18 0.025 0.004 0.128 0.005 0.0 0.001 2 2 2 2 2 2
1970-02-14T23:30:00 1970 2 14 23 30 0 0.21 1.08 407.0 3.1 1.03 0.0 0.0 0.0 1 1 2 2 2 1 2 2 0.7 1.2 -1.0 0.0 0.23 -0.48 -0.45 0.2 0.38 0.017 0.002 0.124 0.009 0.0 0.0 2 2 2 1 2 2
