1970-02-12T00:30:00 1970 2 12 0 30 0 3.1 0.9 347.0 5.9 1.42 0.37 0.0 0.0 2 2 2 2 2 2 2 2 1.0 0.74 -9.0 0.9 0.9 0.9 0.9 0.9 0.9 0.012 0.003 0.076 0.002 0.0 0.001 1 1 1 1 1 1
1970-02-12T01:30:00 1970 2 12 1 30 0 2.6 1.7 347.0 5.9 1.42 0.31 0.0 0.0 2 2 2 2 2 2 2 2 1.0 0.78 -8.0 1.7 1.7 1.7 1.7 1.7 1.7 0.008 0.002 0.074 0.001 0.0 0.0 1 1 1 1 1 1
1970-02-12T02:30:00 1970 2 12 2 30 0 -0.3 3.3 327.0 6.3 1.35 0.04 0.0 0.0 2 2 2 2 2 2 2 2 1.0 0.82 -3.0 3.3 3.3 3.3 3.3 3.3 3.3 0.005 0.001 0.072 0.0 0.0 0.0 1 1 1 1 1 1
1970-02-12T03:30:00 1970 2 12 3 30 0 0.5 2.8 326.0 6.0 1.28 0.0 0.0 0.0 2 2 2 2 2 2 2 2 0.0 0.72 0.0 2.8 2.8 2.8 2.8 2.8 2.8 0.004 0.0 0.069 0.0 0.0 0.0 1 1 1 1 1 1
1970-02-12T04:30:00 1970 2 12 4 30 0 1.0 2.3 318.0 5.2 1.05 0.0 0.0 0.0 2 2 2 2 2 2 2 2 0.0 0.63 2.0 2.3 2.3 2.3 2.3 2.3 2.3 0.002 0.0 0.067 0.0 0.0 0.0 1 1 1 1 1 1
1970-02-12T05:30:00 1970 2 12 5 30 0 2.1 1.5 307.0 5.2 0.98 0.05 0.0 0.0 2 2 2 2 2 2 2 2 0.0 0.54 3.0 1.5 1.5 1.5 1.5 1.5 1.5 0.002 0.0 0.065 0.0 0.0 0.0 1 1 1 1 1 1
1970-02-12T06:30:00 1970 2 12 6 30 0 2.1 2.5 315.0 4.1 0.81 0.09 0.0 0.0 2 2 2 2 2 2 2 2 0.0 0.45 2.0 2.5 2.5 2.5 2.5 2.5 2.5 0.001 0.0 0.063 0.0 0.0 0.0 1 1 1 1 1 1
1970-02-12T07:30:00 1970 2 12 7 30 0 2.5 2.6 315.0 4.1 0.81 0.1 0.0 0.0 2 2 2 2 2 2 2 2 0.0 0.36 4.0 2.6 2.6 2.6 2.6 2.6 2.6 0.001 0.0 0.061 0.0 0.0 0.0 1 1 1 1 1 1
1970-02-12T08:30:00 1970 2 12 8 30 0 2.8 2.1 315.0 4.1 0.81 0.16 0.0 0.0 2 2 2 2 2 2 2 2 0.0 0.24 8.0 2.1 2.1 2.1 2.1 2.1 2.1 0.001 0.0 0.059 0.0 0.0 0.0 1 1 1 1 1 1
1970-02-12T09:30:00 1970 2 12 9 30 0 2.7 1.4 319.0 5.9 1.2 0.22 0.0 0.0 2 2 2 2 2 2 2 2 0.7 0.21 12.0 1.4 1.4 1.4 1.4 1.4 1.4 0.0 0.0 0.058 0.0 0.0 0.0 1 1 1 1 1 1
1970-02-12T10:30:00 1970 2 12 10 30 0 2.7 1.0 319.0 5.9 1.2 0.26 0.0 0.0 2 2 2 2 2 2 2 2 0.7 0.18 13.0 1.0 1.0 1.0 1.0 1.0 1.0 0.0 0.0 0.056 0.0 0.0 0.0 1 1 1 1 1 1
1970-02-12T11:30:00 1970 2 12 11 30 0 2.7 0.7 319.0 5.9 1.2 0.31 0.0 0.0 2 2 2 2 2 2 2 2 0.7 0.27 14.0 0.7 0.7 0.7 0.7 0.7 0.7 0.0 0.0 0.054 0.0 0.0 0.0 1 1 1 1 1 1
1970-02-12T12:30:00 1970 2 12 12 30 0 3.4 1.5 334.0 7.1 1.58 0.38 0.0 0.0 2 2 2 2 2 2 2 2 0.7 0.36 12.0 1.5 1.5 1.5 1.5 1.5 1.5 0.0 0.0 0.052 0.0 0.0 0.0 1 1 1 1 1 1
1970-02-12T13:30:00 1970 2 12 13 30 0 3.9 2.1 334.0 7.1 1.58 0.47 0.0 0.0 2 2 2 2 2 2 2 2 0.7 0.45 10.0 2.1 2.1 2.1 2.1 2.1 2.1 0.0 0.0 0.051 0.0 0.0 0.0 1 1 1 1 1 1
1970-02-12T14:30:00 1970 2 12 14 30 0 3.7 2.4 334.0 7.1 1.58 0.44 0.0 0.0 2 2 2 2 2 2 2 2 0.7 0.53 11.0 2.4 2.4 2.4 2.4 2.4 2.4 0.0 0.0 0.049 0.0 0.0 0.0 1 1 1 1 1 1
1970-02-12T15:30:00 1970 2 12 15 30 0 4.1 2.0 340.0 7.4 1.71 0.5 0.0 0.0 2 2 2 2 2 2 2 2 1.3 0.7 14.0 2.0 2.0 2.0 2.0 2.0 2.0 0.0 0.0 0.048 0.0 0.0 0.0 1 1 1 1 1 1
1970-02-12T16:30:00 1970 2 12 16 30 0 3.3 2.0 340.0 7.4 1.71 0.45 0.0 0.0 2 2 2 2 2 2 2 2 1.3 0.86 19.0 2.0 2.0 2.0 2.0 2.0 2.0 0.0 0.0 0.046 0.0 0.0 0.0 1 1 1 1 1 1
1970-02-12T17:30:00 1970 2 12 17 30 0 2.3 2.4 340.0 7.4 1.71 0.2 0.0 0.0 2 2 2 2 2 2 2 2 1.3 0.93 20.0 2.4 2.4 2.4 2.4 2.4 2.4 0.0 0.0 0.045 0.0 0.0 0.0 1 1 1 1 1 1
1970-02-12T18:30:00 1970 2 12 18 30 0 -3.2 6.9 334.0 4.8 1.07 0.03 0.0 0.0 2 2 2 2 2 2 2 2 1.3 1.01 13.0 6.9 6.9 6.9 6.9 6.9 6.9 0.0 0.0 0.044 0.0 0.0 0.0 1 1 1 1 1 1
1970-02-12T19:30:00 1970 2 12 19 30 0 -0.1 7.2 334.0 4.8 1.07 0.02 0.0 0.0 2 2 2 2 2 2 2 2 1.3 1.08 12.0 7.2 7.2 7.2 7.2 7.2 7.2 0.0 0.0 0.042 0.0 0.0 0.0 1 1 1 1 1 1
1970-02-12T20:30:00 1970 2 12 20 30 0 0.3 6.6 334.0 4.8 1.07 0.0 0.0 0.0 2 2 2 2 2 2 2 2 1.3 1.16 14.0 6.6 6.6 6.6 6.6 6.6 6.6 0.0 0.0 0.041 0.0 0.0 0.0 1 1 1 1 1 1
1970-02-12T21:30:00 1970 2 12 21 30 0 -1.6 6.1 352.0 4.6 1.14 0.0 0.0 0.0 2 2 2 2 2 2 2 2 0.7 1.15 14.0 6.1 6.1 6.1 6.1 6.1 6.1 0.0 0.0 0.04 0.0 0.0 0.0 1 1 1 1 1 1
1970-02-12T22:30:00 1970 2 12 22 30 0 -2.9 6.9 352.0 4.6 1.14 0.05 0.0 0.0 2 2 2 2 2 2 2 2 0.7 1.14 10.0 6.9 6.9 6.9 6.9 6.9 6.9 0.0 0.0 0.038 0.0 0.0 0.0 1 1 1 1 1 1
1970-02-12T23:30:00 1970 2 12 23 30 0 -1.7 7.5 352.0 4.6 1.14 0.04 0.0 0.0 2 2 2 2 2 2 2 2 0.7 1.07 7.0 7.5 7.5 7.5 7.5 7.5 7.5 0.0 0.0 0.037 0.0 0.0 0.0 1 1 1 1 1 1
