1970-04-10T00:30:00 1970 4 10 0 30 0 1.02 0.23 503.0 4.2 2.13 0.08 0.0 0.0 0 0 2 2 2 1 1 1 1.0 1.99 -21.0 -1.05 -0.75 -1.68 -1.64 -0.78 -0.53 0.321 0.295 0.613 0.352 0.428 0.539 0 0 0 0 0 0
1970-04-10T01:30:00 1970 4 10 1 30 0 1.02 0.23 499.0 3.5 1.74 0.08 0.0 0.0 0 0 2 2 2 1 1 1 1.0 1.86 -19.0 -1.05 -0.75 -1.68 -1.64 -0.78 -0.53 0.317 0.29 0.607 0.342 0.405 0.486 0 0 0 0 0 0
1970-04-10T02:30:00 1970 4 10 2 30 0 1.01 0.23 499.0 3.9 1.94 0.08 0.0 0.0 0 0 2 2 2 1 1 1 1.0 1.82 -18.0 -1.05 -0.75 -1.68 -1.64 -0.78 -0.53 0.314 0.288 0.602 0.336 0.399 0.468 0 0 0 0 0 0
1970-04-10T03:30:00 1970 4 10 3 30 0 1.01 0.22 509.0 3.6 1.87 0.08 0.0 0.0 0 0 2 2 2 1 1 1 0.3 1.68 -15.0 -1.05 -0.75 -1.68 -1.64 -0.78 -0.53 0.313 0.286 0.598 0.334 0.4 0.462 0 0 0 0 0 0
1970-04-10T04:30:00 1970 4 10 4 30 0 1.01 0.22 496.0 3.3 1.62 0.08 0.0 0.0 0 0 2 2 2 1 1 1 0.3 1.54 -13.0 -1.05 -0.75 -1.69 -1.64 -0.78 -0.53 0.308 0.28 0.593 0.326 0.386 0.425 0 0 0 0 0 0
1970-04-10T05:30:00 1970 4 10 5 30 0 1.0 0.22 486.5 3.3 1.62 0.08 0.0 0.0 0 0 1 1 1 0 1 1 0.3 1.21 -13.0 -1.05 -0.75 -1.69 -1.64 -0.78 -0.53 0.302 0.274 0.587 0.316 0.37 0.39 0 0 0 0 0 0
1970-04-10T06:30:00 1970 4 10 6 30 0 1.0 0.22 477.0 3.3 1.69 0.08 0.0 0.0 0 0 2 1 1 1 1 1 0.0 0.84 -10.0 -1.05 -0.75 -1.69 -1.64 -0.78 -0.53 0.296 0.271 0.581 0.307 0.358 0.366 0 0 0 0 0 0
1970-04-10T07:30:00 1970 4 10 7 30 0 1.0 0.22 477.0 3.76 1.92 0.07 0.0 0.0 0 0 2 1 1 1 1 1 0.0 0.48 -9.0 -1.05 -0.75 -1.69 -1.65 -0.78 -0.53 0.295 0.275 0.576 0.307 0.361 0.378 0 0 0 0 0 0
1970-04-10T08:30:00 1970 4 10 8 30 0 0.99 0.22 477.0 4.32 2.15 0.07 0.0 0.0 0 0 2 1 1 1 1 1 0.0 0.35 -11.0 -1.05 -0.75 -1.69 -1.65 -0.78 -0.53 0.299 0.286 0.571 0.315 0.376 0.427 0 0 0 0 0 0
1970-04-10T09:30:00 1970 4 10 9 30 0 0.99 0.21 474.6 4.88 2.38 0.07 0.0 0.0 0 0 1 1 1 0 1 1 0.0 0.23 -11.0 -1.05 -0.75 -1.69 -1.65 -0.78 -0.53 0.307 0.3 0.567 0.327 0.393 0.492 0 0 0 0 0 0
1970-04-10T10:30:00 1970 4 10 10 30 0 0.99 0.21 472.1 5.44 2.39 0.07 0.0 0.0 0 0 1 1 0 0 1 1 0.0 0.11 -11.0 -1.05 -0.75 -1.69 -1.65 -0.78 -0.53 0.317 0.315 0.563 0.34 0.409 0.564 0 0 0 0 0 0
1970-04-10T11:30:00 1970 4 10 11 30 0 0.98 0.21 469.7 5.75 2.39 0.07 0.0 0.0 0 0 1 0 0 0 1 0 0.0 0.07 -9.0 -1.05 -0.75 -1.69 -1.65 -0.78 -0.53 0.326 0.329 0.56 0.351 0.42 0.624 0 0 0 0 0 0
1970-04-10T12:30:00 1970 4 10 12 30 0 0.98 0.21 467.3 5.75 2.39 0.07 0.0 0.0 0 0 1 0 0 0 1 0 0.7 0.13 -5.0 -1.05 -0.75 -1.69 -1.65 -0.78 -0.53 0.332 0.336 0.557 0.357 0.423 0.652 0 0 0 0 0 0
1970-04-10T13:30:00 1970 4 10 13 30 0 0.98 0.21 464.9 5.74 2.39 0.07 0.0 0.0 0 0 1 0 0 0 1 0 0.7 0.18 -2.0 -1.05 -0.75 -1.69 -1.65 -0.78 -0.53 0.336 0.34 0.553 0.359 0.422 0.658 0 0 0 0 0 0
1970-04-10T14:30:00 1970 4 10 14 30 0 0.97 0.2 462.4 5.74 2.39 0.07 0.0 0.0 0 0 1 0 0 0 1 0 0.7 0.27 -4.0 -1.05 -0.75 -1.69 -1.65 -0.78 -0.53 0.338 0.341 0.55 0.36 0.419 0.656 0 0 0 0 0 0
1970-04-10T15:30:00 1970 4 10 15 30 0 0.97 0.2 460.0 5.74 2.39 0.07 0.0 0.0 0 0 2 0 0 1 1 1 0.7 0.36 -5.0 -1.06 -0.75 -1.69 -1.65 -0.78 -0.53 0.34 0.342 0.547 0.359 0.415 0.65 0 0 0 0 0 0
1970-04-10T16:30:00 1970 4 10 16 30 0 0.97 0.2 460.0 5.74 2.39 0.07 0.0 0.0 0 0 2 0 0 1 1 1 0.7 0.45 -5.0 -1.06 -0.75 -1.69 -1.65 -0.78 -0.53 0.341 0.342 0.543 0.358 0.414 0.646 0 0 0 0 0 0
1970-04-10T17:30:00 1970 4 10 17 30 0 0.97 0.2 460.0 5.74 2.39 0.07 0.0 0.0 0 0 2 0 0 1 1 1 0.7 0.53 -3.0 -1.06 -0.76 -1.69 -1.65 -0.79 -0.53 0.342 0.343 0.54 0.358 0.415 0.644 0 0 0 0 0 0
1970-04-10T18:30:00 1970 4 10 18 30 0 0.96 0.2 448.0 5.74 2.39 0.07 0.0 0.0 0 0 2 0 0 1 1 1 1.3 0.7 -1.0 -1.06 -0.76 -1.69 -1.65 -0.79 -0.53 0.341 0.344 0.536 0.354 0.408 0.627 0 0 0 0 0 0
1970-04-10T19:30:00 1970 4 10 19 30 0 1.16 0.19 448.0 5.74 2.39 0.08 0.0 0.0 1 0 2 0 0 1 1 1 1.3 0.86 -1.0 -1.06 -0.76 -1.69 -1.65 -0.79 -0.53 0.34 0.344 0.532 0.35 0.402 0.613 0 0 0 0 0 0
1970-04-10T20:30:00 1970 4 10 20 30 0 1.69 0.19 448.0 5.74 2.39 0.17 0.0 0.0 1 0 2 0 0 1 1 1 1.3 0.93 -2.0 -1.06 -0.76 -1.69 -1.65 -0.79 -0.54 0.339 0.344 0.529 0.348 0.4 0.61 0 0 0 0 0 0
1970-04-10T21:30:00 1970 4 10 21 30 0 2.21 -0.02 444.9 5.74 2.39 0.35 0.0 0.0 1 1 1 0 0 1 1 1 2.3 1.14 -7.0 -1.1 -0.84 -1.66 -1.62 -0.87 -0.65 0.34 0.352 0.525 0.344 0.411 0.631 0 0 0 0 0 0
1970-04-10T22:30:00 1970 4 10 22 30 0 2.5 -1.11 441.7 5.74 2.39 0.79 1.35 0.78 1 1 1 0 0 1 1 1 2.3 1.34 -9.0 -1.34 -1.28 -1.45 -1.45 -1.29 -1.24 0.355 0.401 0.519 0.326 0.48 0.755 0 0 0 0 0 0
1970-04-10T23:30:00 1970 4 10 23 30 0 2.5 -1.4 438.6 5.74 2.39 1.25 2.79 1.6 2 2 1 0 0 2 2 1 2.3 1.54 -10.0 -1.4 -1.4 -1.4 -1.4 -1.4 -1.4 0.375 0.454 0.513 0.304 0.539 0.867 0 0 0 0 0 0
