1970-12-01T00:30:00 1970 12 1 0 30 0 0.39 0.29 343.5 5.74 1.95 0.0 0.0 0.0 0 0 1 0 0 0 1 0 0.3 0.31 3.0 -0.96 -0.7 -1.46 -1.43 -0.73 -0.5 0.257 0.311 0.193 0.212 0.252 0.321 0 0 0 0 0 0
1970-12-01T01:30:00 1970 12 1 1 30 0 0.4 0.29 338.4 5.74 1.95 0.0 0.0 0.0 0 0 1 0 0 0 1 0 0.3 0.34 5.0 -0.96 -0.7 -1.46 -1.42 -0.73 -0.5 0.254 0.311 0.193 0.208 0.246 0.31 0 0 0 0 0 0
1970-12-01T02:30:00 1970 12 1 2 30 0 0.4 0.29 333.4 5.74 1.95 0.0 0.0 0.0 0 0 1 0 0 0 1 0 0.3 0.38 6.0 -0.96 -0.7 -1.45 -1.42 -0.73 -0.5 0.251 0.31 0.192 0.203 0.24 0.299 0 0 0 0 0 0
1970-12-01T03:30:00 1970 12 1 3 30 0 -0.03 0.29 328.3 5.74 1.95 0.0 0.0 0.0 1 0 1 0 0 1 1 0 0.0 0.37 4.0 -0.96 -0.7 -1.45 -1.42 -0.73 -0.5 0.248 0.309 0.191 0.199 0.234 0.288 0 0 0 0 0 0
1970-12-01T04:30:00 1970 12 1 4 30 0 -1.16 0.29 323.2 5.74 1.95 0.02 0.0 0.0 1 0 1 0 0 1 1 0 0.0 0.37 6.0 -0.96 -0.7 -1.45 -1.42 -0.72 -0.5 0.245 0.308 0.19 0.195 0.227 0.278 0 0 0 0 0 0
1970-12-01T05:30:00 1970 12 1 5 30 0 -2.29 0.31 318.1 5.74 1.95 0.17 0.0 0.0 1 1 1 0 0 1 1 1 0.0 0.28 7.0 -0.78 -0.56 -1.22 -1.19 -0.58 -0.39 0.234 0.293 0.189 0.18 0.206 0.255 0 0 0 0 0 0
1970-12-01T06:30:00 1970 12 1 6 30 0 -2.9 0.38 313.1 5.74 1.95 0.37 0.0 0.0 1 1 1 0 0 1 1 1 0.0 0.19 8.0 0.15 0.19 0.05 0.06 0.19 0.23 0.177 0.179 0.184 0.118 0.093 0.135 0 0 0 0 0 0
1970-12-01T07:30:00 1970 12 1 7 30 0 -2.9 0.4 308.0 5.74 1.95 0.44 0.0 0.0 2 2 1 0 0 2 2 1 0.0 0.11 7.0 0.4 0.4 0.4 0.4 0.4 0.4 0.12 0.089 0.178 0.066 0.03 0.056 0 0 0 0 0 0
1970-12-01T08:30:00 1970 12 1 8 30 0 -3.2 0.8 308.0 5.74 1.95 0.44 0.0 0.0 2 2 1 0 0 2 2 1 0.0 0.07 7.0 0.8 0.8 0.8 0.8 0.8 0.8 0.081 0.044 0.173 0.037 0.009 0.023 0 0 0 0 0 0
1970-12-01T09:30:00 1970 12 1 9 30 0 -2.8 1.9 308.0 5.74 1.95 0.31 0.0 0.0 2 2 1 0 0 2 2 1 0.0 0.04 7.0 1.9 1.9 1.9 1.9 1.9 1.9 0.055 0.022 0.168 0.021 0.003 0.01 0 0 0 0 0 0
1970-12-01T10:30:00 1970 12 1 10 30 0 -2.9 2.8 308.0 5.74 1.95 0.19 0.0 0.0 2 2 1 0 0 2 2 1 0.0 0.0 7.0 2.8 2.8 2.8 2.8 2.8 2.8 0.037 0.011 0.163 0.012 0.001 0.004 0 0 0 0 0 0
1970-12-01T11:30:00 1970 12 1 11 30 0 -1.8 3.8 308.0 5.75 1.95 0.08 0.0 0.0 2 2 1 0 0 2 2 1 0.0 0.0 9.0 3.8 3.8 3.8 3.8 3.8 3.8 0.025 0.005 0.158 0.006 0.0 0.002 0 0 0 0 0 0
1970-12-01T12:30:00 1970 12 1 12 30 0 -1.8 3.15 308.0 5.75 1.95 0.04 0.0 0.0 1 1 2 0 0 1 2 1 0.0 0.0 9.0 2.92 2.97 2.83 2.83 2.96 3.01 0.017 0.003 0.153 0.004 0.0 0.001 0 0 0 0 0 0
1970-12-01T13:30:00 1970 12 1 13 30 0 -2.26 0.75 308.0 5.75 1.95 0.1 0.0 0.0 1 1 2 0 0 1 2 1 0.0 0.0 7.0 -0.33 -0.11 -0.77 -0.74 -0.13 0.06 0.02 0.015 0.149 0.012 0.016 0.0 0 0 0 0 0 0
1970-12-01T14:30:00 1970 12 1 14 30 0 -2.74 0.55 308.0 5.74 1.95 0.28 0.0 0.0 1 1 2 0 0 1 2 1 0.0 0.0 6.0 -0.54 -0.31 -0.97 -0.95 -0.34 -0.14 0.053 0.083 0.146 0.049 0.078 0.047 0 0 0 0 0 0
1970-12-01T15:30:00 1970 12 1 15 30 0 -3.2 1.92 307.3 5.74 1.95 0.32 0.0 0.0 1 1 1 0 0 1 1 1 0.3 0.04 6.0 1.69 1.74 1.6 1.6 1.73 1.78 0.036 0.041 0.142 0.03 0.025 0.02 0 0 0 0 0 0
1970-12-01T16:30:00 1970 12 1 16 30 0 -3.2 2.3 306.6 5.74 1.95 0.27 0.0 0.0 2 2 1 0 0 2 2 1 0.3 0.08 7.0 2.3 2.3 2.3 2.3 2.3 2.3 0.024 0.021 0.138 0.017 0.008 0.008 0 0 0 0 0 0
1970-12-01T17:30:00 1970 12 1 17 30 0 -2.8 2.1 305.9 5.74 1.95 0.22 0.0 0.0 2 2 1 0 0 2 2 1 0.3 0.12 7.0 2.1 2.1 2.1 2.1 2.1 2.1 0.016 0.01 0.134 0.009 0.002 0.003 0 0 0 0 0 0
1970-12-01T18:30:00 1970 12 1 18 30 0 -3.2 1.97 305.2 5.74 1.95 0.24 0.0 0.0 1 1 1 0 0 1 1 1 0.3 0.15 6.0 1.97 1.97 1.97 1.97 1.97 1.97 0.011 0.005 0.129 0.005 0.001 0.001 0 0 0 0 0 0
1970-12-01T19:30:00 1970 12 1 19 30 0 -3.6 1.43 304.6 5.74 1.95 0.38 0.0 0.0 1 1 1 0 0 1 1 1 0.3 0.19 6.0 1.43 1.43 1.43 1.43 1.43 1.43 0.008 0.003 0.125 0.003 0.0 0.001 0 0 0 0 0 0
1970-12-01T20:30:00 1970 12 1 20 30 0 -4.0 1.3 303.9 5.74 1.95 0.54 0.0 0.0 2 2 1 0 0 2 2 1 0.3 0.23 7.0 1.3 1.3 1.3 1.3 1.3 1.3 0.005 0.001 0.122 0.002 0.0 0.0 0 0 0 0 0 0
1970-12-01T21:30:00 1970 12 1 21 30 0 -4.1 1.0 303.2 5.74 1.95 0.67 0.0 0.0 1 1 1 0 0 1 1 1 0.3 0.26 6.0 1.0 1.0 1.0 1.0 1.0 1.0 0.003 0.001 0.118 0.001 0.0 0.0 0 0 0 0 0 0
1970-12-01T22:30:00 1970 12 1 22 30 0 -4.2 0.7 302.5 5.74 1.95 0.78 0.0 0.0 2 2 1 0 0 2 2 1 0.3 0.3 6.0 0.7 0.7 0.7 0.7 0.7 0.7 0.002 0.0 0.114 0.001 0.0 0.0 0 0 0 0 0 0
1970-12-01T23:30:00 1970 12 1 23 30 0 -3.55 -0.35 301.8 5.74 1.95 0.86 0.11 0.06 1 1 1 0 0 1 1 1 0.3 0.3 5.0 -0.35 -0.35 -0.35 -0.35 -0.35 -0.35 0.013 0.041 0.111 0.005 0.039 0.051 0 0 0 0 0 0
