1970-05-13T00:30:00 1970 5 13 0 30 0 -5.7 1.2 424.0 5.11 1.87 1.27 0.26 0.13 2 2 2 0 0 2 2 1 3.0 3.53 -20.0 1.2 1.2 1.2 1.2 1.2 1.2 0.324 0.194 0.293 0.211 0.091 0.183 0 0 0 0 0 0
1970-05-13T01:30:00 1970 5 13 1 30 0 -5.7 0.95 424.0 5.11 1.87 2.03 0.0 0.0 1 1 2 0 0 1 2 1 3.0 3.49 -19.0 0.8 0.85 0.71 0.72 0.84 0.88 0.219 0.096 0.284 0.118 0.029 0.076 0 0 0 0 0 0
1970-05-13T02:30:00 1970 5 13 2 30 0 -4.6 0.02 424.0 5.11 1.87 1.91 0.0 0.0 1 1 2 0 0 1 2 1 3.0 3.44 -20.0 -0.66 -0.45 -1.08 -1.06 -0.47 -0.29 0.176 0.097 0.277 0.101 0.09 0.097 0 0 0 0 0 0
1970-05-13T03:30:00 1970 5 13 3 30 0 -2.56 -0.16 407.0 5.11 1.86 1.09 0.16 0.08 1 0 2 0 0 1 1 1 2.3 3.31 -23.0 -0.94 -0.7 -1.43 -1.4 -0.72 -0.51 0.199 0.189 0.276 0.152 0.226 0.265 0 0 0 0 0 0
1970-05-13T04:30:00 1970 5 13 4 30 0 -0.51 -0.16 407.0 5.11 1.86 0.24 0.33 0.17 1 0 2 0 0 1 1 1 2.3 3.18 -26.0 -0.94 -0.7 -1.43 -1.4 -0.72 -0.51 0.221 0.247 0.275 0.189 0.281 0.347 0 0 0 0 0 0
1970-05-13T05:30:00 1970 5 13 5 30 0 0.26 -0.16 407.0 5.11 1.86 0.01 0.33 0.17 0 0 2 0 0 1 1 1 2.3 2.97 -29.0 -0.94 -0.7 -1.43 -1.4 -0.72 -0.51 0.236 0.275 0.274 0.21 0.298 0.38 0 0 0 0 0 0
1970-05-13T06:30:00 1970 5 13 6 30 0 0.26 -0.16 406.2 5.11 1.86 0.02 0.33 0.17 0 0 1 0 0 0 1 0 1.3 2.63 -24.0 -0.95 -0.7 -1.43 -1.4 -0.72 -0.51 0.247 0.289 0.274 0.221 0.303 0.394 0 0 0 0 0 0
1970-05-13T07:30:00 1970 5 13 7 30 0 0.26 -0.16 405.5 5.11 1.86 0.02 0.32 0.17 0 0 1 0 0 0 1 0 1.3 2.29 -20.0 -0.95 -0.7 -1.43 -1.4 -0.72 -0.51 0.255 0.296 0.273 0.227 0.304 0.398 0 0 0 0 0 0
1970-05-13T08:30:00 1970 5 13 8 30 0 0.26 -0.16 404.8 5.11 1.86 0.02 0.32 0.17 0 0 1 0 0 0 1 0 1.3 2.08 -18.0 -0.95 -0.7 -1.43 -1.4 -0.72 -0.51 0.259 0.3 0.272 0.23 0.304 0.399 0 0 0 0 0 0
1970-05-13T09:30:00 1970 5 13 9 30 0 0.26 -0.16 404.0 5.11 1.86 0.02 0.32 0.17 0 0 2 0 0 1 1 1 1.0 1.83 -17.0 -0.95 -0.7 -1.43 -1.4 -0.72 -0.51 0.263 0.301 0.272 0.232 0.303 0.398 0 0 0 0 0 0
1970-05-13T10:30:00 1970 5 13 10 30 0 0.27 -0.16 404.0 5.11 1.86 0.02 0.32 0.17 0 0 2 0 0 1 1 1 1.0 1.58 -14.0 -0.95 -0.7 -1.43 -1.4 -0.73 -0.51 0.265 0.302 0.271 0.233 0.304 0.398 0 0 0 0 0 0
1970-05-13T11:30:00 1970 5 13 11 30 0 0.27 -0.16 404.0 5.11 1.86 0.02 0.32 0.17 0 0 2 0 0 1 1 1 1.0 1.42 -14.0 -0.95 -0.7 -1.43 -1.4 -0.73 -0.51 0.266 0.302 0.27 0.233 0.305 0.397 0 0 0 0 0 0
1970-05-13T12:30:00 1970 5 13 12 30 0 0.27 -0.16 404.6 5.11 1.86 0.02 0.32 0.17 0 0 1 0 0 0 1 0 1.0 1.26 -15.0 -0.95 -0.7 -1.43 -1.4 -0.73 -0.51 0.267 0.303 0.269 0.234 0.306 0.398 0 0 0 0 0 0
1970-05-13T13:30:00 1970 5 13 13 30 0 0.27 -0.16 405.1 5.11 1.86 0.02 0.32 0.17 0 0 1 0 0 0 1 0 1.0 1.11 -15.0 -0.95 -0.7 -1.43 -1.4 -0.73 -0.51 0.268 0.303 0.269 0.234 0.306 0.399 0 0 0 0 0 0
1970-05-13T14:30:00 1970 5 13 14 30 0 0.27 -0.16 405.7 5.11 1.86 0.02 0.32 0.17 0 0 1 0 0 0 1 0 1.0 1.07 -15.0 -0.95 -0.7 -1.44 -1.41 -0.73 -0.51 0.269 0.303 0.268 0.235 0.307 0.4 0 0 0 0 0 0
1970-05-13T15:30:00 1970 5 13 15 30 0 0.27 -0.16 406.3 5.11 1.86 0.02 0.32 0.17 0 0 1 0 0 0 1 0 1.0 1.04 -16.0 -0.95 -0.7 -1.44 -1.41 -0.73 -0.51 0.269 0.303 0.268 0.236 0.308 0.401 0 0 0 0 0 0
1970-05-13T16:30:00 1970 5 13 16 30 0 0.27 -0.16 406.9 5.11 1.86 0.02 0.33 0.17 0 0 1 0 0 0 1 0 1.0 1.0 -13.0 -0.95 -0.7 -1.44 -1.41 -0.73 -0.51 0.27 0.303 0.267 0.237 0.308 0.403 0 0 0 0 0 0
1970-05-13T17:30:00 1970 5 13 17 30 0 0.27 -0.16 407.4 5.11 1.86 0.02 0.33 0.17 0 0 1 0 0 0 1 0 1.0 1.0 -9.0 -0.95 -0.7 -1.44 -1.41 -0.73 -0.51 0.27 0.303 0.267 0.238 0.309 0.404 0 0 0 0 0 0
1970-05-13T18:30:00 1970 5 13 18 30 0 0.27 -0.16 408.0 5.11 1.86 0.02 0.33 0.17 0 0 2 0 0 1 1 1 1.0 1.0 -9.0 -0.95 -0.7 -1.44 -1.41 -0.73 -0.51 0.27 0.303 0.267 0.238 0.31 0.405 0 0 0 0 0 0
1970-05-13T19:30:00 1970 5 13 19 30 0 0.27 -0.16 408.0 5.11 1.86 0.02 0.33 0.17 0 0 2 0 0 1 1 1 1.0 1.0 -13.0 -0.95 -0.7 -1.44 -1.41 -0.73 -0.51 0.271 0.303 0.266 0.238 0.31 0.406 0 0 0 0 0 0
1970-05-13T20:30:00 1970 5 13 20 30 0 0.27 -0.16 408.0 5.11 1.86 0.02 0.33 0.17 0 0 2 0 0 1 1 1 1.0 1.0 -15.0 -0.95 -0.7 -1.44 -1.41 -0.73 -0.51 0.271 0.303 0.266 0.239 0.31 0.406 0 0 0 0 0 0
1970-05-13T21:30:00 1970 5 13 21 30 0 0.27 -0.16 395.2 5.11 1.86 0.02 0.32 0.16 0 0 1 0 0 0 1 0 2.0 1.13 -11.0 -0.95 -0.7 -1.44 -1.41 -0.73 -0.51 0.27 0.303 0.265 0.236 0.303 0.394 0 0 0 0 0 0
1970-05-13T22:30:00 1970 5 13 22 30 0 0.27 -0.16 382.5 5.11 1.86 0.02 0.31 0.16 0 0 1 0 0 0 1 0 2.0 1.26 -11.0 -0.95 -0.7 -1.44 -1.41 -0.73 -0.51 0.266 0.302 0.264 0.23 0.29 0.372 0 0 0 0 0 0
1970-05-13T23:30:00 1970 5 13 23 30 0 -0.4 -0.16 369.8 5.11 1.86 0.01 0.3 0.15 1 0 1 0 0 1 1 0 2.0 1.39 -11.0 -0.95 -0.71 -1.44 -1.41 -0.73 -0.51 0.262 0.301 0.262 0.223 0.276 0.347 0 0 0 0 0 0
