1970-06-11T00:30:00 1970 6 11 0 30 0 -3.8 0.9 416.2 5.07 1.74 1.39 0.46 0.24 2 2 1 0 0 2 2 1 2.0 1.73 -10.0 0.9 0.9 0.9 0.9 0.9 0.9 0.21 0.16 0.246 0.087 0.108 0.219 0 0 0 0 0 0
1970-06-11T01:30:00 1970 6 11 1 30 0 -4.8 -0.3 415.8 5.07 1.74 1.46 0.1 0.05 2 2 1 0 0 2 2 1 2.0 1.74 -10.0 -0.3 -0.3 -0.3 -0.3 -0.3 -0.3 0.152 0.107 0.239 0.053 0.077 0.154 0 0 0 0 0 0
1970-06-11T02:30:00 1970 6 11 2 30 0 -4.8 0.8 415.4 5.07 1.74 1.73 0.06 0.03 2 2 1 0 0 2 2 1 2.0 1.74 -6.0 0.8 0.8 0.8 0.8 0.8 0.8 0.103 0.056 0.232 0.03 0.028 0.072 0 0 0 0 0 0
1970-06-11T03:30:00 1970 6 11 3 30 0 -3.7 1.6 415.0 5.07 1.74 0.99 0.0 0.0 2 2 2 0 0 2 2 1 1.0 1.61 -8.0 1.6 1.6 1.6 1.6 1.6 1.6 0.07 0.028 0.224 0.017 0.009 0.03 0 0 0 0 0 0
1970-06-11T04:30:00 1970 6 11 4 30 0 -3.2 3.2 415.0 5.07 1.74 0.41 0.0 0.0 2 2 2 0 0 2 2 1 1.0 1.49 -6.0 3.2 3.2 3.2 3.2 3.2 3.2 0.047 0.014 0.218 0.009 0.003 0.012 0 0 0 0 0 0
1970-06-11T05:30:00 1970 6 11 5 30 0 -3.0 0.5 415.0 5.07 1.74 0.41 0.0 0.0 2 2 2 0 0 2 2 1 1.0 1.44 -4.0 0.5 0.5 0.5 0.5 0.5 0.5 0.032 0.007 0.211 0.005 0.001 0.005 0 0 0 0 0 0
1970-06-11T06:30:00 1970 6 11 6 30 0 -4.8 0.5 411.6 5.07 1.74 1.11 0.0 0.0 2 2 1 0 0 2 2 1 0.7 1.36 -2.0 0.5 0.5 0.5 0.5 0.5 0.5 0.022 0.003 0.205 0.003 0.0 0.002 0 0 0 0 0 0
1970-06-11T07:30:00 1970 6 11 7 30 0 -3.5 1.4 408.3 5.07 1.74 1.0 0.0 0.0 2 2 1 0 0 2 2 1 0.7 1.28 -4.0 1.4 1.4 1.4 1.4 1.4 1.4 0.015 0.002 0.198 0.002 0.0 0.001 0 0 0 0 0 0
1970-06-11T08:30:00 1970 6 11 8 30 0 -4.0 2.5 404.9 5.07 1.74 0.58 0.0 0.0 2 2 1 0 0 2 2 1 0.7 1.12 -3.0 2.5 2.5 2.5 2.5 2.5 2.5 0.01 0.001 0.192 0.001 0.0 0.0 0 0 0 0 0 0
1970-06-11T09:30:00 1970 6 11 9 30 0 -4.0 2.5 401.5 5.07 1.74 0.57 0.0 0.0 2 2 1 0 0 2 2 1 0.3 0.91 -1.0 2.5 2.5 2.5 2.5 2.5 2.5 0.007 0.0 0.186 0.001 0.0 0.0 0 0 0 0 0 0
1970-06-11T10:30:00 1970 6 11 10 30 0 -3.7 2.1 398.2 5.07 1.74 0.54 0.0 0.0 2 2 1 0 0 2 2 1 0.3 0.7 0.0 2.1 2.1 2.1 2.1 2.1 2.1 0.005 0.0 0.181 0.0 0.0 0.0 0 0 0 0 0 0
1970-06-11T11:30:00 1970 6 11 11 30 0 -3.9 2.9 394.8 5.07 1.74 0.49 0.0 0.0 2 2 1 0 0 2 2 1 0.3 0.62 3.0 2.9 2.9 2.9 2.9 2.9 2.9 0.003 0.0 0.175 0.0 0.0 0.0 0 0 0 0 0 0
1970-06-11T12:30:00 1970 6 11 12 30 0 -4.4 2.3 391.4 5.07 1.74 0.61 0.0 0.0 1 1 1 0 0 1 1 1 0.7 0.58 3.0 2.3 2.3 2.3 2.3 2.3 2.3 0.002 0.0 0.17 0.0 0.0 0.0 0 0 0 0 0 0
1970-06-11T13:30:00 1970 6 11 13 30 0 -4.9 1.7 388.1 5.07 1.74 0.94 0.0 0.0 2 2 1 0 0 2 2 1 0.7 0.55 6.0 1.7 1.7 1.7 1.7 1.7 1.7 0.001 0.0 0.165 0.0 0.0 0.0 0 0 0 0 0 0
1970-06-11T14:30:00 1970 6 11 14 30 0 -5.2 1.0 384.7 5.07 1.74 1.34 0.0 0.0 2 2 1 0 0 2 2 1 0.7 0.55 9.0 1.0 1.0 1.0 1.0 1.0 1.0 0.001 0.0 0.16 0.0 0.0 0.0 0 0 0 0 0 0
1970-06-11T15:30:00 1970 6 11 15 30 0 -4.4 0.2 381.3 5.07 1.74 1.44 0.0 0.0 2 2 1 0 0 2 2 1 1.7 0.68 8.0 0.2 0.2 0.2 0.2 0.2 0.2 0.001 0.0 0.155 0.0 0.0 0.0 0 0 0 0 0 0
1970-06-11T16:30:00 1970 6 11 16 30 0 -4.2 -2.2 377.9 5.07 1.74 2.13 2.08 1.06 2 2 1 0 0 2 2 1 1.7 0.82 6.0 -2.2 -2.2 -2.2 -2.2 -2.2 -2.2 0.112 0.235 0.156 0.1 0.302 0.333 0 0 0 0 0 0
1970-06-11T17:30:00 1970 6 11 17 30 0 -4.0 -3.1 374.6 5.07 1.74 3.43 5.05 2.56 2 2 1 0 0 2 2 1 1.7 0.99 4.0 -3.1 -3.1 -3.1 -3.1 -3.1 -3.1 0.284 0.497 0.167 0.285 0.568 0.616 0 0 0 0 0 0
1970-06-11T18:30:00 1970 6 11 18 30 0 -5.5 0.4 371.2 5.07 1.74 2.6 2.33 1.18 2 2 1 0 0 2 2 1 2.0 1.21 -5.0 0.4 0.4 0.4 0.4 0.4 0.4 0.267 0.391 0.166 0.22 0.336 0.447 0 0 0 0 0 0
1970-06-11T19:30:00 1970 6 11 19 30 0 -4.7 0.5 367.8 5.07 1.74 1.63 0.0 0.0 2 2 1 0 0 2 2 1 2.0 1.42 -8.0 0.5 0.5 0.5 0.5 0.5 0.5 0.181 0.194 0.161 0.123 0.106 0.185 0 0 0 0 0 0
1970-06-11T20:30:00 1970 6 11 20 30 0 -2.7 3.1 364.5 5.07 1.74 0.55 0.0 0.0 2 2 1 0 0 2 2 1 2.0 1.58 -9.0 3.1 3.1 3.1 3.1 3.1 3.1 0.122 0.096 0.156 0.069 0.034 0.077 0 0 0 0 0 0
1970-06-11T21:30:00 1970 6 11 21 30 0 -3.7 1.9 361.1 5.07 1.74 0.31 0.0 0.0 2 2 1 0 0 2 2 1 1.0 1.6 -7.0 1.9 1.9 1.9 1.9 1.9 1.9 0.083 0.048 0.151 0.039 0.011 0.032 0 0 0 0 0 0
1970-06-11T22:30:00 1970 6 11 22 30 0 -3.2 1.2 357.7 5.07 1.74 0.47 0.0 0.0 2 2 1 0 0 2 2 1 1.0 1.63 -5.0 1.2 1.2 1.2 1.2 1.2 1.2 0.056 0.024 0.147 0.022 0.003 0.013 0 0 0 0 0 0
1970-06-11T23:30:00 1970 6 11 23 30 0 -3.0 1.0 354.4 5.07 1.74 0.43 0.0 0.0 2 2 1 0 0 2 2 1 1.0 1.54 -5.0 1.0 1.0 1.0 1.0 1.0 1.0 0.038 0.012 0.142 0.012 0.001 0.005 0 0 0 0 0 0
