1970-12-16T00:30:00 1970 12 16 0 30 0 -3.0 -2.7 538.0 5.42 1.85 2.48 4.3 2.33 2 2 1 0 0 2 2 1 1.7 1.47 -52.0 -2.7 -2.7 -2.7 -2.7 -2.7 -2.7 0.367 0.476 0.4 0.32 0.824 1.365 0 0 0 0 0 0
1970-12-16T01:30:00 1970 12 16 1 30 0 -2.9 -2.4 538.0 5.42 1.85 3.48 6.83 3.7 2 2 1 0 0 2 2 1 1.7 1.4 -53.0 -2.4 -2.4 -2.4 -2.4 -2.4 -2.4 0.508 0.623 0.419 0.498 1.049 1.722 0 0 0 0 0 0
1970-12-16T02:30:00 1970 12 16 2 30 0 -3.2 -1.4 538.0 5.42 1.84 2.64 5.0 2.71 2 2 1 0 0 2 2 1 1.7 1.46 -52.0 -1.4 -1.4 -1.4 -1.4 -1.4 -1.4 0.534 0.61 0.427 0.478 0.933 1.657 0 0 0 0 0 0
1970-12-16T03:30:00 1970 12 16 3 30 0 -3.2 -2.0 538.0 5.42 1.84 2.59 4.64 2.52 2 2 1 0 0 2 2 1 0.7 1.37 -50.0 -2.0 -2.0 -2.0 -2.0 -2.0 -2.0 0.556 0.614 0.434 0.477 0.932 1.664 0 0 0 0 0 0
1970-12-16T04:30:00 1970 12 16 4 30 0 -3.2 -1.7 538.0 5.42 1.84 2.72 4.94 2.68 2 2 1 0 0 2 2 1 0.7 1.29 -47.0 -1.7 -1.7 -1.7 -1.7 -1.7 -1.7 0.571 0.615 0.441 0.476 0.922 1.661 0 0 0 0 0 0
1970-12-16T05:30:00 1970 12 16 5 30 0 -3.4 -1.4 538.0 5.42 1.84 2.46 4.14 2.24 2 2 1 0 0 2 2 1 0.7 1.22 -46.0 -1.4 -1.4 -1.4 -1.4 -1.4 -1.4 0.554 0.58 0.444 0.431 0.844 1.569 0 0 0 0 0 0
1970-12-16T06:30:00 1970 12 16 6 30 0 -4.2 -0.7 535.6 5.42 1.84 2.4 2.74 1.49 2 2 1 0 0 2 2 1 0.7 1.14 -46.0 -0.7 -0.7 -0.7 -0.7 -0.7 -0.7 0.485 0.485 0.439 0.331 0.655 1.322 0 0 0 0 0 0
1970-12-16T07:30:00 1970 12 16 7 30 0 -4.6 0.4 530.9 5.42 1.84 2.15 0.52 0.28 2 2 1 0 0 2 2 1 0.7 1.06 -43.0 0.4 0.4 0.4 0.4 0.4 0.4 0.346 0.277 0.427 0.194 0.266 0.682 0 0 0 0 0 0
1970-12-16T08:30:00 1970 12 16 8 30 0 -4.0 0.7 526.2 5.42 1.84 1.59 0.0 0.0 2 2 1 0 0 2 2 1 0.7 0.94 -41.0 0.7 0.7 0.7 0.7 0.7 0.7 0.234 0.137 0.414 0.108 0.084 0.283 0 0 0 0 0 0
1970-12-16T09:30:00 1970 12 16 9 30 0 -3.3 0.8 521.5 5.42 1.84 1.03 0.0 0.0 2 2 1 0 0 2 2 1 0.7 0.82 -40.0 0.8 0.8 0.8 0.8 0.8 0.8 0.158 0.068 0.401 0.061 0.027 0.117 0 0 0 0 0 0
1970-12-16T10:30:00 1970 12 16 10 30 0 -3.0 0.0 516.8 5.41 1.84 0.89 0.0 0.0 2 2 1 0 0 2 2 1 0.7 0.7 -43.0 0.0 0.0 0.0 0.0 0.0 0.0 0.107 0.034 0.389 0.034 0.008 0.049 0 0 0 0 0 0
1970-12-16T11:30:00 1970 12 16 11 30 0 -3.3 -0.7 512.0 5.41 1.84 1.27 0.97 0.53 2 2 1 0 0 2 2 1 0.7 0.7 -42.0 -0.7 -0.7 -0.7 -0.7 -0.7 -0.7 0.129 0.14 0.38 0.055 0.239 0.443 0 0 0 0 0 0
1970-12-16T12:30:00 1970 12 16 12 30 0 -4.0 -1.0 507.3 5.41 1.84 2.01 2.2 1.19 2 2 1 0 0 2 2 1 0.3 0.65 -40.0 -1.0 -1.0 -1.0 -1.0 -1.0 -1.0 0.189 0.263 0.375 0.11 0.436 0.773 0 0 0 0 0 0
1970-12-16T13:30:00 1970 12 16 13 30 0 -3.5 -1.2 502.6 5.41 1.84 2.24 2.8 1.51 2 2 1 0 0 2 2 1 0.3 0.6 -42.0 -1.2 -1.2 -1.2 -1.2 -1.2 -1.2 0.251 0.356 0.373 0.168 0.553 0.972 0 0 0 0 0 0
1970-12-16T14:30:00 1970 12 16 14 30 0 -3.0 -1.9 497.9 5.41 1.84 2.27 3.95 2.14 2 2 1 0 0 2 2 1 0.3 0.54 -43.0 -1.9 -1.9 -1.9 -1.9 -1.9 -1.9 0.341 0.468 0.377 0.267 0.711 1.185 0 0 0 0 0 0
1970-12-16T15:30:00 1970 12 16 15 30 0 -2.89 -1.59 493.2 5.41 1.84 2.18 4.29 2.32 1 1 1 0 0 1 1 1 0.7 0.55 -45.0 -1.74 -1.7 -1.81 -1.81 -1.7 -1.66 0.413 0.534 0.383 0.342 0.767 1.269 0 0 0 0 0 0
1970-12-16T16:30:00 1970 12 16 16 30 0 -2.65 -0.69 488.5 5.41 1.84 1.45 2.71 1.46 1 1 1 0 0 1 1 1 0.7 0.55 -44.0 -1.28 -1.11 -1.58 -1.56 -1.13 -0.97 0.428 0.51 0.386 0.357 0.674 1.145 0 0 0 0 0 0
1970-12-16T17:30:00 1970 12 16 17 30 0 -2.41 -1.75 483.8 5.41 1.84 1.41 3.07 1.66 1 1 1 0 0 1 1 1 0.7 0.55 -41.0 -1.9 -1.86 -1.97 -1.97 -1.86 -1.82 0.459 0.536 0.391 0.388 0.715 1.175 0 0 0 0 0 0
1970-12-16T18:30:00 1970 12 16 18 30 0 -2.3 -2.1 479.1 5.41 1.84 1.92 4.67 2.52 2 2 1 0 0 2 2 1 0.7 0.55 -38.0 -2.1 -2.1 -2.1 -2.1 -2.1 -2.1 0.509 0.595 0.397 0.432 0.798 1.273 0 0 0 0 0 0
1970-12-16T19:30:00 1970 12 16 19 30 0 -2.9 -1.6 474.3 5.41 1.84 1.97 4.36 2.36 2 2 1 0 0 2 2 1 0.7 0.56 -38.0 -1.6 -1.6 -1.6 -1.6 -1.6 -1.6 0.519 0.594 0.4 0.417 0.758 1.24 0 0 0 0 0 0
1970-12-16T20:30:00 1970 12 16 20 30 0 -1.9 -2.0 469.6 5.41 1.84 1.77 4.28 2.32 2 2 1 0 0 2 2 1 0.7 0.6 -39.0 -2.0 -2.0 -2.0 -2.0 -2.0 -2.0 0.532 0.606 0.404 0.419 0.765 1.235 0 0 0 0 0 0
1970-12-16T21:30:00 1970 12 16 21 30 0 -1.1 -1.5 464.9 5.4 1.84 1.19 4.04 2.18 2 2 1 0 0 2 2 1 1.3 0.73 -38.0 -1.5 -1.5 -1.5 -1.5 -1.5 -1.5 0.523 0.587 0.405 0.392 0.712 1.169 0 0 0 0 0 0
1970-12-16T22:30:00 1970 12 16 22 30 0 -0.6 -2.7 460.2 5.4 1.84 1.41 4.97 2.68 2 2 1 0 0 2 2 1 1.3 0.86 -40.0 -2.7 -2.7 -2.7 -2.7 -2.7 -2.7 0.566 0.648 0.412 0.457 0.817 1.252 0 0 0 0 0 0
1970-12-16T23:30:00 1970 12 16 23 30 0 -1.9 -2.8 455.5 5.4 1.84 2.31 6.3 3.4 2 2 1 0 0 2 2 1 1.3 0.93 -44.0 -2.8 -2.8 -2.8 -2.8 -2.8 -2.8 0.632 0.723 0.424 0.552 0.911 1.341 0 0 0 0 0 0
