1970-02-21T00:30:00 1970 2 21 0 30 0 0.2 2.02 324.0 4.1 0.86 0.0 0.0 0.0 1 1 2 2 2 1 2 2 0.3 0.68 5.0 1.8 1.85 1.69 1.69 1.85 1.89 0.12 0.094 0.148 0.087 0.042 0.044 0 0 0 0 1 0
1970-02-21T01:30:00 1970 2 21 1 30 0 0.2 2.4 324.0 4.1 0.86 0.0 0.0 0.0 2 2 2 2 2 2 2 2 0.3 0.6 6.0 2.4 2.4 2.4 2.4 2.4 2.4 0.081 0.046 0.143 0.048 0.013 0.018 0 0 0 0 1 0
1970-02-21T02:30:00 1970 2 21 2 30 0 2.6 2.2 324.0 4.1 0.86 0.05 0.0 0.0 2 2 2 2 2 2 2 2 0.3 0.54 8.0 2.2 2.2 2.2 2.2 2.2 2.2 0.055 0.023 0.139 0.027 0.004 0.008 0 0 0 0 1 0
1970-02-21T03:30:00 1970 2 21 3 30 0 3.1 0.8 342.0 4.6 1.08 0.3 0.0 0.0 2 2 2 2 2 2 2 2 0.0 0.46 9.0 0.8 0.8 0.8 0.8 0.8 0.8 0.037 0.011 0.134 0.015 0.001 0.003 0 0 0 0 1 0
1970-02-21T04:30:00 1970 2 21 4 30 0 2.8 0.3 342.0 4.6 1.08 0.47 0.0 0.0 2 2 2 2 2 2 2 2 0.0 0.37 8.0 0.3 0.3 0.3 0.3 0.3 0.3 0.025 0.006 0.13 0.009 0.0 0.001 0 0 0 0 1 0
1970-02-21T05:30:00 1970 2 21 5 30 0 3.8 0.4 342.0 4.6 1.08 0.67 0.0 0.0 2 2 2 2 2 2 2 2 0.0 0.28 6.0 0.4 0.4 0.4 0.4 0.4 0.4 0.017 0.003 0.126 0.005 0.0 0.001 0 0 0 0 1 0
1970-02-21T06:30:00 1970 2 21 6 30 0 3.7 1.5 326.0 4.3 0.91 0.65 0.0 0.0 2 2 2 2 2 2 2 2 0.7 0.29 4.0 1.5 1.5 1.5 1.5 1.5 1.5 0.012 0.001 0.123 0.003 0.0 0.0 0 0 0 0 1 0
1970-02-21T07:30:00 1970 2 21 7 30 0 4.2 -0.1 334.0 3.9 0.87 0.85 0.01 0.01 2 2 2 2 2 2 2 2 0.7 0.29 5.0 -0.1 -0.1 -0.1 -0.1 -0.1 -0.1 0.011 0.012 0.119 0.002 0.013 0.015 1 2 0 1 2 2
1970-02-21T08:30:00 1970 2 21 8 30 0 2.0 1.2 319.0 4.2 0.85 0.51 0.0 0.0 2 2 2 2 2 2 2 2 0.7 0.34 6.0 1.2 1.2 1.2 1.2 1.2 1.2 0.007 0.006 0.115 0.001 0.004 0.006 1 2 0 1 2 2
1970-02-21T09:30:00 1970 2 21 9 30 0 -1.0 1.3 317.0 2.9 0.58 0.02 0.0 0.0 2 2 2 2 2 2 2 2 1.0 0.43 7.0 1.3 1.3 1.3 1.3 1.3 1.3 0.005 0.003 0.112 0.001 0.001 0.003 1 2 0 1 2 2
1970-02-21T10:30:00 1970 2 21 10 30 0 -1.5 0.1 331.0 3.3 0.72 0.07 0.0 0.0 2 2 2 2 2 2 2 2 1.0 0.52 8.0 0.1 0.1 0.1 0.1 0.1 0.1 0.003 0.001 0.108 0.0 0.0 0.001 1 2 0 1 2 2
1970-02-21T11:30:00 1970 2 21 11 30 0 1.7 1.5 331.0 3.3 0.72 0.03 0.0 0.0 2 2 2 2 2 2 2 2 1.0 0.65 7.0 1.5 1.5 1.5 1.5 1.5 1.5 0.002 0.001 0.105 0.0 0.0 0.0 1 2 0 1 2 2
1970-02-21T12:30:00 1970 2 21 12 30 0 2.3 1.0 354.0 3.4 0.85 0.14 0.0 0.0 2 2 2 2 2 2 2 2 0.3 0.68 6.0 1.0 1.0 1.0 1.0 1.0 1.0 0.002 0.0 0.102 0.0 0.0 0.0 1 2 0 1 2 2
1970-02-21T13:30:00 1970 2 21 13 30 0 2.6 1.2 354.0 3.4 0.85 0.24 0.0 0.0 2 2 2 2 2 2 2 2 0.3 0.71 5.0 1.2 1.2 1.2 1.2 1.2 1.2 0.001 0.0 0.099 0.0 0.0 0.0 1 2 0 1 2 2
1970-02-21T14:30:00 1970 2 21 14 30 0 2.8 2.0 354.0 3.4 0.85 0.24 0.0 0.0 2 2 2 2 2 2 2 2 0.3 0.66 3.0 2.0 2.0 2.0 2.0 2.0 2.0 0.001 0.0 0.096 0.0 0.0 0.0 1 2 0 1 2 2
1970-02-21T15:30:00 1970 2 21 15 30 0 1.2 1.4 331.0 2.3 0.5 0.1 0.0 0.0 2 2 2 2 2 2 2 2 0.3 0.6 3.0 1.4 1.4 1.4 1.4 1.4 1.4 0.0 0.0 0.093 0.0 0.0 0.0 1 2 0 1 2 2
1970-02-21T16:30:00 1970 2 21 16 30 0 0.7 1.7 328.0 2.3 0.49 0.01 0.0 0.0 2 2 2 2 2 2 2 2 0.3 0.55 2.0 1.7 1.7 1.7 1.7 1.7 1.7 0.0 0.0 0.09 0.0 0.0 0.0 1 2 0 1 2 2
1970-02-21T17:30:00 1970 2 21 17 30 0 1.7 0.7 357.0 3.4 0.87 0.05 0.0 0.0 2 2 2 2 2 2 2 2 0.3 0.47 2.0 0.7 0.7 0.7 0.7 0.7 0.7 0.0 0.0 0.087 0.0 0.0 0.0 1 2 0 1 2 2
1970-02-21T18:30:00 1970 2 21 18 30 0 2.7 1.2 371.0 3.2 0.88 0.22 0.0 0.0 2 2 2 2 2 2 2 2 0.7 0.44 4.0 1.2 1.2 1.2 1.2 1.2 1.2 0.0 0.0 0.085 0.0 0.0 0.0 1 2 0 1 2 2
1970-02-21T19:30:00 1970 2 21 19 30 0 1.6 2.1 371.0 3.2 0.88 0.14 0.0 0.0 2 2 2 2 2 2 2 2 0.7 0.4 3.0 2.1 2.1 2.1 2.1 2.1 2.1 0.0 0.0 0.082 0.0 0.0 0.0 1 2 0 1 2 2
1970-02-21T20:30:00 1970 2 21 20 30 0 2.0 -0.2 362.0 2.0 0.52 0.16 0.03 0.01 2 2 2 2 2 2 2 2 0.7 0.46 4.0 -0.2 -0.2 -0.2 -0.2 -0.2 -0.2 0.004 0.013 0.079 0.002 0.018 0.011 2 2 0 2 2 2
1970-02-21T21:30:00 1970 2 21 21 30 0 1.3 0.7 376.0 3.4 0.96 0.17 0.03 0.01 2 2 2 2 2 2 2 2 0.3 0.45 7.0 0.7 0.7 0.7 0.7 0.7 0.7 0.003 0.007 0.077 0.001 0.006 0.005 2 2 0 2 2 2
1970-02-21T22:30:00 1970 2 21 22 30 0 -0.6 0.4 376.0 3.4 0.96 0.01 0.0 0.0 2 2 2 2 2 2 2 2 0.3 0.45 7.0 0.4 0.4 0.4 0.4 0.4 0.4 0.002 0.003 0.075 0.0 0.002 0.002 2 2 0 2 2 2
1970-02-21T23:30:00 1970 2 21 23 30 0 -2.1 -0.1 376.0 3.4 0.96 0.16 0.03 0.01 2 2 2 2 2 2 2 2 0.3 0.45 7.0 -0.1 -0.1 -0.1 -0.1 -0.1 -0.1 0.004 0.012 0.072 0.001 0.015 0.017 2 2 0 2 2 2
