1977-03-09T00:30:00 1977 3 9 0 30 0 -5.4 -0.5 546.0 6.4 3.82 5.18 0.84 0.54 1 1 2 2 2 1 2 2 3.7 3.74 -31.0 -0.5 -0.5 -0.5 -0.5 -0.5 -0.5 0.632 0.517 0.317 0.552 0.499 1.38 2 2 2 2 2 2
1977-03-09T01:30:00 1977 3 9 1 30 0 -2.0 -0.9 544.0 6.7 3.97 1.98 1.95 1.28 2 2 2 2 2 2 2 2 3.7 3.82 -26.0 -0.9 -0.9 -0.9 -0.9 -0.9 -0.9 0.529 0.45 0.314 0.386 0.551 1.4 2 2 2 2 2 2
1977-03-09T02:30:00 1977 3 9 2 30 0 -3.7 0.6 551.0 6.3 3.83 1.03 0.64 0.42 2 2 2 2 2 2 2 2 3.7 3.9 -24.0 0.6 0.6 0.6 0.6 0.6 0.6 0.379 0.266 0.306 0.228 0.246 0.773 2 2 2 2 2 2
1977-03-09T03:30:00 1977 3 9 3 30 0 0.4 -0.8 549.0 5.7 3.44 0.42 0.72 0.42 2 2 2 2 2 2 2 2 4.0 4.02 -25.0 -0.8 -0.8 -0.8 -0.8 -0.8 -0.8 0.306 0.236 0.3 0.162 0.307 0.762 2 2 2 2 2 2
1977-03-09T04:30:00 1977 3 9 4 30 0 -2.6 -1.9 568.0 5.5 3.54 1.1 3.91 2.18 2 2 2 2 2 2 2 2 4.0 4.14 -24.0 -1.9 -1.9 -1.9 -1.9 -1.9 -1.9 0.383 0.402 0.308 0.274 0.722 1.349 2 2 2 2 2 2
1977-03-09T05:30:00 1977 3 9 5 30 0 -2.3 -2.7 585.0 5.4 3.64 2.96 6.74 3.67 2 2 2 2 2 2 2 2 4.0 4.06 -25.0 -2.7 -2.7 -2.7 -2.7 -2.7 -2.7 0.527 0.586 0.334 0.493 1.114 1.934 2 2 2 2 2 2
1977-03-09T06:30:00 1977 3 9 6 30 0 -2.2 -0.7 591.0 4.5 3.06 1.95 4.75 2.38 2 2 2 2 2 2 2 2 4.7 4.06 -28.0 -0.7 -0.7 -0.7 -0.7 -0.7 -0.7 0.516 0.533 0.343 0.437 0.889 1.665 2 2 2 2 2 2
1977-03-09T07:30:00 1977 3 9 7 30 0 -2.3 0.6 601.0 4.5 3.2 0.65 0.48 0.21 2 2 2 2 2 2 2 2 4.7 4.07 -20.0 0.6 0.6 0.6 0.6 0.6 0.6 0.362 0.29 0.333 0.251 0.329 0.796 2 2 2 2 2 2
1977-03-09T08:30:00 1977 3 9 8 30 0 -1.5 -1.0 585.0 4.3 2.94 0.57 1.05 0.45 2 2 2 2 2 2 2 2 4.7 4.2 -17.0 -1.0 -1.0 -1.0 -1.0 -1.0 -1.0 0.304 0.256 0.327 0.187 0.38 0.75 2 2 2 2 2 2
1977-03-09T09:30:00 1977 3 9 9 30 0 -1.9 1.7 559.0 3.7 2.31 0.3 0.42 0.18 2 2 2 2 2 2 2 2 4.3 4.27 -24.0 1.7 1.7 1.7 1.7 1.7 1.7 0.215 0.144 0.318 0.109 0.15 0.369 2 2 2 2 2 2
1977-03-09T10:30:00 1977 3 9 10 30 0 -2.3 1.6 592.0 4.2 2.95 0.21 0.0 0.0 2 2 2 2 2 2 2 2 4.3 4.34 -25.0 1.6 1.6 1.6 1.6 1.6 1.6 0.146 0.071 0.308 0.061 0.048 0.153 2 2 2 2 2 2
1977-03-09T11:30:00 1977 3 9 11 30 0 -4.2 -4.1 637.0 4.2 3.29 3.62 5.18 2.17 2 2 2 2 2 2 2 2 4.3 4.38 -18.0 -4.1 -4.1 -4.1 -4.1 -4.1 -4.1 0.325 0.342 0.334 0.372 0.868 1.12 2 2 2 2 2 2
1977-03-09T12:30:00 1977 3 9 12 30 0 -5.2 -3.7 622.0 4.3 3.21 9.46 12.21 5.19 2 2 2 2 2 2 2 2 5.3 4.54 -23.0 -3.7 -3.7 -3.7 -3.7 -3.7 -3.7 0.608 0.644 0.396 0.814 1.499 2.002 2 2 2 2 2 2
1977-03-09T13:30:00 1977 3 9 13 30 0 -5.0 -0.2 590.0 4.4 3.4 5.55 5.5 2.39 2 2 2 2 2 2 2 2 5.3 4.71 -31.0 -0.2 -0.2 -0.2 -0.2 -0.2 -0.2 0.565 0.536 0.406 0.625 0.961 1.566 2 2 2 2 2 2
1977-03-09T14:30:00 1977 3 9 14 30 0 -4.2 1.8 580.0 5.0 3.36 1.89 0.01 0.0 2 2 2 2 2 2 2 2 5.3 4.78 -26.0 1.8 1.8 1.8 1.8 1.8 1.8 0.383 0.266 0.393 0.35 0.304 0.65 2 2 2 2 2 2
1977-03-09T15:30:00 1977 3 9 15 30 0 -4.6 -0.4 558.0 4.7 3.07 1.86 0.15 0.07 2 2 2 2 2 2 2 2 5.0 4.82 -20.0 -0.4 -0.4 -0.4 -0.4 -0.4 -0.4 0.274 0.166 0.382 0.205 0.178 0.404 2 2 2 2 2 2
1977-03-09T16:30:00 1977 3 9 16 30 0 -4.6 -6.3 588.0 5.3 3.48 8.49 10.4 5.31 2 2 2 2 2 2 2 2 5.0 4.86 -21.0 -6.3 -6.3 -6.3 -6.3 -6.3 -6.3 0.612 0.633 0.444 0.84 1.375 1.911 2 2 2 2 2 2
1977-03-09T17:30:00 1977 3 9 17 30 0 -7.1 1.0 540.0 4.2 2.43 7.85 7.05 3.49 2 2 2 2 2 2 2 2 5.0 4.94 -33.0 1.0 1.0 1.0 1.0 1.0 1.0 0.597 0.551 0.46 0.71 0.903 1.476 2 2 2 2 2 2
1977-03-09T18:30:00 1977 3 9 18 30 0 -4.3 5.5 540.0 4.6 2.64 1.68 0.0 0.0 2 2 2 2 2 2 2 2 4.0 4.9 -29.0 5.5 5.5 5.5 5.5 5.5 5.5 0.404 0.274 0.446 0.398 0.286 0.612 2 2 2 2 2 2
1977-03-09T19:30:00 1977 3 9 19 30 0 -5.9 -2.3 555.0 5.5 3.42 2.66 1.22 0.66 2 2 2 2 2 2 2 2 4.0 4.85 -21.0 -2.3 -2.3 -2.3 -2.3 -2.3 -2.3 0.358 0.282 0.441 0.321 0.437 0.778 2 2 2 2 2 2
1977-03-09T20:30:00 1977 3 9 20 30 0 -2.2 -3.6 563.0 5.9 3.81 5.58 8.41 4.82 2 2 2 2 2 2 2 2 4.0 4.68 -24.0 -3.6 -3.6 -3.6 -3.6 -3.6 -3.6 0.578 0.611 0.475 0.65 1.173 1.905 2 2 2 2 2 2
1977-03-09T21:30:00 1977 3 9 21 30 0 -2.6 -2.5 561.0 5.5 3.46 4.02 8.44 4.81 2 2 2 2 2 2 2 2 5.3 4.69 -34.0 -2.5 -2.5 -2.5 -2.5 -2.5 -2.5 0.7 0.737 0.504 0.772 1.304 2.23 2 2 2 2 2 2
1977-03-09T22:30:00 1977 3 9 22 30 0 -3.9 -3.8 606.0 4.7 3.38 5.51 9.4 4.73 2 2 2 2 2 2 2 2 5.3 4.7 -37.0 -3.8 -3.8 -3.8 -3.8 -3.8 -3.8 0.822 0.827 0.543 0.942 1.517 2.445 2 2 2 2 2 2
1977-03-09T23:30:00 1977 3 9 23 30 0 -3.6 -2.3 613.0 3.1 2.26 5.75 9.1 3.55 2 2 2 2 2 2 2 2 5.3 4.74 -45.0 -2.3 -2.3 -2.3 -2.3 -2.3 -2.3 0.831 0.764 0.57 0.896 1.348 1.998 2 2 2 2 2 2
