1977-06-14T00:30:00 1977 6 14 0 30 0 0.97 0.56 355.0 7.52 2.41 0.03 0.0 0.0 0 0 1 0 0 0 1 0 4.0 2.53 -7.0 -0.58 -0.4 -0.93 -0.91 -0.42 -0.27 0.183 0.243 0.109 0.134 0.199 0.343 0 0 0 0 0 0
1977-06-14T01:30:00 1977 6 14 1 30 0 0.97 0.56 352.2 7.51 2.41 0.03 0.0 0.0 0 0 1 0 0 0 1 0 4.0 2.9 -8.0 -0.58 -0.4 -0.93 -0.91 -0.42 -0.27 0.183 0.243 0.109 0.134 0.198 0.34 0 0 0 0 0 0
1977-06-14T02:30:00 1977 6 14 2 30 0 0.96 0.56 349.4 7.51 2.41 0.03 0.0 0.0 0 0 1 0 0 0 1 0 4.0 3.15 -14.0 -0.58 -0.4 -0.93 -0.91 -0.42 -0.27 0.183 0.242 0.109 0.133 0.195 0.334 0 0 0 0 0 0
1977-06-14T03:30:00 1977 6 14 3 30 0 0.96 0.56 348.0 7.51 2.41 0.03 0.0 0.0 0 0 1 0 0 0 1 0 2.7 3.22 -20.0 -0.58 -0.4 -0.93 -0.91 -0.42 -0.27 0.182 0.242 0.11 0.132 0.194 0.33 0 0 0 0 0 0
1977-06-14T04:30:00 1977 6 14 4 30 0 0.96 0.56 348.0 7.51 2.41 0.03 0.0 0.0 0 0 1 0 0 0 1 0 2.7 3.3 -24.0 -0.58 -0.4 -0.94 -0.91 -0.42 -0.27 0.182 0.242 0.11 0.132 0.193 0.327 0 0 0 0 0 0
1977-06-14T05:30:00 1977 6 14 5 30 0 0.96 0.56 348.0 7.51 2.41 0.03 0.0 0.0 0 0 1 0 0 0 1 0 2.7 3.26 -24.0 -0.58 -0.4 -0.94 -0.91 -0.42 -0.27 0.181 0.242 0.11 0.131 0.193 0.326 0 0 0 0 0 0
1977-06-14T06:30:00 1977 6 14 6 30 0 0.96 0.56 348.0 7.51 2.41 0.03 0.0 0.0 0 0 1 0 0 0 1 0 2.0 3.12 -21.0 -0.58 -0.4 -0.94 -0.91 -0.42 -0.27 0.181 0.242 0.11 0.131 0.192 0.326 0 0 0 0 0 0
1977-06-14T07:30:00 1977 6 14 7 30 0 0.96 0.56 348.0 7.5 2.41 0.03 0.0 0.0 0 0 1 0 0 0 1 0 2.0 2.99 -16.0 -0.58 -0.4 -0.94 -0.91 -0.42 -0.27 0.181 0.242 0.11 0.131 0.192 0.326 0 0 0 0 0 0
1977-06-14T08:30:00 1977 6 14 8 30 0 0.96 0.56 348.0 7.5 2.41 0.03 0.0 0.0 0 0 1 0 0 0 1 0 2.0 2.74 -15.0 -0.58 -0.4 -0.94 -0.92 -0.42 -0.27 0.181 0.242 0.111 0.131 0.192 0.325 0 0 0 0 0 0
1977-06-14T09:30:00 1977 6 14 9 30 0 0.96 0.56 348.0 7.5 2.41 0.03 0.0 0.0 0 0 1 0 0 0 1 0 1.3 2.4 -13.0 -0.58 -0.4 -0.94 -0.92 -0.42 -0.27 0.181 0.242 0.111 0.132 0.192 0.325 0 0 0 0 0 0
1977-06-14T10:30:00 1977 6 14 10 30 0 0.96 0.56 348.0 7.39 2.41 0.03 0.0 0.0 0 0 1 1 0 0 1 1 1.3 2.07 -13.0 -0.58 -0.4 -0.94 -0.92 -0.42 -0.27 0.18 0.241 0.111 0.132 0.192 0.323 0 0 0 0 0 0
1977-06-14T11:30:00 1977 6 14 11 30 0 0.96 0.56 348.0 7.18 2.4 0.03 0.0 0.0 0 0 1 1 1 0 1 1 1.3 1.9 -14.0 -0.58 -0.4 -0.94 -0.92 -0.42 -0.27 0.18 0.24 0.111 0.131 0.19 0.316 0 0 0 0 0 0
1977-06-14T12:30:00 1977 6 14 12 30 0 0.41 0.56 348.0 6.97 2.13 0.01 0.0 0.0 1 0 1 1 1 1 1 1 1.3 1.72 -13.0 -0.58 -0.4 -0.94 -0.92 -0.42 -0.27 0.179 0.237 0.111 0.13 0.188 0.306 0 0 0 0 0 0
1977-06-14T13:30:00 1977 6 14 13 30 0 -1.01 0.56 348.0 6.77 1.85 0.01 0.0 0.0 1 0 1 1 1 1 1 1 1.3 1.55 -9.0 -0.58 -0.4 -0.94 -0.92 -0.42 -0.27 0.177 0.234 0.111 0.129 0.186 0.296 0 0 0 0 0 0
1977-06-14T14:30:00 1977 6 14 14 30 0 -2.43 0.66 348.0 6.6 1.58 0.15 0.0 0.0 1 1 1 1 1 1 1 1 1.3 1.47 -7.0 -0.34 -0.19 -0.65 -0.63 -0.2 -0.07 0.162 0.202 0.11 0.113 0.149 0.232 0 0 0 0 1 0
1977-06-14T15:30:00 1977 6 14 15 30 0 -3.2 1.16 348.0 6.6 1.49 0.37 0.0 0.0 1 1 1 1 1 1 1 1 0.7 1.3 -10.0 0.95 0.98 0.88 0.88 0.98 1.01 0.11 0.1 0.107 0.066 0.047 0.096 0 0 0 0 1 0
1977-06-14T16:30:00 1977 6 14 16 30 0 -3.2 1.3 348.0 6.6 1.49 0.43 0.0 0.0 2 2 2 2 2 2 2 2 0.7 1.14 -11.0 1.3 1.3 1.3 1.3 1.3 1.3 0.075 0.05 0.104 0.037 0.015 0.04 0 0 0 0 1 0
1977-06-14T17:30:00 1977 6 14 17 30 0 -3.2 1.16 346.0 7.1 1.54 0.43 0.0 0.0 1 1 2 2 2 1 2 2 0.7 1.07 -13.0 0.95 0.98 0.89 0.89 0.98 1.01 0.051 0.025 0.101 0.021 0.005 0.017 0 0 0 0 1 0
1977-06-14T18:30:00 1977 6 14 18 30 0 -2.43 0.66 351.0 7.6 1.69 0.36 0.0 0.0 1 1 2 2 2 1 2 2 1.7 1.12 -14.0 -0.34 -0.18 -0.65 -0.63 -0.2 -0.07 0.046 0.035 0.098 0.026 0.031 0.039 0 1 0 1 1 1
1977-06-14T19:30:00 1977 6 14 19 30 0 -1.66 0.56 353.0 5.0 1.2 0.2 0.0 0.0 1 0 2 2 2 1 1 1 1.7 1.18 -17.0 -0.59 -0.41 -0.94 -0.92 -0.42 -0.27 0.078 0.113 0.098 0.06 0.116 0.135 0 0 0 0 0 0
1977-06-14T20:30:00 1977 6 14 20 30 0 -1.93 0.56 361.0 5.5 1.36 0.16 0.0 0.0 1 0 2 2 2 1 1 1 1.7 1.23 -20.0 -0.59 -0.41 -0.94 -0.92 -0.42 -0.27 0.106 0.162 0.099 0.086 0.157 0.188 0 0 0 0 0 0
1977-06-14T21:30:00 1977 6 14 21 30 0 -3.09 0.34 341.0 5.3 1.19 0.38 0.0 0.0 1 1 2 2 2 1 2 2 2.0 1.32 -21.0 -0.66 -0.51 -0.97 -0.96 -0.52 -0.39 0.127 0.198 0.099 0.101 0.176 0.219 0 1 0 1 1 1
1977-06-14T22:30:00 1977 6 14 22 30 0 -4.0 -0.87 375.0 4.7 1.32 1.1 0.64 0.31 1 1 2 2 2 1 2 2 2.0 1.42 -16.0 -1.09 -1.05 -1.15 -1.15 -1.05 -1.03 0.164 0.268 0.1 0.121 0.257 0.312 1 1 0 1 1 1
1977-06-14T23:30:00 1977 6 14 23 30 0 -4.0 -1.2 344.0 5.6 1.24 1.72 1.87 0.98 2 2 2 2 2 2 2 2 2.0 1.58 -12.0 -1.2 -1.2 -1.2 -1.2 -1.2 -1.2 0.206 0.345 0.101 0.139 0.316 0.402 1 2 0 1 2 2
