1977-03-30T00:30:00 1977 3 30 0 30 0 -0.39 0.16 399.2 9.99 2.86 0.01 0.0 0.0 0 0 1 1 1 0 1 1 0.3 1.54 -12.0 -0.72 -0.52 -1.12 -1.09 -0.54 -0.37 0.252 0.332 0.211 0.21 0.322 0.816 0 0 0 0 0 0
1977-03-30T01:30:00 1977 3 30 1 30 0 -0.39 0.16 401.8 8.77 2.84 0.01 0.0 0.0 0 0 1 1 1 0 1 1 0.3 1.29 -8.0 -0.72 -0.52 -1.12 -1.09 -0.54 -0.37 0.256 0.328 0.211 0.212 0.315 0.747 0 0 0 0 0 0
1977-03-30T02:30:00 1977 3 30 2 30 0 -0.79 0.16 404.5 7.89 2.62 0.02 0.0 0.0 1 0 1 1 1 1 1 1 0.3 1.04 -5.0 -0.72 -0.52 -1.12 -1.09 -0.54 -0.37 0.255 0.318 0.211 0.209 0.305 0.668 0 0 0 0 0 0
1977-03-30T03:30:00 1977 3 30 3 30 0 -1.86 0.16 407.1 7.4 2.4 0.14 0.0 0.0 1 0 1 1 1 1 1 1 0.7 0.85 -4.0 -0.72 -0.52 -1.12 -1.09 -0.54 -0.37 0.253 0.308 0.211 0.206 0.297 0.606 0 0 0 0 0 0
1977-03-30T04:30:00 1977 3 30 4 30 0 -2.92 0.88 409.7 7.0 2.18 0.37 0.0 0.0 1 1 1 1 1 1 1 1 0.7 0.66 -4.0 0.11 0.29 -0.23 -0.21 0.27 0.42 0.196 0.185 0.207 0.149 0.132 0.288 0 0 0 0 0 0
1977-03-30T05:30:00 1977 3 30 5 30 0 -3.5 4.74 412.4 7.0 2.11 0.31 0.0 0.0 1 1 1 1 1 1 1 1 0.7 0.62 -4.0 4.58 4.62 4.5 4.51 4.61 4.64 0.133 0.092 0.201 0.083 0.042 0.12 0 0 0 0 0 0
1977-03-30T06:30:00 1977 3 30 6 30 0 -3.5 5.8 415.0 7.0 2.11 0.21 0.0 0.0 2 2 2 2 2 2 2 2 2.0 0.76 0.0 5.8 5.8 5.8 5.8 5.8 5.8 0.09 0.046 0.195 0.047 0.013 0.05 0 0 0 0 0 0
1977-03-30T07:30:00 1977 3 30 7 30 0 3.4 -1.3 434.0 8.5 2.9 0.32 0.38 0.32 2 2 2 2 2 2 2 2 2.0 0.89 -1.0 -1.3 -1.3 -1.3 -1.3 -1.3 -1.3 0.103 0.117 0.191 0.065 0.161 0.315 1 2 0 1 2 2
1977-03-30T08:30:00 1977 3 30 8 30 0 1.0 -1.4 440.0 8.2 2.86 1.13 2.96 2.47 2 2 2 2 2 2 2 2 2.0 1.11 -6.0 -1.4 -1.4 -1.4 -1.4 -1.4 -1.4 0.224 0.361 0.196 0.172 0.499 1.021 2 2 0 2 2 2
1977-03-30T09:30:00 1977 3 30 9 30 0 1.0 1.9 429.0 7.5 2.52 0.13 0.52 0.42 2 2 2 2 2 2 2 2 2.0 1.32 -4.0 1.9 1.9 1.9 1.9 1.9 1.9 0.167 0.211 0.191 0.105 0.195 0.517 2 2 0 2 2 2
1977-03-30T10:30:00 1977 3 30 10 30 0 3.2 0.9 423.0 7.2 2.31 0.24 0.0 0.0 2 2 2 2 2 2 2 2 2.0 1.53 -3.0 0.9 0.9 0.9 0.9 0.9 0.9 0.113 0.105 0.185 0.059 0.062 0.214 2 2 0 2 2 2
1977-03-30T11:30:00 1977 3 30 11 30 0 2.8 1.2 418.0 7.6 2.38 0.47 0.0 0.0 2 2 2 2 2 2 2 2 2.0 1.69 -1.0 1.2 1.2 1.2 1.2 1.2 1.2 0.076 0.052 0.179 0.033 0.02 0.089 2 2 0 2 2 2
1977-03-30T12:30:00 1977 3 30 12 30 0 3.5 0.5 411.0 7.7 2.37 0.6 0.0 0.0 2 2 2 2 2 2 2 2 1.0 1.71 0.0 0.5 0.5 0.5 0.5 0.5 0.5 0.052 0.026 0.174 0.018 0.006 0.037 2 2 0 2 2 2
1977-03-30T13:30:00 1977 3 30 13 30 0 3.3 -0.1 408.0 7.3 2.43 0.89 0.03 0.02 2 2 2 2 2 2 2 2 1.0 1.74 -3.0 -0.1 -0.1 -0.1 -0.1 -0.1 -0.1 0.039 0.028 0.169 0.012 0.025 0.069 2 2 0 2 2 2
1977-03-30T14:30:00 1977 3 30 14 30 0 2.6 1.2 404.0 6.8 2.0 0.55 0.0 0.0 2 2 2 2 2 2 2 2 1.0 1.61 -7.0 1.2 1.2 1.2 1.2 1.2 1.2 0.026 0.014 0.163 0.006 0.008 0.029 2 2 0 2 2 2
1977-03-30T15:30:00 1977 3 30 15 30 0 0.1 -0.7 411.0 6.2 1.87 0.14 0.33 0.21 2 2 2 2 2 2 2 2 2.3 1.66 -8.0 -0.7 -0.7 -0.7 -0.7 -0.7 -0.7 0.046 0.081 0.159 0.021 0.113 0.192 2 2 0 2 2 2
1977-03-30T16:30:00 1977 3 30 16 30 0 -0.9 -1.9 416.0 7.0 2.17 0.53 2.8 1.87 2 2 2 2 2 2 2 2 2.3 1.7 -8.0 -1.9 -1.9 -1.9 -1.9 -1.9 -1.9 0.177 0.331 0.164 0.144 0.446 0.714 2 2 0 2 2 2
1977-03-30T17:30:00 1977 3 30 17 30 0 0.5 0.8 404.0 6.6 1.87 0.2 1.22 0.84 2 2 2 2 2 2 2 2 2.3 1.74 -8.0 0.8 0.8 0.8 0.8 0.8 0.8 0.161 0.246 0.161 0.109 0.236 0.475 2 2 0 2 2 2
1977-03-30T18:30:00 1977 3 30 18 30 0 2.1 -0.6 410.0 6.5 1.93 0.21 0.32 0.21 2 2 2 2 2 2 2 2 1.3 1.66 -7.0 -0.6 -0.6 -0.6 -0.6 -0.6 -0.6 0.135 0.194 0.157 0.076 0.181 0.379 2 2 0 2 2 2
1977-03-30T19:30:00 1977 3 30 19 30 0 1.9 1.6 404.0 6.3 1.83 0.26 0.12 0.08 2 2 2 2 2 2 2 2 1.3 1.57 -7.0 1.6 1.6 1.6 1.6 1.6 1.6 0.093 0.102 0.152 0.043 0.063 0.173 2 2 0 2 2 2
1977-03-30T20:30:00 1977 3 30 20 30 0 2.2 1.3 403.0 6.3 1.76 0.15 0.0 0.0 2 2 2 2 2 2 2 2 1.3 1.6 -6.0 1.3 1.3 1.3 1.3 1.3 1.3 0.063 0.051 0.148 0.024 0.02 0.072 2 2 0 2 2 2
1977-03-30T21:30:00 1977 3 30 21 30 0 1.8 0.5 401.0 7.5 2.15 0.18 0.0 0.0 2 2 2 2 2 2 2 2 1.7 1.68 -2.0 0.5 0.5 0.5 0.5 0.5 0.5 0.043 0.025 0.143 0.013 0.006 0.03 2 2 0 2 2 2
1977-03-30T22:30:00 1977 3 30 22 30 0 0.7 -0.5 396.0 9.4 2.63 0.14 0.29 0.26 2 2 2 2 2 2 2 2 1.7 1.77 -5.0 -0.5 -0.5 -0.5 -0.5 -0.5 -0.5 0.056 0.09 0.14 0.022 0.109 0.26 2 2 0 2 2 2
1977-03-30T23:30:00 1977 3 30 23 30 0 0.5 0.6 393.0 9.9 2.72 0.04 0.19 0.18 2 2 2 2 2 2 2 2 1.7 1.69 -8.0 0.6 0.6 0.6 0.6 0.6 0.6 0.044 0.063 0.136 0.015 0.052 0.163 2 2 0 2 2 2
