1977-08-24T00:30:00 1977 8 24 0 30 0 0.72 0.06 372.0 6.26 2.53 0.04 0.0 0.0 0 0 2 1 1 1 1 1 2.0 2.19 -14.0 -0.74 -0.54 -1.1 -1.08 -0.56 -0.39 0.192 0.251 0.111 0.146 0.225 0.292 0 0 1 0 0 0
1977-08-24T01:30:00 1977 8 24 1 30 0 0.73 0.05 364.0 7.25 2.55 0.04 0.0 0.0 0 0 2 1 0 1 1 1 2.0 2.11 -10.0 -0.74 -0.54 -1.1 -1.08 -0.56 -0.39 0.203 0.27 0.112 0.156 0.24 0.358 0 0 1 0 0 0
1977-08-24T02:30:00 1977 8 24 2 30 0 0.73 0.05 358.0 7.78 2.55 0.04 0.0 0.0 0 0 2 0 0 1 1 1 2.0 2.07 -15.0 -0.74 -0.54 -1.1 -1.08 -0.56 -0.39 0.212 0.285 0.114 0.162 0.246 0.404 0 0 1 0 0 0
1977-08-24T03:30:00 1977 8 24 3 30 0 0.73 0.05 356.0 7.78 2.55 0.04 0.0 0.0 0 0 2 0 0 1 1 1 2.7 2.13 -18.0 -0.74 -0.54 -1.1 -1.08 -0.56 -0.39 0.218 0.293 0.115 0.166 0.247 0.425 0 0 1 0 0 0
1977-08-24T04:30:00 1977 8 24 4 30 0 0.73 0.05 371.0 7.79 2.56 0.04 0.0 0.0 0 0 2 0 0 1 1 1 2.7 2.18 -25.0 -0.74 -0.55 -1.1 -1.08 -0.57 -0.39 0.224 0.3 0.117 0.171 0.257 0.451 0 0 1 0 0 0
1977-08-24T05:30:00 1977 8 24 5 30 0 0.73 0.05 369.0 7.79 2.56 0.04 0.0 0.0 0 0 2 0 0 1 1 1 2.7 2.27 -27.0 -0.74 -0.55 -1.1 -1.08 -0.57 -0.39 0.228 0.304 0.118 0.174 0.263 0.468 0 0 1 0 0 0
1977-08-24T06:30:00 1977 8 24 6 30 0 0.73 0.05 367.0 7.78 2.56 0.04 0.0 0.0 0 0 2 1 0 1 1 1 2.3 2.31 -23.0 -0.74 -0.55 -1.11 -1.08 -0.57 -0.39 0.231 0.306 0.12 0.176 0.263 0.471 0 0 1 0 0 0
1977-08-24T07:30:00 1977 8 24 7 30 0 0.73 0.05 368.0 7.76 2.55 0.04 0.0 0.0 0 0 2 1 1 1 1 1 2.3 2.34 -15.0 -0.74 -0.55 -1.11 -1.09 -0.57 -0.39 0.233 0.306 0.121 0.177 0.263 0.471 0 0 1 0 0 0
1977-08-24T08:30:00 1977 8 24 8 30 0 0.73 0.05 352.0 7.74 2.41 0.04 0.0 0.0 0 0 2 1 1 1 1 1 2.3 2.38 -12.0 -0.74 -0.55 -1.11 -1.09 -0.57 -0.4 0.232 0.306 0.122 0.175 0.254 0.454 0 0 1 0 0 0
1977-08-24T09:30:00 1977 8 24 9 30 0 0.73 0.05 357.0 7.72 2.27 0.04 0.0 0.0 0 0 2 1 1 1 1 1 3.0 2.5 -11.0 -0.75 -0.55 -1.11 -1.09 -0.57 -0.4 0.232 0.305 0.123 0.174 0.25 0.444 0 0 1 0 0 0
1977-08-24T10:30:00 1977 8 24 10 30 0 0.73 0.05 372.0 7.7 2.13 0.04 0.0 0.0 0 0 2 1 1 1 1 1 3.0 2.63 -11.0 -0.75 -0.55 -1.11 -1.09 -0.57 -0.4 0.234 0.306 0.124 0.176 0.258 0.461 0 0 1 0 0 0
1977-08-24T11:30:00 1977 8 24 11 30 0 0.73 0.05 371.0 7.7 2.08 0.04 0.0 0.0 0 0 2 1 1 1 1 1 3.0 2.67 -17.0 -0.75 -0.55 -1.11 -1.09 -0.57 -0.4 0.236 0.306 0.126 0.178 0.264 0.474 0 0 1 0 0 0
1977-08-24T12:30:00 1977 8 24 12 30 0 0.73 0.05 368.0 7.7 2.08 0.04 0.0 0.0 0 0 2 2 2 1 1 1 3.0 2.71 -23.0 -0.75 -0.55 -1.11 -1.09 -0.57 -0.4 0.237 0.306 0.127 0.179 0.263 0.476 0 0 1 0 0 0
1977-08-24T13:30:00 1977 8 24 13 30 0 0.73 0.04 368.0 8.6 2.25 0.04 0.0 0.0 0 0 2 2 2 1 1 1 3.0 2.75 -20.0 -0.75 -0.55 -1.11 -1.09 -0.57 -0.4 0.24 0.311 0.129 0.181 0.269 0.504 0 0 1 0 0 0
1977-08-24T14:30:00 1977 8 24 14 30 0 0.73 0.04 363.0 9.9 2.46 0.04 0.0 0.0 0 0 2 2 2 1 1 1 3.0 2.83 -20.0 -0.75 -0.55 -1.12 -1.09 -0.57 -0.4 0.245 0.324 0.13 0.186 0.278 0.564 0 0 1 0 0 0
1977-08-24T15:30:00 1977 8 24 15 30 0 0.73 0.04 364.0 10.7 2.67 0.04 0.0 0.0 0 0 2 2 2 1 1 1 3.0 2.92 -23.0 -0.75 -0.55 -1.12 -1.1 -0.57 -0.4 0.252 0.338 0.132 0.193 0.288 0.634 0 0 1 0 0 0
1977-08-24T16:30:00 1977 8 24 16 30 0 0.74 0.04 355.0 10.9 2.61 0.04 0.0 0.0 0 0 2 2 2 1 1 1 3.0 3.0 -26.0 -0.75 -0.56 -1.12 -1.1 -0.58 -0.4 0.257 0.348 0.133 0.197 0.29 0.666 0 0 1 0 0 0
1977-08-24T17:30:00 1977 8 24 17 30 0 0.74 0.04 370.0 13.5 3.31 0.04 0.0 0.0 0 0 2 2 2 1 1 1 3.0 3.0 -27.0 -0.75 -0.56 -1.12 -1.1 -0.58 -0.4 0.266 0.369 0.135 0.208 0.313 0.797 0 0 1 0 0 0
1977-08-24T18:30:00 1977 8 24 18 30 0 0.74 0.04 368.0 11.4 2.88 0.04 0.0 0.0 0 0 2 2 2 1 1 1 1.3 2.78 -24.0 -0.75 -0.56 -1.12 -1.1 -0.58 -0.4 0.273 0.375 0.137 0.213 0.317 0.827 0 0 1 0 0 0
1977-08-24T19:30:00 1977 8 24 19 30 0 0.74 0.04 363.0 11.3 2.75 0.04 0.0 0.0 0 0 2 2 2 1 1 1 1.3 2.56 -21.0 -0.76 -0.56 -1.12 -1.1 -0.58 -0.4 0.274 0.372 0.139 0.212 0.31 0.789 0 0 1 0 0 0
1977-08-24T20:30:00 1977 8 24 20 30 0 0.74 0.04 361.0 11.1 2.71 0.04 0.0 0.0 0 0 2 2 2 1 1 1 1.3 2.34 -19.0 -0.76 -0.56 -1.12 -1.1 -0.58 -0.4 0.274 0.369 0.141 0.21 0.304 0.756 0 0 1 0 0 0
1977-08-24T21:30:00 1977 8 24 21 30 0 0.74 0.04 354.0 11.4 2.68 0.04 0.0 0.0 0 0 2 2 2 1 1 1 0.3 2.0 -20.0 -0.76 -0.56 -1.12 -1.1 -0.58 -0.4 0.274 0.368 0.142 0.207 0.298 0.734 0 0 1 0 0 0
1977-08-24T22:30:00 1977 8 24 22 30 0 0.74 0.04 351.0 12.5 2.87 0.04 0.0 0.0 0 0 2 2 2 1 1 1 0.3 1.65 -16.0 -0.76 -0.56 -1.13 -1.1 -0.58 -0.41 0.275 0.374 0.143 0.207 0.298 0.758 0 0 0 0 0 0
1977-08-24T23:30:00 1977 8 24 23 30 0 0.74 0.04 348.0 14.5 3.2 0.04 0.0 0.0 0 0 2 2 2 1 1 1 0.3 1.32 -11.0 -0.76 -0.56 -1.13 -1.1 -0.58 -0.41 0.28 0.388 0.145 0.211 0.307 0.843 0 0 0 0 0 0
