1977-03-21T00:30:00 1977 3 21 0 30 0 4.4 6.6 378.0 15.3 3.88 0.34 0.0 0.0 2 2 2 2 2 2 2 2 1.0 2.97 -8.0 6.6 6.6 6.6 6.6 6.6 6.6 0.303 0.206 0.178 0.185 0.065 0.312 2 2 2 2 2 2
1977-03-21T01:30:00 1977 3 21 1 30 0 5.5 6.7 376.0 12.5 3.12 0.43 0.0 0.0 2 2 2 2 2 2 2 2 1.0 2.86 -7.0 6.7 6.7 6.7 6.7 6.7 6.7 0.205 0.102 0.172 0.104 0.021 0.129 2 2 2 2 2 2
1977-03-21T02:30:00 1977 3 21 2 30 0 -0.2 5.7 370.0 14.7 3.52 0.12 0.0 0.0 2 2 2 2 2 2 2 2 1.0 2.6 -3.0 5.7 5.7 5.7 5.7 5.7 5.7 0.139 0.051 0.167 0.058 0.007 0.054 2 2 2 2 2 2
1977-03-21T03:30:00 1977 3 21 3 30 0 -4.3 3.1 366.0 14.0 3.38 0.15 0.0 0.0 2 2 2 2 2 2 2 2 2.0 2.47 -1.0 3.1 3.1 3.1 3.1 3.1 3.1 0.094 0.025 0.162 0.033 0.002 0.022 2 2 2 2 2 2
1977-03-21T04:30:00 1977 3 21 4 30 0 -4.6 2.7 379.0 13.9 3.53 0.64 0.0 0.0 2 2 2 2 2 2 2 2 2.0 2.35 0.0 2.7 2.7 2.7 2.7 2.7 2.7 0.064 0.013 0.157 0.018 0.001 0.009 2 2 2 2 2 2
1977-03-21T05:30:00 1977 3 21 5 30 0 -4.1 4.2 377.0 12.3 3.04 0.52 0.0 0.0 2 2 2 2 2 2 2 2 2.0 2.11 1.0 4.2 4.2 4.2 4.2 4.2 4.2 0.043 0.006 0.152 0.01 0.0 0.004 2 2 2 2 2 2
1977-03-21T06:30:00 1977 3 21 6 30 0 -6.4 2.6 362.0 9.4 2.37 0.95 0.0 0.0 2 2 2 2 2 2 2 2 1.3 1.78 -2.0 2.6 2.6 2.6 2.6 2.6 2.6 0.029 0.003 0.148 0.006 0.0 0.002 2 2 2 2 2 2
1977-03-21T07:30:00 1977 3 21 7 30 0 -7.0 0.7 369.0 8.8 2.28 2.26 0.0 0.0 2 2 2 2 2 2 2 2 1.3 1.46 -5.0 0.7 0.7 0.7 0.7 0.7 0.7 0.02 0.002 0.143 0.003 0.0 0.001 2 2 2 2 2 2
1977-03-21T08:30:00 1977 3 21 8 30 0 -6.6 1.6 369.0 8.8 2.31 2.49 0.0 0.0 2 2 2 2 2 2 2 2 1.3 1.49 -6.0 1.6 1.6 1.6 1.6 1.6 1.6 0.013 0.001 0.139 0.002 0.0 0.0 2 2 2 2 2 2
1977-03-21T09:30:00 1977 3 21 9 30 0 -7.0 2.0 374.0 8.4 2.29 2.22 0.0 0.0 2 2 2 2 2 2 2 2 1.0 1.48 -5.0 2.0 2.0 2.0 2.0 2.0 2.0 0.009 0.0 0.135 0.001 0.0 0.0 2 2 2 2 2 2
1977-03-21T10:30:00 1977 3 21 10 30 0 -6.7 2.3 371.0 8.8 2.36 2.1 0.0 0.0 2 2 2 2 2 2 2 2 1.0 1.48 -4.0 2.3 2.3 2.3 2.3 2.3 2.3 0.006 0.0 0.13 0.001 0.0 0.0 2 2 2 2 2 2
1977-03-21T11:30:00 1977 3 21 11 30 0 -7.1 0.0 376.0 9.4 2.59 2.73 0.0 0.0 2 2 2 2 2 2 2 2 1.0 1.35 -5.0 0.0 0.0 0.0 0.0 0.0 0.0 0.004 0.0 0.127 0.0 0.0 0.0 2 2 2 2 2 2
1977-03-21T12:30:00 1977 3 21 12 30 0 -6.9 2.6 378.0 8.8 2.42 2.63 0.0 0.0 2 2 2 2 2 2 2 2 1.3 1.27 -8.0 2.6 2.6 2.6 2.6 2.6 2.6 0.003 0.0 0.123 0.0 0.0 0.0 2 2 2 2 2 2
1977-03-21T13:30:00 1977 3 21 13 30 0 -5.9 3.2 370.0 7.7 2.0 1.54 0.0 0.0 2 2 2 2 2 2 2 2 1.3 1.19 -10.0 3.2 3.2 3.2 3.2 3.2 3.2 0.002 0.0 0.119 0.0 0.0 0.0 2 2 2 2 2 2
1977-03-21T14:30:00 1977 3 21 14 30 0 -6.0 3.3 373.0 6.8 1.85 1.21 0.0 0.0 2 2 2 2 2 2 2 2 1.3 1.19 -6.0 3.3 3.3 3.3 3.3 3.3 3.3 0.001 0.0 0.115 0.0 0.0 0.0 2 2 2 2 2 2
1977-03-21T15:30:00 1977 3 21 15 30 0 -5.2 2.1 381.0 7.0 2.02 1.18 0.0 0.0 2 2 2 2 2 2 2 2 2.7 1.37 0.0 2.1 2.1 2.1 2.1 2.1 2.1 0.001 0.0 0.112 0.0 0.0 0.0 2 2 2 2 2 2
1977-03-21T16:30:00 1977 3 21 16 30 0 1.3 -6.0 394.0 8.7 2.89 2.77 4.84 4.03 2 2 2 2 2 2 2 2 2.7 1.56 2.0 -6.0 -6.0 -6.0 -6.0 -6.0 -6.0 0.287 0.505 0.134 0.414 0.697 1.025 2 2 2 2 2 2
1977-03-21T17:30:00 1977 3 21 17 30 0 -2.6 -3.1 393.0 9.4 3.16 4.71 8.71 7.88 2 2 2 2 2 2 2 2 2.7 1.77 -11.0 -3.1 -3.1 -3.1 -3.1 -3.1 -3.1 0.574 0.889 0.167 0.736 1.03 1.796 2 2 2 2 2 2
1977-03-21T18:30:00 1977 3 21 18 30 0 1.5 -5.4 387.0 9.3 3.01 4.41 8.46 7.91 2 2 2 2 2 2 2 2 4.0 2.15 -19.0 -5.4 -5.4 -5.4 -5.4 -5.4 -5.4 0.809 1.151 0.202 1.007 1.237 2.235 2 2 2 2 2 2
1977-03-21T19:30:00 1977 3 21 19 30 0 -1.6 -2.9 389.0 8.4 2.75 3.8 7.85 6.95 2 2 2 2 2 2 2 2 4.0 2.53 -30.0 -2.9 -2.9 -2.9 -2.9 -2.9 -2.9 0.891 1.16 0.228 1.0 1.124 2.117 2 2 2 2 2 2
1977-03-21T20:30:00 1977 3 21 20 30 0 -3.5 -1.8 384.0 8.8 2.75 2.09 4.45 3.83 2 2 2 2 2 2 2 2 4.0 2.87 -36.0 -1.8 -1.8 -1.8 -1.8 -1.8 -1.8 0.815 0.984 0.236 0.773 0.856 1.754 2 2 2 2 2 2
1977-03-21T21:30:00 1977 3 21 21 30 0 -0.3 3.2 385.0 7.7 2.35 0.39 0.49 0.42 2 2 2 2 2 2 2 2 3.3 3.11 -38.0 3.2 3.2 3.2 3.2 3.2 3.2 0.565 0.519 0.229 0.44 0.301 0.8 2 2 2 2 2 2
1977-03-21T22:30:00 1977 3 21 22 30 0 -1.8 -0.9 402.0 6.5 2.09 0.13 0.28 0.18 2 2 2 2 2 2 2 2 3.3 3.35 -31.0 -0.9 -0.9 -0.9 -0.9 -0.9 -0.9 0.409 0.322 0.223 0.266 0.192 0.475 2 2 2 2 2 2
1977-03-21T23:30:00 1977 3 21 23 30 0 -2.3 -2.1 406.0 5.7 1.97 1.16 3.13 1.89 2 2 2 2 2 2 2 2 3.3 3.42 -29.0 -2.1 -2.1 -2.1 -2.1 -2.1 -2.1 0.428 0.456 0.226 0.291 0.466 0.735 2 2 2 2 2 2
