1977-04-12T00:30:00 1977 4 12 0 30 0 1.55 0.56 424.0 5.6 2.08 0.09 0.0 0.0 1 1 1 1 1 1 1 1 3.0 3.29 -44.0 -0.35 -0.18 -0.7 -0.67 -0.2 -0.05 0.22 0.227 0.319 0.17 0.217 0.369 0 0 0 0 1 0
1977-04-12T01:30:00 1977 4 12 1 30 0 1.9 1.69 424.0 5.6 2.01 0.12 0.0 0.0 1 1 1 1 1 1 1 1 3.0 3.37 -33.0 1.49 1.53 1.42 1.43 1.53 1.56 0.149 0.113 0.31 0.096 0.069 0.153 0 0 0 0 1 0
1977-04-12T02:30:00 1977 4 12 2 30 0 1.9 2.0 424.0 5.6 2.01 0.1 0.0 0.0 2 2 2 2 2 2 2 2 3.0 3.33 -27.0 2.0 2.0 2.0 2.0 2.0 2.0 0.101 0.056 0.3 0.054 0.022 0.063 0 0 0 0 1 0
1977-04-12T03:30:00 1977 4 12 3 30 0 -0.8 1.8 417.0 5.3 1.84 0.02 0.0 0.0 2 2 2 2 2 2 2 2 1.3 3.07 -23.0 1.8 1.8 1.8 1.8 1.8 1.8 0.068 0.028 0.291 0.03 0.007 0.026 0 0 0 0 1 0
1977-04-12T04:30:00 1977 4 12 4 30 0 -1.1 1.2 423.0 4.6 1.65 0.02 0.0 0.0 2 2 2 2 2 2 2 2 1.3 2.81 -23.0 1.2 1.2 1.2 1.2 1.2 1.2 0.046 0.014 0.282 0.017 0.002 0.011 0 0 0 0 1 0
1977-04-12T05:30:00 1977 4 12 5 30 0 0.5 1.9 419.0 5.9 2.05 0.0 0.0 0.0 2 2 2 2 2 2 2 2 1.3 2.51 -21.0 1.9 1.9 1.9 1.9 1.9 1.9 0.031 0.007 0.274 0.009 0.001 0.005 0 0 0 0 1 0
1977-04-12T06:30:00 1977 4 12 6 30 0 1.1 2.4 422.0 5.6 2.03 0.01 0.0 0.0 2 2 2 2 2 2 2 2 0.0 2.04 -18.0 2.4 2.4 2.4 2.4 2.4 2.4 0.021 0.003 0.265 0.005 0.0 0.002 0 0 0 0 1 0
1977-04-12T07:30:00 1977 4 12 7 30 0 1.3 2.0 416.0 5.3 1.91 0.02 0.0 0.0 2 2 2 2 2 2 2 2 0.0 1.58 -16.0 2.0 2.0 2.0 2.0 2.0 2.0 0.014 0.002 0.257 0.003 0.0 0.001 0 0 0 0 1 0
1977-04-12T08:30:00 1977 4 12 8 30 0 1.4 2.6 414.0 5.1 1.78 0.03 0.0 0.0 2 2 2 2 2 2 2 2 0.0 1.2 -14.0 2.6 2.6 2.6 2.6 2.6 2.6 0.01 0.001 0.249 0.002 0.0 0.0 0 0 0 0 1 0
1977-04-12T09:30:00 1977 4 12 9 30 0 1.1 2.1 410.0 5.3 1.82 0.02 0.0 0.0 2 2 2 2 2 2 2 2 1.3 1.0 -11.0 2.1 2.1 2.1 2.1 2.1 2.1 0.007 0.0 0.242 0.001 0.0 0.0 0 0 0 0 1 0
1977-04-12T10:30:00 1977 4 12 10 30 0 1.0 0.6 430.0 5.2 1.79 0.03 0.0 0.0 2 2 2 2 2 2 2 2 1.3 0.81 -10.0 0.6 0.6 0.6 0.6 0.6 0.6 0.004 0.0 0.234 0.001 0.0 0.0 0 0 0 0 1 0
1977-04-12T11:30:00 1977 4 12 11 30 0 0.8 1.5 409.0 5.5 1.85 0.02 0.0 0.0 2 2 2 2 2 2 2 2 1.3 0.82 -11.0 1.5 1.5 1.5 1.5 1.5 1.5 0.003 0.0 0.227 0.0 0.0 0.0 0 0 0 0 1 0
1977-04-12T12:30:00 1977 4 12 12 30 0 0.3 0.9 411.0 5.8 2.02 0.0 0.0 0.0 2 2 2 2 2 2 2 2 2.0 0.91 -11.0 0.9 0.9 0.9 0.9 0.9 0.9 0.002 0.0 0.22 0.0 0.0 0.0 0 0 0 0 1 0
1977-04-12T13:30:00 1977 4 12 13 30 0 -2.7 -2.8 420.0 6.4 2.28 0.91 2.46 1.54 2 2 2 2 2 2 2 2 2.0 1.01 -13.0 -2.8 -2.8 -2.8 -2.8 -2.8 -2.8 0.142 0.274 0.224 0.15 0.412 0.565 2 2 0 2 2 2
1977-04-12T14:30:00 1977 4 12 14 30 0 -2.2 1.1 415.0 7.5 2.56 1.01 1.87 1.25 2 2 2 2 2 2 2 2 2.0 1.26 -12.0 1.1 1.1 1.1 1.1 1.1 1.1 0.156 0.243 0.221 0.133 0.259 0.463 2 2 0 2 2 2
1977-04-12T15:30:00 1977 4 12 15 30 0 -2.0 1.5 409.0 8.4 2.67 0.17 0.0 0.0 2 2 2 2 2 2 2 2 1.7 1.47 -9.0 1.5 1.5 1.5 1.5 1.5 1.5 0.105 0.121 0.214 0.074 0.082 0.192 2 2 0 2 2 2
1977-04-12T16:30:00 1977 4 12 16 30 0 -3.5 -0.5 407.0 7.4 2.34 0.61 0.17 0.13 2 2 2 2 2 2 2 2 1.7 1.67 -9.0 -0.5 -0.5 -0.5 -0.5 -0.5 -0.5 0.088 0.106 0.208 0.051 0.095 0.207 2 2 0 2 2 2
1977-04-12T17:30:00 1977 4 12 17 30 0 -3.6 -1.8 402.0 7.5 2.32 1.77 2.43 1.81 2 2 2 2 2 2 2 2 1.7 1.72 -14.0 -1.8 -1.8 -1.8 -1.8 -1.8 -1.8 0.196 0.337 0.21 0.148 0.414 0.726 2 2 0 2 2 2
1977-04-12T18:30:00 1977 4 12 18 30 0 -3.1 -0.5 400.0 8.1 2.53 1.53 2.2 1.71 2 2 2 2 2 2 2 2 2.0 1.8 -21.0 -0.5 -0.5 -0.5 -0.5 -0.5 -0.5 0.234 0.386 0.209 0.156 0.405 0.829 2 2 0 2 2 2
1977-04-12T19:30:00 1977 4 12 19 30 0 -0.4 -0.8 407.0 8.8 2.9 0.47 1.34 1.14 2 2 2 2 2 2 2 2 2.0 1.89 -21.0 -0.8 -0.8 -0.8 -0.8 -0.8 -0.8 0.239 0.386 0.206 0.14 0.384 0.887 2 2 0 2 2 2
1977-04-12T20:30:00 1977 4 12 20 30 0 -0.9 -2.0 422.0 9.2 3.39 0.63 3.02 2.73 2 2 2 2 2 2 2 2 2.0 1.89 -25.0 -2.0 -2.0 -2.0 -2.0 -2.0 -2.0 0.336 0.54 0.211 0.243 0.611 1.344 2 2 0 2 2 2
1977-04-12T21:30:00 1977 4 12 21 30 0 -2.2 -1.5 418.0 9.4 3.35 1.13 3.63 3.38 2 2 2 2 2 2 2 2 3.7 2.11 -32.0 -1.5 -1.5 -1.5 -1.5 -1.5 -1.5 0.413 0.629 0.218 0.31 0.69 1.588 2 2 1 2 2 2
1977-04-12T22:30:00 1977 4 12 22 30 0 -1.88 -1.15 411.2 8.55 2.97 0.97 2.72 2.43 1 1 1 1 1 1 1 1 3.7 2.33 -35.0 -1.35 -1.31 -1.42 -1.42 -1.32 -1.29 0.433 0.621 0.221 0.313 0.636 1.491 2 2 1 2 1 1
1977-04-12T23:30:00 1977 4 12 23 30 0 -1.2 0.33 404.5 7.7 2.6 0.32 0.82 0.68 1 1 1 1 1 1 1 1 3.7 2.59 -33.0 -0.46 -0.31 -0.75 -0.73 -0.32 -0.2 0.38 0.48 0.22 0.253 0.42 1.036 1 1 1 1 1 1
