1977-11-04T00:30:00 1977 11 4 0 30 0 -0.63 0.52 370.0 4.4 1.19 0.01 0.0 0.0 1 1 2 2 2 1 2 2 1.3 0.81 -16.0 0.52 0.52 0.52 0.52 0.52 0.52 0.015 0.005 0.064 0.005 0.001 0.002 1 1 1 1 1 1
1977-11-04T01:30:00 1977 11 4 1 30 0 -0.97 0.58 364.0 4.2 1.09 0.02 0.0 0.0 1 1 2 2 2 1 2 2 1.3 0.81 -18.0 0.58 0.58 0.58 0.58 0.58 0.58 0.01 0.002 0.062 0.003 0.0 0.001 1 1 1 1 1 1
1977-11-04T02:30:00 1977 11 4 2 30 0 -1.3 0.6 357.0 5.1 1.21 0.05 0.0 0.0 2 2 2 2 2 2 2 2 1.3 0.86 -17.0 0.6 0.6 0.6 0.6 0.6 0.6 0.007 0.001 0.06 0.002 0.0 0.0 1 1 1 1 1 1
1977-11-04T03:30:00 1977 11 4 3 30 0 -1.7 -0.6 362.0 5.0 1.25 0.2 0.32 0.16 2 2 2 2 2 2 2 2 0.3 0.77 -14.0 -0.6 -0.6 -0.6 -0.6 -0.6 -0.6 0.027 0.066 0.059 0.013 0.081 0.099 2 2 1 2 2 2
1977-11-04T04:30:00 1977 11 4 4 30 0 -0.9 0.4 355.0 5.1 1.18 0.15 0.28 0.14 2 2 2 2 2 2 2 2 0.3 0.68 -13.0 0.4 0.4 0.4 0.4 0.4 0.4 0.028 0.059 0.057 0.011 0.051 0.082 2 2 1 2 2 2
1977-11-04T05:30:00 1977 11 4 5 30 0 -0.7 0.6 359.0 4.6 1.19 0.02 0.0 0.0 2 2 2 2 2 2 2 2 0.3 0.67 -13.0 0.6 0.6 0.6 0.6 0.6 0.6 0.019 0.029 0.055 0.006 0.016 0.034 2 2 1 2 2 2
1977-11-04T06:30:00 1977 11 4 6 30 0 -0.7 0.49 348.0 4.9 1.11 0.01 0.0 0.0 1 1 2 2 2 1 2 2 0.3 0.67 -13.0 0.32 0.37 0.24 0.25 0.36 0.4 0.013 0.015 0.054 0.003 0.005 0.014 2 2 1 2 2 2
1977-11-04T07:30:00 1977 11 4 7 30 0 -0.04 0.07 343.0 5.0 1.12 0.0 0.0 0.0 1 1 2 2 2 1 2 2 0.3 0.66 -10.0 -0.7 -0.49 -1.09 -1.06 -0.51 -0.33 0.04 0.071 0.054 0.034 0.077 0.068 1 1 1 1 1 1
1977-11-04T08:30:00 1977 11 4 8 30 0 0.64 0.1 338.0 6.0 1.31 0.01 0.0 0.0 1 1 2 2 2 1 2 2 0.3 0.54 -9.0 -0.67 -0.47 -1.07 -1.04 -0.49 -0.31 0.086 0.155 0.056 0.078 0.151 0.165 1 1 1 1 1 1
1977-11-04T09:30:00 1977 11 4 9 30 0 1.3 0.65 338.0 7.55 1.7 0.04 0.0 0.0 1 1 2 1 1 1 2 1 1.0 0.51 -8.0 0.48 0.53 0.4 0.4 0.52 0.56 0.069 0.091 0.055 0.054 0.06 0.083 1 1 1 1 1 1
1977-11-04T10:30:00 1977 11 4 10 30 0 1.3 0.8 358.0 9.1 2.1 0.06 0.0 0.0 2 2 2 2 2 2 2 2 1.0 0.48 -4.0 0.8 0.8 0.8 0.8 0.8 0.8 0.047 0.045 0.053 0.03 0.019 0.034 1 1 1 1 1 1
1977-11-04T11:30:00 1977 11 4 11 30 0 2.0 -1.3 356.0 13.2 3.35 0.35 0.82 1.02 2 2 2 2 2 2 2 2 1.0 0.57 1.0 -1.3 -1.3 -1.3 -1.3 -1.3 -1.3 0.107 0.222 0.054 0.072 0.236 0.586 2 2 1 2 2 2
1977-11-04T12:30:00 1977 11 4 12 30 0 -0.1 -4.1 365.0 11.9 2.82 1.93 5.09 6.31 2 2 2 2 2 2 2 2 2.0 0.79 3.0 -4.1 -4.1 -4.1 -4.1 -4.1 -4.1 0.388 0.725 0.076 0.418 0.781 1.707 2 2 1 2 2 2
1977-11-04T13:30:00 1977 11 4 13 30 0 -1.9 -2.15 358.0 13.1 3.19 2.18 5.5 6.87 1 1 2 2 2 1 2 2 2.0 1.01 -3.0 -2.15 -2.15 -2.15 -2.15 -2.15 -2.15 0.553 0.928 0.094 0.554 0.869 2.097 1 1 1 1 1 1
1977-11-04T14:30:00 1977 11 4 14 30 0 -3.7 -0.2 364.0 13.6 3.37 1.15 1.97 2.62 2 2 2 2 2 2 2 2 2.0 1.22 -4.0 -0.2 -0.2 -0.2 -0.2 -0.2 -0.2 0.479 0.707 0.096 0.386 0.527 1.602 2 2 1 2 2 2
1977-11-04T15:30:00 1977 11 4 15 30 0 1.9 -5.7 365.0 7.2 1.7 2.91 5.8 5.34 2 2 2 2 2 2 2 2 3.7 1.65 -8.0 -5.7 -5.7 -5.7 -5.7 -5.7 -5.7 0.65 0.947 0.12 0.645 0.876 1.74 2 2 1 2 2 2
1977-11-04T16:30:00 1977 11 4 16 30 0 5.1 -4.3 370.0 6.7 1.73 6.53 9.08 6.3 2 2 2 2 2 2 2 2 3.7 2.08 -14.0 -4.3 -4.3 -4.3 -4.3 -4.3 -4.3 0.81 1.09 0.15 0.865 1.012 1.607 2 2 1 2 2 2
1977-11-04T17:30:00 1977 11 4 17 30 0 1.9 -6.2 380.0 8.8 2.32 7.27 10.01 7.91 2 2 2 2 2 2 2 2 3.7 2.42 -19.0 -6.2 -6.2 -6.2 -6.2 -6.2 -6.2 1.005 1.291 0.191 1.169 1.253 1.958 2 2 2 2 2 2
1977-11-04T18:30:00 1977 11 4 18 30 0 5.6 -4.2 370.0 6.3 1.5 7.25 9.59 7.22 2 2 2 2 2 2 2 2 2.7 2.62 -27.0 -4.2 -4.2 -4.2 -4.2 -4.2 -4.2 1.069 1.281 0.223 1.193 1.163 1.781 2 2 2 2 2 2
1977-11-04T19:30:00 1977 11 4 19 30 0 5.7 -3.4 377.0 7.6 1.89 6.32 7.04 4.91 2 2 2 2 2 2 2 2 2.7 2.82 -31.0 -3.4 -3.4 -3.4 -3.4 -3.4 -3.4 1.026 1.168 0.241 1.041 1.013 1.595 2 2 2 2 2 2
1977-11-04T20:30:00 1977 11 4 20 30 0 6.3 -2.4 364.0 6.3 1.47 5.33 5.29 3.67 2 2 2 2 2 2 2 2 2.7 2.9 -32.0 -2.4 -2.4 -2.4 -2.4 -2.4 -2.4 0.921 1.002 0.25 0.828 0.814 1.303 2 2 2 2 2 2
1977-11-04T21:30:00 1977 11 4 21 30 0 7.5 0.0 368.0 4.6 1.12 4.27 2.01 1.14 2 2 2 2 2 2 2 2 2.3 2.93 -33.0 0.0 0.0 0.0 0.0 0.0 0.0 0.693 0.64 0.246 0.516 0.407 0.736 2 2 2 2 2 2
1977-11-04T22:30:00 1977 11 4 22 30 0 7.3 -0.1 370.0 4.6 1.12 3.8 0.1 0.05 2 2 2 2 2 2 2 2 2.3 2.96 -31.0 -0.1 -0.1 -0.1 -0.1 -0.1 -0.1 0.477 0.347 0.239 0.29 0.163 0.361 2 2 2 2 2 2
1977-11-04T23:30:00 1977 11 4 23 30 0 4.9 -1.4 375.0 7.0 1.92 3.18 1.5 0.93 2 2 2 2 2 2 2 2 2.3 2.78 -27.0 -1.4 -1.4 -1.4 -1.4 -1.4 -1.4 0.411 0.378 0.236 0.229 0.305 0.512 2 2 2 2 2 2
