1977-10-18T00:30:00 1977 10 18 0 30 0 4.4 -2.2 413.0 4.7 1.58 3.18 4.0 1.9 2 2 2 2 2 2 2 2 3.3 3.08 -31.0 -2.2 -2.2 -2.2 -2.2 -2.2 -2.2 0.556 0.636 0.33 0.445 0.656 0.864 2 2 1 2 2 2
1977-10-18T01:30:00 1977 10 18 1 30 0 4.8 -3.5 423.0 4.9 1.7 4.62 6.08 2.93 2 2 2 2 2 2 2 2 3.3 3.08 -32.0 -3.5 -3.5 -3.5 -3.5 -3.5 -3.5 0.618 0.72 0.341 0.541 0.801 0.977 2 2 1 2 2 2
1977-10-18T02:30:00 1977 10 18 2 30 0 2.5 -2.7 412.0 5.3 1.81 3.92 6.4 3.27 2 2 2 2 2 2 2 2 3.3 3.16 -33.0 -2.7 -2.7 -2.7 -2.7 -2.7 -2.7 0.66 0.761 0.353 0.585 0.825 1.045 2 2 1 2 2 2
1977-10-18T03:30:00 1977 10 18 3 30 0 0.7 -2.9 409.0 6.3 2.2 2.24 5.76 3.37 2 2 2 2 2 2 2 2 3.3 3.23 -31.0 -2.9 -2.9 -2.9 -2.9 -2.9 -2.9 0.688 0.798 0.362 0.605 0.845 1.168 2 2 2 2 2 2
1977-10-18T04:30:00 1977 10 18 4 30 0 2.0 -5.4 427.0 7.3 2.6 4.68 8.93 6.15 2 2 2 2 2 2 2 2 3.3 3.3 -31.0 -5.4 -5.4 -5.4 -5.4 -5.4 -5.4 0.861 1.021 0.394 0.914 1.187 1.733 2 2 2 2 2 2
1977-10-18T05:30:00 1977 10 18 5 30 0 4.5 -5.4 431.0 8.0 2.94 8.37 11.59 8.9 2 2 2 2 2 2 2 2 3.3 3.3 -39.0 -5.4 -5.4 -5.4 -5.4 -5.4 -5.4 1.07 1.242 0.441 1.268 1.466 2.34 2 2 2 2 2 2
1977-10-18T06:30:00 1977 10 18 6 30 0 5.0 -2.1 416.0 7.6 2.63 6.08 7.66 5.98 2 2 2 2 2 2 2 2 3.7 3.35 -42.0 -2.1 -2.1 -2.1 -2.1 -2.1 -2.1 1.031 1.123 0.458 1.091 1.167 2.104 2 2 2 2 2 2
1977-10-18T07:30:00 1977 10 18 7 30 0 4.6 -2.2 407.0 7.5 2.48 3.7 4.43 3.34 2 2 2 2 2 2 2 2 3.7 3.4 -42.0 -2.2 -2.2 -2.2 -2.2 -2.2 -2.2 0.908 0.947 0.46 0.827 0.9 1.727 2 2 2 2 2 2
1977-10-18T08:30:00 1977 10 18 8 30 0 4.8 -0.4 413.0 7.7 2.68 2.71 2.51 1.9 2 2 2 2 2 2 2 2 3.7 3.46 -39.0 -0.4 -0.4 -0.4 -0.4 -0.4 -0.4 0.722 0.693 0.452 0.547 0.571 1.261 2 2 2 2 2 2
1977-10-18T09:30:00 1977 10 18 9 30 0 4.6 -2.2 409.0 6.9 2.37 2.84 2.82 2.03 2 2 2 2 2 2 2 2 2.7 3.37 -31.0 -2.2 -2.2 -2.2 -2.2 -2.2 -2.2 0.644 0.653 0.449 0.452 0.611 1.201 2 2 2 2 2 2
1977-10-18T10:30:00 1977 10 18 10 30 0 6.3 -2.2 410.0 7.1 2.45 4.48 4.5 3.16 2 2 2 2 2 2 2 2 2.7 3.29 -27.0 -2.2 -2.2 -2.2 -2.2 -2.2 -2.2 0.643 0.706 0.451 0.468 0.715 1.286 2 2 2 2 2 2
1977-10-18T11:30:00 1977 10 18 11 30 0 6.2 -1.9 407.0 6.7 2.25 5.02 4.16 2.87 2 2 2 2 2 2 2 2 2.7 3.22 -28.0 -1.9 -1.9 -1.9 -1.9 -1.9 -1.9 0.623 0.703 0.45 0.448 0.702 1.245 2 2 2 2 2 2
1977-10-18T12:30:00 1977 10 18 12 30 0 5.2 -0.6 397.0 6.8 2.23 3.47 2.41 1.62 2 2 2 2 2 2 2 2 2.3 3.09 -28.0 -0.6 -0.6 -0.6 -0.6 -0.6 -0.6 0.526 0.568 0.443 0.33 0.5 0.976 2 2 2 2 2 2
1977-10-18T13:30:00 1977 10 18 13 30 0 6.5 -3.2 409.0 6.8 2.3 4.68 4.06 2.76 2 2 2 2 2 2 2 2 2.3 2.96 -23.0 -3.2 -3.2 -3.2 -3.2 -3.2 -3.2 0.566 0.671 0.445 0.416 0.7 1.168 2 2 2 2 2 2
1977-10-18T14:30:00 1977 10 18 14 30 0 6.3 -0.9 418.0 7.8 2.83 5.2 4.04 2.92 2 2 2 2 2 2 2 2 2.3 2.78 -28.0 -0.9 -0.9 -0.9 -0.9 -0.9 -0.9 0.55 0.649 0.444 0.391 0.643 1.208 2 2 2 2 2 2
1977-10-18T15:30:00 1977 10 18 15 30 0 5.5 0.1 449.0 7.7 3.33 3.17 0.79 0.61 2 2 2 2 2 2 2 2 3.0 2.71 -30.0 0.1 0.1 0.1 0.1 0.1 0.1 0.407 0.403 0.432 0.237 0.306 0.75 2 2 2 2 2 2
1977-10-18T16:30:00 1977 10 18 16 30 0 3.5 2.8 464.0 7.1 3.15 1.19 0.0 0.0 2 2 2 2 2 2 2 2 3.0 2.63 -29.0 2.8 2.8 2.8 2.8 2.8 2.8 0.276 0.2 0.418 0.132 0.097 0.311 2 2 2 2 2 2
1977-10-18T17:30:00 1977 10 18 17 30 0 1.2 2.2 475.0 7.8 3.46 0.17 0.0 0.0 2 2 2 2 2 2 2 2 3.0 2.67 -23.0 2.2 2.2 2.2 2.2 2.2 2.2 0.187 0.099 0.406 0.074 0.031 0.129 2 2 2 2 2 2
1977-10-18T18:30:00 1977 10 18 18 30 0 5.0 -6.5 474.0 6.5 2.75 4.81 6.4 4.35 2 2 2 2 2 2 2 2 4.3 2.88 -33.0 -6.5 -6.5 -6.5 -6.5 -6.5 -6.5 0.455 0.548 0.434 0.57 0.92 1.321 2 2 2 2 2 2
1977-10-18T19:30:00 1977 10 18 19 30 0 6.8 -6.8 476.0 4.1 1.74 15.85 15.83 8.21 2 2 2 2 2 2 2 2 4.3 3.09 -45.0 -6.8 -6.8 -6.8 -6.8 -6.8 -6.8 0.84 0.968 0.504 1.249 1.507 1.804 2 2 2 2 2 2
1977-10-18T20:30:00 1977 10 18 20 30 0 7.6 -7.6 495.0 4.3 1.98 20.0 17.59 7.41 2 2 2 2 2 2 2 2 4.3 3.34 -57.0 -7.6 -7.6 -7.6 -7.6 -7.6 -7.6 1.125 1.18 0.583 1.722 1.775 1.939 2 2 2 2 2 2
1977-10-18T21:30:00 1977 10 18 21 30 0 7.2 -8.0 491.0 4.5 2.0 22.52 19.26 8.49 2 2 2 2 2 2 2 2 5.0 3.68 -69.0 -8.0 -8.0 -8.0 -8.0 -8.0 -8.0 1.367 1.335 0.672 2.115 1.958 2.132 2 2 2 2 2 2
1977-10-18T22:30:00 1977 10 18 22 30 0 7.6 -7.4 477.0 4.2 1.8 21.66 18.55 8.05 2 2 2 2 2 2 2 2 5.0 4.01 -72.0 -7.4 -7.4 -7.4 -7.4 -7.4 -7.4 1.497 1.38 0.749 2.242 1.91 2.067 2 2 2 2 2 2
1977-10-18T23:30:00 1977 10 18 23 30 0 7.4 -7.0 474.0 3.9 1.62 19.78 17.07 6.9 2 2 2 2 2 2 2 2 5.0 4.26 -84.0 -7.0 -7.0 -7.0 -7.0 -7.0 -7.0 1.534 1.349 0.81 2.184 1.78 1.866 2 2 2 2 2 2
