1977-04-23T00:30:00 1977 4 23 0 30 0 0.39 0.53 369.0 7.6 2.0 0.0 0.0 0.0 0 0 2 2 2 1 1 1 0.7 1.03 -27.0 -0.69 -0.49 -1.09 -1.07 -0.51 -0.34 0.203 0.264 0.226 0.16 0.227 0.356 0 0 0 0 0 0
1977-04-23T01:30:00 1977 4 23 1 30 0 0.39 0.53 368.0 7.4 1.95 0.0 0.0 0.0 0 0 2 2 2 1 1 1 0.7 0.91 -23.0 -0.7 -0.49 -1.09 -1.07 -0.51 -0.34 0.209 0.271 0.224 0.166 0.236 0.392 0 0 0 0 0 0
1977-04-23T02:30:00 1977 4 23 2 30 0 0.39 0.53 373.0 7.6 2.06 0.0 0.0 0.0 0 0 2 2 2 1 1 1 0.7 0.79 -19.0 -0.7 -0.49 -1.1 -1.07 -0.51 -0.34 0.214 0.276 0.222 0.17 0.242 0.416 0 0 0 0 0 0
1977-04-23T03:30:00 1977 4 23 3 30 0 0.39 0.53 371.0 7.7 2.05 0.0 0.0 0.0 0 0 2 2 2 1 1 1 2.0 0.84 -21.0 -0.7 -0.49 -1.1 -1.07 -0.51 -0.34 0.218 0.28 0.22 0.173 0.245 0.431 0 0 0 0 0 0
1977-04-23T04:30:00 1977 4 23 4 30 0 0.4 0.53 383.0 7.6 2.1 0.0 0.0 0.0 0 0 2 2 2 1 1 1 2.0 0.89 -27.0 -0.7 -0.49 -1.1 -1.07 -0.51 -0.34 0.222 0.282 0.219 0.176 0.251 0.449 0 0 0 0 0 0
1977-04-23T05:30:00 1977 4 23 5 30 0 0.4 0.52 377.0 7.6 2.06 0.0 0.0 0.0 0 0 2 2 2 1 1 1 2.0 1.11 -32.0 -0.7 -0.49 -1.1 -1.08 -0.51 -0.34 0.224 0.282 0.218 0.179 0.253 0.454 0 0 0 0 0 0
1977-04-23T06:30:00 1977 4 23 6 30 0 0.4 0.52 365.0 7.8 2.0 0.0 0.0 0.0 0 0 2 2 2 1 1 1 1.7 1.28 -28.0 -0.7 -0.49 -1.1 -1.08 -0.51 -0.34 0.224 0.283 0.216 0.178 0.247 0.446 0 0 0 0 0 0
1977-04-23T07:30:00 1977 4 23 7 30 0 0.4 0.52 366.0 7.8 1.98 0.0 0.0 0.0 0 0 2 2 2 1 1 1 1.7 1.45 -23.0 -0.7 -0.49 -1.1 -1.08 -0.52 -0.34 0.225 0.284 0.214 0.177 0.245 0.44 0 0 0 0 0 0
1977-04-23T08:30:00 1977 4 23 8 30 0 0.4 0.52 370.0 8.7 2.24 0.0 0.0 0.0 0 0 2 2 2 1 1 1 1.7 1.57 -20.0 -0.7 -0.5 -1.1 -1.08 -0.52 -0.34 0.227 0.291 0.213 0.18 0.253 0.469 0 0 0 0 0 0
1977-04-23T09:30:00 1977 4 23 9 30 0 0.41 0.52 369.0 8.0 2.05 0.0 0.0 0.0 0 0 2 2 2 1 1 1 1.3 1.64 -18.0 -0.7 -0.5 -1.1 -1.08 -0.52 -0.34 0.229 0.293 0.212 0.181 0.254 0.474 0 0 0 0 0 0
1977-04-23T10:30:00 1977 4 23 10 30 0 0.41 0.52 364.0 8.0 2.03 0.0 0.0 0.0 0 0 2 2 2 1 1 1 1.3 1.7 -16.0 -0.7 -0.5 -1.11 -1.08 -0.52 -0.34 0.228 0.293 0.211 0.18 0.249 0.459 0 0 0 0 0 0
1977-04-23T11:30:00 1977 4 23 11 30 0 0.41 0.51 370.0 8.2 2.05 0.0 0.0 0.0 0 0 2 2 2 1 1 1 1.3 1.62 -15.0 -0.7 -0.5 -1.11 -1.08 -0.52 -0.34 0.228 0.293 0.209 0.18 0.251 0.464 0 0 0 0 0 0
1977-04-23T12:30:00 1977 4 23 12 30 0 0.41 0.51 352.0 8.1 1.98 0.0 0.0 0.0 0 0 2 2 2 1 1 1 1.3 1.53 -13.0 -0.7 -0.5 -1.11 -1.08 -0.52 -0.34 0.227 0.293 0.208 0.178 0.244 0.447 0 0 0 0 0 0
1977-04-23T13:30:00 1977 4 23 13 30 0 0.41 0.51 352.9 8.1 1.98 0.0 0.0 0.0 0 0 1 1 1 0 1 1 1.3 1.44 -14.0 -0.7 -0.5 -1.11 -1.08 -0.52 -0.34 0.225 0.292 0.206 0.175 0.238 0.43 0 0 0 0 0 0
1977-04-23T14:30:00 1977 4 23 14 30 0 0.42 0.51 353.7 8.1 2.04 0.0 0.0 0.0 0 0 1 1 1 0 1 1 1.3 1.4 -15.0 -0.71 -0.5 -1.11 -1.09 -0.52 -0.34 0.225 0.292 0.205 0.174 0.236 0.425 0 0 0 0 0 0
1977-04-23T15:30:00 1977 4 23 15 30 0 0.42 0.51 354.6 8.0 2.23 0.0 0.0 0.0 0 0 1 1 1 0 1 1 1.0 1.31 -17.0 -0.71 -0.5 -1.11 -1.09 -0.52 -0.35 0.225 0.291 0.203 0.174 0.236 0.424 0 0 0 0 0 0
1977-04-23T16:30:00 1977 4 23 16 30 0 0.42 0.5 355.5 7.88 2.42 0.0 0.0 0.0 0 0 1 1 1 0 1 1 1.0 1.22 -17.0 -0.71 -0.5 -1.11 -1.09 -0.52 -0.35 0.224 0.29 0.202 0.174 0.236 0.422 0 0 0 0 0 0
1977-04-23T17:30:00 1977 4 23 17 30 0 0.42 0.5 356.3 7.77 2.61 0.0 0.0 0.0 0 0 1 1 1 0 1 1 1.0 1.18 -13.0 -0.71 -0.5 -1.11 -1.09 -0.52 -0.35 0.224 0.289 0.2 0.173 0.235 0.418 0 0 0 0 0 0
1977-04-23T18:30:00 1977 4 23 18 30 0 0.42 0.5 357.2 7.65 2.61 0.0 0.0 0.0 0 0 1 1 0 0 1 1 1.7 1.24 -14.0 -0.71 -0.5 -1.12 -1.09 -0.52 -0.35 0.223 0.287 0.199 0.173 0.235 0.413 0 0 0 0 0 0
1977-04-23T19:30:00 1977 4 23 19 30 0 0.43 0.5 358.0 7.59 2.61 0.0 0.0 0.0 0 0 1 0 0 0 1 0 1.7 1.29 -16.0 -0.71 -0.5 -1.12 -1.09 -0.52 -0.35 0.223 0.285 0.198 0.172 0.234 0.409 0 0 0 0 0 0
1977-04-23T20:30:00 1977 4 23 20 30 0 0.43 0.5 358.9 7.59 2.61 0.0 0.0 0.0 0 0 1 0 0 0 1 0 1.7 1.34 -18.0 -0.71 -0.5 -1.12 -1.09 -0.52 -0.35 0.222 0.285 0.197 0.172 0.235 0.408 0 0 0 0 0 0
1977-04-23T21:30:00 1977 4 23 21 30 0 0.43 0.49 359.8 7.6 2.61 0.0 0.0 0.0 0 0 1 0 0 0 1 0 1.7 1.4 -23.0 -0.71 -0.5 -1.12 -1.09 -0.52 -0.35 0.222 0.284 0.195 0.173 0.236 0.409 0 0 0 0 0 0
1977-04-23T22:30:00 1977 4 23 22 30 0 0.43 0.49 360.6 7.6 2.61 0.0 0.0 0.0 0 0 1 0 0 0 1 0 1.7 1.45 -26.0 -0.71 -0.5 -1.12 -1.1 -0.53 -0.35 0.222 0.284 0.194 0.174 0.238 0.411 0 0 0 0 0 0
1977-04-23T23:30:00 1977 4 23 23 30 0 0.44 0.49 361.5 7.6 2.61 0.0 0.0 0.0 0 0 1 0 0 0 1 0 1.7 1.53 -28.0 -0.71 -0.5 -1.12 -1.1 -0.53 -0.35 0.223 0.284 0.193 0.175 0.24 0.413 0 0 0 0 0 0
