1977-01-19T00:30:00 1977 1 19 0 30 0 -2.5 -2.9 364.0 9.4 2.3 1.5 4.04 3.57 2 2 2 2 2 2 2 2 3.0 1.04 -5.0 -2.9 -2.9 -2.9 -2.9 -2.9 -2.9 0.294 0.573 0.204 0.275 0.596 1.013 2 2 2 2 2 2
1977-01-19T01:30:00 1977 1 19 1 30 0 -2.5 -3.4 356.0 7.5 1.78 2.81 5.7 4.76 2 2 2 2 2 2 2 2 3.0 1.3 -9.0 -3.4 -3.4 -3.4 -3.4 -3.4 -3.4 0.473 0.799 0.218 0.471 0.77 1.26 2 2 2 2 2 2
1977-01-19T02:30:00 1977 1 19 2 30 0 -1.7 5.0 361.0 12.9 3.11 0.51 0.98 0.82 2 2 2 2 2 2 2 2 3.0 1.59 -9.0 5.0 5.0 5.0 5.0 5.0 5.0 0.348 0.452 0.213 0.284 0.293 0.623 2 2 2 2 2 2
1977-01-19T03:30:00 1977 1 19 3 30 0 -0.7 6.0 362.0 13.6 3.49 0.01 0.0 0.0 2 2 2 2 2 2 2 2 1.7 1.71 -2.0 6.0 6.0 6.0 6.0 6.0 6.0 0.236 0.224 0.206 0.159 0.093 0.259 2 2 2 2 2 2
1977-01-19T04:30:00 1977 1 19 4 30 0 0.1 6.6 363.0 12.8 3.27 0.0 0.0 0.0 2 2 2 2 2 2 2 2 1.7 1.83 -2.0 6.6 6.6 6.6 6.6 6.6 6.6 0.16 0.111 0.2 0.089 0.029 0.107 2 2 2 2 2 2
1977-01-19T05:30:00 1977 1 19 5 30 0 0.3 6.5 360.0 12.4 3.11 0.0 0.0 0.0 2 2 2 2 2 2 2 2 1.7 1.94 -2.0 6.5 6.5 6.5 6.5 6.5 6.5 0.108 0.055 0.194 0.05 0.009 0.044 2 2 2 2 2 2
1977-01-19T06:30:00 1977 1 19 6 30 0 1.0 6.8 370.0 9.7 2.45 0.0 0.0 0.0 2 2 2 2 2 2 2 2 1.0 1.97 -5.0 6.8 6.8 6.8 6.8 6.8 6.8 0.073 0.027 0.188 0.028 0.003 0.018 2 2 2 2 2 2
1977-01-19T07:30:00 1977 1 19 7 30 0 3.3 2.8 364.0 8.3 2.06 0.09 0.0 0.0 2 2 2 2 2 2 2 2 1.0 1.99 -5.0 2.8 2.8 2.8 2.8 2.8 2.8 0.05 0.014 0.182 0.016 0.001 0.008 2 2 2 2 2 2
1977-01-19T08:30:00 1977 1 19 8 30 0 4.1 2.6 373.0 10.5 2.75 0.42 0.0 0.0 2 2 2 2 2 2 2 2 1.0 1.74 0.0 2.6 2.6 2.6 2.6 2.6 2.6 0.034 0.007 0.177 0.009 0.0 0.003 2 2 2 2 2 2
1977-01-19T09:30:00 1977 1 19 9 30 0 5.2 2.5 364.0 10.4 2.56 0.78 0.0 0.0 2 2 2 2 2 2 2 2 1.3 1.53 3.0 2.5 2.5 2.5 2.5 2.5 2.5 0.023 0.003 0.171 0.005 0.0 0.001 2 2 2 2 2 2
1977-01-19T10:30:00 1977 1 19 10 30 0 4.2 1.9 350.0 13.8 3.14 0.81 0.0 0.0 2 2 2 2 2 2 2 2 1.3 1.33 6.0 1.9 1.9 1.9 1.9 1.9 1.9 0.015 0.002 0.166 0.003 0.0 0.001 2 2 2 2 2 2
1977-01-19T11:30:00 1977 1 19 11 30 0 2.7 5.4 344.0 11.0 2.39 0.26 0.0 0.0 2 2 2 2 2 2 2 2 1.3 1.28 2.0 5.4 5.4 5.4 5.4 5.4 5.4 0.01 0.001 0.161 0.002 0.0 0.0 2 2 2 2 2 2
1977-01-19T12:30:00 1977 1 19 12 30 0 4.8 4.2 346.0 10.1 2.29 0.28 0.0 0.0 2 2 2 2 2 2 2 2 0.3 1.11 3.0 4.2 4.2 4.2 4.2 4.2 4.2 0.007 0.0 0.156 0.001 0.0 0.0 2 2 2 2 2 2
1977-01-19T13:30:00 1977 1 19 13 30 0 -4.2 4.3 356.0 6.2 1.41 0.12 0.0 0.0 2 2 2 2 2 2 2 2 0.3 0.93 -1.0 4.3 4.3 4.3 4.3 4.3 4.3 0.005 0.0 0.151 0.0 0.0 0.0 2 2 2 2 2 2
1977-01-19T14:30:00 1977 1 19 14 30 0 -4.5 4.4 353.0 6.9 1.7 0.41 0.0 0.0 2 2 2 2 2 2 2 2 0.3 0.84 -1.0 4.4 4.4 4.4 4.4 4.4 4.4 0.003 0.0 0.147 0.0 0.0 0.0 2 2 2 2 2 2
1977-01-19T15:30:00 1977 1 19 15 30 0 -3.8 2.4 348.0 8.0 1.96 0.44 0.0 0.0 2 2 2 2 2 2 2 2 1.7 0.93 0.0 2.4 2.4 2.4 2.4 2.4 2.4 0.002 0.0 0.142 0.0 0.0 0.0 2 2 2 2 2 2
1977-01-19T16:30:00 1977 1 19 16 30 0 -4.4 -2.8 348.0 9.2 2.4 1.64 1.52 1.37 2 2 2 2 2 2 2 2 1.7 1.03 0.0 -2.8 -2.8 -2.8 -2.8 -2.8 -2.8 0.116 0.261 0.144 0.115 0.304 0.49 2 2 2 2 2 2
1977-01-19T17:30:00 1977 1 19 17 30 0 -1.5 -4.1 345.0 9.1 2.29 3.38 6.07 5.55 2 2 2 2 2 2 2 2 1.7 1.08 -6.0 -4.1 -4.1 -4.1 -4.1 -4.1 -4.1 0.389 0.718 0.162 0.44 0.731 1.17 2 2 2 2 2 2
1977-01-19T18:30:00 1977 1 19 18 30 0 -0.7 -3.8 341.0 9.4 2.27 3.16 6.75 6.25 2 2 2 2 2 2 2 2 2.7 1.27 -16.0 -3.8 -3.8 -3.8 -3.8 -3.8 -3.8 0.592 0.972 0.182 0.65 0.88 1.478 2 2 2 2 2 2
1977-01-19T19:30:00 1977 1 19 19 30 0 -1.5 -2.4 329.0 8.7 2.08 1.98 5.09 4.61 2 2 2 2 2 2 2 2 2.7 1.45 -25.0 -2.4 -2.4 -2.4 -2.4 -2.4 -2.4 0.644 0.97 0.192 0.623 0.764 1.356 2 2 2 2 2 2
1977-01-19T20:30:00 1977 1 19 20 30 0 -3.9 -1.4 329.0 8.3 1.84 1.5 3.06 2.6 2 2 2 2 2 2 2 2 2.7 1.75 -25.0 -1.4 -1.4 -1.4 -1.4 -1.4 -1.4 0.588 0.819 0.194 0.478 0.57 1.075 2 2 2 2 2 2
1977-01-19T21:30:00 1977 1 19 21 30 0 -0.4 -4.8 339.0 9.6 2.28 2.71 5.43 4.96 2 2 2 2 2 2 2 2 3.3 2.13 -22.0 -4.8 -4.8 -4.8 -4.8 -4.8 -4.8 0.7 0.994 0.209 0.638 0.801 1.366 2 2 2 2 2 2
1977-01-19T22:30:00 1977 1 19 22 30 0 -0.7 -5.3 343.0 10.1 2.37 4.9 8.65 8.54 2 2 2 2 2 2 2 2 3.3 2.49 -24.0 -5.3 -5.3 -5.3 -5.3 -5.3 -5.3 0.901 1.258 0.238 0.948 1.063 1.818 2 2 2 2 2 2
1977-01-19T23:30:00 1977 1 19 23 30 0 3.6 -3.8 350.0 15.5 3.44 4.4 7.78 10.02 2 2 2 2 2 2 2 2 3.3 2.69 -24.0 -3.8 -3.8 -3.8 -3.8 -3.8 -3.8 1.029 1.408 0.264 1.076 1.166 2.553 2 2 2 2 2 2
