1977-08-17T00:30:00 1977 8 17 0 30 0 5.4 2.1 520.0 5.3 2.96 1.38 0.07 0.04 2 2 2 2 2 2 2 2 2.0 2.07 -17.0 2.1 2.1 2.1 2.1 2.1 2.1 0.044 0.022 0.28 0.012 0.026 0.052 2 2 2 2 2 2
1977-08-17T01:30:00 1977 8 17 1 30 0 5.0 2.7 507.0 5.5 3.01 1.43 0.0 0.0 2 2 2 2 2 2 2 2 2.0 2.11 -15.0 2.7 2.7 2.7 2.7 2.7 2.7 0.03 0.011 0.271 0.007 0.008 0.022 2 2 2 2 2 2
1977-08-17T02:30:00 1977 8 17 2 30 0 7.9 0.8 509.0 6.7 3.53 3.02 0.0 0.0 2 2 2 2 2 2 2 2 2.0 2.07 -15.0 0.8 0.8 0.8 0.8 0.8 0.8 0.02 0.006 0.263 0.004 0.003 0.009 2 2 2 2 2 2
1977-08-17T03:30:00 1977 8 17 3 30 0 7.2 2.8 508.0 6.2 3.36 3.77 0.0 0.0 2 2 2 2 2 2 2 2 3.0 2.17 -18.0 2.8 2.8 2.8 2.8 2.8 2.8 0.014 0.003 0.255 0.002 0.001 0.004 2 2 2 2 2 2
1977-08-17T04:30:00 1977 8 17 4 30 0 7.9 1.8 506.0 9.7 4.89 3.55 0.0 0.0 2 2 2 2 2 2 2 2 3.0 2.26 -13.0 1.8 1.8 1.8 1.8 1.8 1.8 0.009 0.001 0.247 0.001 0.0 0.002 2 2 2 2 2 2
1977-08-17T05:30:00 1977 8 17 5 30 0 5.7 2.8 507.0 10.6 5.55 2.69 0.0 0.0 2 2 2 2 2 2 2 2 3.0 2.39 -15.0 2.8 2.8 2.8 2.8 2.8 2.8 0.006 0.001 0.24 0.001 0.0 0.001 2 2 2 2 2 2
1977-08-17T06:30:00 1977 8 17 6 30 0 8.8 -2.6 519.0 7.2 4.22 5.89 1.91 1.46 2 2 2 2 2 2 2 2 4.0 2.65 -12.0 -2.6 -2.6 -2.6 -2.6 -2.6 -2.6 0.13 0.221 0.244 0.15 0.463 0.855 2 2 2 2 2 2
1977-08-17T07:30:00 1977 8 17 7 30 0 6.2 -4.3 535.0 7.4 4.51 11.15 9.3 6.8 2 2 2 2 2 2 2 2 4.0 2.9 -18.0 -4.3 -4.3 -4.3 -4.3 -4.3 -4.3 0.495 0.692 0.294 0.684 1.318 2.412 2 2 2 2 2 2
1977-08-17T08:30:00 1977 8 17 8 30 0 4.8 -5.5 553.0 6.6 4.1 11.95 13.49 9.37 2 2 2 2 2 2 2 2 4.0 3.15 -26.0 -5.5 -5.5 -5.5 -5.5 -5.5 -5.5 0.87 1.041 0.375 1.286 1.891 3.385 2 2 2 2 2 2
1977-08-17T09:30:00 1977 8 17 9 30 0 4.0 -5.1 561.0 7.0 4.74 11.65 14.72 10.03 2 2 2 2 2 2 2 2 5.7 3.62 -35.0 -5.1 -5.1 -5.1 -5.1 -5.1 -5.1 1.146 1.229 0.464 1.676 2.137 3.949 2 2 2 2 2 2
1977-08-17T10:30:00 1977 8 17 10 30 0 1.0 -6.5 606.0 6.7 5.01 12.11 17.17 11.73 2 2 2 2 2 2 2 2 5.7 4.08 -39.0 -6.5 -6.5 -6.5 -6.5 -6.5 -6.5 1.432 1.4 0.584 2.172 2.553 4.761 2 2 2 2 2 2
1977-08-17T11:30:00 1977 8 17 11 30 0 5.4 -1.4 605.0 6.8 5.07 7.68 11.32 7.63 2 2 2 2 2 2 2 2 5.7 4.42 -44.0 -1.4 -1.4 -1.4 -1.4 -1.4 -1.4 1.346 1.181 0.634 1.768 1.929 4.15 2 2 2 2 2 2
1977-08-17T12:30:00 1977 8 17 12 30 0 3.4 -1.5 613.0 6.3 4.93 3.83 4.43 2.89 2 2 2 2 2 2 2 2 5.0 4.66 -32.0 -1.5 -1.5 -1.5 -1.5 -1.5 -1.5 1.105 0.887 0.637 1.192 1.332 3.203 2 2 2 2 2 2
1977-08-17T13:30:00 1977 8 17 13 30 0 1.9 0.4 635.0 4.7 3.91 1.26 1.65 0.96 2 2 2 2 2 2 2 2 5.0 4.9 -22.0 0.4 0.4 0.4 0.4 0.4 0.4 0.8 0.526 0.623 0.706 0.604 1.755 2 2 2 2 2 2
1977-08-17T14:30:00 1977 8 17 14 30 0 -1.1 -2.6 658.0 4.7 4.13 1.02 4.03 1.9 2 2 2 2 2 2 2 2 5.0 5.02 -28.0 -2.6 -2.6 -2.6 -2.6 -2.6 -2.6 0.729 0.534 0.629 0.624 0.96 1.92 2 2 2 2 2 2
1977-08-17T15:30:00 1977 8 17 15 30 0 1.3 -0.2 641.0 4.6 3.88 0.95 4.23 1.97 2 2 2 2 2 2 2 2 4.3 5.05 -34.0 -0.2 -0.2 -0.2 -0.2 -0.2 -0.2 0.621 0.451 0.626 0.475 0.763 1.614 2 2 2 2 2 2
1977-08-17T16:30:00 1977 8 17 16 30 0 4.6 -2.1 655.0 4.5 3.84 2.6 4.0 1.81 2 2 2 2 2 2 2 2 4.3 5.07 -35.0 -2.1 -2.1 -2.1 -2.1 -2.1 -2.1 0.594 0.481 0.629 0.46 0.951 1.765 2 2 2 2 2 2
1977-08-17T17:30:00 1977 8 17 17 30 0 1.7 2.9 636.0 4.1 3.36 1.46 1.15 0.51 2 2 2 2 2 2 2 2 4.3 4.9 -39.0 2.9 2.9 2.9 2.9 2.9 2.9 0.426 0.272 0.612 0.276 0.373 0.869 2 2 2 2 2 2
1977-08-17T18:30:00 1977 8 17 18 30 0 2.0 1.7 624.0 3.5 2.72 0.13 0.0 0.0 2 2 2 2 2 2 2 2 3.0 4.55 -35.0 1.7 1.7 1.7 1.7 1.7 1.7 0.288 0.135 0.594 0.155 0.118 0.361 2 2 2 2 2 2
1977-08-17T19:30:00 1977 8 17 19 30 0 1.3 2.9 636.0 3.5 2.84 0.09 0.0 0.0 2 2 2 2 2 2 2 2 3.0 4.21 -32.0 2.9 2.9 2.9 2.9 2.9 2.9 0.195 0.067 0.576 0.087 0.037 0.15 2 2 2 2 2 2
1977-08-17T20:30:00 1977 8 17 20 30 0 1.9 -1.7 642.0 3.1 2.57 0.52 1.25 0.39 2 2 2 2 2 2 2 2 3.0 3.96 -34.0 -1.7 -1.7 -1.7 -1.7 -1.7 -1.7 0.198 0.14 0.565 0.119 0.327 0.407 2 2 2 2 2 2
1977-08-17T21:30:00 1977 8 17 21 30 0 3.0 -2.3 646.0 2.9 2.38 2.86 6.52 1.95 2 2 2 2 2 2 2 2 3.3 3.75 -44.0 -2.3 -2.3 -2.3 -2.3 -2.3 -2.3 0.337 0.339 0.578 0.315 0.84 0.918 2 2 2 2 2 2
1977-08-17T22:30:00 1977 8 17 22 30 0 2.9 -0.9 638.0 3.2 2.45 2.61 4.95 1.5 2 2 2 2 2 2 2 2 3.3 3.55 -44.0 -0.9 -0.9 -0.9 -0.9 -0.9 -0.9 0.371 0.371 0.578 0.321 0.791 0.987 2 2 2 2 2 2
1977-08-17T23:30:00 1977 8 17 23 30 0 3.9 0.3 648.0 3.2 2.55 1.75 0.96 0.31 2 2 2 2 2 2 2 2 3.3 3.43 -36.0 0.3 0.3 0.3 0.3 0.3 0.3 0.275 0.224 0.563 0.195 0.34 0.546 2 2 2 2 2 2
