1977-11-03T00:30:00 1977 11 3 0 30 0 -0.7 1.0 431.0 4.6 1.69 0.01 0.0 0.0 2 2 2 2 2 2 2 2 0.3 1.5 -16.0 1.0 1.0 1.0 1.0 1.0 1.0 0.047 0.017 0.083 0.02 0.003 0.013 0 0 1 0 1 1
1977-11-03T01:30:00 1977 11 3 1 30 0 -0.9 0.5 435.0 4.5 1.71 0.02 0.0 0.0 2 2 2 2 2 2 2 2 0.3 1.4 -19.0 0.5 0.5 0.5 0.5 0.5 0.5 0.032 0.008 0.08 0.011 0.001 0.005 0 0 1 0 1 1
1977-11-03T02:30:00 1977 11 3 2 30 0 0.3 0.1 440.0 3.5 1.37 0.01 0.0 0.0 2 2 2 2 2 2 2 2 0.3 1.15 -22.0 0.1 0.1 0.1 0.1 0.1 0.1 0.022 0.004 0.078 0.006 0.0 0.002 0 0 1 0 1 1
1977-11-03T03:30:00 1977 11 3 3 30 0 0.1 0.0 445.0 4.1 1.62 0.0 0.0 0.0 2 2 2 2 2 2 2 2 1.7 1.09 -20.0 0.0 0.0 0.0 0.0 0.0 0.0 0.015 0.002 0.075 0.004 0.0 0.001 0 0 1 0 1 1
1977-11-03T04:30:00 1977 11 3 4 30 0 -0.6 -0.4 435.0 4.7 1.82 0.03 0.47 0.21 2 2 2 2 2 2 2 2 1.7 1.03 -17.0 -0.4 -0.4 -0.4 -0.4 -0.4 -0.4 0.039 0.077 0.074 0.015 0.116 0.172 2 2 1 2 2 2
1977-11-03T05:30:00 1977 11 3 5 30 0 -2.7 0.2 427.0 4.9 1.82 0.31 0.25 0.12 2 2 2 2 2 2 2 2 1.7 1.08 -17.0 0.2 0.2 0.2 0.2 0.2 0.2 0.035 0.062 0.072 0.012 0.065 0.124 2 2 1 2 2 2
1977-11-03T06:30:00 1977 11 3 6 30 0 -2.7 0.16 375.0 4.9 1.82 0.55 0.0 0.0 1 1 2 1 1 1 2 1 1.0 1.05 -20.0 0.0 0.04 -0.09 -0.08 0.04 0.08 0.024 0.031 0.07 0.007 0.021 0.051 2 2 1 2 2 2
1977-11-03T07:30:00 1977 11 3 7 30 0 -2.01 -0.01 372.0 4.96 1.81 0.41 0.0 0.0 1 1 2 1 1 1 2 1 1.0 1.01 -22.0 -0.76 -0.55 -1.15 -1.13 -0.57 -0.39 0.061 0.108 0.07 0.049 0.122 0.14 1 1 1 1 1 1
1977-11-03T08:30:00 1977 11 3 8 30 0 -1.28 -0.04 396.0 5.05 1.76 0.22 0.05 0.03 1 0 2 1 1 1 1 1 1.0 1.09 -21.0 -0.9 -0.66 -1.35 -1.32 -0.68 -0.47 0.118 0.193 0.074 0.112 0.219 0.251 0 0 1 0 0 0
1977-11-03T09:30:00 1977 11 3 9 30 0 -1.46 -0.04 396.0 5.15 1.72 0.17 0.08 0.04 1 0 2 1 1 1 1 1 1.0 1.17 -18.0 -0.9 -0.66 -1.35 -1.32 -0.68 -0.47 0.161 0.242 0.079 0.156 0.262 0.317 0 0 1 0 0 0
1977-11-03T10:30:00 1977 11 3 10 30 0 -2.42 0.1 406.0 5.24 1.67 0.33 0.01 0.0 1 1 2 1 1 1 2 1 1.0 1.25 -16.0 -0.66 -0.45 -1.05 -1.03 -0.47 -0.29 0.18 0.245 0.082 0.165 0.251 0.323 1 1 1 1 1 1
1977-11-03T11:30:00 1977 11 3 11 30 0 -3.2 0.81 392.0 5.3 1.66 0.52 0.0 0.0 1 1 2 1 1 1 2 1 1.0 1.17 -14.0 0.64 0.69 0.56 0.56 0.68 0.72 0.13 0.133 0.08 0.102 0.092 0.145 1 1 1 1 1 1
1977-11-03T12:30:00 1977 11 3 12 30 0 -3.2 1.0 403.0 5.3 1.66 0.56 0.0 0.0 2 2 2 2 2 2 2 2 0.3 0.99 -14.0 1.0 1.0 1.0 1.0 1.0 1.0 0.088 0.066 0.078 0.057 0.029 0.06 1 1 1 1 1 1
1977-11-03T13:30:00 1977 11 3 13 30 0 -2.9 0.1 390.0 5.9 1.72 0.59 0.0 0.0 2 2 2 2 2 2 2 2 0.3 0.82 -13.0 0.1 0.1 0.1 0.1 0.1 0.1 0.059 0.033 0.075 0.032 0.009 0.025 1 1 1 1 1 1
1977-11-03T14:30:00 1977 11 3 14 30 0 -2.9 0.08 375.0 6.5 1.73 0.63 0.0 0.0 1 1 2 2 2 1 2 2 0.3 0.73 -13.0 -0.08 -0.04 -0.17 -0.16 -0.04 -0.01 0.045 0.026 0.073 0.021 0.015 0.021 1 1 1 1 1 1
1977-11-03T15:30:00 1977 11 3 15 30 0 -3.1 -0.01 374.0 7.3 1.95 0.69 0.0 0.0 1 1 2 2 2 1 2 2 1.3 0.77 -11.0 -0.77 -0.56 -1.16 -1.14 -0.58 -0.4 0.086 0.13 0.074 0.067 0.148 0.22 1 1 1 1 1 1
1977-11-03T16:30:00 1977 11 3 16 30 0 -3.3 0.0 372.0 6.9 1.84 0.79 0.01 0.01 1 1 2 2 2 1 2 2 1.3 0.81 -11.0 -0.76 -0.55 -1.15 -1.13 -0.57 -0.39 0.134 0.213 0.078 0.118 0.224 0.342 1 1 1 1 1 1
1977-11-03T17:30:00 1977 11 3 17 30 0 -3.5 0.16 369.5 6.65 1.78 0.84 0.0 0.0 1 1 1 1 1 1 1 1 1.3 0.86 -13.0 -0.01 0.04 -0.09 -0.08 0.03 0.07 0.12 0.161 0.077 0.091 0.13 0.229 1 1 1 1 1 1
1977-11-03T18:30:00 1977 11 3 18 30 0 -3.5 0.2 367.0 6.4 1.72 0.85 0.0 0.0 2 2 2 2 2 2 2 2 1.0 0.86 -16.0 0.2 0.2 0.2 0.2 0.2 0.2 0.081 0.08 0.075 0.051 0.041 0.095 1 1 1 1 1 1
1977-11-03T19:30:00 1977 11 3 19 30 0 -2.85 0.16 352.5 5.9 1.57 0.67 0.0 0.0 1 1 1 1 1 1 1 1 1.0 0.86 -15.0 0.0 0.04 -0.09 -0.08 0.04 0.08 0.055 0.04 0.072 0.029 0.013 0.039 1 1 1 1 1 1
1977-11-03T20:30:00 1977 11 3 20 30 0 -1.45 0.18 338.0 5.4 1.43 0.29 0.0 0.0 1 1 2 1 1 1 2 1 1.0 0.94 -12.0 -0.47 -0.29 -0.81 -0.79 -0.31 -0.16 0.066 0.08 0.072 0.043 0.071 0.076 1 1 1 1 1 1
1977-11-03T21:30:00 1977 11 3 21 30 0 -0.05 1.05 362.0 4.9 1.28 0.03 0.0 0.0 1 1 2 2 2 1 2 2 0.3 0.94 -13.0 0.89 0.93 0.8 0.81 0.93 0.97 0.048 0.04 0.07 0.027 0.023 0.031 1 1 1 1 1 1
1977-11-03T22:30:00 1977 11 3 22 30 0 0.6 1.3 368.0 4.2 1.2 0.0 0.0 0.0 2 2 2 2 2 2 2 2 0.3 0.93 -12.0 1.3 1.3 1.3 1.3 1.3 1.3 0.032 0.02 0.068 0.015 0.007 0.013 1 1 1 1 1 1
1977-11-03T23:30:00 1977 11 3 23 30 0 -0.3 0.5 367.0 3.6 0.92 0.0 0.0 0.0 2 2 2 2 2 2 2 2 0.3 0.8 -12.0 0.5 0.5 0.5 0.5 0.5 0.5 0.022 0.01 0.066 0.009 0.002 0.005 1 1 1 1 1 1
