1977-07-05T00:30:00 1977 7 5 0 30 0 0.34 0.13 327.0 4.0 0.86 0.0 0.0 0.0 0 0 2 2 2 1 1 1 1.7 1.86 -24.0 -0.69 -0.5 -1.05 -1.03 -0.52 -0.36 0.164 0.21 0.217 0.113 0.16 0.153 0 0 1 0 0 0
1977-07-05T01:30:00 1977 7 5 1 30 0 0.34 0.13 321.0 3.9 1.25 0.0 0.0 0.0 0 0 2 2 2 1 1 1 1.7 1.94 -23.0 -0.69 -0.5 -1.05 -1.03 -0.52 -0.36 0.161 0.208 0.214 0.11 0.154 0.144 0 0 1 0 0 0
1977-07-05T02:30:00 1977 7 5 2 30 0 0.34 0.13 318.0 4.3 1.59 0.0 0.0 0.0 0 0 2 2 2 1 1 1 1.7 2.02 -18.0 -0.69 -0.5 -1.05 -1.03 -0.52 -0.36 0.159 0.21 0.21 0.109 0.153 0.144 0 0 1 0 0 0
1977-07-05T03:30:00 1977 7 5 3 30 0 0.34 0.12 317.0 3.9 1.03 0.0 0.0 0.0 0 0 2 2 2 1 1 1 0.3 1.91 -14.0 -0.69 -0.5 -1.05 -1.03 -0.52 -0.36 0.157 0.208 0.206 0.107 0.15 0.139 0 0 1 0 0 0
1977-07-05T04:30:00 1977 7 5 4 30 0 0.33 0.12 317.0 4.1 0.82 0.0 0.0 0.0 0 0 2 2 2 1 1 1 0.3 1.81 -10.0 -0.69 -0.5 -1.05 -1.03 -0.52 -0.36 0.156 0.208 0.202 0.106 0.149 0.137 0 0 1 0 0 0
1977-07-05T05:30:00 1977 7 5 5 30 0 0.33 0.12 328.0 4.6 1.21 0.0 0.0 0.0 0 0 2 2 2 1 1 1 0.3 1.47 -5.0 -0.69 -0.5 -1.05 -1.03 -0.52 -0.36 0.158 0.213 0.199 0.109 0.157 0.153 0 0 1 0 0 0
1977-07-05T06:30:00 1977 7 5 6 30 0 0.33 0.12 314.0 4.3 1.2 0.0 0.0 0.0 0 0 2 2 2 1 1 1 0.3 1.14 -6.0 -0.69 -0.5 -1.05 -1.03 -0.52 -0.36 0.158 0.215 0.196 0.109 0.156 0.153 0 0 1 0 0 0
1977-07-05T07:30:00 1977 7 5 7 30 0 0.33 0.12 308.0 4.2 1.16 0.0 0.0 0.0 0 0 2 2 2 1 1 1 0.3 0.81 -7.0 -0.69 -0.5 -1.05 -1.03 -0.52 -0.36 0.157 0.213 0.192 0.107 0.149 0.144 0 0 1 0 0 0
1977-07-05T08:30:00 1977 7 5 8 30 0 0.33 0.12 325.0 4.6 0.97 0.0 0.0 0.0 0 0 2 2 2 1 1 1 0.3 0.64 -8.0 -0.69 -0.5 -1.05 -1.03 -0.52 -0.36 0.158 0.215 0.189 0.109 0.155 0.153 0 0 1 0 0 0
1977-07-05T09:30:00 1977 7 5 9 30 0 0.33 0.12 331.0 4.7 1.03 0.0 0.0 0.0 0 0 2 2 2 1 1 1 1.7 0.65 -9.0 -0.69 -0.5 -1.05 -1.03 -0.52 -0.36 0.161 0.219 0.186 0.113 0.164 0.169 0 0 1 0 0 0
1977-07-05T10:30:00 1977 7 5 10 30 0 0.33 0.11 330.0 4.9 1.0 0.0 0.0 0.0 0 0 2 2 2 1 1 1 1.7 0.66 -9.0 -0.69 -0.5 -1.05 -1.03 -0.52 -0.36 0.164 0.223 0.184 0.116 0.169 0.181 0 0 1 0 0 0
1977-07-05T11:30:00 1977 7 5 11 30 0 0.32 0.11 341.0 6.7 1.59 0.0 0.0 0.0 0 0 2 2 2 1 1 1 1.7 0.84 -8.0 -0.69 -0.5 -1.05 -1.03 -0.52 -0.36 0.172 0.239 0.182 0.124 0.188 0.235 0 0 1 0 0 0
1977-07-05T12:30:00 1977 7 5 12 30 0 0.32 0.11 362.0 7.6 1.88 0.0 0.0 0.0 0 0 2 2 2 1 1 1 1.7 1.02 -5.0 -0.69 -0.5 -1.05 -1.03 -0.52 -0.36 0.184 0.259 0.18 0.138 0.216 0.324 0 0 1 0 0 0
1977-07-05T13:30:00 1977 7 5 13 30 0 0.32 0.11 355.0 8.8 2.0 0.0 0.0 0.0 0 0 2 2 2 1 1 1 1.7 1.19 -9.0 -0.69 -0.5 -1.06 -1.03 -0.52 -0.36 0.197 0.278 0.179 0.15 0.235 0.409 0 0 1 0 0 0
1977-07-05T14:30:00 1977 7 5 14 30 0 0.32 0.11 344.0 9.4 2.01 0.0 0.0 0.0 0 0 2 2 2 1 1 1 1.7 1.36 -11.0 -0.69 -0.5 -1.06 -1.03 -0.52 -0.36 0.207 0.293 0.178 0.158 0.24 0.457 0 0 1 0 0 0
1977-07-05T15:30:00 1977 7 5 15 30 0 0.32 0.11 338.0 6.9 1.77 0.0 0.0 0.0 0 0 2 2 2 1 1 1 2.3 1.61 -14.0 -0.69 -0.5 -1.06 -1.03 -0.52 -0.36 0.207 0.288 0.177 0.155 0.223 0.406 0 0 1 0 0 0
1977-07-05T16:30:00 1977 7 5 16 30 0 0.32 0.11 342.0 7.2 1.64 0.0 0.0 0.0 0 0 2 2 2 1 1 1 2.3 1.86 -11.0 -0.69 -0.5 -1.06 -1.03 -0.52 -0.36 0.206 0.28 0.176 0.151 0.215 0.365 0 0 1 0 0 0
1977-07-05T17:30:00 1977 7 5 17 30 0 0.31 0.1 344.0 8.0 1.8 0.0 0.0 0.0 0 0 2 2 2 1 1 1 2.3 1.93 -8.0 -0.69 -0.5 -1.06 -1.03 -0.52 -0.36 0.207 0.282 0.174 0.152 0.219 0.375 0 0 1 0 0 0
1977-07-05T18:30:00 1977 7 5 18 30 0 0.31 0.1 347.0 7.1 1.57 0.0 0.0 0.0 0 0 2 2 2 1 1 1 1.7 1.93 -9.0 -0.69 -0.5 -1.06 -1.03 -0.52 -0.36 0.207 0.28 0.173 0.152 0.219 0.37 0 0 1 0 0 0
1977-07-05T19:30:00 1977 7 5 19 30 0 0.31 0.1 340.0 7.3 1.59 0.0 0.0 0.0 0 0 2 2 2 1 1 1 1.7 1.93 -17.0 -0.69 -0.5 -1.06 -1.03 -0.52 -0.36 0.206 0.278 0.172 0.15 0.215 0.357 0 0 1 0 0 0
1977-07-05T20:30:00 1977 7 5 20 30 0 0.31 0.1 339.0 7.2 1.55 0.0 0.0 0.0 0 0 2 2 2 1 1 1 1.7 1.92 -19.0 -0.69 -0.5 -1.06 -1.03 -0.52 -0.36 0.205 0.276 0.17 0.148 0.212 0.347 0 0 1 0 0 0
1977-07-05T21:30:00 1977 7 5 21 30 0 0.31 0.1 354.0 6.8 1.59 0.0 0.0 0.0 0 0 2 2 2 1 1 1 1.3 1.87 -18.0 -0.69 -0.5 -1.06 -1.03 -0.52 -0.36 0.205 0.274 0.169 0.149 0.216 0.346 0 0 1 0 0 0
1977-07-05T22:30:00 1977 7 5 22 30 0 0.31 0.1 352.0 7.0 1.74 0.0 0.0 0.0 0 0 2 2 2 1 1 1 1.3 1.81 -18.0 -0.69 -0.5 -1.06 -1.03 -0.52 -0.36 0.205 0.272 0.168 0.15 0.219 0.35 0 0 1 0 0 0
1977-07-05T23:30:00 1977 7 5 23 30 0 0.31 0.1 352.0 6.6 1.69 0.0 0.0 0.0 0 0 2 2 2 1 1 1 1.3 1.69 -17.0 -0.69 -0.5 -1.06 -1.03 -0.52 -0.36 0.205 0.27 0.167 0.149 0.218 0.343 0 0 1 0 0 0
