1995-07-22T00:30:00 1995 7 22 0 30 0 2.0 -1.3 359.0 2.0 0.52 0.77 1.12 0.24 2 2 2 2 2 2 2 2 0.7 1.15 -13.0 -1.3 -1.3 -1.3 -1.3 -1.3 -1.3 0.087 0.12 0.171 0.041 0.134 0.075 2 2 2 2 2 2
1995-07-22T01:30:00 1995 7 22 1 30 0 1.0 -1.1 350.0 1.8 0.44 0.56 2.11 0.4 2 2 2 2 2 2 2 2 0.7 1.03 -13.0 -1.1 -1.1 -1.1 -1.1 -1.1 -1.1 0.122 0.191 0.169 0.068 0.195 0.102 2 2 2 2 2 2
1995-07-22T02:30:00 1995 7 22 2 30 0 0.9 -2.0 371.0 2.3 0.63 0.68 2.88 0.6 2 2 2 2 2 2 2 2 0.7 0.96 -12.0 -2.0 -2.0 -2.0 -2.0 -2.0 -2.0 0.177 0.277 0.169 0.12 0.289 0.157 2 2 2 2 2 2
1995-07-22T03:30:00 1995 7 22 3 30 0 0.4 -1.9 374.0 2.8 0.78 0.9 3.63 0.93 2 2 2 2 2 2 2 2 1.7 1.01 -14.0 -1.9 -1.9 -1.9 -1.9 -1.9 -1.9 0.236 0.357 0.171 0.174 0.366 0.231 2 2 2 2 2 2
1995-07-22T04:30:00 1995 7 22 4 30 0 2.4 -1.1 361.0 3.4 0.89 0.78 2.7 0.83 2 2 2 2 2 2 2 2 1.7 1.07 -13.0 -1.1 -1.1 -1.1 -1.1 -1.1 -1.1 0.252 0.364 0.171 0.17 0.337 0.262 2 2 2 2 2 2
1995-07-22T05:30:00 1995 7 22 5 30 0 2.1 -1.0 354.0 3.3 0.83 0.77 1.87 0.63 2 2 2 2 2 2 2 2 1.7 1.16 -11.0 -1.0 -1.0 -1.0 -1.0 -1.0 -1.0 0.242 0.34 0.168 0.145 0.288 0.252 2 2 2 2 2 2
1995-07-22T06:30:00 1995 7 22 6 30 0 3.7 0.8 370.0 7.2 1.76 0.68 0.42 0.18 2 2 2 2 2 2 2 2 1.0 1.16 -2.0 0.8 0.8 0.8 0.8 0.8 0.8 0.176 0.2 0.164 0.087 0.121 0.147 2 2 2 2 2 2
1995-07-22T07:30:00 1995 7 22 7 30 0 6.2 0.9 383.0 8.9 2.27 1.51 0.0 0.0 2 2 2 2 2 2 2 2 1.0 1.16 2.0 0.9 0.9 0.9 0.9 0.9 0.9 0.119 0.099 0.159 0.048 0.038 0.061 2 2 2 2 2 2
1995-07-22T08:30:00 1995 7 22 8 30 0 7.6 1.3 392.0 9.9 3.04 2.8 0.0 0.0 2 2 2 2 2 2 2 2 1.0 1.19 3.0 1.3 1.3 1.3 1.3 1.3 1.3 0.081 0.049 0.154 0.027 0.012 0.025 2 2 2 2 2 2
1995-07-22T09:30:00 1995 7 22 9 30 0 7.2 3.5 400.0 11.9 3.43 2.52 0.0 0.0 2 2 2 2 2 2 2 2 1.0 1.22 5.0 3.5 3.5 3.5 3.5 3.5 3.5 0.055 0.024 0.149 0.015 0.004 0.01 2 2 2 2 2 2
1995-07-22T10:30:00 1995 7 22 10 30 0 7.8 1.2 397.0 14.3 4.03 2.77 0.0 0.0 2 2 2 2 2 2 2 2 1.0 1.25 8.0 1.2 1.2 1.2 1.2 1.2 1.2 0.037 0.012 0.145 0.009 0.001 0.004 2 2 2 2 2 2
1995-07-22T11:30:00 1995 7 22 11 30 0 7.5 0.5 391.0 15.6 4.32 3.64 0.0 0.0 2 2 2 2 2 2 2 2 1.0 1.17 10.0 0.5 0.5 0.5 0.5 0.5 0.5 0.025 0.006 0.14 0.005 0.0 0.002 2 2 2 2 2 2
1995-07-22T12:30:00 1995 7 22 12 30 0 7.0 -1.6 387.0 16.2 4.36 4.38 1.31 2.11 2 2 2 2 2 2 2 2 2.0 1.21 11.0 -1.6 -1.6 -1.6 -1.6 -1.6 -1.6 0.135 0.291 0.142 0.101 0.366 1.186 2 2 2 2 2 2
1995-07-22T13:30:00 1995 7 22 13 30 0 5.7 -0.8 386.0 19.4 5.19 3.9 2.25 4.0 2 2 2 2 2 2 2 2 2.0 1.26 12.0 -0.8 -0.8 -0.8 -0.8 -0.8 -0.8 0.244 0.501 0.145 0.174 0.53 2.07 2 2 2 2 2 2
1995-07-22T14:30:00 1995 7 22 14 30 0 5.5 -0.7 379.0 15.9 4.57 2.84 1.43 2.5 2 2 2 2 2 2 2 2 2.0 1.39 6.0 -0.7 -0.7 -0.7 -0.7 -0.7 -0.7 0.272 0.519 0.145 0.166 0.478 2.013 2 2 2 2 2 2
1995-07-22T15:30:00 1995 7 22 15 30 0 5.3 1.5 367.0 8.1 1.97 1.88 0.16 0.23 2 2 2 2 2 2 2 2 2.0 1.51 -1.0 1.5 1.5 1.5 1.5 1.5 1.5 0.189 0.274 0.141 0.095 0.166 0.9 2 2 2 2 2 2
1995-07-22T16:30:00 1995 7 22 16 30 0 5.9 -0.4 371.0 8.9 2.22 2.04 0.11 0.1 2 2 2 2 2 2 2 2 2.0 1.64 1.0 -0.4 -0.4 -0.4 -0.4 -0.4 -0.4 0.142 0.178 0.137 0.06 0.108 0.488 2 2 2 2 2 2
1995-07-22T17:30:00 1995 7 22 17 30 0 3.0 -3.8 387.0 5.9 1.77 3.29 4.28 2.95 2 2 2 2 2 2 2 2 2.0 1.76 -3.0 -3.8 -3.8 -3.8 -3.8 -3.8 -3.8 0.318 0.504 0.149 0.286 0.567 0.894 2 2 2 2 2 2
1995-07-22T18:30:00 1995 7 22 18 30 0 3.9 -2.7 383.0 6.0 1.76 3.72 6.17 3.67 2 2 2 2 2 2 2 2 2.0 1.88 -7.0 -2.7 -2.7 -2.7 -2.7 -2.7 -2.7 0.462 0.685 0.165 0.444 0.725 1.018 2 2 2 2 2 2
1995-07-22T19:30:00 1995 7 22 19 30 0 -0.1 0.0 387.0 6.7 2.01 1.0 2.38 1.49 2 2 2 2 2 2 2 2 2.0 2.0 -10.0 0.0 0.0 0.0 0.0 0.0 0.0 0.397 0.506 0.165 0.316 0.417 0.707 2 2 2 2 2 2
1995-07-22T20:30:00 1995 7 22 20 30 0 4.1 -0.5 392.0 5.3 1.63 0.6 0.53 0.3 2 2 2 2 2 2 2 2 2.0 2.0 -13.0 -0.5 -0.5 -0.5 -0.5 -0.5 -0.5 0.303 0.347 0.161 0.194 0.255 0.487 2 2 2 2 2 2
1995-07-22T21:30:00 1995 7 22 21 30 0 5.7 -0.4 396.0 4.9 1.54 2.2 0.88 0.45 2 2 2 2 2 2 2 2 1.3 1.91 -13.0 -0.4 -0.4 -0.4 -0.4 -0.4 -0.4 0.248 0.281 0.157 0.13 0.219 0.399 2 2 2 2 2 2
1995-07-22T22:30:00 1995 7 22 22 30 0 5.6 -0.9 398.0 5.2 1.41 2.94 1.33 0.68 2 2 2 2 2 2 2 2 1.3 1.82 -12.0 -0.9 -0.9 -0.9 -0.9 -0.9 -0.9 0.236 0.297 0.155 0.117 0.277 0.438 2 2 2 2 2 2
1995-07-22T23:30:00 1995 7 22 23 30 0 2.4 -2.9 391.0 4.7 1.44 2.69 3.9 1.91 2 2 2 2 2 2 2 2 1.3 1.73 -13.0 -2.9 -2.9 -2.9 -2.9 -2.9 -2.9 0.333 0.469 0.163 0.245 0.518 0.627 2 2 2 2 2 2
