1995-10-08T00:30:00 1995 10 8 0 30 0 3.2 -2.2 583.0 2.1 1.43 2.12 4.34 0.88 2 2 2 2 2 2 2 2 3.3 2.82 -45.0 -2.2 -2.2 -2.2 -2.2 -2.2 -2.2 0.338 0.348 0.533 0.264 0.625 0.492 2 2 2 2 2 2
1995-10-08T01:30:00 1995 10 8 1 30 0 3.5 -1.0 563.0 2.0 1.27 2.71 4.44 0.91 2 2 2 2 2 2 2 2 3.3 2.82 -43.0 -1.0 -1.0 -1.0 -1.0 -1.0 -1.0 0.342 0.34 0.529 0.256 0.573 0.475 2 2 2 2 2 2
1995-10-08T02:30:00 1995 10 8 2 30 0 4.2 -0.4 558.0 2.2 1.37 2.22 1.89 0.4 2 2 2 2 2 2 2 2 3.3 2.95 -42.0 -0.4 -0.4 -0.4 -0.4 -0.4 -0.4 0.285 0.264 0.516 0.18 0.388 0.372 2 2 2 2 2 2
1995-10-08T03:30:00 1995 10 8 3 30 0 1.9 -1.1 571.0 2.1 1.37 1.55 2.21 0.47 2 2 2 2 2 2 2 2 3.7 3.12 -41.0 -1.1 -1.1 -1.1 -1.1 -1.1 -1.1 0.267 0.256 0.507 0.16 0.411 0.38 2 2 2 2 2 2
1995-10-08T04:30:00 1995 10 8 4 30 0 2.1 -1.9 584.0 2.3 1.57 1.58 4.44 0.98 2 2 2 2 2 2 2 2 3.7 3.3 -41.0 -1.9 -1.9 -1.9 -1.9 -1.9 -1.9 0.315 0.324 0.506 0.23 0.601 0.514 2 2 2 2 2 2
1995-10-08T05:30:00 1995 10 8 5 30 0 3.3 -2.4 524.0 1.9 1.04 2.84 5.97 1.24 2 2 2 2 2 2 2 2 3.7 3.38 -48.0 -2.4 -2.4 -2.4 -2.4 -2.4 -2.4 0.375 0.39 0.509 0.313 0.685 0.527 2 2 2 2 2 2
1995-10-08T06:30:00 1995 10 8 6 30 0 3.8 -1.7 524.0 2.1 1.15 3.23 5.29 1.06 2 2 2 2 2 2 2 2 3.3 3.42 -54.0 -1.7 -1.7 -1.7 -1.7 -1.7 -1.7 0.393 0.399 0.508 0.322 0.637 0.485 2 2 2 2 2 2
1995-10-08T07:30:00 1995 10 8 7 30 0 2.6 -0.7 541.0 2.2 1.29 1.95 3.08 0.66 2 2 2 2 2 2 2 2 3.3 3.45 -47.0 -0.7 -0.7 -0.7 -0.7 -0.7 -0.7 0.35 0.336 0.5 0.249 0.483 0.416 2 2 2 2 2 2
1995-10-08T08:30:00 1995 10 8 8 30 0 1.9 0.4 572.0 3.0 1.96 0.65 0.53 0.13 2 2 2 2 2 2 2 2 3.3 3.45 -38.0 0.4 0.4 0.4 0.4 0.4 0.4 0.25 0.192 0.485 0.146 0.198 0.225 2 2 2 2 2 2
1995-10-08T09:30:00 1995 10 8 9 30 0 1.1 -2.5 579.0 3.8 2.55 1.08 3.42 1.23 2 2 2 2 2 2 2 2 4.3 3.58 -36.0 -2.5 -2.5 -2.5 -2.5 -2.5 -2.5 0.317 0.325 0.487 0.249 0.615 0.714 2 2 2 2 2 2
1995-10-08T10:30:00 1995 10 8 10 30 0 2.7 -4.1 594.0 3.9 2.75 4.67 9.89 3.82 2 2 2 2 2 2 2 2 4.3 3.71 -42.0 -4.1 -4.1 -4.1 -4.1 -4.1 -4.1 0.546 0.59 0.525 0.633 1.228 1.43 2 2 2 2 2 2
1995-10-08T11:30:00 1995 10 8 11 30 0 2.4 -3.6 593.0 4.3 3.02 6.17 11.36 4.67 2 2 2 2 2 2 2 2 4.3 3.78 -52.0 -3.6 -3.6 -3.6 -3.6 -3.6 -3.6 0.732 0.752 0.571 0.901 1.487 1.89 2 2 2 2 2 2
1995-10-08T12:30:00 1995 10 8 12 30 0 1.3 -1.7 582.0 3.6 2.44 3.02 7.55 3.0 2 2 2 2 2 2 2 2 4.3 3.86 -56.0 -1.7 -1.7 -1.7 -1.7 -1.7 -1.7 0.726 0.69 0.586 0.789 1.196 1.647 2 2 2 2 2 2
1995-10-08T13:30:00 1995 10 8 13 30 0 4.2 0.4 582.0 3.4 2.3 1.41 1.8 0.64 2 2 2 2 2 2 2 2 4.3 3.94 -49.0 0.4 0.4 0.4 0.4 0.4 0.4 0.539 0.42 0.572 0.477 0.535 0.906 2 2 2 2 2 2
1995-10-08T14:30:00 1995 10 8 14 30 0 4.7 -2.2 584.0 3.3 2.25 3.4 2.99 0.99 2 2 2 2 2 2 2 2 4.3 4.06 -46.0 -2.2 -2.2 -2.2 -2.2 -2.2 -2.2 0.492 0.409 0.568 0.404 0.659 0.902 2 2 2 2 2 2
1995-10-08T15:30:00 1995 10 8 15 30 0 3.3 -0.3 575.0 2.7 1.79 2.97 3.4 1.04 2 2 2 2 2 2 2 2 5.0 4.27 -46.0 -0.3 -0.3 -0.3 -0.3 -0.3 -0.3 0.426 0.348 0.56 0.307 0.523 0.718 2 2 2 2 2 2
1995-10-08T16:30:00 1995 10 8 16 30 0 3.3 -4.8 611.0 3.3 2.46 5.06 8.2 2.55 2 2 2 2 2 2 2 2 5.0 4.48 -47.0 -4.8 -4.8 -4.8 -4.8 -4.8 -4.8 0.574 0.541 0.589 0.607 1.114 1.173 2 2 2 2 2 2
1995-10-08T17:30:00 1995 10 8 17 30 0 2.4 -4.4 604.0 3.6 2.63 8.64 13.92 4.82 2 2 2 2 2 2 2 2 5.0 4.57 -57.0 -4.4 -4.4 -4.4 -4.4 -4.4 -4.4 0.793 0.75 0.648 1.003 1.557 1.69 2 2 2 2 2 2
1995-10-08T18:30:00 1995 10 8 18 30 0 3.2 -0.8 588.0 3.4 2.35 3.89 7.32 2.57 2 2 2 2 2 2 2 2 5.0 4.66 -63.0 -0.8 -0.8 -0.8 -0.8 -0.8 -0.8 0.733 0.637 0.657 0.797 1.098 1.394 2 2 2 2 2 2
1995-10-08T19:30:00 1995 10 8 19 30 0 3.4 -1.9 590.0 2.9 2.02 2.55 4.11 1.27 2 2 2 2 2 2 2 2 5.0 4.75 -56.0 -1.9 -1.9 -1.9 -1.9 -1.9 -1.9 0.641 0.534 0.653 0.597 0.871 1.109 2 2 2 2 2 2
1995-10-08T20:30:00 1995 10 8 20 30 0 4.8 -1.5 595.0 3.0 2.12 3.84 4.99 1.47 2 2 2 2 2 2 2 2 5.0 4.83 -49.0 -1.5 -1.5 -1.5 -1.5 -1.5 -1.5 0.587 0.489 0.651 0.496 0.81 0.995 2 2 2 2 2 2
1995-10-08T21:30:00 1995 10 8 21 30 0 2.9 -0.7 578.0 2.6 1.74 2.66 3.13 0.88 2 2 2 2 2 2 2 2 2.3 4.56 -48.0 -0.7 -0.7 -0.7 -0.7 -0.7 -0.7 0.491 0.393 0.64 0.356 0.598 0.76 2 2 2 2 2 2
1995-10-08T22:30:00 1995 10 8 22 30 0 2.9 -0.3 553.0 2.7 1.65 1.27 1.37 0.36 2 2 2 2 2 2 2 2 2.3 4.3 -47.0 -0.3 -0.3 -0.3 -0.3 -0.3 -0.3 0.377 0.281 0.623 0.226 0.371 0.514 2 2 2 2 2 2
1995-10-08T23:30:00 1995 10 8 23 30 0 2.7 0.1 559.0 2.7 1.69 0.94 0.28 0.07 2 2 2 2 2 2 2 2 2.3 3.95 -43.0 0.1 0.1 0.1 0.1 0.1 0.1 0.263 0.157 0.605 0.129 0.148 0.256 2 2 2 2 2 2
