1995-12-18T00:30:00 1995 12 18 0 30 0 -1.9 -0.4 414.0 4.3 1.37 0.91 2.18 0.96 2 2 2 2 2 2 2 2 1.3 2.32 -19.0 -0.4 -0.4 -0.4 -0.4 -0.4 -0.4 0.173 0.243 0.392 0.103 0.286 0.372 2 2 2 2 2 2
1995-12-18T01:30:00 1995 12 18 1 30 0 -2.3 0.2 420.0 4.6 1.62 0.42 0.24 0.11 2 2 2 2 2 2 2 2 1.3 2.07 -17.0 0.2 0.2 0.2 0.2 0.2 0.2 0.126 0.143 0.38 0.061 0.117 0.198 2 2 2 2 2 2
1995-12-18T02:30:00 1995 12 18 2 30 0 -2.8 2.3 421.0 5.2 1.7 0.3 0.0 0.0 2 2 2 2 2 2 2 2 1.3 1.9 -16.0 2.3 2.3 2.3 2.3 2.3 2.3 0.085 0.071 0.368 0.034 0.037 0.082 2 2 2 2 2 2
1995-12-18T03:30:00 1995 12 18 3 30 0 -2.0 2.0 410.0 4.8 1.51 0.17 0.0 0.0 2 2 2 2 2 2 2 2 0.7 1.64 -15.0 2.0 2.0 2.0 2.0 2.0 2.0 0.058 0.035 0.357 0.019 0.012 0.034 2 2 2 2 2 2
1995-12-18T04:30:00 1995 12 18 4 30 0 -1.7 2.1 401.0 4.5 1.45 0.08 0.0 0.0 2 2 2 2 2 2 2 2 0.7 1.4 -14.0 2.1 2.1 2.1 2.1 2.1 2.1 0.039 0.017 0.346 0.011 0.004 0.014 2 2 2 2 2 2
1995-12-18T05:30:00 1995 12 18 5 30 0 -2.0 1.8 394.0 4.2 1.17 0.09 0.0 0.0 2 2 2 2 2 2 2 2 0.7 1.23 -15.0 1.8 1.8 1.8 1.8 1.8 1.8 0.026 0.009 0.336 0.006 0.001 0.006 2 2 2 2 2 2
1995-12-18T06:30:00 1995 12 18 6 30 0 -1.6 0.3 388.0 3.9 1.05 0.13 0.0 0.0 2 2 2 2 2 2 2 2 0.3 1.02 -16.0 0.3 0.3 0.3 0.3 0.3 0.3 0.018 0.004 0.326 0.003 0.0 0.002 2 2 2 2 2 2
1995-12-18T07:30:00 1995 12 18 7 30 0 -1.4 1.8 378.0 3.9 0.99 0.08 0.0 0.0 2 2 2 2 2 2 2 2 0.3 0.81 -14.0 1.8 1.8 1.8 1.8 1.8 1.8 0.012 0.002 0.316 0.002 0.0 0.001 2 2 2 2 2 2
1995-12-18T08:30:00 1995 12 18 8 30 0 -2.7 2.1 368.0 4.2 1.01 0.12 0.0 0.0 2 2 2 2 2 2 2 2 0.3 0.69 -10.0 2.1 2.1 2.1 2.1 2.1 2.1 0.008 0.001 0.306 0.001 0.0 0.0 2 2 2 2 2 2
1995-12-18T09:30:00 1995 12 18 9 30 0 -2.6 -0.9 372.0 4.5 1.12 0.47 0.33 0.15 2 2 2 2 2 2 2 2 1.0 0.66 -11.0 -0.9 -0.9 -0.9 -0.9 -0.9 -0.9 0.031 0.067 0.297 0.017 0.089 0.096 2 2 2 2 2 2
1995-12-18T10:30:00 1995 12 18 10 30 0 0.7 -2.8 368.0 4.2 1.02 1.06 3.56 1.54 2 2 2 2 2 2 2 2 1.0 0.63 -16.0 -2.8 -2.8 -2.8 -2.8 -2.8 -2.8 0.174 0.328 0.298 0.162 0.391 0.362 2 2 2 2 2 2
1995-12-18T11:30:00 1995 12 18 11 30 0 0.7 -3.2 359.0 4.0 0.9 1.98 5.48 2.24 2 2 2 2 2 2 2 2 1.0 0.67 -15.0 -3.2 -3.2 -3.2 -3.2 -3.2 -3.2 0.319 0.525 0.304 0.315 0.554 0.494 2 2 2 2 2 2
1995-12-18T12:30:00 1995 12 18 12 30 0 1.6 -3.4 358.0 4.3 0.96 2.44 5.93 2.47 2 2 2 2 2 2 2 2 1.0 0.71 -15.0 -3.4 -3.4 -3.4 -3.4 -3.4 -3.4 0.434 0.649 0.31 0.426 0.63 0.572 2 2 2 2 2 2
1995-12-18T13:30:00 1995 12 18 13 30 0 1.7 -3.3 357.0 4.6 1.02 2.63 5.98 2.67 2 2 2 2 2 2 2 2 1.0 0.75 -16.0 -3.3 -3.3 -3.3 -3.3 -3.3 -3.3 0.517 0.723 0.317 0.495 0.664 0.635 2 2 2 2 2 2
1995-12-18T14:30:00 1995 12 18 14 30 0 1.8 -3.4 356.0 4.8 1.06 2.67 5.98 2.81 2 2 2 2 2 2 2 2 1.0 0.83 -18.0 -3.4 -3.4 -3.4 -3.4 -3.4 -3.4 0.579 0.771 0.325 0.541 0.686 0.688 2 2 2 2 2 2
1995-12-18T15:30:00 1995 12 18 15 30 0 2.2 -2.7 353.0 5.3 1.15 2.36 5.35 2.71 2 2 2 2 2 2 2 2 1.0 0.92 -18.0 -2.7 -2.7 -2.7 -2.7 -2.7 -2.7 0.601 0.772 0.329 0.53 0.656 0.715 2 2 2 2 2 2
1995-12-18T16:30:00 1995 12 18 16 30 0 2.6 -1.6 347.0 5.3 1.11 1.58 3.68 1.95 2 2 2 2 2 2 2 2 1.0 1.0 -19.0 -1.6 -1.6 -1.6 -1.6 -1.6 -1.6 0.556 0.683 0.328 0.432 0.533 0.643 2 2 2 2 2 2
1995-12-18T17:30:00 1995 12 18 17 30 0 2.9 -0.7 342.0 5.5 1.12 1.02 1.92 1.03 2 2 2 2 2 2 2 2 1.0 1.0 -18.0 -0.7 -0.7 -0.7 -0.7 -0.7 -0.7 0.458 0.53 0.321 0.298 0.367 0.506 2 2 2 2 2 2
1995-12-18T18:30:00 1995 12 18 18 30 0 2.2 -1.0 336.0 4.9 0.96 0.76 1.46 0.75 2 2 2 2 2 2 2 2 0.3 0.91 -15.0 -1.0 -1.0 -1.0 -1.0 -1.0 -1.0 0.382 0.438 0.314 0.213 0.298 0.413 2 2 2 2 2 2
1995-12-18T19:30:00 1995 12 18 19 30 0 2.1 -0.9 334.0 5.1 1.0 0.64 1.58 0.79 2 2 2 2 2 2 2 2 0.3 0.82 -13.0 -0.9 -0.9 -0.9 -0.9 -0.9 -0.9 0.332 0.395 0.307 0.167 0.276 0.371 2 2 2 2 2 2
1995-12-18T20:30:00 1995 12 18 20 30 0 1.3 -1.4 336.0 5.5 1.08 0.58 1.96 1.05 2 2 2 2 2 2 2 2 0.3 0.73 -12.0 -1.4 -1.4 -1.4 -1.4 -1.4 -1.4 0.32 0.417 0.302 0.165 0.318 0.409 2 2 2 2 2 2
1995-12-18T21:30:00 1995 12 18 21 30 0 1.3 -1.7 338.0 5.9 1.18 0.69 2.63 1.51 2 2 2 2 2 2 2 2 0.3 0.64 -13.0 -1.7 -1.7 -1.7 -1.7 -1.7 -1.7 0.341 0.479 0.299 0.195 0.385 0.495 2 2 2 2 2 2
1995-12-18T22:30:00 1995 12 18 22 30 0 2.3 -1.4 341.0 6.6 1.35 0.86 2.61 1.64 2 2 2 2 2 2 2 2 0.3 0.55 -14.0 -1.4 -1.4 -1.4 -1.4 -1.4 -1.4 0.353 0.51 0.296 0.209 0.406 0.567 2 2 2 2 2 2
1995-12-18T23:30:00 1995 12 18 23 30 0 1.4 -1.9 346.0 8.4 1.75 0.95 2.87 2.19 2 2 2 2 2 2 2 2 0.3 0.47 -14.0 -1.9 -1.9 -1.9 -1.9 -1.9 -1.9 0.391 0.585 0.294 0.25 0.483 0.767 2 2 2 2 2 2
