1995-09-12T00:30:00 1995 9 12 0 30 0 1.7 0.2 524.0 2.6 1.43 0.06 0.0 0.0 2 2 2 2 2 2 2 2 2.3 3.22 -25.0 0.2 0.2 0.2 0.2 0.2 0.2 0.096 0.039 0.513 0.036 0.026 0.056 2 2 2 2 2 2
1995-09-12T01:30:00 1995 9 12 1 30 0 3.8 0.0 537.0 2.8 1.61 0.88 0.0 0.0 2 2 2 2 2 2 2 2 2.3 3.04 -21.0 0.0 0.0 0.0 0.0 0.0 0.0 0.065 0.019 0.497 0.02 0.008 0.023 2 2 2 2 2 2
1995-09-12T02:30:00 1995 9 12 2 30 0 3.5 1.1 530.0 2.7 1.52 1.14 0.0 0.0 2 2 2 2 2 2 2 2 2.3 2.91 -20.0 1.1 1.1 1.1 1.1 1.1 1.1 0.044 0.01 0.482 0.011 0.003 0.01 2 2 2 2 2 2
1995-09-12T03:30:00 1995 9 12 3 30 0 3.1 -1.4 507.0 2.5 1.29 1.35 1.15 0.29 2 2 2 2 2 2 2 2 2.3 2.79 -21.0 -1.4 -1.4 -1.4 -1.4 -1.4 -1.4 0.083 0.105 0.471 0.052 0.211 0.173 2 2 2 2 2 2
1995-09-12T04:30:00 1995 9 12 4 30 0 1.0 0.3 483.0 2.4 1.12 0.71 1.3 0.32 2 2 2 2 2 2 2 2 2.3 2.66 -23.0 0.3 0.3 0.3 0.3 0.3 0.3 0.088 0.11 0.458 0.049 0.161 0.16 2 2 2 2 2 2
1995-09-12T05:30:00 1995 9 12 5 30 0 2.3 -1.4 494.0 2.4 1.17 0.61 1.56 0.37 2 2 2 2 2 2 2 2 2.3 2.54 -25.0 -1.4 -1.4 -1.4 -1.4 -1.4 -1.4 0.124 0.176 0.449 0.08 0.287 0.245 2 2 2 2 2 2
1995-09-12T06:30:00 1995 9 12 6 30 0 1.3 -0.1 481.0 2.3 1.06 0.64 1.7 0.4 2 2 2 2 2 2 2 2 1.3 2.29 -26.0 -0.1 -0.1 -0.1 -0.1 -0.1 -0.1 0.129 0.172 0.438 0.074 0.232 0.223 2 2 2 2 2 2
1995-09-12T07:30:00 1995 9 12 7 30 0 1.1 -0.1 461.0 2.2 0.94 0.16 0.24 0.05 2 2 2 2 2 2 2 2 1.3 2.04 -24.0 -0.1 -0.1 -0.1 -0.1 -0.1 -0.1 0.097 0.114 0.425 0.044 0.121 0.14 2 2 2 2 2 2
1995-09-12T08:30:00 1995 9 12 8 30 0 0.6 -0.4 456.0 2.2 0.91 0.11 0.6 0.13 2 2 2 2 2 2 2 2 1.3 1.91 -21.0 -0.4 -0.4 -0.4 -0.4 -0.4 -0.4 0.091 0.117 0.413 0.037 0.138 0.138 2 2 2 2 2 2
1995-09-12T09:30:00 1995 9 12 9 30 0 2.1 -2.0 482.0 2.9 1.35 0.86 2.99 0.8 2 2 2 2 2 2 2 2 2.3 1.92 -18.0 -2.0 -2.0 -2.0 -2.0 -2.0 -2.0 0.172 0.25 0.409 0.126 0.392 0.325 2 2 2 2 2 2
1995-09-12T10:30:00 1995 9 12 10 30 0 3.6 -1.1 497.0 3.3 1.63 1.93 3.7 1.15 2 2 2 2 2 2 2 2 2.3 1.92 -22.0 -1.1 -1.1 -1.1 -1.1 -1.1 -1.1 0.235 0.324 0.406 0.178 0.484 0.474 2 2 2 2 2 2
1995-09-12T11:30:00 1995 9 12 11 30 0 2.2 -1.4 480.0 3.2 1.47 1.63 3.08 1.0 2 2 2 2 2 2 2 2 2.3 1.93 -27.0 -1.4 -1.4 -1.4 -1.4 -1.4 -1.4 0.27 0.354 0.402 0.197 0.5 0.525 2 2 2 2 2 2
1995-09-12T12:30:00 1995 9 12 12 30 0 3.0 0.1 482.0 3.1 1.44 1.0 1.43 0.45 2 2 2 2 2 2 2 2 1.7 1.85 -30.0 0.1 0.1 0.1 0.1 0.1 0.1 0.223 0.252 0.393 0.136 0.277 0.349 2 2 2 2 2 2
1995-09-12T13:30:00 1995 9 12 13 30 0 2.3 0.6 481.0 3.0 1.39 0.57 0.0 0.0 2 2 2 2 2 2 2 2 1.7 1.78 -27.0 0.6 0.6 0.6 0.6 0.6 0.6 0.151 0.125 0.381 0.076 0.088 0.145 2 2 2 2 2 2
1995-09-12T14:30:00 1995 9 12 14 30 0 3.8 -0.1 486.0 3.2 1.51 0.9 0.03 0.01 2 2 2 2 2 2 2 2 1.7 1.83 -27.0 -0.1 -0.1 -0.1 -0.1 -0.1 -0.1 0.106 0.073 0.369 0.044 0.049 0.088 2 2 2 2 2 2
1995-09-12T15:30:00 1995 9 12 15 30 0 4.6 -1.3 502.0 3.6 1.81 2.36 1.86 0.65 2 2 2 2 2 2 2 2 2.7 2.0 -24.0 -1.3 -1.3 -1.3 -1.3 -1.3 -1.3 0.154 0.193 0.363 0.091 0.313 0.355 2 2 2 2 2 2
1995-09-12T16:30:00 1995 9 12 16 30 0 4.1 -1.5 498.0 3.8 1.88 3.08 3.52 1.31 2 2 2 2 2 2 2 2 2.7 2.18 -22.0 -1.5 -1.5 -1.5 -1.5 -1.5 -1.5 0.235 0.318 0.363 0.172 0.511 0.595 2 2 2 2 2 2
1995-09-12T17:30:00 1995 9 12 17 30 0 2.0 -2.6 493.0 3.7 1.8 2.67 5.19 1.94 2 2 2 2 2 2 2 2 2.7 2.23 -23.0 -2.6 -2.6 -2.6 -2.6 -2.6 -2.6 0.348 0.456 0.371 0.31 0.717 0.799 2 2 2 2 2 2
1995-09-12T18:30:00 1995 9 12 18 30 0 2.0 -1.2 509.0 4.3 2.23 1.7 4.61 1.84 2 2 2 2 2 2 2 2 4.0 2.46 -27.0 -1.2 -1.2 -1.2 -1.2 -1.2 -1.2 0.391 0.479 0.374 0.328 0.691 0.877 2 2 2 2 2 2
1995-09-12T19:30:00 1995 9 12 19 30 0 1.5 1.4 515.0 4.3 2.28 0.36 0.58 0.25 2 2 2 2 2 2 2 2 4.0 2.68 -26.0 1.4 1.4 1.4 1.4 1.4 1.4 0.277 0.261 0.364 0.191 0.255 0.423 2 2 2 2 2 2
1995-09-12T20:30:00 1995 9 12 20 30 0 -0.9 0.1 527.0 5.0 2.78 0.02 0.0 0.0 2 2 2 2 2 2 2 2 4.0 2.96 -26.0 0.1 0.1 0.1 0.1 0.1 0.1 0.188 0.13 0.353 0.107 0.081 0.175 2 2 2 2 2 2
1995-09-12T21:30:00 1995 9 12 21 30 0 0.9 -4.6 545.0 5.4 3.21 2.47 6.6 3.48 2 2 2 2 2 2 2 2 4.0 3.25 -28.0 -4.6 -4.6 -4.6 -4.6 -4.6 -4.6 0.425 0.497 0.381 0.487 0.957 1.331 2 2 2 2 2 2
1995-09-12T22:30:00 1995 9 12 22 30 0 3.9 -2.1 549.0 4.9 2.95 4.66 8.88 4.58 2 2 2 2 2 2 2 2 4.0 3.53 -39.0 -2.1 -2.1 -2.1 -2.1 -2.1 -2.1 0.584 0.66 0.411 0.666 1.157 1.736 2 2 2 2 2 2
1995-09-12T23:30:00 1995 9 12 23 30 0 3.6 0.9 576.0 4.5 2.99 2.06 1.81 0.87 2 2 2 2 2 2 2 2 4.0 3.69 -38.0 0.9 0.9 0.9 0.9 0.9 0.9 0.445 0.405 0.403 0.413 0.508 0.964 2 2 2 2 2 2
