1995-04-04T00:30:00 1995 4 4 0 30 0 1.6 4.4 293.0 3.5 0.75 0.08 0.0 0.0 2 2 2 2 2 2 2 2 1.3 0.4 -13.0 4.4 4.4 4.4 4.4 4.4 4.4 0.0 0.0 0.217 0.0 0.0 0.0 2 2 2 2 2 2
1995-04-04T01:30:00 1995 4 4 1 30 0 1.8 3.2 292.0 3.5 0.75 0.03 0.0 0.0 2 2 2 2 2 2 2 2 1.3 0.56 -13.0 3.2 3.2 3.2 3.2 3.2 3.2 0.0 0.0 0.211 0.0 0.0 0.0 2 2 2 2 2 2
1995-04-04T02:30:00 1995 4 4 2 30 0 4.3 1.3 293.0 3.2 0.65 0.3 0.0 0.0 2 2 2 2 2 2 2 2 1.3 0.69 -12.0 1.3 1.3 1.3 1.3 1.3 1.3 0.0 0.0 0.204 0.0 0.0 0.0 2 2 2 2 2 2
1995-04-04T03:30:00 1995 4 4 3 30 0 4.7 2.0 289.0 3.7 0.66 0.7 0.0 0.0 2 2 2 2 2 2 2 2 0.7 0.74 -14.0 2.0 2.0 2.0 2.0 2.0 2.0 0.0 0.0 0.198 0.0 0.0 0.0 2 2 2 2 2 2
1995-04-04T04:30:00 1995 4 4 4 30 0 2.8 -0.3 279.0 3.4 0.59 0.59 0.05 0.02 2 2 2 2 2 2 2 2 0.7 0.78 -16.0 -0.3 -0.3 -0.3 -0.3 -0.3 -0.3 0.006 0.021 0.192 0.002 0.019 0.014 2 2 2 2 2 2
1995-04-04T05:30:00 1995 4 4 5 30 0 2.1 -1.3 271.0 3.2 0.56 0.58 1.15 0.38 2 2 2 2 2 2 2 2 0.7 0.83 -17.0 -1.3 -1.3 -1.3 -1.3 -1.3 -1.3 0.057 0.154 0.188 0.034 0.121 0.077 2 2 2 2 2 2
1995-04-04T06:30:00 1995 4 4 6 30 0 1.0 -2.0 268.0 2.9 0.46 0.67 2.26 0.68 2 2 2 2 2 2 2 2 1.0 0.91 -18.0 -2.0 -2.0 -2.0 -2.0 -2.0 -2.0 0.126 0.283 0.185 0.086 0.201 0.117 2 2 2 2 2 2
1995-04-04T07:30:00 1995 4 4 7 30 0 0.5 -2.8 269.0 2.5 0.41 1.0 3.27 0.87 2 2 2 2 2 2 2 2 1.0 1.0 -18.0 -2.8 -2.8 -2.8 -2.8 -2.8 -2.8 0.198 0.387 0.184 0.149 0.26 0.135 2 2 2 2 2 2
1995-04-04T08:30:00 1995 4 4 8 30 0 0.7 -2.9 270.0 2.6 0.44 1.32 3.85 0.98 2 2 2 2 2 2 2 2 1.0 0.96 -16.0 -2.9 -2.9 -2.9 -2.9 -2.9 -2.9 0.26 0.458 0.184 0.201 0.295 0.147 2 2 2 2 2 2
1995-04-04T09:30:00 1995 4 4 9 30 0 1.0 -2.2 262.0 2.5 0.43 1.07 3.35 0.85 2 2 2 2 2 2 2 2 0.3 0.83 -16.0 -2.2 -2.2 -2.2 -2.2 -2.2 -2.2 0.283 0.463 0.183 0.205 0.274 0.138 2 2 2 2 2 2
1995-04-04T10:30:00 1995 4 4 10 30 0 2.5 -0.9 271.0 1.9 0.26 0.67 1.99 0.44 2 2 2 2 2 2 2 2 0.3 0.71 -14.0 -0.9 -0.9 -0.9 -0.9 -0.9 -0.9 0.252 0.373 0.179 0.155 0.196 0.102 2 2 2 2 2 2
1995-04-04T11:30:00 1995 4 4 11 30 0 1.8 0.6 285.0 2.2 0.36 0.3 0.32 0.06 2 2 2 2 2 2 2 2 0.3 0.66 -11.0 0.6 0.6 0.6 0.6 0.6 0.6 0.178 0.207 0.174 0.09 0.077 0.051 2 2 2 2 2 2
1995-04-04T12:30:00 1995 4 4 12 30 0 -0.5 1.2 287.0 2.6 0.43 0.02 0.0 0.0 2 2 2 2 2 2 2 2 0.3 0.6 -9.0 1.2 1.2 1.2 1.2 1.2 1.2 0.121 0.103 0.169 0.05 0.024 0.021 2 2 2 2 2 2
1995-04-04T13:30:00 1995 4 4 13 30 0 -0.4 3.2 260.0 2.0 0.27 0.0 0.0 0.0 2 2 2 2 2 2 2 2 0.3 0.55 -7.0 3.2 3.2 3.2 3.2 3.2 3.2 0.082 0.051 0.164 0.028 0.008 0.009 2 2 2 2 2 2
1995-04-04T14:30:00 1995 4 4 14 30 0 1.0 4.9 300.0 3.3 0.59 0.0 0.0 0.0 2 2 2 2 2 2 2 2 0.3 0.47 -4.0 4.9 4.9 4.9 4.9 4.9 4.9 0.055 0.025 0.159 0.016 0.002 0.004 2 2 2 2 2 2
1995-04-04T15:30:00 1995 4 4 15 30 0 0.6 2.9 335.0 7.1 1.51 0.0 0.0 0.0 2 2 2 2 2 2 2 2 1.0 0.48 -1.0 2.9 2.9 2.9 2.9 2.9 2.9 0.037 0.013 0.154 0.009 0.001 0.001 2 2 2 2 2 2
1995-04-04T16:30:00 1995 4 4 16 30 0 3.7 0.5 339.0 8.4 1.93 0.24 0.0 0.0 2 2 2 2 2 2 2 2 1.0 0.48 0.0 0.5 0.5 0.5 0.5 0.5 0.5 0.025 0.006 0.149 0.005 0.0 0.001 2 2 2 2 2 2
1995-04-04T17:30:00 1995 4 4 17 30 0 6.4 2.9 288.0 3.6 0.66 1.0 0.0 0.0 2 2 2 2 2 2 2 2 1.0 0.57 -6.0 2.9 2.9 2.9 2.9 2.9 2.9 0.017 0.003 0.145 0.003 0.0 0.0 2 2 2 2 2 2
1995-04-04T18:30:00 1995 4 4 18 30 0 2.8 2.7 281.0 3.2 0.49 0.54 0.0 0.0 2 2 2 2 2 2 2 2 0.3 0.57 -9.0 2.7 2.7 2.7 2.7 2.7 2.7 0.012 0.002 0.14 0.002 0.0 0.0 2 2 2 2 2 2
1995-04-04T19:30:00 1995 4 4 19 30 0 1.4 2.6 253.0 2.7 0.35 0.06 0.0 0.0 2 2 2 2 2 2 2 2 0.3 0.56 -8.0 2.6 2.6 2.6 2.6 2.6 2.6 0.008 0.001 0.136 0.001 0.0 0.0 2 2 2 2 2 2
1995-04-04T20:30:00 1995 4 4 20 30 0 2.7 2.1 261.0 2.7 0.37 0.08 0.0 0.0 2 2 2 2 2 2 2 2 0.3 0.56 -8.0 2.1 2.1 2.1 2.1 2.1 2.1 0.005 0.0 0.132 0.0 0.0 0.0 2 2 2 2 2 2
1995-04-04T21:30:00 1995 4 4 21 30 0 2.4 2.0 263.0 3.4 0.52 0.13 0.0 0.0 2 2 2 2 2 2 2 2 1.3 0.69 -7.0 2.0 2.0 2.0 2.0 2.0 2.0 0.004 0.0 0.128 0.0 0.0 0.0 2 2 2 2 2 2
1995-04-04T22:30:00 1995 4 4 22 30 0 2.9 -0.1 264.0 3.6 0.5 0.27 0.01 0.0 2 2 2 2 2 2 2 2 1.3 0.81 -8.0 -0.1 -0.1 -0.1 -0.1 -0.1 -0.1 0.005 0.011 0.124 0.001 0.008 0.008 2 2 2 2 2 2
1995-04-04T23:30:00 1995 4 4 23 30 0 1.5 0.5 265.0 3.3 0.64 0.23 0.01 0.0 2 2 2 2 2 2 2 2 1.3 0.86 -8.0 0.5 0.5 0.5 0.5 0.5 0.5 0.003 0.005 0.12 0.0 0.003 0.003 2 2 2 2 2 2
