1995-04-28T00:30:00 1995 4 28 0 30 0 2.5 0.6 624.0 2.2 1.71 0.59 0.0 0.0 2 2 2 2 2 2 2 2 2.0 2.22 -27.0 0.6 0.6 0.6 0.6 0.6 0.6 0.003 0.0 0.177 0.0 0.0 0.0 2 2 2 2 2 2
1995-04-28T01:30:00 1995 4 28 1 30 0 0.9 0.1 596.0 2.1 1.49 0.28 0.0 0.0 2 2 2 2 2 2 2 2 2.0 2.1 -24.0 0.1 0.1 0.1 0.1 0.1 0.1 0.002 0.0 0.171 0.0 0.0 0.0 2 2 2 2 2 2
1995-04-28T02:30:00 1995 4 28 2 30 0 -0.6 1.8 595.0 2.4 1.7 0.01 0.0 0.0 2 2 2 2 2 2 2 2 2.0 1.98 -24.0 1.8 1.8 1.8 1.8 1.8 1.8 0.002 0.0 0.166 0.0 0.0 0.0 2 2 2 2 2 2
1995-04-28T03:30:00 1995 4 28 3 30 0 0.4 1.4 599.0 3.0 2.15 0.0 0.0 0.0 2 2 2 2 2 2 2 2 2.7 1.95 -22.0 1.4 1.4 1.4 1.4 1.4 1.4 0.001 0.0 0.161 0.0 0.0 0.0 2 2 2 2 2 2
1995-04-28T04:30:00 1995 4 28 4 30 0 1.2 3.0 597.0 3.2 2.28 0.01 0.0 0.0 2 2 2 2 2 2 2 2 2.7 1.93 -20.0 3.0 3.0 3.0 3.0 3.0 3.0 0.001 0.0 0.156 0.0 0.0 0.0 2 2 2 2 2 2
1995-04-28T05:30:00 1995 4 28 5 30 0 2.6 0.6 591.0 3.4 2.38 0.22 0.0 0.0 2 2 2 2 2 2 2 2 2.7 2.1 -13.0 0.6 0.6 0.6 0.6 0.6 0.6 0.0 0.0 0.151 0.0 0.0 0.0 2 2 2 2 2 2
1995-04-28T06:30:00 1995 4 28 6 30 0 3.2 -0.6 594.0 3.5 2.47 1.1 0.52 0.18 2 2 2 2 2 2 2 2 3.0 2.32 -13.0 -0.6 -0.6 -0.6 -0.6 -0.6 -0.6 0.03 0.06 0.149 0.02 0.155 0.205 2 2 2 2 2 2
1995-04-28T07:30:00 1995 4 28 7 30 0 3.1 -0.9 596.0 3.8 2.7 1.75 2.27 0.83 2 2 2 2 2 2 2 2 3.0 2.52 -18.0 -0.9 -0.9 -0.9 -0.9 -0.9 -0.9 0.11 0.184 0.151 0.082 0.416 0.583 2 2 2 2 2 2
1995-04-28T08:30:00 1995 4 28 8 30 0 1.8 -1.9 590.0 3.9 2.68 1.81 4.27 1.65 2 2 2 2 2 2 2 2 3.0 2.65 -25.0 -1.9 -1.9 -1.9 -1.9 -1.9 -1.9 0.237 0.339 0.165 0.218 0.723 0.981 2 2 2 2 2 2
1995-04-28T09:30:00 1995 4 28 9 30 0 2.9 0.2 586.0 3.9 2.7 1.22 2.3 0.9 2 2 2 2 2 2 2 2 3.7 2.86 -28.0 0.2 0.2 0.2 0.2 0.2 0.2 0.225 0.271 0.166 0.174 0.442 0.727 2 2 2 2 2 2
1995-04-28T10:30:00 1995 4 28 10 30 0 2.7 0.7 592.0 3.8 2.67 0.75 0.0 0.0 2 2 2 2 2 2 2 2 3.7 3.07 -23.0 0.7 0.7 0.7 0.7 0.7 0.7 0.152 0.134 0.161 0.098 0.14 0.302 2 2 2 2 2 2
1995-04-28T11:30:00 1995 4 28 11 30 0 3.2 -0.7 588.0 3.6 2.51 1.14 0.6 0.22 2 2 2 2 2 2 2 2 3.7 3.2 -17.0 -0.7 -0.7 -0.7 -0.7 -0.7 -0.7 0.137 0.135 0.159 0.079 0.216 0.353 2 2 2 2 2 2
1995-04-28T12:30:00 1995 4 28 12 30 0 2.6 -2.8 573.0 3.6 2.36 2.71 5.31 1.91 2 2 2 2 2 2 2 2 3.3 3.27 -13.0 -2.8 -2.8 -2.8 -2.8 -2.8 -2.8 0.291 0.356 0.178 0.282 0.746 0.886 2 2 2 2 2 2
1995-04-28T13:30:00 1995 4 28 13 30 0 2.1 0.2 572.0 3.5 2.29 1.61 3.41 1.22 2 2 2 2 2 2 2 2 3.3 3.34 -16.0 0.2 0.2 0.2 0.2 0.2 0.2 0.286 0.308 0.183 0.242 0.502 0.704 2 2 2 2 2 2
1995-04-28T14:30:00 1995 4 28 14 30 0 0.8 0.1 556.0 3.3 2.04 0.22 0.0 0.0 2 2 2 2 2 2 2 2 3.3 3.38 -20.0 0.1 0.1 0.1 0.1 0.1 0.1 0.194 0.153 0.177 0.135 0.159 0.292 2 2 2 2 2 2
1995-04-28T15:30:00 1995 4 28 15 30 0 2.3 -2.0 563.0 3.3 2.09 0.98 2.91 0.96 2 2 2 2 2 2 2 2 2.3 3.28 -26.0 -2.0 -2.0 -2.0 -2.0 -2.0 -2.0 0.253 0.274 0.183 0.199 0.503 0.596 2 2 2 2 2 2
1995-04-28T16:30:00 1995 4 28 16 30 0 1.5 -0.2 551.0 3.0 1.86 1.04 2.86 0.91 2 2 2 2 2 2 2 2 2.3 3.18 -29.0 -0.2 -0.2 -0.2 -0.2 -0.2 -0.2 0.251 0.267 0.185 0.176 0.425 0.554 2 2 2 2 2 2
1995-04-28T17:30:00 1995 4 28 17 30 0 2.7 1.1 565.0 3.3 2.11 0.39 0.02 0.01 2 2 2 2 2 2 2 2 2.3 3.01 -28.0 1.1 1.1 1.1 1.1 1.1 1.1 0.17 0.133 0.179 0.099 0.135 0.23 2 2 2 2 2 2
1995-04-28T18:30:00 1995 4 28 18 30 0 0.6 1.3 555.0 3.1 1.91 0.15 0.0 0.0 2 2 2 2 2 2 2 2 1.7 2.76 -28.0 1.3 1.3 1.3 1.3 1.3 1.3 0.115 0.066 0.174 0.055 0.043 0.095 2 2 2 2 2 2
1995-04-28T19:30:00 1995 4 28 19 30 0 1.3 3.0 555.0 3.1 1.91 0.02 0.0 0.0 2 2 2 2 2 2 2 2 1.7 2.51 -29.0 3.0 3.0 3.0 3.0 3.0 3.0 0.078 0.033 0.169 0.031 0.014 0.039 2 2 2 2 2 2
1995-04-28T20:30:00 1995 4 28 20 30 0 -0.7 0.7 534.0 2.9 1.65 0.01 0.0 0.0 2 2 2 2 2 2 2 2 1.7 2.31 -29.0 0.7 0.7 0.7 0.7 0.7 0.7 0.053 0.016 0.163 0.017 0.004 0.016 2 2 2 2 2 2
1995-04-28T21:30:00 1995 4 28 21 30 0 3.2 2.2 559.0 3.0 1.87 0.14 0.0 0.0 2 2 2 2 2 2 2 2 1.3 2.06 -27.0 2.2 2.2 2.2 2.2 2.2 2.2 0.036 0.008 0.158 0.01 0.001 0.007 2 2 2 2 2 2
1995-04-28T22:30:00 1995 4 28 22 30 0 -0.6 2.0 540.0 3.0 1.75 0.09 0.0 0.0 2 2 2 2 2 2 2 2 1.3 1.81 -25.0 2.0 2.0 2.0 2.0 2.0 2.0 0.024 0.004 0.154 0.005 0.0 0.003 2 2 2 2 2 2
1995-04-28T23:30:00 1995 4 28 23 30 0 3.3 0.4 552.0 3.1 1.89 0.27 0.0 0.0 2 2 2 2 2 2 2 2 1.3 1.69 -24.0 0.4 0.4 0.4 0.4 0.4 0.4 0.016 0.002 0.149 0.003 0.0 0.001 2 2 2 2 2 2
