1995-12-16T00:30:00 1995 12 16 0 30 0 7.9 -1.3 386.0 11.9 3.45 5.45 1.45 1.72 2 2 2 2 2 2 2 2 4.0 3.25 -25.0 -1.3 -1.3 -1.3 -1.3 -1.3 -1.3 0.5 0.559 0.341 0.314 0.48 1.352 2 2 2 2 2 2
1995-12-16T01:30:00 1995 12 16 1 30 0 0.8 -8.3 410.0 13.2 4.27 8.67 10.23 13.05 2 2 2 2 2 2 2 2 4.0 3.26 -20.0 -8.3 -8.3 -8.3 -8.3 -8.3 -8.3 0.943 1.255 0.399 1.189 1.489 3.384 2 2 2 2 2 2
1995-12-16T02:30:00 1995 12 16 2 30 0 -1.3 -9.1 425.0 10.5 3.51 16.43 18.26 21.38 2 2 2 2 2 2 2 2 4.0 3.35 -26.0 -9.1 -9.1 -9.1 -9.1 -9.1 -9.1 1.49 1.835 0.512 2.293 2.196 4.639 2 2 2 2 2 2
1995-12-16T03:30:00 1995 12 16 3 30 0 2.1 -8.4 413.0 14.7 5.01 16.49 18.25 23.25 2 2 2 2 2 2 2 2 5.3 3.61 -40.0 -8.4 -8.4 -8.4 -8.4 -8.4 -8.4 1.89 2.192 0.623 2.953 2.482 5.805 2 2 2 2 2 2
1995-12-16T04:30:00 1995 12 16 4 30 0 -4.5 -5.7 411.0 23.5 7.69 11.34 14.29 27.41 2 2 2 2 2 2 2 2 5.3 3.87 -39.0 -5.7 -5.7 -5.7 -5.7 -5.7 -5.7 2.096 2.383 0.707 3.04 2.504 8.101 2 2 2 2 2 2
1995-12-16T05:30:00 1995 12 16 5 30 0 8.7 -4.1 414.0 11.7 3.46 7.76 9.97 17.37 2 2 2 2 2 2 2 2 5.3 4.19 -44.0 -4.1 -4.1 -4.1 -4.1 -4.1 -4.1 1.966 2.085 0.746 2.497 1.985 6.663 2 2 2 2 2 2
1995-12-16T06:30:00 1995 12 16 6 30 0 9.8 -5.2 415.0 9.8 3.38 13.8 9.73 10.35 2 2 2 2 2 2 2 2 4.3 4.38 -44.0 -5.2 -5.2 -5.2 -5.2 -5.2 -5.2 1.812 1.811 0.775 2.107 1.706 4.799 2 2 2 2 2 2
1995-12-16T07:30:00 1995 12 16 7 30 0 7.4 0.2 413.0 28.1 9.19 8.6 4.75 7.69 2 2 2 2 2 2 2 2 4.3 4.57 -34.0 0.2 0.2 0.2 0.2 0.2 0.2 1.454 1.308 0.772 1.431 1.033 3.877 2 2 2 2 2 2
1995-12-16T08:30:00 1995 12 16 8 30 0 7.5 0.0 404.0 17.5 5.09 4.15 0.0 0.0 2 2 2 2 2 2 2 2 4.3 4.6 -30.0 0.0 0.0 0.0 0.0 0.0 0.0 0.984 0.649 0.749 0.801 0.327 1.608 2 2 2 2 2 2
1995-12-16T09:30:00 1995 12 16 9 30 0 6.5 -2.5 395.0 15.9 4.37 4.94 2.69 4.41 2 2 2 2 2 2 2 2 2.7 4.42 -29.0 -2.5 -2.5 -2.5 -2.5 -2.5 -2.5 0.881 0.782 0.739 0.661 0.696 2.527 2 2 2 2 2 2
1995-12-16T10:30:00 1995 12 16 10 30 0 8.0 -2.0 384.0 14.1 4.16 6.2 4.34 6.49 2 2 2 2 2 2 2 2 2.7 4.25 -34.0 -2.0 -2.0 -2.0 -2.0 -2.0 -2.0 0.857 0.911 0.735 0.638 0.852 2.808 2 2 2 2 2 2
1995-12-16T11:30:00 1995 12 16 11 30 0 9.5 -3.0 396.0 10.3 3.23 8.56 4.97 5.92 2 2 2 2 2 2 2 2 2.7 3.92 -35.0 -3.0 -3.0 -3.0 -3.0 -3.0 -3.0 0.865 0.991 0.734 0.677 0.952 2.638 2 2 2 2 2 2
1995-12-16T12:30:00 1995 12 16 12 30 0 10.2 -3.2 403.0 11.2 3.64 11.16 6.21 6.71 2 2 2 2 2 2 2 2 3.3 3.68 -32.0 -3.2 -3.2 -3.2 -3.2 -3.2 -3.2 0.913 1.082 0.74 0.775 1.073 2.688 2 2 2 2 2 2
1995-12-16T13:30:00 1995 12 16 13 30 0 10.1 -1.3 399.0 11.3 3.6 10.1 4.35 4.9 2 2 2 2 2 2 2 2 3.3 3.44 -29.0 -1.3 -1.3 -1.3 -1.3 -1.3 -1.3 0.837 0.962 0.733 0.651 0.875 2.363 2 2 2 2 2 2
1995-12-16T14:30:00 1995 12 16 14 30 0 8.3 1.3 396.0 9.7 3.04 5.95 0.54 0.59 2 2 2 2 2 2 2 2 3.3 3.32 -27.0 1.3 1.3 1.3 1.3 1.3 1.3 0.585 0.517 0.712 0.375 0.317 1.099 2 2 2 2 2 2
1995-12-16T15:30:00 1995 12 16 15 30 0 7.9 2.5 392.0 7.9 2.43 3.35 0.0 0.0 2 2 2 2 2 2 2 2 1.3 2.94 -25.0 2.5 2.5 2.5 2.5 2.5 2.5 0.396 0.257 0.69 0.21 0.1 0.456 2 2 2 2 2 2
1995-12-16T16:30:00 1995 12 16 16 30 0 7.2 3.4 392.0 8.3 2.55 2.37 0.0 0.0 2 2 2 2 2 2 2 2 1.3 2.56 -25.0 3.4 3.4 3.4 3.4 3.4 3.4 0.268 0.127 0.669 0.118 0.032 0.189 2 2 2 2 2 2
1995-12-16T17:30:00 1995 12 16 17 30 0 6.4 4.4 390.0 8.2 2.49 1.56 0.0 0.0 2 2 2 2 2 2 2 2 1.3 2.38 -25.0 4.4 4.4 4.4 4.4 4.4 4.4 0.181 0.063 0.648 0.066 0.01 0.078 2 2 2 2 2 2
1995-12-16T18:30:00 1995 12 16 18 30 0 4.5 5.3 391.0 10.6 3.24 0.74 0.0 0.0 2 2 2 2 2 2 2 2 1.3 2.2 -19.0 5.3 5.3 5.3 5.3 5.3 5.3 0.123 0.031 0.629 0.037 0.003 0.033 2 2 2 2 2 2
1995-12-16T19:30:00 1995 12 16 19 30 0 3.7 3.1 394.0 14.8 4.59 0.4 0.0 0.0 2 2 2 2 2 2 2 2 1.3 2.02 -13.0 3.1 3.1 3.1 3.1 3.1 3.1 0.083 0.016 0.609 0.021 0.001 0.013 2 2 2 2 2 2
1995-12-16T20:30:00 1995 12 16 20 30 0 6.9 2.1 392.0 13.1 4.03 1.26 0.0 0.0 2 2 2 2 2 2 2 2 1.3 1.78 -12.0 2.1 2.1 2.1 2.1 2.1 2.1 0.056 0.008 0.591 0.012 0.0 0.006 2 2 2 2 2 2
1995-12-16T21:30:00 1995 12 16 21 30 0 4.4 5.5 406.0 11.8 3.89 1.05 0.0 0.0 2 2 2 2 2 2 2 2 1.0 1.5 -12.0 5.5 5.5 5.5 5.5 5.5 5.5 0.038 0.004 0.573 0.006 0.0 0.002 2 2 2 2 2 2
1995-12-16T22:30:00 1995 12 16 22 30 0 0.8 5.3 399.0 16.1 4.42 0.11 0.0 0.0 2 2 2 2 2 2 2 2 1.0 1.22 -9.0 5.3 5.3 5.3 5.3 5.3 5.3 0.026 0.002 0.555 0.004 0.0 0.001 2 2 2 2 2 2
1995-12-16T23:30:00 1995 12 16 23 30 0 -0.1 3.7 399.0 17.1 4.67 0.0 0.0 0.0 2 2 2 2 2 2 2 2 1.0 1.18 -8.0 3.7 3.7 3.7 3.7 3.7 3.7 0.017 0.001 0.538 0.002 0.0 0.0 2 2 2 2 2 2
