1995-10-05T00:30:00 1995 10 5 0 30 0 -0.2 0.7 663.0 2.7 2.37 0.04 0.19 0.05 2 2 2 2 2 2 2 2 3.7 4.8 -51.0 0.7 0.7 0.7 0.7 0.7 0.7 0.265 0.165 1.019 0.153 0.221 0.388 2 2 2 2 2 2
1995-10-05T01:30:00 1995 10 5 1 30 0 -2.6 1.3 669.0 2.9 2.6 0.18 0.0 0.0 2 2 2 2 2 2 2 2 3.7 4.55 -46.0 1.3 1.3 1.3 1.3 1.3 1.3 0.179 0.082 0.988 0.086 0.07 0.161 2 2 2 2 2 2
1995-10-05T02:30:00 1995 10 5 2 30 0 -2.3 -0.3 650.0 2.9 2.26 0.65 0.14 0.04 2 2 2 2 2 2 2 2 3.7 4.42 -44.0 -0.3 -0.3 -0.3 -0.3 -0.3 -0.3 0.132 0.064 0.958 0.054 0.092 0.156 2 2 2 2 2 2
1995-10-05T03:30:00 1995 10 5 3 30 0 -0.2 -0.8 660.0 2.9 2.35 0.45 1.87 0.54 2 2 2 2 2 2 2 2 3.7 4.3 -47.0 -0.8 -0.8 -0.8 -0.8 -0.8 -0.8 0.161 0.152 0.935 0.085 0.363 0.47 2 2 2 2 2 2
1995-10-05T04:30:00 1995 10 5 4 30 0 2.3 0.3 670.0 2.9 2.6 0.31 0.86 0.25 2 2 2 2 2 2 2 2 3.7 4.17 -46.0 0.3 0.3 0.3 0.3 0.3 0.3 0.13 0.11 0.908 0.06 0.196 0.315 2 2 2 2 2 2
1995-10-05T05:30:00 1995 10 5 5 30 0 1.5 1.6 654.0 2.5 1.94 0.27 0.0 0.0 2 2 2 2 2 2 2 2 3.7 4.01 -46.0 1.6 1.6 1.6 1.6 1.6 1.6 0.088 0.055 0.88 0.033 0.062 0.131 2 2 2 2 2 2
1995-10-05T06:30:00 1995 10 5 6 30 0 0.3 -0.9 632.0 2.4 1.92 0.12 0.64 0.15 2 2 2 2 2 2 2 2 3.7 3.85 -48.0 -0.9 -0.9 -0.9 -0.9 -0.9 -0.9 0.093 0.088 0.856 0.046 0.197 0.223 2 2 2 2 2 2
1995-10-05T07:30:00 1995 10 5 7 30 0 2.0 -0.9 629.0 2.8 2.06 0.66 2.84 0.74 2 2 2 2 2 2 2 2 3.7 3.7 -44.0 -0.9 -0.9 -0.9 -0.9 -0.9 -0.9 0.155 0.189 0.839 0.103 0.439 0.489 2 2 2 2 2 2
1995-10-05T08:30:00 1995 10 5 8 30 0 1.2 0.8 632.0 3.7 2.96 0.39 0.64 0.19 2 2 2 2 2 2 2 2 3.7 3.7 -41.0 0.8 0.8 0.8 0.8 0.8 0.8 0.119 0.118 0.814 0.065 0.19 0.284 2 2 2 2 2 2
1995-10-05T09:30:00 1995 10 5 9 30 0 3.6 -2.0 636.0 3.9 3.16 1.58 2.54 0.98 2 2 2 2 2 2 2 2 4.7 3.83 -38.0 -2.0 -2.0 -2.0 -2.0 -2.0 -2.0 0.198 0.241 0.803 0.166 0.568 0.78 2 2 2 2 2 2
1995-10-05T10:30:00 1995 10 5 10 30 0 1.4 0.1 614.0 3.9 2.94 1.51 2.74 1.07 2 2 2 2 2 2 2 2 4.7 3.96 -38.0 0.1 0.1 0.1 0.1 0.1 0.1 0.21 0.233 0.787 0.158 0.438 0.724 2 2 2 2 2 2
1995-10-05T11:30:00 1995 10 5 11 30 0 -0.9 -4.3 627.0 4.2 3.3 2.55 7.11 2.92 2 2 2 2 2 2 2 2 4.7 4.09 -40.0 -4.3 -4.3 -4.3 -4.3 -4.3 -4.3 0.427 0.493 0.808 0.509 1.146 1.538 2 2 2 2 2 2
1995-10-05T12:30:00 1995 10 5 12 30 0 0.5 -2.6 604.0 4.2 3.06 4.17 10.4 4.37 2 2 2 2 2 2 2 2 4.7 4.21 -48.0 -2.6 -2.6 -2.6 -2.6 -2.6 -2.6 0.611 0.655 0.838 0.743 1.371 1.91 2 2 2 2 2 2
1995-10-05T13:30:00 1995 10 5 13 30 0 1.4 0.4 596.0 4.3 3.05 0.77 3.07 1.3 2 2 2 2 2 2 2 2 4.7 4.34 -46.0 0.4 0.4 0.4 0.4 0.4 0.4 0.498 0.451 0.823 0.494 0.701 1.215 2 2 2 2 2 2
1995-10-05T14:30:00 1995 10 5 14 30 0 -0.2 -0.2 590.0 4.0 2.78 0.05 0.12 0.05 2 2 2 2 2 2 2 2 4.7 4.46 -46.0 -0.2 -0.2 -0.2 -0.2 -0.2 -0.2 0.347 0.251 0.798 0.281 0.289 0.625 2 2 2 2 2 2
1995-10-05T15:30:00 1995 10 5 15 30 0 0.7 0.5 587.0 4.0 2.76 0.01 0.06 0.02 2 2 2 2 2 2 2 2 2.3 4.27 -44.0 0.5 0.5 0.5 0.5 0.5 0.5 0.236 0.127 0.774 0.157 0.097 0.274 2 2 2 2 2 2
1995-10-05T16:30:00 1995 10 5 16 30 0 1.3 -0.7 582.0 4.0 2.71 0.2 0.68 0.27 2 2 2 2 2 2 2 2 2.3 4.07 -40.0 -0.7 -0.7 -0.7 -0.7 -0.7 -0.7 0.2 0.145 0.752 0.115 0.23 0.411 2 2 2 2 2 2
1995-10-05T17:30:00 1995 10 5 17 30 0 2.2 -1.3 574.0 4.0 2.64 0.96 2.96 1.18 2 2 2 2 2 2 2 2 2.3 3.77 -44.0 -1.3 -1.3 -1.3 -1.3 -1.3 -1.3 0.254 0.269 0.74 0.171 0.522 0.771 2 2 2 2 2 2
1995-10-05T18:30:00 1995 10 5 18 30 0 1.9 1.5 573.0 3.9 2.56 0.53 0.72 0.29 2 2 2 2 2 2 2 2 1.7 3.39 -42.0 1.5 1.5 1.5 1.5 1.5 1.5 0.187 0.158 0.719 0.105 0.21 0.394 2 2 2 2 2 2
1995-10-05T19:30:00 1995 10 5 19 30 0 2.8 1.0 567.0 3.5 2.25 0.35 0.0 0.0 2 2 2 2 2 2 2 2 1.7 3.01 -42.0 1.0 1.0 1.0 1.0 1.0 1.0 0.126 0.079 0.697 0.059 0.066 0.163 2 2 2 2 2 2
1995-10-05T20:30:00 1995 10 5 20 30 0 -0.7 2.1 554.0 3.1 1.9 0.09 0.0 0.0 2 2 2 2 2 2 2 2 1.7 2.64 -43.0 2.1 2.1 2.1 2.1 2.1 2.1 0.086 0.039 0.676 0.033 0.021 0.068 2 2 2 2 2 2
1995-10-05T21:30:00 1995 10 5 21 30 0 3.6 -1.5 546.0 2.7 1.61 0.72 1.03 0.28 2 2 2 2 2 2 2 2 4.3 2.62 -40.0 -1.5 -1.5 -1.5 -1.5 -1.5 -1.5 0.11 0.113 0.659 0.067 0.227 0.219 2 2 2 2 2 2
1995-10-05T22:30:00 1995 10 5 22 30 0 4.5 -3.3 547.0 3.1 1.86 4.68 6.76 1.99 2 2 2 2 2 2 2 2 4.3 2.59 -45.0 -3.3 -3.3 -3.3 -3.3 -3.3 -3.3 0.295 0.367 0.667 0.32 0.755 0.676 2 2 2 2 2 2
1995-10-05T23:30:00 1995 10 5 23 30 0 3.6 -1.6 529.0 2.2 1.23 4.37 6.4 1.71 2 2 2 2 2 2 2 2 4.3 2.85 -47.0 -1.6 -1.6 -1.6 -1.6 -1.6 -1.6 0.371 0.426 0.667 0.373 0.74 0.667 2 2 2 2 2 2
