1995-07-09T00:30:00 1995 7 9 0 30 0 4.6 1.8 330.0 5.4 1.02 0.83 0.0 0.0 2 2 2 2 2 2 2 2 0.3 0.68 0.0 1.8 1.8 1.8 1.8 1.8 1.8 0.015 0.003 0.114 0.002 0.0 0.002 2 2 2 2 2 2
1995-07-09T01:30:00 1995 7 9 1 30 0 4.3 2.1 326.0 5.6 1.03 0.7 0.0 0.0 2 2 2 2 2 2 2 2 0.3 0.55 -2.0 2.1 2.1 2.1 2.1 2.1 2.1 0.01 0.001 0.111 0.001 0.0 0.001 2 2 2 2 2 2
1995-07-09T02:30:00 1995 7 9 2 30 0 4.8 1.1 325.0 5.4 1.14 0.84 0.0 0.0 2 2 2 2 2 2 2 2 0.3 0.47 -1.0 1.1 1.1 1.1 1.1 1.1 1.1 0.007 0.001 0.107 0.001 0.0 0.0 2 2 2 2 2 2
1995-07-09T03:30:00 1995 7 9 3 30 0 4.2 1.5 321.0 5.8 1.2 0.85 0.0 0.0 2 2 2 2 2 2 2 2 0.7 0.44 4.0 1.5 1.5 1.5 1.5 1.5 1.5 0.005 0.0 0.104 0.0 0.0 0.0 2 2 2 2 2 2
1995-07-09T04:30:00 1995 7 9 4 30 0 4.2 0.9 319.0 5.9 1.2 0.76 0.0 0.0 2 2 2 2 2 2 2 2 0.7 0.4 5.0 0.9 0.9 0.9 0.9 0.9 0.9 0.003 0.0 0.101 0.0 0.0 0.0 2 2 2 2 2 2
1995-07-09T05:30:00 1995 7 9 5 30 0 4.2 1.4 321.0 5.7 1.01 0.76 0.0 0.0 2 2 2 2 2 2 2 2 0.7 0.46 4.0 1.4 1.4 1.4 1.4 1.4 1.4 0.002 0.0 0.098 0.0 0.0 0.0 2 2 2 2 2 2
1995-07-09T06:30:00 1995 7 9 6 30 0 3.2 0.4 309.0 6.8 1.3 0.61 0.0 0.0 2 2 2 2 2 2 2 2 0.7 0.51 4.0 0.4 0.4 0.4 0.4 0.4 0.4 0.001 0.0 0.095 0.0 0.0 0.0 2 2 2 2 2 2
1995-07-09T07:30:00 1995 7 9 7 30 0 2.4 0.0 304.0 6.9 1.28 0.44 0.0 0.0 2 2 2 2 2 2 2 2 0.7 0.56 3.0 0.0 0.0 0.0 0.0 0.0 0.0 0.001 0.0 0.092 0.0 0.0 0.0 2 2 2 2 2 2
1995-07-09T08:30:00 1995 7 9 8 30 0 3.3 1.3 312.0 8.7 1.69 0.38 0.0 0.0 2 2 2 2 2 2 2 2 0.7 0.6 3.0 1.3 1.3 1.3 1.3 1.3 1.3 0.001 0.0 0.089 0.0 0.0 0.0 2 2 2 2 2 2
1995-07-09T09:30:00 1995 7 9 9 30 0 -0.1 -2.5 314.0 10.2 1.72 0.49 1.45 1.44 2 2 2 2 2 2 2 2 1.3 0.73 5.0 -2.5 -2.5 -2.5 -2.5 -2.5 -2.5 0.113 0.279 0.091 0.102 0.274 0.452 2 2 2 2 2 2
1995-07-09T10:30:00 1995 7 9 10 30 0 -1.2 -4.5 328.0 9.8 1.79 2.49 5.77 5.75 2 2 2 2 2 2 2 2 1.3 0.86 2.0 -4.5 -4.5 -4.5 -4.5 -4.5 -4.5 0.392 0.761 0.109 0.438 0.701 1.129 2 2 2 2 2 2
1995-07-09T11:30:00 1995 7 9 11 30 0 0.2 -4.9 327.0 10.0 1.82 4.11 7.72 7.65 2 2 2 2 2 2 2 2 1.3 0.93 -4.0 -4.9 -4.9 -4.9 -4.9 -4.9 -4.9 0.652 1.099 0.135 0.753 0.938 1.551 2 2 2 2 2 2
1995-07-09T12:30:00 1995 7 9 12 30 0 4.3 -0.2 320.0 9.3 1.63 2.0 3.82 3.72 2 2 2 2 2 2 2 2 2.7 1.19 -10.0 -0.2 -0.2 -0.2 -0.2 -0.2 -0.2 0.6 0.873 0.141 0.573 0.588 1.158 2 2 2 2 2 2
1995-07-09T13:30:00 1995 7 9 13 30 0 3.2 0.1 326.0 10.2 2.17 0.92 0.09 0.09 2 2 2 2 2 2 2 2 2.7 1.45 -6.0 0.1 0.1 0.1 0.1 0.1 0.1 0.411 0.453 0.137 0.322 0.201 0.525 2 2 2 2 2 2
1995-07-09T14:30:00 1995 7 9 14 30 0 3.6 0.4 315.0 12.2 2.05 0.68 0.0 0.0 2 2 2 2 2 2 2 2 2.7 1.7 0.0 0.4 0.4 0.4 0.4 0.4 0.4 0.279 0.225 0.133 0.18 0.064 0.218 2 2 2 2 2 2
1995-07-09T15:30:00 1995 7 9 15 30 0 2.2 -2.3 328.0 15.4 2.8 1.02 1.75 2.55 2 2 2 2 2 2 2 2 2.3 1.9 4.0 -2.3 -2.3 -2.3 -2.3 -2.3 -2.3 0.337 0.482 0.135 0.233 0.388 0.997 2 2 2 2 2 2
1995-07-09T16:30:00 1995 7 9 16 30 0 -1.9 0.4 326.0 19.2 3.45 0.37 1.45 2.4 2 2 2 2 2 2 2 2 2.3 2.09 5.0 0.4 0.4 0.4 0.4 0.4 0.4 0.307 0.431 0.134 0.184 0.283 0.961 2 2 2 2 2 2
1995-07-09T17:30:00 1995 7 9 17 30 0 -1.3 -0.7 328.0 19.7 3.6 0.22 0.41 0.81 2 2 2 2 2 2 2 2 2.3 2.21 4.0 -0.7 -0.7 -0.7 -0.7 -0.7 -0.7 0.257 0.375 0.132 0.13 0.249 1.004 2 2 2 2 2 2
1995-07-09T18:30:00 1995 7 9 18 30 0 -0.6 -1.1 330.0 20.6 3.81 0.27 1.51 3.05 2 2 2 2 2 2 2 2 1.7 2.25 5.0 -1.1 -1.1 -1.1 -1.1 -1.1 -1.1 0.302 0.531 0.132 0.162 0.405 1.609 2 2 2 2 2 2
1995-07-09T19:30:00 1995 7 9 19 30 0 -2.3 -0.7 329.0 17.6 3.22 0.41 1.46 2.78 2 2 2 2 2 2 2 2 1.7 2.29 6.0 -0.7 -0.7 -0.7 -0.7 -0.7 -0.7 0.314 0.561 0.132 0.161 0.403 1.635 2 2 2 2 2 2
1995-07-09T20:30:00 1995 7 9 20 30 0 -2.2 -0.2 325.0 16.7 3.53 0.47 0.7 1.21 2 2 2 2 2 2 2 2 1.7 2.16 6.0 -0.2 -0.2 -0.2 -0.2 -0.2 -0.2 0.264 0.44 0.129 0.114 0.27 1.21 2 2 2 2 2 2
1995-07-09T21:30:00 1995 7 9 21 30 0 -1.1 0.5 319.0 15.3 2.64 0.17 0.03 0.06 2 2 2 2 2 2 2 2 0.7 1.91 3.0 0.5 0.5 0.5 0.5 0.5 0.5 0.18 0.223 0.126 0.064 0.089 0.524 2 2 2 2 2 2
1995-07-09T22:30:00 1995 7 9 22 30 0 -1.0 0.6 317.0 14.8 2.52 0.04 0.0 0.0 2 2 2 2 2 2 2 2 0.7 1.66 3.0 0.6 0.6 0.6 0.6 0.6 0.6 0.122 0.111 0.122 0.036 0.028 0.217 2 2 2 2 2 2
1995-07-09T23:30:00 1995 7 9 23 30 0 -1.4 0.8 317.0 13.2 2.24 0.05 0.0 0.0 2 2 2 2 2 2 2 2 0.7 1.46 4.0 0.8 0.8 0.8 0.8 0.8 0.8 0.082 0.055 0.118 0.02 0.009 0.09 2 2 2 2 2 2
