1995-05-12T00:30:00 1995 5 12 0 30 0 -1.4 -0.8 369.0 5.8 1.49 1.0 2.71 1.76 2 2 2 2 2 2 2 2 2.3 1.58 -19.0 -0.8 -0.8 -0.8 -0.8 -0.8 -0.8 0.386 0.539 0.192 0.253 0.462 0.793 2 2 2 2 2 2
1995-05-12T01:30:00 1995 5 12 1 30 0 -1.0 -0.3 371.0 5.0 1.38 0.23 0.98 0.53 2 2 2 2 2 2 2 2 2.3 1.71 -19.0 -0.3 -0.3 -0.3 -0.3 -0.3 -0.3 0.306 0.382 0.188 0.165 0.275 0.512 2 2 2 2 2 2
1995-05-12T02:30:00 1995 5 12 2 30 0 -1.4 -0.3 367.0 5.4 1.35 0.17 0.55 0.29 2 2 2 2 2 2 2 2 2.3 1.78 -13.0 -0.3 -0.3 -0.3 -0.3 -0.3 -0.3 0.237 0.276 0.183 0.105 0.186 0.359 2 2 2 2 2 2
1995-05-12T03:30:00 1995 5 12 3 30 0 -2.6 -0.7 366.0 5.0 1.25 0.49 0.95 0.49 2 2 2 2 2 2 2 2 1.7 1.78 -11.0 -0.7 -0.7 -0.7 -0.7 -0.7 -0.7 0.211 0.267 0.179 0.087 0.211 0.344 2 2 2 2 2 2
1995-05-12T04:30:00 1995 5 12 4 30 0 -3.5 -2.0 364.0 5.7 1.41 1.47 2.56 1.39 2 2 2 2 2 2 2 2 1.7 1.78 -9.0 -2.0 -2.0 -2.0 -2.0 -2.0 -2.0 0.269 0.399 0.18 0.158 0.383 0.507 2 2 2 2 2 2
1995-05-12T05:30:00 1995 5 12 5 30 0 -3.8 -2.0 363.0 5.8 1.39 2.28 3.63 2.09 2 2 2 2 2 2 2 2 1.7 1.83 -9.0 -2.0 -2.0 -2.0 -2.0 -2.0 -2.0 0.342 0.517 0.185 0.239 0.492 0.645 2 2 2 2 2 2
1995-05-12T06:30:00 1995 5 12 6 30 0 -3.8 -2.1 361.0 5.3 1.25 2.41 3.72 2.05 2 2 2 2 2 2 2 2 1.7 1.87 -12.0 -2.1 -2.1 -2.1 -2.1 -2.1 -2.1 0.392 0.575 0.189 0.286 0.524 0.674 2 2 2 2 2 2
1995-05-12T07:30:00 1995 5 12 7 30 0 -3.6 -1.8 359.0 5.6 1.3 2.22 3.49 1.9 2 2 2 2 2 2 2 2 1.7 1.92 -14.0 -1.8 -1.8 -1.8 -1.8 -1.8 -1.8 0.415 0.587 0.192 0.296 0.51 0.667 2 2 2 2 2 2
1995-05-12T08:30:00 1995 5 12 8 30 0 -3.6 -1.3 355.0 5.2 1.2 1.81 2.73 1.47 2 2 2 2 2 2 2 2 1.7 1.84 -15.0 -1.3 -1.3 -1.3 -1.3 -1.3 -1.3 0.398 0.54 0.192 0.261 0.439 0.593 2 2 2 2 2 2
1995-05-12T09:30:00 1995 5 12 9 30 0 -3.9 -1.4 350.0 5.2 1.15 1.75 2.39 1.24 2 2 2 2 2 2 2 2 1.3 1.72 -17.0 -1.4 -1.4 -1.4 -1.4 -1.4 -1.4 0.377 0.503 0.191 0.231 0.399 0.533 2 2 2 2 2 2
1995-05-12T10:30:00 1995 5 12 10 30 0 -4.0 -1.9 346.0 5.1 1.1 2.1 2.91 1.49 2 2 2 2 2 2 2 2 1.3 1.6 -19.0 -1.9 -1.9 -1.9 -1.9 -1.9 -1.9 0.385 0.523 0.192 0.242 0.427 0.533 2 2 2 2 2 2
1995-05-12T11:30:00 1995 5 12 11 30 0 -3.8 -1.8 351.0 6.2 1.36 2.2 3.22 1.83 2 2 2 2 2 2 2 2 1.3 1.54 -20.0 -1.8 -1.8 -1.8 -1.8 -1.8 -1.8 0.405 0.561 0.194 0.264 0.466 0.607 2 2 2 2 2 2
1995-05-12T12:30:00 1995 5 12 12 30 0 -4.2 -2.1 361.0 8.6 1.99 2.45 3.5 2.64 2 2 2 2 2 2 2 2 2.3 1.63 -17.0 -2.1 -2.1 -2.1 -2.1 -2.1 -2.1 0.451 0.646 0.199 0.315 0.562 0.882 2 2 2 2 2 2
1995-05-12T13:30:00 1995 5 12 13 30 0 -3.7 -0.5 348.0 7.4 1.62 1.82 2.19 1.77 2 2 2 2 2 2 2 2 2.3 1.71 -19.0 -0.5 -0.5 -0.5 -0.5 -0.5 -0.5 0.406 0.548 0.197 0.25 0.415 0.772 2 2 2 2 2 2
1995-05-12T14:30:00 1995 5 12 14 30 0 -0.9 0.7 357.0 10.4 2.35 0.4 0.15 0.12 2 2 2 2 2 2 2 2 2.3 1.78 -18.0 0.7 0.7 0.7 0.7 0.7 0.7 0.28 0.287 0.191 0.142 0.144 0.352 2 2 2 2 2 2
1995-05-12T15:30:00 1995 5 12 15 30 0 -2.1 -0.1 360.0 10.3 2.35 0.16 0.02 0.02 2 2 2 2 2 2 2 2 1.7 1.78 -15.0 -0.1 -0.1 -0.1 -0.1 -0.1 -0.1 0.194 0.161 0.186 0.08 0.067 0.208 2 2 2 2 2 2
1995-05-12T16:30:00 1995 5 12 16 30 0 -2.1 -0.1 362.0 12.0 2.73 0.36 0.18 0.2 2 2 2 2 2 2 2 2 1.7 1.78 -13.0 -0.1 -0.1 -0.1 -0.1 -0.1 -0.1 0.147 0.139 0.18 0.049 0.083 0.299 2 2 2 2 2 2
1995-05-12T17:30:00 1995 5 12 17 30 0 -2.3 0.0 361.0 11.8 2.71 0.38 0.08 0.1 2 2 2 2 2 2 2 2 1.7 1.83 -12.0 0.0 0.0 0.0 0.0 0.0 0.0 0.105 0.093 0.175 0.029 0.049 0.22 2 2 2 2 2 2
1995-05-12T18:30:00 1995 5 12 18 30 0 -3.7 -1.0 357.0 9.4 2.13 0.93 0.97 0.98 2 2 2 2 2 2 2 2 2.0 1.91 -15.0 -1.0 -1.0 -1.0 -1.0 -1.0 -1.0 0.144 0.241 0.172 0.063 0.233 0.566 2 2 2 2 2 2
1995-05-12T19:30:00 1995 5 12 19 30 0 -2.7 -2.1 352.0 13.8 2.98 1.59 2.82 3.4 2 2 2 2 2 2 2 2 2.0 2.0 -15.0 -2.1 -2.1 -2.1 -2.1 -2.1 -2.1 0.283 0.533 0.177 0.204 0.525 1.269 2 2 2 2 2 2
1995-05-12T20:30:00 1995 5 12 20 30 0 -1.8 -1.7 348.0 16.3 3.43 1.3 3.29 4.98 2 2 2 2 2 2 2 2 2.0 1.96 -15.0 -1.7 -1.7 -1.7 -1.7 -1.7 -1.7 0.403 0.735 0.183 0.307 0.655 1.874 2 2 2 2 2 2
1995-05-12T21:30:00 1995 5 12 21 30 0 -1.3 -0.2 345.0 18.6 3.86 0.46 1.54 2.65 2 2 2 2 2 2 2 2 1.0 1.79 -13.0 -0.2 -0.2 -0.2 -0.2 -0.2 -0.2 0.368 0.61 0.181 0.234 0.441 1.64 2 2 2 2 2 2
1995-05-12T22:30:00 1995 5 12 22 30 0 -1.1 -0.7 342.0 20.0 4.09 0.2 0.81 1.57 2 2 2 2 2 2 2 2 1.0 1.63 -6.0 -0.7 -0.7 -0.7 -0.7 -0.7 -0.7 0.326 0.532 0.178 0.174 0.369 1.594 2 2 2 2 2 2
1995-05-12T23:30:00 1995 5 12 23 30 0 0.3 -0.1 337.0 22.4 4.47 0.07 0.64 1.34 2 2 2 2 2 2 2 2 1.0 1.54 -4.0 -0.1 -0.1 -0.1 -0.1 -0.1 -0.1 0.269 0.417 0.174 0.119 0.255 1.341 2 2 2 2 2 2
