1995-09-30T00:30:00 1995 9 30 0 30 0 -3.6 0.1 353.0 7.7 1.92 1.06 0.0 0.0 2 2 2 2 2 2 2 2 0.7 0.47 -20.0 0.1 0.1 0.1 0.1 0.1 0.1 0.0 0.0 0.413 0.0 0.0 0.0 2 2 2 2 2 2
1995-09-30T01:30:00 1995 9 30 1 30 0 -4.5 0.5 346.0 6.5 1.62 1.04 0.0 0.0 2 2 2 2 2 2 2 2 0.7 0.4 -20.0 0.5 0.5 0.5 0.5 0.5 0.5 0.0 0.0 0.4 0.0 0.0 0.0 2 2 2 2 2 2
1995-09-30T02:30:00 1995 9 30 2 30 0 -3.8 -0.3 342.0 6.7 1.57 1.14 0.12 0.08 2 2 2 2 2 2 2 2 0.7 0.46 -19.0 -0.3 -0.3 -0.3 -0.3 -0.3 -0.3 0.012 0.042 0.388 0.005 0.048 0.081 2 2 2 2 2 2
1995-09-30T03:30:00 1995 9 30 3 30 0 -4.6 0.3 343.0 5.3 1.33 1.22 0.11 0.07 2 2 2 2 2 2 2 2 0.7 0.51 -20.0 0.3 0.3 0.3 0.3 0.3 0.3 0.012 0.032 0.376 0.004 0.024 0.053 2 2 2 2 2 2
1995-09-30T04:30:00 1995 9 30 4 30 0 -4.4 0.0 340.0 6.4 1.42 1.31 0.0 0.0 2 2 2 2 2 2 2 2 0.7 0.56 -19.0 0.0 0.0 0.0 0.0 0.0 0.0 0.008 0.016 0.365 0.002 0.008 0.022 2 2 2 2 2 2
1995-09-30T05:30:00 1995 9 30 5 30 0 -3.2 -1.3 336.0 6.9 1.43 1.29 1.19 0.8 2 2 2 2 2 2 2 2 0.7 0.6 -20.0 -1.3 -1.3 -1.3 -1.3 -1.3 -1.3 0.081 0.2 0.356 0.053 0.205 0.295 2 2 2 2 2 2
1995-09-30T06:30:00 1995 9 30 6 30 0 -3.8 -2.0 338.0 5.8 1.21 1.78 2.83 1.77 2 2 2 2 2 2 2 2 1.3 0.73 -21.0 -2.0 -2.0 -2.0 -2.0 -2.0 -2.0 0.193 0.398 0.352 0.15 0.378 0.492 2 2 2 2 2 2
1995-09-30T07:30:00 1995 9 30 7 30 0 -4.3 -1.8 334.0 5.9 1.19 2.28 3.18 1.86 2 2 2 2 2 2 2 2 1.3 0.86 -22.0 -1.8 -1.8 -1.8 -1.8 -1.8 -1.8 0.273 0.501 0.349 0.209 0.432 0.557 2 2 2 2 2 2
1995-09-30T08:30:00 1995 9 30 8 30 0 -4.4 1.0 334.0 5.4 1.11 1.45 0.84 0.49 2 2 2 2 2 2 2 2 1.3 0.93 -21.0 1.0 1.0 1.0 1.0 1.0 1.0 0.213 0.312 0.34 0.133 0.192 0.308 2 2 2 2 2 2
1995-09-30T09:30:00 1995 9 30 9 30 0 -3.9 0.4 336.0 5.8 1.21 0.9 0.0 0.0 2 2 2 2 2 2 2 2 1.7 1.06 -19.0 0.4 0.4 0.4 0.4 0.4 0.4 0.144 0.155 0.329 0.075 0.061 0.128 2 2 2 2 2 2
1995-09-30T10:30:00 1995 9 30 10 30 0 -3.1 -2.4 329.0 7.9 1.54 1.4 1.87 1.38 2 2 2 2 2 2 2 2 1.7 1.19 -20.0 -2.4 -2.4 -2.4 -2.4 -2.4 -2.4 0.218 0.358 0.325 0.148 0.313 0.454 2 2 2 2 2 2
1995-09-30T11:30:00 1995 9 30 11 30 0 -2.7 -2.4 327.0 8.7 1.68 1.96 3.93 3.28 2 2 2 2 2 2 2 2 1.7 1.31 -24.0 -2.4 -2.4 -2.4 -2.4 -2.4 -2.4 0.347 0.6 0.326 0.279 0.517 0.8 2 2 2 2 2 2
1995-09-30T12:30:00 1995 9 30 12 30 0 -3.3 -0.9 332.0 5.4 1.07 1.41 2.61 1.87 2 2 2 2 2 2 2 2 1.3 1.38 -30.0 -0.9 -0.9 -0.9 -0.9 -0.9 -0.9 0.351 0.556 0.322 0.247 0.414 0.661 2 2 2 2 2 2
1995-09-30T13:30:00 1995 9 30 13 30 0 -2.8 1.1 323.0 3.9 0.79 0.6 0.28 0.14 2 2 2 2 2 2 2 2 1.3 1.45 -30.0 1.1 1.1 1.1 1.1 1.1 1.1 0.245 0.295 0.312 0.142 0.146 0.296 2 2 2 2 2 2
1995-09-30T14:30:00 1995 9 30 14 30 0 -2.8 0.5 326.0 4.9 1.03 0.36 0.0 0.0 2 2 2 2 2 2 2 2 1.3 1.45 -28.0 0.5 0.5 0.5 0.5 0.5 0.5 0.166 0.147 0.302 0.079 0.046 0.123 2 2 2 2 2 2
1995-09-30T15:30:00 1995 9 30 15 30 0 -2.6 0.8 333.0 5.3 1.17 0.35 0.0 0.0 2 2 2 2 2 2 2 2 0.7 1.37 -26.0 0.8 0.8 0.8 0.8 0.8 0.8 0.112 0.073 0.293 0.044 0.015 0.051 2 2 2 2 2 2
1995-09-30T16:30:00 1995 9 30 16 30 0 -2.5 0.1 332.0 5.5 1.2 0.35 0.0 0.0 2 2 2 2 2 2 2 2 0.7 1.29 -24.0 0.1 0.1 0.1 0.1 0.1 0.1 0.076 0.036 0.284 0.025 0.005 0.021 2 2 2 2 2 2
1995-09-30T17:30:00 1995 9 30 17 30 0 -2.3 0.9 335.0 6.2 1.33 0.29 0.0 0.0 2 2 2 2 2 2 2 2 0.7 1.16 -23.0 0.9 0.9 0.9 0.9 0.9 0.9 0.052 0.018 0.276 0.014 0.001 0.009 2 2 2 2 2 2
1995-09-30T18:30:00 1995 9 30 18 30 0 -1.8 0.6 333.0 5.5 1.14 0.17 0.0 0.0 2 2 2 2 2 2 2 2 0.7 1.04 -23.0 0.6 0.6 0.6 0.6 0.6 0.6 0.035 0.009 0.267 0.008 0.0 0.004 2 2 2 2 2 2
1995-09-30T19:30:00 1995 9 30 19 30 0 -2.6 0.2 330.0 6.2 1.23 0.28 0.0 0.0 2 2 2 2 2 2 2 2 0.7 0.92 -22.0 0.2 0.2 0.2 0.2 0.2 0.2 0.024 0.004 0.259 0.004 0.0 0.002 2 2 2 2 2 2
1995-09-30T20:30:00 1995 9 30 20 30 0 -2.2 -0.5 329.0 6.4 1.39 0.44 0.33 0.21 2 2 2 2 2 2 2 2 0.7 0.84 -24.0 -0.5 -0.5 -0.5 -0.5 -0.5 -0.5 0.041 0.083 0.252 0.014 0.084 0.125 2 2 2 2 2 2
1995-09-30T21:30:00 1995 9 30 21 30 0 -0.3 -2.1 329.0 5.9 1.28 0.58 2.25 1.37 2 2 2 2 2 2 2 2 2.0 0.94 -23.0 -2.1 -2.1 -2.1 -2.1 -2.1 -2.1 0.148 0.313 0.249 0.108 0.305 0.372 2 2 2 2 2 2
1995-09-30T22:30:00 1995 9 30 22 30 0 0.4 -2.0 330.0 5.9 1.29 0.83 3.37 1.99 2 2 2 2 2 2 2 2 2.0 1.04 -27.0 -2.0 -2.0 -2.0 -2.0 -2.0 -2.0 0.252 0.476 0.25 0.198 0.42 0.512 2 2 2 2 2 2
1995-09-30T23:30:00 1995 9 30 23 30 0 0.1 -0.8 330.0 6.1 1.26 0.39 2.23 1.34 2 2 2 2 2 2 2 2 2.0 1.2 -25.0 -0.8 -0.8 -0.8 -0.8 -0.8 -0.8 0.267 0.46 0.246 0.182 0.352 0.484 2 2 2 2 2 2
