2008-06-17T00:30:00 2008 6 17 0 30 0 -3.2 1.0 701.0 1.7 1.67 0.3 0.14 0.03 2 2 2 2 2 2 2 2 3.0 3.49 -19.0 1.0 1.0 1.0 1.0 1.0 1.0 0.207 0.117 0.28 0.118 0.136 0.179 2 2 2 2 2 2
2008-06-17T01:30:00 2008 6 17 1 30 0 -2.5 -2.1 712.0 1.6 1.62 1.86 2.84 0.46 2 2 2 2 2 2 2 2 3.0 3.52 -15.0 -2.1 -2.1 -2.1 -2.1 -2.1 -2.1 0.233 0.184 0.284 0.173 0.474 0.357 2 2 2 2 2 2
2008-06-17T02:30:00 2008 6 17 2 30 0 -2.3 -1.4 730.0 1.4 1.49 2.58 6.2 0.93 2 2 2 2 2 2 2 2 3.0 3.43 -16.0 -1.4 -1.4 -1.4 -1.4 -1.4 -1.4 0.295 0.259 0.297 0.251 0.696 0.494 2 2 2 2 2 2
2008-06-17T03:30:00 2008 6 17 3 30 0 -2.6 -0.7 754.0 1.4 1.36 1.79 3.79 0.53 2 2 2 2 2 2 2 2 2.3 3.25 -20.0 -0.7 -0.7 -0.7 -0.7 -0.7 -0.7 0.284 0.241 0.299 0.217 0.597 0.463 2 2 2 2 2 2
2008-06-17T04:30:00 2008 6 17 4 30 0 -1.3 1.9 715.0 1.4 1.22 0.47 0.25 0.03 2 2 2 2 2 2 2 2 2.3 3.07 -22.0 1.9 1.9 1.9 1.9 1.9 1.9 0.194 0.123 0.29 0.122 0.197 0.202 2 2 2 2 2 2
2008-06-17T05:30:00 2008 6 17 5 30 0 -2.4 0.3 719.0 1.4 1.23 0.32 0.0 0.0 2 2 2 2 2 2 2 2 2.3 2.9 -22.0 0.3 0.3 0.3 0.3 0.3 0.3 0.131 0.061 0.281 0.068 0.062 0.084 2 2 2 2 2 2
2008-06-17T06:30:00 2008 6 17 6 30 0 -1.2 -1.2 713.0 1.7 1.48 0.77 1.9 0.31 2 2 2 2 2 2 2 2 2.3 2.72 -20.0 -1.2 -1.2 -1.2 -1.2 -1.2 -1.2 0.153 0.127 0.28 0.096 0.344 0.276 2 2 2 2 2 2
2008-06-17T07:30:00 2008 6 17 7 30 0 -0.5 -0.6 723.0 1.7 1.52 0.53 3.14 0.53 2 2 2 2 2 2 2 2 2.3 2.55 -19.0 -0.6 -0.6 -0.6 -0.6 -0.6 -0.6 0.181 0.173 0.28 0.119 0.455 0.395 2 2 2 2 2 2
2008-06-17T08:30:00 2008 6 17 8 30 0 -1.3 1.4 711.0 1.6 1.39 0.09 0.24 0.04 2 2 2 2 2 2 2 2 2.3 2.47 -20.0 1.4 1.4 1.4 1.4 1.4 1.4 0.126 0.091 0.272 0.067 0.157 0.18 2 2 2 2 2 2
2008-06-17T09:30:00 2008 6 17 9 30 0 -0.3 -0.9 705.0 1.5 1.28 0.12 0.76 0.11 2 2 2 2 2 2 2 2 2.3 2.38 -16.0 -0.9 -0.9 -0.9 -0.9 -0.9 -0.9 0.117 0.097 0.267 0.064 0.229 0.197 2 2 2 2 2 2
2008-06-17T10:30:00 2008 6 17 10 30 0 0.8 0.1 700.0 1.7 1.44 0.12 1.29 0.2 2 2 2 2 2 2 2 2 2.3 2.3 -11.0 0.1 0.1 0.1 0.1 0.1 0.1 0.106 0.09 0.261 0.053 0.189 0.186 2 2 2 2 2 2
2008-06-17T11:30:00 2008 6 17 11 30 0 0.3 -0.2 692.0 1.6 1.33 0.05 0.26 0.04 2 2 2 2 2 2 2 2 2.3 2.3 -13.0 -0.2 -0.2 -0.2 -0.2 -0.2 -0.2 0.084 0.071 0.253 0.034 0.141 0.153 2 2 2 2 2 2
2008-06-17T12:30:00 2008 6 17 12 30 0 -0.5 0.4 694.0 1.6 1.35 0.01 0.09 0.01 2 2 2 2 2 2 2 2 2.0 2.26 -17.0 0.4 0.4 0.4 0.4 0.4 0.4 0.058 0.038 0.246 0.02 0.052 0.073 2 2 2 2 2 2
2008-06-17T13:30:00 2008 6 17 13 30 0 -0.7 -0.9 672.0 1.4 1.12 0.17 1.18 0.17 2 2 2 2 2 2 2 2 2.0 2.22 -18.0 -0.9 -0.9 -0.9 -0.9 -0.9 -0.9 0.081 0.087 0.242 0.043 0.229 0.169 2 2 2 2 2 2
2008-06-17T14:30:00 2008 6 17 14 30 0 -0.2 -1.0 666.0 1.4 1.09 0.42 3.19 0.45 2 2 2 2 2 2 2 2 2.0 2.18 -18.0 -1.0 -1.0 -1.0 -1.0 -1.0 -1.0 0.134 0.157 0.243 0.094 0.406 0.275 2 2 2 2 2 2
2008-06-17T15:30:00 2008 6 17 15 30 0 -1.1 -0.3 660.0 1.3 0.99 0.29 2.06 0.28 2 2 2 2 2 2 2 2 2.3 2.19 -16.0 -0.3 -0.3 -0.3 -0.3 -0.3 -0.3 0.137 0.151 0.24 0.084 0.33 0.247 2 2 2 2 2 2
2008-06-17T16:30:00 2008 6 17 16 30 0 -2.7 -0.4 675.0 1.1 0.91 0.75 1.18 0.14 2 2 2 2 2 2 2 2 2.3 2.19 -15.0 -0.4 -0.4 -0.4 -0.4 -0.4 -0.4 0.125 0.13 0.235 0.066 0.265 0.2 2 2 2 2 2 2
2008-06-17T17:30:00 2008 6 17 17 30 0 -0.9 -2.0 689.0 1.2 1.04 1.41 4.33 0.5 2 2 2 2 2 2 2 2 2.3 2.19 -16.0 -2.0 -2.0 -2.0 -2.0 -2.0 -2.0 0.192 0.204 0.242 0.154 0.526 0.301 2 2 2 2 2 2
2008-06-17T18:30:00 2008 6 17 18 30 0 -1.0 -0.1 657.0 1.3 1.03 0.71 3.29 0.41 2 2 2 2 2 2 2 2 2.0 2.15 -18.0 -0.1 -0.1 -0.1 -0.1 -0.1 -0.1 0.19 0.183 0.242 0.137 0.39 0.261 2 2 2 2 2 2
2008-06-17T19:30:00 2008 6 17 19 30 0 -2.2 0.3 661.0 1.2 0.95 0.35 0.03 0.0 2 2 2 2 2 2 2 2 2.0 2.11 -19.0 0.3 0.3 0.3 0.3 0.3 0.3 0.128 0.091 0.235 0.077 0.124 0.108 2 2 2 2 2 2
2008-06-17T20:30:00 2008 6 17 20 30 0 -2.0 0.2 657.0 1.2 0.94 0.51 0.0 0.0 2 2 2 2 2 2 2 2 2.0 2.11 -18.0 0.2 0.2 0.2 0.2 0.2 0.2 0.087 0.045 0.228 0.043 0.039 0.045 2 2 2 2 2 2
2008-06-17T21:30:00 2008 6 17 21 30 0 -1.6 -0.6 648.0 1.3 0.99 0.54 0.81 0.1 2 2 2 2 2 2 2 2 2.0 2.11 -16.0 -0.6 -0.6 -0.6 -0.6 -0.6 -0.6 0.087 0.072 0.223 0.042 0.16 0.109 2 2 2 2 2 2
2008-06-17T22:30:00 2008 6 17 22 30 0 -0.5 -0.8 644.0 1.4 1.05 0.43 2.29 0.31 2 2 2 2 2 2 2 2 2.0 2.11 -17.0 -0.8 -0.8 -0.8 -0.8 -0.8 -0.8 0.119 0.129 0.221 0.07 0.311 0.204 2 2 2 2 2 2
2008-06-17T23:30:00 2008 6 17 23 30 0 -2.2 -0.9 646.0 1.4 1.07 0.74 2.76 0.39 2 2 2 2 2 2 2 2 2.0 2.07 -17.0 -0.9 -0.9 -0.9 -0.9 -0.9 -0.9 0.151 0.17 0.222 0.097 0.392 0.263 2 2 2 2 2 2
