2008-08-03T00:30:00 2008 8 3 0 30 0 -2.6 -0.4 347.0 4.1 0.99 0.78 1.02 0.46 2 2 2 2 2 2 2 2 0.3 0.56 0.0 -0.4 -0.4 -0.4 -0.4 -0.4 -0.4 0.1 0.207 0.03 0.046 0.179 0.227 2 2 2 2 2 2
2008-08-03T01:30:00 2008 8 3 1 30 0 -1.4 -0.2 352.0 4.5 1.12 0.36 0.51 0.22 2 2 2 2 2 2 2 2 0.3 0.6 1.0 -0.2 -0.2 -0.2 -0.2 -0.2 -0.2 0.092 0.174 0.029 0.035 0.132 0.188 2 2 2 2 2 2
2008-08-03T02:30:00 2008 8 3 2 30 0 0.7 -1.0 348.0 5.0 1.21 0.14 1.11 0.53 2 2 2 2 2 2 2 2 0.3 0.54 3.0 -1.0 -1.0 -1.0 -1.0 -1.0 -1.0 0.122 0.236 0.03 0.057 0.209 0.265 2 2 2 2 2 2
2008-08-03T03:30:00 2008 8 3 3 30 0 0.7 -0.7 343.0 4.9 1.15 0.21 1.45 0.72 2 2 2 2 2 2 2 2 0.7 0.55 0.0 -0.7 -0.7 -0.7 -0.7 -0.7 -0.7 0.148 0.276 0.032 0.072 0.234 0.301 2 2 2 2 2 2
2008-08-03T04:30:00 2008 8 3 4 30 0 0.4 0.2 342.0 4.5 1.05 0.05 0.42 0.2 2 2 2 2 2 2 2 2 0.7 0.55 -2.0 0.2 0.2 0.2 0.2 0.2 0.2 0.115 0.178 0.031 0.047 0.111 0.178 2 2 2 2 2 2
2008-08-03T05:30:00 2008 8 3 5 30 0 0.2 0.4 340.0 4.5 1.04 0.0 0.0 0.0 2 2 2 2 2 2 2 2 0.7 0.55 -5.0 0.4 0.4 0.4 0.4 0.4 0.4 0.078 0.088 0.03 0.026 0.035 0.074 2 2 2 2 2 2
2008-08-03T06:30:00 2008 8 3 6 30 0 -0.6 0.3 335.0 4.9 1.1 0.0 0.0 0.0 2 2 2 2 2 2 2 2 0.3 0.5 -5.0 0.3 0.3 0.3 0.3 0.3 0.3 0.053 0.044 0.03 0.015 0.011 0.031 2 2 2 2 2 2
2008-08-03T07:30:00 2008 8 3 7 30 0 -1.1 -0.5 335.0 5.0 1.12 0.08 0.3 0.15 2 2 2 2 2 2 2 2 0.3 0.45 -6.0 -0.5 -0.5 -0.5 -0.5 -0.5 -0.5 0.057 0.09 0.029 0.018 0.077 0.103 2 2 2 2 2 2
2008-08-03T08:30:00 2008 8 3 8 30 0 -1.1 -0.6 337.0 5.7 1.29 0.19 0.93 0.5 2 2 2 2 2 2 2 2 0.3 0.45 -2.0 -0.6 -0.6 -0.6 -0.6 -0.6 -0.6 0.088 0.177 0.03 0.037 0.16 0.217 2 2 2 2 2 2
2008-08-03T09:30:00 2008 8 3 9 30 0 -1.8 -0.3 334.0 5.7 1.27 0.25 0.73 0.42 2 2 2 2 2 2 2 2 0.7 0.5 3.0 -0.3 -0.3 -0.3 -0.3 -0.3 -0.3 0.097 0.193 0.03 0.037 0.154 0.238 2 2 2 2 2 2
2008-08-03T10:30:00 2008 8 3 10 30 0 1.2 1.1 334.0 5.9 1.32 0.04 0.03 0.02 2 2 2 2 2 2 2 2 0.7 0.55 7.0 1.1 1.1 1.1 1.1 1.1 1.1 0.065 0.096 0.029 0.021 0.049 0.099 2 2 2 2 2 2
2008-08-03T11:30:00 2008 8 3 11 30 0 1.5 2.1 328.0 6.7 1.44 0.04 0.0 0.0 2 2 2 2 2 2 2 2 0.7 0.55 7.0 2.1 2.1 2.1 2.1 2.1 2.1 0.044 0.048 0.028 0.012 0.015 0.041 2 2 2 2 2 2
2008-08-03T12:30:00 2008 8 3 12 30 0 0.8 0.4 324.0 6.5 1.36 0.03 0.0 0.0 2 2 2 2 2 2 2 2 0.7 0.55 4.0 0.4 0.4 0.4 0.4 0.4 0.4 0.03 0.024 0.027 0.007 0.005 0.017 2 2 2 2 2 2
2008-08-03T13:30:00 2008 8 3 13 30 0 -0.8 -1.3 321.0 6.9 1.42 0.12 0.89 0.6 2 2 2 2 2 2 2 2 0.7 0.56 2.0 -1.3 -1.3 -1.3 -1.3 -1.3 -1.3 0.081 0.176 0.028 0.045 0.168 0.232 2 2 2 2 2 2
2008-08-03T14:30:00 2008 8 3 14 30 0 -1.9 -2.5 320.0 7.8 1.6 0.97 3.12 2.32 2 2 2 2 2 2 2 2 0.7 0.6 0.0 -2.5 -2.5 -2.5 -2.5 -2.5 -2.5 0.221 0.453 0.036 0.18 0.409 0.564 2 2 2 2 2 2
2008-08-03T15:30:00 2008 8 3 15 30 0 -0.3 -3.2 321.0 8.0 1.65 1.69 4.61 3.65 2 2 2 2 2 2 2 2 1.0 0.69 -2.0 -3.2 -3.2 -3.2 -3.2 -3.2 -3.2 0.38 0.697 0.048 0.345 0.588 0.835 2 2 2 2 2 2
2008-08-03T16:30:00 2008 8 3 16 30 0 -0.8 -3.5 322.0 6.6 1.37 2.13 5.41 3.91 2 2 2 2 2 2 2 2 1.0 0.78 -2.0 -3.5 -3.5 -3.5 -3.5 -3.5 -3.5 0.506 0.835 0.063 0.472 0.664 0.902 2 2 2 2 2 2
2008-08-03T17:30:00 2008 8 3 17 30 0 -1.6 -3.0 330.0 5.9 1.29 2.14 5.27 3.28 2 2 2 2 2 2 2 2 1.0 0.82 -5.0 -3.0 -3.0 -3.0 -3.0 -3.0 -3.0 0.568 0.853 0.075 0.509 0.65 0.839 2 2 2 2 2 2
2008-08-03T18:30:00 2008 8 3 18 30 0 -1.0 -2.9 339.0 7.4 1.7 1.88 4.93 3.31 2 2 2 2 2 2 2 2 1.3 0.89 -8.0 -2.9 -2.9 -2.9 -2.9 -2.9 -2.9 0.609 0.866 0.087 0.526 0.667 0.91 2 2 2 2 2 2
2008-08-03T19:30:00 2008 8 3 19 30 0 1.3 -1.5 350.0 6.9 1.69 1.03 3.69 2.64 2 2 2 2 2 2 2 2 1.3 0.97 -8.0 -1.5 -1.5 -1.5 -1.5 -1.5 -1.5 0.577 0.771 0.094 0.446 0.571 0.869 2 2 2 2 2 2
2008-08-03T20:30:00 2008 8 3 20 30 0 -2.3 2.4 361.0 6.0 1.56 0.09 0.4 0.27 2 2 2 2 2 2 2 2 1.3 1.04 -7.0 2.4 2.4 2.4 2.4 2.4 2.4 0.402 0.409 0.091 0.255 0.204 0.402 2 2 2 2 2 2
2008-08-03T21:30:00 2008 8 3 21 30 0 -5.2 0.4 354.0 6.0 1.5 0.77 0.0 0.0 2 2 2 2 2 2 2 2 2.0 1.21 -4.0 0.4 0.4 0.4 0.4 0.4 0.4 0.272 0.203 0.089 0.143 0.064 0.167 2 2 2 2 2 2
2008-08-03T22:30:00 2008 8 3 22 30 0 -2.1 -1.3 357.0 6.8 1.55 1.16 0.98 0.65 2 2 2 2 2 2 2 2 2.0 1.37 -5.0 -1.3 -1.3 -1.3 -1.3 -1.3 -1.3 0.25 0.266 0.089 0.127 0.214 0.348 2 2 2 2 2 2
2008-08-03T23:30:00 2008 8 3 23 30 0 -0.8 1.2 354.0 6.1 1.36 0.22 0.51 0.34 2 2 2 2 2 2 2 2 2.0 1.5 -9.0 1.2 1.2 1.2 1.2 1.2 1.2 0.185 0.169 0.086 0.079 0.102 0.208 2 2 2 2 2 2
