2008-01-17T00:30:00 2008 1 17 0 30 0 1.1 -2.7 616.0 2.7 1.93 1.58 5.94 1.58 2 2 2 2 2 2 2 2 3.0 2.89 -11.0 -2.7 -2.7 -2.7 -2.7 -2.7 -2.7 0.239 0.301 0.171 0.255 0.738 0.689 2 2 2 2 2 2
2008-01-17T01:30:00 2008 1 17 1 30 0 1.5 0.8 609.0 2.6 1.78 0.86 2.86 0.76 2 2 2 2 2 2 2 2 3.0 2.89 -10.0 0.8 0.8 0.8 0.8 0.8 0.8 0.222 0.234 0.174 0.199 0.419 0.488 2 2 2 2 2 2
2008-01-17T02:30:00 2008 1 17 2 30 0 1.6 2.6 607.0 2.7 1.84 0.09 0.0 0.0 2 2 2 2 2 2 2 2 3.0 2.93 -10.0 2.6 2.6 2.6 2.6 2.6 2.6 0.15 0.116 0.168 0.111 0.133 0.202 2 2 2 2 2 2
2008-01-17T03:30:00 2008 1 17 3 30 0 1.9 1.9 599.0 2.8 1.87 0.1 0.0 0.0 2 2 2 2 2 2 2 2 2.0 2.83 -9.0 1.9 1.9 1.9 1.9 1.9 1.9 0.102 0.058 0.163 0.062 0.042 0.084 2 2 2 2 2 2
2008-01-17T04:30:00 2008 1 17 4 30 0 2.2 1.1 619.0 3.0 2.06 0.23 0.0 0.0 2 2 2 2 2 2 2 2 2.0 2.74 -6.0 1.1 1.1 1.1 1.1 1.1 1.1 0.069 0.029 0.158 0.035 0.013 0.035 2 2 2 2 2 2
2008-01-17T05:30:00 2008 1 17 5 30 0 1.8 1.7 619.0 3.2 2.18 0.21 0.0 0.0 2 2 2 2 2 2 2 2 2.0 2.61 -7.0 1.7 1.7 1.7 1.7 1.7 1.7 0.047 0.014 0.153 0.02 0.004 0.014 2 2 2 2 2 2
2008-01-17T06:30:00 2008 1 17 6 30 0 1.4 1.1 606.0 3.3 2.14 0.11 0.0 0.0 2 2 2 2 2 2 2 2 1.7 2.45 -9.0 1.1 1.1 1.1 1.1 1.1 1.1 0.032 0.007 0.149 0.011 0.001 0.006 2 2 2 2 2 2
2008-01-17T07:30:00 2008 1 17 7 30 0 1.6 0.0 563.0 2.6 1.52 0.19 0.0 0.0 2 2 2 2 2 2 2 2 1.7 2.28 -15.0 0.0 0.0 0.0 0.0 0.0 0.0 0.021 0.004 0.144 0.006 0.0 0.002 2 2 2 2 2 2
2008-01-17T08:30:00 2008 1 17 8 30 0 0.3 2.5 560.0 2.5 1.45 0.05 0.0 0.0 2 2 2 2 2 2 2 2 1.7 2.12 -15.0 2.5 2.5 2.5 2.5 2.5 2.5 0.014 0.002 0.14 0.003 0.0 0.001 2 2 2 2 2 2
2008-01-17T09:30:00 2008 1 17 9 30 0 2.6 1.4 565.0 2.8 1.67 0.12 0.0 0.0 2 2 2 2 2 2 2 2 2.0 2.0 -12.0 1.4 1.4 1.4 1.4 1.4 1.4 0.01 0.001 0.136 0.002 0.0 0.0 2 2 2 2 2 2
2008-01-17T10:30:00 2008 1 17 10 30 0 3.6 0.1 571.0 2.8 1.73 0.88 0.0 0.0 2 2 2 2 2 2 2 2 2.0 1.89 -12.0 0.1 0.1 0.1 0.1 0.1 0.1 0.007 0.0 0.131 0.001 0.0 0.0 2 2 2 2 2 2
2008-01-17T11:30:00 2008 1 17 11 30 0 2.5 -1.6 566.0 2.6 1.57 1.64 2.33 0.62 2 2 2 2 2 2 2 2 2.0 1.89 -15.0 -1.6 -1.6 -1.6 -1.6 -1.6 -1.6 0.097 0.154 0.135 0.085 0.358 0.324 2 2 2 2 2 2
2008-01-17T12:30:00 2008 1 17 12 30 0 -0.5 -1.3 586.0 2.4 1.55 1.0 4.14 1.03 2 2 2 2 2 2 2 2 3.0 2.02 -20.0 -1.3 -1.3 -1.3 -1.3 -1.3 -1.3 0.188 0.261 0.144 0.166 0.543 0.501 2 2 2 2 2 2
2008-01-17T13:30:00 2008 1 17 13 30 0 0.4 -2.8 589.0 2.4 1.55 1.63 6.21 1.49 2 2 2 2 2 2 2 2 3.0 2.15 -24.0 -2.8 -2.8 -2.8 -2.8 -2.8 -2.8 0.314 0.386 0.164 0.323 0.799 0.69 2 2 2 2 2 2
2008-01-17T14:30:00 2008 1 17 14 30 0 1.2 0.6 625.0 3.9 2.78 0.77 3.11 0.89 2 2 2 2 2 2 2 2 3.0 2.32 -15.0 0.6 0.6 0.6 0.6 0.6 0.6 0.286 0.296 0.168 0.248 0.481 0.564 2 2 2 2 2 2
2008-01-17T15:30:00 2008 1 17 15 30 0 0.3 2.1 635.0 3.9 2.89 0.02 0.0 0.0 2 2 2 2 2 2 2 2 2.0 2.35 -14.0 2.1 2.1 2.1 2.1 2.1 2.1 0.194 0.147 0.163 0.139 0.152 0.234 2 2 2 2 2 2
2008-01-17T16:30:00 2008 1 17 16 30 0 1.4 0.2 629.0 3.8 2.75 0.06 0.0 0.0 2 2 2 2 2 2 2 2 2.0 2.38 -12.0 0.2 0.2 0.2 0.2 0.2 0.2 0.131 0.073 0.158 0.078 0.048 0.097 2 2 2 2 2 2
2008-01-17T17:30:00 2008 1 17 17 30 0 0.3 2.6 634.0 3.6 2.67 0.04 0.0 0.0 2 2 2 2 2 2 2 2 2.0 2.37 -13.0 2.6 2.6 2.6 2.6 2.6 2.6 0.089 0.036 0.153 0.044 0.015 0.04 2 2 2 2 2 2
2008-01-17T18:30:00 2008 1 17 18 30 0 0.2 3.0 640.0 3.3 2.49 0.0 0.0 0.0 2 2 2 2 2 2 2 2 2.7 2.46 -10.0 3.0 3.0 3.0 3.0 3.0 3.0 0.06 0.018 0.148 0.024 0.005 0.017 2 2 2 2 2 2
2008-01-17T19:30:00 2008 1 17 19 30 0 -0.2 -0.5 637.0 3.1 2.35 0.01 0.19 0.06 2 2 2 2 2 2 2 2 2.7 2.54 -9.0 -0.5 -0.5 -0.5 -0.5 -0.5 -0.5 0.058 0.042 0.145 0.026 0.101 0.128 2 2 2 2 2 2
2008-01-17T20:30:00 2008 1 17 20 30 0 1.0 0.4 627.0 3.2 2.33 0.05 0.38 0.12 2 2 2 2 2 2 2 2 2.7 2.51 -14.0 0.4 0.4 0.4 0.4 0.4 0.4 0.048 0.039 0.141 0.018 0.071 0.122 2 2 2 2 2 2
2008-01-17T21:30:00 2008 1 17 21 30 0 3.0 1.7 641.0 3.6 2.71 0.3 0.0 0.0 2 2 2 2 2 2 2 2 3.7 2.61 -13.0 1.7 1.7 1.7 1.7 1.7 1.7 0.033 0.02 0.137 0.01 0.022 0.051 2 2 2 2 2 2
2008-01-17T22:30:00 2008 1 17 22 30 0 3.3 -1.5 635.0 4.0 2.91 1.49 1.32 0.52 2 2 2 2 2 2 2 2 3.7 2.71 -11.0 -1.5 -1.5 -1.5 -1.5 -1.5 -1.5 0.093 0.127 0.14 0.078 0.344 0.477 2 2 2 2 2 2
2008-01-17T23:30:00 2008 1 17 23 30 0 2.0 1.4 628.0 4.2 2.99 1.04 1.04 0.42 2 2 2 2 2 2 2 2 3.7 2.92 -8.0 1.4 1.4 1.4 1.4 1.4 1.4 0.086 0.099 0.138 0.059 0.184 0.341 2 2 2 2 2 2
