2008-10-02T00:30:00 2008 10 2 0 30 0 -5.2 0.2 565.0 1.3 0.75 2.79 0.34 0.05 2 2 2 2 2 2 2 2 2.3 2.35 -8.0 0.2 0.2 0.2 0.2 0.2 0.2 0.039 0.056 0.033 0.017 0.087 0.092 2 2 2 2 2 2
2008-10-02T01:30:00 2008 10 2 1 30 0 -4.5 1.4 534.0 1.8 0.89 1.98 0.0 0.0 2 2 2 2 2 2 2 2 2.3 2.3 -8.0 1.4 1.4 1.4 1.4 1.4 1.4 0.026 0.028 0.032 0.01 0.028 0.038 2 2 2 2 2 2
2008-10-02T02:30:00 2008 10 2 2 30 0 -4.1 0.6 534.0 2.3 1.13 1.41 0.0 0.0 2 2 2 2 2 2 2 2 2.3 2.3 -7.0 0.6 0.6 0.6 0.6 0.6 0.6 0.018 0.014 0.031 0.005 0.009 0.016 2 2 2 2 2 2
2008-10-02T03:30:00 2008 10 2 3 30 0 -4.2 0.9 565.0 3.6 2.02 1.46 0.0 0.0 2 2 2 2 2 2 2 2 2.7 2.35 -3.0 0.9 0.9 0.9 0.9 0.9 0.9 0.012 0.007 0.03 0.003 0.003 0.007 2 2 2 2 2 2
2008-10-02T04:30:00 2008 10 2 4 30 0 1.7 -0.7 594.0 3.7 2.31 0.42 0.54 0.2 2 2 2 2 2 2 2 2 2.7 2.4 -2.0 -0.7 -0.7 -0.7 -0.7 -0.7 -0.7 0.041 0.07 0.031 0.025 0.17 0.233 2 2 2 2 2 2
2008-10-02T05:30:00 2008 10 2 5 30 0 -1.6 1.5 633.0 3.1 2.26 0.1 0.25 0.09 2 2 2 2 2 2 2 2 2.7 2.46 -6.0 1.5 1.5 1.5 1.5 1.5 1.5 0.032 0.044 0.03 0.016 0.072 0.131 2 2 2 2 2 2
2008-10-02T06:30:00 2008 10 2 6 30 0 -0.1 4.8 620.0 3.5 2.47 0.02 0.0 0.0 2 2 2 2 2 2 2 2 2.3 2.45 -5.0 4.8 4.8 4.8 4.8 4.8 4.8 0.022 0.022 0.029 0.009 0.023 0.054 2 2 2 2 2 2
2008-10-02T07:30:00 2008 10 2 7 30 0 -1.0 3.7 626.0 3.7 2.65 0.0 0.0 0.0 2 2 2 2 2 2 2 2 2.3 2.45 -1.0 3.7 3.7 3.7 3.7 3.7 3.7 0.015 0.011 0.028 0.005 0.007 0.023 2 2 2 2 2 2
2008-10-02T08:30:00 2008 10 2 8 30 0 0.6 1.2 642.0 3.9 2.9 0.0 0.0 0.0 2 2 2 2 2 2 2 2 2.3 2.45 6.0 1.2 1.2 1.2 1.2 1.2 1.2 0.01 0.005 0.027 0.003 0.002 0.009 2 2 2 2 2 2
2008-10-02T09:30:00 2008 10 2 9 30 0 3.3 -0.3 637.0 4.0 2.91 0.59 0.14 0.06 2 2 2 2 2 2 2 2 3.7 2.63 -1.0 -0.3 -0.3 -0.3 -0.3 -0.3 -0.3 0.019 0.029 0.027 0.008 0.078 0.133 2 2 2 2 2 2
2008-10-02T10:30:00 2008 10 2 10 30 0 3.0 -2.5 659.0 3.5 2.68 2.83 4.86 1.78 2 2 2 2 2 2 2 2 3.7 2.81 -8.0 -2.5 -2.5 -2.5 -2.5 -2.5 -2.5 0.201 0.278 0.052 0.23 0.764 0.971 2 2 2 2 2 2
2008-10-02T11:30:00 2008 10 2 11 30 0 1.6 -4.2 666.0 3.6 2.81 5.64 11.34 4.04 2 2 2 2 2 2 2 2 3.7 2.94 -23.0 -4.2 -4.2 -4.2 -4.2 -4.2 -4.2 0.495 0.565 0.12 0.696 1.466 1.774 2 2 2 2 2 2
2008-10-02T12:30:00 2008 10 2 12 30 0 0.2 -2.4 643.0 2.7 1.98 4.22 10.56 3.33 2 2 2 2 2 2 2 2 4.0 3.11 -37.0 -2.4 -2.4 -2.4 -2.4 -2.4 -2.4 0.619 0.623 0.169 0.793 1.394 1.666 2 2 2 2 2 2
2008-10-02T13:30:00 2008 10 2 13 30 0 0.0 -1.5 627.0 2.6 1.82 1.41 6.07 1.61 2 2 2 2 2 2 2 2 4.0 3.27 -37.0 -1.5 -1.5 -1.5 -1.5 -1.5 -1.5 0.588 0.537 0.187 0.633 1.037 1.251 2 2 2 2 2 2
2008-10-02T14:30:00 2008 10 2 14 30 0 -2.6 0.0 627.0 2.4 1.67 0.66 2.16 0.54 2 2 2 2 2 2 2 2 4.0 3.48 -29.0 0.0 0.0 0.0 0.0 0.0 0.0 0.45 0.347 0.186 0.394 0.514 0.721 2 2 2 2 2 2
2008-10-02T15:30:00 2008 10 2 15 30 0 -4.3 0.4 650.0 2.2 1.64 1.49 0.0 0.0 2 2 2 2 2 2 2 2 2.7 3.52 -25.0 0.4 0.4 0.4 0.4 0.4 0.4 0.305 0.172 0.181 0.221 0.163 0.299 2 2 2 2 2 2
2008-10-02T16:30:00 2008 10 2 16 30 0 1.6 1.8 670.0 2.3 1.82 0.36 0.0 0.0 2 2 2 2 2 2 2 2 2.7 3.55 -21.0 1.8 1.8 1.8 1.8 1.8 1.8 0.206 0.085 0.175 0.124 0.052 0.124 2 2 2 2 2 2
2008-10-02T17:30:00 2008 10 2 17 30 0 0.5 0.8 672.0 1.7 1.37 0.04 0.0 0.0 2 2 2 2 2 2 2 2 2.7 3.42 -20.0 0.8 0.8 0.8 0.8 0.8 0.8 0.14 0.042 0.17 0.069 0.016 0.051 2 2 2 2 2 2
2008-10-02T18:30:00 2008 10 2 18 30 0 1.8 -0.8 682.0 1.7 1.4 0.33 0.79 0.13 2 2 2 2 2 2 2 2 3.0 3.34 -16.0 -0.8 -0.8 -0.8 -0.8 -0.8 -0.8 0.126 0.075 0.167 0.064 0.18 0.153 2 2 2 2 2 2
2008-10-02T19:30:00 2008 10 2 19 30 0 -0.1 0.5 675.0 1.7 1.38 0.22 0.73 0.12 2 2 2 2 2 2 2 2 3.0 3.25 -14.0 0.5 0.5 0.5 0.5 0.5 0.5 0.1 0.06 0.163 0.043 0.113 0.118 2 2 2 2 2 2
2008-10-02T20:30:00 2008 10 2 20 30 0 -0.2 -0.8 693.0 1.6 1.37 0.07 0.97 0.16 2 2 2 2 2 2 2 2 3.0 3.13 -17.0 -0.8 -0.8 -0.8 -0.8 -0.8 -0.8 0.105 0.093 0.162 0.053 0.239 0.202 2 2 2 2 2 2
2008-10-02T21:30:00 2008 10 2 21 30 0 1.4 1.2 683.0 1.6 1.33 0.07 0.44 0.07 2 2 2 2 2 2 2 2 2.3 2.92 -18.0 1.2 1.2 1.2 1.2 1.2 1.2 0.078 0.056 0.157 0.033 0.101 0.108 2 2 2 2 2 2
2008-10-02T22:30:00 2008 10 2 22 30 0 2.7 1.0 705.0 1.7 1.51 0.35 0.0 0.0 2 2 2 2 2 2 2 2 2.3 2.71 -16.0 1.0 1.0 1.0 1.0 1.0 1.0 0.053 0.028 0.152 0.018 0.032 0.045 2 2 2 2 2 2
2008-10-02T23:30:00 2008 10 2 23 30 0 3.6 0.3 683.0 1.7 1.43 1.11 0.0 0.0 2 2 2 2 2 2 2 2 2.3 2.66 -17.0 0.3 0.3 0.3 0.3 0.3 0.3 0.036 0.014 0.148 0.01 0.01 0.019 2 2 2 2 2 2
