2008-09-26T00:30:00 2008 9 26 0 30 0 -2.5 -3.7 330.0 9.3 1.77 1.62 4.23 4.13 2 2 2 2 2 2 2 2 1.7 1.92 -1.0 -3.7 -3.7 -3.7 -3.7 -3.7 -3.7 0.581 0.799 0.136 0.451 0.63 1.241 2 2 2 2 2 2
2008-09-26T01:30:00 2008 9 26 1 30 0 -4.0 -1.3 330.0 8.0 1.55 2.28 3.96 3.45 2 2 2 2 2 2 2 2 1.7 2.04 -3.0 -1.3 -1.3 -1.3 -1.3 -1.3 -1.3 0.574 0.776 0.143 0.423 0.566 1.079 2 2 2 2 2 2
2008-09-26T02:30:00 2008 9 26 2 30 0 -3.2 1.4 339.0 8.7 1.81 0.88 0.43 0.35 2 2 2 2 2 2 2 2 1.7 2.0 -5.0 1.4 1.4 1.4 1.4 1.4 1.4 0.402 0.417 0.139 0.243 0.205 0.499 2 2 2 2 2 2
2008-09-26T03:30:00 2008 9 26 3 30 0 -1.7 1.2 340.0 8.0 1.66 0.21 0.0 0.0 2 2 2 2 2 2 2 2 1.0 1.86 -7.0 1.2 1.2 1.2 1.2 1.2 1.2 0.272 0.207 0.134 0.136 0.065 0.207 2 2 2 2 2 2
2008-09-26T04:30:00 2008 9 26 4 30 0 -3.9 1.5 340.0 7.7 1.56 0.33 0.0 0.0 2 2 2 2 2 2 2 2 1.0 1.73 -4.0 1.5 1.5 1.5 1.5 1.5 1.5 0.184 0.103 0.13 0.076 0.021 0.086 2 2 2 2 2 2
2008-09-26T05:30:00 2008 9 26 5 30 0 1.4 0.9 343.0 10.2 2.1 0.12 0.0 0.0 2 2 2 2 2 2 2 2 1.0 1.57 -2.0 0.9 0.9 0.9 0.9 0.9 0.9 0.125 0.051 0.126 0.043 0.007 0.036 2 2 2 2 2 2
2008-09-26T06:30:00 2008 9 26 6 30 0 -3.1 0.5 342.0 9.3 1.9 0.13 0.0 0.0 2 2 2 2 2 2 2 2 0.3 1.32 -2.0 0.5 0.5 0.5 0.5 0.5 0.5 0.085 0.025 0.123 0.024 0.002 0.015 2 2 2 2 2 2
2008-09-26T07:30:00 2008 9 26 7 30 0 -3.1 2.3 339.0 8.2 1.65 0.36 0.0 0.0 2 2 2 2 2 2 2 2 0.3 1.07 -3.0 2.3 2.3 2.3 2.3 2.3 2.3 0.057 0.013 0.119 0.013 0.001 0.006 2 2 2 2 2 2
2008-09-26T08:30:00 2008 9 26 8 30 0 -2.8 2.2 333.0 8.5 1.89 0.23 0.0 0.0 2 2 2 2 2 2 2 2 0.3 0.9 -4.0 2.2 2.2 2.2 2.2 2.2 2.2 0.039 0.006 0.115 0.008 0.0 0.003 2 2 2 2 2 2
2008-09-26T09:30:00 2008 9 26 9 30 0 -3.0 1.8 332.0 8.0 1.76 0.24 0.0 0.0 2 2 2 2 2 2 2 2 0.3 0.72 -5.0 1.8 1.8 1.8 1.8 1.8 1.8 0.026 0.003 0.112 0.004 0.0 0.001 2 2 2 2 2 2
2008-09-26T10:30:00 2008 9 26 10 30 0 -3.4 1.3 331.0 7.5 1.64 0.37 0.0 0.0 2 2 2 2 2 2 2 2 0.3 0.55 -2.0 1.3 1.3 1.3 1.3 1.3 1.3 0.018 0.002 0.108 0.002 0.0 0.0 2 2 2 2 2 2
2008-09-26T11:30:00 2008 9 26 11 30 0 -1.8 0.4 326.0 7.4 1.57 0.29 0.0 0.0 2 2 2 2 2 2 2 2 0.3 0.47 -3.0 0.4 0.4 0.4 0.4 0.4 0.4 0.012 0.001 0.105 0.001 0.0 0.0 2 2 2 2 2 2
2008-09-26T12:30:00 2008 9 26 12 30 0 0.1 0.2 325.0 7.2 1.52 0.04 0.0 0.0 2 2 2 2 2 2 2 2 0.7 0.44 -1.0 0.2 0.2 0.2 0.2 0.2 0.2 0.008 0.0 0.102 0.001 0.0 0.0 2 2 2 2 2 2
2008-09-26T13:30:00 2008 9 26 13 30 0 -1.1 -1.3 320.0 6.7 1.37 0.16 0.99 0.68 2 2 2 2 2 2 2 2 0.7 0.4 1.0 -1.3 -1.3 -1.3 -1.3 -1.3 -1.3 0.073 0.179 0.101 0.045 0.178 0.243 2 2 2 2 2 2
2008-09-26T14:30:00 2008 9 26 14 30 0 -0.3 -0.5 323.0 6.1 1.27 0.21 1.39 0.89 2 2 2 2 2 2 2 2 0.7 0.46 0.0 -0.5 -0.5 -0.5 -0.5 -0.5 -0.5 0.115 0.257 0.1 0.065 0.213 0.315 2 2 2 2 2 2
2008-09-26T15:30:00 2008 9 26 15 30 0 -2.1 0.7 327.0 5.6 1.2 0.11 0.13 0.08 2 2 2 2 2 2 2 2 0.3 0.45 -1.0 0.7 0.7 0.7 0.7 0.7 0.7 0.082 0.141 0.097 0.038 0.077 0.148 2 2 2 2 2 2
2008-09-26T16:30:00 2008 9 26 16 30 0 -1.5 1.5 334.0 6.0 1.34 0.1 0.0 0.0 2 2 2 2 2 2 2 2 0.3 0.45 -2.0 1.5 1.5 1.5 1.5 1.5 1.5 0.056 0.07 0.094 0.021 0.024 0.062 2 2 2 2 2 2
2008-09-26T17:30:00 2008 9 26 17 30 0 -0.7 2.5 334.0 5.6 1.25 0.02 0.0 0.0 2 2 2 2 2 2 2 2 0.3 0.45 -1.0 2.5 2.5 2.5 2.5 2.5 2.5 0.038 0.035 0.091 0.012 0.008 0.026 2 2 2 2 2 2
2008-09-26T18:30:00 2008 9 26 18 30 0 -0.5 1.7 313.0 6.0 1.18 0.0 0.0 0.0 2 2 2 2 2 2 2 2 0.0 0.41 0.0 1.7 1.7 1.7 1.7 1.7 1.7 0.025 0.017 0.088 0.007 0.002 0.011 2 2 2 2 2 2
2008-09-26T19:30:00 2008 9 26 19 30 0 -0.3 1.1 310.0 6.0 1.15 0.0 0.0 0.0 2 2 2 2 2 2 2 2 0.0 0.37 2.0 1.1 1.1 1.1 1.1 1.1 1.1 0.017 0.009 0.086 0.004 0.001 0.004 2 2 2 2 2 2
2008-09-26T20:30:00 2008 9 26 20 30 0 -1.5 0.3 312.0 6.6 1.28 0.04 0.0 0.0 2 2 2 2 2 2 2 2 0.0 0.28 4.0 0.3 0.3 0.3 0.3 0.3 0.3 0.012 0.004 0.083 0.002 0.0 0.002 2 2 2 2 2 2
2008-09-26T21:30:00 2008 9 26 21 30 0 -1.8 2.4 313.0 7.2 1.41 0.07 0.0 0.0 2 2 2 2 2 2 2 2 0.0 0.19 8.0 2.4 2.4 2.4 2.4 2.4 2.4 0.008 0.002 0.081 0.001 0.0 0.001 2 2 2 2 2 2
2008-09-26T22:30:00 2008 9 26 22 30 0 -1.1 2.4 331.0 7.2 1.58 0.03 0.0 0.0 2 2 2 2 2 2 2 2 0.0 0.11 10.0 2.4 2.4 2.4 2.4 2.4 2.4 0.005 0.001 0.078 0.001 0.0 0.0 2 2 2 2 2 2
2008-09-26T23:30:00 2008 9 26 23 30 0 -2.9 2.4 326.0 6.9 1.47 0.09 0.0 0.0 2 2 2 2 2 2 2 2 0.0 0.07 7.0 2.4 2.4 2.4 2.4 2.4 2.4 0.004 0.001 0.076 0.0 0.0 0.0 2 2 2 2 2 2
