2008-02-26T00:30:00 2008 2 26 0 30 0 -0.6 1.2 402.0 4.9 1.38 0.0 0.0 0.0 2 2 2 2 2 2 2 2 0.3 0.35 4.0 1.2 1.2 1.2 1.2 1.2 1.2 0.001 0.0 0.048 0.0 0.0 0.0 2 2 2 2 2 2
2008-02-26T01:30:00 2008 2 26 1 30 0 0.1 2.2 396.0 4.4 1.2 0.0 0.0 0.0 2 2 2 2 2 2 2 2 0.3 0.3 3.0 2.2 2.2 2.2 2.2 2.2 2.2 0.001 0.0 0.047 0.0 0.0 0.0 2 2 2 2 2 2
2008-02-26T02:30:00 2008 2 26 2 30 0 -0.9 0.4 390.0 4.5 1.19 0.01 0.0 0.0 2 2 2 2 2 2 2 2 0.3 0.3 2.0 0.4 0.4 0.4 0.4 0.4 0.4 0.001 0.0 0.045 0.0 0.0 0.0 2 2 2 2 2 2
2008-02-26T03:30:00 2008 2 26 3 30 0 0.5 -1.2 382.0 4.7 1.19 0.12 0.96 0.45 2 2 2 2 2 2 2 2 1.7 0.48 2.0 -1.2 -1.2 -1.2 -1.2 -1.2 -1.2 0.056 0.131 0.046 0.04 0.174 0.194 2 2 2 2 2 2
2008-02-26T04:30:00 2008 2 26 4 30 0 1.8 -1.4 383.0 5.0 1.27 0.6 2.5 1.22 2 2 2 2 2 2 2 2 1.7 0.66 0.0 -1.4 -1.4 -1.4 -1.4 -1.4 -1.4 0.148 0.293 0.051 0.111 0.342 0.404 2 2 2 2 2 2
2008-02-26T05:30:00 2008 2 26 5 30 0 2.2 0.8 385.0 5.2 1.34 0.43 0.75 0.38 2 2 2 2 2 2 2 2 1.7 0.84 0.0 0.8 0.8 0.8 0.8 0.8 0.8 0.123 0.197 0.05 0.075 0.162 0.247 2 2 2 2 2 2
2008-02-26T06:30:00 2008 2 26 6 30 0 -0.5 1.9 381.0 5.3 1.34 0.04 0.0 0.0 2 2 2 2 2 2 2 2 0.7 0.89 2.0 1.9 1.9 1.9 1.9 1.9 1.9 0.084 0.098 0.049 0.042 0.051 0.103 2 2 2 2 2 2
2008-02-26T07:30:00 2008 2 26 7 30 0 -1.3 1.2 378.0 5.4 1.33 0.02 0.0 0.0 2 2 2 2 2 2 2 2 0.7 0.93 5.0 1.2 1.2 1.2 1.2 1.2 1.2 0.057 0.049 0.047 0.024 0.016 0.043 2 2 2 2 2 2
2008-02-26T08:30:00 2008 2 26 8 30 0 -0.9 0.3 382.0 5.4 1.36 0.04 0.0 0.0 2 2 2 2 2 2 2 2 0.7 0.98 7.0 0.3 0.3 0.3 0.3 0.3 0.3 0.038 0.024 0.046 0.013 0.005 0.018 2 2 2 2 2 2
2008-02-26T09:30:00 2008 2 26 9 30 0 1.8 0.0 378.0 5.1 1.27 0.07 0.0 0.0 2 2 2 2 2 2 2 2 0.7 1.02 4.0 0.0 0.0 0.0 0.0 0.0 0.0 0.026 0.012 0.044 0.007 0.002 0.007 2 2 2 2 2 2
2008-02-26T10:30:00 2008 2 26 10 30 0 1.1 0.5 373.0 4.6 1.11 0.13 0.0 0.0 2 2 2 2 2 2 2 2 0.7 1.06 1.0 0.5 0.5 0.5 0.5 0.5 0.5 0.018 0.006 0.043 0.004 0.001 0.003 2 2 2 2 2 2
2008-02-26T11:30:00 2008 2 26 11 30 0 0.1 0.0 373.0 4.7 1.13 0.02 0.0 0.0 2 2 2 2 2 2 2 2 0.7 0.94 1.0 0.0 0.0 0.0 0.0 0.0 0.0 0.012 0.003 0.042 0.002 0.0 0.001 2 2 2 2 2 2
2008-02-26T12:30:00 2008 2 26 12 30 0 -0.4 -0.7 376.0 5.1 1.25 0.05 0.71 0.35 2 2 2 2 2 2 2 2 1.0 0.86 1.0 -0.7 -0.7 -0.7 -0.7 -0.7 -0.7 0.051 0.114 0.042 0.025 0.139 0.181 2 2 2 2 2 2
2008-02-26T13:30:00 2008 2 26 13 30 0 0.0 -0.5 364.0 4.8 1.1 0.09 1.09 0.54 2 2 2 2 2 2 2 2 1.0 0.78 0.0 -0.5 -0.5 -0.5 -0.5 -0.5 -0.5 0.085 0.184 0.042 0.042 0.19 0.26 2 2 2 2 2 2
2008-02-26T14:30:00 2008 2 26 14 30 0 -0.2 0.2 359.0 4.6 1.02 0.01 0.29 0.14 2 2 2 2 2 2 2 2 1.0 0.82 -4.0 0.2 0.2 0.2 0.2 0.2 0.2 0.068 0.119 0.041 0.027 0.087 0.148 2 2 2 2 2 2
2008-02-26T15:30:00 2008 2 26 15 30 0 0.6 -0.3 357.0 4.8 1.05 0.02 0.18 0.09 2 2 2 2 2 2 2 2 1.0 0.85 -5.0 -0.3 -0.3 -0.3 -0.3 -0.3 -0.3 0.06 0.106 0.04 0.021 0.083 0.136 2 2 2 2 2 2
2008-02-26T16:30:00 2008 2 26 16 30 0 0.7 -0.7 356.0 4.8 1.05 0.11 0.92 0.44 2 2 2 2 2 2 2 2 1.0 0.89 -6.0 -0.7 -0.7 -0.7 -0.7 -0.7 -0.7 0.089 0.179 0.041 0.039 0.169 0.225 2 2 2 2 2 2
2008-02-26T17:30:00 2008 2 26 17 30 0 0.1 -1.0 355.0 4.9 1.06 0.19 1.53 0.74 2 2 2 2 2 2 2 2 1.0 0.93 -3.0 -1.0 -1.0 -1.0 -1.0 -1.0 -1.0 0.133 0.261 0.042 0.07 0.248 0.311 2 2 2 2 2 2
2008-02-26T18:30:00 2008 2 26 18 30 0 -1.1 -0.7 355.0 4.9 1.06 0.2 1.49 0.73 2 2 2 2 2 2 2 2 1.3 1.0 -3.0 -0.7 -0.7 -0.7 -0.7 -0.7 -0.7 0.157 0.289 0.044 0.081 0.254 0.333 2 2 2 2 2 2
2008-02-26T19:30:00 2008 2 26 19 30 0 -2.0 -2.3 361.0 4.8 1.07 0.88 2.81 1.36 2 2 2 2 2 2 2 2 1.3 1.08 -3.0 -2.3 -2.3 -2.3 -2.3 -2.3 -2.3 0.237 0.414 0.05 0.165 0.399 0.454 2 2 2 2 2 2
2008-02-26T20:30:00 2008 2 26 20 30 0 -3.2 -1.3 361.0 5.1 1.14 1.46 3.17 1.57 2 2 2 2 2 2 2 2 1.3 1.12 -5.0 -1.3 -1.3 -1.3 -1.3 -1.3 -1.3 0.287 0.464 0.055 0.2 0.421 0.504 2 2 2 2 2 2
2008-02-26T21:30:00 2008 2 26 21 30 0 -3.8 -0.3 367.0 4.6 1.06 1.29 1.38 0.67 2 2 2 2 2 2 2 2 1.3 1.15 -6.0 -0.3 -0.3 -0.3 -0.3 -0.3 -0.3 0.25 0.362 0.056 0.145 0.278 0.388 2 2 2 2 2 2
2008-02-26T22:30:00 2008 2 26 22 30 0 -2.2 1.9 362.0 5.0 1.13 0.49 0.02 0.01 2 2 2 2 2 2 2 2 1.3 1.19 -5.0 1.9 1.9 1.9 1.9 1.9 1.9 0.169 0.18 0.054 0.081 0.088 0.161 2 2 2 2 2 2
2008-02-26T23:30:00 2008 2 26 23 30 0 -0.7 2.9 355.0 5.6 1.21 0.04 0.0 0.0 2 2 2 2 2 2 2 2 1.3 1.23 -5.0 2.9 2.9 2.9 2.9 2.9 2.9 0.114 0.089 0.052 0.045 0.028 0.067 2 2 2 2 2 2
