2008-11-06T00:30:00 2008 11 6 0 30 0 -1.1 0.9 288.0 5.35 1.4 0.05 0.0 0.0 2 2 2 0 0 2 2 1 0.0 0.26 -11.0 0.9 0.9 0.9 0.9 0.9 0.9 0.001 0.0 0.009 0.0 0.0 0.0 2 2 2 2 2 2
2008-11-06T01:30:00 2008 11 6 1 30 0 -0.9 0.6 286.0 5.35 1.4 0.02 0.0 0.0 2 2 2 0 0 2 2 1 0.0 0.22 -13.0 0.6 0.6 0.6 0.6 0.6 0.6 0.001 0.0 0.008 0.0 0.0 0.0 2 2 2 2 2 2
2008-11-06T02:30:00 2008 11 6 2 30 0 -1.9 0.7 290.0 5.5 1.4 0.07 0.0 0.0 2 2 2 1 0 2 2 2 0.0 0.18 -11.0 0.7 0.7 0.7 0.7 0.7 0.7 0.0 0.0 0.008 0.0 0.0 0.0 2 2 2 2 2 2
2008-11-06T03:30:00 2008 11 6 3 30 0 -1.6 1.1 287.0 5.76 1.4 0.09 0.0 0.0 2 2 2 1 1 2 2 2 0.0 0.15 -11.0 1.1 1.1 1.1 1.1 1.1 1.1 0.0 0.0 0.008 0.0 0.0 0.0 2 2 2 2 2 2
2008-11-06T04:30:00 2008 11 6 4 30 0 -1.0 1.1 284.0 6.02 1.31 0.04 0.0 0.0 2 2 2 1 1 2 2 2 0.0 0.11 -12.0 1.1 1.1 1.1 1.1 1.1 1.1 0.0 0.0 0.008 0.0 0.0 0.0 2 2 2 2 2 2
2008-11-06T05:30:00 2008 11 6 5 30 0 -0.2 1.0 285.0 6.29 1.22 0.01 0.0 0.0 2 2 2 1 1 2 2 2 0.0 0.07 -12.0 1.0 1.0 1.0 1.0 1.0 1.0 0.0 0.0 0.007 0.0 0.0 0.0 2 2 2 2 2 2
2008-11-06T06:30:00 2008 11 6 6 30 0 -0.8 1.4 285.0 6.5 1.13 0.0 0.0 0.0 2 2 2 1 1 2 2 2 0.0 0.04 -11.0 1.4 1.4 1.4 1.4 1.4 1.4 0.0 0.0 0.007 0.0 0.0 0.0 2 2 2 2 2 2
2008-11-06T07:30:00 2008 11 6 7 30 0 -0.7 0.6 283.0 6.5 1.1 0.01 0.0 0.0 2 2 2 1 1 2 2 2 0.0 0.0 -6.0 0.6 0.6 0.6 0.6 0.6 0.6 0.0 0.0 0.007 0.0 0.0 0.0 2 2 2 2 2 2
2008-11-06T08:30:00 2008 11 6 8 30 0 -0.6 1.0 291.0 6.5 1.1 0.01 0.0 0.0 2 2 2 2 2 2 2 2 0.0 0.0 -6.0 1.0 1.0 1.0 1.0 1.0 1.0 0.0 0.0 0.007 0.0 0.0 0.0 2 2 2 2 2 2
2008-11-06T09:30:00 2008 11 6 9 30 0 -0.7 1.9 289.0 6.6 1.1 0.0 0.0 0.0 2 2 2 2 2 2 2 2 0.0 0.0 -5.0 1.9 1.9 1.9 1.9 1.9 1.9 0.0 0.0 0.006 0.0 0.0 0.0 2 2 2 2 2 2
2008-11-06T10:30:00 2008 11 6 10 30 0 -1.4 1.7 289.0 6.8 1.14 0.02 0.0 0.0 2 2 2 2 2 2 2 2 0.0 0.0 -5.0 1.7 1.7 1.7 1.7 1.7 1.7 0.0 0.0 0.006 0.0 0.0 0.0 2 2 2 2 2 2
2008-11-06T11:30:00 2008 11 6 11 30 0 -1.6 1.0 289.0 6.8 1.14 0.05 0.0 0.0 2 2 2 2 2 2 2 2 0.0 0.0 -7.0 1.0 1.0 1.0 1.0 1.0 1.0 0.0 0.0 0.006 0.0 0.0 0.0 2 2 2 2 2 2
2008-11-06T12:30:00 2008 11 6 12 30 0 -1.0 0.8 287.0 7.2 1.19 0.04 0.0 0.0 2 2 2 2 2 2 2 2 0.0 0.0 -8.0 0.8 0.8 0.8 0.8 0.8 0.8 0.0 0.0 0.006 0.0 0.0 0.0 2 2 2 2 2 2
2008-11-06T13:30:00 2008 11 6 13 30 0 -1.0 0.2 287.0 8.3 1.37 0.03 0.0 0.0 2 2 2 2 2 2 2 2 0.0 0.0 -9.0 0.2 0.2 0.2 0.2 0.2 0.2 0.0 0.0 0.006 0.0 0.0 0.0 2 2 2 2 2 2
2008-11-06T14:30:00 2008 11 6 14 30 0 -1.8 0.1 291.0 10.4 1.76 0.11 0.0 0.0 2 2 2 2 2 2 2 2 0.0 0.0 -5.0 0.1 0.1 0.1 0.1 0.1 0.1 0.0 0.0 0.006 0.0 0.0 0.0 2 2 2 2 2 2
2008-11-06T15:30:00 2008 11 6 15 30 0 -2.1 1.0 294.0 12.4 2.14 0.16 0.0 0.0 2 2 2 2 2 2 2 2 0.0 0.0 -4.0 1.0 1.0 1.0 1.0 1.0 1.0 0.0 0.0 0.005 0.0 0.0 0.0 2 2 2 2 2 2
2008-11-06T16:30:00 2008 11 6 16 30 0 -2.0 0.6 297.0 14.1 2.49 0.15 0.0 0.0 2 2 2 2 2 2 2 2 0.0 0.0 -3.0 0.6 0.6 0.6 0.6 0.6 0.6 0.0 0.0 0.005 0.0 0.0 0.0 2 2 2 2 2 2
2008-11-06T17:30:00 2008 11 6 17 30 0 -2.1 -0.8 295.0 15.2 2.65 0.31 0.39 0.58 2 2 2 2 2 2 2 2 0.0 0.0 -3.0 -0.8 -0.8 -0.8 -0.8 -0.8 -0.8 0.043 0.144 0.006 0.024 0.126 0.341 2 2 2 2 2 2
2008-11-06T18:30:00 2008 11 6 18 30 0 -2.0 -0.6 301.0 15.6 2.83 0.44 1.03 1.59 2 2 2 2 2 2 2 2 1.0 0.13 -4.0 -0.6 -0.6 -0.6 -0.6 -0.6 -0.6 0.107 0.303 0.008 0.057 0.229 0.682 2 2 2 2 2 2
2008-11-06T19:30:00 2008 11 6 19 30 0 -1.4 -1.6 300.0 17.4 3.13 0.52 1.71 2.86 2 2 2 2 2 2 2 2 1.0 0.26 -8.0 -1.6 -1.6 -1.6 -1.6 -1.6 -1.6 0.211 0.524 0.013 0.136 0.389 1.152 2 2 2 2 2 2
2008-11-06T20:30:00 2008 11 6 20 30 0 -0.4 1.9 298.0 18.4 3.27 0.11 0.45 0.8 2 2 2 2 2 2 2 2 1.0 0.39 -9.0 1.9 1.9 1.9 1.9 1.9 1.9 0.162 0.309 0.013 0.086 0.156 0.595 2 2 2 2 2 2
2008-11-06T21:30:00 2008 11 6 21 30 0 -0.6 1.9 298.0 21.8 3.87 0.0 0.0 0.0 2 2 2 2 2 2 2 2 0.3 0.42 -6.0 1.9 1.9 1.9 1.9 1.9 1.9 0.109 0.154 0.013 0.048 0.049 0.247 2 2 2 2 2 2
2008-11-06T22:30:00 2008 11 6 22 30 0 -0.5 2.4 302.0 23.3 4.25 0.0 0.0 0.0 2 2 2 2 2 2 2 2 0.3 0.46 -2.0 2.4 2.4 2.4 2.4 2.4 2.4 0.074 0.076 0.012 0.027 0.016 0.102 2 2 2 2 2 2
2008-11-06T23:30:00 2008 11 6 23 30 0 -1.2 1.8 305.0 25.8 4.8 0.01 0.0 0.0 2 2 2 2 2 2 2 2 0.3 0.49 0.0 1.8 1.8 1.8 1.8 1.8 1.8 0.05 0.038 0.012 0.015 0.005 0.042 2 2 2 2 2 2
