2008-12-04T00:30:00 2008 12 4 0 30 0 2.6 1.9 437.0 5.5 1.92 0.35 0.0 0.0 2 2 2 2 2 2 2 2 2.0 1.71 -5.0 1.9 1.9 1.9 1.9 1.9 1.9 0.086 0.05 0.068 0.027 0.017 0.057 2 2 2 2 2 2
2008-12-04T01:30:00 2008 12 4 1 30 0 4.9 -1.9 445.0 4.3 1.52 1.67 1.23 0.55 2 2 2 2 2 2 2 2 2.0 1.75 -8.0 -1.9 -1.9 -1.9 -1.9 -1.9 -1.9 0.128 0.163 0.07 0.082 0.242 0.278 2 2 2 2 2 2
2008-12-04T02:30:00 2008 12 4 2 30 0 4.6 -3.3 436.0 3.4 1.14 4.62 5.84 2.21 2 2 2 2 2 2 2 2 2.0 1.83 -12.0 -3.3 -3.3 -3.3 -3.3 -3.3 -3.3 0.296 0.42 0.087 0.293 0.611 0.575 2 2 2 2 2 2
2008-12-04T03:30:00 2008 12 4 3 30 0 4.7 -5.0 438.0 3.0 1.02 7.17 9.23 2.92 2 2 2 2 2 2 2 2 3.3 2.09 -16.0 -5.0 -5.0 -5.0 -5.0 -5.0 -5.0 0.491 0.634 0.118 0.574 0.872 0.708 2 2 2 2 2 2
2008-12-04T04:30:00 2008 12 4 4 30 0 3.0 -2.8 481.0 4.9 2.04 5.85 8.74 3.46 2 2 2 2 2 2 2 2 3.3 2.34 -15.0 -2.8 -2.8 -2.8 -2.8 -2.8 -2.8 0.615 0.735 0.146 0.693 0.988 1.021 2 2 2 2 2 2
2008-12-04T05:30:00 2008 12 4 5 30 0 1.7 0.2 494.0 5.1 2.23 1.38 2.89 1.44 2 2 2 2 2 2 2 2 3.3 2.5 -14.0 0.2 0.2 0.2 0.2 0.2 0.2 0.506 0.514 0.15 0.467 0.549 0.779 2 2 2 2 2 2
2008-12-04T06:30:00 2008 12 4 6 30 0 0.9 0.5 498.0 5.4 2.39 0.12 0.0 0.0 2 2 2 2 2 2 2 2 2.3 2.54 -10.0 0.5 0.5 0.5 0.5 0.5 0.5 0.342 0.255 0.145 0.261 0.174 0.323 2 2 2 2 2 2
2008-12-04T07:30:00 2008 12 4 7 30 0 1.3 -0.3 485.0 5.1 2.12 0.13 0.17 0.09 2 2 2 2 2 2 2 2 2.3 2.57 -10.0 -0.3 -0.3 -0.3 -0.3 -0.3 -0.3 0.246 0.167 0.141 0.153 0.13 0.268 2 2 2 2 2 2
2008-12-04T08:30:00 2008 12 4 8 30 0 0.6 -1.5 484.0 5.1 2.09 0.44 2.3 1.17 2 2 2 2 2 2 2 2 2.3 2.6 -8.0 -1.5 -1.5 -1.5 -1.5 -1.5 -1.5 0.279 0.295 0.145 0.182 0.42 0.651 2 2 2 2 2 2
2008-12-04T09:30:00 2008 12 4 9 30 0 3.9 -1.3 473.0 4.3 1.7 1.47 3.33 1.56 2 2 2 2 2 2 2 2 2.3 2.63 -9.0 -1.3 -1.3 -1.3 -1.3 -1.3 -1.3 0.319 0.38 0.151 0.219 0.53 0.771 2 2 2 2 2 2
2008-12-04T10:30:00 2008 12 4 10 30 0 2.5 -4.1 457.0 4.6 1.7 3.69 6.52 2.93 2 2 2 2 2 2 2 2 2.3 2.66 -15.0 -4.1 -4.1 -4.1 -4.1 -4.1 -4.1 0.476 0.594 0.173 0.458 0.857 1.041 2 2 2 2 2 2
2008-12-04T11:30:00 2008 12 4 11 30 0 0.8 -3.6 461.0 5.8 2.13 4.25 8.79 4.6 2 2 2 2 2 2 2 2 2.3 2.54 -23.0 -3.6 -3.6 -3.6 -3.6 -3.6 -3.6 0.648 0.789 0.205 0.699 1.085 1.419 2 2 2 2 2 2
2008-12-04T12:30:00 2008 12 4 12 30 0 -1.3 -1.0 453.0 6.5 2.3 1.51 5.01 3.06 2 2 2 2 2 2 2 2 2.7 2.47 -26.0 -1.0 -1.0 -1.0 -1.0 -1.0 -1.0 0.626 0.711 0.216 0.584 0.837 1.357 2 2 2 2 2 2
2008-12-04T13:30:00 2008 12 4 13 30 0 1.1 -0.6 432.0 5.5 1.78 0.24 1.73 1.04 2 2 2 2 2 2 2 2 2.7 2.4 -24.0 -0.6 -0.6 -0.6 -0.6 -0.6 -0.6 0.502 0.522 0.214 0.38 0.512 0.967 2 2 2 2 2 2
2008-12-04T14:30:00 2008 12 4 14 30 0 3.6 -0.3 430.0 4.4 1.4 0.74 0.94 0.47 2 2 2 2 2 2 2 2 2.7 2.46 -20.0 -0.3 -0.3 -0.3 -0.3 -0.3 -0.3 0.382 0.361 0.209 0.234 0.306 0.616 2 2 2 2 2 2
2008-12-04T15:30:00 2008 12 4 15 30 0 4.2 -0.7 426.0 3.9 1.22 1.63 1.1 0.45 2 2 2 2 2 2 2 2 2.0 2.41 -19.0 -0.7 -0.7 -0.7 -0.7 -0.7 -0.7 0.311 0.299 0.205 0.163 0.274 0.464 2 2 2 2 2 2
2008-12-04T16:30:00 2008 12 4 16 30 0 3.2 -0.2 419.0 3.5 1.06 1.38 0.91 0.34 2 2 2 2 2 2 2 2 2.0 2.37 -19.0 -0.2 -0.2 -0.2 -0.2 -0.2 -0.2 0.246 0.232 0.2 0.108 0.2 0.327 2 2 2 2 2 2
2008-12-04T17:30:00 2008 12 4 17 30 0 3.0 -0.3 425.0 3.6 1.12 0.94 0.54 0.19 2 2 2 2 2 2 2 2 2.0 2.33 -18.0 -0.3 -0.3 -0.3 -0.3 -0.3 -0.3 0.192 0.183 0.194 0.072 0.162 0.252 2 2 2 2 2 2
2008-12-04T18:30:00 2008 12 4 18 30 0 2.8 -0.7 422.0 3.1 0.94 0.96 1.09 0.36 2 2 2 2 2 2 2 2 1.0 2.16 -17.0 -0.7 -0.7 -0.7 -0.7 -0.7 -0.7 0.178 0.199 0.191 0.068 0.21 0.258 2 2 2 2 2 2
2008-12-04T19:30:00 2008 12 4 19 30 0 3.9 -1.8 398.0 2.2 0.59 1.75 2.64 0.67 2 2 2 2 2 2 2 2 1.0 1.99 -17.0 -1.8 -1.8 -1.8 -1.8 -1.8 -1.8 0.213 0.275 0.19 0.117 0.316 0.265 2 2 2 2 2 2
2008-12-04T20:30:00 2008 12 4 20 30 0 4.2 -1.3 387.0 2.5 0.64 2.32 3.0 0.71 2 2 2 2 2 2 2 2 1.0 1.78 -19.0 -1.3 -1.3 -1.3 -1.3 -1.3 -1.3 0.236 0.311 0.19 0.142 0.332 0.251 2 2 2 2 2 2
2008-12-04T21:30:00 2008 12 4 21 30 0 5.5 0.0 381.0 3.0 0.74 2.2 1.15 0.31 2 2 2 2 2 2 2 2 1.0 1.57 -19.0 0.0 0.0 0.0 0.0 0.0 0.0 0.192 0.224 0.186 0.098 0.185 0.169 2 2 2 2 2 2
2008-12-04T22:30:00 2008 12 4 22 30 0 6.0 -0.6 383.0 2.7 0.69 2.68 0.62 0.17 2 2 2 2 2 2 2 2 1.0 1.36 -18.0 -0.6 -0.6 -0.6 -0.6 -0.6 -0.6 0.16 0.189 0.181 0.07 0.16 0.151 2 2 2 2 2 2
2008-12-04T23:30:00 2008 12 4 23 30 0 5.8 -0.8 384.0 2.2 0.56 3.08 1.36 0.33 2 2 2 2 2 2 2 2 1.0 1.24 -17.0 -0.8 -0.8 -0.8 -0.8 -0.8 -0.8 0.158 0.203 0.177 0.07 0.192 0.154 2 2 2 2 2 2
