2008-05-06T00:30:00 2008 5 6 0 30 0 1.4 -2.7 642.0 2.4 1.84 1.71 5.64 1.33 2 2 2 2 2 2 2 2 4.0 3.01 -17.0 -2.7 -2.7 -2.7 -2.7 -2.7 -2.7 0.259 0.271 0.159 0.251 0.69 0.584 2 2 2 2 2 2
2008-05-06T01:30:00 2008 5 6 1 30 0 1.9 -0.2 638.0 2.4 1.83 1.44 4.31 1.03 2 2 2 2 2 2 2 2 4.0 3.1 -18.0 -0.2 -0.2 -0.2 -0.2 -0.2 -0.2 0.275 0.274 0.167 0.238 0.569 0.586 2 2 2 2 2 2
2008-05-06T02:30:00 2008 5 6 2 30 0 -0.5 0.1 631.0 2.3 1.74 0.13 0.19 0.04 2 2 2 2 2 2 2 2 4.0 3.2 -16.0 0.1 0.1 0.1 0.1 0.1 0.1 0.192 0.147 0.162 0.135 0.205 0.28 2 2 2 2 2 2
2008-05-06T03:30:00 2008 5 6 3 30 0 -1.2 1.6 627.0 2.1 1.6 0.03 0.0 0.0 2 2 2 2 2 2 2 2 2.3 3.07 -13.0 1.6 1.6 1.6 1.6 1.6 1.6 0.13 0.073 0.157 0.075 0.065 0.116 2 2 2 2 2 2
2008-05-06T04:30:00 2008 5 6 4 30 0 -0.6 -0.2 628.0 2.2 1.65 0.05 0.07 0.01 2 2 2 2 2 2 2 2 2.3 2.94 -12.0 -0.2 -0.2 -0.2 -0.2 -0.2 -0.2 0.094 0.052 0.153 0.045 0.065 0.095 2 2 2 2 2 2
2008-05-06T05:30:00 2008 5 6 5 30 0 1.5 -0.6 636.0 2.4 1.84 0.2 1.32 0.31 2 2 2 2 2 2 2 2 2.3 2.93 -14.0 -0.6 -0.6 -0.6 -0.6 -0.6 -0.6 0.113 0.114 0.151 0.057 0.255 0.28 2 2 2 2 2 2
2008-05-06T06:30:00 2008 5 6 6 30 0 1.9 -0.3 631.0 2.3 1.76 0.59 1.39 0.33 2 2 2 2 2 2 2 2 2.3 2.92 -17.0 -0.3 -0.3 -0.3 -0.3 -0.3 -0.3 0.12 0.135 0.15 0.058 0.28 0.331 2 2 2 2 2 2
2008-05-06T07:30:00 2008 5 6 7 30 0 2.0 -1.0 630.0 2.2 1.67 0.88 2.14 0.48 2 2 2 2 2 2 2 2 2.3 2.92 -18.0 -1.0 -1.0 -1.0 -1.0 -1.0 -1.0 0.155 0.187 0.152 0.092 0.408 0.426 2 2 2 2 2 2
2008-05-06T08:30:00 2008 5 6 8 30 0 1.9 -1.3 627.0 2.2 1.59 1.26 3.65 0.8 2 2 2 2 2 2 2 2 2.3 2.71 -20.0 -1.3 -1.3 -1.3 -1.3 -1.3 -1.3 0.214 0.254 0.159 0.154 0.554 0.533 2 2 2 2 2 2
2008-05-06T09:30:00 2008 5 6 9 30 0 1.6 -0.3 602.0 1.9 1.28 0.8 2.34 0.48 2 2 2 2 2 2 2 2 2.0 2.46 -22.0 -0.3 -0.3 -0.3 -0.3 -0.3 -0.3 0.204 0.223 0.16 0.13 0.408 0.423 2 2 2 2 2 2
2008-05-06T10:30:00 2008 5 6 10 30 0 1.2 1.7 572.0 1.6 1.0 0.15 0.03 0.01 2 2 2 2 2 2 2 2 2.0 2.22 -21.0 1.7 1.7 1.7 1.7 1.7 1.7 0.138 0.111 0.155 0.073 0.129 0.176 2 2 2 2 2 2
2008-05-06T11:30:00 2008 5 6 11 30 0 1.2 0.6 551.0 1.7 0.99 0.06 0.0 0.0 2 2 2 2 2 2 2 2 2.0 2.18 -17.0 0.6 0.6 0.6 0.6 0.6 0.6 0.094 0.055 0.15 0.041 0.041 0.073 2 2 2 2 2 2
2008-05-06T12:30:00 2008 5 6 12 30 0 0.8 2.8 559.0 2.0 1.18 0.03 0.0 0.0 2 2 2 2 2 2 2 2 1.3 2.05 -14.0 2.8 2.8 2.8 2.8 2.8 2.8 0.063 0.027 0.145 0.023 0.013 0.03 2 2 2 2 2 2
2008-05-06T13:30:00 2008 5 6 13 30 0 -0.3 0.8 536.0 1.8 0.99 0.0 0.0 0.0 2 2 2 2 2 2 2 2 1.3 1.93 -14.0 0.8 0.8 0.8 0.8 0.8 0.8 0.043 0.014 0.141 0.013 0.004 0.013 2 2 2 2 2 2
2008-05-06T14:30:00 2008 5 6 14 30 0 2.2 1.2 537.0 1.9 1.03 0.08 0.0 0.0 2 2 2 2 2 2 2 2 1.3 1.8 -14.0 1.2 1.2 1.2 1.2 1.2 1.2 0.029 0.007 0.137 0.007 0.001 0.005 2 2 2 2 2 2
2008-05-06T15:30:00 2008 5 6 15 30 0 1.5 1.1 528.0 1.9 0.99 0.17 0.0 0.0 2 2 2 2 2 2 2 2 0.7 1.6 -14.0 1.1 1.1 1.1 1.1 1.1 1.1 0.02 0.003 0.132 0.004 0.0 0.002 2 2 2 2 2 2
2008-05-06T16:30:00 2008 5 6 16 30 0 0.2 2.2 528.0 1.9 0.98 0.02 0.0 0.0 2 2 2 2 2 2 2 2 0.7 1.4 -11.0 2.2 2.2 2.2 2.2 2.2 2.2 0.013 0.002 0.128 0.002 0.0 0.001 2 2 2 2 2 2
2008-05-06T17:30:00 2008 5 6 17 30 0 1.6 1.4 530.0 1.9 0.99 0.03 0.0 0.0 2 2 2 2 2 2 2 2 0.7 1.23 -10.0 1.4 1.4 1.4 1.4 1.4 1.4 0.009 0.001 0.125 0.001 0.0 0.0 2 2 2 2 2 2
2008-05-06T18:30:00 2008 5 6 18 30 0 2.0 0.6 535.0 1.7 0.9 0.19 0.0 0.0 2 2 2 2 2 2 2 2 1.0 1.11 -11.0 0.6 0.6 0.6 0.6 0.6 0.6 0.006 0.0 0.121 0.001 0.0 0.0 2 2 2 2 2 2
2008-05-06T19:30:00 2008 5 6 19 30 0 2.5 -0.7 541.0 1.5 0.82 0.66 0.59 0.09 2 2 2 2 2 2 2 2 1.0 1.0 -13.0 -0.7 -0.7 -0.7 -0.7 -0.7 -0.7 0.028 0.049 0.118 0.016 0.113 0.068 2 2 2 2 2 2
2008-05-06T20:30:00 2008 5 6 20 30 0 1.9 -0.1 526.0 1.4 0.73 0.7 1.0 0.15 2 2 2 2 2 2 2 2 1.0 0.96 -16.0 -0.1 -0.1 -0.1 -0.1 -0.1 -0.1 0.044 0.072 0.116 0.021 0.13 0.09 2 2 2 2 2 2
2008-05-06T21:30:00 2008 5 6 21 30 0 1.4 -0.4 522.0 1.4 0.71 0.38 0.69 0.1 2 2 2 2 2 2 2 2 1.3 0.96 -17.0 -0.4 -0.4 -0.4 -0.4 -0.4 -0.4 0.053 0.086 0.114 0.024 0.144 0.099 2 2 2 2 2 2
2008-05-06T22:30:00 2008 5 6 22 30 0 1.6 0.7 522.0 1.4 0.73 0.22 0.15 0.02 2 2 2 2 2 2 2 2 1.3 0.97 -17.0 0.7 0.7 0.7 0.7 0.7 0.7 0.038 0.048 0.11 0.014 0.054 0.048 2 2 2 2 2 2
2008-05-06T23:30:00 2008 5 6 23 30 0 1.4 0.1 523.0 1.4 0.73 0.17 0.0 0.0 2 2 2 2 2 2 2 2 1.3 1.04 -17.0 0.1 0.1 0.1 0.1 0.1 0.1 0.026 0.024 0.107 0.008 0.017 0.02 2 2 2 2 2 2
