2008-12-27T00:30:00 2008 12 27 0 30 0 -0.9 -1.6 374.0 4.3 1.2 0.7 2.66 1.13 2 2 2 2 2 2 2 2 1.3 0.73 -12.0 -1.6 -1.6 -1.6 -1.6 -1.6 -1.6 0.256 0.404 0.071 0.168 0.392 0.437 2 2 2 2 2 2
2008-12-27T01:30:00 2008 12 27 1 30 0 -1.7 0.6 376.0 4.4 1.24 0.28 0.97 0.42 2 2 2 2 2 2 2 2 1.3 0.86 -10.0 0.6 0.6 0.6 0.6 0.6 0.6 0.201 0.26 0.07 0.111 0.186 0.255 2 2 2 2 2 2
2008-12-27T02:30:00 2008 12 27 2 30 0 -2.0 0.3 373.0 4.4 1.22 0.2 0.0 0.0 2 2 2 2 2 2 2 2 1.3 0.93 -8.0 0.3 0.3 0.3 0.3 0.3 0.3 0.136 0.129 0.068 0.062 0.059 0.106 2 2 2 2 2 2
2008-12-27T03:30:00 2008 12 27 3 30 0 -2.2 0.5 369.0 4.1 1.12 0.26 0.0 0.0 2 2 2 2 2 2 2 2 0.0 0.84 -8.0 0.5 0.5 0.5 0.5 0.5 0.5 0.092 0.064 0.066 0.035 0.019 0.044 2 2 2 2 2 2
2008-12-27T04:30:00 2008 12 27 4 30 0 -2.0 -0.1 371.0 3.6 0.99 0.3 0.02 0.01 2 2 2 2 2 2 2 2 0.0 0.74 -8.0 -0.1 -0.1 -0.1 -0.1 -0.1 -0.1 0.065 0.043 0.064 0.02 0.021 0.035 2 2 2 2 2 2
2008-12-27T05:30:00 2008 12 27 5 30 0 -1.9 -0.4 375.0 3.6 1.01 0.37 0.49 0.18 2 2 2 2 2 2 2 2 0.0 0.65 -8.0 -0.4 -0.4 -0.4 -0.4 -0.4 -0.4 0.07 0.094 0.063 0.023 0.095 0.108 2 2 2 2 2 2
2008-12-27T06:30:00 2008 12 27 6 30 0 -1.9 -0.1 367.0 3.7 1.0 0.34 0.44 0.16 2 2 2 2 2 2 2 2 0.0 0.56 -5.0 -0.1 -0.1 -0.1 -0.1 -0.1 -0.1 0.066 0.1 0.061 0.019 0.09 0.116 2 2 2 2 2 2
2008-12-27T07:30:00 2008 12 27 7 30 0 -2.7 -0.5 358.0 3.8 0.97 0.51 0.57 0.22 2 2 2 2 2 2 2 2 0.0 0.47 -6.0 -0.5 -0.5 -0.5 -0.5 -0.5 -0.5 0.075 0.134 0.06 0.025 0.126 0.149 2 2 2 2 2 2
2008-12-27T08:30:00 2008 12 27 8 30 0 -0.6 1.5 339.0 4.4 1.01 0.18 0.07 0.03 2 2 2 2 2 2 2 2 0.0 0.31 -6.0 1.5 1.5 1.5 1.5 1.5 1.5 0.051 0.067 0.058 0.014 0.04 0.062 2 2 2 2 2 2
2008-12-27T09:30:00 2008 12 27 9 30 0 -0.3 1.0 337.0 4.0 0.91 0.0 0.0 0.0 2 2 2 2 2 2 2 2 0.0 0.15 -6.0 1.0 1.0 1.0 1.0 1.0 1.0 0.034 0.033 0.056 0.008 0.013 0.026 2 2 2 2 2 2
2008-12-27T10:30:00 2008 12 27 10 30 0 1.3 1.5 334.0 4.3 0.96 0.01 0.0 0.0 2 2 2 2 2 2 2 2 0.0 0.0 -6.0 1.5 1.5 1.5 1.5 1.5 1.5 0.023 0.016 0.055 0.004 0.004 0.011 2 2 2 2 2 2
2008-12-27T11:30:00 2008 12 27 11 30 0 -1.9 -1.2 339.0 4.3 0.99 0.15 0.54 0.23 2 2 2 2 2 2 2 2 0.0 0.0 -7.0 -1.2 -1.2 -1.2 -1.2 -1.2 -1.2 0.052 0.101 0.054 0.028 0.109 0.103 2 2 2 2 2 2
2008-12-27T12:30:00 2008 12 27 12 30 0 -0.7 -0.6 342.0 4.7 1.1 0.35 1.49 0.67 2 2 2 2 2 2 2 2 0.3 0.04 -9.0 -0.6 -0.6 -0.6 -0.6 -0.6 -0.6 0.098 0.202 0.055 0.054 0.192 0.21 2 2 2 2 2 2
2008-12-27T13:30:00 2008 12 27 13 30 0 -0.2 1.8 341.0 5.3 1.23 0.02 0.09 0.04 2 2 2 2 2 2 2 2 0.3 0.08 -9.0 1.8 1.8 1.8 1.8 1.8 1.8 0.066 0.1 0.053 0.03 0.061 0.087 2 2 2 2 2 2
2008-12-27T14:30:00 2008 12 27 14 30 0 -0.8 1.1 338.0 5.2 1.19 0.0 0.0 0.0 2 2 2 2 2 2 2 2 0.3 0.12 -8.0 1.1 1.1 1.1 1.1 1.1 1.1 0.045 0.05 0.052 0.017 0.019 0.036 2 2 2 2 2 2
2008-12-27T15:30:00 2008 12 27 15 30 0 -0.6 -1.6 334.0 5.1 1.14 0.16 0.91 0.46 2 2 2 2 2 2 2 2 0.3 0.15 -10.0 -1.6 -1.6 -1.6 -1.6 -1.6 -1.6 0.089 0.171 0.052 0.054 0.168 0.184 2 2 2 2 2 2
2008-12-27T16:30:00 2008 12 27 16 30 0 -1.3 -0.6 332.0 5.2 1.15 0.35 1.76 0.91 2 2 2 2 2 2 2 2 0.3 0.19 -12.0 -0.6 -0.6 -0.6 -0.6 -0.6 -0.6 0.134 0.261 0.054 0.079 0.227 0.274 2 2 2 2 2 2
2008-12-27T17:30:00 2008 12 27 17 30 0 -0.2 -0.3 330.0 5.4 1.18 0.1 0.72 0.38 2 2 2 2 2 2 2 2 0.3 0.23 -15.0 -0.3 -0.3 -0.3 -0.3 -0.3 -0.3 0.126 0.231 0.053 0.06 0.171 0.245 2 2 2 2 2 2
2008-12-27T18:30:00 2008 12 27 18 30 0 0.6 -1.7 328.0 5.6 1.2 0.27 1.74 0.96 2 2 2 2 2 2 2 2 0.3 0.26 -13.0 -1.7 -1.7 -1.7 -1.7 -1.7 -1.7 0.179 0.337 0.055 0.105 0.282 0.354 2 2 2 2 2 2
2008-12-27T19:30:00 2008 12 27 19 30 0 -3.0 -0.8 338.0 4.3 0.98 0.59 2.02 1.0 2 2 2 2 2 2 2 2 0.3 0.3 -14.0 -0.8 -0.8 -0.8 -0.8 -0.8 -0.8 0.205 0.358 0.057 0.117 0.282 0.345 2 2 2 2 2 2
2008-12-27T20:30:00 2008 12 27 20 30 0 -3.0 -0.1 337.0 4.3 0.98 0.78 0.71 0.31 2 2 2 2 2 2 2 2 0.3 0.3 -15.0 -0.1 -0.1 -0.1 -0.1 -0.1 -0.1 0.167 0.256 0.056 0.078 0.165 0.232 2 2 2 2 2 2
2008-12-27T21:30:00 2008 12 27 21 30 0 -0.7 0.0 343.0 6.2 1.46 0.26 0.08 0.04 2 2 2 2 2 2 2 2 0.7 0.35 -14.0 0.0 0.0 0.0 0.0 0.0 0.0 0.117 0.143 0.055 0.045 0.067 0.125 2 2 2 2 2 2
2008-12-27T22:30:00 2008 12 27 22 30 0 -0.9 -0.5 349.0 5.6 1.36 0.09 0.47 0.27 2 2 2 2 2 2 2 2 0.7 0.4 -16.0 -0.5 -0.5 -0.5 -0.5 -0.5 -0.5 0.111 0.166 0.054 0.04 0.124 0.202 2 2 2 2 2 2
2008-12-27T23:30:00 2008 12 27 23 30 0 0.2 -1.2 343.0 5.9 1.39 0.19 1.52 0.88 2 2 2 2 2 2 2 2 0.7 0.46 -14.0 -1.2 -1.2 -1.2 -1.2 -1.2 -1.2 0.156 0.278 0.055 0.078 0.25 0.348 2 2 2 2 2 2
