2005-02-27T00:30:00 2005 2 27 0 30 0 2.8 4.2 503.0 3.1 1.36 0.3 0.0 0.0 2 2 2 2 2 2 2 2 0.3 1.86 -16.0 4.2 4.2 4.2 4.2 4.2 4.2 0.004 0.0 0.034 0.0 0.0 0.0 2 2 2 2 2 2
2005-02-27T01:30:00 2005 2 27 1 30 0 3.6 3.2 519.0 3.3 1.57 0.31 0.0 0.0 2 2 2 2 2 2 2 2 0.3 1.55 -12.0 3.2 3.2 3.2 3.2 3.2 3.2 0.002 0.0 0.033 0.0 0.0 0.0 2 2 2 2 2 2
2005-02-27T02:30:00 2005 2 27 2 30 0 4.2 2.3 527.0 4.2 2.06 0.68 0.0 0.0 2 2 2 2 2 2 2 2 0.3 1.3 -9.0 2.3 2.3 2.3 2.3 2.3 2.3 0.002 0.0 0.032 0.0 0.0 0.0 2 2 2 2 2 2
2005-02-27T03:30:00 2005 2 27 3 30 0 4.3 1.1 535.0 4.4 2.22 1.13 0.0 0.0 2 2 2 2 2 2 2 2 2.7 1.37 -7.0 1.1 1.1 1.1 1.1 1.1 1.1 0.001 0.0 0.031 0.0 0.0 0.0 2 2 2 2 2 2
2005-02-27T04:30:00 2005 2 27 4 30 0 3.4 0.7 527.0 4.6 2.24 1.12 0.0 0.0 2 2 2 2 2 2 2 2 2.7 1.43 -7.0 0.7 0.7 0.7 0.7 0.7 0.7 0.001 0.0 0.03 0.0 0.0 0.0 2 2 2 2 2 2
2005-02-27T05:30:00 2005 2 27 5 30 0 4.1 2.2 538.0 4.9 2.49 0.89 0.0 0.0 2 2 2 2 2 2 2 2 2.7 1.57 -13.0 2.2 2.2 2.2 2.2 2.2 2.2 0.001 0.0 0.029 0.0 0.0 0.0 2 2 2 2 2 2
2005-02-27T06:30:00 2005 2 27 6 30 0 5.5 1.3 527.0 4.8 2.32 1.54 0.0 0.0 2 2 2 2 2 2 2 2 2.7 1.7 -19.0 1.3 1.3 1.3 1.3 1.3 1.3 0.0 0.0 0.028 0.0 0.0 0.0 2 2 2 2 2 2
2005-02-27T07:30:00 2005 2 27 7 30 0 4.3 1.1 491.0 4.4 1.82 1.66 0.0 0.0 2 2 2 2 2 2 2 2 2.7 1.83 -22.0 1.1 1.1 1.1 1.1 1.1 1.1 0.0 0.0 0.027 0.0 0.0 0.0 2 2 2 2 2 2
2005-02-27T08:30:00 2005 2 27 8 30 0 3.4 3.5 476.0 3.2 1.25 0.67 0.0 0.0 2 2 2 2 2 2 2 2 2.7 2.12 -18.0 3.5 3.5 3.5 3.5 3.5 3.5 0.0 0.0 0.026 0.0 0.0 0.0 2 2 2 2 2 2
2005-02-27T09:30:00 2005 2 27 9 30 0 4.1 1.6 481.0 3.4 1.37 0.62 0.0 0.0 2 2 2 2 2 2 2 2 1.0 2.19 -14.0 1.6 1.6 1.6 1.6 1.6 1.6 0.0 0.0 0.026 0.0 0.0 0.0 2 2 2 2 2 2
2005-02-27T10:30:00 2005 2 27 10 30 0 2.4 1.8 519.0 3.5 1.64 0.53 0.0 0.0 2 2 2 2 2 2 2 2 1.0 2.26 -12.0 1.8 1.8 1.8 1.8 1.8 1.8 0.0 0.0 0.025 0.0 0.0 0.0 2 2 2 2 2 2
2005-02-27T11:30:00 2005 2 27 11 30 0 2.1 1.1 525.0 3.8 1.83 0.24 0.0 0.0 2 2 2 2 2 2 2 2 1.0 2.04 -11.0 1.1 1.1 1.1 1.1 1.1 1.1 0.0 0.0 0.024 0.0 0.0 0.0 2 2 2 2 2 2
2005-02-27T12:30:00 2005 2 27 12 30 0 6.0 0.1 548.0 4.7 2.45 1.75 0.0 0.0 2 2 2 2 2 2 2 2 3.0 2.09 -11.0 0.1 0.1 0.1 0.1 0.1 0.1 0.0 0.0 0.023 0.0 0.0 0.0 2 2 2 2 2 2
2005-02-27T13:30:00 2005 2 27 13 30 0 4.0 2.9 521.0 4.1 1.94 1.75 0.0 0.0 2 2 2 2 2 2 2 2 3.0 2.14 -17.0 2.9 2.9 2.9 2.9 2.9 2.9 0.0 0.0 0.023 0.0 0.0 0.0 2 2 2 2 2 2
2005-02-27T14:30:00 2005 2 27 14 30 0 4.0 1.7 518.0 4.3 2.0 0.79 0.0 0.0 2 2 2 2 2 2 2 2 3.0 2.18 -14.0 1.7 1.7 1.7 1.7 1.7 1.7 0.0 0.0 0.022 0.0 0.0 0.0 2 2 2 2 2 2
2005-02-27T15:30:00 2005 2 27 15 30 0 5.2 1.2 529.0 4.4 2.14 1.47 0.0 0.0 2 2 2 2 2 2 2 2 1.7 2.06 -10.0 1.2 1.2 1.2 1.2 1.2 1.2 0.0 0.0 0.021 0.0 0.0 0.0 2 2 2 2 2 2
2005-02-27T16:30:00 2005 2 27 16 30 0 3.0 2.8 529.0 4.4 2.16 0.93 0.0 0.0 2 2 2 2 2 2 2 2 1.7 1.94 -7.0 2.8 2.8 2.8 2.8 2.8 2.8 0.0 0.0 0.021 0.0 0.0 0.0 2 2 2 2 2 2
2005-02-27T17:30:00 2005 2 27 17 30 0 2.3 1.9 533.0 4.5 2.25 0.26 0.0 0.0 2 2 2 2 2 2 2 2 1.7 2.02 -5.0 1.9 1.9 1.9 1.9 1.9 1.9 0.0 0.0 0.02 0.0 0.0 0.0 2 2 2 2 2 2
2005-02-27T18:30:00 2005 2 27 18 30 0 3.7 3.8 554.0 4.9 2.62 0.34 0.0 0.0 2 2 2 2 2 2 2 2 1.7 2.09 -4.0 3.8 3.8 3.8 3.8 3.8 3.8 0.0 0.0 0.019 0.0 0.0 0.0 2 2 2 2 2 2
2005-02-27T19:30:00 2005 2 27 19 30 0 5.8 3.5 561.0 5.4 2.94 1.02 0.0 0.0 2 2 2 2 2 2 2 2 1.7 2.17 -2.0 3.5 3.5 3.5 3.5 3.5 3.5 0.0 0.0 0.019 0.0 0.0 0.0 2 2 2 2 2 2
2005-02-27T20:30:00 2005 2 27 20 30 0 5.2 5.1 566.0 5.3 2.95 1.22 0.0 0.0 2 2 2 2 2 2 2 2 1.7 2.01 -4.0 5.1 5.1 5.1 5.1 5.1 5.1 0.0 0.0 0.018 0.0 0.0 0.0 2 2 2 2 2 2
2005-02-27T21:30:00 2005 2 27 21 30 0 4.5 3.1 553.0 5.0 2.67 0.91 0.0 0.0 2 2 2 2 2 2 2 2 1.3 1.8 -5.0 3.1 3.1 3.1 3.1 3.1 3.1 0.0 0.0 0.018 0.0 0.0 0.0 2 2 2 2 2 2
2005-02-27T22:30:00 2005 2 27 22 30 0 3.2 4.3 556.0 4.6 2.51 0.52 0.0 0.0 2 2 2 2 2 2 2 2 1.3 1.6 -8.0 4.3 4.3 4.3 4.3 4.3 4.3 0.0 0.0 0.017 0.0 0.0 0.0 2 2 2 2 2 2
2005-02-27T23:30:00 2005 2 27 23 30 0 4.5 3.7 575.0 5.0 2.94 0.54 0.0 0.0 2 2 2 2 2 2 2 2 1.3 1.54 -6.0 3.7 3.7 3.7 3.7 3.7 3.7 0.0 0.0 0.017 0.0 0.0 0.0 2 2 2 2 2 2
