2005-01-13T00:30:00 2005 1 13 0 30 0 -2.1 -1.2 675.0 3.2 2.55 0.93 2.67 0.84 2 2 2 2 2 2 2 2 2.7 3.56 -38.0 -1.2 -1.2 -1.2 -1.2 -1.2 -1.2 0.28 0.287 0.535 0.188 0.632 0.939 2 2 2 2 2 2
2005-01-13T01:30:00 2005 1 13 1 30 0 -2.9 2.3 704.0 2.4 2.18 0.71 0.53 0.16 2 2 2 2 2 2 2 2 2.7 3.4 -32.0 2.3 2.3 2.3 2.3 2.3 2.3 0.199 0.157 0.519 0.11 0.234 0.446 2 2 2 2 2 2
2005-01-13T02:30:00 2005 1 13 2 30 0 -0.6 -0.6 698.0 2.6 2.26 0.26 0.31 0.08 2 2 2 2 2 2 2 2 2.7 3.23 -29.0 -0.6 -0.6 -0.6 -0.6 -0.6 -0.6 0.155 0.114 0.505 0.078 0.195 0.318 2 2 2 2 2 2
2005-01-13T03:30:00 2005 1 13 3 30 0 -0.2 -0.9 700.0 2.6 2.27 0.29 2.67 0.69 2 2 2 2 2 2 2 2 3.7 3.21 -29.0 -0.9 -0.9 -0.9 -0.9 -0.9 -0.9 0.193 0.192 0.499 0.118 0.472 0.594 2 2 2 2 2 2
2005-01-13T04:30:00 2005 1 13 4 30 0 -1.8 0.0 723.0 2.3 2.15 0.35 1.46 0.36 2 2 2 2 2 2 2 2 3.7 3.18 -32.0 0.0 0.0 0.0 0.0 0.0 0.0 0.168 0.153 0.487 0.09 0.308 0.45 2 2 2 2 2 2
2005-01-13T05:30:00 2005 1 13 5 30 0 -1.3 -1.3 712.0 2.6 2.34 0.77 2.52 0.63 2 2 2 2 2 2 2 2 3.7 3.23 -30.0 -1.3 -1.3 -1.3 -1.3 -1.3 -1.3 0.207 0.216 0.483 0.138 0.549 0.673 2 2 2 2 2 2
2005-01-13T06:30:00 2005 1 13 6 30 0 -1.1 0.0 703.0 2.6 2.29 0.52 2.11 0.55 2 2 2 2 2 2 2 2 2.7 3.15 -31.0 0.0 0.0 0.0 0.0 0.0 0.0 0.192 0.182 0.474 0.116 0.381 0.543 2 2 2 2 2 2
2005-01-13T07:30:00 2005 1 13 7 30 0 -2.1 1.9 693.0 2.6 2.23 0.18 0.0 0.0 2 2 2 2 2 2 2 2 2.7 3.08 -33.0 1.9 1.9 1.9 1.9 1.9 1.9 0.13 0.091 0.46 0.065 0.121 0.225 2 2 2 2 2 2
2005-01-13T08:30:00 2005 1 13 8 30 0 -4.1 3.3 713.0 2.0 1.83 0.54 0.0 0.0 2 2 2 2 2 2 2 2 2.7 3.07 -33.0 3.3 3.3 3.3 3.3 3.3 3.3 0.088 0.045 0.446 0.037 0.038 0.093 2 2 2 2 2 2
2005-01-13T09:30:00 2005 1 13 9 30 0 -5.0 0.7 701.0 2.0 1.77 1.75 0.0 0.0 2 2 2 2 2 2 2 2 2.0 2.98 -34.0 0.7 0.7 0.7 0.7 0.7 0.7 0.06 0.022 0.432 0.02 0.012 0.039 2 2 2 2 2 2
2005-01-13T10:30:00 2005 1 13 10 30 0 -3.4 2.5 699.0 2.1 1.85 1.45 0.0 0.0 2 2 2 2 2 2 2 2 2.0 2.88 -32.0 2.5 2.5 2.5 2.5 2.5 2.5 0.04 0.011 0.419 0.011 0.004 0.016 2 2 2 2 2 2
2005-01-13T11:30:00 2005 1 13 11 30 0 -3.2 1.6 704.0 2.6 2.29 0.7 0.0 0.0 2 2 2 2 2 2 2 2 2.0 2.67 -25.0 1.6 1.6 1.6 1.6 1.6 1.6 0.027 0.006 0.406 0.006 0.001 0.007 2 2 2 2 2 2
2005-01-13T12:30:00 2005 1 13 12 30 0 1.0 2.3 710.0 2.9 2.57 0.12 0.0 0.0 2 2 2 2 2 2 2 2 2.3 2.5 -22.0 2.3 2.3 2.3 2.3 2.3 2.3 0.018 0.003 0.394 0.004 0.0 0.003 2 2 2 2 2 2
2005-01-13T13:30:00 2005 1 13 13 30 0 0.1 1.1 728.0 2.5 2.33 0.01 0.0 0.0 2 2 2 2 2 2 2 2 2.3 2.33 -25.0 1.1 1.1 1.1 1.1 1.1 1.1 0.013 0.001 0.382 0.002 0.0 0.001 2 2 2 2 2 2
2005-01-13T14:30:00 2005 1 13 14 30 0 -3.2 -0.3 716.0 2.3 2.08 0.54 0.16 0.04 2 2 2 2 2 2 2 2 2.3 2.28 -25.0 -0.3 -0.3 -0.3 -0.3 -0.3 -0.3 0.019 0.022 0.371 0.007 0.074 0.084 2 2 2 2 2 2
2005-01-13T15:30:00 2005 1 13 15 30 0 -0.4 -1.3 716.0 2.5 2.24 1.03 3.01 0.73 2 2 2 2 2 2 2 2 3.3 2.37 -26.0 -1.3 -1.3 -1.3 -1.3 -1.3 -1.3 0.116 0.16 0.372 0.102 0.503 0.535 2 2 2 2 2 2
2005-01-13T16:30:00 2005 1 13 16 30 0 0.7 -2.4 715.0 2.6 2.31 1.61 6.78 1.74 2 2 2 2 2 2 2 2 3.3 2.45 -31.0 -2.4 -2.4 -2.4 -2.4 -2.4 -2.4 0.281 0.332 0.394 0.314 0.968 1.011 2 2 2 2 2 2
2005-01-13T17:30:00 2005 1 13 17 30 0 -2.9 0.8 710.0 2.1 1.87 0.88 2.85 0.7 2 2 2 2 2 2 2 2 3.3 2.62 -30.0 0.8 0.8 0.8 0.8 0.8 0.8 0.246 0.233 0.391 0.229 0.491 0.626 2 2 2 2 2 2
2005-01-13T18:30:00 2005 1 13 18 30 0 0.4 1.4 700.0 2.3 1.98 0.17 0.0 0.0 2 2 2 2 2 2 2 2 3.7 2.83 -31.0 1.4 1.4 1.4 1.4 1.4 1.4 0.166 0.116 0.379 0.128 0.156 0.26 2 2 2 2 2 2
2005-01-13T19:30:00 2005 1 13 19 30 0 0.3 -0.9 705.0 2.2 1.94 0.08 0.76 0.17 2 2 2 2 2 2 2 2 3.7 3.04 -33.0 -0.9 -0.9 -0.9 -0.9 -0.9 -0.9 0.149 0.119 0.371 0.103 0.258 0.308 2 2 2 2 2 2
2005-01-13T20:30:00 2005 1 13 20 30 0 -1.5 -1.1 692.0 2.2 1.87 0.6 3.52 0.77 2 2 2 2 2 2 2 2 3.7 3.22 -32.0 -1.1 -1.1 -1.1 -1.1 -1.1 -1.1 0.205 0.207 0.372 0.154 0.532 0.549 2 2 2 2 2 2
2005-01-13T21:30:00 2005 1 13 21 30 0 -1.9 0.8 682.0 2.2 1.83 0.51 0.94 0.21 2 2 2 2 2 2 2 2 3.0 3.29 -35.0 0.8 0.8 0.8 0.8 0.8 0.8 0.158 0.132 0.362 0.098 0.241 0.314 2 2 2 2 2 2
2005-01-13T22:30:00 2005 1 13 22 30 0 -1.5 0.6 645.0 2.1 1.6 0.23 0.0 0.0 2 2 2 2 2 2 2 2 3.0 3.37 -30.0 0.6 0.6 0.6 0.6 0.6 0.6 0.107 0.066 0.351 0.055 0.076 0.13 2 2 2 2 2 2
2005-01-13T23:30:00 2005 1 13 23 30 0 -1.8 -1.3 642.0 2.3 1.74 0.64 1.61 0.36 2 2 2 2 2 2 2 2 3.0 3.33 -30.0 -1.3 -1.3 -1.3 -1.3 -1.3 -1.3 0.137 0.138 0.347 0.09 0.328 0.322 2 2 2 2 2 2
