2005-03-28T00:30:00 2005 3 28 0 30 0 -1.1 2.8 542.0 1.8 0.94 0.01 0.0 0.0 2 2 2 2 2 2 2 2 1.7 2.79 -29.0 2.8 2.8 2.8 2.8 2.8 2.8 0.126 0.052 0.197 0.05 0.026 0.047 2 2 2 2 2 2
2005-03-28T01:30:00 2005 3 28 1 30 0 0.8 1.2 526.0 1.7 0.85 0.0 0.0 0.0 2 2 2 2 2 2 2 2 1.7 2.54 -25.0 1.2 1.2 1.2 1.2 1.2 1.2 0.085 0.026 0.191 0.028 0.008 0.019 2 2 2 2 2 2
2005-03-28T02:30:00 2005 3 28 2 30 0 1.6 1.6 533.0 1.7 0.87 0.05 0.0 0.0 2 2 2 2 2 2 2 2 1.7 2.29 -19.0 1.6 1.6 1.6 1.6 1.6 1.6 0.058 0.013 0.185 0.016 0.003 0.008 2 2 2 2 2 2
2005-03-28T03:30:00 2005 3 28 3 30 0 2.6 1.1 543.0 1.8 0.96 0.24 0.0 0.0 2 2 2 2 2 2 2 2 1.7 2.05 -20.0 1.1 1.1 1.1 1.1 1.1 1.1 0.039 0.006 0.179 0.009 0.001 0.003 2 2 2 2 2 2
2005-03-28T04:30:00 2005 3 28 4 30 0 1.8 0.8 542.0 1.7 0.93 0.3 0.0 0.0 2 2 2 2 2 2 2 2 1.7 1.81 -23.0 0.8 0.8 0.8 0.8 0.8 0.8 0.026 0.003 0.174 0.005 0.0 0.001 2 2 2 2 2 2
2005-03-28T05:30:00 2005 3 28 5 30 0 1.4 2.9 555.0 1.7 0.99 0.09 0.0 0.0 2 2 2 2 2 2 2 2 1.7 1.77 -22.0 2.9 2.9 2.9 2.9 2.9 2.9 0.018 0.002 0.169 0.003 0.0 0.001 2 2 2 2 2 2
2005-03-28T06:30:00 2005 3 28 6 30 0 1.6 1.6 534.0 1.7 0.92 0.06 0.0 0.0 2 2 2 2 2 2 2 2 1.3 1.68 -22.0 1.6 1.6 1.6 1.6 1.6 1.6 0.012 0.001 0.164 0.002 0.0 0.0 2 2 2 2 2 2
2005-03-28T07:30:00 2005 3 28 7 30 0 -0.1 1.7 519.0 1.7 0.86 0.02 0.0 0.0 2 2 2 2 2 2 2 2 1.3 1.6 -20.0 1.7 1.7 1.7 1.7 1.7 1.7 0.008 0.0 0.159 0.001 0.0 0.0 2 2 2 2 2 2
2005-03-28T08:30:00 2005 3 28 8 30 0 -2.0 0.9 523.0 1.7 0.89 0.07 0.0 0.0 2 2 2 2 2 2 2 2 1.3 1.54 -19.0 0.9 0.9 0.9 0.9 0.9 0.9 0.006 0.0 0.154 0.0 0.0 0.0 2 2 2 2 2 2
2005-03-28T09:30:00 2005 3 28 9 30 0 -1.6 1.7 515.0 1.7 0.85 0.14 0.0 0.0 2 2 2 2 2 2 2 2 0.3 1.36 -22.0 1.7 1.7 1.7 1.7 1.7 1.7 0.004 0.0 0.149 0.0 0.0 0.0 2 2 2 2 2 2
2005-03-28T10:30:00 2005 3 28 10 30 0 0.0 2.9 519.0 1.6 0.81 0.02 0.0 0.0 2 2 2 2 2 2 2 2 0.3 1.18 -20.0 2.9 2.9 2.9 2.9 2.9 2.9 0.003 0.0 0.144 0.0 0.0 0.0 2 2 2 2 2 2
2005-03-28T11:30:00 2005 3 28 11 30 0 1.2 2.4 508.0 1.5 0.73 0.01 0.0 0.0 2 2 2 2 2 2 2 2 0.3 1.01 -19.0 2.4 2.4 2.4 2.4 2.4 2.4 0.002 0.0 0.14 0.0 0.0 0.0 2 2 2 2 2 2
2005-03-28T12:30:00 2005 3 28 12 30 0 1.8 2.8 513.0 1.5 0.75 0.05 0.0 0.0 2 2 2 2 2 2 2 2 0.3 0.83 -18.0 2.8 2.8 2.8 2.8 2.8 2.8 0.001 0.0 0.136 0.0 0.0 0.0 2 2 2 2 2 2
2005-03-28T13:30:00 2005 3 28 13 30 0 2.9 2.4 514.0 1.5 0.75 0.19 0.0 0.0 2 2 2 2 2 2 2 2 0.3 0.66 -15.0 2.4 2.4 2.4 2.4 2.4 2.4 0.001 0.0 0.132 0.0 0.0 0.0 2 2 2 2 2 2
2005-03-28T14:30:00 2005 3 28 14 30 0 3.5 2.6 518.0 1.5 0.77 0.42 0.0 0.0 2 2 2 2 2 2 2 2 0.3 0.54 -17.0 2.6 2.6 2.6 2.6 2.6 2.6 0.001 0.0 0.128 0.0 0.0 0.0 2 2 2 2 2 2
2005-03-28T15:30:00 2005 3 28 15 30 0 4.0 2.4 532.0 1.5 0.81 0.64 0.0 0.0 2 2 2 2 2 2 2 2 0.3 0.42 -16.0 2.4 2.4 2.4 2.4 2.4 2.4 0.0 0.0 0.124 0.0 0.0 0.0 2 2 2 2 2 2
2005-03-28T16:30:00 2005 3 28 16 30 0 3.5 0.9 518.0 1.5 0.77 0.83 0.0 0.0 2 2 2 2 2 2 2 2 0.3 0.3 -17.0 0.9 0.9 0.9 0.9 0.9 0.9 0.0 0.0 0.12 0.0 0.0 0.0 2 2 2 2 2 2
2005-03-28T17:30:00 2005 3 28 17 30 0 2.8 2.2 548.0 1.3 0.78 0.55 0.0 0.0 2 2 2 2 2 2 2 2 0.3 0.3 -16.0 2.2 2.2 2.2 2.2 2.2 2.2 0.0 0.0 0.116 0.0 0.0 0.0 2 2 2 2 2 2
2005-03-28T18:30:00 2005 3 28 18 30 0 1.5 2.8 511.0 1.3 0.68 0.14 0.0 0.0 2 2 2 2 2 2 2 2 1.3 0.43 -14.0 2.8 2.8 2.8 2.8 2.8 2.8 0.0 0.0 0.113 0.0 0.0 0.0 2 2 2 2 2 2
2005-03-28T19:30:00 2005 3 28 19 30 0 1.9 0.6 485.0 1.6 0.72 0.12 0.0 0.0 2 2 2 2 2 2 2 2 1.3 0.56 -15.0 0.6 0.6 0.6 0.6 0.6 0.6 0.0 0.0 0.109 0.0 0.0 0.0 2 2 2 2 2 2
2005-03-28T20:30:00 2005 3 28 20 30 0 2.3 -0.1 490.0 1.6 0.73 0.4 0.03 0.0 2 2 2 2 2 2 2 2 1.3 0.69 -14.0 -0.1 -0.1 -0.1 -0.1 -0.1 -0.1 0.003 0.008 0.106 0.001 0.016 0.012 2 2 2 2 2 2
2005-03-28T21:30:00 2005 3 28 21 30 0 2.3 0.4 486.0 1.7 0.75 0.49 0.02 0.0 2 2 2 2 2 2 2 2 1.7 0.87 -15.0 0.4 0.4 0.4 0.4 0.4 0.4 0.002 0.004 0.103 0.0 0.005 0.005 2 2 2 2 2 2
2005-03-28T22:30:00 2005 3 28 22 30 0 2.2 1.1 484.0 1.9 0.84 0.32 0.0 0.0 2 2 2 2 2 2 2 2 1.7 1.04 -18.0 1.1 1.1 1.1 1.1 1.1 1.1 0.001 0.002 0.1 0.0 0.002 0.002 2 2 2 2 2 2
2005-03-28T23:30:00 2005 3 28 23 30 0 1.9 1.7 506.0 2.2 1.07 0.18 0.0 0.0 2 2 2 2 2 2 2 2 1.7 1.22 -14.0 1.7 1.7 1.7 1.7 1.7 1.7 0.001 0.001 0.097 0.0 0.001 0.001 2 2 2 2 2 2
