2005-04-16T00:30:00 2005 4 16 0 30 0 3.7 -1.6 493.0 1.7 0.73 2.82 5.08 0.89 2 2 2 2 2 2 2 2 3.0 3.16 -30.0 -1.6 -1.6 -1.6 -1.6 -1.6 -1.6 0.349 0.374 0.458 0.278 0.531 0.333 2 2 2 2 2 2
2005-04-16T01:30:00 2005 4 16 1 30 0 1.9 -2.2 493.0 1.2 0.51 2.24 4.75 0.67 2 2 2 2 2 2 2 2 3.0 3.16 -35.0 -2.2 -2.2 -2.2 -2.2 -2.2 -2.2 0.352 0.359 0.455 0.275 0.503 0.277 2 2 2 2 2 2
2005-04-16T02:30:00 2005 4 16 2 30 0 0.1 -2.3 482.0 1.3 0.53 1.65 5.49 0.69 2 2 2 2 2 2 2 2 3.0 3.19 -37.0 -2.3 -2.3 -2.3 -2.3 -2.3 -2.3 0.363 0.361 0.453 0.289 0.505 0.247 2 2 2 2 2 2
2005-04-16T03:30:00 2005 4 16 3 30 0 0.1 -1.0 488.0 1.6 0.68 0.78 3.87 0.56 2 2 2 2 2 2 2 2 1.3 3.0 -39.0 -1.0 -1.0 -1.0 -1.0 -1.0 -1.0 0.335 0.321 0.447 0.241 0.421 0.228 2 2 2 2 2 2
2005-04-16T04:30:00 2005 4 16 4 30 0 0.1 -0.7 480.0 1.8 0.74 0.21 2.03 0.34 2 2 2 2 2 2 2 2 1.3 2.81 -39.0 -0.7 -0.7 -0.7 -0.7 -0.7 -0.7 0.283 0.264 0.437 0.175 0.321 0.206 2 2 2 2 2 2
2005-04-16T05:30:00 2005 4 16 5 30 0 -0.6 -1.2 471.0 2.0 0.78 0.3 2.3 0.44 2 2 2 2 2 2 2 2 1.3 2.51 -37.0 -1.2 -1.2 -1.2 -1.2 -1.2 -1.2 0.264 0.262 0.428 0.155 0.335 0.228 2 2 2 2 2 2
2005-04-16T06:30:00 2005 4 16 6 30 0 -1.8 -1.1 469.0 2.0 0.78 0.63 2.69 0.54 2 2 2 2 2 2 2 2 1.0 2.17 -35.0 -1.1 -1.1 -1.1 -1.1 -1.1 -1.1 0.258 0.27 0.421 0.15 0.35 0.246 2 2 2 2 2 2
2005-04-16T07:30:00 2005 4 16 7 30 0 -1.0 0.7 465.0 2.1 0.8 0.28 0.68 0.14 2 2 2 2 2 2 2 2 1.0 1.84 -32.0 0.7 0.7 0.7 0.7 0.7 0.7 0.19 0.163 0.408 0.092 0.152 0.135 2 2 2 2 2 2
2005-04-16T08:30:00 2005 4 16 8 30 0 -2.0 -0.5 464.0 2.2 0.83 0.26 0.29 0.06 2 2 2 2 2 2 2 2 1.0 1.59 -26.0 -0.5 -0.5 -0.5 -0.5 -0.5 -0.5 0.145 0.12 0.397 0.06 0.121 0.11 2 2 2 2 2 2
2005-04-16T09:30:00 2005 4 16 9 30 0 -2.1 2.2 463.0 3.1 1.15 0.25 0.06 0.01 2 2 2 2 2 2 2 2 0.7 1.31 -24.0 2.2 2.2 2.2 2.2 2.2 2.2 0.098 0.06 0.385 0.034 0.038 0.046 2 2 2 2 2 2
2005-04-16T10:30:00 2005 4 16 10 30 0 -3.6 1.1 461.0 3.0 1.11 0.42 0.0 0.0 2 2 2 2 2 2 2 2 0.7 1.03 -22.0 1.1 1.1 1.1 1.1 1.1 1.1 0.066 0.03 0.373 0.019 0.012 0.019 2 2 2 2 2 2
2005-04-16T11:30:00 2005 4 16 11 30 0 -2.3 -0.6 445.0 2.7 0.92 0.73 0.29 0.08 2 2 2 2 2 2 2 2 0.7 0.96 -21.0 -0.6 -0.6 -0.6 -0.6 -0.6 -0.6 0.063 0.06 0.362 0.021 0.083 0.076 2 2 2 2 2 2
2005-04-16T12:30:00 2005 4 16 12 30 0 -2.8 -0.4 452.0 2.9 1.03 0.83 1.1 0.31 2 2 2 2 2 2 2 2 1.0 0.92 -21.0 -0.4 -0.4 -0.4 -0.4 -0.4 -0.4 0.084 0.12 0.353 0.034 0.167 0.165 2 2 2 2 2 2
2005-04-16T13:30:00 2005 4 16 13 30 0 -2.6 -0.6 452.0 3.0 1.06 0.91 1.15 0.34 2 2 2 2 2 2 2 2 1.0 0.89 -20.0 -0.6 -0.6 -0.6 -0.6 -0.6 -0.6 0.103 0.161 0.344 0.046 0.216 0.224 2 2 2 2 2 2
2005-04-16T14:30:00 2005 4 16 14 30 0 -2.5 0.1 446.0 3.1 1.06 0.7 0.52 0.16 2 2 2 2 2 2 2 2 1.0 0.89 -22.0 0.1 0.1 0.1 0.1 0.1 0.1 0.086 0.117 0.334 0.033 0.121 0.155 2 2 2 2 2 2
2005-04-16T15:30:00 2005 4 16 15 30 0 -1.7 1.3 445.0 3.1 1.05 0.26 0.0 0.0 2 2 2 2 2 2 2 2 1.3 0.93 -22.0 1.3 1.3 1.3 1.3 1.3 1.3 0.058 0.058 0.324 0.018 0.038 0.064 2 2 2 2 2 2
2005-04-16T16:30:00 2005 4 16 16 30 0 -1.5 -1.3 439.0 2.8 0.93 0.34 0.83 0.24 2 2 2 2 2 2 2 2 1.3 0.97 -20.0 -1.3 -1.3 -1.3 -1.3 -1.3 -1.3 0.081 0.116 0.317 0.044 0.161 0.141 2 2 2 2 2 2
2005-04-16T17:30:00 2005 4 16 17 30 0 -2.0 -0.4 437.0 3.1 1.01 0.6 1.78 0.52 2 2 2 2 2 2 2 2 1.3 1.04 -22.0 -0.4 -0.4 -0.4 -0.4 -0.4 -0.4 0.113 0.175 0.31 0.062 0.226 0.22 2 2 2 2 2 2
2005-04-16T18:30:00 2005 4 16 18 30 0 -2.7 0.3 435.0 3.2 1.04 0.52 0.21 0.07 2 2 2 2 2 2 2 2 2.0 1.21 -21.0 0.3 0.3 0.3 0.3 0.3 0.3 0.082 0.103 0.301 0.037 0.091 0.117 2 2 2 2 2 2
2005-04-16T19:30:00 2005 4 16 19 30 0 -3.7 -1.5 448.0 2.8 0.97 1.37 1.53 0.44 2 2 2 2 2 2 2 2 2.0 1.37 -19.0 -1.5 -1.5 -1.5 -1.5 -1.5 -1.5 0.124 0.188 0.296 0.076 0.257 0.234 2 2 2 2 2 2
2005-04-16T20:30:00 2005 4 16 20 30 0 -2.4 -1.4 436.0 2.8 0.92 1.73 3.19 0.89 2 2 2 2 2 2 2 2 2.0 1.5 -19.0 -1.4 -1.4 -1.4 -1.4 -1.4 -1.4 0.19 0.283 0.294 0.134 0.378 0.324 2 2 2 2 2 2
2005-04-16T21:30:00 2005 4 16 21 30 0 -0.7 -1.1 429.0 2.8 0.89 0.74 2.68 0.75 2 2 2 2 2 2 2 2 1.7 1.58 -20.0 -1.1 -1.1 -1.1 -1.1 -1.1 -1.1 0.217 0.308 0.291 0.146 0.373 0.33 2 2 2 2 2 2
2005-04-16T22:30:00 2005 4 16 22 30 0 -0.6 -0.4 425.0 2.9 0.91 0.21 1.54 0.44 2 2 2 2 2 2 2 2 1.7 1.67 -19.0 -0.4 -0.4 -0.4 -0.4 -0.4 -0.4 0.198 0.261 0.284 0.113 0.273 0.274 2 2 2 2 2 2
2005-04-16T23:30:00 2005 4 16 23 30 0 1.3 -0.5 430.0 2.8 0.9 0.12 0.97 0.28 2 2 2 2 2 2 2 2 1.7 1.72 -20.0 -0.5 -0.5 -0.5 -0.5 -0.5 -0.5 0.173 0.219 0.277 0.084 0.22 0.233 2 2 2 2 2 2
