2005-12-24T00:30:00 2005 12 24 0 30 0 -3.6 1.6 354.0 5.2 1.16 0.39 0.0 0.0 2 2 2 2 2 2 2 2 0.0 0.0 5.0 1.6 1.6 1.6 1.6 1.6 1.6 0.0 0.0 0.049 0.0 0.0 0.0 2 2 2 2 2 2
2005-12-24T01:30:00 2005 12 24 1 30 0 -3.1 2.6 351.0 6.2 1.33 0.35 0.0 0.0 2 2 2 2 2 2 2 2 0.0 0.0 6.0 2.6 2.6 2.6 2.6 2.6 2.6 0.0 0.0 0.048 0.0 0.0 0.0 2 2 2 2 2 2
2005-12-24T02:30:00 2005 12 24 2 30 0 -3.1 2.7 350.0 5.9 1.28 0.24 0.0 0.0 2 2 2 2 2 2 2 2 0.0 0.0 4.0 2.7 2.7 2.7 2.7 2.7 2.7 0.0 0.0 0.046 0.0 0.0 0.0 2 2 2 2 2 2
2005-12-24T03:30:00 2005 12 24 3 30 0 -2.6 2.1 346.0 6.7 1.44 0.21 0.0 0.0 2 2 2 2 2 2 2 2 0.0 0.0 3.0 2.1 2.1 2.1 2.1 2.1 2.1 0.0 0.0 0.045 0.0 0.0 0.0 2 2 2 2 2 2
2005-12-24T04:30:00 2005 12 24 4 30 0 -1.5 3.3 340.0 7.1 1.47 0.08 0.0 0.0 2 2 2 2 2 2 2 2 0.0 0.0 2.0 3.3 3.3 3.3 3.3 3.3 3.3 0.0 0.0 0.044 0.0 0.0 0.0 2 2 2 2 2 2
2005-12-24T05:30:00 2005 12 24 5 30 0 -0.8 3.4 342.0 7.1 1.51 0.01 0.0 0.0 2 2 2 2 2 2 2 2 0.0 0.0 5.0 3.4 3.4 3.4 3.4 3.4 3.4 0.0 0.0 0.042 0.0 0.0 0.0 2 2 2 2 2 2
2005-12-24T06:30:00 2005 12 24 6 30 0 0.1 2.5 343.0 7.3 1.57 0.0 0.0 0.0 2 2 2 2 2 2 2 2 0.3 0.04 5.0 2.5 2.5 2.5 2.5 2.5 2.5 0.0 0.0 0.041 0.0 0.0 0.0 2 2 2 2 2 2
2005-12-24T07:30:00 2005 12 24 7 30 0 -1.8 2.8 341.0 7.0 1.51 0.01 0.0 0.0 2 2 2 2 2 2 2 2 0.3 0.08 5.0 2.8 2.8 2.8 2.8 2.8 2.8 0.0 0.0 0.04 0.0 0.0 0.0 2 2 2 2 2 2
2005-12-24T08:30:00 2005 12 24 8 30 0 -1.4 3.4 342.0 6.6 1.43 0.03 0.0 0.0 2 2 2 2 2 2 2 2 0.3 0.12 6.0 3.4 3.4 3.4 3.4 3.4 3.4 0.0 0.0 0.038 0.0 0.0 0.0 2 2 2 2 2 2
2005-12-24T09:30:00 2005 12 24 9 30 0 -1.6 1.0 346.0 8.0 1.77 0.04 0.0 0.0 2 2 2 2 2 2 2 2 1.3 0.29 8.0 1.0 1.0 1.0 1.0 1.0 1.0 0.0 0.0 0.037 0.0 0.0 0.0 2 2 2 2 2 2
2005-12-24T10:30:00 2005 12 24 10 30 0 0.2 -3.4 364.0 10.1 2.49 0.79 2.62 2.52 2 2 2 2 2 2 2 2 1.3 0.45 10.0 -3.4 -3.4 -3.4 -3.4 -3.4 -3.4 0.179 0.379 0.047 0.196 0.453 0.785 2 2 2 2 2 2
2005-12-24T11:30:00 2005 12 24 11 30 0 -4.2 0.7 350.0 9.7 2.24 1.07 2.28 2.28 2 2 2 2 2 2 2 2 1.3 0.62 2.0 0.7 0.7 0.7 0.7 0.7 0.7 0.214 0.378 0.051 0.186 0.328 0.722 2 2 2 2 2 2
2005-12-24T12:30:00 2005 12 24 12 30 0 -1.7 -3.8 355.0 10.7 2.49 1.75 3.12 3.26 2 2 2 2 2 2 2 2 2.3 0.91 -2.0 -3.8 -3.8 -3.8 -3.8 -3.8 -3.8 0.359 0.636 0.063 0.344 0.619 1.231 2 2 2 2 2 2
2005-12-24T13:30:00 2005 12 24 13 30 0 -1.3 -2.7 343.0 12.0 2.79 2.35 5.59 6.35 2 2 2 2 2 2 2 2 2.3 1.2 -5.0 -2.7 -2.7 -2.7 -2.7 -2.7 -2.7 0.537 0.895 0.082 0.522 0.804 1.701 2 2 2 2 2 2
2005-12-24T14:30:00 2005 12 24 14 30 0 -0.1 -1.9 339.0 10.0 2.22 1.11 3.86 4.24 2 2 2 2 2 2 2 2 2.3 1.45 -8.0 -1.9 -1.9 -1.9 -1.9 -1.9 -1.9 0.572 0.885 0.091 0.492 0.702 1.555 2 2 2 2 2 2
2005-12-24T15:30:00 2005 12 24 15 30 0 1.3 -2.6 339.0 9.0 1.97 1.12 3.86 3.64 2 2 2 2 2 2 2 2 1.0 1.52 -5.0 -2.6 -2.6 -2.6 -2.6 -2.6 -2.6 0.598 0.88 0.101 0.485 0.679 1.392 2 2 2 2 2 2
2005-12-24T16:30:00 2005 12 24 16 30 0 0.2 -3.3 332.0 13.1 2.89 1.8 4.99 5.64 2 2 2 2 2 2 2 2 1.0 1.6 -9.0 -3.3 -3.3 -3.3 -3.3 -3.3 -3.3 0.69 1.021 0.116 0.589 0.806 1.712 2 2 2 2 2 2
2005-12-24T17:30:00 2005 12 24 17 30 0 -3.0 -2.7 326.0 11.0 2.34 2.03 4.89 5.87 2 2 2 2 2 2 2 2 1.0 1.56 -12.0 -2.7 -2.7 -2.7 -2.7 -2.7 -2.7 0.737 1.062 0.129 0.618 0.793 1.734 2 2 2 2 2 2
2005-12-24T18:30:00 2005 12 24 18 30 0 -4.8 -2.5 332.0 8.2 1.81 2.83 4.27 4.05 2 2 2 2 2 2 2 2 1.7 1.6 -12.0 -2.5 -2.5 -2.5 -2.5 -2.5 -2.5 0.719 0.985 0.138 0.569 0.704 1.425 2 2 2 2 2 2
2005-12-24T19:30:00 2005 12 24 19 30 0 -4.0 -3.0 328.0 8.0 1.72 3.29 4.57 3.7 2 2 2 2 2 2 2 2 1.7 1.65 -9.0 -3.0 -3.0 -3.0 -3.0 -3.0 -3.0 0.715 0.952 0.147 0.558 0.687 1.228 2 2 2 2 2 2
2005-12-24T20:30:00 2005 12 24 20 30 0 -4.1 -3.1 333.0 8.0 1.77 3.39 5.05 4.04 2 2 2 2 2 2 2 2 1.7 1.58 -7.0 -3.1 -3.1 -3.1 -3.1 -3.1 -3.1 0.729 0.959 0.158 0.579 0.71 1.176 2 2 2 2 2 2
2005-12-24T21:30:00 2005 12 24 21 30 0 -3.3 -1.6 333.0 8.6 1.91 2.38 3.81 3.16 2 2 2 2 2 2 2 2 1.7 1.51 -6.0 -1.6 -1.6 -1.6 -1.6 -1.6 -1.6 0.674 0.858 0.164 0.493 0.604 1.067 2 2 2 2 2 2
2005-12-24T22:30:00 2005 12 24 22 30 0 -3.9 -2.9 331.0 9.3 2.04 2.35 3.82 3.44 2 2 2 2 2 2 2 2 1.7 1.45 -5.0 -2.9 -2.9 -2.9 -2.9 -2.9 -2.9 0.668 0.873 0.171 0.49 0.645 1.148 2 2 2 2 2 2
2005-12-24T23:30:00 2005 12 24 23 30 0 -3.5 -0.8 325.0 9.9 2.09 1.93 2.89 2.77 2 2 2 2 2 2 2 2 1.7 1.53 -1.0 -0.8 -0.8 -0.8 -0.8 -0.8 -0.8 0.593 0.752 0.173 0.39 0.503 1.02 2 2 2 2 2 2
