2005-04-02T00:30:00 2005 4 2 0 30 0 -3.0 -0.1 391.0 4.6 1.31 0.59 0.06 0.03 2 2 2 2 2 2 2 2 0.7 1.07 -13.0 -0.1 -0.1 -0.1 -0.1 -0.1 -0.1 0.055 0.059 0.088 0.017 0.037 0.083 2 2 2 2 2 2
2005-04-02T01:30:00 2005 4 2 1 30 0 -3.4 0.8 390.0 4.9 1.37 0.7 0.0 0.0 2 2 2 2 2 2 2 2 0.7 1.03 -11.0 0.8 0.8 0.8 0.8 0.8 0.8 0.037 0.029 0.085 0.01 0.012 0.034 2 2 2 2 2 2
2005-04-02T02:30:00 2005 4 2 2 30 0 -3.4 0.5 386.0 5.7 1.57 0.7 0.0 0.0 2 2 2 2 2 2 2 2 0.7 0.96 -8.0 0.5 0.5 0.5 0.5 0.5 0.5 0.025 0.014 0.082 0.005 0.004 0.014 2 2 2 2 2 2
2005-04-02T03:30:00 2005 4 2 3 30 0 -2.1 1.0 375.0 6.9 1.79 0.4 0.0 0.0 2 2 2 2 2 2 2 2 0.3 0.83 -8.0 1.0 1.0 1.0 1.0 1.0 1.0 0.017 0.007 0.08 0.003 0.001 0.006 2 2 2 2 2 2
2005-04-02T04:30:00 2005 4 2 4 30 0 -1.9 0.8 371.0 7.1 1.79 0.17 0.0 0.0 2 2 2 2 2 2 2 2 0.3 0.7 -6.0 0.8 0.8 0.8 0.8 0.8 0.8 0.011 0.004 0.077 0.002 0.0 0.002 2 2 2 2 2 2
2005-04-02T05:30:00 2005 4 2 5 30 0 -2.2 0.0 369.0 7.9 1.92 0.26 0.0 0.0 2 2 2 2 2 2 2 2 0.3 0.62 -4.0 0.0 0.0 0.0 0.0 0.0 0.0 0.008 0.002 0.075 0.001 0.0 0.001 2 2 2 2 2 2
2005-04-02T06:30:00 2005 4 2 6 30 0 -1.0 0.1 365.0 8.8 2.34 0.19 0.0 0.0 2 2 2 2 2 2 2 2 0.7 0.58 -4.0 0.1 0.1 0.1 0.1 0.1 0.1 0.005 0.001 0.073 0.001 0.0 0.0 2 2 2 2 2 2
2005-04-02T07:30:00 2005 4 2 7 30 0 -1.2 -0.2 360.0 9.9 2.57 0.11 0.14 0.13 2 2 2 2 2 2 2 2 0.7 0.55 -4.0 -0.2 -0.2 -0.2 -0.2 -0.2 -0.2 0.018 0.053 0.071 0.005 0.06 0.162 2 2 2 2 2 2
2005-04-02T08:30:00 2005 4 2 8 30 0 -0.7 -0.6 362.0 10.6 2.78 0.14 0.75 0.78 2 2 2 2 2 2 2 2 0.7 0.55 -3.0 -0.6 -0.6 -0.6 -0.6 -0.6 -0.6 0.068 0.184 0.07 0.032 0.194 0.494 2 2 2 2 2 2
2005-04-02T09:30:00 2005 4 2 9 30 0 -0.8 -0.9 362.0 11.5 3.01 0.2 1.38 1.53 2 2 2 2 2 2 2 2 1.0 0.59 -3.0 -0.9 -0.9 -0.9 -0.9 -0.9 -0.9 0.139 0.327 0.072 0.079 0.322 0.834 2 2 2 2 2 2
2005-04-02T10:30:00 2005 4 2 10 30 0 -1.5 -0.9 359.0 9.2 2.37 0.35 1.62 1.66 2 2 2 2 2 2 2 2 1.0 0.63 -8.0 -0.9 -0.9 -0.9 -0.9 -0.9 -0.9 0.192 0.402 0.074 0.111 0.364 0.906 2 2 2 2 2 2
2005-04-02T11:30:00 2005 4 2 11 30 0 -1.0 -0.6 353.0 8.6 2.14 0.29 1.31 1.17 2 2 2 2 2 2 2 2 1.0 0.72 -4.0 -0.6 -0.6 -0.6 -0.6 -0.6 -0.6 0.205 0.39 0.074 0.107 0.318 0.779 2 2 2 2 2 2
2005-04-02T12:30:00 2005 4 2 12 30 0 -0.1 -1.0 350.0 9.2 2.25 0.19 1.43 1.28 2 2 2 2 2 2 2 2 0.7 0.77 -3.0 -1.0 -1.0 -1.0 -1.0 -1.0 -1.0 0.228 0.417 0.075 0.119 0.341 0.782 2 2 2 2 2 2
2005-04-02T13:30:00 2005 4 2 13 30 0 0.2 -0.8 351.0 9.1 2.24 0.17 1.56 1.43 2 2 2 2 2 2 2 2 0.7 0.81 0.0 -0.8 -0.8 -0.8 -0.8 -0.8 -0.8 0.244 0.43 0.077 0.126 0.344 0.786 2 2 2 2 2 2
2005-04-02T14:30:00 2005 4 2 14 30 0 -1.9 -0.4 348.0 9.9 2.4 0.2 1.02 0.97 2 2 2 2 2 2 2 2 0.7 0.81 0.0 -0.4 -0.4 -0.4 -0.4 -0.4 -0.4 0.225 0.377 0.076 0.103 0.276 0.699 2 2 2 2 2 2
2005-04-02T15:30:00 2005 4 2 15 30 0 -1.3 -0.3 345.0 10.1 2.4 0.26 0.6 0.6 2 2 2 2 2 2 2 2 1.3 0.89 2.0 -0.3 -0.3 -0.3 -0.3 -0.3 -0.3 0.193 0.31 0.075 0.075 0.211 0.594 2 2 2 2 2 2
2005-04-02T16:30:00 2005 4 2 16 30 0 -1.2 -0.3 344.0 10.3 2.44 0.17 0.52 0.53 2 2 2 2 2 2 2 2 1.3 0.96 0.0 -0.3 -0.3 -0.3 -0.3 -0.3 -0.3 0.167 0.27 0.074 0.058 0.183 0.539 2 2 2 2 2 2
2005-04-02T17:30:00 2005 4 2 17 30 0 -2.5 -0.5 340.0 10.4 2.4 0.37 0.7 0.72 2 2 2 2 2 2 2 2 1.3 1.0 3.0 -0.5 -0.5 -0.5 -0.5 -0.5 -0.5 0.164 0.283 0.073 0.057 0.208 0.579 2 2 2 2 2 2
2005-04-02T18:30:00 2005 4 2 18 30 0 -2.9 0.1 336.0 9.5 2.15 0.57 0.32 0.32 2 2 2 2 2 2 2 2 0.3 0.91 2.0 0.1 0.1 0.1 0.1 0.1 0.1 0.128 0.193 0.071 0.038 0.112 0.368 2 2 2 2 2 2
2005-04-02T19:30:00 2005 4 2 19 30 0 -2.8 1.5 334.0 10.0 2.23 0.38 0.0 0.0 2 2 2 2 2 2 2 2 0.3 0.82 4.0 1.5 1.5 1.5 1.5 1.5 1.5 0.086 0.096 0.069 0.021 0.035 0.153 2 2 2 2 2 2
2005-04-02T20:30:00 2005 4 2 20 30 0 -2.4 1.6 341.0 10.3 2.4 0.21 0.0 0.0 2 2 2 2 2 2 2 2 0.3 0.77 6.0 1.6 1.6 1.6 1.6 1.6 1.6 0.058 0.048 0.067 0.012 0.011 0.063 2 2 2 2 2 2
2005-04-02T21:30:00 2005 4 2 21 30 0 -3.2 0.9 343.0 10.8 2.54 0.32 0.0 0.0 2 2 2 2 2 2 2 2 0.3 0.71 6.0 0.9 0.9 0.9 0.9 0.9 0.9 0.04 0.024 0.065 0.007 0.004 0.026 2 2 2 2 2 2
2005-04-02T22:30:00 2005 4 2 22 30 0 -3.8 0.9 341.0 11.2 2.6 0.6 0.0 0.0 2 2 2 2 2 2 2 2 0.3 0.66 5.0 0.9 0.9 0.9 0.9 0.9 0.9 0.027 0.012 0.063 0.004 0.001 0.011 2 2 2 2 2 2
2005-04-02T23:30:00 2005 4 2 23 30 0 -4.3 0.4 344.0 11.2 2.65 0.91 0.0 0.0 2 2 2 2 2 2 2 2 0.3 0.54 1.0 0.4 0.4 0.4 0.4 0.4 0.4 0.018 0.006 0.061 0.002 0.0 0.005 2 2 2 2 2 2
