2005-01-27T00:30:00 2005 1 27 0 30 0 -2.3 -2.1 345.0 6.4 1.52 0.62 2.19 1.3 2 2 2 2 2 2 2 2 0.3 0.6 -16.0 -2.1 -2.1 -2.1 -2.1 -2.1 -2.1 0.184 0.32 0.148 0.12 0.311 0.394 2 2 2 2 2 2
2005-01-27T01:30:00 2005 1 27 1 30 0 -1.8 -0.4 337.0 5.0 1.14 0.77 2.01 1.17 2 2 2 2 2 2 2 2 0.3 0.6 -15.0 -0.4 -0.4 -0.4 -0.4 -0.4 -0.4 0.205 0.342 0.147 0.123 0.281 0.389 2 2 2 2 2 2
2005-01-27T02:30:00 2005 1 27 2 30 0 -1.1 -0.1 334.0 4.7 1.05 0.19 0.4 0.19 2 2 2 2 2 2 2 2 0.3 0.54 -14.0 -0.1 -0.1 -0.1 -0.1 -0.1 -0.1 0.158 0.23 0.143 0.076 0.146 0.241 2 2 2 2 2 2
2005-01-27T03:30:00 2005 1 27 3 30 0 -1.3 -0.6 332.0 4.8 1.06 0.17 0.62 0.29 2 2 2 2 2 2 2 2 0.0 0.46 -15.0 -0.6 -0.6 -0.6 -0.6 -0.6 -0.6 0.143 0.217 0.14 0.06 0.153 0.223 2 2 2 2 2 2
2005-01-27T04:30:00 2005 1 27 4 30 0 -1.2 0.0 327.0 5.1 1.09 0.16 0.45 0.22 2 2 2 2 2 2 2 2 0.0 0.37 -16.0 0.0 0.0 0.0 0.0 0.0 0.0 0.115 0.16 0.136 0.041 0.095 0.157 2 2 2 2 2 2
2005-01-27T05:30:00 2005 1 27 5 30 0 -1.5 -0.3 327.0 5.4 1.15 0.16 0.27 0.14 2 2 2 2 2 2 2 2 0.0 0.28 -15.0 -0.3 -0.3 -0.3 -0.3 -0.3 -0.3 0.097 0.144 0.132 0.03 0.094 0.155 2 2 2 2 2 2
2005-01-27T06:30:00 2005 1 27 6 30 0 -3.7 -0.9 332.0 5.6 1.23 0.74 1.03 0.57 2 2 2 2 2 2 2 2 0.3 0.23 -11.0 -0.9 -0.9 -0.9 -0.9 -0.9 -0.9 0.123 0.224 0.13 0.051 0.185 0.254 2 2 2 2 2 2
2005-01-27T07:30:00 2005 1 27 7 30 0 -2.7 -0.1 328.0 5.8 1.25 0.86 0.77 0.44 2 2 2 2 2 2 2 2 0.3 0.19 -9.0 -0.1 -0.1 -0.1 -0.1 -0.1 -0.1 0.117 0.205 0.127 0.044 0.145 0.232 2 2 2 2 2 2
2005-01-27T08:30:00 2005 1 27 8 30 0 -1.3 0.0 323.0 6.6 1.38 0.28 0.07 0.05 2 2 2 2 2 2 2 2 0.3 0.19 -8.0 0.0 0.0 0.0 0.0 0.0 0.0 0.083 0.119 0.123 0.026 0.061 0.128 2 2 2 2 2 2
2005-01-27T09:30:00 2005 1 27 9 30 0 -2.6 0.3 323.0 6.4 1.34 0.25 0.0 0.0 2 2 2 2 2 2 2 2 0.3 0.19 -9.0 0.3 0.3 0.3 0.3 0.3 0.3 0.057 0.059 0.119 0.014 0.019 0.053 2 2 2 2 2 2
2005-01-27T10:30:00 2005 1 27 10 30 0 -3.9 0.7 329.0 6.8 1.47 0.58 0.0 0.0 2 2 2 2 2 2 2 2 0.3 0.19 -7.0 0.7 0.7 0.7 0.7 0.7 0.7 0.038 0.029 0.116 0.008 0.006 0.022 2 2 2 2 2 2
2005-01-27T11:30:00 2005 1 27 11 30 0 -4.4 0.7 336.0 7.2 1.63 0.91 0.0 0.0 2 2 2 2 2 2 2 2 0.3 0.23 -5.0 0.7 0.7 0.7 0.7 0.7 0.7 0.026 0.015 0.112 0.004 0.002 0.009 2 2 2 2 2 2
2005-01-27T12:30:00 2005 1 27 12 30 0 -4.2 0.0 333.0 7.8 1.73 1.1 0.0 0.0 2 2 2 2 2 2 2 2 0.0 0.22 -2.0 0.0 0.0 0.0 0.0 0.0 0.0 0.018 0.007 0.109 0.003 0.001 0.004 2 2 2 2 2 2
2005-01-27T13:30:00 2005 1 27 13 30 0 -4.1 0.6 331.0 8.0 1.75 1.02 0.0 0.0 2 2 2 2 2 2 2 2 0.0 0.22 -3.0 0.6 0.6 0.6 0.6 0.6 0.6 0.012 0.004 0.105 0.001 0.0 0.002 2 2 2 2 2 2
2005-01-27T14:30:00 2005 1 27 14 30 0 -4.3 1.1 332.0 8.9 1.96 0.87 0.0 0.0 2 2 2 2 2 2 2 2 0.0 0.18 -2.0 1.1 1.1 1.1 1.1 1.1 1.1 0.008 0.002 0.102 0.001 0.0 0.001 2 2 2 2 2 2
2005-01-27T15:30:00 2005 1 27 15 30 0 -4.6 1.5 332.0 8.7 1.92 0.86 0.0 0.0 2 2 2 2 2 2 2 2 0.7 0.24 0.0 1.5 1.5 1.5 1.5 1.5 1.5 0.005 0.001 0.099 0.0 0.0 0.0 2 2 2 2 2 2
2005-01-27T16:30:00 2005 1 27 16 30 0 -5.3 0.7 334.0 9.3 2.07 1.2 0.0 0.0 2 2 2 2 2 2 2 2 0.7 0.29 -1.0 0.7 0.7 0.7 0.7 0.7 0.7 0.004 0.0 0.096 0.0 0.0 0.0 2 2 2 2 2 2
2005-01-27T17:30:00 2005 1 27 17 30 0 -4.1 -1.5 335.0 11.8 2.65 1.71 0.96 1.09 2 2 2 2 2 2 2 2 0.7 0.34 -1.0 -1.5 -1.5 -1.5 -1.5 -1.5 -1.5 0.084 0.216 0.096 0.062 0.229 0.486 2 2 2 2 2 2
2005-01-27T18:30:00 2005 1 27 18 30 0 -4.1 1.6 342.0 17.3 4.05 1.13 0.51 0.65 2 2 2 2 2 2 2 2 1.0 0.43 -1.0 1.6 1.6 1.6 1.6 1.6 1.6 0.076 0.152 0.094 0.045 0.108 0.309 2 2 2 2 2 2
2005-01-27T19:30:00 2005 1 27 19 30 0 -3.2 0.6 346.0 24.2 5.79 0.6 0.0 0.0 2 2 2 2 2 2 2 2 1.0 0.52 1.0 0.6 0.6 0.6 0.6 0.6 0.6 0.051 0.075 0.091 0.025 0.034 0.128 2 2 2 2 2 2
2005-01-27T20:30:00 2005 1 27 20 30 0 -0.9 0.1 341.0 27.0 6.28 0.24 0.0 0.0 2 2 2 2 2 2 2 2 1.0 0.65 1.0 0.1 0.1 0.1 0.1 0.1 0.1 0.035 0.037 0.088 0.014 0.011 0.053 2 2 2 2 2 2
2005-01-27T21:30:00 2005 1 27 21 30 0 -2.5 2.5 341.0 25.7 5.98 0.09 0.0 0.0 2 2 2 2 2 2 2 2 1.3 0.81 -1.0 2.5 2.5 2.5 2.5 2.5 2.5 0.023 0.019 0.086 0.008 0.003 0.022 2 2 2 2 2 2
2005-01-27T22:30:00 2005 1 27 22 30 0 -2.3 1.5 339.0 26.5 6.09 0.15 0.0 0.0 2 2 2 2 2 2 2 2 1.3 0.97 2.0 1.5 1.5 1.5 1.5 1.5 1.5 0.016 0.009 0.083 0.004 0.001 0.009 2 2 2 2 2 2
2005-01-27T23:30:00 2005 1 27 23 30 0 1.6 1.5 337.0 27.3 6.2 0.03 0.0 0.0 2 2 2 2 2 2 2 2 1.3 1.04 5.0 1.5 1.5 1.5 1.5 1.5 1.5 0.011 0.005 0.081 0.002 0.0 0.004 2 2 2 2 2 2
