2005-06-08T00:30:00 2005 6 8 0 30 0 -1.7 -0.7 480.0 1.6 0.65 1.13 3.7 0.61 2 2 2 2 2 2 2 2 2.3 2.08 -33.0 -0.7 -0.7 -0.7 -0.7 -0.7 -0.7 0.274 0.305 0.344 0.207 0.389 0.229 2 2 2 2 2 2
2005-06-08T01:30:00 2005 6 8 1 30 0 -2.1 -0.8 467.0 1.7 0.65 0.67 1.78 0.3 2 2 2 2 2 2 2 2 2.3 2.08 -29.0 -0.8 -0.8 -0.8 -0.8 -0.8 -0.8 0.238 0.251 0.336 0.152 0.298 0.194 2 2 2 2 2 2
2005-06-08T02:30:00 2005 6 8 2 30 0 -2.2 -2.0 458.0 2.0 0.75 1.28 3.35 0.63 2 2 2 2 2 2 2 2 2.3 2.12 -24.0 -2.0 -2.0 -2.0 -2.0 -2.0 -2.0 0.264 0.298 0.334 0.181 0.396 0.246 2 2 2 2 2 2
2005-06-08T03:30:00 2005 6 8 3 30 0 -1.9 0.3 468.0 1.8 0.71 0.8 1.82 0.35 2 2 2 2 2 2 2 2 1.3 2.02 -25.0 0.3 0.3 0.3 0.3 0.3 0.3 0.219 0.218 0.327 0.13 0.232 0.172 2 2 2 2 2 2
2005-06-08T04:30:00 2005 6 8 4 30 0 -1.3 -1.1 460.0 1.9 0.74 0.41 1.11 0.21 2 2 2 2 2 2 2 2 1.3 1.93 -23.0 -1.1 -1.1 -1.1 -1.1 -1.1 -1.1 0.192 0.197 0.319 0.104 0.232 0.167 2 2 2 2 2 2
2005-06-08T05:30:00 2005 6 8 5 30 0 0.3 0.5 443.0 2.1 0.74 0.12 0.76 0.15 2 2 2 2 2 2 2 2 1.3 1.84 -21.0 0.5 0.5 0.5 0.5 0.5 0.5 0.146 0.129 0.31 0.067 0.118 0.102 2 2 2 2 2 2
2005-06-08T06:30:00 2005 6 8 6 30 0 -0.6 -1.4 455.0 1.8 0.68 0.17 1.3 0.24 2 2 2 2 2 2 2 2 1.3 1.75 -20.0 -1.4 -1.4 -1.4 -1.4 -1.4 -1.4 0.149 0.162 0.304 0.078 0.21 0.137 2 2 2 2 2 2
2005-06-08T07:30:00 2005 6 8 7 30 0 -2.0 -1.0 450.0 2.0 0.74 0.68 2.68 0.51 2 2 2 2 2 2 2 2 1.3 1.66 -25.0 -1.0 -1.0 -1.0 -1.0 -1.0 -1.0 0.177 0.217 0.299 0.103 0.291 0.189 2 2 2 2 2 2
2005-06-08T08:30:00 2005 6 8 8 30 0 -1.3 -0.8 440.0 2.0 0.69 0.59 1.98 0.4 2 2 2 2 2 2 2 2 1.3 1.54 -27.0 -0.8 -0.8 -0.8 -0.8 -0.8 -0.8 0.18 0.224 0.294 0.1 0.276 0.192 2 2 2 2 2 2
2005-06-08T09:30:00 2005 6 8 9 30 0 -1.6 0.2 440.0 2.0 0.69 0.27 0.63 0.13 2 2 2 2 2 2 2 2 1.0 1.38 -25.0 0.2 0.2 0.2 0.2 0.2 0.2 0.137 0.145 0.285 0.063 0.133 0.116 2 2 2 2 2 2
2005-06-08T10:30:00 2005 6 8 10 30 0 -1.1 -0.2 432.0 1.9 0.64 0.17 0.13 0.02 2 2 2 2 2 2 2 2 1.0 1.22 -23.0 -0.2 -0.2 -0.2 -0.2 -0.2 -0.2 0.1 0.092 0.277 0.038 0.076 0.073 2 2 2 2 2 2
2005-06-08T11:30:00 2005 6 8 11 30 0 0.0 0.2 429.0 1.8 0.6 0.04 0.09 0.02 2 2 2 2 2 2 2 2 1.0 1.18 -23.0 0.2 0.2 0.2 0.2 0.2 0.2 0.07 0.051 0.268 0.022 0.03 0.036 2 2 2 2 2 2
2005-06-08T12:30:00 2005 6 8 12 30 0 -1.5 0.5 430.0 2.0 0.67 0.05 0.0 0.0 2 2 2 2 2 2 2 2 0.7 1.11 -19.0 0.5 0.5 0.5 0.5 0.5 0.5 0.047 0.025 0.26 0.012 0.01 0.015 2 2 2 2 2 2
2005-06-08T13:30:00 2005 6 8 13 30 0 -2.6 1.2 434.0 2.7 0.92 0.23 0.0 0.0 2 2 2 2 2 2 2 2 0.7 1.03 -17.0 1.2 1.2 1.2 1.2 1.2 1.2 0.032 0.013 0.252 0.007 0.003 0.006 2 2 2 2 2 2
2005-06-08T14:30:00 2005 6 8 14 30 0 -2.4 1.4 430.0 2.6 0.88 0.28 0.0 0.0 2 2 2 2 2 2 2 2 0.7 0.96 -16.0 1.4 1.4 1.4 1.4 1.4 1.4 0.022 0.006 0.245 0.004 0.001 0.003 2 2 2 2 2 2
2005-06-08T15:30:00 2005 6 8 15 30 0 -2.9 0.5 440.0 2.8 0.98 0.41 0.0 0.0 2 2 2 2 2 2 2 2 0.3 0.83 -15.0 0.5 0.5 0.5 0.5 0.5 0.5 0.015 0.003 0.237 0.002 0.0 0.001 2 2 2 2 2 2
2005-06-08T16:30:00 2005 6 8 16 30 0 -3.6 0.5 436.0 2.8 0.96 0.77 0.0 0.0 2 2 2 2 2 2 2 2 0.3 0.7 -17.0 0.5 0.5 0.5 0.5 0.5 0.5 0.01 0.002 0.23 0.001 0.0 0.0 2 2 2 2 2 2
2005-06-08T17:30:00 2005 6 8 17 30 0 -3.1 1.0 436.0 2.9 0.99 0.71 0.0 0.0 2 2 2 2 2 2 2 2 0.3 0.62 -18.0 1.0 1.0 1.0 1.0 1.0 1.0 0.007 0.001 0.223 0.001 0.0 0.0 2 2 2 2 2 2
2005-06-08T18:30:00 2005 6 8 18 30 0 -2.8 -0.3 435.0 2.8 0.97 0.68 0.1 0.03 2 2 2 2 2 2 2 2 0.7 0.58 -18.0 -0.3 -0.3 -0.3 -0.3 -0.3 -0.3 0.012 0.022 0.216 0.004 0.036 0.033 2 2 2 2 2 2
2005-06-08T19:30:00 2005 6 8 19 30 0 -3.4 0.1 425.0 2.4 0.8 0.9 0.22 0.06 2 2 2 2 2 2 2 2 0.7 0.55 -19.0 0.1 0.1 0.1 0.1 0.1 0.1 0.015 0.027 0.21 0.004 0.032 0.037 2 2 2 2 2 2
2005-06-08T20:30:00 2005 6 8 20 30 0 -2.9 0.5 421.0 2.4 0.79 0.74 0.0 0.0 2 2 2 2 2 2 2 2 0.7 0.55 -16.0 0.5 0.5 0.5 0.5 0.5 0.5 0.01 0.013 0.203 0.002 0.01 0.015 2 2 2 2 2 2
2005-06-08T21:30:00 2005 6 8 21 30 0 -2.7 0.9 416.0 2.4 0.77 0.47 0.0 0.0 2 2 2 2 2 2 2 2 0.7 0.55 -15.0 0.9 0.9 0.9 0.9 0.9 0.9 0.007 0.007 0.197 0.001 0.003 0.006 2 2 2 2 2 2
2005-06-08T22:30:00 2005 6 8 22 30 0 -2.1 0.4 410.0 2.4 0.74 0.33 0.0 0.0 2 2 2 2 2 2 2 2 0.7 0.56 -14.0 0.4 0.4 0.4 0.4 0.4 0.4 0.005 0.003 0.191 0.001 0.001 0.003 2 2 2 2 2 2
2005-06-08T23:30:00 2005 6 8 23 30 0 -2.1 -1.3 408.0 2.6 0.79 0.59 1.13 0.29 2 2 2 2 2 2 2 2 0.7 0.6 -15.0 -1.3 -1.3 -1.3 -1.3 -1.3 -1.3 0.054 0.111 0.188 0.038 0.163 0.114 2 2 2 2 2 2
