2005-04-23T00:30:00 2005 4 23 0 30 0 -2.7 4.9 502.0 7.1 3.25 0.03 0.0 0.0 2 2 2 2 2 2 2 2 1.3 2.24 -2.0 4.9 4.9 4.9 4.9 4.9 4.9 0.007 0.001 0.09 0.001 0.0 0.0 2 2 2 2 2 2
2005-04-23T01:30:00 2005 4 23 1 30 0 -1.5 7.0 473.0 6.1 2.49 0.05 0.0 0.0 2 2 2 2 2 2 2 2 1.3 2.18 -2.0 7.0 7.0 7.0 7.0 7.0 7.0 0.005 0.0 0.087 0.001 0.0 0.0 2 2 2 2 2 2
2005-04-23T02:30:00 2005 4 23 2 30 0 -0.3 3.2 481.0 6.0 2.54 0.01 0.0 0.0 2 2 2 2 2 2 2 2 1.3 1.97 -2.0 3.2 3.2 3.2 3.2 3.2 3.2 0.003 0.0 0.085 0.0 0.0 0.0 2 2 2 2 2 2
2005-04-23T03:30:00 2005 4 23 3 30 0 0.3 3.5 494.0 6.5 2.97 0.0 0.0 0.0 2 2 2 2 2 2 2 2 0.7 1.68 -1.0 3.5 3.5 3.5 3.5 3.5 3.5 0.002 0.0 0.082 0.0 0.0 0.0 2 2 2 2 2 2
2005-04-23T04:30:00 2005 4 23 4 30 0 0.2 4.0 508.0 6.8 3.29 0.0 0.0 0.0 2 2 2 2 2 2 2 2 0.7 1.4 2.0 4.0 4.0 4.0 4.0 4.0 4.0 0.002 0.0 0.08 0.0 0.0 0.0 2 2 2 2 2 2
2005-04-23T05:30:00 2005 4 23 5 30 0 0.5 4.2 539.0 7.4 3.98 0.0 0.0 0.0 2 2 2 2 2 2 2 2 0.7 1.23 3.0 4.2 4.2 4.2 4.2 4.2 4.2 0.001 0.0 0.077 0.0 0.0 0.0 2 2 2 2 2 2
2005-04-23T06:30:00 2005 4 23 6 30 0 2.4 3.9 540.0 5.6 3.09 0.05 0.0 0.0 2 2 2 2 2 2 2 2 1.0 1.11 1.0 3.9 3.9 3.9 3.9 3.9 3.9 0.001 0.0 0.075 0.0 0.0 0.0 2 2 2 2 2 2
2005-04-23T07:30:00 2005 4 23 7 30 0 5.6 1.6 540.0 4.1 2.34 0.95 0.0 0.0 2 2 2 2 2 2 2 2 1.0 1.0 -3.0 1.6 1.6 1.6 1.6 1.6 1.6 0.0 0.0 0.073 0.0 0.0 0.0 2 2 2 2 2 2
2005-04-23T08:30:00 2005 4 23 8 30 0 5.3 2.9 524.0 3.9 2.03 1.71 0.0 0.0 2 2 2 2 2 2 2 2 1.0 0.96 -7.0 2.9 2.9 2.9 2.9 2.9 2.9 0.0 0.0 0.07 0.0 0.0 0.0 2 2 2 2 2 2
2005-04-23T09:30:00 2005 4 23 9 30 0 4.8 3.0 507.0 3.9 1.92 1.17 0.0 0.0 2 2 2 2 2 2 2 2 1.0 0.93 -9.0 3.0 3.0 3.0 3.0 3.0 3.0 0.0 0.0 0.068 0.0 0.0 0.0 2 2 2 2 2 2
2005-04-23T10:30:00 2005 4 23 10 30 0 4.0 2.8 503.0 4.4 2.14 0.81 0.0 0.0 2 2 2 2 2 2 2 2 1.0 0.89 -7.0 2.8 2.8 2.8 2.8 2.8 2.8 0.0 0.0 0.066 0.0 0.0 0.0 2 2 2 2 2 2
2005-04-23T11:30:00 2005 4 23 11 30 0 2.6 1.0 499.0 5.3 2.56 0.51 0.0 0.0 2 2 2 2 2 2 2 2 1.0 0.93 -3.0 1.0 1.0 1.0 1.0 1.0 1.0 0.0 0.0 0.064 0.0 0.0 0.0 2 2 2 2 2 2
2005-04-23T12:30:00 2005 4 23 12 30 0 2.0 2.0 519.0 5.1 2.73 0.24 0.0 0.0 2 2 2 2 2 2 2 2 1.0 0.96 -3.0 2.0 2.0 2.0 2.0 2.0 2.0 0.0 0.0 0.062 0.0 0.0 0.0 2 2 2 2 2 2
2005-04-23T13:30:00 2005 4 23 13 30 0 3.6 1.9 521.0 4.2 2.17 0.39 0.0 0.0 2 2 2 2 2 2 2 2 1.0 1.0 -5.0 1.9 1.9 1.9 1.9 1.9 1.9 0.0 0.0 0.06 0.0 0.0 0.0 2 2 2 2 2 2
2005-04-23T14:30:00 2005 4 23 14 30 0 3.1 1.5 531.0 3.5 1.83 0.6 0.0 0.0 2 2 2 2 2 2 2 2 1.0 1.0 -10.0 1.5 1.5 1.5 1.5 1.5 1.5 0.0 0.0 0.058 0.0 0.0 0.0 2 2 2 2 2 2
2005-04-23T15:30:00 2005 4 23 15 30 0 0.6 -1.4 547.0 3.8 2.1 0.46 1.08 0.41 2 2 2 2 2 2 2 2 2.3 1.17 -6.0 -1.4 -1.4 -1.4 -1.4 -1.4 -1.4 0.059 0.108 0.061 0.054 0.249 0.288 2 2 2 2 2 2
2005-04-23T16:30:00 2005 4 23 16 30 0 2.5 0.2 575.0 3.2 1.96 0.58 1.54 0.56 2 2 2 2 2 2 2 2 2.3 1.34 -8.0 0.2 0.2 0.2 0.2 0.2 0.2 0.084 0.13 0.063 0.06 0.225 0.324 2 2 2 2 2 2
2005-04-23T17:30:00 2005 4 23 17 30 0 1.2 0.4 571.0 3.0 1.82 0.32 0.0 0.0 2 2 2 2 2 2 2 2 2.3 1.5 -11.0 0.4 0.4 0.4 0.4 0.4 0.4 0.057 0.064 0.061 0.034 0.071 0.134 2 2 2 2 2 2
2005-04-23T18:30:00 2005 4 23 18 30 0 1.7 0.0 577.0 3.0 1.87 0.23 0.0 0.0 2 2 2 2 2 2 2 2 2.3 1.67 -10.0 0.0 0.0 0.0 0.0 0.0 0.0 0.038 0.032 0.059 0.019 0.023 0.056 2 2 2 2 2 2
2005-04-23T19:30:00 2005 4 23 19 30 0 2.0 2.1 574.0 2.8 1.75 0.2 0.0 0.0 2 2 2 2 2 2 2 2 2.3 1.83 -6.0 2.1 2.1 2.1 2.1 2.1 2.1 0.026 0.016 0.057 0.011 0.007 0.023 2 2 2 2 2 2
2005-04-23T20:30:00 2005 4 23 20 30 0 -0.7 3.4 567.0 2.9 1.74 0.02 0.0 0.0 2 2 2 2 2 2 2 2 2.3 1.99 -4.0 3.4 3.4 3.4 3.4 3.4 3.4 0.018 0.008 0.055 0.006 0.002 0.01 2 2 2 2 2 2
2005-04-23T21:30:00 2005 4 23 21 30 0 0.4 3.2 566.0 3.3 2.0 0.0 0.0 0.0 2 2 2 2 2 2 2 2 1.7 2.07 -4.0 3.2 3.2 3.2 3.2 3.2 3.2 0.012 0.004 0.054 0.003 0.001 0.004 2 2 2 2 2 2
2005-04-23T22:30:00 2005 4 23 22 30 0 3.2 0.8 562.0 3.7 2.21 0.25 0.0 0.0 2 2 2 2 2 2 2 2 1.7 2.14 -3.0 0.8 0.8 0.8 0.8 0.8 0.8 0.008 0.002 0.052 0.002 0.0 0.002 2 2 2 2 2 2
2005-04-23T23:30:00 2005 4 23 23 30 0 -1.6 3.1 555.0 3.4 1.97 0.11 0.0 0.0 2 2 2 2 2 2 2 2 1.7 2.07 -5.0 3.1 3.1 3.1 3.1 3.1 3.1 0.005 0.001 0.051 0.001 0.0 0.001 2 2 2 2 2 2
