2005-01-12T00:30:00 2005 1 12 0 30 0 -10.8 0.5 416.0 19.7 6.83 10.49 3.91 7.33 2 2 2 2 2 2 2 2 4.3 3.22 -21.0 0.5 0.5 0.5 0.5 0.5 0.5 0.749 1.005 0.42 0.71 0.903 4.168 2 2 2 2 2 2
2005-01-12T01:30:00 2005 1 12 1 30 0 -9.5 1.0 418.0 22.7 7.97 6.71 0.0 0.0 2 2 2 2 2 2 2 2 4.3 3.35 -11.0 1.0 1.0 1.0 1.0 1.0 1.0 0.507 0.499 0.407 0.398 0.286 1.729 2 2 2 2 2 2
2005-01-12T02:30:00 2005 1 12 2 30 0 -6.8 -10.9 431.0 28.8 11.22 15.61 11.64 31.56 2 2 2 2 2 2 2 2 4.3 3.64 -7.0 -10.9 -10.9 -10.9 -10.9 -10.9 -10.9 1.3 1.775 0.525 2.093 2.315 9.929 2 2 2 2 2 2
2005-01-12T03:30:00 2005 1 12 3 30 0 -5.8 -7.6 453.0 28.3 11.56 23.17 20.15 57.51 2 2 2 2 2 2 2 2 5.3 4.05 -36.0 -7.6 -7.6 -7.6 -7.6 -7.6 -7.6 2.144 2.723 0.712 3.694 3.433 16.178 2 2 2 2 2 2
2005-01-12T04:30:00 2005 1 12 4 30 0 -11.7 8.4 495.0 16.5 7.51 7.22 3.46 9.01 2 2 2 2 2 2 2 2 5.3 4.45 -47.0 8.4 8.4 8.4 8.4 8.4 8.4 1.575 1.537 0.707 2.229 1.32 7.964 2 2 2 2 2 2
2005-01-12T05:30:00 2005 1 12 5 30 0 -13.1 2.1 534.0 14.6 7.87 7.97 0.0 0.0 2 2 2 2 2 2 2 2 5.3 4.62 -41.0 2.1 2.1 2.1 2.1 2.1 2.1 1.067 0.763 0.685 1.248 0.418 3.303 2 2 2 2 2 2
2005-01-12T06:30:00 2005 1 12 6 30 0 -10.6 0.8 577.0 13.0 7.84 11.01 0.0 0.0 2 2 2 2 2 2 2 2 4.0 4.61 -44.0 0.8 0.8 0.8 0.8 0.8 0.8 0.722 0.379 0.664 0.699 0.132 1.37 2 2 2 2 2 2
2005-01-12T07:30:00 2005 1 12 7 30 0 -8.3 0.5 604.0 11.5 7.71 8.39 0.0 0.0 2 2 2 2 2 2 2 2 4.0 4.6 -54.0 0.5 0.5 0.5 0.5 0.5 0.5 0.489 0.188 0.644 0.391 0.042 0.568 2 2 2 2 2 2
2005-01-12T08:30:00 2005 1 12 8 30 0 -9.9 4.3 580.0 11.5 7.11 6.03 0.0 0.0 2 2 2 2 2 2 2 2 4.0 4.56 -51.0 4.3 4.3 4.3 4.3 4.3 4.3 0.331 0.093 0.624 0.219 0.013 0.236 2 2 2 2 2 2
2005-01-12T09:30:00 2005 1 12 9 30 0 -8.4 -3.3 598.0 10.2 6.82 9.06 2.56 2.65 2 2 2 2 2 2 2 2 4.3 4.55 -51.0 -3.3 -3.3 -3.3 -3.3 -3.3 -3.3 0.414 0.346 0.63 0.391 0.765 2.104 2 2 2 2 2 2
2005-01-12T10:30:00 2005 1 12 10 30 0 -1.8 2.3 598.0 10.1 6.61 4.18 2.5 2.54 2 2 2 2 2 2 2 2 4.3 4.55 -57.0 2.3 2.3 2.3 2.3 2.3 2.3 0.362 0.295 0.621 0.298 0.479 1.69 2 2 2 2 2 2
2005-01-12T11:30:00 2005 1 12 11 30 0 -3.7 0.4 623.0 6.4 4.51 0.65 0.0 0.0 2 2 2 2 2 2 2 2 4.3 4.43 -49.0 0.4 0.4 0.4 0.4 0.4 0.4 0.245 0.146 0.602 0.167 0.152 0.701 2 2 2 2 2 2
2005-01-12T12:30:00 2005 1 12 12 30 0 -4.6 -4.0 639.0 6.0 4.35 5.04 6.3 3.85 2 2 2 2 2 2 2 2 4.7 4.36 -48.0 -4.0 -4.0 -4.0 -4.0 -4.0 -4.0 0.47 0.491 0.631 0.536 1.172 2.292 2 2 2 2 2 2
2005-01-12T13:30:00 2005 1 12 13 30 0 -1.3 -0.5 635.0 5.8 4.2 3.71 6.71 3.97 2 2 2 2 2 2 2 2 4.7 4.3 -49.0 -0.5 -0.5 -0.5 -0.5 -0.5 -0.5 0.534 0.54 0.646 0.556 1.092 2.382 2 2 2 2 2 2
2005-01-12T14:30:00 2005 1 12 14 30 0 -0.5 -0.1 644.0 5.8 4.31 0.19 0.9 0.52 2 2 2 2 2 2 2 2 4.7 4.38 -45.0 -0.1 -0.1 -0.1 -0.1 -0.1 -0.1 0.4 0.349 0.628 0.331 0.538 1.505 2 2 2 2 2 2
2005-01-12T15:30:00 2005 1 12 15 30 0 -5.2 1.8 668.0 4.6 3.73 0.94 0.0 0.0 2 2 2 2 2 2 2 2 4.0 4.38 -46.0 1.8 1.8 1.8 1.8 1.8 1.8 0.271 0.173 0.609 0.185 0.17 0.624 2 2 2 2 2 2
2005-01-12T16:30:00 2005 1 12 16 30 0 -4.9 -0.6 674.0 4.4 3.61 2.95 0.34 0.15 2 2 2 2 2 2 2 2 4.0 4.37 -45.0 -0.6 -0.6 -0.6 -0.6 -0.6 -0.6 0.207 0.131 0.592 0.123 0.196 0.5 2 2 2 2 2 2
2005-01-12T17:30:00 2005 1 12 17 30 0 -4.0 1.1 685.0 4.0 3.39 2.43 0.28 0.12 2 2 2 2 2 2 2 2 4.0 4.33 -44.0 1.1 1.1 1.1 1.1 1.1 1.1 0.146 0.077 0.575 0.071 0.088 0.271 2 2 2 2 2 2
2005-01-12T18:30:00 2005 1 12 18 30 0 -3.4 -1.8 680.0 3.8 3.17 2.39 2.17 0.83 2 2 2 2 2 2 2 2 4.0 4.29 -46.0 -1.8 -1.8 -1.8 -1.8 -1.8 -1.8 0.204 0.199 0.57 0.154 0.525 0.807 2 2 2 2 2 2
2005-01-12T19:30:00 2005 1 12 19 30 0 -4.0 -1.4 672.0 3.2 2.63 3.65 5.35 1.87 2 2 2 2 2 2 2 2 4.0 4.25 -51.0 -1.4 -1.4 -1.4 -1.4 -1.4 -1.4 0.308 0.333 0.576 0.271 0.828 1.171 2 2 2 2 2 2
2005-01-12T20:30:00 2005 1 12 20 30 0 -4.3 0.7 677.0 2.3 1.91 2.64 1.37 0.41 2 2 2 2 2 2 2 2 4.0 4.17 -54.0 0.7 0.7 0.7 0.7 0.7 0.7 0.24 0.211 0.562 0.175 0.374 0.641 2 2 2 2 2 2
2005-01-12T21:30:00 2005 1 12 21 30 0 -2.3 -1.2 684.0 3.0 2.45 1.73 1.47 0.42 2 2 2 2 2 2 2 2 3.3 3.99 -38.0 -1.2 -1.2 -1.2 -1.2 -1.2 -1.2 0.23 0.214 0.551 0.159 0.459 0.662 2 2 2 2 2 2
2005-01-12T22:30:00 2005 1 12 22 30 0 -0.7 -1.1 689.0 3.2 2.67 1.05 3.93 1.22 2 2 2 2 2 2 2 2 3.3 3.82 -36.0 -1.1 -1.1 -1.1 -1.1 -1.1 -1.1 0.284 0.291 0.55 0.213 0.686 0.951 2 2 2 2 2 2
2005-01-12T23:30:00 2005 1 12 23 30 0 -1.4 -0.3 684.0 3.1 2.58 0.46 2.29 0.72 2 2 2 2 2 2 2 2 3.3 3.73 -38.0 -0.3 -0.3 -0.3 -0.3 -0.3 -0.3 0.263 0.257 0.54 0.171 0.531 0.842 2 2 2 2 2 2
