2005-09-04T00:30:00 2005 9 4 0 30 0 0.7 -0.8 555.0 2.2 1.23 0.68 3.76 0.85 2 2 2 2 2 2 2 2 3.7 2.46 -47.0 -0.8 -0.8 -0.8 -0.8 -0.8 -0.8 0.34 0.357 0.719 0.294 0.581 0.529 2 2 2 2 2 2
2005-09-04T01:30:00 2005 9 4 1 30 0 -2.6 -0.7 580.0 2.4 1.46 0.54 2.12 0.49 2 2 2 2 2 2 2 2 3.7 2.71 -40.0 -0.7 -0.7 -0.7 -0.7 -0.7 -0.7 0.298 0.294 0.702 0.214 0.448 0.456 2 2 2 2 2 2
2005-09-04T02:30:00 2005 9 4 2 30 0 -2.0 -3.9 579.0 2.5 1.49 3.22 7.05 1.74 2 2 2 2 2 2 2 2 3.7 2.96 -39.0 -3.9 -3.9 -3.9 -3.9 -3.9 -3.9 0.424 0.443 0.712 0.423 0.864 0.728 2 2 2 2 2 2
2005-09-04T03:30:00 2005 9 4 3 30 0 1.1 -3.8 583.0 2.4 1.44 5.07 11.18 2.73 2 2 2 2 2 2 2 2 4.0 3.24 -44.0 -3.8 -3.8 -3.8 -3.8 -3.8 -3.8 0.58 0.581 0.739 0.672 1.139 0.925 2 2 2 2 2 2
2005-09-04T04:30:00 2005 9 4 4 30 0 1.8 -3.4 619.0 1.9 1.28 4.88 10.79 2.3 2 2 2 2 2 2 2 2 4.0 3.52 -52.0 -3.4 -3.4 -3.4 -3.4 -3.4 -3.4 0.658 0.608 0.762 0.762 1.177 0.915 2 2 2 2 2 2
2005-09-04T05:30:00 2005 9 4 5 30 0 3.5 -2.5 649.0 1.7 1.25 4.67 9.24 1.66 2 2 2 2 2 2 2 2 4.0 3.65 -63.0 -2.5 -2.5 -2.5 -2.5 -2.5 -2.5 0.658 0.558 0.774 0.712 1.076 0.814 2 2 2 2 2 2
2005-09-04T06:30:00 2005 9 4 6 30 0 3.0 -3.2 641.0 1.7 1.21 5.18 9.28 1.58 2 2 2 2 2 2 2 2 4.7 3.86 -66.0 -3.2 -3.2 -3.2 -3.2 -3.2 -3.2 0.666 0.54 0.788 0.705 1.082 0.775 2 2 2 2 2 2
2005-09-04T07:30:00 2005 9 4 7 30 0 3.4 -2.3 677.0 1.6 1.24 4.95 8.94 1.47 2 2 2 2 2 2 2 2 4.7 4.07 -69.0 -2.3 -2.3 -2.3 -2.3 -2.3 -2.3 0.651 0.505 0.798 0.658 1.033 0.738 2 2 2 2 2 2
2005-09-04T08:30:00 2005 9 4 8 30 0 0.8 -1.3 706.0 1.6 1.59 2.29 6.08 0.97 2 2 2 2 2 2 2 2 4.7 4.2 -67.0 -1.3 -1.3 -1.3 -1.3 -1.3 -1.3 0.578 0.423 0.795 0.521 0.855 0.658 2 2 2 2 2 2
2005-09-04T09:30:00 2005 9 4 9 30 0 2.0 0.8 726.0 1.4 1.48 0.45 1.24 0.19 2 2 2 2 2 2 2 2 4.7 4.32 -76.0 0.8 0.8 0.8 0.8 0.8 0.8 0.413 0.241 0.773 0.306 0.353 0.343 2 2 2 2 2 2
2005-09-04T10:30:00 2005 9 4 10 30 0 4.2 -2.0 737.0 1.1 1.19 2.47 2.94 0.34 2 2 2 2 2 2 2 2 4.7 4.45 -65.0 -2.0 -2.0 -2.0 -2.0 -2.0 -2.0 0.362 0.227 0.761 0.265 0.501 0.339 2 2 2 2 2 2
2005-09-04T11:30:00 2005 9 4 11 30 0 2.6 -2.0 733.0 1.1 1.18 4.2 7.35 0.81 2 2 2 2 2 2 2 2 4.7 4.53 -52.0 -2.0 -2.0 -2.0 -2.0 -2.0 -2.0 0.392 0.282 0.764 0.329 0.738 0.418 2 2 2 2 2 2
2005-09-04T12:30:00 2005 9 4 12 30 0 3.7 -1.5 743.0 1.0 1.1 3.56 6.38 0.67 2 2 2 2 2 2 2 2 3.7 4.49 -52.0 -1.5 -1.5 -1.5 -1.5 -1.5 -1.5 0.389 0.285 0.761 0.324 0.732 0.408 2 2 2 2 2 2
2005-09-04T13:30:00 2005 9 4 13 30 0 3.2 -0.5 742.0 1.0 1.1 2.76 3.56 0.36 2 2 2 2 2 2 2 2 3.7 4.44 -47.0 -0.5 -0.5 -0.5 -0.5 -0.5 -0.5 0.331 0.23 0.746 0.239 0.526 0.323 2 2 2 2 2 2
2005-09-04T14:30:00 2005 9 4 14 30 0 1.5 -1.5 714.0 0.9 0.92 1.64 3.77 0.35 2 2 2 2 2 2 2 2 3.7 4.31 -50.0 -1.5 -1.5 -1.5 -1.5 -1.5 -1.5 0.308 0.223 0.735 0.217 0.536 0.295 2 2 2 2 2 2
2005-09-04T15:30:00 2005 9 4 15 30 0 2.8 -1.5 711.0 0.7 0.71 2.07 5.34 0.42 2 2 2 2 2 2 2 2 3.0 4.09 -46.0 -1.5 -1.5 -1.5 -1.5 -1.5 -1.5 0.306 0.228 0.726 0.224 0.558 0.26 2 2 2 2 2 2
2005-09-04T16:30:00 2005 9 4 16 30 0 1.5 -2.3 692.0 0.8 0.77 2.59 6.77 0.51 2 2 2 2 2 2 2 2 3.0 3.88 -46.0 -2.3 -2.3 -2.3 -2.3 -2.3 -2.3 0.331 0.257 0.724 0.275 0.649 0.265 2 2 2 2 2 2
2005-09-04T17:30:00 2005 9 4 17 30 0 3.3 -0.4 692.0 0.8 0.77 2.04 4.4 0.35 2 2 2 2 2 2 2 2 3.0 3.67 -44.0 -0.4 -0.4 -0.4 -0.4 -0.4 -0.4 0.294 0.216 0.712 0.219 0.473 0.215 2 2 2 2 2 2
2005-09-04T18:30:00 2005 9 4 18 30 0 3.0 -1.0 681.0 1.0 0.93 1.98 2.48 0.23 2 2 2 2 2 2 2 2 2.7 3.42 -43.0 -1.0 -1.0 -1.0 -1.0 -1.0 -1.0 0.257 0.192 0.696 0.171 0.413 0.208 2 2 2 2 2 2
2005-09-04T19:30:00 2005 9 4 19 30 0 3.3 -0.2 694.0 1.1 1.06 1.86 1.95 0.2 2 2 2 2 2 2 2 2 2.7 3.18 -41.0 -0.2 -0.2 -0.2 -0.2 -0.2 -0.2 0.213 0.155 0.678 0.121 0.305 0.186 2 2 2 2 2 2
2005-09-04T20:30:00 2005 9 4 20 30 0 1.9 -1.1 643.0 1.2 0.99 1.38 2.27 0.26 2 2 2 2 2 2 2 2 2.7 3.05 -42.0 -1.1 -1.1 -1.1 -1.1 -1.1 -1.1 0.205 0.169 0.664 0.118 0.367 0.219 2 2 2 2 2 2
2005-09-04T21:30:00 2005 9 4 21 30 0 3.3 -0.1 649.0 1.2 1.01 1.32 1.8 0.22 2 2 2 2 2 2 2 2 2.7 2.93 -40.0 -0.1 -0.1 -0.1 -0.1 -0.1 -0.1 0.175 0.141 0.647 0.09 0.265 0.183 2 2 2 2 2 2
2005-09-04T22:30:00 2005 9 4 22 30 0 3.7 -0.7 653.0 1.2 1.02 1.98 1.38 0.17 2 2 2 2 2 2 2 2 2.7 2.81 -39.0 -0.7 -0.7 -0.7 -0.7 -0.7 -0.7 0.159 0.138 0.63 0.078 0.28 0.188 2 2 2 2 2 2
2005-09-04T23:30:00 2005 9 4 23 30 0 3.8 -0.3 644.0 1.2 1.0 2.25 1.57 0.19 2 2 2 2 2 2 2 2 2.7 2.77 -40.0 -0.3 -0.3 -0.3 -0.3 -0.3 -0.3 0.144 0.129 0.614 0.066 0.253 0.178 2 2 2 2 2 2
