2005-09-11T00:30:00 2005 9 11 0 30 0 -1.2 -0.9 746.0 2.6 2.89 0.22 1.51 0.39 2 2 2 2 2 2 2 2 6.3 5.36 -56.0 -0.9 -0.9 -0.9 -0.9 -0.9 -0.9 0.292 0.181 0.453 0.183 0.396 0.607 2 2 2 2 2 2
2005-09-11T01:30:00 2005 9 11 1 30 0 -8.9 4.5 879.0 5.0 7.73 3.03 0.14 0.04 2 2 2 2 2 2 2 2 6.3 5.45 -22.0 4.5 4.5 4.5 4.5 4.5 4.5 0.198 0.09 0.439 0.102 0.125 0.252 2 2 2 2 2 2
2005-09-11T02:30:00 2005 9 11 2 30 0 -11.2 3.5 1045.0 9.8 21.4 10.33 0.0 0.0 2 2 2 2 2 2 2 2 6.3 5.58 -8.0 3.5 3.5 3.5 3.5 3.5 3.5 0.134 0.045 0.426 0.057 0.04 0.104 2 2 2 2 2 2
2005-09-11T03:30:00 2005 9 11 3 30 0 -7.5 0.1 1007.0 8.7 17.64 12.04 0.0 0.0 2 2 2 2 2 2 2 2 7.0 5.8 -33.0 0.1 0.1 0.1 0.1 0.1 0.1 0.091 0.022 0.413 0.032 0.013 0.043 2 2 2 2 2 2
2005-09-11T04:30:00 2005 9 11 4 30 0 -9.9 -2.5 1035.0 9.8 21.0 18.32 6.72 6.37 2 2 2 2 2 2 2 2 7.0 6.01 -45.0 -2.5 -2.5 -2.5 -2.5 -2.5 -2.5 0.426 0.43 0.497 0.569 2.165 9.045 2 2 2 2 2 2
2005-09-11T05:30:00 2005 9 11 5 30 0 -11.2 3.1 1059.0 7.6 17.05 19.52 2.38 2.24 2 2 2 2 2 2 2 2 7.0 6.26 -57.0 3.1 3.1 3.1 3.1 3.1 3.1 0.345 0.274 0.497 0.381 0.934 5.022 2 2 2 2 2 2
2005-09-11T06:30:00 2005 9 11 6 30 0 2.4 -8.5 1042.0 6.3 16.24 17.41 18.17 11.96 2 2 1 1 1 2 2 1 7.7 6.6 -101.0 -8.5 -8.5 -8.5 -8.5 -8.5 -8.5 0.998 0.81 0.839 2.172 4.101 11.392 1 1 2 1 1 1
2005-09-11T07:30:00 2005 9 11 7 30 0 3.0 -1.8 1025.0 5.0 11.74 17.71 25.2 14.48 2 2 1 1 1 2 2 1 7.7 6.93 -125.0 -1.8 -1.8 -1.8 -1.8 -1.8 -1.8 1.349 0.984 1.124 2.619 4.188 11.6 1 1 1 1 1 1
2005-09-11T08:30:00 2005 9 11 8 30 0 2.3 -4.6 1008.0 3.7 7.25 8.95 16.83 7.08 2 2 1 1 1 2 2 1 7.7 7.1 -126.0 -4.6 -4.6 -4.6 -4.6 -4.6 -4.6 1.446 0.98 1.286 2.495 3.88 9.304 1 1 1 1 1 1
2005-09-11T09:30:00 2005 9 11 9 30 0 0.2 -4.7 991.0 2.4 2.75 12.65 23.24 6.96 2 2 1 1 1 2 2 1 6.3 7.09 -135.0 -4.7 -4.7 -4.7 -4.7 -4.7 -4.7 1.547 0.972 1.48 2.567 3.701 6.889 1 1 1 1 1 1
2005-09-11T10:30:00 2005 9 11 10 30 0 -0.8 -3.3 974.0 1.1 1.94 8.83 19.36 3.36 2 2 2 2 2 2 2 2 6.3 7.08 -147.0 -3.3 -3.3 -3.3 -3.3 -3.3 -3.3 1.417 0.797 1.574 2.115 2.756 4.04 1 1 1 1 2 1
2005-09-11T11:30:00 2005 9 11 11 30 0 0.5 -3.8 976.0 1.1 1.95 7.19 17.41 1.92 2 2 2 2 2 2 2 2 6.3 6.99 -132.0 -3.8 -3.8 -3.8 -3.8 -3.8 -3.8 1.269 0.662 1.635 1.741 2.257 2.43 1 2 1 2 2 2
2005-09-11T12:30:00 2005 9 11 12 30 0 0.7 -3.2 963.0 1.1 1.9 6.87 16.84 1.85 2 2 2 2 2 2 2 2 7.0 6.99 -117.0 -3.2 -3.2 -3.2 -3.2 -3.2 -3.2 1.151 0.582 1.685 1.48 2.006 1.717 2 2 1 2 2 2
2005-09-11T13:30:00 2005 9 11 13 30 0 -0.9 -5.8 943.0 1.4 2.31 11.62 21.92 2.8 2 2 2 2 2 2 2 2 7.0 6.99 -113.0 -5.8 -5.8 -5.8 -5.8 -5.8 -5.8 1.2 0.641 1.795 1.693 2.414 1.758 2 2 1 2 2 2
2005-09-11T14:30:00 2005 9 11 14 30 0 -0.1 -3.8 917.0 0.9 1.4 11.79 21.93 2.52 2 2 2 2 2 2 2 2 7.0 6.91 -104.0 -3.8 -3.8 -3.8 -3.8 -3.8 -3.8 1.168 0.615 1.872 1.625 2.176 1.436 2 2 2 2 2 2
2005-09-11T15:30:00 2005 9 11 15 30 0 0.7 -0.8 886.0 0.6 0.86 2.95 9.83 0.76 2 2 2 2 2 2 2 2 5.3 6.6 -96.0 -0.8 -0.8 -0.8 -0.8 -0.8 -0.8 0.927 0.435 1.85 1.088 1.263 0.827 2 2 2 2 2 2
2005-09-11T16:30:00 2005 9 11 16 30 0 3.2 2.6 869.0 0.7 0.97 0.44 0.28 0.02 2 2 2 2 2 2 2 2 5.3 6.3 -88.0 2.6 2.6 2.6 2.6 2.6 2.6 0.627 0.216 1.794 0.609 0.4 0.343 2 2 2 2 2 2
2005-09-11T17:30:00 2005 9 11 17 30 0 -0.6 -1.3 865.0 0.7 0.93 0.34 1.17 0.08 2 2 2 2 2 2 2 2 5.3 6.17 -81.0 -1.3 -1.3 -1.3 -1.3 -1.3 -1.3 0.46 0.152 1.744 0.378 0.346 0.228 2 2 2 2 2 2
2005-09-11T18:30:00 2005 9 11 18 30 0 -1.0 -3.1 854.0 0.7 0.92 2.95 9.76 0.68 2 2 2 2 2 2 2 2 6.0 6.13 -85.0 -3.1 -3.1 -3.1 -3.1 -3.1 -3.1 0.479 0.24 1.732 0.456 0.842 0.348 2 2 2 2 2 2
2005-09-11T19:30:00 2005 9 11 19 30 0 -1.1 -3.0 828.0 0.6 0.74 4.84 12.79 0.83 2 2 2 2 2 2 2 2 6.0 6.1 -85.0 -3.0 -3.0 -3.0 -3.0 -3.0 -3.0 0.514 0.297 1.728 0.543 1.022 0.375 2 2 2 2 2 2
2005-09-11T20:30:00 2005 9 11 20 30 0 0.4 -3.5 840.0 0.7 0.89 5.24 13.65 0.89 2 2 2 2 2 2 2 2 6.0 5.98 -78.0 -3.5 -3.5 -3.5 -3.5 -3.5 -3.5 0.557 0.341 1.731 0.638 1.158 0.418 2 2 2 2 2 2
2005-09-11T21:30:00 2005 9 11 21 30 0 -0.7 -3.4 820.0 0.7 0.86 5.7 14.29 1.0 2 2 2 2 2 2 2 2 4.7 5.69 -73.0 -3.4 -3.4 -3.4 -3.4 -3.4 -3.4 0.594 0.371 1.737 0.705 1.21 0.447 2 2 2 2 2 2
2005-09-11T22:30:00 2005 9 11 22 30 0 0.0 -1.6 823.0 1.1 1.34 3.0 9.96 0.89 2 2 2 2 2 2 2 2 4.7 5.41 -74.0 -1.6 -1.6 -1.6 -1.6 -1.6 -1.6 0.568 0.354 1.721 0.615 1.064 0.503 2 2 2 2 2 2
2005-09-11T23:30:00 2005 9 11 23 30 0 -1.5 -2.8 799.0 0.7 0.82 2.7 9.1 0.79 2 2 2 2 2 2 2 2 4.7 5.33 -76.0 -2.8 -2.8 -2.8 -2.8 -2.8 -2.8 0.549 0.346 1.704 0.571 1.016 0.471 2 2 2 2 2 2
