2005-07-02T00:30:00 2005 7 2 0 30 0 -2.4 -4.7 615.0 6.6 4.55 4.92 9.13 5.77 2 2 2 2 2 2 2 2 4.0 4.03 -11.0 -4.7 -4.7 -4.7 -4.7 -4.7 -4.7 0.955 0.887 0.421 1.089 1.72 3.438 2 2 2 2 2 2
2005-07-02T01:30:00 2005 7 2 1 30 0 -5.6 -0.5 605.0 6.6 4.42 5.48 7.41 4.89 2 2 2 2 2 2 2 2 4.0 4.0 -13.0 -0.5 -0.5 -0.5 -0.5 -0.5 -0.5 0.89 0.777 0.446 0.913 1.308 3.013 2 2 2 2 2 2
2005-07-02T02:30:00 2005 7 2 2 30 0 -3.5 2.8 608.0 6.1 4.04 1.8 0.06 0.04 2 2 2 2 2 2 2 2 4.0 3.96 -13.0 2.8 2.8 2.8 2.8 2.8 2.8 0.603 0.386 0.433 0.511 0.414 1.25 2 2 2 2 2 2
2005-07-02T03:30:00 2005 7 2 3 30 0 -6.0 0.6 571.0 5.5 3.4 1.84 0.0 0.0 2 2 2 2 2 2 2 2 2.0 3.66 -17.0 0.6 0.6 0.6 0.6 0.6 0.6 0.408 0.192 0.42 0.286 0.131 0.518 2 2 2 2 2 2
2005-07-02T04:30:00 2005 7 2 4 30 0 -5.9 2.0 566.0 5.2 3.16 2.8 0.0 0.0 2 2 2 2 2 2 2 2 2.0 3.37 -18.0 2.0 2.0 2.0 2.0 2.0 2.0 0.276 0.095 0.407 0.16 0.042 0.215 2 2 2 2 2 2
2005-07-02T05:30:00 2005 7 2 5 30 0 -7.4 1.6 571.0 4.4 2.77 3.33 0.0 0.0 2 2 2 2 2 2 2 2 2.0 3.15 -16.0 1.6 1.6 1.6 1.6 1.6 1.6 0.187 0.047 0.394 0.09 0.013 0.089 2 2 2 2 2 2
2005-07-02T06:30:00 2005 7 2 6 30 0 -6.1 3.5 575.0 4.9 3.17 2.87 0.0 0.0 2 2 2 2 2 2 2 2 2.3 2.98 -13.0 3.5 3.5 3.5 3.5 3.5 3.5 0.127 0.023 0.382 0.05 0.004 0.037 2 2 2 2 2 2
2005-07-02T07:30:00 2005 7 2 7 30 0 -3.7 3.9 594.0 4.4 3.16 1.04 0.0 0.0 2 2 2 2 2 2 2 2 2.3 2.8 -9.0 3.9 3.9 3.9 3.9 3.9 3.9 0.086 0.012 0.371 0.028 0.001 0.015 2 2 2 2 2 2
2005-07-02T08:30:00 2005 7 2 8 30 0 -1.2 -0.1 583.0 4.0 2.82 0.29 0.02 0.01 2 2 2 2 2 2 2 2 2.3 2.6 -11.0 -0.1 -0.1 -0.1 -0.1 -0.1 -0.1 0.062 0.018 0.359 0.017 0.032 0.065 2 2 2 2 2 2
2005-07-02T09:30:00 2005 7 2 9 30 0 -1.1 1.2 576.0 3.6 2.51 0.09 0.0 0.0 2 2 2 2 2 2 2 2 2.3 2.39 -10.0 1.2 1.2 1.2 1.2 1.2 1.2 0.042 0.009 0.348 0.01 0.01 0.027 2 2 2 2 2 2
2005-07-02T10:30:00 2005 7 2 10 30 0 -0.6 1.7 569.0 3.5 2.32 0.02 0.0 0.0 2 2 2 2 2 2 2 2 2.3 2.19 -7.0 1.7 1.7 1.7 1.7 1.7 1.7 0.029 0.005 0.338 0.005 0.003 0.011 2 2 2 2 2 2
2005-07-02T11:30:00 2005 7 2 11 30 0 -0.8 0.9 562.0 3.4 2.2 0.01 0.0 0.0 2 2 2 2 2 2 2 2 2.3 2.23 -9.0 0.9 0.9 0.9 0.9 0.9 0.9 0.019 0.002 0.327 0.003 0.001 0.005 2 2 2 2 2 2
2005-07-02T12:30:00 2005 7 2 12 30 0 -2.7 1.6 563.0 3.2 2.1 0.18 0.0 0.0 2 2 2 2 2 2 2 2 1.7 2.19 -7.0 1.6 1.6 1.6 1.6 1.6 1.6 0.013 0.001 0.318 0.002 0.0 0.002 2 2 2 2 2 2
2005-07-02T13:30:00 2005 7 2 13 30 0 -2.7 1.5 566.0 3.3 2.1 0.4 0.0 0.0 2 2 2 2 2 2 2 2 1.7 2.14 -8.0 1.5 1.5 1.5 1.5 1.5 1.5 0.009 0.001 0.308 0.001 0.0 0.001 2 2 2 2 2 2
2005-07-02T14:30:00 2005 7 2 14 30 0 2.8 -0.9 556.0 3.5 2.1 0.35 0.58 0.2 2 2 2 2 2 2 2 2 1.7 2.07 -8.0 -0.9 -0.9 -0.9 -0.9 -0.9 -0.9 0.042 0.072 0.301 0.028 0.17 0.203 2 2 2 2 2 2
2005-07-02T15:30:00 2005 7 2 15 30 0 2.1 -0.6 549.0 3.1 1.81 1.09 2.04 0.67 2 2 2 2 2 2 2 2 2.3 2.07 -9.0 -0.6 -0.6 -0.6 -0.6 -0.6 -0.6 0.1 0.166 0.297 0.067 0.326 0.402 2 2 2 2 2 2
2005-07-02T16:30:00 2005 7 2 16 30 0 0.4 -1.0 550.0 2.8 1.69 0.5 2.24 0.66 2 2 2 2 2 2 2 2 2.3 2.07 -11.0 -1.0 -1.0 -1.0 -1.0 -1.0 -1.0 0.15 0.226 0.294 0.102 0.411 0.477 2 2 2 2 2 2
2005-07-02T17:30:00 2005 7 2 17 30 0 -0.4 -2.2 553.0 2.7 1.7 0.95 4.55 1.25 2 2 2 2 2 2 2 2 2.3 2.08 -13.0 -2.2 -2.2 -2.2 -2.2 -2.2 -2.2 0.252 0.34 0.301 0.22 0.635 0.627 2 2 2 2 2 2
2005-07-02T18:30:00 2005 7 2 18 30 0 3.2 -1.2 559.0 2.8 1.81 1.53 4.61 1.27 2 2 2 2 2 2 2 2 2.7 2.13 -11.0 -1.2 -1.2 -1.2 -1.2 -1.2 -1.2 0.305 0.373 0.306 0.257 0.643 0.663 2 2 2 2 2 2
2005-07-02T19:30:00 2005 7 2 19 30 0 -0.9 -0.9 550.0 2.7 1.69 0.76 2.88 0.79 2 2 2 2 2 2 2 2 2.7 2.19 -11.0 -0.9 -0.9 -0.9 -0.9 -0.9 -0.9 0.299 0.338 0.305 0.22 0.531 0.588 2 2 2 2 2 2
2005-07-02T20:30:00 2005 7 2 20 30 0 -3.9 -1.0 557.0 2.6 1.7 1.4 2.64 0.7 2 2 2 2 2 2 2 2 2.7 2.31 -12.0 -1.0 -1.0 -1.0 -1.0 -1.0 -1.0 0.29 0.316 0.303 0.195 0.49 0.541 2 2 2 2 2 2
2005-07-02T21:30:00 2005 7 2 21 30 0 -1.5 -1.6 546.0 2.8 1.77 1.74 3.65 0.99 2 2 2 2 2 2 2 2 3.3 2.51 -13.0 -1.6 -1.6 -1.6 -1.6 -1.6 -1.6 0.318 0.35 0.305 0.226 0.574 0.597 2 2 2 2 2 2
2005-07-02T22:30:00 2005 7 2 22 30 0 -3.9 -2.2 556.0 2.6 1.7 2.61 5.31 1.43 2 2 2 2 2 2 2 2 3.3 2.71 -12.0 -2.2 -2.2 -2.2 -2.2 -2.2 -2.2 0.38 0.415 0.314 0.31 0.716 0.688 2 2 2 2 2 2
2005-07-02T23:30:00 2005 7 2 23 30 0 -2.7 -0.3 554.0 2.9 1.91 2.19 3.25 0.88 2 2 2 2 2 2 2 2 3.3 2.84 -14.0 -0.3 -0.3 -0.3 -0.3 -0.3 -0.3 0.344 0.346 0.313 0.247 0.513 0.575 2 2 2 2 2 2
