2005-10-13T00:30:00 2005 10 13 0 30 0 -1.9 2.1 412.0 3.5 1.29 0.05 0.06 0.02 2 2 2 2 2 2 2 2 0.7 0.47 -7.0 2.1 2.1 2.1 2.1 2.1 2.1 0.008 0.016 0.046 0.004 0.015 0.018 2 2 2 2 2 2
2005-10-13T01:30:00 2005 10 13 1 30 0 -2.3 -0.3 401.0 3.6 1.26 0.26 0.07 0.02 2 2 2 2 2 2 2 2 0.7 0.56 -7.0 -0.3 -0.3 -0.3 -0.3 -0.3 -0.3 0.014 0.031 0.045 0.006 0.04 0.044 2 2 2 2 2 2
2005-10-13T02:30:00 2005 10 13 2 30 0 -1.7 1.2 398.0 3.6 1.25 0.25 0.04 0.01 2 2 2 2 2 2 2 2 0.7 0.64 -6.0 1.2 1.2 1.2 1.2 1.2 1.2 0.009 0.016 0.043 0.003 0.013 0.018 2 2 2 2 2 2
2005-10-13T03:30:00 2005 10 13 3 30 0 1.5 1.0 394.0 3.6 1.24 0.02 0.0 0.0 2 2 2 2 2 2 2 2 1.0 0.77 -6.0 1.0 1.0 1.0 1.0 1.0 1.0 0.006 0.008 0.042 0.002 0.004 0.008 2 2 2 2 2 2
2005-10-13T04:30:00 2005 10 13 4 30 0 0.7 1.7 390.0 3.9 1.29 0.03 0.0 0.0 2 2 2 2 2 2 2 2 1.0 0.89 -6.0 1.7 1.7 1.7 1.7 1.7 1.7 0.004 0.004 0.041 0.001 0.001 0.003 2 2 2 2 2 2
2005-10-13T05:30:00 2005 10 13 5 30 0 0.5 -0.6 383.0 3.7 1.19 0.03 0.2 0.07 2 2 2 2 2 2 2 2 1.0 0.89 -6.0 -0.6 -0.6 -0.6 -0.6 -0.6 -0.6 0.018 0.043 0.04 0.009 0.059 0.058 2 2 2 2 2 2
2005-10-13T06:30:00 2005 10 13 6 30 0 1.7 -2.2 390.0 3.7 1.23 0.74 2.84 1.05 2 2 2 2 2 2 2 2 1.0 0.89 -5.0 -2.2 -2.2 -2.2 -2.2 -2.2 -2.2 0.131 0.255 0.046 0.114 0.329 0.286 2 2 2 2 2 2
2005-10-13T07:30:00 2005 10 13 7 30 0 -1.3 -1.5 388.0 3.6 1.18 0.88 3.54 1.29 2 2 2 2 2 2 2 2 1.0 0.89 -5.0 -1.5 -1.5 -1.5 -1.5 -1.5 -1.5 0.214 0.363 0.052 0.176 0.409 0.378 2 2 2 2 2 2
2005-10-13T08:30:00 2005 10 13 8 30 0 -2.8 1.7 393.0 3.6 1.2 0.36 0.57 0.2 2 2 2 2 2 2 2 2 1.0 0.93 -3.0 1.7 1.7 1.7 1.7 1.7 1.7 0.157 0.205 0.051 0.105 0.155 0.185 2 2 2 2 2 2
2005-10-13T09:30:00 2005 10 13 9 30 0 -1.1 1.6 383.0 4.0 1.21 0.11 0.0 0.0 2 2 2 2 2 2 2 2 1.0 0.96 -2.0 1.6 1.6 1.6 1.6 1.6 1.6 0.106 0.102 0.05 0.059 0.049 0.077 2 2 2 2 2 2
2005-10-13T10:30:00 2005 10 13 10 30 0 0.6 1.1 379.0 4.1 1.19 0.0 0.0 0.0 2 2 2 2 2 2 2 2 1.0 1.0 -3.0 1.1 1.1 1.1 1.1 1.1 1.1 0.072 0.05 0.048 0.033 0.016 0.032 2 2 2 2 2 2
2005-10-13T11:30:00 2005 10 13 11 30 0 0.1 -1.9 375.0 4.0 1.13 0.22 1.28 0.52 2 2 2 2 2 2 2 2 1.0 1.0 -1.0 -1.9 -1.9 -1.9 -1.9 -1.9 -1.9 0.119 0.18 0.05 0.078 0.21 0.197 2 2 2 2 2 2
2005-10-13T12:30:00 2005 10 13 12 30 0 -1.6 0.7 381.0 4.3 1.23 0.23 1.16 0.47 2 2 2 2 2 2 2 2 0.7 0.96 -2.0 0.7 0.7 0.7 0.7 0.7 0.7 0.113 0.155 0.051 0.065 0.135 0.159 2 2 2 2 2 2
2005-10-13T13:30:00 2005 10 13 13 30 0 -1.5 1.8 374.0 4.4 1.18 0.07 0.0 0.0 2 2 2 2 2 2 2 2 0.7 0.92 -4.0 1.8 1.8 1.8 1.8 1.8 1.8 0.077 0.077 0.049 0.037 0.043 0.066 2 2 2 2 2 2
2005-10-13T14:30:00 2005 10 13 14 30 0 -1.4 -1.1 371.0 4.5 1.19 0.19 0.48 0.21 2 2 2 2 2 2 2 2 0.7 0.88 -6.0 -1.1 -1.1 -1.1 -1.1 -1.1 -1.1 0.086 0.124 0.049 0.044 0.127 0.146 2 2 2 2 2 2
2005-10-13T15:30:00 2005 10 13 15 30 0 -2.2 -1.4 375.0 4.4 1.17 0.77 2.36 1.05 2 2 2 2 2 2 2 2 0.7 0.85 -6.0 -1.4 -1.4 -1.4 -1.4 -1.4 -1.4 0.16 0.275 0.053 0.105 0.301 0.325 2 2 2 2 2 2
2005-10-13T16:30:00 2005 10 13 16 30 0 -1.0 -1.7 373.0 4.4 1.14 0.86 2.92 1.29 2 2 2 2 2 2 2 2 0.7 0.81 -6.0 -1.7 -1.7 -1.7 -1.7 -1.7 -1.7 0.229 0.381 0.058 0.163 0.395 0.426 2 2 2 2 2 2
2005-10-13T17:30:00 2005 10 13 17 30 0 -0.7 -1.4 364.0 4.9 1.19 0.62 2.83 1.32 2 2 2 2 2 2 2 2 0.7 0.77 -8.0 -1.4 -1.4 -1.4 -1.4 -1.4 -1.4 0.271 0.43 0.062 0.188 0.408 0.472 2 2 2 2 2 2
2005-10-13T18:30:00 2005 10 13 18 30 0 -0.3 -1.4 357.0 4.8 1.12 0.46 2.52 1.22 2 2 2 2 2 2 2 2 2.0 0.91 -10.0 -1.4 -1.4 -1.4 -1.4 -1.4 -1.4 0.292 0.445 0.066 0.192 0.394 0.474 2 2 2 2 2 2
2005-10-13T19:30:00 2005 10 13 19 30 0 0.3 -3.0 361.0 4.1 0.97 1.14 4.07 1.78 2 2 2 2 2 2 2 2 2.0 1.04 -9.0 -3.0 -3.0 -3.0 -3.0 -3.0 -3.0 0.366 0.542 0.075 0.281 0.505 0.523 2 2 2 2 2 2
2005-10-13T20:30:00 2005 10 13 20 30 0 -0.2 -2.1 374.0 4.8 1.18 1.38 4.62 2.06 2 2 2 2 2 2 2 2 2.0 1.2 -11.0 -2.1 -2.1 -2.1 -2.1 -2.1 -2.1 0.422 0.593 0.084 0.333 0.549 0.585 2 2 2 2 2 2
2005-10-13T21:30:00 2005 10 13 21 30 0 -0.1 -1.6 374.0 4.8 1.18 0.76 3.42 1.64 2 2 2 2 2 2 2 2 0.7 1.2 -13.0 -1.6 -1.6 -1.6 -1.6 -1.6 -1.6 0.423 0.565 0.09 0.309 0.502 0.585 2 2 2 2 2 2
2005-10-13T22:30:00 2005 10 13 22 30 0 0.5 -1.5 377.0 4.6 1.16 0.55 2.9 1.36 2 2 2 2 2 2 2 2 0.7 1.19 -15.0 -1.5 -1.5 -1.5 -1.5 -1.5 -1.5 0.406 0.525 0.094 0.275 0.457 0.554 2 2 2 2 2 2
2005-10-13T23:30:00 2005 10 13 23 30 0 -0.6 -0.7 372.0 4.9 1.2 0.29 2.0 0.95 2 2 2 2 2 2 2 2 0.7 1.18 -15.0 -0.7 -0.7 -0.7 -0.7 -0.7 -0.7 0.356 0.439 0.095 0.211 0.356 0.475 2 2 2 2 2 2
