2005-06-09T00:30:00 2005 6 9 0 30 0 -2.5 -0.9 403.0 2.6 0.77 0.94 2.2 0.57 2 2 2 2 2 2 2 2 0.7 0.65 -18.0 -0.9 -0.9 -0.9 -0.9 -0.9 -0.9 0.108 0.199 0.186 0.074 0.251 0.188 2 2 2 2 2 2
2005-06-09T01:30:00 2005 6 9 1 30 0 -2.7 0.5 398.0 2.7 0.78 0.63 0.51 0.13 2 2 2 2 2 2 2 2 0.7 0.7 -17.0 0.5 0.5 0.5 0.5 0.5 0.5 0.086 0.128 0.181 0.047 0.113 0.109 2 2 2 2 2 2
2005-06-09T02:30:00 2005 6 9 2 30 0 -2.4 1.3 405.0 3.1 0.91 0.33 0.0 0.0 2 2 2 2 2 2 2 2 0.7 0.7 -17.0 1.3 1.3 1.3 1.3 1.3 1.3 0.059 0.064 0.175 0.026 0.036 0.045 2 2 2 2 2 2
2005-06-09T03:30:00 2005 6 9 3 30 0 -0.1 1.7 390.0 2.2 0.6 0.05 0.0 0.0 2 2 2 2 2 2 2 2 0.7 0.7 -17.0 1.7 1.7 1.7 1.7 1.7 1.7 0.04 0.032 0.17 0.015 0.011 0.019 2 2 2 2 2 2
2005-06-09T04:30:00 2005 6 9 4 30 0 -0.1 1.2 390.0 2.3 0.63 0.0 0.0 0.0 2 2 2 2 2 2 2 2 0.7 0.7 -14.0 1.2 1.2 1.2 1.2 1.2 1.2 0.027 0.016 0.165 0.008 0.004 0.008 2 2 2 2 2 2
2005-06-09T05:30:00 2005 6 9 5 30 0 -1.9 0.3 394.0 3.3 0.93 0.07 0.0 0.0 2 2 2 2 2 2 2 2 0.7 0.7 -11.0 0.3 0.3 0.3 0.3 0.3 0.3 0.018 0.008 0.16 0.005 0.001 0.003 2 2 2 2 2 2
2005-06-09T06:30:00 2005 6 9 6 30 0 -0.9 1.3 392.0 2.7 0.75 0.09 0.0 0.0 2 2 2 2 2 2 2 2 0.7 0.7 -14.0 1.3 1.3 1.3 1.3 1.3 1.3 0.012 0.004 0.155 0.003 0.0 0.001 2 2 2 2 2 2
2005-06-09T07:30:00 2005 6 9 7 30 0 -0.5 1.3 389.0 2.6 0.7 0.01 0.0 0.0 2 2 2 2 2 2 2 2 0.7 0.7 -16.0 1.3 1.3 1.3 1.3 1.3 1.3 0.008 0.002 0.15 0.001 0.0 0.001 2 2 2 2 2 2
2005-06-09T08:30:00 2005 6 9 8 30 0 0.1 0.7 387.0 2.3 0.61 0.0 0.0 0.0 2 2 2 2 2 2 2 2 0.7 0.7 -15.0 0.7 0.7 0.7 0.7 0.7 0.7 0.006 0.001 0.146 0.001 0.0 0.0 2 2 2 2 2 2
2005-06-09T09:30:00 2005 6 9 9 30 0 0.6 0.2 386.0 2.2 0.58 0.01 0.0 0.0 2 2 2 2 2 2 2 2 1.7 0.83 -14.0 0.2 0.2 0.2 0.2 0.2 0.2 0.004 0.0 0.141 0.0 0.0 0.0 2 2 2 2 2 2
2005-06-09T10:30:00 2005 6 9 10 30 0 -0.1 -0.6 385.0 2.3 0.61 0.03 0.48 0.11 2 2 2 2 2 2 2 2 1.7 0.96 -13.0 -0.6 -0.6 -0.6 -0.6 -0.6 -0.6 0.026 0.06 0.137 0.012 0.081 0.054 2 2 2 2 2 2
2005-06-09T11:30:00 2005 6 9 11 30 0 -1.9 -1.2 389.0 3.1 0.82 0.39 1.79 0.5 2 2 2 2 2 2 2 2 1.7 1.09 -13.0 -1.2 -1.2 -1.2 -1.2 -1.2 -1.2 0.087 0.177 0.137 0.057 0.221 0.167 2 2 2 2 2 2
2005-06-09T12:30:00 2005 6 9 12 30 0 -1.8 -0.1 392.0 3.2 0.86 0.48 1.18 0.37 2 2 2 2 2 2 2 2 2.0 1.25 -13.0 -0.1 -0.1 -0.1 -0.1 -0.1 -0.1 0.096 0.173 0.134 0.053 0.174 0.168 2 2 2 2 2 2
2005-06-09T13:30:00 2005 6 9 13 30 0 -1.4 -2.5 400.0 3.4 0.95 0.89 2.78 0.93 2 2 2 2 2 2 2 2 2.0 1.42 -13.0 -2.5 -2.5 -2.5 -2.5 -2.5 -2.5 0.183 0.311 0.137 0.142 0.371 0.316 2 2 2 2 2 2
2005-06-09T14:30:00 2005 6 9 14 30 0 -1.8 -2.0 397.0 3.4 0.93 1.53 4.44 1.51 2 2 2 2 2 2 2 2 2.0 1.58 -13.0 -2.0 -2.0 -2.0 -2.0 -2.0 -2.0 0.275 0.423 0.144 0.229 0.48 0.415 2 2 2 2 2 2
2005-06-09T15:30:00 2005 6 9 15 30 0 -2.9 -0.4 384.0 3.1 0.8 1.0 2.22 0.73 2 2 2 2 2 2 2 2 1.0 1.6 -14.0 -0.4 -0.4 -0.4 -0.4 -0.4 -0.4 0.256 0.352 0.144 0.178 0.329 0.324 2 2 2 2 2 2
2005-06-09T16:30:00 2005 6 9 16 30 0 -1.9 -0.2 384.0 3.0 0.77 0.55 0.56 0.17 2 2 2 2 2 2 2 2 1.0 1.63 -15.0 -0.2 -0.2 -0.2 -0.2 -0.2 -0.2 0.196 0.237 0.14 0.109 0.179 0.208 2 2 2 2 2 2
2005-06-09T17:30:00 2005 6 9 17 30 0 -1.9 1.0 378.0 3.0 0.75 0.22 0.02 0.0 2 2 2 2 2 2 2 2 1.0 1.54 -14.0 1.0 1.0 1.0 1.0 1.0 1.0 0.133 0.117 0.136 0.061 0.057 0.086 2 2 2 2 2 2
2005-06-09T18:30:00 2005 6 9 18 30 0 -1.3 -1.8 377.0 2.8 0.69 0.42 1.24 0.35 2 2 2 2 2 2 2 2 1.0 1.45 -14.0 -1.8 -1.8 -1.8 -1.8 -1.8 -1.8 0.149 0.187 0.134 0.083 0.191 0.151 2 2 2 2 2 2
2005-06-09T19:30:00 2005 6 9 19 30 0 -2.3 -1.0 384.0 3.3 0.86 0.86 2.6 0.79 2 2 2 2 2 2 2 2 1.0 1.36 -16.0 -1.0 -1.0 -1.0 -1.0 -1.0 -1.0 0.189 0.27 0.135 0.115 0.284 0.236 2 2 2 2 2 2
2005-06-09T20:30:00 2005 6 9 20 30 0 -2.2 -0.7 375.0 3.2 0.79 0.71 1.59 0.52 2 2 2 2 2 2 2 2 1.0 1.24 -15.0 -0.7 -0.7 -0.7 -0.7 -0.7 -0.7 0.188 0.267 0.133 0.102 0.253 0.236 2 2 2 2 2 2
2005-06-09T21:30:00 2005 6 9 21 30 0 -2.1 -1.1 375.0 3.6 0.9 0.7 1.72 0.59 2 2 2 2 2 2 2 2 1.3 1.16 -14.0 -1.1 -1.1 -1.1 -1.1 -1.1 -1.1 0.198 0.289 0.133 0.107 0.275 0.265 2 2 2 2 2 2
2005-06-09T22:30:00 2005 6 9 22 30 0 -2.3 -1.7 375.0 3.6 0.9 1.03 2.67 0.96 2 2 2 2 2 2 2 2 1.3 1.08 -15.0 -1.7 -1.7 -1.7 -1.7 -1.7 -1.7 0.24 0.357 0.134 0.149 0.354 0.33 2 2 2 2 2 2
2005-06-09T23:30:00 2005 6 9 23 30 0 -2.5 -1.3 371.0 3.7 0.9 1.16 2.77 1.01 2 2 2 2 2 2 2 2 1.3 1.12 -16.0 -1.3 -1.3 -1.3 -1.3 -1.3 -1.3 0.265 0.385 0.136 0.167 0.364 0.351 2 2 2 2 2 2
