2005-05-28T00:30:00 2005 5 28 0 30 0 1.6 0.2 280.0 8.0 1.25 0.13 0.0 0.0 2 2 2 2 2 2 2 2 0.3 0.04 -8.0 0.2 0.2 0.2 0.2 0.2 0.2 0.004 0.0 0.036 0.0 0.0 0.0 2 2 2 2 2 2
2005-05-28T01:30:00 2005 5 28 1 30 0 1.7 0.4 279.0 8.0 1.25 0.12 0.0 0.0 2 2 2 2 2 2 2 2 0.3 0.08 -7.0 0.4 0.4 0.4 0.4 0.4 0.4 0.003 0.0 0.035 0.0 0.0 0.0 2 2 2 2 2 2
2005-05-28T02:30:00 2005 5 28 2 30 0 2.0 0.3 279.0 8.1 1.26 0.16 0.0 0.0 2 2 2 2 2 2 2 2 0.3 0.12 -5.0 0.3 0.3 0.3 0.3 0.3 0.3 0.002 0.0 0.034 0.0 0.0 0.0 2 2 2 2 2 2
2005-05-28T03:30:00 2005 5 28 3 30 0 1.9 1.1 279.0 8.6 1.34 0.13 0.0 0.0 2 2 2 2 2 2 2 2 2.0 0.38 -6.0 1.1 1.1 1.1 1.1 1.1 1.1 0.001 0.0 0.033 0.0 0.0 0.0 2 2 2 2 2 2
2005-05-28T04:30:00 2005 5 28 4 30 0 0.9 1.1 280.0 10.8 1.69 0.04 0.0 0.0 2 2 2 2 2 2 2 2 2.0 0.63 2.0 1.1 1.1 1.1 1.1 1.1 1.1 0.001 0.0 0.032 0.0 0.0 0.0 2 2 2 2 2 2
2005-05-28T05:30:00 2005 5 28 5 30 0 5.3 1.1 315.0 23.6 4.68 0.51 0.0 0.0 2 2 2 2 2 2 2 2 2.0 0.89 13.0 1.1 1.1 1.1 1.1 1.1 1.1 0.001 0.0 0.031 0.0 0.0 0.0 2 2 2 2 2 2
2005-05-28T06:30:00 2005 5 28 6 30 0 3.9 1.8 315.0 32.9 6.53 0.83 0.0 0.0 2 2 2 2 2 2 2 2 1.3 1.05 18.0 1.8 1.8 1.8 1.8 1.8 1.8 0.0 0.0 0.03 0.0 0.0 0.0 2 2 2 2 2 2
2005-05-28T07:30:00 2005 5 28 7 30 0 1.1 2.2 339.0 57.0 11.46 0.17 0.0 0.0 2 2 2 2 2 2 2 2 1.3 1.2 30.0 2.2 2.2 2.2 2.2 2.2 2.2 0.0 0.0 0.029 0.0 0.0 0.0 2 2 2 2 2 2
2005-05-28T08:30:00 2005 5 28 8 30 0 -2.1 0.3 342.0 50.5 10.34 0.05 0.0 0.0 2 2 2 2 2 2 2 2 1.3 1.32 25.0 0.3 0.3 0.3 0.3 0.3 0.3 0.0 0.0 0.028 0.0 0.0 0.0 2 2 2 2 2 2
2005-05-28T09:30:00 2005 5 28 9 30 0 -4.3 2.5 337.0 34.3 6.71 0.41 0.0 0.0 2 2 2 2 2 2 2 2 1.7 1.49 18.0 2.5 2.5 2.5 2.5 2.5 2.5 0.0 0.0 0.028 0.0 0.0 0.0 2 2 2 2 2 2
2005-05-28T10:30:00 2005 5 28 10 30 0 -0.2 4.5 363.0 23.5 5.48 0.12 0.0 0.0 2 2 2 2 2 2 2 2 1.7 1.66 15.0 4.5 4.5 4.5 4.5 4.5 4.5 0.0 0.0 0.027 0.0 0.0 0.0 2 2 2 2 2 2
2005-05-28T11:30:00 2005 5 28 11 30 0 -4.8 5.8 382.0 27.5 7.24 0.14 0.0 0.0 2 2 2 2 2 2 2 2 1.7 1.62 17.0 5.8 5.8 5.8 5.8 5.8 5.8 0.0 0.0 0.026 0.0 0.0 0.0 2 2 2 2 2 2
2005-05-28T12:30:00 2005 5 28 12 30 0 -6.7 5.5 377.0 22.0 5.62 0.79 0.0 0.0 2 2 2 2 2 2 2 2 1.7 1.59 12.0 5.5 5.5 5.5 5.5 5.5 5.5 0.0 0.0 0.025 0.0 0.0 0.0 2 2 2 2 2 2
2005-05-28T13:30:00 2005 5 28 13 30 0 -6.6 6.3 379.0 21.9 5.48 1.05 0.0 0.0 2 2 2 2 2 2 2 2 1.7 1.56 11.0 6.3 6.3 6.3 6.3 6.3 6.3 0.0 0.0 0.024 0.0 0.0 0.0 2 2 2 2 2 2
2005-05-28T14:30:00 2005 5 28 14 30 0 -9.1 1.9 407.0 12.9 4.27 2.52 0.0 0.0 2 2 2 2 2 2 2 2 1.7 1.6 6.0 1.9 1.9 1.9 1.9 1.9 1.9 0.0 0.0 0.024 0.0 0.0 0.0 2 2 2 2 2 2
2005-05-28T15:30:00 2005 5 28 15 30 0 -5.8 -5.0 410.0 11.3 3.8 6.4 4.14 4.83 2 2 2 2 2 2 2 2 3.7 1.91 2.0 -5.0 -5.0 -5.0 -5.0 -5.0 -5.0 0.284 0.517 0.048 0.389 0.744 1.549 2 2 2 2 2 2
2005-05-28T16:30:00 2005 5 28 16 30 0 -5.6 -6.1 441.0 9.0 3.5 11.14 11.96 11.96 2 2 2 2 2 2 2 2 3.7 2.22 -12.0 -6.1 -6.1 -6.1 -6.1 -6.1 -6.1 0.753 1.106 0.116 1.119 1.493 2.885 2 2 2 2 2 2
2005-05-28T17:30:00 2005 5 28 17 30 0 -5.5 -5.9 457.0 9.7 4.05 12.56 13.47 12.63 2 2 2 2 2 2 2 2 3.7 2.48 -24.0 -5.9 -5.9 -5.9 -5.9 -5.9 -5.9 1.107 1.417 0.195 1.621 1.846 3.686 2 2 2 2 2 2
2005-05-28T18:30:00 2005 5 28 18 30 0 -6.3 -5.4 442.0 7.1 2.78 12.09 12.64 10.51 2 2 2 2 2 2 2 2 4.0 2.77 -32.0 -5.4 -5.4 -5.4 -5.4 -5.4 -5.4 1.273 1.465 0.258 1.743 1.767 3.378 2 2 2 2 2 2
2005-05-28T19:30:00 2005 5 28 19 30 0 -7.6 -7.2 464.0 6.6 2.9 15.83 14.48 9.87 2 2 2 2 2 2 2 2 4.0 3.05 -38.0 -7.2 -7.2 -7.2 -7.2 -7.2 -7.2 1.438 1.526 0.333 1.976 1.875 3.147 2 2 2 2 2 2
2005-05-28T20:30:00 2005 5 28 20 30 0 -7.2 -4.4 462.0 7.6 3.16 14.83 13.16 9.34 2 2 2 2 2 2 2 2 4.0 3.34 -40.0 -4.4 -4.4 -4.4 -4.4 -4.4 -4.4 1.473 1.468 0.393 1.899 1.754 3.048 2 2 2 2 2 2
2005-05-28T21:30:00 2005 5 28 21 30 0 -7.1 -4.6 450.0 7.4 2.96 11.27 10.27 7.69 2 2 2 2 2 2 2 2 3.3 3.52 -43.0 -4.6 -4.6 -4.6 -4.6 -4.6 -4.6 1.428 1.377 0.433 1.699 1.59 2.858 2 2 2 2 2 2
2005-05-28T22:30:00 2005 5 28 22 30 0 -7.9 -2.1 445.0 7.9 3.0 9.18 7.26 5.55 2 2 2 2 2 2 2 2 3.3 3.71 -35.0 -2.1 -2.1 -2.1 -2.1 -2.1 -2.1 1.263 1.167 0.451 1.314 1.237 2.436 2 2 2 2 2 2
2005-05-28T23:30:00 2005 5 28 23 30 0 -9.3 -4.1 438.0 6.7 2.37 10.58 7.02 5.04 2 2 2 2 2 2 2 2 3.3 3.66 -33.0 -4.1 -4.1 -4.1 -4.1 -4.1 -4.1 1.176 1.102 0.469 1.155 1.196 2.202 2 2 2 2 2 2
