2005-10-05T00:30:00 2005 10 5 0 30 0 2.9 -1.2 324.0 5.3 0.98 0.71 1.35 0.73 2 2 2 2 2 2 2 2 0.7 0.5 -12.0 -1.2 -1.2 -1.2 -1.2 -1.2 -1.2 0.152 0.29 0.137 0.076 0.236 0.297 2 2 2 2 2 2
2005-10-05T01:30:00 2005 10 5 1 30 0 2.8 -1.3 319.0 5.1 1.04 1.06 2.01 1.05 2 2 2 2 2 2 2 2 0.7 0.55 -12.0 -1.3 -1.3 -1.3 -1.3 -1.3 -1.3 0.196 0.363 0.137 0.111 0.287 0.342 2 2 2 2 2 2
2005-10-05T02:30:00 2005 10 5 2 30 0 2.4 -2.2 316.0 5.7 1.14 1.27 2.84 1.55 2 2 2 2 2 2 2 2 0.7 0.55 -14.0 -2.2 -2.2 -2.2 -2.2 -2.2 -2.2 0.267 0.476 0.139 0.179 0.377 0.431 2 2 2 2 2 2
2005-10-05T03:30:00 2005 10 5 3 30 0 2.3 -2.2 316.0 5.6 1.12 1.46 3.48 1.96 2 2 2 2 2 2 2 2 1.0 0.59 -19.0 -2.2 -2.2 -2.2 -2.2 -2.2 -2.2 0.335 0.565 0.142 0.241 0.433 0.496 2 2 2 2 2 2
2005-10-05T04:30:00 2005 10 5 4 30 0 2.0 -1.1 312.0 5.5 1.07 0.96 2.52 1.4 2 2 2 2 2 2 2 2 1.0 0.63 -23.0 -1.1 -1.1 -1.1 -1.1 -1.1 -1.1 0.334 0.526 0.143 0.218 0.363 0.447 2 2 2 2 2 2
2005-10-05T05:30:00 2005 10 5 5 30 0 2.0 -1.2 312.0 5.5 1.07 0.64 1.8 0.99 2 2 2 2 2 2 2 2 1.0 0.72 -22.0 -1.2 -1.2 -1.2 -1.2 -1.2 -1.2 0.313 0.473 0.142 0.183 0.312 0.399 2 2 2 2 2 2
2005-10-05T06:30:00 2005 10 5 6 30 0 3.2 0.5 315.0 6.0 1.19 0.55 0.59 0.33 2 2 2 2 2 2 2 2 0.7 0.77 -19.0 0.5 0.5 0.5 0.5 0.5 0.5 0.232 0.287 0.138 0.113 0.14 0.223 2 2 2 2 2 2
2005-10-05T07:30:00 2005 10 5 7 30 0 3.4 -0.3 318.0 6.4 1.29 0.69 0.11 0.07 2 2 2 2 2 2 2 2 0.7 0.81 -13.0 -0.3 -0.3 -0.3 -0.3 -0.3 -0.3 0.169 0.184 0.134 0.067 0.086 0.156 2 2 2 2 2 2
2005-10-05T08:30:00 2005 10 5 8 30 0 2.1 1.2 316.0 6.7 1.34 0.4 0.03 0.02 2 2 2 2 2 2 2 2 0.7 0.81 -9.0 1.2 1.2 1.2 1.2 1.2 1.2 0.114 0.091 0.13 0.038 0.027 0.065 2 2 2 2 2 2
2005-10-05T09:30:00 2005 10 5 9 30 0 1.0 -2.4 315.0 7.4 1.47 0.46 1.42 1.03 2 2 2 2 2 2 2 2 0.7 0.81 -7.0 -2.4 -2.4 -2.4 -2.4 -2.4 -2.4 0.175 0.282 0.13 0.107 0.246 0.327 2 2 2 2 2 2
2005-10-05T10:30:00 2005 10 5 10 30 0 1.7 0.1 313.0 6.4 1.25 0.48 1.66 1.17 2 2 2 2 2 2 2 2 0.7 0.81 -11.0 0.1 0.1 0.1 0.1 0.1 0.1 0.183 0.288 0.129 0.105 0.202 0.313 2 2 2 2 2 2
2005-10-05T11:30:00 2005 10 5 11 30 0 1.8 -1.4 318.0 7.9 1.6 0.41 1.13 0.84 2 2 2 2 2 2 2 2 0.7 0.77 -8.0 -1.4 -1.4 -1.4 -1.4 -1.4 -1.4 0.201 0.347 0.128 0.112 0.262 0.418 2 2 2 2 2 2
2005-10-05T12:30:00 2005 10 5 12 30 0 2.5 -1.7 322.0 9.0 1.87 0.95 2.5 2.13 2 2 2 2 2 2 2 2 1.0 0.78 -9.0 -1.7 -1.7 -1.7 -1.7 -1.7 -1.7 0.275 0.497 0.13 0.177 0.393 0.659 2 2 2 2 2 2
2005-10-05T13:30:00 2005 10 5 13 30 0 2.0 -1.5 319.0 9.1 1.85 0.99 2.55 2.31 2 2 2 2 2 2 2 2 1.0 0.78 -11.0 -1.5 -1.5 -1.5 -1.5 -1.5 -1.5 0.326 0.573 0.132 0.212 0.431 0.777 2 2 2 2 2 2
2005-10-05T14:30:00 2005 10 5 14 30 0 1.9 -1.3 316.0 8.5 1.7 0.75 2.21 1.94 2 2 2 2 2 2 2 2 1.0 0.82 -11.0 -1.3 -1.3 -1.3 -1.3 -1.3 -1.3 0.342 0.576 0.133 0.211 0.406 0.755 2 2 2 2 2 2
2005-10-05T15:30:00 2005 10 5 15 30 0 2.1 -1.4 313.0 8.5 1.67 0.75 2.13 1.81 2 2 2 2 2 2 2 2 0.7 0.81 -10.0 -1.4 -1.4 -1.4 -1.4 -1.4 -1.4 0.35 0.574 0.134 0.208 0.394 0.726 2 2 2 2 2 2
2005-10-05T16:30:00 2005 10 5 16 30 0 2.7 -1.9 318.0 8.0 1.62 1.11 2.64 2.17 2 2 2 2 2 2 2 2 0.7 0.81 -10.0 -1.9 -1.9 -1.9 -1.9 -1.9 -1.9 0.381 0.618 0.136 0.238 0.438 0.754 2 2 2 2 2 2
2005-10-05T17:30:00 2005 10 5 17 30 0 2.3 -1.2 321.0 7.7 1.59 1.06 2.43 1.91 2 2 2 2 2 2 2 2 0.7 0.81 -11.0 -1.2 -1.2 -1.2 -1.2 -1.2 -1.2 0.38 0.592 0.138 0.228 0.406 0.706 2 2 2 2 2 2
2005-10-05T18:30:00 2005 10 5 18 30 0 0.0 0.5 331.0 9.5 2.08 0.2 0.61 0.5 2 2 2 2 2 2 2 2 1.3 0.89 -13.0 0.5 0.5 0.5 0.5 0.5 0.5 0.282 0.357 0.134 0.14 0.18 0.395 2 2 2 2 2 2
2005-10-05T19:30:00 2005 10 5 19 30 0 -1.9 -0.4 334.0 13.1 2.56 0.12 0.18 0.22 2 2 2 2 2 2 2 2 1.3 0.96 -12.0 -0.4 -0.4 -0.4 -0.4 -0.4 -0.4 0.212 0.25 0.131 0.088 0.134 0.38 2 2 2 2 2 2
2005-10-05T20:30:00 2005 10 5 20 30 0 1.5 1.9 335.0 12.0 2.37 0.04 0.03 0.04 2 2 2 2 2 2 2 2 1.3 1.0 -12.0 1.9 1.9 1.9 1.9 1.9 1.9 0.143 0.124 0.127 0.049 0.042 0.158 2 2 2 2 2 2
2005-10-05T21:30:00 2005 10 5 21 30 0 -2.4 -1.4 337.0 12.8 2.58 0.22 0.6 0.76 2 2 2 2 2 2 2 2 0.7 0.97 -12.0 -1.4 -1.4 -1.4 -1.4 -1.4 -1.4 0.158 0.228 0.125 0.075 0.196 0.487 2 2 2 2 2 2
2005-10-05T22:30:00 2005 10 5 22 30 0 -1.4 -2.3 337.0 11.5 2.34 1.11 3.18 3.83 2 2 2 2 2 2 2 2 0.7 0.93 -13.0 -2.3 -2.3 -2.3 -2.3 -2.3 -2.3 0.306 0.554 0.132 0.228 0.51 1.127 2 2 2 2 2 2
2005-10-05T23:30:00 2005 10 5 23 30 0 -0.8 -2.3 336.0 10.2 2.09 1.19 3.87 4.18 2 2 2 2 2 2 2 2 0.7 0.92 -13.0 -2.3 -2.3 -2.3 -2.3 -2.3 -2.3 0.423 0.733 0.14 0.339 0.624 1.32 2 2 2 2 2 2
