2005-03-17T00:30:00 2005 3 17 0 30 0 -2.4 -4.5 394.0 5.5 1.53 6.1 8.86 4.95 2 2 2 2 2 2 2 2 3.0 2.13 -25.0 -4.5 -4.5 -4.5 -4.5 -4.5 -4.5 0.827 1.007 0.225 0.873 1.017 1.235 2 2 2 2 2 2
2005-03-17T01:30:00 2005 3 17 1 30 0 1.1 -4.7 402.0 5.9 1.67 4.9 9.18 5.25 2 2 2 2 2 2 2 2 3.0 2.26 -27.0 -4.7 -4.7 -4.7 -4.7 -4.7 -4.7 0.918 1.071 0.254 0.989 1.096 1.367 2 2 2 2 2 2
2005-03-17T02:30:00 2005 3 17 2 30 0 -2.3 -4.6 399.0 6.7 1.83 5.03 9.3 5.89 2 2 2 2 2 2 2 2 3.0 2.39 -27.0 -4.6 -4.6 -4.6 -4.6 -4.6 -4.6 0.996 1.132 0.284 1.078 1.156 1.554 2 2 2 2 2 2
2005-03-17T03:30:00 2005 3 17 3 30 0 3.2 -4.2 389.0 8.6 2.26 4.62 8.63 6.65 2 2 2 2 2 2 2 2 3.7 2.61 -26.0 -4.2 -4.2 -4.2 -4.2 -4.2 -4.2 1.052 1.193 0.312 1.116 1.181 1.843 2 2 2 2 2 2
2005-03-17T04:30:00 2005 3 17 4 30 0 3.5 -3.9 389.0 8.9 2.36 4.93 7.85 6.88 2 2 2 2 2 2 2 2 3.7 2.82 -34.0 -3.9 -3.9 -3.9 -3.9 -3.9 -3.9 1.076 1.217 0.336 1.102 1.167 2.039 2 2 2 2 2 2
2005-03-17T05:30:00 2005 3 17 5 30 0 2.9 -2.4 390.0 9.7 2.59 3.4 6.01 5.59 2 2 2 2 2 2 2 2 3.7 3.03 -35.0 -2.4 -2.4 -2.4 -2.4 -2.4 -2.4 1.012 1.121 0.349 0.943 1.014 2.016 2 2 2 2 2 2
2005-03-17T06:30:00 2005 3 17 6 30 0 -3.0 -5.0 391.0 10.5 2.83 3.7 7.44 7.57 2 2 2 2 2 2 2 2 2.3 3.06 -34.0 -5.0 -5.0 -5.0 -5.0 -5.0 -5.0 1.081 1.244 0.374 1.067 1.208 2.445 2 2 2 2 2 2
2005-03-17T07:30:00 2005 3 17 7 30 0 -6.2 -0.9 390.0 10.0 2.66 4.45 5.43 5.58 2 2 2 2 2 2 2 2 2.3 3.08 -36.0 -0.9 -0.9 -0.9 -0.9 -0.9 -0.9 0.969 1.055 0.382 0.854 0.906 2.095 2 2 2 2 2 2
2005-03-17T08:30:00 2005 3 17 8 30 0 -2.7 -2.8 398.0 10.9 2.98 2.98 3.81 4.02 2 2 2 2 2 2 2 2 2.3 2.99 -33.0 -2.8 -2.8 -2.8 -2.8 -2.8 -2.8 0.886 0.978 0.387 0.722 0.879 2.105 2 2 2 2 2 2
2005-03-17T09:30:00 2005 3 17 9 30 0 -1.5 -1.6 397.0 10.5 2.81 1.67 4.27 4.57 2 2 2 2 2 2 2 2 2.3 2.9 -34.0 -1.6 -1.6 -1.6 -1.6 -1.6 -1.6 0.819 0.913 0.391 0.622 0.816 2.045 2 2 2 2 2 2
2005-03-17T10:30:00 2005 3 17 10 30 0 -2.0 -3.0 395.0 10.9 2.9 1.75 4.67 5.01 2 2 2 2 2 2 2 2 2.3 2.81 -31.0 -3.0 -3.0 -3.0 -3.0 -3.0 -3.0 0.821 0.961 0.399 0.645 0.915 2.209 2 2 2 2 2 2
2005-03-17T11:30:00 2005 3 17 11 30 0 -6.3 2.5 391.0 9.2 2.81 1.66 1.38 1.45 2 2 2 2 2 2 2 2 2.3 2.64 -32.0 2.5 2.5 2.5 2.5 2.5 2.5 0.603 0.571 0.389 0.397 0.388 1.172 2 2 2 2 2 2
2005-03-17T12:30:00 2005 3 17 12 30 0 -7.6 3.3 394.0 5.0 1.55 2.02 0.0 0.0 2 2 2 2 2 2 2 2 1.7 2.39 -31.0 3.3 3.3 3.3 3.3 3.3 3.3 0.408 0.283 0.378 0.222 0.123 0.486 2 2 2 2 2 2
2005-03-17T13:30:00 2005 3 17 13 30 0 -6.4 3.9 399.0 5.3 1.69 1.79 0.0 0.0 2 2 2 2 2 2 2 2 1.7 2.14 -26.0 3.9 3.9 3.9 3.9 3.9 3.9 0.276 0.141 0.366 0.124 0.039 0.202 2 2 2 2 2 2
2005-03-17T14:30:00 2005 3 17 14 30 0 -5.8 1.8 418.0 6.2 2.17 1.56 0.0 0.0 2 2 2 2 2 2 2 2 1.7 2.07 -24.0 1.8 1.8 1.8 1.8 1.8 1.8 0.187 0.07 0.355 0.07 0.012 0.084 2 2 2 2 2 2
2005-03-17T15:30:00 2005 3 17 15 30 0 0.7 -5.2 432.0 8.9 2.82 2.67 4.61 3.83 2 2 2 2 2 2 2 2 4.3 2.33 -20.0 -5.2 -5.2 -5.2 -5.2 -5.2 -5.2 0.4 0.503 0.371 0.427 0.739 1.227 2 2 2 2 2 2
2005-03-17T16:30:00 2005 3 17 16 30 0 -0.7 -5.1 420.0 7.6 2.27 6.26 10.95 8.98 2 2 2 2 2 2 2 2 4.3 2.59 -21.0 -5.1 -5.1 -5.1 -5.1 -5.1 -5.1 0.739 0.968 0.414 0.946 1.271 2.091 2 2 2 2 2 2
2005-03-17T17:30:00 2005 3 17 17 30 0 -5.5 4.2 411.0 6.2 1.81 1.63 2.5 1.82 2 2 2 2 2 2 2 2 4.3 2.85 -26.0 4.2 4.2 4.2 4.2 4.2 4.2 0.568 0.596 0.408 0.595 0.537 1.111 2 2 2 2 2 2
2005-03-17T18:30:00 2005 3 17 18 30 0 -5.9 3.5 404.0 5.8 1.64 1.08 0.0 0.0 2 2 2 2 2 2 2 2 2.0 2.81 -24.0 3.5 3.5 3.5 3.5 3.5 3.5 0.385 0.296 0.395 0.333 0.17 0.461 2 2 2 2 2 2
2005-03-17T19:30:00 2005 3 17 19 30 0 -7.2 2.0 402.0 5.0 1.4 1.92 0.0 0.0 2 2 2 2 2 2 2 2 2.0 2.76 -22.0 2.0 2.0 2.0 2.0 2.0 2.0 0.261 0.147 0.383 0.187 0.054 0.191 2 2 2 2 2 2
2005-03-17T20:30:00 2005 3 17 20 30 0 -7.4 -0.1 412.0 5.2 1.59 3.45 0.02 0.01 2 2 2 2 2 2 2 2 2.0 2.78 -20.0 -0.1 -0.1 -0.1 -0.1 -0.1 -0.1 0.18 0.086 0.372 0.106 0.037 0.115 2 2 2 2 2 2
2005-03-17T21:30:00 2005 3 17 21 30 0 -6.2 -1.3 406.0 4.9 1.46 4.18 1.53 0.76 2 2 2 2 2 2 2 2 1.3 2.72 -21.0 -1.3 -1.3 -1.3 -1.3 -1.3 -1.3 0.203 0.22 0.364 0.119 0.26 0.357 2 2 2 2 2 2
2005-03-17T22:30:00 2005 3 17 22 30 0 -6.9 -0.1 409.0 5.9 1.81 3.9 1.32 0.7 2 2 2 2 2 2 2 2 1.3 2.65 -22.0 -0.1 -0.1 -0.1 -0.1 -0.1 -0.1 0.188 0.225 0.355 0.097 0.227 0.379 2 2 2 2 2 2
2005-03-17T23:30:00 2005 3 17 23 30 0 -6.4 -2.2 416.0 6.4 2.03 4.61 2.56 1.6 2 2 2 2 2 2 2 2 1.3 2.28 -21.0 -2.2 -2.2 -2.2 -2.2 -2.2 -2.2 0.267 0.39 0.354 0.186 0.472 0.727 2 2 2 2 2 2
