2005-02-24T00:30:00 2005 2 24 0 30 0 4.2 7.5 395.0 7.0 2.12 0.42 0.0 0.0 2 2 2 2 2 2 2 2 0.0 0.78 7.0 7.5 7.5 7.5 7.5 7.5 7.5 0.0 0.0 0.111 0.0 0.0 0.0 2 2 2 2 2 2
2005-02-24T01:30:00 2005 2 24 1 30 0 3.5 8.5 390.0 6.6 1.92 0.17 0.0 0.0 2 2 2 2 2 2 2 2 0.0 0.73 10.0 8.5 8.5 8.5 8.5 8.5 8.5 0.0 0.0 0.107 0.0 0.0 0.0 2 2 2 2 2 2
2005-02-24T02:30:00 2005 2 24 2 30 0 5.9 8.3 395.0 6.4 1.89 0.33 0.0 0.0 2 2 2 2 2 2 2 2 0.0 0.57 10.0 8.3 8.3 8.3 8.3 8.3 8.3 0.0 0.0 0.104 0.0 0.0 0.0 2 2 2 2 2 2
2005-02-24T03:30:00 2005 2 24 3 30 0 6.4 5.8 389.0 7.0 2.01 0.78 0.0 0.0 2 2 2 2 2 2 2 2 0.3 0.45 8.0 5.8 5.8 5.8 5.8 5.8 5.8 0.0 0.0 0.101 0.0 0.0 0.0 2 2 2 2 2 2
2005-02-24T04:30:00 2005 2 24 4 30 0 7.5 6.7 386.0 5.1 1.54 1.17 0.0 0.0 2 2 2 2 2 2 2 2 0.3 0.33 5.0 6.7 6.7 6.7 6.7 6.7 6.7 0.0 0.0 0.098 0.0 0.0 0.0 2 2 2 2 2 2
2005-02-24T05:30:00 2005 2 24 5 30 0 9.0 5.7 389.0 5.1 1.56 1.89 0.0 0.0 2 2 2 2 2 2 2 2 0.3 0.28 3.0 5.7 5.7 5.7 5.7 5.7 5.7 0.0 0.0 0.095 0.0 0.0 0.0 2 2 2 2 2 2
2005-02-24T06:30:00 2005 2 24 6 30 0 7.0 6.3 378.0 5.0 1.43 1.69 0.0 0.0 2 2 2 2 2 2 2 2 1.3 0.37 3.0 6.3 6.3 6.3 6.3 6.3 6.3 0.0 0.0 0.092 0.0 0.0 0.0 2 2 2 2 2 2
2005-02-24T07:30:00 2005 2 24 7 30 0 7.6 5.2 391.0 7.2 2.22 1.43 0.0 0.0 2 2 2 2 2 2 2 2 1.3 0.45 3.0 5.2 5.2 5.2 5.2 5.2 5.2 0.0 0.0 0.089 0.0 0.0 0.0 2 2 2 2 2 2
2005-02-24T08:30:00 2005 2 24 8 30 0 7.8 5.6 392.0 7.5 2.34 1.72 0.0 0.0 2 2 2 2 2 2 2 2 1.3 0.62 3.0 5.6 5.6 5.6 5.6 5.6 5.6 0.0 0.0 0.086 0.0 0.0 0.0 2 2 2 2 2 2
2005-02-24T09:30:00 2005 2 24 9 30 0 9.2 3.0 390.0 8.0 2.41 2.71 0.0 0.0 2 2 2 2 2 2 2 2 1.3 0.78 3.0 3.0 3.0 3.0 3.0 3.0 3.0 0.0 0.0 0.084 0.0 0.0 0.0 2 2 2 2 2 2
2005-02-24T10:30:00 2005 2 24 10 30 0 6.7 4.0 388.0 6.5 1.97 2.41 0.0 0.0 2 2 2 2 2 2 2 2 1.3 0.94 -1.0 4.0 4.0 4.0 4.0 4.0 4.0 0.0 0.0 0.081 0.0 0.0 0.0 2 2 2 2 2 2
2005-02-24T11:30:00 2005 2 24 11 30 0 6.3 3.3 400.0 8.9 2.76 1.49 0.0 0.0 2 2 2 2 2 2 2 2 1.3 1.06 -2.0 3.3 3.3 3.3 3.3 3.3 3.3 0.0 0.0 0.079 0.0 0.0 0.0 2 2 2 2 2 2
2005-02-24T12:30:00 2005 2 24 12 30 0 6.6 -1.3 412.0 10.0 3.22 2.85 0.5 0.49 2 2 2 2 2 2 2 2 3.0 1.4 -6.0 -1.3 -1.3 -1.3 -1.3 -1.3 -1.3 0.049 0.12 0.079 0.041 0.18 0.399 2 2 2 2 2 2
2005-02-24T13:30:00 2005 2 24 13 30 0 4.9 7.3 406.0 8.3 2.6 1.51 0.1 0.1 2 2 2 2 2 2 2 2 3.0 1.74 -12.0 7.3 7.3 7.3 7.3 7.3 7.3 0.033 0.06 0.076 0.023 0.057 0.165 2 2 2 2 2 2
2005-02-24T14:30:00 2005 2 24 14 30 0 5.1 6.9 400.0 8.4 2.6 0.43 0.0 0.0 2 2 2 2 2 2 2 2 3.0 1.96 -4.0 6.9 6.9 6.9 6.9 6.9 6.9 0.023 0.03 0.074 0.013 0.018 0.069 2 2 2 2 2 2
2005-02-24T15:30:00 2005 2 24 15 30 0 3.3 7.7 400.0 8.5 2.7 0.25 0.0 0.0 2 2 2 2 2 2 2 2 1.3 1.95 0.0 7.7 7.7 7.7 7.7 7.7 7.7 0.015 0.015 0.072 0.007 0.006 0.028 2 2 2 2 2 2
2005-02-24T16:30:00 2005 2 24 16 30 0 5.2 3.1 397.0 9.5 2.98 0.45 0.0 0.0 2 2 2 2 2 2 2 2 1.3 1.94 0.0 3.1 3.1 3.1 3.1 3.1 3.1 0.01 0.007 0.07 0.004 0.002 0.012 2 2 2 2 2 2
2005-02-24T17:30:00 2005 2 24 17 30 0 3.3 7.4 404.0 9.5 3.12 0.39 0.0 0.0 2 2 2 2 2 2 2 2 1.3 1.93 2.0 7.4 7.4 7.4 7.4 7.4 7.4 0.007 0.004 0.067 0.002 0.001 0.005 2 2 2 2 2 2
2005-02-24T18:30:00 2005 2 24 18 30 0 1.6 1.9 388.0 9.0 2.73 0.08 0.0 0.0 2 2 2 2 2 2 2 2 1.0 1.88 1.0 1.9 1.9 1.9 1.9 1.9 1.9 0.005 0.002 0.065 0.001 0.0 0.002 2 2 2 2 2 2
2005-02-24T19:30:00 2005 2 24 19 30 0 3.1 0.6 399.0 9.0 2.87 0.28 0.0 0.0 2 2 2 2 2 2 2 2 1.0 1.84 3.0 0.6 0.6 0.6 0.6 0.6 0.6 0.003 0.001 0.063 0.001 0.0 0.001 2 2 2 2 2 2
2005-02-24T20:30:00 2005 2 24 20 30 0 1.5 2.7 419.0 8.8 3.11 0.2 0.0 0.0 2 2 2 2 2 2 2 2 1.0 1.59 0.0 2.7 2.7 2.7 2.7 2.7 2.7 0.002 0.0 0.061 0.0 0.0 0.0 2 2 2 2 2 2
2005-02-24T21:30:00 2005 2 24 21 30 0 3.6 2.1 413.0 8.6 2.95 0.23 0.0 0.0 2 2 2 2 2 2 2 2 1.3 1.39 -1.0 2.1 2.1 2.1 2.1 2.1 2.1 0.001 0.0 0.06 0.0 0.0 0.0 2 2 2 2 2 2
2005-02-24T22:30:00 2005 2 24 22 30 0 2.5 1.7 418.0 9.2 3.25 0.34 0.0 0.0 2 2 2 2 2 2 2 2 1.3 1.19 -5.0 1.7 1.7 1.7 1.7 1.7 1.7 0.001 0.0 0.058 0.0 0.0 0.0 2 2 2 2 2 2
2005-02-24T23:30:00 2005 2 24 23 30 0 0.4 5.3 424.0 8.9 3.29 0.04 0.0 0.0 2 2 2 2 2 2 2 2 1.3 1.19 -9.0 5.3 5.3 5.3 5.3 5.3 5.3 0.001 0.0 0.056 0.0 0.0 0.0 2 2 2 2 2 2
