1975-03-29T00:30:00 1975 3 29 0 30 0 0.9 0.4 695.0 2.2 2.13 0.07 0.0 0.0 2 2 2 2 2 2 2 2 3.3 4.2 -23.0 0.4 0.4 0.4 0.4 0.4 0.4 0.023 0.007 0.438 0.007 0.003 0.012 2 2 2 2 2 2
1975-03-29T01:30:00 1975 3 29 1 30 0 1.1 -2.2 689.0 2.4 2.28 0.87 3.53 0.83 2 2 2 2 2 2 2 2 3.3 4.07 -28.0 -2.2 -2.2 -2.2 -2.2 -2.2 -2.2 0.143 0.18 0.442 0.15 0.558 0.511 2 2 2 2 2 2
1975-03-29T02:30:00 1975 3 29 2 30 0 1.6 0.0 643.0 2.3 1.9 0.95 3.39 0.8 2 2 2 2 2 2 2 2 3.3 3.9 -37.0 0.0 0.0 0.0 0.0 0.0 0.0 0.172 0.191 0.438 0.153 0.437 0.477 2 2 2 2 2 2
1975-03-29T03:30:00 1975 3 29 3 30 0 0.4 2.5 675.0 2.3 2.1 0.07 0.0 0.0 2 2 2 2 2 2 2 2 4.3 3.85 -33.0 2.5 2.5 2.5 2.5 2.5 2.5 0.116 0.095 0.425 0.086 0.138 0.198 2 2 2 2 2 2
1975-03-29T04:30:00 1975 3 29 4 30 0 1.9 0.7 660.0 2.4 2.07 0.09 0.0 0.0 2 2 2 2 2 2 2 2 4.3 3.81 -28.0 0.7 0.7 0.7 0.7 0.7 0.7 0.079 0.047 0.412 0.048 0.044 0.082 2 2 2 2 2 2
1975-03-29T05:30:00 1975 3 29 5 30 0 1.0 -2.9 660.0 2.5 2.18 1.4 4.26 1.06 2 2 2 2 2 2 2 2 4.3 3.86 -29.0 -2.9 -2.9 -2.9 -2.9 -2.9 -2.9 0.207 0.233 0.421 0.222 0.638 0.58 2 2 2 2 2 2
1975-03-29T06:30:00 1975 3 29 6 30 0 1.7 -0.1 645.0 2.8 2.32 1.39 4.53 1.18 2 2 2 2 2 2 2 2 4.3 3.9 -32.0 -0.1 -0.1 -0.1 -0.1 -0.1 -0.1 0.245 0.258 0.423 0.23 0.564 0.636 2 2 2 2 2 2
1975-03-29T07:30:00 1975 3 29 7 30 0 1.2 -0.1 636.0 3.1 2.54 0.31 0.32 0.09 2 2 2 2 2 2 2 2 4.3 3.94 -27.0 -0.1 -0.1 -0.1 -0.1 -0.1 -0.1 0.18 0.163 0.411 0.134 0.267 0.412 2 2 2 2 2 2
1975-03-29T08:30:00 1975 3 29 8 30 0 0.6 -2.2 629.0 3.2 2.53 0.88 3.91 1.24 2 2 2 2 2 2 2 2 4.3 4.06 -26.0 -2.2 -2.2 -2.2 -2.2 -2.2 -2.2 0.272 0.301 0.416 0.241 0.676 0.819 2 2 2 2 2 2
1975-03-29T09:30:00 1975 3 29 9 30 0 1.5 -2.1 640.0 3.3 2.74 2.01 6.81 2.22 2 2 2 2 2 2 2 2 3.3 4.05 -22.0 -2.1 -2.1 -2.1 -2.1 -2.1 -2.1 0.396 0.433 0.435 0.394 0.968 1.17 2 2 2 2 2 2
1975-03-29T10:30:00 1975 3 29 10 30 0 1.9 -1.7 634.0 3.3 2.68 1.98 6.0 1.98 2 2 2 2 2 2 2 2 3.3 4.04 -28.0 -1.7 -1.7 -1.7 -1.7 -1.7 -1.7 0.455 0.473 0.447 0.434 0.982 1.256 2 2 2 2 2 2
1975-03-29T11:30:00 1975 3 29 11 30 0 3.3 -0.8 633.0 3.0 2.47 1.9 3.84 1.21 2 2 2 2 2 2 2 2 3.3 3.91 -23.0 -0.8 -0.8 -0.8 -0.8 -0.8 -0.8 0.426 0.41 0.447 0.351 0.759 1.051 2 2 2 2 2 2
1975-03-29T12:30:00 1975 3 29 12 30 0 2.7 -0.9 645.0 3.0 2.57 1.81 2.73 0.82 2 2 2 2 2 2 2 2 3.3 3.79 -18.0 -0.9 -0.9 -0.9 -0.9 -0.9 -0.9 0.382 0.354 0.442 0.276 0.638 0.906 2 2 2 2 2 2
1975-03-29T13:30:00 1975 3 29 13 30 0 1.3 -1.4 630.0 2.7 2.25 1.3 3.73 1.05 2 2 2 2 2 2 2 2 3.3 3.66 -20.0 -1.4 -1.4 -1.4 -1.4 -1.4 -1.4 0.382 0.359 0.442 0.274 0.688 0.88 2 2 2 2 2 2
1975-03-29T14:30:00 1975 3 29 14 30 0 1.8 1.6 624.0 2.9 2.35 0.36 0.85 0.23 2 2 2 2 2 2 2 2 3.3 3.54 -24.0 1.6 1.6 1.6 1.6 1.6 1.6 0.274 0.2 0.43 0.164 0.265 0.425 2 2 2 2 2 2
1975-03-29T15:30:00 1975 3 29 15 30 0 0.7 -0.3 598.0 3.8 2.8 0.11 0.11 0.04 2 2 2 2 2 2 2 2 4.3 3.55 -23.0 -0.3 -0.3 -0.3 -0.3 -0.3 -0.3 0.196 0.125 0.418 0.098 0.152 0.28 2 2 2 2 2 2
1975-03-29T16:30:00 1975 3 29 16 30 0 0.0 -1.0 639.0 2.7 2.32 0.22 2.12 0.66 2 2 2 2 2 2 2 2 4.3 3.56 -23.0 -1.0 -1.0 -1.0 -1.0 -1.0 -1.0 0.215 0.199 0.412 0.121 0.406 0.534 2 2 2 2 2 2
1975-03-29T17:30:00 1975 3 29 17 30 0 2.2 -1.5 628.0 2.7 2.23 1.0 4.02 1.09 2 2 2 2 2 2 2 2 4.3 3.69 -27.0 -1.5 -1.5 -1.5 -1.5 -1.5 -1.5 0.275 0.289 0.415 0.197 0.631 0.719 2 2 2 2 2 2
1975-03-29T18:30:00 1975 3 29 18 30 0 2.3 -1.0 630.0 2.4 2.03 1.55 3.87 0.98 2 2 2 2 2 2 2 2 3.0 3.64 -27.0 -1.0 -1.0 -1.0 -1.0 -1.0 -1.0 0.299 0.31 0.414 0.216 0.63 0.71 2 2 2 2 2 2
1975-03-29T19:30:00 1975 3 29 19 30 0 0.6 0.3 614.0 2.7 2.08 0.45 1.07 0.27 2 2 2 2 2 2 2 2 3.0 3.6 -26.0 0.3 0.3 0.3 0.3 0.3 0.3 0.228 0.196 0.404 0.136 0.292 0.41 2 2 2 2 2 2
1975-03-29T20:30:00 1975 3 29 20 30 0 1.8 1.7 623.0 2.8 2.22 0.08 0.0 0.0 2 2 2 2 2 2 2 2 3.0 3.56 -22.0 1.7 1.7 1.7 1.7 1.7 1.7 0.154 0.097 0.392 0.076 0.093 0.17 2 2 2 2 2 2
1975-03-29T21:30:00 1975 3 29 21 30 0 -1.0 0.2 611.0 3.4 2.65 0.03 0.0 0.0 2 2 2 2 2 2 2 2 2.3 3.42 -20.0 0.2 0.2 0.2 0.2 0.2 0.2 0.104 0.048 0.38 0.043 0.029 0.07 2 2 2 2 2 2
1975-03-29T22:30:00 1975 3 29 22 30 0 0.2 -0.5 605.0 3.2 2.37 0.06 0.61 0.2 2 2 2 2 2 2 2 2 2.3 3.29 -20.0 -0.5 -0.5 -0.5 -0.5 -0.5 -0.5 0.102 0.09 0.37 0.043 0.177 0.254 2 2 2 2 2 2
1975-03-29T23:30:00 1975 3 29 23 30 0 0.2 -0.5 601.0 3.4 2.5 0.1 1.51 0.5 2 2 2 2 2 2 2 2 2.3 3.04 -21.0 -0.5 -0.5 -0.5 -0.5 -0.5 -0.5 0.127 0.152 0.363 0.062 0.312 0.452 2 2 2 2 2 2
