1975-10-05T00:30:00 1975 10 5 0 30 0 0.77 -0.13 396.3 8.56 2.39 0.08 0.26 0.22 0 0 1 0 0 0 1 0 3.0 1.82 -11.0 -0.81 -0.61 -1.19 -1.17 -0.63 -0.45 0.255 0.342 0.145 0.202 0.324 0.67 0 0 1 0 0 0
1975-10-05T01:30:00 1975 10 5 1 30 0 0.77 -0.13 400.6 8.57 2.39 0.07 0.26 0.22 0 0 1 0 0 0 1 0 3.0 2.15 -5.0 -0.81 -0.61 -1.19 -1.17 -0.63 -0.45 0.264 0.346 0.148 0.213 0.332 0.69 0 0 1 0 0 0
1975-10-05T02:30:00 1975 10 5 2 30 0 0.77 -0.13 404.8 8.57 2.39 0.07 0.26 0.22 0 0 1 0 0 0 1 0 3.0 2.32 -1.0 -0.81 -0.61 -1.19 -1.17 -0.63 -0.45 0.271 0.348 0.151 0.221 0.338 0.709 0 0 1 0 0 0
1975-10-05T03:30:00 1975 10 5 3 30 0 0.77 -0.13 409.1 8.57 2.39 0.07 0.26 0.23 0 0 1 0 0 0 1 0 2.7 2.44 -6.0 -0.81 -0.61 -1.19 -1.17 -0.63 -0.45 0.277 0.349 0.153 0.226 0.344 0.727 0 0 0 0 0 0
1975-10-05T04:30:00 1975 10 5 4 30 0 0.77 -0.13 411.3 8.58 2.39 0.07 0.27 0.23 0 0 0 0 0 0 0 0 2.7 2.56 -8.0 -0.81 -0.61 -1.19 -1.17 -0.63 -0.45 0.281 0.35 0.156 0.23 0.348 0.743 0 0 0 0 0 0
1975-10-05T05:30:00 1975 10 5 5 30 0 0.77 -0.13 411.3 8.58 2.4 0.07 0.27 0.23 0 0 0 0 0 0 0 0 2.7 2.64 -8.0 -0.81 -0.61 -1.19 -1.17 -0.63 -0.45 0.284 0.351 0.159 0.233 0.35 0.751 0 0 0 0 0 0
1975-10-05T06:30:00 1975 10 5 6 30 0 0.76 -0.13 411.3 8.58 2.4 0.07 0.27 0.23 0 0 0 0 0 0 0 0 1.7 2.6 -9.0 -0.81 -0.61 -1.19 -1.17 -0.63 -0.45 0.286 0.351 0.162 0.234 0.351 0.755 0 0 0 0 0 0
1975-10-05T07:30:00 1975 10 5 7 30 0 0.76 -0.13 411.3 8.58 2.4 0.07 0.27 0.23 0 0 0 0 0 0 0 0 1.7 2.55 -11.0 -0.81 -0.61 -1.19 -1.17 -0.63 -0.45 0.288 0.351 0.164 0.235 0.351 0.756 0 0 0 0 0 0
1975-10-05T08:30:00 1975 10 5 8 30 0 0.76 -0.13 411.3 8.59 2.4 0.07 0.27 0.23 0 0 0 0 0 0 0 0 1.7 2.38 -13.0 -0.81 -0.61 -1.19 -1.17 -0.63 -0.45 0.289 0.352 0.167 0.235 0.351 0.757 0 0 0 0 0 0
1975-10-05T09:30:00 1975 10 5 9 30 0 0.76 -0.13 411.3 8.59 2.4 0.07 0.27 0.23 0 0 0 0 0 0 0 0 1.3 2.17 -17.0 -0.81 -0.61 -1.19 -1.17 -0.63 -0.45 0.29 0.352 0.169 0.236 0.351 0.758 0 0 0 0 0 0
1975-10-05T10:30:00 1975 10 5 10 30 0 0.76 -0.13 411.3 8.59 2.4 0.07 0.27 0.23 0 0 0 0 0 0 0 0 1.3 1.96 -13.0 -0.81 -0.61 -1.19 -1.17 -0.63 -0.45 0.29 0.352 0.172 0.236 0.351 0.758 0 0 0 0 0 0
1975-10-05T11:30:00 1975 10 5 11 30 0 0.76 -0.13 411.3 8.59 2.4 0.07 0.27 0.23 0 0 0 0 0 0 0 0 1.3 1.78 -10.0 -0.81 -0.61 -1.19 -1.17 -0.63 -0.45 0.29 0.352 0.174 0.236 0.351 0.758 0 0 0 0 0 0
1975-10-05T12:30:00 1975 10 5 12 30 0 0.76 -0.13 411.3 8.6 2.4 0.07 0.27 0.23 0 0 0 0 0 0 0 0 1.7 1.67 -11.0 -0.81 -0.61 -1.19 -1.17 -0.63 -0.45 0.291 0.352 0.176 0.236 0.351 0.759 0 0 0 0 0 0
1975-10-05T13:30:00 1975 10 5 13 30 0 0.76 -0.13 411.3 8.6 2.4 0.07 0.27 0.23 0 0 0 0 0 0 0 0 1.7 1.55 -14.0 -0.81 -0.61 -1.19 -1.17 -0.63 -0.45 0.291 0.352 0.179 0.236 0.351 0.759 0 0 0 0 0 0
1975-10-05T14:30:00 1975 10 5 14 30 0 0.76 -0.13 411.3 8.6 2.41 0.07 0.27 0.23 0 0 0 0 0 0 0 0 1.7 1.55 -10.0 -0.81 -0.61 -1.19 -1.17 -0.63 -0.45 0.291 0.352 0.181 0.236 0.352 0.759 0 0 0 0 0 0
1975-10-05T15:30:00 1975 10 5 15 30 0 0.76 -0.13 411.3 8.61 2.41 0.07 0.27 0.23 0 0 0 0 0 0 0 0 0.3 1.37 -5.0 -0.81 -0.61 -1.19 -1.17 -0.63 -0.45 0.291 0.352 0.183 0.236 0.352 0.76 0 0 0 0 0 0
1975-10-05T16:30:00 1975 10 5 16 30 0 0.76 -0.13 411.3 8.61 2.41 0.07 0.27 0.23 0 0 0 0 0 0 0 0 0.3 1.19 -1.0 -0.81 -0.61 -1.19 -1.17 -0.63 -0.45 0.291 0.352 0.185 0.236 0.352 0.76 0 0 0 0 0 0
1975-10-05T17:30:00 1975 10 5 17 30 0 0.75 -0.13 411.3 8.61 2.41 0.07 0.27 0.23 0 0 0 0 0 0 0 0 0.3 1.06 -2.0 -0.81 -0.61 -1.19 -1.17 -0.63 -0.45 0.291 0.352 0.187 0.236 0.352 0.76 0 0 0 0 0 0
1975-10-05T18:30:00 1975 10 5 18 30 0 0.75 -0.13 411.3 8.61 2.41 0.07 0.27 0.23 0 0 0 0 0 0 0 0 0.3 0.93 -2.0 -0.81 -0.61 -1.19 -1.17 -0.63 -0.45 0.291 0.352 0.189 0.236 0.352 0.76 0 0 0 0 0 0
1975-10-05T19:30:00 1975 10 5 19 30 0 0.75 -0.13 411.4 8.62 2.41 0.07 0.27 0.23 0 0 0 0 0 0 0 0 0.3 0.81 -2.0 -0.81 -0.61 -1.19 -1.17 -0.63 -0.45 0.291 0.352 0.19 0.236 0.352 0.761 0 0 0 0 0 0
1975-10-05T20:30:00 1975 10 5 20 30 0 0.75 -0.13 411.4 8.62 2.41 0.07 0.27 0.23 0 0 0 0 0 0 0 0 0.3 0.64 -3.0 -0.81 -0.61 -1.19 -1.17 -0.63 -0.45 0.291 0.352 0.192 0.236 0.352 0.762 0 0 0 0 0 0
1975-10-05T21:30:00 1975 10 5 21 30 0 0.75 -0.13 411.4 8.62 2.41 0.07 0.27 0.23 0 0 0 0 0 0 0 0 1.0 0.56 -2.0 -0.81 -0.61 -1.19 -1.17 -0.63 -0.45 0.291 0.352 0.194 0.236 0.352 0.762 0 0 0 0 0 0
1975-10-05T22:30:00 1975 10 5 22 30 0 0.75 -0.13 411.4 8.63 2.41 0.07 0.27 0.23 0 0 0 0 0 0 0 0 1.0 0.48 -2.0 -0.81 -0.61 -1.19 -1.17 -0.63 -0.45 0.291 0.352 0.196 0.236 0.352 0.762 0 0 0 0 0 0
1975-10-05T23:30:00 1975 10 5 23 30 0 0.75 -0.13 411.4 8.63 2.41 0.07 0.27 0.23 0 0 0 0 0 0 0 0 1.0 0.57 1.0 -0.81 -0.61 -1.19 -1.17 -0.63 -0.45 0.291 0.353 0.197 0.236 0.352 0.763 0 0 0 0 0 0
