1975-06-12T00:30:00 1975 6 12 0 30 0 6.3 -0.1 398.0 17.6 5.25 2.67 0.02 0.03 2 2 2 2 2 2 2 2 3.0 2.76 5.0 -0.1 -0.1 -0.1 -0.1 -0.1 -0.1 0.036 0.028 0.391 0.01 0.032 0.164 2 2 2 2 2 2
1975-06-12T01:30:00 1975 6 12 1 30 0 6.5 -5.0 400.0 18.4 5.66 6.31 5.5 9.98 2 2 2 2 2 2 2 2 3.0 2.84 6.0 -5.0 -5.0 -5.0 -5.0 -5.0 -5.0 0.439 0.79 0.415 0.563 1.03 3.229 2 2 2 2 2 2
1975-06-12T02:30:00 1975 6 12 2 30 0 6.6 -5.3 400.0 18.6 5.61 10.49 10.32 19.11 2 2 2 2 2 2 2 2 3.0 2.81 2.0 -5.3 -5.3 -5.3 -5.3 -5.3 -5.3 0.922 1.448 0.469 1.265 1.679 5.438 2 2 2 2 2 2
1975-06-12T03:30:00 1975 6 12 3 30 0 6.3 1.9 418.0 18.2 6.1 5.03 3.51 6.49 2 2 2 2 2 2 2 2 3.3 2.82 -3.0 1.9 1.9 1.9 1.9 1.9 1.9 0.777 0.984 0.469 0.875 0.826 3.363 2 2 2 2 2 2
1975-06-12T04:30:00 1975 6 12 4 30 0 6.03 2.48 452.0 13.2 5.19 1.91 0.0 0.0 1 1 2 2 2 1 2 2 3.3 2.82 -3.0 2.48 2.48 2.48 2.48 2.48 2.48 0.526 0.489 0.455 0.49 0.261 1.395 2 2 2 2 2 2
1975-06-12T05:30:00 1975 6 12 5 30 0 5.77 5.02 481.0 9.8 4.27 1.34 0.0 0.0 1 1 2 2 2 1 2 2 3.3 2.95 -2.0 5.02 5.02 5.02 5.02 5.02 5.02 0.356 0.243 0.441 0.274 0.083 0.579 2 2 2 2 2 2
1975-06-12T06:30:00 1975 6 12 6 30 0 5.5 5.6 568.0 8.9 5.37 1.02 0.0 0.0 2 2 2 2 2 2 2 2 3.7 3.12 3.0 5.6 5.6 5.6 5.6 5.6 5.6 0.241 0.12 0.427 0.154 0.026 0.24 2 2 2 2 2 2
1975-06-12T07:30:00 1975 6 12 7 30 0 6.4 -4.4 591.0 9.3 6.5 5.11 3.41 3.15 2 2 2 2 2 2 2 2 3.7 3.3 12.0 -4.4 -4.4 -4.4 -4.4 -4.4 -4.4 0.396 0.406 0.448 0.454 0.883 2.082 2 2 2 2 2 2
1975-06-12T08:30:00 1975 6 12 8 30 0 6.9 6.7 632.0 9.6 7.67 4.63 2.08 1.94 2 2 2 2 2 2 2 2 3.7 3.38 7.0 6.7 6.7 6.7 6.7 6.7 6.7 0.32 0.274 0.442 0.307 0.415 1.289 2 2 2 2 2 2
1975-06-12T09:30:00 1975 6 12 9 30 0 2.9 -1.4 617.0 9.2 6.74 1.61 0.56 0.52 2 2 2 2 2 2 2 2 4.3 3.55 9.0 -1.4 -1.4 -1.4 -1.4 -1.4 -1.4 0.278 0.245 0.434 0.24 0.431 1.325 2 2 2 2 2 2
1975-06-12T10:30:00 1975 6 12 10 30 0 3.5 -0.4 635.0 8.8 7.21 2.02 2.68 2.42 2 2 2 2 2 2 2 2 4.3 3.71 2.0 -0.4 -0.4 -0.4 -0.4 -0.4 -0.4 0.312 0.336 0.433 0.235 0.639 2.162 2 2 2 2 2 2
1975-06-12T11:30:00 1975 6 12 11 30 0 5.6 1.1 637.0 7.0 5.31 2.4 0.12 0.1 2 2 2 2 2 2 2 2 4.3 3.84 6.0 1.1 1.1 1.1 1.1 1.1 1.1 0.213 0.171 0.42 0.132 0.21 0.942 2 2 2 2 2 2
1975-06-12T12:30:00 1975 6 12 12 30 0 5.6 -2.9 635.0 5.0 3.95 5.43 3.73 2.03 2 2 2 2 2 2 2 2 5.0 4.05 6.0 -2.9 -2.9 -2.9 -2.9 -2.9 -2.9 0.329 0.357 0.432 0.313 0.816 1.62 2 2 2 2 2 2
1975-06-12T13:30:00 1975 6 12 13 30 0 3.0 -1.1 634.0 3.9 3.11 4.68 6.11 2.74 2 2 2 2 2 2 2 2 5.0 4.27 -2.0 -1.1 -1.1 -1.1 -1.1 -1.1 -1.1 0.418 0.449 0.446 0.396 0.943 1.682 2 2 2 2 2 2
1975-06-12T14:30:00 1975 6 12 14 30 0 3.4 1.8 646.0 3.8 3.09 1.18 0.53 0.2 2 2 2 2 2 2 2 2 5.0 4.43 -4.0 1.8 1.8 1.8 1.8 1.8 1.8 0.294 0.241 0.434 0.227 0.336 0.769 2 2 2 2 2 2
1975-06-12T15:30:00 1975 6 12 15 30 0 3.7 2.7 638.0 3.6 2.92 0.72 0.0 0.0 2 2 2 2 2 2 2 2 4.0 4.46 -2.0 2.7 2.7 2.7 2.7 2.7 2.7 0.199 0.12 0.42 0.127 0.106 0.319 2 2 2 2 2 2
1975-06-12T16:30:00 1975 6 12 16 30 0 1.9 -3.9 664.0 3.6 3.22 2.44 4.34 1.56 2 2 2 2 2 2 2 2 4.0 4.49 -4.0 -3.9 -3.9 -3.9 -3.9 -3.9 -3.9 0.325 0.314 0.438 0.354 0.804 1.009 2 2 2 2 2 2
1975-06-12T17:30:00 1975 6 12 17 30 0 -1.4 -0.9 642.0 3.8 3.1 2.47 7.44 2.74 2 2 2 2 2 2 2 2 4.0 4.44 -10.0 -0.9 -0.9 -0.9 -0.9 -0.9 -0.9 0.427 0.426 0.458 0.448 0.959 1.345 2 2 2 2 2 2
1975-06-12T18:30:00 1975 6 12 18 30 0 -2.1 -1.0 653.0 3.8 3.17 1.0 3.09 1.17 2 2 2 2 2 2 2 2 3.7 4.36 -6.0 -1.0 -1.0 -1.0 -1.0 -1.0 -1.0 0.404 0.392 0.456 0.353 0.785 1.255 2 2 2 2 2 2
1975-06-12T19:30:00 1975 6 12 19 30 0 3.0 2.5 623.0 3.6 2.73 0.2 0.34 0.13 2 2 2 2 2 2 2 2 3.7 4.28 -14.0 2.5 2.5 2.5 2.5 2.5 2.5 0.277 0.203 0.442 0.199 0.266 0.56 2 2 2 2 2 2
1975-06-12T20:30:00 1975 6 12 20 30 0 3.0 0.1 632.0 4.0 3.13 0.71 0.0 0.0 2 2 2 2 2 2 2 2 3.7 4.12 -10.0 0.1 0.1 0.1 0.1 0.1 0.1 0.188 0.101 0.429 0.111 0.084 0.232 2 2 2 2 2 2
1975-06-12T21:30:00 1975 6 12 21 30 0 3.7 0.0 640.0 3.8 3.04 1.46 0.0 0.0 2 2 2 2 2 2 2 2 4.3 4.04 -9.0 0.0 0.0 0.0 0.0 0.0 0.0 0.127 0.05 0.416 0.062 0.027 0.096 2 2 2 2 2 2
1975-06-12T22:30:00 1975 6 12 22 30 0 5.3 0.2 633.0 3.6 2.78 2.56 0.0 0.0 2 2 2 2 2 2 2 2 4.3 3.96 -9.0 0.2 0.2 0.2 0.2 0.2 0.2 0.086 0.025 0.403 0.035 0.008 0.04 2 2 2 2 2 2
1975-06-12T23:30:00 1975 6 12 23 30 0 3.3 5.1 615.0 3.3 2.5 1.15 0.0 0.0 2 2 2 2 2 2 2 2 4.3 4.0 -14.0 5.1 5.1 5.1 5.1 5.1 5.1 0.058 0.012 0.391 0.02 0.003 0.017 2 2 2 2 2 2
