1975-03-30T00:30:00 1975 3 30 0 30 0 -0.5 0.6 592.0 3.8 2.76 0.01 0.28 0.1 2 2 2 2 2 2 2 2 3.0 2.89 -16.0 0.6 0.6 0.6 0.6 0.6 0.6 0.092 0.088 0.352 0.037 0.122 0.229 2 2 2 2 2 2
1975-03-30T01:30:00 1975 3 30 1 30 0 2.8 1.2 585.0 4.3 3.01 0.16 0.0 0.0 2 2 2 2 2 2 2 2 3.0 2.74 -13.0 1.2 1.2 1.2 1.2 1.2 1.2 0.063 0.044 0.341 0.021 0.039 0.095 2 2 2 2 2 2
1975-03-30T02:30:00 1975 3 30 2 30 0 1.1 0.5 572.0 4.1 2.8 0.25 0.0 0.0 2 2 2 2 2 2 2 2 3.0 2.74 -14.0 0.5 0.5 0.5 0.5 0.5 0.5 0.042 0.022 0.331 0.012 0.012 0.039 2 2 2 2 2 2
1975-03-30T03:30:00 1975 3 30 3 30 0 0.9 0.3 576.0 4.2 2.89 0.07 0.0 0.0 2 2 2 2 2 2 2 2 2.3 2.65 -17.0 0.3 0.3 0.3 0.3 0.3 0.3 0.029 0.011 0.321 0.007 0.004 0.016 2 2 2 2 2 2
1975-03-30T04:30:00 1975 3 30 4 30 0 1.6 0.4 572.0 3.8 2.49 0.14 0.0 0.0 2 2 2 2 2 2 2 2 2.3 2.56 -18.0 0.4 0.4 0.4 0.4 0.4 0.4 0.019 0.005 0.311 0.004 0.001 0.007 2 2 2 2 2 2
1975-03-30T05:30:00 1975 3 30 5 30 0 0.4 2.5 567.0 3.2 1.99 0.04 0.0 0.0 2 2 2 2 2 2 2 2 2.3 2.56 -19.0 2.5 2.5 2.5 2.5 2.5 2.5 0.013 0.003 0.301 0.002 0.0 0.003 2 2 2 2 2 2
1975-03-30T06:30:00 1975 3 30 6 30 0 2.2 0.4 560.0 2.7 1.61 0.13 0.0 0.0 2 2 2 2 2 2 2 2 2.0 2.52 -16.0 0.4 0.4 0.4 0.4 0.4 0.4 0.009 0.001 0.292 0.001 0.0 0.001 2 2 2 2 2 2
1975-03-30T07:30:00 1975 3 30 7 30 0 2.3 -0.9 571.0 2.8 1.73 0.77 1.0 0.28 2 2 2 2 2 2 2 2 2.0 2.48 -17.0 -0.9 -0.9 -0.9 -0.9 -0.9 -0.9 0.053 0.09 0.286 0.035 0.212 0.216 2 2 2 2 2 2
1975-03-30T08:30:00 1975 3 30 8 30 0 1.2 0.7 559.0 2.7 1.6 0.43 0.62 0.17 2 2 2 2 2 2 2 2 2.0 2.35 -15.0 0.7 0.7 0.7 0.7 0.7 0.7 0.05 0.07 0.279 0.027 0.115 0.153 2 2 2 2 2 2
1975-03-30T09:30:00 1975 3 30 9 30 0 1.4 -0.8 560.0 2.6 1.53 0.27 0.69 0.18 2 2 2 2 2 2 2 2 2.3 2.27 -14.0 -0.8 -0.8 -0.8 -0.8 -0.8 -0.8 0.068 0.104 0.272 0.04 0.2 0.221 2 2 2 2 2 2
1975-03-30T10:30:00 1975 3 30 10 30 0 0.9 -1.6 572.0 2.9 1.78 0.79 3.5 0.97 2 2 2 2 2 2 2 2 2.3 2.19 -14.0 -1.6 -1.6 -1.6 -1.6 -1.6 -1.6 0.167 0.242 0.276 0.138 0.499 0.501 2 2 2 2 2 2
1975-03-30T11:30:00 1975 3 30 11 30 0 2.6 0.7 577.0 2.9 1.8 0.61 1.41 0.41 2 2 2 2 2 2 2 2 2.3 2.19 -13.0 0.7 0.7 0.7 0.7 0.7 0.7 0.145 0.171 0.27 0.101 0.257 0.326 2 2 2 2 2 2
1975-03-30T12:30:00 1975 3 30 12 30 0 3.6 0.0 592.0 3.2 2.03 1.04 0.0 0.0 2 2 2 2 2 2 2 2 2.7 2.24 -7.0 0.0 0.0 0.0 0.0 0.0 0.0 0.098 0.085 0.262 0.056 0.081 0.135 2 2 2 2 2 2
1975-03-30T13:30:00 1975 3 30 13 30 0 2.3 -1.3 561.0 3.2 2.01 1.47 2.01 0.64 2 2 2 2 2 2 2 2 2.7 2.3 -9.0 -1.3 -1.3 -1.3 -1.3 -1.3 -1.3 0.152 0.192 0.261 0.104 0.369 0.437 2 2 2 2 2 2
1975-03-30T14:30:00 1975 3 30 14 30 0 1.8 2.9 560.0 2.9 1.82 0.39 0.42 0.13 2 2 2 2 2 2 2 2 2.7 2.38 -9.0 2.9 2.9 2.9 2.9 2.9 2.9 0.109 0.107 0.253 0.061 0.138 0.214 2 2 2 2 2 2
1975-03-30T15:30:00 1975 3 30 15 30 0 -1.9 3.5 564.0 2.9 1.84 0.02 0.0 0.0 2 2 2 2 2 2 2 2 1.7 2.34 -8.0 3.5 3.5 3.5 3.5 3.5 3.5 0.074 0.053 0.245 0.034 0.044 0.089 2 2 2 2 2 2
1975-03-30T16:30:00 1975 3 30 16 30 0 -2.1 2.4 562.0 2.8 1.77 0.11 0.0 0.0 2 2 2 2 2 2 2 2 1.7 2.29 -11.0 2.4 2.4 2.4 2.4 2.4 2.4 0.05 0.026 0.238 0.019 0.014 0.037 2 2 2 2 2 2
1975-03-30T17:30:00 1975 3 30 17 30 0 2.8 2.2 547.0 3.4 2.03 0.08 0.0 0.0 2 2 2 2 2 2 2 2 1.7 2.22 -11.0 2.2 2.2 2.2 2.2 2.2 2.2 0.034 0.013 0.231 0.011 0.004 0.015 2 2 2 2 2 2
1975-03-30T18:30:00 1975 3 30 18 30 0 3.3 1.3 557.0 3.3 2.05 0.52 0.0 0.0 2 2 2 2 2 2 2 2 2.0 2.18 -10.0 1.3 1.3 1.3 1.3 1.3 1.3 0.023 0.007 0.224 0.006 0.001 0.006 2 2 2 2 2 2
1975-03-30T19:30:00 1975 3 30 19 30 0 3.2 0.9 558.0 3.1 1.93 0.75 0.0 0.0 2 2 2 2 2 2 2 2 2.0 2.14 -11.0 0.9 0.9 0.9 0.9 0.9 0.9 0.016 0.003 0.217 0.003 0.0 0.003 2 2 2 2 2 2
1975-03-30T20:30:00 1975 3 30 20 30 0 4.5 -0.4 576.0 3.4 2.26 1.68 0.23 0.08 2 2 2 2 2 2 2 2 2.0 2.06 -14.0 -0.4 -0.4 -0.4 -0.4 -0.4 -0.4 0.027 0.039 0.211 0.011 0.093 0.127 2 2 2 2 2 2
1975-03-30T21:30:00 1975 3 30 21 30 0 3.5 1.4 565.0 3.8 2.43 1.52 0.08 0.03 2 2 2 2 2 2 2 2 2.7 2.06 -16.0 1.4 1.4 1.4 1.4 1.4 1.4 0.018 0.019 0.204 0.006 0.029 0.053 2 2 2 2 2 2
1975-03-30T22:30:00 1975 3 30 22 30 0 -0.8 2.8 561.0 3.9 2.45 0.14 0.0 0.0 2 2 2 2 2 2 2 2 2.7 2.07 -16.0 2.8 2.8 2.8 2.8 2.8 2.8 0.012 0.01 0.198 0.003 0.009 0.022 2 2 2 2 2 2
1975-03-30T23:30:00 1975 3 30 23 30 0 3.2 0.0 556.0 3.7 2.29 0.28 0.0 0.0 2 2 2 2 2 2 2 2 2.7 2.2 -15.0 0.0 0.0 0.0 0.0 0.0 0.0 0.008 0.005 0.192 0.002 0.003 0.009 2 2 2 2 2 2
