1975-04-18T00:30:00 1975 4 18 0 30 0 3.57 2.57 318.0 17.6 3.26 0.29 0.0 0.0 1 1 2 2 2 1 2 2 0.7 1.11 6.0 2.57 2.57 2.57 2.57 2.57 2.57 0.012 0.001 0.195 0.002 0.0 0.001 0 0 0 0 0 0
1975-04-18T01:30:00 1975 4 18 1 30 0 3.83 2.03 318.0 18.6 3.33 0.4 0.0 0.0 1 1 2 2 2 1 2 2 0.7 0.92 7.0 2.03 2.03 2.03 2.03 2.03 2.03 0.008 0.001 0.189 0.001 0.0 0.0 0 0 0 0 0 0
1975-04-18T02:30:00 1975 4 18 2 30 0 4.1 1.9 317.0 24.7 4.43 0.52 0.0 0.0 2 2 2 2 2 2 2 2 0.7 0.84 10.0 1.9 1.9 1.9 1.9 1.9 1.9 0.006 0.0 0.183 0.001 0.0 0.0 0 0 0 0 0 0
1975-04-18T03:30:00 1975 4 18 3 30 0 5.0 1.5 319.5 24.7 4.43 0.8 0.0 0.0 2 2 1 1 1 2 2 1 1.3 0.85 10.0 1.5 1.5 1.5 1.5 1.5 1.5 0.004 0.0 0.177 0.0 0.0 0.0 0 0 0 0 0 0
1975-04-18T04:30:00 1975 4 18 4 30 0 5.0 1.19 322.0 24.7 4.29 1.08 0.0 0.0 1 1 1 1 1 1 1 1 1.3 0.86 10.0 1.06 1.1 0.98 0.98 1.09 1.13 0.003 0.0 0.172 0.0 0.0 0.0 0 0 0 0 0 0
1975-04-18T05:30:00 1975 4 18 5 30 0 3.9 0.06 324.5 23.03 3.84 1.03 0.0 0.0 1 1 1 1 1 1 1 1 1.3 0.93 7.0 -0.59 -0.4 -0.95 -0.93 -0.42 -0.24 0.035 0.073 0.168 0.036 0.079 0.217 1 1 0 1 1 1
1975-04-18T06:30:00 1975 4 18 6 30 0 1.5 -0.16 327.0 20.58 3.4 0.5 0.11 0.22 1 0 1 1 1 1 1 1 0.7 0.93 2.0 -0.9 -0.68 -1.32 -1.3 -0.7 -0.51 0.133 0.288 0.17 0.135 0.262 0.884 0 0 0 0 0 0
1975-04-18T07:30:00 1975 4 18 7 30 0 -0.9 0.08 329.5 18.12 2.98 0.04 0.08 0.15 1 1 1 1 1 1 1 1 0.7 0.93 0.0 -0.57 -0.38 -0.94 -0.91 -0.4 -0.22 0.182 0.35 0.17 0.17 0.276 0.952 1 1 0 1 1 1
1975-04-18T08:30:00 1975 4 18 8 30 0 -2.0 1.35 332.0 15.67 2.99 0.08 0.0 0.0 1 1 1 1 1 1 1 1 0.7 0.92 5.0 1.21 1.25 1.13 1.14 1.25 1.29 0.128 0.174 0.165 0.1 0.087 0.395 1 1 0 1 1 1
1975-04-18T09:30:00 1975 4 18 9 30 0 -2.0 1.7 334.5 14.0 3.01 0.11 0.0 0.0 2 2 1 1 1 2 2 1 2.0 1.09 8.0 1.7 1.7 1.7 1.7 1.7 1.7 0.086 0.086 0.16 0.056 0.028 0.164 1 1 0 1 1 1
1975-04-18T10:30:00 1975 4 18 10 30 0 -0.8 1.15 337.0 14.0 3.02 0.04 0.0 0.0 1 1 2 1 1 1 2 1 2.0 1.26 8.0 1.15 1.15 1.15 1.15 1.15 1.15 0.059 0.043 0.155 0.031 0.009 0.068 1 1 0 1 1 1
1975-04-18T11:30:00 1975 4 18 11 30 0 0.4 -1.25 341.0 14.0 3.02 0.08 0.65 0.9 1 1 2 2 2 1 2 2 2.0 1.35 1.0 -1.25 -1.25 -1.25 -1.25 -1.25 -1.25 0.104 0.201 0.153 0.064 0.199 0.545 1 1 0 1 1 1
1975-04-18T12:30:00 1975 4 18 12 30 0 1.6 -1.8 343.0 15.5 3.44 0.64 2.65 3.93 2 2 2 2 2 2 2 2 3.0 1.57 -2.0 -1.8 -1.8 -1.8 -1.8 -1.8 -1.8 0.254 0.526 0.157 0.195 0.5 1.392 2 2 0 2 2 2
1975-04-18T13:30:00 1975 4 18 13 30 0 2.8 -2.3 345.0 13.2 2.97 1.45 3.56 5.06 2 2 2 2 2 2 2 2 3.0 1.79 -5.0 -2.3 -2.3 -2.3 -2.3 -2.3 -2.3 0.4 0.757 0.165 0.331 0.672 1.809 2 2 1 2 2 2
1975-04-18T14:30:00 1975 4 18 14 30 0 2.7 1.3 339.0 14.0 2.99 0.77 1.1 1.48 2 2 2 2 2 2 2 2 3.0 2.08 -5.0 1.3 1.3 1.3 1.3 1.3 1.3 0.319 0.487 0.162 0.218 0.308 1.032 2 2 1 2 2 2
1975-04-18T15:30:00 1975 4 18 15 30 0 0.2 2.0 334.0 13.6 2.89 0.06 0.0 0.0 2 2 2 2 2 2 2 2 1.7 2.19 -3.0 2.0 2.0 2.0 2.0 2.0 2.0 0.216 0.242 0.157 0.122 0.098 0.428 2 2 1 2 2 2
1975-04-18T16:30:00 1975 4 18 16 30 0 1.1 -0.4 353.0 6.9 1.76 0.04 0.09 0.06 2 2 2 2 2 2 2 2 1.7 2.3 -2.0 -0.4 -0.4 -0.4 -0.4 -0.4 -0.4 0.158 0.158 0.153 0.074 0.077 0.251 2 2 1 2 2 2
1975-04-18T17:30:00 1975 4 18 17 30 0 -3.2 -1.8 353.0 9.4 2.43 0.65 2.04 1.74 2 2 2 2 2 2 2 2 1.7 2.26 -2.0 -1.8 -1.8 -1.8 -1.8 -1.8 -1.8 0.234 0.371 0.154 0.146 0.351 0.666 2 2 1 2 2 2
1975-04-18T18:30:00 1975 4 18 18 30 0 -1.0 -1.9 371.0 9.0 2.56 1.25 3.36 3.09 2 2 2 2 2 2 2 2 1.3 2.16 -6.0 -1.9 -1.9 -1.9 -1.9 -1.9 -1.9 0.339 0.562 0.16 0.25 0.543 1.044 2 2 1 2 2 2
1975-04-18T19:30:00 1975 4 18 19 30 0 -2.0 -1.2 362.0 8.2 2.19 0.81 2.79 2.4 2 2 2 2 2 2 2 2 1.3 2.07 -7.0 -1.2 -1.2 -1.2 -1.2 -1.2 -1.2 0.37 0.582 0.163 0.256 0.513 1.032 2 2 1 2 2 2
1975-04-18T20:30:00 1975 4 18 20 30 0 -1.9 -0.5 354.0 8.4 2.07 0.56 1.47 1.22 2 2 2 2 2 2 2 2 1.3 1.86 -6.0 -0.5 -0.5 -0.5 -0.5 -0.5 -0.5 0.327 0.479 0.161 0.191 0.364 0.812 2 2 1 2 2 2
1975-04-18T21:30:00 1975 4 18 21 30 0 -2.2 -1.0 354.0 9.0 2.25 0.57 1.36 1.19 2 2 2 2 2 2 2 2 1.7 1.7 -4.0 -1.0 -1.0 -1.0 -1.0 -1.0 -1.0 0.307 0.453 0.159 0.163 0.351 0.784 2 2 1 2 2 2
1975-04-18T22:30:00 1975 4 18 22 30 0 -2.1 -3.2 351.0 8.7 2.09 1.6 3.86 3.4 2 2 2 2 2 2 2 2 1.7 1.55 -4.0 -3.2 -3.2 -3.2 -3.2 -3.2 -3.2 0.426 0.669 0.168 0.321 0.605 1.102 2 2 1 2 2 2
1975-04-18T23:30:00 1975 4 18 23 30 0 0.2 -2.6 348.0 10.0 2.36 1.83 5.02 4.71 2 2 2 2 2 2 2 2 1.7 1.55 -6.0 -2.6 -2.6 -2.6 -2.6 -2.6 -2.6 0.541 0.833 0.18 0.452 0.728 1.362 2 2 1 2 2 2
