1975-05-27T00:30:00 1975 5 27 0 30 0 -2.9 6.1 387.0 12.9 3.57 0.02 0.0 0.0 2 2 2 2 2 2 2 2 2.0 1.59 10.0 6.1 6.1 6.1 6.1 6.1 6.1 0.002 0.0 0.484 0.0 0.0 0.0 2 2 2 2 2 2
1975-05-27T01:30:00 1975 5 27 1 30 0 2.0 6.5 395.0 10.0 2.77 0.02 0.0 0.0 2 2 2 2 2 2 2 2 2.0 1.63 7.0 6.5 6.5 6.5 6.5 6.5 6.5 0.002 0.0 0.469 0.0 0.0 0.0 2 2 2 2 2 2
1975-05-27T02:30:00 1975 5 27 2 30 0 -1.3 3.1 404.0 15.2 4.49 0.01 0.0 0.0 2 2 2 2 2 2 2 2 2.0 1.72 10.0 3.1 3.1 3.1 3.1 3.1 3.1 0.001 0.0 0.455 0.0 0.0 0.0 2 2 2 2 2 2
1975-05-27T03:30:00 1975 5 27 3 30 0 -1.8 -0.4 402.0 17.9 5.22 0.13 0.09 0.15 2 2 2 2 2 2 2 2 2.0 1.81 11.0 -0.4 -0.4 -0.4 -0.4 -0.4 -0.4 0.02 0.059 0.442 0.011 0.084 0.343 2 2 2 2 2 2
1975-05-27T04:30:00 1975 5 27 4 30 0 1.4 -0.9 423.0 16.5 5.44 0.23 1.39 2.37 2 2 2 2 2 2 2 2 2.0 1.89 5.0 -0.9 -0.9 -0.9 -0.9 -0.9 -0.9 0.126 0.304 0.433 0.084 0.393 1.571 2 2 2 2 2 2
1975-05-27T05:30:00 1975 5 27 5 30 0 4.4 4.7 435.0 12.5 4.42 0.36 0.08 0.12 2 2 2 2 2 2 2 2 2.0 1.93 1.0 4.7 4.7 4.7 4.7 4.7 4.7 0.085 0.151 0.42 0.047 0.124 0.652 2 2 2 2 2 2
1975-05-27T06:30:00 1975 5 27 6 30 0 1.7 5.2 444.0 15.2 5.48 0.18 0.0 0.0 2 2 2 2 2 2 2 2 2.7 2.06 9.0 5.2 5.2 5.2 5.2 5.2 5.2 0.058 0.075 0.407 0.026 0.039 0.27 2 2 2 2 2 2
1975-05-27T07:30:00 1975 5 27 7 30 0 -3.0 0.1 476.0 21.9 8.58 0.15 0.0 0.0 2 2 2 2 2 2 2 2 2.7 2.18 19.0 0.1 0.1 0.1 0.1 0.1 0.1 0.039 0.037 0.395 0.015 0.012 0.112 2 2 2 2 2 2
1975-05-27T08:30:00 1975 5 27 8 30 0 -2.6 0.9 479.0 22.6 9.01 0.59 0.0 0.0 2 2 2 2 2 2 2 2 2.7 2.27 22.0 0.9 0.9 0.9 0.9 0.9 0.9 0.026 0.018 0.383 0.008 0.004 0.047 2 2 2 2 2 2
1975-05-27T09:30:00 1975 5 27 9 30 0 0.3 1.2 469.0 27.7 10.42 0.09 0.0 0.0 2 2 2 2 2 2 2 2 2.3 2.31 24.0 1.2 1.2 1.2 1.2 1.2 1.2 0.018 0.009 0.371 0.005 0.001 0.019 2 2 2 2 2 2
1975-05-27T10:30:00 1975 5 27 10 30 0 1.2 0.4 468.0 24.8 9.36 0.03 0.0 0.0 2 2 2 2 2 2 2 2 2.3 2.34 27.0 0.4 0.4 0.4 0.4 0.4 0.4 0.012 0.005 0.36 0.003 0.0 0.008 2 2 2 2 2 2
1975-05-27T11:30:00 1975 5 27 11 30 0 -1.0 1.1 458.0 21.8 8.0 0.01 0.0 0.0 2 2 2 2 2 2 2 2 2.3 2.38 24.0 1.1 1.1 1.1 1.1 1.1 1.1 0.008 0.002 0.349 0.001 0.0 0.003 2 2 2 2 2 2
1975-05-27T12:30:00 1975 5 27 12 30 0 -2.1 -0.4 456.0 14.2 5.11 0.24 0.16 0.24 2 2 2 2 2 2 2 2 3.3 2.54 13.0 -0.4 -0.4 -0.4 -0.4 -0.4 -0.4 0.027 0.063 0.339 0.012 0.104 0.421 2 2 2 2 2 2
1975-05-27T13:30:00 1975 5 27 13 30 0 1.8 -0.3 427.0 9.1 2.96 0.19 0.76 0.88 2 2 2 2 2 2 2 2 3.3 2.71 4.0 -0.3 -0.3 -0.3 -0.3 -0.3 -0.3 0.068 0.164 0.33 0.031 0.216 0.759 2 2 2 2 2 2
1975-05-27T14:30:00 1975 5 27 14 30 0 4.6 2.6 419.0 8.0 2.51 0.58 0.01 0.01 2 2 2 2 2 2 2 2 3.3 2.78 3.0 2.6 2.6 2.6 2.6 2.6 2.6 0.046 0.081 0.32 0.018 0.068 0.315 2 2 2 2 2 2
1975-05-27T15:30:00 1975 5 27 15 30 0 1.4 -0.7 415.0 7.5 2.35 0.51 0.22 0.17 2 2 2 2 2 2 2 2 2.0 2.69 2.0 -0.7 -0.7 -0.7 -0.7 -0.7 -0.7 0.054 0.099 0.311 0.026 0.112 0.293 2 2 2 2 2 2
1975-05-27T16:30:00 1975 5 27 16 30 0 -5.4 -0.7 424.0 6.0 2.02 1.06 1.47 0.98 2 2 2 2 2 2 2 2 2.0 2.6 -3.0 -0.7 -0.7 -0.7 -0.7 -0.7 -0.7 0.112 0.22 0.305 0.063 0.274 0.533 2 2 2 2 2 2
1975-05-27T17:30:00 1975 5 27 17 30 0 -5.9 0.2 418.0 4.8 1.56 2.78 0.51 0.29 2 2 2 2 2 2 2 2 2.0 2.56 -8.0 0.2 0.2 0.2 0.2 0.2 0.2 0.095 0.155 0.297 0.044 0.142 0.326 2 2 2 2 2 2
1975-05-27T18:30:00 1975 5 27 18 30 0 -4.8 0.1 424.0 7.7 2.52 2.22 0.0 0.0 2 2 2 2 2 2 2 2 2.7 2.6 -5.0 0.1 0.1 0.1 0.1 0.1 0.1 0.064 0.077 0.288 0.025 0.045 0.135 2 2 2 2 2 2
1975-05-27T19:30:00 1975 5 27 19 30 0 -3.3 -2.0 422.0 9.3 2.96 2.06 2.19 1.94 2 2 2 2 2 2 2 2 2.7 2.65 -1.0 -2.0 -2.0 -2.0 -2.0 -2.0 -2.0 0.186 0.335 0.288 0.145 0.447 0.923 2 2 2 2 2 2
1975-05-27T20:30:00 1975 5 27 20 30 0 -1.2 -0.5 418.0 9.7 3.03 1.05 2.5 2.36 2 2 2 2 2 2 2 2 2.7 2.58 0.0 -0.5 -0.5 -0.5 -0.5 -0.5 -0.5 0.246 0.418 0.286 0.174 0.473 1.161 2 2 2 2 2 2
1975-05-27T21:30:00 1975 5 27 21 30 0 0.6 0.4 417.0 9.9 3.07 0.04 0.25 0.24 2 2 2 2 2 2 2 2 2.3 2.46 1.0 0.4 0.4 0.4 0.4 0.4 0.4 0.177 0.236 0.278 0.102 0.182 0.592 2 2 2 2 2 2
1975-05-27T22:30:00 1975 5 27 22 30 0 0.3 -0.3 411.0 11.8 3.49 0.02 0.16 0.18 2 2 2 2 2 2 2 2 2.3 2.34 5.0 -0.3 -0.3 -0.3 -0.3 -0.3 -0.3 0.138 0.177 0.27 0.065 0.142 0.515 2 2 2 2 2 2
1975-05-27T23:30:00 1975 5 27 23 30 0 0.1 0.1 417.0 13.3 4.03 0.01 0.21 0.25 2 2 2 2 2 2 2 2 2.3 2.38 8.0 0.1 0.1 0.1 0.1 0.1 0.1 0.105 0.12 0.262 0.04 0.081 0.365 2 2 2 2 2 2
