1975-11-27T00:30:00 1975 11 27 0 30 0 0.86 0.07 402.0 8.47 3.19 0.06 0.0 0.0 0 0 1 0 0 0 1 0 2.3 1.4 -16.0 -0.89 -0.62 -1.44 -1.41 -0.65 -0.42 0.313 0.352 0.439 0.292 0.345 0.683 0 0 0 0 0 0
1975-11-27T01:30:00 1975 11 27 1 30 0 0.86 0.07 402.0 8.47 3.19 0.06 0.0 0.0 0 0 1 0 0 0 1 0 2.3 1.6 -20.0 -0.89 -0.62 -1.44 -1.41 -0.65 -0.42 0.311 0.352 0.435 0.291 0.344 0.681 0 0 0 0 0 0
1975-11-27T02:30:00 1975 11 27 2 30 0 1.15 0.07 402.0 8.47 3.19 0.08 0.0 0.0 1 0 1 0 0 1 1 0 2.3 1.77 -19.0 -0.89 -0.62 -1.44 -1.4 -0.65 -0.42 0.31 0.352 0.431 0.29 0.344 0.68 0 0 0 0 0 0
1975-11-27T03:30:00 1975 11 27 3 30 0 1.92 0.07 402.0 8.47 3.19 0.2 0.0 0.0 1 0 1 0 0 1 1 0 0.7 1.72 -16.0 -0.89 -0.62 -1.44 -1.4 -0.65 -0.42 0.31 0.352 0.427 0.289 0.344 0.68 0 0 0 0 0 0
1975-11-27T04:30:00 1975 11 27 4 30 0 2.69 0.09 402.0 8.46 3.19 0.44 0.0 0.0 1 1 1 0 0 1 1 1 0.7 1.67 -11.0 -0.75 -0.51 -1.23 -1.2 -0.54 -0.34 0.3 0.337 0.422 0.273 0.324 0.65 0 0 0 0 0 0
1975-11-27T05:30:00 1975 11 27 5 30 0 3.1 0.18 402.0 8.46 3.19 0.65 0.0 0.0 1 1 1 0 0 1 1 1 0.7 1.54 -10.0 0.0 0.05 -0.11 -0.1 0.04 0.08 0.235 0.225 0.412 0.186 0.172 0.391 0 0 0 0 0 0
1975-11-27T06:30:00 1975 11 27 6 30 0 3.1 0.2 402.0 7.96 3.19 0.72 0.0 0.0 2 2 1 1 0 2 2 1 2.0 1.58 -10.0 0.2 0.2 0.2 0.2 0.2 0.2 0.159 0.112 0.399 0.104 0.054 0.162 0 0 0 0 0 0
1975-11-27T07:30:00 1975 11 27 7 30 0 3.1 0.18 402.0 7.03 3.17 0.72 0.0 0.0 1 1 1 1 1 1 1 1 2.0 1.62 -10.0 0.0 0.05 -0.1 -0.1 0.04 0.09 0.108 0.055 0.387 0.06 0.017 0.067 0 0 0 0 0 0
1975-11-27T08:30:00 1975 11 27 8 30 0 3.1 0.09 402.0 6.1 2.65 0.74 0.0 0.0 1 1 1 1 1 1 1 1 2.0 1.59 -13.0 -0.75 -0.51 -1.22 -1.19 -0.53 -0.34 0.125 0.126 0.379 0.092 0.142 0.203 0 1 0 1 1 1
1975-11-27T09:30:00 1975 11 27 9 30 0 3.1 0.16 402.0 5.16 2.12 0.75 0.0 0.0 1 1 1 1 1 1 1 1 1.3 1.47 -14.0 -0.68 -0.45 -1.16 -1.13 -0.47 -0.28 0.154 0.183 0.374 0.133 0.206 0.272 1 1 0 1 1 1
1975-11-27T10:30:00 1975 11 27 10 30 0 3.1 0.58 402.0 4.4 1.59 0.66 0.0 0.0 1 1 1 1 1 1 1 1 1.3 1.35 -13.0 0.4 0.45 0.3 0.31 0.45 0.49 0.117 0.104 0.363 0.089 0.082 0.128 1 1 0 1 1 1
1975-11-27T11:30:00 1975 11 27 11 30 0 3.1 0.7 402.0 4.4 1.42 0.59 0.0 0.0 2 2 1 1 1 2 2 1 1.3 1.42 -12.0 0.7 0.7 0.7 0.7 0.7 0.7 0.079 0.052 0.352 0.05 0.026 0.053 1 1 0 1 1 1
1975-11-27T12:30:00 1975 11 27 12 30 0 2.0 -1.7 402.0 4.4 1.42 0.81 1.36 0.6 2 2 2 2 2 2 2 2 1.0 1.45 -11.0 -1.7 -1.7 -1.7 -1.7 -1.7 -1.7 0.128 0.185 0.346 0.09 0.238 0.261 1 2 0 2 2 2
1975-11-27T13:30:00 1975 11 27 13 30 0 -0.5 -1.3 402.0 4.5 1.45 0.66 2.98 1.33 2 2 2 2 2 2 2 2 1.0 1.48 -12.0 -1.3 -1.3 -1.3 -1.3 -1.3 -1.3 0.204 0.323 0.342 0.15 0.385 0.441 2 2 0 2 2 2
1975-11-27T14:30:00 1975 11 27 14 30 0 0.0 -1.1 400.0 4.1 1.31 0.36 2.39 1.02 2 2 2 2 2 2 2 2 1.0 1.35 -14.0 -1.1 -1.1 -1.1 -1.1 -1.1 -1.1 0.234 0.356 0.337 0.158 0.383 0.458 2 2 0 2 2 2
1975-11-27T15:30:00 1975 11 27 15 30 0 1.5 0.0 397.0 6.3 1.99 0.18 1.01 0.49 2 2 2 2 2 2 2 2 1.3 1.27 -11.0 0.0 0.0 0.0 0.0 0.0 0.0 0.195 0.26 0.328 0.109 0.219 0.338 2 2 0 2 2 2
1975-11-27T16:30:00 1975 11 27 16 30 0 0.5 0.7 394.5 6.5 2.03 0.06 0.0 0.0 2 2 1 1 1 2 2 1 1.3 1.19 -11.0 0.7 0.7 0.7 0.7 0.7 0.7 0.132 0.129 0.318 0.061 0.069 0.14 2 2 0 2 2 2
1975-11-27T17:30:00 1975 11 27 17 30 0 0.3 0.6 392.0 6.7 2.06 0.0 0.0 0.0 2 2 2 2 2 2 2 2 1.3 1.19 -10.0 0.6 0.6 0.6 0.6 0.6 0.6 0.089 0.064 0.309 0.034 0.022 0.058 2 2 0 2 2 2
1975-11-27T18:30:00 1975 11 27 18 30 0 0.3 0.4 389.0 6.9 2.09 0.0 0.0 0.0 2 2 2 2 2 2 2 2 1.0 1.15 -9.0 0.4 0.4 0.4 0.4 0.4 0.4 0.061 0.032 0.299 0.019 0.007 0.024 2 2 0 2 2 2
1975-11-27T19:30:00 1975 11 27 19 30 0 0.4 -0.2 386.0 6.8 2.03 0.01 0.08 0.05 2 2 2 2 2 2 2 2 1.0 1.11 -9.0 -0.2 -0.2 -0.2 -0.2 -0.2 -0.2 0.05 0.047 0.29 0.014 0.044 0.096 2 2 0 2 2 2
1975-11-27T20:30:00 1975 11 27 20 30 0 0.4 0.2 385.0 7.5 2.22 0.01 0.08 0.06 2 2 2 2 2 2 2 2 1.0 1.11 -10.0 0.2 0.2 0.2 0.2 0.2 0.2 0.037 0.033 0.281 0.008 0.023 0.063 2 2 0 2 2 2
1975-11-27T21:30:00 1975 11 27 21 30 0 0.42 0.18 383.3 7.43 2.21 0.01 0.0 0.0 1 1 1 1 1 1 1 1 1.7 1.2 -10.0 0.0 0.05 -0.1 -0.09 0.05 0.09 0.025 0.016 0.273 0.006 0.007 0.026 2 2 0 2 2 2
1975-11-27T22:30:00 1975 11 27 22 30 0 0.45 -0.18 381.7 7.37 2.2 0.02 0.1 0.07 1 1 1 1 1 1 1 1 1.7 1.29 -9.0 -0.89 -0.69 -1.29 -1.27 -0.71 -0.55 0.079 0.138 0.269 0.067 0.167 0.269 1 1 0 1 1 1
1975-11-27T23:30:00 1975 11 27 23 30 0 0.48 -1.69 380.0 7.3 2.19 0.3 1.9 1.39 1 1 2 2 2 1 2 2 1.7 1.34 -9.0 -1.87 -1.82 -1.97 -1.97 -1.83 -1.78 0.198 0.358 0.27 0.184 0.414 0.654 1 1 0 1 1 1
