1975-03-13T00:30:00 1975 3 13 0 30 0 -3.25 0.35 741.0 2.5 2.71 1.17 0.0 0.0 1 1 2 2 2 1 2 2 4.7 5.1 -48.0 0.35 0.35 0.35 0.35 0.35 0.35 0.31 0.141 0.67 0.211 0.145 0.295 1 2 1 1 2 2
1975-03-13T01:30:00 1975 3 13 1 30 0 -2.9 -1.1 734.0 2.47 2.59 1.8 1.7 0.42 2 2 2 1 1 2 2 2 4.7 5.14 -44.0 -1.1 -1.1 -1.1 -1.1 -1.1 -1.1 0.278 0.176 0.657 0.179 0.41 0.524 1 1 1 1 1 1
1975-03-13T02:30:00 1975 3 13 2 30 0 -2.4 -0.55 737.0 2.43 2.46 1.7 2.95 0.72 1 1 2 1 1 1 2 1 4.7 5.07 -38.0 -0.55 -0.55 -0.55 -0.55 -0.55 -0.55 0.273 0.211 0.647 0.17 0.522 0.669 1 1 1 1 1 1
1975-03-13T03:30:00 1975 3 13 3 30 0 -1.9 0.0 714.0 2.4 2.34 0.84 0.92 0.22 2 2 2 2 2 2 2 2 3.0 4.77 -37.0 0.0 0.0 0.0 0.0 0.0 0.0 0.209 0.146 0.629 0.108 0.281 0.439 1 1 1 1 1 1
1975-03-13T04:30:00 1975 3 13 4 30 0 -2.0 -0.19 712.0 1.9 1.96 0.62 0.37 0.08 1 1 2 2 2 1 2 2 3.0 4.47 -35.0 -0.19 -0.19 -0.19 -0.19 -0.19 -0.19 0.158 0.107 0.611 0.067 0.197 0.313 1 1 1 1 1 1
1975-03-13T05:30:00 1975 3 13 5 30 0 -2.1 -1.01 736.0 2.2 2.38 1.05 2.31 0.48 1 1 2 2 2 1 2 2 3.0 4.18 -35.0 -1.01 -1.01 -1.01 -1.01 -1.01 -1.01 0.185 0.17 0.601 0.104 0.451 0.507 1 1 1 1 1 1
1975-03-13T06:30:00 1975 3 13 6 30 0 -2.2 -1.2 714.0 2.1 2.12 1.56 4.03 0.86 2 2 2 2 2 2 2 2 2.3 3.81 -35.0 -1.2 -1.2 -1.2 -1.2 -1.2 -1.2 0.24 0.241 0.597 0.171 0.644 0.672 2 2 1 2 2 2
1975-03-13T07:30:00 1975 3 13 7 30 0 -0.7 -0.8 699.0 1.8 1.82 0.9 3.47 0.68 2 2 2 2 2 2 2 2 2.3 3.43 -36.0 -0.8 -0.8 -0.8 -0.8 -0.8 -0.8 0.254 0.249 0.59 0.177 0.598 0.615 2 2 1 2 2 2
1975-03-13T08:30:00 1975 3 13 8 30 0 -2.3 -0.4 708.0 2.0 2.02 0.68 2.05 0.39 2 2 2 2 2 2 2 2 2.3 3.14 -36.0 -0.4 -0.4 -0.4 -0.4 -0.4 -0.4 0.228 0.212 0.577 0.138 0.457 0.509 2 2 1 2 2 2
1975-03-13T09:30:00 1975 3 13 9 30 0 -2.3 -0.36 705.0 2.2 2.3 1.0 1.34 0.28 1 1 2 2 2 1 2 2 3.3 2.97 -32.0 -0.48 -0.45 -0.54 -0.54 -0.45 -0.42 0.205 0.187 0.565 0.115 0.395 0.469 2 2 1 2 1 1
1975-03-13T10:30:00 1975 3 13 10 30 0 -1.89 -0.22 659.0 2.0 1.75 0.76 0.97 0.2 1 1 2 2 2 1 2 2 3.3 2.81 -32.0 -0.78 -0.62 -1.08 -1.06 -0.64 -0.49 0.207 0.188 0.557 0.138 0.403 0.429 1 1 1 1 1 1
1975-03-13T11:30:00 1975 3 13 11 30 0 -1.12 -0.2 644.0 2.0 1.66 0.38 0.68 0.14 1 0 2 2 2 1 1 1 3.3 2.86 -25.0 -0.84 -0.65 -1.18 -1.16 -0.67 -0.5 0.218 0.195 0.551 0.172 0.41 0.391 1 1 1 1 0 1
1975-03-13T12:30:00 1975 3 13 12 30 0 -0.36 -0.2 638.0 2.2 1.82 0.11 0.64 0.14 1 0 2 2 2 1 1 1 3.0 2.86 -21.0 -0.84 -0.65 -1.18 -1.16 -0.67 -0.5 0.228 0.202 0.547 0.196 0.417 0.388 1 0 1 0 0 0
1975-03-13T13:30:00 1975 3 13 13 30 0 -0.41 -0.2 644.0 2.4 2.05 0.05 0.64 0.15 1 0 2 2 2 1 1 1 3.0 2.86 -17.0 -0.84 -0.65 -1.18 -1.16 -0.67 -0.5 0.237 0.21 0.543 0.213 0.432 0.416 0 0 1 0 0 0
1975-03-13T14:30:00 1975 3 13 14 30 0 -1.31 -0.2 640.0 2.5 2.13 0.17 0.64 0.16 1 0 2 2 2 1 1 1 3.0 2.94 -19.0 -0.84 -0.65 -1.18 -1.16 -0.67 -0.5 0.246 0.217 0.539 0.225 0.443 0.445 0 0 1 0 0 0
1975-03-13T15:30:00 1975 3 13 15 30 0 -2.21 -0.61 645.0 2.8 2.47 0.65 1.36 0.36 1 1 2 2 2 1 2 2 3.7 3.12 -21.0 -1.17 -1.0 -1.46 -1.45 -1.02 -0.87 0.274 0.253 0.539 0.261 0.538 0.571 1 1 1 1 1 1
1975-03-13T16:30:00 1975 3 13 16 30 0 -2.7 -2.8 661.0 3.6 3.19 2.65 5.89 1.95 1 1 2 2 2 1 2 2 3.7 3.29 -27.0 -2.92 -2.89 -2.98 -2.98 -2.89 -2.86 0.421 0.427 0.562 0.479 1.028 1.193 1 1 1 1 1 1
1975-03-13T17:30:00 1975 3 13 17 30 0 -2.7 -3.4 673.0 3.9 3.59 5.32 10.43 3.93 2 2 2 2 2 2 2 2 3.7 3.34 -35.0 -3.4 -3.4 -3.4 -3.4 -3.4 -3.4 0.622 0.619 0.609 0.777 1.491 1.918 1 2 1 2 2 2
1975-03-13T18:30:00 1975 3 13 18 30 0 0.4 -3.0 675.0 3.9 3.48 4.36 10.73 4.18 2 2 2 2 2 2 2 2 6.0 3.7 -41.0 -3.0 -3.0 -3.0 -3.0 -3.0 -3.0 0.754 0.71 0.653 0.928 1.626 2.261 2 2 1 2 2 2
1975-03-13T19:30:00 1975 3 13 19 30 0 0.2 -1.8 665.0 4.0 3.54 2.25 7.87 3.11 2 2 2 2 2 2 2 2 6.0 4.05 -40.0 -1.8 -1.8 -1.8 -1.8 -1.8 -1.8 0.756 0.67 0.674 0.831 1.398 2.143 2 2 1 2 2 2
1975-03-13T20:30:00 1975 3 13 20 30 0 -0.5 1.4 651.0 3.7 3.11 0.2 1.43 0.56 2 2 2 2 2 2 2 2 6.0 4.42 -39.0 1.4 1.4 1.4 1.4 1.4 1.4 0.545 0.382 0.657 0.49 0.556 1.092 2 2 1 2 2 2
1975-03-13T21:30:00 1975 3 13 21 30 0 -0.4 0.6 639.0 3.3 2.74 0.0 0.0 0.0 2 2 2 2 2 2 2 2 4.3 4.58 -38.0 0.6 0.6 0.6 0.6 0.6 0.6 0.369 0.19 0.637 0.275 0.176 0.453 2 2 1 2 2 2
1975-03-13T22:30:00 1975 3 13 22 30 0 -0.4 0.45 674.0 3.1 2.76 0.01 0.0 0.0 1 1 2 2 2 1 2 2 4.3 4.72 -39.0 0.33 0.37 0.27 0.27 0.36 0.4 0.25 0.094 0.617 0.154 0.056 0.188 2 2 1 2 2 2
1975-03-13T23:30:00 1975 3 13 23 30 0 -0.34 -0.09 649.0 3.2 2.64 0.01 0.04 0.01 1 1 2 2 2 1 2 2 4.3 4.79 -42.0 -0.65 -0.49 -0.95 -0.93 -0.51 -0.36 0.21 0.105 0.604 0.134 0.193 0.25 2 1 1 2 1 1
