1975-10-26T00:30:00 1975 10 26 0 30 0 0.2 -0.9 334.0 13.8 3.08 0.55 1.65 2.05 2 2 2 2 2 2 2 2 2.0 0.57 5.0 -0.9 -0.9 -0.9 -0.9 -0.9 -0.9 0.169 0.392 0.08 0.103 0.341 0.877 2 2 2 2 2 2
1975-10-26T01:30:00 1975 10 26 1 30 0 -2.5 1.1 329.0 14.9 3.23 0.12 0.28 0.39 2 2 2 2 2 2 2 2 2.0 0.74 8.0 1.1 1.1 1.1 1.1 1.1 1.1 0.126 0.225 0.077 0.063 0.132 0.446 2 2 2 2 2 2
1975-10-26T02:30:00 1975 10 26 2 30 0 -2.05 1.9 327.3 14.17 2.93 0.15 0.0 0.0 1 1 1 1 1 1 1 1 2.0 0.96 7.0 1.9 1.9 1.9 1.9 1.9 1.9 0.085 0.112 0.075 0.035 0.042 0.185 2 2 2 2 2 2
1975-10-26T03:30:00 1975 10 26 3 30 0 -1.6 2.7 325.7 13.43 2.64 0.06 0.0 0.0 2 2 1 1 1 2 2 1 0.3 0.95 7.0 2.7 2.7 2.7 2.7 2.7 2.7 0.058 0.055 0.073 0.02 0.013 0.077 2 2 2 2 2 2
1975-10-26T04:30:00 1975 10 26 4 30 0 -2.7 1.4 324.0 12.7 2.34 0.12 0.0 0.0 1 1 2 2 2 1 2 2 0.3 0.94 7.0 1.4 1.4 1.4 1.4 1.4 1.4 0.039 0.028 0.071 0.011 0.004 0.032 2 2 2 2 2 2
1975-10-26T05:30:00 1975 10 26 5 30 0 -3.8 0.1 326.0 13.4 2.85 0.56 0.0 0.0 2 2 2 2 2 2 2 2 0.3 0.93 6.0 0.1 0.1 0.1 0.1 0.1 0.1 0.026 0.014 0.068 0.006 0.001 0.013 2 2 2 2 2 2
1975-10-26T06:30:00 1975 10 26 6 30 0 -3.8 -1.3 329.0 13.3 2.88 1.26 1.08 1.44 2 2 2 2 2 2 2 2 1.0 1.02 5.0 -1.3 -1.3 -1.3 -1.3 -1.3 -1.3 0.11 0.26 0.07 0.067 0.251 0.631 2 2 2 2 2 2
1975-10-26T07:30:00 1975 10 26 7 30 0 -3.8 -1.08 336.0 12.4 2.98 1.56 1.96 2.52 1 1 2 2 2 1 2 2 1.0 1.1 4.0 -1.23 -1.19 -1.32 -1.31 -1.19 -1.15 0.21 0.455 0.074 0.146 0.398 1.008 1 1 2 1 1 1
1975-10-26T08:30:00 1975 10 26 8 30 0 -3.0 -0.28 334.0 13.6 2.78 1.05 1.08 1.4 1 1 2 2 2 1 2 2 1.0 0.98 4.0 -0.99 -0.78 -1.38 -1.35 -0.8 -0.62 0.262 0.497 0.078 0.196 0.391 1.047 1 1 2 1 1 1
1975-10-26T09:30:00 1975 10 26 9 30 0 -1.52 -0.13 331.0 13.6 2.71 0.4 0.33 0.45 1 0 2 2 2 1 1 1 1.0 0.86 4.0 -0.94 -0.7 -1.39 -1.36 -0.73 -0.52 0.287 0.483 0.082 0.226 0.356 0.968 1 1 2 1 0 0
1975-10-26T10:30:00 1975 10 26 10 30 0 -0.05 -0.13 333.0 13.1 2.71 0.06 0.22 0.29 1 0 2 2 2 1 1 1 1.0 0.75 6.0 -0.94 -0.7 -1.39 -1.37 -0.73 -0.52 0.301 0.468 0.087 0.243 0.338 0.904 0 0 2 0 0 0
1975-10-26T11:30:00 1975 10 26 11 30 0 0.52 -0.13 338.0 15.1 3.15 0.01 0.22 0.31 0 0 2 2 2 1 1 1 1.0 0.83 11.0 -0.94 -0.7 -1.39 -1.37 -0.73 -0.52 0.315 0.471 0.091 0.259 0.346 0.956 0 0 1 0 0 0
1975-10-26T12:30:00 1975 10 26 12 30 0 0.52 -0.13 337.9 15.1 3.15 0.03 0.22 0.33 0 0 1 1 1 0 1 1 0.7 0.88 9.0 -0.94 -0.7 -1.39 -1.37 -0.73 -0.52 0.327 0.477 0.096 0.271 0.354 1.015 0 0 1 0 0 0
1975-10-26T13:30:00 1975 10 26 13 30 0 0.52 -0.13 337.7 15.01 3.15 0.03 0.22 0.33 0 0 1 1 1 0 1 1 0.7 0.92 2.0 -0.95 -0.7 -1.4 -1.37 -0.73 -0.52 0.336 0.479 0.1 0.278 0.356 1.036 0 0 1 0 0 0
1975-10-26T14:30:00 1975 10 26 14 30 0 0.52 -0.13 337.6 14.87 3.13 0.03 0.22 0.33 0 0 1 1 1 0 1 1 0.7 0.88 3.0 -0.95 -0.7 -1.4 -1.37 -0.73 -0.52 0.342 0.48 0.104 0.281 0.356 1.037 0 0 1 0 0 0
1975-10-26T15:30:00 1975 10 26 15 30 0 0.52 -0.13 337.4 14.73 3.1 0.03 0.22 0.32 0 0 1 1 1 0 1 1 2.7 1.11 -1.0 -0.95 -0.71 -1.4 -1.37 -0.73 -0.52 0.345 0.48 0.108 0.282 0.354 1.03 0 0 1 0 0 0
1975-10-26T16:30:00 1975 10 26 16 30 0 0.52 -0.13 337.3 14.59 3.08 0.03 0.22 0.32 0 0 1 1 1 0 1 1 2.7 1.33 -6.0 -0.95 -0.71 -1.4 -1.37 -0.73 -0.52 0.347 0.48 0.112 0.282 0.353 1.019 0 0 1 0 0 0
1975-10-26T17:30:00 1975 10 26 17 30 0 0.52 -0.13 337.1 14.5 3.08 0.03 0.22 0.32 0 0 1 1 1 0 1 1 2.7 1.55 -5.0 -0.95 -0.71 -1.4 -1.37 -0.73 -0.52 0.348 0.479 0.116 0.282 0.352 1.008 0 0 1 0 0 0
1975-10-26T18:30:00 1975 10 26 18 30 0 0.52 -0.14 337.0 14.5 3.08 0.03 0.23 0.33 0 0 2 2 2 1 1 1 1.0 1.54 -1.0 -0.95 -0.71 -1.4 -1.38 -0.73 -0.52 0.349 0.479 0.12 0.282 0.351 1.002 0 0 1 0 0 0
1975-10-26T19:30:00 1975 10 26 19 30 0 0.73 -0.14 337.0 14.0 3.0 0.04 0.24 0.34 1 0 2 2 2 1 1 1 1.0 1.53 7.0 -0.95 -0.71 -1.4 -1.38 -0.73 -0.52 0.348 0.476 0.123 0.282 0.348 0.981 0 0 1 0 0 0
1975-10-26T20:30:00 1975 10 26 20 30 0 1.27 -0.14 332.0 13.6 2.72 0.09 0.23 0.32 1 0 2 2 2 1 1 1 1.0 1.56 3.0 -0.95 -0.71 -1.41 -1.38 -0.73 -0.52 0.345 0.471 0.127 0.278 0.34 0.937 0 0 1 0 0 0
1975-10-26T21:30:00 1975 10 26 21 30 0 1.81 0.28 330.7 15.53 3.2 0.16 0.03 0.04 1 1 1 1 1 1 1 1 2.0 1.72 4.0 -0.43 -0.22 -0.83 -0.81 -0.24 -0.06 0.31 0.39 0.128 0.237 0.256 0.716 0 0 1 0 1 0
1975-10-26T22:30:00 1975 10 26 22 30 0 2.1 2.49 329.3 17.47 3.69 0.11 0.0 0.0 1 1 1 1 1 1 1 1 2.0 1.88 1.0 2.34 2.39 2.26 2.26 2.38 2.42 0.21 0.194 0.124 0.133 0.081 0.297 0 0 1 0 1 0
1975-10-26T23:30:00 1975 10 26 23 30 0 2.1 3.1 328.0 19.4 4.17 0.07 0.0 0.0 2 2 2 2 2 2 2 2 2.0 1.8 4.0 3.1 3.1 3.1 3.1 3.1 3.1 0.142 0.096 0.12 0.074 0.026 0.123 0 0 1 0 1 0
