1975-03-09T00:30:00 1975 3 9 0 30 0 0.07 -0.13 345.0 6.1 1.4 0.0 0.22 0.14 0 0 2 2 2 1 1 1 0.3 0.35 -8.0 -0.82 -0.63 -1.17 -1.15 -0.65 -0.48 0.223 0.294 0.248 0.161 0.236 0.327 0 0 1 0 0 0
1975-03-09T01:30:00 1975 3 9 1 30 0 0.07 -0.13 342.0 6.7 1.51 0.0 0.22 0.14 0 0 2 2 2 1 1 1 0.3 0.3 -7.0 -0.82 -0.63 -1.17 -1.15 -0.65 -0.48 0.225 0.3 0.245 0.162 0.239 0.344 0 0 1 0 0 0
1975-03-09T02:30:00 1975 3 9 2 30 0 0.07 -0.14 359.0 5.65 1.31 0.0 0.24 0.15 0 0 2 1 1 1 1 1 0.3 0.3 -4.0 -0.82 -0.63 -1.17 -1.15 -0.65 -0.48 0.225 0.298 0.242 0.163 0.242 0.342 0 0 1 0 0 0
1975-03-09T03:30:00 1975 3 9 3 30 0 0.07 -0.14 355.0 4.6 1.1 0.01 0.25 0.13 0 0 2 2 2 1 1 1 0.3 0.3 -3.0 -0.82 -0.63 -1.17 -1.15 -0.65 -0.48 0.221 0.285 0.239 0.159 0.231 0.301 0 0 1 0 0 0
1975-03-09T04:30:00 1975 3 9 4 30 0 0.07 -0.14 357.0 4.8 1.13 0.01 0.25 0.12 0 0 2 2 2 1 1 1 0.3 0.3 -1.0 -0.82 -0.64 -1.17 -1.15 -0.65 -0.48 0.217 0.276 0.236 0.155 0.226 0.276 0 0 1 0 0 0
1975-03-09T05:30:00 1975 3 9 5 30 0 0.07 -0.14 357.0 5.9 1.36 0.01 0.25 0.13 0 0 2 2 2 1 1 1 0.3 0.3 -1.0 -0.82 -0.64 -1.17 -1.15 -0.66 -0.48 0.218 0.283 0.233 0.157 0.237 0.301 0 0 1 0 0 0
1975-03-09T06:30:00 1975 3 9 6 30 0 0.07 -0.14 355.0 5.6 1.29 0.01 0.25 0.14 0 0 2 2 2 1 1 1 0.7 0.35 0.0 -0.82 -0.64 -1.17 -1.15 -0.66 -0.48 0.22 0.288 0.23 0.159 0.241 0.315 0 0 1 0 0 0
1975-03-09T07:30:00 1975 3 9 7 30 0 0.06 -0.14 343.0 7.1 1.55 0.0 0.24 0.16 0 0 2 2 2 1 1 1 0.7 0.4 2.0 -0.82 -0.64 -1.17 -1.15 -0.66 -0.48 0.223 0.3 0.228 0.163 0.246 0.349 0 0 1 0 0 0
1975-03-09T08:30:00 1975 3 9 8 30 0 0.06 -0.14 341.0 7.6 1.66 0.0 0.24 0.18 0 0 2 2 2 1 1 1 0.7 0.46 1.0 -0.82 -0.64 -1.17 -1.15 -0.66 -0.48 0.229 0.315 0.225 0.167 0.252 0.389 0 0 1 0 0 0
1975-03-09T09:30:00 1975 3 9 9 30 0 0.06 -0.14 344.0 6.9 1.55 0.0 0.24 0.17 0 0 2 2 2 1 1 1 0.3 0.45 1.0 -0.82 -0.64 -1.17 -1.15 -0.66 -0.48 0.231 0.319 0.223 0.168 0.251 0.395 0 0 1 0 0 0
1975-03-09T10:30:00 1975 3 9 10 30 0 0.06 -0.14 349.0 7.0 1.6 0.0 0.24 0.17 0 0 2 2 2 1 1 1 0.3 0.45 3.0 -0.82 -0.64 -1.17 -1.15 -0.66 -0.48 0.233 0.319 0.221 0.17 0.253 0.398 0 0 1 0 0 0
1975-03-09T11:30:00 1975 3 9 11 30 0 0.06 -0.14 347.0 8.1 1.78 0.0 0.24 0.18 0 0 2 2 2 1 1 1 0.3 0.45 5.0 -0.82 -0.64 -1.17 -1.15 -0.66 -0.48 0.237 0.328 0.219 0.174 0.262 0.434 0 0 1 0 0 0
1975-03-09T12:30:00 1975 3 9 12 30 0 0.06 -0.14 355.0 6.6 1.49 0.0 0.25 0.18 0 0 2 2 2 1 1 1 1.3 0.58 3.0 -0.82 -0.64 -1.17 -1.15 -0.66 -0.48 0.239 0.325 0.217 0.174 0.261 0.426 0 0 1 0 0 0
1975-03-09T13:30:00 1975 3 9 13 30 0 0.06 -0.14 363.0 7.0 1.69 0.0 0.25 0.17 0 0 2 2 2 1 1 1 1.3 0.71 3.0 -0.83 -0.64 -1.17 -1.15 -0.66 -0.48 0.24 0.323 0.215 0.176 0.266 0.428 0 0 1 0 0 0
1975-03-09T14:30:00 1975 3 9 14 30 0 0.05 -0.14 374.0 9.3 2.46 0.0 0.26 0.21 0 0 2 2 2 1 1 1 1.3 0.78 7.0 -0.83 -0.64 -1.17 -1.15 -0.66 -0.48 0.251 0.339 0.215 0.187 0.295 0.536 0 0 1 0 0 0
1975-03-09T15:30:00 1975 3 9 15 30 0 0.05 -0.14 377.0 9.0 2.48 0.0 0.26 0.24 0 0 2 2 2 1 1 1 1.3 0.86 4.0 -0.83 -0.64 -1.17 -1.15 -0.66 -0.48 0.261 0.353 0.214 0.198 0.313 0.621 0 0 1 0 0 0
1975-03-09T16:30:00 1975 3 9 16 30 0 0.05 -0.14 378.0 9.1 2.55 0.0 0.26 0.24 0 0 2 2 2 1 1 1 1.3 0.94 1.0 -0.83 -0.64 -1.17 -1.15 -0.66 -0.48 0.268 0.36 0.214 0.204 0.32 0.659 0 0 1 0 0 0
1975-03-09T17:30:00 1975 3 9 17 30 0 0.05 -0.14 385.0 8.3 2.33 0.01 0.27 0.23 0 0 2 2 2 1 1 1 1.3 1.06 -1.0 -0.83 -0.64 -1.17 -1.15 -0.66 -0.49 0.272 0.359 0.214 0.207 0.322 0.66 0 0 1 0 0 0
1975-03-09T18:30:00 1975 3 9 18 30 0 0.05 -0.15 381.0 8.3 2.33 0.01 0.28 0.23 0 0 2 1 1 1 1 1 2.0 1.27 -1.0 -0.83 -0.64 -1.17 -1.15 -0.66 -0.49 0.274 0.356 0.213 0.207 0.319 0.646 0 0 1 0 0 0
1975-03-09T19:30:00 1975 3 9 19 30 0 0.05 -0.15 397.0 8.3 2.4 0.01 0.29 0.24 0 0 1 1 1 0 1 1 2.0 1.48 0.0 -0.83 -0.64 -1.17 -1.15 -0.66 -0.49 0.276 0.355 0.213 0.21 0.328 0.664 0 0 1 0 0 0
1975-03-09T20:30:00 1975 3 9 20 30 0 0.05 -0.15 413.0 7.87 2.6 0.01 0.3 0.25 0 0 1 1 1 0 1 1 2.0 1.57 2.0 -0.83 -0.64 -1.17 -1.15 -0.66 -0.49 0.28 0.353 0.214 0.215 0.342 0.691 0 0 0 0 0 0
1975-03-09T21:30:00 1975 3 9 21 30 0 0.04 -0.15 429.0 7.97 2.81 0.01 0.32 0.25 0 0 1 1 1 0 1 1 4.7 2.01 6.0 -0.83 -0.64 -1.17 -1.15 -0.66 -0.49 0.285 0.353 0.215 0.222 0.361 0.738 0 0 0 0 0 0
1975-03-09T22:30:00 1975 3 9 22 30 0 0.04 -0.15 445.0 8.62 3.05 0.01 0.33 0.27 0 0 1 1 1 0 1 1 4.7 2.45 3.0 -0.83 -0.64 -1.17 -1.15 -0.66 -0.49 0.293 0.359 0.217 0.234 0.389 0.839 0 0 0 0 0 0
1975-03-09T23:30:00 1975 3 9 23 30 0 0.04 -0.15 461.0 9.26 3.98 0.01 0.34 0.31 0 0 1 1 1 0 1 1 4.7 2.88 3.0 -0.83 -0.64 -1.17 -1.15 -0.66 -0.49 0.305 0.369 0.22 0.249 0.423 0.986 0 0 0 0 0 0
