1975-03-08T00:30:00 1975 3 8 0 30 0 0.11 -0.12 388.0 6.07 1.79 0.01 0.24 0.13 0 0 2 1 1 1 1 1 0.3 0.76 -6.0 -0.82 -0.63 -1.16 -1.14 -0.65 -0.48 0.238 0.287 0.343 0.18 0.28 0.396 0 0 1 0 0 0
1975-03-08T01:30:00 1975 3 8 1 30 0 0.11 -0.12 391.5 7.23 2.09 0.01 0.23 0.16 0 0 1 1 1 0 1 1 0.3 0.71 -7.0 -0.82 -0.63 -1.16 -1.14 -0.65 -0.48 0.244 0.304 0.339 0.186 0.295 0.468 0 0 1 0 0 0
1975-03-08T02:30:00 1975 3 8 2 30 0 0.11 -0.12 395.0 8.4 2.39 0.01 0.24 0.19 0 0 2 2 2 1 1 1 0.3 0.66 -1.0 -0.82 -0.63 -1.16 -1.14 -0.65 -0.48 0.254 0.325 0.335 0.197 0.317 0.575 0 0 1 0 0 0
1975-03-08T03:30:00 1975 3 8 3 30 0 0.11 -0.12 387.0 9.5 2.57 0.01 0.23 0.21 0 0 2 2 2 1 1 1 0.3 0.6 4.0 -0.82 -0.63 -1.16 -1.14 -0.65 -0.48 0.265 0.346 0.331 0.206 0.331 0.676 0 0 1 0 0 0
1975-03-08T04:30:00 1975 3 8 4 30 0 0.1 -0.12 385.0 9.3 2.5 0.0 0.23 0.22 0 0 2 2 2 1 1 1 0.3 0.55 6.0 -0.82 -0.63 -1.16 -1.14 -0.65 -0.48 0.273 0.358 0.328 0.212 0.334 0.72 0 0 1 0 0 0
1975-03-08T05:30:00 1975 3 8 5 30 0 0.1 -0.12 383.0 7.3 1.95 0.0 0.23 0.19 0 0 2 2 2 1 1 1 0.3 0.47 4.0 -0.82 -0.63 -1.16 -1.14 -0.65 -0.48 0.272 0.35 0.324 0.208 0.317 0.648 0 0 1 0 0 0
1975-03-08T06:30:00 1975 3 8 6 30 0 0.1 -0.12 380.0 6.9 2.09 0.0 0.23 0.16 0 0 2 2 2 1 1 1 0.0 0.34 4.0 -0.82 -0.63 -1.16 -1.14 -0.65 -0.48 0.267 0.337 0.319 0.2 0.3 0.564 0 0 1 0 0 0
1975-03-08T07:30:00 1975 3 8 7 30 0 0.1 -0.12 373.0 5.1 1.48 0.0 0.23 0.13 0 0 2 2 2 1 1 1 0.0 0.22 1.0 -0.82 -0.63 -1.16 -1.14 -0.65 -0.48 0.256 0.314 0.315 0.187 0.273 0.449 0 0 1 0 0 0
1975-03-08T08:30:00 1975 3 8 8 30 0 0.1 -0.12 372.0 4.6 1.31 0.0 0.22 0.11 0 0 2 2 2 1 1 1 0.0 0.18 -2.0 -0.82 -0.63 -1.16 -1.14 -0.65 -0.48 0.243 0.291 0.31 0.174 0.25 0.355 0 0 1 0 0 0
1975-03-08T09:30:00 1975 3 8 9 30 0 0.1 -0.12 369.0 4.7 1.31 0.0 0.22 0.1 0 0 2 2 2 1 1 1 0.0 0.15 -1.0 -0.82 -0.63 -1.16 -1.14 -0.65 -0.48 0.233 0.279 0.305 0.166 0.241 0.309 0 0 1 0 0 0
1975-03-08T10:30:00 1975 3 8 10 30 0 0.1 -0.13 368.0 4.6 1.28 0.0 0.23 0.11 0 0 2 2 2 1 1 1 0.0 0.11 2.0 -0.82 -0.63 -1.16 -1.14 -0.65 -0.48 0.226 0.272 0.3 0.16 0.236 0.287 0 0 1 0 0 0
1975-03-08T11:30:00 1975 3 8 11 30 0 0.09 -0.13 363.0 5.1 1.31 0.01 0.24 0.12 0 0 2 2 2 1 1 1 0.0 0.07 2.0 -0.82 -0.63 -1.17 -1.14 -0.65 -0.48 0.223 0.272 0.295 0.158 0.236 0.288 0 0 1 0 0 0
1975-03-08T12:30:00 1975 3 8 12 30 0 0.09 -0.13 362.0 5.2 1.52 0.0 0.24 0.12 0 0 2 2 2 1 1 1 0.3 0.08 3.0 -0.82 -0.63 -1.17 -1.14 -0.65 -0.48 0.221 0.275 0.291 0.158 0.237 0.295 0 0 1 0 0 0
1975-03-08T13:30:00 1975 3 8 13 30 0 0.09 -0.13 361.0 5.2 1.39 0.0 0.23 0.12 0 0 2 2 2 1 1 1 0.3 0.08 5.0 -0.82 -0.63 -1.17 -1.14 -0.65 -0.48 0.22 0.277 0.286 0.157 0.237 0.299 0 0 1 0 0 0
1975-03-08T14:30:00 1975 3 8 14 30 0 0.09 -0.13 362.0 5.6 1.48 0.0 0.24 0.13 0 0 2 2 2 1 1 1 0.3 0.12 8.0 -0.82 -0.63 -1.17 -1.15 -0.65 -0.48 0.221 0.281 0.282 0.159 0.241 0.313 0 0 1 0 0 0
1975-03-08T15:30:00 1975 3 8 15 30 0 0.09 -0.13 364.0 6.5 1.75 0.0 0.24 0.14 0 0 2 2 2 1 1 1 0.7 0.21 7.0 -0.82 -0.63 -1.17 -1.15 -0.65 -0.48 0.225 0.292 0.279 0.165 0.253 0.355 0 0 1 0 0 0
1975-03-08T16:30:00 1975 3 8 16 30 0 0.09 -0.13 362.0 8.8 2.41 0.0 0.24 0.18 0 0 2 2 2 1 1 1 0.7 0.3 6.0 -0.82 -0.63 -1.17 -1.15 -0.65 -0.48 0.236 0.317 0.275 0.177 0.276 0.462 0 0 1 0 0 0
1975-03-08T17:30:00 1975 3 8 17 30 0 0.09 -0.13 363.0 7.6 2.01 0.0 0.24 0.19 0 0 2 2 2 1 1 1 0.7 0.38 4.0 -0.82 -0.63 -1.17 -1.15 -0.65 -0.48 0.243 0.328 0.272 0.183 0.282 0.5 0 0 1 0 0 0
1975-03-08T18:30:00 1975 3 8 18 30 0 0.08 -0.13 367.0 4.4 1.08 0.0 0.24 0.14 0 0 2 2 2 1 1 1 0.3 0.42 -1.0 -0.82 -0.63 -1.17 -1.15 -0.65 -0.48 0.237 0.306 0.269 0.175 0.256 0.398 0 0 1 0 0 0
1975-03-08T19:30:00 1975 3 8 19 30 0 0.08 -0.13 365.0 4.9 1.21 0.0 0.24 0.11 0 0 2 2 2 1 1 1 0.3 0.45 -1.0 -0.82 -0.63 -1.17 -1.15 -0.65 -0.48 0.229 0.287 0.265 0.166 0.24 0.326 0 0 1 0 0 0
1975-03-08T20:30:00 1975 3 8 20 30 0 0.08 -0.13 365.0 5.0 1.28 0.0 0.24 0.12 0 0 2 2 2 1 1 1 0.3 0.45 -2.0 -0.82 -0.63 -1.17 -1.15 -0.65 -0.48 0.225 0.28 0.262 0.162 0.238 0.305 0 0 1 0 0 0
1975-03-08T21:30:00 1975 3 8 21 30 0 0.08 -0.13 361.0 5.7 1.44 0.0 0.24 0.13 0 0 2 2 2 1 1 1 0.3 0.45 -4.0 -0.82 -0.63 -1.17 -1.15 -0.65 -0.48 0.224 0.283 0.258 0.163 0.242 0.316 0 0 1 0 0 0
1975-03-08T22:30:00 1975 3 8 22 30 0 0.08 -0.13 352.0 5.7 1.34 0.0 0.23 0.13 0 0 2 2 2 1 1 1 0.3 0.44 -8.0 -0.82 -0.63 -1.17 -1.15 -0.65 -0.48 0.224 0.286 0.255 0.162 0.24 0.321 0 0 1 0 0 0
1975-03-08T23:30:00 1975 3 8 23 30 0 0.08 -0.13 347.0 6.0 1.39 0.0 0.23 0.13 0 0 2 2 2 1 1 1 0.3 0.4 -8.0 -0.82 -0.63 -1.17 -1.15 -0.65 -0.48 0.223 0.29 0.251 0.161 0.237 0.323 0 0 1 0 0 0
