1975-12-18T00:30:00 1975 12 18 0 30 0 -0.4 0.49 515.0 3.3 1.74 0.0 0.0 0.0 0 0 2 2 2 1 1 1 2.3 2.13 -5.0 -0.57 -0.38 -0.99 -0.96 -0.4 -0.24 0.166 0.168 0.116 0.16 0.252 0.273 0 0 1 0 0 0
1975-12-18T01:30:00 1975 12 18 1 30 0 -0.4 0.49 515.0 3.3 1.74 0.0 0.0 0.0 0 0 1 1 1 0 1 1 2.3 2.08 -6.0 -0.57 -0.38 -0.98 -0.96 -0.4 -0.24 0.169 0.17 0.119 0.161 0.25 0.272 0 0 1 0 0 0
1975-12-18T02:30:00 1975 12 18 2 30 0 -0.4 0.49 515.0 3.3 1.85 0.0 0.0 0.0 0 0 1 1 1 0 1 1 2.3 2.16 -6.0 -0.57 -0.38 -0.98 -0.96 -0.39 -0.24 0.172 0.171 0.122 0.161 0.247 0.272 0 0 1 0 0 0
1975-12-18T03:30:00 1975 12 18 3 30 0 -0.41 0.49 515.0 3.96 2.18 0.0 0.0 0.0 0 0 1 1 1 0 1 1 1.7 2.15 -9.0 -0.57 -0.37 -0.98 -0.96 -0.39 -0.24 0.176 0.175 0.125 0.165 0.254 0.3 0 0 1 0 0 0
1975-12-18T04:30:00 1975 12 18 4 30 0 -0.41 0.49 515.0 4.75 2.51 0.01 0.0 0.0 0 0 1 1 1 0 1 1 1.7 2.14 -7.0 -0.57 -0.37 -0.98 -0.96 -0.39 -0.24 0.184 0.185 0.129 0.174 0.27 0.362 0 0 1 0 0 0
1975-12-18T05:30:00 1975 12 18 5 30 0 -0.41 0.49 515.0 5.55 2.84 0.01 0.0 0.0 0 0 1 1 1 0 1 1 1.7 2.07 -5.0 -0.57 -0.37 -0.98 -0.96 -0.39 -0.24 0.193 0.197 0.133 0.184 0.289 0.443 0 0 1 0 0 0
1975-12-18T06:30:00 1975 12 18 6 30 0 -0.42 0.49 515.0 6.34 2.86 0.01 0.0 0.0 0 0 1 1 0 0 1 1 1.0 1.9 -6.0 -0.57 -0.37 -0.98 -0.95 -0.39 -0.24 0.203 0.211 0.138 0.194 0.306 0.534 0 0 1 0 0 0
1975-12-18T07:30:00 1975 12 18 7 30 0 -0.42 0.49 515.0 6.77 2.86 0.01 0.0 0.0 0 0 1 0 0 0 1 0 1.0 1.73 -5.0 -0.57 -0.37 -0.98 -0.95 -0.39 -0.24 0.212 0.222 0.143 0.203 0.319 0.613 0 0 1 0 0 0
1975-12-18T08:30:00 1975 12 18 8 30 0 -0.42 0.49 515.0 6.76 2.85 0.01 0.0 0.0 0 0 1 0 0 0 1 0 1.0 1.57 -3.0 -0.57 -0.37 -0.98 -0.95 -0.39 -0.24 0.219 0.228 0.147 0.209 0.325 0.655 0 0 1 0 0 0
1975-12-18T09:30:00 1975 12 18 9 30 0 -0.43 0.49 515.0 6.76 2.85 0.01 0.0 0.0 0 0 1 0 0 0 1 0 1.3 1.45 -2.0 -0.57 -0.37 -0.98 -0.95 -0.39 -0.24 0.224 0.232 0.152 0.212 0.327 0.672 0 0 1 0 0 0
1975-12-18T10:30:00 1975 12 18 10 30 0 -0.43 0.5 515.0 6.76 2.85 0.01 0.0 0.0 0 0 1 0 0 0 1 0 1.3 1.33 -3.0 -0.57 -0.37 -0.98 -0.95 -0.39 -0.24 0.227 0.233 0.156 0.214 0.328 0.679 0 0 1 0 0 0
1975-12-18T11:30:00 1975 12 18 11 30 0 -0.43 0.5 515.0 6.75 2.85 0.01 0.0 0.0 0 0 1 0 0 0 1 0 1.3 1.28 0.0 -0.56 -0.37 -0.98 -0.95 -0.39 -0.24 0.228 0.234 0.16 0.215 0.328 0.682 0 0 1 0 0 0
1975-12-18T12:30:00 1975 12 18 12 30 0 -0.44 0.5 515.0 6.75 2.85 0.01 0.0 0.0 0 0 1 0 0 0 1 0 2.0 1.33 -3.0 -0.56 -0.37 -0.98 -0.95 -0.39 -0.24 0.229 0.234 0.164 0.215 0.328 0.682 0 0 1 0 0 0
1975-12-18T13:30:00 1975 12 18 13 30 0 -0.44 0.5 515.0 6.74 2.85 0.01 0.0 0.0 0 0 1 0 0 0 1 0 2.0 1.37 -4.0 -0.56 -0.37 -0.98 -0.95 -0.39 -0.24 0.229 0.234 0.168 0.215 0.328 0.682 0 0 1 0 0 0
1975-12-18T14:30:00 1975 12 18 14 30 0 -0.44 0.5 514.5 6.74 2.85 0.01 0.0 0.0 0 0 1 0 0 0 1 0 2.0 1.5 0.0 -0.56 -0.37 -0.97 -0.95 -0.39 -0.24 0.229 0.234 0.172 0.216 0.327 0.681 0 0 0 0 0 0
1975-12-18T15:30:00 1975 12 18 15 30 0 -0.44 0.5 513.6 6.74 2.85 0.01 0.0 0.0 0 0 1 0 0 0 1 0 1.7 1.58 0.0 -0.56 -0.37 -0.97 -0.95 -0.39 -0.24 0.229 0.234 0.176 0.215 0.327 0.679 0 0 0 0 0 0
1975-12-18T16:30:00 1975 12 18 16 30 0 -0.45 0.5 512.6 6.73 2.85 0.01 0.0 0.0 0 0 1 0 0 0 1 0 1.7 1.67 -2.0 -0.56 -0.37 -0.97 -0.95 -0.39 -0.24 0.229 0.234 0.179 0.215 0.326 0.676 0 0 0 0 0 0
1975-12-18T17:30:00 1975 12 18 17 30 0 -0.45 0.5 511.7 6.73 2.85 0.01 0.0 0.0 0 0 1 0 0 0 1 0 1.7 1.72 -1.0 -0.56 -0.37 -0.97 -0.95 -0.39 -0.24 0.229 0.234 0.182 0.215 0.325 0.673 0 0 0 0 0 0
1975-12-18T18:30:00 1975 12 18 18 30 0 -0.45 0.5 510.7 6.72 2.85 0.01 0.0 0.0 0 0 1 0 0 0 1 0 1.7 1.76 1.0 -0.56 -0.37 -0.97 -0.94 -0.39 -0.24 0.229 0.234 0.186 0.213 0.323 0.669 0 0 0 0 0 0
1975-12-18T19:30:00 1975 12 18 19 30 0 -0.46 0.5 509.8 6.72 2.85 0.01 0.0 0.0 0 0 1 0 0 0 1 0 1.7 1.81 0.0 -0.56 -0.37 -0.97 -0.94 -0.39 -0.24 0.229 0.234 0.189 0.212 0.322 0.666 0 0 0 0 0 0
1975-12-18T20:30:00 1975 12 18 20 30 0 -0.46 0.5 508.8 6.72 2.84 0.01 0.0 0.0 0 0 1 0 0 0 1 0 1.7 1.77 0.0 -0.56 -0.37 -0.97 -0.94 -0.39 -0.23 0.228 0.234 0.191 0.211 0.321 0.657 0 0 0 0 0 0
1975-12-18T21:30:00 1975 12 18 21 30 0 -0.46 0.5 507.9 6.71 2.84 0.01 0.0 0.0 0 0 1 0 0 0 1 0 2.0 1.78 -1.0 -0.56 -0.37 -0.97 -0.94 -0.39 -0.23 0.228 0.234 0.194 0.21 0.32 0.648 0 0 0 0 0 0
1975-12-18T22:30:00 1975 12 18 22 30 0 -0.47 0.51 507.0 6.71 2.84 0.01 0.0 0.0 0 0 1 0 0 0 1 0 2.0 1.78 -1.0 -0.56 -0.37 -0.97 -0.94 -0.39 -0.23 0.227 0.233 0.197 0.209 0.319 0.643 0 0 0 0 0 0
1975-12-18T23:30:00 1975 12 18 23 30 0 -0.47 0.51 506.0 6.7 2.84 0.01 0.0 0.0 0 0 1 0 0 0 1 0 2.0 1.82 0.0 -0.56 -0.37 -0.97 -0.94 -0.39 -0.23 0.227 0.233 0.199 0.209 0.318 0.638 0 0 0 0 0 0
