1975-12-13T00:30:00 1975 12 13 0 30 0 -2.3 0.97 374.4 5.34 1.42 0.25 0.0 0.0 1 1 1 1 1 1 1 1 0.0 0.41 -2.0 0.77 0.81 0.69 0.7 0.81 0.84 0.07 0.075 0.073 0.06 0.05 0.082 1 1 1 1 1 1
1975-12-13T01:30:00 1975 12 13 1 30 0 -2.3 1.1 368.0 5.2 1.41 0.22 0.0 0.0 2 2 2 2 2 2 2 2 0.0 0.37 -4.0 1.1 1.1 1.1 1.1 1.1 1.1 0.047 0.037 0.071 0.034 0.016 0.034 1 1 1 1 1 1
1975-12-13T02:30:00 1975 12 13 2 30 0 -1.8 1.3 372.0 6.0 1.66 0.15 0.0 0.0 2 2 2 2 2 2 2 2 0.0 0.33 -4.0 1.3 1.3 1.3 1.3 1.3 1.3 0.032 0.018 0.069 0.019 0.005 0.014 1 1 1 1 1 1
1975-12-13T03:30:00 1975 12 13 3 30 0 -1.6 0.6 366.0 5.2 1.25 0.11 0.0 0.0 2 2 2 2 2 2 2 2 0.0 0.29 -4.0 0.6 0.6 0.6 0.6 0.6 0.6 0.022 0.009 0.067 0.011 0.002 0.006 1 1 1 1 1 1
1975-12-13T04:30:00 1975 12 13 4 30 0 -3.2 0.7 373.0 5.6 1.56 0.33 0.0 0.0 2 2 2 2 2 2 2 2 0.0 0.25 -3.0 0.7 0.7 0.7 0.7 0.7 0.7 0.015 0.005 0.065 0.006 0.001 0.002 1 1 1 1 1 1
1975-12-13T05:30:00 1975 12 13 5 30 0 -2.4 2.7 382.0 7.8 2.28 0.28 0.0 0.0 2 2 2 2 2 2 2 2 0.0 0.17 2.0 2.7 2.7 2.7 2.7 2.7 2.7 0.01 0.002 0.063 0.003 0.0 0.001 1 1 1 1 1 1
1975-12-13T06:30:00 1975 12 13 6 30 0 -2.2 2.8 378.8 7.83 2.28 0.11 0.0 0.0 2 2 1 1 1 2 2 1 0.3 0.12 1.0 2.8 2.8 2.8 2.8 2.8 2.8 0.007 0.001 0.061 0.002 0.0 0.0 1 1 1 1 1 1
1975-12-13T07:30:00 1975 12 13 7 30 0 -2.2 2.35 375.7 8.02 2.23 0.1 0.0 0.0 1 1 1 1 1 1 1 1 0.3 0.08 -1.0 2.16 2.2 2.08 2.09 2.2 2.23 0.005 0.001 0.059 0.001 0.0 0.0 1 1 1 1 1 1
1975-12-13T08:30:00 1975 12 13 8 30 0 -1.8 0.71 372.5 8.2 2.16 0.13 0.0 0.0 1 1 1 1 1 1 1 1 0.3 0.12 1.0 -0.19 -0.01 -0.57 -0.55 -0.02 0.12 0.01 0.004 0.058 0.011 0.007 0.0 1 1 1 1 1 1
1975-12-13T09:30:00 1975 12 13 9 30 0 -1.07 0.39 369.3 8.38 2.09 0.09 0.0 0.0 1 0 1 1 1 1 1 1 0.7 0.21 5.0 -0.64 -0.42 -1.08 -1.05 -0.45 -0.28 0.061 0.104 0.06 0.069 0.127 0.171 0 0 1 0 0 0
1975-12-13T10:30:00 1975 12 13 10 30 0 -0.33 0.4 366.2 8.57 2.04 0.02 0.0 0.0 1 0 1 1 1 1 1 1 0.7 0.3 8.0 -0.63 -0.42 -1.08 -1.05 -0.45 -0.28 0.11 0.186 0.063 0.117 0.198 0.331 0 0 1 0 0 0
1975-12-13T11:30:00 1975 12 13 11 30 0 -0.05 0.4 363.0 8.6 2.04 0.0 0.0 0.0 0 0 2 2 2 1 1 1 0.7 0.38 6.0 -0.63 -0.42 -1.07 -1.05 -0.44 -0.28 0.143 0.227 0.066 0.143 0.218 0.395 0 0 1 0 0 0
1975-12-13T12:30:00 1975 12 13 12 30 0 -0.06 0.4 365.0 8.4 2.06 0.0 0.0 0.0 0 0 2 2 2 1 1 1 0.3 0.42 8.0 -0.63 -0.42 -1.07 -1.05 -0.44 -0.28 0.165 0.247 0.069 0.157 0.222 0.417 0 0 1 0 0 0
1975-12-13T13:30:00 1975 12 13 13 30 0 -0.06 0.4 365.0 8.1 1.95 0.0 0.0 0.0 0 0 2 2 2 1 1 1 0.3 0.45 7.0 -0.63 -0.42 -1.07 -1.05 -0.44 -0.28 0.179 0.255 0.072 0.164 0.222 0.417 0 0 1 0 0 0
1975-12-13T14:30:00 1975 12 13 14 30 0 -0.06 0.4 368.0 7.2 1.8 0.0 0.0 0.0 0 0 2 2 2 1 1 1 0.3 0.45 3.0 -0.63 -0.42 -1.07 -1.04 -0.44 -0.28 0.187 0.253 0.075 0.165 0.218 0.392 0 0 1 0 0 0
1975-12-13T15:30:00 1975 12 13 15 30 0 -0.07 0.4 364.0 7.2 1.8 0.0 0.0 0.0 0 0 2 2 2 1 1 1 1.7 0.63 1.0 -0.63 -0.42 -1.07 -1.04 -0.44 -0.27 0.191 0.25 0.077 0.164 0.213 0.367 0 0 1 0 0 0
1975-12-13T16:30:00 1975 12 13 16 30 0 -0.07 0.4 363.0 7.5 1.8 0.0 0.0 0.0 0 0 2 2 2 1 1 1 1.7 0.81 1.0 -0.63 -0.42 -1.07 -1.04 -0.44 -0.27 0.194 0.25 0.079 0.164 0.212 0.36 0 0 1 0 0 0
1975-12-13T17:30:00 1975 12 13 17 30 0 -0.07 0.4 364.0 7.3 1.82 0.0 0.0 0.0 0 0 2 2 2 1 1 1 1.7 0.94 -1.0 -0.63 -0.42 -1.07 -1.04 -0.44 -0.27 0.196 0.25 0.082 0.163 0.212 0.356 0 0 1 0 0 0
1975-12-13T18:30:00 1975 12 13 18 30 0 -0.08 0.4 357.0 8.3 1.99 0.0 0.0 0.0 0 0 2 2 2 1 1 1 1.0 0.98 -1.0 -0.63 -0.42 -1.07 -1.04 -0.44 -0.27 0.198 0.254 0.084 0.164 0.214 0.37 0 0 1 0 0 0
1975-12-13T19:30:00 1975 12 13 19 30 0 -0.08 0.4 358.0 7.2 1.84 0.0 0.0 0.0 0 0 2 2 2 1 1 1 1.0 1.01 0.0 -0.63 -0.42 -1.07 -1.04 -0.44 -0.27 0.198 0.253 0.086 0.163 0.21 0.358 0 0 1 0 0 0
1975-12-13T20:30:00 1975 12 13 20 30 0 -0.08 0.4 342.0 7.6 1.78 0.0 0.0 0.0 0 0 2 2 2 1 1 1 1.0 1.09 2.0 -0.63 -0.42 -1.07 -1.04 -0.44 -0.27 0.197 0.251 0.087 0.159 0.201 0.337 0 0 1 0 0 0
1975-12-13T21:30:00 1975 12 13 21 30 0 -0.09 0.4 350.0 10.5 2.3 0.0 0.0 0.0 0 0 2 2 2 1 1 1 1.0 1.17 0.0 -0.63 -0.42 -1.07 -1.04 -0.44 -0.27 0.202 0.265 0.089 0.165 0.214 0.401 0 0 1 0 0 0
1975-12-13T22:30:00 1975 12 13 22 30 0 -0.09 0.41 352.0 10.6 2.36 0.0 0.0 0.0 0 0 2 2 2 1 1 1 1.0 1.25 1.0 -0.63 -0.42 -1.07 -1.04 -0.44 -0.27 0.209 0.279 0.092 0.172 0.226 0.47 0 0 1 0 0 0
1975-12-13T23:30:00 1975 12 13 23 30 0 -0.09 0.41 352.5 10.6 2.36 0.0 0.0 0.0 0 0 1 1 1 0 1 1 1.0 1.17 2.0 -0.63 -0.42 -1.06 -1.04 -0.44 -0.27 0.214 0.286 0.094 0.177 0.231 0.501 0 0 0 0 0 0
