1975-10-09T00:30:00 1975 10 9 0 30 0 -0.2 2.5 592.0 6.1 4.47 0.74 1.76 0.99 2 2 2 2 2 2 2 2 4.7 5.47 -37.0 2.5 2.5 2.5 2.5 2.5 2.5 0.63 0.457 0.669 0.519 0.551 1.289 2 2 1 2 2 2
1975-10-09T01:30:00 1975 10 9 1 30 0 1.6 3.3 602.0 5.3 3.81 0.01 0.0 0.0 2 2 2 2 2 2 2 2 4.7 5.45 -34.0 3.3 3.3 3.3 3.3 3.3 3.3 0.427 0.227 0.649 0.291 0.174 0.535 2 2 1 2 2 2
1975-10-09T02:30:00 1975 10 9 2 30 0 -2.0 -2.3 606.0 5.1 3.74 0.53 1.72 0.88 2 2 2 2 2 2 2 2 4.7 5.44 -32.0 -2.3 -2.3 -2.3 -2.3 -2.3 -2.3 0.393 0.281 0.641 0.288 0.504 0.908 2 2 1 2 2 2
1975-10-09T03:30:00 1975 10 9 3 30 0 2.8 -1.5 627.0 4.2 3.2 1.75 5.76 2.67 2 2 2 2 2 2 2 2 4.7 5.43 -43.0 -1.5 -1.5 -1.5 -1.5 -1.5 -1.5 0.467 0.427 0.648 0.387 0.871 1.431 2 2 1 2 2 2
1975-10-09T04:30:00 1975 10 9 4 30 0 3.8 -2.1 625.0 3.8 2.98 3.32 5.71 2.27 2 2 2 2 2 2 2 2 4.7 5.42 -45.0 -2.1 -2.1 -2.1 -2.1 -2.1 -2.1 0.519 0.498 0.655 0.453 1.011 1.543 2 2 1 2 2 2
1975-10-09T05:30:00 1975 10 9 5 30 0 0.4 -3.8 625.0 3.6 2.82 4.32 9.44 3.48 2 2 2 2 2 2 2 2 4.7 5.18 -44.0 -3.8 -3.8 -3.8 -3.8 -3.8 -3.8 0.663 0.642 0.687 0.71 1.356 1.79 2 2 1 2 2 2
1975-10-09T06:30:00 1975 10 9 6 30 0 1.7 -2.5 625.0 3.3 2.63 3.8 9.67 3.34 2 2 2 2 2 2 2 2 5.3 5.02 -50.0 -2.5 -2.5 -2.5 -2.5 -2.5 -2.5 0.731 0.674 0.713 0.787 1.341 1.723 2 2 1 2 2 2
1975-10-09T07:30:00 1975 10 9 7 30 0 3.7 -5.1 621.0 3.8 2.97 7.12 12.17 4.38 2 2 2 2 2 2 2 2 5.3 4.86 -49.0 -5.1 -5.1 -5.1 -5.1 -5.1 -5.1 0.887 0.807 0.765 1.086 1.667 2.028 2 2 1 2 2 2
1975-10-09T08:30:00 1975 10 9 8 30 0 3.0 1.1 633.0 3.3 2.61 4.0 5.89 2.15 2 2 2 2 2 2 2 2 5.3 4.93 -37.0 1.1 1.1 1.1 1.1 1.1 1.1 0.736 0.571 0.765 0.774 0.917 1.341 2 2 2 2 2 2
1975-10-09T09:30:00 1975 10 9 9 30 0 -0.4 -1.6 604.0 3.0 2.21 0.48 1.65 0.5 2 2 2 2 2 2 2 2 5.0 4.97 -32.0 -1.6 -1.6 -1.6 -1.6 -1.6 -1.6 0.576 0.411 0.749 0.508 0.63 0.919 2 2 2 2 2 2
1975-10-09T10:30:00 1975 10 9 10 30 0 0.5 -4.2 599.0 2.9 2.16 3.34 9.04 2.66 2 2 2 2 2 2 2 2 5.0 5.0 -27.0 -4.2 -4.2 -4.2 -4.2 -4.2 -4.2 0.673 0.565 0.771 0.699 1.11 1.178 2 2 2 2 2 2
1975-10-09T11:30:00 1975 10 9 11 30 0 3.2 -4.3 614.0 3.1 2.26 7.05 12.91 3.89 2 2 2 2 2 2 2 2 5.0 5.04 -27.0 -4.3 -4.3 -4.3 -4.3 -4.3 -4.3 0.819 0.714 0.815 0.973 1.455 1.472 2 2 2 2 2 2
1975-10-09T12:30:00 1975 10 9 12 30 0 1.4 4.1 621.0 3.4 2.64 1.6 2.85 0.9 2 2 2 2 2 2 2 2 4.0 4.94 -31.0 4.1 4.1 4.1 4.1 4.1 4.1 0.603 0.417 0.798 0.596 0.59 0.774 2 2 2 2 2 2
1975-10-09T13:30:00 1975 10 9 13 30 0 3.0 1.1 598.0 3.4 2.44 0.25 0.0 0.0 2 2 2 2 2 2 2 2 4.0 4.85 -30.0 1.1 1.1 1.1 1.1 1.1 1.1 0.408 0.207 0.773 0.334 0.187 0.321 2 2 2 2 2 2
1975-10-09T14:30:00 1975 10 9 14 30 0 4.1 0.5 612.0 3.3 2.4 1.19 0.0 0.0 2 2 2 2 2 2 2 2 4.0 4.68 -25.0 0.5 0.5 0.5 0.5 0.5 0.5 0.276 0.103 0.75 0.187 0.059 0.133 2 2 2 2 2 2
1975-10-09T15:30:00 1975 10 9 15 30 0 1.5 -1.0 605.0 3.3 2.4 1.13 1.14 0.38 2 2 2 2 2 2 2 2 3.3 4.43 -24.0 -1.0 -1.0 -1.0 -1.0 -1.0 -1.0 0.244 0.154 0.731 0.15 0.285 0.382 2 2 2 2 2 2
1975-10-09T16:30:00 1975 10 9 16 30 0 -0.6 1.3 612.0 3.3 2.45 0.12 0.54 0.18 2 2 2 2 2 2 2 2 3.3 4.18 -27.0 1.3 1.3 1.3 1.3 1.3 1.3 0.176 0.094 0.71 0.09 0.126 0.214 2 2 2 2 2 2
1975-10-09T17:30:00 1975 10 9 17 30 0 1.2 0.4 622.0 3.1 2.42 0.03 0.0 0.0 2 2 2 2 2 2 2 2 3.3 3.97 -28.0 0.4 0.4 0.4 0.4 0.4 0.4 0.119 0.047 0.688 0.05 0.04 0.089 2 2 2 2 2 2
1975-10-09T18:30:00 1975 10 9 18 30 0 3.5 -1.3 626.0 3.3 2.57 1.24 1.73 0.56 2 2 2 2 2 2 2 2 4.3 3.89 -27.0 -1.3 -1.3 -1.3 -1.3 -1.3 -1.3 0.159 0.155 0.674 0.099 0.368 0.465 2 2 2 2 2 2
1975-10-09T19:30:00 1975 10 9 19 30 0 3.6 -0.8 617.0 3.1 2.33 2.49 3.2 1.02 2 2 2 2 2 2 2 2 4.3 3.81 -20.0 -0.8 -0.8 -0.8 -0.8 -0.8 -0.8 0.211 0.24 0.664 0.145 0.522 0.68 2 2 2 2 2 2
1975-10-09T20:30:00 1975 10 9 20 30 0 0.4 -1.0 617.0 3.3 2.46 1.06 2.8 0.9 2 2 2 2 2 2 2 2 4.3 3.86 -23.0 -1.0 -1.0 -1.0 -1.0 -1.0 -1.0 0.243 0.281 0.653 0.167 0.572 0.775 2 2 2 2 2 2
1975-10-09T21:30:00 1975 10 9 21 30 0 3.7 -3.0 625.0 3.0 2.29 2.82 6.48 2.02 2 2 2 2 2 2 2 2 4.7 3.95 -25.0 -3.0 -3.0 -3.0 -3.0 -3.0 -3.0 0.383 0.432 0.665 0.373 0.953 1.091 2 2 2 2 2 2
1975-10-09T22:30:00 1975 10 9 22 30 0 4.5 -2.3 637.0 3.0 2.34 5.68 8.27 2.48 2 2 2 2 2 2 2 2 4.7 4.04 -27.0 -2.3 -2.3 -2.3 -2.3 -2.3 -2.3 0.497 0.52 0.682 0.519 1.107 1.253 2 2 2 2 2 2
1975-10-09T23:30:00 1975 10 9 23 30 0 4.7 -1.7 630.0 2.8 2.12 5.15 6.25 1.81 2 2 2 2 2 2 2 2 4.7 4.22 -26.0 -1.7 -1.7 -1.7 -1.7 -1.7 -1.7 0.519 0.505 0.686 0.5 0.995 1.164 2 2 2 2 2 2
