1975-12-25T00:30:00 1975 12 25 0 30 0 -1.6 -3.0 358.0 13.5 3.16 2.12 4.82 6.41 2 2 2 2 2 2 2 2 3.0 1.82 -4.0 -3.0 -3.0 -3.0 -3.0 -3.0 -3.0 0.647 0.972 0.134 0.552 0.86 2.143 2 2 1 2 2 2
1975-12-25T01:30:00 1975 12 25 1 30 0 -0.8 -3.5 352.0 15.0 3.4 2.36 5.8 8.31 2 2 2 2 2 2 2 2 3.0 2.15 -3.0 -3.5 -3.5 -3.5 -3.5 -3.5 -3.5 0.788 1.169 0.155 0.723 1.015 2.655 2 2 2 2 2 2
1975-12-25T02:30:00 1975 12 25 2 30 0 -0.6 -4.7 359.0 14.9 3.77 3.55 7.39 11.04 2 2 2 2 2 2 2 2 3.0 2.32 2.0 -4.7 -4.7 -4.7 -4.7 -4.7 -4.7 0.976 1.405 0.187 0.994 1.233 3.239 2 2 2 2 2 2
1975-12-25T03:30:00 1975 12 25 3 30 0 3.2 -7.7 381.0 20.7 5.5 8.51 11.76 21.51 2 2 2 2 2 2 2 2 3.7 2.57 2.0 -7.7 -7.7 -7.7 -7.7 -7.7 -7.7 1.401 1.948 0.26 1.789 1.881 5.523 2 2 2 2 2 2
1975-12-25T04:30:00 1975 12 25 4 30 0 6.2 -7.2 381.0 24.4 6.55 13.55 14.15 32.1 2 2 2 2 2 2 2 2 3.7 2.82 -7.0 -7.2 -7.2 -7.2 -7.2 -7.2 -7.2 1.837 2.431 0.356 2.537 2.337 8.158 2 2 2 2 2 2
1975-12-25T05:30:00 1975 12 25 5 30 0 8.9 -2.2 379.0 24.0 6.22 10.29 8.54 20.68 2 2 2 2 2 2 2 2 3.7 3.03 -10.0 -2.2 -2.2 -2.2 -2.2 -2.2 -2.2 1.76 2.15 0.394 2.112 1.806 7.578 2 2 2 2 2 2
1975-12-25T06:30:00 1975 12 25 6 30 0 7.97 -0.69 375.0 24.8 6.43 6.27 2.61 6.35 1 1 1 1 1 1 1 1 3.7 3.24 -7.0 -0.69 -0.69 -0.69 -0.69 -0.69 -0.69 1.377 1.499 0.392 1.333 1.043 5.392 2 2 2 2 2 2
1975-12-25T07:30:00 1975 12 25 7 30 0 7.03 5.89 371.0 25.6 6.63 2.47 0.02 0.05 1 1 1 1 1 1 1 1 3.7 3.45 0.0 5.89 5.89 5.89 5.89 5.89 5.89 0.933 0.745 0.38 0.746 0.33 2.236 2 2 2 2 2 2
1975-12-25T08:30:00 1975 12 25 8 30 0 6.1 7.4 367.0 26.4 6.84 0.88 0.0 0.0 2 2 2 2 2 2 2 2 3.7 3.53 5.0 7.4 7.4 7.4 7.4 7.4 7.4 0.631 0.37 0.369 0.418 0.105 0.928 2 2 2 2 2 2
1975-12-25T09:30:00 1975 12 25 9 30 0 3.6 7.5 375.0 16.5 4.82 0.34 0.0 0.0 2 2 2 2 2 2 2 2 3.0 3.52 1.0 7.5 7.5 7.5 7.5 7.5 7.5 0.428 0.184 0.357 0.234 0.033 0.385 2 2 2 2 2 2
1975-12-25T10:30:00 1975 12 25 10 30 0 3.6 6.19 377.7 14.93 4.76 0.16 0.0 0.0 1 1 1 1 1 1 1 1 3.0 3.52 -2.0 5.99 6.03 5.9 5.91 6.03 6.06 0.289 0.091 0.346 0.131 0.01 0.16 2 2 2 2 2 2
1975-12-25T11:30:00 1975 12 25 11 30 0 2.8 1.32 380.3 13.37 4.71 0.23 0.0 0.0 1 1 1 1 1 1 1 1 3.0 3.43 -6.0 0.41 0.61 -0.02 0.01 0.59 0.74 0.196 0.045 0.336 0.073 0.003 0.066 2 2 2 2 2 2
1975-12-25T12:30:00 1975 12 25 12 30 0 1.31 0.39 383.0 11.8 4.65 0.19 0.0 0.0 1 0 2 2 2 1 1 1 3.7 3.43 -8.0 -0.65 -0.43 -1.15 -1.12 -0.45 -0.27 0.175 0.097 0.33 0.105 0.101 0.201 1 0 2 1 0 0
1975-12-25T13:30:00 1975 12 25 13 30 0 0.6 0.39 401.0 9.4 3.23 0.04 0.0 0.0 1 0 2 2 2 1 1 1 3.7 3.44 -6.0 -0.65 -0.43 -1.15 -1.12 -0.45 -0.28 0.199 0.198 0.327 0.159 0.223 0.469 1 0 2 0 0 0
1975-12-25T14:30:00 1975 12 25 14 30 0 2.07 0.39 392.0 10.8 3.25 0.12 0.0 0.0 1 0 2 2 2 1 1 1 3.7 3.44 -12.0 -0.65 -0.43 -1.16 -1.12 -0.45 -0.28 0.215 0.25 0.324 0.19 0.263 0.593 1 0 2 0 0 0
1975-12-25T15:30:00 1975 12 25 15 30 0 4.1 0.37 417.0 9.8 3.44 0.73 0.0 0.0 1 1 2 2 2 1 2 2 3.0 3.35 -20.0 -0.53 -0.34 -0.97 -0.94 -0.35 -0.2 0.219 0.26 0.32 0.196 0.263 0.619 1 1 2 1 1 1
1975-12-25T16:30:00 1975 12 25 16 30 0 5.2 0.32 435.0 11.0 4.17 1.68 0.0 0.0 1 1 2 2 2 1 2 2 3.0 3.26 -13.0 0.12 0.16 0.03 0.03 0.16 0.19 0.169 0.159 0.313 0.133 0.119 0.315 1 1 2 1 1 1
1975-12-25T17:30:00 1975 12 25 17 30 0 5.2 0.3 435.0 11.0 4.16 2.11 0.0 0.0 2 2 2 2 2 2 2 2 3.0 3.26 -10.0 0.3 0.3 0.3 0.3 0.3 0.3 0.115 0.079 0.303 0.075 0.038 0.131 1 1 2 1 1 1
1975-12-25T18:30:00 1975 12 25 18 30 0 6.25 -0.4 418.0 12.6 4.75 2.81 0.28 0.34 1 1 2 2 2 1 2 2 2.0 3.13 -6.0 -0.4 -0.4 -0.4 -0.4 -0.4 -0.4 0.106 0.128 0.295 0.056 0.138 0.483 1 1 2 1 1 1
1975-12-25T19:30:00 1975 12 25 19 30 0 7.3 -1.1 433.0 13.9 5.21 4.47 1.66 2.23 2 2 2 2 2 2 2 2 2.0 2.99 -3.0 -1.1 -1.1 -1.1 -1.1 -1.1 -1.1 0.194 0.342 0.292 0.122 0.438 1.457 2 2 2 2 2 2
1975-12-25T20:30:00 1975 12 25 20 30 0 7.3 1.8 467.0 10.3 4.49 4.14 0.36 0.48 2 2 2 2 2 2 2 2 2.0 2.78 -5.0 1.8 1.8 1.8 1.8 1.8 1.8 0.144 0.199 0.284 0.075 0.173 0.746 2 2 2 2 2 2
1975-12-25T21:30:00 1975 12 25 21 30 0 8.8 -1.5 489.0 8.4 4.02 5.96 0.99 0.85 2 2 2 2 2 2 2 2 4.0 2.83 -4.0 -1.5 -1.5 -1.5 -1.5 -1.5 -1.5 0.174 0.257 0.28 0.113 0.354 0.956 2 2 2 2 2 2
1975-12-25T22:30:00 1975 12 25 22 30 0 8.8 -1.15 488.0 8.0 3.81 8.59 3.2 2.62 1 1 2 2 2 1 2 2 4.0 2.88 -11.0 -1.35 -1.3 -1.44 -1.43 -1.31 -1.27 0.288 0.433 0.286 0.229 0.638 1.508 1 1 2 1 1 1
1975-12-25T23:30:00 1975 12 25 23 30 0 7.03 0.12 498.3 8.0 3.81 6.18 1.16 0.93 1 1 1 1 1 1 1 1 4.0 3.02 -11.0 -0.77 -0.57 -1.22 -1.19 -0.59 -0.44 0.319 0.427 0.29 0.27 0.568 1.409 1 1 2 1 1 1
