1975-09-05T00:30:00 1975 9 5 0 30 0 1.9 -0.9 298.0 5.9 0.96 0.42 0.93 0.54 2 2 2 2 2 2 2 2 1.0 0.81 -4.0 -0.9 -0.9 -0.9 -0.9 -0.9 -0.9 0.143 0.284 0.083 0.066 0.191 0.256 2 2 2 2 2 2
1975-09-05T01:30:00 1975 9 5 1 30 0 1.3 -0.4 293.0 5.9 0.97 0.3 0.93 0.55 2 2 2 2 2 2 2 2 1.0 0.89 -2.0 -0.4 -0.4 -0.4 -0.4 -0.4 -0.4 0.143 0.273 0.082 0.06 0.169 0.242 2 2 2 2 2 2
1975-09-05T02:30:00 1975 9 5 2 30 0 -0.9 -2.1 302.0 6.7 1.09 0.4 1.97 1.27 2 2 2 2 2 2 2 2 1.0 0.93 4.0 -2.1 -2.1 -2.1 -2.1 -2.1 -2.1 0.209 0.408 0.084 0.124 0.298 0.378 2 2 2 2 2 2
1975-09-05T03:30:00 1975 9 5 3 30 0 -2.1 -1.0 302.0 7.7 1.25 0.67 2.27 1.63 2 2 2 2 2 2 2 2 0.7 0.92 5.0 -1.0 -1.0 -1.0 -1.0 -1.0 -1.0 0.25 0.467 0.086 0.15 0.322 0.464 2 2 2 2 2 2
1975-09-05T04:30:00 1975 9 5 4 30 0 -2.6 0.0 301.0 7.8 1.25 0.48 0.69 0.53 2 2 2 2 2 2 2 2 0.7 0.92 5.0 0.0 0.0 0.0 0.0 0.0 0.0 0.201 0.321 0.084 0.099 0.171 0.313 2 2 2 2 2 2
1975-09-05T05:30:00 1975 9 5 5 30 0 1.0 -1.3 296.0 8.3 1.25 0.23 1.05 0.85 2 2 2 2 2 2 2 2 0.7 0.88 3.0 -1.3 -1.3 -1.3 -1.3 -1.3 -1.3 0.21 0.364 0.084 0.104 0.233 0.399 2 2 2 2 2 2
1975-09-05T06:30:00 1975 9 5 6 30 0 2.1 -1.0 298.0 9.1 1.37 0.48 1.69 1.47 2 2 2 2 2 2 2 2 0.7 0.85 2.0 -1.0 -1.0 -1.0 -1.0 -1.0 -1.0 0.238 0.431 0.084 0.123 0.285 0.504 2 2 2 2 2 2
1975-09-05T07:30:00 1975 9 5 7 30 0 2.1 -0.8 298.0 9.8 1.48 0.53 1.33 1.26 2 2 2 2 2 2 2 2 0.7 0.81 3.0 -0.8 -0.8 -0.8 -0.8 -0.8 -0.8 0.241 0.436 0.084 0.118 0.276 0.541 2 2 2 2 2 2
1975-09-05T08:30:00 1975 9 5 8 30 0 1.9 -1.5 298.0 8.4 1.27 0.62 1.76 1.58 2 2 2 2 2 2 2 2 0.7 0.77 6.0 -1.5 -1.5 -1.5 -1.5 -1.5 -1.5 0.271 0.493 0.086 0.144 0.325 0.592 2 2 2 2 2 2
1975-09-05T09:30:00 1975 9 5 9 30 0 2.6 -1.0 303.0 10.7 1.67 0.75 1.85 1.77 2 2 2 2 2 2 2 2 1.0 0.78 7.0 -1.0 -1.0 -1.0 -1.0 -1.0 -1.0 0.29 0.519 0.087 0.155 0.337 0.665 2 2 2 2 2 2
1975-09-05T10:30:00 1975 9 5 10 30 0 3.1 1.9 303.0 10.2 1.59 0.42 0.2 0.21 2 2 2 2 2 2 2 2 1.0 0.78 6.0 1.9 1.9 1.9 1.9 1.9 1.9 0.203 0.278 0.084 0.089 0.121 0.313 2 2 2 2 2 2
1975-09-05T11:30:00 1975 9 5 11 30 0 2.8 3.3 303.0 9.8 1.56 0.18 0.0 0.0 2 2 2 2 2 2 2 2 1.0 0.82 5.0 3.3 3.3 3.3 3.3 3.3 3.3 0.137 0.138 0.082 0.05 0.038 0.13 2 2 2 2 2 2
1975-09-05T12:30:00 1975 9 5 12 30 0 4.4 0.1 303.0 9.8 1.54 0.53 0.0 0.0 2 2 2 2 2 2 2 2 0.7 0.81 4.0 0.1 0.1 0.1 0.1 0.1 0.1 0.093 0.069 0.079 0.028 0.012 0.054 2 2 2 2 2 2
1975-09-05T13:30:00 1975 9 5 13 30 0 2.2 -2.8 303.0 10.3 1.62 1.37 2.23 2.26 2 2 2 2 2 2 2 2 0.7 0.81 3.0 -2.8 -2.8 -2.8 -2.8 -2.8 -2.8 0.219 0.409 0.084 0.158 0.343 0.578 2 2 2 2 2 2
1975-09-05T14:30:00 1975 9 5 14 30 0 2.3 -2.1 299.0 9.7 1.73 1.54 3.64 3.64 2 2 2 2 2 2 2 2 0.7 0.81 -1.0 -2.1 -2.1 -2.1 -2.1 -2.1 -2.1 0.343 0.641 0.091 0.27 0.484 0.835 2 2 2 2 2 2
1975-09-05T15:30:00 1975 9 5 15 30 0 0.2 1.4 298.0 9.2 1.43 0.28 0.81 0.78 2 2 2 2 2 2 2 2 1.0 0.85 -2.0 1.4 1.4 1.4 1.4 1.4 1.4 0.264 0.398 0.089 0.17 0.211 0.461 2 2 2 2 2 2
1975-09-05T16:30:00 1975 9 5 16 30 0 1.4 -0.4 299.0 10.4 1.66 0.05 0.09 0.1 2 2 2 2 2 2 2 2 1.0 0.89 2.0 -0.4 -0.4 -0.4 -0.4 -0.4 -0.4 0.191 0.242 0.087 0.101 0.108 0.275 2 2 2 2 2 2
1975-09-05T17:30:00 1975 9 5 17 30 0 2.1 -1.3 299.0 10.7 1.66 0.45 1.33 1.4 2 2 2 2 2 2 2 2 1.0 0.89 6.0 -1.3 -1.3 -1.3 -1.3 -1.3 -1.3 0.223 0.377 0.087 0.12 0.255 0.53 2 2 2 2 2 2
1975-09-05T18:30:00 1975 9 5 18 30 0 0.4 -2.1 299.0 11.3 1.75 0.71 2.59 2.86 2 2 2 2 2 2 2 2 1.3 0.93 7.0 -2.1 -2.1 -2.1 -2.1 -2.1 -2.1 0.314 0.582 0.091 0.206 0.42 0.829 2 2 2 2 2 2
1975-09-05T19:30:00 1975 9 5 19 30 0 1.1 1.6 305.0 11.6 1.87 0.15 0.77 0.87 2 2 2 2 2 2 2 2 1.3 0.97 6.0 1.6 1.6 1.6 1.6 1.6 1.6 0.244 0.368 0.09 0.134 0.19 0.48 2 2 2 2 2 2
1975-09-05T20:30:00 1975 9 5 20 30 0 0.3 3.1 306.0 14.8 2.38 0.0 0.0 0.0 2 2 2 2 2 2 2 2 1.3 1.04 6.0 3.1 3.1 3.1 3.1 3.1 3.1 0.165 0.183 0.087 0.075 0.06 0.199 2 2 2 2 2 2
1975-09-05T21:30:00 1975 9 5 21 30 0 -1.0 -1.1 315.0 20.8 3.57 0.06 0.3 0.62 2 2 2 2 2 2 2 2 1.7 1.17 10.0 -1.1 -1.1 -1.1 -1.1 -1.1 -1.1 0.154 0.223 0.086 0.073 0.15 0.534 2 2 2 2 2 2
1975-09-05T22:30:00 1975 9 5 22 30 0 -0.4 -3.0 321.0 25.5 4.51 0.96 3.39 8.04 2 2 2 2 2 2 2 2 1.7 1.3 14.0 -3.0 -3.0 -3.0 -3.0 -3.0 -3.0 0.393 0.787 0.098 0.335 0.672 2.453 2 2 2 2 2 2
1975-09-05T23:30:00 1975 9 5 23 30 0 0.0 -3.6 322.0 26.2 4.68 2.06 5.35 13.84 2 2 2 2 2 2 2 2 1.7 1.38 12.0 -3.6 -3.6 -3.6 -3.6 -3.6 -3.6 0.679 1.283 0.121 0.67 1.034 4.021 2 2 2 2 2 2
