1975-07-31T00:30:00 1975 7 31 0 30 0 -0.2 -1.4 358.0 8.5 1.93 0.39 2.33 1.82 2 2 2 2 2 2 2 2 1.7 1.1 -2.0 -1.4 -1.4 -1.4 -1.4 -1.4 -1.4 0.285 0.487 0.092 0.18 0.431 0.74 2 2 2 2 2 2
1975-07-31T01:30:00 1975 7 31 1 30 0 -2.1 -0.7 354.0 7.5 1.69 0.43 1.82 1.46 2 2 2 2 2 2 2 2 1.7 1.19 -3.0 -0.7 -0.7 -0.7 -0.7 -0.7 -0.7 0.285 0.46 0.094 0.164 0.37 0.709 2 2 2 2 2 2
1975-07-31T02:30:00 1975 7 31 2 30 0 -3.7 -0.2 364.0 9.0 2.25 0.82 0.77 0.63 2 2 2 2 2 2 2 2 1.7 1.31 -3.0 -0.2 -0.2 -0.2 -0.2 -0.2 -0.2 0.235 0.347 0.092 0.111 0.242 0.568 2 2 2 2 2 2
1975-07-31T03:30:00 1975 7 31 3 30 0 -4.4 0.7 363.0 5.0 1.25 1.1 0.03 0.02 2 2 2 2 2 2 2 2 1.0 1.34 -4.0 0.7 0.7 0.7 0.7 0.7 0.7 0.159 0.172 0.089 0.062 0.077 0.236 2 2 2 2 2 2
1975-07-31T04:30:00 1975 7 31 4 30 0 -4.6 1.9 359.0 5.3 1.25 0.96 0.0 0.0 2 2 2 2 2 2 2 2 1.0 1.37 -4.0 1.9 1.9 1.9 1.9 1.9 1.9 0.108 0.085 0.086 0.035 0.024 0.098 2 2 2 2 2 2
1975-07-31T05:30:00 1975 7 31 5 30 0 -1.5 3.7 353.0 6.7 1.55 0.26 0.0 0.0 2 2 2 2 2 2 2 2 1.0 1.33 -2.0 3.7 3.7 3.7 3.7 3.7 3.7 0.073 0.042 0.084 0.02 0.008 0.041 2 2 2 2 2 2
1975-07-31T06:30:00 1975 7 31 6 30 0 -2.1 3.6 350.0 5.6 1.3 0.04 0.0 0.0 2 2 2 2 2 2 2 2 0.3 1.2 -3.0 3.6 3.6 3.6 3.6 3.6 3.6 0.049 0.021 0.081 0.011 0.002 0.017 2 2 2 2 2 2
1975-07-31T07:30:00 1975 7 31 7 30 0 -2.7 3.5 350.0 5.5 1.28 0.1 0.0 0.0 2 2 2 2 2 2 2 2 0.3 1.07 -2.0 3.5 3.5 3.5 3.5 3.5 3.5 0.033 0.01 0.079 0.006 0.001 0.007 2 2 2 2 2 2
1975-07-31T08:30:00 1975 7 31 8 30 0 -2.5 3.0 353.0 6.9 1.63 0.12 0.0 0.0 2 2 2 2 2 2 2 2 0.3 0.9 0.0 3.0 3.0 3.0 3.0 3.0 3.0 0.023 0.005 0.076 0.003 0.0 0.003 2 2 2 2 2 2
1975-07-31T09:30:00 1975 7 31 9 30 0 1.4 3.3 338.0 7.3 1.55 0.02 0.0 0.0 2 2 2 2 2 2 2 2 0.3 0.72 1.0 3.3 3.3 3.3 3.3 3.3 3.3 0.015 0.003 0.074 0.002 0.0 0.001 2 2 2 2 2 2
1975-07-31T10:30:00 1975 7 31 10 30 0 -3.0 3.7 343.0 6.7 1.56 0.04 0.0 0.0 2 2 2 2 2 2 2 2 0.3 0.55 3.0 3.7 3.7 3.7 3.7 3.7 3.7 0.01 0.001 0.072 0.001 0.0 0.0 2 2 2 2 2 2
1975-07-31T11:30:00 1975 7 31 11 30 0 -4.6 2.9 348.0 5.9 1.37 0.38 0.0 0.0 2 2 2 2 2 2 2 2 0.3 0.47 5.0 2.9 2.9 2.9 2.9 2.9 2.9 0.007 0.001 0.07 0.001 0.0 0.0 2 2 2 2 2 2
1975-07-31T12:30:00 1975 7 31 12 30 0 -5.4 1.9 348.0 5.4 1.24 0.92 0.0 0.0 2 2 2 2 2 2 2 2 1.0 0.48 6.0 1.9 1.9 1.9 1.9 1.9 1.9 0.005 0.0 0.067 0.0 0.0 0.0 2 2 2 2 2 2
1975-07-31T13:30:00 1975 7 31 13 30 0 -4.9 0.3 328.0 7.8 1.68 1.3 0.0 0.0 2 2 2 2 2 2 2 2 1.0 0.48 5.0 0.3 0.3 0.3 0.3 0.3 0.3 0.003 0.0 0.065 0.0 0.0 0.0 2 2 2 2 2 2
1975-07-31T14:30:00 1975 7 31 14 30 0 -4.67 0.35 329.7 7.6 1.65 1.34 0.0 0.0 1 1 1 1 1 1 1 1 1.0 0.57 7.0 0.35 0.35 0.35 0.35 0.35 0.35 0.002 0.0 0.063 0.0 0.0 0.0 2 2 2 2 2 2
1975-07-31T15:30:00 1975 7 31 15 30 0 -4.43 0.55 331.3 7.4 1.63 1.17 0.0 0.0 1 1 1 1 1 1 1 1 1.0 0.66 5.0 0.55 0.55 0.55 0.55 0.55 0.55 0.001 0.0 0.061 0.0 0.0 0.0 2 2 2 2 2 2
1975-07-31T16:30:00 1975 7 31 16 30 0 -4.2 0.6 333.0 7.2 1.6 1.01 0.0 0.0 2 2 2 2 2 2 2 2 1.0 0.75 3.0 0.6 0.6 0.6 0.6 0.6 0.6 0.001 0.0 0.06 0.0 0.0 0.0 2 2 2 2 2 2
1975-07-31T17:30:00 1975 7 31 17 30 0 -3.9 1.7 337.0 6.5 1.48 0.73 0.0 0.0 2 2 2 2 2 2 2 2 1.0 0.83 5.0 1.7 1.7 1.7 1.7 1.7 1.7 0.001 0.0 0.058 0.0 0.0 0.0 2 2 2 2 2 2
1975-07-31T18:30:00 1975 7 31 18 30 0 -2.0 3.3 345.0 6.2 1.48 0.23 0.0 0.0 2 2 2 2 2 2 2 2 0.7 0.88 6.0 3.3 3.3 3.3 3.3 3.3 3.3 0.0 0.0 0.056 0.0 0.0 0.0 2 2 2 2 2 2
1975-07-31T19:30:00 1975 7 31 19 30 0 -2.3 2.6 343.0 6.9 1.62 0.08 0.0 0.0 2 2 2 2 2 2 2 2 0.7 0.92 7.0 2.6 2.6 2.6 2.6 2.6 2.6 0.0 0.0 0.054 0.0 0.0 0.0 2 2 2 2 2 2
1975-07-31T20:30:00 1975 7 31 20 30 0 -1.55 0.35 346.5 7.45 1.79 0.11 0.0 0.0 1 1 1 1 1 1 1 1 0.7 0.88 7.0 0.35 0.35 0.35 0.35 0.35 0.35 0.0 0.0 0.053 0.0 0.0 0.0 2 2 2 2 2 2
1975-07-31T21:30:00 1975 7 31 21 30 0 -0.8 -1.9 350.0 8.0 1.96 0.38 1.54 1.21 2 2 2 2 2 2 2 2 3.0 1.15 2.0 -1.9 -1.9 -1.9 -1.9 -1.9 -1.9 0.104 0.247 0.056 0.086 0.278 0.433 2 2 2 2 2 2
1975-07-31T22:30:00 1975 7 31 22 30 0 -0.8 -3.4 370.0 16.4 4.49 1.68 4.91 6.36 2 2 2 2 2 2 2 2 3.0 1.41 9.0 -3.4 -3.4 -3.4 -3.4 -3.4 -3.4 0.379 0.737 0.076 0.403 0.795 1.879 2 2 2 2 2 2
1975-07-31T23:30:00 1975 7 31 23 30 0 -4.6 1.2 365.0 19.5 5.2 1.23 2.06 3.55 2 2 2 2 2 2 2 2 3.0 1.66 9.0 1.2 1.2 1.2 1.2 1.2 1.2 0.351 0.555 0.079 0.308 0.433 1.427 2 2 2 2 2 2
