2006-04-18T00:30:00 2006 4 18 0 30 0 -1.5 -4.0 475.0 2.7 1.14 5.06 10.11 2.54 2 2 2 2 2 2 2 2 4.0 2.35 -32.0 -4.0 -4.0 -4.0 -4.0 -4.0 -4.0 0.55 0.621 0.44 0.613 0.906 0.683 2 2 2 2 2 2
2006-04-18T01:30:00 2006 4 18 1 30 0 -3.1 -1.7 492.0 2.7 1.24 3.13 6.65 1.8 2 2 2 2 2 2 2 2 4.0 2.76 -31.0 -1.7 -1.7 -1.7 -1.7 -1.7 -1.7 0.553 0.577 0.446 0.55 0.769 0.642 2 2 2 2 2 2
2006-04-18T02:30:00 2006 4 18 2 30 0 -0.5 -1.7 492.0 2.9 1.32 1.38 4.18 1.17 2 2 2 2 2 2 2 2 4.0 3.09 -31.0 -1.7 -1.7 -1.7 -1.7 -1.7 -1.7 0.509 0.505 0.445 0.44 0.647 0.597 2 2 2 2 2 2
2006-04-18T03:30:00 2006 4 18 3 30 0 1.5 -1.0 484.0 2.7 1.2 0.64 3.22 0.9 2 2 2 2 2 2 2 2 3.0 3.29 -28.0 -1.0 -1.0 -1.0 -1.0 -1.0 -1.0 0.445 0.423 0.439 0.332 0.512 0.508 2 2 2 2 2 2
2006-04-18T04:30:00 2006 4 18 4 30 0 1.1 -0.9 479.0 2.8 1.19 0.52 2.28 0.63 2 2 2 2 2 2 2 2 3.0 3.49 -26.0 -0.9 -0.9 -0.9 -0.9 -0.9 -0.9 0.378 0.354 0.431 0.244 0.415 0.43 2 2 2 2 2 2
2006-04-18T05:30:00 2006 4 18 5 30 0 0.9 -0.3 490.0 2.1 0.96 0.26 1.39 0.35 2 2 2 2 2 2 2 2 3.0 3.44 -28.0 -0.3 -0.3 -0.3 -0.3 -0.3 -0.3 0.299 0.262 0.42 0.162 0.28 0.306 2 2 2 2 2 2
2006-04-18T06:30:00 2006 4 18 6 30 0 1.2 -0.9 509.0 1.7 0.86 0.31 1.57 0.29 2 2 2 2 2 2 2 2 1.0 3.14 -27.0 -0.9 -0.9 -0.9 -0.9 -0.9 -0.9 0.255 0.229 0.41 0.127 0.281 0.25 2 2 2 2 2 2
2006-04-18T07:30:00 2006 4 18 7 30 0 1.0 -0.3 507.0 1.7 0.85 0.3 1.46 0.25 2 2 2 2 2 2 2 2 1.0 2.84 -27.0 -0.3 -0.3 -0.3 -0.3 -0.3 -0.3 0.212 0.188 0.4 0.094 0.229 0.197 2 2 2 2 2 2
2006-04-18T08:30:00 2006 4 18 8 30 0 -0.5 0.7 496.0 1.8 0.84 0.03 0.08 0.01 2 2 2 2 2 2 2 2 1.0 2.46 -26.0 0.7 0.7 0.7 0.7 0.7 0.7 0.145 0.097 0.388 0.053 0.077 0.087 2 2 2 2 2 2
2006-04-18T09:30:00 2006 4 18 9 30 0 -0.9 -0.4 492.0 1.9 0.86 0.06 0.22 0.04 2 2 2 2 2 2 2 2 0.7 2.05 -26.0 -0.4 -0.4 -0.4 -0.4 -0.4 -0.4 0.11 0.078 0.376 0.036 0.086 0.08 2 2 2 2 2 2
2006-04-18T10:30:00 2006 4 18 10 30 0 -1.1 -0.9 487.0 1.9 0.84 0.3 1.64 0.31 2 2 2 2 2 2 2 2 0.7 1.65 -25.0 -0.9 -0.9 -0.9 -0.9 -0.9 -0.9 0.129 0.142 0.368 0.058 0.22 0.158 2 2 2 2 2 2
2006-04-18T11:30:00 2006 4 18 11 30 0 -1.0 0.1 483.0 2.2 0.94 0.21 0.89 0.18 2 2 2 2 2 2 2 2 0.7 1.36 -25.0 0.1 0.1 0.1 0.1 0.1 0.1 0.11 0.115 0.358 0.044 0.141 0.124 2 2 2 2 2 2
2006-04-18T12:30:00 2006 4 18 12 30 0 -0.5 -0.1 468.0 2.0 0.78 0.06 0.07 0.01 2 2 2 2 2 2 2 2 0.3 1.03 -25.0 -0.1 -0.1 -0.1 -0.1 -0.1 -0.1 0.078 0.071 0.347 0.026 0.069 0.074 2 2 2 2 2 2
2006-04-18T13:30:00 2006 4 18 13 30 0 -0.2 0.0 466.0 1.9 0.73 0.02 0.11 0.02 2 2 2 2 2 2 2 2 0.3 0.7 -24.0 0.0 0.0 0.0 0.0 0.0 0.0 0.057 0.046 0.337 0.015 0.038 0.048 2 2 2 2 2 2
2006-04-18T14:30:00 2006 4 18 14 30 0 0.0 -0.3 462.0 1.7 0.64 0.01 0.38 0.07 2 2 2 2 2 2 2 2 0.3 0.62 -25.0 -0.3 -0.3 -0.3 -0.3 -0.3 -0.3 0.054 0.064 0.327 0.015 0.082 0.069 2 2 2 2 2 2
2006-04-18T15:30:00 2006 4 18 15 30 0 -0.4 -0.5 462.0 1.7 0.65 0.06 0.94 0.16 2 2 2 2 2 2 2 2 0.7 0.58 -24.0 -0.5 -0.5 -0.5 -0.5 -0.5 -0.5 0.068 0.1 0.318 0.025 0.143 0.1 2 2 2 2 2 2
2006-04-18T16:30:00 2006 4 18 16 30 0 -0.6 -0.7 458.0 1.7 0.64 0.15 1.4 0.24 2 2 2 2 2 2 2 2 0.7 0.55 -21.0 -0.7 -0.7 -0.7 -0.7 -0.7 -0.7 0.09 0.138 0.311 0.042 0.194 0.127 2 2 2 2 2 2
2006-04-18T17:30:00 2006 4 18 17 30 0 -0.6 -1.1 448.0 1.9 0.69 0.29 2.07 0.38 2 2 2 2 2 2 2 2 0.7 0.55 -18.0 -1.1 -1.1 -1.1 -1.1 -1.1 -1.1 0.125 0.189 0.305 0.071 0.263 0.167 2 2 2 2 2 2
2006-04-18T18:30:00 2006 4 18 18 30 0 -1.4 -1.1 445.0 1.8 0.66 0.5 2.46 0.45 2 2 2 2 2 2 2 2 1.0 0.59 -18.0 -1.1 -1.1 -1.1 -1.1 -1.1 -1.1 0.157 0.225 0.3 0.095 0.296 0.187 2 2 2 2 2 2
2006-04-18T19:30:00 2006 4 18 19 30 0 -1.6 -1.1 442.0 1.8 0.65 0.65 2.44 0.44 2 2 2 2 2 2 2 2 1.0 0.63 -19.0 -1.1 -1.1 -1.1 -1.1 -1.1 -1.1 0.177 0.242 0.296 0.108 0.303 0.191 2 2 2 2 2 2
2006-04-18T20:30:00 2006 4 18 20 30 0 -1.4 -1.0 422.0 2.2 0.74 0.6 2.26 0.45 2 2 2 2 2 2 2 2 1.0 0.72 -20.0 -1.0 -1.0 -1.0 -1.0 -1.0 -1.0 0.189 0.252 0.29 0.112 0.296 0.2 2 2 2 2 2 2
2006-04-18T21:30:00 2006 4 18 21 30 0 -2.0 -1.2 430.0 2.4 0.82 0.72 2.36 0.55 2 2 2 2 2 2 2 2 1.3 0.85 -23.0 -1.2 -1.2 -1.2 -1.2 -1.2 -1.2 0.206 0.274 0.286 0.123 0.32 0.232 2 2 2 2 2 2
2006-04-18T22:30:00 2006 4 18 22 30 0 -1.2 -2.1 420.0 1.9 0.63 1.09 3.58 0.75 2 2 2 2 2 2 2 2 1.3 0.97 -19.0 -2.1 -2.1 -2.1 -2.1 -2.1 -2.1 0.249 0.326 0.285 0.172 0.392 0.252 2 2 2 2 2 2
2006-04-18T23:30:00 2006 4 18 23 30 0 -0.8 -1.6 422.0 1.8 0.6 0.99 3.85 0.71 2 2 2 2 2 2 2 2 1.3 1.04 -18.0 -1.6 -1.6 -1.6 -1.6 -1.6 -1.6 0.272 0.34 0.284 0.191 0.391 0.236 2 2 2 2 2 2
