2006-08-19T00:30:00 2006 8 19 0 30 0 0.0 5.3 382.0 10.7 2.8 0.06 0.0 0.0 2 2 2 2 2 2 2 2 1.7 2.31 10.0 5.3 5.3 5.3 5.3 5.3 5.3 0.007 0.0 0.228 0.0 0.0 0.0 2 2 2 2 2 2
2006-08-19T01:30:00 2006 8 19 1 30 0 0.5 5.2 382.0 9.6 2.5 0.0 0.0 0.0 2 2 2 2 2 2 2 2 1.7 2.19 9.0 5.2 5.2 5.2 5.2 5.2 5.2 0.005 0.0 0.221 0.0 0.0 0.0 2 2 2 2 2 2
2006-08-19T02:30:00 2006 8 19 2 30 0 1.1 -0.6 389.0 5.3 1.45 0.04 0.12 0.06 2 2 2 2 2 2 2 2 1.7 2.14 3.0 -0.6 -0.6 -0.6 -0.6 -0.6 -0.6 0.02 0.044 0.215 0.01 0.064 0.082 2 2 2 2 2 2
2006-08-19T03:30:00 2006 8 19 3 30 0 3.1 2.8 399.0 3.0 0.9 0.2 0.06 0.03 2 2 2 2 2 2 2 2 1.0 2.01 -3.0 2.8 2.8 2.8 2.8 2.8 2.8 0.013 0.022 0.208 0.006 0.02 0.034 2 2 2 2 2 2
2006-08-19T04:30:00 2006 8 19 4 30 0 -0.3 0.5 378.0 2.9 0.74 0.06 0.0 0.0 2 2 2 2 2 2 2 2 1.0 1.88 -8.0 0.5 0.5 0.5 0.5 0.5 0.5 0.009 0.011 0.202 0.003 0.006 0.014 2 2 2 2 2 2
2006-08-19T05:30:00 2006 8 19 5 30 0 -0.1 0.8 346.0 3.9 0.83 0.0 0.0 0.0 2 2 2 2 2 2 2 2 1.0 1.67 -9.0 0.8 0.8 0.8 0.8 0.8 0.8 0.006 0.005 0.196 0.002 0.002 0.006 2 2 2 2 2 2
2006-08-19T06:30:00 2006 8 19 6 30 0 1.9 2.5 337.0 8.7 1.79 0.02 0.0 0.0 2 2 2 2 2 2 2 2 0.7 1.42 0.0 2.5 2.5 2.5 2.5 2.5 2.5 0.004 0.003 0.19 0.001 0.001 0.002 2 2 2 2 2 2
2006-08-19T07:30:00 2006 8 19 7 30 0 4.7 3.5 351.0 14.6 3.2 0.3 0.0 0.0 2 2 2 2 2 2 2 2 0.7 1.18 8.0 3.5 3.5 3.5 3.5 3.5 3.5 0.003 0.001 0.184 0.001 0.0 0.001 2 2 2 2 2 2
2006-08-19T08:30:00 2006 8 19 8 30 0 3.1 0.1 337.0 12.6 2.62 0.58 0.0 0.0 2 2 2 2 2 2 2 2 0.7 1.05 8.0 0.1 0.1 0.1 0.1 0.1 0.1 0.002 0.001 0.178 0.0 0.0 0.0 2 2 2 2 2 2
2006-08-19T09:30:00 2006 8 19 9 30 0 3.8 1.7 367.0 7.7 1.88 0.59 0.0 0.0 2 2 2 2 2 2 2 2 2.7 1.19 2.0 1.7 1.7 1.7 1.7 1.7 1.7 0.001 0.0 0.173 0.0 0.0 0.0 2 2 2 2 2 2
2006-08-19T10:30:00 2006 8 19 10 30 0 6.2 0.5 357.0 16.5 3.81 1.42 0.0 0.0 2 2 2 2 2 2 2 2 2.7 1.33 11.0 0.5 0.5 0.5 0.5 0.5 0.5 0.001 0.0 0.168 0.0 0.0 0.0 2 2 2 2 2 2
2006-08-19T11:30:00 2006 8 19 11 30 0 8.9 -3.4 402.0 8.4 2.46 6.03 3.17 3.33 2 2 2 2 2 2 2 2 2.7 1.55 1.0 -3.4 -3.4 -3.4 -3.4 -3.4 -3.4 0.212 0.424 0.177 0.233 0.556 1.094 2 2 2 2 2 2
2006-08-19T12:30:00 2006 8 19 12 30 0 15.9 -0.1 444.0 17.0 5.89 14.08 3.37 3.92 2 2 2 2 2 2 2 2 5.7 2.16 -2.0 -0.1 -0.1 -0.1 -0.1 -0.1 -0.1 0.297 0.509 0.183 0.271 0.56 1.661 2 2 2 2 2 2
2006-08-19T13:30:00 2006 8 19 13 30 0 14.3 -6.5 454.0 18.7 6.8 23.71 8.04 14.62 2 2 2 2 2 2 2 2 5.7 2.76 -8.0 -6.5 -6.5 -6.5 -6.5 -6.5 -6.5 0.775 1.198 0.246 1.065 1.667 5.585 2 2 2 2 2 2
2006-08-19T14:30:00 2006 8 19 14 30 0 -0.3 -10.2 469.0 22.7 8.97 23.71 19.67 41.35 2 2 2 2 2 2 2 2 5.7 3.38 -19.0 -10.2 -10.2 -10.2 -10.2 -10.2 -10.2 1.717 2.27 0.44 3.068 3.225 11.877 2 2 2 2 2 2
2006-08-19T15:30:00 2006 8 19 15 30 0 -4.8 -8.6 459.0 27.2 10.64 21.62 21.64 54.24 2 2 2 2 2 2 2 2 5.7 4.0 -30.0 -8.6 -8.6 -8.6 -8.6 -8.6 -8.6 2.464 2.959 0.653 4.412 3.879 16.839 2 2 2 2 2 2
2006-08-19T16:30:00 2006 8 19 16 30 0 -13.6 -1.1 469.0 33.6 13.28 16.32 10.51 31.31 2 2 2 2 2 2 2 2 5.7 4.61 -31.0 -1.1 -1.1 -1.1 -1.1 -1.1 -1.1 2.29 2.476 0.716 3.391 2.696 15.667 2 2 2 2 2 2
2006-08-19T17:30:00 2006 8 19 17 30 0 -9.2 1.5 457.0 32.7 12.64 9.88 0.44 1.46 2 2 2 2 2 2 2 2 5.7 4.98 -32.0 1.5 1.5 1.5 1.5 1.5 1.5 1.573 1.282 0.695 1.911 0.916 7.1 2 2 2 2 2 2
2006-08-19T18:30:00 2006 8 19 18 30 0 5.0 -7.9 424.0 23.2 7.41 6.56 7.89 20.23 2 2 2 2 2 2 2 2 5.7 5.34 -40.0 -7.9 -7.9 -7.9 -7.9 -7.9 -7.9 1.729 1.768 0.751 2.187 1.946 9.842 2 2 2 2 2 2
2006-08-19T19:30:00 2006 8 19 19 30 0 5.5 -9.7 428.0 23.7 7.69 20.27 18.91 44.41 2 2 2 2 2 2 2 2 5.7 5.7 -50.0 -9.7 -9.7 -9.7 -9.7 -9.7 -9.7 2.344 2.614 0.905 3.569 3.064 12.869 2 2 2 2 2 2
2006-08-19T20:30:00 2006 8 19 20 30 0 7.5 -10.7 426.0 19.9 6.44 26.81 21.86 47.25 2 2 2 2 2 2 2 2 5.7 5.7 -60.0 -10.7 -10.7 -10.7 -10.7 -10.7 -10.7 2.85 3.098 1.081 4.645 3.512 13.472 2 2 2 2 2 2
2006-08-19T21:30:00 2006 8 19 21 30 0 5.6 -10.9 405.0 20.4 6.06 28.03 22.41 45.19 2 2 2 2 2 2 2 2 6.0 5.74 -71.0 -10.9 -10.9 -10.9 -10.9 -10.9 -10.9 3.185 3.344 1.245 5.233 3.541 12.835 2 2 2 2 2 2
2006-08-19T22:30:00 2006 8 19 22 30 0 8.7 -11.5 415.0 15.6 4.79 30.4 23.04 40.93 2 2 2 2 2 2 2 2 6.0 5.78 -63.0 -11.5 -11.5 -11.5 -11.5 -11.5 -11.5 3.376 3.38 1.4 5.52 3.457 11.285 2 2 2 2 2 2
2006-08-19T23:30:00 2006 8 19 23 30 0 7.4 -11.2 414.0 16.7 5.12 32.07 23.49 38.05 2 2 2 2 2 2 2 2 6.0 5.82 -59.0 -11.2 -11.2 -11.2 -11.2 -11.2 -11.2 3.489 3.364 1.551 5.649 3.412 10.401 2 2 2 2 2 2
