2006-11-09T00:30:00 2006 11 9 0 30 0 1.0 -0.5 286.0 6.6 1.08 0.14 0.52 0.34 2 2 2 2 2 2 2 2 0.7 0.09 4.0 -0.5 -0.5 -0.5 -0.5 -0.5 -0.5 0.153 0.28 0.036 0.061 0.152 0.271 2 2 2 2 2 2
2006-11-09T01:30:00 2006 11 9 1 30 0 1.6 -0.4 290.0 5.9 0.99 0.18 0.64 0.4 2 2 2 2 2 2 2 2 0.7 0.18 4.0 -0.4 -0.4 -0.4 -0.4 -0.4 -0.4 0.139 0.252 0.036 0.05 0.139 0.232 2 2 2 2 2 2
2006-11-09T02:30:00 2006 11 9 2 30 0 1.6 0.2 291.0 6.8 1.15 0.17 0.17 0.1 2 2 2 2 2 2 2 2 0.7 0.27 3.0 0.2 0.2 0.2 0.2 0.2 0.2 0.102 0.15 0.035 0.03 0.061 0.125 2 2 2 2 2 2
2006-11-09T03:30:00 2006 11 9 3 30 0 0.8 0.5 287.0 7.0 1.15 0.06 0.0 0.0 2 2 2 2 2 2 2 2 0.0 0.27 1.0 0.5 0.5 0.5 0.5 0.5 0.5 0.069 0.074 0.034 0.017 0.019 0.052 2 2 2 2 2 2
2006-11-09T04:30:00 2006 11 9 4 30 0 0.9 0.1 292.0 6.3 1.07 0.03 0.0 0.0 2 2 2 2 2 2 2 2 0.0 0.26 1.0 0.1 0.1 0.1 0.1 0.1 0.1 0.047 0.037 0.033 0.009 0.006 0.021 2 2 2 2 2 2
2006-11-09T05:30:00 2006 11 9 5 30 0 0.2 -0.3 292.0 5.9 1.01 0.03 0.18 0.11 2 2 2 2 2 2 2 2 0.0 0.26 -1.0 -0.3 -0.3 -0.3 -0.3 -0.3 -0.3 0.046 0.074 0.032 0.011 0.05 0.076 2 2 2 2 2 2
2006-11-09T06:30:00 2006 11 9 6 30 0 0.3 -0.6 292.0 6.2 1.06 0.05 0.68 0.41 2 2 2 2 2 2 2 2 0.3 0.3 0.0 -0.6 -0.6 -0.6 -0.6 -0.6 -0.6 0.072 0.161 0.032 0.026 0.12 0.165 2 2 2 2 2 2
2006-11-09T07:30:00 2006 11 9 7 30 0 0.6 -0.6 292.0 5.9 1.01 0.09 0.88 0.53 2 2 2 2 2 2 2 2 0.3 0.33 3.0 -0.6 -0.6 -0.6 -0.6 -0.6 -0.6 0.097 0.22 0.032 0.039 0.154 0.211 2 2 2 2 2 2
2006-11-09T08:30:00 2006 11 9 8 30 0 0.8 -0.2 291.0 6.8 1.15 0.08 0.56 0.35 2 2 2 2 2 2 2 2 0.3 0.28 7.0 -0.2 -0.2 -0.2 -0.2 -0.2 -0.2 0.095 0.204 0.032 0.034 0.124 0.199 2 2 2 2 2 2
2006-11-09T09:30:00 2006 11 9 9 30 0 0.6 0.3 292.0 8.0 1.36 0.03 0.05 0.03 2 2 2 2 2 2 2 2 0.0 0.2 11.0 0.3 0.3 0.3 0.3 0.3 0.3 0.066 0.108 0.031 0.019 0.044 0.093 2 2 2 2 2 2
2006-11-09T10:30:00 2006 11 9 10 30 0 0.3 1.3 292.0 8.7 1.48 0.0 0.0 0.0 2 2 2 2 2 2 2 2 0.0 0.11 13.0 1.3 1.3 1.3 1.3 1.3 1.3 0.045 0.054 0.03 0.011 0.014 0.038 2 2 2 2 2 2
2006-11-09T11:30:00 2006 11 9 11 30 0 -1.4 1.6 289.0 11.2 1.87 0.01 0.0 0.0 2 2 2 2 2 2 2 2 0.0 0.11 14.0 1.6 1.6 1.6 1.6 1.6 1.6 0.03 0.027 0.029 0.006 0.004 0.016 2 2 2 2 2 2
2006-11-09T12:30:00 2006 11 9 12 30 0 -2.1 2.6 292.0 13.9 2.37 0.05 0.0 0.0 2 2 2 2 2 2 2 2 1.3 0.28 15.0 2.6 2.6 2.6 2.6 2.6 2.6 0.021 0.013 0.028 0.003 0.001 0.007 2 2 2 2 2 2
2006-11-09T13:30:00 2006 11 9 13 30 0 -3.0 3.9 315.0 20.6 4.09 0.11 0.0 0.0 2 2 2 2 2 2 2 2 1.3 0.45 25.0 3.9 3.9 3.9 3.9 3.9 3.9 0.014 0.007 0.027 0.002 0.0 0.003 2 2 2 2 2 2
2006-11-09T14:30:00 2006 11 9 14 30 0 -3.0 1.0 326.0 33.7 7.16 0.24 0.0 0.0 2 2 2 2 2 2 2 2 1.3 0.58 32.0 1.0 1.0 1.0 1.0 1.0 1.0 0.009 0.003 0.026 0.001 0.0 0.001 2 2 2 2 2 2
2006-11-09T15:30:00 2006 11 9 15 30 0 -3.3 4.9 327.0 29.8 6.37 0.22 0.0 0.0 2 2 2 2 2 2 2 2 3.0 0.93 29.0 4.9 4.9 4.9 4.9 4.9 4.9 0.006 0.002 0.026 0.001 0.0 0.0 2 2 2 2 2 2
2006-11-09T16:30:00 2006 11 9 16 30 0 -4.3 6.8 346.0 36.9 7.82 0.2 0.0 0.0 2 2 2 2 2 2 2 2 3.0 1.27 36.0 6.8 6.8 6.8 6.8 6.8 6.8 0.004 0.001 0.025 0.0 0.0 0.0 2 2 2 2 2 2
2006-11-09T17:30:00 2006 11 9 17 30 0 0.2 4.9 349.0 36.0 7.62 0.06 0.0 0.0 2 2 2 2 2 2 2 2 3.0 1.65 35.0 4.9 4.9 4.9 4.9 4.9 4.9 0.003 0.0 0.024 0.0 0.0 0.0 2 2 2 2 2 2
2006-11-09T18:30:00 2006 11 9 18 30 0 2.8 -6.2 366.0 37.0 8.71 2.12 3.63 13.37 2 2 2 2 2 2 2 2 3.3 2.06 28.0 -6.2 -6.2 -6.2 -6.2 -6.2 -6.2 0.423 0.878 0.057 0.627 1.028 5.219 2 2 2 2 2 2
2006-11-09T19:30:00 2006 11 9 19 30 0 15.8 4.5 378.0 13.2 3.23 7.47 2.84 9.0 2 2 2 2 2 2 2 2 3.3 2.46 5.0 4.5 4.5 4.5 4.5 4.5 4.5 0.429 0.708 0.067 0.501 0.579 3.52 2 2 2 2 2 2
2006-11-09T20:30:00 2006 11 9 20 30 0 16.0 0.7 392.0 17.0 5.22 12.39 0.0 0.0 2 2 2 2 2 2 2 2 3.3 2.71 5.0 0.7 0.7 0.7 0.7 0.7 0.7 0.29 0.351 0.065 0.28 0.183 1.46 2 2 2 2 2 2
2006-11-09T21:30:00 2006 11 9 21 30 0 16.2 -8.8 405.0 19.6 6.43 25.52 8.92 16.84 2 2 2 2 2 2 2 2 4.7 3.14 2.0 -8.8 -8.8 -8.8 -8.8 -8.8 -8.8 0.855 1.286 0.137 1.287 1.557 5.034 2 2 2 2 2 2
2006-11-09T22:30:00 2006 11 9 22 30 0 9.7 -12.5 408.0 23.6 7.86 37.55 21.97 48.08 2 2 2 2 2 2 2 2 4.7 3.56 -9.0 -12.5 -12.5 -12.5 -12.5 -12.5 -12.5 1.91 2.579 0.338 3.577 3.083 10.351 2 2 2 2 2 2
2006-11-09T23:30:00 2006 11 9 23 30 0 6.0 -9.1 430.0 17.6 6.51 29.51 22.35 45.77 2 2 2 2 2 2 2 2 4.7 3.77 -36.0 -9.1 -9.1 -9.1 -9.1 -9.1 -9.1 2.502 2.994 0.521 4.496 3.35 11.404 2 2 2 2 2 2
