2006-08-04T00:30:00 2006 8 4 0 30 0 -2.4 0.0 484.0 1.9 0.86 0.51 0.11 0.02 2 2 2 2 2 2 2 2 0.3 1.1 -4.0 0.0 0.0 0.0 0.0 0.0 0.0 0.078 0.076 0.078 0.029 0.062 0.067 2 2 2 2 2 2
2006-08-04T01:30:00 2006 8 4 1 30 0 -2.2 -0.1 481.0 2.0 0.9 0.55 0.13 0.03 2 2 2 2 2 2 2 2 0.3 1.04 -2.0 -0.1 -0.1 -0.1 -0.1 -0.1 -0.1 0.059 0.059 0.076 0.018 0.057 0.063 2 2 2 2 2 2
2006-08-04T02:30:00 2006 8 4 2 30 0 -2.1 -0.1 478.0 2.0 0.89 0.5 0.24 0.05 2 2 2 2 2 2 2 2 0.3 0.91 -1.0 -0.1 -0.1 -0.1 -0.1 -0.1 -0.1 0.05 0.057 0.074 0.013 0.065 0.07 2 2 2 2 2 2
2006-08-04T03:30:00 2006 8 4 3 30 0 -2.0 -0.1 472.0 2.0 0.87 0.45 0.24 0.05 2 2 2 2 2 2 2 2 1.0 0.88 -2.0 -0.1 -0.1 -0.1 -0.1 -0.1 -0.1 0.043 0.056 0.072 0.01 0.067 0.072 2 2 2 2 2 2
2006-08-04T04:30:00 2006 8 4 4 30 0 -2.0 0.4 456.0 1.7 0.65 0.35 0.01 0.0 2 2 2 2 2 2 2 2 1.0 0.84 -5.0 0.4 0.4 0.4 0.4 0.4 0.4 0.029 0.028 0.07 0.006 0.021 0.03 2 2 2 2 2 2
2006-08-04T05:30:00 2006 8 4 5 30 0 -1.6 0.6 443.0 1.7 0.61 0.2 0.0 0.0 2 2 2 2 2 2 2 2 1.0 0.81 -6.0 0.6 0.6 0.6 0.6 0.6 0.6 0.02 0.014 0.068 0.003 0.007 0.012 2 2 2 2 2 2
2006-08-04T06:30:00 2006 8 4 6 30 0 -1.7 0.4 434.0 1.7 0.59 0.17 0.0 0.0 2 2 2 2 2 2 2 2 0.3 0.69 -3.0 0.4 0.4 0.4 0.4 0.4 0.4 0.013 0.007 0.066 0.002 0.002 0.005 2 2 2 2 2 2
2006-08-04T07:30:00 2006 8 4 7 30 0 -1.6 0.2 434.0 1.8 0.63 0.19 0.0 0.0 2 2 2 2 2 2 2 2 0.3 0.56 -1.0 0.2 0.2 0.2 0.2 0.2 0.2 0.009 0.003 0.064 0.001 0.001 0.002 2 2 2 2 2 2
2006-08-04T08:30:00 2006 8 4 8 30 0 -2.3 0.2 432.0 2.0 0.68 0.31 0.0 0.0 2 2 2 2 2 2 2 2 0.3 0.56 -5.0 0.2 0.2 0.2 0.2 0.2 0.2 0.006 0.002 0.062 0.001 0.0 0.001 2 2 2 2 2 2
2006-08-04T09:30:00 2006 8 4 9 30 0 -2.6 0.2 427.0 2.1 0.7 0.48 0.0 0.0 2 2 2 2 2 2 2 2 0.0 0.52 -7.0 0.2 0.2 0.2 0.2 0.2 0.2 0.004 0.001 0.06 0.0 0.0 0.0 2 2 2 2 2 2
2006-08-04T10:30:00 2006 8 4 10 30 0 -2.2 0.2 417.0 2.2 0.73 0.44 0.0 0.0 2 2 2 2 2 2 2 2 0.0 0.48 -6.0 0.2 0.2 0.2 0.2 0.2 0.2 0.003 0.0 0.058 0.0 0.0 0.0 2 2 2 2 2 2
2006-08-04T11:30:00 2006 8 4 11 30 0 -2.6 0.1 412.0 2.2 0.71 0.46 0.0 0.0 2 2 2 2 2 2 2 2 0.0 0.35 -5.0 0.1 0.1 0.1 0.1 0.1 0.1 0.002 0.0 0.056 0.0 0.0 0.0 2 2 2 2 2 2
2006-08-04T12:30:00 2006 8 4 12 30 0 -2.6 0.2 406.0 1.9 0.59 0.53 0.0 0.0 2 2 2 2 2 2 2 2 0.0 0.23 -7.0 0.2 0.2 0.2 0.2 0.2 0.2 0.001 0.0 0.054 0.0 0.0 0.0 2 2 2 2 2 2
2006-08-04T13:30:00 2006 8 4 13 30 0 -2.0 0.2 398.0 2.0 0.64 0.38 0.0 0.0 2 2 2 2 2 2 2 2 0.0 0.11 -6.0 0.2 0.2 0.2 0.2 0.2 0.2 0.001 0.0 0.053 0.0 0.0 0.0 2 2 2 2 2 2
2006-08-04T14:30:00 2006 8 4 14 30 0 -2.1 0.4 394.0 1.9 0.6 0.28 0.0 0.0 2 2 2 2 2 2 2 2 0.0 0.07 -3.0 0.4 0.4 0.4 0.4 0.4 0.4 0.001 0.0 0.051 0.0 0.0 0.0 2 2 2 2 2 2
2006-08-04T15:30:00 2006 8 4 15 30 0 -1.5 1.1 396.0 2.7 0.88 0.15 0.0 0.0 2 2 2 2 2 2 2 2 0.0 0.04 -1.0 1.1 1.1 1.1 1.1 1.1 1.1 0.0 0.0 0.05 0.0 0.0 0.0 2 2 2 2 2 2
2006-08-04T16:30:00 2006 8 4 16 30 0 -1.4 1.8 395.0 2.6 0.86 0.06 0.0 0.0 2 2 2 2 2 2 2 2 0.0 0.0 -1.0 1.8 1.8 1.8 1.8 1.8 1.8 0.0 0.0 0.048 0.0 0.0 0.0 2 2 2 2 2 2
2006-08-04T17:30:00 2006 8 4 17 30 0 -2.4 1.4 397.0 3.0 1.01 0.12 0.0 0.0 2 2 2 2 2 2 2 2 0.0 0.0 0.0 1.4 1.4 1.4 1.4 1.4 1.4 0.0 0.0 0.047 0.0 0.0 0.0 2 2 2 2 2 2
2006-08-04T18:30:00 2006 8 4 18 30 0 -1.7 2.3 406.0 4.3 1.49 0.12 0.0 0.0 2 2 2 2 2 2 2 2 0.7 0.09 3.0 2.3 2.3 2.3 2.3 2.3 2.3 0.0 0.0 0.045 0.0 0.0 0.0 2 2 2 2 2 2
2006-08-04T19:30:00 2006 8 4 19 30 0 -2.6 2.5 407.0 4.3 1.5 0.12 0.0 0.0 2 2 2 2 2 2 2 2 0.7 0.18 3.0 2.5 2.5 2.5 2.5 2.5 2.5 0.0 0.0 0.044 0.0 0.0 0.0 2 2 2 2 2 2
2006-08-04T20:30:00 2006 8 4 20 30 0 -2.5 1.7 400.0 4.6 1.56 0.2 0.0 0.0 2 2 2 2 2 2 2 2 0.7 0.27 5.0 1.7 1.7 1.7 1.7 1.7 1.7 0.0 0.0 0.043 0.0 0.0 0.0 2 2 2 2 2 2
2006-08-04T21:30:00 2006 8 4 21 30 0 -2.1 0.8 389.0 5.0 1.6 0.21 0.0 0.0 2 2 2 2 2 2 2 2 0.7 0.36 6.0 0.8 0.8 0.8 0.8 0.8 0.8 0.0 0.0 0.041 0.0 0.0 0.0 2 2 2 2 2 2
2006-08-04T22:30:00 2006 8 4 22 30 0 -2.4 2.8 397.0 4.8 1.55 0.16 0.0 0.0 2 2 2 2 2 2 2 2 0.7 0.45 6.0 2.8 2.8 2.8 2.8 2.8 2.8 0.0 0.0 0.04 0.0 0.0 0.0 2 2 2 2 2 2
2006-08-04T23:30:00 2006 8 4 23 30 0 -3.7 -1.0 398.0 4.6 1.54 0.7 0.35 0.16 2 2 2 2 2 2 2 2 0.7 0.53 8.0 -1.0 -1.0 -1.0 -1.0 -1.0 -1.0 0.026 0.065 0.04 0.02 0.097 0.11 2 2 2 2 2 2
