2006-07-20T00:30:00 2006 7 20 0 30 0 4.0 0.5 311.0 13.4 2.59 0.28 0.0 0.0 2 2 2 2 2 2 2 2 0.3 0.42 9.0 0.5 0.5 0.5 0.5 0.5 0.5 0.0 0.0 0.041 0.0 0.0 0.0 2 2 2 2 2 2
2006-07-20T01:30:00 2006 7 20 1 30 0 3.7 1.0 312.0 15.0 2.92 0.69 0.0 0.0 2 2 2 2 2 2 2 2 0.3 0.45 12.0 1.0 1.0 1.0 1.0 1.0 1.0 0.0 0.0 0.039 0.0 0.0 0.0 2 2 2 2 2 2
2006-07-20T02:30:00 2006 7 20 2 30 0 4.0 1.1 316.0 13.8 2.76 0.64 0.0 0.0 2 2 2 2 2 2 2 2 0.3 0.45 13.0 1.1 1.1 1.1 1.1 1.1 1.1 0.0 0.0 0.038 0.0 0.0 0.0 2 2 2 2 2 2
2006-07-20T03:30:00 2006 7 20 3 30 0 5.1 0.1 315.0 11.4 2.26 1.12 0.0 0.0 2 2 2 2 2 2 2 2 1.0 0.54 10.0 0.1 0.1 0.1 0.1 0.1 0.1 0.0 0.0 0.037 0.0 0.0 0.0 2 2 2 2 2 2
2006-07-20T04:30:00 2006 7 20 4 30 0 3.1 0.4 310.0 16.7 3.21 0.94 0.0 0.0 2 2 2 2 2 2 2 2 1.0 0.63 11.0 0.4 0.4 0.4 0.4 0.4 0.4 0.0 0.0 0.036 0.0 0.0 0.0 2 2 2 2 2 2
2006-07-20T05:30:00 2006 7 20 5 30 0 2.8 0.0 305.0 17.8 3.31 0.5 0.0 0.0 2 2 2 2 2 2 2 2 1.0 0.67 12.0 0.0 0.0 0.0 0.0 0.0 0.0 0.0 0.0 0.035 0.0 0.0 0.0 2 2 2 2 2 2
2006-07-20T06:30:00 2006 7 20 6 30 0 3.0 -0.3 300.0 15.3 2.75 0.57 0.24 0.39 2 2 2 2 2 2 2 2 0.3 0.62 10.0 -0.3 -0.3 -0.3 -0.3 -0.3 -0.3 0.027 0.104 0.034 0.01 0.087 0.302 2 2 2 2 2 2
2006-07-20T07:30:00 2006 7 20 7 30 0 2.3 0.9 299.0 13.4 2.4 0.37 0.04 0.06 2 2 2 2 2 2 2 2 0.3 0.56 8.0 0.9 0.9 0.9 0.9 0.9 0.9 0.018 0.052 0.033 0.005 0.028 0.125 2 2 2 2 2 2
2006-07-20T08:30:00 2006 7 20 8 30 0 3.1 0.7 294.0 13.7 2.37 0.31 0.0 0.0 2 2 2 2 2 2 2 2 0.3 0.56 8.0 0.7 0.7 0.7 0.7 0.7 0.7 0.012 0.026 0.032 0.003 0.009 0.052 2 2 2 2 2 2
2006-07-20T09:30:00 2006 7 20 9 30 0 4.6 -0.7 294.0 10.5 1.82 0.96 0.3 0.33 2 2 2 2 2 2 2 2 0.7 0.61 6.0 -0.7 -0.7 -0.7 -0.7 -0.7 -0.7 0.038 0.112 0.032 0.018 0.091 0.198 2 2 2 2 2 2
2006-07-20T10:30:00 2006 7 20 10 30 0 4.8 -0.1 293.0 9.7 1.67 1.45 0.55 0.56 2 2 2 2 2 2 2 2 0.7 0.66 6.0 -0.1 -0.1 -0.1 -0.1 -0.1 -0.1 0.058 0.161 0.032 0.023 0.109 0.262 2 2 2 2 2 2
2006-07-20T11:30:00 2006 7 20 11 30 0 3.1 -0.6 292.0 13.0 2.22 1.03 0.54 0.64 2 2 2 2 2 2 2 2 0.7 0.62 9.0 -0.6 -0.6 -0.6 -0.6 -0.6 -0.6 0.086 0.235 0.032 0.035 0.162 0.409 2 2 2 2 2 2
2006-07-20T12:30:00 2006 7 20 12 30 0 2.5 -1.2 294.0 13.7 2.37 0.78 1.36 1.82 2 2 2 2 2 2 2 2 0.7 0.59 10.0 -1.2 -1.2 -1.2 -1.2 -1.2 -1.2 0.16 0.403 0.034 0.088 0.287 0.712 2 2 2 2 2 2
2006-07-20T13:30:00 2006 7 20 13 30 0 2.2 0.2 295.0 12.2 2.12 0.47 0.68 0.91 2 2 2 2 2 2 2 2 0.7 0.56 8.0 0.2 0.2 0.2 0.2 0.2 0.2 0.146 0.309 0.034 0.068 0.169 0.508 2 2 2 2 2 2
2006-07-20T14:30:00 2006 7 20 14 30 0 1.5 -1.0 291.0 13.4 2.27 0.31 0.67 0.88 2 2 2 2 2 2 2 2 0.7 0.6 7.0 -1.0 -1.0 -1.0 -1.0 -1.0 -1.0 0.161 0.348 0.034 0.075 0.217 0.595 2 2 2 2 2 2
2006-07-20T15:30:00 2006 7 20 15 30 0 1.2 -1.3 294.0 12.1 2.09 0.42 1.7 2.15 2 2 2 2 2 2 2 2 0.3 0.6 4.0 -1.3 -1.3 -1.3 -1.3 -1.3 -1.3 0.225 0.485 0.037 0.124 0.324 0.784 2 2 2 2 2 2
2006-07-20T16:30:00 2006 7 20 16 30 0 2.1 0.1 299.0 9.9 1.77 0.31 0.81 0.92 2 2 2 2 2 2 2 2 0.3 0.6 2.0 0.1 0.1 0.1 0.1 0.1 0.1 0.194 0.358 0.037 0.091 0.189 0.524 2 2 2 2 2 2
2006-07-20T17:30:00 2006 7 20 17 30 0 -0.3 2.5 297.0 9.9 1.75 0.04 0.0 0.0 2 2 2 2 2 2 2 2 0.3 0.54 2.0 2.5 2.5 2.5 2.5 2.5 2.5 0.132 0.178 0.036 0.051 0.06 0.217 2 2 2 2 2 2
2006-07-20T18:30:00 2006 7 20 18 30 0 -0.3 0.3 294.0 9.3 1.61 0.0 0.0 0.0 2 2 2 2 2 2 2 2 0.3 0.49 1.0 0.3 0.3 0.3 0.3 0.3 0.3 0.089 0.088 0.035 0.029 0.019 0.09 2 2 2 2 2 2
2006-07-20T19:30:00 2006 7 20 19 30 0 0.4 -0.5 297.0 9.5 1.68 0.02 0.26 0.25 2 2 2 2 2 2 2 2 0.3 0.44 3.0 -0.5 -0.5 -0.5 -0.5 -0.5 -0.5 0.086 0.133 0.035 0.027 0.085 0.192 2 2 2 2 2 2
2006-07-20T20:30:00 2006 7 20 20 30 0 -0.8 -0.2 297.0 9.3 1.64 0.04 0.5 0.47 2 2 2 2 2 2 2 2 0.3 0.4 5.0 -0.2 -0.2 -0.2 -0.2 -0.2 -0.2 0.09 0.172 0.034 0.028 0.112 0.259 2 2 2 2 2 2
2006-07-20T21:30:00 2006 7 20 21 30 0 -1.5 -1.6 296.0 9.1 1.59 0.33 1.42 1.3 2 2 2 2 2 2 2 2 0.7 0.4 5.0 -1.6 -1.6 -1.6 -1.6 -1.6 -1.6 0.158 0.345 0.036 0.085 0.26 0.465 2 2 2 2 2 2
2006-07-20T22:30:00 2006 7 20 22 30 0 -1.9 -0.8 298.0 8.6 1.53 0.53 1.73 1.53 2 2 2 2 2 2 2 2 0.7 0.4 3.0 -0.8 -0.8 -0.8 -0.8 -0.8 -0.8 0.2 0.414 0.039 0.11 0.283 0.518 2 2 2 2 2 2
2006-07-20T23:30:00 2006 7 20 23 30 0 -1.9 0.5 300.0 8.6 1.55 0.26 0.32 0.27 2 2 2 2 2 2 2 2 0.7 0.46 4.0 0.5 0.5 0.5 0.5 0.5 0.5 0.15 0.247 0.038 0.067 0.119 0.277 2 2 2 2 2 2
