2006-09-29T00:30:00 2006 9 29 0 30 0 -0.5 0.3 337.0 18.0 4.09 0.43 0.0 0.0 2 2 2 2 2 2 2 2 2.0 1.16 8.0 0.3 0.3 0.3 0.3 0.3 0.3 0.056 0.089 0.039 0.025 0.047 0.154 2 2 2 2 2 2
2006-09-29T01:30:00 2006 9 29 1 30 0 -1.0 0.3 334.0 16.9 3.77 0.03 0.0 0.0 2 2 2 2 2 2 2 2 2.0 1.37 7.0 0.3 0.3 0.3 0.3 0.3 0.3 0.038 0.044 0.038 0.014 0.015 0.064 2 2 2 2 2 2
2006-09-29T02:30:00 2006 9 29 2 30 0 -2.7 -0.1 329.0 14.7 3.18 0.26 0.03 0.04 2 2 2 2 2 2 2 2 2.0 1.5 7.0 -0.1 -0.1 -0.1 -0.1 -0.1 -0.1 0.03 0.043 0.037 0.009 0.026 0.105 2 2 2 2 2 2
2006-09-29T03:30:00 2006 9 29 3 30 0 -3.3 -0.3 322.0 13.3 2.76 0.68 0.34 0.47 2 2 2 2 2 2 2 2 0.3 1.4 6.0 -0.3 -0.3 -0.3 -0.3 -0.3 -0.3 0.052 0.132 0.036 0.017 0.11 0.367 2 2 2 2 2 2
2006-09-29T04:30:00 2006 9 29 4 30 0 -3.6 -0.5 318.0 12.7 2.57 0.93 0.65 0.85 2 2 2 2 2 2 2 2 0.3 1.3 6.0 -0.5 -0.5 -0.5 -0.5 -0.5 -0.5 0.087 0.228 0.036 0.034 0.183 0.553 2 2 2 2 2 2
2006-09-29T05:30:00 2006 9 29 5 30 0 -3.7 -0.7 312.0 12.9 2.51 1.1 0.96 1.23 2 2 2 2 2 2 2 2 0.3 1.17 6.0 -0.7 -0.7 -0.7 -0.7 -0.7 -0.7 0.13 0.322 0.037 0.059 0.244 0.697 2 2 2 2 2 2
2006-09-29T06:30:00 2006 9 29 6 30 0 -1.7 -0.8 306.0 12.5 2.34 0.7 1.16 1.48 2 2 2 2 2 2 2 2 0.7 1.1 4.0 -0.8 -0.8 -0.8 -0.8 -0.8 -0.8 0.171 0.394 0.039 0.082 0.28 0.772 2 2 2 2 2 2
2006-09-29T07:30:00 2006 9 29 7 30 0 0.0 0.0 298.0 10.4 1.85 0.11 0.56 0.65 2 2 2 2 2 2 2 2 0.7 1.02 0.0 0.0 0.0 0.0 0.0 0.0 0.0 0.146 0.288 0.038 0.06 0.159 0.5 2 2 2 2 2 2
2006-09-29T08:30:00 2006 9 29 8 30 0 -1.4 0.3 301.0 12.0 2.17 0.03 0.0 0.0 2 2 2 2 2 2 2 2 0.7 0.86 0.0 0.3 0.3 0.3 0.3 0.3 0.3 0.099 0.143 0.037 0.033 0.05 0.207 2 2 2 2 2 2
2006-09-29T09:30:00 2006 9 29 9 30 0 -2.2 -0.2 299.0 11.8 2.11 0.22 0.07 0.09 2 2 2 2 2 2 2 2 0.3 0.66 -3.0 -0.2 -0.2 -0.2 -0.2 -0.2 -0.2 0.077 0.113 0.036 0.022 0.054 0.187 2 2 2 2 2 2
2006-09-29T10:30:00 2006 9 29 10 30 0 -2.7 0.0 297.0 11.6 2.05 0.4 0.14 0.16 2 2 2 2 2 2 2 2 0.3 0.45 -3.0 0.0 0.0 0.0 0.0 0.0 0.0 0.061 0.093 0.035 0.014 0.043 0.163 2 2 2 2 2 2
2006-09-29T11:30:00 2006 9 29 11 30 0 -3.1 -0.7 293.0 12.1 2.08 0.64 0.56 0.67 2 2 2 2 2 2 2 2 0.3 0.45 -1.0 -0.7 -0.7 -0.7 -0.7 -0.7 -0.7 0.091 0.207 0.035 0.033 0.148 0.377 2 2 2 2 2 2
2006-09-29T12:30:00 2006 9 29 12 30 0 -1.5 -0.8 291.0 12.2 2.07 0.52 1.1 1.34 2 2 2 2 2 2 2 2 1.0 0.54 1.0 -0.8 -0.8 -0.8 -0.8 -0.8 -0.8 0.139 0.331 0.036 0.064 0.231 0.561 2 2 2 2 2 2
2006-09-29T13:30:00 2006 9 29 13 30 0 -0.9 -0.3 294.0 12.2 2.11 0.18 0.77 0.94 2 2 2 2 2 2 2 2 1.0 0.63 -2.0 -0.3 -0.3 -0.3 -0.3 -0.3 -0.3 0.145 0.325 0.036 0.06 0.198 0.54 2 2 2 2 2 2
2006-09-29T14:30:00 2006 9 29 14 30 0 -1.7 -1.1 292.0 13.1 2.23 0.27 1.07 1.37 2 2 2 2 2 2 2 2 1.0 0.67 1.0 -1.1 -1.1 -1.1 -1.1 -1.1 -1.1 0.183 0.408 0.038 0.086 0.267 0.683 2 2 2 2 2 2
2006-09-29T15:30:00 2006 9 29 15 30 0 -0.7 -1.1 290.0 13.2 2.22 0.35 1.6 2.1 2 2 2 2 2 2 2 2 1.7 0.8 2.0 -1.1 -1.1 -1.1 -1.1 -1.1 -1.1 0.234 0.503 0.04 0.123 0.325 0.82 2 2 2 2 2 2
2006-09-29T16:30:00 2006 9 29 16 30 0 0.3 -0.3 288.0 11.1 1.84 0.1 0.96 1.18 2 2 2 2 2 2 2 2 1.7 0.93 1.0 -0.3 -0.3 -0.3 -0.3 -0.3 -0.3 0.218 0.429 0.04 0.1 0.239 0.653 2 2 2 2 2 2
2006-09-29T17:30:00 2006 9 29 17 30 0 -2.9 -0.4 295.0 13.1 2.28 0.24 0.52 0.63 2 2 2 2 2 2 2 2 1.7 1.1 5.0 -0.4 -0.4 -0.4 -0.4 -0.4 -0.4 0.189 0.354 0.04 0.074 0.189 0.558 2 2 2 2 2 2
2006-09-29T18:30:00 2006 9 29 18 30 0 -1.1 0.3 297.0 17.3 3.05 0.26 0.14 0.2 2 2 2 2 2 2 2 2 1.7 1.28 4.0 0.3 0.3 0.3 0.3 0.3 0.3 0.136 0.205 0.039 0.044 0.079 0.306 2 2 2 2 2 2
2006-09-29T19:30:00 2006 9 29 19 30 0 0.7 0.0 285.0 22.6 3.67 0.01 0.0 0.0 2 2 2 2 2 2 2 2 1.7 1.45 5.0 0.0 0.0 0.0 0.0 0.0 0.0 0.092 0.102 0.038 0.024 0.025 0.127 2 2 2 2 2 2
2006-09-29T20:30:00 2006 9 29 20 30 0 1.5 -0.4 287.0 19.7 3.25 0.11 0.31 0.64 2 2 2 2 2 2 2 2 1.7 1.53 6.0 -0.4 -0.4 -0.4 -0.4 -0.4 -0.4 0.099 0.191 0.037 0.028 0.117 0.482 2 2 2 2 2 2
2006-09-29T21:30:00 2006 9 29 21 30 0 1.8 -0.1 283.0 19.7 3.16 0.21 0.34 0.67 2 2 2 2 2 2 2 2 0.0 1.39 7.0 -0.1 -0.1 -0.1 -0.1 -0.1 -0.1 0.096 0.206 0.037 0.026 0.116 0.533 2 2 2 2 2 2
2006-09-29T22:30:00 2006 9 29 22 30 0 2.6 0.0 287.0 21.2 3.49 0.31 0.07 0.13 2 2 2 2 2 2 2 2 0.0 1.26 7.0 0.0 0.0 0.0 0.0 0.0 0.0 0.071 0.132 0.035 0.015 0.056 0.33 2 2 2 2 2 2
2006-09-29T23:30:00 2006 9 29 23 30 0 -0.3 -2.1 292.0 23.6 4.02 0.43 1.65 3.78 2 2 2 2 2 2 2 2 0.0 1.04 6.0 -2.1 -2.1 -2.1 -2.1 -2.1 -2.1 0.212 0.518 0.04 0.143 0.387 1.39 2 2 2 2 2 2
