2006-11-16T00:30:00 2006 11 16 0 30 0 0.2 -6.0 368.0 10.9 2.73 5.77 9.39 10.23 2 2 2 2 2 2 2 2 4.3 2.19 -11.0 -6.0 -6.0 -6.0 -6.0 -6.0 -6.0 1.161 1.506 0.253 1.318 1.364 2.828 2 2 2 2 2 2
2006-11-16T01:30:00 2006 11 16 1 30 0 -1.4 -3.4 361.0 8.0 1.95 4.48 8.37 7.93 2 2 2 2 2 2 2 2 4.3 2.61 -7.0 -3.4 -3.4 -3.4 -3.4 -3.4 -3.4 1.157 1.394 0.278 1.224 1.163 2.309 2 2 2 2 2 2
2006-11-16T02:30:00 2006 11 16 2 30 0 -3.1 -2.6 354.0 6.4 1.48 2.48 5.3 3.8 2 2 2 2 2 2 2 2 4.3 2.99 -11.0 -2.6 -2.6 -2.6 -2.6 -2.6 -2.6 1.016 1.132 0.286 0.938 0.859 1.589 2 2 2 2 2 2
2006-11-16T03:30:00 2006 11 16 3 30 0 -0.5 -5.9 354.0 5.9 1.32 4.37 7.77 4.74 2 2 2 2 2 2 2 2 2.3 3.09 -17.0 -5.9 -5.9 -5.9 -5.9 -5.9 -5.9 1.027 1.147 0.306 0.988 0.947 1.352 2 2 2 2 2 2
2006-11-16T04:30:00 2006 11 16 4 30 0 0.5 0.2 378.0 3.1 0.79 2.01 4.73 2.32 2 2 2 2 2 2 2 2 2.3 3.2 -18.0 0.2 0.2 0.2 0.2 0.2 0.2 0.832 0.802 0.308 0.7 0.549 0.801 2 2 2 2 2 2
2006-11-16T05:30:00 2006 11 16 5 30 0 -2.4 -1.0 385.0 3.1 0.81 0.28 0.88 0.27 2 2 2 2 2 2 2 2 2.3 3.14 -18.0 -1.0 -1.0 -1.0 -1.0 -1.0 -1.0 0.608 0.504 0.3 0.42 0.314 0.447 2 2 2 2 2 2
2006-11-16T06:30:00 2006 11 16 6 30 0 0.1 -2.4 383.0 3.5 0.9 0.94 3.37 1.13 2 2 2 2 2 2 2 2 1.7 3.0 -14.0 -2.4 -2.4 -2.4 -2.4 -2.4 -2.4 0.542 0.497 0.299 0.36 0.424 0.432 2 2 2 2 2 2
2006-11-16T07:30:00 2006 11 16 7 30 0 -4.2 -0.2 405.0 3.7 1.09 1.1 2.37 0.85 2 2 2 2 2 2 2 2 1.7 2.87 -18.0 -0.2 -0.2 -0.2 -0.2 -0.2 -0.2 0.44 0.392 0.294 0.256 0.314 0.355 2 2 2 2 2 2
2006-11-16T08:30:00 2006 11 16 8 30 0 2.2 1.7 437.0 4.1 1.41 0.26 0.01 0.0 2 2 2 2 2 2 2 2 1.7 2.55 -14.0 1.7 1.7 1.7 1.7 1.7 1.7 0.298 0.195 0.285 0.143 0.1 0.147 2 2 2 2 2 2
2006-11-16T09:30:00 2006 11 16 9 30 0 -1.2 1.8 429.0 3.7 1.24 0.03 0.0 0.0 2 2 2 2 2 2 2 2 0.7 2.1 -8.0 1.8 1.8 1.8 1.8 1.8 1.8 0.202 0.097 0.277 0.08 0.032 0.061 2 2 2 2 2 2
2006-11-16T10:30:00 2006 11 16 10 30 0 -2.8 1.1 412.0 3.1 0.97 0.18 0.0 0.0 2 2 2 2 2 2 2 2 0.7 1.66 -6.0 1.1 1.1 1.1 1.1 1.1 1.1 0.136 0.048 0.268 0.045 0.01 0.025 2 2 2 2 2 2
2006-11-16T11:30:00 2006 11 16 11 30 0 -3.0 1.3 410.0 2.7 0.84 0.4 0.0 0.0 2 2 2 2 2 2 2 2 0.7 1.46 -9.0 1.3 1.3 1.3 1.3 1.3 1.3 0.092 0.024 0.26 0.025 0.003 0.01 2 2 2 2 2 2
2006-11-16T12:30:00 2006 11 16 12 30 0 -2.1 0.9 416.0 3.0 0.94 0.3 0.0 0.0 2 2 2 2 2 2 2 2 0.7 1.26 -12.0 0.9 0.9 0.9 0.9 0.9 0.9 0.063 0.012 0.252 0.014 0.001 0.004 2 2 2 2 2 2
2006-11-16T13:30:00 2006 11 16 13 30 0 -0.7 0.3 425.0 3.1 1.0 0.1 0.0 0.0 2 2 2 2 2 2 2 2 0.7 1.06 -15.0 0.3 0.3 0.3 0.3 0.3 0.3 0.042 0.006 0.244 0.008 0.0 0.002 2 2 2 2 2 2
2006-11-16T14:30:00 2006 11 16 14 30 0 -0.9 1.8 441.0 2.9 1.03 0.02 0.0 0.0 2 2 2 2 2 2 2 2 0.7 0.94 -15.0 1.8 1.8 1.8 1.8 1.8 1.8 0.029 0.003 0.237 0.004 0.0 0.001 2 2 2 2 2 2
2006-11-16T15:30:00 2006 11 16 15 30 0 -0.1 5.1 440.0 3.6 1.25 0.0 0.0 0.0 2 2 2 2 2 2 2 2 0.7 0.82 -15.0 5.1 5.1 5.1 5.1 5.1 5.1 0.019 0.001 0.23 0.002 0.0 0.0 2 2 2 2 2 2
2006-11-16T16:30:00 2006 11 16 16 30 0 -2.5 2.8 432.0 3.2 1.08 0.04 0.0 0.0 2 2 2 2 2 2 2 2 0.7 0.7 -15.0 2.8 2.8 2.8 2.8 2.8 2.8 0.013 0.001 0.223 0.001 0.0 0.0 2 2 2 2 2 2
2006-11-16T17:30:00 2006 11 16 17 30 0 -2.5 0.4 444.0 2.7 0.96 0.28 0.0 0.0 2 2 2 2 2 2 2 2 0.7 0.7 -13.0 0.4 0.4 0.4 0.4 0.4 0.4 0.009 0.0 0.216 0.001 0.0 0.0 2 2 2 2 2 2
2006-11-16T18:30:00 2006 11 16 18 30 0 -0.4 3.0 436.0 3.6 1.22 0.09 0.0 0.0 2 2 2 2 2 2 2 2 0.3 0.65 -12.0 3.0 3.0 3.0 3.0 3.0 3.0 0.006 0.0 0.209 0.0 0.0 0.0 2 2 2 2 2 2
2006-11-16T19:30:00 2006 11 16 19 30 0 -1.3 2.6 440.0 3.6 1.25 0.01 0.0 0.0 2 2 2 2 2 2 2 2 0.3 0.6 -7.0 2.6 2.6 2.6 2.6 2.6 2.6 0.004 0.0 0.203 0.0 0.0 0.0 2 2 2 2 2 2
2006-11-16T20:30:00 2006 11 16 20 30 0 -1.7 2.7 421.0 3.5 1.12 0.04 0.0 0.0 2 2 2 2 2 2 2 2 0.3 0.54 -7.0 2.7 2.7 2.7 2.7 2.7 2.7 0.003 0.0 0.197 0.0 0.0 0.0 2 2 2 2 2 2
2006-11-16T21:30:00 2006 11 16 21 30 0 -2.0 3.3 412.0 3.6 1.1 0.06 0.0 0.0 2 2 2 2 2 2 2 2 0.3 0.49 -5.0 3.3 3.3 3.3 3.3 3.3 3.3 0.002 0.0 0.191 0.0 0.0 0.0 2 2 2 2 2 2
2006-11-16T22:30:00 2006 11 16 22 30 0 -3.6 1.2 406.0 3.4 1.01 0.31 0.0 0.0 2 2 2 2 2 2 2 2 0.3 0.44 -5.0 1.2 1.2 1.2 1.2 1.2 1.2 0.001 0.0 0.185 0.0 0.0 0.0 2 2 2 2 2 2
2006-11-16T23:30:00 2006 11 16 23 30 0 -4.3 -0.5 391.0 3.5 0.96 1.17 0.19 0.07 2 2 2 2 2 2 2 2 0.3 0.4 -7.0 -0.5 -0.5 -0.5 -0.5 -0.5 -0.5 0.015 0.04 0.18 0.007 0.058 0.057 2 2 2 2 2 2
