2006-09-22T00:30:00 2006 9 22 0 30 0 1.8 -0.8 321.0 9.3 1.65 0.3 0.52 0.49 2 2 2 2 2 2 2 2 0.0 0.61 -1.0 -0.8 -0.8 -0.8 -0.8 -0.8 -0.8 0.07 0.139 0.115 0.029 0.131 0.252 2 2 2 2 2 2
2006-09-22T01:30:00 2006 9 22 1 30 0 1.7 -0.1 322.0 10.8 1.91 0.31 0.68 0.67 2 2 2 2 2 2 2 2 0.0 0.52 -1.0 -0.1 -0.1 -0.1 -0.1 -0.1 -0.1 0.085 0.184 0.112 0.033 0.141 0.346 2 2 2 2 2 2
2006-09-22T02:30:00 2006 9 22 2 30 0 1.5 0.2 319.0 10.3 1.8 0.16 0.02 0.02 2 2 2 2 2 2 2 2 0.0 0.43 0.0 0.2 0.2 0.2 0.2 0.2 0.2 0.058 0.095 0.109 0.019 0.048 0.156 2 2 2 2 2 2
2006-09-22T03:30:00 2006 9 22 3 30 0 1.5 0.4 315.0 9.7 1.66 0.11 0.0 0.0 2 2 2 2 2 2 2 2 0.3 0.38 2.0 0.4 0.4 0.4 0.4 0.4 0.4 0.04 0.047 0.105 0.01 0.015 0.065 2 2 2 2 2 2
2006-09-22T04:30:00 2006 9 22 4 30 0 1.2 0.3 312.0 8.0 1.34 0.08 0.0 0.0 2 2 2 2 2 2 2 2 0.3 0.33 3.0 0.3 0.3 0.3 0.3 0.3 0.3 0.027 0.024 0.102 0.006 0.005 0.027 2 2 2 2 2 2
2006-09-22T05:30:00 2006 9 22 5 30 0 1.0 0.0 311.0 7.7 1.28 0.07 0.0 0.0 2 2 2 2 2 2 2 2 0.3 0.28 1.0 0.0 0.0 0.0 0.0 0.0 0.0 0.018 0.012 0.099 0.003 0.002 0.011 2 2 2 2 2 2
2006-09-22T06:30:00 2006 9 22 6 30 0 1.4 -0.2 314.0 9.7 1.64 0.12 0.17 0.15 2 2 2 2 2 2 2 2 0.0 0.2 0.0 -0.2 -0.2 -0.2 -0.2 -0.2 -0.2 0.028 0.068 0.096 0.007 0.057 0.137 2 2 2 2 2 2
2006-09-22T07:30:00 2006 9 22 7 30 0 1.3 -0.3 315.0 9.6 1.63 0.16 0.4 0.39 2 2 2 2 2 2 2 2 0.0 0.11 1.0 -0.3 -0.3 -0.3 -0.3 -0.3 -0.3 0.049 0.136 0.094 0.015 0.11 0.263 2 2 2 2 2 2
2006-09-22T08:30:00 2006 9 22 8 30 0 0.5 -0.4 314.0 8.5 1.43 0.1 0.56 0.5 2 2 2 2 2 2 2 2 0.0 0.11 2.0 -0.4 -0.4 -0.4 -0.4 -0.4 -0.4 0.072 0.189 0.092 0.025 0.144 0.326 2 2 2 2 2 2
2006-09-22T09:30:00 2006 9 22 9 30 0 0.9 -0.3 311.0 11.3 2.19 0.07 0.54 0.54 2 2 2 2 2 2 2 2 0.3 0.15 1.0 -0.3 -0.3 -0.3 -0.3 -0.3 -0.3 0.086 0.216 0.09 0.03 0.152 0.384 2 2 2 2 2 2
2006-09-22T10:30:00 2006 9 22 10 30 0 0.6 -1.0 317.0 6.8 1.18 0.16 1.07 0.91 2 2 2 2 2 2 2 2 0.3 0.19 -1.0 -1.0 -1.0 -1.0 -1.0 -1.0 -1.0 0.128 0.298 0.089 0.059 0.225 0.445 2 2 2 2 2 2
2006-09-22T11:30:00 2006 9 22 11 30 0 1.3 -0.9 316.0 7.1 1.23 0.28 1.5 1.04 2 2 2 2 2 2 2 2 0.3 0.19 -2.0 -0.9 -0.9 -0.9 -0.9 -0.9 -0.9 0.166 0.352 0.089 0.084 0.261 0.452 2 2 2 2 2 2
2006-09-22T12:30:00 2006 9 22 12 30 0 1.1 0.2 315.0 7.5 1.29 0.16 0.52 0.38 2 2 2 2 2 2 2 2 0.3 0.19 0.0 0.2 0.2 0.2 0.2 0.2 0.2 0.135 0.239 0.087 0.057 0.135 0.283 2 2 2 2 2 2
2006-09-22T13:30:00 2006 9 22 13 30 0 1.4 0.8 316.0 8.3 1.42 0.06 0.0 0.0 2 2 2 2 2 2 2 2 0.3 0.19 1.0 0.8 0.8 0.8 0.8 0.8 0.8 0.091 0.119 0.085 0.032 0.043 0.117 2 2 2 2 2 2
2006-09-22T14:30:00 2006 9 22 14 30 0 2.8 0.3 316.0 8.1 1.39 0.23 0.0 0.0 2 2 2 2 2 2 2 2 0.3 0.23 2.0 0.3 0.3 0.3 0.3 0.3 0.3 0.062 0.059 0.082 0.018 0.013 0.049 2 2 2 2 2 2
2006-09-22T15:30:00 2006 9 22 15 30 0 2.5 -0.7 313.0 9.0 1.53 0.53 0.43 0.38 2 2 2 2 2 2 2 2 0.3 0.26 2.0 -0.7 -0.7 -0.7 -0.7 -0.7 -0.7 0.079 0.145 0.08 0.029 0.115 0.222 2 2 2 2 2 2
2006-09-22T16:30:00 2006 9 22 16 30 0 2.5 0.1 313.0 8.7 1.47 0.48 0.43 0.39 2 2 2 2 2 2 2 2 0.3 0.3 1.0 0.1 0.1 0.1 0.1 0.1 0.1 0.075 0.138 0.078 0.025 0.089 0.207 2 2 2 2 2 2
2006-09-22T17:30:00 2006 9 22 17 30 0 1.7 -0.1 311.0 10.0 1.93 0.28 0.05 0.04 2 2 2 2 2 2 2 2 0.3 0.3 -1.0 -0.1 -0.1 -0.1 -0.1 -0.1 -0.1 0.056 0.094 0.076 0.015 0.053 0.15 2 2 2 2 2 2
2006-09-22T18:30:00 2006 9 22 18 30 0 2.3 0.1 308.0 9.9 1.88 0.27 0.03 0.03 2 2 2 2 2 2 2 2 1.0 0.39 -1.0 0.1 0.1 0.1 0.1 0.1 0.1 0.04 0.053 0.074 0.009 0.021 0.077 2 2 2 2 2 2
2006-09-22T19:30:00 2006 9 22 19 30 0 2.0 0.1 308.0 9.9 1.88 0.28 0.0 0.0 2 2 2 2 2 2 2 2 1.0 0.48 0.0 0.1 0.1 0.1 0.1 0.1 0.1 0.027 0.026 0.071 0.005 0.007 0.032 2 2 2 2 2 2
2006-09-22T20:30:00 2006 9 22 20 30 0 2.6 1.2 306.0 9.5 1.78 0.23 0.0 0.0 2 2 2 2 2 2 2 2 1.0 0.57 2.0 1.2 1.2 1.2 1.2 1.2 1.2 0.018 0.013 0.069 0.003 0.002 0.013 2 2 2 2 2 2
2006-09-22T21:30:00 2006 9 22 21 30 0 2.2 0.0 307.0 9.4 1.77 0.27 0.0 0.0 2 2 2 2 2 2 2 2 0.3 0.57 2.0 0.0 0.0 0.0 0.0 0.0 0.0 0.012 0.007 0.067 0.002 0.001 0.006 2 2 2 2 2 2
2006-09-22T22:30:00 2006 9 22 22 30 0 1.6 0.0 304.0 10.1 1.87 0.23 0.0 0.0 2 2 2 2 2 2 2 2 0.3 0.56 1.0 0.0 0.0 0.0 0.0 0.0 0.0 0.008 0.003 0.065 0.001 0.0 0.002 2 2 2 2 2 2
2006-09-22T23:30:00 2006 9 22 23 30 0 0.9 -0.3 305.0 10.3 1.92 0.12 0.25 0.25 2 2 2 2 2 2 2 2 0.3 0.56 1.0 -0.3 -0.3 -0.3 -0.3 -0.3 -0.3 0.028 0.087 0.064 0.009 0.075 0.177 2 2 2 2 2 2
