2006-06-03T00:30:00 2006 6 3 0 30 0 2.6 0.1 574.0 2.4 1.52 0.9 0.0 0.0 2 2 2 2 2 2 2 2 1.3 1.12 -10.0 0.1 0.1 0.1 0.1 0.1 0.1 0.0 0.0 0.06 0.0 0.0 0.0 2 2 2 2 2 2
2006-06-03T01:30:00 2006 6 3 1 30 0 2.4 0.3 580.0 2.4 1.56 0.66 0.0 0.0 2 2 2 2 2 2 2 2 1.3 1.07 -11.0 0.3 0.3 0.3 0.3 0.3 0.3 0.0 0.0 0.058 0.0 0.0 0.0 2 2 2 2 2 2
2006-06-03T02:30:00 2006 6 3 2 30 0 1.1 1.4 576.0 2.5 1.66 0.21 0.0 0.0 2 2 2 2 2 2 2 2 1.3 1.08 -7.0 1.4 1.4 1.4 1.4 1.4 1.4 0.0 0.0 0.057 0.0 0.0 0.0 2 2 2 2 2 2
2006-06-03T03:30:00 2006 6 3 3 30 0 1.6 0.5 570.0 2.6 1.68 0.11 0.0 0.0 2 2 2 2 2 2 2 2 0.7 1.0 -6.0 0.5 0.5 0.5 0.5 0.5 0.5 0.0 0.0 0.055 0.0 0.0 0.0 2 2 2 2 2 2
2006-06-03T04:30:00 2006 6 3 4 30 0 1.1 1.9 563.0 2.1 1.33 0.08 0.0 0.0 2 2 2 2 2 2 2 2 0.7 0.93 -6.0 1.9 1.9 1.9 1.9 1.9 1.9 0.0 0.0 0.053 0.0 0.0 0.0 2 2 2 2 2 2
2006-06-03T05:30:00 2006 6 3 5 30 0 -1.1 1.1 583.0 2.0 1.41 0.01 0.0 0.0 2 2 2 2 2 2 2 2 0.7 0.92 -4.0 1.1 1.1 1.1 1.1 1.1 1.1 0.0 0.0 0.052 0.0 0.0 0.0 2 2 2 2 2 2
2006-06-03T06:30:00 2006 6 3 6 30 0 -0.4 0.4 579.0 2.1 1.46 0.02 0.0 0.0 2 2 2 2 2 2 2 2 1.3 1.0 -3.0 0.4 0.4 0.4 0.4 0.4 0.4 0.0 0.0 0.05 0.0 0.0 0.0 2 2 2 2 2 2
2006-06-03T07:30:00 2006 6 3 7 30 0 -0.7 1.6 568.0 2.1 1.39 0.01 0.0 0.0 2 2 2 2 2 2 2 2 1.3 1.07 -2.0 1.6 1.6 1.6 1.6 1.6 1.6 0.0 0.0 0.049 0.0 0.0 0.0 2 2 2 2 2 2
2006-06-03T08:30:00 2006 6 3 8 30 0 1.0 1.1 559.0 2.2 1.38 0.01 0.0 0.0 2 2 2 2 2 2 2 2 1.3 1.08 -2.0 1.1 1.1 1.1 1.1 1.1 1.1 0.0 0.0 0.047 0.0 0.0 0.0 2 2 2 2 2 2
2006-06-03T09:30:00 2006 6 3 9 30 0 1.6 1.6 569.0 2.2 1.4 0.07 0.0 0.0 2 2 2 2 2 2 2 2 0.7 1.0 -3.0 1.6 1.6 1.6 1.6 1.6 1.6 0.0 0.0 0.046 0.0 0.0 0.0 2 2 2 2 2 2
2006-06-03T10:30:00 2006 6 3 10 30 0 1.4 2.0 574.0 2.4 1.54 0.07 0.0 0.0 2 2 2 2 2 2 2 2 0.7 0.93 -3.0 2.0 2.0 2.0 2.0 2.0 2.0 0.0 0.0 0.044 0.0 0.0 0.0 2 2 2 2 2 2
2006-06-03T11:30:00 2006 6 3 11 30 0 0.5 0.5 577.0 2.6 1.65 0.03 0.0 0.0 2 2 2 2 2 2 2 2 0.7 0.92 -1.0 0.5 0.5 0.5 0.5 0.5 0.5 0.0 0.0 0.043 0.0 0.0 0.0 2 2 2 2 2 2
2006-06-03T12:30:00 2006 6 3 12 30 0 0.8 0.7 553.0 2.4 1.43 0.02 0.0 0.0 2 2 2 2 2 2 2 2 1.7 1.05 -3.0 0.7 0.7 0.7 0.7 0.7 0.7 0.0 0.0 0.042 0.0 0.0 0.0 2 2 2 2 2 2
2006-06-03T13:30:00 2006 6 3 13 30 0 0.0 0.5 532.0 2.2 1.21 0.01 0.0 0.0 2 2 2 2 2 2 2 2 1.7 1.18 -8.0 0.5 0.5 0.5 0.5 0.5 0.5 0.0 0.0 0.04 0.0 0.0 0.0 2 2 2 2 2 2
2006-06-03T14:30:00 2006 6 3 14 30 0 -0.3 0.5 519.0 2.2 1.15 0.0 0.0 0.0 2 2 2 2 2 2 2 2 1.7 1.23 -8.0 0.5 0.5 0.5 0.5 0.5 0.5 0.0 0.0 0.039 0.0 0.0 0.0 2 2 2 2 2 2
2006-06-03T15:30:00 2006 6 3 15 30 0 -0.7 1.2 514.0 2.2 1.13 0.01 0.0 0.0 2 2 2 2 2 2 2 2 1.0 1.19 -8.0 1.2 1.2 1.2 1.2 1.2 1.2 0.0 0.0 0.038 0.0 0.0 0.0 2 2 2 2 2 2
2006-06-03T16:30:00 2006 6 3 16 30 0 -0.4 0.9 508.0 2.2 1.1 0.01 0.0 0.0 2 2 2 2 2 2 2 2 1.0 1.16 -7.0 0.9 0.9 0.9 0.9 0.9 0.9 0.0 0.0 0.037 0.0 0.0 0.0 2 2 2 2 2 2
2006-06-03T17:30:00 2006 6 3 17 30 0 0.0 1.6 503.0 2.3 1.13 0.0 0.0 0.0 2 2 2 2 2 2 2 2 1.0 1.19 -3.0 1.6 1.6 1.6 1.6 1.6 1.6 0.0 0.0 0.036 0.0 0.0 0.0 2 2 2 2 2 2
2006-06-03T18:30:00 2006 6 3 18 30 0 1.6 1.2 499.0 2.2 1.05 0.03 0.0 0.0 2 2 2 2 2 2 2 2 0.3 1.13 -2.0 1.2 1.2 1.2 1.2 1.2 1.2 0.0 0.0 0.035 0.0 0.0 0.0 2 2 2 2 2 2
2006-06-03T19:30:00 2006 6 3 19 30 0 0.5 1.0 482.0 2.4 1.05 0.04 0.0 0.0 2 2 2 2 2 2 2 2 0.3 1.07 -4.0 1.0 1.0 1.0 1.0 1.0 1.0 0.0 0.0 0.033 0.0 0.0 0.0 2 2 2 2 2 2
2006-06-03T20:30:00 2006 6 3 20 30 0 1.1 0.8 477.0 2.5 1.06 0.02 0.0 0.0 2 2 2 2 2 2 2 2 0.3 0.9 -7.0 0.8 0.8 0.8 0.8 0.8 0.8 0.0 0.0 0.032 0.0 0.0 0.0 2 2 2 2 2 2
2006-06-03T21:30:00 2006 6 3 21 30 0 1.2 1.2 470.0 2.6 1.07 0.05 0.0 0.0 2 2 2 2 2 2 2 2 0.7 0.78 -7.0 1.2 1.2 1.2 1.2 1.2 1.2 0.0 0.0 0.031 0.0 0.0 0.0 2 2 2 2 2 2
2006-06-03T22:30:00 2006 6 3 22 30 0 0.6 0.6 457.0 2.5 0.98 0.03 0.0 0.0 2 2 2 2 2 2 2 2 0.7 0.66 -6.0 0.6 0.6 0.6 0.6 0.6 0.6 0.0 0.0 0.03 0.0 0.0 0.0 2 2 2 2 2 2
2006-06-03T23:30:00 2006 6 3 23 30 0 0.9 0.7 454.0 2.5 0.98 0.02 0.0 0.0 2 2 2 2 2 2 2 2 0.7 0.62 -5.0 0.7 0.7 0.7 0.7 0.7 0.7 0.0 0.0 0.03 0.0 0.0 0.0 2 2 2 2 2 2
