2006-06-14T00:30:00 2006 6 14 0 30 0 1.8 -0.7 352.0 6.0 1.49 0.49 1.95 1.18 2 2 2 2 2 2 2 2 1.0 0.69 -8.0 -0.7 -0.7 -0.7 -0.7 -0.7 -0.7 0.26 0.435 0.093 0.171 0.351 0.533 2 2 2 2 2 2
2006-06-14T01:30:00 2006 6 14 1 30 0 1.3 -1.0 358.0 5.5 1.41 0.42 1.53 0.88 2 2 2 2 2 2 2 2 1.0 0.78 -9.0 -1.0 -1.0 -1.0 -1.0 -1.0 -1.0 0.254 0.401 0.093 0.148 0.319 0.486 2 2 2 2 2 2
2006-06-14T02:30:00 2006 6 14 2 30 0 1.0 -1.2 349.0 6.1 1.49 0.42 1.96 1.14 2 2 2 2 2 2 2 2 1.0 0.82 -9.0 -1.2 -1.2 -1.2 -1.2 -1.2 -1.2 0.268 0.419 0.094 0.153 0.343 0.51 2 2 2 2 2 2
2006-06-14T03:30:00 2006 6 14 3 30 0 1.4 -0.6 344.0 6.5 1.54 0.34 1.52 0.95 2 2 2 2 2 2 2 2 0.7 0.81 -6.0 -0.6 -0.6 -0.6 -0.6 -0.6 -0.6 0.253 0.385 0.094 0.131 0.293 0.477 2 2 2 2 2 2
2006-06-14T04:30:00 2006 6 14 4 30 0 1.6 -0.9 344.0 6.4 1.51 0.37 1.31 0.84 2 2 2 2 2 2 2 2 0.7 0.81 -5.0 -0.9 -0.9 -0.9 -0.9 -0.9 -0.9 0.243 0.372 0.094 0.118 0.284 0.468 2 2 2 2 2 2
2006-06-14T05:30:00 2006 6 14 5 30 0 1.9 -1.4 353.0 7.6 1.89 0.64 2.04 1.45 2 2 2 2 2 2 2 2 0.7 0.81 -4.0 -1.4 -1.4 -1.4 -1.4 -1.4 -1.4 0.275 0.44 0.096 0.151 0.369 0.611 2 2 2 2 2 2
2006-06-14T06:30:00 2006 6 14 6 30 0 1.7 -2.5 358.0 8.6 2.2 1.24 3.55 2.91 2 2 2 2 2 2 2 2 0.7 0.81 -2.0 -2.5 -2.5 -2.5 -2.5 -2.5 -2.5 0.377 0.612 0.104 0.272 0.561 0.946 2 2 2 2 2 2
2006-06-14T07:30:00 2006 6 14 7 30 0 -0.5 -1.6 360.0 11.3 2.93 0.96 3.61 3.6 2 2 2 2 2 2 2 2 0.7 0.81 -2.0 -1.6 -1.6 -1.6 -1.6 -1.6 -1.6 0.446 0.705 0.113 0.329 0.619 1.269 2 2 2 2 2 2
2006-06-14T08:30:00 2006 6 14 8 30 0 -3.1 1.2 363.0 9.6 2.48 0.35 0.71 0.77 2 2 2 2 2 2 2 2 0.7 0.77 0.0 1.2 1.2 1.2 1.2 1.2 1.2 0.33 0.417 0.11 0.2 0.258 0.696 2 2 2 2 2 2
2006-06-14T09:30:00 2006 6 14 9 30 0 -2.8 4.0 367.0 7.9 2.09 0.23 0.0 0.0 2 2 2 2 2 2 2 2 1.3 0.81 1.0 4.0 4.0 4.0 4.0 4.0 4.0 0.224 0.207 0.107 0.112 0.082 0.289 2 2 2 2 2 2
2006-06-14T10:30:00 2006 6 14 10 30 0 1.0 1.6 368.0 9.1 2.38 0.02 0.0 0.0 2 2 2 2 2 2 2 2 1.3 0.86 2.0 1.6 1.6 1.6 1.6 1.6 1.6 0.151 0.103 0.104 0.063 0.026 0.12 2 2 2 2 2 2
2006-06-14T11:30:00 2006 6 14 11 30 0 2.8 0.3 378.0 6.5 1.63 0.21 0.0 0.0 2 2 2 2 2 2 2 2 1.3 0.93 -3.0 0.3 0.3 0.3 0.3 0.3 0.3 0.102 0.051 0.1 0.035 0.008 0.05 2 2 2 2 2 2
2006-06-14T12:30:00 2006 6 14 12 30 0 3.1 0.3 375.0 4.4 1.1 0.59 0.0 0.0 2 2 2 2 2 2 2 2 1.0 0.97 -5.0 0.3 0.3 0.3 0.3 0.3 0.3 0.069 0.025 0.097 0.02 0.003 0.021 2 2 2 2 2 2
2006-06-14T13:30:00 2006 6 14 13 30 0 4.9 0.2 386.0 5.0 1.27 1.18 0.0 0.0 2 2 2 2 2 2 2 2 1.0 1.0 -3.0 0.2 0.2 0.2 0.2 0.2 0.2 0.047 0.013 0.094 0.011 0.001 0.009 2 2 2 2 2 2
2006-06-14T14:30:00 2006 6 14 14 30 0 7.5 2.0 415.0 5.6 1.64 2.35 0.0 0.0 2 2 2 2 2 2 2 2 1.0 1.04 -2.0 2.0 2.0 2.0 2.0 2.0 2.0 0.032 0.006 0.092 0.006 0.0 0.004 2 2 2 2 2 2
2006-06-14T15:30:00 2006 6 14 15 30 0 8.3 1.5 412.0 6.0 1.73 3.5 0.0 0.0 2 2 2 2 2 2 2 2 1.3 1.11 -3.0 1.5 1.5 1.5 1.5 1.5 1.5 0.022 0.003 0.089 0.003 0.0 0.001 2 2 2 2 2 2
2006-06-14T16:30:00 2006 6 14 16 30 0 6.2 2.0 394.0 10.6 2.78 2.74 0.0 0.0 2 2 2 2 2 2 2 2 1.3 1.19 -1.0 2.0 2.0 2.0 2.0 2.0 2.0 0.015 0.002 0.086 0.002 0.0 0.001 2 2 2 2 2 2
2006-06-14T17:30:00 2006 6 14 17 30 0 3.1 1.8 382.0 11.6 2.87 0.93 0.0 0.0 2 2 2 2 2 2 2 2 1.3 1.19 1.0 1.8 1.8 1.8 1.8 1.8 1.8 0.01 0.001 0.083 0.001 0.0 0.0 2 2 2 2 2 2
2006-06-14T18:30:00 2006 6 14 18 30 0 -5.2 0.8 406.0 10.5 2.95 0.41 0.0 0.0 2 2 2 2 2 2 2 2 2.7 1.37 3.0 0.8 0.8 0.8 0.8 0.8 0.8 0.007 0.0 0.081 0.001 0.0 0.0 2 2 2 2 2 2
2006-06-14T19:30:00 2006 6 14 19 30 0 -3.6 -1.0 407.0 11.0 3.12 1.64 0.65 0.71 2 2 2 2 2 2 2 2 2.7 1.56 3.0 -1.0 -1.0 -1.0 -1.0 -1.0 -1.0 0.063 0.15 0.081 0.041 0.211 0.54 2 2 2 2 2 2
2006-06-14T20:30:00 2006 6 14 20 30 0 -4.1 0.3 423.0 12.3 3.75 1.42 0.71 0.8 2 2 2 2 2 2 2 2 2.7 1.77 1.0 0.3 0.3 0.3 0.3 0.3 0.3 0.075 0.153 0.08 0.04 0.157 0.53 2 2 2 2 2 2
2006-06-14T21:30:00 2006 6 14 21 30 0 4.6 -1.5 470.0 6.2 2.36 0.98 1.58 1.21 2 2 2 2 2 2 2 2 3.3 2.06 -4.0 -1.5 -1.5 -1.5 -1.5 -1.5 -1.5 0.153 0.289 0.084 0.107 0.402 0.906 2 2 2 2 2 2
2006-06-14T22:30:00 2006 6 14 22 30 0 5.8 2.0 512.0 4.0 1.9 2.44 0.62 0.36 2 2 2 2 2 2 2 2 3.3 2.35 -2.0 2.0 2.0 2.0 2.0 2.0 2.0 0.119 0.173 0.082 0.069 0.167 0.454 2 2 2 2 2 2
2006-06-14T23:30:00 2006 6 14 23 30 0 5.7 1.6 525.0 4.3 2.16 2.13 0.0 0.0 2 2 2 2 2 2 2 2 3.3 2.6 -1.0 1.6 1.6 1.6 1.6 1.6 1.6 0.08 0.086 0.079 0.039 0.053 0.188 2 2 2 2 2 2
