2006-10-11T00:30:00 2006 10 11 0 30 0 -1.3 1.8 350.0 6.4 1.41 0.07 0.0 0.0 2 2 2 2 2 2 2 2 1.0 0.39 -1.0 1.8 1.8 1.8 1.8 1.8 1.8 0.004 0.003 0.022 0.001 0.0 0.002 2 2 2 2 2 2
2006-10-11T01:30:00 2006 10 11 1 30 0 -2.6 0.6 342.0 6.1 1.43 0.16 0.0 0.0 2 2 2 2 2 2 2 2 1.0 0.48 1.0 0.6 0.6 0.6 0.6 0.6 0.6 0.003 0.001 0.022 0.0 0.0 0.001 2 2 2 2 2 2
2006-10-11T02:30:00 2006 10 11 2 30 0 -2.8 0.0 339.0 5.3 1.22 0.45 0.0 0.0 2 2 2 2 2 2 2 2 1.0 0.57 0.0 0.0 0.0 0.0 0.0 0.0 0.0 0.002 0.001 0.021 0.0 0.0 0.0 2 2 2 2 2 2
2006-10-11T03:30:00 2006 10 11 3 30 0 -1.4 1.0 347.0 7.1 1.71 0.23 0.0 0.0 2 2 2 2 2 2 2 2 1.0 0.66 0.0 1.0 1.0 1.0 1.0 1.0 1.0 0.001 0.0 0.02 0.0 0.0 0.0 2 2 2 2 2 2
2006-10-11T04:30:00 2006 10 11 4 30 0 -1.5 -0.7 348.0 8.0 1.94 0.17 0.3 0.24 2 2 2 2 2 2 2 2 1.0 0.75 2.0 -0.7 -0.7 -0.7 -0.7 -0.7 -0.7 0.029 0.084 0.02 0.016 0.097 0.17 2 2 2 2 2 2
2006-10-11T05:30:00 2006 10 11 5 30 0 -0.4 -0.3 350.0 11.1 2.33 0.15 0.84 0.8 2 2 2 2 2 2 2 2 1.0 0.83 2.0 -0.3 -0.3 -0.3 -0.3 -0.3 -0.3 0.07 0.186 0.021 0.034 0.178 0.423 2 2 2 2 2 2
2006-10-11T06:30:00 2006 10 11 6 30 0 -1.1 -1.4 361.0 10.4 2.32 0.28 1.6 1.7 2 2 2 2 2 2 2 2 1.0 0.92 6.0 -1.4 -1.4 -1.4 -1.4 -1.4 -1.4 0.159 0.363 0.025 0.102 0.358 0.825 2 2 2 2 2 2
2006-10-11T07:30:00 2006 10 11 7 30 0 -0.4 -1.1 363.0 13.1 2.95 0.41 2.24 2.65 2 2 2 2 2 2 2 2 1.0 1.0 7.0 -1.1 -1.1 -1.1 -1.1 -1.1 -1.1 0.244 0.499 0.031 0.163 0.465 1.209 2 2 2 2 2 2
2006-10-11T08:30:00 2006 10 11 8 30 0 -0.1 -0.8 361.0 13.7 3.05 0.2 1.7 2.28 2 2 2 2 2 2 2 2 1.0 1.0 8.0 -0.8 -0.8 -0.8 -0.8 -0.8 -0.8 0.277 0.523 0.035 0.167 0.445 1.34 2 2 2 2 2 2
2006-10-11T09:30:00 2006 10 11 9 30 0 1.2 0.0 362.0 14.2 3.18 0.09 0.66 0.92 2 2 2 2 2 2 2 2 0.3 0.91 10.0 0.0 0.0 0.0 0.0 0.0 0.0 0.225 0.364 0.035 0.112 0.242 0.911 2 2 2 2 2 2
2006-10-11T10:30:00 2006 10 11 10 30 0 1.3 -0.5 360.0 14.1 3.11 0.17 0.49 0.69 2 2 2 2 2 2 2 2 0.3 0.82 10.0 -0.5 -0.5 -0.5 -0.5 -0.5 -0.5 0.199 0.325 0.035 0.085 0.234 0.9 2 2 2 2 2 2
2006-10-11T11:30:00 2006 10 11 11 30 0 0.0 -1.7 352.0 6.0 1.49 0.37 2.04 1.84 2 2 2 2 2 2 2 2 0.3 0.73 6.0 -1.7 -1.7 -1.7 -1.7 -1.7 -1.7 0.256 0.439 0.04 0.144 0.38 0.895 2 2 2 2 2 2
2006-10-11T12:30:00 2006 10 11 12 30 0 1.2 -0.9 349.0 6.7 1.63 0.42 2.22 1.41 2 2 2 2 2 2 2 2 0.7 0.69 3.0 -0.9 -0.9 -0.9 -0.9 -0.9 -0.9 0.275 0.449 0.043 0.156 0.367 0.713 2 2 2 2 2 2
2006-10-11T13:30:00 2006 10 11 13 30 0 1.9 -0.7 348.0 6.7 1.62 0.4 1.38 0.92 2 2 2 2 2 2 2 2 0.7 0.66 4.0 -0.7 -0.7 -0.7 -0.7 -0.7 -0.7 0.258 0.401 0.045 0.131 0.305 0.581 2 2 2 2 2 2
2006-10-11T14:30:00 2006 10 11 14 30 0 1.7 -0.1 347.0 6.5 1.57 0.33 0.65 0.43 2 2 2 2 2 2 2 2 0.7 0.62 3.0 -0.1 -0.1 -0.1 -0.1 -0.1 -0.1 0.206 0.289 0.044 0.087 0.185 0.398 2 2 2 2 2 2
2006-10-11T15:30:00 2006 10 11 15 30 0 1.8 -0.7 348.0 6.4 1.55 0.33 0.74 0.48 2 2 2 2 2 2 2 2 0.7 0.59 2.0 -0.7 -0.7 -0.7 -0.7 -0.7 -0.7 0.187 0.274 0.044 0.074 0.201 0.381 2 2 2 2 2 2
2006-10-11T16:30:00 2006 10 11 16 30 0 1.7 -1.3 347.0 6.2 1.49 0.56 1.78 1.12 2 2 2 2 2 2 2 2 0.7 0.56 2.0 -1.3 -1.3 -1.3 -1.3 -1.3 -1.3 0.22 0.357 0.047 0.11 0.303 0.475 2 2 2 2 2 2
2006-10-11T17:30:00 2006 10 11 17 30 0 1.5 -0.5 347.0 6.2 1.49 0.44 1.5 0.93 2 2 2 2 2 2 2 2 0.7 0.6 0.0 -0.5 -0.5 -0.5 -0.5 -0.5 -0.5 0.218 0.347 0.048 0.105 0.272 0.448 2 2 2 2 2 2
2006-10-11T18:30:00 2006 10 11 18 30 0 2.1 -0.6 348.0 6.1 1.48 0.39 0.96 0.59 2 2 2 2 2 2 2 2 0.3 0.6 0.0 -0.6 -0.6 -0.6 -0.6 -0.6 -0.6 0.201 0.312 0.048 0.087 0.235 0.403 2 2 2 2 2 2
2006-10-11T19:30:00 2006 10 11 19 30 0 2.2 -0.3 348.0 6.2 1.5 0.46 0.76 0.47 2 2 2 2 2 2 2 2 0.3 0.6 -1.0 -0.3 -0.3 -0.3 -0.3 -0.3 -0.3 0.175 0.265 0.048 0.067 0.188 0.346 2 2 2 2 2 2
2006-10-11T20:30:00 2006 10 11 20 30 0 1.7 0.1 341.0 6.7 1.56 0.29 0.17 0.11 2 2 2 2 2 2 2 2 0.3 0.54 0.0 0.1 0.1 0.1 0.1 0.1 0.1 0.126 0.155 0.047 0.04 0.08 0.186 2 2 2 2 2 2
2006-10-11T21:30:00 2006 10 11 21 30 0 1.4 -0.8 341.0 6.7 1.56 0.26 0.66 0.45 2 2 2 2 2 2 2 2 0.3 0.49 1.0 -0.8 -0.8 -0.8 -0.8 -0.8 -0.8 0.132 0.208 0.047 0.048 0.166 0.292 2 2 2 2 2 2
2006-10-11T22:30:00 2006 10 11 22 30 0 1.5 -1.0 336.0 6.9 1.56 0.4 1.54 1.05 2 2 2 2 2 2 2 2 0.3 0.44 1.0 -1.0 -1.0 -1.0 -1.0 -1.0 -1.0 0.172 0.308 0.048 0.082 0.263 0.425 2 2 2 2 2 2
2006-10-11T23:30:00 2006 10 11 23 30 0 1.3 -1.6 333.0 7.0 1.55 0.58 2.21 1.54 2 2 2 2 2 2 2 2 0.3 0.4 -1.0 -1.6 -1.6 -1.6 -1.6 -1.6 -1.6 0.234 0.424 0.052 0.139 0.36 0.553 2 2 2 2 2 2
