2006-07-26T00:30:00 2006 7 26 0 30 0 0.9 -2.9 330.0 12.6 2.74 2.32 5.59 7.83 2 2 2 2 2 2 2 2 2.7 1.72 -10.0 -2.9 -2.9 -2.9 -2.9 -2.9 -2.9 0.818 1.25 0.231 0.74 0.923 2.519 2 2 2 2 2 2
2006-07-26T01:30:00 2006 7 26 1 30 0 3.5 0.9 339.0 11.1 2.55 0.79 1.64 2.0 2 2 2 2 2 2 2 2 2.7 1.93 -8.0 0.9 0.9 0.9 0.9 0.9 0.9 0.624 0.775 0.228 0.467 0.424 1.373 2 2 2 2 2 2
2006-07-26T02:30:00 2006 7 26 2 30 0 -0.5 0.4 348.0 11.9 2.88 0.14 0.0 0.0 2 2 2 2 2 2 2 2 2.7 2.14 -4.0 0.4 0.4 0.4 0.4 0.4 0.4 0.422 0.385 0.221 0.262 0.134 0.57 2 2 2 2 2 2
2006-07-26T03:30:00 2006 7 26 3 30 0 -0.9 3.6 363.0 10.7 2.82 0.0 0.0 0.0 2 2 2 2 2 2 2 2 1.3 2.17 -2.0 3.6 3.6 3.6 3.6 3.6 3.6 0.286 0.191 0.214 0.146 0.042 0.236 2 2 2 2 2 2
2006-07-26T04:30:00 2006 7 26 4 30 0 -4.7 0.9 355.0 8.1 2.04 0.39 0.0 0.0 2 2 2 2 2 2 2 2 1.3 2.19 -1.0 0.9 0.9 0.9 0.9 0.9 0.9 0.194 0.095 0.208 0.082 0.013 0.098 2 2 2 2 2 2
2006-07-26T05:30:00 2006 7 26 5 30 0 -2.8 2.0 353.0 9.7 2.42 0.59 0.0 0.0 2 2 2 2 2 2 2 2 1.3 2.06 4.0 2.0 2.0 2.0 2.0 2.0 2.0 0.131 0.047 0.201 0.046 0.004 0.041 2 2 2 2 2 2
2006-07-26T06:30:00 2006 7 26 6 30 0 -0.2 3.2 363.0 8.8 2.32 0.05 0.0 0.0 2 2 2 2 2 2 2 2 0.7 1.85 5.0 3.2 3.2 3.2 3.2 3.2 3.2 0.089 0.023 0.195 0.026 0.001 0.017 2 2 2 2 2 2
2006-07-26T07:30:00 2006 7 26 7 30 0 -2.0 1.8 364.0 9.6 2.54 0.03 0.0 0.0 2 2 2 2 2 2 2 2 0.7 1.65 6.0 1.8 1.8 1.8 1.8 1.8 1.8 0.06 0.012 0.189 0.014 0.0 0.007 2 2 2 2 2 2
2006-07-26T08:30:00 2006 7 26 8 30 0 -2.1 -1.3 361.0 9.2 2.4 0.37 0.59 0.55 2 2 2 2 2 2 2 2 0.7 1.4 5.0 -1.3 -1.3 -1.3 -1.3 -1.3 -1.3 0.094 0.144 0.186 0.049 0.17 0.319 2 2 2 2 2 2
2006-07-26T09:30:00 2006 7 26 9 30 0 1.3 -1.1 357.0 9.9 2.52 0.43 2.14 2.05 2 2 2 2 2 2 2 2 1.0 1.2 4.0 -1.1 -1.1 -1.1 -1.1 -1.1 -1.1 0.185 0.353 0.186 0.119 0.361 0.746 2 2 2 2 2 2
2006-07-26T10:30:00 2006 7 26 10 30 0 -0.8 0.8 353.0 10.7 2.67 0.08 0.49 0.49 2 2 2 2 2 2 2 2 1.0 1.0 5.0 0.8 0.8 0.8 0.8 0.8 0.8 0.145 0.227 0.181 0.076 0.161 0.438 2 2 2 2 2 2
2006-07-26T11:30:00 2006 7 26 11 30 0 0.5 -0.2 344.0 9.9 2.34 0.01 0.05 0.05 2 2 2 2 2 2 2 2 1.0 0.96 4.0 -0.2 -0.2 -0.2 -0.2 -0.2 -0.2 0.106 0.14 0.175 0.045 0.083 0.258 2 2 2 2 2 2
2006-07-26T12:30:00 2006 7 26 12 30 0 -0.5 0.3 334.0 9.9 2.21 0.01 0.05 0.05 2 2 2 2 2 2 2 2 0.7 0.89 3.0 0.3 0.3 0.3 0.3 0.3 0.3 0.074 0.078 0.17 0.026 0.033 0.13 2 2 2 2 2 2
2006-07-26T13:30:00 2006 7 26 13 30 0 -0.6 2.6 348.0 9.2 2.23 0.0 0.0 0.0 2 2 2 2 2 2 2 2 0.7 0.81 5.0 2.6 2.6 2.6 2.6 2.6 2.6 0.05 0.039 0.165 0.015 0.01 0.054 2 2 2 2 2 2
2006-07-26T14:30:00 2006 7 26 14 30 0 2.1 1.3 357.0 8.0 2.04 0.03 0.0 0.0 2 2 2 2 2 2 2 2 0.7 0.81 4.0 1.3 1.3 1.3 1.3 1.3 1.3 0.034 0.019 0.16 0.008 0.003 0.022 2 2 2 2 2 2
2006-07-26T15:30:00 2006 7 26 15 30 0 1.3 1.1 357.0 8.9 2.27 0.09 0.0 0.0 2 2 2 2 2 2 2 2 1.0 0.85 4.0 1.1 1.1 1.1 1.1 1.1 1.1 0.023 0.01 0.155 0.005 0.001 0.009 2 2 2 2 2 2
2006-07-26T16:30:00 2006 7 26 16 30 0 1.0 1.0 351.0 9.2 2.27 0.03 0.0 0.0 2 2 2 2 2 2 2 2 1.0 0.89 3.0 1.0 1.0 1.0 1.0 1.0 1.0 0.016 0.005 0.15 0.003 0.0 0.004 2 2 2 2 2 2
2006-07-26T17:30:00 2006 7 26 17 30 0 0.8 0.6 340.0 8.2 1.9 0.02 0.0 0.0 2 2 2 2 2 2 2 2 1.0 0.89 3.0 0.6 0.6 0.6 0.6 0.6 0.6 0.011 0.002 0.146 0.001 0.0 0.002 2 2 2 2 2 2
2006-07-26T18:30:00 2006 7 26 18 30 0 -0.1 1.3 351.0 10.3 2.54 0.0 0.0 0.0 2 2 2 2 2 2 2 2 0.3 0.8 2.0 1.3 1.3 1.3 1.3 1.3 1.3 0.007 0.001 0.141 0.001 0.0 0.001 2 2 2 2 2 2
2006-07-26T19:30:00 2006 7 26 19 30 0 1.9 3.8 354.0 9.3 2.33 0.01 0.0 0.0 2 2 2 2 2 2 2 2 0.3 0.71 4.0 3.8 3.8 3.8 3.8 3.8 3.8 0.005 0.001 0.137 0.0 0.0 0.0 2 2 2 2 2 2
2006-07-26T20:30:00 2006 7 26 20 30 0 2.6 1.8 344.0 9.9 2.34 0.11 0.0 0.0 2 2 2 2 2 2 2 2 0.3 0.66 4.0 1.8 1.8 1.8 1.8 1.8 1.8 0.003 0.0 0.133 0.0 0.0 0.0 2 2 2 2 2 2
2006-07-26T21:30:00 2006 7 26 21 30 0 1.3 3.1 334.0 8.5 1.9 0.07 0.0 0.0 2 2 2 2 2 2 2 2 0.3 0.6 1.0 3.1 3.1 3.1 3.1 3.1 3.1 0.002 0.0 0.129 0.0 0.0 0.0 2 2 2 2 2 2
2006-07-26T22:30:00 2006 7 26 22 30 0 0.1 1.5 316.0 8.8 1.76 0.0 0.0 0.0 2 2 2 2 2 2 2 2 0.3 0.55 -2.0 1.5 1.5 1.5 1.5 1.5 1.5 0.001 0.0 0.125 0.0 0.0 0.0 2 2 2 2 2 2
2006-07-26T23:30:00 2006 7 26 23 30 0 0.1 2.6 327.0 9.2 1.97 0.0 0.0 0.0 2 2 2 2 2 2 2 2 0.3 0.47 -3.0 2.6 2.6 2.6 2.6 2.6 2.6 0.001 0.0 0.121 0.0 0.0 0.0 2 2 2 2 2 2
