2006-12-19T00:30:00 2006 12 19 0 30 0 1.8 -0.8 542.0 4.7 2.69 0.75 3.34 1.76 2 2 2 2 2 2 2 2 3.0 3.2 -22.0 -0.8 -0.8 -0.8 -0.8 -0.8 -0.8 0.478 0.548 0.403 0.417 0.741 1.482 2 2 2 2 2 2
2006-12-19T01:30:00 2006 12 19 1 30 0 3.5 0.0 539.0 4.7 2.64 1.03 0.99 0.47 2 2 2 2 2 2 2 2 3.0 3.24 -18.0 0.0 0.0 0.0 0.0 0.0 0.0 0.358 0.34 0.392 0.252 0.358 0.844 2 2 2 2 2 2
2006-12-19T02:30:00 2006 12 19 2 30 0 3.1 1.4 542.0 4.7 2.68 0.88 0.0 0.0 2 2 2 2 2 2 2 2 3.0 3.32 -15.0 1.4 1.4 1.4 1.4 1.4 1.4 0.242 0.169 0.381 0.141 0.113 0.35 2 2 2 2 2 2
2006-12-19T03:30:00 2006 12 19 3 30 0 2.4 0.1 536.0 4.9 2.73 0.58 0.0 0.0 2 2 2 2 2 2 2 2 3.3 3.43 -14.0 0.1 0.1 0.1 0.1 0.1 0.1 0.164 0.084 0.369 0.079 0.036 0.145 2 2 2 2 2 2
2006-12-19T04:30:00 2006 12 19 4 30 0 3.8 -1.9 526.0 4.6 2.39 1.86 2.6 1.22 2 2 2 2 2 2 2 2 3.3 3.55 -19.0 -1.9 -1.9 -1.9 -1.9 -1.9 -1.9 0.238 0.263 0.368 0.167 0.467 0.686 2 2 2 2 2 2
2006-12-19T05:30:00 2006 12 19 5 30 0 4.9 0.9 533.0 4.1 2.16 2.4 1.5 0.67 2 2 2 2 2 2 2 2 3.3 3.43 -21.0 0.9 0.9 0.9 0.9 0.9 0.9 0.202 0.198 0.361 0.124 0.262 0.464 2 2 2 2 2 2
2006-12-19T06:30:00 2006 12 19 6 30 0 4.2 1.5 538.0 4.2 2.27 1.49 0.0 0.0 2 2 2 2 2 2 2 2 2.0 3.14 -21.0 1.5 1.5 1.5 1.5 1.5 1.5 0.136 0.098 0.35 0.069 0.083 0.193 2 2 2 2 2 2
2006-12-19T07:30:00 2006 12 19 7 30 0 1.9 -1.3 532.0 4.4 2.35 1.03 0.95 0.42 2 2 2 2 2 2 2 2 2.0 2.85 -22.0 -1.3 -1.3 -1.3 -1.3 -1.3 -1.3 0.149 0.157 0.343 0.089 0.265 0.394 2 2 2 2 2 2
2006-12-19T08:30:00 2006 12 19 8 30 0 2.3 -1.3 559.0 3.6 2.16 1.32 3.55 1.41 2 2 2 2 2 2 2 2 2.0 2.72 -25.0 -1.3 -1.3 -1.3 -1.3 -1.3 -1.3 0.232 0.292 0.345 0.172 0.538 0.719 2 2 2 2 2 2
2006-12-19T09:30:00 2006 12 19 9 30 0 3.7 -2.2 615.0 4.2 3.07 2.83 5.29 2.09 2 2 2 2 2 2 2 2 3.3 2.77 -25.0 -2.2 -2.2 -2.2 -2.2 -2.2 -2.2 0.354 0.432 0.358 0.324 0.871 1.189 2 2 2 2 2 2
2006-12-19T10:30:00 2006 12 19 10 30 0 2.5 -2.6 608.0 3.9 2.8 3.86 7.38 2.98 2 2 2 2 2 2 2 2 3.3 2.81 -31.0 -2.6 -2.6 -2.6 -2.6 -2.6 -2.6 0.491 0.556 0.384 0.504 1.124 1.543 2 2 2 2 2 2
2006-12-19T11:30:00 2006 12 19 11 30 0 0.7 -2.3 598.0 3.5 2.45 2.63 7.35 2.71 2 2 2 2 2 2 2 2 3.3 2.82 -32.0 -2.3 -2.3 -2.3 -2.3 -2.3 -2.3 0.567 0.595 0.406 0.576 1.13 1.519 2 2 2 2 2 2
2006-12-19T12:30:00 2006 12 19 12 30 0 3.8 0.7 610.0 3.5 2.59 1.27 2.37 0.83 2 2 2 2 2 2 2 2 3.3 2.82 -27.0 0.7 0.7 0.7 0.7 0.7 0.7 0.441 0.38 0.4 0.372 0.535 0.88 2 2 2 2 2 2
2006-12-19T13:30:00 2006 12 19 13 30 0 1.8 -1.8 586.0 3.2 2.21 1.41 2.14 0.7 2 2 2 2 2 2 2 2 3.3 2.83 -25.0 -1.8 -1.8 -1.8 -1.8 -1.8 -1.8 0.393 0.344 0.397 0.304 0.56 0.785 2 2 2 2 2 2
2006-12-19T14:30:00 2006 12 19 14 30 0 3.4 0.6 580.0 3.2 2.16 1.22 1.75 0.56 2 2 2 2 2 2 2 2 3.3 2.99 -24.0 0.6 0.6 0.6 0.6 0.6 0.6 0.307 0.233 0.389 0.202 0.301 0.483 2 2 2 2 2 2
2006-12-19T15:30:00 2006 12 19 15 30 0 3.2 -1.4 563.0 3.2 1.96 1.63 1.56 0.5 2 2 2 2 2 2 2 2 2.3 3.01 -28.0 -1.4 -1.4 -1.4 -1.4 -1.4 -1.4 0.281 0.243 0.383 0.178 0.398 0.524 2 2 2 2 2 2
2006-12-19T16:30:00 2006 12 19 16 30 0 3.5 0.6 570.0 3.9 2.37 1.56 1.22 0.41 2 2 2 2 2 2 2 2 2.3 3.04 -29.0 0.6 0.6 0.6 0.6 0.6 0.6 0.221 0.172 0.374 0.121 0.222 0.351 2 2 2 2 2 2
2006-12-19T17:30:00 2006 12 19 17 30 0 4.5 2.6 570.0 3.5 2.21 1.06 0.0 0.0 2 2 2 2 2 2 2 2 2.3 2.91 -26.0 2.6 2.6 2.6 2.6 2.6 2.6 0.149 0.085 0.362 0.067 0.07 0.146 2 2 2 2 2 2
2006-12-19T18:30:00 2006 12 19 18 30 0 4.2 0.4 566.0 3.2 1.99 1.37 0.0 0.0 2 2 2 2 2 2 2 2 2.3 2.79 -22.0 0.4 0.4 0.4 0.4 0.4 0.4 0.101 0.042 0.351 0.038 0.022 0.06 2 2 2 2 2 2
2006-12-19T19:30:00 2006 12 19 19 30 0 3.7 0.2 570.0 3.1 1.96 1.58 0.0 0.0 2 2 2 2 2 2 2 2 2.3 2.66 -20.0 0.2 0.2 0.2 0.2 0.2 0.2 0.069 0.021 0.34 0.021 0.007 0.025 2 2 2 2 2 2
2006-12-19T20:30:00 2006 12 19 20 30 0 3.4 -0.6 586.0 3.6 2.32 1.63 0.73 0.25 2 2 2 2 2 2 2 2 2.3 2.54 -19.0 -0.6 -0.6 -0.6 -0.6 -0.6 -0.6 0.084 0.088 0.332 0.036 0.191 0.266 2 2 2 2 2 2
2006-12-19T21:30:00 2006 12 19 21 30 0 1.1 1.5 602.0 3.9 2.62 0.55 0.18 0.07 2 2 2 2 2 2 2 2 2.3 2.42 -19.0 1.5 1.5 1.5 1.5 1.5 1.5 0.06 0.05 0.322 0.021 0.071 0.134 2 2 2 2 2 2
2006-12-19T22:30:00 2006 12 19 22 30 0 3.2 1.6 608.0 4.0 2.73 0.3 0.0 0.0 2 2 2 2 2 2 2 2 2.3 2.3 -15.0 1.6 1.6 1.6 1.6 1.6 1.6 0.04 0.025 0.312 0.012 0.023 0.056 2 2 2 2 2 2
2006-12-19T23:30:00 2006 12 19 23 30 0 2.2 -1.2 597.0 3.6 2.37 0.92 0.92 0.34 2 2 2 2 2 2 2 2 2.3 2.3 -16.0 -1.2 -1.2 -1.2 -1.2 -1.2 -1.2 0.08 0.106 0.307 0.053 0.254 0.33 2 2 2 2 2 2
