2006-12-27T00:30:00 2006 12 27 0 30 0 0.7 0.0 421.0 2.6 0.86 0.07 0.0 0.0 2 2 2 2 2 2 2 2 0.7 0.66 -11.0 0.0 0.0 0.0 0.0 0.0 0.0 0.014 0.002 0.094 0.002 0.0 0.001 2 2 2 2 2 2
2006-12-27T01:30:00 2006 12 27 1 30 0 0.5 0.4 418.0 2.5 0.81 0.02 0.0 0.0 2 2 2 2 2 2 2 2 0.7 0.54 -10.0 0.4 0.4 0.4 0.4 0.4 0.4 0.01 0.001 0.091 0.001 0.0 0.0 2 2 2 2 2 2
2006-12-27T02:30:00 2006 12 27 2 30 0 0.7 0.3 417.0 2.5 0.8 0.02 0.0 0.0 2 2 2 2 2 2 2 2 0.7 0.51 -9.0 0.3 0.3 0.3 0.3 0.3 0.3 0.007 0.0 0.089 0.001 0.0 0.0 2 2 2 2 2 2
2006-12-27T03:30:00 2006 12 27 3 30 0 0.1 0.2 413.0 2.3 0.72 0.01 0.0 0.0 2 2 2 2 2 2 2 2 0.7 0.48 -8.0 0.2 0.2 0.2 0.2 0.2 0.2 0.004 0.0 0.086 0.0 0.0 0.0 2 2 2 2 2 2
2006-12-27T04:30:00 2006 12 27 4 30 0 -0.2 -0.3 410.0 2.3 0.71 0.01 0.21 0.05 2 2 2 2 2 2 2 2 0.7 0.45 -7.0 -0.3 -0.3 -0.3 -0.3 -0.3 -0.3 0.015 0.035 0.084 0.005 0.051 0.041 2 2 2 2 2 2
2006-12-27T05:30:00 2006 12 27 5 30 0 0.4 -0.2 407.0 2.2 0.66 0.02 0.5 0.11 2 2 2 2 2 2 2 2 0.7 0.53 -5.0 -0.2 -0.2 -0.2 -0.2 -0.2 -0.2 0.029 0.067 0.082 0.01 0.084 0.07 2 2 2 2 2 2
2006-12-27T06:30:00 2006 12 27 6 30 0 0.4 0.0 406.0 2.2 0.66 0.02 0.19 0.04 2 2 2 2 2 2 2 2 0.3 0.56 -5.0 0.0 0.0 0.0 0.0 0.0 0.0 0.026 0.051 0.079 0.007 0.049 0.05 2 2 2 2 2 2
2006-12-27T07:30:00 2006 12 27 7 30 0 1.1 -0.1 402.0 2.5 0.74 0.06 0.11 0.03 2 2 2 2 2 2 2 2 0.3 0.6 -5.0 -0.1 -0.1 -0.1 -0.1 -0.1 -0.1 0.024 0.048 0.077 0.006 0.046 0.051 2 2 2 2 2 2
2006-12-27T08:30:00 2006 12 27 8 30 0 1.4 -0.5 398.0 2.8 0.82 0.2 0.63 0.17 2 2 2 2 2 2 2 2 0.3 0.54 -7.0 -0.5 -0.5 -0.5 -0.5 -0.5 -0.5 0.045 0.097 0.075 0.017 0.115 0.105 2 2 2 2 2 2
2006-12-27T09:30:00 2006 12 27 9 30 0 0.8 -0.7 396.0 2.9 0.84 0.24 1.21 0.34 2 2 2 2 2 2 2 2 0.3 0.49 -8.0 -0.7 -0.7 -0.7 -0.7 -0.7 -0.7 0.078 0.157 0.075 0.038 0.183 0.163 2 2 2 2 2 2
2006-12-27T10:30:00 2006 12 27 10 30 0 0.7 -0.3 394.0 3.0 0.87 0.13 0.95 0.28 2 2 2 2 2 2 2 2 0.3 0.44 -8.0 -0.3 -0.3 -0.3 -0.3 -0.3 -0.3 0.088 0.163 0.074 0.039 0.166 0.165 2 2 2 2 2 2
2006-12-27T11:30:00 2006 12 27 11 30 0 0.4 -0.3 392.0 2.7 0.77 0.06 0.59 0.17 2 2 2 2 2 2 2 2 0.3 0.4 -10.0 -0.3 -0.3 -0.3 -0.3 -0.3 -0.3 0.084 0.146 0.073 0.032 0.137 0.144 2 2 2 2 2 2
2006-12-27T12:30:00 2006 12 27 12 30 0 0.6 -0.1 390.0 2.6 0.74 0.04 0.37 0.1 2 2 2 2 2 2 2 2 0.7 0.4 -10.0 -0.1 -0.1 -0.1 -0.1 -0.1 -0.1 0.072 0.114 0.071 0.023 0.095 0.109 2 2 2 2 2 2
2006-12-27T13:30:00 2006 12 27 13 30 0 0.6 0.4 386.0 2.5 0.69 0.02 0.01 0.0 2 2 2 2 2 2 2 2 0.7 0.4 -8.0 0.4 0.4 0.4 0.4 0.4 0.4 0.048 0.057 0.069 0.013 0.03 0.045 2 2 2 2 2 2
2006-12-27T14:30:00 2006 12 27 14 30 0 0.7 0.1 382.0 2.5 0.68 0.02 0.0 0.0 2 2 2 2 2 2 2 2 0.7 0.46 -8.0 0.1 0.1 0.1 0.1 0.1 0.1 0.033 0.028 0.066 0.007 0.01 0.019 2 2 2 2 2 2
2006-12-27T15:30:00 2006 12 27 15 30 0 0.4 -0.6 380.0 2.6 0.7 0.06 0.54 0.14 2 2 2 2 2 2 2 2 0.7 0.51 -7.0 -0.6 -0.6 -0.6 -0.6 -0.6 -0.6 0.049 0.084 0.065 0.018 0.094 0.076 2 2 2 2 2 2
2006-12-27T16:30:00 2006 12 27 16 30 0 0.9 -0.3 378.0 2.8 0.75 0.1 0.83 0.22 2 2 2 2 2 2 2 2 0.7 0.56 -9.0 -0.3 -0.3 -0.3 -0.3 -0.3 -0.3 0.064 0.118 0.064 0.024 0.123 0.108 2 2 2 2 2 2
2006-12-27T17:30:00 2006 12 27 17 30 0 0.0 0.3 371.0 3.8 1.05 0.03 0.12 0.04 2 2 2 2 2 2 2 2 0.7 0.6 -9.0 0.3 0.3 0.3 0.3 0.3 0.3 0.046 0.067 0.062 0.015 0.047 0.054 2 2 2 2 2 2
2006-12-27T18:30:00 2006 12 27 18 30 0 0.3 0.9 369.0 3.9 1.06 0.0 0.0 0.0 2 2 2 2 2 2 2 2 0.3 0.6 -8.0 0.9 0.9 0.9 0.9 0.9 0.9 0.031 0.033 0.06 0.008 0.015 0.022 2 2 2 2 2 2
2006-12-27T19:30:00 2006 12 27 19 30 0 0.8 -0.2 373.0 4.0 1.11 0.02 0.05 0.02 2 2 2 2 2 2 2 2 0.3 0.6 -7.0 -0.2 -0.2 -0.2 -0.2 -0.2 -0.2 0.027 0.035 0.059 0.007 0.03 0.038 2 2 2 2 2 2
2006-12-27T20:30:00 2006 12 27 20 30 0 1.5 0.4 375.0 3.0 0.79 0.1 0.05 0.02 2 2 2 2 2 2 2 2 0.3 0.54 -3.0 0.4 0.4 0.4 0.4 0.4 0.4 0.019 0.022 0.057 0.004 0.013 0.022 2 2 2 2 2 2
2006-12-27T21:30:00 2006 12 27 21 30 0 1.5 0.2 375.0 3.0 0.8 0.14 0.0 0.0 2 2 2 2 2 2 2 2 0.3 0.49 -4.0 0.2 0.2 0.2 0.2 0.2 0.2 0.013 0.011 0.055 0.002 0.004 0.009 2 2 2 2 2 2
2006-12-27T22:30:00 2006 12 27 22 30 0 1.9 -0.3 372.0 3.1 0.83 0.25 0.19 0.06 2 2 2 2 2 2 2 2 0.3 0.44 -4.0 -0.3 -0.3 -0.3 -0.3 -0.3 -0.3 0.021 0.044 0.054 0.006 0.051 0.051 2 2 2 2 2 2
2006-12-27T23:30:00 2006 12 27 23 30 0 1.6 -0.7 368.0 3.2 0.84 0.38 0.95 0.3 2 2 2 2 2 2 2 2 0.3 0.4 -5.0 -0.7 -0.7 -0.7 -0.7 -0.7 -0.7 0.057 0.127 0.054 0.027 0.143 0.129 2 2 2 2 2 2
