2006-02-22T00:30:00 2006 2 22 0 30 0 -3.3 -0.3 676.0 2.3 1.97 1.71 2.69 0.67 2 2 2 2 2 2 2 2 4.0 3.1 -17.0 -0.3 -0.3 -0.3 -0.3 -0.3 -0.3 0.173 0.211 0.325 0.123 0.47 0.591 2 2 2 2 2 2
2006-02-22T01:30:00 2006 2 22 1 30 0 -1.5 -1.9 686.0 2.0 1.76 1.74 3.98 0.84 2 2 2 2 2 2 2 2 4.0 3.15 -20.0 -1.9 -1.9 -1.9 -1.9 -1.9 -1.9 0.243 0.278 0.332 0.204 0.677 0.679 2 2 2 2 2 2
2006-02-22T02:30:00 2006 2 22 2 30 0 -0.4 0.0 678.0 2.0 1.69 0.65 2.97 0.59 2 2 2 2 2 2 2 2 4.0 3.28 -22.0 0.0 0.0 0.0 0.0 0.0 0.0 0.227 0.224 0.33 0.169 0.443 0.492 2 2 2 2 2 2
2006-02-22T03:30:00 2006 2 22 3 30 0 -2.3 0.5 652.0 2.0 1.58 0.25 0.0 0.0 2 2 2 2 2 2 2 2 3.3 3.31 -17.0 0.5 0.5 0.5 0.5 0.5 0.5 0.154 0.111 0.32 0.094 0.14 0.204 2 2 2 2 2 2
2006-02-22T04:30:00 2006 2 22 4 30 0 0.6 3.2 638.0 2.0 1.54 0.07 0.0 0.0 2 2 2 2 2 2 2 2 3.3 3.35 -15.0 3.2 3.2 3.2 3.2 3.2 3.2 0.104 0.055 0.31 0.053 0.044 0.085 2 2 2 2 2 2
2006-02-22T05:30:00 2006 2 22 5 30 0 -0.2 -0.2 635.0 2.2 1.67 0.0 0.05 0.01 2 2 2 2 2 2 2 2 3.3 3.42 -12.0 -0.2 -0.2 -0.2 -0.2 -0.2 -0.2 0.077 0.043 0.301 0.033 0.06 0.083 2 2 2 2 2 2
2006-02-22T06:30:00 2006 2 22 6 30 0 0.2 -1.9 629.0 2.3 1.7 0.57 3.54 0.8 2 2 2 2 2 2 2 2 3.3 3.49 -17.0 -1.9 -1.9 -1.9 -1.9 -1.9 -1.9 0.171 0.196 0.305 0.142 0.494 0.431 2 2 2 2 2 2
2006-02-22T07:30:00 2006 2 22 7 30 0 -0.9 -0.4 624.0 2.5 1.82 0.57 3.41 0.81 2 2 2 2 2 2 2 2 3.3 3.55 -17.0 -0.4 -0.4 -0.4 -0.4 -0.4 -0.4 0.204 0.23 0.305 0.155 0.486 0.504 2 2 2 2 2 2
2006-02-22T08:30:00 2006 2 22 8 30 0 -0.5 0.3 616.0 2.5 1.75 0.08 0.3 0.08 2 2 2 2 2 2 2 2 3.3 3.47 -15.0 0.3 0.3 0.3 0.3 0.3 0.3 0.146 0.129 0.296 0.09 0.185 0.255 2 2 2 2 2 2
2006-02-22T09:30:00 2006 2 22 9 30 0 -0.9 -2.0 616.0 2.5 1.77 0.6 2.94 0.74 2 2 2 2 2 2 2 2 3.3 3.38 -13.0 -2.0 -2.0 -2.0 -2.0 -2.0 -2.0 0.21 0.234 0.3 0.167 0.51 0.506 2 2 2 2 2 2
2006-02-22T10:30:00 2006 2 22 10 30 0 -1.6 -3.1 609.0 2.7 1.85 2.8 7.94 2.08 2 2 2 2 2 2 2 2 3.3 3.3 -13.0 -3.1 -3.1 -3.1 -3.1 -3.1 -3.1 0.376 0.419 0.326 0.405 0.938 0.865 2 2 2 2 2 2
2006-02-22T11:30:00 2006 2 22 11 30 0 0.0 0.7 608.0 3.0 2.04 0.96 3.46 0.97 2 2 2 2 2 2 2 2 3.3 3.3 -20.0 0.7 0.7 0.7 0.7 0.7 0.7 0.332 0.315 0.326 0.302 0.533 0.62 2 2 2 2 2 2
2006-02-22T12:30:00 2006 2 22 12 30 0 1.3 2.1 615.0 3.2 2.21 0.02 0.0 0.0 2 2 2 2 2 2 2 2 2.7 3.22 -17.0 2.1 2.1 2.1 2.1 2.1 2.1 0.225 0.156 0.316 0.169 0.169 0.257 2 2 2 2 2 2
2006-02-22T13:30:00 2006 2 22 13 30 0 -2.4 0.9 606.0 3.1 2.08 0.09 0.0 0.0 2 2 2 2 2 2 2 2 2.7 3.14 -17.0 0.9 0.9 0.9 0.9 0.9 0.9 0.152 0.078 0.306 0.095 0.053 0.107 2 2 2 2 2 2
2006-02-22T14:30:00 2006 2 22 14 30 0 -4.2 -0.5 616.0 2.8 2.0 1.43 0.34 0.1 2 2 2 2 2 2 2 2 2.7 3.07 -17.0 -0.5 -0.5 -0.5 -0.5 -0.5 -0.5 0.124 0.082 0.298 0.066 0.137 0.185 2 2 2 2 2 2
2006-02-22T15:30:00 2006 2 22 15 30 0 -0.6 -2.0 604.0 2.4 1.66 1.73 3.99 1.02 2 2 2 2 2 2 2 2 3.3 3.07 -22.0 -2.0 -2.0 -2.0 -2.0 -2.0 -2.0 0.218 0.238 0.304 0.178 0.545 0.516 2 2 2 2 2 2
2006-02-22T16:30:00 2006 2 22 16 30 0 -1.3 1.3 600.0 1.7 1.18 0.35 1.58 0.35 2 2 2 2 2 2 2 2 3.3 3.07 -24.0 1.3 1.3 1.3 1.3 1.3 1.3 0.178 0.163 0.298 0.123 0.267 0.304 2 2 2 2 2 2
2006-02-22T17:30:00 2006 2 22 17 30 0 -0.4 -0.6 596.0 1.5 1.04 0.08 0.36 0.05 2 2 2 2 2 2 2 2 3.3 3.08 -22.0 -0.6 -0.6 -0.6 -0.6 -0.6 -0.6 0.138 0.116 0.29 0.08 0.179 0.187 2 2 2 2 2 2
2006-02-22T18:30:00 2006 2 22 18 30 0 -2.5 -0.4 597.0 1.5 1.03 0.53 1.47 0.22 2 2 2 2 2 2 2 2 1.7 2.87 -16.0 -0.4 -0.4 -0.4 -0.4 -0.4 -0.4 0.133 0.128 0.284 0.069 0.227 0.193 2 2 2 2 2 2
2006-02-22T19:30:00 2006 2 22 19 30 0 -2.8 0.7 589.0 1.6 1.07 0.79 0.17 0.03 2 2 2 2 2 2 2 2 1.7 2.67 -17.0 0.7 0.7 0.7 0.7 0.7 0.7 0.093 0.069 0.275 0.04 0.083 0.09 2 2 2 2 2 2
2006-02-22T20:30:00 2006 2 22 20 30 0 -4.2 0.1 590.0 1.7 1.13 1.33 0.0 0.0 2 2 2 2 2 2 2 2 1.7 2.54 -16.0 0.1 0.1 0.1 0.1 0.1 0.1 0.063 0.034 0.267 0.022 0.026 0.037 2 2 2 2 2 2
2006-02-22T21:30:00 2006 2 22 21 30 0 -3.5 -0.2 571.0 1.7 1.04 1.75 0.22 0.04 2 2 2 2 2 2 2 2 1.7 2.41 -16.0 -0.2 -0.2 -0.2 -0.2 -0.2 -0.2 0.053 0.043 0.259 0.016 0.07 0.067 2 2 2 2 2 2
2006-02-22T22:30:00 2006 2 22 22 30 0 -2.2 0.0 557.0 1.7 0.98 0.98 0.26 0.04 2 2 2 2 2 2 2 2 1.7 2.28 -18.0 0.0 0.0 0.0 0.0 0.0 0.0 0.043 0.038 0.251 0.011 0.055 0.061 2 2 2 2 2 2
2006-02-22T23:30:00 2006 2 22 23 30 0 -1.3 0.2 553.0 1.7 0.95 0.32 0.0 0.0 2 2 2 2 2 2 2 2 1.7 2.08 -17.0 0.2 0.2 0.2 0.2 0.2 0.2 0.029 0.019 0.244 0.006 0.018 0.025 2 2 2 2 2 2
