2006-05-19T00:30:00 2006 5 19 0 30 0 1.9 3.8 561.0 2.5 1.43 0.08 0.0 0.0 2 2 2 2 2 2 2 2 1.7 2.97 -16.0 3.8 3.8 3.8 3.8 3.8 3.8 0.081 0.014 0.272 0.029 0.002 0.012 2 2 2 2 2 2
2006-05-19T01:30:00 2006 5 19 1 30 0 3.2 2.8 545.0 2.7 1.5 0.21 0.0 0.0 2 2 2 2 2 2 2 2 1.7 2.65 -13.0 2.8 2.8 2.8 2.8 2.8 2.8 0.055 0.007 0.264 0.016 0.001 0.005 2 2 2 2 2 2
2006-05-19T02:30:00 2006 5 19 2 30 0 4.2 -0.2 543.0 3.4 1.87 1.09 0.05 0.02 2 2 2 2 2 2 2 2 1.7 2.4 -14.0 -0.2 -0.2 -0.2 -0.2 -0.2 -0.2 0.044 0.022 0.256 0.012 0.043 0.059 2 2 2 2 2 2
2006-05-19T03:30:00 2006 5 19 3 30 0 2.0 1.5 533.0 3.2 1.68 0.82 0.01 0.0 2 2 2 2 2 2 2 2 2.0 2.2 -17.0 1.5 1.5 1.5 1.5 1.5 1.5 0.03 0.011 0.249 0.007 0.013 0.025 2 2 2 2 2 2
2006-05-19T04:30:00 2006 5 19 4 30 0 2.0 0.5 534.0 3.4 1.77 0.24 0.0 0.0 2 2 2 2 2 2 2 2 2.0 2.0 -19.0 0.5 0.5 0.5 0.5 0.5 0.5 0.02 0.005 0.241 0.004 0.004 0.01 2 2 2 2 2 2
2006-05-19T05:30:00 2006 5 19 5 30 0 2.7 -1.0 555.0 3.6 2.03 0.84 1.03 0.37 2 2 2 2 2 2 2 2 2.0 1.96 -20.0 -1.0 -1.0 -1.0 -1.0 -1.0 -1.0 0.068 0.107 0.237 0.044 0.239 0.292 2 2 2 2 2 2
2006-05-19T06:30:00 2006 5 19 6 30 0 1.0 2.9 543.0 2.8 1.52 0.32 0.24 0.08 2 2 2 2 2 2 2 2 2.0 1.93 -20.0 2.9 2.9 2.9 2.9 2.9 2.9 0.047 0.056 0.23 0.025 0.08 0.132 2 2 2 2 2 2
2006-05-19T07:30:00 2006 5 19 7 30 0 3.7 2.7 573.0 3.1 1.89 0.25 0.0 0.0 2 2 2 2 2 2 2 2 2.0 1.89 -15.0 2.7 2.7 2.7 2.7 2.7 2.7 0.032 0.028 0.223 0.014 0.025 0.055 2 2 2 2 2 2
2006-05-19T08:30:00 2006 5 19 8 30 0 1.1 3.8 566.0 2.5 1.52 0.19 0.0 0.0 2 2 2 2 2 2 2 2 2.0 1.93 -12.0 3.8 3.8 3.8 3.8 3.8 3.8 0.021 0.014 0.216 0.008 0.008 0.023 2 2 2 2 2 2
2006-05-19T09:30:00 2006 5 19 9 30 0 -2.0 3.3 559.0 2.4 1.45 0.02 0.0 0.0 2 2 2 2 2 2 2 2 0.7 1.79 -9.0 3.3 3.3 3.3 3.3 3.3 3.3 0.014 0.007 0.21 0.004 0.003 0.009 2 2 2 2 2 2
2006-05-19T10:30:00 2006 5 19 10 30 0 -1.9 2.1 545.0 2.5 1.42 0.1 0.0 0.0 2 2 2 2 2 2 2 2 0.7 1.66 -6.0 2.1 2.1 2.1 2.1 2.1 2.1 0.01 0.003 0.203 0.002 0.001 0.004 2 2 2 2 2 2
2006-05-19T11:30:00 2006 5 19 11 30 0 1.8 0.5 536.0 3.0 1.57 0.05 0.0 0.0 2 2 2 2 2 2 2 2 0.7 1.5 -6.0 0.5 0.5 0.5 0.5 0.5 0.5 0.007 0.002 0.197 0.001 0.0 0.002 2 2 2 2 2 2
2006-05-19T12:30:00 2006 5 19 12 30 0 0.2 1.7 546.0 2.6 1.45 0.05 0.0 0.0 2 2 2 2 2 2 2 2 1.0 1.37 -9.0 1.7 1.7 1.7 1.7 1.7 1.7 0.004 0.001 0.191 0.001 0.0 0.001 2 2 2 2 2 2
2006-05-19T13:30:00 2006 5 19 13 30 0 -2.5 2.5 539.0 2.2 1.21 0.07 0.0 0.0 2 2 2 2 2 2 2 2 1.0 1.25 -9.0 2.5 2.5 2.5 2.5 2.5 2.5 0.003 0.0 0.185 0.0 0.0 0.0 2 2 2 2 2 2
2006-05-19T14:30:00 2006 5 19 14 30 0 -1.6 2.1 532.0 2.6 1.4 0.13 0.0 0.0 2 2 2 2 2 2 2 2 1.0 1.13 -10.0 2.1 2.1 2.1 2.1 2.1 2.1 0.002 0.0 0.179 0.0 0.0 0.0 2 2 2 2 2 2
2006-05-19T15:30:00 2006 5 19 15 30 0 1.5 0.5 529.0 2.3 1.25 0.03 0.0 0.0 2 2 2 2 2 2 2 2 1.3 1.05 -12.0 0.5 0.5 0.5 0.5 0.5 0.5 0.001 0.0 0.174 0.0 0.0 0.0 2 2 2 2 2 2
2006-05-19T16:30:00 2006 5 19 16 30 0 1.9 1.6 559.0 2.0 1.27 0.15 0.0 0.0 2 2 2 2 2 2 2 2 1.3 0.97 -11.0 1.6 1.6 1.6 1.6 1.6 1.6 0.001 0.0 0.169 0.0 0.0 0.0 2 2 2 2 2 2
2006-05-19T17:30:00 2006 5 19 17 30 0 -1.9 2.0 575.0 2.1 1.47 0.04 0.0 0.0 2 2 2 2 2 2 2 2 1.3 1.04 -9.0 2.0 2.0 2.0 2.0 2.0 2.0 0.001 0.0 0.164 0.0 0.0 0.0 2 2 2 2 2 2
2006-05-19T18:30:00 2006 5 19 18 30 0 3.3 1.7 585.0 2.6 1.76 0.15 0.0 0.0 2 2 2 2 2 2 2 2 2.0 1.21 -4.0 1.7 1.7 1.7 1.7 1.7 1.7 0.0 0.0 0.159 0.0 0.0 0.0 2 2 2 2 2 2
2006-05-19T19:30:00 2006 5 19 19 30 0 1.4 2.6 567.0 1.9 1.23 0.24 0.0 0.0 2 2 2 2 2 2 2 2 2.0 1.37 0.0 2.6 2.6 2.6 2.6 2.6 2.6 0.0 0.0 0.154 0.0 0.0 0.0 2 2 2 2 2 2
2006-05-19T20:30:00 2006 5 19 20 30 0 1.7 0.5 559.0 2.0 1.25 0.11 0.0 0.0 2 2 2 2 2 2 2 2 2.0 1.5 0.0 0.5 0.5 0.5 0.5 0.5 0.5 0.0 0.0 0.149 0.0 0.0 0.0 2 2 2 2 2 2
2006-05-19T21:30:00 2006 5 19 21 30 0 3.1 -0.5 567.0 2.0 1.25 0.78 0.41 0.08 2 2 2 2 2 2 2 2 2.3 1.66 -4.0 -0.5 -0.5 -0.5 -0.5 -0.5 -0.5 0.02 0.041 0.145 0.012 0.101 0.081 2 2 2 2 2 2
2006-05-19T22:30:00 2006 5 19 22 30 0 2.9 0.5 563.0 1.8 1.11 1.03 0.29 0.06 2 2 2 2 2 2 2 2 2.3 1.82 -4.0 0.5 0.5 0.5 0.5 0.5 0.5 0.019 0.03 0.141 0.009 0.05 0.052 2 2 2 2 2 2
2006-05-19T23:30:00 2006 5 19 23 30 0 1.9 -1.9 565.0 1.9 1.13 1.2 2.35 0.44 2 2 2 2 2 2 2 2 2.3 1.95 -8.0 -1.9 -1.9 -1.9 -1.9 -1.9 -1.9 0.096 0.148 0.145 0.087 0.337 0.229 2 2 2 2 2 2
