2006-01-02T00:30:00 2006 1 2 0 30 0 4.0 7.2 448.0 10.8 3.87 0.06 0.0 0.0 2 2 2 2 2 2 2 2 1.7 1.55 8.0 7.2 7.2 7.2 7.2 7.2 7.2 0.0 0.0 0.14 0.0 0.0 0.0 2 2 2 2 2 2
2006-01-02T01:30:00 2006 1 2 1 30 0 -6.2 6.3 435.0 6.2 2.08 0.21 0.0 0.0 2 2 2 2 2 2 2 2 1.7 1.56 -1.0 6.3 6.3 6.3 6.3 6.3 6.3 0.0 0.0 0.136 0.0 0.0 0.0 2 2 2 2 2 2
2006-01-02T02:30:00 2006 1 2 2 30 0 -3.1 7.7 433.0 5.6 1.9 0.4 0.0 0.0 2 2 2 2 2 2 2 2 1.7 1.6 -1.0 7.7 7.7 7.7 7.7 7.7 7.7 0.0 0.0 0.132 0.0 0.0 0.0 2 2 2 2 2 2
2006-01-02T03:30:00 2006 1 2 3 30 0 -2.9 8.5 431.0 4.9 1.72 0.09 0.0 0.0 2 2 2 2 2 2 2 2 2.0 1.69 -1.0 8.5 8.5 8.5 8.5 8.5 8.5 0.0 0.0 0.128 0.0 0.0 0.0 2 2 2 2 2 2
2006-01-02T04:30:00 2006 1 2 4 30 0 -5.6 2.0 429.0 14.4 5.58 0.59 0.0 0.0 2 2 2 2 2 2 2 2 2.0 1.78 18.0 2.0 2.0 2.0 2.0 2.0 2.0 0.0 0.0 0.124 0.0 0.0 0.0 2 2 2 2 2 2
2006-01-02T05:30:00 2006 1 2 5 30 0 -1.6 0.8 431.0 14.7 6.02 0.66 0.0 0.0 2 2 2 2 2 2 2 2 2.0 1.82 21.0 0.8 0.8 0.8 0.8 0.8 0.8 0.0 0.0 0.12 0.0 0.0 0.0 2 2 2 2 2 2
2006-01-02T06:30:00 2006 1 2 6 30 0 0.7 3.6 429.0 11.1 4.42 0.01 0.0 0.0 2 2 2 2 2 2 2 2 1.7 1.81 12.0 3.6 3.6 3.6 3.6 3.6 3.6 0.0 0.0 0.116 0.0 0.0 0.0 2 2 2 2 2 2
2006-01-02T07:30:00 2006 1 2 7 30 0 4.4 -0.9 431.0 5.0 1.82 0.67 0.28 0.15 2 2 2 2 2 2 2 2 1.7 1.81 -2.0 -0.9 -0.9 -0.9 -0.9 -0.9 -0.9 0.025 0.058 0.114 0.019 0.097 0.12 2 2 2 2 2 2
2006-01-02T08:30:00 2006 1 2 8 30 0 8.6 1.8 430.0 1.4 0.46 3.25 0.24 0.11 2 2 2 2 2 2 2 2 1.7 1.81 -15.0 1.8 1.8 1.8 1.8 1.8 1.8 0.022 0.041 0.111 0.013 0.045 0.073 2 2 2 2 2 2
2006-01-02T09:30:00 2006 1 2 9 30 0 8.1 1.0 423.0 0.9 0.29 4.25 0.0 0.0 2 2 2 2 2 2 2 2 2.0 1.85 -16.0 1.0 1.0 1.0 1.0 1.0 1.0 0.015 0.02 0.107 0.007 0.014 0.03 2 2 2 2 2 2
2006-01-02T10:30:00 2006 1 2 10 30 0 5.5 1.5 429.0 1.0 0.32 2.78 0.0 0.0 2 2 2 2 2 2 2 2 2.0 1.89 -14.0 1.5 1.5 1.5 1.5 1.5 1.5 0.01 0.01 0.104 0.004 0.005 0.013 2 2 2 2 2 2
2006-01-02T11:30:00 2006 1 2 11 30 0 1.8 2.2 434.0 2.4 0.88 0.62 0.0 0.0 2 2 2 2 2 2 2 2 2.0 1.89 -6.0 2.2 2.2 2.2 2.2 2.2 2.2 0.007 0.005 0.101 0.002 0.001 0.005 2 2 2 2 2 2
2006-01-02T12:30:00 2006 1 2 12 30 0 1.0 3.2 440.0 3.1 1.19 0.03 0.0 0.0 2 2 2 2 2 2 2 2 1.0 1.76 -3.0 3.2 3.2 3.2 3.2 3.2 3.2 0.005 0.002 0.098 0.001 0.0 0.002 2 2 2 2 2 2
2006-01-02T13:30:00 2006 1 2 13 30 0 0.0 3.1 438.0 4.1 1.61 0.0 0.0 0.0 2 2 2 2 2 2 2 2 1.0 1.63 0.0 3.1 3.1 3.1 3.1 3.1 3.1 0.003 0.001 0.095 0.001 0.0 0.001 2 2 2 2 2 2
2006-01-02T14:30:00 2006 1 2 14 30 0 0.2 1.6 440.0 4.5 1.65 0.0 0.0 0.0 2 2 2 2 2 2 2 2 1.0 1.54 3.0 1.6 1.6 1.6 1.6 1.6 1.6 0.002 0.001 0.092 0.0 0.0 0.0 2 2 2 2 2 2
2006-01-02T15:30:00 2006 1 2 15 30 0 -0.2 3.3 442.0 3.7 1.55 0.0 0.0 0.0 2 2 2 2 2 2 2 2 1.3 1.49 2.0 3.3 3.3 3.3 3.3 3.3 3.3 0.001 0.0 0.089 0.0 0.0 0.0 2 2 2 2 2 2
2006-01-02T16:30:00 2006 1 2 16 30 0 0.5 3.2 437.0 5.1 2.08 0.0 0.0 0.0 2 2 2 2 2 2 2 2 1.3 1.44 5.0 3.2 3.2 3.2 3.2 3.2 3.2 0.001 0.0 0.086 0.0 0.0 0.0 2 2 2 2 2 2
2006-01-02T17:30:00 2006 1 2 17 30 0 1.2 3.8 444.0 4.3 1.84 0.01 0.0 0.0 2 2 2 2 2 2 2 2 1.3 1.36 3.0 3.8 3.8 3.8 3.8 3.8 3.8 0.001 0.0 0.084 0.0 0.0 0.0 2 2 2 2 2 2
2006-01-02T18:30:00 2006 1 2 18 30 0 0.9 2.1 442.0 3.6 1.48 0.01 0.0 0.0 2 2 2 2 2 2 2 2 1.0 1.23 1.0 2.1 2.1 2.1 2.1 2.1 2.1 0.0 0.0 0.081 0.0 0.0 0.0 2 2 2 2 2 2
2006-01-02T19:30:00 2006 1 2 19 30 0 0.8 0.1 430.0 3.2 1.21 0.02 0.0 0.0 2 2 2 2 2 2 2 2 1.0 1.11 -3.0 0.1 0.1 0.1 0.1 0.1 0.1 0.0 0.0 0.079 0.0 0.0 0.0 2 2 2 2 2 2
2006-01-02T20:30:00 2006 1 2 20 30 0 0.7 -1.5 441.0 4.1 1.62 0.29 1.68 0.65 2 2 2 2 2 2 2 2 1.0 1.11 0.0 -1.5 -1.5 -1.5 -1.5 -1.5 -1.5 0.082 0.167 0.081 0.067 0.267 0.277 2 2 2 2 2 2
2006-01-02T21:30:00 2006 1 2 21 30 0 0.0 0.2 453.0 7.2 3.09 0.18 1.34 0.68 2 2 2 2 2 2 2 2 2.7 1.33 10.0 0.2 0.2 0.2 0.2 0.2 0.2 0.102 0.178 0.081 0.067 0.214 0.34 2 2 2 2 2 2
2006-01-02T22:30:00 2006 1 2 22 30 0 0.5 1.9 455.0 6.3 2.68 0.0 0.0 0.0 2 2 2 2 2 2 2 2 2.7 1.55 8.0 1.9 1.9 1.9 1.9 1.9 1.9 0.069 0.088 0.079 0.037 0.068 0.141 2 2 2 2 2 2
2006-01-02T23:30:00 2006 1 2 23 30 0 1.8 1.6 448.0 3.8 1.53 0.04 0.0 0.0 2 2 2 2 2 2 2 2 2.7 1.73 0.0 1.6 1.6 1.6 1.6 1.6 1.6 0.047 0.044 0.076 0.021 0.021 0.059 2 2 2 2 2 2
