2006-10-20T00:30:00 2006 10 20 0 30 0 0.6 0.1 308.0 27.1 5.14 0.06 0.22 0.5 2 2 2 2 2 2 2 2 2.0 0.3 17.0 0.1 0.1 0.1 0.1 0.1 0.1 0.037 0.105 0.059 0.011 0.068 0.378 2 2 2 2 2 2
2006-10-20T01:30:00 2006 10 20 1 30 0 -7.1 3.5 343.0 11.1 2.27 0.57 0.0 0.0 2 2 2 2 2 2 2 2 2.0 0.52 12.0 3.5 3.5 3.5 3.5 3.5 3.5 0.025 0.052 0.057 0.006 0.021 0.157 2 2 2 2 2 2
2006-10-20T02:30:00 2006 10 20 2 30 0 -9.4 4.2 366.0 12.7 2.98 2.4 0.0 0.0 2 2 2 2 2 2 2 2 2.0 0.78 12.0 4.2 4.2 4.2 4.2 4.2 4.2 0.017 0.026 0.055 0.004 0.007 0.065 2 2 2 2 2 2
2006-10-20T03:30:00 2006 10 20 3 30 0 -7.5 4.6 364.0 13.9 3.19 2.3 0.0 0.0 2 2 2 2 2 2 2 2 1.0 0.9 11.0 4.6 4.6 4.6 4.6 4.6 4.6 0.012 0.013 0.053 0.002 0.002 0.027 2 2 2 2 2 2
2006-10-20T04:30:00 2006 10 20 4 30 0 -6.1 3.1 372.0 11.2 2.73 1.49 0.0 0.0 2 2 2 2 2 2 2 2 1.0 1.02 9.0 3.1 3.1 3.1 3.1 3.1 3.1 0.008 0.006 0.052 0.001 0.001 0.011 2 2 2 2 2 2
2006-10-20T05:30:00 2006 10 20 5 30 0 -6.4 2.3 371.0 14.8 3.55 1.55 0.0 0.0 2 2 2 2 2 2 2 2 1.0 1.13 14.0 2.3 2.3 2.3 2.3 2.3 2.3 0.005 0.003 0.05 0.001 0.0 0.005 2 2 2 2 2 2
2006-10-20T06:30:00 2006 10 20 6 30 0 -3.8 1.2 355.0 22.3 4.81 1.12 0.0 0.0 2 2 2 2 2 2 2 2 2.3 1.42 20.0 1.2 1.2 1.2 1.2 1.2 1.2 0.004 0.002 0.049 0.0 0.0 0.002 2 2 2 2 2 2
2006-10-20T07:30:00 2006 10 20 7 30 0 -0.9 3.6 346.0 23.8 5.02 0.17 0.0 0.0 2 2 2 2 2 2 2 2 2.3 1.7 25.0 3.6 3.6 3.6 3.6 3.6 3.6 0.002 0.001 0.047 0.0 0.0 0.001 2 2 2 2 2 2
2006-10-20T08:30:00 2006 10 20 8 30 0 1.9 5.6 360.0 20.3 4.75 0.01 0.0 0.0 2 2 2 2 2 2 2 2 2.3 1.74 15.0 5.6 5.6 5.6 5.6 5.6 5.6 0.002 0.0 0.046 0.0 0.0 0.0 2 2 2 2 2 2
2006-10-20T09:30:00 2006 10 20 9 30 0 -9.9 -4.3 372.0 19.6 5.13 3.4 2.07 4.08 2 2 2 2 2 2 2 2 2.0 1.75 15.0 -4.3 -4.3 -4.3 -4.3 -4.3 -4.3 0.211 0.442 0.059 0.274 0.557 1.698 2 2 2 2 2 2
2006-10-20T10:30:00 2006 10 20 10 30 0 -8.3 5.3 366.0 20.8 5.38 5.37 1.47 2.91 2 2 2 2 2 2 2 2 2.0 1.75 6.0 5.3 5.3 5.3 5.3 5.3 5.3 0.197 0.323 0.061 0.201 0.271 1.086 2 2 2 2 2 2
2006-10-20T11:30:00 2006 10 20 11 30 0 1.6 8.0 364.0 22.5 6.01 0.34 0.0 0.0 2 2 2 2 2 2 2 2 2.0 1.87 9.0 8.0 8.0 8.0 8.0 8.0 8.0 0.133 0.16 0.059 0.113 0.086 0.451 2 2 2 2 2 2
2006-10-20T12:30:00 2006 10 20 12 30 0 -10.0 -2.4 370.0 17.9 4.96 2.4 0.71 1.29 2 2 2 2 2 2 2 2 3.0 2.12 10.0 -2.4 -2.4 -2.4 -2.4 -2.4 -2.4 0.175 0.274 0.063 0.159 0.279 0.914 2 2 2 2 2 2
2006-10-20T13:30:00 2006 10 20 13 30 0 -5.3 -4.3 381.0 19.5 5.9 7.92 6.45 12.16 2 2 2 2 2 2 2 2 3.0 2.37 3.0 -4.3 -4.3 -4.3 -4.3 -4.3 -4.3 0.561 0.974 0.097 0.662 1.084 3.468 2 2 2 2 2 2
2006-10-20T14:30:00 2006 10 20 14 30 0 -1.4 9.8 397.0 18.0 5.48 1.02 0.93 1.8 2 2 2 2 2 2 2 2 3.0 2.46 3.0 9.8 9.8 9.8 9.8 9.8 9.8 0.405 0.54 0.096 0.386 0.397 1.686 2 2 2 2 2 2
2006-10-20T15:30:00 2006 10 20 15 30 0 -1.3 -2.7 396.0 25.5 7.45 0.28 0.82 2.06 2 2 2 2 2 2 2 2 3.0 2.55 12.0 -2.7 -2.7 -2.7 -2.7 -2.7 -2.7 0.388 0.519 0.101 0.357 0.478 2.137 2 2 2 2 2 2
2006-10-20T16:30:00 2006 10 20 16 30 0 -10.8 0.3 419.0 17.8 6.07 4.51 2.23 5.11 2 2 2 2 2 2 2 2 3.0 2.64 -2.0 0.3 0.3 0.3 0.3 0.3 0.3 0.391 0.525 0.106 0.307 0.454 2.35 2 2 2 2 2 2
2006-10-20T17:30:00 2006 10 20 17 30 0 -13.0 3.5 416.0 20.9 7.15 7.98 0.0 0.0 2 2 2 2 2 2 2 2 3.0 2.76 -4.0 3.5 3.5 3.5 3.5 3.5 3.5 0.265 0.261 0.103 0.172 0.144 0.975 2 2 2 2 2 2
2006-10-20T18:30:00 2006 10 20 18 30 0 -3.7 -0.7 429.0 26.0 9.46 4.13 0.19 0.48 2 2 2 2 2 2 2 2 3.0 2.88 -1.0 -0.7 -0.7 -0.7 -0.7 -0.7 -0.7 0.217 0.233 0.101 0.124 0.205 1.278 2 2 2 2 2 2
2006-10-20T19:30:00 2006 10 20 19 30 0 -6.0 8.5 453.0 14.8 6.07 0.82 0.0 0.0 2 2 2 2 2 2 2 2 3.0 3.0 -8.0 8.5 8.5 8.5 8.5 8.5 8.5 0.147 0.116 0.098 0.069 0.065 0.53 2 2 2 2 2 2
2006-10-20T20:30:00 2006 10 20 20 30 0 -14.2 -1.1 501.0 12.8 6.05 7.39 0.29 0.37 2 2 2 2 2 2 2 2 3.0 3.0 -4.0 -1.1 -1.1 -1.1 -1.1 -1.1 -1.1 0.148 0.162 0.098 0.083 0.229 0.866 2 2 2 2 2 2
2006-10-20T21:30:00 2006 10 20 21 30 0 -14.4 3.1 502.0 10.3 4.82 14.91 0.25 0.31 2 2 2 2 2 2 2 2 3.3 3.04 -11.0 3.1 3.1 3.1 3.1 3.1 3.1 0.102 0.088 0.095 0.047 0.083 0.42 2 2 2 2 2 2
2006-10-20T22:30:00 2006 10 20 22 30 0 -11.5 -0.3 528.0 12.4 6.37 12.33 0.07 0.09 2 2 2 2 2 2 2 2 3.3 3.08 -10.0 -0.3 -0.3 -0.3 -0.3 -0.3 -0.3 0.085 0.087 0.093 0.035 0.117 0.527 2 2 2 2 2 2
2006-10-20T23:30:00 2006 10 20 23 30 0 -5.6 2.8 542.0 9.9 5.56 5.74 0.01 0.01 2 2 2 2 2 2 2 2 3.3 3.12 -13.0 2.8 2.8 2.8 2.8 2.8 2.8 0.058 0.043 0.09 0.02 0.037 0.219 2 2 2 2 2 2
