2006-10-01T00:30:00 2006 10 1 0 30 0 9.4 -4.9 432.0 8.2 3.06 13.71 11.13 8.24 2 2 2 2 2 2 2 2 4.7 2.4 -18.0 -4.9 -4.9 -4.9 -4.9 -4.9 -4.9 1.147 1.347 0.308 1.451 1.491 2.46 2 2 2 2 2 2
2006-10-01T01:30:00 2006 10 1 1 30 0 6.7 -8.0 417.0 6.7 2.33 16.73 13.92 10.21 2 2 2 2 2 2 2 2 4.7 2.71 -29.0 -8.0 -8.0 -8.0 -8.0 -8.0 -8.0 1.354 1.506 0.375 1.806 1.697 2.611 2 2 2 2 2 2
2006-10-01T02:30:00 2006 10 1 2 30 0 6.6 -6.1 421.0 8.4 2.98 15.71 14.61 11.08 2 2 2 2 2 2 2 2 4.7 3.14 -36.0 -6.1 -6.1 -6.1 -6.1 -6.1 -6.1 1.498 1.596 0.439 1.987 1.754 2.819 2 2 2 2 2 2
2006-10-01T03:30:00 2006 10 1 3 30 0 7.3 -5.4 404.0 9.3 3.04 12.64 11.78 10.46 2 2 2 2 2 2 2 2 5.0 3.6 -42.0 -5.4 -5.4 -5.4 -5.4 -5.4 -5.4 1.53 1.594 0.486 1.913 1.652 2.948 2 2 2 2 2 2
2006-10-01T04:30:00 2006 10 1 4 30 0 3.6 -4.3 433.0 9.0 3.03 8.76 10.07 9.2 2 2 2 2 2 2 2 2 5.0 4.05 -45.0 -4.3 -4.3 -4.3 -4.3 -4.3 -4.3 1.488 1.504 0.521 1.727 1.543 2.989 2 2 2 2 2 2
2006-10-01T05:30:00 2006 10 1 5 30 0 3.2 -2.8 448.0 9.3 3.38 4.65 7.68 7.03 2 2 2 2 2 2 2 2 5.0 4.34 -48.0 -2.8 -2.8 -2.8 -2.8 -2.8 -2.8 1.356 1.318 0.542 1.413 1.348 2.894 2 2 2 2 2 2
2006-10-01T06:30:00 2006 10 1 6 30 0 2.4 -4.1 455.0 9.8 4.06 4.31 7.92 7.59 2 2 2 2 2 2 2 2 4.3 4.52 -48.0 -4.1 -4.1 -4.1 -4.1 -4.1 -4.1 1.311 1.288 0.568 1.33 1.429 3.185 2 2 2 2 2 2
2006-10-01T07:30:00 2006 10 1 7 30 0 7.0 -3.4 458.0 8.3 3.48 6.86 8.49 7.65 2 2 2 2 2 2 2 2 4.3 4.71 -44.0 -3.4 -3.4 -3.4 -3.4 -3.4 -3.4 1.27 1.241 0.594 1.261 1.405 3.092 2 2 2 2 2 2
2006-10-01T08:30:00 2006 10 1 8 30 0 7.4 -1.7 484.0 7.8 3.65 7.8 5.83 4.7 2 2 2 2 2 2 2 2 4.3 4.66 -36.0 -1.7 -1.7 -1.7 -1.7 -1.7 -1.7 1.111 1.035 0.601 0.989 1.135 2.603 2 2 2 2 2 2
2006-10-01T09:30:00 2006 10 1 9 30 0 7.5 -1.8 514.0 4.8 2.27 7.42 4.39 2.7 2 2 2 2 2 2 2 2 3.7 4.53 -32.0 -1.8 -1.8 -1.8 -1.8 -1.8 -1.8 0.939 0.825 0.6 0.746 0.931 1.963 2 2 2 2 2 2
2006-10-01T10:30:00 2006 10 1 10 30 0 1.6 -2.3 559.0 1.7 0.97 4.36 5.58 1.7 2 2 2 2 2 2 2 2 3.7 4.4 -36.0 -2.3 -2.3 -2.3 -2.3 -2.3 -2.3 0.807 0.658 0.601 0.611 0.824 1.246 2 2 2 2 2 2
2006-10-01T11:30:00 2006 10 1 11 30 0 0.6 -2.0 545.0 1.7 0.91 1.73 5.9 1.0 2 2 2 2 2 2 2 2 3.7 4.23 -34.0 -2.0 -2.0 -2.0 -2.0 -2.0 -2.0 0.691 0.529 0.6 0.503 0.709 0.765 2 2 2 2 2 2
2006-10-01T12:30:00 2006 10 1 12 30 0 0.9 -1.8 529.0 1.8 0.91 1.26 5.07 0.89 2 2 2 2 2 2 2 2 3.0 3.98 -40.0 -1.8 -1.8 -1.8 -1.8 -1.8 -1.8 0.597 0.452 0.595 0.417 0.626 0.547 2 2 2 2 2 2
2006-10-01T13:30:00 2006 10 1 13 30 0 0.6 -1.3 525.0 1.9 0.94 0.85 4.03 0.75 2 2 2 2 2 2 2 2 3.0 3.73 -44.0 -1.3 -1.3 -1.3 -1.3 -1.3 -1.3 0.51 0.389 0.587 0.333 0.536 0.435 2 2 2 2 2 2
2006-10-01T14:30:00 2006 10 1 14 30 0 -0.2 -1.2 531.0 1.9 0.96 0.51 3.29 0.63 2 2 2 2 2 2 2 2 3.0 3.57 -37.0 -1.2 -1.2 -1.2 -1.2 -1.2 -1.2 0.438 0.342 0.577 0.267 0.477 0.378 2 2 2 2 2 2
2006-10-01T15:30:00 2006 10 1 15 30 0 0.9 -1.6 538.0 1.9 1.02 0.7 3.79 0.72 2 2 2 2 2 2 2 2 3.0 3.41 -26.0 -1.6 -1.6 -1.6 -1.6 -1.6 -1.6 0.404 0.337 0.569 0.252 0.508 0.381 2 2 2 2 2 2
2006-10-01T16:30:00 2006 10 1 16 30 0 0.2 -1.4 546.0 2.4 1.35 0.79 4.04 0.88 2 2 2 2 2 2 2 2 3.0 3.25 -27.0 -1.4 -1.4 -1.4 -1.4 -1.4 -1.4 0.39 0.347 0.563 0.253 0.547 0.445 2 2 2 2 2 2
2006-10-01T17:30:00 2006 10 1 17 30 0 0.9 -1.2 543.0 2.5 1.39 0.62 3.52 0.86 2 2 2 2 2 2 2 2 3.0 3.17 -24.0 -1.2 -1.2 -1.2 -1.2 -1.2 -1.2 0.371 0.343 0.556 0.238 0.536 0.484 2 2 2 2 2 2
2006-10-01T18:30:00 2006 10 1 18 30 0 -0.3 -0.5 539.0 2.5 1.35 0.27 2.22 0.56 2 2 2 2 2 2 2 2 1.3 2.86 -25.0 -0.5 -0.5 -0.5 -0.5 -0.5 -0.5 0.318 0.288 0.544 0.181 0.409 0.421 2 2 2 2 2 2
2006-10-01T19:30:00 2006 10 1 19 30 0 -0.4 1.4 541.0 2.2 1.17 0.01 0.12 0.03 2 2 2 2 2 2 2 2 1.3 2.56 -24.0 1.4 1.4 1.4 1.4 1.4 1.4 0.216 0.145 0.527 0.102 0.133 0.181 2 2 2 2 2 2
2006-10-01T20:30:00 2006 10 1 20 30 0 0.2 1.7 533.0 1.8 0.92 0.0 0.0 0.0 2 2 2 2 2 2 2 2 1.3 2.34 -22.0 1.7 1.7 1.7 1.7 1.7 1.7 0.146 0.072 0.511 0.057 0.042 0.075 2 2 2 2 2 2
2006-10-01T21:30:00 2006 10 1 21 30 0 1.3 0.9 530.0 2.2 1.09 0.02 0.0 0.0 2 2 2 2 2 2 2 2 2.0 2.22 -19.0 0.9 0.9 0.9 0.9 0.9 0.9 0.099 0.036 0.495 0.032 0.013 0.031 2 2 2 2 2 2
2006-10-01T22:30:00 2006 10 1 22 30 0 1.5 -1.5 524.0 2.7 1.31 0.45 1.4 0.37 2 2 2 2 2 2 2 2 2.0 2.1 -19.0 -1.5 -1.5 -1.5 -1.5 -1.5 -1.5 0.13 0.133 0.485 0.074 0.253 0.221 2 2 2 2 2 2
2006-10-01T23:30:00 2006 10 1 23 30 0 1.0 0.1 518.0 3.1 1.46 0.44 1.67 0.47 2 2 2 2 2 2 2 2 2.0 1.98 -17.0 0.1 0.1 0.1 0.1 0.1 0.1 0.132 0.143 0.473 0.072 0.217 0.24 2 2 2 2 2 2
