2006-11-21T00:30:00 2006 11 21 0 30 0 -3.5 1.1 384.0 0.7 0.21 0.67 0.0 0.0 2 2 2 2 2 2 2 2 0.7 0.09 -1.0 1.1 1.1 1.1 1.1 1.1 1.1 0.001 0.003 0.03 0.0 0.003 0.001 2 2 2 2 2 2
2006-11-21T01:30:00 2006 11 21 1 30 0 -3.7 2.4 410.0 1.4 0.47 0.54 0.0 0.0 2 2 2 2 2 2 2 2 0.7 0.18 0.0 2.4 2.4 2.4 2.4 2.4 2.4 0.001 0.001 0.029 0.0 0.001 0.0 2 2 2 2 2 2
2006-11-21T02:30:00 2006 11 21 2 30 0 -4.8 3.1 342.0 0.7 0.16 0.59 0.0 0.0 2 2 2 2 2 2 2 2 0.7 0.27 -2.0 3.1 3.1 3.1 3.1 3.1 3.1 0.001 0.001 0.028 0.0 0.0 0.0 2 2 2 2 2 2
2006-11-21T03:30:00 2006 11 21 3 30 0 -4.5 3.2 324.0 0.8 0.17 0.59 0.0 0.0 2 2 2 2 2 2 2 2 0.0 0.27 -2.0 3.2 3.2 3.2 3.2 3.2 3.2 0.0 0.0 0.027 0.0 0.0 0.0 2 2 2 2 2 2
2006-11-21T04:30:00 2006 11 21 4 30 0 -4.5 2.9 318.0 0.9 0.18 0.54 0.0 0.0 2 2 2 2 2 2 2 2 0.0 0.26 -2.0 2.9 2.9 2.9 2.9 2.9 2.9 0.0 0.0 0.027 0.0 0.0 0.0 2 2 2 2 2 2
2006-11-21T05:30:00 2006 11 21 5 30 0 -4.3 3.5 312.0 1.0 0.19 0.48 0.0 0.0 2 2 2 2 2 2 2 2 0.0 0.26 -2.0 3.5 3.5 3.5 3.5 3.5 3.5 0.0 0.0 0.026 0.0 0.0 0.0 2 2 2 2 2 2
2006-11-21T06:30:00 2006 11 21 6 30 0 -3.6 3.7 329.0 0.7 0.15 0.33 0.0 0.0 2 2 2 2 2 2 2 2 0.0 0.26 -2.0 3.7 3.7 3.7 3.7 3.7 3.7 0.0 0.0 0.025 0.0 0.0 0.0 2 2 2 2 2 2
2006-11-21T07:30:00 2006 11 21 7 30 0 -4.1 4.1 316.0 0.7 0.14 0.29 0.0 0.0 2 2 2 2 2 2 2 2 0.0 0.25 -4.0 4.1 4.1 4.1 4.1 4.1 4.1 0.0 0.0 0.024 0.0 0.0 0.0 2 2 2 2 2 2
2006-11-21T08:30:00 2006 11 21 8 30 0 -3.9 4.4 374.0 0.7 0.2 0.32 0.0 0.0 2 2 2 2 2 2 2 2 0.0 0.17 -2.0 4.4 4.4 4.4 4.4 4.4 4.4 0.0 0.0 0.023 0.0 0.0 0.0 2 2 2 2 2 2
2006-11-21T09:30:00 2006 11 21 9 30 0 -3.4 4.4 371.0 0.7 0.19 0.26 0.0 0.0 2 2 2 2 2 2 2 2 0.0 0.08 -2.0 4.4 4.4 4.4 4.4 4.4 4.4 0.0 0.0 0.023 0.0 0.0 0.0 2 2 2 2 2 2
2006-11-21T10:30:00 2006 11 21 10 30 0 -3.2 4.4 349.0 0.4 0.1 0.19 0.0 0.0 2 2 2 2 2 2 2 2 0.0 0.0 -3.0 4.4 4.4 4.4 4.4 4.4 4.4 0.0 0.0 0.022 0.0 0.0 0.0 2 2 2 2 2 2
2006-11-21T11:30:00 2006 11 21 11 30 0 -3.1 4.3 368.0 1.1 0.3 0.17 0.0 0.0 2 2 2 2 2 2 2 2 0.0 0.0 -2.0 4.3 4.3 4.3 4.3 4.3 4.3 0.0 0.0 0.021 0.0 0.0 0.0 2 2 2 2 2 2
2006-11-21T12:30:00 2006 11 21 12 30 0 -2.6 3.7 382.0 1.5 0.44 0.14 0.0 0.0 2 2 2 2 2 2 2 2 0.7 0.09 2.0 3.7 3.7 3.7 3.7 3.7 3.7 0.0 0.0 0.021 0.0 0.0 0.0 2 2 2 2 2 2
2006-11-21T13:30:00 2006 11 21 13 30 0 -1.9 3.9 375.0 2.7 0.76 0.08 0.0 0.0 2 2 2 2 2 2 2 2 0.7 0.18 3.0 3.9 3.9 3.9 3.9 3.9 3.9 0.0 0.0 0.02 0.0 0.0 0.0 2 2 2 2 2 2
2006-11-21T14:30:00 2006 11 21 14 30 0 -1.8 3.5 376.0 3.0 0.85 0.04 0.0 0.0 2 2 2 2 2 2 2 2 0.7 0.27 7.0 3.5 3.5 3.5 3.5 3.5 3.5 0.0 0.0 0.019 0.0 0.0 0.0 2 2 2 2 2 2
2006-11-21T15:30:00 2006 11 21 15 30 0 -2.1 3.4 371.0 2.5 0.69 0.06 0.0 0.0 2 2 2 2 2 2 2 2 0.0 0.27 8.0 3.4 3.4 3.4 3.4 3.4 3.4 0.0 0.0 0.019 0.0 0.0 0.0 2 2 2 2 2 2
2006-11-21T16:30:00 2006 11 21 16 30 0 -2.0 2.5 365.0 5.2 1.39 0.07 0.0 0.0 2 2 2 2 2 2 2 2 0.0 0.26 9.0 2.5 2.5 2.5 2.5 2.5 2.5 0.0 0.0 0.018 0.0 0.0 0.0 2 2 2 2 2 2
2006-11-21T17:30:00 2006 11 21 17 30 0 -2.3 2.4 365.0 4.2 1.12 0.1 0.0 0.0 2 2 2 2 2 2 2 2 0.0 0.26 8.0 2.4 2.4 2.4 2.4 2.4 2.4 0.0 0.0 0.018 0.0 0.0 0.0 2 2 2 2 2 2
2006-11-21T18:30:00 2006 11 21 18 30 0 -2.5 2.4 363.0 3.7 0.98 0.14 0.0 0.0 2 2 2 2 2 2 2 2 0.0 0.26 8.0 2.4 2.4 2.4 2.4 2.4 2.4 0.0 0.0 0.017 0.0 0.0 0.0 2 2 2 2 2 2
2006-11-21T19:30:00 2006 11 21 19 30 0 -2.8 2.7 361.0 3.5 0.91 0.17 0.0 0.0 2 2 2 2 2 2 2 2 0.0 0.25 7.0 2.7 2.7 2.7 2.7 2.7 2.7 0.0 0.0 0.017 0.0 0.0 0.0 2 2 2 2 2 2
2006-11-21T20:30:00 2006 11 21 20 30 0 -3.0 2.4 362.0 4.0 1.05 0.22 0.0 0.0 2 2 2 2 2 2 2 2 0.0 0.17 9.0 2.4 2.4 2.4 2.4 2.4 2.4 0.0 0.0 0.016 0.0 0.0 0.0 2 2 2 2 2 2
2006-11-21T21:30:00 2006 11 21 21 30 0 -3.1 2.4 358.0 3.7 0.95 0.26 0.0 0.0 2 2 2 2 2 2 2 2 0.0 0.08 8.0 2.4 2.4 2.4 2.4 2.4 2.4 0.0 0.0 0.016 0.0 0.0 0.0 2 2 2 2 2 2
2006-11-21T22:30:00 2006 11 21 22 30 0 -2.7 2.6 347.0 3.8 0.92 0.21 0.0 0.0 2 2 2 2 2 2 2 2 0.0 0.0 8.0 2.6 2.6 2.6 2.6 2.6 2.6 0.0 0.0 0.015 0.0 0.0 0.0 2 2 2 2 2 2
2006-11-21T23:30:00 2006 11 21 23 30 0 -2.0 3.2 350.0 4.1 1.0 0.1 0.0 0.0 2 2 2 2 2 2 2 2 0.0 0.0 10.0 3.2 3.2 3.2 3.2 3.2 3.2 0.0 0.0 0.015 0.0 0.0 0.0 2 2 2 2 2 2
