2006-02-01T00:30:00 2006 2 1 0 30 0 2.0 1.2 305.0 13.6 2.53 0.13 0.0 0.0 2 2 2 2 2 2 2 2 0.0 0.38 9.0 1.2 1.2 1.2 1.2 1.2 1.2 0.057 0.08 0.06 0.021 0.032 0.112 2 2 2 2 2 2
2006-02-01T01:30:00 2006 2 1 1 30 0 1.7 1.1 304.0 14.6 2.7 0.1 0.0 0.0 2 2 2 2 2 2 2 2 0.0 0.22 11.0 1.1 1.1 1.1 1.1 1.1 1.1 0.039 0.04 0.058 0.012 0.01 0.046 2 2 2 2 2 2
2006-02-01T02:30:00 2006 2 1 2 30 0 0.6 -0.5 300.0 14.6 2.63 0.07 0.15 0.22 2 2 2 2 2 2 2 2 0.0 0.18 10.0 -0.5 -0.5 -0.5 -0.5 -0.5 -0.5 0.047 0.096 0.057 0.017 0.073 0.217 2 2 2 2 2 2
2006-02-01T03:30:00 2006 2 1 3 30 0 0.5 0.5 305.0 13.0 2.42 0.02 0.16 0.22 2 2 2 2 2 2 2 2 0.3 0.19 9.0 0.5 0.5 0.5 0.5 0.5 0.5 0.039 0.07 0.055 0.012 0.038 0.141 2 2 2 2 2 2
2006-02-01T04:30:00 2006 2 1 4 30 0 -1.6 -1.2 317.0 12.2 2.45 0.16 0.75 0.92 2 2 2 2 2 2 2 2 0.3 0.19 8.0 -1.2 -1.2 -1.2 -1.2 -1.2 -1.2 0.094 0.228 0.056 0.052 0.198 0.476 2 2 2 2 2 2
2006-02-01T05:30:00 2006 2 1 5 30 0 -2.4 -0.2 324.0 12.9 2.71 0.47 1.05 1.32 2 2 2 2 2 2 2 2 0.3 0.19 10.0 -0.2 -0.2 -0.2 -0.2 -0.2 -0.2 0.126 0.289 0.056 0.063 0.216 0.61 2 2 2 2 2 2
2006-02-01T06:30:00 2006 2 1 6 30 0 1.8 -2.7 327.0 12.7 2.72 0.72 2.53 3.23 2 2 2 2 2 2 2 2 1.3 0.32 8.0 -2.7 -2.7 -2.7 -2.7 -2.7 -2.7 0.269 0.572 0.063 0.208 0.492 1.153 2 2 2 2 2 2
2006-02-01T07:30:00 2006 2 1 7 30 0 4.2 -1.1 319.0 8.8 1.79 1.62 2.96 3.22 2 2 2 2 2 2 2 2 1.3 0.45 1.0 -1.1 -1.1 -1.1 -1.1 -1.1 -1.1 0.336 0.633 0.069 0.246 0.477 1.072 2 2 2 2 2 2
2006-02-01T08:30:00 2006 2 1 8 30 0 3.6 -2.6 323.0 8.4 1.75 2.1 3.07 2.63 2 2 2 2 2 2 2 2 1.3 0.62 -3.0 -2.6 -2.6 -2.6 -2.6 -2.6 -2.6 0.402 0.702 0.076 0.301 0.529 0.998 2 2 2 2 2 2
2006-02-01T09:30:00 2006 2 1 9 30 0 2.5 -3.4 326.0 7.3 1.55 2.66 4.92 3.83 2 2 2 2 2 2 2 2 0.7 0.7 -8.0 -3.4 -3.4 -3.4 -3.4 -3.4 -3.4 0.513 0.83 0.088 0.432 0.645 1.021 2 2 2 2 2 2
2006-02-01T10:30:00 2006 2 1 10 30 0 3.3 -2.1 329.0 7.5 1.62 2.29 4.41 3.27 2 2 2 2 2 2 2 2 0.7 0.78 -13.0 -2.1 -2.1 -2.1 -2.1 -2.1 -2.1 0.548 0.823 0.097 0.441 0.608 0.953 2 2 2 2 2 2
2006-02-01T11:30:00 2006 2 1 11 30 0 2.9 -1.4 341.0 8.2 1.91 1.55 2.88 2.27 2 2 2 2 2 2 2 2 0.7 0.83 -11.0 -1.4 -1.4 -1.4 -1.4 -1.4 -1.4 0.514 0.726 0.102 0.367 0.515 0.887 2 2 2 2 2 2
2006-02-01T12:30:00 2006 2 1 12 30 0 1.7 -3.6 359.0 7.9 2.04 2.04 4.56 3.66 2 2 2 2 2 2 2 2 1.0 0.91 -8.0 -3.6 -3.6 -3.6 -3.6 -3.6 -3.6 0.589 0.831 0.115 0.474 0.696 1.123 2 2 2 2 2 2
2006-02-01T13:30:00 2006 2 1 13 30 0 4.3 -1.1 357.0 7.3 1.86 2.22 4.02 3.07 2 2 2 2 2 2 2 2 1.0 1.0 -12.0 -1.1 -1.1 -1.1 -1.1 -1.1 -1.1 0.57 0.756 0.122 0.427 0.592 1.025 2 2 2 2 2 2
2006-02-01T14:30:00 2006 2 1 14 30 0 3.8 2.8 350.0 6.9 1.69 0.9 0.2 0.15 2 2 2 2 2 2 2 2 1.0 0.96 -11.0 2.8 2.8 2.8 2.8 2.8 2.8 0.389 0.386 0.118 0.24 0.197 0.447 2 2 2 2 2 2
2006-02-01T15:30:00 2006 2 1 15 30 0 3.6 4.2 354.0 7.2 1.8 0.31 0.0 0.0 2 2 2 2 2 2 2 2 0.7 0.89 -5.0 4.2 4.2 4.2 4.2 4.2 4.2 0.264 0.192 0.115 0.134 0.062 0.185 2 2 2 2 2 2
2006-02-01T16:30:00 2006 2 1 16 30 0 3.6 4.0 357.0 7.1 1.81 0.26 0.0 0.0 2 2 2 2 2 2 2 2 0.7 0.81 -3.0 4.0 4.0 4.0 4.0 4.0 4.0 0.178 0.095 0.111 0.075 0.02 0.077 2 2 2 2 2 2
2006-02-01T17:30:00 2006 2 1 17 30 0 2.0 1.9 346.0 7.4 1.77 0.16 0.0 0.0 2 2 2 2 2 2 2 2 0.7 0.81 -1.0 1.9 1.9 1.9 1.9 1.9 1.9 0.121 0.047 0.108 0.042 0.006 0.032 2 2 2 2 2 2
2006-02-01T18:30:00 2006 2 1 18 30 0 2.9 2.0 333.0 7.0 1.55 0.17 0.0 0.0 2 2 2 2 2 2 2 2 0.3 0.76 1.0 2.0 2.0 2.0 2.0 2.0 2.0 0.082 0.023 0.104 0.024 0.002 0.013 2 2 2 2 2 2
2006-02-01T19:30:00 2006 2 1 19 30 0 3.9 2.5 333.0 6.7 1.49 0.34 0.0 0.0 2 2 2 2 2 2 2 2 0.3 0.7 0.0 2.5 2.5 2.5 2.5 2.5 2.5 0.055 0.012 0.101 0.013 0.001 0.005 2 2 2 2 2 2
2006-02-01T20:30:00 2006 2 1 20 30 0 3.5 2.7 339.0 7.2 1.65 0.37 0.0 0.0 2 2 2 2 2 2 2 2 0.3 0.62 1.0 2.7 2.7 2.7 2.7 2.7 2.7 0.037 0.006 0.098 0.007 0.0 0.002 2 2 2 2 2 2
2006-02-01T21:30:00 2006 2 1 21 30 0 0.8 -2.6 356.0 7.2 1.82 0.56 1.32 0.95 2 2 2 2 2 2 2 2 2.3 0.79 3.0 -2.6 -2.6 -2.6 -2.6 -2.6 -2.6 0.117 0.207 0.1 0.097 0.25 0.329 2 2 2 2 2 2
2006-02-01T22:30:00 2006 2 1 22 30 0 -2.0 -4.9 357.0 7.2 1.84 3.21 6.86 4.94 2 2 2 2 2 2 2 2 2.3 0.97 -2.0 -4.9 -4.9 -4.9 -4.9 -4.9 -4.9 0.4 0.677 0.123 0.468 0.74 0.953 2 2 2 2 2 2
2006-02-01T23:30:00 2006 2 1 23 30 0 -2.8 -1.4 339.0 7.5 1.72 2.66 5.24 3.84 2 2 2 2 2 2 2 2 2.3 1.17 -8.0 -1.4 -1.4 -1.4 -1.4 -1.4 -1.4 0.483 0.744 0.134 0.484 0.658 0.978 2 2 2 2 2 2
