1989-08-18T00:30:00 1989 8 18 0 30 0 8.8 -2.6 534.0 12.9 7.47 12.61 6.97 9.25 2 2 2 2 2 2 2 2 5.0 4.97 -52.0 -2.6 -2.6 -2.6 -2.6 -2.6 -2.6 1.055 1.143 1.04 1.094 1.778 6.939 2 2 2 2 2 2
1989-08-18T01:30:00 1989 8 18 1 30 0 -0.4 1.2 529.0 8.3 4.86 3.13 2.09 2.44 2 2 2 2 2 2 2 2 5.0 4.89 -58.0 1.2 1.2 1.2 1.2 1.2 1.2 0.793 0.697 1.016 0.682 0.774 3.603 2 2 2 2 2 2
1989-08-18T02:30:00 1989 8 18 2 30 0 -7.8 -1.6 559.0 2.9 1.81 3.13 1.45 0.55 2 2 2 2 2 2 2 2 5.0 4.93 -54.0 -1.6 -1.6 -1.6 -1.6 -1.6 -1.6 0.61 0.478 0.991 0.45 0.55 1.858 2 2 2 2 2 2
1989-08-18T03:30:00 1989 8 18 3 30 0 -4.1 7.7 548.0 3.3 1.98 2.4 0.2 0.06 2 2 2 2 2 2 2 2 4.0 4.83 -53.0 7.7 7.7 7.7 7.7 7.7 7.7 0.413 0.238 0.961 0.252 0.174 0.771 2 2 2 2 2 2
1989-08-18T04:30:00 1989 8 18 4 30 0 2.1 -5.6 557.0 2.1 1.96 2.0 3.93 0.88 2 2 2 2 2 2 2 2 4.0 4.74 -56.0 -5.6 -5.6 -5.6 -5.6 -5.6 -5.6 0.433 0.323 0.955 0.39 0.569 0.624 2 2 2 2 2 2
1989-08-18T05:30:00 1989 8 18 5 30 0 2.4 0.8 548.0 2.7 1.62 3.27 6.16 1.41 2 2 2 2 2 2 2 2 4.0 4.61 -65.0 0.8 0.8 0.8 0.8 0.8 0.8 0.417 0.32 0.944 0.367 0.497 0.509 2 2 2 2 2 2
1989-08-18T06:30:00 1989 8 18 6 30 0 0.2 3.8 554.0 3.3 2.03 0.07 0.0 0.0 2 2 2 2 2 2 2 2 3.7 4.45 -58.0 3.8 3.8 3.8 3.8 3.8 3.8 0.283 0.159 0.915 0.206 0.157 0.211 2 2 2 2 2 2
1989-08-18T07:30:00 1989 8 18 7 30 0 -1.6 3.8 579.0 3.7 2.48 0.01 0.0 0.0 2 2 2 2 2 2 2 2 3.7 4.28 -47.0 3.8 3.8 3.8 3.8 3.8 3.8 0.191 0.079 0.887 0.115 0.05 0.087 2 2 2 2 2 2
1989-08-18T08:30:00 1989 8 18 8 30 0 6.7 -4.7 612.0 1.0 0.75 4.04 4.56 0.65 2 2 2 2 2 2 2 2 3.7 4.12 -45.0 -4.7 -4.7 -4.7 -4.7 -4.7 -4.7 0.263 0.21 0.88 0.26 0.497 0.257 2 2 2 2 2 2
1989-08-18T09:30:00 1989 8 18 9 30 0 -3.3 -4.7 630.0 2.3 1.83 9.45 14.61 2.49 2 2 2 2 2 2 2 2 5.0 4.14 -46.0 -4.7 -4.7 -4.7 -4.7 -4.7 -4.7 0.509 0.476 0.919 0.698 1.17 0.712 2 2 2 2 2 2
1989-08-18T10:30:00 1989 8 18 10 30 0 -1.3 1.7 639.0 1.8 1.47 2.57 4.85 1.05 2 2 2 2 2 2 2 2 5.0 4.15 -48.0 1.7 1.7 1.7 1.7 1.7 1.7 0.429 0.334 0.906 0.491 0.597 0.479 2 2 2 2 2 2
1989-08-18T11:30:00 1989 8 18 11 30 0 -0.6 5.0 653.0 1.2 1.02 0.01 0.0 0.0 2 2 2 2 2 2 2 2 5.0 4.28 -42.0 5.0 5.0 5.0 5.0 5.0 5.0 0.291 0.166 0.878 0.275 0.189 0.199 2 2 2 2 2 2
1989-08-18T12:30:00 1989 8 18 12 30 0 -1.0 4.9 648.0 1.3 1.09 0.01 0.0 0.0 2 2 2 2 2 2 2 2 2.7 4.1 -44.0 4.9 4.9 4.9 4.9 4.9 4.9 0.197 0.082 0.851 0.154 0.06 0.082 2 2 2 2 2 2
1989-08-18T13:30:00 1989 8 18 13 30 0 0.4 3.9 650.0 1.5 1.27 0.0 0.0 0.0 2 2 2 2 2 2 2 2 2.7 3.93 -50.0 3.9 3.9 3.9 3.9 3.9 3.9 0.133 0.041 0.825 0.086 0.019 0.034 2 2 2 2 2 2
1989-08-18T14:30:00 1989 8 18 14 30 0 -0.6 2.8 671.0 2.0 1.8 0.0 0.0 0.0 2 2 2 2 2 2 2 2 2.7 3.8 -54.0 2.8 2.8 2.8 2.8 2.8 2.8 0.09 0.02 0.8 0.048 0.006 0.014 2 2 2 2 2 2
1989-08-18T15:30:00 1989 8 18 15 30 0 -0.4 1.7 642.0 1.8 1.48 0.0 0.0 0.0 2 2 2 2 2 2 2 2 2.7 3.66 -54.0 1.7 1.7 1.7 1.7 1.7 1.7 0.061 0.01 0.776 0.027 0.002 0.006 2 2 2 2 2 2
1989-08-18T16:30:00 1989 8 18 16 30 0 -0.7 3.5 624.0 2.4 1.87 0.0 0.0 0.0 2 2 2 2 2 2 2 2 2.7 3.53 -45.0 3.5 3.5 3.5 3.5 3.5 3.5 0.041 0.005 0.752 0.015 0.001 0.002 2 2 2 2 2 2
1989-08-18T17:30:00 1989 8 18 17 30 0 -0.9 5.7 618.0 4.0 3.06 0.0 0.0 0.0 2 2 2 2 2 2 2 2 2.7 3.25 -36.0 5.7 5.7 5.7 5.7 5.7 5.7 0.028 0.002 0.729 0.008 0.0 0.001 2 2 2 2 2 2
1989-08-18T18:30:00 1989 8 18 18 30 0 -3.0 5.7 667.0 5.4 4.8 0.08 0.0 0.0 2 2 2 2 2 2 2 2 4.3 3.18 -26.0 5.7 5.7 5.7 5.7 5.7 5.7 0.019 0.001 0.707 0.005 0.0 0.0 2 2 2 2 2 2
1989-08-18T19:30:00 1989 8 18 19 30 0 -1.9 -0.2 649.0 6.6 5.56 0.29 0.05 0.04 2 2 2 2 2 2 2 2 4.3 3.12 -24.0 -0.2 -0.2 -0.2 -0.2 -0.2 -0.2 0.023 0.026 0.686 0.008 0.074 0.207 2 2 2 2 2 2
1989-08-18T20:30:00 1989 8 18 20 30 0 -2.5 0.6 642.0 5.7 4.7 0.58 0.05 0.04 2 2 2 2 2 2 2 2 4.3 3.32 -22.0 0.6 0.6 0.6 0.6 0.6 0.6 0.016 0.013 0.665 0.004 0.023 0.086 2 2 2 2 2 2
1989-08-18T21:30:00 1989 8 18 21 30 0 -6.3 -0.6 623.0 6.7 5.2 2.84 0.55 0.36 2 2 2 2 2 2 2 2 4.3 3.52 -14.0 -0.6 -0.6 -0.6 -0.6 -0.6 -0.6 0.05 0.088 0.647 0.03 0.225 0.563 2 2 2 2 2 2
1989-08-18T22:30:00 1989 8 18 22 30 0 -1.8 -2.8 597.0 6.4 4.4 3.93 5.43 3.53 2 2 2 2 2 2 2 2 4.3 3.72 -16.0 -2.8 -2.8 -2.8 -2.8 -2.8 -2.8 0.288 0.421 0.66 0.333 0.989 1.98 2 2 2 2 2 2
1989-08-18T23:30:00 1989 8 18 23 30 0 -1.6 0.4 566.0 7.4 4.88 1.17 3.26 2.19 2 2 2 2 2 2 2 2 4.3 3.92 -21.0 0.4 0.4 0.4 0.4 0.4 0.4 0.303 0.374 0.653 0.289 0.643 1.59 2 2 2 2 2 2
