1989-02-17T00:30:00 1989 2 17 0 30 0 -0.08 0.14 474.6 4.69 2.26 0.0 0.0 0.0 0 0 1 0 0 0 1 0 2.3 2.45 -22.0 -1.08 -0.79 -1.6 -1.57 -0.82 -0.57 0.333 0.325 0.445 0.322 0.415 0.56 0 0 0 0 0 0
1989-02-17T01:30:00 1989 2 17 1 30 0 -0.08 0.14 472.8 4.69 2.26 0.0 0.0 0.0 0 0 1 0 0 0 1 0 2.3 2.56 -23.0 -1.08 -0.79 -1.6 -1.57 -0.82 -0.57 0.332 0.325 0.444 0.321 0.413 0.555 0 0 0 0 0 0
1989-02-17T02:30:00 1989 2 17 2 30 0 -0.08 0.14 471.1 4.69 2.26 0.0 0.0 0.0 0 0 1 0 0 0 1 0 2.3 2.56 -26.0 -1.08 -0.79 -1.6 -1.57 -0.82 -0.57 0.331 0.325 0.442 0.319 0.41 0.55 0 0 0 0 0 0
1989-02-17T03:30:00 1989 2 17 3 30 0 -0.08 0.14 469.3 4.69 2.26 0.0 0.0 0.0 0 0 1 0 0 0 1 0 2.3 2.56 -31.0 -1.08 -0.79 -1.6 -1.57 -0.82 -0.57 0.33 0.325 0.441 0.318 0.408 0.545 0 0 0 0 0 0
1989-02-17T04:30:00 1989 2 17 4 30 0 -0.08 0.15 467.6 4.69 2.26 0.0 0.0 0.0 0 0 1 0 0 0 1 0 2.3 2.55 -32.0 -1.08 -0.79 -1.61 -1.57 -0.82 -0.57 0.329 0.324 0.439 0.316 0.406 0.54 0 0 0 0 0 0
1989-02-17T05:30:00 1989 2 17 5 30 0 -0.08 0.15 465.8 4.69 2.26 0.0 0.0 0.0 0 0 1 0 0 0 1 0 2.3 2.47 -29.0 -1.08 -0.79 -1.61 -1.57 -0.82 -0.57 0.328 0.324 0.438 0.315 0.403 0.536 0 0 0 0 0 0
1989-02-17T06:30:00 1989 2 17 6 30 0 -0.08 0.15 464.1 4.69 2.26 0.0 0.0 0.0 0 0 1 0 0 0 1 0 1.7 2.3 -27.0 -1.08 -0.79 -1.61 -1.57 -0.82 -0.57 0.327 0.324 0.436 0.313 0.401 0.531 0 0 0 0 0 0
1989-02-17T07:30:00 1989 2 17 7 30 0 -0.08 0.15 462.3 4.69 2.26 0.0 0.0 0.0 0 0 1 0 0 0 1 0 1.7 2.14 -25.0 -1.08 -0.79 -1.61 -1.57 -0.82 -0.56 0.327 0.324 0.435 0.312 0.398 0.524 0 0 0 0 0 0
1989-02-17T08:30:00 1989 2 17 8 30 0 -0.08 0.15 460.6 4.7 2.26 0.0 0.0 0.0 0 0 1 0 0 0 1 0 1.7 2.07 -23.0 -1.08 -0.79 -1.61 -1.57 -0.82 -0.56 0.326 0.324 0.433 0.31 0.396 0.518 0 0 0 0 0 0
1989-02-17T09:30:00 1989 2 17 9 30 0 -0.08 0.15 458.9 4.7 2.26 0.0 0.0 0.0 0 0 1 0 0 0 1 0 1.3 1.94 -19.0 -1.08 -0.79 -1.61 -1.57 -0.82 -0.56 0.325 0.324 0.431 0.309 0.394 0.513 0 0 0 0 0 0
1989-02-17T10:30:00 1989 2 17 10 30 0 -0.08 0.15 458.0 4.7 2.26 0.0 0.0 0.0 0 0 1 0 0 0 1 0 1.3 1.81 -16.0 -1.08 -0.79 -1.61 -1.57 -0.82 -0.56 0.324 0.323 0.43 0.308 0.392 0.51 0 0 0 0 0 0
1989-02-17T11:30:00 1989 2 17 11 30 0 0.33 0.16 458.0 4.7 2.26 0.0 0.0 0.0 1 0 1 0 0 1 1 0 1.3 1.69 -11.0 -1.08 -0.79 -1.61 -1.57 -0.82 -0.56 0.323 0.323 0.428 0.307 0.391 0.508 0 0 0 0 0 0
1989-02-17T12:30:00 1989 2 17 12 30 0 1.42 0.16 458.0 4.7 2.26 0.07 0.0 0.0 1 0 1 0 0 1 1 0 0.7 1.49 -11.0 -1.08 -0.79 -1.61 -1.57 -0.82 -0.56 0.323 0.323 0.426 0.307 0.391 0.507 0 0 0 0 0 0
1989-02-17T13:30:00 1989 2 17 13 30 0 2.5 0.63 458.0 4.7 2.26 0.29 0.0 0.0 1 1 1 0 0 1 1 1 0.7 1.29 -12.0 -0.44 -0.19 -0.9 -0.87 -0.22 0.0 0.286 0.258 0.421 0.257 0.282 0.338 0 0 0 0 0 0
1989-02-17T14:30:00 1989 2 17 14 30 0 3.1 3.06 458.0 4.7 2.27 0.32 0.0 0.0 1 1 1 0 0 1 1 1 0.7 1.16 -15.0 2.83 2.88 2.73 2.74 2.88 2.92 0.194 0.128 0.408 0.144 0.089 0.14 0 0 0 0 0 0
1989-02-17T15:30:00 1989 2 17 15 30 0 3.1 3.7 458.0 4.7 2.27 0.26 0.0 0.0 2 2 1 0 0 2 2 1 0.3 0.99 -16.0 3.7 3.7 3.7 3.7 3.7 3.7 0.131 0.064 0.396 0.081 0.028 0.058 0 0 0 0 0 0
1989-02-17T16:30:00 1989 2 17 16 30 0 3.1 3.05 458.0 4.7 2.27 0.26 0.0 0.0 1 1 1 0 0 1 1 1 0.3 0.81 -18.0 2.82 2.87 2.72 2.72 2.86 2.91 0.089 0.032 0.383 0.045 0.009 0.024 0 0 0 0 0 0
1989-02-17T17:30:00 1989 2 17 17 30 0 2.51 0.62 458.0 4.69 2.27 0.34 0.0 0.0 1 1 1 1 0 1 1 1 0.3 0.69 -14.0 -0.45 -0.2 -0.92 -0.89 -0.23 -0.01 0.074 0.036 0.373 0.045 0.043 0.022 0 1 0 0 1 1
1989-02-17T18:30:00 1989 2 17 18 30 0 1.42 0.16 458.0 4.67 2.26 0.27 0.0 0.0 1 0 1 1 1 1 1 1 0.7 0.62 -12.0 -1.07 -0.79 -1.61 -1.58 -0.82 -0.56 0.135 0.152 0.371 0.137 0.239 0.247 0 0 0 0 0 0
1989-02-17T19:30:00 1989 2 17 19 30 0 0.34 0.17 458.0 4.64 2.18 0.06 0.0 0.0 1 0 1 1 1 1 1 1 0.7 0.55 -10.0 -1.07 -0.79 -1.61 -1.58 -0.82 -0.56 0.194 0.237 0.371 0.212 0.342 0.395 0 0 0 0 0 0
1989-02-17T20:30:00 1989 2 17 20 30 0 -0.05 0.17 458.0 4.62 2.09 0.0 0.0 0.0 1 0 1 1 1 1 1 1 0.7 0.55 -12.0 -1.07 -0.79 -1.61 -1.58 -0.82 -0.56 0.234 0.279 0.371 0.253 0.374 0.454 0 0 0 0 0 0
1989-02-17T21:30:00 1989 2 17 21 30 0 0.01 0.17 458.0 4.6 2.01 0.0 0.0 0.0 1 0 1 1 1 1 1 1 1.3 0.63 -8.0 -1.07 -0.79 -1.61 -1.58 -0.82 -0.56 0.261 0.3 0.371 0.277 0.383 0.477 0 0 0 0 0 0
1989-02-17T22:30:00 1989 2 17 22 30 0 0.07 1.16 458.0 4.6 1.98 0.0 0.0 0.0 1 1 1 1 1 1 1 1 1.3 0.71 -1.0 0.08 0.33 -0.38 -0.35 0.31 0.53 0.212 0.187 0.365 0.209 0.176 0.242 0 0 0 0 0 0
1989-02-17T23:30:00 1989 2 17 23 30 0 0.1 6.25 458.0 4.6 1.98 0.0 0.0 0.0 1 1 2 2 2 1 2 2 1.3 0.84 3.0 6.02 6.07 5.92 5.93 6.07 6.12 0.144 0.093 0.354 0.117 0.056 0.101 0 0 0 0 0 0
