1989-02-20T00:30:00 1989 2 20 0 30 0 0.67 0.24 488.9 8.05 3.72 0.01 0.0 0.0 1 0 1 1 1 1 1 1 3.3 2.79 -7.0 -1.07 -0.78 -1.61 -1.58 -0.81 -0.55 0.355 0.393 0.235 0.38 0.518 1.06 0 0 1 0 0 0
1989-02-20T01:30:00 1989 2 20 1 30 0 1.21 0.29 495.6 8.8 4.41 0.07 0.0 0.0 1 1 1 1 1 1 1 1 3.3 2.83 -9.0 -0.85 -0.59 -1.32 -1.29 -0.62 -0.4 0.362 0.386 0.242 0.375 0.5 1.12 0 0 1 0 1 1
1989-02-20T02:30:00 1989 2 20 2 30 0 1.5 0.53 502.3 8.8 4.63 0.13 0.0 0.0 1 1 1 1 1 1 1 1 3.3 2.99 -21.0 0.3 0.35 0.2 0.2 0.34 0.39 0.273 0.23 0.238 0.243 0.218 0.561 0 1 1 1 1 1
1989-02-20T03:30:00 1989 2 20 3 30 0 1.5 0.6 509.0 8.8 4.63 0.14 0.0 0.0 2 2 2 2 2 2 2 2 3.3 3.15 -20.0 0.6 0.6 0.6 0.6 0.6 0.6 0.185 0.114 0.231 0.136 0.069 0.233 0 1 1 1 1 1
1989-02-20T04:30:00 1989 2 20 4 30 0 3.8 3.4 503.0 9.0 4.53 0.31 0.0 0.0 2 2 2 2 2 2 2 2 3.3 3.3 -21.0 3.4 3.4 3.4 3.4 3.4 3.4 0.125 0.057 0.224 0.076 0.022 0.097 0 1 1 1 1 1
1989-02-20T05:30:00 1989 2 20 5 30 0 4.7 5.0 521.0 8.4 4.49 0.58 0.0 0.0 2 2 2 2 2 2 2 2 3.3 3.3 -16.0 5.0 5.0 5.0 5.0 5.0 5.0 0.085 0.028 0.217 0.043 0.007 0.04 0 1 1 1 1 1
1989-02-20T06:30:00 1989 2 20 6 30 0 5.2 0.3 525.0 8.0 4.43 1.43 0.0 0.0 2 2 2 2 2 2 2 2 3.7 3.35 -13.0 0.3 0.3 0.3 0.3 0.3 0.3 0.057 0.014 0.211 0.024 0.002 0.017 0 1 1 1 1 1
1989-02-20T07:30:00 1989 2 20 7 30 0 6.6 0.2 519.0 7.6 4.06 3.36 0.0 0.0 2 2 2 2 2 2 2 2 3.7 3.4 -25.0 0.2 0.2 0.2 0.2 0.2 0.2 0.039 0.007 0.204 0.013 0.001 0.007 0 1 1 1 1 1
1989-02-20T08:30:00 1989 2 20 8 30 0 7.6 5.3 527.0 7.5 3.99 2.9 0.0 0.0 2 2 2 2 2 2 2 2 3.7 3.46 -29.0 5.3 5.3 5.3 5.3 5.3 5.3 0.026 0.003 0.198 0.008 0.0 0.003 0 1 1 1 1 1
1989-02-20T09:30:00 1989 2 20 9 30 0 9.1 3.1 529.0 7.3 3.9 3.55 0.0 0.0 2 2 2 2 2 2 2 2 3.3 3.45 -19.0 3.1 3.1 3.1 3.1 3.1 3.1 0.018 0.002 0.192 0.004 0.0 0.001 0 1 1 1 1 1
1989-02-20T10:30:00 1989 2 20 10 30 0 7.35 0.0 542.0 7.3 4.05 5.11 0.0 0.0 1 1 2 2 2 1 2 2 3.3 3.45 -12.0 0.0 0.0 0.0 0.0 0.0 0.0 0.012 0.001 0.186 0.002 0.0 0.0 0 1 1 1 1 1
1989-02-20T11:30:00 1989 2 20 11 30 0 5.6 -3.1 540.0 7.7 4.26 6.42 4.54 3.44 2 2 2 2 2 2 2 2 3.3 3.45 -5.0 -3.1 -3.1 -3.1 -3.1 -3.1 -3.1 0.254 0.395 0.207 0.302 0.826 1.633 2 2 1 2 2 2
1989-02-20T12:30:00 1989 2 20 12 30 0 3.7 -4.4 556.0 7.4 4.34 7.89 10.44 7.86 2 2 2 2 2 2 2 2 4.0 3.54 -10.0 -4.4 -4.4 -4.4 -4.4 -4.4 -4.4 0.618 0.812 0.269 0.854 1.566 3.065 2 2 1 2 2 2
1989-02-20T13:30:00 1989 2 20 13 30 0 -0.2 -3.1 564.0 6.7 4.2 5.07 10.35 7.29 2 2 2 2 2 2 2 2 4.0 3.63 -25.0 -3.1 -3.1 -3.1 -3.1 -3.1 -3.1 0.82 0.952 0.323 1.061 1.668 3.371 2 2 1 2 2 2
1989-02-20T14:30:00 1989 2 20 14 30 0 4.5 -0.5 577.0 5.9 3.96 2.27 4.82 3.07 2 2 2 2 2 2 2 2 4.0 3.67 -28.0 -0.5 -0.5 -0.5 -0.5 -0.5 -0.5 0.726 0.737 0.333 0.769 1.079 2.483 2 2 1 2 2 2
1989-02-20T15:30:00 1989 2 20 15 30 0 3.6 0.1 575.0 5.6 3.6 2.01 0.54 0.31 2 2 2 2 2 2 2 2 4.0 3.71 -31.0 0.1 0.1 0.1 0.1 0.1 0.1 0.512 0.411 0.324 0.44 0.427 1.255 2 2 1 2 2 2
1989-02-20T16:30:00 1989 2 20 16 30 0 0.9 1.8 563.0 5.5 3.41 0.41 0.0 0.0 2 2 2 2 2 2 2 2 4.0 3.75 -30.0 1.8 1.8 1.8 1.8 1.8 1.8 0.347 0.204 0.314 0.246 0.135 0.521 2 2 1 2 2 2
1989-02-20T17:30:00 1989 2 20 17 30 0 0.1 -4.0 576.0 5.4 3.45 1.48 4.44 2.41 2 2 2 2 2 2 2 2 4.0 3.83 -32.0 -4.0 -4.0 -4.0 -4.0 -4.0 -4.0 0.457 0.429 0.334 0.454 0.833 1.36 2 2 1 2 2 2
1989-02-20T18:30:00 1989 2 20 18 30 0 0.9 2.4 553.0 5.4 3.14 0.92 3.11 1.68 2 2 2 2 2 2 2 2 4.0 3.92 -29.0 2.4 2.4 2.4 2.4 2.4 2.4 0.389 0.326 0.334 0.337 0.474 0.944 2 2 1 2 2 2
1989-02-20T19:30:00 1989 2 20 19 30 0 0.9 2.0 549.9 5.4 3.14 0.01 0.0 0.0 1 1 1 1 1 1 1 1 4.0 4.0 -25.0 1.76 1.81 1.66 1.66 1.81 1.86 0.264 0.162 0.324 0.188 0.15 0.392 2 2 1 2 2 2
1989-02-20T20:30:00 1989 2 20 20 30 0 0.72 0.53 546.9 5.4 3.06 0.02 0.0 0.0 1 1 1 1 1 1 1 1 4.0 4.0 -20.0 -0.62 -0.36 -1.1 -1.07 -0.39 -0.16 0.202 0.114 0.318 0.147 0.13 0.257 2 2 1 2 1 2
1989-02-20T21:30:00 1989 2 20 21 30 0 0.39 0.25 543.8 5.28 2.81 0.01 0.0 0.0 1 0 1 1 1 1 1 1 2.3 3.78 -23.0 -1.07 -0.78 -1.62 -1.59 -0.81 -0.55 0.245 0.211 0.323 0.237 0.369 0.56 1 0 1 1 0 0
1989-02-20T22:30:00 1989 2 20 22 30 0 0.06 0.25 540.8 5.15 2.57 0.0 0.0 0.0 1 0 1 1 1 1 1 1 2.3 3.56 -26.0 -1.07 -0.78 -1.62 -1.59 -0.81 -0.55 0.289 0.279 0.331 0.309 0.478 0.731 1 0 1 0 0 0
1989-02-20T23:30:00 1989 2 20 23 30 0 -0.07 0.25 537.7 5.01 2.33 0.0 0.0 0.0 0 0 1 1 1 0 1 1 2.3 3.34 -23.0 -1.08 -0.78 -1.62 -1.59 -0.81 -0.55 0.317 0.31 0.338 0.346 0.505 0.779 0 0 1 0 0 0
