1989-05-02T00:30:00 1989 5 2 0 30 0 -0.04 -0.13 450.3 9.45 3.58 0.01 0.3 0.29 0 0 0 0 0 0 0 0 3.3 3.04 -39.0 -1.27 -0.93 -1.95 -1.91 -0.96 -0.67 0.481 0.496 0.825 0.518 0.565 1.317 0 0 0 0 0 0
1989-05-02T01:30:00 1989 5 2 1 30 0 -0.04 -0.13 450.3 9.45 3.58 0.01 0.29 0.28 0 0 0 0 0 0 0 0 3.3 3.08 -35.0 -1.27 -0.93 -1.95 -1.91 -0.96 -0.67 0.481 0.496 0.819 0.518 0.565 1.317 0 0 0 0 0 0
1989-05-02T02:30:00 1989 5 2 2 30 0 -0.04 -0.13 450.2 9.45 3.58 0.01 0.29 0.28 0 0 0 0 0 0 0 0 3.3 3.16 -42.0 -1.27 -0.92 -1.95 -1.91 -0.96 -0.67 0.481 0.494 0.812 0.518 0.565 1.316 0 0 0 0 0 0
1989-05-02T03:30:00 1989 5 2 3 30 0 -0.04 -0.13 450.1 9.45 3.58 0.01 0.29 0.28 0 0 0 0 0 0 0 0 3.7 3.28 -49.0 -1.26 -0.92 -1.95 -1.9 -0.96 -0.67 0.48 0.493 0.806 0.517 0.565 1.315 0 0 0 0 0 0
1989-05-02T04:30:00 1989 5 2 4 30 0 -0.04 -0.13 450.1 9.45 3.57 0.01 0.29 0.28 0 0 0 0 0 0 0 0 3.7 3.4 -49.0 -1.26 -0.92 -1.94 -1.9 -0.96 -0.67 0.479 0.493 0.8 0.515 0.564 1.315 0 0 0 0 0 0
1989-05-02T05:30:00 1989 5 2 5 30 0 -0.04 -0.13 450.0 9.45 3.57 0.01 0.29 0.28 0 0 0 0 0 0 0 0 3.7 3.46 -48.0 -1.26 -0.92 -1.94 -1.9 -0.96 -0.67 0.478 0.492 0.794 0.515 0.564 1.314 0 0 0 0 0 0
1989-05-02T06:30:00 1989 5 2 6 30 0 -0.04 -0.13 449.9 9.44 3.57 0.01 0.29 0.28 0 0 0 0 0 0 0 0 3.7 3.51 -51.0 -1.26 -0.92 -1.94 -1.9 -0.96 -0.66 0.478 0.492 0.788 0.514 0.564 1.309 0 0 0 0 0 0
1989-05-02T07:30:00 1989 5 2 7 30 0 -0.04 -0.13 449.9 9.44 3.57 0.01 0.29 0.28 0 0 0 0 0 0 0 0 3.7 3.56 -47.0 -1.26 -0.92 -1.94 -1.9 -0.95 -0.66 0.477 0.492 0.782 0.514 0.562 1.304 0 0 0 0 0 0
1989-05-02T08:30:00 1989 5 2 8 30 0 -0.04 -0.13 449.8 9.44 3.57 0.01 0.29 0.28 0 0 0 0 0 0 0 0 3.7 3.6 -46.0 -1.26 -0.92 -1.94 -1.89 -0.95 -0.66 0.477 0.492 0.777 0.512 0.56 1.302 0 0 0 0 0 0
1989-05-02T09:30:00 1989 5 2 9 30 0 -0.04 -0.13 449.7 9.44 3.57 0.01 0.29 0.28 0 0 0 0 0 0 0 0 2.3 3.47 -41.0 -1.26 -0.92 -1.94 -1.89 -0.95 -0.66 0.477 0.492 0.772 0.511 0.56 1.301 0 0 0 0 0 0
1989-05-02T10:30:00 1989 5 2 10 30 0 -0.04 -0.13 449.6 9.44 3.57 0.01 0.29 0.28 0 0 0 0 0 0 0 0 2.3 3.34 -43.0 -1.25 -0.92 -1.93 -1.89 -0.95 -0.66 0.476 0.492 0.767 0.51 0.559 1.3 0 0 0 0 0 0
1989-05-02T11:30:00 1989 5 2 11 30 0 -0.04 -0.13 449.6 9.44 3.56 0.01 0.29 0.28 0 0 0 0 0 0 0 0 2.3 3.16 -38.0 -1.25 -0.92 -1.93 -1.89 -0.95 -0.66 0.475 0.492 0.761 0.51 0.559 1.299 0 0 0 0 0 0
1989-05-02T12:30:00 1989 5 2 12 30 0 -0.04 -0.13 449.5 9.44 3.56 0.01 0.29 0.28 0 0 0 0 0 0 0 0 2.7 3.03 -35.0 -1.25 -0.91 -1.93 -1.89 -0.95 -0.66 0.474 0.49 0.756 0.51 0.559 1.299 0 0 0 0 0 0
1989-05-02T13:30:00 1989 5 2 13 30 0 -0.04 -0.13 449.4 9.44 3.56 0.01 0.29 0.28 0 0 0 0 0 0 0 0 2.7 2.91 -33.0 -1.25 -0.91 -1.93 -1.89 -0.95 -0.66 0.474 0.489 0.752 0.509 0.559 1.298 0 0 0 0 0 0
1989-05-02T14:30:00 1989 5 2 14 30 0 -0.04 -0.13 449.4 9.43 3.56 0.01 0.29 0.28 0 0 0 0 0 0 0 0 2.7 2.79 -37.0 -1.25 -0.91 -1.93 -1.88 -0.95 -0.66 0.473 0.489 0.747 0.508 0.559 1.297 0 0 0 0 0 0
1989-05-02T15:30:00 1989 5 2 15 30 0 -0.04 -0.13 449.3 9.43 3.56 0.01 0.29 0.28 0 0 0 0 0 0 0 0 3.3 2.75 -40.0 -1.25 -0.91 -1.93 -1.88 -0.95 -0.66 0.473 0.488 0.742 0.507 0.558 1.296 0 0 0 0 0 0
1989-05-02T16:30:00 1989 5 2 16 30 0 -0.05 -0.13 449.2 9.43 3.56 0.01 0.29 0.28 0 0 0 0 0 0 0 0 3.3 2.71 -41.0 -1.25 -0.91 -1.92 -1.88 -0.95 -0.66 0.473 0.488 0.738 0.506 0.558 1.295 0 0 0 0 0 0
1989-05-02T17:30:00 1989 5 2 17 30 0 -0.05 -0.13 449.2 9.43 3.56 0.01 0.29 0.28 0 0 0 0 0 0 0 0 3.3 2.84 -40.0 -1.25 -0.91 -1.92 -1.88 -0.94 -0.66 0.473 0.488 0.733 0.506 0.556 1.295 0 0 0 0 0 0
1989-05-02T18:30:00 1989 5 2 18 30 0 -0.05 -0.13 449.1 9.43 3.55 0.01 0.29 0.28 0 0 0 0 0 0 0 0 4.3 3.09 -46.0 -1.24 -0.91 -1.92 -1.88 -0.94 -0.66 0.472 0.488 0.729 0.505 0.555 1.294 0 0 0 0 0 0
1989-05-02T19:30:00 1989 5 2 19 30 0 -0.05 -0.13 449.0 9.43 3.55 0.01 0.29 0.28 0 0 0 0 0 0 0 0 4.3 3.34 -46.0 -1.24 -0.91 -1.92 -1.88 -0.94 -0.66 0.471 0.488 0.725 0.505 0.554 1.294 0 0 0 0 0 0
1989-05-02T20:30:00 1989 5 2 20 30 0 -0.05 -0.12 449.0 9.43 3.55 0.0 0.28 0.26 0 0 0 0 0 0 0 0 4.3 3.54 -37.0 -1.24 -0.91 -1.92 -1.87 -0.94 -0.65 0.47 0.488 0.721 0.504 0.554 1.289 0 0 0 0 0 0
1989-05-02T21:30:00 1989 5 2 21 30 0 -0.05 -0.12 448.9 9.43 3.55 0.0 0.27 0.25 0 0 0 0 0 0 0 0 3.0 3.57 -45.0 -1.24 -0.91 -1.91 -1.87 -0.94 -0.65 0.47 0.488 0.717 0.503 0.554 1.285 0 0 0 0 0 0
1989-05-02T22:30:00 1989 5 2 22 30 0 -0.05 -0.12 448.8 9.42 3.55 0.0 0.27 0.25 0 0 0 0 0 0 0 0 3.0 3.6 -44.0 -1.24 -0.91 -1.91 -1.87 -0.94 -0.65 0.469 0.488 0.713 0.502 0.553 1.282 0 0 0 0 0 0
1989-05-02T23:30:00 1989 5 2 23 30 0 -0.05 -0.12 448.8 9.42 3.55 0.0 0.27 0.25 0 0 0 0 0 0 0 0 3.0 3.56 -37.0 -1.24 -0.9 -1.91 -1.87 -0.94 -0.65 0.469 0.486 0.709 0.501 0.553 1.281 0 0 0 0 0 0
