1989-10-17T00:30:00 1989 10 17 0 30 0 5.2 -4.5 377.0 9.3 2.85 5.96 5.6 5.1 2 2 2 2 2 2 2 2 3.0 2.51 -8.0 -4.5 -4.5 -4.5 -4.5 -4.5 -4.5 0.518 0.708 0.423 0.466 0.787 1.413 2 2 1 2 2 2
1989-10-17T01:30:00 1989 10 17 1 30 0 6.5 -3.0 377.7 8.7 2.61 6.54 6.96 6.26 2 2 1 1 1 2 2 1 3.0 2.51 -17.0 -3.0 -3.0 -3.0 -3.0 -3.0 -3.0 0.67 0.92 0.436 0.651 0.932 1.698 2 1 1 1 1 1
1989-10-17T02:30:00 1989 10 17 2 30 0 6.95 -3.9 378.3 8.1 2.36 7.15 6.59 5.51 1 1 1 1 1 1 1 1 3.0 2.56 -22.0 -3.9 -3.9 -3.9 -3.9 -3.9 -3.9 0.77 1.021 0.449 0.757 0.988 1.748 1 1 1 1 1 1
1989-10-17T03:30:00 1989 10 17 3 30 0 7.4 -4.8 379.0 7.5 2.12 9.21 8.31 6.45 2 2 2 2 2 2 2 2 3.3 2.64 -23.0 -4.8 -4.8 -4.8 -4.8 -4.8 -4.8 0.895 1.141 0.47 0.933 1.098 1.796 2 2 1 2 2 2
1989-10-17T04:30:00 1989 10 17 4 30 0 7.2 -3.5 370.0 7.0 1.99 8.72 7.67 5.55 2 2 2 2 2 2 2 2 3.3 2.72 -30.0 -3.5 -3.5 -3.5 -3.5 -3.5 -3.5 0.928 1.122 0.484 0.93 1.013 1.615 2 2 1 2 2 2
1989-10-17T05:30:00 1989 10 17 5 30 0 4.8 -2.5 361.0 7.5 2.11 5.31 5.4 3.92 2 2 2 2 2 2 2 2 3.3 2.88 -33.0 -2.5 -2.5 -2.5 -2.5 -2.5 -2.5 0.867 1.006 0.486 0.782 0.836 1.381 2 2 1 2 2 2
1989-10-17T06:30:00 1989 10 17 6 30 0 8.7 -3.2 382.0 7.7 2.18 6.44 5.37 4.09 2 2 2 2 2 2 2 2 3.0 3.0 -32.0 -3.2 -3.2 -3.2 -3.2 -3.2 -3.2 0.844 0.977 0.49 0.731 0.847 1.41 2 2 1 2 2 2
1989-10-17T07:30:00 1989 10 17 7 30 0 9.1 -3.5 380.0 7.1 2.02 9.72 6.4 4.72 2 2 2 2 2 2 2 2 3.0 3.11 -33.0 -3.5 -3.5 -3.5 -3.5 -3.5 -3.5 0.86 0.997 0.499 0.758 0.904 1.455 2 2 2 2 2 2
1989-10-17T08:30:00 1989 10 17 8 30 0 5.6 -4.9 358.0 7.8 2.2 8.8 7.82 5.86 2 2 2 2 2 2 2 2 3.0 3.11 -33.0 -4.9 -4.9 -4.9 -4.9 -4.9 -4.9 0.938 1.115 0.515 0.898 1.015 1.558 2 2 2 2 2 2
1989-10-17T09:30:00 1989 10 17 9 30 0 1.0 -5.5 345.0 8.2 2.07 6.47 9.17 7.35 2 2 2 2 2 2 2 2 3.0 3.11 -30.0 -5.5 -5.5 -5.5 -5.5 -5.5 -5.5 1.047 1.266 0.535 1.082 1.106 1.669 2 2 2 2 2 2
1989-10-17T10:30:00 1989 10 17 10 30 0 6.2 -3.9 339.0 9.1 2.24 5.77 7.92 6.86 2 2 2 2 2 2 2 2 3.0 3.11 -31.0 -3.9 -3.9 -3.9 -3.9 -3.9 -3.9 1.068 1.279 0.547 1.068 1.032 1.668 2 2 2 2 2 2
1989-10-17T11:30:00 1989 10 17 11 30 0 4.6 -4.3 342.0 8.5 2.12 5.99 7.01 6.15 2 2 2 2 2 2 2 2 3.0 3.07 -25.0 -4.3 -4.3 -4.3 -4.3 -4.3 -4.3 1.061 1.26 0.556 1.023 0.987 1.627 2 2 2 2 2 2
1989-10-17T12:30:00 1989 10 17 12 30 0 6.2 -1.1 336.0 6.9 1.86 4.14 4.36 3.4 2 2 2 2 2 2 2 2 2.3 2.94 -26.0 -1.1 -1.1 -1.1 -1.1 -1.1 -1.1 0.9 0.99 0.551 0.749 0.676 1.188 2 2 2 2 2 2
1989-10-17T13:30:00 1989 10 17 13 30 0 6.0 0.3 333.0 7.1 1.94 2.61 0.65 0.45 2 2 2 2 2 2 2 2 2.3 2.82 -28.0 0.3 0.3 0.3 0.3 0.3 0.3 0.635 0.559 0.535 0.432 0.273 0.6 2 2 2 2 2 2
1989-10-17T14:30:00 1989 10 17 14 30 0 7.7 -0.2 355.0 7.9 2.0 3.12 0.09 0.07 2 2 2 2 2 2 2 2 2.3 2.73 -25.0 -0.2 -0.2 -0.2 -0.2 -0.2 -0.2 0.439 0.314 0.519 0.245 0.128 0.338 2 2 2 2 2 2
1989-10-17T15:30:00 1989 10 17 15 30 0 1.7 0.4 339.0 8.2 2.01 1.52 0.04 0.04 2 2 2 2 2 2 2 2 2.0 2.6 -24.0 0.4 0.4 0.4 0.4 0.4 0.4 0.299 0.162 0.503 0.138 0.045 0.155 2 2 2 2 2 2
1989-10-17T16:30:00 1989 10 17 16 30 0 -4.2 0.9 341.0 8.4 2.06 0.24 0.0 0.0 2 2 2 2 2 2 2 2 2.0 2.48 -24.0 0.9 0.9 0.9 0.9 0.9 0.9 0.202 0.08 0.487 0.077 0.014 0.064 2 2 2 2 2 2
1989-10-17T17:30:00 1989 10 17 17 30 0 -4.5 1.5 342.0 8.5 2.06 0.87 0.0 0.0 2 2 2 2 2 2 2 2 2.0 2.35 -22.0 1.5 1.5 1.5 1.5 1.5 1.5 0.137 0.04 0.473 0.043 0.005 0.027 2 2 2 2 2 2
1989-10-17T18:30:00 1989 10 17 18 30 0 1.2 -1.9 330.0 7.5 1.88 0.43 1.02 0.78 2 2 2 2 2 2 2 2 2.7 2.32 -18.0 -1.9 -1.9 -1.9 -1.9 -1.9 -1.9 0.168 0.209 0.461 0.086 0.206 0.305 2 2 2 2 2 2
1989-10-17T19:30:00 1989 10 17 19 30 0 4.5 -1.9 334.0 7.7 1.86 1.67 3.16 2.4 2 2 2 2 2 2 2 2 2.7 2.29 -15.0 -1.9 -1.9 -1.9 -1.9 -1.9 -1.9 0.273 0.45 0.455 0.19 0.415 0.618 2 2 2 2 2 2
1989-10-17T20:30:00 1989 10 17 20 30 0 5.4 -1.4 335.0 7.8 1.85 2.7 2.72 2.11 2 2 2 2 2 2 2 2 2.7 2.34 -11.0 -1.4 -1.4 -1.4 -1.4 -1.4 -1.4 0.321 0.529 0.448 0.218 0.439 0.714 2 2 2 2 2 2
1989-10-17T21:30:00 1989 10 17 21 30 0 6.1 -1.8 343.0 8.0 1.93 3.37 2.74 2.17 2 2 2 2 2 2 2 2 1.7 2.26 -7.0 -1.8 -1.8 -1.8 -1.8 -1.8 -1.8 0.364 0.587 0.442 0.248 0.478 0.808 2 2 2 2 2 2
1989-10-17T22:30:00 1989 10 17 22 30 0 5.1 -3.7 348.0 7.2 1.96 4.54 4.89 3.68 2 2 2 2 2 2 2 2 1.7 2.19 -5.0 -3.7 -3.7 -3.7 -3.7 -3.7 -3.7 0.491 0.766 0.444 0.414 0.672 1.013 2 2 2 2 2 2
1989-10-17T23:30:00 1989 10 17 23 30 0 6.2 -0.9 339.0 7.1 1.73 3.95 3.76 2.69 2 2 2 2 2 2 2 2 1.7 2.14 -7.0 -0.9 -0.9 -0.9 -0.9 -0.9 -0.9 0.487 0.698 0.44 0.373 0.536 0.872 2 2 2 2 2 2
