1989-06-10T00:30:00 1989 6 10 0 30 0 -0.15 -0.37 411.8 6.02 2.11 0.04 0.76 0.46 0 0 0 0 0 0 0 0 5.3 4.69 -84.0 -1.42 -1.09 -2.02 -1.99 -1.12 -0.82 0.414 0.441 0.439 0.404 0.453 0.661 0 0 0 0 0 0
1989-06-10T01:30:00 1989 6 10 1 30 0 -0.15 -0.37 411.8 6.02 2.11 0.04 0.76 0.46 0 0 0 0 0 0 0 0 5.3 4.94 -85.0 -1.42 -1.09 -2.02 -1.98 -1.12 -0.82 0.413 0.441 0.439 0.403 0.453 0.661 0 0 0 0 0 0
1989-06-10T02:30:00 1989 6 10 2 30 0 -0.15 -0.37 411.7 6.02 2.11 0.04 0.76 0.46 0 0 0 0 0 0 0 0 5.3 5.06 -89.0 -1.42 -1.09 -2.02 -1.98 -1.12 -0.82 0.413 0.441 0.439 0.402 0.453 0.661 0 0 0 0 0 0
1989-06-10T03:30:00 1989 6 10 3 30 0 -0.15 -0.37 411.7 6.02 2.11 0.04 0.76 0.46 0 0 0 0 0 0 0 0 5.7 5.23 -88.0 -1.42 -1.08 -2.02 -1.98 -1.12 -0.82 0.413 0.44 0.439 0.402 0.452 0.66 0 0 0 0 0 0
1989-06-10T04:30:00 1989 6 10 4 30 0 -0.15 -0.37 411.6 6.02 2.11 0.04 0.76 0.46 0 0 0 0 0 0 0 0 5.7 5.4 -103.0 -1.42 -1.08 -2.02 -1.98 -1.12 -0.82 0.413 0.439 0.439 0.401 0.452 0.66 0 0 0 0 0 0
1989-06-10T05:30:00 1989 6 10 5 30 0 -0.15 -0.37 411.6 6.02 2.11 0.04 0.76 0.46 0 0 0 0 0 0 0 0 5.7 5.46 -109.0 -1.42 -1.08 -2.02 -1.98 -1.12 -0.82 0.413 0.439 0.439 0.401 0.452 0.66 0 0 0 0 0 0
1989-06-10T06:30:00 1989 6 10 6 30 0 -0.15 -0.37 411.6 6.02 2.11 0.04 0.76 0.46 0 0 0 0 0 0 0 0 5.3 5.45 -91.0 -1.42 -1.08 -2.02 -1.98 -1.12 -0.81 0.413 0.438 0.439 0.401 0.452 0.658 0 0 0 0 0 0
1989-06-10T07:30:00 1989 6 10 7 30 0 -0.15 -0.37 411.5 6.02 2.11 0.04 0.76 0.46 0 0 0 0 0 0 0 0 5.3 5.45 -96.0 -1.42 -1.08 -2.02 -1.98 -1.12 -0.81 0.413 0.438 0.439 0.401 0.452 0.657 0 0 0 0 0 0
1989-06-10T08:30:00 1989 6 10 8 30 0 -0.15 -0.37 411.5 6.02 2.1 0.04 0.76 0.46 0 0 0 0 0 0 0 0 5.3 5.45 -94.0 -1.42 -1.08 -2.02 -1.98 -1.12 -0.81 0.413 0.438 0.438 0.401 0.452 0.656 0 0 0 0 0 0
1989-06-10T09:30:00 1989 6 10 9 30 0 -0.15 -0.37 411.4 6.01 2.1 0.04 0.76 0.46 0 0 0 0 0 0 0 0 5.7 5.5 -97.0 -1.42 -1.08 -2.02 -1.98 -1.12 -0.81 0.413 0.438 0.438 0.401 0.452 0.655 0 0 0 0 0 0
1989-06-10T10:30:00 1989 6 10 10 30 0 -0.15 -0.37 411.4 6.01 2.1 0.04 0.76 0.46 0 0 0 0 0 0 0 0 5.7 5.55 -105.0 -1.41 -1.08 -2.02 -1.98 -1.12 -0.81 0.412 0.438 0.438 0.401 0.452 0.654 0 0 0 0 0 0
1989-06-10T11:30:00 1989 6 10 11 30 0 -0.15 -0.37 413.3 6.01 2.1 0.04 0.76 0.46 0 0 1 0 0 0 1 0 5.7 5.55 -104.0 -1.41 -1.08 -2.01 -1.98 -1.12 -0.81 0.412 0.438 0.438 0.401 0.453 0.657 0 0 0 0 0 0
1989-06-10T12:30:00 1989 6 10 12 30 0 -0.15 -0.37 417.1 6.01 2.1 0.04 0.77 0.46 0 0 1 0 0 0 1 0 6.7 5.68 -104.0 -1.41 -1.08 -2.01 -1.98 -1.11 -0.81 0.412 0.438 0.438 0.403 0.456 0.665 0 0 0 0 0 0
1989-06-10T13:30:00 1989 6 10 13 30 0 -0.15 -0.37 420.9 6.01 2.1 0.04 0.78 0.47 0 0 1 0 0 0 1 0 6.7 5.82 -116.0 -1.41 -1.08 -2.01 -1.98 -1.11 -0.81 0.414 0.439 0.439 0.406 0.461 0.677 0 0 0 0 0 0
1989-06-10T14:30:00 1989 6 10 14 30 0 -0.15 -0.36 424.7 6.01 2.1 0.04 0.77 0.46 0 0 1 0 0 0 1 0 6.7 5.99 -129.0 -1.41 -1.08 -2.01 -1.98 -1.11 -0.81 0.416 0.439 0.439 0.41 0.467 0.691 0 0 0 0 0 0
1989-06-10T15:30:00 1989 6 10 15 30 0 -0.15 -0.36 428.5 6.01 2.1 0.04 0.77 0.46 0 0 1 0 0 0 1 0 7.0 6.21 -142.0 -1.41 -1.08 -2.01 -1.98 -1.11 -0.81 0.418 0.44 0.44 0.414 0.474 0.706 0 0 0 0 0 0
1989-06-10T16:30:00 1989 6 10 16 30 0 -0.15 -0.36 432.3 6.01 2.1 0.04 0.78 0.47 0 0 1 0 0 0 1 0 7.0 6.42 -138.0 -1.41 -1.08 -2.01 -1.98 -1.11 -0.81 0.42 0.441 0.441 0.419 0.481 0.721 0 0 0 0 0 0
1989-06-10T17:30:00 1989 6 10 17 30 0 -0.15 -0.36 436.1 6.01 2.1 0.04 0.78 0.47 0 0 1 0 0 0 1 0 7.0 6.58 -136.0 -1.41 -1.08 -2.01 -1.98 -1.11 -0.81 0.423 0.441 0.443 0.423 0.488 0.736 0 0 0 0 0 0
1989-06-10T18:30:00 1989 6 10 18 30 0 -0.15 -0.36 440.0 6.01 2.1 0.04 0.79 0.47 0 0 1 0 0 0 1 0 6.3 6.64 -124.0 -1.41 -1.08 -2.01 -1.98 -1.11 -0.81 0.426 0.442 0.445 0.428 0.494 0.752 0 0 0 0 0 0
1989-06-10T19:30:00 1989 6 10 19 30 0 -0.15 -0.36 443.8 6.0 2.09 0.04 0.8 0.48 0 0 1 0 0 0 1 0 6.3 6.71 -120.0 -1.41 -1.08 -2.01 -1.98 -1.11 -0.81 0.429 0.443 0.447 0.433 0.501 0.767 0 0 0 0 0 0
1989-06-10T20:30:00 1989 6 10 20 30 0 -0.15 -0.36 447.6 6.0 2.09 0.04 0.8 0.48 0 0 1 0 0 0 1 0 6.3 6.66 -118.0 -1.41 -1.08 -2.01 -1.98 -1.11 -0.81 0.432 0.443 0.449 0.437 0.508 0.782 0 0 0 0 0 0
1989-06-10T21:30:00 1989 6 10 21 30 0 -0.15 -0.36 451.4 6.0 2.09 0.04 0.81 0.49 0 0 1 0 0 0 1 0 4.7 6.39 -117.0 -1.41 -1.08 -2.01 -1.97 -1.11 -0.81 0.434 0.444 0.451 0.441 0.515 0.798 0 0 0 0 0 0
1989-06-10T22:30:00 1989 6 10 22 30 0 -0.15 -0.36 455.3 6.0 2.09 0.04 0.82 0.49 0 0 1 0 0 0 1 0 4.7 6.14 -104.0 -1.41 -1.07 -2.01 -1.97 -1.11 -0.81 0.437 0.444 0.454 0.445 0.522 0.815 0 0 0 0 0 0
1989-06-10T23:30:00 1989 6 10 23 30 0 -0.15 -0.36 459.1 6.0 2.09 0.04 0.82 0.49 0 0 1 0 0 0 1 0 4.7 5.85 -90.0 -1.41 -1.07 -2.01 -1.97 -1.11 -0.81 0.44 0.443 0.457 0.449 0.529 0.831 0 0 0 0 0 0
