1989-08-02T00:30:00 1989 8 2 0 30 0 -2.8 -2.5 388.0 9.8 3.0 3.22 4.93 4.15 2 2 2 2 2 2 2 2 2.7 2.06 18.0 -2.5 -2.5 -2.5 -2.5 -2.5 -2.5 0.54 0.805 0.153 0.487 0.785 1.351 2 2 1 2 2 2
1989-08-02T01:30:00 1989 8 2 1 30 0 2.8 -2.7 381.0 10.3 3.1 1.86 5.01 5.05 2 2 2 2 2 2 2 2 2.7 2.19 15.0 -2.7 -2.7 -2.7 -2.7 -2.7 -2.7 0.63 0.903 0.168 0.563 0.866 1.745 2 2 1 2 2 2
1989-08-02T02:30:00 1989 8 2 2 30 0 -0.2 1.7 391.0 10.4 3.23 0.52 1.38 1.42 2 2 2 2 2 2 2 2 2.7 2.31 10.0 1.7 1.7 1.7 1.7 1.7 1.7 0.478 0.554 0.166 0.354 0.383 0.998 2 2 1 2 2 2
1989-08-02T03:30:00 1989 8 2 3 30 0 -2.2 0.4 391.0 9.9 3.15 0.09 0.0 0.0 2 2 2 2 2 2 2 2 1.7 2.3 13.0 0.4 0.4 0.4 0.4 0.4 0.4 0.324 0.275 0.161 0.198 0.121 0.414 2 2 1 2 2 2
1989-08-02T04:30:00 1989 8 2 4 30 0 -3.3 -1.8 384.0 10.8 3.31 1.05 1.57 1.66 2 2 2 2 2 2 2 2 1.7 2.29 14.0 -1.8 -1.8 -1.8 -1.8 -1.8 -1.8 0.337 0.409 0.162 0.211 0.386 0.94 2 2 1 2 2 2
1989-08-02T05:30:00 1989 8 2 5 30 0 -1.8 -2.7 384.0 10.2 3.09 1.97 4.39 4.59 2 2 2 2 2 2 2 2 1.7 2.22 10.0 -2.7 -2.7 -2.7 -2.7 -2.7 -2.7 0.474 0.682 0.174 0.38 0.713 1.56 2 2 1 2 2 2
1989-08-02T06:30:00 1989 8 2 6 30 0 -1.5 1.3 397.0 9.8 3.17 0.57 1.55 1.56 2 2 2 2 2 2 2 2 2.3 2.22 3.0 1.3 1.3 1.3 1.3 1.3 1.3 0.38 0.456 0.173 0.258 0.349 0.945 2 2 1 2 2 2
1989-08-02T07:30:00 1989 8 2 7 30 0 -2.0 2.5 392.0 9.3 2.89 0.08 0.0 0.0 2 2 2 2 2 2 2 2 2.3 2.22 3.0 2.5 2.5 2.5 2.5 2.5 2.5 0.257 0.226 0.168 0.144 0.111 0.392 2 2 1 2 2 2
1989-08-02T08:30:00 1989 8 2 8 30 0 -2.1 2.9 388.0 9.0 2.72 0.08 0.0 0.0 2 2 2 2 2 2 2 2 2.3 2.17 6.0 2.9 2.9 2.9 2.9 2.9 2.9 0.174 0.112 0.162 0.081 0.035 0.163 2 2 1 2 2 2
1989-08-02T09:30:00 1989 8 2 9 30 0 -2.9 2.2 374.0 9.4 2.64 0.16 0.0 0.0 2 2 2 2 2 2 2 2 1.0 1.96 9.0 2.2 2.2 2.2 2.2 2.2 2.2 0.118 0.056 0.157 0.045 0.011 0.067 2 2 1 2 2 2
1989-08-02T10:30:00 1989 8 2 10 30 0 -3.1 1.2 376.0 9.5 2.63 0.34 0.0 0.0 2 2 2 2 2 2 2 2 1.0 1.74 11.0 1.2 1.2 1.2 1.2 1.2 1.2 0.08 0.028 0.153 0.025 0.004 0.028 2 2 1 2 2 2
1989-08-02T11:30:00 1989 8 2 11 30 0 -3.2 1.1 371.0 8.9 2.41 0.46 0.0 0.0 2 2 2 2 2 2 2 2 1.0 1.65 7.0 1.1 1.1 1.1 1.1 1.1 1.1 0.054 0.014 0.148 0.014 0.001 0.012 2 2 1 2 2 2
1989-08-02T12:30:00 1989 8 2 12 30 0 -4.4 3.0 341.0 8.0 1.86 0.51 0.0 0.0 2 2 2 2 2 2 2 2 0.7 1.52 1.0 3.0 3.0 3.0 3.0 3.0 3.0 0.037 0.007 0.143 0.008 0.0 0.005 2 2 1 2 2 2
1989-08-02T13:30:00 1989 8 2 13 30 0 -4.3 2.3 339.0 8.3 1.94 0.58 0.0 0.0 2 2 2 2 2 2 2 2 0.7 1.39 0.0 2.3 2.3 2.3 2.3 2.3 2.3 0.025 0.003 0.139 0.004 0.0 0.002 2 2 1 2 2 2
1989-08-02T14:30:00 1989 8 2 14 30 0 -1.8 2.6 339.0 8.6 1.92 0.25 0.0 0.0 2 2 2 2 2 2 2 2 0.7 1.2 5.0 2.6 2.6 2.6 2.6 2.6 2.6 0.017 0.002 0.135 0.002 0.0 0.001 2 2 1 2 2 2
1989-08-02T15:30:00 1989 8 2 15 30 0 -3.2 2.8 337.0 9.0 1.95 0.14 0.0 0.0 2 2 2 2 2 2 2 2 0.7 1.0 13.0 2.8 2.8 2.8 2.8 2.8 2.8 0.011 0.001 0.131 0.001 0.0 0.0 2 2 1 2 2 2
1989-08-02T16:30:00 1989 8 2 16 30 0 -3.4 1.5 337.0 8.6 1.92 0.34 0.0 0.0 2 2 2 2 2 2 2 2 0.7 0.81 19.0 1.5 1.5 1.5 1.5 1.5 1.5 0.008 0.0 0.127 0.001 0.0 0.0 2 2 1 2 2 2
1989-08-02T17:30:00 1989 8 2 17 30 0 -3.2 -0.7 339.0 9.3 2.09 0.68 0.24 0.22 2 2 2 2 2 2 2 2 0.7 0.77 19.0 -0.7 -0.7 -0.7 -0.7 -0.7 -0.7 0.031 0.081 0.124 0.015 0.09 0.177 2 2 1 2 2 2
1989-08-02T18:30:00 1989 8 2 18 30 0 -3.0 -0.5 339.0 10.3 2.32 0.89 1.0 0.98 2 2 2 2 2 2 2 2 1.0 0.78 15.0 -0.5 -0.5 -0.5 -0.5 -0.5 -0.5 0.084 0.214 0.122 0.043 0.201 0.454 2 2 1 2 2 2
1989-08-02T19:30:00 1989 8 2 19 30 0 -4.1 0.7 346.0 10.1 2.37 0.85 0.14 0.15 2 2 2 2 2 2 2 2 1.0 0.78 12.0 0.7 0.7 0.7 0.7 0.7 0.7 0.062 0.123 0.118 0.026 0.077 0.228 2 2 1 2 2 2
1989-08-02T20:30:00 1989 8 2 20 30 0 -4.0 1.4 346.0 12.0 2.87 0.78 0.0 0.0 2 2 2 2 2 2 2 2 1.0 0.82 10.0 1.4 1.4 1.4 1.4 1.4 1.4 0.042 0.061 0.115 0.014 0.024 0.095 2 2 1 2 2 2
1989-08-02T21:30:00 1989 8 2 21 30 0 -1.8 1.7 354.0 15.0 3.76 0.3 0.0 0.0 2 2 2 2 2 2 2 2 1.7 0.95 9.0 1.7 1.7 1.7 1.7 1.7 1.7 0.029 0.03 0.111 0.008 0.008 0.039 2 2 1 2 2 2
1989-08-02T22:30:00 1989 8 2 22 30 0 -0.8 2.6 354.0 20.3 5.09 0.03 0.0 0.0 2 2 2 2 2 2 2 2 1.7 1.07 17.0 2.6 2.6 2.6 2.6 2.6 2.6 0.019 0.015 0.108 0.005 0.002 0.016 2 2 1 2 2 2
1989-08-02T23:30:00 1989 8 2 23 30 0 -3.5 -0.6 356.0 23.0 5.83 0.37 0.15 0.34 2 2 2 2 2 2 2 2 1.7 1.2 25.0 -0.6 -0.6 -0.6 -0.6 -0.6 -0.6 0.04 0.093 0.105 0.02 0.102 0.446 2 2 1 2 2 2
