1989-05-25T00:30:00 1989 5 25 0 30 0 -0.14 -0.3 624.2 7.37 2.66 0.04 0.94 0.7 0 0 1 0 0 0 1 0 4.7 5.64 -61.0 -1.29 -0.99 -1.87 -1.83 -1.02 -0.74 0.591 0.49 1.282 0.685 0.914 2.296 0 0 1 0 0 0
1989-05-25T01:30:00 1989 5 25 1 30 0 -0.14 -0.3 613.9 7.36 2.66 0.04 0.93 0.68 0 0 1 0 0 0 1 0 4.7 5.44 -63.0 -1.29 -0.99 -1.87 -1.83 -1.02 -0.74 0.584 0.489 1.276 0.672 0.891 2.206 0 0 1 0 0 0
1989-05-25T02:30:00 1989 5 25 2 30 0 -0.14 -0.3 603.7 7.36 2.65 0.04 0.91 0.67 0 0 1 0 0 0 1 0 4.7 5.31 -69.0 -1.3 -0.99 -1.87 -1.83 -1.02 -0.74 0.577 0.487 1.269 0.658 0.867 2.118 0 0 1 0 0 0
1989-05-25T03:30:00 1989 5 25 3 30 0 -0.14 -0.3 593.4 7.35 2.65 0.04 0.9 0.66 0 0 1 0 0 0 1 0 3.7 5.05 -68.0 -1.3 -0.99 -1.87 -1.84 -1.02 -0.75 0.571 0.486 1.261 0.646 0.844 2.038 0 0 1 0 0 0
1989-05-25T04:30:00 1989 5 25 4 30 0 -0.14 -0.3 583.2 7.34 2.65 0.04 0.88 0.65 0 0 1 0 0 0 1 0 3.7 4.8 -65.0 -1.3 -0.99 -1.87 -1.84 -1.02 -0.75 0.564 0.484 1.252 0.633 0.821 1.958 0 0 1 0 0 0
1989-05-25T05:30:00 1989 5 25 5 30 0 -0.14 -0.3 572.9 7.34 2.65 0.04 0.87 0.64 0 0 1 0 0 0 1 0 3.7 4.55 -61.0 -1.3 -0.99 -1.87 -1.84 -1.02 -0.75 0.556 0.483 1.242 0.62 0.798 1.878 0 0 1 0 0 0
1989-05-25T06:30:00 1989 5 25 6 30 0 -0.14 -0.3 562.7 7.33 2.65 0.04 0.85 0.62 0 0 1 0 0 0 1 0 4.0 4.34 -65.0 -1.3 -0.99 -1.87 -1.84 -1.02 -0.75 0.549 0.481 1.231 0.607 0.775 1.799 0 0 1 0 0 0
1989-05-25T07:30:00 1989 5 25 7 30 0 -0.14 -0.3 552.4 7.33 2.64 0.04 0.84 0.61 0 0 1 0 0 0 1 0 4.0 4.14 -61.0 -1.3 -0.99 -1.88 -1.84 -1.03 -0.75 0.541 0.479 1.22 0.594 0.755 1.722 0 0 1 0 0 0
1989-05-25T08:30:00 1989 5 25 8 30 0 -0.14 -0.3 542.1 7.32 2.64 0.03 0.82 0.6 0 0 1 0 0 0 1 0 4.0 4.06 -47.0 -1.3 -0.99 -1.88 -1.84 -1.03 -0.75 0.534 0.478 1.208 0.58 0.734 1.646 0 0 1 0 0 0
1989-05-25T09:30:00 1989 5 25 9 30 0 -0.14 -0.31 531.9 7.31 2.64 0.04 0.82 0.6 0 0 1 0 0 0 1 0 2.7 3.8 -46.0 -1.3 -1.0 -1.88 -1.84 -1.03 -0.75 0.526 0.477 1.195 0.567 0.713 1.571 0 0 1 0 0 0
1989-05-25T10:30:00 1989 5 25 10 30 0 -0.14 -0.31 521.6 7.31 2.64 0.04 0.82 0.6 0 0 1 0 0 0 1 0 2.7 3.55 -38.0 -1.3 -1.0 -1.88 -1.85 -1.03 -0.75 0.518 0.476 1.181 0.555 0.691 1.499 0 0 1 0 0 0
1989-05-25T11:30:00 1989 5 25 11 30 0 -0.14 -0.31 511.3 7.3 2.64 0.03 0.8 0.58 0 0 1 0 0 0 1 0 2.7 3.42 -32.0 -1.31 -1.0 -1.88 -1.85 -1.03 -0.75 0.511 0.475 1.167 0.542 0.67 1.429 0 0 1 0 0 0
1989-05-25T12:30:00 1989 5 25 12 30 0 -0.14 -0.31 501.1 7.3 2.64 0.03 0.78 0.57 0 0 1 0 0 0 1 0 4.0 3.47 -32.0 -1.31 -1.0 -1.88 -1.85 -1.03 -0.75 0.504 0.473 1.152 0.53 0.649 1.362 0 0 1 0 0 0
1989-05-25T13:30:00 1989 5 25 13 30 0 -0.14 -0.31 490.8 7.29 2.63 0.03 0.77 0.56 0 0 1 0 0 0 1 0 4.0 3.51 -33.0 -1.31 -1.0 -1.88 -1.85 -1.03 -0.75 0.496 0.471 1.137 0.517 0.628 1.296 0 0 1 0 0 0
1989-05-25T14:30:00 1989 5 25 14 30 0 -0.14 -0.31 480.5 7.28 2.63 0.03 0.75 0.55 0 0 1 0 0 0 1 0 4.0 3.52 -38.0 -1.31 -1.0 -1.89 -1.85 -1.03 -0.76 0.488 0.469 1.122 0.504 0.607 1.235 0 0 1 0 0 0
1989-05-25T15:30:00 1989 5 25 15 30 0 -0.14 -0.31 470.2 7.28 2.63 0.03 0.74 0.54 0 0 1 0 0 0 1 0 3.3 3.43 -41.0 -1.31 -1.0 -1.89 -1.85 -1.03 -0.76 0.481 0.468 1.105 0.491 0.586 1.175 0 0 1 0 0 0
1989-05-25T16:30:00 1989 5 25 16 30 0 -0.14 -0.31 460.0 7.27 2.63 0.03 0.72 0.52 0 0 1 0 0 0 1 0 3.3 3.35 -44.0 -1.31 -1.0 -1.89 -1.85 -1.04 -0.76 0.473 0.466 1.089 0.478 0.568 1.116 0 0 1 0 0 0
1989-05-25T17:30:00 1989 5 25 17 30 0 -0.14 -0.31 449.7 7.27 2.63 0.03 0.7 0.51 0 0 1 0 0 0 1 0 3.3 3.42 -40.0 -1.31 -1.0 -1.89 -1.85 -1.04 -0.76 0.465 0.464 1.072 0.465 0.549 1.058 0 0 1 0 0 0
1989-05-25T18:30:00 1989 5 25 18 30 0 -0.14 -0.31 439.4 7.26 2.62 0.03 0.69 0.5 0 0 1 0 0 0 1 0 4.3 3.62 -37.0 -1.31 -1.01 -1.89 -1.86 -1.04 -0.76 0.456 0.463 1.055 0.453 0.53 1.001 0 0 1 0 0 0
1989-05-25T19:30:00 1989 5 25 19 30 0 -0.14 -0.32 429.1 7.25 2.62 0.03 0.68 0.5 0 0 1 0 0 0 1 0 4.3 3.81 -40.0 -1.32 -1.01 -1.89 -1.86 -1.04 -0.76 0.449 0.462 1.037 0.441 0.51 0.946 0 0 1 0 0 0
1989-05-25T20:30:00 1989 5 25 20 30 0 -0.14 -0.32 424.0 7.25 2.62 0.03 0.68 0.49 0 0 0 0 0 0 0 0 4.3 3.86 -41.0 -1.32 -1.01 -1.89 -1.86 -1.04 -0.76 0.442 0.46 1.02 0.43 0.496 0.903 0 0 1 0 0 0
1989-05-25T21:30:00 1989 5 25 21 30 0 -0.14 -0.32 423.9 7.24 2.62 0.03 0.68 0.49 0 0 0 0 0 0 0 0 3.3 3.77 -40.0 -1.32 -1.01 -1.89 -1.86 -1.04 -0.76 0.437 0.459 1.003 0.424 0.489 0.88 0 0 1 0 0 0
1989-05-25T22:30:00 1989 5 25 22 30 0 -0.14 -0.32 423.9 7.24 2.62 0.03 0.68 0.49 0 0 0 0 0 0 0 0 3.3 3.68 -38.0 -1.32 -1.01 -1.9 -1.86 -1.04 -0.76 0.434 0.459 0.986 0.42 0.487 0.87 0 0 1 0 0 0
1989-05-25T23:30:00 1989 5 25 23 30 0 -0.14 -0.32 423.9 7.23 2.61 0.03 0.68 0.49 0 0 0 0 0 0 0 0 3.3 3.67 -39.0 -1.32 -1.01 -1.9 -1.86 -1.04 -0.76 0.431 0.459 0.97 0.417 0.486 0.865 0 0 1 0 0 0
