1989-06-01T00:30:00 1989 6 1 0 30 0 -0.12 -0.46 413.8 6.59 2.34 0.06 0.95 0.62 0 0 1 1 0 0 1 1 2.7 2.92 -19.0 -1.5 -1.16 -2.08 -2.05 -1.2 -0.89 0.458 0.484 0.413 0.43 0.488 0.76 0 0 1 0 0 0
1989-06-01T01:30:00 1989 6 1 1 30 0 -0.12 -0.46 419.3 7.01 2.35 0.06 0.96 0.65 0 0 1 1 1 0 1 1 2.7 2.92 -23.0 -1.5 -1.16 -2.08 -2.05 -1.2 -0.89 0.459 0.487 0.415 0.439 0.505 0.811 0 0 1 0 0 0
1989-06-01T02:30:00 1989 6 1 2 30 0 -0.69 -0.46 424.8 7.43 2.67 0.09 0.97 0.7 1 0 1 1 1 1 1 1 2.7 2.84 -25.0 -1.5 -1.17 -2.09 -2.05 -1.2 -0.89 0.465 0.497 0.418 0.453 0.527 0.889 0 0 1 0 0 0
1989-06-01T03:30:00 1989 6 1 3 30 0 -2.22 -0.47 430.4 7.85 2.99 0.35 1.0 0.76 1 0 1 1 1 1 1 1 2.7 2.77 -23.0 -1.5 -1.17 -2.09 -2.05 -1.2 -0.9 0.474 0.509 0.422 0.469 0.55 0.985 0 0 1 0 0 0
1989-06-01T04:30:00 1989 6 1 4 30 0 -3.76 -0.16 435.9 8.2 3.31 0.98 0.65 0.52 1 1 1 1 1 1 1 1 2.7 2.7 -21.0 -1.06 -0.77 -1.57 -1.54 -0.8 -0.54 0.457 0.478 0.423 0.439 0.504 0.975 0 0 1 0 1 1
1989-06-01T05:30:00 1989 6 1 5 30 0 -4.6 1.39 441.5 8.2 3.41 1.24 0.01 0.0 1 1 1 1 1 1 1 1 2.7 2.7 -14.0 1.2 1.26 1.09 1.1 1.25 1.31 0.323 0.256 0.412 0.264 0.183 0.438 0 1 1 0 1 1
1989-06-01T06:30:00 1989 6 1 6 30 0 -4.6 1.8 447.0 8.2 3.41 1.14 0.0 0.0 2 2 2 2 2 2 2 2 1.3 2.52 -10.0 1.8 1.8 1.8 1.8 1.8 1.8 0.218 0.127 0.4 0.148 0.058 0.181 0 1 1 0 1 1
1989-06-01T07:30:00 1989 6 1 7 30 0 -4.0 2.9 458.0 7.3 3.18 0.79 0.0 0.0 2 2 2 2 2 2 2 2 1.3 2.34 -8.0 2.9 2.9 2.9 2.9 2.9 2.9 0.148 0.063 0.387 0.083 0.018 0.075 0 1 1 0 1 1
1989-06-01T08:30:00 1989 6 1 8 30 0 -4.3 2.0 452.0 7.6 3.26 0.74 0.0 0.0 2 2 2 2 2 2 2 2 1.3 2.16 -6.0 2.0 2.0 2.0 2.0 2.0 2.0 0.1 0.031 0.376 0.046 0.006 0.031 0 1 1 0 1 1
1989-06-01T09:30:00 1989 6 1 9 30 0 -3.9 -0.1 453.0 7.3 3.13 1.14 0.02 0.01 2 2 2 2 2 2 2 2 2.3 2.11 -5.0 -0.1 -0.1 -0.1 -0.1 -0.1 -0.1 0.072 0.031 0.364 0.027 0.029 0.082 0 1 1 1 2 2
1989-06-01T10:30:00 1989 6 1 10 30 0 -5.0 3.1 470.0 7.2 3.31 1.15 0.0 0.0 2 2 2 2 2 2 2 2 2.3 2.07 -7.0 3.1 3.1 3.1 3.1 3.1 3.1 0.049 0.016 0.353 0.015 0.009 0.034 0 1 1 1 2 2
1989-06-01T11:30:00 1989 6 1 11 30 0 -5.8 -0.5 464.0 6.9 3.02 2.09 0.14 0.09 2 2 2 2 2 2 2 2 2.3 2.02 -7.0 -0.5 -0.5 -0.5 -0.5 -0.5 -0.5 0.051 0.053 0.343 0.02 0.086 0.173 1 2 1 1 2 2
1989-06-01T12:30:00 1989 6 1 12 30 0 1.6 4.0 468.0 5.7 2.5 0.56 0.02 0.02 2 2 2 2 2 2 2 2 2.3 1.98 -11.0 4.0 4.0 4.0 4.0 4.0 4.0 0.035 0.027 0.333 0.011 0.027 0.072 1 2 1 1 2 2
1989-06-01T13:30:00 1989 6 1 13 30 0 -3.3 0.9 457.0 5.3 2.26 0.14 0.0 0.0 2 2 2 2 2 2 2 2 2.3 1.94 -9.0 0.9 0.9 0.9 0.9 0.9 0.9 0.023 0.013 0.322 0.006 0.009 0.03 1 2 1 1 2 2
1989-06-01T14:30:00 1989 6 1 14 30 0 -3.6 2.1 446.0 5.4 2.28 0.6 0.0 0.0 2 2 2 2 2 2 2 2 2.3 2.06 -14.0 2.1 2.1 2.1 2.1 2.1 2.1 0.016 0.007 0.313 0.003 0.003 0.012 1 2 1 1 2 2
1989-06-01T15:30:00 1989 6 1 15 30 0 -3.9 -0.6 443.0 6.1 2.54 1.06 0.21 0.13 2 2 2 2 2 2 2 2 2.7 2.23 -15.0 -0.6 -0.6 -0.6 -0.6 -0.6 -0.6 0.03 0.052 0.304 0.015 0.084 0.139 2 2 1 2 2 2
1989-06-01T16:30:00 1989 6 1 16 30 0 -2.8 -2.7 430.0 6.2 2.33 2.24 3.78 2.33 2 2 2 2 2 2 2 2 2.7 2.4 -15.0 -2.7 -2.7 -2.7 -2.7 -2.7 -2.7 0.207 0.366 0.309 0.205 0.544 0.785 2 2 1 2 2 2
1989-06-01T17:30:00 1989 6 1 17 30 0 -5.3 -2.0 457.0 6.0 2.51 3.65 5.15 3.14 2 2 2 2 2 2 2 2 2.7 2.46 -13.0 -2.0 -2.0 -2.0 -2.0 -2.0 -2.0 0.353 0.546 0.318 0.344 0.739 1.135 2 2 1 2 2 2
1989-06-01T18:30:00 1989 6 1 18 30 0 -5.0 0.0 469.0 6.0 2.63 3.2 2.11 1.27 2 2 2 2 2 2 2 2 3.0 2.54 -16.0 0.0 0.0 0.0 0.0 0.0 0.0 0.312 0.408 0.314 0.249 0.434 0.823 2 2 1 2 2 2
1989-06-01T19:30:00 1989 6 1 19 30 0 -4.2 -0.5 445.0 6.2 2.55 2.07 0.61 0.38 2 2 2 2 2 2 2 2 3.0 2.63 -23.0 -0.5 -0.5 -0.5 -0.5 -0.5 -0.5 0.252 0.305 0.306 0.16 0.298 0.647 2 2 1 2 2 2
1989-06-01T20:30:00 1989 6 1 20 30 0 -5.7 0.1 458.0 5.7 2.39 2.36 0.42 0.25 2 2 2 2 2 2 2 2 3.0 2.72 -24.0 0.1 0.1 0.1 0.1 0.1 0.1 0.188 0.195 0.297 0.097 0.153 0.399 2 2 1 2 2 2
1989-06-01T21:30:00 1989 6 1 21 30 0 -3.0 -3.9 428.0 6.0 2.18 3.55 4.52 2.67 2 2 2 2 2 2 2 2 3.0 2.81 -29.0 -3.9 -3.9 -3.9 -3.9 -3.9 -3.9 0.353 0.488 0.308 0.327 0.659 0.954 2 2 1 2 2 2
1989-06-01T22:30:00 1989 6 1 22 30 0 0.7 -3.1 417.0 5.4 1.9 3.22 7.32 4.16 2 2 2 2 2 2 2 2 3.0 2.89 -31.0 -3.1 -3.1 -3.1 -3.1 -3.1 -3.1 0.519 0.7 0.325 0.533 0.865 1.175 2 2 1 2 2 2
1989-06-01T23:30:00 1989 6 1 23 30 0 -4.5 -1.1 425.0 5.6 2.06 1.89 4.24 2.33 2 2 2 2 2 2 2 2 3.0 2.93 -31.0 -1.1 -1.1 -1.1 -1.1 -1.1 -1.1 0.512 0.638 0.328 0.451 0.68 1.024 2 2 1 2 2 2
