1989-02-09T00:30:00 1989 2 9 0 30 0 -1.57 -0.12 495.7 1.77 1.34 0.5 0.38 0.06 1 0 1 1 1 1 1 1 4.0 2.57 -14.0 -1.1 -0.83 -1.59 -1.56 -0.86 -0.62 0.189 0.204 0.384 0.165 0.294 0.172 1 1 2 1 0 0
1989-02-09T01:30:00 1989 2 9 1 30 0 -0.52 -0.12 498.9 2.02 1.74 0.14 0.3 0.06 1 0 1 1 1 1 1 1 4.0 2.79 -20.0 -1.1 -0.83 -1.59 -1.56 -0.86 -0.61 0.208 0.215 0.382 0.195 0.313 0.193 1 0 2 0 0 0
1989-02-09T02:30:00 1989 2 9 2 30 0 -0.45 -0.12 502.1 2.28 1.88 0.04 0.3 0.06 1 0 1 1 1 1 1 1 4.0 3.08 -21.0 -1.1 -0.83 -1.59 -1.56 -0.86 -0.61 0.225 0.227 0.381 0.217 0.333 0.225 0 0 2 0 0 0
1989-02-09T03:30:00 1989 2 9 3 30 0 -1.33 -0.11 505.3 2.53 1.63 0.12 0.29 0.07 1 0 1 1 1 1 1 1 4.3 3.4 -23.0 -1.1 -0.83 -1.59 -1.56 -0.86 -0.61 0.241 0.24 0.38 0.236 0.352 0.262 0 0 1 0 0 0
1989-02-09T04:30:00 1989 2 9 4 30 0 -2.22 -0.24 508.6 2.7 1.35 0.42 0.46 0.12 1 1 1 1 1 1 1 1 4.3 3.72 -35.0 -1.1 -0.86 -1.52 -1.5 -0.89 -0.68 0.255 0.253 0.379 0.248 0.373 0.306 0 1 1 1 1 1
1989-02-09T05:30:00 1989 2 9 5 30 0 -2.7 -0.92 511.8 2.7 1.27 0.97 1.55 0.42 1 1 1 1 1 1 1 1 4.3 3.88 -30.0 -1.1 -1.05 -1.19 -1.18 -1.06 -1.01 0.265 0.275 0.377 0.233 0.411 0.37 1 1 1 1 1 1
1989-02-09T06:30:00 1989 2 9 6 30 0 -2.7 -1.1 515.0 2.7 1.27 1.39 2.61 0.71 2 2 2 2 2 2 2 2 3.0 3.86 -31.0 -1.1 -1.1 -1.1 -1.1 -1.1 -1.1 0.273 0.296 0.373 0.211 0.441 0.423 1 1 1 1 2 2
1989-02-09T07:30:00 1989 2 9 7 30 0 -4.6 1.5 559.0 2.8 1.67 1.38 0.49 0.13 2 2 2 2 2 2 2 2 3.0 3.85 -27.0 1.5 1.5 1.5 1.5 1.5 1.5 0.194 0.164 0.362 0.123 0.167 0.207 1 2 1 1 2 2
1989-02-09T08:30:00 1989 2 9 8 30 0 -3.4 -1.8 523.0 2.7 1.41 1.99 1.5 0.41 2 2 2 2 2 2 2 2 3.0 3.72 -30.0 -1.8 -1.8 -1.8 -1.8 -1.8 -1.8 0.2 0.203 0.357 0.135 0.32 0.311 1 2 1 2 2 2
1989-02-09T09:30:00 1989 2 9 9 30 0 -4.8 0.0 536.0 2.3 1.21 2.52 2.18 0.56 2 2 2 2 2 2 2 2 3.0 3.6 -38.0 0.0 0.0 0.0 0.0 0.0 0.0 0.189 0.188 0.35 0.116 0.262 0.278 2 2 1 2 2 2
1989-02-09T10:30:00 1989 2 9 10 30 0 -3.8 0.3 534.0 2.4 1.39 1.84 0.0 0.0 2 2 2 2 2 2 2 2 3.0 3.47 -38.0 0.3 0.3 0.3 0.3 0.3 0.3 0.128 0.093 0.34 0.065 0.083 0.115 2 2 1 2 2 2
1989-02-09T11:30:00 1989 2 9 11 30 0 -4.3 1.6 538.0 2.4 1.25 1.26 0.0 0.0 2 2 2 2 2 2 2 2 3.0 3.31 -32.0 1.6 1.6 1.6 1.6 1.6 1.6 0.087 0.046 0.329 0.036 0.026 0.048 2 2 1 2 2 2
1989-02-09T12:30:00 1989 2 9 12 30 0 -3.6 0.5 528.0 2.4 1.15 1.15 0.0 0.0 2 2 2 2 2 2 2 2 3.0 3.15 -30.0 0.5 0.5 0.5 0.5 0.5 0.5 0.059 0.023 0.319 0.02 0.008 0.02 2 2 1 2 2 2
1989-02-09T13:30:00 1989 2 9 13 30 0 -3.1 -2.0 510.0 2.5 1.16 1.82 2.28 0.56 2 2 2 2 2 2 2 2 3.0 3.0 -33.0 -2.0 -2.0 -2.0 -2.0 -2.0 -2.0 0.13 0.167 0.317 0.099 0.324 0.253 2 2 2 2 2 2
1989-02-09T14:30:00 1989 2 9 14 30 0 -3.0 -2.6 502.0 3.0 1.3 3.06 5.88 1.63 2 2 2 2 2 2 2 2 3.0 3.0 -34.0 -2.6 -2.6 -2.6 -2.6 -2.6 -2.6 0.272 0.36 0.327 0.269 0.64 0.53 2 2 2 2 2 2
1989-02-09T15:30:00 1989 2 9 15 30 0 -3.7 -1.5 501.0 2.4 1.2 2.91 5.03 1.36 2 2 2 2 2 2 2 2 3.0 3.0 -35.0 -1.5 -1.5 -1.5 -1.5 -1.5 -1.5 0.328 0.401 0.331 0.299 0.62 0.541 2 2 2 2 2 2
1989-02-09T16:30:00 1989 2 9 16 30 0 -3.3 -1.2 504.0 2.8 1.42 2.24 3.36 0.88 2 2 2 2 2 2 2 2 3.0 3.0 -32.0 -1.2 -1.2 -1.2 -1.2 -1.2 -1.2 0.328 0.377 0.33 0.261 0.532 0.503 2 2 2 2 2 2
1989-02-09T17:30:00 1989 2 9 17 30 0 -1.6 -0.9 545.0 3.4 2.02 1.24 2.72 0.85 2 2 2 2 2 2 2 2 3.0 3.0 -27.0 -0.9 -0.9 -0.9 -0.9 -0.9 -0.9 0.316 0.351 0.327 0.223 0.499 0.561 2 2 2 2 2 2
1989-02-09T18:30:00 1989 2 9 18 30 0 -0.7 -2.1 526.0 3.0 1.66 1.04 4.13 1.31 2 2 2 2 2 2 2 2 3.3 3.04 -26.0 -2.1 -2.1 -2.1 -2.1 -2.1 -2.1 0.361 0.405 0.331 0.277 0.639 0.683 2 2 2 2 2 2
1989-02-09T19:30:00 1989 2 9 19 30 0 -0.9 -3.1 503.0 3.1 1.57 2.23 6.77 2.07 2 2 2 2 2 2 2 2 3.3 3.08 -26.0 -3.1 -3.1 -3.1 -3.1 -3.1 -3.1 0.461 0.518 0.346 0.424 0.824 0.801 2 2 2 2 2 2
1989-02-09T20:30:00 1989 2 9 20 30 0 -0.9 -4.4 493.0 2.8 1.36 4.27 9.46 2.77 2 2 2 2 2 2 2 2 3.3 3.12 -24.0 -4.4 -4.4 -4.4 -4.4 -4.4 -4.4 0.596 0.647 0.373 0.639 1.004 0.875 2 2 2 2 2 2
1989-02-09T21:30:00 1989 2 9 21 30 0 -0.9 -4.9 471.0 3.2 1.42 6.0 11.23 3.39 2 2 2 2 2 2 2 2 3.0 3.11 -24.0 -4.9 -4.9 -4.9 -4.9 -4.9 -4.9 0.733 0.769 0.406 0.852 1.125 0.952 2 2 2 2 2 2
1989-02-09T22:30:00 1989 2 9 22 30 0 1.5 -4.7 471.0 3.8 1.69 6.13 11.28 3.98 2 2 2 2 2 2 2 2 3.0 3.11 -25.0 -4.7 -4.7 -4.7 -4.7 -4.7 -4.7 0.844 0.864 0.439 0.999 1.201 1.097 2 2 2 2 2 2
1989-02-09T23:30:00 1989 2 9 23 30 0 -2.0 -5.0 472.0 3.7 1.65 6.39 11.46 4.29 2 2 2 2 2 2 2 2 3.0 3.11 -31.0 -5.0 -5.0 -5.0 -5.0 -5.0 -5.0 0.934 0.929 0.475 1.111 1.256 1.201 2 2 2 2 2 2
