1989-10-29T00:30:00 1989 10 29 0 30 0 4.5 -0.8 456.0 2.2 1.06 2.34 0.98 0.22 2 2 2 2 2 2 2 2 2.3 2.61 -37.0 -0.8 -0.8 -0.8 -0.8 -0.8 -0.8 0.205 0.166 0.45 0.092 0.187 0.155 2 2 1 2 2 2
1989-10-29T01:30:00 1989 10 29 1 30 0 4.3 -1.6 430.0 3.9 1.68 2.62 2.72 0.87 2 2 2 2 2 2 2 2 2.3 2.44 -37.0 -1.6 -1.6 -1.6 -1.6 -1.6 -1.6 0.244 0.28 0.443 0.142 0.369 0.344 2 2 1 2 2 2
1989-10-29T02:30:00 1989 10 29 2 30 0 4.5 1.8 449.0 4.6 2.17 1.66 0.68 0.27 2 2 2 2 2 2 2 2 2.3 2.36 -40.0 1.8 1.8 1.8 1.8 1.8 1.8 0.18 0.167 0.431 0.089 0.15 0.187 2 2 1 2 2 2
1989-10-29T03:30:00 1989 10 29 3 30 0 4.3 -0.6 433.0 5.3 2.38 1.47 0.22 0.11 2 2 2 2 2 2 2 2 3.0 2.36 -43.0 -0.6 -0.6 -0.6 -0.6 -0.6 -0.6 0.14 0.128 0.418 0.061 0.123 0.183 2 2 1 2 2 2
1989-10-29T04:30:00 1989 10 29 4 30 0 4.6 -1.6 437.0 4.7 2.09 2.57 2.49 1.23 2 2 2 2 2 2 2 2 3.0 2.37 -42.0 -1.6 -1.6 -1.6 -1.6 -1.6 -1.6 0.21 0.289 0.413 0.133 0.383 0.502 2 2 1 2 2 2
1989-10-29T05:30:00 1989 10 29 5 30 0 0.6 -0.6 440.0 8.0 3.1 1.21 2.32 1.45 2 2 2 2 2 2 2 2 3.0 2.5 -42.0 -0.6 -0.6 -0.6 -0.6 -0.6 -0.6 0.244 0.352 0.406 0.15 0.426 0.765 2 2 1 2 2 2
1989-10-29T06:30:00 1989 10 29 6 30 0 -4.2 0.4 440.0 10.8 3.84 0.51 0.34 0.3 2 2 2 2 2 2 2 2 2.3 2.53 -35.0 0.4 0.4 0.4 0.4 0.4 0.4 0.179 0.211 0.395 0.09 0.178 0.456 2 2 1 2 2 2
1989-10-29T07:30:00 1989 10 29 7 30 0 -1.9 2.7 428.0 4.9 1.88 0.46 0.0 0.0 2 2 2 2 2 2 2 2 2.3 2.56 -40.0 2.7 2.7 2.7 2.7 2.7 2.7 0.121 0.105 0.383 0.05 0.057 0.189 2 2 1 2 2 2
1989-10-29T08:30:00 1989 10 29 8 30 0 -3.2 1.3 410.0 5.6 1.99 0.25 0.0 0.0 2 2 2 2 2 2 2 2 2.3 2.56 -37.0 1.3 1.3 1.3 1.3 1.3 1.3 0.082 0.052 0.371 0.028 0.018 0.078 2 2 1 2 2 2
1989-10-29T09:30:00 1989 10 29 9 30 0 -1.7 2.2 432.0 7.4 2.8 0.22 0.0 0.0 2 2 2 2 2 2 2 2 1.7 2.48 -34.0 2.2 2.2 2.2 2.2 2.2 2.2 0.056 0.026 0.36 0.016 0.006 0.033 2 2 1 2 2 2
1989-10-29T10:30:00 1989 10 29 10 30 0 -1.5 1.3 438.0 7.0 2.77 0.07 0.0 0.0 2 2 2 2 2 2 2 2 1.7 2.4 -32.0 1.3 1.3 1.3 1.3 1.3 1.3 0.038 0.013 0.349 0.009 0.002 0.013 2 2 1 2 2 2
1989-10-29T11:30:00 1989 10 29 11 30 0 -2.2 3.7 442.0 7.3 2.96 0.08 0.0 0.0 2 2 2 2 2 2 2 2 1.7 2.23 -29.0 3.7 3.7 3.7 3.7 3.7 3.7 0.025 0.006 0.338 0.005 0.001 0.006 2 2 1 2 2 2
1989-10-29T12:30:00 1989 10 29 12 30 0 -1.9 2.85 443.0 7.5 3.12 0.08 0.0 0.0 1 1 1 1 1 1 1 1 2.7 2.21 -23.0 2.85 2.85 2.85 2.85 2.85 2.85 0.017 0.003 0.328 0.003 0.0 0.002 2 2 1 2 2 2
1989-10-29T13:30:00 1989 10 29 13 30 0 -1.6 2.0 444.0 7.7 3.28 0.07 0.0 0.0 2 2 2 2 2 2 2 2 2.7 2.18 -24.0 2.0 2.0 2.0 2.0 2.0 2.0 0.012 0.002 0.318 0.002 0.0 0.001 2 2 1 2 2 2
1989-10-29T14:30:00 1989 10 29 14 30 0 1.6 3.1 439.0 9.0 3.77 0.01 0.0 0.0 2 2 2 2 2 2 2 2 2.7 2.23 -19.0 3.1 3.1 3.1 3.1 3.1 3.1 0.008 0.001 0.308 0.001 0.0 0.0 2 2 1 2 2 2
1989-10-29T15:30:00 1989 10 29 15 30 0 -0.3 4.9 453.0 7.4 3.22 0.01 0.0 0.0 2 2 2 2 2 2 2 2 2.0 2.19 -14.0 4.9 4.9 4.9 4.9 4.9 4.9 0.005 0.0 0.298 0.0 0.0 0.0 2 2 1 2 2 2
1989-10-29T16:30:00 1989 10 29 16 30 0 -2.9 3.2 467.0 6.5 3.14 0.07 0.0 0.0 2 2 2 2 2 2 2 2 2.0 2.16 -11.0 3.2 3.2 3.2 3.2 3.2 3.2 0.004 0.0 0.289 0.0 0.0 0.0 2 2 1 2 2 2
1989-10-29T17:30:00 1989 10 29 17 30 0 -4.7 0.0 503.0 7.0 3.54 1.02 0.0 0.0 2 2 2 2 2 2 2 2 2.0 2.19 -8.0 0.0 0.0 0.0 0.0 0.0 0.0 0.002 0.0 0.281 0.0 0.0 0.0 2 2 1 2 2 2
1989-10-29T18:30:00 1989 10 29 18 30 0 0.2 2.8 565.0 7.4 4.95 0.46 0.0 0.0 2 2 2 2 2 2 2 2 3.7 2.44 -10.0 2.8 2.8 2.8 2.8 2.8 2.8 0.002 0.0 0.272 0.0 0.0 0.0 2 2 1 2 2 2
1989-10-29T19:30:00 1989 10 29 19 30 0 0.1 1.8 547.0 7.4 4.66 0.0 0.0 0.0 2 2 2 2 2 2 2 2 3.7 2.7 -18.0 1.8 1.8 1.8 1.8 1.8 1.8 0.001 0.0 0.264 0.0 0.0 0.0 2 2 1 2 2 2
1989-10-29T20:30:00 1989 10 29 20 30 0 -2.5 -0.1 553.0 7.4 4.82 0.21 0.02 0.02 2 2 2 2 2 2 2 2 3.7 2.83 -15.0 -0.1 -0.1 -0.1 -0.1 -0.1 -0.1 0.006 0.017 0.256 0.002 0.037 0.113 2 2 1 2 2 2
1989-10-29T21:30:00 1989 10 29 21 30 0 -3.6 -1.5 541.0 6.9 4.33 1.7 2.34 1.65 2 2 2 2 2 2 2 2 3.7 2.96 -16.0 -1.5 -1.5 -1.5 -1.5 -1.5 -1.5 0.135 0.249 0.259 0.12 0.511 1.088 2 2 1 2 2 2
1989-10-29T22:30:00 1989 10 29 22 30 0 -3.3 -1.9 552.0 7.0 4.72 2.84 4.7 3.27 2 2 2 2 2 2 2 2 3.7 3.08 -14.0 -1.9 -1.9 -1.9 -1.9 -1.9 -1.9 0.306 0.469 0.273 0.3 0.879 1.852 2 2 1 2 2 2
1989-10-29T23:30:00 1989 10 29 23 30 0 -0.1 -6.1 570.0 6.7 4.62 6.53 11.76 8.01 2 2 2 2 2 2 2 2 3.7 3.29 -25.0 -6.1 -6.1 -6.1 -6.1 -6.1 -6.1 0.711 0.894 0.351 1.022 1.761 3.21 2 2 2 2 2 2
