1989-05-31T00:30:00 1989 5 31 0 30 0 -5.0 -1.7 440.0 6.5 2.66 3.12 4.38 2.8 2 2 2 2 2 2 2 2 3.3 2.54 -15.0 -1.7 -1.7 -1.7 -1.7 -1.7 -1.7 0.69 0.766 0.495 0.6 0.805 1.389 2 2 1 2 2 2
1989-05-31T01:30:00 1989 5 31 1 30 0 -5.1 -2.2 436.0 6.5 2.7 3.99 4.31 2.8 2 2 2 2 2 2 2 2 3.3 2.71 -13.0 -2.2 -2.2 -2.2 -2.2 -2.2 -2.2 0.664 0.734 0.495 0.54 0.789 1.376 2 2 1 2 2 2
1989-05-31T02:30:00 1989 5 31 2 30 0 -3.6 0.8 415.0 5.9 2.13 2.07 1.54 0.98 2 2 2 2 2 2 2 2 3.3 2.78 -20.0 0.8 0.8 0.8 0.8 0.8 0.8 0.498 0.455 0.484 0.339 0.361 0.766 2 2 1 2 2 2
1989-05-31T03:30:00 1989 5 31 3 30 0 -2.1 -0.75 411.5 5.6 2.01 0.69 0.44 0.25 1 1 1 1 1 1 1 1 2.3 2.73 -18.0 -0.75 -0.75 -0.75 -0.75 -0.75 -0.75 0.369 0.307 0.47 0.21 0.236 0.494 2 2 1 2 1 2
1989-05-31T04:30:00 1989 5 31 4 30 0 -0.6 -2.3 408.0 5.3 1.89 0.91 3.25 1.76 2 2 2 2 2 2 2 2 2.3 2.68 -15.0 -2.3 -2.3 -2.3 -2.3 -2.3 -2.3 0.403 0.445 0.466 0.265 0.486 0.704 2 2 1 2 2 2
1989-05-31T05:30:00 1989 5 31 5 30 0 -1.3 -1.3 397.0 5.0 1.63 0.9 3.54 1.82 2 2 2 2 2 2 2 2 2.3 2.67 -15.0 -1.3 -1.3 -1.3 -1.3 -1.3 -1.3 0.412 0.487 0.461 0.274 0.504 0.708 2 2 1 2 2 2
1989-05-31T06:30:00 1989 5 31 6 30 0 -3.5 0.4 416.0 5.3 1.92 0.69 0.89 0.45 2 2 2 2 2 2 2 2 2.7 2.72 -13.0 0.4 0.4 0.4 0.4 0.4 0.4 0.308 0.305 0.448 0.17 0.233 0.409 2 2 1 2 2 2
1989-05-31T07:30:00 1989 5 31 7 30 0 -6.4 2.6 429.0 5.4 2.02 1.39 0.0 0.0 2 2 2 2 2 2 2 2 2.7 2.77 -6.0 2.6 2.6 2.6 2.6 2.6 2.6 0.209 0.152 0.435 0.095 0.074 0.17 2 2 1 2 2 2
1989-05-31T08:30:00 1989 5 31 8 30 0 -7.0 -0.9 425.0 5.6 2.01 3.24 0.33 0.18 2 2 2 2 2 2 2 2 2.7 2.69 -4.0 -0.9 -0.9 -0.9 -0.9 -0.9 -0.9 0.168 0.14 0.423 0.073 0.129 0.221 2 2 1 2 2 2
1989-05-31T09:30:00 1989 5 31 9 30 0 -6.8 0.4 422.0 5.7 2.03 3.97 0.58 0.33 2 2 2 2 2 2 2 2 1.7 2.49 -5.0 0.4 0.4 0.4 0.4 0.4 0.4 0.134 0.114 0.411 0.051 0.095 0.191 2 2 1 2 2 2
1989-05-31T10:30:00 1989 5 31 10 30 0 -6.9 2.3 444.0 6.0 2.35 2.86 0.0 0.0 2 2 2 2 2 2 2 2 1.7 2.29 -7.0 2.3 2.3 2.3 2.3 2.3 2.3 0.091 0.057 0.398 0.029 0.03 0.079 2 2 1 2 2 2
1989-05-31T11:30:00 1989 5 31 11 30 0 -7.5 1.5 445.0 6.3 2.43 3.0 0.0 0.0 2 2 2 2 2 2 2 2 1.7 2.22 -11.0 1.5 1.5 1.5 1.5 1.5 1.5 0.061 0.028 0.386 0.016 0.009 0.033 2 2 1 2 2 2
1989-05-31T12:30:00 1989 5 31 12 30 0 -6.7 -1.1 418.0 6.8 2.39 3.99 0.59 0.4 2 2 2 2 2 2 2 2 3.0 2.31 -10.0 -1.1 -1.1 -1.1 -1.1 -1.1 -1.1 0.088 0.124 0.376 0.044 0.173 0.292 2 2 1 2 2 2
1989-05-31T13:30:00 1989 5 31 13 30 0 -4.2 -3.1 412.0 6.2 2.09 4.38 4.52 2.91 2 2 2 2 2 2 2 2 3.0 2.4 -13.0 -3.1 -3.1 -3.1 -3.1 -3.1 -3.1 0.276 0.452 0.382 0.264 0.609 0.872 2 2 1 2 2 2
1989-05-31T14:30:00 1989 5 31 14 30 0 -3.2 -4.5 412.0 6.5 2.2 5.18 7.95 5.06 2 2 2 2 2 2 2 2 3.0 2.44 -13.0 -4.5 -4.5 -4.5 -4.5 -4.5 -4.5 0.525 0.775 0.403 0.604 0.97 1.342 2 2 1 2 2 2
1989-05-31T15:30:00 1989 5 31 15 30 0 -7.0 -1.1 415.0 6.7 2.36 5.0 5.49 3.62 2 2 2 2 2 2 2 2 2.7 2.45 -16.0 -1.1 -1.1 -1.1 -1.1 -1.1 -1.1 0.562 0.747 0.409 0.559 0.793 1.276 2 2 1 2 2 2
1989-05-31T16:30:00 1989 5 31 16 30 0 -2.9 -1.4 382.0 7.5 2.32 2.78 2.5 1.79 2 2 2 2 2 2 2 2 2.7 2.45 -18.0 -1.4 -1.4 -1.4 -1.4 -1.4 -1.4 0.508 0.641 0.404 0.418 0.595 1.088 2 2 1 2 2 2
1989-05-31T17:30:00 1989 5 31 17 30 0 -1.6 -2.5 375.0 7.0 1.97 1.51 3.77 2.72 2 2 2 2 2 2 2 2 2.7 2.57 -15.0 -2.5 -2.5 -2.5 -2.5 -2.5 -2.5 0.532 0.69 0.403 0.422 0.643 1.102 2 2 1 2 2 2
1989-05-31T18:30:00 1989 5 31 18 30 0 -1.6 -2.12 380.5 7.0 1.97 1.5 4.33 3.03 1 1 1 1 1 1 1 1 3.3 2.77 -15.0 -2.31 -2.25 -2.42 -2.42 -2.26 -2.2 0.568 0.732 0.406 0.459 0.681 1.12 2 1 1 2 1 1
1989-05-31T19:30:00 1989 5 31 19 30 0 -1.33 -0.72 386.1 7.0 2.01 0.73 2.61 1.83 1 1 1 1 1 1 1 1 3.3 2.96 -21.0 -1.62 -1.33 -2.13 -2.1 -1.36 -1.1 0.553 0.67 0.407 0.455 0.595 0.997 1 1 1 1 1 1
1989-05-31T20:30:00 1989 5 31 20 30 0 -0.82 -0.46 391.6 6.88 2.12 0.22 1.13 0.78 1 0 1 1 1 1 1 1 3.3 3.0 -22.0 -1.49 -1.16 -2.08 -2.04 -1.19 -0.89 0.519 0.584 0.408 0.439 0.51 0.853 1 1 1 1 0 1
1989-05-31T21:30:00 1989 5 31 21 30 0 -0.31 -0.46 397.2 6.74 2.23 0.09 0.91 0.62 1 0 1 1 1 1 1 1 2.7 2.97 -19.0 -1.49 -1.16 -2.08 -2.04 -1.2 -0.89 0.492 0.533 0.409 0.429 0.48 0.781 1 0 1 0 0 0
1989-05-31T22:30:00 1989 5 31 22 30 0 -0.12 -0.46 402.7 6.6 2.34 0.06 0.92 0.61 0 0 1 1 1 0 1 1 2.7 2.93 -16.0 -1.49 -1.16 -2.08 -2.05 -1.2 -0.89 0.475 0.506 0.41 0.426 0.476 0.754 1 0 1 0 0 0
1989-05-31T23:30:00 1989 5 31 23 30 0 -0.12 -0.46 408.2 6.45 2.34 0.06 0.93 0.61 0 0 1 1 0 0 1 1 2.7 2.92 -17.0 -1.49 -1.16 -2.08 -2.05 -1.2 -0.89 0.463 0.49 0.411 0.426 0.479 0.745 0 0 1 0 0 0
