1989-01-20T00:30:00 1989 1 20 0 30 0 -0.52 -0.48 478.9 5.37 2.58 0.11 1.15 0.62 0 0 1 0 0 0 1 0 3.0 2.05 -12.0 -1.27 -0.97 -1.83 -1.8 -1.0 -0.73 0.399 0.397 0.674 0.403 0.504 0.757 0 0 1 0 0 0
1989-01-20T01:30:00 1989 1 20 1 30 0 -0.52 -0.48 482.3 5.36 2.58 0.11 1.15 0.62 0 0 1 0 0 0 1 0 3.0 2.26 -9.0 -1.27 -0.96 -1.83 -1.8 -1.0 -0.73 0.401 0.396 0.67 0.406 0.51 0.769 0 0 1 0 0 0
1989-01-20T02:30:00 1989 1 20 2 30 0 -0.52 -0.48 485.7 5.36 2.58 0.11 1.16 0.62 0 0 1 0 0 0 1 0 3.0 2.39 -4.0 -1.27 -0.96 -1.83 -1.8 -1.0 -0.73 0.404 0.396 0.666 0.41 0.515 0.782 0 0 1 0 0 0
1989-01-20T03:30:00 1989 1 20 3 30 0 -0.52 -0.48 489.1 5.35 2.58 0.12 1.17 0.63 0 0 1 0 0 0 1 0 1.7 2.34 -3.0 -1.27 -0.96 -1.83 -1.8 -1.0 -0.73 0.406 0.396 0.662 0.413 0.521 0.794 0 0 1 0 0 0
1989-01-20T04:30:00 1989 1 20 4 30 0 -0.52 -0.48 492.5 5.35 2.58 0.12 1.18 0.63 0 0 1 0 0 0 1 0 1.7 2.3 -1.0 -1.27 -0.96 -1.83 -1.79 -1.0 -0.73 0.408 0.396 0.658 0.416 0.527 0.807 0 0 1 0 0 0
1989-01-20T05:30:00 1989 1 20 5 30 0 -0.52 -0.48 495.8 5.35 2.58 0.12 1.19 0.63 0 0 1 0 0 0 1 0 1.7 2.26 3.0 -1.26 -0.96 -1.83 -1.79 -1.0 -0.72 0.41 0.396 0.655 0.418 0.532 0.817 0 0 1 0 0 0
1989-01-20T06:30:00 1989 1 20 6 30 0 -0.51 -0.48 499.2 5.34 2.57 0.12 1.19 0.64 0 0 1 0 0 0 1 0 2.0 2.25 8.0 -1.26 -0.96 -1.83 -1.79 -0.99 -0.72 0.411 0.396 0.653 0.421 0.536 0.828 0 0 1 0 0 0
1989-01-20T07:30:00 1989 1 20 7 30 0 -0.51 -0.48 502.6 5.34 2.57 0.12 1.2 0.64 0 0 1 0 0 0 1 0 2.0 2.25 2.0 -1.26 -0.96 -1.83 -1.79 -0.99 -0.72 0.413 0.397 0.65 0.424 0.541 0.84 0 0 1 0 0 0
1989-01-20T08:30:00 1989 1 20 8 30 0 -0.51 -0.48 506.0 5.33 2.57 0.12 1.21 0.65 0 0 1 0 0 0 1 0 2.0 2.13 0.0 -1.26 -0.96 -1.82 -1.79 -0.99 -0.72 0.414 0.397 0.648 0.428 0.546 0.852 0 0 1 0 0 0
1989-01-20T09:30:00 1989 1 20 9 30 0 -0.51 -0.48 507.7 5.33 2.57 0.12 1.22 0.65 0 0 0 0 0 0 0 0 2.7 2.1 0.0 -1.26 -0.96 -1.82 -1.79 -0.99 -0.72 0.416 0.397 0.646 0.431 0.55 0.862 0 0 1 0 0 0
1989-01-20T10:30:00 1989 1 20 10 30 0 -0.51 -0.48 507.8 5.33 2.57 0.12 1.22 0.65 0 0 0 0 0 0 0 0 2.7 2.07 3.0 -1.26 -0.96 -1.82 -1.79 -0.99 -0.72 0.417 0.397 0.645 0.432 0.552 0.867 0 0 1 0 0 0
1989-01-20T11:30:00 1989 1 20 11 30 0 -0.51 -0.48 507.8 5.32 2.56 0.12 1.22 0.65 0 0 0 0 0 0 0 0 2.7 2.2 12.0 -1.26 -0.96 -1.82 -1.79 -0.99 -0.72 0.418 0.397 0.643 0.433 0.552 0.869 0 0 1 0 0 0
1989-01-20T12:30:00 1989 1 20 12 30 0 -0.51 -0.48 507.9 5.32 2.56 0.12 1.22 0.65 0 0 0 0 0 0 0 0 6.3 2.8 44.0 -1.26 -0.96 -1.82 -1.79 -0.99 -0.72 0.419 0.397 0.641 0.434 0.553 0.869 0 0 1 0 0 0
1989-01-20T13:30:00 1989 1 20 13 30 0 -0.5 -0.47 507.9 5.31 2.56 0.12 1.21 0.64 0 0 0 0 0 0 0 0 6.3 3.38 38.0 -1.26 -0.96 -1.82 -1.79 -0.99 -0.72 0.419 0.397 0.64 0.434 0.552 0.869 0 0 1 0 0 0
1989-01-20T14:30:00 1989 1 20 14 30 0 -0.5 -0.47 507.9 5.31 2.56 0.11 1.19 0.63 0 0 0 0 0 0 0 0 6.3 3.93 -12.0 -1.26 -0.96 -1.82 -1.78 -0.99 -0.72 0.419 0.397 0.638 0.433 0.552 0.868 0 0 1 0 0 0
1989-01-20T15:30:00 1989 1 20 15 30 0 -0.5 -0.47 508.0 5.31 2.56 0.11 1.19 0.63 0 0 0 0 0 0 0 0 6.7 4.52 -58.0 -1.26 -0.96 -1.82 -1.78 -0.99 -0.72 0.419 0.397 0.636 0.432 0.552 0.868 0 0 1 0 0 0
1989-01-20T16:30:00 1989 1 20 16 30 0 -0.5 -0.47 508.0 5.3 2.56 0.11 1.19 0.63 0 0 0 0 0 0 0 0 6.7 5.1 -105.0 -1.26 -0.96 -1.82 -1.78 -0.99 -0.72 0.419 0.397 0.635 0.432 0.552 0.867 0 0 1 0 0 0
1989-01-20T17:30:00 1989 1 20 17 30 0 -0.5 -0.47 508.1 5.3 2.55 0.11 1.19 0.63 0 0 0 0 0 0 0 0 6.7 5.59 -78.0 -1.26 -0.96 -1.82 -1.78 -0.99 -0.72 0.419 0.397 0.633 0.431 0.552 0.867 0 0 1 0 0 0
1989-01-20T18:30:00 1989 1 20 18 30 0 -0.5 -0.47 508.1 5.29 2.55 0.11 1.19 0.63 0 0 0 0 0 0 0 0 5.7 5.95 -114.0 -1.26 -0.96 -1.81 -1.78 -0.99 -0.72 0.419 0.397 0.632 0.431 0.552 0.866 0 0 1 0 0 0
1989-01-20T19:30:00 1989 1 20 19 30 0 -0.5 -0.47 508.1 5.29 2.55 0.11 1.19 0.63 0 0 0 0 0 0 0 0 5.7 6.29 -120.0 -1.26 -0.96 -1.81 -1.78 -0.99 -0.72 0.419 0.396 0.631 0.431 0.552 0.865 0 0 1 0 0 0
1989-01-20T20:30:00 1989 1 20 20 30 0 -0.5 -0.47 508.2 5.29 2.55 0.11 1.19 0.63 0 0 0 0 0 0 0 0 5.7 6.22 -117.0 -1.26 -0.96 -1.81 -1.78 -0.99 -0.72 0.419 0.396 0.629 0.431 0.552 0.865 0 0 1 0 0 0
1989-01-20T21:30:00 1989 1 20 21 30 0 -0.49 -0.47 508.2 5.28 2.55 0.11 1.19 0.63 0 0 0 0 0 0 0 0 5.0 6.05 -110.0 -1.26 -0.96 -1.81 -1.78 -0.99 -0.72 0.419 0.396 0.628 0.431 0.552 0.864 0 0 1 0 0 0
1989-01-20T22:30:00 1989 1 20 22 30 0 -0.49 -0.47 508.2 5.28 2.55 0.11 1.19 0.63 0 0 0 0 0 0 0 0 5.0 5.88 -111.0 -1.26 -0.96 -1.81 -1.78 -0.99 -0.72 0.419 0.396 0.626 0.431 0.552 0.863 0 0 0 0 0 0
1989-01-20T23:30:00 1989 1 20 23 30 0 -0.49 -0.47 508.3 5.28 2.54 0.11 1.19 0.63 0 0 0 0 0 0 0 0 5.0 5.67 -119.0 -1.25 -0.96 -1.81 -1.78 -0.99 -0.72 0.418 0.396 0.625 0.431 0.552 0.863 0 0 0 0 0 0
