1989-10-16T00:30:00 1989 10 16 0 30 0 -7.7 5.3 377.0 6.3 1.73 0.85 0.0 0.0 2 2 2 2 2 2 2 2 1.7 1.64 18.0 5.3 5.3 5.3 5.3 5.3 5.3 0.051 0.015 0.269 0.019 0.001 0.006 2 2 0 2 2 2
1989-10-16T01:30:00 1989 10 16 1 30 0 -8.2 0.0 386.0 7.2 2.16 3.05 0.0 0.0 2 2 2 2 2 2 2 2 1.7 1.68 21.0 0.0 0.0 0.0 0.0 0.0 0.0 0.035 0.007 0.261 0.01 0.0 0.002 2 2 0 2 2 2
1989-10-16T02:30:00 1989 10 16 2 30 0 -8.2 0.05 392.5 7.23 2.16 4.78 0.0 0.0 1 1 1 1 1 1 1 1 1.7 1.57 21.0 -0.25 -0.18 -0.39 -0.38 -0.19 -0.13 0.044 0.058 0.254 0.019 0.07 0.132 2 1 0 1 1 1
1989-10-16T03:30:00 1989 10 16 3 30 0 -5.7 0.22 399.0 7.42 2.25 3.42 0.0 0.0 1 1 1 1 1 1 1 1 1.7 1.45 18.0 -1.18 -0.85 -1.85 -1.81 -0.88 -0.61 0.12 0.195 0.254 0.123 0.246 0.391 1 1 0 1 1 1
1989-10-16T04:30:00 1989 10 16 4 30 0 -0.25 0.25 405.5 7.6 2.38 0.73 0.0 0.0 1 0 1 1 1 1 1 1 1.7 1.34 21.0 -1.36 -0.98 -2.13 -2.08 -1.02 -0.7 0.214 0.319 0.26 0.26 0.378 0.606 0 0 0 0 0 0
1989-10-16T05:30:00 1989 10 16 5 30 0 5.2 1.29 412.0 7.78 2.51 0.55 0.0 0.0 1 1 1 1 1 1 1 1 1.7 1.46 21.0 -0.1 0.23 -0.77 -0.73 0.2 0.47 0.205 0.23 0.26 0.246 0.21 0.353 1 1 0 1 1 0
1989-10-16T06:30:00 1989 10 16 6 30 0 7.7 6.67 418.5 7.97 2.6 1.48 0.0 0.0 1 1 1 1 1 1 1 1 1.7 1.58 19.0 6.38 6.45 6.24 6.25 6.44 6.5 0.139 0.114 0.252 0.138 0.067 0.146 1 1 0 1 1 0
1989-10-16T07:30:00 1989 10 16 7 30 0 7.7 8.1 425.0 8.0 2.6 1.42 0.0 0.0 2 2 2 2 2 2 2 2 1.7 1.7 15.0 8.1 8.1 8.1 8.1 8.1 8.1 0.094 0.057 0.244 0.077 0.021 0.061 1 1 0 1 1 0
1989-10-16T08:30:00 1989 10 16 8 30 0 7.8 10.8 410.0 8.7 2.72 1.13 0.0 0.0 2 2 2 2 2 2 2 2 1.7 1.7 17.0 10.8 10.8 10.8 10.8 10.8 10.8 0.064 0.028 0.237 0.043 0.007 0.025 1 1 0 1 1 0
1989-10-16T09:30:00 1989 10 16 9 30 0 4.3 7.0 417.0 18.4 6.05 0.59 0.0 0.0 2 2 2 2 2 2 2 2 2.7 1.83 26.0 7.0 7.0 7.0 7.0 7.0 7.0 0.043 0.014 0.229 0.024 0.002 0.01 1 1 0 1 1 0
1989-10-16T10:30:00 1989 10 16 10 30 0 0.6 1.5 409.0 27.3 9.27 0.1 0.0 0.0 2 2 2 2 2 2 2 2 2.7 1.96 32.0 1.5 1.5 1.5 1.5 1.5 1.5 0.029 0.007 0.222 0.014 0.001 0.004 1 1 0 1 1 0
1989-10-16T11:30:00 1989 10 16 11 30 0 -1.3 4.7 426.0 25.1 9.37 0.0 0.0 0.0 2 2 2 2 2 2 2 2 2.7 2.09 31.0 4.7 4.7 4.7 4.7 4.7 4.7 0.02 0.003 0.216 0.008 0.0 0.002 1 1 0 1 1 0
1989-10-16T12:30:00 1989 10 16 12 30 0 3.3 -1.0 430.0 23.0 8.61 0.3 0.28 0.65 2 2 2 2 2 2 2 2 3.3 2.29 25.0 -1.0 -1.0 -1.0 -1.0 -1.0 -1.0 0.063 0.126 0.212 0.046 0.194 0.907 2 2 0 2 2 2
1989-10-16T13:30:00 1989 10 16 13 30 0 3.1 -3.8 433.0 18.0 6.97 3.07 5.43 10.78 2 2 2 2 2 2 2 2 3.3 2.49 16.0 -3.8 -3.8 -3.8 -3.8 -3.8 -3.8 0.44 0.794 0.241 0.526 1.113 4.192 2 2 1 2 2 2
1989-10-16T14:30:00 1989 10 16 14 30 0 2.3 -6.1 457.0 9.7 3.88 7.38 11.28 14.83 2 2 2 2 2 2 2 2 3.3 2.69 5.0 -6.1 -6.1 -6.1 -6.1 -6.1 -6.1 0.89 1.296 0.309 1.243 1.749 4.926 2 2 1 2 2 2
1989-10-16T15:30:00 1989 10 16 15 30 0 4.7 -6.2 444.0 8.7 3.39 10.95 13.85 12.68 2 2 2 2 2 2 2 2 3.0 2.85 -8.0 -6.2 -6.2 -6.2 -6.2 -6.2 -6.2 1.203 1.51 0.383 1.704 1.906 4.365 2 2 1 2 2 2
1989-10-16T16:30:00 1989 10 16 16 30 0 8.3 -3.9 419.0 8.9 3.01 11.06 10.69 9.4 2 2 2 2 2 2 2 2 3.0 3.0 -17.0 -3.9 -3.9 -3.9 -3.9 -3.9 -3.9 1.267 1.452 0.424 1.613 1.612 3.535 2 2 1 2 2 2
1989-10-16T17:30:00 1989 10 16 17 30 0 8.6 -3.3 422.0 7.8 2.64 10.45 7.52 6.25 2 2 2 2 2 2 2 2 3.0 3.04 -19.0 -3.3 -3.3 -3.3 -3.3 -3.3 -3.3 1.194 1.28 0.444 1.334 1.301 2.763 2 2 1 2 2 2
1989-10-16T18:30:00 1989 10 16 18 30 0 8.0 -3.3 399.0 8.0 2.39 9.43 6.76 5.34 2 2 2 2 2 2 2 2 2.7 3.04 -14.0 -3.3 -3.3 -3.3 -3.3 -3.3 -3.3 1.115 1.164 0.458 1.124 1.125 2.263 2 2 1 2 2 2
1989-10-16T19:30:00 1989 10 16 19 30 0 7.9 -1.1 395.0 7.5 2.35 6.98 4.19 3.25 2 2 2 2 2 2 2 2 2.7 3.03 -19.0 -1.1 -1.1 -1.1 -1.1 -1.1 -1.1 0.934 0.92 0.457 0.801 0.785 1.656 2 2 1 2 2 2
1989-10-16T20:30:00 1989 10 16 20 30 0 5.3 0.5 380.0 9.1 2.74 3.37 0.65 0.52 2 2 2 2 2 2 2 2 2.7 2.96 -15.0 0.5 0.5 0.5 0.5 0.5 0.5 0.658 0.516 0.444 0.462 0.311 0.829 2 2 1 2 2 2
1989-10-16T21:30:00 1989 10 16 21 30 0 7.6 -1.0 396.0 8.7 2.83 3.48 0.74 0.65 2 2 2 2 2 2 2 2 2.0 2.79 -11.0 -1.0 -1.0 -1.0 -1.0 -1.0 -1.0 0.504 0.405 0.433 0.298 0.298 0.752 2 2 1 2 2 2
1989-10-16T22:30:00 1989 10 16 22 30 0 8.0 0.5 387.0 8.6 2.75 4.6 0.57 0.5 2 2 2 2 2 2 2 2 2.0 2.63 -8.0 0.5 0.5 0.5 0.5 0.5 0.5 0.364 0.257 0.421 0.179 0.153 0.459 2 2 1 2 2 2
1989-10-16T23:30:00 1989 10 16 23 30 0 7.5 -1.1 387.0 8.8 2.77 4.61 0.82 0.72 2 2 2 2 2 2 2 2 2.0 2.5 -6.0 -1.1 -1.1 -1.1 -1.1 -1.1 -1.1 0.31 0.288 0.41 0.145 0.258 0.607 2 2 1 2 2 2
