1989-01-15T00:30:00 1989 1 15 0 30 0 -0.27 -0.52 486.4 9.87 3.77 0.11 1.26 1.36 1 0 1 1 1 1 1 1 4.7 4.09 -59.0 -1.33 -1.01 -1.95 -1.91 -1.04 -0.75 0.399 0.465 0.441 0.454 0.645 1.737 0 0 1 0 0 0
1989-01-15T01:30:00 1989 1 15 1 30 0 -0.68 -0.52 489.5 7.71 2.82 0.13 1.27 1.1 0 0 1 1 1 0 1 1 4.7 4.34 -61.0 -1.33 -1.01 -1.95 -1.91 -1.04 -0.75 0.435 0.484 0.449 0.494 0.645 1.572 0 0 1 0 0 0
1989-01-15T02:30:00 1989 1 15 2 30 0 -1.63 -0.52 492.6 5.56 2.53 0.3 1.28 0.84 1 0 1 1 1 1 1 1 4.7 4.46 -54.0 -1.33 -1.01 -1.95 -1.91 -1.04 -0.75 0.442 0.462 0.455 0.49 0.598 1.241 0 0 1 0 0 0
1989-01-15T03:30:00 1989 1 15 3 30 0 -4.17 -0.51 495.7 4.18 2.27 1.24 1.27 0.61 1 0 1 1 1 1 1 1 4.3 4.53 -51.0 -1.33 -1.01 -1.95 -1.91 -1.04 -0.75 0.431 0.422 0.459 0.464 0.541 0.921 0 0 1 0 0 0
1989-01-15T04:30:00 1989 1 15 4 30 0 -6.71 -0.95 498.8 3.8 2.02 3.7 1.86 0.74 1 1 1 1 1 1 1 1 4.3 4.6 -47.0 -1.66 -1.38 -2.19 -2.16 -1.41 -1.16 0.434 0.417 0.463 0.459 0.561 0.776 0 1 1 0 1 1
1989-01-15T05:30:00 1989 1 15 5 30 0 -8.1 -3.2 501.9 3.8 1.94 8.19 5.43 2.06 1 1 1 1 1 1 1 1 4.3 4.54 -42.0 -3.35 -3.29 -3.46 -3.46 -3.3 -3.25 0.526 0.545 0.479 0.58 0.828 0.949 1 1 1 1 1 1
1989-01-15T06:30:00 1989 1 15 6 30 0 -8.1 -3.8 505.0 3.8 1.94 11.78 8.88 3.37 2 2 2 2 2 2 2 2 3.7 4.42 -36.0 -3.8 -3.8 -3.8 -3.8 -3.8 -3.8 0.654 0.688 0.503 0.743 1.063 1.157 1 2 1 1 2 2
1989-01-15T07:30:00 1989 1 15 7 30 0 -6.5 -2.7 514.0 3.9 2.06 9.84 8.16 3.14 2 2 2 2 2 2 2 2 3.7 4.29 -34.0 -2.7 -2.7 -2.7 -2.7 -2.7 -2.7 0.704 0.717 0.52 0.753 1.058 1.214 2 2 1 2 2 2
1989-01-15T08:30:00 1989 1 15 8 30 0 -5.5 -0.2 520.0 2.9 1.57 5.1 3.47 1.22 2 2 2 2 2 2 2 2 3.7 4.16 -33.0 -0.2 -0.2 -0.2 -0.2 -0.2 -0.2 0.573 0.513 0.514 0.508 0.62 0.818 2 2 1 2 2 2
1989-01-15T09:30:00 1989 1 15 9 30 0 -7.7 -6.3 557.0 2.1 1.3 10.94 9.56 2.24 2 2 2 2 2 2 2 2 4.0 4.08 -40.0 -6.3 -6.3 -6.3 -6.3 -6.3 -6.3 0.681 0.626 0.544 0.752 1.045 0.868 2 2 1 2 2 2
1989-01-15T10:30:00 1989 1 15 10 30 0 -7.1 -3.2 540.0 2.1 1.22 14.45 12.68 2.66 2 2 2 2 2 2 2 2 4.0 4.0 -49.0 -3.2 -3.2 -3.2 -3.2 -3.2 -3.2 0.749 0.664 0.574 0.854 1.097 0.819 2 2 1 2 2 2
1989-01-15T11:30:00 1989 1 15 11 30 0 -5.9 -7.0 563.0 1.8 1.14 14.87 14.56 2.79 2 2 2 2 2 2 2 2 4.0 3.96 -47.0 -7.0 -7.0 -7.0 -7.0 -7.0 -7.0 0.868 0.748 0.622 1.106 1.324 0.841 2 2 1 2 2 2
1989-01-15T12:30:00 1989 1 15 12 30 0 -5.7 -7.5 637.0 2.1 1.7 22.25 21.94 4.32 2 2 2 2 2 2 2 2 4.3 3.96 -44.0 -7.5 -7.5 -7.5 -7.5 -7.5 -7.5 1.084 0.887 0.721 1.611 1.799 1.137 2 2 2 2 2 2
1989-01-15T13:30:00 1989 1 15 13 30 0 -2.4 -9.2 695.0 2.4 2.32 27.45 28.18 6.4 2 2 2 2 2 2 2 2 4.3 3.97 -49.0 -9.2 -9.2 -9.2 -9.2 -9.2 -9.2 1.388 1.066 0.892 2.373 2.486 1.773 2 2 2 2 2 2
1989-01-15T14:30:00 1989 1 15 14 30 0 -5.8 -6.3 615.0 3.1 2.34 23.52 24.95 6.86 2 2 2 2 2 2 2 2 4.3 4.04 -74.0 -6.3 -6.3 -6.3 -6.3 -6.3 -6.3 1.531 1.135 1.022 2.534 2.443 2.088 2 2 2 2 2 2
1989-01-15T15:30:00 1989 1 15 15 30 0 -5.7 -5.7 618.0 5.3 4.05 17.51 18.42 7.87 2 2 2 2 2 2 2 2 4.7 4.17 -71.0 -5.7 -5.7 -5.7 -5.7 -5.7 -5.7 1.605 1.214 1.115 2.48 2.438 2.933 2 2 2 2 2 2
1989-01-15T16:30:00 1989 1 15 16 30 0 4.3 -5.1 658.0 5.5 4.76 11.73 17.18 9.29 2 2 2 2 2 2 2 2 4.7 4.3 -86.0 -5.1 -5.1 -5.1 -5.1 -5.1 -5.1 1.664 1.264 1.21 2.442 2.55 3.896 2 2 2 2 2 2
1989-01-15T17:30:00 1989 1 15 17 30 0 -5.1 3.0 680.0 4.1 3.79 2.54 4.64 2.4 2 2 2 2 2 2 2 2 4.7 4.38 -91.0 3.0 3.0 3.0 3.0 3.0 3.0 1.237 0.761 1.193 1.503 1.121 2.194 2 2 2 2 2 2
1989-01-15T18:30:00 1989 1 15 18 30 0 -11.1 1.8 676.0 4.3 3.93 6.13 0.0 0.0 2 2 2 2 2 2 2 2 5.0 4.51 -78.0 1.8 1.8 1.8 1.8 1.8 1.8 0.837 0.378 1.157 0.841 0.355 0.91 2 2 2 2 2 2
1989-01-15T19:30:00 1989 1 15 19 30 0 -10.7 -3.5 685.0 5.5 5.16 16.63 4.45 2.35 2 2 2 2 2 2 2 2 5.0 4.63 -73.0 -3.5 -3.5 -3.5 -3.5 -3.5 -3.5 0.788 0.489 1.158 0.793 1.044 1.936 2 2 2 2 2 2
1989-01-15T20:30:00 1989 1 15 20 30 0 -3.6 -8.5 713.0 5.3 5.39 24.19 21.79 11.72 2 2 2 2 2 2 2 2 5.0 4.72 -69.0 -8.5 -8.5 -8.5 -8.5 -8.5 -8.5 1.295 1.037 1.337 2.091 2.808 4.541 2 2 2 2 2 2
1989-01-15T21:30:00 1989 1 15 21 30 0 -3.6 -7.02 656.0 6.4 5.51 23.72 26.29 15.43 1 1 2 2 2 1 2 2 5.7 4.9 -87.0 -7.17 -7.11 -7.28 -7.28 -7.12 -7.07 1.733 1.403 1.544 3.055 3.419 5.981 2 1 2 1 1 1
1989-01-15T22:30:00 1989 1 15 22 30 0 -3.06 -1.55 649.3 6.4 5.51 9.0 13.25 8.48 1 1 1 1 1 1 1 1 5.7 5.07 -82.0 -2.25 -1.98 -2.78 -2.75 -2.0 -1.76 1.65 1.242 1.611 2.585 2.501 5.091 1 1 2 1 1 1
1989-01-15T23:30:00 1989 1 15 23 30 0 -2.05 -0.51 642.7 6.4 5.25 1.6 3.19 2.04 1 0 1 1 1 1 1 1 5.7 5.2 -99.0 -1.32 -1.0 -1.93 -1.89 -1.03 -0.75 1.339 0.896 1.607 1.806 1.513 3.507 1 1 2 1 1 1
