1989-10-20T00:30:00 1989 10 20 0 30 0 3.5 -3.0 507.0 2.3 1.18 2.09 5.44 1.42 2 2 2 2 2 2 2 2 2.3 1.85 -27.0 -3.0 -3.0 -3.0 -3.0 -3.0 -3.0 0.259 0.331 0.482 0.239 0.579 0.452 2 2 2 2 2 2
1989-10-20T01:30:00 1989 10 20 1 30 0 4.9 -2.6 504.0 2.7 1.37 4.95 7.03 1.77 2 2 2 2 2 2 2 2 2.3 1.92 -29.0 -2.6 -2.6 -2.6 -2.6 -2.6 -2.6 0.374 0.452 0.49 0.375 0.741 0.586 2 2 2 2 2 2
1989-10-20T02:30:00 1989 10 20 2 30 0 5.1 -1.4 487.0 3.1 1.47 4.45 4.83 1.4 2 2 2 2 2 2 2 2 2.3 1.93 -25.0 -1.4 -1.4 -1.4 -1.4 -1.4 -1.4 0.398 0.454 0.489 0.355 0.652 0.6 2 2 2 2 2 2
1989-10-20T03:30:00 1989 10 20 3 30 0 4.7 -1.7 483.0 3.1 1.45 3.72 3.79 1.17 2 2 2 2 2 2 2 2 3.0 2.02 -26.0 -1.7 -1.7 -1.7 -1.7 -1.7 -1.7 0.399 0.443 0.485 0.323 0.599 0.595 2 2 2 2 2 2
1989-10-20T04:30:00 1989 10 20 4 30 0 5.2 -1.3 466.0 3.7 1.61 3.64 3.52 1.2 2 2 2 2 2 2 2 2 3.0 2.12 -28.0 -1.3 -1.3 -1.3 -1.3 -1.3 -1.3 0.392 0.432 0.48 0.291 0.551 0.603 2 2 2 2 2 2
1989-10-20T05:30:00 1989 10 20 5 30 0 6.5 -4.4 463.0 5.0 2.14 6.89 6.91 3.12 2 2 2 2 2 2 2 2 3.0 2.33 -32.0 -4.4 -4.4 -4.4 -4.4 -4.4 -4.4 0.542 0.643 0.495 0.534 0.911 1.033 2 2 2 2 2 2
1989-10-20T06:30:00 1989 10 20 6 30 0 6.6 -6.5 477.0 5.5 2.5 13.38 13.04 6.9 2 2 2 2 2 2 2 2 4.3 2.71 -37.0 -6.5 -6.5 -6.5 -6.5 -6.5 -6.5 0.849 0.981 0.549 1.101 1.447 1.741 2 2 2 2 2 2
1989-10-20T07:30:00 1989 10 20 7 30 0 5.8 -7.1 475.0 5.6 2.53 16.64 16.24 9.02 2 2 2 2 2 2 2 2 4.3 3.09 -43.0 -7.1 -7.1 -7.1 -7.1 -7.1 -7.1 1.149 1.244 0.623 1.641 1.784 2.252 2 2 2 2 2 2
1989-10-20T08:30:00 1989 10 20 8 30 0 5.1 -5.7 469.0 6.1 2.68 14.06 14.96 8.77 2 2 2 2 2 2 2 2 4.3 3.34 -45.0 -5.7 -5.7 -5.7 -5.7 -5.7 -5.7 1.309 1.337 0.684 1.817 1.793 2.457 2 2 2 2 2 2
1989-10-20T09:30:00 1989 10 20 9 30 0 3.3 -8.3 458.0 6.5 2.73 14.72 16.45 10.41 2 2 2 2 2 2 2 2 6.7 3.9 -46.0 -8.3 -8.3 -8.3 -8.3 -8.3 -8.3 1.514 1.508 0.76 2.17 1.983 2.786 2 2 2 2 2 2
1989-10-20T10:30:00 1989 10 20 10 30 0 4.1 -6.2 485.0 11.3 5.32 14.74 16.9 15.22 2 2 2 2 2 2 2 2 6.7 4.45 -75.0 -6.2 -6.2 -6.2 -6.2 -6.2 -6.2 1.735 1.719 0.85 2.498 2.287 4.338 2 2 2 2 2 2
1989-10-20T11:30:00 1989 10 20 11 30 0 5.2 -17.0 587.0 12.6 8.68 42.92 33.01 40.0 2 2 2 2 2 2 2 2 6.7 4.92 -101.0 -17.0 -17.0 -17.0 -17.0 -17.0 -17.0 2.737 2.601 1.243 5.589 4.582 10.757 2 2 2 2 2 2
1989-10-20T12:30:00 1989 10 20 12 30 0 -3.8 -19.4 608.0 15.5 11.46 86.86 54.77 77.84 2 2 2 2 2 2 2 2 7.7 5.51 -135.0 -19.4 -19.4 -19.4 -19.4 -19.4 -19.4 4.237 3.682 2.04 10.526 7.164 20.31 2 2 2 2 2 2
1989-10-20T13:30:00 1989 10 20 13 30 0 -7.8 -16.5 631.0 13.7 10.91 89.87 55.28 80.4 2 2 2 2 2 2 2 2 7.7 6.09 -173.0 -16.5 -16.5 -16.5 -16.5 -16.5 -16.5 5.185 4.107 2.824 12.961 7.933 24.497 2 2 2 2 2 2
1989-10-20T14:30:00 1989 10 20 14 30 0 3.6 -13.3 638.0 9.3 7.57 65.11 46.86 53.38 2 2 2 2 2 2 2 2 7.7 6.51 -190.0 -13.3 -13.3 -13.3 -13.3 -13.3 -13.3 5.293 3.797 3.357 12.261 7.019 20.629 2 2 2 2 2 2
1989-10-20T15:30:00 1989 10 20 15 30 0 2.1 -4.4 677.0 4.1 3.76 27.13 27.8 19.22 2 2 2 2 2 2 2 2 7.7 6.93 -202.0 -4.4 -4.4 -4.4 -4.4 -4.4 -4.4 4.412 2.734 3.498 8.66 4.495 12.265 2 2 2 2 2 2
1989-10-20T16:30:00 1989 10 20 16 30 0 4.2 -2.3 717.0 8.8 9.05 6.69 11.36 7.29 2 2 2 2 2 2 2 2 7.7 7.34 -186.0 -2.3 -2.3 -2.3 -2.3 -2.3 -2.3 3.403 1.871 3.475 5.472 2.936 8.608 2 2 2 2 2 2
1989-10-20T17:30:00 1989 10 20 17 30 0 12.0 -6.5 773.0 25.0 29.88 23.22 17.19 32.49 2 2 2 2 2 2 2 2 7.7 7.46 -83.0 -6.5 -6.5 -6.5 -6.5 -6.5 -6.5 3.349 2.147 3.657 5.255 4.911 25.598 2 2 2 2 2 2
1989-10-20T18:30:00 1989 10 20 18 30 0 19.4 -11.1 785.0 27.4 33.77 73.11 35.07 92.6 2 2 2 2 2 2 2 2 8.3 7.66 -186.0 -11.1 -11.1 -11.1 -11.1 -11.1 -11.1 4.347 3.188 4.345 8.585 8.636 56.06 2 2 2 2 2 2
1989-10-20T19:30:00 1989 10 20 19 30 0 19.6 9.2 781.0 22.0 26.84 49.35 10.15 26.66 2 2 2 2 2 2 2 2 8.3 7.86 -170.0 9.2 9.2 9.2 9.2 9.2 9.2 3.307 1.971 4.331 5.479 3.796 31.899 2 2 2 2 2 2
1989-10-20T20:30:00 1989 10 20 20 30 0 10.3 -1.2 809.0 10.8 14.14 19.51 0.52 0.57 2 2 2 2 2 2 2 2 8.3 7.93 -168.0 -1.2 -1.2 -1.2 -1.2 -1.2 -1.2 2.31 1.09 4.209 3.152 1.646 14.947 2 2 2 2 2 2
1989-10-20T21:30:00 1989 10 20 21 30 0 1.1 -4.7 822.0 4.5 6.08 11.93 12.65 8.59 2 2 2 2 2 2 2 2 7.0 7.84 -185.0 -4.7 -4.7 -4.7 -4.7 -4.7 -4.7 2.071 1.096 4.213 2.652 2.601 10.774 2 2 2 2 2 2
1989-10-20T22:30:00 1989 10 20 22 30 0 0.6 1.8 855.0 2.7 3.95 2.29 6.27 2.51 2 2 2 2 2 2 2 2 7.0 7.74 -170.0 1.8 1.8 1.8 1.8 1.8 1.8 1.533 0.678 4.119 1.663 1.266 5.23 2 2 2 2 2 2
1989-10-20T23:30:00 1989 10 20 23 30 0 -5.2 -8.7 876.0 2.0 3.07 13.53 17.28 3.76 2 2 2 2 2 2 2 2 7.0 7.65 -150.0 -8.7 -8.7 -8.7 -8.7 -8.7 -8.7 1.519 0.774 4.164 2.014 2.383 3.781 2 2 2 2 2 2
