1989-03-01T00:30:00 1989 3 1 0 30 0 -0.12 -0.15 391.1 5.3 2.92 0.01 0.29 0.15 0 0 1 0 0 0 1 0 3.3 3.42 -11.0 -1.31 -1.0 -1.89 -1.85 -1.03 -0.75 0.363 0.39 0.53 0.338 0.381 0.493 0 0 0 0 0 0
1989-03-01T01:30:00 1989 3 1 1 30 0 -0.12 -0.15 384.2 5.3 2.92 0.01 0.29 0.15 0 0 1 0 0 0 1 0 3.3 3.45 -19.0 -1.31 -1.0 -1.89 -1.85 -1.03 -0.75 0.359 0.389 0.523 0.331 0.371 0.473 0 0 0 0 0 0
1989-03-01T02:30:00 1989 3 1 2 30 0 -0.12 -0.15 377.3 5.31 2.92 0.01 0.29 0.15 0 0 1 0 0 0 1 0 3.3 3.45 -21.0 -1.32 -1.0 -1.89 -1.85 -1.03 -0.75 0.354 0.388 0.517 0.324 0.36 0.454 0 0 0 0 0 0
1989-03-01T03:30:00 1989 3 1 3 30 0 -0.13 -0.15 370.3 5.31 2.93 0.01 0.28 0.15 0 0 1 0 0 0 1 0 3.0 3.41 -19.0 -1.32 -1.0 -1.89 -1.86 -1.04 -0.75 0.35 0.387 0.511 0.317 0.351 0.435 0 0 0 0 0 0
1989-03-01T04:30:00 1989 3 1 4 30 0 -0.13 -0.15 363.4 5.31 2.93 0.01 0.27 0.15 0 0 1 0 0 0 1 0 3.0 3.37 -23.0 -1.32 -1.0 -1.89 -1.86 -1.04 -0.75 0.345 0.386 0.504 0.311 0.342 0.416 0 0 0 0 0 0
1989-03-01T05:30:00 1989 3 1 5 30 0 -0.13 -0.16 356.4 5.31 2.93 0.01 0.28 0.15 0 0 1 0 0 0 1 0 3.0 3.28 -20.0 -1.32 -1.0 -1.89 -1.86 -1.04 -0.75 0.341 0.384 0.497 0.304 0.332 0.398 0 0 0 0 0 0
1989-03-01T06:30:00 1989 3 1 6 30 0 -0.13 -0.16 349.5 5.32 2.94 0.01 0.28 0.15 0 0 1 0 0 0 1 0 2.0 3.06 -18.0 -1.32 -1.01 -1.89 -1.86 -1.04 -0.76 0.336 0.384 0.49 0.297 0.322 0.381 0 0 0 0 0 0
1989-03-01T07:30:00 1989 3 1 7 30 0 -0.13 -0.16 342.5 5.32 2.94 0.01 0.28 0.15 0 0 1 0 0 0 1 0 2.0 2.85 -18.0 -1.32 -1.01 -1.89 -1.86 -1.04 -0.76 0.331 0.384 0.482 0.29 0.312 0.365 0 0 0 0 0 0
1989-03-01T08:30:00 1989 3 1 8 30 0 -0.13 -0.16 339.0 5.32 2.94 0.01 0.27 0.14 0 0 1 0 0 0 1 0 2.0 2.68 -18.0 -1.32 -1.01 -1.9 -1.86 -1.04 -0.76 0.327 0.383 0.475 0.284 0.304 0.351 0 0 0 0 0 0
1989-03-01T09:30:00 1989 3 1 9 30 0 -0.13 -0.16 339.0 5.32 2.94 0.01 0.27 0.14 0 0 1 0 0 0 1 0 2.7 2.61 -16.0 -1.32 -1.01 -1.9 -1.86 -1.04 -0.76 0.323 0.383 0.468 0.28 0.301 0.344 0 0 0 0 0 0
1989-03-01T10:30:00 1989 3 1 10 30 0 -0.13 -0.17 339.0 5.33 2.95 0.01 0.28 0.15 0 0 1 0 0 0 1 0 2.7 2.54 -10.0 -1.33 -1.01 -1.9 -1.87 -1.04 -0.76 0.321 0.382 0.461 0.279 0.3 0.342 0 0 0 0 0 0
1989-03-01T11:30:00 1989 3 1 11 30 0 -0.13 -0.17 339.0 5.33 2.95 0.01 0.29 0.15 0 0 1 0 0 0 1 0 2.7 2.51 -4.0 -1.33 -1.01 -1.9 -1.87 -1.04 -0.76 0.321 0.382 0.455 0.278 0.3 0.341 0 0 0 0 0 0
1989-03-01T12:30:00 1989 3 1 12 30 0 -0.13 -0.17 339.0 5.33 2.95 0.01 0.29 0.15 0 0 1 0 0 0 1 0 3.3 2.56 -5.0 -1.33 -1.01 -1.9 -1.87 -1.05 -0.76 0.32 0.382 0.448 0.278 0.301 0.34 0 0 0 0 0 0
1989-03-01T13:30:00 1989 3 1 13 30 0 -0.13 -0.17 339.0 5.33 2.96 0.01 0.29 0.15 0 0 1 0 0 0 1 0 3.3 2.6 -3.0 -1.33 -1.01 -1.9 -1.87 -1.05 -0.76 0.32 0.382 0.442 0.278 0.301 0.34 0 0 0 0 0 0
1989-03-01T14:30:00 1989 3 1 14 30 0 -0.13 -0.17 339.0 5.34 2.96 0.01 0.29 0.15 0 0 1 0 0 0 1 0 3.3 2.77 -2.0 -1.33 -1.01 -1.9 -1.87 -1.05 -0.76 0.319 0.383 0.436 0.278 0.302 0.34 0 0 0 0 0 0
1989-03-01T15:30:00 1989 3 1 15 30 0 -0.13 -0.18 339.0 7.97 2.96 0.01 0.3 0.2 0 0 1 1 0 0 1 1 2.7 2.85 -1.0 -1.33 -1.02 -1.91 -1.87 -1.05 -0.76 0.331 0.411 0.431 0.293 0.329 0.433 0 0 0 0 0 0
1989-03-01T16:30:00 1989 3 1 16 30 0 -0.13 -0.18 339.0 12.78 3.0 0.01 0.31 0.32 0 0 1 1 1 0 1 1 2.7 2.93 -3.0 -1.33 -1.02 -1.91 -1.87 -1.05 -0.77 0.361 0.477 0.428 0.331 0.385 0.708 0 0 0 0 0 0
1989-03-01T17:30:00 1989 3 1 17 30 0 0.35 -0.18 339.0 17.59 3.73 0.01 0.31 0.47 1 0 1 1 1 1 1 1 2.7 2.92 2.0 -1.33 -1.02 -1.91 -1.87 -1.05 -0.77 0.402 0.558 0.426 0.379 0.447 1.13 0 0 0 0 0 0
1989-03-01T18:30:00 1989 3 1 18 30 0 1.62 -0.18 339.0 22.4 4.46 0.11 0.31 0.62 1 0 1 1 1 1 1 1 2.0 2.83 5.0 -1.34 -1.02 -1.91 -1.88 -1.05 -0.77 0.448 0.64 0.426 0.43 0.503 1.639 0 0 0 0 0 0
1989-03-01T19:30:00 1989 3 1 19 30 0 2.9 0.45 339.0 26.3 5.18 0.35 0.03 0.07 1 1 1 1 1 1 1 1 2.0 2.73 8.0 -0.55 -0.27 -1.04 -1.02 -0.3 -0.05 0.426 0.56 0.422 0.388 0.393 1.443 0 0 0 0 1 1
1989-03-01T20:30:00 1989 3 1 20 30 0 3.6 3.73 339.0 26.3 5.41 0.32 0.0 0.0 1 1 1 1 1 1 1 1 2.0 2.57 4.0 3.52 3.58 3.42 3.42 3.57 3.62 0.288 0.278 0.409 0.217 0.124 0.599 0 0 0 0 1 1
1989-03-01T21:30:00 1989 3 1 21 30 0 3.6 4.6 339.0 26.3 5.41 0.24 0.0 0.0 2 2 2 2 2 2 2 2 2.3 2.45 3.0 4.6 4.6 4.6 4.6 4.6 4.6 0.195 0.138 0.396 0.122 0.039 0.248 0 0 0 0 1 1
1989-03-01T22:30:00 1989 3 1 22 30 0 -2.6 0.2 369.0 17.7 4.19 0.1 0.0 0.0 1 1 1 1 1 1 1 1 2.3 2.33 0.0 0.2 0.2 0.2 0.2 0.2 0.2 0.132 0.069 0.384 0.068 0.012 0.103 0 0 0 0 1 1
1989-03-01T23:30:00 1989 3 1 23 30 0 -8.8 -4.2 399.0 9.1 2.98 5.22 4.26 4.93 2 2 2 2 2 2 2 2 2.3 2.28 -4.0 -4.2 -4.2 -4.2 -4.2 -4.2 -4.2 0.368 0.565 0.394 0.373 0.695 1.467 2 2 0 2 2 2
