1989-05-06T00:30:00 1989 5 6 0 30 0 -2.9 -0.3 539.0 5.3 3.12 1.4 1.58 0.75 2 2 2 2 2 2 2 2 2.3 3.4 -59.0 -0.3 -0.3 -0.3 -0.3 -0.3 -0.3 0.132 0.184 0.889 0.074 0.32 0.592 2 2 1 2 2 2
1989-05-06T01:30:00 1989 5 6 1 30 0 -3.2 0.0 528.0 5.5 3.09 1.1 0.37 0.2 2 2 2 2 2 2 2 2 2.3 3.34 -50.0 0.0 0.0 0.0 0.0 0.0 0.0 0.104 0.129 0.862 0.047 0.166 0.403 2 2 1 2 2 2
1989-05-06T02:30:00 1989 5 6 2 30 0 -2.35 -0.8 521.5 5.3 2.93 1.04 1.13 0.61 1 1 1 1 1 1 1 1 2.3 3.16 -44.0 -0.8 -0.8 -0.8 -0.8 -0.8 -0.8 0.135 0.199 0.84 0.07 0.319 0.635 1 1 1 1 1 1
1989-05-06T03:30:00 1989 5 6 3 30 0 -1.5 -1.6 515.0 5.1 2.77 1.08 3.19 1.65 2 2 2 2 2 2 2 2 2.7 3.03 -41.0 -1.6 -1.6 -1.6 -1.6 -1.6 -1.6 0.233 0.346 0.826 0.172 0.579 0.974 2 2 1 2 2 2
1989-05-06T04:30:00 1989 5 6 4 30 0 -2.0 -1.5 511.0 4.9 2.71 1.26 3.96 1.98 2 2 2 2 2 2 2 2 2.7 2.91 -39.0 -1.5 -1.5 -1.5 -1.5 -1.5 -1.5 0.316 0.437 0.815 0.25 0.685 1.112 2 2 1 2 2 2
1989-05-06T05:30:00 1989 5 6 5 30 0 -2.8 -1.0 512.0 5.2 2.8 1.38 3.14 1.59 2 2 2 2 2 2 2 2 2.7 2.79 -41.0 -1.0 -1.0 -1.0 -1.0 -1.0 -1.0 0.339 0.44 0.8 0.249 0.632 1.091 2 2 1 2 2 2
1989-05-06T06:30:00 1989 5 6 6 30 0 -5.3 0.1 511.0 4.3 2.3 2.08 1.06 0.52 2 2 2 2 2 2 2 2 2.7 2.67 -40.0 0.1 0.1 0.1 0.1 0.1 0.1 0.266 0.29 0.778 0.161 0.319 0.665 2 2 1 2 2 2
1989-05-06T07:30:00 1989 5 6 7 30 0 -4.1 -1.6 508.0 4.8 2.57 2.88 2.09 0.97 2 2 2 2 2 2 2 2 2.7 2.56 -35.0 -1.6 -1.6 -1.6 -1.6 -1.6 -1.6 0.286 0.34 0.762 0.184 0.482 0.797 2 2 1 2 2 2
1989-05-06T08:30:00 1989 5 6 8 30 0 -3.8 -0.5 503.0 4.7 2.61 2.35 2.54 1.21 2 2 2 2 2 2 2 2 2.7 2.6 -38.0 -0.5 -0.5 -0.5 -0.5 -0.5 -0.5 0.287 0.341 0.746 0.175 0.46 0.791 2 2 1 2 2 2
1989-05-06T09:30:00 1989 5 6 9 30 0 -3.8 -0.42 501.0 4.7 2.61 1.76 1.15 0.54 1 1 1 1 1 1 1 1 3.0 2.69 -41.0 -0.62 -0.56 -0.73 -0.73 -0.57 -0.52 0.259 0.298 0.727 0.147 0.38 0.68 2 2 1 2 1 1
1989-05-06T10:30:00 1989 5 6 10 30 0 -3.11 -0.14 499.0 4.72 2.69 1.35 0.67 0.32 1 1 1 1 1 1 1 1 3.0 2.78 -41.0 -1.05 -0.78 -1.6 -1.56 -0.81 -0.58 0.271 0.302 0.716 0.199 0.407 0.649 1 1 1 1 1 1
1989-05-06T11:30:00 1989 5 6 11 30 0 -1.85 -0.08 497.0 4.81 2.92 0.67 0.27 0.13 1 0 1 1 1 1 1 1 3.0 2.82 -35.0 -1.13 -0.82 -1.76 -1.72 -0.85 -0.59 0.297 0.319 0.709 0.274 0.441 0.648 1 1 1 1 0 1
1989-05-06T12:30:00 1989 5 6 12 30 0 -0.77 -0.08 495.0 4.9 2.89 0.2 0.2 0.1 1 0 1 1 1 1 1 1 2.0 2.72 -31.0 -1.13 -0.82 -1.76 -1.72 -0.85 -0.59 0.318 0.33 0.703 0.323 0.455 0.654 1 0 1 0 0 0
1989-05-06T13:30:00 1989 5 6 13 30 0 -0.8 -0.08 493.0 4.99 2.86 0.08 0.2 0.1 1 0 1 1 1 1 1 1 2.0 2.63 -37.0 -1.13 -0.82 -1.76 -1.72 -0.85 -0.59 0.333 0.337 0.697 0.351 0.46 0.662 0 0 1 0 0 0
1989-05-06T14:30:00 1989 5 6 14 30 0 -1.32 0.36 491.0 5.08 2.59 0.1 0.01 0.01 1 1 1 1 1 1 1 1 2.0 2.54 -37.0 -0.55 -0.28 -1.1 -1.06 -0.31 -0.08 0.307 0.283 0.687 0.313 0.352 0.507 1 0 1 0 1 1
1989-05-06T15:30:00 1989 5 6 15 30 0 -1.6 2.6 489.0 5.1 2.51 0.07 0.0 0.0 1 1 1 1 1 1 1 1 2.7 2.54 -39.0 2.41 2.47 2.3 2.31 2.46 2.51 0.208 0.141 0.666 0.178 0.111 0.21 1 0 1 0 1 1
1989-05-06T16:30:00 1989 5 6 16 30 0 -1.6 3.2 487.0 5.1 2.51 0.05 0.0 0.0 2 2 2 2 2 2 2 2 2.7 2.54 -38.0 3.2 3.2 3.2 3.2 3.2 3.2 0.141 0.07 0.646 0.1 0.035 0.087 1 0 1 0 1 1
1989-05-06T17:30:00 1989 5 6 17 30 0 -2.0 1.6 464.0 4.9 2.23 0.09 0.0 0.0 2 2 2 2 2 2 2 2 2.7 2.51 -33.0 1.6 1.6 1.6 1.6 1.6 1.6 0.095 0.035 0.626 0.056 0.011 0.036 1 0 1 0 1 1
1989-05-06T18:30:00 1989 5 6 18 30 0 -5.4 4.4 482.0 7.5 3.46 0.54 0.0 0.0 2 2 2 2 2 2 2 2 3.3 2.56 -24.0 4.4 4.4 4.4 4.4 4.4 4.4 0.065 0.017 0.607 0.031 0.004 0.015 1 0 1 0 1 1
1989-05-06T19:30:00 1989 5 6 19 30 0 -8.2 0.5 493.0 7.7 3.54 2.99 0.0 0.0 2 2 2 2 2 2 2 2 3.3 2.6 -21.0 0.5 0.5 0.5 0.5 0.5 0.5 0.044 0.009 0.588 0.017 0.001 0.006 1 0 1 0 1 1
1989-05-06T20:30:00 1989 5 6 20 30 0 -7.3 -0.9 484.0 8.4 3.68 5.67 0.8 0.66 2 2 2 2 2 2 2 2 3.3 2.77 -25.0 -0.9 -0.9 -0.9 -0.9 -0.9 -0.9 0.09 0.143 0.574 0.053 0.25 0.589 2 2 1 2 2 2
1989-05-06T21:30:00 1989 5 6 21 30 0 -6.0 1.6 467.0 11.2 4.63 3.64 0.3 0.27 2 2 2 2 2 2 2 2 4.0 3.02 -28.0 1.6 1.6 1.6 1.6 1.6 1.6 0.07 0.091 0.557 0.034 0.107 0.337 2 2 1 2 2 2
1989-05-06T22:30:00 1989 5 6 22 30 0 -0.7 4.1 463.0 9.1 3.7 0.53 0.0 0.0 2 2 2 2 2 2 2 2 4.0 3.27 -23.0 4.1 4.1 4.1 4.1 4.1 4.1 0.047 0.045 0.54 0.019 0.034 0.14 2 2 1 2 2 2
1989-05-06T23:30:00 1989 5 6 23 30 0 2.0 2.5 456.0 7.8 3.06 0.02 0.0 0.0 2 2 2 2 2 2 2 2 4.0 3.43 -20.0 2.5 2.5 2.5 2.5 2.5 2.5 0.032 0.023 0.523 0.011 0.011 0.058 2 2 1 2 2 2
