1989-10-07T00:30:00 1989 10 7 0 30 0 -5.9 -0.05 379.0 7.5 2.16 3.63 2.59 1.94 1 1 1 1 1 1 1 1 3.3 2.78 -10.0 -0.05 -0.05 -0.05 -0.05 -0.05 -0.05 0.415 0.545 0.158 0.344 0.469 0.909 2 2 2 2 2 2
1989-10-07T01:30:00 1989 10 7 1 30 0 -6.1 2.8 374.0 7.5 2.12 1.86 0.0 0.0 2 2 2 2 2 2 2 2 3.3 2.82 -7.0 2.8 2.8 2.8 2.8 2.8 2.8 0.281 0.271 0.153 0.193 0.148 0.377 2 2 2 2 2 2
1989-10-07T02:30:00 1989 10 7 2 30 0 -5.6 1.1 368.0 7.9 2.26 1.55 0.0 0.0 2 2 2 2 2 2 2 2 3.3 2.95 -7.0 1.1 1.1 1.1 1.1 1.1 1.1 0.19 0.134 0.148 0.108 0.047 0.156 2 2 2 2 2 2
1989-10-07T03:30:00 1989 10 7 3 30 0 -4.0 -6.3 380.0 8.0 2.38 4.88 5.56 4.43 2 2 2 2 2 2 2 2 3.3 3.07 0.0 -6.3 -6.3 -6.3 -6.3 -6.3 -6.3 0.446 0.631 0.171 0.508 0.741 1.068 2 2 2 2 2 2
1989-10-07T04:30:00 1989 10 7 4 30 0 -4.0 -5.6 373.0 8.2 2.43 8.91 11.14 9.03 2 2 2 2 2 2 2 2 3.3 3.19 -9.0 -5.6 -5.6 -5.6 -5.6 -5.6 -5.6 0.779 1.084 0.215 1.003 1.172 1.731 2 2 2 2 2 2
1989-10-07T05:30:00 1989 10 7 5 30 0 -6.7 -0.5 372.0 8.0 2.29 5.06 5.29 4.29 2 2 2 2 2 2 2 2 3.3 3.23 -17.0 -0.5 -0.5 -0.5 -0.5 -0.5 -0.5 0.729 0.909 0.225 0.778 0.784 1.395 2 2 2 2 2 2
1989-10-07T06:30:00 1989 10 7 6 30 0 -5.9 4.1 375.0 8.3 2.44 1.91 0.02 0.01 2 2 2 2 2 2 2 2 2.0 3.09 -15.0 4.1 4.1 4.1 4.1 4.1 4.1 0.494 0.451 0.218 0.436 0.248 0.579 2 2 2 2 2 2
1989-10-07T07:30:00 1989 10 7 7 30 0 -4.9 3.5 370.0 9.5 2.7 0.84 0.0 0.0 2 2 2 2 2 2 2 2 2.0 2.96 -9.0 3.5 3.5 3.5 3.5 3.5 3.5 0.334 0.224 0.211 0.244 0.079 0.24 2 2 2 2 2 2
1989-10-07T08:30:00 1989 10 7 8 30 0 -4.62 3.03 373.0 9.5 2.79 0.68 0.0 0.0 1 1 2 2 2 1 2 2 2.0 2.8 -9.0 2.66 2.72 2.52 2.53 2.71 2.76 0.226 0.111 0.205 0.137 0.025 0.1 2 2 2 2 2 2
1989-10-07T09:30:00 1989 10 7 9 30 0 -4.0 1.99 398.0 10.5 3.44 0.66 0.0 0.0 1 1 2 2 2 1 2 2 1.3 2.54 -7.0 0.51 0.76 -0.02 0.01 0.74 0.94 0.153 0.055 0.198 0.076 0.008 0.041 2 2 2 2 2 2
1989-10-07T10:30:00 1989 10 7 10 30 0 -3.38 5.33 395.0 10.7 3.43 0.34 0.0 0.0 1 1 2 2 2 1 2 2 1.3 2.29 -3.0 4.96 5.02 4.83 4.84 5.02 5.07 0.104 0.027 0.192 0.043 0.002 0.017 2 2 2 2 2 2
1989-10-07T11:30:00 1989 10 7 11 30 0 -3.1 6.3 380.0 9.1 2.64 0.14 0.0 0.0 2 2 2 2 2 2 2 2 1.3 2.04 -1.0 6.3 6.3 6.3 6.3 6.3 6.3 0.07 0.014 0.187 0.024 0.001 0.007 2 2 2 2 2 2
1989-10-07T12:30:00 1989 10 7 12 30 0 -7.0 4.2 392.0 9.3 2.84 0.73 0.0 0.0 2 2 2 2 2 2 2 2 2.7 1.98 5.0 4.2 4.2 4.2 4.2 4.2 4.2 0.048 0.007 0.181 0.013 0.0 0.003 2 2 2 2 2 2
1989-10-07T13:30:00 1989 10 7 13 30 0 -7.6 0.3 399.0 10.2 3.12 2.74 0.0 0.0 2 2 2 2 2 2 2 2 2.7 1.92 1.0 0.3 0.3 0.3 0.3 0.3 0.3 0.032 0.003 0.175 0.008 0.0 0.001 2 2 2 2 2 2
1989-10-07T14:30:00 1989 10 7 14 30 0 -6.4 3.4 395.0 10.1 3.24 2.49 0.0 0.0 2 2 2 2 2 2 2 2 2.7 2.01 -3.0 3.4 3.4 3.4 3.4 3.4 3.4 0.022 0.002 0.17 0.004 0.0 0.001 2 2 2 2 2 2
1989-10-07T15:30:00 1989 10 7 15 30 0 -3.6 -0.1 380.0 9.1 2.63 1.2 0.02 0.01 2 2 2 2 2 2 2 2 2.3 2.05 -4.0 -0.1 -0.1 -0.1 -0.1 -0.1 -0.1 0.019 0.018 0.165 0.004 0.022 0.06 2 2 2 2 2 2
1989-10-07T16:30:00 1989 10 7 16 30 0 -4.7 7.6 397.0 8.0 2.61 0.49 0.0 0.0 2 2 2 2 2 2 2 2 2.3 2.09 -3.0 7.6 7.6 7.6 7.6 7.6 7.6 0.013 0.009 0.16 0.002 0.007 0.025 2 2 2 2 2 2
1989-10-07T17:30:00 1989 10 7 17 30 0 -6.3 -1.7 384.0 7.5 2.28 1.69 0.44 0.33 2 2 2 2 2 2 2 2 2.3 2.21 -3.0 -1.7 -1.7 -1.7 -1.7 -1.7 -1.7 0.055 0.109 0.157 0.046 0.15 0.226 2 2 2 2 2 2
1989-10-07T18:30:00 1989 10 7 18 30 0 -5.1 1.1 393.0 6.2 2.0 2.62 0.86 0.62 2 2 2 2 2 2 2 2 2.7 2.38 -5.0 1.1 1.1 1.1 1.1 1.1 1.1 0.067 0.118 0.154 0.044 0.115 0.225 2 2 2 2 2 2
1989-10-07T19:30:00 1989 10 7 19 30 0 -4.8 3.4 412.0 6.2 2.29 1.03 0.0 0.0 2 2 2 2 2 2 2 2 2.7 2.55 -9.0 3.4 3.4 3.4 3.4 3.4 3.4 0.045 0.059 0.149 0.024 0.036 0.093 2 2 2 2 2 2
1989-10-07T20:30:00 1989 10 7 20 30 0 -6.8 -2.1 415.0 6.5 2.38 2.83 1.02 0.66 2 2 2 2 2 2 2 2 2.7 2.55 -5.0 -2.1 -2.1 -2.1 -2.1 -2.1 -2.1 0.107 0.19 0.149 0.088 0.259 0.388 2 2 2 2 2 2
1989-10-07T21:30:00 1989 10 7 21 30 0 -5.7 0.5 400.0 6.4 2.13 3.65 1.57 1.01 2 2 2 2 2 2 2 2 3.3 2.63 -9.0 0.5 0.5 0.5 0.5 0.5 0.5 0.127 0.205 0.148 0.088 0.213 0.394 2 2 2 2 2 2
1989-10-07T22:30:00 1989 10 7 22 30 0 -2.4 -1.7 382.0 6.0 2.17 1.63 1.41 0.86 2 2 2 2 2 2 2 2 3.3 2.71 -6.0 -1.7 -1.7 -1.7 -1.7 -1.7 -1.7 0.172 0.296 0.148 0.12 0.323 0.512 2 2 2 2 2 2
1989-10-07T23:30:00 1989 10 7 23 30 0 -4.5 2.7 417.0 6.3 2.24 0.84 0.51 0.31 2 2 2 2 2 2 2 2 3.3 2.84 -7.0 2.7 2.7 2.7 2.7 2.7 2.7 0.129 0.175 0.144 0.074 0.131 0.264 2 2 2 2 2 2
