1989-11-29T00:30:00 1989 11 29 0 30 0 -16.2 10.1 701.6 3.6 4.42 9.58 0.0 0.0 2 2 1 1 1 2 2 1 3.3 3.57 23.0 10.1 10.1 10.1 10.1 10.1 10.1 0.007 0.001 0.208 0.003 0.0 0.001 0 0 2 0 0 0
1989-11-29T01:30:00 1989 11 29 1 30 0 -17.5 4.2 693.3 3.6 4.3 17.57 0.0 0.0 2 2 1 1 1 2 2 1 3.3 3.56 10.0 4.2 4.2 4.2 4.2 4.2 4.2 0.005 0.0 0.202 0.002 0.0 0.0 0 0 2 0 0 0
1989-11-29T02:30:00 1989 11 29 2 30 0 -17.5 3.76 684.9 4.44 3.91 23.27 0.0 0.0 1 1 1 1 1 1 1 1 3.3 3.56 3.0 3.31 3.36 3.2 3.21 3.35 3.38 0.003 0.0 0.195 0.001 0.0 0.0 0 0 2 0 0 0
1989-11-29T03:30:00 1989 11 29 3 30 0 -14.87 2.14 676.5 5.47 3.53 21.3 0.0 0.0 1 1 1 1 1 1 1 1 3.0 3.52 -8.0 0.03 0.24 -0.48 -0.44 0.22 0.37 0.002 0.0 0.191 0.014 0.0 0.0 0 0 2 1 0 0
1989-11-29T04:30:00 1989 11 29 4 30 0 -9.99 1.83 668.2 5.63 3.14 13.54 0.0 0.0 1 0 1 1 1 1 1 1 3.0 3.48 -9.0 -0.6 -0.36 -1.18 -1.14 -0.38 -0.21 0.062 0.064 0.199 0.124 0.195 0.266 0 0 2 0 0 0
1989-11-29T05:30:00 1989 11 29 5 30 0 -5.12 1.83 659.8 5.08 3.09 4.87 0.0 0.0 1 0 1 1 1 1 1 1 3.0 3.35 -9.0 -0.6 -0.36 -1.18 -1.14 -0.38 -0.21 0.13 0.14 0.212 0.218 0.358 0.603 0 0 1 0 0 0
1989-11-29T06:30:00 1989 11 29 6 30 0 -4.5 1.83 651.5 4.06 2.41 1.74 0.0 0.0 1 0 1 1 1 1 1 1 3.3 3.27 -18.0 -0.6 -0.36 -1.18 -1.14 -0.38 -0.21 0.169 0.169 0.223 0.257 0.382 0.628 0 0 1 0 0 0
1989-11-29T07:30:00 1989 11 29 7 30 0 -7.8 1.83 643.1 2.48 1.72 3.31 0.0 0.0 1 0 1 1 1 1 1 1 3.3 3.19 -22.0 -0.59 -0.36 -1.18 -1.14 -0.38 -0.21 0.182 0.167 0.23 0.257 0.345 0.484 0 0 1 0 0 0
1989-11-29T08:30:00 1989 11 29 8 30 0 -11.1 1.53 634.7 1.2 1.04 8.18 0.0 0.0 1 1 1 1 1 1 1 1 3.3 3.19 -17.0 -0.57 -0.36 -1.07 -1.04 -0.38 -0.23 0.175 0.145 0.233 0.224 0.278 0.301 0 0 1 0 1 0
1989-11-29T09:30:00 1989 11 29 9 30 0 -12.9 0.01 626.4 1.2 0.83 14.36 0.0 0.0 1 1 1 1 1 1 1 1 3.3 3.19 -14.0 -0.44 -0.39 -0.54 -0.53 -0.4 -0.36 0.158 0.128 0.231 0.165 0.241 0.206 0 1 1 1 1 1
1989-11-29T10:30:00 1989 11 29 10 30 0 -12.9 -0.4 618.0 1.2 0.83 17.72 0.66 0.08 2 2 2 2 2 2 2 2 3.3 3.19 -18.0 -0.4 -0.4 -0.4 -0.4 -0.4 -0.4 0.141 0.121 0.227 0.114 0.227 0.172 1 1 1 1 2 1
1989-11-29T11:30:00 1989 11 29 11 30 0 -10.2 -0.2 609.0 2.1 1.64 14.37 0.89 0.15 2 2 1 1 1 2 2 1 3.3 3.23 -17.0 -0.2 -0.2 -0.2 -0.2 -0.2 -0.2 0.122 0.113 0.221 0.077 0.2 0.186 1 1 1 1 1 1
1989-11-29T12:30:00 1989 11 29 12 30 0 -9.0 0.0 600.0 3.0 2.45 9.99 0.28 0.07 2 2 2 2 2 2 2 2 3.3 3.26 -20.0 0.0 0.0 0.0 0.0 0.0 0.0 0.091 0.076 0.215 0.046 0.107 0.142 1 1 1 1 2 2
1989-11-29T13:30:00 1989 11 29 13 30 0 -8.53 -0.16 601.0 2.7 2.45 8.45 0.26 0.07 1 1 2 2 2 1 2 2 3.3 3.3 -33.0 -0.16 -0.16 -0.16 -0.16 -0.16 -0.16 0.075 0.073 0.209 0.031 0.117 0.178 1 1 1 1 1 1
1989-11-29T14:30:00 1989 11 29 14 30 0 -8.07 -0.84 591.5 1.7 1.44 8.24 1.57 0.32 1 1 1 1 1 1 1 1 3.3 3.3 -28.0 -0.84 -0.84 -0.84 -0.84 -0.84 -0.84 0.106 0.132 0.206 0.056 0.273 0.263 1 1 1 1 1 1
1989-11-29T15:30:00 1989 11 29 15 30 0 -7.6 -1.0 582.0 0.7 0.43 7.93 2.72 0.31 2 2 2 2 2 2 2 2 3.7 3.35 -17.0 -1.0 -1.0 -1.0 -1.0 -1.0 -1.0 0.133 0.16 0.206 0.081 0.315 0.207 1 2 1 2 2 1
1989-11-29T16:30:00 1989 11 29 16 30 0 -7.6 -0.48 573.4 1.02 0.49 7.15 2.08 0.18 1 1 1 1 1 1 1 1 3.7 3.4 -14.0 -0.92 -0.88 -1.03 -1.02 -0.88 -0.85 0.149 0.167 0.205 0.097 0.313 0.166 1 1 1 1 1 1
1989-11-29T17:30:00 1989 11 29 17 30 0 -6.25 1.46 564.8 1.34 0.85 4.56 0.11 0.01 1 1 1 1 1 1 1 1 3.7 3.46 -24.0 -0.64 -0.44 -1.15 -1.11 -0.46 -0.31 0.153 0.157 0.205 0.116 0.27 0.148 1 1 1 1 1 1
1989-11-29T18:30:00 1989 11 29 18 30 0 -4.85 0.88 556.2 1.66 1.22 2.43 0.0 0.0 1 1 1 1 1 1 1 1 4.0 3.54 -31.0 -1.22 -1.01 -1.72 -1.68 -1.03 -0.88 0.179 0.182 0.21 0.167 0.328 0.192 1 1 1 1 1 1
1989-11-29T19:30:00 1989 11 29 19 30 0 -3.5 -4.0 547.6 1.98 1.58 3.99 4.97 0.94 1 1 1 1 1 1 1 1 4.0 3.63 -34.0 -4.44 -4.4 -4.55 -4.54 -4.4 -4.37 0.345 0.377 0.238 0.434 0.761 0.44 1 1 1 1 1 1
1989-11-29T20:30:00 1989 11 29 20 30 0 -3.5 -5.3 539.0 2.3 1.64 8.73 12.77 2.76 2 2 2 2 2 2 2 2 4.0 3.72 -33.0 -5.3 -5.3 -5.3 -5.3 -5.3 -5.3 0.569 0.595 0.287 0.788 1.138 0.715 2 2 1 2 2 2
1989-11-29T21:30:00 1989 11 29 21 30 0 -3.5 -3.98 539.0 2.3 1.64 8.36 12.36 2.84 1 1 1 1 1 1 1 1 3.0 3.68 -30.0 -4.43 -4.39 -4.54 -4.53 -4.39 -4.36 0.709 0.693 0.332 0.956 1.217 0.831 1 1 1 1 1 1
1989-11-29T22:30:00 1989 11 29 22 30 0 -3.47 0.9 539.0 2.3 1.78 2.81 3.93 0.9 1 1 1 1 1 1 1 1 3.0 3.63 -33.0 -1.2 -1.0 -1.7 -1.67 -1.02 -0.87 0.652 0.57 0.348 0.776 0.851 0.671 1 1 1 1 1 1
1989-11-29T23:30:00 1989 11 29 23 30 0 -3.42 1.82 539.0 3.38 2.21 0.75 0.0 0.0 1 0 1 1 1 1 1 1 3.0 3.54 -32.0 -0.59 -0.35 -1.16 -1.12 -0.37 -0.2 0.518 0.389 0.349 0.541 0.488 0.478 1 1 1 1 1 1
