1989-04-15T00:30:00 1989 4 15 0 30 0 6.9 -4.1 414.5 4.5 1.5 10.52 8.79 3.95 2 2 1 1 1 2 2 1 5.0 5.0 -75.0 -4.1 -4.1 -4.1 -4.1 -4.1 -4.1 1.479 1.236 0.85 1.735 1.144 1.41 2 2 2 2 1 2
1989-04-15T01:30:00 1989 4 15 1 30 0 3.0 -9.5 413.9 4.5 1.73 13.96 14.55 6.55 2 2 1 1 1 2 2 1 5.0 5.16 -72.0 -9.5 -9.5 -9.5 -9.5 -9.5 -9.5 1.517 1.335 0.892 1.888 1.429 1.471 1 1 2 1 1 1
1989-04-15T02:30:00 1989 4 15 2 30 0 8.7 -5.3 413.4 5.37 2.46 15.9 14.94 7.37 2 2 1 1 1 2 2 1 5.0 5.19 -85.0 -5.3 -5.3 -5.3 -5.3 -5.3 -5.3 1.511 1.349 0.928 1.852 1.428 1.554 1 1 1 1 1 1
1989-04-15T03:30:00 1989 4 15 3 30 0 5.1 -5.5 412.8 6.44 3.18 11.7 11.17 6.65 2 2 1 1 1 2 2 1 5.3 5.26 -86.0 -5.5 -5.5 -5.5 -5.5 -5.5 -5.5 1.454 1.325 0.949 1.692 1.384 1.727 1 1 1 1 1 1
1989-04-15T04:30:00 1989 4 15 4 30 0 0.7 -8.4 412.3 7.51 3.9 12.12 14.58 10.29 2 2 1 1 1 2 2 1 5.3 5.33 -82.0 -8.4 -8.4 -8.4 -8.4 -8.4 -8.4 1.586 1.531 0.998 2.002 1.685 2.295 1 1 1 1 1 1
1989-04-15T05:30:00 1989 4 15 5 30 0 4.9 -6.2 411.7 8.58 3.93 12.59 14.85 11.97 2 2 1 1 0 2 2 1 5.3 5.28 -91.0 -6.2 -6.2 -6.2 -6.2 -6.2 -6.2 1.673 1.642 1.046 2.133 1.759 2.74 1 1 1 1 1 1
1989-04-15T06:30:00 1989 4 15 6 30 0 5.45 -4.9 411.2 9.16 3.93 9.95 11.31 10.04 1 1 1 0 0 1 1 1 4.3 5.11 -95.0 -4.9 -4.9 -4.9 -4.9 -4.9 -4.9 1.626 1.586 1.07 1.942 1.616 2.872 1 1 1 1 0 0
1989-04-15T07:30:00 1989 4 15 7 30 0 6.0 -3.6 410.6 9.16 3.93 7.85 8.62 7.9 2 2 1 0 0 2 2 1 4.3 4.93 -79.0 -3.6 -3.6 -3.6 -3.6 -3.6 -3.6 1.491 1.432 1.077 1.613 1.388 2.719 1 0 1 0 0 0
1989-04-15T08:30:00 1989 4 15 8 30 0 5.7 -5.8 410.1 9.16 3.93 9.15 9.83 9.0 2 2 1 0 0 2 2 1 4.3 4.84 -72.0 -5.8 -5.8 -5.8 -5.8 -5.8 -5.8 1.481 1.466 1.095 1.611 1.487 2.864 0 0 1 0 0 0
1989-04-15T09:30:00 1989 4 15 9 30 0 6.6 -5.1 409.5 9.17 3.93 10.87 11.11 10.18 2 2 1 0 0 2 2 1 3.3 4.62 -79.0 -5.1 -5.1 -5.1 -5.1 -5.1 -5.1 1.499 1.506 1.118 1.653 1.536 2.957 0 0 1 0 0 0
1989-04-15T10:30:00 1989 4 15 10 30 0 4.5 -5.9 409.0 9.17 3.93 10.28 11.32 10.38 2 2 1 0 0 2 2 1 3.3 4.4 -70.0 -5.9 -5.9 -5.9 -5.9 -5.9 -5.9 1.533 1.557 1.143 1.732 1.6 3.049 0 0 1 0 0 0
1989-04-15T11:30:00 1989 4 15 11 30 0 4.1 -3.8 408.5 9.17 3.93 7.42 9.73 8.93 2 2 1 0 0 2 2 1 3.3 4.15 -72.0 -3.8 -3.8 -3.8 -3.8 -3.8 -3.8 1.466 1.465 1.154 1.572 1.439 2.862 0 0 1 0 0 0
1989-04-15T12:30:00 1989 4 15 12 30 0 4.6 -3.4 407.9 9.18 3.93 5.28 7.31 6.71 2 2 1 0 0 2 2 1 3.3 3.91 -70.0 -3.4 -3.4 -3.4 -3.4 -3.4 -3.4 1.338 1.318 1.151 1.32 1.253 2.598 0 0 1 0 0 0
1989-04-15T13:30:00 1989 4 15 13 30 0 4.8 -2.3 407.4 9.18 3.93 4.44 5.72 5.25 2 2 1 0 0 2 2 1 3.3 3.66 -67.0 -2.3 -2.3 -2.3 -2.3 -2.3 -2.3 1.177 1.142 1.138 1.045 1.045 2.283 0 0 1 0 0 0
1989-04-15T14:30:00 1989 4 15 14 30 0 3.6 -5.0 406.8 9.18 3.93 5.46 7.66 7.03 2 2 1 0 0 2 2 1 3.3 3.54 -68.0 -5.0 -5.0 -5.0 -5.0 -5.0 -5.0 1.185 1.222 1.141 1.121 1.23 2.475 0 0 1 0 0 0
1989-04-15T15:30:00 1989 4 15 15 30 0 4.9 -2.5 406.3 8.52 3.93 5.39 7.41 6.57 2 2 1 1 0 2 2 1 3.3 3.42 -67.0 -2.5 -2.5 -2.5 -2.5 -2.5 -2.5 1.126 1.157 1.137 1.028 1.117 2.282 0 0 1 0 1 1
1989-04-15T16:30:00 1989 4 15 16 30 0 5.0 -2.3 405.7 7.31 3.89 4.1 4.85 3.82 2 2 1 1 1 2 2 1 3.3 3.3 -67.0 -2.3 -2.3 -2.3 -2.3 -2.3 -2.3 0.989 0.991 1.12 0.818 0.911 1.843 0 1 1 1 1 1
1989-04-15T17:30:00 1989 4 15 17 30 0 5.8 -1.7 405.2 6.1 3.09 4.07 4.0 2.68 2 2 1 1 1 2 2 1 3.3 3.3 -63.0 -1.7 -1.7 -1.7 -1.7 -1.7 -1.7 0.846 0.824 1.098 0.628 0.731 1.401 1 1 1 1 1 1
1989-04-15T18:30:00 1989 4 15 18 30 0 6.02 -1.41 404.6 4.89 2.29 4.07 3.12 1.71 1 1 1 1 1 1 1 1 2.7 3.22 -63.0 -1.66 -1.59 -1.8 -1.79 -1.6 -1.54 0.717 0.681 1.075 0.492 0.599 1.025 1 1 1 1 1 1
1989-04-15T19:30:00 1989 4 15 19 30 0 6.5 -0.15 404.1 3.9 1.48 3.64 1.47 0.66 1 1 1 1 1 1 1 1 2.7 3.14 -61.0 -1.15 -0.87 -1.69 -1.66 -0.9 -0.65 0.594 0.527 1.051 0.398 0.445 0.674 1 1 1 1 1 1
1989-04-15T20:30:00 1989 4 15 20 30 0 6.98 1.12 403.5 3.9 1.23 3.11 0.01 0.0 1 1 1 1 1 1 1 1 2.7 3.07 -55.0 0.87 0.94 0.74 0.74 0.93 0.99 0.417 0.28 1.021 0.241 0.161 0.299 1 1 1 1 1 1
1989-04-15T21:30:00 1989 4 15 21 30 0 7.2 1.4 403.0 3.9 1.23 2.94 0.0 0.0 2 2 2 2 2 2 2 2 2.7 2.99 -47.0 1.4 1.4 1.4 1.4 1.4 1.4 0.283 0.139 0.989 0.135 0.051 0.124 1 1 1 1 1 1
1989-04-15T22:30:00 1989 4 15 22 30 0 7.9 1.3 393.0 4.0 1.25 3.27 0.0 0.0 2 2 2 2 2 2 2 2 2.7 2.92 -43.0 1.3 1.3 1.3 1.3 1.3 1.3 0.191 0.069 0.959 0.075 0.016 0.051 1 1 1 1 1 1
1989-04-15T23:30:00 1989 4 15 23 30 0 7.9 2.0 420.0 3.4 1.18 3.45 0.0 0.0 2 2 2 2 2 2 2 2 2.7 2.84 -42.0 2.0 2.0 2.0 2.0 2.0 2.0 0.13 0.034 0.93 0.042 0.005 0.021 1 1 1 1 1 1
