1989-04-25T00:30:00 1989 4 25 0 30 0 1.2 8.3 393.0 13.6 4.34 0.4 0.14 0.16 2 2 2 2 2 2 2 2 2.3 2.23 4.0 8.3 8.3 8.3 8.3 8.3 8.3 0.119 0.197 0.24 0.076 0.136 0.414 2 2 1 2 2 2
1989-04-25T01:30:00 1989 4 25 1 30 0 7.5 1.8 376.0 12.4 4.11 0.84 0.0 0.0 2 2 2 2 2 2 2 2 2.3 2.23 4.0 1.8 1.8 1.8 1.8 1.8 1.8 0.081 0.098 0.232 0.043 0.043 0.172 2 2 1 2 2 2
1989-04-25T02:30:00 1989 4 25 2 30 0 7.9 2.3 384.0 12.9 3.74 2.85 0.0 0.0 2 2 2 2 2 2 2 2 2.3 2.31 1.0 2.3 2.3 2.3 2.3 2.3 2.3 0.055 0.049 0.225 0.024 0.014 0.071 2 2 1 2 2 2
1989-04-25T03:30:00 1989 4 25 3 30 0 6.1 3.2 381.0 12.8 3.62 2.0 0.0 0.0 2 2 2 2 2 2 2 2 2.7 2.43 -2.0 3.2 3.2 3.2 3.2 3.2 3.2 0.037 0.024 0.218 0.013 0.004 0.03 2 2 1 2 2 2
1989-04-25T04:30:00 1989 4 25 4 30 0 8.7 -0.6 380.0 12.8 3.49 3.38 0.14 0.18 2 2 2 2 2 2 2 2 2.7 2.55 -8.0 -0.6 -0.6 -0.6 -0.6 -0.6 -0.6 0.048 0.078 0.212 0.022 0.089 0.254 2 2 1 2 2 2
1989-04-25T05:30:00 1989 4 25 5 30 0 9.8 2.4 407.0 13.2 4.29 5.23 0.07 0.09 2 2 2 2 2 2 2 2 2.7 2.55 -12.0 2.4 2.4 2.4 2.4 2.4 2.4 0.032 0.039 0.206 0.012 0.028 0.105 2 2 1 2 2 2
1989-04-25T06:30:00 1989 4 25 6 30 0 10.0 2.3 414.0 13.9 4.6 5.07 0.0 0.0 2 2 2 2 2 2 2 2 2.7 2.55 -11.0 2.3 2.3 2.3 2.3 2.3 2.3 0.022 0.019 0.2 0.007 0.009 0.044 2 2 1 2 2 2
1989-04-25T07:30:00 1989 4 25 7 30 0 8.1 1.3 388.0 14.0 4.2 4.38 0.0 0.0 2 2 2 2 2 2 2 2 2.7 2.56 -8.0 1.3 1.3 1.3 1.3 1.3 1.3 0.015 0.01 0.194 0.004 0.003 0.018 2 2 1 2 2 2
1989-04-25T08:30:00 1989 4 25 8 30 0 8.4 4.4 389.0 15.4 4.61 2.95 0.0 0.0 2 2 2 2 2 2 2 2 2.7 2.6 -7.0 4.4 4.4 4.4 4.4 4.4 4.4 0.01 0.005 0.188 0.002 0.001 0.008 2 2 1 2 2 2
1989-04-25T09:30:00 1989 4 25 9 30 0 7.5 0.2 375.0 13.6 4.38 3.05 0.0 0.0 2 2 2 2 2 2 2 2 3.0 2.69 -9.0 0.2 0.2 0.2 0.2 0.2 0.2 0.007 0.002 0.182 0.001 0.0 0.003 2 2 1 2 2 2
1989-04-25T10:30:00 1989 4 25 10 30 0 3.5 7.8 414.0 29.6 9.59 1.11 0.0 0.0 2 2 2 2 2 2 2 2 3.0 2.78 6.0 7.8 7.8 7.8 7.8 7.8 7.8 0.005 0.001 0.176 0.001 0.0 0.001 2 2 1 2 2 2
1989-04-25T11:30:00 1989 4 25 11 30 0 7.6 9.3 427.0 30.5 10.66 0.58 0.0 0.0 2 2 2 2 2 2 2 2 3.0 2.82 18.0 9.3 9.3 9.3 9.3 9.3 9.3 0.003 0.001 0.171 0.0 0.0 0.001 2 2 1 2 2 2
1989-04-25T12:30:00 1989 4 25 12 30 0 4.3 -3.4 402.0 34.6 10.83 2.04 1.22 4.19 2 2 2 2 2 2 2 2 4.3 3.02 15.0 -3.4 -3.4 -3.4 -3.4 -3.4 -3.4 0.175 0.383 0.179 0.226 0.535 2.972 2 2 1 2 2 2
1989-04-25T13:30:00 1989 4 25 13 30 0 1.2 -1.1 402.0 41.0 13.15 2.14 4.33 16.24 2 2 2 2 2 2 2 2 4.3 3.23 10.0 -1.1 -1.1 -1.1 -1.1 -1.1 -1.1 0.462 0.917 0.198 0.477 1.03 7.26 2 2 1 2 2 2
1989-04-25T14:30:00 1989 4 25 14 30 0 2.6 5.1 393.0 44.3 12.98 0.12 0.11 0.45 2 2 2 2 2 2 2 2 4.3 3.43 7.0 5.1 5.1 5.1 5.1 5.1 5.1 0.313 0.455 0.192 0.267 0.326 3.011 2 2 1 2 2 2
1989-04-25T15:30:00 1989 4 25 15 30 0 1.8 2.6 400.0 41.0 12.09 0.07 0.0 0.0 2 2 2 2 2 2 2 2 5.0 3.72 10.0 2.6 2.6 2.6 2.6 2.6 2.6 0.212 0.226 0.187 0.149 0.103 1.249 2 2 1 2 2 2
1989-04-25T16:30:00 1989 4 25 16 30 0 -2.2 -2.0 411.0 46.1 14.83 0.34 1.07 4.85 2 2 2 2 2 2 2 2 5.0 4.01 13.0 -2.0 -2.0 -2.0 -2.0 -2.0 -2.0 0.306 0.51 0.19 0.249 0.578 4.79 2 2 1 2 2 2
1989-04-25T17:30:00 1989 4 25 17 30 0 -6.9 -11.9 420.0 31.1 11.18 15.86 15.35 55.68 2 2 2 2 2 2 2 2 5.0 4.26 -6.0 -11.9 -11.9 -11.9 -11.9 -11.9 -11.9 1.469 2.241 0.362 2.684 2.892 15.491 2 2 2 2 2 2
1989-04-25T18:30:00 1989 4 25 18 30 0 -9.3 -1.7 447.0 32.2 13.07 18.0 13.74 43.36 2 2 2 2 2 2 2 2 5.7 4.6 -31.0 -1.7 -1.7 -1.7 -1.7 -1.7 -1.7 1.804 2.393 0.464 2.847 2.631 15.714 2 2 2 2 2 2
1989-04-25T19:30:00 1989 4 25 19 30 0 8.2 -8.4 460.0 43.1 17.73 10.86 12.13 47.64 2 2 2 2 2 2 2 2 5.7 4.93 -26.0 -8.4 -8.4 -8.4 -8.4 -8.4 -8.4 2.293 2.914 0.599 3.578 3.488 23.35 2 2 2 2 2 2
1989-04-25T20:30:00 1989 4 25 20 30 0 -7.1 -14.7 456.0 31.7 12.86 33.33 27.03 98.47 2 2 2 2 2 2 2 2 5.7 5.1 -51.0 -14.7 -14.7 -14.7 -14.7 -14.7 -14.7 3.471 4.072 0.951 6.607 5.137 30.278 2 2 2 2 2 2
1989-04-25T21:30:00 1989 4 25 21 30 0 -14.0 -10.8 447.0 20.2 7.93 45.73 28.41 73.25 2 2 2 2 2 2 2 2 6.0 5.32 -88.0 -10.8 -10.8 -10.8 -10.8 -10.8 -10.8 3.947 4.15 1.229 7.361 4.812 24.337 2 2 2 2 2 2
1989-04-25T22:30:00 1989 4 25 22 30 0 -11.3 -15.2 466.0 16.5 7.13 52.36 30.18 54.56 2 2 2 2 2 2 2 2 6.0 5.52 -100.0 -15.2 -15.2 -15.2 -15.2 -15.2 -15.2 4.264 4.09 1.515 8.004 4.785 19.09 2 2 2 2 2 2
1989-04-25T23:30:00 1989 4 25 23 30 0 -9.5 -15.2 478.0 14.6 6.71 59.67 35.91 55.54 2 2 2 2 2 2 2 2 6.0 5.65 -108.0 -15.2 -15.2 -15.2 -15.2 -15.2 -15.2 4.575 4.069 1.848 8.79 4.94 16.328 2 2 2 2 2 2
