1989-04-20T00:30:00 1989 4 20 0 30 0 0.02 -0.21 476.0 9.54 3.91 0.01 0.5 0.48 0 0 0 0 0 0 0 0 2.3 1.87 -3.0 -1.54 -1.14 -2.32 -2.27 -1.18 -0.83 0.596 0.576 0.863 0.696 0.715 1.706 0 0 0 0 0 0
1989-04-20T01:30:00 1989 4 20 1 30 0 0.02 -0.21 475.9 9.55 3.91 0.01 0.5 0.48 0 0 0 0 0 0 0 0 2.3 1.82 -3.0 -1.54 -1.14 -2.32 -2.27 -1.18 -0.83 0.596 0.576 0.863 0.696 0.715 1.706 0 0 0 0 0 0
1989-04-20T02:30:00 1989 4 20 2 30 0 0.02 -0.21 475.7 9.55 3.91 0.01 0.5 0.48 0 0 0 0 0 0 0 0 2.3 1.95 0.0 -1.54 -1.14 -2.32 -2.27 -1.18 -0.83 0.596 0.576 0.864 0.696 0.714 1.706 0 0 0 0 0 0
1989-04-20T03:30:00 1989 4 20 3 30 0 0.02 -0.22 475.5 9.55 3.91 0.01 0.51 0.49 0 0 0 0 0 0 0 0 3.7 2.25 -4.0 -1.54 -1.14 -2.32 -2.27 -1.18 -0.83 0.596 0.576 0.864 0.696 0.714 1.704 0 0 0 0 0 0
1989-04-20T04:30:00 1989 4 20 4 30 0 0.02 -0.22 475.4 9.56 3.91 0.01 0.52 0.5 0 0 0 0 0 0 0 0 3.7 2.56 -18.0 -1.54 -1.14 -2.32 -2.27 -1.18 -0.83 0.596 0.577 0.864 0.696 0.714 1.704 0 0 0 0 0 0
1989-04-20T05:30:00 1989 4 20 5 30 0 0.02 -0.22 475.2 9.56 3.91 0.01 0.52 0.5 0 0 0 0 0 0 0 0 3.7 2.77 -31.0 -1.54 -1.14 -2.32 -2.27 -1.18 -0.83 0.596 0.577 0.864 0.695 0.713 1.704 0 0 0 0 0 0
1989-04-20T06:30:00 1989 4 20 6 30 0 0.03 -0.22 475.0 9.56 3.91 0.01 0.52 0.5 0 0 0 0 0 0 0 0 3.0 2.89 -31.0 -1.54 -1.14 -2.32 -2.27 -1.18 -0.83 0.596 0.577 0.865 0.695 0.713 1.702 0 0 0 0 0 0
1989-04-20T07:30:00 1989 4 20 7 30 0 0.03 -0.22 474.9 9.57 3.91 0.01 0.52 0.5 0 0 0 0 0 0 0 0 3.0 3.01 -26.0 -1.54 -1.14 -2.32 -2.28 -1.18 -0.83 0.596 0.577 0.865 0.696 0.713 1.702 0 0 0 0 0 0
1989-04-20T08:30:00 1989 4 20 8 30 0 0.03 -0.22 471.9 9.57 3.91 0.01 0.52 0.5 0 0 1 0 0 0 1 0 3.0 3.09 -22.0 -1.54 -1.14 -2.32 -2.28 -1.18 -0.83 0.595 0.577 0.865 0.696 0.709 1.692 0 0 0 0 0 0
1989-04-20T09:30:00 1989 4 20 9 30 0 0.03 -0.22 466.2 9.57 3.91 0.01 0.52 0.49 0 0 1 0 0 0 1 0 1.3 2.95 -21.0 -1.54 -1.14 -2.32 -2.28 -1.18 -0.83 0.593 0.576 0.864 0.692 0.7 1.663 0 0 0 0 0 0
1989-04-20T10:30:00 1989 4 20 10 30 0 0.03 -0.22 460.4 9.58 3.91 0.01 0.51 0.49 0 0 1 0 0 0 1 0 1.3 2.81 -21.0 -1.54 -1.14 -2.33 -2.28 -1.18 -0.83 0.59 0.575 0.863 0.685 0.688 1.624 0 0 0 0 0 0
1989-04-20T11:30:00 1989 4 20 11 30 0 0.03 -0.22 454.7 9.58 3.91 0.01 0.5 0.48 0 0 1 0 0 0 1 0 1.3 2.51 -19.0 -1.54 -1.14 -2.33 -2.28 -1.18 -0.83 0.586 0.574 0.861 0.676 0.675 1.581 0 0 0 0 0 0
1989-04-20T12:30:00 1989 4 20 12 30 0 0.03 -0.22 449.0 9.58 3.91 0.01 0.5 0.48 0 0 1 0 0 0 1 0 2.0 2.3 -20.0 -1.54 -1.14 -2.33 -2.28 -1.18 -0.83 0.581 0.573 0.859 0.667 0.662 1.536 0 0 0 0 0 0
1989-04-20T13:30:00 1989 4 20 13 30 0 0.03 -0.22 443.3 9.59 3.91 0.01 0.49 0.47 0 0 1 0 0 0 1 0 2.0 2.1 -20.0 -1.54 -1.14 -2.33 -2.28 -1.18 -0.83 0.576 0.572 0.855 0.657 0.649 1.492 0 0 0 0 0 0
1989-04-20T14:30:00 1989 4 20 14 30 0 0.03 -0.22 437.7 9.59 3.91 0.01 0.48 0.46 0 0 1 0 0 0 1 0 2.0 1.98 -20.0 -1.54 -1.14 -2.33 -2.28 -1.18 -0.83 0.571 0.571 0.852 0.647 0.636 1.448 0 0 0 0 0 0
1989-04-20T15:30:00 1989 4 20 15 30 0 0.04 -0.22 432.0 9.59 3.91 0.01 0.48 0.46 0 0 1 0 0 0 1 0 2.3 1.9 -21.0 -1.54 -1.14 -2.33 -2.28 -1.18 -0.83 0.566 0.569 0.848 0.637 0.623 1.404 0 0 0 0 0 0
1989-04-20T16:30:00 1989 4 20 16 30 0 0.04 -0.22 426.3 9.6 3.91 0.01 0.47 0.45 0 0 1 0 0 0 1 0 2.3 1.82 -21.0 -1.54 -1.14 -2.33 -2.28 -1.18 -0.83 0.56 0.568 0.843 0.627 0.61 1.362 0 0 0 0 0 0
1989-04-20T17:30:00 1989 4 20 17 30 0 0.04 -0.22 420.7 9.6 3.91 0.01 0.47 0.45 0 0 1 0 0 0 1 0 2.3 1.95 -22.0 -1.55 -1.14 -2.33 -2.28 -1.18 -0.83 0.555 0.567 0.837 0.617 0.597 1.32 0 0 0 0 0 0
1989-04-20T18:30:00 1989 4 20 18 30 0 0.04 -0.22 415.1 9.6 3.91 0.01 0.46 0.44 0 0 1 0 0 0 1 0 2.0 2.03 -27.0 -1.55 -1.14 -2.33 -2.28 -1.18 -0.83 0.551 0.566 0.832 0.607 0.585 1.279 0 0 0 0 0 0
1989-04-20T19:30:00 1989 4 20 19 30 0 0.04 -0.22 409.5 9.61 3.91 0.01 0.45 0.44 0 0 1 0 0 0 1 0 2.0 2.11 -30.0 -1.55 -1.14 -2.33 -2.28 -1.18 -0.83 0.545 0.564 0.826 0.597 0.572 1.239 0 0 0 0 0 0
1989-04-20T20:30:00 1989 4 20 20 30 0 0.04 -0.22 403.9 9.61 3.91 0.01 0.45 0.43 0 0 1 0 0 0 1 0 2.0 2.11 -23.0 -1.55 -1.14 -2.33 -2.28 -1.18 -0.83 0.54 0.563 0.819 0.588 0.56 1.2 0 0 0 0 0 0
1989-04-20T21:30:00 1989 4 20 21 30 0 0.04 -0.23 398.3 9.61 3.91 0.01 0.45 0.43 0 0 1 0 0 0 1 0 2.0 2.11 -19.0 -1.55 -1.14 -2.33 -2.28 -1.18 -0.83 0.535 0.562 0.812 0.578 0.548 1.161 0 0 0 0 0 0
1989-04-20T22:30:00 1989 4 20 22 30 0 0.04 -0.23 392.7 9.62 3.91 0.01 0.45 0.44 0 0 1 0 0 0 1 0 2.0 2.11 -14.0 -1.55 -1.14 -2.33 -2.28 -1.18 -0.83 0.529 0.56 0.805 0.568 0.536 1.124 0 0 0 0 0 0
1989-04-20T23:30:00 1989 4 20 23 30 0 0.04 -0.23 387.1 9.62 3.91 0.01 0.45 0.43 0 0 1 0 0 0 1 0 2.0 2.07 -15.0 -1.55 -1.14 -2.33 -2.29 -1.18 -0.83 0.523 0.559 0.797 0.559 0.524 1.087 0 0 0 0 0 0
