1989-05-03T00:30:00 1989 5 3 0 30 0 -0.05 -0.12 448.7 9.42 3.55 0.0 0.27 0.25 0 0 0 0 0 0 0 0 3.3 3.55 -30.0 -1.24 -0.9 -1.91 -1.87 -0.94 -0.65 0.469 0.485 0.706 0.501 0.553 1.28 0 0 0 0 0 0
1989-05-03T01:30:00 1989 5 3 1 30 0 -0.05 -0.12 448.6 9.42 3.54 0.0 0.27 0.25 0 0 0 0 0 0 0 0 3.3 3.55 -25.0 -1.24 -0.9 -1.91 -1.87 -0.94 -0.65 0.469 0.484 0.702 0.501 0.553 1.279 0 0 0 0 0 0
1989-05-03T02:30:00 1989 5 3 2 30 0 -0.05 -0.12 448.5 9.42 3.54 0.0 0.27 0.25 0 0 0 0 0 0 0 0 3.3 3.43 -30.0 -1.23 -0.9 -1.91 -1.86 -0.94 -0.65 0.468 0.484 0.698 0.5 0.553 1.278 0 0 0 0 0 0
1989-05-03T03:30:00 1989 5 3 3 30 0 -0.05 -0.12 448.5 9.42 3.54 0.0 0.27 0.25 0 0 0 0 0 0 0 0 3.3 3.31 -30.0 -1.23 -0.9 -1.9 -1.86 -0.93 -0.65 0.467 0.484 0.695 0.498 0.55 1.278 0 0 0 0 0 0
1989-05-03T04:30:00 1989 5 3 4 30 0 -0.05 -0.12 448.4 9.42 3.54 0.0 0.27 0.25 0 0 1 0 0 0 1 0 3.3 3.19 -26.0 -1.23 -0.9 -1.9 -1.86 -0.93 -0.65 0.466 0.484 0.692 0.498 0.549 1.277 0 0 0 0 0 0
1989-05-03T05:30:00 1989 5 3 5 30 0 -0.05 -0.12 448.4 9.42 3.54 0.0 0.27 0.25 0 0 1 0 0 0 1 0 3.3 3.23 -29.0 -1.23 -0.9 -1.9 -1.86 -0.93 -0.65 0.466 0.484 0.688 0.497 0.548 1.277 0 0 0 0 0 0
1989-05-03T06:30:00 1989 5 3 6 30 0 -0.05 -0.12 448.3 9.41 3.54 0.0 0.27 0.25 0 0 1 0 0 0 1 0 2.7 3.19 -28.0 -1.23 -0.9 -1.9 -1.86 -0.93 -0.65 0.465 0.484 0.685 0.497 0.548 1.276 0 0 0 0 0 0
1989-05-03T07:30:00 1989 5 3 7 30 0 -0.05 -0.12 448.3 9.41 3.54 0.0 0.27 0.25 0 0 1 0 0 0 1 0 2.7 3.14 -29.0 -1.23 -0.9 -1.9 -1.85 -0.93 -0.65 0.465 0.484 0.682 0.496 0.548 1.275 0 0 0 0 0 0
1989-05-03T08:30:00 1989 5 3 8 30 0 -0.05 -0.12 448.3 9.41 3.53 0.0 0.27 0.25 0 0 1 0 0 0 1 0 2.7 3.07 -25.0 -1.23 -0.9 -1.89 -1.85 -0.93 -0.65 0.465 0.484 0.679 0.495 0.548 1.275 0 0 0 0 0 0
1989-05-03T09:30:00 1989 5 3 9 30 0 -0.05 -0.12 448.3 9.41 3.53 0.0 0.27 0.25 0 0 1 0 0 0 1 0 2.3 2.94 -25.0 -1.23 -0.89 -1.89 -1.85 -0.93 -0.64 0.465 0.482 0.676 0.494 0.548 1.27 0 0 0 0 0 0
1989-05-03T10:30:00 1989 5 3 10 30 0 -0.06 -0.12 448.2 9.41 3.53 0.0 0.27 0.25 0 0 1 0 0 0 1 0 2.3 2.81 -21.0 -1.22 -0.89 -1.89 -1.85 -0.93 -0.64 0.464 0.481 0.673 0.493 0.548 1.266 0 0 0 0 0 0
1989-05-03T11:30:00 1989 5 3 11 30 0 -0.06 -0.12 448.2 9.41 3.53 0.0 0.27 0.25 0 0 1 0 0 0 1 0 2.3 2.69 -26.0 -1.22 -0.89 -1.89 -1.85 -0.93 -0.64 0.463 0.481 0.67 0.493 0.548 1.264 0 0 0 0 0 0
1989-05-03T12:30:00 1989 5 3 12 30 0 -0.06 -0.12 448.2 9.41 3.53 0.0 0.27 0.25 0 0 1 0 0 0 1 0 1.7 2.49 -26.0 -1.22 -0.89 -1.89 -1.85 -0.93 -0.64 0.463 0.48 0.667 0.493 0.548 1.264 0 0 0 0 0 0
1989-05-03T13:30:00 1989 5 3 13 30 0 -0.06 -0.12 448.2 9.41 3.53 0.0 0.27 0.25 0 0 1 0 0 0 1 0 1.7 2.29 -28.0 -1.22 -0.89 -1.89 -1.84 -0.92 -0.64 0.462 0.48 0.664 0.492 0.546 1.263 0 0 0 0 0 0
1989-05-03T14:30:00 1989 5 3 14 30 0 -0.06 -0.12 448.2 9.4 3.53 0.0 0.27 0.25 0 0 1 0 0 0 1 0 1.7 2.16 -29.0 -1.22 -0.89 -1.88 -1.84 -0.92 -0.64 0.462 0.48 0.661 0.491 0.544 1.263 0 0 0 0 0 0
1989-05-03T15:30:00 1989 5 3 15 30 0 -0.06 -0.12 448.2 9.4 3.52 0.0 0.27 0.25 0 0 1 0 0 0 1 0 1.3 1.99 -30.0 -1.22 -0.89 -1.88 -1.84 -0.92 -0.64 0.462 0.48 0.659 0.49 0.543 1.262 0 0 0 0 0 0
1989-05-03T16:30:00 1989 5 3 16 30 0 -0.06 -0.11 448.2 9.4 3.52 0.0 0.26 0.24 0 0 1 0 0 0 1 0 1.3 1.81 -33.0 -1.22 -0.89 -1.88 -1.84 -0.92 -0.64 0.461 0.48 0.656 0.49 0.543 1.262 0 0 0 0 0 0
1989-05-03T17:30:00 1989 5 3 17 30 0 -0.06 -0.11 448.3 9.4 3.52 0.0 0.25 0.23 0 0 1 0 0 0 1 0 1.3 1.69 -36.0 -1.22 -0.89 -1.88 -1.84 -0.92 -0.64 0.461 0.48 0.654 0.49 0.543 1.262 0 0 0 0 0 0
1989-05-03T18:30:00 1989 5 3 18 30 0 -0.06 -0.11 448.3 9.4 3.52 0.0 0.25 0.23 0 0 1 0 0 0 1 0 3.0 1.79 -34.0 -1.21 -0.89 -1.88 -1.84 -0.92 -0.64 0.461 0.48 0.651 0.489 0.543 1.262 0 0 0 0 0 0
1989-05-03T19:30:00 1989 5 3 19 30 0 -0.06 -0.11 448.3 9.4 3.52 0.0 0.25 0.23 0 0 1 0 0 0 1 0 3.0 1.89 -28.0 -1.21 -0.88 -1.88 -1.83 -0.92 -0.64 0.46 0.478 0.649 0.488 0.543 1.262 0 0 0 0 0 0
1989-05-03T20:30:00 1989 5 3 20 30 0 -0.06 -0.11 448.3 9.4 3.52 0.0 0.25 0.23 0 0 1 0 0 0 1 0 3.0 2.06 -26.0 -1.21 -0.88 -1.87 -1.83 -0.92 -0.64 0.459 0.477 0.646 0.487 0.543 1.262 0 0 0 0 0 0
1989-05-03T21:30:00 1989 5 3 21 30 0 -0.06 -0.11 448.4 9.39 3.52 0.0 0.25 0.23 0 0 1 0 0 0 1 0 3.0 2.22 -22.0 -1.21 -0.88 -1.87 -1.83 -0.92 -0.64 0.459 0.477 0.644 0.487 0.543 1.262 0 0 0 0 0 0
1989-05-03T22:30:00 1989 5 3 22 30 0 -0.06 -0.11 448.4 9.39 3.51 0.0 0.25 0.23 0 0 1 0 0 0 1 0 3.0 2.38 -20.0 -1.21 -0.88 -1.87 -1.83 -0.92 -0.64 0.458 0.476 0.642 0.486 0.543 1.261 0 0 0 0 0 0
1989-05-03T23:30:00 1989 5 3 23 30 0 -0.06 -0.11 448.5 9.39 3.51 0.0 0.25 0.23 0 0 1 0 0 0 1 0 3.0 2.59 -13.0 -1.21 -0.88 -1.87 -1.83 -0.91 -0.63 0.458 0.476 0.64 0.486 0.541 1.257 0 0 0 0 0 0
