1989-12-03T00:30:00 1989 12 3 0 30 0 -3.43 1.73 494.9 8.03 3.05 0.6 0.0 0.0 0 0 1 0 0 0 1 0 4.3 3.48 -47.0 -0.6 -0.37 -1.17 -1.13 -0.39 -0.22 0.248 0.251 0.312 0.271 0.326 0.722 0 0 0 0 0 0
1989-12-03T01:30:00 1989 12 3 1 30 0 -3.43 1.73 499.8 8.04 3.05 0.6 0.0 0.0 0 0 1 0 0 0 1 0 4.3 3.73 -45.0 -0.6 -0.37 -1.17 -1.13 -0.39 -0.22 0.25 0.252 0.314 0.274 0.331 0.741 0 0 0 0 0 0
1989-12-03T02:30:00 1989 12 3 2 30 0 -3.43 1.73 504.7 8.04 3.05 0.61 0.0 0.0 0 0 1 0 0 0 1 0 4.3 3.97 -47.0 -0.6 -0.37 -1.17 -1.14 -0.39 -0.22 0.252 0.252 0.316 0.279 0.337 0.76 0 0 0 0 0 0
1989-12-03T03:30:00 1989 12 3 3 30 0 -3.43 1.73 509.6 8.04 3.05 0.62 0.0 0.0 0 0 1 0 0 0 1 0 4.0 4.17 -51.0 -0.61 -0.37 -1.18 -1.14 -0.39 -0.22 0.255 0.253 0.318 0.283 0.342 0.778 0 0 0 0 0 0
1989-12-03T04:30:00 1989 12 3 4 30 0 -3.42 1.72 514.4 8.04 3.06 0.62 0.0 0.0 0 0 1 0 0 0 1 0 4.0 4.37 -48.0 -0.61 -0.37 -1.18 -1.14 -0.39 -0.22 0.258 0.254 0.32 0.287 0.347 0.796 0 0 0 0 0 0
1989-12-03T05:30:00 1989 12 3 5 30 0 -3.42 1.72 519.3 8.05 3.06 0.62 0.0 0.0 0 0 1 0 0 0 1 0 4.0 4.28 -44.0 -0.61 -0.37 -1.18 -1.14 -0.39 -0.22 0.261 0.254 0.323 0.291 0.353 0.815 0 0 0 0 0 0
1989-12-03T06:30:00 1989 12 3 6 30 0 -3.42 1.72 524.1 8.05 3.06 0.63 0.0 0.0 0 0 1 0 0 0 1 0 3.3 4.1 -43.0 -0.61 -0.37 -1.18 -1.14 -0.39 -0.22 0.263 0.255 0.326 0.295 0.358 0.834 0 0 0 0 0 0
1989-12-03T07:30:00 1989 12 3 7 30 0 -3.42 1.72 529.0 8.05 3.06 0.64 0.0 0.0 0 0 1 0 0 0 1 0 3.3 3.93 -42.0 -0.61 -0.37 -1.18 -1.14 -0.39 -0.22 0.266 0.255 0.329 0.298 0.364 0.854 0 0 0 0 0 0
1989-12-03T08:30:00 1989 12 3 8 30 0 -3.42 1.72 533.8 8.06 3.06 0.64 0.0 0.0 0 0 1 0 0 0 1 0 3.3 3.8 -44.0 -0.61 -0.37 -1.18 -1.14 -0.39 -0.22 0.268 0.255 0.332 0.302 0.369 0.873 0 0 0 0 0 0
1989-12-03T09:30:00 1989 12 3 9 30 0 -3.42 1.71 538.7 8.06 3.06 0.65 0.0 0.0 0 0 1 0 0 0 1 0 4.7 3.86 -42.0 -0.61 -0.37 -1.18 -1.14 -0.4 -0.22 0.27 0.256 0.336 0.306 0.378 0.893 0 0 0 0 0 0
1989-12-03T10:30:00 1989 12 3 10 30 0 -3.41 1.71 543.5 8.06 3.06 0.65 0.0 0.0 0 0 1 0 0 0 1 0 4.7 3.92 -48.0 -0.61 -0.37 -1.18 -1.15 -0.4 -0.22 0.272 0.256 0.339 0.31 0.386 0.913 0 0 0 0 0 0
1989-12-03T11:30:00 1989 12 3 11 30 0 -3.41 1.71 548.4 8.06 3.06 0.66 0.0 0.0 0 0 1 0 0 0 1 0 4.7 4.01 -45.0 -0.61 -0.37 -1.19 -1.15 -0.4 -0.22 0.274 0.257 0.343 0.315 0.392 0.933 0 0 0 0 0 0
1989-12-03T12:30:00 1989 12 3 12 30 0 -3.41 1.71 553.2 8.07 3.07 0.66 0.0 0.0 0 0 1 0 0 0 1 0 3.7 3.97 -41.0 -0.61 -0.37 -1.19 -1.15 -0.4 -0.22 0.276 0.257 0.347 0.319 0.398 0.954 0 0 0 0 0 0
1989-12-03T13:30:00 1989 12 3 13 30 0 -3.41 1.71 558.1 8.07 3.07 0.67 0.0 0.0 0 0 1 0 0 0 1 0 3.7 3.93 -39.0 -0.61 -0.38 -1.19 -1.15 -0.4 -0.22 0.278 0.259 0.351 0.323 0.404 0.975 0 0 0 0 0 0
1989-12-03T14:30:00 1989 12 3 14 30 0 -3.41 1.71 562.9 8.07 3.07 0.67 0.0 0.0 0 0 1 0 0 0 1 0 3.7 3.98 -33.0 -0.62 -0.38 -1.19 -1.15 -0.4 -0.22 0.281 0.261 0.356 0.327 0.409 0.995 0 0 0 0 0 0
1989-12-03T15:30:00 1989 12 3 15 30 0 -3.4 1.7 567.7 8.07 3.07 0.68 0.0 0.0 0 0 1 0 0 0 1 0 3.7 4.02 -48.0 -0.62 -0.38 -1.19 -1.15 -0.4 -0.22 0.284 0.263 0.36 0.33 0.415 1.016 0 0 0 0 0 0
1989-12-03T16:30:00 1989 12 3 16 30 0 -3.4 1.7 572.6 8.08 3.07 0.68 0.0 0.0 0 0 1 0 0 0 1 0 3.7 4.06 -55.0 -0.62 -0.38 -1.19 -1.15 -0.4 -0.22 0.287 0.263 0.365 0.334 0.421 1.038 0 0 0 0 0 0
1989-12-03T17:30:00 1989 12 3 17 30 0 -3.4 1.7 575.0 8.08 3.07 0.69 0.0 0.0 0 0 1 0 0 0 1 0 3.7 3.94 -49.0 -0.62 -0.38 -1.19 -1.15 -0.4 -0.22 0.289 0.264 0.37 0.337 0.425 1.056 0 0 0 0 0 0
1989-12-03T18:30:00 1989 12 3 18 30 0 -3.4 1.7 575.0 8.08 3.07 0.69 0.0 0.0 0 0 1 0 0 0 1 0 3.0 3.73 -49.0 -0.62 -0.38 -1.19 -1.16 -0.4 -0.23 0.291 0.264 0.375 0.34 0.427 1.075 0 0 0 0 0 0
1989-12-03T19:30:00 1989 12 3 19 30 0 -3.4 1.7 575.0 8.08 3.07 0.69 0.0 0.0 0 0 1 0 0 0 1 0 3.0 3.52 -42.0 -0.62 -0.38 -1.2 -1.16 -0.4 -0.23 0.292 0.264 0.38 0.343 0.428 1.088 0 0 0 0 0 0
1989-12-03T20:30:00 1989 12 3 20 30 0 -3.4 1.69 575.0 8.09 3.07 0.69 0.0 0.0 0 0 1 0 0 0 1 0 3.0 3.43 -34.0 -0.62 -0.38 -1.2 -1.16 -0.4 -0.23 0.293 0.265 0.384 0.344 0.428 1.094 0 0 0 0 0 0
1989-12-03T21:30:00 1989 12 3 21 30 0 -3.39 1.69 575.0 8.09 3.08 0.69 0.0 0.0 0 0 1 0 0 0 1 0 4.3 3.51 -37.0 -0.62 -0.38 -1.2 -1.16 -0.4 -0.23 0.293 0.265 0.389 0.345 0.428 1.097 0 0 0 0 0 0
1989-12-03T22:30:00 1989 12 3 22 30 0 -3.39 1.69 575.0 8.09 3.08 0.69 0.0 0.0 0 0 1 0 0 0 1 0 4.3 3.59 -47.0 -0.62 -0.38 -1.2 -1.16 -0.4 -0.23 0.294 0.265 0.393 0.345 0.428 1.098 0 0 0 0 0 0
1989-12-03T23:30:00 1989 12 3 23 30 0 -3.39 1.69 575.0 8.09 3.08 0.69 0.0 0.0 0 0 1 0 0 0 1 0 4.3 3.67 -55.0 -0.62 -0.38 -1.2 -1.16 -0.41 -0.23 0.294 0.265 0.398 0.346 0.432 1.098 0 0 0 0 0 0
