1972-09-16T00:30:00 1972 9 16 0 30 0 1.7 -1.2 431.0 7.84 2.77 0.57 2.78 2.18 2 2 0 0 0 1 1 1 3.3 2.9 -50.0 -1.2 -1.2 -1.2 -1.2 -1.2 -1.2 0.389 0.567 0.631 0.305 0.628 1.341 0 0 0 0 0 0
1972-09-16T01:30:00 1972 9 16 1 30 0 1.3 0.0 431.0 7.84 2.77 0.39 1.19 0.93 2 2 0 0 0 1 1 1 3.3 2.94 -49.0 0.0 0.0 0.0 0.0 0.0 0.0 0.313 0.39 0.614 0.201 0.339 0.876 0 0 0 0 0 0
1972-09-16T02:30:00 1972 9 16 2 30 0 -1.9 -1.5 430.9 7.84 2.77 0.37 1.75 1.37 2 2 0 0 0 1 1 1 3.3 3.06 -43.0 -1.5 -1.5 -1.5 -1.5 -1.5 -1.5 0.322 0.43 0.602 0.202 0.46 1.035 0 0 0 0 0 0
1972-09-16T03:30:00 1972 9 16 3 30 0 -1.6 1.5 430.9 7.84 2.77 0.34 0.67 0.53 2 2 0 0 0 1 1 1 3.0 3.14 -43.0 1.5 1.5 1.5 1.5 1.5 1.5 0.237 0.251 0.584 0.125 0.189 0.53 0 0 0 0 0 0
1972-09-16T04:30:00 1972 9 16 4 30 0 -2.7 2.8 430.9 7.84 2.77 0.14 0.0 0.0 2 2 0 0 0 1 1 1 3.0 3.22 -43.0 2.8 2.8 2.8 2.8 2.8 2.8 0.16 0.125 0.567 0.07 0.06 0.22 0 0 0 0 0 0
1972-09-16T05:30:00 1972 9 16 5 30 0 -0.3 -1.7 430.9 7.84 2.77 0.24 0.85 0.67 2 2 0 0 0 1 1 1 3.0 3.18 -43.0 -1.7 -1.7 -1.7 -1.7 -1.7 -1.7 0.178 0.214 0.553 0.103 0.264 0.528 0 0 0 0 0 0
1972-09-16T06:30:00 1972 9 16 6 30 0 -1.8 -1.8 430.9 7.84 2.77 1.0 3.78 2.96 2 2 0 0 0 1 1 1 3.7 3.24 -44.0 -1.8 -1.8 -1.8 -1.8 -1.8 -1.8 0.306 0.456 0.55 0.238 0.592 1.13 0 0 0 0 0 0
1972-09-16T07:30:00 1972 9 16 7 30 0 3.4 -4.5 430.9 7.84 2.77 3.22 7.03 5.51 2 2 0 0 0 1 1 1 3.7 3.29 -49.0 -4.5 -4.5 -4.5 -4.5 -4.5 -4.5 0.549 0.79 0.567 0.59 1.033 1.803 0 0 0 0 0 0
1972-09-16T08:30:00 1972 9 16 8 30 0 2.9 -3.2 430.8 7.84 2.77 4.87 8.18 6.41 2 2 0 0 0 1 1 1 3.7 3.34 -57.0 -3.2 -3.2 -3.2 -3.2 -3.2 -3.2 0.72 0.956 0.586 0.787 1.151 2.073 0 0 0 0 0 0
1972-09-16T09:30:00 1972 9 16 9 30 0 3.7 -1.4 430.8 7.84 2.77 2.74 4.79 3.76 2 2 0 0 0 1 1 1 2.7 3.26 -57.0 -1.4 -1.4 -1.4 -1.4 -1.4 -1.4 0.695 0.849 0.586 0.654 0.898 1.812 0 0 0 0 0 0
1972-09-16T10:30:00 1972 9 16 10 30 0 -1.5 -1.3 430.8 7.84 2.77 0.87 2.9 2.27 2 2 0 0 0 1 1 1 2.7 3.19 -52.0 -1.3 -1.3 -1.3 -1.3 -1.3 -1.3 0.616 0.71 0.577 0.491 0.701 1.534 0 0 0 0 0 0
1972-09-16T11:30:00 1972 9 16 11 30 0 0.1 -0.3 430.8 7.84 2.77 0.26 1.63 1.28 2 2 0 0 0 1 1 1 2.7 3.14 -46.0 -0.3 -0.3 -0.3 -0.3 -0.3 -0.3 0.493 0.522 0.564 0.324 0.454 1.14 0 0 0 0 0 0
1972-09-16T12:30:00 1972 9 16 12 30 0 -1.6 0.1 430.8 7.84 2.77 0.09 0.22 0.17 2 2 0 0 0 1 1 1 1.7 2.97 -43.0 0.1 0.1 0.1 0.1 0.1 0.1 0.344 0.286 0.547 0.185 0.176 0.566 0 0 0 0 0 0
1972-09-16T13:30:00 1972 9 16 13 30 0 -5.3 2.8 430.7 7.84 2.77 0.66 0.0 0.0 2 2 0 0 0 1 1 1 1.7 2.8 -39.0 2.8 2.8 2.8 2.8 2.8 2.8 0.233 0.142 0.53 0.104 0.056 0.235 0 0 0 0 0 0
1972-09-16T14:30:00 1972 9 16 14 30 0 -6.0 4.2 430.7 7.84 2.77 1.18 0.0 0.0 2 2 0 0 0 1 1 1 1.7 2.55 -37.0 4.2 4.2 4.2 4.2 4.2 4.2 0.157 0.071 0.514 0.058 0.018 0.097 0 0 0 0 0 0
1972-09-16T15:30:00 1972 9 16 15 30 0 -7.7 3.5 430.7 7.84 2.77 1.87 0.0 0.0 2 2 0 0 0 1 1 1 3.7 2.57 -34.0 3.5 3.5 3.5 3.5 3.5 3.5 0.107 0.035 0.498 0.032 0.006 0.04 0 0 0 0 0 0
1972-09-16T16:30:00 1972 9 16 16 30 0 -8.8 0.1 430.7 7.85 2.77 4.16 0.0 0.0 2 2 0 0 0 1 1 1 3.7 2.58 -34.0 0.1 0.1 0.1 0.1 0.1 0.1 0.072 0.017 0.483 0.018 0.002 0.017 0 0 0 0 0 0
1972-09-16T17:30:00 1972 9 16 17 30 0 -4.6 -6.1 430.7 7.85 2.77 7.92 7.02 5.51 2 2 0 0 0 1 1 1 3.7 2.72 -40.0 -6.1 -6.1 -6.1 -6.1 -6.1 -6.1 0.419 0.61 0.507 0.555 0.923 1.412 0 0 0 0 0 0
1972-09-16T18:30:00 1972 9 16 18 30 0 -1.7 -2.2 430.6 7.85 2.77 5.42 8.59 6.74 2 2 0 0 0 1 1 1 4.3 2.93 -53.0 -2.2 -2.2 -2.2 -2.2 -2.2 -2.2 0.622 0.844 0.528 0.752 1.068 1.858 0 0 0 0 0 0
1972-09-16T19:30:00 1972 9 16 19 30 0 6.9 -0.1 430.6 7.85 2.77 1.81 2.29 1.8 2 2 0 0 0 1 1 1 4.3 3.13 -50.0 -0.1 -0.1 -0.1 -0.1 -0.1 -0.1 0.513 0.605 0.518 0.492 0.585 1.292 0 0 0 0 0 0
1972-09-16T20:30:00 1972 9 16 20 30 0 6.7 -1.5 430.6 7.85 2.77 4.56 1.85 1.45 2 2 0 0 0 1 1 1 4.3 3.45 -42.0 -1.5 -1.5 -1.5 -1.5 -1.5 -1.5 0.461 0.543 0.509 0.369 0.545 1.221 0 0 0 0 0 0
1972-09-16T21:30:00 1972 9 16 21 30 0 7.5 1.1 430.6 7.85 2.77 4.23 0.8 0.63 2 2 0 0 0 1 1 1 4.0 3.73 -46.0 1.1 1.1 1.1 1.1 1.1 1.1 0.34 0.328 0.495 0.223 0.243 0.676 0 0 0 0 0 0
1972-09-16T22:30:00 1972 9 16 22 30 0 5.3 -5.1 430.6 7.85 2.77 6.07 4.98 3.91 2 2 0 0 0 1 1 1 4.0 4.0 -48.0 -5.1 -5.1 -5.1 -5.1 -5.1 -5.1 0.514 0.651 0.507 0.514 0.832 1.464 0 0 0 0 0 0
1972-09-16T23:30:00 1972 9 16 23 30 0 5.6 -0.3 430.5 7.85 2.77 5.33 5.38 4.22 2 2 0 0 0 1 1 1 4.0 4.04 -56.0 -0.3 -0.3 -0.3 -0.3 -0.3 -0.3 0.544 0.657 0.51 0.503 0.717 1.443 0 0 0 0 0 0
