1972-11-29T00:30:00 1972 11 29 0 30 0 -0.6 -2.1 396.0 11.7 3.91 1.95 5.36 6.22 2 2 2 2 2 2 2 2 3.0 2.4 -29.0 -2.1 -2.1 -2.1 -2.1 -2.1 -2.1 0.87 1.04 0.527 0.737 0.995 2.456 2 2 2 2 2 2
1972-11-29T01:30:00 1972 11 29 1 30 0 0.5 -1.8 396.0 12.4 4.07 0.9 3.84 4.63 2 2 2 2 2 2 2 2 3.0 2.37 -30.0 -1.8 -1.8 -1.8 -1.8 -1.8 -1.8 0.808 0.958 0.526 0.627 0.871 2.379 2 2 2 2 2 2
1972-11-29T02:30:00 1972 11 29 2 30 0 2.9 -1.4 397.0 10.4 3.48 1.06 3.14 3.57 2 2 2 2 2 2 2 2 3.0 2.46 -31.0 -1.4 -1.4 -1.4 -1.4 -1.4 -1.4 0.723 0.841 0.52 0.508 0.735 2.059 2 2 2 2 2 2
1972-11-29T03:30:00 1972 11 29 3 30 0 2.5 -0.8 414.0 12.4 5.0 1.13 2.18 2.48 2 2 2 2 2 2 2 2 3.7 2.64 -27.0 -0.8 -0.8 -0.8 -0.8 -0.8 -0.8 0.616 0.699 0.511 0.38 0.596 1.841 2 2 2 2 2 2
1972-11-29T04:30:00 1972 11 29 4 30 0 2.2 0.1 418.0 14.7 5.95 0.59 0.67 0.88 2 2 2 2 2 2 2 2 3.7 2.82 -16.0 0.1 0.1 0.1 0.1 0.1 0.1 0.454 0.441 0.497 0.231 0.298 1.193 2 2 2 2 2 2
1972-11-29T05:30:00 1972 11 29 5 30 0 3.5 1.0 416.0 12.5 4.75 0.55 0.0 0.0 2 2 2 2 2 2 2 2 3.7 3.03 -19.0 1.0 1.0 1.0 1.0 1.0 1.0 0.307 0.219 0.482 0.129 0.094 0.495 2 2 2 2 2 2
1972-11-29T06:30:00 1972 11 29 6 30 0 4.1 0.1 394.0 10.1 3.53 0.99 0.0 0.0 2 2 2 2 2 2 2 2 1.7 2.98 -24.0 0.1 0.1 0.1 0.1 0.1 0.1 0.208 0.109 0.467 0.072 0.03 0.205 2 2 2 2 2 2
1972-11-29T07:30:00 1972 11 29 7 30 0 4.8 0.6 397.0 5.3 2.04 1.4 0.0 0.0 2 2 2 2 2 2 2 2 1.7 2.93 -27.0 0.6 0.6 0.6 0.6 0.6 0.6 0.141 0.054 0.453 0.04 0.009 0.085 2 2 2 2 2 2
1972-11-29T08:30:00 1972 11 29 8 30 0 4.2 -1.5 389.0 6.4 2.17 1.91 1.17 0.72 2 2 2 2 2 2 2 2 1.7 2.76 -25.0 -1.5 -1.5 -1.5 -1.5 -1.5 -1.5 0.17 0.198 0.443 0.082 0.235 0.361 2 2 2 2 2 2
1972-11-29T09:30:00 1972 11 29 9 30 0 3.8 -1.6 389.0 5.9 1.88 2.26 3.02 1.85 2 2 2 2 2 2 2 2 1.3 2.54 -26.0 -1.6 -1.6 -1.6 -1.6 -1.6 -1.6 0.254 0.379 0.438 0.168 0.432 0.629 2 2 2 2 2 2
1972-11-29T10:30:00 1972 11 29 10 30 0 3.3 -1.3 383.0 5.4 1.7 1.83 2.77 1.56 2 2 2 2 2 2 2 2 1.3 2.32 -25.0 -1.3 -1.3 -1.3 -1.3 -1.3 -1.3 0.294 0.438 0.431 0.195 0.447 0.653 2 2 2 2 2 2
1972-11-29T11:30:00 1972 11 29 11 30 0 3.5 -1.3 385.0 4.5 1.49 1.64 2.5 1.23 2 2 2 2 2 2 2 2 1.3 2.02 -24.0 -1.3 -1.3 -1.3 -1.3 -1.3 -1.3 0.306 0.439 0.424 0.194 0.42 0.582 2 2 2 2 2 2
1972-11-29T12:30:00 1972 11 29 12 30 0 2.8 -0.7 371.0 5.1 1.55 1.23 1.84 0.88 2 2 2 2 2 2 2 2 1.3 1.73 -25.0 -0.7 -0.7 -0.7 -0.7 -0.7 -0.7 0.284 0.391 0.414 0.161 0.339 0.488 2 2 2 2 2 2
1972-11-29T13:30:00 1972 11 29 13 30 0 3.1 -1.4 362.0 5.9 2.24 1.17 1.97 1.1 2 2 2 2 2 2 2 2 1.3 1.44 -25.0 -1.4 -1.4 -1.4 -1.4 -1.4 -1.4 0.291 0.416 0.406 0.166 0.367 0.526 2 2 2 2 2 2
1972-11-29T14:30:00 1972 11 29 14 30 0 3.0 -0.9 368.0 3.9 1.23 1.24 2.06 1.01 2 2 2 2 2 2 2 2 1.3 1.4 -28.0 -0.9 -0.9 -0.9 -0.9 -0.9 -0.9 0.283 0.394 0.398 0.154 0.332 0.45 2 2 2 2 2 2
1972-11-29T15:30:00 1972 11 29 15 30 0 2.4 -1.0 362.5 4.45 1.33 0.94 1.74 0.73 2 2 1 1 1 2 2 1 1.7 1.4 -26.0 -1.0 -1.0 -1.0 -1.0 -1.0 -1.0 0.267 0.367 0.389 0.138 0.306 0.389 2 2 2 2 1 1
1972-11-29T16:30:00 1972 11 29 16 30 0 2.5 -1.1 357.0 5.0 1.43 0.88 1.89 0.9 2 2 2 2 2 2 2 2 1.7 1.4 -23.0 -1.1 -1.1 -1.1 -1.1 -1.1 -1.1 0.266 0.375 0.381 0.138 0.317 0.402 2 2 2 2 2 2
1972-11-29T17:30:00 1972 11 29 17 30 0 5.1 -1.7 366.0 4.3 1.23 2.0 2.58 1.19 2 2 2 2 2 2 2 2 1.7 1.46 -21.0 -1.7 -1.7 -1.7 -1.7 -1.7 -1.7 0.293 0.422 0.375 0.171 0.378 0.439 2 2 2 2 2 2
1972-11-29T18:30:00 1972 11 29 18 30 0 3.5 -1.8 360.0 4.8 1.32 2.47 3.18 1.45 2 2 2 2 2 2 2 2 2.3 1.58 -19.0 -1.8 -1.8 -1.8 -1.8 -1.8 -1.8 0.33 0.476 0.371 0.212 0.43 0.487 2 2 2 2 2 2
1972-11-29T19:30:00 1972 11 29 19 30 0 2.5 -0.7 381.0 5.5 2.05 1.27 2.23 1.14 2 2 2 2 2 2 2 2 2.3 1.71 -20.0 -0.7 -0.7 -0.7 -0.7 -0.7 -0.7 0.314 0.434 0.365 0.185 0.369 0.491 2 2 2 2 2 2
1972-11-29T20:30:00 1972 11 29 20 30 0 -4.3 -1.4 367.0 4.4 1.32 0.82 2.01 0.97 2 2 2 2 2 2 2 2 2.3 1.84 -23.0 -1.4 -1.4 -1.4 -1.4 -1.4 -1.4 0.306 0.42 0.358 0.175 0.363 0.47 2 2 2 2 2 2
1972-11-29T21:30:00 1972 11 29 21 30 0 -2.4 -1.7 355.0 4.8 1.36 1.66 2.81 1.3 2 2 2 2 2 2 2 2 2.0 1.92 -24.0 -1.7 -1.7 -1.7 -1.7 -1.7 -1.7 0.327 0.458 0.353 0.2 0.402 0.481 2 2 2 2 2 2
1972-11-29T22:30:00 1972 11 29 22 30 0 -1.6 -1.8 349.0 5.2 1.57 1.09 3.08 1.55 2 2 2 2 2 2 2 2 2.0 2.0 -23.0 -1.8 -1.8 -1.8 -1.8 -1.8 -1.8 0.354 0.503 0.35 0.228 0.434 0.517 2 2 2 2 2 2
1972-11-29T23:30:00 1972 11 29 23 30 0 -1.8 -1.3 345.0 6.2 1.94 0.82 2.65 1.52 2 2 2 2 2 2 2 2 2.0 2.04 -23.0 -1.3 -1.3 -1.3 -1.3 -1.3 -1.3 0.358 0.508 0.345 0.223 0.414 0.549 2 2 2 2 2 2
