1972-02-14T00:30:00 1972 2 14 0 30 0 3.5 0.7 610.0 4.0 2.86 1.7 0.0 0.0 2 2 2 2 2 2 2 2 4.0 4.04 -45.0 0.7 0.7 0.7 0.7 0.7 0.7 0.161 0.12 0.142 0.105 0.136 0.284 2 2 2 2 2 2
1972-02-14T01:30:00 1972 2 14 1 30 0 3.3 1.8 608.0 4.5 3.18 0.85 0.0 0.0 2 2 2 2 2 2 2 2 4.0 4.0 -38.0 1.8 1.8 1.8 1.8 1.8 1.8 0.109 0.06 0.138 0.059 0.043 0.118 2 2 2 2 2 2
1972-02-14T02:30:00 1972 2 14 2 30 0 2.4 0.6 596.0 4.8 3.33 0.56 0.0 0.0 2 2 2 2 2 2 2 2 4.0 4.0 -36.0 0.6 0.6 0.6 0.6 0.6 0.6 0.074 0.03 0.134 0.033 0.014 0.049 2 2 2 2 2 2
1972-02-14T03:30:00 1972 2 14 3 30 0 2.9 0.2 591.0 4.2 2.86 0.72 0.0 0.0 2 2 2 2 2 2 2 2 3.3 3.91 -36.0 0.2 0.2 0.2 0.2 0.2 0.2 0.05 0.015 0.13 0.018 0.004 0.02 2 2 2 2 2 2
1972-02-14T04:30:00 1972 2 14 4 30 0 4.3 1.6 600.0 3.9 2.76 1.12 0.0 0.0 2 2 2 2 2 2 2 2 3.3 3.82 -30.0 1.6 1.6 1.6 1.6 1.6 1.6 0.034 0.007 0.126 0.01 0.001 0.008 2 2 2 2 2 2
1972-02-14T05:30:00 1972 2 14 5 30 0 1.8 -1.1 618.0 5.2 4.1 1.07 0.83 0.42 2 2 2 2 2 2 2 2 3.3 3.73 -23.0 -1.1 -1.1 -1.1 -1.1 -1.1 -1.1 0.079 0.106 0.126 0.055 0.277 0.484 2 2 2 2 2 2
1972-02-14T06:30:00 1972 2 14 6 30 0 2.9 0.5 617.0 4.6 3.6 0.89 1.03 0.52 2 2 2 2 2 2 2 2 3.0 3.6 -28.0 0.5 0.5 0.5 0.5 0.5 0.5 0.084 0.104 0.125 0.05 0.194 0.432 2 2 2 2 2 2
1972-02-14T07:30:00 1972 2 14 7 30 0 3.5 1.2 602.0 4.1 3.06 0.88 0.0 0.0 2 2 2 2 2 2 2 2 3.0 3.48 -28.0 1.2 1.2 1.2 1.2 1.2 1.2 0.057 0.052 0.121 0.028 0.062 0.179 2 2 2 2 2 2
1972-02-14T08:30:00 1972 2 14 8 30 0 3.1 0.3 585.0 3.2 2.22 0.96 0.0 0.0 2 2 2 2 2 2 2 2 3.0 3.35 -26.0 0.3 0.3 0.3 0.3 0.3 0.3 0.038 0.026 0.118 0.016 0.019 0.074 2 2 2 2 2 2
1972-02-14T09:30:00 1972 2 14 9 30 0 1.2 0.7 576.0 3.5 2.44 0.41 0.0 0.0 2 2 2 2 2 2 2 2 2.3 3.14 -21.0 0.7 0.7 0.7 0.7 0.7 0.7 0.026 0.013 0.114 0.009 0.006 0.031 2 2 2 2 2 2
1972-02-14T10:30:00 1972 2 14 10 30 0 -0.7 0.8 588.0 2.8 2.0 0.01 0.0 0.0 2 2 2 2 2 2 2 2 2.3 2.93 -19.0 0.8 0.8 0.8 0.8 0.8 0.8 0.018 0.006 0.111 0.005 0.002 0.013 2 2 2 2 2 2
1972-02-14T11:30:00 1972 2 14 11 30 0 1.4 1.6 602.0 3.3 2.43 0.02 0.0 0.0 2 2 2 2 2 2 2 2 2.3 2.8 -13.0 1.6 1.6 1.6 1.6 1.6 1.6 0.012 0.003 0.107 0.003 0.001 0.005 2 2 2 2 2 2
1972-02-14T12:30:00 1972 2 14 12 30 0 1.1 2.2 595.0 3.5 2.47 0.04 0.0 0.0 2 2 2 2 2 2 2 2 1.0 2.51 -13.0 2.2 2.2 2.2 2.2 2.2 2.2 0.008 0.002 0.104 0.002 0.0 0.002 2 2 2 2 2 2
1972-02-14T13:30:00 1972 2 14 13 30 0 1.8 1.8 585.0 3.5 2.43 0.07 0.0 0.0 2 2 2 2 2 2 2 2 1.0 2.21 -14.0 1.8 1.8 1.8 1.8 1.8 1.8 0.005 0.001 0.101 0.001 0.0 0.001 2 2 2 2 2 2
1972-02-14T14:30:00 1972 2 14 14 30 0 2.7 0.6 577.0 3.7 2.44 0.35 0.0 0.0 2 2 2 2 2 2 2 2 1.0 1.96 -14.0 0.6 0.6 0.6 0.6 0.6 0.6 0.004 0.0 0.098 0.0 0.0 0.0 2 2 2 2 2 2
1972-02-14T15:30:00 1972 2 14 15 30 0 2.4 1.8 582.0 3.6 2.43 0.41 0.0 0.0 2 2 2 2 2 2 2 2 2.0 1.85 -15.0 1.8 1.8 1.8 1.8 1.8 1.8 0.003 0.0 0.095 0.0 0.0 0.0 2 2 2 2 2 2
1972-02-14T16:30:00 1972 2 14 16 30 0 1.5 1.5 577.0 3.7 2.39 0.16 0.0 0.0 2 2 2 2 2 2 2 2 2.0 1.73 -14.0 1.5 1.5 1.5 1.5 1.5 1.5 0.002 0.0 0.092 0.0 0.0 0.0 2 2 2 2 2 2
1972-02-14T17:30:00 1972 2 14 17 30 0 0.6 0.1 559.0 3.9 2.39 0.05 0.0 0.0 2 2 2 2 2 2 2 2 2.0 1.7 -15.0 0.1 0.1 0.1 0.1 0.1 0.1 0.001 0.0 0.089 0.0 0.0 0.0 2 2 2 2 2 2
1972-02-14T18:30:00 1972 2 14 18 30 0 -0.6 0.2 565.0 3.5 2.16 0.01 0.0 0.0 2 2 2 2 2 2 2 2 3.0 1.8 -17.0 0.2 0.2 0.2 0.2 0.2 0.2 0.001 0.0 0.086 0.0 0.0 0.0 2 2 2 2 2 2
1972-02-14T19:30:00 1972 2 14 19 30 0 -1.2 -0.4 571.0 3.5 2.27 0.14 0.43 0.15 2 2 2 2 2 2 2 2 3.0 1.9 -15.0 -0.4 -0.4 -0.4 -0.4 -0.4 -0.4 0.025 0.057 0.085 0.013 0.132 0.187 2 2 2 2 2 2
1972-02-14T20:30:00 1972 2 14 20 30 0 -1.0 -0.5 564.0 3.9 2.39 0.28 1.29 0.48 2 2 2 2 2 2 2 2 3.0 2.15 -14.0 -0.5 -0.5 -0.5 -0.5 -0.5 -0.5 0.071 0.136 0.086 0.041 0.276 0.416 2 2 2 2 2 2
1972-02-14T21:30:00 1972 2 14 21 30 0 1.5 0.3 546.0 5.2 3.03 0.08 0.38 0.16 2 2 2 2 2 2 2 2 4.0 2.53 -17.0 0.3 0.3 0.3 0.3 0.3 0.3 0.06 0.093 0.083 0.028 0.132 0.264 2 2 2 2 2 2
1972-02-14T22:30:00 1972 2 14 22 30 0 1.7 -1.6 549.0 5.4 3.16 0.68 2.03 1.09 2 2 2 2 2 2 2 2 4.0 2.9 -17.0 -1.6 -1.6 -1.6 -1.6 -1.6 -1.6 0.151 0.245 0.09 0.118 0.474 0.817 2 2 2 2 2 2
1972-02-14T23:30:00 1972 2 14 23 30 0 1.8 -0.9 541.0 4.3 2.5 1.04 3.33 1.62 2 2 2 2 2 2 2 2 4.0 3.15 -23.0 -0.9 -0.9 -0.9 -0.9 -0.9 -0.9 0.227 0.333 0.099 0.176 0.577 0.976 2 2 2 2 2 2
