1972-04-12T00:30:00 1972 4 12 0 30 0 0.6 -0.6 312.0 12.9 2.43 0.53 2.36 2.77 2 2 2 2 2 2 2 2 1.7 1.46 -16.0 -0.6 -0.6 -0.6 -0.6 -0.6 -0.6 0.575 0.805 0.213 0.393 0.482 1.109 2 2 2 2 2 2
1972-04-12T01:30:00 1972 4 12 1 30 0 -1.6 -2.0 307.0 14.2 2.53 0.45 2.1 2.88 2 2 2 2 2 2 2 2 1.7 1.55 -13.0 -2.0 -2.0 -2.0 -2.0 -2.0 -2.0 0.544 0.788 0.213 0.347 0.501 1.251 2 2 2 2 2 2
1972-04-12T02:30:00 1972 4 12 2 30 0 -2.0 -2.9 304.0 15.1 2.63 1.46 3.8 5.59 2 2 2 2 2 2 2 2 1.7 1.55 -10.0 -2.9 -2.9 -2.9 -2.9 -2.9 -2.9 0.62 0.962 0.219 0.447 0.658 1.632 2 2 2 2 2 2
1972-04-12T03:30:00 1972 4 12 3 30 0 -1.5 -1.9 300.0 15.4 2.59 1.31 3.56 5.43 2 2 2 2 2 2 2 2 2.7 1.68 -6.0 -1.9 -1.9 -1.9 -1.9 -1.9 -1.9 0.642 0.996 0.224 0.457 0.644 1.703 2 2 2 2 2 2
1972-04-12T04:30:00 1972 4 12 4 30 0 -3.3 -1.6 311.0 14.6 2.59 1.15 2.66 3.98 2 2 2 2 2 2 2 2 2.7 1.82 -2.0 -1.6 -1.6 -1.6 -1.6 -1.6 -1.6 0.611 0.924 0.224 0.403 0.576 1.609 2 2 2 2 2 2
1972-04-12T05:30:00 1972 4 12 5 30 0 -1.0 -0.8 335.0 15.8 3.28 0.73 1.88 2.86 2 2 2 2 2 2 2 2 2.7 1.99 2.0 -0.8 -0.8 -0.8 -0.8 -0.8 -0.8 0.538 0.778 0.223 0.314 0.478 1.513 2 2 2 2 2 2
1972-04-12T06:30:00 1972 4 12 6 30 0 1.6 -0.2 348.0 12.3 2.9 0.12 0.81 1.15 2 2 2 2 2 2 2 2 1.3 1.98 1.0 -0.2 -0.2 -0.2 -0.2 -0.2 -0.2 0.418 0.541 0.217 0.202 0.299 1.094 2 2 2 2 2 2
1972-04-12T07:30:00 1972 4 12 7 30 0 3.6 4.4 358.0 6.6 1.67 0.2 0.0 0.0 2 2 2 2 2 2 2 2 1.3 1.97 -3.0 4.4 4.4 4.4 4.4 4.4 4.4 0.283 0.269 0.211 0.113 0.095 0.454 2 2 2 2 2 2
1972-04-12T08:30:00 1972 4 12 8 30 0 -3.9 1.2 367.0 6.1 1.68 0.15 0.0 0.0 2 2 2 2 2 2 2 2 1.3 1.92 -2.0 1.2 1.2 1.2 1.2 1.2 1.2 0.191 0.133 0.204 0.063 0.03 0.188 2 2 2 2 2 2
1972-04-12T09:30:00 1972 4 12 9 30 0 -4.9 1.0 366.0 6.0 1.68 1.02 0.0 0.0 2 2 2 2 2 2 2 2 1.7 1.91 -4.0 1.0 1.0 1.0 1.0 1.0 1.0 0.13 0.066 0.198 0.035 0.009 0.078 2 2 2 2 2 2
1972-04-12T10:30:00 1972 4 12 10 30 0 -3.7 -0.7 360.0 6.8 1.9 1.29 0.31 0.21 2 2 2 2 2 2 2 2 1.7 1.91 -6.0 -0.7 -0.7 -0.7 -0.7 -0.7 -0.7 0.115 0.111 0.193 0.036 0.099 0.182 2 2 2 2 2 2
1972-04-12T11:30:00 1972 4 12 11 30 0 -2.8 -1.7 370.0 6.9 2.06 1.41 2.27 1.56 2 2 2 2 2 2 2 2 1.7 1.79 -6.0 -1.7 -1.7 -1.7 -1.7 -1.7 -1.7 0.201 0.325 0.193 0.121 0.35 0.535 2 2 2 2 2 2
1972-04-12T12:30:00 1972 4 12 12 30 0 -5.2 -1.5 412.0 4.7 1.58 2.45 3.12 1.78 2 2 2 2 2 2 2 2 2.3 1.75 -10.0 -1.5 -1.5 -1.5 -1.5 -1.5 -1.5 0.272 0.428 0.196 0.187 0.462 0.656 2 2 2 2 2 2
1972-04-12T13:30:00 1972 4 12 13 30 0 -5.3 -0.2 414.0 4.4 1.58 2.82 1.64 0.75 2 2 2 2 2 2 2 2 2.3 1.71 -12.0 -0.2 -0.2 -0.2 -0.2 -0.2 -0.2 0.243 0.34 0.193 0.143 0.313 0.489 2 2 2 2 2 2
1972-04-12T14:30:00 1972 4 12 14 30 0 -5.6 -1.1 414.0 4.5 1.55 2.92 1.42 0.64 2 2 2 2 2 2 2 2 2.3 1.84 -9.0 -1.1 -1.1 -1.1 -1.1 -1.1 -1.1 0.236 0.326 0.19 0.13 0.324 0.467 2 2 2 2 2 2
1972-04-12T15:30:00 1972 4 12 15 30 0 -5.13 -0.9 437.0 4.3 1.66 3.15 2.11 0.93 1 1 2 2 2 1 2 2 3.0 2.05 -9.0 -0.9 -0.9 -0.9 -0.9 -0.9 -0.9 0.247 0.34 0.189 0.137 0.363 0.501 2 1 2 2 1 1
1972-04-12T16:30:00 1972 4 12 16 30 0 -4.67 0.0 434.0 4.33 1.64 2.34 0.9 0.39 1 1 1 1 1 1 1 1 3.0 2.27 -11.0 0.0 0.0 0.0 0.0 0.0 0.0 0.198 0.237 0.185 0.093 0.206 0.338 2 1 2 1 1 1
1972-04-12T17:30:00 1972 4 12 17 30 0 -4.2 0.2 431.0 4.35 1.62 1.62 0.0 0.0 2 2 1 1 1 2 2 1 3.0 2.43 -11.0 0.2 0.2 0.2 0.2 0.2 0.2 0.134 0.118 0.179 0.052 0.065 0.14 2 1 2 1 1 1
1972-04-12T18:30:00 1972 4 12 18 30 0 -4.6 -0.2 428.0 4.38 1.61 1.68 0.12 0.05 2 2 1 1 1 2 2 1 3.0 2.59 -12.0 -0.2 -0.2 -0.2 -0.2 -0.2 -0.2 0.1 0.089 0.174 0.033 0.068 0.128 1 1 2 1 1 1
1972-04-12T19:30:00 1972 4 12 19 30 0 -1.7 -3.1 425.0 4.4 1.59 2.11 3.77 1.66 2 2 2 2 2 2 2 2 3.0 2.75 -15.0 -3.1 -3.1 -3.1 -3.1 -3.1 -3.1 0.237 0.345 0.182 0.202 0.481 0.516 2 2 2 2 2 2
1972-04-12T20:30:00 1972 4 12 20 30 0 -3.7 -2.6 412.0 4.3 1.43 3.0 5.92 2.57 2 2 2 2 2 2 2 2 3.0 2.83 -20.0 -2.6 -2.6 -2.6 -2.6 -2.6 -2.6 0.372 0.528 0.195 0.353 0.661 0.707 2 2 2 2 2 2
1972-04-12T21:30:00 1972 4 12 21 30 0 -4.4 -3.1 424.0 4.0 1.44 4.06 6.01 2.48 2 2 2 2 2 2 2 2 3.0 2.92 -21.0 -3.1 -3.1 -3.1 -3.1 -3.1 -3.1 0.471 0.624 0.208 0.454 0.742 0.779 2 2 2 2 2 2
1972-04-12T22:30:00 1972 4 12 22 30 0 -2.8 -4.3 426.0 4.2 1.53 5.06 7.97 3.28 2 2 2 2 2 2 2 2 3.0 3.0 -24.0 -4.3 -4.3 -4.3 -4.3 -4.3 -4.3 0.603 0.752 0.231 0.632 0.902 0.915 2 2 2 2 2 2
1972-04-12T23:30:00 1972 4 12 23 30 0 -2.6 -4.3 426.0 4.3 1.56 5.4 9.16 3.9 2 2 2 2 2 2 2 2 3.0 3.0 -29.0 -4.3 -4.3 -4.3 -4.3 -4.3 -4.3 0.723 0.852 0.258 0.787 1.003 1.027 2 2 2 2 2 2
