1972-09-15T00:30:00 1972 9 15 0 30 0 3.4 -0.7 431.5 7.83 2.76 1.82 1.61 1.26 2 2 0 0 0 1 1 1 3.3 3.56 -67.0 -0.7 -0.7 -0.7 -0.7 -0.7 -0.7 0.262 0.341 1.003 0.124 0.381 0.893 0 0 0 0 0 0
1972-09-15T01:30:00 1972 9 15 1 30 0 3.7 -0.4 431.4 7.83 2.76 1.4 1.16 0.91 2 2 0 0 0 1 1 1 3.3 3.55 -60.0 -0.4 -0.4 -0.4 -0.4 -0.4 -0.4 0.24 0.318 0.975 0.105 0.329 0.832 0 0 0 0 0 0
1972-09-15T02:30:00 1972 9 15 2 30 0 -0.2 0.2 431.4 7.83 2.76 0.38 0.25 0.2 2 2 0 0 0 1 1 1 3.3 3.47 -57.0 0.2 0.2 0.2 0.2 0.2 0.2 0.173 0.187 0.946 0.063 0.139 0.445 0 0 0 0 0 0
1972-09-15T03:30:00 1972 9 15 3 30 0 0.3 -1.6 431.4 7.83 2.76 0.23 1.68 1.32 2 2 0 0 0 1 1 1 4.7 3.57 -58.0 -1.6 -1.6 -1.6 -1.6 -1.6 -1.6 0.227 0.327 0.923 0.127 0.397 0.851 0 0 0 0 0 0
1972-09-15T04:30:00 1972 9 15 4 30 0 -0.4 -3.3 431.4 7.83 2.76 1.67 5.44 4.26 2 2 0 0 0 1 1 1 4.7 3.66 -62.0 -3.3 -3.3 -3.3 -3.3 -3.3 -3.3 0.423 0.631 0.919 0.39 0.824 1.507 0 0 0 0 0 0
1972-09-15T05:30:00 1972 9 15 5 30 0 0.4 -4.1 431.4 7.83 2.76 3.46 8.05 6.31 2 2 0 0 0 1 1 1 4.7 3.84 -65.0 -4.1 -4.1 -4.1 -4.1 -4.1 -4.1 0.649 0.901 0.928 0.709 1.134 2.003 0 0 0 0 0 0
1972-09-15T06:30:00 1972 9 15 6 30 0 3.0 -2.6 431.3 7.83 2.76 3.26 7.09 5.55 2 2 0 0 0 1 1 1 3.7 3.89 -72.0 -2.6 -2.6 -2.6 -2.6 -2.6 -2.6 0.743 0.953 0.93 0.77 1.095 2.047 0 0 0 0 0 0
1972-09-15T07:30:00 1972 9 15 7 30 0 0.8 -2.6 431.3 7.83 2.76 2.22 5.61 4.39 2 2 0 0 0 1 1 1 3.7 3.93 -77.0 -2.6 -2.6 -2.6 -2.6 -2.6 -2.6 0.763 0.925 0.924 0.728 1.01 1.967 0 0 0 0 0 0
1972-09-15T08:30:00 1972 9 15 8 30 0 2.9 -4.2 431.3 7.83 2.76 3.59 7.48 5.85 2 2 0 0 0 1 1 1 3.7 3.98 -76.0 -4.2 -4.2 -4.2 -4.2 -4.2 -4.2 0.865 1.03 0.931 0.872 1.171 2.163 0 0 0 0 0 0
1972-09-15T09:30:00 1972 9 15 9 30 0 3.5 -0.1 431.3 7.83 2.76 2.59 4.27 3.34 2 2 0 0 0 1 1 1 5.0 4.19 -69.0 -0.1 -0.1 -0.1 -0.1 -0.1 -0.1 0.741 0.784 0.917 0.646 0.736 1.595 0 0 0 0 0 0
1972-09-15T10:30:00 1972 9 15 10 30 0 3.5 -0.15 431.3 7.83 2.76 1.13 0.27 0.21 1 1 0 0 0 1 1 0 5.0 4.4 -63.0 -0.29 -0.24 -0.39 -0.38 -0.25 -0.2 0.533 0.469 0.89 0.379 0.348 0.923 0 0 0 0 0 0
1972-09-15T11:30:00 1972 9 15 11 30 0 3.76 -0.34 431.2 7.83 2.76 1.29 0.55 0.43 1 1 0 0 0 1 1 0 5.0 4.44 -65.0 -1.01 -0.77 -1.47 -1.44 -0.8 -0.59 0.449 0.401 0.87 0.31 0.361 0.831 0 0 0 0 0 0
1972-09-15T12:30:00 1972 9 15 12 30 0 4.04 -0.04 431.2 7.83 2.76 1.42 0.38 0.3 1 1 0 0 0 1 1 0 4.0 4.36 -69.0 -0.72 -0.48 -1.18 -1.15 -0.51 -0.3 0.399 0.363 0.852 0.289 0.353 0.751 0 0 0 0 0 0
1972-09-15T13:30:00 1972 9 15 13 30 0 4.3 1.72 431.2 7.83 2.76 1.12 0.0 0.0 1 1 0 0 0 1 1 0 4.0 4.27 -64.0 1.57 1.62 1.47 1.48 1.62 1.66 0.275 0.18 0.827 0.169 0.112 0.312 0 0 0 0 0 0
1972-09-15T14:30:00 1972 9 15 14 30 0 4.3 2.2 431.2 7.83 2.77 0.85 0.0 0.0 2 2 0 0 0 1 1 1 4.0 4.3 -57.0 2.2 2.2 2.2 2.2 2.2 2.2 0.186 0.089 0.802 0.094 0.035 0.129 0 0 0 0 0 0
1972-09-15T15:30:00 1972 9 15 15 30 0 1.9 2.4 431.2 7.83 2.77 0.34 0.0 0.0 2 2 0 0 0 1 1 1 3.0 4.2 -55.0 2.4 2.4 2.4 2.4 2.4 2.4 0.126 0.044 0.777 0.053 0.011 0.054 0 0 0 0 0 0
1972-09-15T16:30:00 1972 9 15 16 30 0 2.8 4.9 431.1 7.83 2.77 0.11 0.0 0.0 2 2 0 0 0 1 1 1 3.0 4.1 -55.0 4.9 4.9 4.9 4.9 4.9 4.9 0.085 0.022 0.754 0.03 0.004 0.022 0 0 0 0 0 0
1972-09-15T17:30:00 1972 9 15 17 30 0 5.0 -1.0 431.1 7.84 2.77 1.06 0.27 0.21 2 2 0 0 0 1 1 1 3.0 3.85 -52.0 -1.0 -1.0 -1.0 -1.0 -1.0 -1.0 0.09 0.087 0.732 0.043 0.127 0.237 0 0 0 0 0 0
1972-09-15T18:30:00 1972 9 15 18 30 0 -0.8 2.7 431.1 7.84 2.77 0.54 0.21 0.16 2 2 0 0 0 1 1 1 2.3 3.51 -49.0 2.7 2.7 2.7 2.7 2.7 2.7 0.064 0.051 0.71 0.025 0.049 0.128 0 0 0 0 0 0
1972-09-15T19:30:00 1972 9 15 19 30 0 1.6 2.9 431.1 7.84 2.77 0.01 0.0 0.0 2 2 0 0 0 1 1 1 2.3 3.18 -49.0 2.9 2.9 2.9 2.9 2.9 2.9 0.043 0.025 0.688 0.014 0.015 0.053 0 0 0 0 0 0
1972-09-15T20:30:00 1972 9 15 20 30 0 1.4 0.9 431.1 7.84 2.77 0.06 0.0 0.0 2 2 0 0 0 1 1 1 2.3 2.97 -48.0 0.9 0.9 0.9 0.9 0.9 0.9 0.029 0.013 0.667 0.008 0.005 0.022 0 0 0 0 0 0
1972-09-15T21:30:00 1972 9 15 21 30 0 0.8 -0.8 431.0 7.84 2.77 0.13 0.48 0.38 2 2 0 0 0 1 1 1 3.3 2.89 -48.0 -0.8 -0.8 -0.8 -0.8 -0.8 -0.8 0.059 0.105 0.649 0.031 0.157 0.32 0 0 0 0 0 0
1972-09-15T22:30:00 1972 9 15 22 30 0 -0.8 -2.8 431.0 7.84 2.77 1.02 4.06 3.18 2 2 0 0 0 1 1 1 3.3 2.81 -48.0 -2.8 -2.8 -2.8 -2.8 -2.8 -2.8 0.256 0.448 0.646 0.251 0.641 1.144 0 0 0 0 0 0
1972-09-15T23:30:00 1972 9 15 23 30 0 -0.3 -1.4 431.0 7.84 2.77 1.15 4.4 3.45 2 2 0 0 0 1 1 1 3.3 2.86 -53.0 -1.4 -1.4 -1.4 -1.4 -1.4 -1.4 0.369 0.581 0.642 0.335 0.715 1.397 0 0 0 0 0 0
