1972-10-06T00:30:00 1972 10 6 0 30 0 -4.0 0.5 330.6 8.02 2.84 0.64 0.0 0.0 2 2 1 0 0 2 2 1 0.0 0.78 -8.0 0.5 0.5 0.5 0.5 0.5 0.5 0.055 0.035 0.057 0.018 0.006 0.03 0 0 0 0 0 0
1972-10-06T01:30:00 1972 10 6 1 30 0 -1.5 2.3 325.6 8.02 2.84 0.29 0.0 0.0 2 2 1 0 0 2 2 1 0.0 0.73 -9.0 2.3 2.3 2.3 2.3 2.3 2.3 0.037 0.017 0.056 0.01 0.002 0.013 0 0 0 0 0 0
1972-10-06T02:30:00 1972 10 6 2 30 0 -1.2 2.3 320.6 8.02 2.84 0.02 0.0 0.0 2 2 1 0 0 2 2 1 0.0 0.57 -8.0 2.3 2.3 2.3 2.3 2.3 2.3 0.025 0.009 0.054 0.006 0.001 0.005 0 0 0 0 0 0
1972-10-06T03:30:00 1972 10 6 3 30 0 -1.7 1.2 315.5 8.02 2.84 0.04 0.0 0.0 2 2 1 0 0 2 2 1 0.0 0.41 -6.0 1.2 1.2 1.2 1.2 1.2 1.2 0.017 0.004 0.052 0.003 0.0 0.002 0 0 0 0 0 0
1972-10-06T04:30:00 1972 10 6 4 30 0 0.2 1.8 310.5 8.02 2.84 0.01 0.0 0.0 2 2 1 0 0 2 2 1 0.0 0.25 -3.0 1.8 1.8 1.8 1.8 1.8 1.8 0.012 0.002 0.051 0.002 0.0 0.001 0 0 0 0 0 0
1972-10-06T05:30:00 1972 10 6 5 30 0 0.5 1.4 305.5 8.02 2.84 0.0 0.0 0.0 2 2 1 0 0 2 2 1 0.0 0.17 -2.0 1.4 1.4 1.4 1.4 1.4 1.4 0.008 0.001 0.049 0.001 0.0 0.0 0 0 0 0 0 0
1972-10-06T06:30:00 1972 10 6 6 30 0 -0.1 1.1 300.5 8.02 2.84 0.0 0.0 0.0 2 2 1 0 0 2 2 1 0.0 0.08 -3.0 1.1 1.1 1.1 1.1 1.1 1.1 0.005 0.001 0.048 0.001 0.0 0.0 0 0 0 0 0 0
1972-10-06T07:30:00 1972 10 6 7 30 0 0.7 1.6 295.5 8.02 2.84 0.0 0.0 0.0 2 2 1 0 0 2 2 1 0.0 0.0 -3.0 1.6 1.6 1.6 1.6 1.6 1.6 0.004 0.0 0.046 0.0 0.0 0.0 0 0 0 0 0 0
1972-10-06T08:30:00 1972 10 6 8 30 0 1.0 1.2 290.5 8.02 2.84 0.01 0.0 0.0 2 2 1 0 0 2 2 1 0.0 0.0 -3.0 1.2 1.2 1.2 1.2 1.2 1.2 0.002 0.0 0.045 0.0 0.0 0.0 0 0 0 0 0 0
1972-10-06T09:30:00 1972 10 6 9 30 0 0.7 1.4 288.0 8.02 2.84 0.01 0.0 0.0 2 2 1 0 0 2 2 1 0.3 0.04 -3.0 1.4 1.4 1.4 1.4 1.4 1.4 0.002 0.0 0.043 0.0 0.0 0.0 0 0 0 0 0 0
1972-10-06T10:30:00 1972 10 6 10 30 0 0.6 1.3 288.0 8.02 2.84 0.0 0.0 0.0 2 2 1 0 0 2 2 1 0.3 0.08 -2.0 1.3 1.3 1.3 1.3 1.3 1.3 0.001 0.0 0.042 0.0 0.0 0.0 0 0 0 0 0 0
1972-10-06T11:30:00 1972 10 6 11 30 0 0.4 1.4 288.0 8.02 2.84 0.0 0.0 0.0 2 2 1 0 0 2 2 1 0.3 0.12 0.0 1.4 1.4 1.4 1.4 1.4 1.4 0.001 0.0 0.041 0.0 0.0 0.0 0 0 0 0 0 0
1972-10-06T12:30:00 1972 10 6 12 30 0 0.3 0.6 288.0 8.02 2.84 0.0 0.0 0.0 2 2 1 0 0 2 2 1 0.0 0.11 -1.0 0.6 0.6 0.6 0.6 0.6 0.6 0.001 0.0 0.04 0.0 0.0 0.0 0 0 0 0 0 0
1972-10-06T13:30:00 1972 10 6 13 30 0 0.4 0.1 288.0 8.02 2.84 0.0 0.0 0.0 2 2 1 0 0 2 2 1 0.0 0.11 -3.0 0.1 0.1 0.1 0.1 0.1 0.1 0.0 0.0 0.038 0.0 0.0 0.0 0 0 0 0 0 0
1972-10-06T14:30:00 1972 10 6 14 30 0 0.0 0.2 288.0 8.02 2.84 0.0 0.0 0.0 2 2 1 0 0 2 2 1 0.0 0.11 -7.0 0.2 0.2 0.2 0.2 0.2 0.2 0.0 0.0 0.037 0.0 0.0 0.0 0 0 0 0 0 0
1972-10-06T15:30:00 1972 10 6 15 30 0 0.3 0.0 288.0 8.02 2.84 0.0 0.0 0.0 2 2 1 0 0 2 2 1 0.3 0.15 -7.0 0.0 0.0 0.0 0.0 0.0 0.0 0.0 0.0 0.036 0.0 0.0 0.0 0 0 0 0 0 0
1972-10-06T16:30:00 1972 10 6 16 30 0 0.7 0.8 288.0 8.47 2.84 0.01 0.0 0.0 2 2 1 1 0 2 2 1 0.3 0.19 -6.0 0.8 0.8 0.8 0.8 0.8 0.8 0.0 0.0 0.035 0.0 0.0 0.0 0 0 0 0 0 0
1972-10-06T17:30:00 1972 10 6 17 30 0 -0.8 0.5 288.0 9.32 2.82 0.0 0.0 0.0 2 2 1 1 1 2 2 1 0.3 0.19 -6.0 0.5 0.5 0.5 0.5 0.5 0.5 0.0 0.0 0.034 0.0 0.0 0.0 0 0 0 0 0 0
1972-10-06T18:30:00 1972 10 6 18 30 0 -2.4 -1.4 288.0 10.16 2.49 0.34 0.83 0.83 2 2 1 1 1 2 2 1 1.0 0.28 -7.0 -1.4 -1.4 -1.4 -1.4 -1.4 -1.4 0.067 0.195 0.035 0.046 0.167 0.283 1 1 0 1 1 1
1972-10-06T19:30:00 1972 10 6 19 30 0 -4.1 0.0 288.0 11.01 2.15 0.88 0.92 0.97 2 2 1 1 1 2 2 1 1.0 0.37 -6.0 0.0 0.0 0.0 0.0 0.0 0.0 0.092 0.225 0.035 0.051 0.145 0.311 1 1 0 1 1 1
1972-10-06T20:30:00 1972 10 6 20 30 0 -3.5 -1.3 288.0 11.7 1.81 1.11 1.01 1.17 2 2 1 1 1 2 2 1 1.0 0.5 -6.0 -1.3 -1.3 -1.3 -1.3 -1.3 -1.3 0.144 0.35 0.036 0.082 0.242 0.518 1 1 0 1 1 1
1972-10-06T21:30:00 1972 10 6 21 30 0 -2.3 -2.1 288.0 11.7 1.7 1.23 2.5 2.92 2 2 1 1 1 2 2 1 1.3 0.66 -6.0 -2.1 -2.1 -2.1 -2.1 -2.1 -2.1 0.259 0.575 0.042 0.182 0.403 0.809 1 1 0 1 1 1
1972-10-06T22:30:00 1972 10 6 22 30 0 -3.2 2.0 288.0 11.7 1.7 0.52 0.65 0.76 2 2 2 2 2 2 2 2 1.3 0.82 -7.0 2.0 2.0 2.0 2.0 2.0 2.0 0.199 0.346 0.041 0.115 0.167 0.432 1 1 0 1 1 1
1972-10-06T23:30:00 1972 10 6 23 30 0 -2.9 1.3 285.0 11.6 1.67 0.27 0.0 0.0 2 2 2 2 2 2 2 2 1.3 0.95 -4.0 1.3 1.3 1.3 1.3 1.3 1.3 0.135 0.172 0.04 0.065 0.053 0.179 1 1 0 1 1 1
