1972-02-16T00:30:00 1972 2 16 0 30 0 -1.0 0.2 536.0 2.5 1.42 0.16 0.9 0.23 2 2 2 2 2 2 2 2 3.0 2.05 -25.0 0.2 0.2 0.2 0.2 0.2 0.2 0.152 0.173 0.13 0.093 0.223 0.264 2 2 2 2 2 2
1972-02-16T01:30:00 1972 2 16 1 30 0 -0.7 -0.8 525.0 2.2 1.16 0.17 0.93 0.21 2 2 2 2 2 2 2 2 3.0 2.27 -24.0 -0.8 -0.8 -0.8 -0.8 -0.8 -0.8 0.143 0.167 0.129 0.079 0.242 0.252 2 2 2 2 2 2
1972-02-16T02:30:00 1972 2 16 2 30 0 -0.7 -1.8 520.0 2.2 1.23 0.68 3.5 0.77 2 2 2 2 2 2 2 2 3.0 2.43 -21.0 -1.8 -1.8 -1.8 -1.8 -1.8 -1.8 0.208 0.261 0.135 0.151 0.443 0.359 2 2 2 2 2 2
1972-02-16T03:30:00 1972 2 16 3 30 0 -0.7 -1.48 510.0 2.0 0.99 0.91 4.19 0.88 1 1 2 2 2 1 2 2 2.7 2.55 -20.0 -1.67 -1.62 -1.76 -1.76 -1.62 -1.58 0.264 0.318 0.143 0.213 0.513 0.387 2 1 2 1 1 1
1972-02-16T04:30:00 1972 2 16 4 30 0 -0.77 -0.3 503.0 2.2 1.15 0.35 2.13 0.44 1 1 2 2 2 1 2 2 2.7 2.67 -18.0 -1.17 -0.93 -1.63 -1.6 -0.96 -0.75 0.279 0.306 0.15 0.236 0.447 0.344 1 1 2 1 1 1
1972-02-16T05:30:00 1972 2 16 5 30 0 -0.89 -0.07 528.0 2.0 1.1 0.11 0.45 0.1 1 0 2 2 2 1 1 1 2.7 2.72 -16.0 -1.07 -0.8 -1.6 -1.57 -0.83 -0.59 0.274 0.271 0.156 0.245 0.385 0.292 1 1 2 1 0 1
1972-02-16T06:30:00 1972 2 16 6 30 0 -1.01 -0.07 522.0 2.0 1.1 0.12 0.18 0.04 1 0 1 1 1 1 1 1 2.0 2.67 -14.0 -1.07 -0.8 -1.6 -1.57 -0.83 -0.59 0.268 0.248 0.163 0.248 0.357 0.261 1 0 2 0 0 0
1972-02-16T07:30:00 1972 2 16 7 30 0 -1.06 -0.07 516.0 2.0 1.23 0.13 0.18 0.04 0 0 1 1 1 0 1 1 2.0 2.63 -13.0 -1.07 -0.8 -1.6 -1.57 -0.83 -0.59 0.263 0.236 0.169 0.249 0.344 0.244 0 0 1 0 0 0
1972-02-16T08:30:00 1972 2 16 8 30 0 -1.06 -0.07 510.0 2.93 1.63 0.14 0.18 0.04 0 0 1 1 1 0 1 1 2.0 2.5 -11.0 -1.07 -0.8 -1.6 -1.57 -0.83 -0.59 0.267 0.245 0.175 0.26 0.363 0.291 0 0 1 0 0 0
1972-02-16T09:30:00 1972 2 16 9 30 0 -1.06 -0.07 504.0 4.06 2.03 0.14 0.18 0.06 0 0 1 1 1 0 1 1 1.7 2.34 -10.0 -1.07 -0.8 -1.6 -1.57 -0.83 -0.59 0.282 0.271 0.183 0.283 0.402 0.406 0 0 1 0 0 0
1972-02-16T10:30:00 1972 2 16 10 30 0 -1.06 -0.07 498.0 5.2 2.43 0.13 0.18 0.08 0 0 1 1 1 0 1 1 1.7 2.18 -9.0 -1.07 -0.8 -1.6 -1.57 -0.83 -0.59 0.303 0.304 0.191 0.311 0.441 0.56 0 0 1 0 0 0
1972-02-16T11:30:00 1972 2 16 11 30 0 -1.06 -0.07 492.0 6.33 2.45 0.13 0.17 0.1 0 0 1 1 0 0 1 1 1.7 2.05 -6.0 -1.07 -0.8 -1.6 -1.57 -0.83 -0.59 0.325 0.336 0.2 0.337 0.476 0.73 0 0 1 0 0 0
1972-02-16T12:30:00 1972 2 16 12 30 0 -1.06 -0.07 486.0 6.95 2.45 0.13 0.17 0.11 0 0 1 0 0 0 1 0 2.0 1.97 -2.0 -1.07 -0.8 -1.6 -1.57 -0.83 -0.59 0.345 0.363 0.209 0.359 0.497 0.869 0 0 1 0 0 0
1972-02-16T13:30:00 1972 2 16 13 30 0 -0.78 -0.07 480.0 6.95 2.45 0.1 0.17 0.12 1 0 1 0 0 1 1 0 2.0 1.89 0.0 -1.07 -0.8 -1.6 -1.57 -0.83 -0.59 0.359 0.379 0.218 0.37 0.5 0.93 0 0 1 0 0 0
1972-02-16T14:30:00 1972 2 16 14 30 0 -0.04 -0.06 474.0 6.95 2.45 0.02 0.15 0.11 1 0 1 0 0 1 1 0 2.0 1.89 -1.0 -1.07 -0.8 -1.6 -1.57 -0.83 -0.59 0.367 0.386 0.225 0.374 0.494 0.939 0 0 1 0 0 0
1972-02-16T15:30:00 1972 2 16 15 30 0 0.7 -0.29 468.0 6.95 2.45 0.04 0.43 0.3 1 1 1 0 0 1 1 1 1.7 1.85 -5.0 -1.17 -0.93 -1.63 -1.6 -0.95 -0.74 0.377 0.403 0.233 0.376 0.509 0.974 0 0 1 0 0 0
1972-02-16T16:30:00 1972 2 16 16 30 0 1.1 -1.47 462.0 6.95 2.45 0.41 2.16 1.5 1 1 1 0 0 1 1 1 1.7 1.81 -8.0 -1.66 -1.61 -1.76 -1.76 -1.62 -1.57 0.418 0.485 0.241 0.39 0.629 1.195 0 0 1 0 0 0
1972-02-16T17:30:00 1972 2 16 17 30 0 1.1 -1.8 456.0 6.95 2.45 0.94 3.78 2.63 2 2 1 0 0 2 2 1 1.7 1.81 -9.0 -1.8 -1.8 -1.8 -1.8 -1.8 -1.8 0.467 0.571 0.249 0.406 0.727 1.387 0 0 1 0 0 0
1972-02-16T18:30:00 1972 2 16 18 30 0 0.4 -1.4 450.0 6.95 2.45 0.78 3.59 2.49 2 2 1 0 0 2 2 1 1.3 1.76 -10.0 -1.4 -1.4 -1.4 -1.4 -1.4 -1.4 0.479 0.586 0.253 0.379 0.699 1.382 0 0 1 0 0 0
1972-02-16T19:30:00 1972 2 16 19 30 0 2.4 1.0 444.0 6.95 2.45 0.28 0.79 0.55 2 2 1 0 0 2 2 1 1.3 1.7 -10.0 1.0 1.0 1.0 1.0 1.0 1.0 0.351 0.345 0.247 0.228 0.291 0.73 0 0 1 0 0 0
1972-02-16T20:30:00 1972 2 16 20 30 0 3.8 1.1 438.0 6.95 2.45 0.57 0.0 0.0 2 2 1 0 0 2 2 1 1.3 1.62 -9.0 1.1 1.1 1.1 1.1 1.1 1.1 0.237 0.171 0.239 0.127 0.092 0.303 0 0 1 0 0 0
1972-02-16T21:30:00 1972 2 16 21 30 0 3.35 -0.3 432.0 6.95 2.45 0.98 0.1 0.07 1 1 1 0 0 1 1 1 1.3 1.53 -7.0 -0.3 -0.3 -0.3 -0.3 -0.3 -0.3 0.172 0.117 0.233 0.077 0.081 0.229 0 0 1 0 0 0
1972-02-16T22:30:00 1972 2 16 22 30 0 2.9 -1.7 426.0 6.96 2.45 1.46 2.27 1.58 2 2 1 0 0 2 2 1 1.3 1.44 -8.0 -1.7 -1.7 -1.7 -1.7 -1.7 -1.7 0.243 0.317 0.233 0.152 0.407 0.73 0 0 1 0 0 0
1972-02-16T23:30:00 1972 2 16 23 30 0 2.3 -2.1 420.0 6.91 2.45 1.8 4.05 2.81 2 2 1 1 0 2 2 1 1.3 1.4 -15.0 -2.1 -2.1 -2.1 -2.1 -2.1 -2.1 0.355 0.511 0.24 0.277 0.634 1.085 1 1 1 1 1 1
