1972-04-01T00:30:00 1972 4 1 0 30 0 -2.8 1.9 431.0 8.1 3.02 0.51 0.0 0.0 2 2 2 2 2 2 2 2 2.0 3.42 -18.0 1.9 1.9 1.9 1.9 1.9 1.9 0.215 0.144 0.508 0.121 0.053 0.233 2 2 2 2 2 2
1972-04-01T01:30:00 1972 4 1 1 30 0 -2.7 1.6 442.0 8.0 3.18 0.3 0.0 0.0 2 2 2 2 2 2 2 2 2.0 3.48 -13.0 1.6 1.6 1.6 1.6 1.6 1.6 0.146 0.071 0.493 0.068 0.017 0.097 2 2 2 2 2 2
1972-04-01T02:30:00 1972 4 1 2 30 0 -1.8 1.4 443.0 7.9 3.18 0.2 0.0 0.0 2 2 2 2 2 2 2 2 2.0 3.22 -13.0 1.4 1.4 1.4 1.4 1.4 1.4 0.099 0.035 0.478 0.038 0.005 0.04 2 2 2 2 2 2
1972-04-01T03:30:00 1972 4 1 3 30 0 -2.5 1.3 452.0 7.4 3.08 0.2 0.0 0.0 2 2 2 2 2 2 2 2 2.0 2.97 -12.0 1.3 1.3 1.3 1.3 1.3 1.3 0.067 0.018 0.463 0.021 0.002 0.017 2 2 2 2 2 2
1972-04-01T04:30:00 1972 4 1 4 30 0 -1.0 1.2 446.0 6.7 2.75 0.12 0.0 0.0 2 2 2 2 2 2 2 2 2.0 2.72 -13.0 1.2 1.2 1.2 1.2 1.2 1.2 0.045 0.009 0.449 0.012 0.001 0.007 2 2 2 2 2 2
1972-04-01T05:30:00 1972 4 1 5 30 0 -2.5 -0.2 445.0 7.0 2.81 0.27 0.05 0.04 2 2 2 2 2 2 2 2 2.0 2.48 -13.0 -0.2 -0.2 -0.2 -0.2 -0.2 -0.2 0.038 0.029 0.435 0.01 0.042 0.093 2 2 2 2 2 2
1972-04-01T06:30:00 1972 4 1 6 30 0 -1.4 -3.4 446.0 7.3 2.87 1.71 4.31 3.1 2 2 2 2 2 2 2 2 4.0 2.5 -13.0 -3.4 -3.4 -3.4 -3.4 -3.4 -3.4 0.256 0.42 0.442 0.275 0.659 1.068 2 2 2 2 2 2
1972-04-01T07:30:00 1972 4 1 7 30 0 -3.8 -3.0 449.0 6.8 2.74 3.7 7.12 5.01 2 2 2 2 2 2 2 2 4.0 2.52 -18.0 -3.0 -3.0 -3.0 -3.0 -3.0 -3.0 0.475 0.697 0.459 0.531 0.969 1.602 2 2 2 2 2 2
1972-04-01T08:30:00 1972 4 1 8 30 0 -0.1 -3.1 448.0 7.1 2.84 3.04 6.85 4.77 2 2 2 2 2 2 2 2 4.0 2.78 -19.0 -3.1 -3.1 -3.1 -3.1 -3.1 -3.1 0.617 0.829 0.475 0.665 1.063 1.825 2 2 2 2 2 2
1972-04-01T09:30:00 1972 4 1 9 30 0 -0.2 -2.3 443.0 8.1 3.14 1.87 5.94 4.52 2 2 2 2 2 2 2 2 2.0 2.77 -21.0 -2.3 -2.3 -2.3 -2.3 -2.3 -2.3 0.681 0.859 0.485 0.674 1.018 1.935 2 2 2 2 2 2
1972-04-01T10:30:00 1972 4 1 10 30 0 -2.5 0.1 429.0 9.2 3.34 0.68 2.21 1.87 2 2 2 2 2 2 2 2 2.0 2.75 -20.0 0.1 0.1 0.1 0.1 0.1 0.1 0.548 0.596 0.476 0.447 0.545 1.311 2 2 2 2 2 2
1972-04-01T11:30:00 1972 4 1 11 30 0 -3.8 0.3 428.0 8.1 2.87 0.83 0.0 0.0 2 2 2 2 2 2 2 2 2.0 2.74 -15.0 0.3 0.3 0.3 0.3 0.3 0.3 0.371 0.296 0.462 0.25 0.173 0.544 2 2 2 2 2 2
1972-04-01T12:30:00 1972 4 1 12 30 0 -4.4 -1.6 431.0 9.3 3.36 1.97 1.59 1.43 2 2 2 2 2 2 2 2 2.7 2.83 -14.0 -1.6 -1.6 -1.6 -1.6 -1.6 -1.6 0.363 0.39 0.454 0.234 0.419 1.003 2 2 2 2 2 2
1972-04-01T13:30:00 1972 4 1 13 30 0 -4.5 0.2 418.0 7.3 2.42 2.11 1.38 1.19 2 2 2 2 2 2 2 2 2.7 2.91 -19.0 0.2 0.2 0.2 0.2 0.2 0.2 0.303 0.314 0.443 0.169 0.283 0.768 2 2 2 2 2 2
1972-04-01T14:30:00 1972 4 1 14 30 0 -4.6 0.6 414.0 6.9 2.24 1.5 0.0 0.0 2 2 2 2 2 2 2 2 2.7 2.75 -23.0 0.6 0.6 0.6 0.6 0.6 0.6 0.205 0.156 0.43 0.095 0.09 0.319 2 2 2 2 2 2
1972-04-01T15:30:00 1972 4 1 15 30 0 -1.8 4.3 450.0 10.0 3.95 0.42 0.0 0.0 2 2 2 2 2 2 2 2 2.0 2.51 -15.0 4.3 4.3 4.3 4.3 4.3 4.3 0.139 0.077 0.417 0.053 0.028 0.132 2 2 2 2 2 2
1972-04-01T16:30:00 1972 4 1 16 30 0 -1.3 2.8 465.0 8.0 3.54 0.03 0.0 0.0 2 2 2 2 2 2 2 2 2.0 2.26 -13.0 2.8 2.8 2.8 2.8 2.8 2.8 0.094 0.038 0.404 0.03 0.009 0.055 2 2 2 2 2 2
1972-04-01T17:30:00 1972 4 1 17 30 0 -1.7 -2.2 501.0 5.8 2.96 0.52 1.44 0.87 2 2 2 2 2 2 2 2 2.0 2.26 -16.0 -2.2 -2.2 -2.2 -2.2 -2.2 -2.2 0.157 0.192 0.399 0.118 0.349 0.544 2 2 2 2 2 2
1972-04-01T18:30:00 1972 4 1 18 30 0 -3.6 -1.1 510.0 5.6 2.95 1.96 4.05 2.31 2 2 2 2 2 2 2 2 3.7 2.48 -22.0 -1.1 -1.1 -1.1 -1.1 -1.1 -1.1 0.266 0.366 0.402 0.218 0.603 1.015 2 2 2 2 2 2
1972-04-01T19:30:00 1972 4 1 19 30 0 -3.3 -3.0 505.0 5.4 2.81 3.2 5.4 2.96 2 2 2 2 2 2 2 2 3.7 2.7 -26.0 -3.0 -3.0 -3.0 -3.0 -3.0 -3.0 0.414 0.552 0.414 0.402 0.897 1.407 2 2 2 2 2 2
1972-04-01T20:30:00 1972 4 1 20 30 0 -3.1 0.3 516.0 5.6 3.04 2.09 3.15 1.72 2 2 2 2 2 2 2 2 3.7 2.83 -33.0 0.3 0.3 0.3 0.3 0.3 0.3 0.379 0.434 0.411 0.316 0.553 1.037 2 2 2 2 2 2
1972-04-01T21:30:00 1972 4 1 21 30 0 -3.6 -3.3 503.0 5.5 2.84 2.73 4.18 2.31 2 2 2 2 2 2 2 2 5.0 3.13 -32.0 -3.3 -3.3 -3.3 -3.3 -3.3 -3.3 0.464 0.554 0.42 0.427 0.833 1.356 2 2 2 2 2 2
1972-04-01T22:30:00 1972 4 1 22 30 0 -2.7 -4.7 523.0 4.4 2.43 6.38 10.44 5.08 2 2 2 2 2 2 2 2 5.0 3.42 -32.0 -4.7 -4.7 -4.7 -4.7 -4.7 -4.7 0.69 0.79 0.46 0.805 1.281 1.731 2 2 2 2 2 2
1972-04-01T23:30:00 1972 4 1 23 30 0 -2.5 -1.3 515.0 4.3 2.43 3.82 7.42 3.23 2 2 2 2 2 2 2 2 5.0 3.8 -35.0 -1.3 -1.3 -1.3 -1.3 -1.3 -1.3 0.694 0.723 0.475 0.725 1.031 1.469 2 2 2 2 2 2
