1972-07-31T00:30:00 1972 7 31 0 30 0 0.7 -0.5 414.2 7.72 2.53 0.07 0.75 0.58 2 2 0 0 0 1 1 1 1.0 1.64 0.0 -0.5 -0.5 -0.5 -0.5 -0.5 -0.5 0.065 0.155 0.105 0.029 0.195 0.445 0 0 0 0 0 0
1972-07-31T01:30:00 1972 7 31 1 30 0 0.3 -0.6 414.2 7.72 2.54 0.11 1.15 0.89 2 2 0 0 0 1 1 1 1.0 1.52 -4.0 -0.6 -0.6 -0.6 -0.6 -0.6 -0.6 0.11 0.238 0.105 0.056 0.279 0.63 0 0 0 0 0 0
1972-07-31T02:30:00 1972 7 31 2 30 0 -0.2 -0.4 414.3 7.72 2.54 0.07 1.02 0.79 2 2 0 0 0 1 1 1 1.0 1.43 -7.0 -0.4 -0.4 -0.4 -0.4 -0.4 -0.4 0.131 0.258 0.104 0.062 0.274 0.659 0 0 0 0 0 0
1972-07-31T03:30:00 1972 7 31 3 30 0 -0.3 -1.4 414.4 7.72 2.54 0.25 1.95 1.51 2 2 0 0 0 1 1 1 1.0 1.34 -7.0 -1.4 -1.4 -1.4 -1.4 -1.4 -1.4 0.202 0.374 0.107 0.125 0.429 0.898 0 0 0 0 0 0
1972-07-31T04:30:00 1972 7 31 4 30 0 -0.6 -0.4 414.4 7.72 2.54 0.24 1.78 1.37 2 2 0 0 0 1 1 1 1.0 1.25 -2.0 -0.4 -0.4 -0.4 -0.4 -0.4 -0.4 0.221 0.371 0.108 0.126 0.379 0.863 0 0 0 0 0 0
1972-07-31T05:30:00 1972 7 31 5 30 0 -0.6 0.0 414.5 7.72 2.54 0.05 0.38 0.29 2 2 0 0 0 1 1 1 1.0 1.17 4.0 0.0 0.0 0.0 0.0 0.0 0.0 0.168 0.236 0.105 0.077 0.181 0.517 0 0 0 0 0 0
1972-07-31T06:30:00 1972 7 31 6 30 0 -0.4 -0.2 414.5 7.73 2.54 0.03 0.22 0.17 2 2 0 0 0 1 1 1 1.0 1.08 7.0 -0.2 -0.2 -0.2 -0.2 -0.2 -0.2 0.132 0.177 0.102 0.05 0.139 0.421 0 0 0 0 0 0
1972-07-31T07:30:00 1972 7 31 7 30 0 -0.4 0.1 414.6 7.73 2.54 0.02 0.12 0.09 2 2 0 0 0 1 1 1 1.0 1.0 6.0 0.1 0.1 0.1 0.1 0.1 0.1 0.095 0.106 0.099 0.029 0.064 0.236 0 0 0 0 0 0
1972-07-31T08:30:00 1972 7 31 8 30 0 -0.1 0.5 414.6 7.73 2.54 0.0 0.0 0.0 2 2 0 0 0 1 1 1 1.0 1.0 3.0 0.5 0.5 0.5 0.5 0.5 0.5 0.064 0.053 0.096 0.016 0.02 0.098 0 0 0 0 0 0
1972-07-31T09:30:00 1972 7 31 9 30 0 -0.1 0.7 414.7 7.73 2.54 0.0 0.0 0.0 2 2 0 0 0 1 1 1 0.3 0.91 3.0 0.7 0.7 0.7 0.7 0.7 0.7 0.044 0.026 0.093 0.009 0.006 0.041 0 0 0 0 0 0
1972-07-31T10:30:00 1972 7 31 10 30 0 -0.4 1.1 414.8 7.73 2.54 0.0 0.0 0.0 2 2 0 0 0 1 1 1 0.3 0.82 5.0 1.1 1.1 1.1 1.1 1.1 1.1 0.03 0.013 0.091 0.005 0.002 0.017 0 0 0 0 0 0
1972-07-31T11:30:00 1972 7 31 11 30 0 0.5 1.4 414.8 7.73 2.54 0.0 0.0 0.0 2 2 0 0 0 1 1 1 0.3 0.73 8.0 1.4 1.4 1.4 1.4 1.4 1.4 0.02 0.006 0.088 0.003 0.001 0.007 0 0 0 0 0 0
1972-07-31T12:30:00 1972 7 31 12 30 0 -0.9 1.2 414.9 7.73 2.54 0.0 0.0 0.0 2 2 0 0 0 1 1 1 0.3 0.64 9.0 1.2 1.2 1.2 1.2 1.2 1.2 0.014 0.003 0.085 0.002 0.0 0.003 0 0 0 0 0 0
1972-07-31T13:30:00 1972 7 31 13 30 0 -1.6 1.7 414.9 7.73 2.54 0.04 0.0 0.0 2 2 0 0 0 1 1 1 0.3 0.55 11.0 1.7 1.7 1.7 1.7 1.7 1.7 0.009 0.002 0.083 0.001 0.0 0.001 0 0 0 0 0 0
1972-07-31T14:30:00 1972 7 31 14 30 0 -1.3 2.8 415.0 7.73 2.55 0.04 0.0 0.0 2 2 0 0 0 1 1 1 0.3 0.47 13.0 2.8 2.8 2.8 2.8 2.8 2.8 0.006 0.001 0.08 0.001 0.0 0.0 0 0 0 0 0 0
1972-07-31T15:30:00 1972 7 31 15 30 0 -2.9 3.2 415.0 7.73 2.55 0.1 0.0 0.0 2 2 0 0 0 1 1 1 0.3 0.38 14.0 3.2 3.2 3.2 3.2 3.2 3.2 0.004 0.0 0.078 0.0 0.0 0.0 0 0 0 0 0 0
1972-07-31T16:30:00 1972 7 31 16 30 0 -4.0 2.7 415.1 7.73 2.55 0.38 0.0 0.0 2 2 0 0 0 1 1 1 0.3 0.3 16.0 2.7 2.7 2.7 2.7 2.7 2.7 0.003 0.0 0.075 0.0 0.0 0.0 0 0 0 0 0 0
1972-07-31T17:30:00 1972 7 31 17 30 0 -3.2 1.3 415.1 7.73 2.55 0.52 0.0 0.0 2 2 0 0 0 1 1 1 0.3 0.3 21.0 1.3 1.3 1.3 1.3 1.3 1.3 0.002 0.0 0.073 0.0 0.0 0.0 0 0 0 0 0 0
1972-07-31T18:30:00 1972 7 31 18 30 0 -3.0 -0.4 415.2 7.73 2.55 0.7 0.13 0.1 2 2 0 0 0 1 1 1 3.0 0.65 19.0 -0.4 -0.4 -0.4 -0.4 -0.4 -0.4 0.015 0.041 0.071 0.008 0.062 0.126 0 0 0 0 0 0
1972-07-31T19:30:00 1972 7 31 19 30 0 -1.3 1.5 415.3 7.73 2.55 0.31 0.06 0.04 2 2 0 0 0 1 1 1 3.0 1.0 16.0 1.5 1.5 1.5 1.5 1.5 1.5 0.01 0.02 0.069 0.004 0.02 0.052 0 0 0 0 0 0
1972-07-31T20:30:00 1972 7 31 20 30 0 6.2 5.3 415.3 7.73 2.55 0.31 0.0 0.0 2 2 0 0 0 1 1 1 3.0 1.35 13.0 5.3 5.3 5.3 5.3 5.3 5.3 0.007 0.01 0.067 0.002 0.006 0.022 0 0 0 0 0 0
1972-07-31T21:30:00 1972 7 31 21 30 0 8.1 2.5 415.4 7.74 2.55 2.07 0.0 0.0 2 2 0 0 0 1 1 1 2.7 1.65 13.0 2.5 2.5 2.5 2.5 2.5 2.5 0.005 0.005 0.065 0.001 0.002 0.009 0 0 0 0 0 0
1972-07-31T22:30:00 1972 7 31 22 30 0 8.4 2.0 415.4 7.74 2.55 3.52 0.0 0.0 2 2 0 0 0 1 1 1 2.7 1.94 12.0 2.0 2.0 2.0 2.0 2.0 2.0 0.003 0.002 0.063 0.001 0.001 0.004 0 0 0 0 0 0
1972-07-31T23:30:00 1972 7 31 23 30 0 6.4 -4.0 415.5 7.74 2.55 5.68 3.12 2.41 2 2 0 0 0 1 1 1 2.7 2.24 10.0 -4.0 -4.0 -4.0 -4.0 -4.0 -4.0 0.196 0.361 0.077 0.241 0.538 0.827 0 0 0 0 0 0
