1972-12-17T00:30:00 1972 12 17 0 30 0 3.63 0.18 393.3 10.42 2.99 1.27 0.81 0.84 1 1 0 0 0 1 1 0 3.0 4.09 -40.0 -0.87 -0.66 -1.28 -1.25 -0.68 -0.52 0.283 0.446 0.394 0.219 0.445 1.123 0 0 0 0 0 0
1972-12-17T01:30:00 1972 12 17 1 30 0 3.57 0.31 393.4 10.42 2.99 0.93 0.0 0.0 1 1 0 0 0 1 1 0 3.0 3.99 -36.0 -0.74 -0.53 -1.15 -1.12 -0.55 -0.39 0.287 0.405 0.389 0.228 0.372 0.965 0 0 0 0 0 0
1972-12-17T02:30:00 1972 12 17 2 30 0 3.5 -0.25 393.4 10.42 2.99 1.0 0.13 0.14 1 1 0 0 0 1 1 0 3.0 3.78 -34.0 -0.47 -0.43 -0.56 -0.56 -0.43 -0.4 0.265 0.361 0.382 0.188 0.314 0.879 0 0 0 0 0 0
1972-12-17T03:30:00 1972 12 17 3 30 0 3.5 -0.4 393.4 10.42 2.99 1.13 0.65 0.68 2 2 0 0 0 1 1 1 2.7 3.53 -31.0 -0.4 -0.4 -0.4 -0.4 -0.4 -0.4 0.235 0.326 0.372 0.137 0.279 0.845 0 0 0 0 0 0
1972-12-17T04:30:00 1972 12 17 4 30 0 3.1 1.2 393.5 10.41 2.99 0.73 0.07 0.07 2 2 0 0 0 1 1 1 2.7 3.28 -31.0 1.2 1.2 1.2 1.2 1.2 1.2 0.159 0.162 0.361 0.076 0.088 0.351 0 0 0 0 0 0
1972-12-17T05:30:00 1972 12 17 5 30 0 3.1 1.5 393.5 10.41 2.99 0.43 0.0 0.0 2 2 0 0 0 1 1 1 2.7 3.12 -29.0 1.5 1.5 1.5 1.5 1.5 1.5 0.108 0.08 0.35 0.043 0.028 0.145 0 0 0 0 0 0
1972-12-17T06:30:00 1972 12 17 6 30 0 0.5 -1.1 393.6 10.41 2.99 0.27 0.55 0.57 2 2 0 0 0 1 1 1 2.7 2.96 -34.0 -1.1 -1.1 -1.1 -1.1 -1.1 -1.1 0.125 0.173 0.341 0.062 0.192 0.476 0 0 0 0 0 0
1972-12-17T07:30:00 1972 12 17 7 30 0 3.4 -0.2 393.6 10.4 2.99 0.6 1.21 1.25 2 2 0 0 0 1 1 1 2.7 2.81 -33.0 -0.2 -0.2 -0.2 -0.2 -0.2 -0.2 0.149 0.246 0.334 0.072 0.249 0.706 0 0 0 0 0 0
1972-12-17T08:30:00 1972 12 17 8 30 0 2.5 -1.2 393.7 10.4 2.99 1.03 1.46 1.52 2 2 0 0 0 1 1 1 2.7 2.77 -31.0 -1.2 -1.2 -1.2 -1.2 -1.2 -1.2 0.203 0.364 0.328 0.114 0.388 1.018 0 0 0 0 0 0
1972-12-17T09:30:00 1972 12 17 9 30 0 -1.8 -1.5 393.7 10.4 2.99 0.64 2.68 2.79 2 2 0 0 0 1 1 1 3.7 2.87 -35.0 -1.5 -1.5 -1.5 -1.5 -1.5 -1.5 0.294 0.516 0.327 0.199 0.546 1.358 0 0 0 0 0 0
1972-12-17T10:30:00 1972 12 17 10 30 0 -0.4 -2.7 393.8 10.4 2.99 1.27 4.23 4.4 2 2 0 0 0 1 1 1 3.7 2.96 -29.0 -2.7 -2.7 -2.7 -2.7 -2.7 -2.7 0.44 0.724 0.334 0.368 0.773 1.783 0 0 0 0 0 0
1972-12-17T11:30:00 1972 12 17 11 30 0 3.5 -1.0 393.8 10.39 2.99 1.28 3.5 3.64 2 2 0 0 0 1 1 1 3.7 3.09 -29.0 -1.0 -1.0 -1.0 -1.0 -1.0 -1.0 0.473 0.714 0.336 0.363 0.679 1.703 0 0 0 0 0 0
1972-12-17T12:30:00 1972 12 17 12 30 0 1.3 -2.9 393.8 10.39 2.99 1.71 4.0 4.15 2 2 0 0 0 1 1 1 3.3 3.16 -27.0 -2.9 -2.9 -2.9 -2.9 -2.9 -2.9 0.557 0.817 0.342 0.457 0.813 1.916 0 0 0 0 0 0
1972-12-17T13:30:00 1972 12 17 13 30 0 2.2 -0.1 393.9 10.39 2.99 0.98 2.72 2.83 2 2 0 0 0 1 1 1 3.3 3.23 -28.0 -0.1 -0.1 -0.1 -0.1 -0.1 -0.1 0.496 0.65 0.339 0.356 0.54 1.477 0 0 0 0 0 0
1972-12-17T14:30:00 1972 12 17 14 30 0 3.5 0.9 393.9 10.39 2.99 0.55 0.0 0.0 2 2 0 0 0 1 1 1 3.3 3.31 -31.0 0.9 0.9 0.9 0.9 0.9 0.9 0.336 0.323 0.329 0.199 0.171 0.613 0 0 0 0 0 0
1972-12-17T15:30:00 1972 12 17 15 30 0 3.2 0.7 394.0 10.38 2.99 0.64 0.0 0.0 2 2 0 0 0 1 1 1 2.3 3.24 -27.0 0.7 0.7 0.7 0.7 0.7 0.7 0.227 0.16 0.319 0.112 0.054 0.254 0 0 0 0 0 0
1972-12-17T16:30:00 1972 12 17 16 30 0 3.5 -2.5 394.0 10.38 2.99 1.59 2.13 2.22 2 2 0 0 0 1 1 1 2.3 3.18 -26.0 -2.5 -2.5 -2.5 -2.5 -2.5 -2.5 0.306 0.406 0.319 0.214 0.452 1.014 0 0 0 0 0 0
1972-12-17T17:30:00 1972 12 17 17 30 0 3.1 -2.1 394.1 10.38 2.99 2.5 4.5 4.67 2 2 0 0 0 1 1 1 2.3 3.01 -27.0 -2.1 -2.1 -2.1 -2.1 -2.1 -2.1 0.444 0.658 0.326 0.365 0.72 1.612 0 0 0 0 0 0
1972-12-17T18:30:00 1972 12 17 18 30 0 3.8 0.4 394.1 10.38 2.99 1.41 1.57 1.63 2 2 0 0 0 1 1 1 2.3 2.83 -29.0 0.4 0.4 0.4 0.4 0.4 0.4 0.369 0.472 0.32 0.252 0.389 1.087 0 0 0 0 0 0
1972-12-17T19:30:00 1972 12 17 19 30 0 3.8 0.4 394.4 10.37 2.99 0.98 0.0 0.0 2 2 1 0 0 2 2 1 2.3 2.66 -27.0 0.4 0.4 0.4 0.4 0.4 0.4 0.25 0.235 0.31 0.141 0.123 0.451 0 0 0 0 0 0
1972-12-17T20:30:00 1972 12 17 20 30 0 3.8 1.6 394.9 10.37 2.99 0.78 0.0 0.0 2 2 1 0 0 2 2 1 2.3 2.54 -28.0 1.6 1.6 1.6 1.6 1.6 1.6 0.169 0.116 0.301 0.079 0.039 0.187 0 0 0 0 0 0
1972-12-17T21:30:00 1972 12 17 21 30 0 4.8 1.4 395.5 10.37 2.99 0.92 0.0 0.0 2 2 1 0 0 2 2 1 1.7 2.34 -28.0 1.4 1.4 1.4 1.4 1.4 1.4 0.114 0.058 0.291 0.044 0.012 0.078 0 0 0 0 0 0
1972-12-17T22:30:00 1972 12 17 22 30 0 4.8 1.22 396.0 10.37 2.99 1.22 0.0 0.0 1 1 1 0 0 1 1 1 1.7 2.14 -28.0 1.0 1.04 0.91 0.91 1.04 1.07 0.077 0.029 0.282 0.025 0.004 0.032 0 0 0 0 0 0
1972-12-17T23:30:00 1972 12 17 23 30 0 3.74 0.56 396.6 10.36 2.99 1.05 0.0 0.0 1 1 1 0 0 1 1 1 1.7 2.07 -26.0 -0.5 -0.29 -0.91 -0.88 -0.31 -0.15 0.076 0.051 0.276 0.045 0.056 0.111 0 0 0 0 0 0
