1972-02-04T00:30:00 1972 2 4 0 30 0 -3.9 -0.4 393.4 6.74 2.4 1.19 0.3 0.2 2 2 1 0 0 2 2 1 2.7 1.91 -9.0 -0.4 -0.4 -0.4 -0.4 -0.4 -0.4 0.085 0.082 0.316 0.025 0.096 0.184 1 0 2 1 0 0
1972-02-04T01:30:00 1972 2 4 1 30 0 -3.9 -2.6 392.2 6.74 2.4 2.31 3.12 2.11 1 1 1 0 0 1 1 1 2.7 1.8 -10.0 -2.6 -2.6 -2.6 -2.6 -2.6 -2.6 0.225 0.372 0.317 0.18 0.468 0.694 0 0 2 0 0 0
1972-02-04T02:30:00 1972 2 4 2 30 0 -3.9 -4.8 390.9 6.74 2.4 5.05 7.42 5.0 2 2 1 0 0 2 2 1 2.7 1.9 -15.0 -4.8 -4.8 -4.8 -4.8 -4.8 -4.8 0.484 0.746 0.338 0.543 0.886 1.217 0 0 2 0 0 0
1972-02-04T03:30:00 1972 2 4 3 30 0 1.2 -1.4 389.7 6.74 2.4 2.6 5.77 3.89 2 2 1 0 0 2 2 1 3.0 2.03 -23.0 -1.4 -1.4 -1.4 -1.4 -1.4 -1.4 0.55 0.767 0.346 0.547 0.772 1.193 0 0 2 0 0 0
1972-02-04T04:30:00 1972 2 4 4 30 0 2.0 -1.25 388.4 6.74 2.4 0.75 2.57 1.73 1 1 1 0 0 1 1 1 3.0 2.16 -23.0 -1.25 -1.25 -1.25 -1.25 -1.25 -1.25 0.496 0.641 0.342 0.406 0.571 0.991 0 0 2 0 0 0
1972-02-04T05:30:00 1972 2 4 5 30 0 2.8 -1.1 387.1 6.74 2.4 1.01 2.27 1.53 2 2 1 0 0 2 2 1 3.0 2.41 -17.0 -1.1 -1.1 -1.1 -1.1 -1.1 -1.1 0.446 0.558 0.337 0.313 0.479 0.873 0 0 1 0 0 0
1972-02-04T06:30:00 1972 2 4 6 30 0 -0.3 -2.6 385.9 6.74 2.4 1.13 3.69 2.49 2 2 1 0 0 2 2 1 3.0 2.65 -21.0 -2.6 -2.6 -2.6 -2.6 -2.6 -2.6 0.487 0.636 0.339 0.361 0.611 0.996 0 0 1 0 0 0
1972-02-04T07:30:00 1972 2 4 7 30 0 -3.3 -1.8 384.6 6.74 2.4 1.62 4.17 2.81 2 2 1 0 0 2 2 1 3.0 2.89 -21.0 -1.8 -1.8 -1.8 -1.8 -1.8 -1.8 0.513 0.669 0.342 0.382 0.631 1.03 0 0 1 0 0 0
1972-02-04T08:30:00 1972 2 4 8 30 0 -2.7 -1.7 383.4 6.74 2.4 1.72 3.35 2.26 2 2 1 0 0 2 2 1 3.0 2.93 -22.0 -1.7 -1.7 -1.7 -1.7 -1.7 -1.7 0.504 0.647 0.341 0.357 0.59 0.988 0 0 1 0 0 0
1972-02-04T09:30:00 1972 2 4 9 30 0 2.1 -3.9 382.1 6.74 2.4 2.18 5.53 3.73 2 2 1 0 0 2 2 1 2.7 2.92 -20.0 -3.9 -3.9 -3.9 -3.9 -3.9 -3.9 0.603 0.793 0.351 0.512 0.787 1.18 0 0 1 0 0 0
1972-02-04T10:30:00 1972 2 4 10 30 0 1.3 -3.4 380.9 6.74 2.4 3.23 6.92 4.67 2 2 1 0 0 2 2 1 2.7 2.92 -19.0 -3.4 -3.4 -3.4 -3.4 -3.4 -3.4 0.701 0.903 0.365 0.646 0.883 1.298 0 0 1 0 0 0
1972-02-04T11:30:00 1972 2 4 11 30 0 -2.8 -3.0 379.6 6.75 2.4 2.51 6.05 4.08 2 2 1 0 0 2 2 1 2.7 2.88 -24.0 -3.0 -3.0 -3.0 -3.0 -3.0 -3.0 0.735 0.916 0.375 0.664 0.857 1.289 0 0 1 0 0 0
1972-02-04T12:30:00 1972 2 4 12 30 0 -2.8 -2.49 378.3 6.75 2.4 2.58 5.16 3.48 1 1 1 0 0 1 1 1 1.7 2.71 -25.0 -2.66 -2.61 -2.75 -2.74 -2.61 -2.57 0.732 0.882 0.381 0.636 0.794 1.224 0 0 1 0 0 0
1972-02-04T13:30:00 1972 2 4 13 30 0 -2.49 -0.61 377.1 6.75 2.4 1.33 2.78 1.88 1 1 1 0 0 1 1 1 1.7 2.55 -22.0 -1.38 -1.14 -1.81 -1.78 -1.17 -0.96 0.657 0.735 0.382 0.536 0.607 0.995 0 0 1 0 0 0
1972-02-04T14:30:00 1972 2 4 14 30 0 -1.91 -0.25 375.8 6.75 2.4 0.51 0.78 0.53 1 0 1 0 0 1 1 0 1.7 2.38 -21.0 -1.13 -0.87 -1.63 -1.6 -0.89 -0.65 0.558 0.576 0.379 0.432 0.446 0.755 0 0 1 0 0 0
1972-02-04T15:30:00 1972 2 4 15 30 0 -1.34 -0.25 374.6 6.75 2.4 0.26 0.47 0.32 1 0 1 0 0 1 1 0 0.7 2.09 -24.0 -1.13 -0.87 -1.63 -1.6 -0.89 -0.65 0.484 0.484 0.376 0.367 0.379 0.63 0 0 1 0 0 0
1972-02-04T16:30:00 1972 2 4 16 30 0 -1.12 -0.25 373.3 6.55 2.4 0.16 0.47 0.31 0 0 1 1 0 0 1 1 0.7 1.8 -26.0 -1.13 -0.87 -1.63 -1.6 -0.89 -0.65 0.433 0.436 0.373 0.329 0.355 0.567 0 0 1 0 0 0
1972-02-04T17:30:00 1972 2 4 17 30 0 -1.12 -0.25 372.0 6.17 2.38 0.14 0.47 0.3 0 0 1 1 1 0 1 1 0.7 1.55 -23.0 -1.13 -0.87 -1.63 -1.6 -0.89 -0.65 0.396 0.408 0.37 0.305 0.341 0.519 0 0 1 0 0 0
1972-02-04T18:30:00 1972 2 4 18 30 0 -0.77 -0.25 370.8 5.79 2.04 0.11 0.46 0.28 1 0 1 1 1 1 1 1 1.7 1.44 -20.0 -1.13 -0.87 -1.63 -1.6 -0.89 -0.65 0.368 0.388 0.366 0.288 0.33 0.475 0 0 1 0 0 0
1972-02-04T19:30:00 1972 2 4 19 30 0 0.12 -0.25 369.5 5.41 1.69 0.03 0.46 0.26 1 0 1 1 1 1 1 1 1.7 1.32 -18.0 -1.13 -0.87 -1.63 -1.6 -0.89 -0.65 0.346 0.373 0.363 0.274 0.319 0.434 0 0 1 0 0 0
1972-02-04T20:30:00 1972 2 4 20 30 0 1.02 -0.03 368.3 5.1 1.34 0.05 0.24 0.13 1 1 1 1 1 1 1 1 1.7 1.33 -20.0 -0.81 -0.58 -1.24 -1.22 -0.6 -0.39 0.314 0.332 0.357 0.242 0.274 0.362 0 0 1 0 1 1
1972-02-04T21:30:00 1972 2 4 21 30 0 1.5 1.09 367.0 5.1 1.23 0.07 0.0 0.0 1 1 1 1 1 1 1 1 1.7 1.33 -21.0 0.93 0.98 0.83 0.84 0.97 1.02 0.22 0.177 0.347 0.144 0.098 0.158 0 0 1 0 1 1
1972-02-04T22:30:00 1972 2 4 22 30 0 1.5 1.4 367.0 5.1 1.23 0.06 0.0 0.0 2 2 2 2 2 2 2 2 1.7 1.34 -15.0 1.4 1.4 1.4 1.4 1.4 1.4 0.149 0.088 0.337 0.081 0.031 0.066 0 0 1 0 1 1
1972-02-04T23:30:00 1972 2 4 23 30 0 2.8 2.4 361.0 5.1 1.21 0.13 0.0 0.0 2 2 2 2 2 2 2 2 1.7 1.46 -11.0 2.4 2.4 2.4 2.4 2.4 2.4 0.101 0.044 0.326 0.045 0.01 0.027 0 0 1 0 1 1
