1972-11-04T00:30:00 1972 11 4 0 30 0 -3.1 -1.0 411.0 2.9 1.13 1.66 1.93 0.57 2 2 2 2 2 2 2 2 1.7 1.23 -44.0 -1.0 -1.0 -1.0 -1.0 -1.0 -1.0 0.145 0.241 0.887 0.089 0.297 0.273 2 2 1 2 2 2
1972-11-04T01:30:00 1972 11 4 1 30 0 -3.5 0.4 415.0 2.6 1.0 1.05 0.65 0.18 2 2 2 2 2 2 2 2 1.7 1.4 -41.0 0.4 0.4 0.4 0.4 0.4 0.4 0.115 0.155 0.86 0.058 0.137 0.154 2 2 1 2 2 2
1972-11-04T02:30:00 1972 11 4 2 30 0 -0.4 3.1 417.0 2.9 1.13 0.19 0.0 0.0 2 2 2 2 2 2 2 2 1.7 1.46 -41.0 3.1 3.1 3.1 3.1 3.1 3.1 0.078 0.077 0.834 0.033 0.043 0.064 2 2 1 2 2 2
1972-11-04T03:30:00 1972 11 4 3 30 0 1.3 2.5 418.0 2.9 1.08 0.01 0.0 0.0 2 2 2 2 2 2 2 2 2.0 1.54 -42.0 2.5 2.5 2.5 2.5 2.5 2.5 0.053 0.038 0.809 0.018 0.014 0.026 2 2 1 2 2 2
1972-11-04T04:30:00 1972 11 4 4 30 0 1.5 -0.7 416.0 3.1 1.15 0.14 0.23 0.07 2 2 2 2 2 2 2 2 2.0 1.63 -43.0 -0.7 -0.7 -0.7 -0.7 -0.7 -0.7 0.052 0.058 0.785 0.021 0.068 0.063 2 2 1 2 2 2
1972-11-04T05:30:00 1972 11 4 5 30 0 -0.5 2.1 405.0 3.1 1.11 0.05 0.12 0.04 2 2 2 2 2 2 2 2 2.0 1.72 -44.0 2.1 2.1 2.1 2.1 2.1 2.1 0.035 0.029 0.761 0.012 0.021 0.026 2 2 1 2 2 2
1972-11-04T06:30:00 1972 11 4 6 30 0 -0.4 3.4 417.0 3.7 1.29 0.0 0.0 0.0 2 2 2 2 2 2 2 2 0.7 1.64 -40.0 3.4 3.4 3.4 3.4 3.4 3.4 0.024 0.014 0.737 0.007 0.007 0.011 2 2 1 2 2 2
1972-11-04T07:30:00 1972 11 4 7 30 0 -1.2 4.3 419.0 3.5 1.23 0.01 0.0 0.0 2 2 2 2 2 2 2 2 0.7 1.55 -39.0 4.3 4.3 4.3 4.3 4.3 4.3 0.016 0.007 0.715 0.004 0.002 0.005 2 2 1 2 2 2
1972-11-04T08:30:00 1972 11 4 8 30 0 -0.7 4.5 434.0 4.0 1.41 0.01 0.0 0.0 2 2 2 2 2 2 2 2 0.7 1.42 -38.0 4.5 4.5 4.5 4.5 4.5 4.5 0.011 0.004 0.693 0.002 0.001 0.002 2 2 1 2 2 2
1972-11-04T09:30:00 1972 11 4 9 30 0 -5.6 2.6 448.0 4.6 1.75 0.47 0.0 0.0 2 2 2 2 2 2 2 2 1.7 1.43 -35.0 2.6 2.6 2.6 2.6 2.6 2.6 0.007 0.002 0.672 0.001 0.0 0.001 2 2 1 2 2 2
1972-11-04T10:30:00 1972 11 4 10 30 0 -5.9 2.2 429.0 4.5 1.63 1.58 0.0 0.0 2 2 2 2 2 2 2 2 1.7 1.43 -34.0 2.2 2.2 2.2 2.2 2.2 2.2 0.005 0.001 0.651 0.001 0.0 0.0 2 2 1 2 2 2
1972-11-04T11:30:00 1972 11 4 11 30 0 -1.8 2.7 425.0 6.1 2.19 0.6 0.0 0.0 2 2 2 2 2 2 2 2 1.7 1.4 -29.0 2.7 2.7 2.7 2.7 2.7 2.7 0.003 0.0 0.632 0.0 0.0 0.0 2 2 1 2 2 2
1972-11-04T12:30:00 1972 11 4 12 30 0 -4.5 6.3 428.0 5.95 2.09 0.22 0.0 0.0 2 2 1 1 1 2 2 1 0.3 1.18 -29.0 6.3 6.3 6.3 6.3 6.3 6.3 0.002 0.0 0.612 0.0 0.0 0.0 2 2 1 2 2 2
1972-11-04T13:30:00 1972 11 4 13 30 0 -6.5 3.7 431.0 5.8 1.98 0.94 0.0 0.0 2 2 2 2 2 2 2 2 0.3 0.97 -28.0 3.7 3.7 3.7 3.7 3.7 3.7 0.002 0.0 0.594 0.0 0.0 0.0 2 2 1 2 2 2
1972-11-04T14:30:00 1972 11 4 14 30 0 -6.4 3.7 436.0 5.6 2.05 1.59 0.0 0.0 2 2 2 2 2 2 2 2 0.3 0.92 -28.0 3.7 3.7 3.7 3.7 3.7 3.7 0.001 0.0 0.575 0.0 0.0 0.0 2 2 1 2 2 2
1972-11-04T15:30:00 1972 11 4 15 30 0 -4.8 0.7 428.0 5.8 1.94 1.54 0.0 0.0 2 2 2 2 2 2 2 2 1.7 1.05 -29.0 0.7 0.7 0.7 0.7 0.7 0.7 0.001 0.0 0.558 0.0 0.0 0.0 2 2 1 2 2 2
1972-11-04T16:30:00 1972 11 4 16 30 0 -4.6 -0.5 421.0 5.6 1.89 1.83 0.26 0.15 2 2 2 2 2 2 2 2 1.7 1.17 -32.0 -0.5 -0.5 -0.5 -0.5 -0.5 -0.5 0.022 0.059 0.542 0.012 0.091 0.145 2 2 1 2 2 2
1972-11-04T17:30:00 1972 11 4 17 30 0 -2.6 -1.2 395.0 4.9 1.48 1.52 1.78 0.92 2 2 2 2 2 2 2 2 1.7 1.18 -35.0 -1.2 -1.2 -1.2 -1.2 -1.2 -1.2 0.102 0.219 0.529 0.07 0.284 0.384 2 2 1 2 2 2
1972-11-04T18:30:00 1972 11 4 18 30 0 -5.8 1.1 413.0 4.8 1.55 1.53 0.53 0.26 2 2 2 2 2 2 2 2 1.3 1.13 -35.0 1.1 1.1 1.1 1.1 1.1 1.1 0.083 0.14 0.514 0.047 0.124 0.214 2 2 1 2 2 2
1972-11-04T19:30:00 1972 11 4 19 30 0 -6.3 -1.3 422.0 4.6 1.49 3.17 0.86 0.4 2 2 2 2 2 2 2 2 1.3 1.09 -31.0 -1.3 -1.3 -1.3 -1.3 -1.3 -1.3 0.109 0.189 0.501 0.067 0.224 0.307 2 2 1 2 2 2
1972-11-04T20:30:00 1972 11 4 20 30 0 -7.0 -1.1 431.0 4.8 1.66 4.73 2.54 1.2 2 2 2 2 2 2 2 2 1.3 1.21 -33.0 -1.1 -1.1 -1.1 -1.1 -1.1 -1.1 0.18 0.303 0.492 0.122 0.376 0.502 2 2 1 2 2 2
1972-11-04T21:30:00 1972 11 4 21 30 0 -6.8 1.3 428.0 4.6 1.62 3.73 0.45 0.21 2 2 1 1 1 2 2 1 2.7 1.51 -34.0 1.3 1.3 1.3 1.3 1.3 1.3 0.133 0.173 0.477 0.074 0.146 0.251 2 2 1 2 2 2
1972-11-04T22:30:00 1972 11 4 22 30 0 -7.0 0.3 425.0 4.4 1.59 3.27 0.0 0.0 2 2 2 2 2 2 2 2 2.7 1.81 -33.0 0.3 0.3 0.3 0.3 0.3 0.3 0.09 0.086 0.463 0.041 0.046 0.104 2 2 1 2 2 2
1972-11-04T23:30:00 1972 11 4 23 30 0 -6.0 2.7 426.0 5.0 1.65 2.42 0.0 0.0 2 2 2 2 2 2 2 2 2.7 1.94 -34.0 2.7 2.7 2.7 2.7 2.7 2.7 0.061 0.043 0.449 0.023 0.015 0.043 2 2 1 2 2 2
