1972-02-25T00:30:00 1972 2 25 0 30 0 -1.2 -1.2 502.1 6.97 2.41 1.23 3.83 2.67 2 2 1 0 0 2 2 1 3.7 4.19 -68.0 -1.2 -1.2 -1.2 -1.2 -1.2 -1.2 0.694 0.664 1.199 0.514 0.824 2.013 1 0 2 1 0 0
1972-02-25T01:30:00 1972 2 25 1 30 0 -2.4 -2.5 499.9 6.97 2.4 1.7 4.77 3.32 2 2 1 0 0 2 2 1 3.7 4.06 -66.0 -2.5 -2.5 -2.5 -2.5 -2.5 -2.5 0.697 0.708 1.185 0.543 0.957 2.059 0 0 2 0 0 0
1972-02-25T02:30:00 1972 2 25 2 30 0 -1.6 -2.8 497.6 6.97 2.4 2.71 6.64 4.63 2 2 1 0 0 2 2 1 3.7 3.94 -64.0 -2.8 -2.8 -2.8 -2.8 -2.8 -2.8 0.76 0.803 1.181 0.66 1.123 2.244 0 0 2 0 0 0
1972-02-25T03:30:00 1972 2 25 3 30 0 -3.0 -0.4 495.4 6.97 2.4 1.63 3.73 2.6 2 2 1 0 0 2 2 1 3.7 3.82 -63.0 -0.4 -0.4 -0.4 -0.4 -0.4 -0.4 0.656 0.646 1.157 0.5 0.773 1.761 0 0 2 0 0 0
1972-02-25T04:30:00 1972 2 25 4 30 0 -1.7 1.9 493.1 6.97 2.4 0.4 0.05 0.03 2 2 1 0 0 2 2 1 3.7 3.7 -55.0 1.9 1.9 1.9 1.9 1.9 1.9 0.444 0.321 1.122 0.28 0.245 0.73 0 0 2 0 0 0
1972-02-25T05:30:00 1972 2 25 5 30 0 -3.2 -0.4 490.9 6.96 2.4 0.54 0.13 0.09 2 2 1 0 0 2 2 1 3.7 3.7 -51.0 -0.4 -0.4 -0.4 -0.4 -0.4 -0.4 0.316 0.199 1.088 0.166 0.156 0.467 0 0 2 0 0 0
1972-02-25T06:30:00 1972 2 25 6 30 0 -3.5 -2.1 488.7 6.96 2.4 2.12 3.23 2.25 2 2 1 0 0 2 2 1 2.7 3.57 -49.0 -2.1 -2.1 -2.1 -2.1 -2.1 -2.1 0.385 0.406 1.069 0.264 0.6 1.179 0 0 2 0 0 0
1972-02-25T07:30:00 1972 2 25 7 30 0 -0.6 1.9 486.4 6.65 2.4 0.71 1.14 0.79 2 2 1 1 0 2 2 1 2.7 3.44 -52.0 1.9 1.9 1.9 1.9 1.9 1.9 0.292 0.259 1.039 0.17 0.272 0.678 0 0 2 0 0 0
1972-02-25T08:30:00 1972 2 25 8 30 0 -1.9 0.7 484.2 6.06 2.4 0.08 0.0 0.0 2 2 1 1 1 2 2 1 2.7 3.31 -45.0 0.7 0.7 0.7 0.7 0.7 0.7 0.198 0.129 1.007 0.095 0.086 0.281 0 0 2 0 0 0
1972-02-25T09:30:00 1972 2 25 9 30 0 -2.5 0.9 482.0 5.47 2.29 0.3 0.0 0.0 2 2 1 1 1 2 2 1 2.0 3.09 -38.0 0.9 0.9 0.9 0.9 0.9 0.9 0.134 0.064 0.976 0.053 0.027 0.117 0 0 2 0 0 0
1972-02-25T10:30:00 1972 2 25 10 30 0 -1.2 -0.5 479.7 4.88 2.19 0.3 0.27 0.13 2 2 1 1 1 2 2 1 2.0 2.88 -35.0 -0.5 -0.5 -0.5 -0.5 -0.5 -0.5 0.112 0.086 0.947 0.042 0.11 0.208 0 1 2 0 1 1
1972-02-25T11:30:00 1972 2 25 11 30 0 -1.5 -0.6 477.5 4.4 2.09 0.36 1.33 0.61 2 2 1 1 1 2 2 1 2.0 2.67 -36.0 -0.6 -0.6 -0.6 -0.6 -0.6 -0.6 0.136 0.172 0.922 0.061 0.254 0.403 1 1 2 1 1 1
1972-02-25T12:30:00 1972 2 25 12 30 0 -1.5 0.7 475.2 4.4 2.06 0.22 0.27 0.12 2 2 1 1 1 2 2 1 3.0 2.59 -37.0 0.7 0.7 0.7 0.7 0.7 0.7 0.099 0.1 0.894 0.037 0.101 0.203 1 1 2 1 1 1
1972-02-25T13:30:00 1972 2 25 13 30 0 -1.5 -3.4 473.0 4.4 2.06 1.34 3.67 1.62 2 2 2 2 2 2 2 2 3.0 2.51 -37.0 -3.4 -3.4 -3.4 -3.4 -3.4 -3.4 0.24 0.341 0.883 0.225 0.558 0.655 2 2 2 2 2 2
1972-02-25T14:30:00 1972 2 25 14 30 0 -2.5 -2.1 466.0 4.0 1.85 2.68 6.33 2.66 2 2 2 2 2 2 2 2 3.0 2.56 -40.0 -2.1 -2.1 -2.1 -2.1 -2.1 -2.1 0.375 0.503 0.877 0.371 0.737 0.855 2 2 2 2 2 2
1972-02-25T15:30:00 1972 2 25 15 30 0 -3.0 -0.2 470.0 3.7 1.68 1.4 2.5 0.97 2 2 2 2 2 2 2 2 3.7 2.69 -43.0 -0.2 -0.2 -0.2 -0.2 -0.2 -0.2 0.332 0.393 0.856 0.268 0.459 0.623 2 2 2 2 2 2
1972-02-25T16:30:00 1972 2 25 16 30 0 -2.7 -2.6 465.0 3.9 1.75 1.84 3.5 1.34 2 2 2 2 2 2 2 2 3.7 2.82 -44.0 -2.6 -2.6 -2.6 -2.6 -2.6 -2.6 0.374 0.452 0.842 0.306 0.593 0.702 2 2 2 2 2 2
1972-02-25T17:30:00 1972 2 25 17 30 0 -2.6 -1.5 470.0 3.9 1.76 2.16 4.68 1.83 2 2 2 2 2 2 2 2 3.7 3.03 -44.0 -1.5 -1.5 -1.5 -1.5 -1.5 -1.5 0.412 0.489 0.831 0.332 0.631 0.751 2 2 2 2 2 2
1972-02-25T18:30:00 1972 2 25 18 30 0 -2.3 -0.9 465.0 3.7 1.6 1.22 2.75 1.04 2 2 2 2 2 2 2 2 3.0 3.15 -41.0 -0.9 -0.9 -0.9 -0.9 -0.9 -0.9 0.378 0.426 0.812 0.265 0.501 0.641 2 2 2 2 2 2
1972-02-25T19:30:00 1972 2 25 19 30 0 -1.6 -2.0 448.0 4.6 1.83 1.18 3.4 1.44 2 2 2 2 2 2 2 2 3.0 3.26 -41.0 -2.0 -2.0 -2.0 -2.0 -2.0 -2.0 0.398 0.467 0.798 0.285 0.575 0.727 2 2 2 2 2 2
1972-02-25T20:30:00 1972 2 25 20 30 0 0.5 -1.6 440.0 4.7 1.79 0.94 3.96 1.84 2 2 2 2 2 2 2 2 3.0 3.26 -43.0 -1.6 -1.6 -1.6 -1.6 -1.6 -1.6 0.422 0.504 0.786 0.306 0.601 0.792 2 2 2 2 2 2
1972-02-25T21:30:00 1972 2 25 21 30 0 -2.4 -0.5 447.0 4.4 1.76 0.54 2.23 1.02 2 2 2 2 2 2 2 2 2.3 3.17 -41.0 -0.5 -0.5 -0.5 -0.5 -0.5 -0.5 0.369 0.415 0.767 0.232 0.436 0.647 2 2 2 2 2 2
1972-02-25T22:30:00 1972 2 25 22 30 0 -2.3 -0.5 447.0 4.6 1.82 0.71 1.12 0.5 2 2 2 2 2 2 2 2 2.3 3.07 -38.0 -0.5 -0.5 -0.5 -0.5 -0.5 -0.5 0.301 0.323 0.745 0.159 0.318 0.52 2 2 2 2 2 2
1972-02-25T23:30:00 1972 2 25 23 30 0 0.1 -1.2 443.0 4.3 1.69 0.42 1.95 0.86 2 2 2 2 2 2 2 2 2.3 2.9 -37.0 -1.2 -1.2 -1.2 -1.2 -1.2 -1.2 0.293 0.34 0.728 0.157 0.382 0.553 2 2 2 2 2 2
