1972-02-05T00:30:00 1972 2 5 0 30 0 1.67 1.91 365.0 4.2 1.01 0.12 0.0 0.0 1 1 2 2 2 1 2 2 1.0 1.49 -11.0 1.75 1.8 1.65 1.66 1.79 1.84 0.068 0.022 0.316 0.025 0.003 0.011 0 0 1 0 1 1
1972-02-05T01:30:00 1972 2 5 1 30 0 -0.8 -0.05 353.0 3.7 0.82 0.02 0.01 0.0 1 1 2 2 2 1 2 2 1.0 1.52 -15.0 -0.71 -0.51 -1.08 -1.05 -0.53 -0.35 0.064 0.044 0.308 0.034 0.044 0.035 0 1 1 1 1 1
1972-02-05T02:30:00 1972 2 5 2 30 0 -3.27 -1.18 344.0 3.4 0.71 0.6 1.15 0.4 1 1 2 2 2 1 2 2 1.0 1.43 -17.0 -1.35 -1.3 -1.44 -1.44 -1.3 -1.26 0.12 0.184 0.303 0.086 0.196 0.152 1 1 1 1 1 1
1972-02-05T03:30:00 1972 2 5 3 30 0 -4.4 -1.4 356.0 3.6 0.8 1.79 2.28 0.8 2 2 2 2 2 2 2 2 1.3 1.38 -17.0 -1.4 -1.4 -1.4 -1.4 -1.4 -1.4 0.175 0.288 0.298 0.123 0.285 0.238 1 2 1 2 2 2
1972-02-05T04:30:00 1972 2 5 4 30 0 -3.6 1.0 350.0 4.2 1.04 1.23 0.62 0.23 2 2 2 2 2 2 2 2 1.3 1.33 -15.0 1.0 1.0 1.0 1.0 1.0 1.0 0.136 0.182 0.29 0.078 0.128 0.14 2 2 1 2 2 2
1972-02-05T05:30:00 1972 2 5 5 30 0 -3.5 0.3 347.0 3.8 0.91 0.69 0.0 0.0 2 2 2 2 2 2 2 2 1.3 1.28 -12.0 0.3 0.3 0.3 0.3 0.3 0.3 0.092 0.091 0.281 0.044 0.04 0.058 2 2 1 2 2 2
1972-02-05T06:30:00 1972 2 5 6 30 0 -3.7 -2.3 359.0 4.2 0.93 1.58 1.98 0.81 2 2 2 2 2 2 2 2 1.7 1.29 -9.0 -2.3 -2.3 -2.3 -2.3 -2.3 -2.3 0.162 0.259 0.277 0.112 0.269 0.246 2 2 1 2 2 2
1972-02-05T07:30:00 1972 2 5 7 30 0 -4.4 -2.1 353.0 3.7 0.88 2.7 3.9 1.53 2 2 2 2 2 2 2 2 1.7 1.3 -11.0 -2.1 -2.1 -2.1 -2.1 -2.1 -2.1 0.254 0.408 0.278 0.2 0.404 0.357 2 2 1 2 2 2
1972-02-05T08:30:00 1972 2 5 8 30 0 -4.0 -0.4 358.0 4.3 0.96 1.95 2.09 0.83 2 2 2 2 2 2 2 2 1.7 1.38 -10.0 -0.4 -0.4 -0.4 -0.4 -0.4 -0.4 0.245 0.361 0.273 0.163 0.301 0.317 2 2 1 2 2 2
1972-02-05T09:30:00 1972 2 5 9 30 0 -4.7 -3.2 384.0 4.2 1.05 2.91 3.6 1.52 2 2 2 2 2 2 2 2 1.7 1.47 -9.0 -3.2 -3.2 -3.2 -3.2 -3.2 -3.2 0.325 0.482 0.275 0.259 0.485 0.473 2 2 1 2 2 2
1972-02-05T10:30:00 1972 2 5 10 30 0 -5.5 -2.3 377.0 3.5 0.84 4.41 5.16 1.98 2 2 2 2 2 2 2 2 1.7 1.56 -18.0 -2.3 -2.3 -2.3 -2.3 -2.3 -2.3 0.397 0.552 0.28 0.331 0.546 0.509 2 2 1 2 2 2
1972-02-05T11:30:00 1972 2 5 11 30 0 -5.4 -2.6 371.0 3.6 0.84 4.31 4.6 1.64 2 2 2 2 2 2 2 2 1.7 1.6 -23.0 -2.6 -2.6 -2.6 -2.6 -2.6 -2.6 0.433 0.573 0.282 0.354 0.545 0.492 2 2 1 2 2 2
1972-02-05T12:30:00 1972 2 5 12 30 0 -4.2 -2.1 355.0 4.2 0.98 3.44 4.22 1.65 2 2 2 2 2 2 2 2 1.0 1.56 -22.0 -2.1 -2.1 -2.1 -2.1 -2.1 -2.1 0.447 0.577 0.284 0.348 0.513 0.487 2 2 1 2 2 2
1972-02-05T13:30:00 1972 2 5 13 30 0 -3.2 0.2 345.0 4.3 1.25 1.43 1.53 0.65 2 2 2 2 2 2 2 2 1.0 1.52 -21.0 0.2 0.2 0.2 0.2 0.2 0.2 0.351 0.392 0.277 0.228 0.267 0.312 2 2 1 2 2 2
1972-02-05T14:30:00 1972 2 5 14 30 0 -3.5 -1.1 366.0 5.1 1.25 1.06 0.92 0.45 2 2 2 2 2 2 2 2 1.0 1.43 -16.0 -1.1 -1.1 -1.1 -1.1 -1.1 -1.1 0.293 0.333 0.271 0.164 0.251 0.322 2 2 1 2 2 2
1972-02-05T15:30:00 1972 2 5 15 30 0 -5.3 -0.7 364.0 5.1 1.23 1.98 1.61 0.82 2 2 2 2 2 2 2 2 1.0 1.34 -15.0 -0.7 -0.7 -0.7 -0.7 -0.7 -0.7 0.27 0.333 0.266 0.138 0.27 0.366 2 2 1 2 2 2
1972-02-05T16:30:00 1972 2 5 16 30 0 -3.9 -4.7 366.0 4.7 1.11 4.09 5.24 2.53 2 2 2 2 2 2 2 2 1.0 1.25 -14.0 -4.7 -4.7 -4.7 -4.7 -4.7 -4.7 0.414 0.581 0.275 0.359 0.596 0.612 2 2 1 2 2 2
1972-02-05T17:30:00 1972 2 5 17 30 0 -4.9 -4.2 367.0 4.7 1.1 6.15 8.12 3.82 2 2 2 2 2 2 2 2 1.0 1.17 -19.0 -4.2 -4.2 -4.2 -4.2 -4.2 -4.2 0.574 0.779 0.292 0.582 0.78 0.769 2 2 1 2 2 2
1972-02-05T18:30:00 1972 2 5 18 30 0 -4.2 -4.1 368.0 4.7 1.09 5.75 7.62 3.58 2 2 2 2 2 2 2 2 2.7 1.31 -24.0 -4.1 -4.1 -4.1 -4.1 -4.1 -4.1 0.669 0.861 0.307 0.683 0.82 0.823 2 2 1 2 2 2
1972-02-05T19:30:00 1972 2 5 19 30 0 -3.6 0.1 339.0 5.4 1.05 2.44 3.28 1.62 2 2 2 2 2 2 2 2 2.7 1.44 -25.0 0.1 0.1 0.1 0.1 0.1 0.1 0.555 0.618 0.304 0.475 0.454 0.553 2 2 1 2 2 2
1972-02-05T20:30:00 1972 2 5 20 30 0 -4.2 -1.3 343.0 5.6 1.13 1.39 1.13 0.62 2 2 2 2 2 2 2 2 2.7 1.66 -21.0 -1.3 -1.3 -1.3 -1.3 -1.3 -1.3 0.443 0.477 0.298 0.313 0.33 0.453 2 2 1 2 2 2
1972-02-05T21:30:00 1972 2 5 21 30 0 -4.6 -0.8 342.0 6.0 1.22 1.9 1.76 1.02 2 2 2 2 2 2 2 2 2.0 1.78 -22.0 -0.8 -0.8 -0.8 -0.8 -0.8 -0.8 0.382 0.431 0.292 0.23 0.307 0.447 2 2 1 2 2 2
1972-02-05T22:30:00 1972 2 5 22 30 0 -4.9 -1.6 347.0 6.2 1.5 2.31 2.13 1.3 2 2 2 2 2 2 2 2 2.0 1.9 -21.0 -1.6 -1.6 -1.6 -1.6 -1.6 -1.6 0.368 0.463 0.288 0.215 0.367 0.524 2 2 1 2 2 2
1972-02-05T23:30:00 1972 2 5 23 30 0 -4.2 0.8 335.0 5.9 1.45 1.59 0.8 0.49 2 2 2 2 2 2 2 2 2.0 2.02 -22.0 0.8 0.8 0.8 0.8 0.8 0.8 0.277 0.293 0.28 0.136 0.173 0.304 2 2 1 2 2 2
