1972-06-06T00:30:00 1972 6 6 0 30 0 -1.2 2.2 395.6 7.53 2.33 0.01 0.0 0.0 2 2 0 0 0 1 1 1 0.7 1.9 3.0 2.2 2.2 2.2 2.2 2.2 2.2 0.121 0.116 0.153 0.052 0.052 0.171 0 0 0 0 0 0
1972-06-06T01:30:00 1972 6 6 1 30 0 -1.4 2.5 395.6 7.53 2.33 0.03 0.0 0.0 2 2 0 0 0 1 1 1 0.7 1.77 1.0 2.5 2.5 2.5 2.5 2.5 2.5 0.082 0.057 0.148 0.029 0.017 0.071 0 0 0 0 0 0
1972-06-06T02:30:00 1972 6 6 2 30 0 1.2 1.7 395.5 7.53 2.33 0.01 0.0 0.0 2 2 0 0 0 1 1 1 0.7 1.57 -2.0 1.7 1.7 1.7 1.7 1.7 1.7 0.056 0.029 0.144 0.016 0.005 0.03 0 0 0 0 0 0
1972-06-06T03:30:00 1972 6 6 3 30 0 2.8 0.7 395.5 7.53 2.33 0.2 0.0 0.0 2 2 0 0 0 1 1 1 0.3 1.32 -3.0 0.7 0.7 0.7 0.7 0.7 0.7 0.038 0.014 0.139 0.009 0.002 0.012 0 0 0 0 0 0
1972-06-06T04:30:00 1972 6 6 4 30 0 4.3 -0.5 395.5 7.53 2.33 1.07 0.25 0.19 2 2 0 0 0 1 1 1 0.3 1.07 -3.0 -0.5 -0.5 -0.5 -0.5 -0.5 -0.5 0.049 0.074 0.136 0.017 0.094 0.187 0 0 0 0 0 0
1972-06-06T05:30:00 1972 6 6 5 30 0 2.8 2.1 395.4 7.53 2.33 0.76 0.06 0.04 2 2 0 0 0 1 1 1 0.3 0.86 -3.0 2.1 2.1 2.1 2.1 2.1 2.1 0.033 0.037 0.132 0.01 0.03 0.077 0 0 0 0 0 0
1972-06-06T06:30:00 1972 6 6 6 30 0 3.9 1.5 395.4 7.53 2.33 0.47 0.0 0.0 2 2 0 0 0 1 1 1 0.7 0.7 1.0 1.5 1.5 1.5 1.5 1.5 1.5 0.022 0.018 0.128 0.005 0.009 0.032 0 0 0 0 0 0
1972-06-06T07:30:00 1972 6 6 7 30 0 3.2 1.7 395.4 7.53 2.33 0.54 0.0 0.0 2 2 0 0 0 1 1 1 0.7 0.55 5.0 1.7 1.7 1.7 1.7 1.7 1.7 0.015 0.009 0.124 0.003 0.003 0.013 0 0 0 0 0 0
1972-06-06T08:30:00 1972 6 6 8 30 0 3.2 2.0 395.4 7.53 2.33 0.38 0.0 0.0 2 2 0 0 0 1 1 1 0.7 0.55 6.0 2.0 2.0 2.0 2.0 2.0 2.0 0.01 0.005 0.12 0.002 0.001 0.006 0 0 0 0 0 0
1972-06-06T09:30:00 1972 6 6 9 30 0 3.0 1.2 395.3 7.53 2.33 0.39 0.0 0.0 2 2 0 0 0 1 1 1 0.7 0.55 6.0 1.2 1.2 1.2 1.2 1.2 1.2 0.007 0.002 0.116 0.001 0.0 0.002 0 0 0 0 0 0
1972-06-06T10:30:00 1972 6 6 10 30 0 2.8 1.1 395.3 7.53 2.33 0.39 0.0 0.0 2 2 0 0 0 1 1 1 0.7 0.56 5.0 1.1 1.1 1.1 1.1 1.1 1.1 0.005 0.001 0.113 0.001 0.0 0.001 0 0 0 0 0 0
1972-06-06T11:30:00 1972 6 6 11 30 0 3.0 0.4 395.3 7.53 2.33 0.49 0.0 0.0 2 2 0 0 0 1 1 1 0.7 0.6 6.0 0.4 0.4 0.4 0.4 0.4 0.4 0.003 0.001 0.109 0.0 0.0 0.0 0 0 0 0 0 0
1972-06-06T12:30:00 1972 6 6 12 30 0 2.9 -0.9 395.3 7.53 2.32 0.84 0.69 0.52 2 2 0 0 0 1 1 1 2.3 0.86 5.0 -0.9 -0.9 -0.9 -0.9 -0.9 -0.9 0.054 0.132 0.108 0.033 0.178 0.325 0 0 0 0 0 0
1972-06-06T13:30:00 1972 6 6 13 30 0 1.8 -1.1 395.2 7.53 2.32 0.87 1.99 1.5 2 2 0 0 0 1 1 1 2.3 1.12 4.0 -1.1 -1.1 -1.1 -1.1 -1.1 -1.1 0.143 0.301 0.11 0.098 0.358 0.665 0 0 0 0 0 0
1972-06-06T14:30:00 1972 6 6 14 30 0 2.5 0.4 395.2 7.53 2.32 0.5 0.71 0.53 2 2 0 0 0 1 1 1 2.3 1.32 3.0 0.4 0.4 0.4 0.4 0.4 0.4 0.123 0.21 0.108 0.07 0.179 0.417 0 0 0 0 0 0
1972-06-06T15:30:00 1972 6 6 15 30 0 4.0 0.0 395.2 7.52 2.32 0.83 0.0 0.0 2 2 0 0 0 1 1 1 2.7 1.57 11.0 0.0 0.0 0.0 0.0 0.0 0.0 0.084 0.104 0.104 0.039 0.057 0.173 0 0 0 0 0 0
1972-06-06T16:30:00 1972 6 6 16 30 0 3.9 0.2 395.1 7.52 2.32 1.19 0.0 0.0 2 2 0 0 0 1 1 1 2.7 1.82 12.0 0.2 0.2 0.2 0.2 0.2 0.2 0.057 0.052 0.101 0.022 0.018 0.072 0 0 0 0 0 0
1972-06-06T17:30:00 1972 6 6 17 30 0 4.7 2.6 395.1 7.52 2.32 0.93 0.0 0.0 2 2 0 0 0 1 1 1 2.7 2.07 12.0 2.6 2.6 2.6 2.6 2.6 2.6 0.038 0.026 0.098 0.012 0.006 0.03 0 0 0 0 0 0
1972-06-06T18:30:00 1972 6 6 18 30 0 3.4 1.1 395.1 7.52 2.32 0.69 0.0 0.0 2 2 0 0 0 1 1 1 1.7 2.18 9.0 1.1 1.1 1.1 1.1 1.1 1.1 0.026 0.013 0.095 0.007 0.002 0.012 0 0 0 0 0 0
1972-06-06T19:30:00 1972 6 6 19 30 0 -3.2 1.6 395.1 7.52 2.32 0.14 0.0 0.0 2 2 0 0 0 1 1 1 1.7 2.29 9.0 1.6 1.6 1.6 1.6 1.6 1.6 0.018 0.006 0.092 0.004 0.001 0.005 0 0 0 0 0 0
1972-06-06T20:30:00 1972 6 6 20 30 0 -5.7 -2.1 395.0 7.52 2.32 2.1 1.35 1.02 2 2 0 0 0 1 1 1 1.7 2.22 11.0 -2.1 -2.1 -2.1 -2.1 -2.1 -2.1 0.107 0.213 0.095 0.091 0.292 0.468 0 0 0 0 0 0
1972-06-06T21:30:00 1972 6 6 21 30 0 -2.1 -5.2 395.0 7.52 2.32 5.09 7.46 5.61 2 2 0 0 0 1 1 1 3.0 2.31 6.0 -5.2 -5.2 -5.2 -5.2 -5.2 -5.2 0.428 0.706 0.125 0.537 0.892 1.303 0 0 0 0 0 0
1972-06-06T22:30:00 1972 6 6 22 30 0 0.2 -4.0 395.0 7.52 2.32 4.75 8.99 6.76 2 2 0 0 0 1 1 1 3.0 2.4 0.0 -4.0 -4.0 -4.0 -4.0 -4.0 -4.0 0.667 0.97 0.159 0.816 1.09 1.671 0 0 0 0 0 0
1972-06-06T23:30:00 1972 6 6 23 30 0 3.2 -1.3 395.0 7.52 2.32 2.11 5.01 3.77 2 2 0 0 0 1 1 1 3.0 2.44 1.0 -1.3 -1.3 -1.3 -1.3 -1.3 -1.3 0.659 0.863 0.17 0.671 0.824 1.454 0 0 0 0 0 0
