1972-01-22T00:30:00 1972 1 22 0 30 0 3.5 7.2 456.0 12.2 5.3 0.1 0.0 0.0 2 2 2 2 2 2 2 2 3.3 2.45 -39.0 7.2 7.2 7.2 7.2 7.2 7.2 0.104 0.006 1.05 0.032 0.0 0.005 2 2 2 2 2 2
1972-01-22T01:30:00 1972 1 22 1 30 0 -0.8 4.3 480.0 12.2 5.69 0.03 0.0 0.0 2 2 2 2 2 2 2 2 3.3 2.23 -34.0 4.3 4.3 4.3 4.3 4.3 4.3 0.07 0.003 1.018 0.018 0.0 0.002 2 2 2 2 2 2
1972-01-22T02:30:00 1972 1 22 2 30 0 -3.3 1.2 479.0 10.7 4.58 0.2 0.0 0.0 1 1 2 2 2 1 2 2 3.3 2.39 -38.0 1.2 1.2 1.2 1.2 1.2 1.2 0.048 0.002 0.987 0.01 0.0 0.001 2 2 2 2 2 2
1972-01-22T03:30:00 1972 1 22 3 30 0 -5.8 -1.9 483.0 15.3 7.06 2.64 1.6 2.32 2 2 2 2 2 2 2 2 4.0 2.65 -34.0 -1.9 -1.9 -1.9 -1.9 -1.9 -1.9 0.172 0.29 0.967 0.145 0.514 1.749 2 2 2 2 2 2
1972-01-22T04:30:00 1972 1 22 4 30 0 -5.8 -1.61 464.0 8.6 3.46 4.86 4.12 4.86 1 1 2 2 2 1 2 2 4.0 2.9 -45.0 -1.77 -1.72 -1.87 -1.86 -1.72 -1.67 0.348 0.555 0.958 0.329 0.82 2.404 1 1 2 1 1 1
1972-01-22T05:30:00 1972 1 22 5 30 0 -4.92 -0.53 452.0 7.5 2.81 3.42 2.35 1.9 1 1 2 2 2 1 2 2 4.0 3.19 -45.0 -1.28 -1.03 -1.76 -1.73 -1.06 -0.84 0.4 0.556 0.945 0.379 0.696 1.808 1 1 2 1 1 1
1972-01-22T06:30:00 1972 1 22 6 30 0 -3.3 -0.33 452.0 7.5 2.81 1.76 0.95 0.71 1 0 1 1 1 1 1 1 3.7 3.43 -41.0 -1.19 -0.9 -1.74 -1.71 -0.93 -0.68 0.408 0.502 0.931 0.393 0.575 1.353 1 1 2 1 0 1
1972-01-22T07:30:00 1972 1 22 7 30 0 -1.67 -0.33 452.0 7.5 2.77 0.7 0.75 0.56 1 0 1 1 1 1 1 1 3.7 3.67 -36.0 -1.19 -0.9 -1.74 -1.7 -0.93 -0.68 0.41 0.469 0.917 0.399 0.528 1.142 1 0 2 0 0 0
1972-01-22T08:30:00 1972 1 22 8 30 0 -1.05 -0.33 452.8 7.38 2.66 0.25 0.75 0.56 0 0 1 1 1 0 1 1 3.7 3.72 -40.0 -1.19 -0.9 -1.74 -1.7 -0.93 -0.68 0.412 0.451 0.904 0.402 0.512 1.049 0 0 2 0 0 0
1972-01-22T09:30:00 1972 1 22 9 30 0 -1.05 -0.33 454.3 7.22 2.55 0.18 0.75 0.55 0 0 1 1 1 0 1 1 2.7 3.63 -47.0 -1.19 -0.9 -1.74 -1.7 -0.93 -0.68 0.412 0.441 0.891 0.402 0.505 0.999 0 0 2 0 0 0
1972-01-22T10:30:00 1972 1 22 10 30 0 -1.05 -0.33 455.9 7.07 2.44 0.18 0.75 0.54 0 0 1 1 1 0 1 1 2.7 3.55 -49.0 -1.19 -0.9 -1.74 -1.7 -0.93 -0.68 0.411 0.434 0.879 0.402 0.502 0.967 0 0 2 0 0 0
1972-01-22T11:30:00 1972 1 22 11 30 0 -1.05 -0.33 457.4 6.92 2.44 0.18 0.75 0.53 0 0 1 1 0 0 1 1 2.7 3.38 -49.0 -1.19 -0.9 -1.74 -1.7 -0.93 -0.68 0.41 0.428 0.867 0.401 0.5 0.944 0 0 2 0 0 0
1972-01-22T12:30:00 1972 1 22 12 30 0 -1.05 -0.33 459.0 6.83 2.44 0.18 0.76 0.52 0 0 1 0 0 0 1 0 3.0 3.26 -43.0 -1.19 -0.9 -1.74 -1.7 -0.93 -0.68 0.409 0.424 0.855 0.399 0.499 0.927 0 0 2 0 0 0
1972-01-22T13:30:00 1972 1 22 13 30 0 -1.05 -0.33 460.6 6.83 2.44 0.18 0.76 0.52 0 0 1 0 0 0 1 0 3.0 3.14 -42.0 -1.19 -0.9 -1.74 -1.7 -0.93 -0.68 0.408 0.422 0.844 0.399 0.5 0.922 0 0 2 0 0 0
1972-01-22T14:30:00 1972 1 22 14 30 0 -1.06 -0.33 462.1 6.83 2.44 0.18 0.76 0.52 0 0 1 0 0 0 1 0 3.0 3.06 -53.0 -1.19 -0.9 -1.74 -1.7 -0.93 -0.68 0.408 0.421 0.833 0.4 0.502 0.925 0 0 2 0 0 0
1972-01-22T15:30:00 1972 1 22 15 30 0 -1.06 -0.33 463.7 6.83 2.44 0.18 0.76 0.52 0 0 1 0 0 0 1 0 4.3 3.14 -53.0 -1.19 -0.9 -1.73 -1.7 -0.93 -0.68 0.408 0.42 0.822 0.401 0.505 0.93 0 0 2 0 0 0
1972-01-22T16:30:00 1972 1 22 16 30 0 -1.06 -0.33 465.2 6.83 2.44 0.18 0.77 0.52 0 0 1 0 0 0 1 0 4.3 3.23 -57.0 -1.19 -0.9 -1.73 -1.7 -0.93 -0.68 0.409 0.42 0.812 0.402 0.508 0.937 0 0 2 0 0 0
1972-01-22T17:30:00 1972 1 22 17 30 0 -1.06 -0.33 466.8 6.83 2.44 0.18 0.77 0.53 0 0 1 0 0 0 1 0 4.3 3.43 -52.0 -1.19 -0.9 -1.73 -1.7 -0.93 -0.68 0.41 0.42 0.803 0.404 0.51 0.944 0 0 1 0 0 0
1972-01-22T18:30:00 1972 1 22 18 30 0 -1.06 -0.33 468.3 6.83 2.44 0.18 0.77 0.53 0 0 1 0 0 0 1 0 4.7 3.68 -46.0 -1.19 -0.9 -1.73 -1.7 -0.93 -0.68 0.41 0.42 0.794 0.406 0.513 0.951 0 0 1 0 0 0
1972-01-22T19:30:00 1972 1 22 19 30 0 -1.06 -0.33 469.9 6.83 2.44 0.18 0.77 0.53 0 0 1 0 0 0 1 0 4.7 3.93 -43.0 -1.19 -0.9 -1.73 -1.7 -0.93 -0.68 0.411 0.421 0.785 0.407 0.516 0.959 0 0 1 0 0 0
1972-01-22T20:30:00 1972 1 22 20 30 0 -1.06 -0.33 471.4 6.83 2.44 0.18 0.78 0.53 0 0 1 0 0 0 1 0 4.7 4.14 -40.0 -1.19 -0.9 -1.73 -1.7 -0.93 -0.68 0.412 0.421 0.776 0.409 0.518 0.966 0 0 1 0 0 0
1972-01-22T21:30:00 1972 1 22 21 30 0 -1.06 -0.33 473.0 6.83 2.44 0.18 0.78 0.53 0 0 1 0 0 0 1 0 4.3 4.3 -40.0 -1.19 -0.9 -1.73 -1.7 -0.93 -0.68 0.413 0.421 0.768 0.41 0.521 0.974 0 0 1 0 0 0
1972-01-22T22:30:00 1972 1 22 22 30 0 -1.06 -0.32 474.6 6.83 2.43 0.18 0.77 0.53 0 0 1 0 0 0 1 0 4.3 4.45 -41.0 -1.19 -0.9 -1.73 -1.7 -0.93 -0.68 0.414 0.421 0.761 0.412 0.524 0.982 0 0 1 0 0 0
1972-01-22T23:30:00 1972 1 22 23 30 0 -1.06 -0.32 476.1 6.83 2.43 0.18 0.76 0.52 0 0 1 0 0 0 1 0 4.3 4.45 -51.0 -1.19 -0.9 -1.73 -1.7 -0.93 -0.68 0.415 0.421 0.753 0.414 0.527 0.99 0 0 1 0 0 0
