1972-02-12T00:30:00 1972 2 12 0 30 0 3.4 1.1 407.0 6.4 2.14 0.65 0.0 0.0 2 2 2 2 2 2 2 2 2.3 1.21 -11.0 1.1 1.1 1.1 1.1 1.1 1.1 0.001 0.0 0.075 0.0 0.0 0.0 2 2 2 2 2 2
1972-02-12T01:30:00 1972 2 12 1 30 0 3.5 -1.4 417.0 5.6 1.96 1.19 0.94 0.54 2 2 2 2 2 2 2 2 2.3 1.34 -12.0 -1.4 -1.4 -1.4 -1.4 -1.4 -1.4 0.063 0.141 0.076 0.049 0.212 0.295 2 2 2 2 2 2
1972-02-12T02:30:00 1972 2 12 2 30 0 1.9 -0.4 407.0 5.5 1.85 1.02 1.77 0.98 2 2 2 2 2 2 2 2 2.3 1.54 -18.0 -0.4 -0.4 -0.4 -0.4 -0.4 -0.4 0.116 0.229 0.078 0.076 0.276 0.435 2 2 2 2 2 2
1972-02-12T03:30:00 1972 2 12 3 30 0 1.2 3.1 406.5 5.5 1.85 0.1 0.02 0.01 2 2 1 1 1 2 2 1 2.3 1.74 -16.0 3.1 3.1 3.1 3.1 3.1 3.1 0.078 0.114 0.075 0.043 0.087 0.18 2 2 2 2 2 2
1972-02-12T04:30:00 1972 2 12 4 30 0 1.9 2.9 406.0 5.5 1.91 0.04 0.0 0.0 2 2 1 1 1 2 2 1 2.3 1.94 -12.0 2.9 2.9 2.9 2.9 2.9 2.9 0.053 0.057 0.073 0.024 0.028 0.075 2 2 2 2 2 2
1972-02-12T05:30:00 1972 2 12 5 30 0 4.6 0.7 405.6 5.76 2.08 0.57 0.0 0.0 2 2 1 1 1 2 2 1 2.3 2.06 -8.0 0.7 0.7 0.7 0.7 0.7 0.7 0.036 0.028 0.071 0.013 0.009 0.031 2 2 2 2 2 2
1972-02-12T06:30:00 1972 2 12 6 30 0 3.7 1.2 405.1 6.07 2.25 0.99 0.0 0.0 2 2 1 1 1 2 2 1 1.0 2.01 -8.0 1.2 1.2 1.2 1.2 1.2 1.2 0.024 0.014 0.069 0.007 0.003 0.013 2 2 2 2 2 2
1972-02-12T07:30:00 1972 2 12 7 30 0 3.6 1.2 404.6 6.39 2.42 0.69 0.0 0.0 2 2 1 1 1 2 2 1 1.0 1.96 -8.0 1.2 1.2 1.2 1.2 1.2 1.2 0.016 0.007 0.066 0.004 0.001 0.005 2 2 2 2 2 2
1972-02-12T08:30:00 1972 2 12 8 30 0 4.6 1.5 404.1 6.71 2.43 0.88 0.0 0.0 2 2 1 1 0 2 2 1 1.0 1.8 -5.0 1.5 1.5 1.5 1.5 1.5 1.5 0.011 0.003 0.064 0.002 0.0 0.002 2 2 2 2 2 2
1972-02-12T09:30:00 1972 2 12 9 30 0 2.5 2.7 403.7 6.88 2.43 0.48 0.0 0.0 2 2 1 0 0 2 2 1 0.3 1.54 -2.0 2.7 2.7 2.7 2.7 2.7 2.7 0.008 0.002 0.062 0.001 0.0 0.001 2 2 2 2 2 2
1972-02-12T10:30:00 1972 2 12 10 30 0 0.9 2.3 403.2 6.88 2.43 0.06 0.0 0.0 2 2 1 0 0 2 2 1 0.3 1.29 -2.0 2.3 2.3 2.3 2.3 2.3 2.3 0.005 0.001 0.061 0.001 0.0 0.0 2 2 2 2 2 2
1972-02-12T11:30:00 1972 2 12 11 30 0 3.3 1.8 402.7 6.88 2.43 0.17 0.0 0.0 2 2 1 0 0 2 2 1 0.3 1.04 1.0 1.8 1.8 1.8 1.8 1.8 1.8 0.003 0.0 0.059 0.0 0.0 0.0 2 2 2 2 2 2
1972-02-12T12:30:00 1972 2 12 12 30 0 3.8 1.4 402.2 6.88 2.43 0.57 0.0 0.0 2 2 1 0 0 2 2 1 0.7 0.85 0.0 1.4 1.4 1.4 1.4 1.4 1.4 0.002 0.0 0.057 0.0 0.0 0.0 2 2 2 2 2 2
1972-02-12T13:30:00 1972 2 12 13 30 0 1.9 2.6 401.7 6.88 2.43 0.29 0.0 0.0 2 2 1 0 0 2 2 1 0.7 0.66 -1.0 2.6 2.6 2.6 2.6 2.6 2.6 0.002 0.0 0.055 0.0 0.0 0.0 2 2 2 2 2 2
1972-02-12T14:30:00 1972 2 12 14 30 0 0.4 2.3 401.3 6.88 2.43 0.02 0.0 0.0 2 2 1 0 0 2 2 1 0.7 0.62 -2.0 2.3 2.3 2.3 2.3 2.3 2.3 0.001 0.0 0.054 0.0 0.0 0.0 2 2 2 2 2 2
1972-02-12T15:30:00 1972 2 12 15 30 0 1.9 1.9 400.8 6.88 2.43 0.03 0.0 0.0 2 2 1 0 0 2 2 1 0.3 0.54 -1.0 1.9 1.9 1.9 1.9 1.9 1.9 0.001 0.0 0.052 0.0 0.0 0.0 2 2 2 2 2 2
1972-02-12T16:30:00 1972 2 12 16 30 0 0.3 3.7 400.3 6.88 2.43 0.02 0.0 0.0 2 2 1 0 0 2 2 1 0.3 0.45 -1.0 3.7 3.7 3.7 3.7 3.7 3.7 0.0 0.0 0.05 0.0 0.0 0.0 2 2 2 2 2 2
1972-02-12T17:30:00 1972 2 12 17 30 0 0.8 2.4 399.8 6.88 2.43 0.0 0.0 0.0 2 2 1 0 0 2 2 1 0.3 0.45 0.0 2.4 2.4 2.4 2.4 2.4 2.4 0.0 0.0 0.049 0.0 0.0 0.0 2 2 2 2 2 2
1972-02-12T18:30:00 1972 2 12 18 30 0 1.1 1.4 399.3 6.89 2.43 0.01 0.0 0.0 2 2 1 0 0 2 2 1 0.0 0.41 1.0 1.4 1.4 1.4 1.4 1.4 1.4 0.0 0.0 0.047 0.0 0.0 0.0 2 2 2 2 2 2
1972-02-12T19:30:00 1972 2 12 19 30 0 -1.2 4.4 398.9 7.09 2.43 0.0 0.0 0.0 2 2 1 1 0 2 2 1 0.0 0.37 1.0 4.4 4.4 4.4 4.4 4.4 4.4 0.0 0.0 0.046 0.0 0.0 0.0 2 2 2 2 2 2
1972-02-12T20:30:00 1972 2 12 20 30 0 -0.3 2.3 398.4 7.46 2.44 0.0 0.0 0.0 2 2 1 1 1 2 2 1 0.0 0.28 0.0 2.3 2.3 2.3 2.3 2.3 2.3 0.0 0.0 0.044 0.0 0.0 0.0 2 2 2 2 2 2
1972-02-12T21:30:00 1972 2 12 21 30 0 1.7 2.0 397.9 7.83 2.54 0.02 0.0 0.0 2 2 1 1 1 2 2 1 0.3 0.23 -2.0 2.0 2.0 2.0 2.0 2.0 2.0 0.0 0.0 0.043 0.0 0.0 0.0 2 2 2 2 2 2
1972-02-12T22:30:00 1972 2 12 22 30 0 -0.2 4.6 397.4 8.2 2.64 0.01 0.0 0.0 2 2 1 1 1 2 2 1 0.3 0.19 -2.0 4.6 4.6 4.6 4.6 4.6 4.6 0.0 0.0 0.042 0.0 0.0 0.0 2 2 2 2 2 2
1972-02-12T23:30:00 1972 2 12 23 30 0 -0.8 3.9 397.0 8.5 2.74 0.0 0.0 0.0 2 2 1 1 1 2 2 1 0.3 0.19 -4.0 3.9 3.9 3.9 3.9 3.9 3.9 0.0 0.0 0.04 0.0 0.0 0.0 2 2 2 2 2 2
