1972-05-06T00:30:00 1972 5 6 0 30 0 1.4 1.8 440.4 8.45 2.99 0.27 0.0 0.0 2 2 1 1 1 2 2 1 2.0 2.04 12.0 1.8 1.8 1.8 1.8 1.8 1.8 0.016 0.015 0.067 0.006 0.006 0.029 1 1 1 1 1 1
1972-05-06T01:30:00 1972 5 6 1 30 0 1.0 3.1 440.9 8.6 3.29 0.02 0.0 0.0 2 2 1 1 1 2 2 1 2.0 2.12 8.0 3.1 3.1 3.1 3.1 3.1 3.1 0.011 0.007 0.065 0.003 0.002 0.012 1 1 1 1 1 1
1972-05-06T02:30:00 1972 5 6 2 30 0 -0.5 3.7 441.5 8.6 3.38 0.0 0.0 0.0 2 2 1 1 1 2 2 1 2.0 2.2 8.0 3.7 3.7 3.7 3.7 3.7 3.7 0.007 0.004 0.063 0.002 0.001 0.005 1 1 1 1 1 1
1972-05-06T03:30:00 1972 5 6 3 30 0 -0.2 4.3 442.0 8.6 3.38 0.0 0.0 0.0 2 2 2 2 2 2 2 2 1.3 2.19 6.0 4.3 4.3 4.3 4.3 4.3 4.3 0.005 0.002 0.061 0.001 0.0 0.002 1 1 1 1 1 1
1972-05-06T04:30:00 1972 5 6 4 30 0 4.3 1.9 441.0 7.6 3.04 0.24 0.0 0.0 2 2 2 2 2 2 2 2 1.3 2.18 5.0 1.9 1.9 1.9 1.9 1.9 1.9 0.003 0.001 0.059 0.001 0.0 0.001 1 1 1 1 1 1
1972-05-06T05:30:00 1972 5 6 5 30 0 0.4 2.7 453.0 6.0 2.51 0.22 0.0 0.0 2 2 2 2 2 2 2 2 1.3 1.97 1.0 2.7 2.7 2.7 2.7 2.7 2.7 0.002 0.0 0.057 0.0 0.0 0.0 1 1 1 1 1 1
1972-05-06T06:30:00 1972 5 6 6 30 0 4.5 -0.3 441.0 6.3 2.55 0.61 0.06 0.04 2 2 2 2 2 2 2 2 2.7 1.94 1.0 -0.3 -0.3 -0.3 -0.3 -0.3 -0.3 0.012 0.031 0.056 0.005 0.052 0.096 2 2 1 2 2 2
1972-05-06T07:30:00 1972 5 6 7 30 0 3.2 -3.7 446.0 6.0 2.46 3.23 4.76 2.9 2 2 2 2 2 2 2 2 2.7 1.92 -3.0 -3.7 -3.7 -3.7 -3.7 -3.7 -3.7 0.242 0.414 0.075 0.284 0.656 0.902 2 2 1 2 2 2
1972-05-06T08:30:00 1972 5 6 8 30 0 4.1 -2.3 455.0 4.9 2.0 4.13 6.63 3.61 2 2 2 2 2 2 2 2 2.7 2.01 -8.0 -2.3 -2.3 -2.3 -2.3 -2.3 -2.3 0.409 0.6 0.097 0.449 0.829 1.141 2 2 2 2 2 2
1972-05-06T09:30:00 1972 5 6 9 30 0 2.3 -1.5 464.0 4.7 2.02 2.33 4.29 2.06 2 2 2 2 2 2 2 2 2.0 2.01 -10.0 -1.5 -1.5 -1.5 -1.5 -1.5 -1.5 0.439 0.577 0.108 0.411 0.716 1.032 2 2 2 2 2 2
1972-05-06T10:30:00 1972 5 6 10 30 0 2.0 -0.2 461.0 4.5 1.88 0.82 1.84 0.85 2 2 2 2 2 2 2 2 2.0 2.01 -8.0 -0.2 -0.2 -0.2 -0.2 -0.2 -0.2 0.362 0.418 0.109 0.274 0.428 0.717 2 2 2 2 2 2
1972-05-06T11:30:00 1972 5 6 11 30 0 -0.2 -3.3 448.0 5.0 1.97 1.3 4.25 2.06 2 2 2 2 2 2 2 2 2.0 2.09 -5.0 -3.3 -3.3 -3.3 -3.3 -3.3 -3.3 0.439 0.54 0.122 0.377 0.684 0.926 2 2 2 2 2 2
1972-05-06T12:30:00 1972 5 6 12 30 0 1.7 -1.2 454.0 6.7 2.8 1.49 4.87 2.82 2 2 2 2 2 2 2 2 3.0 2.3 -6.0 -1.2 -1.2 -1.2 -1.2 -1.2 -1.2 0.483 0.59 0.135 0.4 0.713 1.132 2 2 2 2 2 2
1972-05-06T13:30:00 1972 5 6 13 30 0 1.5 2.8 453.0 5.6 2.26 0.19 0.3 0.2 2 2 2 2 2 2 2 2 3.0 2.51 -8.0 2.8 2.8 2.8 2.8 2.8 2.8 0.333 0.307 0.131 0.226 0.243 0.513 2 2 2 2 2 2
1972-05-06T14:30:00 1972 5 6 14 30 0 -1.3 1.0 452.0 4.0 1.58 0.01 0.0 0.0 2 2 2 2 2 2 2 2 3.0 2.56 -9.0 1.0 1.0 1.0 1.0 1.0 1.0 0.225 0.152 0.127 0.127 0.077 0.213 2 2 2 2 2 2
1972-05-06T15:30:00 1972 5 6 15 30 0 -1.4 0.3 490.0 2.8 1.37 0.1 0.0 0.0 2 2 2 2 2 2 2 2 2.3 2.51 -10.0 0.3 0.3 0.3 0.3 0.3 0.3 0.153 0.076 0.123 0.071 0.024 0.088 2 2 2 2 2 2
1972-05-06T16:30:00 1972 5 6 16 30 0 -1.9 -1.4 469.0 2.9 1.27 0.56 1.51 0.43 2 2 2 2 2 2 2 2 2.3 2.46 -11.0 -1.4 -1.4 -1.4 -1.4 -1.4 -1.4 0.171 0.169 0.123 0.094 0.246 0.242 2 2 2 2 2 2
1972-05-06T17:30:00 1972 5 6 17 30 0 -2.7 -0.3 489.0 2.6 1.22 0.94 1.92 0.53 2 2 2 2 2 2 2 2 2.3 2.49 -16.0 -0.3 -0.3 -0.3 -0.3 -0.3 -0.3 0.173 0.194 0.123 0.091 0.263 0.271 2 2 2 2 2 2
1972-05-06T18:30:00 1972 5 6 18 30 0 -2.4 -1.8 495.0 2.7 1.32 1.33 2.74 0.73 2 2 2 2 2 2 2 2 2.7 2.57 -16.0 -1.8 -1.8 -1.8 -1.8 -1.8 -1.8 0.22 0.273 0.127 0.145 0.42 0.381 2 2 2 2 2 2
1972-05-06T19:30:00 1972 5 6 19 30 0 -2.9 -1.6 470.0 3.3 1.41 1.88 4.07 1.23 2 2 2 2 2 2 2 2 2.7 2.66 -15.0 -1.6 -1.6 -1.6 -1.6 -1.6 -1.6 0.282 0.359 0.135 0.21 0.525 0.5 2 2 2 2 2 2
1972-05-06T20:30:00 1972 5 6 20 30 0 -2.5 0.1 473.0 3.2 1.41 1.09 1.62 0.53 2 2 2 2 2 2 2 2 2.7 2.62 -15.0 0.1 0.1 0.1 0.1 0.1 0.1 0.237 0.263 0.134 0.149 0.295 0.349 2 2 2 2 2 2
1972-05-06T21:30:00 1972 5 6 21 30 0 -0.4 1.4 518.0 3.9 2.17 0.15 0.0 0.0 2 2 2 2 2 2 2 2 1.7 2.46 -15.0 1.4 1.4 1.4 1.4 1.4 1.4 0.16 0.13 0.13 0.083 0.093 0.145 2 2 2 2 2 2
1972-05-06T22:30:00 1972 5 6 22 30 0 1.6 0.3 504.0 3.4 1.78 0.05 0.0 0.0 2 2 2 2 2 2 2 2 1.7 2.29 -12.0 0.3 0.3 0.3 0.3 0.3 0.3 0.108 0.065 0.126 0.047 0.03 0.06 2 2 2 2 2 2
1972-05-06T23:30:00 1972 5 6 23 30 0 2.4 0.5 497.0 3.2 1.62 0.33 0.0 0.0 2 2 2 2 2 2 2 2 1.7 2.22 -9.0 0.5 0.5 0.5 0.5 0.5 0.5 0.073 0.032 0.122 0.026 0.009 0.025 2 2 2 2 2 2
