1972-01-14T00:30:00 1972 1 14 0 30 0 -0.98 -0.34 331.5 6.98 2.49 0.12 0.56 0.41 0 0 1 0 0 0 1 0 2.0 1.21 4.0 -1.22 -0.92 -1.82 -1.79 -0.95 -0.68 0.342 0.425 0.264 0.301 0.311 0.48 0 0 1 0 0 0
1972-01-14T01:30:00 1972 1 14 1 30 0 -0.98 -0.34 331.3 6.98 2.49 0.12 0.56 0.39 0 0 1 0 0 0 1 0 2.0 1.37 5.0 -1.22 -0.92 -1.82 -1.79 -0.95 -0.68 0.336 0.415 0.264 0.294 0.306 0.451 0 0 1 0 0 0
1972-01-14T02:30:00 1972 1 14 2 30 0 -0.98 -0.34 331.2 6.98 2.49 0.12 0.56 0.39 0 0 1 0 0 0 1 0 2.0 1.5 3.0 -1.22 -0.92 -1.82 -1.79 -0.95 -0.68 0.332 0.41 0.263 0.29 0.304 0.438 0 0 1 0 0 0
1972-01-14T03:30:00 1972 1 14 3 30 0 -0.98 -0.34 331.0 6.98 2.49 0.12 0.56 0.39 0 0 1 0 0 0 1 0 1.0 1.49 2.0 -1.22 -0.92 -1.82 -1.79 -0.95 -0.68 0.329 0.407 0.262 0.288 0.303 0.433 0 0 1 0 0 0
1972-01-14T04:30:00 1972 1 14 4 30 0 -0.98 -0.34 330.9 6.98 2.49 0.12 0.56 0.39 0 0 1 0 0 0 1 0 1.0 1.49 3.0 -1.22 -0.92 -1.82 -1.78 -0.95 -0.68 0.326 0.406 0.262 0.286 0.303 0.43 0 0 1 0 0 0
1972-01-14T05:30:00 1972 1 14 5 30 0 -0.98 -0.34 330.7 6.98 2.49 0.12 0.56 0.39 0 0 1 0 0 0 1 0 1.0 1.44 3.0 -1.22 -0.92 -1.82 -1.78 -0.95 -0.68 0.325 0.406 0.261 0.285 0.302 0.429 0 0 1 0 0 0
1972-01-14T06:30:00 1972 1 14 6 30 0 -0.98 -0.34 330.6 6.98 2.49 0.12 0.56 0.39 0 0 1 0 0 0 1 0 0.3 1.31 1.0 -1.22 -0.91 -1.82 -1.78 -0.95 -0.68 0.324 0.404 0.261 0.284 0.302 0.428 0 0 1 0 0 0
1972-01-14T07:30:00 1972 1 14 7 30 0 -0.98 -0.34 330.4 6.98 2.49 0.12 0.56 0.39 0 0 1 0 0 0 1 0 0.3 1.18 -1.0 -1.22 -0.91 -1.82 -1.78 -0.95 -0.68 0.323 0.403 0.26 0.283 0.302 0.427 0 0 1 0 0 0
1972-01-14T08:30:00 1972 1 14 8 30 0 -0.98 -0.34 330.3 6.98 2.49 0.12 0.56 0.39 0 0 1 0 0 0 1 0 0.3 0.97 -1.0 -1.22 -0.91 -1.82 -1.78 -0.95 -0.68 0.323 0.402 0.259 0.283 0.302 0.427 0 0 1 0 0 0
1972-01-14T09:30:00 1972 1 14 9 30 0 -0.98 -0.34 330.1 6.98 2.49 0.12 0.56 0.39 0 0 1 0 0 0 1 0 0.0 0.72 -2.0 -1.22 -0.91 -1.82 -1.78 -0.95 -0.68 0.322 0.402 0.259 0.283 0.302 0.426 0 0 1 0 0 0
1972-01-14T10:30:00 1972 1 14 10 30 0 -0.98 -0.34 330.0 6.97 2.49 0.12 0.56 0.39 0 0 1 0 0 0 1 0 0.0 0.48 -2.0 -1.22 -0.91 -1.82 -1.78 -0.95 -0.68 0.322 0.402 0.258 0.282 0.301 0.426 0 0 1 0 0 0
1972-01-14T11:30:00 1972 1 14 11 30 0 -0.98 -0.34 329.9 6.97 2.49 0.12 0.56 0.39 0 0 1 0 0 0 1 0 0.0 0.35 1.0 -1.22 -0.91 -1.82 -1.78 -0.95 -0.68 0.322 0.402 0.258 0.282 0.301 0.425 0 0 1 0 0 0
1972-01-14T12:30:00 1972 1 14 12 30 0 -0.98 -0.34 329.7 6.97 2.49 0.12 0.56 0.39 0 0 1 0 0 0 1 0 0.7 0.32 0.0 -1.22 -0.91 -1.82 -1.78 -0.95 -0.68 0.321 0.402 0.257 0.282 0.301 0.424 0 0 1 0 0 0
1972-01-14T13:30:00 1972 1 14 13 30 0 -0.98 -0.34 329.6 6.97 2.49 0.12 0.56 0.39 0 0 1 0 0 0 1 0 0.7 0.29 2.0 -1.22 -0.91 -1.82 -1.78 -0.95 -0.68 0.321 0.402 0.257 0.282 0.301 0.424 0 0 1 0 0 0
1972-01-14T14:30:00 1972 1 14 14 30 0 -0.98 -0.34 329.4 6.97 2.49 0.12 0.56 0.39 0 0 1 0 0 0 1 0 0.7 0.34 1.0 -1.22 -0.91 -1.82 -1.78 -0.95 -0.68 0.321 0.401 0.256 0.282 0.3 0.423 0 0 1 0 0 0
1972-01-14T15:30:00 1972 1 14 15 30 0 -0.98 -0.34 329.3 6.97 2.49 0.12 0.56 0.39 0 0 1 0 0 0 1 0 0.3 0.34 -1.0 -1.22 -0.91 -1.82 -1.78 -0.95 -0.68 0.321 0.401 0.256 0.281 0.3 0.423 0 0 1 0 0 0
1972-01-14T16:30:00 1972 1 14 16 30 0 -0.98 -0.34 329.1 6.97 2.49 0.12 0.56 0.39 0 0 1 0 0 0 1 0 0.3 0.34 -3.0 -1.22 -0.91 -1.82 -1.78 -0.95 -0.68 0.321 0.401 0.255 0.281 0.3 0.423 0 0 1 0 0 0
1972-01-14T17:30:00 1972 1 14 17 30 0 -0.98 -0.34 329.0 6.97 2.49 0.12 0.56 0.39 0 0 1 0 0 0 1 0 0.3 0.38 -5.0 -1.22 -0.91 -1.82 -1.78 -0.95 -0.68 0.321 0.401 0.255 0.281 0.3 0.422 0 0 1 0 0 0
1972-01-14T18:30:00 1972 1 14 18 30 0 -0.98 -0.34 328.8 6.97 2.49 0.12 0.56 0.39 0 0 1 0 0 0 1 0 1.0 0.5 -5.0 -1.22 -0.91 -1.82 -1.78 -0.95 -0.68 0.321 0.401 0.254 0.281 0.299 0.422 0 0 1 0 0 0
1972-01-14T19:30:00 1972 1 14 19 30 0 -0.98 -0.34 328.7 6.97 2.49 0.12 0.56 0.39 0 0 1 0 0 0 1 0 1.0 0.63 -5.0 -1.22 -0.91 -1.82 -1.78 -0.95 -0.68 0.32 0.401 0.254 0.281 0.299 0.421 0 0 1 0 0 0
1972-01-14T20:30:00 1972 1 14 20 30 0 -0.98 -0.34 328.5 6.97 2.49 0.12 0.56 0.39 0 0 1 0 0 0 1 0 1.0 0.67 -5.0 -1.22 -0.91 -1.81 -1.78 -0.95 -0.68 0.32 0.401 0.253 0.281 0.299 0.421 0 0 0 0 0 0
1972-01-14T21:30:00 1972 1 14 21 30 0 -0.98 -0.34 328.4 7.7 2.49 0.12 0.56 0.41 0 0 1 1 0 0 1 1 1.0 0.71 -2.0 -1.22 -0.91 -1.81 -1.78 -0.95 -0.68 0.323 0.408 0.253 0.284 0.305 0.444 0 0 0 0 0 0
1972-01-14T22:30:00 1972 1 14 22 30 0 -0.98 -0.34 328.2 9.06 2.49 0.12 0.56 0.47 0 0 1 1 1 0 1 1 1.0 0.75 1.0 -1.22 -0.91 -1.81 -1.78 -0.95 -0.68 0.331 0.425 0.253 0.294 0.32 0.508 0 0 0 0 0 0
1972-01-14T23:30:00 1972 1 14 23 30 0 -0.98 -0.34 328.1 10.42 2.62 0.12 0.56 0.55 0 0 1 1 1 0 1 1 1.0 0.83 2.0 -1.22 -0.91 -1.81 -1.78 -0.95 -0.68 0.342 0.449 0.253 0.308 0.338 0.602 0 0 0 0 0 0
