1968-08-13T00:30:00 1968 8 13 0 30 0 -3.1 2.5 333.0 4.51 1.67 0.18 0.0 0.0 2 2 1 0 0 2 2 1 0.7 1.59 8.0 2.5 2.5 2.5 2.5 2.5 2.5 0.013 0.003 0.095 0.002 0.0 0.001 0 0 0 0 0 0
1968-08-13T01:30:00 1968 8 13 1 30 0 -2.4 1.3 326.3 4.51 1.67 0.21 0.0 0.0 2 2 1 0 0 2 2 1 0.7 1.51 10.0 1.3 1.3 1.3 1.3 1.3 1.3 0.009 0.001 0.092 0.001 0.0 0.001 0 0 0 0 0 0
1968-08-13T02:30:00 1968 8 13 2 30 0 -1.6 0.8 319.7 4.51 1.67 0.13 0.0 0.0 2 2 1 0 0 2 2 1 0.7 1.31 15.0 0.8 0.8 0.8 0.8 0.8 0.8 0.006 0.001 0.09 0.001 0.0 0.0 0 0 0 0 0 0
1968-08-13T03:30:00 1968 8 13 3 30 0 0.0 -0.1 313.0 4.52 1.67 0.03 0.02 0.01 2 2 1 0 0 2 2 1 1.3 1.19 13.0 -0.1 -0.1 -0.1 -0.1 -0.1 -0.1 0.007 0.012 0.087 0.001 0.012 0.015 0 0 0 0 0 0
1968-08-13T04:30:00 1968 8 13 4 30 0 -2.9 0.7 306.3 4.52 1.68 0.15 0.0 0.0 2 2 1 0 0 2 2 1 1.3 1.07 9.0 0.7 0.7 0.7 0.7 0.7 0.7 0.005 0.006 0.084 0.001 0.004 0.006 0 0 0 0 0 0
1968-08-13T05:30:00 1968 8 13 5 30 0 -2.1 2.3 303.0 4.52 1.68 0.18 0.0 0.0 2 2 1 0 0 2 2 1 1.3 1.08 7.0 2.3 2.3 2.3 2.3 2.3 2.3 0.003 0.003 0.082 0.0 0.001 0.003 0 0 0 0 0 0
1968-08-13T06:30:00 1968 8 13 6 30 0 -2.0 1.9 303.0 4.52 1.68 0.08 0.0 0.0 2 2 1 0 0 2 2 1 0.3 0.95 8.0 1.9 1.9 1.9 1.9 1.9 1.9 0.002 0.002 0.079 0.0 0.0 0.001 0 0 0 0 0 0
1968-08-13T07:30:00 1968 8 13 7 30 0 -2.2 1.5 303.0 4.52 1.68 0.11 0.0 0.0 2 2 1 0 0 2 2 1 0.3 0.82 10.0 1.5 1.5 1.5 1.5 1.5 1.5 0.001 0.001 0.077 0.0 0.0 0.0 0 0 0 0 0 0
1968-08-13T08:30:00 1968 8 13 8 30 0 -1.9 2.8 303.0 4.52 1.68 0.08 0.0 0.0 2 2 1 0 0 2 2 1 0.3 0.77 11.0 2.8 2.8 2.8 2.8 2.8 2.8 0.001 0.0 0.074 0.0 0.0 0.0 0 0 0 0 0 0
1968-08-13T09:30:00 1968 8 13 9 30 0 -2.0 1.8 303.0 4.52 1.68 0.07 0.0 0.0 2 2 1 0 0 2 2 1 0.7 0.77 12.0 1.8 1.8 1.8 1.8 1.8 1.8 0.001 0.0 0.072 0.0 0.0 0.0 0 0 0 0 0 0
1968-08-13T10:30:00 1968 8 13 10 30 0 -2.9 1.8 303.0 4.52 1.68 0.16 0.0 0.0 2 2 1 0 0 2 2 1 0.7 0.77 12.0 1.8 1.8 1.8 1.8 1.8 1.8 0.0 0.0 0.07 0.0 0.0 0.0 0 0 0 0 0 0
1968-08-13T11:30:00 1968 8 13 11 30 0 -1.1 1.1 303.0 4.52 1.68 0.1 0.0 0.0 2 2 1 0 0 2 2 1 0.7 0.69 11.0 1.1 1.1 1.1 1.1 1.1 1.1 0.0 0.0 0.068 0.0 0.0 0.0 0 0 0 0 0 0
1968-08-13T12:30:00 1968 8 13 12 30 0 1.0 0.7 303.0 4.52 1.68 0.01 0.0 0.0 2 2 1 0 0 2 2 1 2.0 0.8 14.0 0.7 0.7 0.7 0.7 0.7 0.7 0.0 0.0 0.066 0.0 0.0 0.0 0 0 0 0 0 0
1968-08-13T13:30:00 1968 8 13 13 30 0 -0.8 -0.6 303.0 4.52 1.68 0.03 0.25 0.11 2 2 1 0 0 2 2 1 2.0 0.89 15.0 -0.6 -0.6 -0.6 -0.6 -0.6 -0.6 0.019 0.059 0.064 0.009 0.058 0.056 0 0 0 0 0 0
1968-08-13T14:30:00 1968 8 13 14 30 0 -2.3 -4.1 303.0 4.52 1.68 1.55 3.78 1.71 2 2 1 0 0 2 2 1 2.0 1.11 15.0 -4.1 -4.1 -4.1 -4.1 -4.1 -4.1 0.185 0.386 0.071 0.187 0.354 0.275 0 0 0 0 0 0
1968-08-13T15:30:00 1968 8 13 15 30 0 -3.1 -4.8 303.0 4.52 1.68 4.12 6.79 3.07 2 2 1 0 0 2 2 1 2.3 1.36 12.0 -4.8 -4.8 -4.8 -4.8 -4.8 -4.8 0.383 0.673 0.086 0.419 0.558 0.433 0 0 0 0 0 0
1968-08-13T16:30:00 1968 8 13 16 30 0 -3.0 -3.7 303.0 4.52 1.68 3.9 6.37 2.88 2 2 1 0 0 2 2 1 2.3 1.61 5.0 -3.7 -3.7 -3.7 -3.7 -3.7 -3.7 0.493 0.777 0.098 0.504 0.583 0.477 0 0 0 0 0 0
1968-08-13T17:30:00 1968 8 13 17 30 0 -2.2 1.0 303.0 4.52 1.68 1.08 1.98 0.89 2 2 1 0 0 2 2 1 2.3 1.8 -1.0 1.0 1.0 1.0 1.0 1.0 1.0 0.392 0.509 0.098 0.327 0.282 0.29 0 0 0 0 0 0
1968-08-13T18:30:00 1968 8 13 18 30 0 -4.0 5.8 303.0 4.52 1.68 0.18 0.0 0.0 2 2 2 0 0 2 2 1 4.7 2.31 4.0 5.8 5.8 5.8 5.8 5.8 5.8 0.265 0.253 0.095 0.183 0.089 0.12 0 0 0 0 0 0
1968-08-13T19:30:00 1968 8 13 19 30 0 4.9 -4.8 303.0 4.52 1.68 1.28 1.96 0.89 2 2 2 0 0 2 2 1 4.7 2.82 4.0 -4.8 -4.8 -4.8 -4.8 -4.8 -4.8 0.292 0.362 0.099 0.237 0.269 0.218 0 0 0 0 0 0
1968-08-13T20:30:00 1968 8 13 20 30 0 5.9 2.8 303.0 4.52 1.68 2.5 2.0 0.91 2 2 2 0 0 2 2 1 4.7 3.16 2.0 2.8 2.8 2.8 2.8 2.8 2.8 0.251 0.286 0.098 0.177 0.167 0.165 0 0 0 0 0 0
1968-08-13T21:30:00 1968 8 13 21 30 0 5.5 1.6 362.5 4.52 1.68 1.24 0.0 0.0 2 2 1 0 0 2 2 1 3.7 3.37 6.0 1.6 1.6 1.6 1.6 1.6 1.6 0.17 0.142 0.095 0.099 0.053 0.068 0 0 0 0 0 0
1968-08-13T22:30:00 1968 8 13 22 30 0 7.6 -3.0 422.0 4.52 1.68 4.41 2.27 1.03 2 2 1 0 0 2 2 1 3.7 3.57 6.0 -3.0 -3.0 -3.0 -3.0 -3.0 -3.0 0.236 0.299 0.101 0.187 0.366 0.374 0 0 0 0 0 0
1968-08-13T23:30:00 1968 8 13 23 30 0 6.0 -4.7 481.5 4.52 1.68 9.46 8.95 4.04 2 2 1 0 0 2 2 1 3.7 3.74 -4.0 -4.7 -4.7 -4.7 -4.7 -4.7 -4.7 0.49 0.635 0.137 0.576 0.95 1.0 0 0 0 0 0 0
