1968-10-31T00:30:00 1968 10 31 0 30 0 1.9 -4.5 579.0 4.48 1.68 7.36 13.08 5.86 2 2 2 0 0 2 2 1 4.7 3.35 -35.0 -4.5 -4.5 -4.5 -4.5 -4.5 -4.5 0.867 0.894 0.383 1.114 1.668 2.25 0 0 0 0 0 0
1968-10-31T01:30:00 1968 10 31 1 30 0 1.9 -4.3 579.0 4.48 1.68 6.95 12.71 5.7 2 2 2 0 0 2 2 1 4.7 3.6 -42.0 -4.3 -4.3 -4.3 -4.3 -4.3 -4.3 1.003 0.966 0.444 1.286 1.735 2.384 0 0 0 0 0 0
1968-10-31T02:30:00 1968 10 31 2 30 0 1.0 -5.4 579.0 4.48 1.68 8.13 14.17 6.35 2 2 2 0 0 2 2 1 4.7 3.85 -42.0 -5.4 -5.4 -5.4 -5.4 -5.4 -5.4 1.147 1.054 0.516 1.517 1.891 2.558 0 0 0 0 0 0
1968-10-31T03:30:00 1968 10 31 3 30 0 0.65 -4.95 548.0 4.48 1.68 8.4 14.5 6.5 1 1 2 0 0 1 2 1 4.3 4.04 -45.0 -4.95 -4.95 -4.95 -4.95 -4.95 -4.95 1.239 1.099 0.583 1.623 1.86 2.5 0 0 0 0 0 0
1968-10-31T04:30:00 1968 10 31 4 30 0 0.3 -4.5 548.0 4.48 1.68 6.83 12.9 5.78 2 2 2 0 0 2 2 1 4.3 4.23 -53.0 -4.5 -4.5 -4.5 -4.5 -4.5 -4.5 1.259 1.084 0.635 1.579 1.741 2.35 0 0 0 0 0 0
1968-10-31T05:30:00 1968 10 31 5 30 0 -0.1 -5.5 548.0 4.48 1.68 7.75 13.81 6.19 2 2 2 0 0 2 2 1 4.3 4.31 -59.0 -5.5 -5.5 -5.5 -5.5 -5.5 -5.5 1.311 1.118 0.694 1.653 1.802 2.369 0 0 0 0 0 0
1968-10-31T06:30:00 1968 10 31 6 30 0 -0.5 -6.4 560.0 4.48 1.68 10.85 16.6 7.44 2 2 2 0 0 2 2 1 5.0 4.47 -66.0 -6.4 -6.4 -6.4 -6.4 -6.4 -6.4 1.424 1.204 0.774 1.896 2.006 2.561 0 0 0 0 0 0
1968-10-31T07:30:00 1968 10 31 7 30 0 0.4 -6.5 560.0 4.48 1.68 12.57 18.07 8.1 2 2 2 0 0 2 2 1 5.0 4.63 -59.0 -6.5 -6.5 -6.5 -6.5 -6.5 -6.5 1.533 1.273 0.863 2.116 2.138 2.713 0 0 0 0 0 0
1968-10-31T08:30:00 1968 10 31 8 30 0 0.3 -1.7 560.0 4.48 1.68 5.38 10.92 4.89 2 2 2 0 0 2 2 1 5.0 4.67 -62.0 -1.7 -1.7 -1.7 -1.7 -1.7 -1.7 1.356 1.049 0.887 1.638 1.56 2.232 0 0 0 0 0 0
1968-10-31T09:30:00 1968 10 31 9 30 0 -3.3 6.0 748.0 4.48 1.68 0.15 0.36 0.16 2 2 2 0 0 2 2 1 7.3 5.01 -26.0 6.0 6.0 6.0 6.0 6.0 6.0 0.918 0.521 0.86 0.917 0.494 0.926 0 0 0 0 0 0
1968-10-31T10:30:00 1968 10 31 10 30 0 -10.2 -9.1 748.0 4.48 1.68 16.83 11.71 5.25 2 2 2 0 0 2 2 1 7.3 5.35 -32.0 -9.1 -9.1 -9.1 -9.1 -9.1 -9.1 1.106 0.772 0.972 1.603 2.017 2.865 0 0 0 0 0 0
1968-10-31T11:30:00 1968 10 31 11 30 0 -15.6 -1.4 748.0 4.48 1.68 38.72 18.44 8.26 2 2 2 0 0 2 2 1 7.3 5.72 -49.0 -1.4 -1.4 -1.4 -1.4 -1.4 -1.4 1.218 0.87 1.077 1.741 2.177 3.566 0 0 0 0 0 0
1968-10-31T12:30:00 1968 10 31 12 30 0 2.2 -1.1 741.0 4.48 1.68 10.0 4.61 2.06 2 2 2 0 0 2 2 1 8.0 6.19 -33.0 -1.1 -1.1 -1.1 -1.1 -1.1 -1.1 0.99 0.661 1.068 1.146 1.422 2.807 0 0 0 0 0 0
1968-10-31T13:30:00 1968 10 31 13 30 0 6.1 -15.8 741.0 4.48 1.68 39.18 33.58 15.04 2 2 2 0 0 2 2 1 8.0 6.65 -44.0 -15.8 -15.8 -15.8 -15.8 -15.8 -15.8 1.766 1.33 1.447 3.673 3.915 5.426 0 0 0 0 0 0
1968-10-31T14:30:00 1968 10 31 14 30 0 4.4 -18.8 741.0 4.48 1.68 102.14 64.56 28.92 2 2 2 0 0 2 2 1 8.0 7.02 -132.0 -18.8 -18.8 -18.8 -18.8 -18.8 -18.8 2.91 2.061 2.215 7.587 5.993 7.789 0 0 0 0 0 0
1968-10-31T15:30:00 1968 10 31 15 30 0 0.6 -15.6 754.0 4.48 1.68 96.55 63.82 28.59 2 2 2 0 0 2 2 1 8.0 7.39 -208.0 -15.6 -15.6 -15.6 -15.6 -15.6 -15.6 3.609 2.362 2.924 9.394 6.477 8.707 0 0 0 0 0 0
1968-10-31T16:30:00 1968 10 31 16 30 0 -5.5 -14.7 754.0 4.48 1.68 79.84 56.97 25.52 2 2 2 0 0 2 2 1 8.0 7.75 -204.0 -14.7 -14.7 -14.7 -14.7 -14.7 -14.7 3.945 2.424 3.517 9.786 6.363 8.87 0 0 0 0 0 0
1968-10-31T17:30:00 1968 10 31 17 30 0 -11.6 -10.7 754.0 4.48 1.68 70.01 47.25 21.17 2 2 2 0 0 2 2 1 8.0 7.83 -221.0 -10.7 -10.7 -10.7 -10.7 -10.7 -10.7 3.913 2.279 3.927 8.886 5.684 8.335 0 0 0 0 0 0
1968-10-31T18:30:00 1968 10 31 18 30 0 -9.2 -11.5 759.3 4.48 1.68 63.76 42.13 18.88 2 2 1 0 0 2 2 1 7.0 7.79 -224.0 -11.5 -11.5 -11.5 -11.5 -11.5 -11.5 3.819 2.164 4.274 8.113 5.376 8.03 0 0 0 0 0 0
1968-10-31T19:30:00 1968 10 31 19 30 0 -10.9 -4.9 764.7 4.48 1.68 44.14 30.19 13.52 2 2 1 0 0 2 2 1 7.0 7.74 -220.0 -4.9 -4.9 -4.9 -4.9 -4.9 -4.9 3.38 1.823 4.42 6.306 4.233 6.894 0 0 0 0 0 0
1968-10-31T20:30:00 1968 10 31 20 30 0 -7.7 -5.3 770.0 4.48 1.68 26.93 19.64 8.8 2 2 1 0 0 2 2 1 7.0 7.61 -205.0 -5.3 -5.3 -5.3 -5.3 -5.3 -5.3 2.89 1.52 4.458 4.703 3.481 5.993 0 0 0 0 0 0
1968-10-31T21:30:00 1968 10 31 21 30 0 -6.8 1.4 775.4 4.48 1.68 11.66 7.26 3.25 2 2 1 0 0 2 2 1 6.0 7.35 -186.0 1.4 1.4 1.4 1.4 1.4 1.4 2.126 0.942 4.362 2.865 1.666 3.536 0 0 0 0 0 0
1968-10-31T22:30:00 1968 10 31 22 30 0 -2.8 5.7 780.7 4.48 1.68 1.59 0.0 0.0 2 2 1 0 0 2 2 1 6.0 7.1 -172.0 5.7 5.7 5.7 5.7 5.7 5.7 1.439 0.468 4.229 1.604 0.528 1.467 0 0 0 0 0 0
1968-10-31T23:30:00 1968 10 31 23 30 0 -3.2 0.7 786.1 4.48 1.68 0.55 0.0 0.0 2 2 1 0 0 2 2 1 6.0 6.85 -157.0 0.7 0.7 0.7 0.7 0.7 0.7 0.975 0.232 4.1 0.898 0.167 0.608 0 0 0 0 0 0
