1968-01-18T00:30:00 1968 1 18 0 30 0 -1.3 -4.5 440.0 4.4 1.7 3.41 7.26 3.51 2 2 2 2 2 2 2 2 4.0 2.93 -13.0 -4.5 -4.5 -4.5 -4.5 -4.5 -4.5 0.382 0.534 0.396 0.435 0.783 0.861 2 2 1 2 2 2
1968-01-18T01:30:00 1968 1 18 1 30 0 -1.2 -2.1 439.0 2.8 1.08 2.94 7.03 2.55 2 2 2 2 2 2 2 2 4.0 3.15 -18.0 -2.1 -2.1 -2.1 -2.1 -2.1 -2.1 0.47 0.592 0.405 0.493 0.749 0.764 2 2 1 2 2 2
1968-01-18T02:30:00 1968 1 18 2 30 0 -2.2 -1.3 439.0 2.5 0.96 1.19 3.66 0.97 2 2 2 2 2 2 2 2 4.0 3.28 -13.0 -1.3 -1.3 -1.3 -1.3 -1.3 -1.3 0.429 0.487 0.401 0.376 0.537 0.53 2 2 1 2 2 2
1968-01-18T03:30:00 1968 1 18 3 30 0 0.2 1.7 439.0 2.6 1.0 0.2 0.5 0.13 2 2 2 2 2 2 2 2 2.3 3.18 -14.0 1.7 1.7 1.7 1.7 1.7 1.7 0.3 0.26 0.39 0.215 0.193 0.241 2 2 1 2 2 2
1968-01-18T04:30:00 1968 1 18 4 30 0 2.8 2.3 454.0 2.5 1.03 0.09 0.0 0.0 2 2 2 2 2 2 2 2 2.3 3.09 -17.0 2.3 2.3 2.3 2.3 2.3 2.3 0.203 0.129 0.378 0.121 0.061 0.1 2 2 1 2 2 2
1968-01-18T05:30:00 1968 1 18 5 30 0 -1.1 -0.4 448.0 2.4 0.96 0.08 0.11 0.03 2 2 2 2 2 2 2 2 2.3 3.03 -20.0 -0.4 -0.4 -0.4 -0.4 -0.4 -0.4 0.147 0.088 0.366 0.073 0.063 0.075 2 2 1 2 2 2
1968-01-18T06:30:00 1968 1 18 6 30 0 -1.0 -1.4 456.0 2.6 1.08 0.43 2.13 0.54 2 2 2 2 2 2 2 2 3.0 3.06 -26.0 -1.4 -1.4 -1.4 -1.4 -1.4 -1.4 0.179 0.194 0.36 0.104 0.271 0.217 2 2 1 2 2 2
1968-01-18T07:30:00 1968 1 18 7 30 0 -1.0 -1.3 443.0 2.6 1.02 0.65 3.02 0.79 2 2 2 2 2 2 2 2 3.0 3.1 -19.0 -1.3 -1.3 -1.3 -1.3 -1.3 -1.3 0.218 0.271 0.356 0.141 0.367 0.296 2 2 1 2 2 2
1968-01-18T08:30:00 1968 1 18 8 30 0 1.1 0.9 480.0 2.5 1.15 0.1 0.75 0.19 2 2 2 2 2 2 2 2 3.0 2.98 -15.0 0.9 0.9 0.9 0.9 0.9 0.9 0.165 0.168 0.346 0.089 0.162 0.167 2 2 1 2 2 2
1968-01-18T09:30:00 1968 1 18 9 30 0 3.4 0.3 438.0 2.7 1.04 0.42 0.0 0.0 2 2 2 2 2 2 2 2 2.0 2.73 -16.0 0.3 0.3 0.3 0.3 0.3 0.3 0.112 0.083 0.335 0.05 0.051 0.069 2 2 1 2 2 2
1968-01-18T10:30:00 1968 1 18 10 30 0 0.9 -1.2 437.0 2.7 1.03 0.61 1.16 0.31 2 2 2 2 2 2 2 2 2.0 2.49 -19.0 -1.2 -1.2 -1.2 -1.2 -1.2 -1.2 0.128 0.153 0.328 0.066 0.197 0.17 2 2 1 2 2 2
1968-01-18T11:30:00 1968 1 18 11 30 0 -1.1 -3.5 440.0 2.5 0.97 1.7 5.37 1.38 2 2 2 2 2 2 2 2 2.0 2.44 -17.0 -3.5 -3.5 -3.5 -3.5 -3.5 -3.5 0.263 0.356 0.334 0.242 0.518 0.355 2 2 1 2 2 2
1968-01-18T12:30:00 1968 1 18 12 30 0 1.5 -0.8 428.0 2.4 0.88 1.31 4.43 1.09 2 2 2 2 2 2 2 2 2.3 2.44 -16.0 -0.8 -0.8 -0.8 -0.8 -0.8 -0.8 0.293 0.369 0.333 0.245 0.45 0.337 2 2 1 2 2 2
1968-01-18T13:30:00 1968 1 18 13 30 0 4.4 -0.4 439.0 2.6 1.0 1.17 1.26 0.32 2 2 2 2 2 2 2 2 2.3 2.44 -14.0 -0.4 -0.4 -0.4 -0.4 -0.4 -0.4 0.241 0.275 0.325 0.161 0.28 0.253 2 2 1 2 2 2
1968-01-18T14:30:00 1968 1 18 14 30 0 5.1 0.2 437.0 2.6 0.99 2.02 0.26 0.07 2 2 2 2 2 2 2 2 2.3 2.36 -9.0 0.2 0.2 0.2 0.2 0.2 0.2 0.17 0.154 0.315 0.093 0.111 0.13 2 2 1 2 2 2
1968-01-18T15:30:00 1968 1 18 15 30 0 3.6 2.6 442.0 2.4 0.94 1.06 0.0 0.0 2 2 2 2 2 2 2 2 2.0 2.23 -6.0 2.6 2.6 2.6 2.6 2.6 2.6 0.115 0.077 0.306 0.052 0.035 0.054 2 2 1 2 2 2
1968-01-18T16:30:00 1968 1 18 16 30 0 3.3 0.5 433.0 2.2 0.82 0.6 0.0 0.0 2 2 2 2 2 2 2 2 2.0 2.11 -5.0 0.5 0.5 0.5 0.5 0.5 0.5 0.078 0.038 0.296 0.029 0.011 0.022 2 2 1 2 2 2
1968-01-18T17:30:00 1968 1 18 17 30 0 3.8 2.3 437.0 2.3 0.88 0.65 0.0 0.0 2 2 2 2 2 2 2 2 2.0 2.11 -3.0 2.3 2.3 2.3 2.3 2.3 2.3 0.053 0.019 0.287 0.016 0.004 0.009 2 2 1 2 2 2
1968-01-18T18:30:00 1968 1 18 18 30 0 2.0 3.8 441.0 2.5 0.97 0.24 0.0 0.0 2 2 2 2 2 2 2 2 1.0 1.98 -2.0 3.8 3.8 3.8 3.8 3.8 3.8 0.036 0.009 0.278 0.009 0.001 0.004 2 2 1 2 2 2
1968-01-18T19:30:00 1968 1 18 19 30 0 3.3 3.6 438.0 2.5 0.96 0.16 0.0 0.0 2 2 2 2 2 2 2 2 1.0 1.85 -4.0 3.6 3.6 3.6 3.6 3.6 3.6 0.024 0.005 0.27 0.005 0.0 0.002 2 2 1 2 2 2
1968-01-18T20:30:00 1968 1 18 20 30 0 3.4 3.5 434.0 2.5 0.94 0.29 0.0 0.0 2 2 2 2 2 2 2 2 1.0 1.68 -5.0 3.5 3.5 3.5 3.5 3.5 3.5 0.016 0.002 0.262 0.003 0.0 0.001 2 2 1 2 2 2
1968-01-18T21:30:00 1968 1 18 21 30 0 3.3 3.0 437.0 2.6 0.99 0.32 0.0 0.0 2 2 2 2 2 2 2 2 0.7 1.48 -5.0 3.0 3.0 3.0 3.0 3.0 3.0 0.011 0.001 0.254 0.002 0.0 0.0 2 2 1 2 2 2
1968-01-18T22:30:00 1968 1 18 22 30 0 3.1 3.0 440.0 3.0 1.16 0.3 0.0 0.0 2 2 2 2 2 2 2 2 0.7 1.28 -5.0 3.0 3.0 3.0 3.0 3.0 3.0 0.008 0.001 0.246 0.001 0.0 0.0 2 2 1 2 2 2
1968-01-18T23:30:00 1968 1 18 23 30 0 0.3 4.2 445.0 3.3 1.31 0.06 0.0 0.0 2 2 2 2 2 2 2 2 0.7 1.12 -3.0 4.2 4.2 4.2 4.2 4.2 4.2 0.005 0.0 0.238 0.001 0.0 0.0 2 2 1 2 2 2
