1968-05-14T00:30:00 1968 5 14 0 30 0 2.7 0.5 608.5 4.65 1.93 0.35 0.0 0.0 2 2 1 0 0 2 2 1 3.7 2.86 -9.0 0.5 0.5 0.5 0.5 0.5 0.5 0.036 0.009 0.201 0.009 0.002 0.013 0 0 0 0 0 0
1968-05-14T01:30:00 1968 5 14 1 30 0 3.1 0.7 608.5 4.64 1.93 0.79 0.0 0.0 2 2 1 0 0 2 2 1 3.7 2.92 -12.0 0.7 0.7 0.7 0.7 0.7 0.7 0.024 0.004 0.195 0.005 0.001 0.006 0 0 0 0 0 0
1968-05-14T02:30:00 1968 5 14 2 30 0 2.6 -0.4 608.5 4.64 1.92 0.96 0.27 0.13 2 2 1 0 0 2 2 1 3.7 3.01 -14.0 -0.4 -0.4 -0.4 -0.4 -0.4 -0.4 0.037 0.05 0.19 0.015 0.125 0.236 0 0 0 0 0 0
1968-05-14T03:30:00 1968 5 14 3 30 0 0.4 0.8 608.4 4.64 1.92 0.3 0.15 0.07 2 2 1 0 0 2 2 1 3.0 3.01 -14.0 0.8 0.8 0.8 0.8 0.8 0.8 0.029 0.033 0.184 0.009 0.055 0.138 0 0 0 0 0 0
1968-05-14T04:30:00 1968 5 14 4 30 0 2.8 -0.8 608.4 4.64 1.92 0.55 0.71 0.33 2 2 1 0 0 2 2 1 3.0 3.01 -19.0 -0.8 -0.8 -0.8 -0.8 -0.8 -0.8 0.063 0.1 0.182 0.038 0.238 0.423 0 0 0 0 0 0
1968-05-14T05:30:00 1968 5 14 5 30 0 1.4 -0.2 608.3 4.64 1.92 0.8 1.44 0.67 2 2 1 0 0 2 2 1 3.0 3.09 -18.0 -0.2 -0.2 -0.2 -0.2 -0.2 -0.2 0.097 0.154 0.18 0.055 0.313 0.636 0 0 0 0 0 0
1968-05-14T06:30:00 1968 5 14 6 30 0 -1.7 1.0 608.3 4.64 1.92 0.07 0.03 0.01 2 2 1 0 0 2 2 1 2.3 3.08 -12.0 1.0 1.0 1.0 1.0 1.0 1.0 0.066 0.076 0.175 0.031 0.099 0.264 0 0 0 0 0 0
1968-05-14T07:30:00 1968 5 14 7 30 0 1.7 2.7 608.2 4.64 1.92 0.03 0.0 0.0 2 2 1 0 0 2 2 1 2.3 3.07 -5.0 2.7 2.7 2.7 2.7 2.7 2.7 0.045 0.038 0.169 0.017 0.031 0.109 0 0 0 0 0 0
1968-05-14T08:30:00 1968 5 14 8 30 0 -0.1 2.5 608.2 4.64 1.92 0.02 0.0 0.0 2 2 1 0 0 2 2 1 2.3 2.9 0.0 2.5 2.5 2.5 2.5 2.5 2.5 0.03 0.019 0.164 0.01 0.01 0.045 0 0 0 0 0 0
1968-05-14T09:30:00 1968 5 14 9 30 0 2.1 2.0 608.1 4.64 1.92 0.05 0.0 0.0 2 2 1 0 0 2 2 1 2.3 2.72 2.0 2.0 2.0 2.0 2.0 2.0 2.0 0.02 0.009 0.159 0.005 0.003 0.019 0 0 0 0 0 0
1968-05-14T10:30:00 1968 5 14 10 30 0 -1.5 2.4 608.1 4.63 1.92 0.03 0.0 0.0 2 2 1 0 0 2 2 1 2.3 2.55 5.0 2.4 2.4 2.4 2.4 2.4 2.4 0.014 0.005 0.154 0.003 0.001 0.008 0 0 0 0 0 0
1968-05-14T11:30:00 1968 5 14 11 30 0 -0.8 1.1 608.0 4.63 1.92 0.04 0.0 0.0 2 2 1 0 0 2 2 1 2.3 2.47 4.0 1.1 1.1 1.1 1.1 1.1 1.1 0.009 0.002 0.15 0.002 0.0 0.003 0 0 0 0 0 0
1968-05-14T12:30:00 1968 5 14 12 30 0 -1.0 1.7 608.0 4.63 1.92 0.02 0.0 0.0 2 2 2 0 0 2 2 1 2.3 2.38 2.0 1.7 1.7 1.7 1.7 1.7 1.7 0.006 0.001 0.145 0.001 0.0 0.001 0 0 0 0 0 0
1968-05-14T13:30:00 1968 5 14 13 30 0 -3.3 -0.7 608.0 4.63 1.92 0.68 0.41 0.19 2 2 2 0 0 2 2 1 2.3 2.3 -1.0 -0.7 -0.7 -0.7 -0.7 -0.7 -0.7 0.034 0.062 0.143 0.023 0.164 0.281 0 0 0 0 0 0
1968-05-14T14:30:00 1968 5 14 14 30 0 -2.6 0.4 608.0 4.63 1.92 1.16 0.59 0.27 2 2 2 0 0 2 2 1 2.3 2.3 -4.0 0.4 0.4 0.4 0.4 0.4 0.4 0.041 0.065 0.139 0.022 0.119 0.265 0 0 0 0 0 0
1968-05-14T15:30:00 1968 5 14 15 30 0 -1.2 1.4 593.0 4.63 1.92 0.26 0.0 0.0 2 2 2 0 0 2 2 1 2.3 2.3 -3.0 1.4 1.4 1.4 1.4 1.4 1.4 0.028 0.032 0.135 0.012 0.038 0.11 0 0 0 0 0 0
1968-05-14T16:30:00 1968 5 14 16 30 0 -1.5 1.3 593.0 4.63 1.92 0.08 0.0 0.0 2 2 2 0 0 2 2 1 2.3 2.3 -2.0 1.3 1.3 1.3 1.3 1.3 1.3 0.019 0.016 0.131 0.007 0.012 0.046 0 0 0 0 0 0
1968-05-14T17:30:00 1968 5 14 17 30 0 -1.23 1.16 593.0 4.63 1.91 0.08 0.0 0.0 1 1 2 0 0 1 2 1 2.3 2.3 0.0 1.16 1.16 1.16 1.16 1.16 1.16 0.013 0.008 0.127 0.004 0.004 0.019 0 0 0 0 0 0
1968-05-14T18:30:00 1968 5 14 18 30 0 -0.97 0.54 578.0 4.63 1.91 0.06 0.0 0.0 1 1 2 0 0 1 2 1 2.7 2.35 -1.0 0.54 0.54 0.54 0.54 0.54 0.54 0.009 0.004 0.123 0.002 0.001 0.008 0 0 0 0 0 0
1968-05-14T19:30:00 1968 5 14 19 30 0 -0.7 0.4 578.0 4.62 1.91 0.04 0.0 0.0 2 2 2 0 0 2 2 1 2.7 2.4 3.0 0.4 0.4 0.4 0.4 0.4 0.4 0.006 0.002 0.119 0.001 0.0 0.003 0 0 0 0 0 0
1968-05-14T20:30:00 1968 5 14 20 30 0 -0.3 0.9 578.0 4.62 1.91 0.01 0.0 0.0 2 2 2 0 0 2 2 1 2.7 2.46 5.0 0.9 0.9 0.9 0.9 0.9 0.9 0.004 0.001 0.116 0.001 0.0 0.001 0 0 0 0 0 0
1968-05-14T21:30:00 1968 5 14 21 30 0 0.3 1.5 536.0 4.62 1.91 0.0 0.0 0.0 2 2 2 0 0 2 2 1 1.7 2.37 4.0 1.5 1.5 1.5 1.5 1.5 1.5 0.003 0.0 0.112 0.0 0.0 0.001 0 0 0 0 0 0
1968-05-14T22:30:00 1968 5 14 22 30 0 0.5 0.7 536.0 4.62 1.91 0.0 0.0 0.0 2 2 2 0 0 2 2 1 1.7 2.29 3.0 0.7 0.7 0.7 0.7 0.7 0.7 0.002 0.0 0.109 0.0 0.0 0.0 0 0 0 0 0 0
1968-05-14T23:30:00 1968 5 14 23 30 0 -1.7 1.0 536.0 4.62 1.91 0.04 0.0 0.0 2 2 2 0 0 2 2 1 1.7 2.22 -1.0 1.0 1.0 1.0 1.0 1.0 1.0 0.001 0.0 0.105 0.0 0.0 0.0 0 0 0 0 0 0
