1968-12-22T00:30:00 1968 12 22 0 30 0 -5.7 -2.0 555.0 5.2 3.28 6.12 9.04 4.7 2 2 2 1 1 2 2 2 4.0 3.37 -18.0 -2.0 -2.0 -2.0 -2.0 -2.0 -2.0 0.944 0.897 0.42 1.082 1.421 2.324 2 2 2 2 1 1
1968-12-22T01:30:00 1968 12 22 1 30 0 -2.8 -2.0 555.0 4.93 3.21 4.05 5.55 2.8 2 2 2 1 1 2 2 2 4.0 3.5 -14.0 -2.0 -2.0 -2.0 -2.0 -2.0 -2.0 0.852 0.769 0.432 0.846 1.14 1.966 2 1 2 1 1 1
1968-12-22T02:30:00 1968 12 22 2 30 0 -5.5 0.9 555.0 4.54 2.82 2.43 1.69 0.82 2 2 2 1 1 2 2 2 4.0 3.7 -12.0 0.9 0.9 0.9 0.9 0.9 0.9 0.623 0.456 0.423 0.51 0.495 1.049 1 1 2 1 1 1
1968-12-22T03:30:00 1968 12 22 3 30 0 1.5 -1.7 548.5 4.16 2.42 1.0 1.73 0.73 2 2 1 1 1 2 2 1 3.3 3.82 -16.0 -1.7 -1.7 -1.7 -1.7 -1.7 -1.7 0.512 0.386 0.418 0.372 0.517 0.901 1 1 2 1 1 1
1968-12-22T04:30:00 1968 12 22 4 30 0 -2.1 0.2 542.0 3.77 2.03 0.42 1.89 0.76 2 2 1 1 1 2 2 1 3.3 3.93 -15.0 0.2 0.2 0.2 0.2 0.2 0.2 0.402 0.286 0.409 0.249 0.337 0.629 1 1 2 1 1 1
1968-12-22T05:30:00 1968 12 22 5 30 0 -3.1 1.8 535.5 3.5 1.96 0.45 0.0 0.0 2 2 1 1 1 2 2 1 3.3 3.8 -14.0 1.8 1.8 1.8 1.8 1.8 1.8 0.272 0.142 0.397 0.14 0.107 0.261 1 1 2 1 1 1
1968-12-22T06:30:00 1968 12 22 6 30 0 2.2 0.3 529.0 3.5 1.96 0.14 0.0 0.0 2 2 2 2 2 2 2 2 2.3 3.54 -15.0 0.3 0.3 0.3 0.3 0.3 0.3 0.184 0.07 0.385 0.078 0.034 0.108 1 1 2 1 1 1
1968-12-22T07:30:00 1968 12 22 7 30 0 0.0 1.8 529.0 3.5 1.96 0.09 0.0 0.0 2 2 2 2 2 2 2 2 2.3 3.29 -24.0 1.8 1.8 1.8 1.8 1.8 1.8 0.125 0.035 0.373 0.044 0.011 0.045 1 1 2 1 1 1
1968-12-22T08:30:00 1968 12 22 8 30 0 -0.5 2.8 529.0 3.5 1.96 0.0 0.0 0.0 2 2 2 2 2 2 2 2 2.3 3.08 -27.0 2.8 2.8 2.8 2.8 2.8 2.8 0.084 0.017 0.362 0.025 0.003 0.019 1 1 2 1 1 1
1968-12-22T09:30:00 1968 12 22 9 30 0 -0.5 2.0 533.0 3.7 2.1 0.0 0.0 0.0 2 2 2 2 2 2 2 2 1.7 2.79 -27.0 2.0 2.0 2.0 2.0 2.0 2.0 0.057 0.009 0.351 0.014 0.001 0.008 1 1 2 1 1 1
1968-12-22T10:30:00 1968 12 22 10 30 0 -0.5 3.2 533.0 3.7 2.1 0.0 0.0 0.0 2 2 2 2 2 2 2 2 1.7 2.51 -24.0 3.2 3.2 3.2 3.2 3.2 3.2 0.039 0.004 0.34 0.008 0.0 0.003 1 1 2 1 1 1
1968-12-22T11:30:00 1968 12 22 11 30 0 -1.2 1.0 533.0 3.7 2.1 0.02 0.0 0.0 2 2 2 2 2 2 2 2 1.7 2.31 -20.0 1.0 1.0 1.0 1.0 1.0 1.0 0.026 0.002 0.33 0.004 0.0 0.001 1 1 2 1 1 1
1968-12-22T12:30:00 1968 12 22 12 30 0 0.1 1.8 526.0 2.8 1.55 0.01 0.0 0.0 2 2 2 2 2 2 2 2 2.7 2.24 -20.0 1.8 1.8 1.8 1.8 1.8 1.8 0.018 0.001 0.32 0.002 0.0 0.001 1 1 2 1 1 1
1968-12-22T13:30:00 1968 12 22 13 30 0 -2.8 1.7 526.0 2.8 1.55 0.12 0.0 0.0 2 2 2 2 2 2 2 2 2.7 2.18 -14.0 1.7 1.7 1.7 1.7 1.7 1.7 0.012 0.001 0.31 0.001 0.0 0.0 1 1 2 1 1 1
1968-12-22T14:30:00 1968 12 22 14 30 0 -1.5 2.6 526.0 2.8 1.55 0.16 0.0 0.0 2 2 2 2 2 2 2 2 2.7 2.23 -13.0 2.6 2.6 2.6 2.6 2.6 2.6 0.008 0.0 0.3 0.001 0.0 0.0 1 1 2 1 1 1
1968-12-22T15:30:00 1968 12 22 15 30 0 -2.4 1.2 523.0 3.0 1.64 0.16 0.0 0.0 2 2 2 2 2 2 2 2 3.0 2.32 -10.0 1.2 1.2 1.2 1.2 1.2 1.2 0.006 0.0 0.291 0.0 0.0 0.0 1 1 2 1 1 1
1968-12-22T16:30:00 1968 12 22 16 30 0 -5.6 -1.3 523.0 3.0 1.64 2.13 1.03 0.31 2 2 2 2 2 2 2 2 3.0 2.42 -16.0 -1.3 -1.3 -1.3 -1.3 -1.3 -1.3 0.055 0.098 0.286 0.044 0.212 0.202 2 2 2 2 2 2
1968-12-22T17:30:00 1968 12 22 17 30 0 -2.7 0.6 523.0 3.0 1.64 2.06 1.02 0.31 2 2 2 2 2 2 2 2 3.0 2.58 -21.0 0.6 0.6 0.6 0.6 0.6 0.6 0.062 0.093 0.279 0.04 0.141 0.172 2 2 2 2 2 2
1968-12-22T18:30:00 1968 12 22 18 30 0 -4.0 3.7 540.0 2.2 1.28 0.54 0.0 0.0 2 2 2 2 2 2 2 2 2.7 2.7 -18.0 3.7 3.7 3.7 3.7 3.7 3.7 0.042 0.046 0.27 0.023 0.045 0.071 2 2 2 2 2 2
1968-12-22T19:30:00 1968 12 22 19 30 0 2.8 5.9 540.0 2.2 1.28 0.08 0.0 0.0 2 2 2 2 2 2 2 2 2.7 2.81 -13.0 5.9 5.9 5.9 5.9 5.9 5.9 0.029 0.023 0.262 0.013 0.014 0.03 2 2 2 2 2 2
1968-12-22T20:30:00 1968 12 22 20 30 0 -2.2 6.3 540.0 2.2 1.28 0.02 0.0 0.0 2 2 2 2 2 2 2 2 2.7 2.81 -14.0 6.3 6.3 6.3 6.3 6.3 6.3 0.019 0.011 0.254 0.007 0.004 0.012 2 2 2 2 2 2
1968-12-22T21:30:00 1968 12 22 21 30 0 -1.8 6.1 540.0 1.4 0.82 0.05 0.0 0.0 2 2 2 2 2 2 2 2 0.7 2.55 -16.0 6.1 6.1 6.1 6.1 6.1 6.1 0.013 0.006 0.246 0.004 0.001 0.005 2 2 2 2 2 2
1968-12-22T22:30:00 1968 12 22 22 30 0 -2.6 4.3 540.0 1.4 0.82 0.08 0.0 0.0 2 2 2 2 2 2 2 2 0.7 2.29 -16.0 4.3 4.3 4.3 4.3 4.3 4.3 0.009 0.003 0.239 0.002 0.0 0.002 2 2 2 2 2 2
1968-12-22T23:30:00 1968 12 22 23 30 0 -4.8 3.3 540.0 1.4 0.82 0.53 0.0 0.0 2 2 2 2 2 2 2 2 0.7 2.0 -17.0 3.3 3.3 3.3 3.3 3.3 3.3 0.006 0.001 0.232 0.001 0.0 0.001 2 2 2 2 2 2
