1968-08-11T00:30:00 1968 8 11 0 30 0 -2.5 -1.8 485.0 4.5 1.66 1.93 3.43 1.54 2 2 2 0 0 2 2 1 2.7 1.76 -16.0 -1.8 -1.8 -1.8 -1.8 -1.8 -1.8 0.324 0.44 0.116 0.242 0.598 0.833 0 0 0 0 0 0
1968-08-11T01:30:00 1968 8 11 1 30 0 -3.5 -2.1 485.0 4.5 1.66 2.48 4.76 2.14 2 2 2 0 0 2 2 1 2.7 1.82 -11.0 -2.1 -2.1 -2.1 -2.1 -2.1 -2.1 0.402 0.519 0.129 0.33 0.724 0.978 0 0 0 0 0 0
1968-08-11T02:30:00 1968 8 11 2 30 0 -3.2 1.0 485.0 4.5 1.66 1.47 1.52 0.68 2 2 2 0 0 2 2 1 2.7 2.03 -7.0 1.0 1.0 1.0 1.0 1.0 1.0 0.314 0.329 0.129 0.216 0.336 0.563 0 0 0 0 0 0
1968-08-11T03:30:00 1968 8 11 3 30 0 -3.7 -1.3 485.0 4.5 1.67 1.4 1.03 0.46 2 2 2 0 0 2 2 1 2.0 2.15 -2.0 -1.3 -1.3 -1.3 -1.3 -1.3 -1.3 0.273 0.288 0.128 0.17 0.342 0.538 0 0 0 0 0 0
1968-08-11T04:30:00 1968 8 11 4 30 0 -3.9 -1.0 485.0 4.5 1.67 2.25 2.76 1.24 2 2 2 0 0 2 2 1 2.0 2.26 -4.0 -1.0 -1.0 -1.0 -1.0 -1.0 -1.0 0.294 0.344 0.132 0.185 0.457 0.681 0 0 0 0 0 0
1968-08-11T05:30:00 1968 8 11 5 30 0 -2.4 -1.7 485.0 4.5 1.67 1.9 3.34 1.51 2 2 2 0 0 2 2 1 2.0 2.26 -6.0 -1.7 -1.7 -1.7 -1.7 -1.7 -1.7 0.338 0.415 0.139 0.235 0.58 0.82 0 0 0 0 0 0
1968-08-11T06:30:00 1968 8 11 6 30 0 -2.4 1.9 485.0 4.5 1.67 0.63 0.81 0.36 2 2 1 0 0 2 2 1 2.3 2.3 -5.0 1.9 1.9 1.9 1.9 1.9 1.9 0.246 0.237 0.136 0.143 0.227 0.408 0 0 0 0 0 0
1968-08-11T07:30:00 1968 8 11 7 30 0 -0.9 0.9 485.0 4.5 1.67 0.1 0.0 0.0 2 2 1 0 0 2 2 1 2.3 2.33 -3.0 0.9 0.9 0.9 0.9 0.9 0.9 0.167 0.118 0.132 0.08 0.072 0.169 0 0 0 0 0 0
1968-08-11T08:30:00 1968 8 11 8 30 0 -1.0 0.4 485.0 4.5 1.67 0.04 0.0 0.0 2 2 1 0 0 2 2 1 2.3 2.28 -2.0 0.4 0.4 0.4 0.4 0.4 0.4 0.113 0.058 0.128 0.045 0.023 0.07 0 0 0 0 0 0
1968-08-11T09:30:00 1968 8 11 9 30 0 -0.2 3.6 485.0 4.5 1.67 0.01 0.0 0.0 2 2 1 0 0 2 2 1 1.0 2.07 -2.0 3.6 3.6 3.6 3.6 3.6 3.6 0.076 0.029 0.124 0.025 0.007 0.029 0 0 0 0 0 0
1968-08-11T10:30:00 1968 8 11 10 30 0 2.3 3.4 485.0 4.5 1.67 0.03 0.0 0.0 2 2 1 0 0 2 2 1 1.0 1.85 0.0 3.4 3.4 3.4 3.4 3.4 3.4 0.052 0.014 0.121 0.014 0.002 0.012 0 0 0 0 0 0
1968-08-11T11:30:00 1968 8 11 11 30 0 2.6 1.6 485.0 4.5 1.67 0.2 0.0 0.0 2 2 1 0 0 2 2 1 1.0 1.72 -2.0 1.6 1.6 1.6 1.6 1.6 1.6 0.035 0.007 0.117 0.008 0.001 0.005 0 0 0 0 0 0
1968-08-11T12:30:00 1968 8 11 12 30 0 2.8 2.7 485.0 4.5 1.67 0.27 0.0 0.0 2 2 1 0 0 2 2 1 0.7 1.56 -2.0 2.7 2.7 2.7 2.7 2.7 2.7 0.024 0.004 0.113 0.004 0.0 0.002 0 0 0 0 0 0
1968-08-11T13:30:00 1968 8 11 13 30 0 1.8 2.8 485.0 4.5 1.67 0.14 0.0 0.0 2 2 1 0 0 2 2 1 0.7 1.39 -2.0 2.8 2.8 2.8 2.8 2.8 2.8 0.016 0.002 0.11 0.002 0.0 0.001 0 0 0 0 0 0
1968-08-11T14:30:00 1968 8 11 14 30 0 1.4 3.1 485.0 4.5 1.67 0.05 0.0 0.0 2 2 1 0 0 2 2 1 0.7 1.2 -1.0 3.1 3.1 3.1 3.1 3.1 3.1 0.011 0.001 0.106 0.001 0.0 0.0 0 0 0 0 0 0
1968-08-11T15:30:00 1968 8 11 15 30 0 2.0 3.0 485.0 4.5 1.67 0.06 0.0 0.0 2 2 1 0 0 2 2 1 1.0 1.04 0.0 3.0 3.0 3.0 3.0 3.0 3.0 0.007 0.0 0.103 0.001 0.0 0.0 0 0 0 0 0 0
1968-08-11T16:30:00 1968 8 11 16 30 0 -3.8 0.0 485.0 4.51 1.67 0.31 0.0 0.0 2 2 1 0 0 2 2 1 1.0 0.89 0.0 0.0 0.0 0.0 0.0 0.0 0.0 0.005 0.0 0.1 0.0 0.0 0.0 0 0 0 0 0 0
1968-08-11T17:30:00 1968 8 11 17 30 0 -2.3 2.8 485.0 4.51 1.67 0.54 0.0 0.0 2 2 1 0 0 2 2 1 1.0 0.89 -4.0 2.8 2.8 2.8 2.8 2.8 2.8 0.003 0.0 0.097 0.0 0.0 0.0 0 0 0 0 0 0
1968-08-11T18:30:00 1968 8 11 18 30 0 -2.8 0.9 485.0 4.51 1.67 0.3 0.0 0.0 2 2 1 0 0 2 2 1 1.0 0.89 -4.0 0.9 0.9 0.9 0.9 0.9 0.9 0.002 0.0 0.094 0.0 0.0 0.0 0 0 0 0 0 0
1968-08-11T19:30:00 1968 8 11 19 30 0 -0.9 3.0 484.9 4.51 1.67 0.13 0.0 0.0 2 2 1 0 0 2 2 1 1.0 0.89 -3.0 3.0 3.0 3.0 3.0 3.0 3.0 0.002 0.0 0.091 0.0 0.0 0.0 0 0 0 0 0 0
1968-08-11T20:30:00 1968 8 11 20 30 0 -0.8 2.7 484.8 4.51 1.67 0.01 0.0 0.0 2 2 1 0 0 2 2 1 1.0 0.93 -2.0 2.7 2.7 2.7 2.7 2.7 2.7 0.001 0.0 0.088 0.0 0.0 0.0 0 0 0 0 0 0
1968-08-11T21:30:00 1968 8 11 21 30 0 1.2 3.3 484.7 4.51 1.67 0.0 0.0 0.0 2 2 1 0 0 2 2 1 0.7 0.92 -1.0 3.3 3.3 3.3 3.3 3.3 3.3 0.001 0.0 0.086 0.0 0.0 0.0 0 0 0 0 0 0
1968-08-11T22:30:00 1968 8 11 22 30 0 1.2 2.72 484.5 4.51 1.67 0.02 0.0 0.0 1 1 1 0 0 1 1 1 0.7 0.92 0.0 2.57 2.6 2.5 2.5 2.6 2.63 0.0 0.0 0.083 0.0 0.0 0.0 0 0 0 0 0 0
1968-08-11T23:30:00 1968 8 11 23 30 0 0.93 0.58 484.4 4.51 1.67 0.03 0.0 0.0 1 1 1 0 0 1 1 1 0.7 0.88 1.0 -0.15 0.02 -0.48 -0.46 0.0 0.14 0.006 0.0 0.081 0.009 0.0 0.0 0 0 0 0 0 0
