1968-10-17T00:30:00 1968 10 17 0 30 0 -9.9 0.0 448.7 4.52 1.7 5.62 0.0 0.0 2 2 0 0 0 1 1 1 2.7 1.49 -7.0 0.0 0.0 0.0 0.0 0.0 0.0 0.007 0.001 0.126 0.001 0.0 0.0 0 0 0 0 0 0
1968-10-17T01:30:00 1968 10 17 1 30 0 -8.4 -1.5 448.7 4.52 1.7 7.65 1.82 0.82 2 2 0 0 0 1 1 1 2.7 1.55 -8.0 -1.5 -1.5 -1.5 -1.5 -1.5 -1.5 0.096 0.185 0.128 0.076 0.3 0.364 0 0 0 0 0 0
1968-10-17T02:30:00 1968 10 17 2 30 0 -4.9 -1.1 448.7 4.52 1.7 4.95 2.88 1.3 2 2 0 0 0 1 1 1 2.7 1.73 -8.0 -1.1 -1.1 -1.1 -1.1 -1.1 -1.1 0.179 0.306 0.132 0.137 0.428 0.556 0 0 0 0 0 0
1968-10-17T03:30:00 1968 10 17 3 30 0 -5.6 0.0 448.7 4.52 1.7 2.83 1.13 0.51 2 2 0 0 0 1 1 1 2.7 1.91 -9.0 0.0 0.0 0.0 0.0 0.0 0.0 0.159 0.232 0.13 0.099 0.248 0.396 0 0 0 0 0 0
1968-10-17T04:30:00 1968 10 17 4 30 0 -4.3 4.0 448.7 4.52 1.7 1.28 0.0 0.0 2 2 0 0 0 1 1 1 2.7 2.08 -9.0 4.0 4.0 4.0 4.0 4.0 4.0 0.108 0.115 0.126 0.056 0.078 0.164 0 0 0 0 0 0
1968-10-17T05:30:00 1968 10 17 5 30 0 -3.7 2.0 448.7 4.52 1.7 0.56 0.0 0.0 2 2 0 0 0 1 1 1 2.7 2.29 -9.0 2.0 2.0 2.0 2.0 2.0 2.0 0.073 0.057 0.122 0.031 0.025 0.068 0 0 0 0 0 0
1968-10-17T06:30:00 1968 10 17 6 30 0 -5.6 4.9 448.7 4.52 1.7 0.77 0.0 0.0 2 2 0 0 0 1 1 1 1.7 2.37 -12.0 4.9 4.9 4.9 4.9 4.9 4.9 0.049 0.028 0.118 0.017 0.008 0.028 0 0 0 0 0 0
1968-10-17T07:30:00 1968 10 17 7 30 0 -5.8 1.8 448.7 4.52 1.7 1.37 0.0 0.0 2 2 0 0 0 1 1 1 1.7 2.44 -10.0 1.8 1.8 1.8 1.8 1.8 1.8 0.033 0.014 0.115 0.01 0.002 0.012 0 0 0 0 0 0
1968-10-17T08:30:00 1968 10 17 8 30 0 -1.6 -1.7 448.7 4.52 1.7 1.28 1.09 0.49 2 2 0 0 0 1 1 1 1.7 2.31 -9.0 -1.7 -1.7 -1.7 -1.7 -1.7 -1.7 0.086 0.136 0.115 0.064 0.225 0.257 0 0 0 0 0 0
1968-10-17T09:30:00 1968 10 17 9 30 0 -0.8 -0.5 448.7 4.52 1.7 0.54 2.36 1.06 2 2 0 0 0 1 1 1 1.3 2.13 -13.0 -0.5 -0.5 -0.5 -0.5 -0.5 -0.5 0.145 0.237 0.117 0.1 0.327 0.439 0 0 0 0 0 0
1968-10-17T10:30:00 1968 10 17 10 30 0 0.5 0.8 448.7 4.52 1.7 0.02 0.17 0.08 2 2 0 0 0 1 1 1 1.3 1.96 -9.0 0.8 0.8 0.8 0.8 0.8 0.8 0.103 0.128 0.114 0.058 0.117 0.207 0 0 0 0 0 0
1968-10-17T11:30:00 1968 10 17 11 30 0 -0.2 1.7 448.7 4.52 1.7 0.0 0.0 0.0 2 2 0 0 0 1 1 1 1.3 1.78 -9.0 1.7 1.7 1.7 1.7 1.7 1.7 0.069 0.064 0.11 0.032 0.037 0.086 0 0 0 0 0 0
1968-10-17T12:30:00 1968 10 17 12 30 0 0.0 0.9 448.7 4.52 1.7 0.0 0.0 0.0 2 2 0 0 0 1 1 1 2.3 1.74 -9.0 0.9 0.9 0.9 0.9 0.9 0.9 0.047 0.032 0.107 0.018 0.012 0.036 0 0 0 0 0 0
1968-10-17T13:30:00 1968 10 17 13 30 0 -1.8 0.8 448.7 4.52 1.7 0.05 0.0 0.0 2 2 0 0 0 1 1 1 2.3 1.71 -7.0 0.8 0.8 0.8 0.8 0.8 0.8 0.032 0.016 0.104 0.01 0.004 0.015 0 0 0 0 0 0
1968-10-17T14:30:00 1968 10 17 14 30 0 -0.9 -0.1 448.7 4.52 1.7 0.12 0.02 0.01 2 2 0 0 0 1 1 1 2.3 1.78 -8.0 -0.1 -0.1 -0.1 -0.1 -0.1 -0.1 0.025 0.021 0.101 0.007 0.023 0.042 0 0 0 0 0 0
1968-10-17T15:30:00 1968 10 17 15 30 0 -3.5 1.7 448.7 4.52 1.7 0.31 0.0 0.0 2 2 0 0 0 1 1 1 2.3 1.86 -8.0 1.7 1.7 1.7 1.7 1.7 1.7 0.017 0.01 0.097 0.004 0.007 0.018 0 0 0 0 0 0
1968-10-17T16:30:00 1968 10 17 16 30 0 -2.7 2.8 448.7 4.52 1.7 0.35 0.0 0.0 2 2 0 0 0 1 1 1 2.3 1.94 -6.0 2.8 2.8 2.8 2.8 2.8 2.8 0.012 0.005 0.095 0.002 0.002 0.007 0 0 0 0 0 0
1968-10-17T17:30:00 1968 10 17 17 30 0 -1.8 2.0 448.7 4.52 1.7 0.14 0.0 0.0 2 2 0 0 0 1 1 1 2.3 2.06 -9.0 2.0 2.0 2.0 2.0 2.0 2.0 0.008 0.003 0.092 0.001 0.001 0.003 0 0 0 0 0 0
1968-10-17T18:30:00 1968 10 17 18 30 0 -4.7 1.8 448.7 4.52 1.7 0.55 0.0 0.0 2 2 0 0 0 1 1 1 2.0 2.14 -11.0 1.8 1.8 1.8 1.8 1.8 1.8 0.005 0.001 0.089 0.001 0.0 0.001 0 0 0 0 0 0
1968-10-17T19:30:00 1968 10 17 19 30 0 -6.5 1.2 448.7 4.52 1.7 1.96 0.0 0.0 2 2 0 0 0 1 1 1 2.0 2.22 -13.0 1.2 1.2 1.2 1.2 1.2 1.2 0.004 0.001 0.086 0.0 0.0 0.001 0 0 0 0 0 0
1968-10-17T20:30:00 1968 10 17 20 30 0 -4.1 -0.8 448.7 4.52 1.7 2.32 0.44 0.2 2 2 0 0 0 1 1 1 2.0 2.18 -18.0 -0.8 -0.8 -0.8 -0.8 -0.8 -0.8 0.033 0.074 0.085 0.021 0.126 0.162 0 0 0 0 0 0
1968-10-17T21:30:00 1968 10 17 21 30 0 -2.6 -1.1 448.7 4.52 1.7 1.57 2.16 0.98 2 2 0 0 0 1 1 1 2.3 2.19 -20.0 -1.1 -1.1 -1.1 -1.1 -1.1 -1.1 0.116 0.223 0.088 0.084 0.334 0.433 0 0 0 0 0 0
1968-10-17T22:30:00 1968 10 17 22 30 0 -3.6 -0.7 448.8 4.52 1.7 1.4 1.98 0.9 2 2 0 0 0 1 1 1 2.3 2.19 -15.0 -0.7 -0.7 -0.7 -0.7 -0.7 -0.7 0.16 0.275 0.09 0.104 0.359 0.508 0 0 0 0 0 0
1968-10-17T23:30:00 1968 10 17 23 30 0 -5.1 -1.7 448.8 4.52 1.7 2.72 2.79 1.26 2 2 0 0 0 1 1 1 2.3 2.19 -19.0 -1.7 -1.7 -1.7 -1.7 -1.7 -1.7 0.231 0.367 0.096 0.168 0.483 0.643 0 0 0 0 0 0
