1968-10-23T00:30:00 1968 10 23 0 30 0 -3.3 1.0 448.9 4.5 1.69 0.58 0.0 0.0 2 2 0 0 0 1 1 1 0.0 0.26 -6.0 1.0 1.0 1.0 1.0 1.0 1.0 0.004 0.002 0.016 0.001 0.0 0.002 0 0 0 0 0 0
1968-10-23T01:30:00 1968 10 23 1 30 0 -3.2 0.5 448.9 4.5 1.69 0.7 0.0 0.0 2 2 0 0 0 1 1 1 0.0 0.22 -4.0 0.5 0.5 0.5 0.5 0.5 0.5 0.003 0.001 0.015 0.0 0.0 0.001 0 0 0 0 0 0
1968-10-23T02:30:00 1968 10 23 2 30 0 -1.9 -1.0 448.9 4.5 1.69 0.72 0.84 0.38 2 2 0 0 0 1 1 1 0.0 0.18 -2.0 -1.0 -1.0 -1.0 -1.0 -1.0 -1.0 0.052 0.113 0.017 0.036 0.187 0.237 0 0 0 0 0 0
1968-10-23T03:30:00 1968 10 23 3 30 0 -2.3 2.6 448.9 4.5 1.69 0.28 0.22 0.1 2 2 0 0 0 1 1 1 0.0 0.15 1.0 2.6 2.6 2.6 2.6 2.6 2.6 0.038 0.063 0.017 0.021 0.069 0.117 0 0 0 0 0 0
1968-10-23T04:30:00 1968 10 23 4 30 0 -2.3 2.6 448.9 4.5 1.69 0.14 0.0 0.0 2 2 0 0 0 1 1 1 0.0 0.11 6.0 2.6 2.6 2.6 2.6 2.6 2.6 0.026 0.032 0.016 0.012 0.022 0.049 0 0 0 0 0 0
1968-10-23T05:30:00 1968 10 23 5 30 0 -1.7 3.5 448.9 4.5 1.69 0.08 0.0 0.0 2 2 0 0 0 1 1 1 0.0 0.07 8.0 3.5 3.5 3.5 3.5 3.5 3.5 0.017 0.016 0.016 0.006 0.007 0.02 0 0 0 0 0 0
1968-10-23T06:30:00 1968 10 23 6 30 0 -1.7 4.0 448.9 4.5 1.69 0.04 0.0 0.0 2 2 0 0 0 1 1 1 0.3 0.08 7.0 4.0 4.0 4.0 4.0 4.0 4.0 0.012 0.008 0.015 0.004 0.002 0.008 0 0 0 0 0 0
1968-10-23T07:30:00 1968 10 23 7 30 0 -1.8 3.7 448.9 4.5 1.69 0.04 0.0 0.0 2 2 0 0 0 1 1 1 0.3 0.08 6.0 3.7 3.7 3.7 3.7 3.7 3.7 0.008 0.004 0.015 0.002 0.001 0.003 0 0 0 0 0 0
1968-10-23T08:30:00 1968 10 23 8 30 0 -1.9 4.0 448.9 4.5 1.69 0.05 0.0 0.0 2 2 0 0 0 1 1 1 0.3 0.12 6.0 4.0 4.0 4.0 4.0 4.0 4.0 0.005 0.002 0.014 0.001 0.0 0.001 0 0 0 0 0 0
1968-10-23T09:30:00 1968 10 23 9 30 0 -1.1 4.9 448.9 4.5 1.69 0.02 0.0 0.0 2 2 0 0 0 1 1 1 0.3 0.15 7.0 4.9 4.9 4.9 4.9 4.9 4.9 0.004 0.001 0.014 0.001 0.0 0.001 0 0 0 0 0 0
1968-10-23T10:30:00 1968 10 23 10 30 0 -1.4 5.0 448.9 4.5 1.69 0.01 0.0 0.0 2 2 0 0 0 1 1 1 0.3 0.19 8.0 5.0 5.0 5.0 5.0 5.0 5.0 0.002 0.0 0.013 0.0 0.0 0.0 0 0 0 0 0 0
1968-10-23T11:30:00 1968 10 23 11 30 0 -1.9 6.5 448.9 4.5 1.69 0.02 0.0 0.0 2 2 0 0 0 1 1 1 0.3 0.23 6.0 6.5 6.5 6.5 6.5 6.5 6.5 0.002 0.0 0.013 0.0 0.0 0.0 0 0 0 0 0 0
1968-10-23T12:30:00 1968 10 23 12 30 0 -2.5 6.1 448.9 4.5 1.69 0.05 0.0 0.0 2 2 0 0 0 1 1 1 0.7 0.32 6.0 6.1 6.1 6.1 6.1 6.1 6.1 0.001 0.0 0.013 0.0 0.0 0.0 0 0 0 0 0 0
1968-10-23T13:30:00 1968 10 23 13 30 0 -4.4 5.2 448.9 4.5 1.69 0.24 0.0 0.0 2 2 0 0 0 1 1 1 0.7 0.4 7.0 5.2 5.2 5.2 5.2 5.2 5.2 0.001 0.0 0.012 0.0 0.0 0.0 0 0 0 0 0 0
1968-10-23T14:30:00 1968 10 23 14 30 0 -4.1 5.0 448.9 4.5 1.69 0.42 0.0 0.0 2 2 0 0 0 1 1 1 0.7 0.46 8.0 5.0 5.0 5.0 5.0 5.0 5.0 0.001 0.0 0.012 0.0 0.0 0.0 0 0 0 0 0 0
1968-10-23T15:30:00 1968 10 23 15 30 0 -5.0 5.5 448.9 4.5 1.69 0.5 0.0 0.0 2 2 0 0 0 1 1 1 1.3 0.58 9.0 5.5 5.5 5.5 5.5 5.5 5.5 0.0 0.0 0.012 0.0 0.0 0.0 0 0 0 0 0 0
1968-10-23T16:30:00 1968 10 23 16 30 0 -8.1 -0.4 448.9 4.5 1.69 2.71 0.07 0.03 2 2 0 0 0 1 1 1 1.3 0.71 6.0 -0.4 -0.4 -0.4 -0.4 -0.4 -0.4 0.012 0.032 0.012 0.007 0.057 0.075 0 0 0 0 0 0
1968-10-23T17:30:00 1968 10 23 17 30 0 -8.3 -2.2 447.3 4.5 1.69 7.18 3.08 1.39 2 2 1 0 0 2 2 1 1.3 0.84 6.0 -2.2 -2.2 -2.2 -2.2 -2.2 -2.2 0.147 0.27 0.021 0.139 0.429 0.495 0 0 0 0 0 0
1968-10-23T18:30:00 1968 10 23 18 30 0 -4.3 3.5 444.2 4.5 1.69 3.13 0.75 0.34 2 2 1 0 0 2 2 1 1.7 1.01 9.0 3.5 3.5 3.5 3.5 3.5 3.5 0.116 0.164 0.022 0.088 0.173 0.26 0 0 0 0 0 0
1968-10-23T19:30:00 1968 10 23 19 30 0 -4.6 2.4 441.1 4.5 1.69 0.76 0.0 0.0 2 2 1 0 0 2 2 1 1.7 1.19 11.0 2.4 2.4 2.4 2.4 2.4 2.4 0.078 0.081 0.021 0.049 0.055 0.108 0 0 0 0 0 0
1968-10-23T20:30:00 1968 10 23 20 30 0 -3.6 3.5 438.0 4.5 1.69 0.58 0.0 0.0 2 2 1 0 0 2 2 1 1.7 1.31 10.0 3.5 3.5 3.5 3.5 3.5 3.5 0.053 0.04 0.02 0.028 0.017 0.045 0 0 0 0 0 0
1968-10-23T21:30:00 1968 10 23 21 30 0 -2.8 6.3 434.9 4.5 1.69 0.19 0.0 0.0 2 2 1 0 0 2 2 1 1.0 1.34 10.0 6.3 6.3 6.3 6.3 6.3 6.3 0.036 0.02 0.02 0.015 0.006 0.019 0 0 0 0 0 0
1968-10-23T22:30:00 1968 10 23 22 30 0 -1.1 7.6 431.8 4.5 1.69 0.03 0.0 0.0 2 2 1 0 0 2 2 1 1.0 1.37 13.0 7.6 7.6 7.6 7.6 7.6 7.6 0.024 0.01 0.019 0.009 0.002 0.008 0 0 0 0 0 0
1968-10-23T23:30:00 1968 10 23 23 30 0 -1.5 8.1 428.7 4.5 1.69 0.01 0.0 0.0 2 2 1 0 0 2 2 1 1.0 1.33 10.0 8.1 8.1 8.1 8.1 8.1 8.1 0.016 0.005 0.019 0.005 0.001 0.003 0 0 0 0 0 0
