1968-09-27T00:30:00 1968 9 27 0 30 0 -3.6 1.3 433.8 4.58 1.72 0.51 0.0 0.0 2 2 1 0 0 2 2 1 0.0 0.57 6.0 1.3 1.3 1.3 1.3 1.3 1.3 0.007 0.001 0.059 0.001 0.0 0.0 0 0 0 0 0 0
1968-09-27T01:30:00 1968 9 27 1 30 0 -0.8 2.9 430.7 4.58 1.72 0.18 0.0 0.0 2 2 1 0 0 2 2 1 0.0 0.37 2.0 2.9 2.9 2.9 2.9 2.9 2.9 0.005 0.0 0.058 0.001 0.0 0.0 0 0 0 0 0 0
1968-09-27T02:30:00 1968 9 27 2 30 0 -0.6 1.4 427.7 4.58 1.72 0.01 0.0 0.0 2 2 1 0 0 2 2 1 0.0 0.28 2.0 1.4 1.4 1.4 1.4 1.4 1.4 0.003 0.0 0.056 0.0 0.0 0.0 0 0 0 0 0 0
1968-09-27T03:30:00 1968 9 27 3 30 0 -2.3 -1.7 424.6 4.58 1.71 0.46 1.15 0.53 2 2 1 0 0 2 2 1 1.7 0.42 5.0 -1.7 -1.7 -1.7 -1.7 -1.7 -1.7 0.07 0.144 0.058 0.059 0.227 0.256 0 0 0 0 0 0
1968-09-27T04:30:00 1968 9 27 4 30 0 -3.3 -0.5 421.5 4.58 1.71 1.26 2.22 1.02 2 2 1 0 0 2 2 1 1.7 0.55 6.0 -0.5 -0.5 -0.5 -0.5 -0.5 -0.5 0.13 0.24 0.061 0.093 0.305 0.399 0 0 0 0 0 0
1968-09-27T05:30:00 1968 9 27 5 30 0 -3.2 1.9 418.5 4.58 1.71 0.67 0.07 0.03 2 2 1 0 0 2 2 1 1.7 0.73 8.0 1.9 1.9 1.9 1.9 1.9 1.9 0.088 0.119 0.059 0.052 0.097 0.166 0 0 0 0 0 0
1968-09-27T06:30:00 1968 9 27 6 30 0 -1.3 1.9 415.4 4.58 1.71 0.16 0.0 0.0 2 2 1 0 0 2 2 1 1.0 0.82 11.0 1.9 1.9 1.9 1.9 1.9 1.9 0.06 0.059 0.057 0.029 0.031 0.069 0 0 0 0 0 0
1968-09-27T07:30:00 1968 9 27 7 30 0 1.7 1.0 412.4 4.58 1.71 0.02 0.0 0.0 2 2 1 0 0 2 2 1 1.0 0.9 12.0 1.0 1.0 1.0 1.0 1.0 1.0 0.04 0.029 0.056 0.016 0.01 0.028 0 0 0 0 0 0
1968-09-27T08:30:00 1968 9 27 8 30 0 0.7 1.1 409.3 4.58 1.71 0.05 0.0 0.0 2 2 1 0 0 2 2 1 1.0 1.02 10.0 1.1 1.1 1.1 1.1 1.1 1.1 0.027 0.015 0.054 0.009 0.003 0.012 0 0 0 0 0 0
1968-09-27T09:30:00 1968 9 27 9 30 0 -1.9 2.2 406.3 4.58 1.71 0.02 0.0 0.0 2 2 1 0 0 2 2 1 0.7 1.1 7.0 2.2 2.2 2.2 2.2 2.2 2.2 0.019 0.007 0.052 0.005 0.001 0.005 0 0 0 0 0 0
1968-09-27T10:30:00 1968 9 27 10 30 0 1.7 1.0 403.2 4.58 1.71 0.03 0.0 0.0 2 2 1 0 0 2 2 1 0.7 1.18 5.0 1.0 1.0 1.0 1.0 1.0 1.0 0.013 0.004 0.051 0.003 0.0 0.002 0 0 0 0 0 0
1968-09-27T11:30:00 1968 9 27 11 30 0 2.6 -0.3 400.1 4.58 1.71 0.36 0.1 0.04 2 2 1 0 0 2 2 1 0.7 1.05 4.0 -0.3 -0.3 -0.3 -0.3 -0.3 -0.3 0.017 0.028 0.049 0.006 0.039 0.051 0 0 0 0 0 0
1968-09-27T12:30:00 1968 9 27 12 30 0 2.6 0.5 397.1 4.58 1.71 0.52 0.09 0.04 2 2 1 0 0 2 2 1 0.7 0.93 2.0 0.5 0.5 0.5 0.5 0.5 0.5 0.014 0.021 0.048 0.004 0.02 0.036 0 0 0 0 0 0
1968-09-27T13:30:00 1968 9 27 13 30 0 -0.4 3.0 394.0 4.58 1.71 0.07 0.0 0.0 2 2 1 0 0 2 2 1 0.7 0.81 3.0 3.0 3.0 3.0 3.0 3.0 3.0 0.01 0.011 0.046 0.002 0.006 0.015 0 0 0 0 0 0
1968-09-27T14:30:00 1968 9 27 14 30 0 1.1 1.9 391.0 4.58 1.71 0.0 0.0 0.0 2 2 1 0 0 2 2 1 0.7 0.77 2.0 1.9 1.9 1.9 1.9 1.9 1.9 0.006 0.005 0.045 0.001 0.002 0.006 0 0 0 0 0 0
1968-09-27T15:30:00 1968 9 27 15 30 0 3.0 0.5 387.9 4.58 1.71 0.23 0.0 0.0 2 2 1 0 0 2 2 1 0.3 0.68 3.0 0.5 0.5 0.5 0.5 0.5 0.5 0.004 0.003 0.044 0.001 0.001 0.003 0 0 0 0 0 0
1968-09-27T16:30:00 1968 9 27 16 30 0 1.8 -0.1 384.9 4.58 1.71 0.4 0.02 0.01 2 2 1 0 0 2 2 1 0.3 0.6 7.0 -0.1 -0.1 -0.1 -0.1 -0.1 -0.1 0.006 0.014 0.042 0.001 0.017 0.027 0 0 0 0 0 0
1968-09-27T17:30:00 1968 9 27 17 30 0 2.6 0.7 381.8 4.58 1.71 0.32 0.01 0.0 2 2 1 0 0 2 2 1 0.3 0.54 8.0 0.7 0.7 0.7 0.7 0.7 0.7 0.004 0.007 0.041 0.001 0.005 0.011 0 0 0 0 0 0
1968-09-27T18:30:00 1968 9 27 18 30 0 2.4 1.1 378.8 4.58 1.71 0.3 0.0 0.0 2 2 1 0 0 2 2 1 0.3 0.49 9.0 1.1 1.1 1.1 1.1 1.1 1.1 0.003 0.003 0.04 0.0 0.002 0.005 0 0 0 0 0 0
1968-09-27T19:30:00 1968 9 27 19 30 0 1.8 0.9 375.7 4.58 1.71 0.18 0.0 0.0 2 2 1 0 0 2 2 1 0.3 0.44 7.0 0.9 0.9 0.9 0.9 0.9 0.9 0.002 0.002 0.039 0.0 0.001 0.002 0 0 0 0 0 0
1968-09-27T20:30:00 1968 9 27 20 30 0 1.3 1.1 372.6 4.58 1.71 0.08 0.0 0.0 2 2 1 0 0 2 2 1 0.3 0.4 5.0 1.1 1.1 1.1 1.1 1.1 1.1 0.001 0.001 0.037 0.0 0.0 0.001 0 0 0 0 0 0
1968-09-27T21:30:00 1968 9 27 21 30 0 1.0 1.3 369.6 4.58 1.71 0.03 0.0 0.0 2 2 1 0 0 2 2 1 1.0 0.44 4.0 1.3 1.3 1.3 1.3 1.3 1.3 0.001 0.0 0.036 0.0 0.0 0.0 0 0 0 0 0 0
1968-09-27T22:30:00 1968 9 27 22 30 0 0.8 0.9 366.5 4.58 1.71 0.02 0.0 0.0 2 2 1 0 0 2 2 1 1.0 0.48 3.0 0.9 0.9 0.9 0.9 0.9 0.9 0.001 0.0 0.035 0.0 0.0 0.0 0 0 0 0 0 0
1968-09-27T23:30:00 1968 9 27 23 30 0 1.8 -1.1 365.0 4.58 1.71 0.24 0.64 0.29 2 2 1 0 0 2 2 1 1.0 0.57 5.0 -1.1 -1.1 -1.1 -1.1 -1.1 -1.1 0.042 0.105 0.036 0.028 0.132 0.142 0 0 0 0 0 0
