1968-10-05T00:30:00 1968 10 5 0 30 0 -0.5 2.1 497.1 4.56 1.71 0.01 0.0 0.0 2 2 1 0 0 2 2 1 0.3 0.65 -23.0 2.1 2.1 2.1 2.1 2.1 2.1 0.009 0.002 0.251 0.002 0.0 0.001 0 0 0 0 0 0
1968-10-05T01:30:00 1968 10 5 1 30 0 -0.3 1.7 495.8 4.56 1.71 0.0 0.0 0.0 2 2 1 0 0 2 2 1 0.3 0.44 -19.0 1.7 1.7 1.7 1.7 1.7 1.7 0.006 0.001 0.243 0.001 0.0 0.001 0 0 0 0 0 0
1968-10-05T02:30:00 1968 10 5 2 30 0 -1.5 1.6 494.6 4.56 1.71 0.03 0.0 0.0 2 2 1 0 0 2 2 1 0.3 0.4 -16.0 1.6 1.6 1.6 1.6 1.6 1.6 0.004 0.0 0.236 0.001 0.0 0.0 0 0 0 0 0 0
1968-10-05T03:30:00 1968 10 5 3 30 0 -0.5 3.0 493.3 4.56 1.71 0.02 0.0 0.0 2 2 1 0 0 2 2 1 0.0 0.31 -14.0 3.0 3.0 3.0 3.0 3.0 3.0 0.003 0.0 0.228 0.0 0.0 0.0 0 0 0 0 0 0
1968-10-05T04:30:00 1968 10 5 4 30 0 -0.2 0.7 492.0 4.56 1.71 0.0 0.0 0.0 2 2 1 0 0 2 2 1 0.0 0.22 -13.0 0.7 0.7 0.7 0.7 0.7 0.7 0.002 0.0 0.221 0.0 0.0 0.0 0 0 0 0 0 0
1968-10-05T05:30:00 1968 10 5 5 30 0 -0.4 -0.7 490.8 4.56 1.71 0.04 0.5 0.23 2 2 1 0 0 2 2 1 0.0 0.18 -15.0 -0.7 -0.7 -0.7 -0.7 -0.7 -0.7 0.033 0.073 0.216 0.021 0.142 0.199 0 0 0 0 0 0
1968-10-05T06:30:00 1968 10 5 6 30 0 -0.7 -2.0 489.5 4.56 1.71 0.68 3.44 1.57 2 2 1 0 0 2 2 1 1.0 0.28 -18.0 -2.0 -2.0 -2.0 -2.0 -2.0 -2.0 0.171 0.293 0.222 0.158 0.514 0.663 0 0 0 0 0 0
1968-10-05T07:30:00 1968 10 5 7 30 0 -0.6 -2.0 490.4 4.56 1.71 1.24 4.9 2.23 2 2 1 0 0 2 2 1 1.0 0.37 -22.0 -2.0 -2.0 -2.0 -2.0 -2.0 -2.0 0.301 0.448 0.233 0.286 0.707 0.933 0 0 0 0 0 0
1968-10-05T08:30:00 1968 10 5 8 30 0 -1.4 -2.1 493.3 4.56 1.71 1.42 5.05 2.3 2 2 1 0 0 2 2 1 1.0 0.46 -23.0 -2.1 -2.1 -2.1 -2.1 -2.1 -2.1 0.395 0.532 0.244 0.368 0.785 1.065 0 0 0 0 0 0
1968-10-05T09:30:00 1968 10 5 9 30 0 -1.1 0.7 496.2 4.56 1.71 0.48 1.73 0.79 2 2 1 0 0 2 2 1 2.0 0.68 -24.0 0.7 0.7 0.7 0.7 0.7 0.7 0.315 0.343 0.241 0.243 0.37 0.622 0 0 0 0 0 0
1968-10-05T10:30:00 1968 10 5 10 30 0 -1.7 0.8 499.2 4.56 1.71 0.11 0.0 0.0 2 2 1 0 0 2 2 1 2.0 0.9 -19.0 0.8 0.8 0.8 0.8 0.8 0.8 0.213 0.17 0.233 0.136 0.117 0.258 0 0 0 0 0 0
1968-10-05T11:30:00 1968 10 5 11 30 0 -1.8 -0.5 502.1 4.56 1.71 0.32 0.3 0.14 2 2 1 0 0 2 2 1 2.0 1.15 -20.0 -0.5 -0.5 -0.5 -0.5 -0.5 -0.5 0.166 0.139 0.227 0.089 0.145 0.272 0 0 0 0 0 0
1968-10-05T12:30:00 1968 10 5 12 30 0 -1.6 -0.4 505.0 4.56 1.71 0.46 1.12 0.51 2 2 1 0 0 2 2 1 1.0 1.26 -23.0 -0.4 -0.4 -0.4 -0.4 -0.4 -0.4 0.163 0.178 0.223 0.078 0.243 0.425 0 0 0 0 0 0
1968-10-05T13:30:00 1968 10 5 13 30 0 -1.6 2.6 508.0 4.56 1.71 0.14 0.03 0.01 2 2 1 0 0 2 2 1 1.0 1.38 -24.0 2.6 2.6 2.6 2.6 2.6 2.6 0.11 0.088 0.216 0.044 0.077 0.176 0 0 0 0 0 0
1968-10-05T14:30:00 1968 10 5 14 30 0 -2.6 2.4 510.9 4.56 1.71 0.14 0.0 0.0 2 2 1 0 0 2 2 1 1.0 1.37 -25.0 2.4 2.4 2.4 2.4 2.4 2.4 0.075 0.044 0.209 0.025 0.024 0.073 0 0 0 0 0 0
1968-10-05T15:30:00 1968 10 5 15 30 0 -1.7 1.5 513.8 4.56 1.71 0.16 0.0 0.0 2 2 1 0 0 2 2 1 0.7 1.33 -24.0 1.5 1.5 1.5 1.5 1.5 1.5 0.051 0.022 0.203 0.014 0.008 0.03 0 0 0 0 0 0
1968-10-05T16:30:00 1968 10 5 16 30 0 -2.5 1.8 516.7 4.56 1.71 0.19 0.0 0.0 2 2 1 0 0 2 2 1 0.7 1.28 -21.0 1.8 1.8 1.8 1.8 1.8 1.8 0.034 0.011 0.197 0.008 0.002 0.013 0 0 0 0 0 0
1968-10-05T17:30:00 1968 10 5 17 30 0 -1.0 2.4 519.7 4.56 1.71 0.1 0.0 0.0 2 2 1 0 0 2 2 1 0.7 1.12 -19.0 2.4 2.4 2.4 2.4 2.4 2.4 0.023 0.005 0.191 0.004 0.001 0.005 0 0 0 0 0 0
1968-10-05T18:30:00 1968 10 5 18 30 0 -1.0 2.9 522.6 4.56 1.71 0.01 0.0 0.0 2 2 1 0 0 2 2 1 0.0 0.87 -18.0 2.9 2.9 2.9 2.9 2.9 2.9 0.016 0.003 0.185 0.002 0.0 0.002 0 0 0 0 0 0
1968-10-05T19:30:00 1968 10 5 19 30 0 -1.9 2.3 525.5 4.56 1.71 0.05 0.0 0.0 2 2 1 0 0 2 2 1 0.0 0.63 -16.0 2.3 2.3 2.3 2.3 2.3 2.3 0.011 0.001 0.179 0.001 0.0 0.001 0 0 0 0 0 0
1968-10-05T20:30:00 1968 10 5 20 30 0 -2.0 1.1 527.0 4.56 1.71 0.16 0.0 0.0 2 2 1 0 0 2 2 1 0.0 0.5 -16.0 1.1 1.1 1.1 1.1 1.1 1.1 0.007 0.001 0.174 0.001 0.0 0.0 0 0 0 0 0 0
1968-10-05T21:30:00 1968 10 5 21 30 0 -1.2 1.2 527.0 4.56 1.71 0.11 0.0 0.0 2 2 1 0 0 2 2 1 0.0 0.38 -16.0 1.2 1.2 1.2 1.2 1.2 1.2 0.005 0.0 0.169 0.0 0.0 0.0 0 0 0 0 0 0
1968-10-05T22:30:00 1968 10 5 22 30 0 -0.1 0.1 527.0 4.56 1.71 0.02 0.0 0.0 2 2 1 0 0 2 2 1 0.0 0.25 -18.0 0.1 0.1 0.1 0.1 0.1 0.1 0.003 0.0 0.163 0.0 0.0 0.0 0 0 0 0 0 0
1968-10-05T23:30:00 1968 10 5 23 30 0 -0.5 -1.4 527.0 4.56 1.71 0.24 1.88 0.86 2 2 1 0 0 2 2 1 0.0 0.17 -16.0 -1.4 -1.4 -1.4 -1.4 -1.4 -1.4 0.097 0.177 0.165 0.081 0.362 0.509 0 0 0 0 0 0
