1969-11-25T00:30:00 1969 11 25 0 30 0 -3.7 2.2 392.0 4.3 1.32 0.82 0.18 0.09 2 2 2 2 2 2 2 2 1.0 2.02 2.0 2.2 2.2 2.2 2.2 2.2 2.2 0.318 0.307 0.161 0.2 0.174 0.314 2 2 1 2 2 2
1969-11-25T01:30:00 1969 11 25 1 30 0 -3.8 3.2 392.0 4.3 1.32 0.44 0.0 0.0 2 2 2 2 2 2 2 2 1.0 1.85 4.0 3.2 3.2 3.2 3.2 3.2 3.2 0.215 0.152 0.157 0.112 0.055 0.13 2 2 1 2 2 2
1969-11-25T02:30:00 1969 11 25 2 30 0 -2.9 4.5 392.0 4.3 1.32 0.24 0.0 0.0 2 2 2 2 2 2 2 2 1.0 1.72 8.0 4.5 4.5 4.5 4.5 4.5 4.5 0.146 0.076 0.152 0.063 0.017 0.054 2 2 1 2 2 2
1969-11-25T03:30:00 1969 11 25 3 30 0 -2.4 5.3 382.0 5.3 1.55 0.1 0.0 0.0 2 2 2 2 2 2 2 2 0.3 1.5 10.0 5.3 5.3 5.3 5.3 5.3 5.3 0.099 0.038 0.147 0.035 0.006 0.022 2 2 1 2 2 2
1969-11-25T04:30:00 1969 11 25 4 30 0 -2.8 1.7 382.0 5.3 1.55 0.15 0.0 0.0 2 2 2 2 2 2 2 2 0.3 1.29 11.0 1.7 1.7 1.7 1.7 1.7 1.7 0.067 0.019 0.143 0.02 0.002 0.009 2 2 1 2 2 2
1969-11-25T05:30:00 1969 11 25 5 30 0 -2.0 -4.0 382.0 5.3 1.55 1.52 3.01 1.59 2 2 2 2 2 2 2 2 0.3 1.04 11.0 -4.0 -4.0 -4.0 -4.0 -4.0 -4.0 0.206 0.313 0.15 0.201 0.411 0.425 2 2 1 2 2 2
1969-11-25T06:30:00 1969 11 25 6 30 0 -2.4 -1.6 368.0 5.8 1.57 2.29 5.07 2.8 2 2 2 2 2 2 2 2 2.0 1.02 2.0 -1.6 -1.6 -1.6 -1.6 -1.6 -1.6 0.33 0.508 0.159 0.309 0.547 0.658 2 2 1 2 2 2
1969-11-25T07:30:00 1969 11 25 7 30 0 -2.5 -2.1 368.0 5.8 1.57 1.47 3.44 2.0 2 2 2 2 2 2 2 2 2.0 1.0 -2.0 -2.1 -2.1 -2.1 -2.1 -2.1 -2.1 0.38 0.566 0.164 0.32 0.547 0.717 2 2 1 2 2 2
1969-11-25T08:30:00 1969 11 25 8 30 0 -5.1 0.6 368.0 5.8 1.57 1.51 1.35 0.78 2 2 2 2 2 2 2 2 2.0 1.13 0.0 0.6 0.6 0.6 0.6 0.6 0.6 0.302 0.376 0.161 0.209 0.27 0.443 2 2 1 2 2 2
1969-11-25T09:30:00 1969 11 25 9 30 0 -3.9 1.7 366.0 6.6 1.77 1.01 0.0 0.0 2 2 2 2 2 2 2 2 2.0 1.26 1.0 1.7 1.7 1.7 1.7 1.7 1.7 0.204 0.187 0.156 0.117 0.085 0.184 2 2 1 2 2 2
1969-11-25T10:30:00 1969 11 25 10 30 0 -3.6 -1.0 366.0 6.6 1.77 0.99 0.42 0.28 2 2 2 2 2 2 2 2 2.0 1.38 3.0 -1.0 -1.0 -1.0 -1.0 -1.0 -1.0 0.174 0.188 0.153 0.09 0.148 0.254 2 2 1 2 2 2
1969-11-25T11:30:00 1969 11 25 11 30 0 -5.2 -2.3 366.0 6.6 1.77 2.65 3.12 2.06 2 2 2 2 2 2 2 2 2.0 1.59 3.0 -2.3 -2.3 -2.3 -2.3 -2.3 -2.3 0.276 0.419 0.157 0.199 0.432 0.615 2 2 1 2 2 2
1969-11-25T12:30:00 1969 11 25 12 30 0 -6.2 1.0 363.0 7.1 1.87 2.73 1.29 0.87 2 2 2 2 2 2 2 2 2.0 1.8 5.0 1.0 1.0 1.0 1.0 1.0 1.0 0.23 0.297 0.155 0.141 0.225 0.4 2 2 1 2 2 2
1969-11-25T13:30:00 1969 11 25 13 30 0 -6.5 -2.6 363.0 7.1 1.87 3.64 1.91 1.35 2 2 2 2 2 2 2 2 2.0 2.0 5.0 -2.6 -2.6 -2.6 -2.6 -2.6 -2.6 0.276 0.409 0.157 0.196 0.391 0.603 2 2 1 2 2 2
1969-11-25T14:30:00 1969 11 25 14 30 0 -6.6 0.0 363.0 7.1 1.87 3.97 2.16 1.54 2 2 2 2 2 2 2 2 2.0 2.0 1.0 0.0 0.0 0.0 0.0 0.0 0.0 0.269 0.372 0.156 0.173 0.298 0.53 2 2 1 2 2 2
1969-11-25T15:30:00 1969 11 25 15 30 0 -6.7 -3.9 343.0 4.4 1.04 4.93 3.69 1.93 2 2 2 2 2 2 2 2 2.0 2.0 5.0 -3.9 -3.9 -3.9 -3.9 -3.9 -3.9 0.361 0.536 0.163 0.29 0.494 0.602 2 2 1 2 2 2
1969-11-25T16:30:00 1969 11 25 16 30 0 -5.2 -1.0 343.0 4.4 1.04 4.31 3.99 1.76 2 2 2 2 2 2 2 2 2.0 2.0 -2.0 -1.0 -1.0 -1.0 -1.0 -1.0 -1.0 0.381 0.534 0.166 0.288 0.436 0.503 2 2 2 2 2 2
1969-11-25T17:30:00 1969 11 25 17 30 0 -2.3 -3.3 343.0 4.4 1.04 2.44 3.85 1.69 2 2 2 2 2 2 2 2 2.0 2.0 -3.0 -3.3 -3.3 -3.3 -3.3 -3.3 -3.3 0.424 0.592 0.171 0.333 0.503 0.513 2 2 2 2 2 2
1969-11-25T18:30:00 1969 11 25 18 30 0 -6.0 1.9 337.0 2.3 0.52 1.66 1.56 0.61 2 2 2 2 2 2 2 2 1.3 1.91 -8.0 1.9 1.9 1.9 1.9 1.9 1.9 0.327 0.371 0.168 0.216 0.23 0.275 2 2 2 2 2 2
1969-11-25T19:30:00 1969 11 25 19 30 0 -6.1 0.9 337.0 2.3 0.52 1.72 0.0 0.0 2 2 2 2 2 2 2 2 1.3 1.82 -4.0 0.9 0.9 0.9 0.9 0.9 0.9 0.221 0.184 0.163 0.121 0.073 0.114 2 2 2 2 2 2
1969-11-25T20:30:00 1969 11 25 20 30 0 -5.9 -1.8 337.0 2.3 0.52 2.73 1.14 0.26 2 2 2 2 2 2 2 2 1.3 1.73 -2.0 -1.8 -1.8 -1.8 -1.8 -1.8 -1.8 0.201 0.208 0.16 0.108 0.158 0.116 2 2 2 2 2 2
1969-11-25T21:30:00 1969 11 25 21 30 0 -4.9 -4.1 347.0 3.2 0.77 4.61 5.22 1.49 2 2 2 2 2 2 2 2 2.3 1.77 -1.0 -4.1 -4.1 -4.1 -4.1 -4.1 -4.1 0.318 0.43 0.168 0.267 0.426 0.26 2 2 2 2 2 2
1969-11-25T22:30:00 1969 11 25 22 30 0 -4.1 -4.9 347.0 3.2 0.77 6.01 7.87 2.52 2 2 2 2 2 2 2 2 2.3 1.81 -6.0 -4.9 -4.9 -4.9 -4.9 -4.9 -4.9 0.469 0.638 0.183 0.477 0.621 0.393 2 2 2 2 2 2
1969-11-25T23:30:00 1969 11 25 23 30 0 -4.8 -4.7 347.0 3.2 0.77 6.46 8.31 2.66 2 2 2 2 2 2 2 2 2.3 1.86 -9.0 -4.7 -4.7 -4.7 -4.7 -4.7 -4.7 0.579 0.749 0.199 0.607 0.689 0.451 2 2 2 2 2 2
