1969-08-11T00:30:00 1969 8 11 0 30 0 -0.48 0.72 364.5 3.25 0.87 0.0 0.0 0.0 0 0 1 1 1 0 1 1 0.0 0.31 -3.0 -0.64 -0.43 -1.1 -1.07 -0.45 -0.28 0.158 0.177 0.165 0.127 0.16 0.137 0 0 1 0 0 0
1969-08-11T01:30:00 1969 8 11 1 30 0 -0.48 0.72 352.0 3.2 0.79 0.0 0.0 0.0 0 0 2 2 2 1 1 1 0.0 0.11 -3.0 -0.64 -0.43 -1.1 -1.07 -0.45 -0.28 0.153 0.175 0.163 0.122 0.152 0.126 0 0 1 0 0 0
1969-08-11T02:30:00 1969 8 11 2 30 0 -0.48 0.72 357.0 3.5 0.89 0.0 0.0 0.0 0 0 1 1 1 0 1 1 0.0 0.07 -1.0 -0.64 -0.43 -1.1 -1.07 -0.45 -0.28 0.151 0.176 0.161 0.121 0.151 0.126 0 0 1 0 0 0
1969-08-11T03:30:00 1969 8 11 3 30 0 -0.25 0.72 362.0 3.8 1.0 0.0 0.0 0.0 1 0 2 2 2 1 1 1 0.7 0.13 1.0 -0.64 -0.43 -1.1 -1.07 -0.45 -0.28 0.152 0.18 0.16 0.123 0.157 0.137 0 0 1 0 0 0
1969-08-11T04:30:00 1969 8 11 4 30 0 0.36 0.72 375.0 4.7 1.32 0.0 0.0 0.0 1 0 2 2 2 1 1 1 0.7 0.18 5.0 -0.64 -0.43 -1.1 -1.07 -0.45 -0.28 0.157 0.191 0.159 0.13 0.173 0.172 0 0 1 0 0 0
1969-08-11T05:30:00 1969 8 11 5 30 0 0.97 1.23 361.0 4.3 1.12 0.01 0.0 0.0 1 1 2 2 2 1 2 2 0.7 0.27 6.0 0.04 0.23 -0.36 -0.33 0.21 0.36 0.126 0.117 0.156 0.101 0.079 0.085 0 0 1 0 0 0
1969-08-11T06:30:00 1969 8 11 6 30 0 1.3 3.88 359.0 4.4 1.13 0.02 0.0 0.0 1 1 2 2 2 1 2 2 0.3 0.31 7.0 3.63 3.67 3.55 3.55 3.67 3.7 0.085 0.058 0.152 0.056 0.025 0.035 0 0 1 0 0 0
1969-08-11T07:30:00 1969 8 11 7 30 0 1.3 4.6 363.0 4.4 1.16 0.01 0.0 0.0 2 2 2 2 2 2 2 2 0.3 0.34 8.0 4.6 4.6 4.6 4.6 4.6 4.6 0.058 0.029 0.147 0.032 0.008 0.015 0 0 1 0 0 0
1969-08-11T08:30:00 1969 8 11 8 30 0 3.6 2.8 368.0 5.3 1.44 0.14 0.0 0.0 2 2 2 2 2 2 2 2 0.3 0.38 8.0 2.8 2.8 2.8 2.8 2.8 2.8 0.039 0.014 0.142 0.018 0.003 0.006 0 0 1 0 0 0
1969-08-11T09:30:00 1969 8 11 9 30 0 4.3 -0.3 370.0 4.6 1.26 0.86 0.05 0.02 2 2 1 1 1 2 2 1 1.0 0.5 7.0 -0.3 -0.3 -0.3 -0.3 -0.3 -0.3 0.035 0.033 0.138 0.014 0.035 0.044 0 1 1 0 1 1
1969-08-11T10:30:00 1969 8 11 10 30 0 -1.9 5.3 372.0 3.9 1.08 0.19 0.0 0.0 2 2 2 2 2 2 2 2 1.0 0.63 7.0 5.3 5.3 5.3 5.3 5.3 5.3 0.023 0.016 0.134 0.008 0.011 0.018 0 1 1 0 1 1
1969-08-11T11:30:00 1969 8 11 11 30 0 0.4 4.9 381.0 5.4 1.57 0.01 0.0 0.0 2 2 2 2 2 2 2 2 1.0 0.67 11.0 4.9 4.9 4.9 4.9 4.9 4.9 0.016 0.008 0.13 0.004 0.004 0.008 0 1 1 0 1 1
1969-08-11T12:30:00 1969 8 11 12 30 0 -3.1 6.3 386.0 5.9 1.76 0.03 0.0 0.0 2 2 2 2 2 2 2 2 1.0 0.71 12.0 6.3 6.3 6.3 6.3 6.3 6.3 0.011 0.004 0.126 0.002 0.001 0.003 0 1 1 0 1 1
1969-08-11T13:30:00 1969 8 11 13 30 0 4.0 5.7 390.0 9.7 2.95 0.06 0.0 0.0 2 2 2 2 2 2 2 2 1.0 0.75 18.0 5.7 5.7 5.7 5.7 5.7 5.7 0.007 0.002 0.122 0.001 0.0 0.001 0 1 1 0 1 1
1969-08-11T14:30:00 1969 8 11 14 30 0 6.8 2.0 391.0 10.3 3.15 1.09 0.0 0.0 2 2 2 2 2 2 2 2 1.0 0.83 20.0 2.0 2.0 2.0 2.0 2.0 2.0 0.005 0.001 0.118 0.001 0.0 0.001 0 1 1 0 1 1
1969-08-11T15:30:00 1969 8 11 15 30 0 6.1 3.3 388.0 8.7 2.62 1.72 0.0 0.0 2 2 2 2 2 2 2 2 1.0 0.92 22.0 3.3 3.3 3.3 3.3 3.3 3.3 0.003 0.0 0.115 0.0 0.0 0.0 0 1 1 0 1 1
1969-08-11T16:30:00 1969 8 11 16 30 0 9.1 0.6 385.0 7.2 2.13 3.16 0.0 0.0 2 2 2 2 2 2 2 2 1.0 1.0 19.0 0.6 0.6 0.6 0.6 0.6 0.6 0.002 0.0 0.111 0.0 0.0 0.0 0 1 1 0 1 1
1969-08-11T17:30:00 1969 8 11 17 30 0 5.6 1.4 402.0 9.0 2.91 3.17 0.0 0.0 2 2 2 2 2 2 2 2 1.0 1.0 21.0 1.4 1.4 1.4 1.4 1.4 1.4 0.002 0.0 0.108 0.0 0.0 0.0 0 1 1 0 1 1
1969-08-11T18:30:00 1969 8 11 18 30 0 4.6 4.3 427.0 7.3 2.66 1.0 0.0 0.0 2 2 2 2 2 2 2 2 1.3 1.04 15.0 4.3 4.3 4.3 4.3 4.3 4.3 0.001 0.0 0.105 0.0 0.0 0.0 0 1 1 0 1 1
1969-08-11T19:30:00 1969 8 11 19 30 0 3.9 5.3 417.0 7.7 2.68 0.41 0.0 0.0 2 2 2 2 2 2 2 2 1.3 1.08 12.0 5.3 5.3 5.3 5.3 5.3 5.3 0.001 0.0 0.101 0.0 0.0 0.0 0 1 1 0 1 1
1969-08-11T20:30:00 1969 8 11 20 30 0 4.6 2.8 431.0 7.1 2.64 0.53 0.0 0.0 2 2 2 2 2 2 2 2 1.3 1.12 15.0 2.8 2.8 2.8 2.8 2.8 2.8 0.0 0.0 0.098 0.0 0.0 0.0 0 1 1 0 1 1
1969-08-11T21:30:00 1969 8 11 21 30 0 4.7 8.0 448.0 7.6 3.05 0.51 0.0 0.0 2 2 2 2 2 2 2 2 1.7 1.21 16.0 8.0 8.0 8.0 8.0 8.0 8.0 0.0 0.0 0.095 0.0 0.0 0.0 0 1 1 0 1 1
1969-08-11T22:30:00 1969 8 11 22 30 0 0.7 9.6 436.0 8.2 3.12 0.09 0.0 0.0 2 2 2 2 2 2 2 2 1.7 1.3 18.0 9.6 9.6 9.6 9.6 9.6 9.6 0.0 0.0 0.092 0.0 0.0 0.0 0 1 1 0 1 1
1969-08-11T23:30:00 1969 8 11 23 30 0 8.5 2.6 437.0 8.7 3.32 1.06 0.0 0.0 2 2 2 2 2 2 2 2 1.7 1.38 19.0 2.6 2.6 2.6 2.6 2.6 2.6 0.0 0.0 0.09 0.0 0.0 0.0 0 1 1 0 1 1
