1969-12-29T00:30:00 1969 12 29 0 30 0 0.9 -1.3 393.0 1.6 0.49 0.71 3.09 0.45 2 2 2 2 2 2 2 2 1.7 1.36 3.0 -1.3 -1.3 -1.3 -1.3 -1.3 -1.3 0.224 0.277 0.119 0.143 0.287 0.126 2 2 2 2 2 2
1969-12-29T01:30:00 1969 12 29 1 30 0 1.0 -2.0 393.0 1.6 0.49 0.8 3.3 0.53 2 2 2 2 2 2 2 2 1.7 1.3 5.0 -2.0 -2.0 -2.0 -2.0 -2.0 -2.0 0.244 0.303 0.122 0.163 0.322 0.147 2 2 2 2 2 2
1969-12-29T02:30:00 1969 12 29 2 30 0 1.4 -0.5 393.0 1.6 0.49 0.57 2.33 0.37 2 2 2 2 2 2 2 2 1.7 1.38 6.0 -0.5 -0.5 -0.5 -0.5 -0.5 -0.5 0.222 0.26 0.121 0.132 0.246 0.127 2 2 2 2 2 2
1969-12-29T03:30:00 1969 12 29 3 30 0 2.7 0.4 397.0 2.2 0.69 0.38 0.23 0.04 2 2 2 2 2 2 2 2 1.0 1.38 4.0 0.4 0.4 0.4 0.4 0.4 0.4 0.155 0.142 0.118 0.075 0.092 0.064 2 2 2 2 2 2
1969-12-29T04:30:00 1969 12 29 4 30 0 1.3 0.4 397.0 2.2 0.69 0.25 0.0 0.0 2 2 2 2 2 2 2 2 1.0 1.37 3.0 0.4 0.4 0.4 0.4 0.4 0.4 0.105 0.071 0.114 0.042 0.029 0.026 2 2 2 2 2 2
1969-12-29T05:30:00 1969 12 29 5 30 0 2.3 0.1 397.0 2.2 0.69 0.25 0.0 0.0 2 2 2 2 2 2 2 2 1.0 1.33 1.0 0.1 0.1 0.1 0.1 0.1 0.1 0.071 0.035 0.11 0.024 0.009 0.011 2 2 2 2 2 2
1969-12-29T06:30:00 1969 12 29 6 30 0 2.1 -0.2 369.0 2.7 0.74 0.4 0.14 0.04 2 2 2 2 2 2 2 2 1.3 1.33 -3.0 -0.2 -0.2 -0.2 -0.2 -0.2 -0.2 0.057 0.046 0.107 0.016 0.04 0.037 2 2 2 2 2 2
1969-12-29T07:30:00 1969 12 29 7 30 0 2.5 -1.3 369.0 2.7 0.74 0.72 1.47 0.4 2 2 2 2 2 2 2 2 1.3 1.33 -3.0 -1.3 -1.3 -1.3 -1.3 -1.3 -1.3 0.099 0.158 0.107 0.052 0.182 0.129 2 2 2 2 2 2
1969-12-29T08:30:00 1969 12 29 8 30 0 2.5 -2.6 369.0 2.7 0.74 1.63 3.7 1.0 2 2 2 2 2 2 2 2 1.3 1.28 -4.0 -2.6 -2.6 -2.6 -2.6 -2.6 -2.6 0.196 0.317 0.111 0.153 0.357 0.231 2 2 2 2 2 2
1969-12-29T09:30:00 1969 12 29 9 30 0 1.6 -2.3 378.0 2.4 0.69 1.81 4.56 1.16 2 2 2 2 2 2 2 2 1.3 1.24 -5.0 -2.3 -2.3 -2.3 -2.3 -2.3 -2.3 0.271 0.404 0.118 0.225 0.426 0.271 2 2 2 2 2 2
1969-12-29T10:30:00 1969 12 29 10 30 0 1.3 -2.1 378.0 2.4 0.69 1.34 4.14 0.99 2 2 2 2 2 2 2 2 1.3 1.19 -5.0 -2.1 -2.1 -2.1 -2.1 -2.1 -2.1 0.31 0.427 0.122 0.247 0.426 0.273 2 2 2 2 2 2
1969-12-29T11:30:00 1969 12 29 11 30 0 -0.4 -0.4 378.0 2.4 0.69 0.42 2.23 0.53 2 2 2 2 2 2 2 2 1.3 1.23 -3.0 -0.4 -0.4 -0.4 -0.4 -0.4 -0.4 0.272 0.339 0.122 0.183 0.288 0.212 2 2 2 2 2 2
1969-12-29T12:30:00 1969 12 29 12 30 0 -0.4 0.1 358.0 2.6 0.67 0.02 0.27 0.07 2 2 2 2 2 2 2 2 1.3 1.26 2.0 0.1 0.1 0.1 0.1 0.1 0.1 0.192 0.191 0.118 0.105 0.115 0.11 2 2 2 2 2 2
1969-12-29T13:30:00 1969 12 29 13 30 0 0.8 0.1 358.0 2.6 0.67 0.01 0.0 0.0 2 2 2 2 2 2 2 2 1.3 1.3 5.0 0.1 0.1 0.1 0.1 0.1 0.1 0.13 0.095 0.115 0.059 0.036 0.046 2 2 2 2 2 2
1969-12-29T14:30:00 1969 12 29 14 30 0 2.2 -1.9 358.0 2.6 0.67 0.57 1.76 0.46 2 2 2 2 2 2 2 2 1.3 1.3 8.0 -1.9 -1.9 -1.9 -1.9 -1.9 -1.9 0.162 0.205 0.115 0.092 0.204 0.134 2 2 2 2 2 2
1969-12-29T15:30:00 1969 12 29 15 30 0 0.3 0.1 354.0 2.9 0.73 0.41 1.47 0.4 2 2 2 2 2 2 2 2 1.3 1.3 5.0 0.1 0.1 0.1 0.1 0.1 0.1 0.15 0.186 0.113 0.077 0.152 0.12 2 2 2 2 2 2
1969-12-29T16:30:00 1969 12 29 16 30 0 0.7 -0.8 354.0 2.9 0.73 0.08 0.69 0.2 2 2 2 2 2 2 2 2 1.3 1.3 1.0 -0.8 -0.8 -0.8 -0.8 -0.8 -0.8 0.136 0.182 0.111 0.063 0.154 0.129 2 2 2 2 2 2
1969-12-29T17:30:00 1969 12 29 17 30 0 1.7 -0.1 354.0 2.9 0.73 0.2 0.74 0.22 2 2 2 2 2 2 2 2 1.3 1.3 3.0 -0.1 -0.1 -0.1 -0.1 -0.1 -0.1 0.117 0.156 0.108 0.046 0.118 0.114 2 2 2 2 2 2
1969-12-29T18:30:00 1969 12 29 18 30 0 2.4 -0.5 345.0 2.3 0.55 0.41 0.55 0.14 2 2 2 2 2 2 2 2 0.7 1.22 6.0 -0.5 -0.5 -0.5 -0.5 -0.5 -0.5 0.104 0.146 0.105 0.037 0.114 0.1 2 2 2 2 2 2
1969-12-29T19:30:00 1969 12 29 19 30 0 0.1 -0.5 345.0 2.3 0.55 0.23 0.86 0.2 2 2 2 2 2 2 2 2 0.7 1.14 7.0 -0.5 -0.5 -0.5 -0.5 -0.5 -0.5 0.103 0.154 0.103 0.037 0.126 0.098 2 2 2 2 2 2
1969-12-29T20:30:00 1969 12 29 20 30 0 -1.2 -0.2 345.0 2.3 0.55 0.08 0.58 0.13 2 2 2 2 2 2 2 2 0.7 1.07 8.0 -0.2 -0.2 -0.2 -0.2 -0.2 -0.2 0.09 0.134 0.101 0.029 0.101 0.082 2 2 2 2 2 2
1969-12-29T21:30:00 1969 12 29 21 30 0 0.4 2.2 351.0 2.8 0.69 0.01 0.0 0.0 2 2 2 2 2 2 2 2 0.3 0.94 5.0 2.2 2.2 2.2 2.2 2.2 2.2 0.061 0.066 0.098 0.016 0.032 0.034 2 2 2 2 2 2
1969-12-29T22:30:00 1969 12 29 22 30 0 -1.5 1.3 351.0 2.8 0.69 0.01 0.0 0.0 2 2 2 2 2 2 2 2 0.3 0.81 2.0 1.3 1.3 1.3 1.3 1.3 1.3 0.041 0.033 0.095 0.009 0.01 0.014 2 2 2 2 2 2
1969-12-29T23:30:00 1969 12 29 23 30 0 0.5 0.4 351.0 2.8 0.69 0.01 0.0 0.0 2 2 2 2 2 2 2 2 0.3 0.69 1.0 0.4 0.4 0.4 0.4 0.4 0.4 0.028 0.016 0.092 0.005 0.003 0.006 2 2 2 2 2 2
