1969-03-02T00:30:00 1969 3 2 0 30 0 2.0 -3.3 518.0 1.9 1.02 4.21 8.59 1.63 2 2 2 2 2 2 2 2 3.7 3.01 -35.0 -3.3 -3.3 -3.3 -3.3 -3.3 -3.3 0.402 0.449 0.22 0.454 0.803 0.503 2 2 1 2 2 2
1969-03-02T01:30:00 1969 3 2 1 30 0 0.7 -1.1 522.0 1.9 1.04 1.8 5.48 1.04 2 2 2 2 2 2 2 2 3.7 3.07 -37.0 -1.1 -1.1 -1.1 -1.1 -1.1 -1.1 0.401 0.412 0.227 0.388 0.629 0.436 2 2 1 2 2 2
1969-03-02T02:30:00 1969 3 2 2 30 0 -0.3 -3.1 531.0 1.8 1.02 1.61 5.76 1.06 2 2 2 2 2 2 2 2 3.7 3.16 -34.0 -3.1 -3.1 -3.1 -3.1 -3.1 -3.1 0.433 0.434 0.239 0.411 0.692 0.451 2 2 1 2 2 2
1969-03-02T03:30:00 1969 3 2 3 30 0 0.3 -2.4 516.0 1.9 1.01 2.28 7.12 1.32 2 2 2 2 2 2 2 2 3.7 3.25 -31.0 -2.4 -2.4 -2.4 -2.4 -2.4 -2.4 0.468 0.459 0.252 0.439 0.717 0.465 2 2 1 2 2 2
1969-03-02T04:30:00 1969 3 2 4 30 0 1.5 -0.9 507.0 2.0 1.03 1.0 4.06 0.79 2 2 2 2 2 2 2 2 3.7 3.34 -32.0 -0.9 -0.9 -0.9 -0.9 -0.9 -0.9 0.419 0.388 0.254 0.339 0.534 0.39 2 2 1 2 2 2
1969-03-02T05:30:00 1969 3 2 5 30 0 2.2 2.2 507.0 2.0 1.03 0.26 0.24 0.05 2 2 2 2 2 2 2 2 3.7 3.46 -28.0 2.2 2.2 2.2 2.2 2.2 2.2 0.286 0.199 0.246 0.191 0.178 0.172 2 2 1 2 2 2
1969-03-02T06:30:00 1969 3 2 6 30 0 0.1 2.2 505.0 1.9 0.97 0.04 0.0 0.0 2 2 2 2 2 2 2 2 1.0 3.23 -25.0 2.2 2.2 2.2 2.2 2.2 2.2 0.194 0.099 0.239 0.107 0.057 0.071 2 2 1 2 2 2
1969-03-02T07:30:00 1969 3 2 7 30 0 0.4 1.6 509.0 1.7 0.88 0.0 0.0 0.0 2 2 2 2 2 2 2 2 1.0 3.0 -24.0 1.6 1.6 1.6 1.6 1.6 1.6 0.131 0.049 0.231 0.06 0.018 0.03 2 2 1 2 2 2
1969-03-02T08:30:00 1969 3 2 8 30 0 -1.5 0.9 518.0 1.7 0.91 0.03 0.0 0.0 2 2 2 2 2 2 2 2 1.0 2.65 -23.0 0.9 0.9 0.9 0.9 0.9 0.9 0.089 0.024 0.224 0.033 0.006 0.012 2 2 1 2 2 2
1969-03-02T09:30:00 1969 3 2 9 30 0 1.0 1.8 505.0 1.7 0.87 0.02 0.0 0.0 2 2 2 2 2 2 2 2 1.7 2.4 -25.0 1.8 1.8 1.8 1.8 1.8 1.8 0.06 0.012 0.218 0.019 0.002 0.005 2 2 1 2 2 2
1969-03-02T10:30:00 1969 3 2 10 30 0 0.6 -0.5 502.0 1.5 0.76 0.05 0.19 0.03 2 2 2 2 2 2 2 2 1.7 2.16 -26.0 -0.5 -0.5 -0.5 -0.5 -0.5 -0.5 0.051 0.029 0.211 0.017 0.051 0.029 2 2 1 2 2 2
1969-03-02T11:30:00 1969 3 2 11 30 0 0.9 -1.6 508.0 1.7 0.88 0.5 2.77 0.45 2 2 2 2 2 2 2 2 1.7 1.92 -25.0 -1.6 -1.6 -1.6 -1.6 -1.6 -1.6 0.118 0.152 0.211 0.083 0.293 0.161 2 2 1 2 2 2
1969-03-02T12:30:00 1969 3 2 12 30 0 3.2 -1.3 524.0 1.5 0.82 1.44 3.71 0.59 2 2 2 2 2 2 2 2 2.0 1.72 -23.0 -1.3 -1.3 -1.3 -1.3 -1.3 -1.3 0.174 0.223 0.213 0.132 0.391 0.223 2 2 1 2 2 2
1969-03-02T13:30:00 1969 3 2 13 30 0 3.5 -0.1 503.0 1.6 0.81 1.61 1.68 0.26 2 2 2 2 2 2 2 2 2.0 1.52 -23.0 -0.1 -0.1 -0.1 -0.1 -0.1 -0.1 0.155 0.178 0.209 0.098 0.248 0.171 2 2 1 2 2 2
1969-03-02T14:30:00 1969 3 2 14 30 0 3.2 0.9 506.0 1.6 0.82 0.96 0.0 0.0 2 2 2 2 2 2 2 2 2.0 1.65 -19.0 0.9 0.9 0.9 0.9 0.9 0.9 0.105 0.088 0.203 0.055 0.079 0.071 2 2 1 2 2 2
1969-03-02T15:30:00 1969 3 2 15 30 0 2.8 -0.4 521.0 1.5 0.81 0.87 0.21 0.03 2 2 2 2 2 2 2 2 1.0 1.64 -18.0 -0.4 -0.4 -0.4 -0.4 -0.4 -0.4 0.082 0.069 0.197 0.036 0.081 0.064 2 2 1 2 2 2
1969-03-02T16:30:00 1969 3 2 16 30 0 2.9 0.9 533.0 1.3 0.74 0.77 0.12 0.02 2 2 2 2 2 2 2 2 1.0 1.63 -20.0 0.9 0.9 0.9 0.9 0.9 0.9 0.057 0.038 0.191 0.021 0.032 0.032 2 2 1 2 2 2
1969-03-02T17:30:00 1969 3 2 17 30 0 2.8 0.7 523.0 1.2 0.66 0.59 0.0 0.0 2 2 2 2 2 2 2 2 1.0 1.54 -20.0 0.7 0.7 0.7 0.7 0.7 0.7 0.039 0.019 0.185 0.012 0.01 0.013 2 2 1 2 2 2
1969-03-02T18:30:00 1969 3 2 18 30 0 2.0 0.6 500.0 1.2 0.6 0.41 0.0 0.0 2 2 2 2 2 2 2 2 0.7 1.41 -19.0 0.6 0.6 0.6 0.6 0.6 0.6 0.026 0.009 0.18 0.007 0.003 0.006 2 2 1 2 2 2
1969-03-02T19:30:00 1969 3 2 19 30 0 1.8 0.7 490.0 1.3 0.62 0.23 0.0 0.0 2 2 2 2 2 2 2 2 0.7 1.28 -19.0 0.7 0.7 0.7 0.7 0.7 0.7 0.018 0.005 0.174 0.004 0.001 0.002 2 2 1 2 2 2
1969-03-02T20:30:00 1969 3 2 20 30 0 1.8 -0.3 483.0 1.7 0.79 0.3 0.14 0.02 2 2 2 2 2 2 2 2 0.7 1.12 -19.0 -0.3 -0.3 -0.3 -0.3 -0.3 -0.3 0.02 0.024 0.169 0.006 0.043 0.029 2 2 1 2 2 2
1969-03-02T21:30:00 1969 3 2 21 30 0 1.4 0.1 486.0 1.7 0.8 0.28 0.24 0.04 2 2 2 2 2 2 2 2 1.7 1.1 -18.0 0.1 0.1 0.1 0.1 0.1 0.1 0.019 0.025 0.164 0.005 0.034 0.029 2 2 1 2 2 2
1969-03-02T22:30:00 1969 3 2 22 30 0 0.8 0.3 483.0 1.7 0.79 0.1 0.0 0.0 2 2 2 2 2 2 2 2 1.7 1.07 -18.0 0.3 0.3 0.3 0.3 0.3 0.3 0.013 0.013 0.159 0.003 0.011 0.012 2 2 1 2 2 2
1969-03-02T23:30:00 1969 3 2 23 30 0 0.7 1.2 479.0 1.8 0.83 0.02 0.0 0.0 2 2 2 2 2 2 2 2 1.7 1.16 -19.0 1.2 1.2 1.2 1.2 1.2 1.2 0.009 0.006 0.154 0.002 0.003 0.005 2 2 1 2 2 2
