1969-08-23T00:30:00 1969 8 23 0 30 0 -3.9 3.0 440.0 9.9 3.83 1.4 0.0 0.0 2 2 2 2 2 2 2 2 3.0 2.08 9.0 3.0 3.0 3.0 3.0 3.0 3.0 0.002 0.0 0.094 0.0 0.0 0.0 2 2 1 2 2 2
1969-08-23T01:30:00 1969 8 23 1 30 0 -0.8 5.9 431.0 10.6 3.94 0.12 0.0 0.0 2 2 2 2 2 2 2 2 3.0 2.25 6.0 5.9 5.9 5.9 5.9 5.9 5.9 0.001 0.0 0.091 0.0 0.0 0.0 2 2 1 2 2 2
1969-08-23T02:30:00 1969 8 23 2 30 0 1.2 7.0 418.0 11.4 3.98 0.0 0.0 0.0 2 2 2 2 2 2 2 2 3.0 2.3 11.0 7.0 7.0 7.0 7.0 7.0 7.0 0.001 0.0 0.088 0.0 0.0 0.0 2 2 1 2 2 2
1969-08-23T03:30:00 1969 8 23 3 30 0 -5.8 -1.6 440.0 11.5 4.45 0.97 0.48 0.56 2 2 2 2 2 2 2 2 3.3 2.38 17.0 -1.6 -1.6 -1.6 -1.6 -1.6 -1.6 0.058 0.125 0.089 0.059 0.21 0.502 2 2 1 2 2 2
1969-08-23T04:30:00 1969 8 23 4 30 0 -8.3 4.6 443.0 10.2 4.0 3.11 0.31 0.35 2 2 2 2 2 2 2 2 3.3 2.46 1.0 4.6 4.6 4.6 4.6 4.6 4.6 0.042 0.069 0.086 0.033 0.074 0.248 2 2 1 2 2 2
1969-08-23T05:30:00 1969 8 23 5 30 0 -0.3 8.9 452.0 8.6 3.51 0.55 0.0 0.0 2 2 2 2 2 2 2 2 3.3 2.71 -6.0 8.9 8.9 8.9 8.9 8.9 8.9 0.028 0.034 0.084 0.019 0.024 0.103 2 2 1 2 2 2
1969-08-23T06:30:00 1969 8 23 6 30 0 -6.6 2.2 444.0 8.0 3.15 0.61 0.0 0.0 2 2 2 2 2 2 2 2 2.3 2.82 0.0 2.2 2.2 2.2 2.2 2.2 2.2 0.019 0.017 0.081 0.01 0.007 0.043 2 2 1 2 2 2
1969-08-23T07:30:00 1969 8 23 7 30 0 -4.5 1.6 478.0 9.5 4.34 1.66 0.0 0.0 2 2 2 2 2 2 2 2 2.3 2.93 6.0 1.6 1.6 1.6 1.6 1.6 1.6 0.013 0.008 0.079 0.006 0.002 0.018 2 2 1 2 2 2
1969-08-23T08:30:00 1969 8 23 8 30 0 -5.4 2.3 474.0 9.7 4.36 1.34 0.0 0.0 2 2 2 2 2 2 2 2 2.3 2.84 4.0 2.3 2.3 2.3 2.3 2.3 2.3 0.009 0.004 0.076 0.003 0.001 0.007 2 2 1 2 2 2
1969-08-23T09:30:00 1969 8 23 9 30 0 -5.4 1.2 472.0 8.7 3.87 1.72 0.0 0.0 2 2 2 1 1 2 2 2 2.7 2.8 2.0 1.2 1.2 1.2 1.2 1.2 1.2 0.006 0.002 0.074 0.002 0.0 0.003 2 2 1 2 2 2
1969-08-23T10:30:00 1969 8 23 10 30 0 -4.8 -0.2 472.0 7.7 3.37 2.11 0.06 0.04 2 2 2 1 1 2 2 2 2.7 2.77 5.0 -0.2 -0.2 -0.2 -0.2 -0.2 -0.2 0.013 0.027 0.072 0.005 0.047 0.119 1 1 1 1 1 1
1969-08-23T11:30:00 1969 8 23 11 30 0 -5.1 -1.0 464.0 6.7 2.88 2.76 1.48 1.04 2 2 2 2 2 2 2 2 2.7 2.69 3.0 -1.0 -1.0 -1.0 -1.0 -1.0 -1.0 0.095 0.199 0.075 0.065 0.32 0.644 2 2 2 2 2 2
1969-08-23T12:30:00 1969 8 23 12 30 0 -1.7 -0.1 485.0 5.0 2.35 1.42 1.21 0.73 2 2 2 2 2 2 2 2 2.3 2.57 1.0 -0.1 -0.1 -0.1 -0.1 -0.1 -0.1 0.113 0.205 0.075 0.064 0.266 0.584 2 2 2 2 2 2
1969-08-23T13:30:00 1969 8 23 13 30 0 -3.0 0.2 500.0 4.5 2.25 0.58 0.03 0.02 2 2 2 2 2 2 2 2 2.3 2.45 2.0 0.2 0.2 0.2 0.2 0.2 0.2 0.078 0.105 0.073 0.036 0.088 0.255 2 2 2 2 2 2
1969-08-23T14:30:00 1969 8 23 14 30 0 -1.1 -1.0 499.0 3.8 1.89 0.61 1.14 0.45 2 2 2 2 2 2 2 2 2.3 2.45 -1.0 -1.0 -1.0 -1.0 -1.0 -1.0 -1.0 0.112 0.176 0.074 0.063 0.263 0.401 2 2 2 2 2 2
1969-08-23T15:30:00 1969 8 23 15 30 0 0.7 2.3 494.0 4.1 2.0 0.05 0.28 0.11 2 2 2 2 2 2 2 2 2.0 2.41 -3.0 2.3 2.3 2.3 2.3 2.3 2.3 0.081 0.098 0.072 0.037 0.098 0.193 2 2 2 2 2 2
1969-08-23T16:30:00 1969 8 23 16 30 0 0.4 1.3 496.0 4.0 1.97 0.0 0.0 0.0 2 2 2 2 2 2 2 2 2.0 2.37 -4.0 1.3 1.3 1.3 1.3 1.3 1.3 0.055 0.048 0.07 0.021 0.031 0.08 2 2 2 2 2 2
1969-08-23T17:30:00 1969 8 23 17 30 0 -0.9 1.1 498.0 3.8 1.88 0.01 0.0 0.0 2 2 2 2 2 2 2 2 2.0 2.28 -4.0 1.1 1.1 1.1 1.1 1.1 1.1 0.037 0.024 0.067 0.012 0.01 0.033 2 2 2 2 2 2
1969-08-23T18:30:00 1969 8 23 18 30 0 -2.3 1.5 474.0 3.9 1.75 0.12 0.0 0.0 2 2 2 2 2 2 2 2 2.3 2.23 -2.0 1.5 1.5 1.5 1.5 1.5 1.5 0.025 0.012 0.065 0.007 0.003 0.014 2 2 2 2 2 2
1969-08-23T19:30:00 1969 8 23 19 30 0 -0.6 -1.1 475.0 3.7 1.67 0.22 0.66 0.25 2 2 2 2 2 2 2 2 2.3 2.19 -1.0 -1.1 -1.1 -1.1 -1.1 -1.1 -1.1 0.057 0.091 0.066 0.035 0.163 0.179 2 2 2 2 2 2
1969-08-23T20:30:00 1969 8 23 20 30 0 0.7 -0.5 477.0 3.6 1.64 0.21 1.84 0.67 2 2 2 2 2 2 2 2 2.3 2.19 -2.0 -0.5 -0.5 -0.5 -0.5 -0.5 -0.5 0.106 0.178 0.068 0.065 0.273 0.332 2 2 2 2 2 2
1969-08-23T21:30:00 1969 8 23 21 30 0 0.7 -0.29 458.0 3.3 1.38 0.12 0.9 0.31 1 1 2 2 2 1 2 2 2.0 2.15 -4.0 -0.54 -0.5 -0.62 -0.62 -0.5 -0.47 0.121 0.192 0.068 0.069 0.256 0.323 2 1 2 2 1 1
1969-08-23T22:30:00 1969 8 23 22 30 0 0.49 0.5 439.0 3.2 1.23 0.03 0.1 0.03 1 1 2 2 2 1 2 2 2.0 2.11 -2.0 -0.67 -0.48 -1.07 -1.05 -0.5 -0.34 0.137 0.194 0.071 0.094 0.236 0.273 1 1 2 1 1 1
1969-08-23T23:30:00 1969 8 23 23 30 0 0.09 0.65 443.0 3.4 1.33 0.0 0.0 0.0 1 0 2 2 2 1 1 1 2.0 2.11 -4.0 -0.7 -0.47 -1.16 -1.13 -0.5 -0.31 0.152 0.194 0.074 0.123 0.231 0.243 1 1 1 1 0 1
