1969-04-28T00:30:00 1969 4 28 0 30 0 -0.17 -0.33 433.0 20.6 7.33 0.03 0.71 1.32 0 0 2 1 1 1 1 1 3.7 2.32 24.0 -1.07 -0.8 -1.55 -1.52 -0.83 -0.59 0.439 0.549 0.315 0.437 0.618 2.341 0 0 0 0 0 0
1969-04-28T01:30:00 1969 4 28 1 30 0 -0.17 -0.33 433.0 24.2 10.01 0.03 0.71 1.61 0 0 2 1 1 1 1 1 3.7 2.54 22.0 -1.07 -0.8 -1.55 -1.52 -0.83 -0.6 0.48 0.61 0.323 0.479 0.669 3.06 0 0 0 0 0 0
1969-04-28T02:30:00 1969 4 28 2 30 0 -0.16 -0.33 433.0 24.2 10.87 0.03 0.71 1.73 0 0 2 1 1 1 1 1 3.7 2.64 21.0 -1.07 -0.81 -1.55 -1.52 -0.83 -0.6 0.512 0.65 0.332 0.508 0.694 3.494 0 0 0 0 0 0
1969-04-28T03:30:00 1969 4 28 3 30 0 -0.16 -0.33 474.0 24.2 10.87 0.04 0.75 1.82 0 0 2 2 2 1 1 1 5.7 3.0 31.0 -1.07 -0.81 -1.56 -1.53 -0.83 -0.6 0.543 0.675 0.342 0.545 0.755 4.042 0 0 0 0 0 0
1969-04-28T04:30:00 1969 4 28 4 30 0 -0.16 -0.33 468.0 27.5 12.05 0.04 0.78 2.02 0 0 2 2 2 1 1 1 5.7 3.35 27.0 -1.07 -0.81 -1.56 -1.53 -0.83 -0.6 0.574 0.703 0.355 0.583 0.809 4.716 0 0 0 0 0 0
1969-04-28T05:30:00 1969 4 28 5 30 0 -0.16 -0.34 475.0 33.5 15.12 0.04 0.79 2.43 0 0 2 2 2 1 1 1 5.7 3.9 6.0 -1.07 -0.81 -1.56 -1.53 -0.84 -0.6 0.61 0.749 0.369 0.628 0.881 5.846 0 0 0 0 0 0
1969-04-28T06:30:00 1969 4 28 6 30 0 -0.16 -0.34 476.0 38.6 17.49 0.04 0.81 2.93 0 0 2 2 2 1 1 1 7.3 4.65 -24.0 -1.07 -0.81 -1.56 -1.53 -0.84 -0.6 0.65 0.802 0.384 0.676 0.952 7.252 0 0 0 0 0 0
1969-04-28T07:30:00 1969 4 28 7 30 0 -0.15 -0.34 512.0 41.2 21.6 0.04 0.84 3.37 0 0 2 2 2 1 1 1 7.3 5.39 -45.0 -1.08 -0.81 -1.56 -1.53 -0.84 -0.6 0.697 0.85 0.403 0.738 1.061 9.131 0 0 0 0 0 0
1969-04-28T08:30:00 1969 4 28 8 30 0 -0.15 -0.34 493.0 41.9 20.37 0.04 0.85 3.55 0 0 2 2 2 1 1 1 7.3 5.84 -65.0 -1.08 -0.81 -1.56 -1.54 -0.84 -0.6 0.733 0.881 0.423 0.778 1.097 10.088 0 0 0 0 0 0
1969-04-28T09:30:00 1969 4 28 9 30 0 -0.15 -0.34 489.0 34.1 16.31 0.04 0.83 3.14 0 0 2 2 2 1 1 1 5.0 5.98 -70.0 -1.08 -0.81 -1.57 -1.54 -0.84 -0.6 0.741 0.868 0.439 0.775 1.048 9.28 0 0 0 0 0 0
1969-04-28T10:30:00 1969 4 28 10 30 0 -0.15 -0.34 471.0 29.0 12.87 0.04 0.81 2.55 0 0 2 2 2 1 1 1 5.0 6.12 -68.0 -1.08 -0.82 -1.57 -1.54 -0.84 -0.61 0.725 0.828 0.451 0.738 0.954 7.662 0 0 0 0 0 0
1969-04-28T11:30:00 1969 4 28 11 30 0 -0.14 -0.35 471.0 31.6 14.02 0.04 0.81 2.47 0 0 2 2 2 1 1 1 5.0 6.02 -56.0 -1.08 -0.82 -1.57 -1.54 -0.84 -0.61 0.712 0.809 0.461 0.713 0.916 6.927 0 0 0 0 0 0
1969-04-28T12:30:00 1969 4 28 12 30 0 -0.14 -0.35 457.0 29.5 12.32 0.04 0.81 2.47 0 0 2 2 2 1 1 1 7.0 6.19 -72.0 -1.08 -0.82 -1.57 -1.54 -0.85 -0.61 0.699 0.795 0.471 0.689 0.881 6.343 0 0 0 0 0 0
1969-04-28T13:30:00 1969 4 28 13 30 0 -0.14 -0.35 522.0 9.8 5.34 0.04 0.86 1.6 0 0 2 2 2 1 1 1 7.0 6.35 -72.0 -1.08 -0.82 -1.57 -1.54 -0.85 -0.61 0.652 0.689 0.478 0.628 0.787 4.46 0 0 0 0 0 0
1969-04-28T14:30:00 1969 4 28 14 30 0 -0.14 -0.35 504.0 9.93 5.39 0.04 0.9 0.88 0 0 2 1 1 1 1 1 7.0 6.33 -99.0 -1.09 -0.82 -1.57 -1.55 -0.85 -0.61 0.594 0.582 0.483 0.558 0.689 2.895 0 0 0 0 0 0
1969-04-28T15:30:00 1969 4 28 15 30 0 -0.14 -0.35 508.7 10.05 5.44 0.04 0.89 0.89 0 0 1 1 1 0 1 1 4.3 5.95 -85.0 -1.09 -0.82 -1.58 -1.55 -0.85 -0.61 0.555 0.529 0.487 0.519 0.658 2.252 0 0 0 0 0 0
1969-04-28T16:30:00 1969 4 28 16 30 0 -0.13 -0.36 513.3 10.18 5.48 0.04 0.91 0.92 0 0 1 1 1 0 1 1 4.3 5.57 -67.0 -1.09 -0.82 -1.58 -1.55 -0.85 -0.61 0.53 0.505 0.491 0.501 0.657 2.026 0 0 0 0 0 0
1969-04-28T17:30:00 1969 4 28 17 30 0 -0.13 -0.36 518.0 10.3 5.53 0.04 0.93 0.95 0 0 2 2 2 1 1 1 4.3 5.47 -60.0 -1.09 -0.82 -1.58 -1.55 -0.85 -0.61 0.515 0.495 0.496 0.494 0.665 1.974 0 0 0 0 0 0
1969-04-28T18:30:00 1969 4 28 18 30 0 -0.13 -0.36 513.0 10.7 5.63 0.04 0.93 0.98 0 0 2 2 2 1 1 1 2.7 5.16 -62.0 -1.09 -0.82 -1.58 -1.55 -0.85 -0.61 0.507 0.493 0.501 0.492 0.671 1.986 0 0 0 0 0 0
1969-04-28T19:30:00 1969 4 28 19 30 0 -0.13 -0.36 514.3 10.7 5.63 0.04 0.92 0.99 0 0 1 1 1 0 1 1 2.7 4.86 -61.0 -1.09 -0.83 -1.58 -1.55 -0.85 -0.61 0.501 0.495 0.506 0.492 0.674 2.005 0 0 0 0 0 0
1969-04-28T20:30:00 1969 4 28 20 30 0 -0.12 -0.36 515.6 10.7 5.27 0.04 0.93 0.99 0 0 1 1 1 0 1 1 2.7 4.33 -58.0 -1.09 -0.83 -1.58 -1.56 -0.86 -0.62 0.498 0.497 0.511 0.493 0.679 2.027 0 0 0 0 0 0
1969-04-28T21:30:00 1969 4 28 21 30 0 -0.12 -0.37 516.9 9.64 4.15 0.05 0.94 0.95 0 0 1 1 1 0 1 1 2.7 3.8 -60.0 -1.1 -0.83 -1.59 -1.56 -0.86 -0.62 0.493 0.49 0.515 0.489 0.67 1.941 0 0 0 0 0 0
1969-04-28T22:30:00 1969 4 28 22 30 0 -0.12 -0.37 518.2 8.34 3.03 0.05 0.96 0.86 0 0 1 1 1 0 1 1 2.7 3.28 -53.0 -1.1 -0.83 -1.59 -1.56 -0.86 -0.62 0.483 0.472 0.519 0.476 0.645 1.74 0 0 0 0 0 0
1969-04-28T23:30:00 1969 4 28 23 30 0 -0.12 -0.37 519.5 7.05 1.91 0.05 0.96 0.73 0 0 1 1 1 0 1 1 2.7 3.08 -47.0 -1.1 -0.83 -1.59 -1.56 -0.86 -0.62 0.467 0.447 0.521 0.457 0.611 1.486 0 0 0 0 0 0
