1969-01-22T00:30:00 1969 1 22 0 30 0 0.7 0.7 411.0 1.4 0.47 0.02 0.0 0.0 2 2 2 2 2 2 2 2 0.7 1.32 0.0 0.7 0.7 0.7 0.7 0.7 0.7 0.015 0.008 0.115 0.003 0.003 0.004 2 2 2 2 2 2
1969-01-22T01:30:00 1969 1 22 1 30 0 -0.1 0.1 405.0 1.2 0.39 0.0 0.0 0.0 2 2 2 2 2 2 2 2 0.7 1.28 0.0 0.1 0.1 0.1 0.1 0.1 0.1 0.01 0.004 0.111 0.001 0.001 0.002 2 2 2 2 2 2
1969-01-22T02:30:00 1969 1 22 2 30 0 -1.5 -0.3 392.0 1.3 0.4 0.1 0.25 0.03 2 2 2 2 2 2 2 2 0.7 1.08 -1.0 -0.3 -0.3 -0.3 -0.3 -0.3 -0.3 0.017 0.031 0.108 0.005 0.042 0.019 2 2 2 2 2 2
1969-01-22T03:30:00 1969 1 22 3 30 0 -1.7 -0.4 385.0 1.4 0.42 0.3 0.69 0.09 2 2 2 2 2 2 2 2 1.0 0.93 -1.0 -0.4 -0.4 -0.4 -0.4 -0.4 -0.4 0.033 0.069 0.105 0.013 0.084 0.04 2 2 2 2 2 2
1969-01-22T04:30:00 1969 1 22 4 30 0 -1.3 0.1 386.0 1.4 0.42 0.21 0.28 0.04 2 2 2 2 2 2 2 2 1.0 0.78 0.0 0.1 0.1 0.1 0.1 0.1 0.1 0.029 0.052 0.102 0.009 0.047 0.028 2 2 2 2 2 2
1969-01-22T05:30:00 1969 1 22 5 30 0 -0.8 -0.8 383.0 1.6 0.47 0.17 0.75 0.12 2 2 2 2 2 2 2 2 1.0 0.82 2.0 -0.8 -0.8 -0.8 -0.8 -0.8 -0.8 0.049 0.094 0.1 0.022 0.108 0.055 2 2 2 2 2 2
1969-01-22T06:30:00 1969 1 22 6 30 0 -1.6 -0.3 396.0 1.7 0.53 0.25 1.03 0.17 2 2 2 2 2 2 2 2 1.3 0.89 0.0 -0.3 -0.3 -0.3 -0.3 -0.3 -0.3 0.063 0.114 0.098 0.027 0.122 0.07 2 2 2 2 2 2
1969-01-22T07:30:00 1969 1 22 7 30 0 -0.2 -2.1 385.0 2.3 0.68 0.55 2.48 0.52 2 2 2 2 2 2 2 2 1.3 0.97 -3.0 -2.1 -2.1 -2.1 -2.1 -2.1 -2.1 0.13 0.225 0.1 0.092 0.27 0.151 2 2 2 2 2 2
1969-01-22T08:30:00 1969 1 22 8 30 0 -2.1 -2.2 405.0 2.8 0.92 1.33 4.26 1.1 2 2 2 2 2 2 2 2 1.3 1.04 -6.0 -2.2 -2.2 -2.2 -2.2 -2.2 -2.2 0.224 0.351 0.107 0.186 0.418 0.271 2 2 2 2 2 2
1969-01-22T09:30:00 1969 1 22 9 30 0 -3.2 0.6 406.0 2.7 0.89 0.98 1.57 0.44 2 2 2 2 2 2 2 2 1.3 1.12 -5.0 0.6 0.6 0.6 0.6 0.6 0.6 0.19 0.247 0.106 0.131 0.221 0.186 2 2 2 2 2 2
1969-01-22T10:30:00 1969 1 22 10 30 0 -2.4 0.6 399.0 3.0 0.96 0.47 0.0 0.0 2 2 2 2 2 2 2 2 1.3 1.19 -5.0 0.6 0.6 0.6 0.6 0.6 0.6 0.129 0.123 0.103 0.073 0.07 0.077 2 2 2 2 2 2
1969-01-22T11:30:00 1969 1 22 11 30 0 -1.3 2.4 400.0 2.6 0.83 0.12 0.0 0.0 2 2 2 2 2 2 2 2 1.3 1.23 -5.0 2.4 2.4 2.4 2.4 2.4 2.4 0.087 0.061 0.1 0.041 0.022 0.032 2 2 2 2 2 2
1969-01-22T12:30:00 1969 1 22 12 30 0 -1.9 0.5 369.0 2.2 0.6 0.09 0.0 0.0 2 2 2 2 2 2 2 2 0.3 1.13 -6.0 0.5 0.5 0.5 0.5 0.5 0.5 0.059 0.03 0.097 0.023 0.007 0.013 2 2 2 2 2 2
1969-01-22T13:30:00 1969 1 22 13 30 0 -1.0 -0.6 363.0 2.3 0.61 0.18 0.34 0.08 2 2 2 2 2 2 2 2 0.3 1.04 -4.0 -0.6 -0.6 -0.6 -0.6 -0.6 -0.6 0.058 0.065 0.094 0.022 0.067 0.047 2 2 2 2 2 2
1969-01-22T14:30:00 1969 1 22 14 30 0 -1.7 1.1 365.0 2.5 0.67 0.12 0.15 0.03 2 2 2 2 2 2 2 2 0.3 0.91 -3.0 1.1 1.1 1.1 1.1 1.1 1.1 0.042 0.04 0.091 0.013 0.029 0.026 2 2 2 2 2 2
1969-01-22T15:30:00 1969 1 22 15 30 0 -1.7 0.5 356.0 2.6 0.66 0.12 0.0 0.0 2 2 2 2 2 2 2 2 0.7 0.84 -1.0 0.5 0.5 0.5 0.5 0.5 0.5 0.029 0.02 0.088 0.007 0.009 0.011 2 2 2 2 2 2
1969-01-22T16:30:00 1969 1 22 16 30 0 -1.5 -0.9 363.0 2.5 0.66 0.27 0.59 0.15 2 2 2 2 2 2 2 2 0.7 0.77 0.0 -0.9 -0.9 -0.9 -0.9 -0.9 -0.9 0.049 0.086 0.087 0.022 0.099 0.067 2 2 2 2 2 2
1969-01-22T17:30:00 1969 1 22 17 30 0 -1.7 0.2 348.0 2.7 0.65 0.27 0.59 0.15 2 2 2 2 2 2 2 2 0.7 0.69 1.0 0.2 0.2 0.2 0.2 0.2 0.2 0.05 0.084 0.085 0.02 0.073 0.061 2 2 2 2 2 2
1969-01-22T18:30:00 1969 1 22 18 30 0 -0.5 -0.3 359.0 2.7 0.7 0.1 0.18 0.05 2 2 2 2 2 2 2 2 0.7 0.62 3.0 -0.3 -0.3 -0.3 -0.3 -0.3 -0.3 0.045 0.078 0.082 0.016 0.067 0.061 2 2 2 2 2 2
1969-01-22T19:30:00 1969 1 22 19 30 0 -1.9 -0.2 347.0 2.9 0.7 0.17 0.43 0.12 2 2 2 2 2 2 2 2 0.7 0.56 2.0 -0.2 -0.2 -0.2 -0.2 -0.2 -0.2 0.049 0.093 0.08 0.015 0.08 0.076 2 2 2 2 2 2
1969-01-22T20:30:00 1969 1 22 20 30 0 -2.1 -1.1 339.0 3.1 0.71 0.5 1.17 0.36 2 2 2 2 2 2 2 2 0.7 0.6 2.0 -1.1 -1.1 -1.1 -1.1 -1.1 -1.1 0.086 0.173 0.08 0.042 0.166 0.133 2 2 2 2 2 2
1969-01-22T21:30:00 1969 1 22 21 30 0 -2.0 -1.4 336.0 3.3 0.75 0.77 2.13 0.68 2 2 2 2 2 2 2 2 1.0 0.69 2.0 -1.4 -1.4 -1.4 -1.4 -1.4 -1.4 0.14 0.267 0.081 0.085 0.247 0.193 2 2 2 2 2 2
1969-01-22T22:30:00 1969 1 22 22 30 0 -1.7 -1.7 330.0 3.2 0.7 0.85 2.6 0.84 2 2 2 2 2 2 2 2 1.0 0.78 2.0 -1.7 -1.7 -1.7 -1.7 -1.7 -1.7 0.193 0.34 0.083 0.127 0.296 0.227 2 2 2 2 2 2
1969-01-22T23:30:00 1969 1 22 23 30 0 -1.7 -0.2 331.0 3.8 0.83 0.48 1.47 0.5 2 2 2 2 2 2 2 2 1.0 0.82 4.0 -0.2 -0.2 -0.2 -0.2 -0.2 -0.2 0.179 0.285 0.082 0.1 0.206 0.192 2 2 2 2 2 2
