1969-12-08T00:30:00 1969 12 8 0 30 0 -0.48 0.09 448.7 3.93 1.42 0.02 0.0 0.0 0 0 1 1 0 0 1 1 1.7 1.58 -1.0 -0.88 -0.65 -1.3 -1.27 -0.67 -0.47 0.256 0.266 0.296 0.219 0.315 0.375 0 0 1 0 0 0
1969-12-08T01:30:00 1969 12 8 1 30 0 -0.48 0.09 444.4 3.45 1.41 0.02 0.0 0.0 0 0 1 1 1 0 1 1 1.7 1.67 -1.0 -0.88 -0.65 -1.3 -1.27 -0.67 -0.47 0.25 0.258 0.294 0.212 0.299 0.335 0 0 1 0 0 0
1969-12-08T02:30:00 1969 12 8 2 30 0 -0.48 0.09 440.1 2.97 1.21 0.02 0.0 0.0 0 0 1 1 1 0 1 1 1.7 1.72 -2.0 -0.88 -0.65 -1.3 -1.27 -0.67 -0.47 0.242 0.245 0.292 0.201 0.279 0.284 0 0 1 0 0 0
1969-12-08T03:30:00 1969 12 8 3 30 0 -0.48 0.09 435.8 2.49 1.01 0.02 0.0 0.0 0 0 1 1 1 0 1 1 1.7 1.76 -2.0 -0.88 -0.65 -1.3 -1.27 -0.67 -0.47 0.231 0.231 0.289 0.188 0.258 0.233 0 0 1 0 0 0
1969-12-08T04:30:00 1969 12 8 4 30 0 -0.48 0.09 431.6 2.1 0.81 0.02 0.0 0.0 0 0 1 1 1 0 1 1 1.7 1.81 -1.0 -0.88 -0.65 -1.3 -1.27 -0.67 -0.47 0.218 0.215 0.286 0.175 0.238 0.186 0 0 1 0 0 0
1969-12-08T05:30:00 1969 12 8 5 30 0 -0.29 0.09 427.3 2.1 0.75 0.01 0.0 0.0 1 0 1 1 1 1 1 1 1.7 1.77 -3.0 -0.88 -0.65 -1.29 -1.27 -0.67 -0.47 0.208 0.204 0.283 0.165 0.225 0.159 0 0 1 0 0 0
1969-12-08T06:30:00 1969 12 8 6 30 0 0.22 0.09 423.0 2.1 0.75 0.0 0.0 0.0 1 0 2 2 2 1 1 1 1.7 1.74 -4.0 -0.88 -0.65 -1.29 -1.27 -0.67 -0.47 0.201 0.199 0.279 0.159 0.219 0.145 0 0 1 0 0 0
1969-12-08T07:30:00 1969 12 8 7 30 0 0.73 0.39 423.0 2.1 0.75 0.01 0.0 0.0 1 1 2 2 2 1 2 2 1.7 1.7 -4.0 -0.45 -0.25 -0.81 -0.79 -0.27 -0.09 0.178 0.166 0.274 0.135 0.169 0.11 0 0 1 0 1 0
1969-12-08T08:30:00 1969 12 8 8 30 0 1.0 1.97 423.0 2.1 0.75 0.02 0.0 0.0 1 1 2 2 2 1 2 2 1.7 1.7 -3.0 1.8 1.84 1.72 1.72 1.83 1.87 0.121 0.082 0.266 0.076 0.053 0.045 0 0 1 0 1 0
1969-12-08T09:30:00 1969 12 8 9 30 0 1.0 2.4 450.0 2.0 0.81 0.01 0.0 0.0 2 2 2 2 2 2 2 2 0.3 1.52 1.0 2.4 2.4 2.4 2.4 2.4 2.4 0.082 0.041 0.258 0.043 0.017 0.019 0 0 1 0 1 0
1969-12-08T10:30:00 1969 12 8 10 30 0 1.0 1.8 450.0 2.0 0.81 0.02 0.0 0.0 2 2 2 2 2 2 2 2 0.3 1.34 0.0 1.8 1.8 1.8 1.8 1.8 1.8 0.055 0.02 0.25 0.024 0.005 0.008 0 0 1 0 1 0
1969-12-08T11:30:00 1969 12 8 11 30 0 1.2 1.2 450.0 2.0 0.81 0.03 0.0 0.0 2 2 2 2 2 2 2 2 0.3 1.16 2.0 1.2 1.2 1.2 1.2 1.2 1.2 0.037 0.01 0.243 0.013 0.002 0.003 0 0 1 0 1 0
1969-12-08T12:30:00 1969 12 8 12 30 0 0.1 2.0 442.0 1.8 0.7 0.01 0.0 0.0 2 2 2 2 2 2 2 2 0.7 1.03 2.0 2.0 2.0 2.0 2.0 2.0 2.0 0.025 0.005 0.235 0.007 0.001 0.001 0 0 1 0 1 0
1969-12-08T13:30:00 1969 12 8 13 30 0 -0.1 1.1 442.0 1.8 0.7 0.0 0.0 0.0 2 2 2 2 2 2 2 2 0.7 0.91 2.0 1.1 1.1 1.1 1.1 1.1 1.1 0.017 0.002 0.228 0.004 0.0 0.001 0 0 1 0 1 0
1969-12-08T14:30:00 1969 12 8 14 30 0 -0.5 -2.4 442.0 1.8 0.7 0.43 2.04 0.37 2 2 2 2 2 2 2 2 0.7 0.79 1.0 -2.4 -2.4 -2.4 -2.4 -2.4 -2.4 0.087 0.135 0.226 0.076 0.232 0.113 2 2 1 2 2 2
1969-12-08T15:30:00 1969 12 8 15 30 0 1.7 1.0 438.0 3.1 1.19 0.36 1.65 0.35 2 2 2 2 2 2 2 2 1.3 0.75 1.0 1.0 1.0 1.0 1.0 1.0 1.0 0.093 0.125 0.222 0.069 0.152 0.104 2 2 1 2 2 2
1969-12-08T16:30:00 1969 12 8 16 30 0 2.7 0.4 438.0 3.1 1.19 0.32 0.0 0.0 2 2 2 2 2 2 2 2 1.3 0.71 4.0 0.4 0.4 0.4 0.4 0.4 0.4 0.063 0.062 0.215 0.038 0.048 0.043 2 2 1 2 2 2
1969-12-08T17:30:00 1969 12 8 17 30 0 3.2 0.4 438.0 3.1 1.19 0.65 0.0 0.0 2 2 2 2 2 2 2 2 1.3 0.84 8.0 0.4 0.4 0.4 0.4 0.4 0.4 0.043 0.031 0.209 0.022 0.015 0.018 2 2 1 2 2 2
1969-12-08T18:30:00 1969 12 8 18 30 0 3.5 0.7 452.0 6.3 2.57 0.81 0.0 0.0 2 2 2 2 2 2 2 2 2.0 1.05 8.0 0.7 0.7 0.7 0.7 0.7 0.7 0.029 0.015 0.202 0.012 0.005 0.007 2 2 1 2 2 2
1969-12-08T19:30:00 1969 12 8 19 30 0 3.4 0.2 452.0 6.3 2.57 0.91 0.0 0.0 2 2 2 2 2 2 2 2 2.0 1.27 8.0 0.2 0.2 0.2 0.2 0.2 0.2 0.02 0.008 0.196 0.007 0.002 0.003 2 2 1 2 2 2
1969-12-08T20:30:00 1969 12 8 20 30 0 2.9 0.9 452.0 6.3 2.57 0.7 0.0 0.0 2 2 2 2 2 2 2 2 2.0 1.43 14.0 0.9 0.9 0.9 0.9 0.9 0.9 0.013 0.004 0.19 0.004 0.0 0.001 2 2 1 2 2 2
1969-12-08T21:30:00 1969 12 8 21 30 0 3.1 -0.7 424.0 3.9 1.4 0.82 0.39 0.16 2 2 2 2 2 2 2 2 1.7 1.55 11.0 -0.7 -0.7 -0.7 -0.7 -0.7 -0.7 0.035 0.067 0.185 0.018 0.104 0.121 2 2 1 2 2 2
1969-12-08T22:30:00 1969 12 8 22 30 0 3.5 -0.8 424.0 3.9 1.4 1.35 1.6 0.62 2 2 2 2 2 2 2 2 1.7 1.67 7.0 -0.8 -0.8 -0.8 -0.8 -0.8 -0.8 0.091 0.178 0.183 0.055 0.243 0.279 2 2 1 2 2 2
1969-12-08T23:30:00 1969 12 8 23 30 0 3.3 -1.5 424.0 3.9 1.4 1.7 2.5 0.97 2 2 2 2 2 2 2 2 1.7 1.72 4.0 -1.5 -1.5 -1.5 -1.5 -1.5 -1.5 0.165 0.291 0.184 0.117 0.377 0.416 2 2 1 2 2 2
