1969-08-17T00:30:00 1969 8 17 0 30 0 3.9 -3.1 350.0 7.8 1.91 3.49 4.91 3.74 2 2 2 2 2 2 2 2 3.7 1.89 1.0 -3.1 -3.1 -3.1 -3.1 -3.1 -3.1 0.563 0.756 0.166 0.438 0.664 1.071 2 2 2 2 2 2
1969-08-17T01:30:00 1969 8 17 1 30 0 0.6 -5.7 338.0 8.0 1.83 4.57 7.73 6.12 2 2 2 2 2 2 2 2 3.7 2.24 -5.0 -5.7 -5.7 -5.7 -5.7 -5.7 -5.7 0.75 1.038 0.191 0.744 0.924 1.351 2 2 2 2 2 2
1969-08-17T02:30:00 1969 8 17 2 30 0 -1.5 -5.3 331.0 7.3 1.6 5.59 9.16 6.99 2 2 2 2 2 2 2 2 3.7 2.61 -10.0 -5.3 -5.3 -5.3 -5.3 -5.3 -5.3 0.904 1.21 0.218 0.965 1.007 1.404 2 2 2 2 2 2
1969-08-17T03:30:00 1969 8 17 3 30 0 -2.4 -5.5 329.0 6.9 1.49 5.72 8.92 6.32 2 2 2 2 2 2 2 2 2.0 2.75 -13.0 -5.5 -5.5 -5.5 -5.5 -5.5 -5.5 0.993 1.272 0.242 1.065 1.005 1.336 2 2 2 2 2 2
1969-08-17T04:30:00 1969 8 17 4 30 0 -2.4 -4.35 329.0 5.8 1.26 4.96 8.02 5.07 1 1 2 2 2 1 2 2 2.0 2.9 -15.0 -4.61 -4.57 -4.69 -4.68 -4.57 -4.54 1.005 1.219 0.261 1.036 0.915 1.148 2 2 2 2 1 1
1969-08-17T05:30:00 1969 8 17 5 30 0 -2.05 -0.1 327.0 5.5 1.18 1.57 3.36 1.91 1 1 2 2 2 1 2 2 2.0 2.8 -16.0 -1.29 -1.1 -1.69 -1.67 -1.12 -0.97 0.852 0.93 0.266 0.773 0.606 0.8 2 1 2 1 1 1
1969-08-17T06:30:00 1969 8 17 6 30 0 -1.39 0.71 326.0 5.3 1.13 0.16 0.0 0.0 1 0 2 2 2 1 1 1 1.7 2.67 -14.0 -0.67 -0.45 -1.12 -1.09 -0.47 -0.29 0.647 0.605 0.262 0.505 0.331 0.476 1 1 2 1 1 1
1969-08-17T07:30:00 1969 8 17 7 30 0 -0.73 0.71 321.0 5.0 1.03 0.03 0.0 0.0 1 0 2 2 2 1 1 1 1.7 2.54 -12.0 -0.67 -0.45 -1.12 -1.09 -0.47 -0.29 0.491 0.409 0.257 0.339 0.212 0.297 1 1 2 1 0 1
1969-08-17T08:30:00 1969 8 17 8 30 0 -0.48 0.71 333.0 6.2 1.38 0.01 0.0 0.0 0 0 2 2 2 1 1 1 1.7 2.29 -10.0 -0.67 -0.45 -1.12 -1.09 -0.47 -0.29 0.39 0.319 0.253 0.251 0.185 0.249 1 0 2 1 0 0
1969-08-17T09:30:00 1969 8 17 9 30 0 -0.48 0.71 321.0 5.3 1.09 0.0 0.0 0.0 0 0 2 2 2 1 1 1 1.0 1.96 -11.0 -0.67 -0.45 -1.12 -1.09 -0.47 -0.29 0.32 0.272 0.248 0.199 0.171 0.218 1 0 2 1 0 0
1969-08-17T10:30:00 1969 8 17 10 30 0 -0.48 0.71 304.0 8.0 1.71 0.0 0.0 0.0 0 0 2 1 1 1 1 1 1.0 1.63 -4.0 -0.67 -0.45 -1.12 -1.09 -0.47 -0.29 0.275 0.261 0.244 0.173 0.169 0.23 1 0 2 0 0 0
1969-08-17T11:30:00 1969 8 17 11 30 0 -0.48 0.71 330.0 10.7 2.33 0.0 0.0 0.0 0 0 2 2 2 1 1 1 1.0 1.5 3.0 -0.67 -0.45 -1.12 -1.09 -0.47 -0.29 0.255 0.277 0.241 0.17 0.195 0.331 0 0 2 0 0 0
1969-08-17T12:30:00 1969 8 17 12 30 0 -0.48 0.71 331.0 8.4 1.84 0.0 0.0 0.0 0 0 2 2 2 1 1 1 0.3 1.28 7.0 -0.67 -0.45 -1.12 -1.09 -0.47 -0.29 0.241 0.28 0.238 0.169 0.203 0.362 0 0 2 0 0 0
1969-08-17T13:30:00 1969 8 17 13 30 0 -0.48 0.71 333.0 7.2 1.6 0.0 0.0 0.0 0 0 2 2 2 1 1 1 0.3 1.07 8.0 -0.67 -0.45 -1.12 -1.09 -0.47 -0.29 0.228 0.27 0.235 0.164 0.197 0.329 0 0 2 0 0 0
1969-08-17T14:30:00 1969 8 17 14 30 0 -0.48 0.71 329.0 7.5 1.62 0.0 0.0 0.0 0 0 2 2 2 1 1 1 0.3 0.9 7.0 -0.67 -0.45 -1.12 -1.09 -0.47 -0.29 0.217 0.264 0.231 0.159 0.192 0.308 0 0 1 0 0 0
1969-08-17T15:30:00 1969 8 17 15 30 0 -0.48 0.71 325.0 7.5 1.58 0.0 0.0 0.0 0 0 2 2 2 1 1 1 0.7 0.78 5.0 -0.67 -0.45 -1.12 -1.09 -0.47 -0.29 0.21 0.261 0.228 0.156 0.189 0.297 0 0 1 0 0 0
1969-08-17T16:30:00 1969 8 17 16 30 0 -0.48 0.71 327.0 6.7 1.43 0.0 0.0 0.0 0 0 2 2 2 1 1 1 0.7 0.66 3.0 -0.67 -0.45 -1.12 -1.09 -0.47 -0.29 0.203 0.255 0.225 0.152 0.184 0.277 0 0 1 0 0 0
1969-08-17T17:30:00 1969 8 17 17 30 0 -0.48 0.71 327.0 5.9 1.26 0.0 0.0 0.0 0 0 2 2 2 1 1 1 0.7 0.62 0.0 -0.67 -0.45 -1.12 -1.09 -0.47 -0.29 0.196 0.246 0.222 0.147 0.177 0.246 0 0 1 0 0 0
1969-08-17T18:30:00 1969 8 17 18 30 0 -0.48 0.71 327.0 6.1 1.3 0.0 0.0 0.0 0 0 2 2 2 1 1 1 1.3 0.67 -5.0 -0.67 -0.45 -1.12 -1.09 -0.47 -0.29 0.19 0.24 0.219 0.144 0.174 0.231 0 0 1 0 0 0
1969-08-17T19:30:00 1969 8 17 19 30 0 -0.48 0.71 316.0 6.4 1.28 0.0 0.0 0.0 0 0 2 2 2 1 1 1 1.3 0.71 -8.0 -0.67 -0.45 -1.12 -1.09 -0.47 -0.29 0.187 0.239 0.215 0.141 0.17 0.224 0 0 1 0 0 0
1969-08-17T20:30:00 1969 8 17 20 30 0 -0.98 0.71 321.0 7.0 1.44 0.01 0.0 0.0 1 0 2 2 2 1 1 1 1.3 0.84 -6.0 -0.67 -0.45 -1.12 -1.1 -0.47 -0.29 0.186 0.243 0.212 0.142 0.173 0.235 0 0 1 0 0 0
1969-08-17T21:30:00 1969 8 17 21 30 0 -2.29 0.71 330.0 8.0 1.74 0.12 0.0 0.0 1 0 2 2 2 1 1 1 0.7 0.88 -7.0 -0.67 -0.45 -1.12 -1.1 -0.47 -0.29 0.189 0.252 0.21 0.148 0.185 0.274 0 0 1 0 0 0
1969-08-17T22:30:00 1969 8 17 22 30 0 -3.59 0.64 322.0 7.4 1.53 0.44 0.0 0.0 1 1 2 2 2 1 2 2 0.7 0.93 -9.0 -0.55 -0.36 -0.95 -0.93 -0.38 -0.23 0.184 0.244 0.207 0.142 0.174 0.27 0 0 1 0 1 1
1969-08-17T23:30:00 1969 8 17 23 30 0 -4.3 0.29 327.0 7.4 1.58 0.88 0.0 0.0 1 1 2 2 2 1 2 2 0.7 0.92 -6.0 0.04 0.08 -0.04 -0.04 0.08 0.11 0.143 0.156 0.201 0.095 0.086 0.147 0 1 1 1 1 1
