1969-05-18T00:30:00 1969 5 18 0 30 0 -3.4 -3.45 435.8 4.88 1.79 4.87 6.42 3.13 1 1 1 0 0 1 1 1 3.7 2.65 -38.0 -3.45 -3.45 -3.45 -3.45 -3.45 -3.45 0.56 0.709 1.313 0.535 0.863 1.08 0 0 0 0 0 0
1969-05-18T01:30:00 1969 5 18 1 30 0 -0.8 -3.7 435.3 4.88 1.79 3.83 7.81 3.81 2 2 1 0 0 2 2 1 3.7 2.94 -39.0 -3.7 -3.7 -3.7 -3.7 -3.7 -3.7 0.669 0.807 1.303 0.677 0.971 1.189 0 0 0 0 0 0
1969-05-18T02:30:00 1969 5 18 2 30 0 -2.05 -3.1 434.8 4.87 1.79 3.19 7.34 3.58 1 1 1 0 0 1 1 1 3.7 3.24 -42.0 -3.1 -3.1 -3.1 -3.1 -3.1 -3.1 0.721 0.827 1.29 0.713 0.956 1.193 0 0 0 0 0 0
1969-05-18T03:30:00 1969 5 18 3 30 0 -3.3 -2.5 434.3 4.87 1.79 2.99 6.03 2.94 2 2 1 0 0 2 2 1 2.7 3.39 -40.0 -2.5 -2.5 -2.5 -2.5 -2.5 -2.5 0.713 0.783 1.272 0.657 0.865 1.122 0 0 0 0 0 0
1969-05-18T04:30:00 1969 5 18 4 30 0 -5.4 0.1 433.8 4.87 1.79 2.54 2.39 1.16 2 2 1 0 0 2 2 1 2.7 3.55 -42.0 0.1 0.1 0.1 0.1 0.1 0.1 0.558 0.527 1.238 0.429 0.46 0.717 0 0 0 0 0 0
1969-05-18T05:30:00 1969 5 18 5 30 0 1.5 -4.8 433.3 4.87 1.79 2.86 5.54 2.7 2 2 1 0 0 2 2 1 2.7 3.38 -39.0 -4.8 -4.8 -4.8 -4.8 -4.8 -4.8 0.628 0.673 1.224 0.569 0.794 0.975 0 0 0 0 0 0
1969-05-18T06:30:00 1969 5 18 6 30 0 -2.5 -4.1 432.7 4.87 1.79 5.01 9.57 4.66 2 2 1 0 0 2 2 1 3.0 3.26 -36.0 -4.1 -4.1 -4.1 -4.1 -4.1 -4.1 0.763 0.845 1.225 0.791 1.028 1.204 0 0 0 0 0 0
1969-05-18T07:30:00 1969 5 18 7 30 0 -5.2 -1.3 432.2 4.87 1.79 3.81 5.59 2.72 2 2 1 0 0 2 2 1 3.0 3.14 -43.0 -1.3 -1.3 -1.3 -1.3 -1.3 -1.3 0.707 0.74 1.205 0.647 0.793 1.043 0 0 0 0 0 0
1969-05-18T08:30:00 1969 5 18 8 30 0 -3.7 -4.4 431.6 4.87 1.79 4.77 6.43 3.13 2 2 1 0 0 2 2 1 3.0 3.06 -39.0 -4.4 -4.4 -4.4 -4.4 -4.4 -4.4 0.746 0.8 1.194 0.708 0.919 1.132 0 0 0 0 0 0
1969-05-18T09:30:00 1969 5 18 9 30 0 -3.8 -5.1 431.0 4.87 1.79 7.3 10.31 5.02 2 2 1 0 0 2 2 1 3.0 2.97 -39.0 -5.1 -5.1 -5.1 -5.1 -5.1 -5.1 0.877 0.951 1.201 0.942 1.136 1.315 0 0 0 0 0 0
1969-05-18T10:30:00 1969 5 18 10 30 0 -1.3 -1.3 430.5 4.87 1.79 3.44 6.55 3.19 2 2 1 0 0 2 2 1 3.0 2.89 -41.0 -1.3 -1.3 -1.3 -1.3 -1.3 -1.3 0.808 0.821 1.185 0.773 0.864 1.12 0 0 0 0 0 0
1969-05-18T11:30:00 1969 5 18 11 30 0 -1.85 -1.19 429.9 4.87 1.79 0.76 2.67 1.3 1 1 1 0 0 1 1 1 3.0 2.93 -40.0 -1.31 -1.25 -1.4 -1.4 -1.26 -1.21 0.665 0.632 1.157 0.538 0.605 0.87 0 0 0 0 0 0
1969-05-18T12:30:00 1969 5 18 12 30 0 -3.05 -0.68 429.3 4.87 1.79 0.99 1.96 0.96 1 1 1 0 0 1 1 1 2.0 2.83 -31.0 -1.15 -0.94 -1.54 -1.52 -0.96 -0.76 0.561 0.51 1.13 0.418 0.481 0.702 0 0 0 0 0 0
1969-05-18T13:30:00 1969 5 18 13 30 0 -4.25 -0.13 428.7 4.87 1.79 1.4 0.82 0.4 1 1 1 0 0 1 1 1 2.0 2.74 -26.0 -0.24 -0.19 -0.34 -0.34 -0.2 -0.15 0.435 0.359 1.1 0.283 0.302 0.487 0 0 0 0 0 0
1969-05-18T14:30:00 1969 5 18 14 30 0 -4.8 0.0 428.0 4.87 1.78 1.79 0.13 0.06 2 2 1 0 0 2 2 1 2.0 2.61 -26.0 0.0 0.0 0.0 0.0 0.0 0.0 0.304 0.204 1.067 0.163 0.129 0.259 0 0 0 0 0 0
1969-05-18T15:30:00 1969 5 18 15 30 0 -7.2 5.2 427.4 4.86 1.78 1.66 0.0 0.0 2 2 1 0 0 2 2 1 4.0 2.75 -21.0 5.2 5.2 5.2 5.2 5.2 5.2 0.206 0.101 1.034 0.091 0.041 0.107 0 0 0 0 0 0
1969-05-18T16:30:00 1969 5 18 16 30 0 -5.7 2.6 426.8 4.86 1.78 1.51 0.0 0.0 2 2 1 0 0 2 2 1 4.0 2.88 -17.0 2.6 2.6 2.6 2.6 2.6 2.6 0.14 0.05 1.002 0.051 0.013 0.044 0 0 0 0 0 0
1969-05-18T17:30:00 1969 5 18 17 30 0 2.7 -2.5 426.1 4.86 1.78 0.8 1.53 0.74 2 2 1 0 0 2 2 1 4.0 3.02 3.0 -2.5 -2.5 -2.5 -2.5 -2.5 -2.5 0.183 0.196 0.978 0.122 0.282 0.319 0 0 0 0 0 0
1969-05-18T18:30:00 1969 5 18 18 30 0 3.1 -2.0 425.5 4.86 1.78 2.37 4.75 2.31 2 2 1 0 0 2 2 1 5.0 3.28 -12.0 -2.0 -2.0 -2.0 -2.0 -2.0 -2.0 0.306 0.417 0.963 0.257 0.557 0.662 0 0 0 0 0 0
1969-05-18T19:30:00 1969 5 18 19 30 0 -0.8 9.6 424.8 4.86 1.78 0.18 0.19 0.09 2 2 1 0 0 2 2 1 5.0 3.54 -26.0 9.6 9.6 9.6 9.6 9.6 9.6 0.207 0.207 0.933 0.144 0.176 0.275 0 0 0 0 0 0
1969-05-18T20:30:00 1969 5 18 20 30 0 5.8 7.8 424.1 4.86 1.78 0.16 0.0 0.0 2 2 1 0 0 2 2 1 5.0 3.91 -25.0 7.8 7.8 7.8 7.8 7.8 7.8 0.14 0.103 0.905 0.081 0.056 0.114 0 0 0 0 0 0
1969-05-18T21:30:00 1969 5 18 21 30 0 6.6 0.4 423.4 4.86 1.78 1.61 0.0 0.0 2 2 1 0 0 2 2 1 3.0 4.01 -22.0 0.4 0.4 0.4 0.4 0.4 0.4 0.095 0.051 0.877 0.045 0.018 0.047 0 0 0 0 0 0
1969-05-18T22:30:00 1969 5 18 22 30 0 5.47 0.59 422.7 4.86 1.78 2.58 0.0 0.0 1 1 1 0 0 1 1 1 3.0 4.12 -23.0 0.59 0.59 0.59 0.59 0.59 0.59 0.064 0.025 0.851 0.025 0.006 0.02 0 0 0 0 0 0
1969-05-18T23:30:00 1969 5 18 23 30 0 4.33 1.41 422.5 4.86 1.78 1.46 0.0 0.0 1 1 1 0 0 1 1 1 3.0 3.98 -26.0 1.41 1.41 1.41 1.41 1.41 1.41 0.044 0.013 0.825 0.014 0.002 0.008 0 0 0 0 0 0
