1969-04-10T00:30:00 1969 4 10 0 30 0 -3.2 1.7 310.5 7.3 1.41 0.34 0.0 0.0 2 2 1 1 1 2 2 1 0.7 2.91 -20.0 1.7 1.7 1.7 1.7 1.7 1.7 0.178 0.1 0.308 0.082 0.024 0.062 1 1 2 1 1 1
1969-04-10T01:30:00 1969 4 10 1 30 0 -4.1 2.4 308.0 6.5 1.23 0.4 0.0 0.0 2 2 2 2 2 2 2 2 0.7 2.65 -16.0 2.4 2.4 2.4 2.4 2.4 2.4 0.121 0.05 0.298 0.046 0.008 0.026 1 1 2 1 1 1
1969-04-10T02:30:00 1969 4 10 2 30 0 -3.9 2.7 313.0 8.1 1.59 0.43 0.0 0.0 2 2 2 2 2 2 2 2 0.7 2.24 -14.0 2.7 2.7 2.7 2.7 2.7 2.7 0.082 0.025 0.289 0.026 0.002 0.011 1 1 2 1 1 1
1969-04-10T03:30:00 1969 4 10 3 30 0 -5.6 0.5 330.5 7.65 1.65 1.01 0.0 0.0 2 2 1 1 1 2 2 1 1.3 1.91 -15.0 0.5 0.5 0.5 0.5 0.5 0.5 0.055 0.012 0.28 0.014 0.001 0.004 1 1 2 1 1 1
1969-04-10T04:30:00 1969 4 10 4 30 0 -5.7 0.9 348.0 7.2 1.72 1.75 0.0 0.0 2 2 1 1 1 2 2 1 1.3 1.58 -14.0 0.9 0.9 0.9 0.9 0.9 0.9 0.037 0.006 0.272 0.008 0.0 0.002 1 1 2 1 1 1
1969-04-10T05:30:00 1969 4 10 5 30 0 -0.3 -1.4 365.5 6.75 1.79 0.8 0.88 0.6 2 2 1 1 1 2 2 1 1.3 1.41 -16.0 -1.4 -1.4 -1.4 -1.4 -1.4 -1.4 0.089 0.16 0.266 0.052 0.192 0.281 1 1 2 1 1 1
1969-04-10T06:30:00 1969 4 10 6 30 0 2.7 -5.4 383.0 6.3 1.85 3.3 6.72 4.34 2 2 2 2 2 2 2 2 2.3 1.38 -20.0 -5.4 -5.4 -5.4 -5.4 -5.4 -5.4 0.375 0.623 0.285 0.45 0.752 0.92 2 2 2 2 2 2
1969-04-10T07:30:00 1969 4 10 7 30 0 -4.1 -1.4 317.0 8.7 1.75 2.88 5.72 4.19 2 2 2 2 2 2 2 2 2.3 1.34 -22.0 -1.4 -1.4 -1.4 -1.4 -1.4 -1.4 0.48 0.741 0.293 0.496 0.678 1.003 2 2 2 2 2 2
1969-04-10T08:30:00 1969 4 10 8 30 0 3.7 -3.5 314.0 8.5 1.68 1.74 4.0 3.43 2 2 2 2 2 2 2 2 2.3 1.54 -23.0 -3.5 -3.5 -3.5 -3.5 -3.5 -3.5 0.545 0.837 0.296 0.509 0.66 1.031 2 2 2 2 2 2
1969-04-10T09:30:00 1969 4 10 9 30 0 4.8 -2.7 269.0 9.0 1.3 3.14 4.46 3.9 2 2 2 2 2 2 2 2 1.3 1.61 -25.0 -2.7 -2.7 -2.7 -2.7 -2.7 -2.7 0.589 0.898 0.298 0.505 0.594 0.937 2 2 2 2 2 2
1969-04-10T10:30:00 1969 4 10 10 30 0 0.45 0.1 349.0 5.7 1.39 1.0 1.77 1.38 1 1 2 2 2 1 2 2 1.3 1.68 -28.0 0.1 0.1 0.1 0.1 0.1 0.1 0.471 0.612 0.292 0.335 0.322 0.585 2 2 2 2 2 2
1969-04-10T11:30:00 1969 4 10 11 30 0 -3.9 2.9 325.0 5.2 1.1 0.13 0.0 0.0 2 2 2 2 2 2 2 2 1.3 1.67 -31.0 2.9 2.9 2.9 2.9 2.9 2.9 0.319 0.304 0.283 0.187 0.102 0.242 2 2 2 2 2 2
1969-04-10T12:30:00 1969 4 10 12 30 0 -5.4 2.7 381.0 4.8 1.39 0.73 0.0 0.0 2 2 2 2 2 2 2 2 1.3 1.67 -26.0 2.7 2.7 2.7 2.7 2.7 2.7 0.216 0.151 0.275 0.105 0.032 0.101 2 2 2 2 2 2
1969-04-10T13:30:00 1969 4 10 13 30 0 -4.55 0.8 336.0 4.9 1.11 1.07 0.0 0.0 1 1 2 2 2 1 2 2 1.3 1.66 -22.0 0.8 0.8 0.8 0.8 0.8 0.8 0.146 0.075 0.266 0.059 0.01 0.042 2 2 2 2 2 2
1969-04-10T14:30:00 1969 4 10 14 30 0 -3.7 -1.1 388.0 4.5 1.35 1.36 0.69 0.32 2 2 2 2 2 2 2 2 1.3 1.54 -24.0 -1.1 -1.1 -1.1 -1.1 -1.1 -1.1 0.143 0.146 0.26 0.063 0.149 0.177 2 2 2 2 2 2
1969-04-10T15:30:00 1969 4 10 15 30 0 -1.1 -3.5 330.0 4.15 0.96 1.91 4.22 1.81 2 2 1 1 1 2 2 1 2.7 1.6 -23.0 -3.5 -3.5 -3.5 -3.5 -3.5 -3.5 0.272 0.409 0.263 0.22 0.424 0.382 1 1 2 1 1 1
1969-04-10T16:30:00 1969 4 10 16 30 0 2.7 -6.6 272.0 3.8 0.56 4.63 7.66 3.02 2 2 2 2 2 2 2 2 2.7 1.66 -23.0 -6.6 -6.6 -6.6 -6.6 -6.6 -6.6 0.462 0.713 0.274 0.483 0.581 0.421 2 2 2 2 2 2
1969-04-10T17:30:00 1969 4 10 17 30 0 5.1 -5.4 290.5 4.7 0.82 6.77 8.38 3.58 2 2 1 1 1 2 2 1 2.7 1.84 -29.0 -5.4 -5.4 -5.4 -5.4 -5.4 -5.4 0.611 0.904 0.285 0.659 0.652 0.476 1 1 2 1 1 1
1969-04-10T18:30:00 1969 4 10 18 30 0 3.7 -3.5 309.0 5.6 1.07 4.91 6.55 3.38 2 2 2 2 2 2 2 2 2.3 1.97 -29.0 -3.5 -3.5 -3.5 -3.5 -3.5 -3.5 0.665 0.929 0.293 0.662 0.643 0.567 2 2 2 2 2 2
1969-04-10T19:30:00 1969 4 10 19 30 0 1.8 -5.4 312.0 6.5 1.27 4.33 7.04 4.31 2 2 2 2 2 2 2 2 2.3 2.09 -25.0 -5.4 -5.4 -5.4 -5.4 -5.4 -5.4 0.758 1.038 0.305 0.764 0.755 0.762 2 2 2 2 2 2
1969-04-10T20:30:00 1969 4 10 20 30 0 0.1 -7.1 307.3 6.37 1.21 6.79 9.78 6.28 2 2 1 1 1 2 2 1 2.3 2.21 -21.0 -7.1 -7.1 -7.1 -7.1 -7.1 -7.1 0.922 1.237 0.328 1.019 0.919 0.949 1 1 2 1 1 1
1969-04-10T21:30:00 1969 4 10 21 30 0 -3.45 -4.6 302.7 6.23 1.14 5.97 8.76 5.52 1 1 1 1 1 1 1 1 1.0 2.16 -21.0 -4.6 -4.6 -4.6 -4.6 -4.6 -4.6 0.968 1.239 0.344 1.024 0.858 0.926 1 1 2 1 1 1
1969-04-10T22:30:00 1969 4 10 22 30 0 -7.0 -2.1 298.0 6.1 1.08 4.31 4.88 3.01 2 2 2 2 2 2 2 2 1.0 2.11 -22.0 -2.1 -2.1 -2.1 -2.1 -2.1 -2.1 0.853 1.021 0.345 0.774 0.624 0.741 1 2 2 1 2 2
1969-04-10T23:30:00 1969 4 10 23 30 0 -3.1 -1.6 313.0 5.1 1.0 2.62 2.8 1.56 2 2 2 2 2 2 2 2 1.0 1.89 -22.0 -1.6 -1.6 -1.6 -1.6 -1.6 -1.6 0.701 0.784 0.34 0.535 0.45 0.559 2 2 2 2 2 2
