1969-08-09T00:30:00 1969 8 9 0 30 0 6.1 -0.3 478.0 5.3 2.42 1.68 0.93 0.53 2 2 2 2 2 2 2 2 3.0 2.4 3.0 -0.3 -0.3 -0.3 -0.3 -0.3 -0.3 0.068 0.128 0.173 0.031 0.197 0.382 2 2 2 2 2 2
1969-08-09T01:30:00 1969 8 9 1 30 0 6.2 -0.19 481.0 3.4 1.57 3.69 0.58 0.25 1 1 2 2 2 1 2 2 3.0 2.53 -2.0 -0.19 -0.19 -0.19 -0.19 -0.19 -0.19 0.072 0.129 0.168 0.028 0.171 0.325 2 1 2 2 1 1
1969-08-09T02:30:00 1969 8 9 2 30 0 6.3 0.29 487.0 2.9 1.38 3.56 0.07 0.02 1 1 2 2 2 1 2 2 3.0 2.69 -4.0 0.29 0.29 0.29 0.29 0.29 0.29 0.051 0.069 0.163 0.016 0.061 0.147 2 1 2 2 1 1
1969-08-09T03:30:00 1969 8 9 3 30 0 6.4 0.4 505.0 2.5 1.28 3.52 0.0 0.0 2 2 2 2 2 2 2 2 3.3 2.88 -4.0 0.4 0.4 0.4 0.4 0.4 0.4 0.034 0.034 0.158 0.009 0.019 0.061 2 1 2 2 1 1
1969-08-09T04:30:00 1969 8 9 4 30 0 2.7 6.8 504.0 2.3 1.17 0.98 0.0 0.0 2 2 2 2 2 2 2 2 3.3 3.08 -5.0 6.8 6.8 6.8 6.8 6.8 6.8 0.023 0.017 0.153 0.005 0.006 0.025 2 1 2 2 1 1
1969-08-09T05:30:00 1969 8 9 5 30 0 5.0 2.8 526.0 2.5 1.38 0.52 0.0 0.0 2 2 2 2 2 2 2 2 3.3 3.12 -3.0 2.8 2.8 2.8 2.8 2.8 2.8 0.016 0.009 0.149 0.003 0.002 0.011 2 1 2 2 1 1
1969-08-09T06:30:00 1969 8 9 6 30 0 5.5 1.6 506.0 2.5 1.28 1.6 0.0 0.0 2 2 2 2 2 2 2 2 2.3 3.02 -2.0 1.6 1.6 1.6 1.6 1.6 1.6 0.011 0.004 0.144 0.002 0.001 0.004 2 1 2 2 1 1
1969-08-09T07:30:00 1969 8 9 7 30 0 4.2 0.2 529.0 3.0 1.68 1.83 0.0 0.0 2 2 2 2 2 2 2 2 2.3 2.93 -3.0 0.2 0.2 0.2 0.2 0.2 0.2 0.007 0.002 0.14 0.001 0.0 0.002 2 1 2 2 1 1
1969-08-09T08:30:00 1969 8 9 8 30 0 5.3 2.8 495.0 2.7 1.32 1.47 0.0 0.0 2 2 2 2 2 2 2 2 2.3 2.84 -6.0 2.8 2.8 2.8 2.8 2.8 2.8 0.005 0.001 0.135 0.001 0.0 0.001 2 1 2 2 1 1
1969-08-09T09:30:00 1969 8 9 9 30 0 6.8 2.1 488.0 2.7 1.29 2.05 0.0 0.0 2 2 2 2 2 2 2 2 1.7 2.67 -3.0 2.1 2.1 2.1 2.1 2.1 2.1 0.003 0.001 0.131 0.0 0.0 0.0 2 1 2 2 1 1
1969-08-09T10:30:00 1969 8 9 10 30 0 7.4 1.6 470.0 2.7 1.19 3.15 0.0 0.0 2 2 2 2 2 2 2 2 1.7 2.51 0.0 1.6 1.6 1.6 1.6 1.6 1.6 0.002 0.0 0.127 0.0 0.0 0.0 2 1 2 2 1 1
1969-08-09T11:30:00 1969 8 9 11 30 0 7.3 -0.1 469.0 3.0 1.32 4.15 0.02 0.01 2 2 2 2 2 2 2 2 1.7 2.31 4.0 -0.1 -0.1 -0.1 -0.1 -0.1 -0.1 0.005 0.011 0.123 0.001 0.02 0.024 2 2 2 2 2 2
1969-08-09T12:30:00 1969 8 9 12 30 0 4.3 -0.7 479.0 3.5 1.61 3.35 1.01 0.34 2 2 2 2 2 2 2 2 3.3 2.32 6.0 -0.7 -0.7 -0.7 -0.7 -0.7 -0.7 0.051 0.109 0.122 0.03 0.188 0.21 2 2 2 2 2 2
1969-08-09T13:30:00 1969 8 9 13 30 0 4.3 -0.44 463.0 3.7 1.59 2.12 1.32 0.47 1 1 2 2 2 1 2 2 3.3 2.33 2.0 -0.69 -0.65 -0.77 -0.77 -0.65 -0.62 0.099 0.183 0.122 0.064 0.275 0.329 1 1 2 1 1 1
1969-08-09T14:30:00 1969 8 9 14 30 0 3.91 0.54 464.0 3.5 1.51 1.52 0.19 0.07 1 1 2 2 2 1 2 2 3.3 2.46 -4.0 -0.65 -0.46 -1.04 -1.02 -0.48 -0.33 0.129 0.2 0.124 0.099 0.266 0.319 1 1 2 1 1 1
1969-08-09T15:30:00 1969 8 9 15 30 0 3.49 0.48 461.0 3.1 1.32 1.04 0.0 0.0 1 1 2 2 2 1 2 2 2.3 2.46 -5.0 -0.71 -0.53 -1.11 -1.08 -0.55 -0.4 0.149 0.201 0.126 0.125 0.256 0.283 1 1 1 1 1 1
1969-08-09T16:30:00 1969 8 9 16 30 0 3.1 -0.84 481.0 2.1 0.97 1.17 0.72 0.17 1 1 2 2 2 1 2 2 2.3 2.46 -7.0 -1.1 -1.06 -1.18 -1.18 -1.06 -1.03 0.175 0.229 0.128 0.141 0.31 0.283 1 1 1 1 1 1
1969-08-09T17:30:00 1969 8 9 17 30 0 3.1 -1.2 479.0 1.8 0.83 1.58 2.48 0.48 2 2 2 2 2 2 2 2 2.3 2.53 -8.0 -1.2 -1.2 -1.2 -1.2 -1.2 -1.2 0.2 0.253 0.13 0.147 0.349 0.267 1 2 1 1 2 2
1969-08-09T18:30:00 1969 8 9 18 30 0 2.5 -0.9 486.0 1.9 0.9 1.37 2.5 0.46 2 2 2 2 2 2 2 2 2.0 2.56 -11.0 -0.9 -0.9 -0.9 -0.9 -0.9 -0.9 0.206 0.251 0.131 0.137 0.337 0.25 2 2 2 2 2 2
1969-08-09T19:30:00 1969 8 9 19 30 0 2.7 2.1 478.7 1.83 0.84 0.52 0.24 0.05 2 2 1 1 1 2 2 1 2.0 2.58 -12.0 2.1 2.1 2.1 2.1 2.1 2.1 0.143 0.131 0.127 0.078 0.116 0.113 2 2 2 2 2 2
1969-08-09T20:30:00 1969 8 9 20 30 0 2.3 0.9 471.3 1.77 0.79 0.28 0.0 0.0 2 2 1 1 1 2 2 1 2.0 2.42 -10.0 0.9 0.9 0.9 0.9 0.9 0.9 0.096 0.065 0.123 0.044 0.037 0.047 2 2 2 2 2 2
1969-08-09T21:30:00 1969 8 9 21 30 0 1.6 -0.5 464.0 1.7 0.73 0.34 0.26 0.04 2 2 2 2 2 2 2 2 2.0 2.26 -8.0 -0.5 -0.5 -0.5 -0.5 -0.5 -0.5 0.079 0.065 0.12 0.032 0.074 0.057 2 2 2 2 2 2
1969-08-09T22:30:00 1969 8 9 22 30 0 1.6 -1.3 461.0 1.7 0.72 0.63 2.16 0.37 2 2 2 2 2 2 2 2 2.0 2.11 -9.0 -1.3 -1.3 -1.3 -1.3 -1.3 -1.3 0.121 0.155 0.121 0.07 0.237 0.137 2 2 2 2 2 2
1969-08-09T23:30:00 1969 8 9 23 30 0 2.3 -0.4 465.0 1.7 0.74 0.73 1.88 0.32 2 2 2 2 2 2 2 2 2.0 2.07 -9.0 -0.4 -0.4 -0.4 -0.4 -0.4 -0.4 0.13 0.169 0.12 0.071 0.227 0.146 2 2 2 2 2 2
