1969-04-11T00:30:00 1969 4 11 0 30 0 -4.0 -0.8 298.0 4.5 0.8 1.32 1.78 0.86 2 2 2 2 2 2 2 2 2.0 1.81 -21.0 -0.8 -0.8 -0.8 -0.8 -0.8 -0.8 0.549 0.572 0.332 0.349 0.303 0.384 2 2 2 2 2 2
1969-04-11T01:30:00 1969 4 11 1 30 0 -3.7 2.2 326.0 4.4 0.94 0.73 0.11 0.05 2 2 2 2 2 2 2 2 2.0 1.73 -21.0 2.2 2.2 2.2 2.2 2.2 2.2 0.373 0.288 0.322 0.196 0.099 0.165 2 2 2 2 2 2
1969-04-11T02:30:00 1969 4 11 2 30 0 -8.9 -3.7 318.0 5.45 1.1 3.8 2.11 1.11 2 2 1 1 1 2 2 1 2.0 1.7 -16.0 -3.7 -3.7 -3.7 -3.7 -3.7 -3.7 0.375 0.409 0.318 0.239 0.311 0.32 1 1 2 1 1 1
1969-04-11T03:30:00 1969 4 11 3 30 0 -7.5 -0.5 310.0 6.5 1.25 5.63 3.09 1.82 2 2 2 2 2 2 2 2 2.3 1.71 -19.0 -0.5 -0.5 -0.5 -0.5 -0.5 -0.5 0.371 0.458 0.315 0.231 0.324 0.397 2 2 2 2 2 2
1969-04-11T04:30:00 1969 4 11 4 30 0 -7.9 0.4 316.0 6.7 1.34 3.47 0.18 0.12 2 2 2 2 2 2 2 2 2.3 1.72 -22.0 0.4 0.4 0.4 0.4 0.4 0.4 0.258 0.25 0.305 0.132 0.12 0.197 2 2 2 2 2 2
1969-04-11T05:30:00 1969 4 11 5 30 0 -7.8 -0.2 331.0 5.15 1.1 3.64 0.07 0.04 2 2 1 1 1 2 2 1 2.3 1.88 -22.0 -0.2 -0.2 -0.2 -0.2 -0.2 -0.2 0.182 0.151 0.296 0.076 0.067 0.124 2 2 2 2 1 2
1969-04-11T06:30:00 1969 4 11 6 30 0 -6.7 -7.2 346.0 3.6 0.86 8.13 6.81 2.78 2 2 2 2 2 2 2 2 2.7 2.09 -20.0 -7.2 -7.2 -7.2 -7.2 -7.2 -7.2 0.402 0.555 0.309 0.43 0.569 0.424 2 2 2 2 2 2
1969-04-11T07:30:00 1969 4 11 7 30 0 -6.3 -6.7 347.0 4.0 0.96 12.69 12.01 4.58 2 2 2 2 2 2 2 2 2.7 2.3 -28.0 -6.7 -6.7 -6.7 -6.7 -6.7 -6.7 0.657 0.878 0.338 0.828 0.864 0.623 2 2 2 2 2 2
1969-04-11T08:30:00 1969 4 11 8 30 0 -3.9 -6.15 330.0 4.5 0.98 9.84 10.82 4.61 1 1 2 2 2 1 2 2 2.7 2.38 -27.0 -6.15 -6.15 -6.15 -6.15 -6.15 -6.15 0.811 1.033 0.361 0.997 0.915 0.715 2 1 2 1 1 1
1969-04-11T09:30:00 1969 4 11 9 30 0 -1.5 -5.6 332.0 4.8 1.06 6.89 9.69 4.51 2 2 2 2 2 2 2 2 1.7 2.34 -26.0 -5.6 -5.6 -5.6 -5.6 -5.6 -5.6 0.895 1.095 0.379 1.041 0.901 0.767 2 2 2 2 2 2
1969-04-11T10:30:00 1969 4 11 10 30 0 -2.6 -4.7 331.0 4.7 1.03 5.27 8.47 4.02 2 2 2 2 2 2 2 2 1.7 2.29 -26.0 -4.7 -4.7 -4.7 -4.7 -4.7 -4.7 0.912 1.073 0.392 0.985 0.837 0.755 2 2 2 2 2 2
1969-04-11T11:30:00 1969 4 11 11 30 0 0.2 -7.4 341.0 4.5 1.05 7.2 10.38 4.76 2 2 2 2 2 2 2 2 1.7 2.22 -22.0 -7.4 -7.4 -7.4 -7.4 -7.4 -7.4 1.0 1.158 0.414 1.123 0.951 0.819 2 2 2 2 2 2
1969-04-11T12:30:00 1969 4 11 12 30 0 0.95 -2.35 325.0 5.4 1.14 4.44 7.78 3.82 1 1 2 2 2 1 2 2 2.7 2.27 -18.0 -2.35 -2.35 -2.35 -2.35 -2.35 -2.35 0.937 1.036 0.422 0.946 0.766 0.752 2 2 2 2 1 1
1969-04-11T13:30:00 1969 4 11 13 30 0 1.7 2.7 381.0 9.5 2.76 0.23 0.76 0.47 2 2 2 2 2 2 2 2 2.7 2.32 -10.0 2.7 2.7 2.7 2.7 2.7 2.7 0.655 0.556 0.41 0.543 0.278 0.365 2 2 2 2 1 2
1969-04-11T14:30:00 1969 4 11 14 30 0 3.0 3.2 394.0 11.6 3.6 0.13 0.0 0.0 2 2 2 2 2 2 2 2 2.7 2.33 -11.0 3.2 3.2 3.2 3.2 3.2 3.2 0.443 0.276 0.398 0.304 0.088 0.152 2 2 2 2 1 2
1969-04-11T15:30:00 1969 4 11 15 30 0 5.1 4.0 397.0 7.9 2.49 0.48 0.0 0.0 2 2 2 2 2 2 2 2 1.0 2.11 -19.0 4.0 4.0 4.0 4.0 4.0 4.0 0.3 0.137 0.386 0.17 0.028 0.063 2 2 2 2 1 2
1969-04-11T16:30:00 1969 4 11 16 30 0 6.4 2.5 362.7 8.93 2.29 1.19 0.0 0.0 2 2 1 1 1 2 2 1 1.0 1.9 -21.0 2.5 2.5 2.5 2.5 2.5 2.5 0.203 0.068 0.374 0.095 0.009 0.026 2 2 2 2 1 2
1969-04-11T17:30:00 1969 4 11 17 30 0 7.1 1.4 328.3 9.97 2.1 2.0 0.0 0.0 2 2 1 1 1 2 2 1 1.0 1.8 -23.0 1.4 1.4 1.4 1.4 1.4 1.4 0.138 0.034 0.362 0.053 0.003 0.011 2 2 2 2 1 2
1969-04-11T18:30:00 1969 4 11 18 30 0 6.4 2.0 294.0 11.0 1.9 1.84 0.0 0.0 1 1 2 2 2 1 2 2 1.3 1.75 -24.0 2.0 2.0 2.0 2.0 2.0 2.0 0.093 0.017 0.351 0.03 0.001 0.004 2 2 2 2 1 2
1969-04-11T19:30:00 1969 4 11 19 30 0 5.7 4.6 368.0 3.5 0.95 1.1 0.0 0.0 1 1 2 2 2 1 2 2 1.3 1.69 -22.0 4.6 4.6 4.6 4.6 4.6 4.6 0.063 0.008 0.341 0.017 0.0 0.002 2 2 2 2 1 2
1969-04-11T20:30:00 1969 4 11 20 30 0 5.0 5.2 334.0 2.6 0.58 0.63 0.0 0.0 2 2 2 2 2 2 2 2 1.3 1.52 -16.0 5.2 5.2 5.2 5.2 5.2 5.2 0.043 0.004 0.33 0.009 0.0 0.001 2 2 2 2 1 2
1969-04-11T21:30:00 1969 4 11 21 30 0 3.6 5.5 391.0 2.5 0.76 0.33 0.0 0.0 2 2 2 2 2 2 2 2 0.3 1.23 -13.0 5.5 5.5 5.5 5.5 5.5 5.5 0.029 0.002 0.32 0.005 0.0 0.0 2 2 2 2 1 2
1969-04-11T22:30:00 1969 4 11 22 30 0 4.4 3.9 399.0 2.7 0.86 0.36 0.0 0.0 2 2 2 2 2 2 2 2 0.3 0.93 -14.0 3.9 3.9 3.9 3.9 3.9 3.9 0.02 0.001 0.31 0.003 0.0 0.0 2 2 2 2 1 2
1969-04-11T23:30:00 1969 4 11 23 30 0 4.6 3.5 389.0 2.8 0.85 0.57 0.0 0.0 2 2 2 2 2 2 2 2 0.3 0.84 -19.0 3.5 3.5 3.5 3.5 3.5 3.5 0.013 0.001 0.301 0.002 0.0 0.0 2 2 2 2 1 2
