1969-07-03T00:30:00 1969 7 3 0 30 0 -2.1 0.7 361.3 4.22 1.44 0.05 0.0 0.0 2 2 1 0 0 2 2 1 0.7 0.62 1.0 0.7 0.7 0.7 0.7 0.7 0.7 0.014 0.015 0.048 0.002 0.005 0.016 0 0 0 0 0 0
1969-07-03T01:30:00 1969 7 3 1 30 0 -1.9 -0.5 353.9 4.22 1.44 0.3 0.22 0.09 2 2 1 0 0 2 2 1 0.7 0.67 1.0 -0.5 -0.5 -0.5 -0.5 -0.5 -0.5 0.026 0.058 0.047 0.01 0.063 0.073 0 0 0 0 0 0
1969-07-03T02:30:00 1969 7 3 2 30 0 -2.6 0.0 346.4 4.22 1.44 0.44 0.4 0.17 2 2 1 0 0 2 2 1 0.7 0.72 1.0 0.0 0.0 0.0 0.0 0.0 0.0 0.033 0.072 0.046 0.011 0.063 0.085 0 0 0 0 0 0
1969-07-03T03:30:00 1969 7 3 3 30 0 -1.8 0.0 339.0 4.22 1.44 0.34 0.0 0.0 2 2 2 0 0 2 2 1 0.7 0.76 3.0 0.0 0.0 0.0 0.0 0.0 0.0 0.023 0.036 0.044 0.006 0.02 0.035 0 0 0 0 0 0
1969-07-03T04:30:00 1969 7 3 4 30 0 -2.2 0.0 339.0 4.22 1.44 0.29 0.0 0.0 2 2 2 0 0 2 2 1 0.7 0.81 6.0 0.0 0.0 0.0 0.0 0.0 0.0 0.015 0.018 0.043 0.004 0.006 0.015 0 0 0 0 0 0
1969-07-03T05:30:00 1969 7 3 5 30 0 -1.7 1.0 339.0 4.22 1.44 0.19 0.0 0.0 2 2 2 0 0 2 2 1 0.7 0.77 8.0 1.0 1.0 1.0 1.0 1.0 1.0 0.01 0.009 0.042 0.002 0.002 0.006 0 0 0 0 0 0
1969-07-03T06:30:00 1969 7 3 6 30 0 -1.55 1.55 337.0 4.22 1.44 0.07 0.0 0.0 1 1 2 0 0 1 2 1 0.3 0.68 9.0 1.55 1.55 1.55 1.55 1.55 1.55 0.007 0.004 0.04 0.001 0.001 0.003 0 0 0 0 0 0
1969-07-03T07:30:00 1969 7 3 7 30 0 -1.4 2.1 337.0 4.22 1.44 0.04 0.0 0.0 2 2 2 0 0 2 2 1 0.3 0.6 10.0 2.1 2.1 2.1 2.1 2.1 2.1 0.005 0.002 0.039 0.001 0.0 0.001 0 0 0 0 0 0
1969-07-03T08:30:00 1969 7 3 8 30 0 -2.2 1.7 337.0 4.21 1.44 0.08 0.0 0.0 2 2 2 0 0 2 2 1 0.3 0.54 10.0 1.7 1.7 1.7 1.7 1.7 1.7 0.003 0.001 0.038 0.0 0.0 0.0 0 0 0 0 0 0
1969-07-03T09:30:00 1969 7 3 9 30 0 -2.1 1.6 333.0 4.21 1.44 0.12 0.0 0.0 2 2 2 0 0 2 2 1 1.0 0.59 9.0 1.6 1.6 1.6 1.6 1.6 1.6 0.002 0.001 0.037 0.0 0.0 0.0 0 0 0 0 0 0
1969-07-03T10:30:00 1969 7 3 10 30 0 -2.1 0.9 333.0 4.21 1.44 0.14 0.0 0.0 2 2 2 0 0 2 2 1 1.0 0.63 10.0 0.9 0.9 0.9 0.9 0.9 0.9 0.001 0.0 0.036 0.0 0.0 0.0 0 0 0 0 0 0
1969-07-03T11:30:00 1969 7 3 11 30 0 -1.3 1.9 333.0 4.21 1.44 0.08 0.0 0.0 2 2 2 0 0 2 2 1 1.0 0.67 10.0 1.9 1.9 1.9 1.9 1.9 1.9 0.001 0.0 0.035 0.0 0.0 0.0 0 0 0 0 0 0
1969-07-03T12:30:00 1969 7 3 12 30 0 -2.4 0.1 333.0 4.21 1.44 0.16 0.0 0.0 2 2 1 0 0 2 2 1 0.7 0.67 12.0 0.1 0.1 0.1 0.1 0.1 0.1 0.001 0.0 0.034 0.0 0.0 0.0 0 0 0 0 0 0
1969-07-03T13:30:00 1969 7 3 13 30 0 0.0 2.7 333.0 4.21 1.44 0.06 0.0 0.0 2 2 1 0 0 2 2 1 0.7 0.67 11.0 2.7 2.7 2.7 2.7 2.7 2.7 0.0 0.0 0.033 0.0 0.0 0.0 0 0 0 0 0 0
1969-07-03T14:30:00 1969 7 3 14 30 0 -2.2 1.0 333.0 4.21 1.44 0.05 0.0 0.0 2 2 1 0 0 2 2 1 0.7 0.72 10.0 1.0 1.0 1.0 1.0 1.0 1.0 0.0 0.0 0.032 0.0 0.0 0.0 0 0 0 0 0 0
1969-07-03T15:30:00 1969 7 3 15 30 0 -1.9 1.1 333.0 4.21 1.44 0.15 0.0 0.0 2 2 1 0 0 2 2 1 1.0 0.8 11.0 1.1 1.1 1.1 1.1 1.1 1.1 0.0 0.0 0.031 0.0 0.0 0.0 0 0 0 0 0 0
1969-07-03T16:30:00 1969 7 3 16 30 0 -2.2 1.1 333.0 4.21 1.44 0.15 0.0 0.0 2 2 1 0 0 2 2 1 1.0 0.89 13.0 1.1 1.1 1.1 1.1 1.1 1.1 0.0 0.0 0.03 0.0 0.0 0.0 0 0 0 0 0 0
1969-07-03T17:30:00 1969 7 3 17 30 0 -1.7 -1.4 333.0 4.21 1.44 0.37 0.75 0.32 2 2 1 0 0 2 2 1 1.0 0.89 13.0 -1.4 -1.4 -1.4 -1.4 -1.4 -1.4 0.046 0.118 0.03 0.033 0.131 0.117 0 0 0 0 0 0
1969-07-03T18:30:00 1969 7 3 18 30 0 -1.2 -1.7 333.0 4.21 1.44 0.72 2.6 1.1 2 2 1 0 0 2 2 1 0.7 0.85 11.0 -1.7 -1.7 -1.7 -1.7 -1.7 -1.7 0.14 0.293 0.035 0.107 0.286 0.258 0 0 0 0 0 0
1969-07-03T19:30:00 1969 7 3 19 30 0 -0.2 -0.5 333.0 4.2 1.44 0.31 1.75 0.74 2 2 1 0 0 2 2 1 0.7 0.81 7.0 -0.5 -0.5 -0.5 -0.5 -0.5 -0.5 0.161 0.301 0.036 0.103 0.245 0.255 0 0 0 0 0 0
1969-07-03T20:30:00 1969 7 3 20 30 0 1.2 -0.8 333.0 4.2 1.44 0.14 1.1 0.46 2 2 1 0 0 2 2 1 0.7 0.81 5.0 -0.8 -0.8 -0.8 -0.8 -0.8 -0.8 0.162 0.284 0.037 0.088 0.216 0.24 0 0 0 0 0 0
1969-07-03T21:30:00 1969 7 3 21 30 0 0.9 -0.9 333.0 4.2 1.44 0.27 1.42 0.6 2 2 1 0 0 2 2 1 1.3 0.89 2.0 -0.9 -0.9 -0.9 -0.9 -0.9 -0.9 0.173 0.296 0.038 0.09 0.228 0.25 0 0 0 0 0 0
1969-07-03T22:30:00 1969 7 3 22 30 0 -2.6 -0.8 333.0 4.2 1.44 0.34 1.41 0.59 2 2 1 0 0 2 2 1 1.3 0.96 -1.0 -0.8 -0.8 -0.8 -0.8 -0.8 -0.8 0.179 0.298 0.039 0.088 0.227 0.251 0 0 0 0 0 0
1969-07-03T23:30:00 1969 7 3 23 30 0 -2.65 -0.5 333.0 4.2 1.43 0.69 1.06 0.45 1 1 1 0 0 1 1 1 1.3 1.0 1.0 -0.5 -0.5 -0.5 -0.5 -0.5 -0.5 0.167 0.269 0.039 0.074 0.193 0.227 0 0 0 0 0 0
