1969-05-25T00:30:00 1969 5 25 0 30 0 1.9 -3.1 529.0 4.74 1.72 3.73 8.49 4.02 2 2 2 0 0 2 2 1 3.3 2.58 -19.0 -3.1 -3.1 -3.1 -3.1 -3.1 -3.1 0.591 0.695 0.3 0.668 1.178 1.633 0 0 0 0 0 0
1969-05-25T01:30:00 1969 5 25 1 30 0 4.9 0.3 529.0 4.74 1.72 2.49 3.4 1.61 2 2 2 0 0 2 2 1 3.3 2.71 -22.0 0.3 0.3 0.3 0.3 0.3 0.3 0.5 0.5 0.301 0.468 0.648 1.095 0 0 0 0 0 0
1969-05-25T02:30:00 1969 5 25 2 30 0 3.9 0.8 529.0 4.74 1.72 1.67 0.0 0.0 2 2 2 0 0 2 2 1 3.3 2.84 -19.0 0.8 0.8 0.8 0.8 0.8 0.8 0.338 0.248 0.292 0.262 0.205 0.454 0 0 0 0 0 0
1969-05-25T03:30:00 1969 5 25 3 30 0 3.0 1.8 500.0 4.73 1.72 0.73 0.0 0.0 2 2 2 0 0 2 2 1 3.0 2.92 -15.0 1.8 1.8 1.8 1.8 1.8 1.8 0.229 0.123 0.283 0.147 0.065 0.188 0 0 0 0 0 0
1969-05-25T04:30:00 1969 5 25 4 30 0 2.98 1.4 500.0 4.73 1.72 0.45 0.0 0.0 1 1 2 0 0 1 2 1 3.0 3.0 -11.0 1.28 1.32 1.19 1.2 1.32 1.36 0.155 0.061 0.275 0.082 0.021 0.078 0 0 0 0 0 0
1969-05-25T05:30:00 1969 5 25 5 30 0 2.95 0.22 500.0 4.73 1.72 0.64 0.0 0.0 1 1 2 0 0 1 2 1 3.0 3.04 -10.0 -0.27 -0.09 -0.61 -0.59 -0.11 0.05 0.115 0.043 0.267 0.061 0.035 0.032 0 0 0 0 0 0
1969-05-25T06:30:00 1969 5 25 6 30 0 2.92 1.56 457.0 4.73 1.72 0.55 0.0 0.0 1 1 2 0 0 1 2 1 0.3 2.72 -10.0 1.44 1.48 1.36 1.36 1.48 1.52 0.078 0.021 0.259 0.035 0.011 0.013 0 0 0 0 0 0
1969-05-25T07:30:00 1969 5 25 7 30 0 2.9 2.0 457.0 4.73 1.72 0.36 0.0 0.0 2 2 2 0 0 2 2 1 0.3 2.41 -7.0 2.0 2.0 2.0 2.0 2.0 2.0 0.053 0.011 0.251 0.02 0.003 0.006 0 0 0 0 0 0
1969-05-25T08:30:00 1969 5 25 8 30 0 3.4 0.5 457.0 4.73 1.72 0.58 0.0 0.0 2 2 2 0 0 2 2 1 0.3 2.02 -4.0 0.5 0.5 0.5 0.5 0.5 0.5 0.036 0.005 0.244 0.011 0.001 0.002 0 0 0 0 0 0
1969-05-25T09:30:00 1969 5 25 9 30 0 2.2 -1.7 453.0 4.73 1.72 1.1 1.65 0.78 2 2 1 0 0 2 2 1 0.7 1.7 -2.0 -1.7 -1.7 -1.7 -1.7 -1.7 -1.7 0.113 0.181 0.242 0.084 0.301 0.374 0 0 0 0 0 0
1969-05-25T10:30:00 1969 5 25 10 30 0 3.2 1.8 449.0 4.73 1.72 0.72 0.78 0.37 2 2 1 0 0 2 2 1 0.7 1.38 -2.0 1.8 1.8 1.8 1.8 1.8 1.8 0.094 0.121 0.236 0.059 0.136 0.217 0 0 0 0 0 0
1969-05-25T11:30:00 1969 5 25 11 30 0 3.6 1.3 445.0 4.73 1.72 0.58 0.0 0.0 2 2 1 0 0 2 2 1 0.7 1.1 -2.0 1.3 1.3 1.3 1.3 1.3 1.3 0.064 0.06 0.229 0.033 0.043 0.09 0 0 0 0 0 0
1969-05-25T12:30:00 1969 5 25 12 30 0 3.4 1.3 441.0 4.73 1.72 0.65 0.0 0.0 2 2 1 0 0 2 2 1 0.7 0.83 -2.0 1.3 1.3 1.3 1.3 1.3 1.3 0.043 0.03 0.222 0.018 0.014 0.037 0 0 0 0 0 0
1969-05-25T13:30:00 1969 5 25 13 30 0 0.3 1.8 437.0 4.73 1.72 0.15 0.0 0.0 2 2 1 0 0 2 2 1 0.7 0.56 -6.0 1.8 1.8 1.8 1.8 1.8 1.8 0.029 0.015 0.215 0.01 0.004 0.016 0 0 0 0 0 0
1969-05-25T14:30:00 1969 5 25 14 30 0 1.7 0.6 433.0 4.73 1.72 0.05 0.0 0.0 2 2 1 0 0 2 2 1 0.7 0.6 -8.0 0.6 0.6 0.6 0.6 0.6 0.6 0.02 0.007 0.208 0.006 0.001 0.006 0 0 0 0 0 0
1969-05-25T15:30:00 1969 5 25 15 30 0 1.3 0.3 429.0 4.72 1.72 0.13 0.0 0.0 1 1 2 0 0 1 2 1 1.3 0.73 -10.0 0.3 0.3 0.3 0.3 0.3 0.3 0.013 0.004 0.202 0.003 0.0 0.003 0 0 0 0 0 0
1969-05-25T16:30:00 1969 5 25 16 30 0 0.9 -1.0 429.0 4.72 1.72 0.22 0.92 0.43 1 1 2 0 0 1 2 1 1.3 0.86 -9.0 -1.0 -1.0 -1.0 -1.0 -1.0 -1.0 0.062 0.125 0.198 0.038 0.19 0.246 0 0 0 0 0 0
1969-05-25T17:30:00 1969 5 25 17 30 0 0.5 -1.3 429.0 4.72 1.72 0.43 2.49 1.18 2 2 2 0 0 2 2 1 1.3 0.93 -10.0 -1.3 -1.3 -1.3 -1.3 -1.3 -1.3 0.15 0.276 0.199 0.11 0.376 0.484 0 0 0 0 0 0
1969-05-25T18:30:00 1969 5 25 18 30 0 2.8 0.2 474.0 4.72 1.72 0.49 1.13 0.53 2 2 2 0 0 2 2 1 2.0 1.1 -12.0 0.2 0.2 0.2 0.2 0.2 0.2 0.14 0.215 0.195 0.084 0.228 0.369 0 0 0 0 0 0
1969-05-25T19:30:00 1969 5 25 19 30 0 2.5 -0.5 474.0 4.72 1.72 0.76 0.47 0.22 2 2 2 0 0 2 2 1 2.0 1.27 -8.0 -0.5 -0.5 -0.5 -0.5 -0.5 -0.5 0.125 0.182 0.19 0.064 0.205 0.357 0 0 0 0 0 0
1969-05-25T20:30:00 1969 5 25 20 30 0 1.7 -1.3 474.0 4.72 1.72 0.87 2.21 1.04 2 2 2 0 0 2 2 1 2.0 1.43 -5.0 -1.3 -1.3 -1.3 -1.3 -1.3 -1.3 0.186 0.287 0.191 0.119 0.403 0.598 0 0 0 0 0 0
1969-05-25T21:30:00 1969 5 25 21 30 0 1.9 -1.9 456.0 4.72 1.72 1.24 3.77 1.78 2 2 2 0 0 2 2 1 1.7 1.55 -7.0 -1.9 -1.9 -1.9 -1.9 -1.9 -1.9 0.281 0.416 0.197 0.218 0.579 0.796 0 0 0 0 0 0
1969-05-25T22:30:00 1969 5 25 22 30 0 1.7 -1.9 456.0 4.72 1.72 1.47 4.33 2.04 2 2 2 0 0 2 2 1 1.7 1.67 -9.0 -1.9 -1.9 -1.9 -1.9 -1.9 -1.9 0.36 0.5 0.206 0.294 0.658 0.893 0 0 0 0 0 0
1969-05-25T23:30:00 1969 5 25 23 30 0 1.4 -0.6 456.0 4.72 1.71 0.78 2.73 1.29 2 2 2 0 0 2 2 1 1.7 1.72 -12.0 -0.6 -0.6 -0.6 -0.6 -0.6 -0.6 0.344 0.438 0.206 0.244 0.503 0.765 0 0 0 0 0 0
