1969-06-29T00:30:00 1969 6 29 0 30 0 -1.9 0.0 355.5 4.31 1.47 0.08 0.0 0.0 2 2 1 0 0 2 2 1 0.7 0.92 16.0 0.0 0.0 0.0 0.0 0.0 0.0 0.014 0.013 0.093 0.004 0.004 0.01 0 0 0 0 0 0
1969-06-29T01:30:00 1969 6 29 1 30 0 -3.4 1.0 357.3 4.3 1.47 0.41 0.0 0.0 2 2 1 0 0 2 2 1 0.7 0.92 16.0 1.0 1.0 1.0 1.0 1.0 1.0 0.01 0.006 0.09 0.002 0.001 0.004 0 0 0 0 0 0
1969-06-29T02:30:00 1969 6 29 2 30 0 -3.5 0.7 359.0 4.3 1.47 0.61 0.0 0.0 2 2 1 0 0 2 2 1 0.7 0.88 14.0 0.7 0.7 0.7 0.7 0.7 0.7 0.007 0.003 0.087 0.001 0.0 0.002 0 0 0 0 0 0
1969-06-29T03:30:00 1969 6 29 3 30 0 -2.9 -0.9 360.8 4.3 1.47 0.82 0.53 0.23 2 2 1 0 0 2 2 1 1.0 0.89 11.0 -0.9 -0.9 -0.9 -0.9 -0.9 -0.9 0.038 0.092 0.086 0.021 0.111 0.116 0 0 0 0 0 0
1969-06-29T04:30:00 1969 6 29 4 30 0 -3.0 3.0 362.6 4.3 1.47 0.43 0.12 0.05 2 2 1 0 0 2 2 1 1.0 0.89 7.0 3.0 3.0 3.0 3.0 3.0 3.0 0.026 0.045 0.083 0.012 0.035 0.048 0 0 0 0 0 0
1969-06-29T05:30:00 1969 6 29 5 30 0 -2.2 3.5 364.3 4.3 1.47 0.13 0.0 0.0 2 2 1 0 0 2 2 1 1.0 0.89 8.0 3.5 3.5 3.5 3.5 3.5 3.5 0.018 0.023 0.081 0.007 0.011 0.02 0 0 0 0 0 0
1969-06-29T06:30:00 1969 6 29 6 30 0 -2.8 2.65 366.1 4.3 1.47 0.13 0.0 0.0 1 1 1 0 0 1 1 1 1.0 0.89 10.0 2.65 2.65 2.65 2.65 2.65 2.65 0.012 0.011 0.078 0.004 0.004 0.008 0 0 0 0 0 0
1969-06-29T07:30:00 1969 6 29 7 30 0 -3.4 1.8 367.8 4.3 1.47 0.31 0.0 0.0 2 2 1 0 0 2 2 1 1.0 0.89 10.0 1.8 1.8 1.8 1.8 1.8 1.8 0.008 0.006 0.076 0.002 0.001 0.003 0 0 0 0 0 0
1969-06-29T08:30:00 1969 6 29 8 30 0 -4.4 -0.9 369.5 4.3 1.47 1.1 0.35 0.15 2 2 1 0 0 2 2 1 1.0 0.93 12.0 -0.9 -0.9 -0.9 -0.9 -0.9 -0.9 0.032 0.072 0.074 0.018 0.092 0.096 0 0 0 0 0 0
1969-06-29T09:30:00 1969 6 29 9 30 0 -4.6 -0.9 371.2 4.3 1.47 2.03 1.67 0.72 2 2 1 0 0 2 2 1 0.7 0.92 13.0 -0.9 -0.9 -0.9 -0.9 -0.9 -0.9 0.094 0.2 0.075 0.059 0.225 0.244 0 0 0 0 0 0
1969-06-29T10:30:00 1969 6 29 10 30 0 -4.5 -1.1 372.9 4.3 1.47 2.14 1.88 0.81 2 2 1 0 0 2 2 1 0.7 0.92 12.0 -1.1 -1.1 -1.1 -1.1 -1.1 -1.1 0.145 0.28 0.077 0.091 0.29 0.324 0 0 0 0 0 0
1969-06-29T11:30:00 1969 6 29 11 30 0 -3.8 -1.5 373.9 4.3 1.47 2.08 2.46 1.06 2 2 1 0 0 2 2 1 0.7 0.88 13.0 -1.5 -1.5 -1.5 -1.5 -1.5 -1.5 0.203 0.357 0.08 0.136 0.358 0.395 0 0 0 0 0 0
1969-06-29T12:30:00 1969 6 29 12 30 0 -3.1 2.7 374.0 4.29 1.47 0.77 0.39 0.17 2 2 1 0 0 2 2 1 1.0 0.89 11.0 2.7 2.7 2.7 2.7 2.7 2.7 0.146 0.197 0.078 0.08 0.133 0.189 0 0 0 0 0 0
1969-06-29T13:30:00 1969 6 29 13 30 0 -2.8 1.6 374.1 4.29 1.47 0.27 0.0 0.0 2 2 1 0 0 2 2 1 1.0 0.89 12.0 1.6 1.6 1.6 1.6 1.6 1.6 0.099 0.098 0.075 0.045 0.042 0.078 0 0 0 0 0 0
1969-06-29T14:30:00 1969 6 29 14 30 0 -2.7 1.3 374.3 4.29 1.47 0.29 0.0 0.0 2 2 1 0 0 2 2 1 1.0 0.89 13.0 1.3 1.3 1.3 1.3 1.3 1.3 0.067 0.048 0.073 0.025 0.013 0.033 0 0 0 0 0 0
1969-06-29T15:30:00 1969 6 29 15 30 0 -2.8 1.3 374.4 4.29 1.47 0.31 0.0 0.0 2 2 1 0 0 2 2 1 1.0 0.89 15.0 1.3 1.3 1.3 1.3 1.3 1.3 0.045 0.024 0.071 0.014 0.004 0.013 0 0 0 0 0 0
1969-06-29T16:30:00 1969 6 29 16 30 0 -2.4 1.1 374.5 4.29 1.47 0.28 0.0 0.0 2 2 1 0 0 2 2 1 1.0 0.89 16.0 1.1 1.1 1.1 1.1 1.1 1.1 0.031 0.012 0.069 0.008 0.001 0.006 0 0 0 0 0 0
1969-06-29T17:30:00 1969 6 29 17 30 0 -3.2 0.2 374.6 4.29 1.47 0.47 0.0 0.0 2 2 1 0 0 2 2 1 1.0 0.93 18.0 0.2 0.2 0.2 0.2 0.2 0.2 0.021 0.006 0.066 0.004 0.0 0.002 0 0 0 0 0 0
1969-06-29T18:30:00 1969 6 29 18 30 0 -1.8 -0.9 374.8 4.29 1.47 0.61 0.76 0.33 2 2 1 0 0 2 2 1 1.3 1.0 16.0 -0.9 -0.9 -0.9 -0.9 -0.9 -0.9 0.058 0.115 0.066 0.029 0.142 0.156 0 0 0 0 0 0
1969-06-29T19:30:00 1969 6 29 19 30 0 -2.5 -1.2 374.9 4.29 1.47 0.8 1.99 0.85 2 2 1 0 0 2 2 1 1.3 1.08 13.0 -1.2 -1.2 -1.2 -1.2 -1.2 -1.2 0.126 0.245 0.068 0.08 0.276 0.298 0 0 0 0 0 0
1969-06-29T20:30:00 1969 6 29 20 30 0 -2.2 0.0 375.0 4.29 1.47 0.63 1.03 0.44 2 2 1 0 0 2 2 1 1.3 1.12 11.0 0.0 0.0 0.0 0.0 0.0 0.0 0.12 0.202 0.068 0.065 0.175 0.229 0 0 0 0 0 0
1969-06-29T21:30:00 1969 6 29 21 30 0 -0.9 0.1 375.2 4.29 1.47 0.18 0.0 0.0 2 2 1 0 0 2 2 1 1.0 1.11 9.0 0.1 0.1 0.1 0.1 0.1 0.1 0.082 0.1 0.065 0.036 0.055 0.095 0 0 0 0 0 0
1969-06-29T22:30:00 1969 6 29 22 30 0 -3.1 -0.6 375.3 4.29 1.47 0.47 0.53 0.23 2 2 1 0 0 2 2 1 1.0 1.11 12.0 -0.6 -0.6 -0.6 -0.6 -0.6 -0.6 0.087 0.138 0.064 0.037 0.128 0.168 0 0 0 0 0 0
1969-06-29T23:30:00 1969 6 29 23 30 0 -2.3 -2.2 375.4 4.29 1.47 1.32 2.75 1.18 2 2 1 0 0 2 2 1 1.0 1.11 13.0 -2.2 -2.2 -2.2 -2.2 -2.2 -2.2 0.182 0.317 0.07 0.132 0.353 0.362 0 0 0 0 0 0
