1969-12-11T00:30:00 1969 12 11 0 30 0 -6.0 -0.2 457.0 4.4 1.84 3.16 4.16 1.88 2 2 2 2 2 2 2 2 4.0 3.17 -25.0 -0.2 -0.2 -0.2 -0.2 -0.2 -0.2 0.724 0.688 0.236 0.696 0.678 0.947 2 2 2 2 2 2
1969-12-11T01:30:00 1969 12 11 1 30 0 -4.9 0.9 457.0 4.4 1.84 2.36 0.02 0.01 2 2 2 2 2 2 2 2 4.0 3.5 -18.0 0.9 0.9 0.9 0.9 0.9 0.9 0.49 0.342 0.229 0.39 0.215 0.393 2 2 2 2 2 2
1969-12-11T02:30:00 1969 12 11 2 30 0 -1.2 1.0 457.0 4.4 1.84 0.59 0.0 0.0 2 2 2 2 2 2 2 2 4.0 3.7 -13.0 1.0 1.0 1.0 1.0 1.0 1.0 0.332 0.17 0.222 0.218 0.068 0.163 2 2 2 2 2 2
1969-12-11T03:30:00 1969 12 11 3 30 0 -1.9 0.6 475.0 4.8 2.17 0.13 0.0 0.0 2 2 2 2 2 2 2 2 2.7 3.74 -11.0 0.6 0.6 0.6 0.6 0.6 0.6 0.225 0.084 0.215 0.122 0.022 0.068 2 2 2 2 2 2
1969-12-11T04:30:00 1969 12 11 4 30 0 -5.0 0.0 475.0 4.8 2.17 1.19 0.0 0.0 2 2 2 2 2 2 2 2 2.7 3.77 -7.0 0.0 0.0 0.0 0.0 0.0 0.0 0.152 0.042 0.209 0.068 0.007 0.028 2 2 2 2 2 2
1969-12-11T05:30:00 1969 12 11 5 30 0 -5.0 -3.0 475.0 4.8 2.17 3.97 3.86 1.85 2 2 2 2 2 2 2 2 2.7 3.57 -6.0 -3.0 -3.0 -3.0 -3.0 -3.0 -3.0 0.283 0.326 0.218 0.241 0.546 0.662 2 2 2 2 2 2
1969-12-11T06:30:00 1969 12 11 6 30 0 -6.8 -2.9 445.0 5.4 2.14 6.68 6.76 3.46 2 2 2 2 2 2 2 2 3.0 3.41 -10.0 -2.9 -2.9 -2.9 -2.9 -2.9 -2.9 0.448 0.572 0.238 0.447 0.834 1.072 2 2 2 2 2 2
1969-12-11T07:30:00 1969 12 11 7 30 0 -7.8 0.4 445.0 5.4 2.14 5.73 2.57 1.39 2 2 2 2 2 2 2 2 3.0 3.25 -4.0 0.4 0.4 0.4 0.4 0.4 0.4 0.385 0.429 0.237 0.32 0.465 0.748 2 2 2 2 2 2
1969-12-11T08:30:00 1969 12 11 8 30 0 -8.1 -0.3 445.0 5.4 2.14 5.19 0.17 0.09 2 2 2 2 2 2 2 2 3.0 3.13 -2.0 -0.3 -0.3 -0.3 -0.3 -0.3 -0.3 0.275 0.255 0.23 0.185 0.217 0.431 2 2 2 2 2 2
1969-12-11T09:30:00 1969 12 11 9 30 0 -6.8 2.2 427.0 4.3 1.57 3.69 0.02 0.01 2 2 2 2 2 2 2 2 1.0 2.75 -2.0 2.2 2.2 2.2 2.2 2.2 2.2 0.186 0.127 0.223 0.104 0.069 0.179 2 2 2 2 2 2
1969-12-11T10:30:00 1969 12 11 10 30 0 -5.5 2.8 427.0 4.3 1.57 1.73 0.0 0.0 2 2 2 2 2 2 2 2 1.0 2.37 0.0 2.8 2.8 2.8 2.8 2.8 2.8 0.126 0.063 0.216 0.058 0.022 0.074 2 2 2 2 2 2
1969-12-11T11:30:00 1969 12 11 11 30 0 -6.7 3.1 427.0 4.3 1.57 1.6 0.0 0.0 2 2 2 2 2 2 2 2 1.0 2.15 -1.0 3.1 3.1 3.1 3.1 3.1 3.1 0.085 0.031 0.21 0.033 0.007 0.031 2 2 2 2 2 2
1969-12-11T12:30:00 1969 12 11 12 30 0 -8.7 1.1 430.0 6.1 2.26 3.38 0.0 0.0 2 2 2 2 2 2 2 2 2.3 2.11 2.0 1.1 1.1 1.1 1.1 1.1 1.1 0.058 0.016 0.203 0.018 0.002 0.013 2 2 2 2 2 2
1969-12-11T13:30:00 1969 12 11 13 30 0 -8.9 -1.6 430.0 6.1 2.26 6.5 1.16 0.71 2 2 2 2 2 2 2 2 2.3 2.06 2.0 -1.6 -1.6 -1.6 -1.6 -1.6 -1.6 0.116 0.173 0.201 0.075 0.261 0.392 2 2 2 2 2 2
1969-12-11T14:30:00 1969 12 11 14 30 0 -9.0 1.2 430.0 6.1 2.26 6.38 0.84 0.51 2 2 2 2 2 2 2 2 2.3 1.98 -5.0 1.2 1.2 1.2 1.2 1.2 1.2 0.104 0.14 0.197 0.058 0.148 0.287 2 2 2 2 2 2
1969-12-11T15:30:00 1969 12 11 15 30 0 -7.0 -1.3 384.0 6.0 1.77 4.85 0.77 0.46 2 2 2 2 2 2 2 2 2.0 1.87 -6.0 -1.3 -1.3 -1.3 -1.3 -1.3 -1.3 0.124 0.197 0.193 0.073 0.222 0.364 2 2 2 2 2 2
1969-12-11T16:30:00 1969 12 11 16 30 0 -3.8 0.6 384.0 6.0 1.77 2.38 0.75 0.45 2 2 2 2 2 2 2 2 2.0 1.75 -3.0 0.6 0.6 0.6 0.6 0.6 0.6 0.109 0.155 0.188 0.055 0.13 0.253 2 2 2 2 2 2
1969-12-11T17:30:00 1969 12 11 17 30 0 -3.1 -0.8 384.0 6.0 1.77 0.99 0.5 0.3 2 2 2 2 2 2 2 2 2.0 1.87 -2.0 -0.8 -0.8 -0.8 -0.8 -0.8 -0.8 0.111 0.176 0.184 0.053 0.172 0.301 2 2 2 2 2 2
1969-12-11T18:30:00 1969 12 11 18 30 0 -5.5 -0.7 390.0 6.0 1.83 1.96 1.44 0.87 2 2 2 2 2 2 2 2 1.7 1.95 -2.0 -0.7 -0.7 -0.7 -0.7 -0.7 -0.7 0.147 0.255 0.181 0.075 0.264 0.439 2 2 2 2 2 2
1969-12-11T19:30:00 1969 12 11 19 30 0 -5.7 0.3 390.0 6.0 1.83 2.49 0.42 0.25 2 2 2 2 2 2 2 2 1.7 2.03 -4.0 0.3 0.3 0.3 0.3 0.3 0.3 0.115 0.165 0.176 0.049 0.124 0.26 2 2 2 2 2 2
1969-12-11T20:30:00 1969 12 11 20 30 0 -5.1 0.3 390.0 6.0 1.83 2.02 0.0 0.0 2 2 2 2 2 2 2 2 1.7 1.96 -4.0 0.3 0.3 0.3 0.3 0.3 0.3 0.078 0.082 0.171 0.027 0.039 0.108 2 2 2 2 2 2
1969-12-11T21:30:00 1969 12 11 21 30 0 -6.5 1.9 416.0 5.3 1.83 2.01 0.0 0.0 2 2 2 2 2 2 2 2 1.3 1.83 -3.0 1.9 1.9 1.9 1.9 1.9 1.9 0.053 0.041 0.166 0.015 0.012 0.045 2 2 2 2 2 2
1969-12-11T22:30:00 1969 12 11 22 30 0 -6.5 1.57 416.0 5.3 1.83 2.28 0.0 0.0 1 1 2 2 2 1 2 2 1.3 1.7 -2.0 1.39 1.44 1.32 1.32 1.43 1.47 0.036 0.02 0.161 0.009 0.004 0.019 2 2 2 2 2 2
1969-12-11T23:30:00 1969 12 11 23 30 0 -5.4 0.36 416.0 5.3 1.83 2.23 0.0 0.0 1 1 2 2 2 1 2 2 1.3 1.62 -2.0 -0.48 -0.28 -0.83 -0.81 -0.3 -0.13 0.039 0.037 0.157 0.025 0.045 0.05 2 1 2 1 1 1
