1969-10-07T00:30:00 1969 10 7 0 30 0 1.4 2.86 487.0 2.2 1.04 0.03 0.0 0.0 1 1 2 2 2 1 2 2 2.0 2.61 -21.0 2.68 2.72 2.62 2.62 2.72 2.75 0.118 0.029 0.264 0.046 0.005 0.02 2 2 2 2 2 2
1969-10-07T01:30:00 1969 10 7 1 30 0 1.07 0.47 487.0 2.2 1.04 0.04 0.0 0.0 1 1 2 2 2 1 2 2 2.0 2.36 -23.0 -0.34 -0.16 -0.66 -0.64 -0.18 -0.01 0.088 0.027 0.257 0.036 0.029 0.013 2 2 2 2 1 2
1969-10-07T02:30:00 1969 10 7 2 30 0 0.46 0.02 487.0 2.2 1.04 0.04 0.0 0.0 1 0 2 2 2 1 1 1 2.0 2.24 -29.0 -0.91 -0.71 -1.28 -1.26 -0.73 -0.54 0.116 0.102 0.255 0.084 0.176 0.108 1 0 2 0 0 0
1969-10-07T03:30:00 1969 10 7 3 30 0 -0.15 0.02 487.0 1.8 0.85 0.0 0.0 0.0 1 0 2 2 2 1 1 1 3.3 2.29 -32.0 -0.91 -0.7 -1.28 -1.26 -0.73 -0.54 0.145 0.152 0.254 0.122 0.244 0.151 1 0 2 0 0 0
1969-10-07T04:30:00 1969 10 7 4 30 0 -0.39 0.02 487.0 1.8 0.85 0.01 0.0 0.0 0 0 2 2 2 1 1 1 3.3 2.34 -26.0 -0.91 -0.7 -1.28 -1.26 -0.73 -0.54 0.163 0.173 0.253 0.142 0.261 0.16 0 0 1 0 0 0
1969-10-07T05:30:00 1969 10 7 5 30 0 -0.39 0.02 487.0 1.8 0.85 0.02 0.0 0.0 0 0 2 2 2 1 1 1 3.3 2.5 -23.0 -0.91 -0.7 -1.28 -1.26 -0.73 -0.54 0.175 0.183 0.252 0.153 0.266 0.164 0 0 1 0 0 0
1969-10-07T06:30:00 1969 10 7 6 30 0 -0.39 0.02 480.9 1.8 0.85 0.01 0.0 0.0 0 0 1 1 1 0 1 1 2.3 2.54 -28.0 -0.91 -0.7 -1.28 -1.26 -0.72 -0.54 0.183 0.188 0.251 0.158 0.264 0.164 0 0 1 0 0 0
1969-10-07T07:30:00 1969 10 7 7 30 0 -0.39 0.02 474.7 1.8 0.89 0.01 0.0 0.0 0 0 1 1 1 0 1 1 2.3 2.57 -24.0 -0.91 -0.7 -1.28 -1.26 -0.72 -0.54 0.187 0.191 0.25 0.16 0.259 0.161 0 0 1 0 0 0
1969-10-07T08:30:00 1969 10 7 8 30 0 -0.39 0.02 468.6 2.23 1.0 0.01 0.0 0.0 0 0 1 1 1 0 1 1 2.3 2.6 -19.0 -0.91 -0.7 -1.28 -1.26 -0.72 -0.54 0.194 0.199 0.248 0.164 0.265 0.176 0 0 1 0 0 0
1969-10-07T09:30:00 1969 10 7 9 30 0 -0.39 0.02 462.5 2.75 1.11 0.01 0.0 0.0 0 0 1 1 1 0 1 1 1.3 2.5 -13.0 -0.91 -0.7 -1.28 -1.26 -0.72 -0.54 0.203 0.213 0.248 0.172 0.28 0.212 0 0 1 0 0 0
1969-10-07T10:30:00 1969 10 7 10 30 0 -0.39 0.02 456.3 3.28 1.23 0.01 0.0 0.0 0 0 1 1 1 0 1 1 1.3 2.4 -14.0 -0.91 -0.7 -1.28 -1.26 -0.72 -0.54 0.213 0.23 0.247 0.182 0.295 0.259 0 0 1 0 0 0
1969-10-07T11:30:00 1969 10 7 11 30 0 -0.39 0.02 450.2 3.81 1.23 0.01 0.0 0.0 0 0 1 1 0 0 1 1 1.3 2.15 -14.0 -0.91 -0.7 -1.28 -1.26 -0.72 -0.54 0.225 0.247 0.247 0.191 0.309 0.311 0 0 1 0 0 0
1969-10-07T12:30:00 1969 10 7 12 30 0 -0.39 0.03 444.0 4.09 1.23 0.01 0.0 0.0 0 0 1 0 0 0 1 0 0.7 1.83 -12.0 -0.91 -0.7 -1.28 -1.26 -0.72 -0.54 0.234 0.261 0.247 0.199 0.317 0.35 0 0 1 0 0 0
1969-10-07T13:30:00 1969 10 7 13 30 0 -0.39 0.03 437.9 4.09 1.23 0.01 0.0 0.0 0 0 1 0 0 0 1 0 0.7 1.51 -12.0 -0.91 -0.7 -1.28 -1.26 -0.72 -0.54 0.241 0.27 0.247 0.202 0.316 0.366 0 0 1 0 0 0
1969-10-07T14:30:00 1969 10 7 14 30 0 -0.39 0.03 431.8 4.09 1.23 0.01 0.0 0.0 0 0 1 0 0 0 1 0 0.7 1.31 -13.0 -0.91 -0.7 -1.28 -1.26 -0.72 -0.53 0.244 0.273 0.246 0.203 0.311 0.363 0 0 1 0 0 0
1969-10-07T15:30:00 1969 10 7 15 30 0 -0.39 0.03 425.6 4.1 1.23 0.01 0.0 0.0 0 0 1 0 0 0 1 0 0.7 1.11 -14.0 -0.9 -0.7 -1.28 -1.26 -0.72 -0.53 0.245 0.275 0.246 0.201 0.305 0.355 0 0 1 0 0 0
1969-10-07T16:30:00 1969 10 7 16 30 0 -0.39 0.03 419.5 4.1 1.23 0.01 0.0 0.0 0 0 1 0 0 0 1 0 0.7 0.92 -13.0 -0.9 -0.7 -1.28 -1.26 -0.72 -0.53 0.245 0.275 0.245 0.199 0.299 0.345 0 0 1 0 0 0
1969-10-07T17:30:00 1969 10 7 17 30 0 -0.39 0.03 413.4 4.1 1.23 0.01 0.0 0.0 0 0 1 0 0 0 1 0 0.7 0.84 -13.0 -0.9 -0.7 -1.28 -1.26 -0.72 -0.53 0.244 0.275 0.244 0.196 0.292 0.334 0 0 1 0 0 0
1969-10-07T18:30:00 1969 10 7 18 30 0 -0.39 0.03 407.2 4.1 1.23 0.01 0.0 0.0 0 0 1 0 0 0 1 0 0.3 0.72 -13.0 -0.9 -0.7 -1.28 -1.25 -0.72 -0.53 0.242 0.275 0.243 0.193 0.285 0.322 0 0 1 0 0 0
1969-10-07T19:30:00 1969 10 7 19 30 0 -0.4 0.03 401.1 4.1 1.23 0.01 0.0 0.0 0 0 1 0 0 0 1 0 0.3 0.6 -14.0 -0.9 -0.7 -1.28 -1.25 -0.72 -0.53 0.24 0.274 0.241 0.189 0.278 0.311 0 0 1 0 0 0
1969-10-07T20:30:00 1969 10 7 20 30 0 -0.4 0.03 395.0 4.1 1.23 0.01 0.0 0.0 0 0 1 0 0 0 1 0 0.3 0.54 -13.0 -0.9 -0.7 -1.28 -1.25 -0.72 -0.53 0.237 0.273 0.24 0.185 0.272 0.3 0 0 1 0 0 0
1969-10-07T21:30:00 1969 10 7 21 30 0 -0.4 0.03 388.8 4.1 1.24 0.01 0.0 0.0 0 0 1 0 0 0 1 0 1.0 0.59 -13.0 -0.9 -0.7 -1.28 -1.25 -0.72 -0.53 0.235 0.273 0.238 0.181 0.265 0.289 0 0 1 0 0 0
1969-10-07T22:30:00 1969 10 7 22 30 0 -0.4 0.03 382.7 4.11 1.24 0.01 0.0 0.0 0 0 1 0 0 0 1 0 1.0 0.63 -14.0 -0.9 -0.7 -1.28 -1.25 -0.72 -0.53 0.232 0.272 0.236 0.178 0.259 0.279 0 0 1 0 0 0
1969-10-07T23:30:00 1969 10 7 23 30 0 -0.4 0.03 376.5 4.11 1.24 0.01 0.0 0.0 0 0 1 0 0 0 1 0 1.0 0.67 -14.0 -0.9 -0.7 -1.28 -1.25 -0.72 -0.53 0.23 0.271 0.234 0.174 0.252 0.269 0 0 1 0 0 0
