1969-11-27T00:30:00 1969 11 27 0 30 0 5.8 5.2 549.0 7.8 4.7 0.53 0.0 0.0 2 2 2 2 2 2 2 2 1.3 2.43 1.0 5.2 5.2 5.2 5.2 5.2 5.2 0.063 0.01 0.246 0.023 0.001 0.005 2 2 2 2 2 2
1969-11-27T01:30:00 1969 11 27 1 30 0 4.3 4.0 549.0 7.8 4.7 0.89 0.0 0.0 2 2 2 2 2 2 2 2 1.3 2.18 3.0 4.0 4.0 4.0 4.0 4.0 4.0 0.043 0.005 0.239 0.013 0.0 0.002 2 2 2 2 2 2
1969-11-27T02:30:00 1969 11 27 2 30 0 5.0 4.2 549.0 7.8 4.7 0.81 0.0 0.0 2 2 2 2 2 2 2 2 1.3 1.97 5.0 4.2 4.2 4.2 4.2 4.2 4.2 0.029 0.003 0.232 0.007 0.0 0.001 2 2 2 2 2 2
1969-11-27T03:30:00 1969 11 27 3 30 0 0.6 -2.9 553.0 4.3 2.63 1.06 1.98 0.93 2 2 2 2 2 2 2 2 4.3 2.15 6.0 -2.9 -2.9 -2.9 -2.9 -2.9 -2.9 0.133 0.184 0.237 0.146 0.432 0.541 2 2 2 2 2 2
1969-11-27T04:30:00 1969 11 27 4 30 0 4.9 -5.9 553.0 4.3 2.63 8.19 12.51 5.38 2 2 2 2 2 2 2 2 4.3 2.33 -3.0 -5.9 -5.9 -5.9 -5.9 -5.9 -5.9 0.522 0.641 0.302 0.801 1.352 1.542 2 2 2 2 2 2
1969-11-27T05:30:00 1969 11 27 5 30 0 5.4 -3.3 553.0 4.3 2.63 10.55 12.42 5.34 2 2 2 2 2 2 2 2 4.3 2.63 -13.0 -3.3 -3.3 -3.3 -3.3 -3.3 -3.3 0.733 0.807 0.355 1.029 1.473 1.828 2 2 2 2 2 2
1969-11-27T06:30:00 1969 11 27 6 30 0 3.2 -2.0 551.0 3.9 2.37 5.08 7.16 2.94 2 2 2 2 2 2 2 2 4.0 2.89 -17.0 -2.0 -2.0 -2.0 -2.0 -2.0 -2.0 0.728 0.732 0.374 0.858 1.167 1.577 2 2 2 2 2 2
1969-11-27T07:30:00 1969 11 27 7 30 0 3.3 -5.4 531.0 3.6 2.03 6.5 10.35 3.85 2 2 2 2 2 2 2 2 4.0 3.14 -16.0 -5.4 -5.4 -5.4 -5.4 -5.4 -5.4 0.844 0.827 0.415 1.024 1.358 1.587 2 2 2 2 2 2
1969-11-27T08:30:00 1969 11 27 8 30 0 3.7 -4.9 509.0 3.5 1.81 9.47 13.32 4.72 2 2 2 2 2 2 2 2 4.0 3.46 -21.0 -4.9 -4.9 -4.9 -4.9 -4.9 -4.9 0.965 0.917 0.465 1.203 1.435 1.533 2 2 2 2 2 2
1969-11-27T09:30:00 1969 11 27 9 30 0 2.7 -4.8 497.0 3.9 1.93 8.1 12.18 4.52 2 2 2 2 2 2 2 2 4.3 3.83 -28.0 -4.8 -4.8 -4.8 -4.8 -4.8 -4.8 1.031 0.958 0.506 1.259 1.412 1.503 2 2 2 2 2 2
1969-11-27T10:30:00 1969 11 27 10 30 0 -1.6 -2.1 489.0 3.8 1.82 3.58 8.23 3.17 2 2 2 2 2 2 2 2 4.3 4.19 -29.0 -2.1 -2.1 -2.1 -2.1 -2.1 -2.1 0.947 0.837 0.521 1.02 1.097 1.268 2 2 2 2 2 2
1969-11-27T11:30:00 1969 11 27 11 30 0 -1.4 -3.4 498.0 2.1 1.04 2.67 6.93 1.95 2 2 2 2 2 2 2 2 4.3 4.19 -28.0 -3.4 -3.4 -3.4 -3.4 -3.4 -3.4 0.852 0.721 0.529 0.834 0.925 0.931 2 2 2 2 2 2
1969-11-27T12:30:00 1969 11 27 12 30 0 0.6 -5.2 522.0 1.5 0.82 5.66 11.2 1.96 2 2 2 2 2 2 2 2 3.7 4.11 -21.0 -5.2 -5.2 -5.2 -5.2 -5.2 -5.2 0.845 0.695 0.552 0.873 0.992 0.703 2 2 2 2 2 2
1969-11-27T13:30:00 1969 11 27 13 30 0 0.2 -4.4 507.0 1.8 0.93 6.56 12.25 2.03 2 2 2 2 2 2 2 2 3.7 4.04 -30.0 -4.4 -4.4 -4.4 -4.4 -4.4 -4.4 0.845 0.686 0.576 0.9 1.009 0.612 2 2 2 2 2 2
1969-11-27T14:30:00 1969 11 27 14 30 0 0.2 -4.0 500.0 1.4 0.7 4.99 10.53 1.67 2 2 2 2 2 2 2 2 3.7 4.0 -34.0 -4.0 -4.0 -4.0 -4.0 -4.0 -4.0 0.805 0.64 0.591 0.833 0.911 0.504 2 2 2 2 2 2
1969-11-27T15:30:00 1969 11 27 15 30 0 -0.4 -4.1 494.0 1.5 0.73 4.64 10.07 1.46 2 2 2 2 2 2 2 2 4.0 4.0 -28.0 -4.1 -4.1 -4.1 -4.1 -4.1 -4.1 0.768 0.607 0.602 0.778 0.858 0.438 2 2 2 2 2 2
1969-11-27T16:30:00 1969 11 27 16 30 0 -0.3 -0.6 443.0 1.2 0.47 1.65 5.21 0.72 2 2 2 2 2 2 2 2 4.0 4.0 -27.0 -0.6 -0.6 -0.6 -0.6 -0.6 -0.6 0.62 0.45 0.594 0.536 0.519 0.283 2 2 2 2 2 2
1969-11-27T17:30:00 1969 11 27 17 30 0 0.5 -3.1 487.0 1.5 0.71 1.23 4.61 0.64 2 2 2 2 2 2 2 2 4.0 3.96 -26.0 -3.1 -3.1 -3.1 -3.1 -3.1 -3.1 0.545 0.414 0.588 0.442 0.526 0.264 2 2 2 2 2 2
1969-11-27T18:30:00 1969 11 27 18 30 0 2.3 -2.6 482.0 1.4 0.65 2.66 6.85 0.99 2 2 2 2 2 2 2 2 3.0 3.79 -26.0 -2.6 -2.6 -2.6 -2.6 -2.6 -2.6 0.525 0.426 0.587 0.429 0.578 0.279 2 2 2 2 2 2
1969-11-27T19:30:00 1969 11 27 19 30 0 2.7 -1.6 482.0 1.4 0.65 2.19 4.96 0.69 2 2 2 2 2 2 2 2 3.0 3.63 -32.0 -1.6 -1.6 -1.6 -1.6 -1.6 -1.6 0.468 0.382 0.579 0.354 0.496 0.25 2 2 2 2 2 2
1969-11-27T20:30:00 1969 11 27 20 30 0 2.7 -1.3 477.0 1.5 0.68 1.64 3.45 0.5 1 1 2 2 2 1 2 2 3.0 3.54 -32.0 -1.47 -1.43 -1.56 -1.55 -1.43 -1.39 0.408 0.336 0.57 0.285 0.424 0.225 2 2 2 2 1 1
1969-11-27T21:30:00 1969 11 27 21 30 0 2.13 -0.18 476.0 1.7 0.77 0.92 1.65 0.26 1 1 2 2 2 1 2 2 3.0 3.45 -29.0 -1.01 -0.8 -1.39 -1.37 -0.82 -0.64 0.352 0.284 0.559 0.24 0.345 0.198 2 1 2 1 1 1
1969-11-27T22:30:00 1969 11 27 22 30 0 1.09 0.03 476.3 1.7 0.77 0.28 0.17 0.03 1 0 1 1 1 1 1 1 3.0 3.36 -29.0 -0.92 -0.68 -1.36 -1.34 -0.71 -0.49 0.303 0.238 0.549 0.21 0.284 0.168 1 1 2 1 0 1
1969-11-27T23:30:00 1969 11 27 23 30 0 0.04 0.03 476.6 1.7 0.83 0.04 0.0 0.0 1 0 1 1 1 1 1 1 3.0 3.24 -30.0 -0.93 -0.68 -1.36 -1.34 -0.71 -0.49 0.268 0.211 0.539 0.193 0.26 0.151 1 0 2 1 0 0
