1969-09-17T00:30:00 1969 9 17 0 30 0 -4.7 1.8 332.0 7.9 1.74 0.78 0.0 0.0 2 2 2 2 2 2 2 2 0.7 1.08 -6.0 1.8 1.8 1.8 1.8 1.8 1.8 0.014 0.003 0.13 0.001 0.0 0.001 2 2 1 2 2 2
1969-09-17T01:30:00 1969 9 17 1 30 0 -1.5 2.2 339.0 7.4 1.7 0.31 0.0 0.0 2 2 2 2 2 2 2 2 0.7 1.08 -4.0 2.2 2.2 2.2 2.2 2.2 2.2 0.009 0.002 0.126 0.001 0.0 0.0 2 2 1 2 2 2
1969-09-17T02:30:00 1969 9 17 2 30 0 1.8 3.3 334.0 8.7 1.94 0.01 0.0 0.0 2 2 2 2 2 2 2 2 0.7 1.07 2.0 3.3 3.3 3.3 3.3 3.3 3.3 0.006 0.001 0.123 0.0 0.0 0.0 2 2 1 2 2 2
1969-09-17T03:30:00 1969 9 17 3 30 0 0.3 4.4 336.0 8.7 1.96 0.01 0.0 0.0 2 2 2 2 2 2 2 2 0.0 0.98 7.0 4.4 4.4 4.4 4.4 4.4 4.4 0.004 0.0 0.119 0.0 0.0 0.0 2 2 1 2 2 2
1969-09-17T04:30:00 1969 9 17 4 30 0 -2.5 5.0 338.0 7.5 1.71 0.02 0.0 0.0 2 2 2 2 2 2 2 2 0.0 0.88 9.0 5.0 5.0 5.0 5.0 5.0 5.0 0.003 0.0 0.115 0.0 0.0 0.0 2 2 1 2 2 2
1969-09-17T05:30:00 1969 9 17 5 30 0 -1.7 6.6 348.0 8.0 1.94 0.04 0.0 0.0 2 2 2 2 2 2 2 2 0.0 0.67 10.0 6.6 6.6 6.6 6.6 6.6 6.6 0.002 0.0 0.112 0.0 0.0 0.0 2 2 1 2 2 2
1969-09-17T06:30:00 1969 9 17 6 30 0 -0.1 7.9 354.0 9.7 2.43 0.0 0.0 0.0 2 2 2 2 2 2 2 2 0.3 0.5 12.0 7.9 7.9 7.9 7.9 7.9 7.9 0.001 0.0 0.108 0.0 0.0 0.0 2 2 1 2 2 2
1969-09-17T07:30:00 1969 9 17 7 30 0 0.4 7.7 354.0 10.4 2.61 0.0 0.0 0.0 2 2 2 2 2 2 2 2 0.3 0.33 16.0 7.7 7.7 7.7 7.7 7.7 7.7 0.001 0.0 0.105 0.0 0.0 0.0 2 2 1 2 2 2
1969-09-17T08:30:00 1969 9 17 8 30 0 -4.2 6.2 353.0 11.1 2.77 0.07 0.0 0.0 2 2 2 2 2 2 2 2 0.3 0.28 20.0 6.2 6.2 6.2 6.2 6.2 6.2 0.001 0.0 0.102 0.0 0.0 0.0 2 2 1 2 2 2
1969-09-17T09:30:00 1969 9 17 9 30 0 -6.2 -2.8 380.0 8.1 2.34 2.01 1.05 0.88 2 2 2 2 2 2 2 2 3.3 0.63 20.0 -2.8 -2.8 -2.8 -2.8 -2.8 -2.8 0.09 0.195 0.104 0.096 0.263 0.412 2 2 1 2 2 2
1969-09-17T10:30:00 1969 9 17 10 30 0 -5.9 0.2 420.0 7.5 2.65 3.86 2.35 1.85 2 2 2 2 2 2 2 2 3.3 0.97 12.0 0.2 0.2 0.2 0.2 0.2 0.2 0.151 0.273 0.107 0.127 0.29 0.563 2 2 1 2 2 2
1969-09-17T11:30:00 1969 9 17 11 30 0 -4.9 -0.2 411.0 9.2 3.11 2.34 0.12 0.11 2 2 2 2 2 2 2 2 3.3 1.39 -1.0 -0.2 -0.2 -0.2 -0.2 -0.2 -0.2 0.115 0.178 0.104 0.076 0.151 0.396 2 2 1 2 2 2
1969-09-17T12:30:00 1969 9 17 12 30 0 -3.3 7.1 416.0 10.9 3.77 0.61 0.0 0.0 2 2 2 2 2 2 2 2 3.3 1.81 -10.0 7.1 7.1 7.1 7.1 7.1 7.1 0.078 0.088 0.101 0.042 0.048 0.164 2 2 1 2 2 2
1969-09-17T13:30:00 1969 9 17 13 30 0 -4.4 3.8 401.0 11.8 3.79 0.31 0.0 0.0 2 2 2 2 2 2 2 2 3.3 2.21 -2.0 3.8 3.8 3.8 3.8 3.8 3.8 0.053 0.044 0.098 0.024 0.015 0.068 2 2 1 2 2 2
1969-09-17T14:30:00 1969 9 17 14 30 0 -6.8 4.6 417.0 13.3 4.63 1.02 0.0 0.0 2 2 2 2 2 2 2 2 3.3 2.58 1.0 4.6 4.6 4.6 4.6 4.6 4.6 0.036 0.022 0.095 0.013 0.005 0.028 2 2 1 2 2 2
1969-09-17T15:30:00 1969 9 17 15 30 0 -8.4 4.8 420.0 14.4 5.08 2.02 0.0 0.0 2 2 2 2 2 2 2 2 3.3 2.94 8.0 4.8 4.8 4.8 4.8 4.8 4.8 0.024 0.011 0.092 0.007 0.002 0.012 2 2 1 2 2 2
1969-09-17T16:30:00 1969 9 17 16 30 0 -2.0 11.5 433.0 12.4 4.65 0.61 0.0 0.0 2 2 2 2 2 2 2 2 3.3 3.3 9.0 11.5 11.5 11.5 11.5 11.5 11.5 0.016 0.005 0.089 0.004 0.0 0.005 2 2 1 2 2 2
1969-09-17T17:30:00 1969 9 17 17 30 0 -8.8 5.6 418.0 13.0 4.54 0.84 0.0 0.0 2 2 2 2 2 2 2 2 3.3 3.3 11.0 5.6 5.6 5.6 5.6 5.6 5.6 0.011 0.003 0.086 0.002 0.0 0.002 2 2 1 2 2 2
1969-09-17T18:30:00 1969 9 17 18 30 0 -8.6 -5.1 421.0 13.8 4.89 6.89 3.02 4.13 2 2 2 2 2 2 2 2 3.7 3.35 7.0 -5.1 -5.1 -5.1 -5.1 -5.1 -5.1 0.249 0.442 0.106 0.356 0.677 1.617 2 2 1 2 2 2
1969-09-17T19:30:00 1969 9 17 19 30 0 -5.8 8.8 438.0 11.8 4.53 3.79 1.56 2.1 2 2 2 2 2 2 2 2 3.7 3.4 -11.0 8.8 8.8 8.8 8.8 8.8 8.8 0.214 0.299 0.107 0.239 0.304 0.962 2 2 1 2 2 2
1969-09-17T20:30:00 1969 9 17 20 30 0 -7.4 6.4 422.0 12.4 4.42 1.0 0.0 0.0 2 2 2 2 2 2 2 2 3.7 3.46 -4.0 6.4 6.4 6.4 6.4 6.4 6.4 0.145 0.148 0.103 0.134 0.096 0.399 2 2 1 2 2 2
1969-09-17T21:30:00 1969 9 17 21 30 0 -5.7 0.9 460.0 9.3 3.94 1.79 0.0 0.0 2 2 2 2 2 2 2 2 2.7 3.37 -4.0 0.9 0.9 0.9 0.9 0.9 0.9 0.098 0.074 0.1 0.075 0.031 0.165 2 2 1 2 2 2
1969-09-17T22:30:00 1969 9 17 22 30 0 -6.6 3.6 482.0 7.9 3.67 2.04 0.0 0.0 2 2 2 2 2 2 2 2 2.7 3.29 -5.0 3.6 3.6 3.6 3.6 3.6 3.6 0.066 0.037 0.097 0.042 0.01 0.069 2 2 1 2 2 2
1969-09-17T23:30:00 1969 9 17 23 30 0 -5.0 6.6 492.5 6.8 3.28 1.07 0.0 0.0 2 2 1 1 1 2 2 1 2.7 3.22 -2.0 6.6 6.6 6.6 6.6 6.6 6.6 0.045 0.018 0.094 0.023 0.003 0.028 2 2 1 2 2 2
