1969-01-14T00:30:00 1969 1 14 0 30 0 1.5 -3.5 365.0 5.4 1.44 2.22 5.74 3.05 2 2 2 2 2 2 2 2 2.7 0.62 0.0 -3.5 -3.5 -3.5 -3.5 -3.5 -3.5 0.347 0.592 0.137 0.358 0.625 0.675 2 2 1 2 2 2
1969-01-14T01:30:00 1969 1 14 1 30 0 3.6 -1.9 385.0 5.2 1.54 2.41 4.94 2.62 2 2 2 2 2 2 2 2 2.7 0.97 -3.0 -1.9 -1.9 -1.9 -1.9 -1.9 -1.9 0.424 0.643 0.147 0.397 0.624 0.746 2 2 1 2 2 2
1969-01-14T02:30:00 1969 1 14 2 30 0 4.5 0.3 390.0 5.1 1.55 1.73 1.44 0.74 2 2 2 2 2 2 2 2 2.7 1.31 -6.0 0.3 0.3 0.3 0.3 0.3 0.3 0.336 0.421 0.145 0.254 0.312 0.47 2 2 1 2 2 2
1969-01-14T03:30:00 1969 1 14 3 30 0 2.5 -1.4 373.0 5.2 1.45 1.22 1.2 0.62 2 2 2 2 2 2 2 2 2.3 1.59 -7.0 -1.4 -1.4 -1.4 -1.4 -1.4 -1.4 0.298 0.375 0.143 0.194 0.309 0.448 2 2 1 2 2 2
1969-01-14T04:30:00 1969 1 14 4 30 0 -2.6 1.9 382.0 5.7 1.66 0.18 0.45 0.24 2 2 2 2 2 2 2 2 2.3 1.87 -6.0 1.9 1.9 1.9 1.9 1.9 1.9 0.213 0.211 0.139 0.115 0.123 0.224 2 2 1 2 2 2
1969-01-14T05:30:00 1969 1 14 5 30 0 -3.1 -3.2 394.0 4.9 1.52 1.38 2.24 1.13 2 2 2 2 2 2 2 2 2.3 2.07 -5.0 -3.2 -3.2 -3.2 -3.2 -3.2 -3.2 0.269 0.349 0.143 0.2 0.382 0.45 2 2 1 2 2 2
1969-01-14T06:30:00 1969 1 14 6 30 0 -0.6 -3.7 416.0 4.05 1.28 3.28 7.05 3.12 2 2 2 1 1 2 2 2 2.3 2.26 -7.0 -3.7 -3.7 -3.7 -3.7 -3.7 -3.7 0.44 0.592 0.163 0.433 0.713 0.723 1 1 1 1 1 1
1969-01-14T07:30:00 1969 1 14 7 30 0 -2.4 -4.7 405.0 3.2 1.05 4.53 8.69 3.11 2 2 2 2 2 2 2 2 2.3 2.44 -9.0 -4.7 -4.7 -4.7 -4.7 -4.7 -4.7 0.581 0.73 0.187 0.627 0.849 0.751 2 2 1 2 2 2
1969-01-14T08:30:00 1969 1 14 8 30 0 -6.9 1.0 440.0 3.2 1.24 3.6 3.62 1.16 2 2 2 2 2 2 2 2 2.3 2.4 -8.0 1.0 1.0 1.0 1.0 1.0 1.0 0.482 0.505 0.189 0.438 0.455 0.472 2 2 1 2 2 2
1969-01-14T09:30:00 1969 1 14 9 30 0 -3.9 -5.0 390.0 2.8 0.85 4.67 4.61 1.34 2 2 2 2 2 2 2 2 2.3 2.35 -5.0 -5.0 -5.0 -5.0 -5.0 -5.0 -5.0 0.506 0.553 0.198 0.472 0.584 0.47 2 2 2 2 2 2
1969-01-14T10:30:00 1969 1 14 10 30 0 -3.6 -3.7 382.0 2.8 0.82 5.65 8.29 2.32 2 2 2 2 2 2 2 2 2.3 2.3 -8.0 -3.7 -3.7 -3.7 -3.7 -3.7 -3.7 0.581 0.65 0.214 0.568 0.678 0.482 2 2 2 2 2 2
1969-01-14T11:30:00 1969 1 14 11 30 0 -6.0 0.8 382.0 2.8 0.82 2.86 2.61 0.73 2 2 2 2 2 2 2 2 2.3 2.3 -7.0 0.8 0.8 0.8 0.8 0.8 0.8 0.456 0.435 0.212 0.371 0.342 0.294 2 2 2 2 2 2
1969-01-14T12:30:00 1969 1 14 12 30 0 -5.1 2.2 356.0 3.2 0.81 1.48 0.0 0.0 2 2 2 2 2 2 2 2 1.3 2.17 -2.0 2.2 2.2 2.2 2.2 2.2 2.2 0.309 0.216 0.206 0.208 0.108 0.122 2 2 2 2 2 2
1969-01-14T13:30:00 1969 1 14 13 30 0 -5.7 0.7 368.0 3.6 0.98 1.46 0.0 0.0 2 2 2 2 2 2 2 2 1.3 2.04 1.0 0.7 0.7 0.7 0.7 0.7 0.7 0.209 0.107 0.199 0.116 0.034 0.051 2 2 2 2 2 2
1969-01-14T14:30:00 1969 1 14 14 30 0 -4.8 2.6 368.0 3.6 0.98 1.26 0.0 0.0 2 2 2 2 2 2 2 2 1.3 1.91 4.0 2.6 2.6 2.6 2.6 2.6 2.6 0.142 0.053 0.193 0.065 0.011 0.021 2 2 2 2 2 2
1969-01-14T15:30:00 1969 1 14 15 30 0 -5.0 -1.6 365.0 4.6 1.23 1.71 0.68 0.31 2 2 2 2 2 2 2 2 1.0 1.75 0.0 -1.6 -1.6 -1.6 -1.6 -1.6 -1.6 0.143 0.137 0.189 0.075 0.148 0.149 2 2 2 2 2 2
1969-01-14T16:30:00 1969 1 14 16 30 0 -6.0 1.7 364.0 5.3 1.4 2.12 0.59 0.28 2 2 2 2 2 2 2 2 1.0 1.58 -5.0 1.7 1.7 1.7 1.7 1.7 1.7 0.111 0.097 0.184 0.05 0.075 0.098 2 2 2 2 2 2
1969-01-14T17:30:00 1969 1 14 17 30 0 -6.8 0.8 363.0 6.2 1.63 2.19 0.0 0.0 2 2 2 2 2 2 2 2 1.0 1.42 -3.0 0.8 0.8 0.8 0.8 0.8 0.8 0.075 0.048 0.179 0.028 0.024 0.041 2 2 2 2 2 2
1969-01-14T18:30:00 1969 1 14 18 30 0 -6.9 -0.7 366.0 4.8 1.29 3.26 0.35 0.18 2 2 2 2 2 2 2 2 2.3 1.44 -5.0 -0.7 -0.7 -0.7 -0.7 -0.7 -0.7 0.076 0.094 0.174 0.03 0.097 0.124 2 2 2 2 2 2
1969-01-14T19:30:00 1969 1 14 19 30 0 -6.3 0.0 347.0 3.8 0.92 3.15 0.58 0.26 2 2 2 2 2 2 2 2 2.3 1.45 -5.0 0.0 0.0 0.0 0.0 0.0 0.0 0.073 0.103 0.169 0.026 0.087 0.122 2 2 2 2 2 2
1969-01-14T20:30:00 1969 1 14 20 30 0 -5.2 -4.8 386.0 3.4 1.01 4.93 4.86 1.71 2 2 2 2 2 2 2 2 2.3 1.58 -3.0 -4.8 -4.8 -4.8 -4.8 -4.8 -4.8 0.248 0.398 0.18 0.259 0.484 0.368 2 2 2 2 2 2
1969-01-14T21:30:00 1969 1 14 21 30 0 -3.2 -6.7 345.0 2.9 0.69 8.56 10.57 3.3 2 2 2 2 2 2 2 2 3.0 1.8 -6.0 -6.7 -6.7 -6.7 -6.7 -6.7 -6.7 0.491 0.698 0.206 0.617 0.753 0.485 2 2 2 2 2 2
1969-01-14T22:30:00 1969 1 14 22 30 0 -5.2 -5.7 360.0 3.2 0.83 9.12 10.87 3.32 2 2 2 2 2 2 2 2 3.0 2.01 -8.0 -5.7 -5.7 -5.7 -5.7 -5.7 -5.7 0.655 0.847 0.23 0.812 0.832 0.534 2 2 2 2 2 2
1969-01-14T23:30:00 1969 1 14 23 30 0 -0.4 -7.4 367.0 3.2 0.86 9.49 12.05 3.86 2 2 2 2 2 2 2 2 3.0 2.26 -11.0 -7.4 -7.4 -7.4 -7.4 -7.4 -7.4 0.814 0.977 0.262 1.031 0.954 0.616 2 2 2 2 2 2
