1969-11-23T00:30:00 1969 11 23 0 30 0 -5.1 3.0 376.0 6.3 1.78 1.32 0.0 0.0 2 2 2 2 2 2 2 2 0.7 1.89 5.0 3.0 3.0 3.0 3.0 3.0 3.0 0.094 0.049 0.155 0.03 0.008 0.06 2 1 2 2 1 1
1969-11-23T01:30:00 1969 11 23 1 30 0 -3.9 1.0 376.0 6.3 1.78 0.82 0.0 0.0 2 2 2 2 2 2 2 2 0.7 1.8 6.0 1.0 1.0 1.0 1.0 1.0 1.0 0.063 0.024 0.15 0.017 0.003 0.025 2 1 2 2 1 1
1969-11-23T02:30:00 1969 11 23 2 30 0 -3.9 3.7 376.0 6.3 1.78 0.52 0.0 0.0 2 2 2 2 2 2 2 2 0.7 1.55 8.0 3.7 3.7 3.7 3.7 3.7 3.7 0.043 0.012 0.146 0.01 0.001 0.01 2 1 2 2 1 1
1969-11-23T03:30:00 1969 11 23 3 30 0 -3.1 2.6 375.0 6.3 1.78 0.31 0.0 0.0 2 2 1 1 1 2 2 1 0.7 1.31 9.0 2.6 2.6 2.6 2.6 2.6 2.6 0.029 0.006 0.141 0.005 0.0 0.004 2 1 2 2 1 1
1969-11-23T04:30:00 1969 11 23 4 30 0 -3.1 2.13 373.9 6.3 1.75 0.29 0.0 0.0 1 1 1 1 1 1 1 1 0.7 1.06 7.0 1.96 2.0 1.88 1.88 2.0 2.04 0.02 0.003 0.137 0.003 0.0 0.002 2 1 2 2 1 1
1969-11-23T05:30:00 1969 11 23 5 30 0 -2.59 0.39 372.9 5.96 1.66 0.35 0.0 0.0 1 1 1 1 1 1 1 1 0.7 0.94 10.0 -0.42 -0.22 -0.8 -0.78 -0.24 -0.06 0.026 0.025 0.134 0.017 0.033 0.026 1 1 2 1 1 1
1969-11-23T06:30:00 1969 11 23 6 30 0 -1.64 0.06 371.9 5.55 1.58 0.29 0.0 0.0 1 0 1 1 1 1 1 1 1.0 0.86 9.0 -0.88 -0.64 -1.31 -1.29 -0.66 -0.45 0.084 0.138 0.134 0.083 0.165 0.181 0 0 1 0 0 0
1969-11-23T07:30:00 1969 11 23 7 30 0 -0.69 0.06 370.8 5.13 1.49 0.1 0.0 0.0 1 0 1 1 1 1 1 1 1.0 0.78 9.0 -0.88 -0.64 -1.31 -1.29 -0.66 -0.46 0.134 0.212 0.136 0.131 0.224 0.261 0 0 1 0 0 0
1969-11-23T08:30:00 1969 11 23 8 30 0 -0.33 0.06 369.8 4.71 1.48 0.02 0.0 0.0 0 0 1 1 0 0 1 1 1.0 0.82 9.0 -0.88 -0.64 -1.31 -1.29 -0.66 -0.46 0.165 0.243 0.137 0.154 0.236 0.274 0 0 1 0 0 0
1969-11-23T09:30:00 1969 11 23 9 30 0 -0.33 0.06 368.8 4.49 1.48 0.01 0.0 0.0 0 0 1 0 0 0 1 0 1.0 0.85 10.0 -0.88 -0.64 -1.31 -1.29 -0.67 -0.46 0.184 0.255 0.138 0.165 0.237 0.267 0 0 1 0 0 0
1969-11-23T10:30:00 1969 11 23 10 30 0 -0.33 0.06 367.7 4.48 1.48 0.01 0.0 0.0 0 0 1 0 0 0 1 0 1.0 0.89 8.0 -0.88 -0.64 -1.31 -1.29 -0.67 -0.46 0.196 0.259 0.139 0.171 0.236 0.259 0 0 1 0 0 0
1969-11-23T11:30:00 1969 11 23 11 30 0 -0.33 0.06 366.7 4.48 1.48 0.01 0.0 0.0 0 0 1 0 0 0 1 0 1.0 0.93 7.0 -0.88 -0.64 -1.31 -1.29 -0.67 -0.46 0.204 0.262 0.14 0.173 0.234 0.255 0 0 1 0 0 0
1969-11-23T12:30:00 1969 11 23 12 30 0 -0.33 0.06 365.6 4.48 1.48 0.01 0.0 0.0 0 0 1 0 0 0 1 0 0.3 0.87 8.0 -0.88 -0.64 -1.31 -1.29 -0.67 -0.46 0.21 0.263 0.141 0.174 0.233 0.252 0 0 1 0 0 0
1969-11-23T13:30:00 1969 11 23 13 30 0 -0.33 0.06 364.6 4.48 1.48 0.01 0.0 0.0 0 0 1 0 0 0 1 0 0.3 0.82 14.0 -0.88 -0.64 -1.31 -1.29 -0.67 -0.46 0.213 0.263 0.142 0.175 0.232 0.25 0 0 1 0 0 0
1969-11-23T14:30:00 1969 11 23 14 30 0 -0.33 0.06 363.6 4.47 1.48 0.01 0.0 0.0 0 0 1 0 0 0 1 0 0.3 0.73 17.0 -0.88 -0.64 -1.32 -1.29 -0.67 -0.46 0.215 0.263 0.142 0.175 0.231 0.248 0 0 1 0 0 0
1969-11-23T15:30:00 1969 11 23 15 30 0 -0.33 0.06 362.5 4.47 1.48 0.01 0.0 0.0 0 0 1 0 0 0 1 0 2.0 0.86 14.0 -0.88 -0.64 -1.32 -1.29 -0.67 -0.46 0.217 0.263 0.143 0.174 0.23 0.246 0 0 1 0 0 0
1969-11-23T16:30:00 1969 11 23 16 30 0 -0.33 0.06 361.5 4.47 1.48 0.01 0.0 0.0 0 0 1 0 0 0 1 0 2.0 1.0 9.0 -0.88 -0.64 -1.32 -1.29 -0.67 -0.46 0.217 0.263 0.144 0.174 0.229 0.244 0 0 1 0 0 0
1969-11-23T17:30:00 1969 11 23 17 30 0 -0.33 0.06 360.5 4.47 1.48 0.01 0.0 0.0 0 0 1 0 0 0 1 0 2.0 1.13 5.0 -0.88 -0.64 -1.32 -1.29 -0.67 -0.46 0.218 0.263 0.144 0.173 0.228 0.242 0 0 1 0 0 0
1969-11-23T18:30:00 1969 11 23 18 30 0 -0.33 0.06 359.4 4.46 1.48 0.01 0.0 0.0 0 0 1 0 0 0 1 0 2.0 1.26 3.0 -0.88 -0.64 -1.32 -1.29 -0.67 -0.46 0.218 0.263 0.145 0.173 0.227 0.24 0 0 1 0 0 0
1969-11-23T19:30:00 1969 11 23 19 30 0 -0.33 0.06 358.4 4.46 1.48 0.01 0.0 0.0 0 0 1 0 0 0 1 0 2.0 1.38 -1.0 -0.88 -0.64 -1.32 -1.29 -0.67 -0.46 0.217 0.262 0.145 0.172 0.226 0.239 0 0 1 0 0 0
1969-11-23T20:30:00 1969 11 23 20 30 0 -0.33 0.06 357.4 4.46 1.48 0.01 0.0 0.0 0 0 1 0 0 0 1 0 2.0 1.59 -1.0 -0.88 -0.64 -1.32 -1.29 -0.67 -0.46 0.217 0.262 0.146 0.171 0.225 0.237 0 0 1 0 0 0
1969-11-23T21:30:00 1969 11 23 21 30 0 -0.33 0.05 356.3 4.46 1.48 0.01 0.0 0.0 0 0 1 0 0 0 1 0 2.0 1.8 -4.0 -0.88 -0.65 -1.32 -1.29 -0.67 -0.46 0.217 0.263 0.146 0.171 0.224 0.235 0 0 1 0 0 0
1969-11-23T22:30:00 1969 11 23 22 30 0 -0.33 0.05 355.3 4.45 1.48 0.01 0.0 0.0 0 0 1 0 0 0 1 0 2.0 2.0 -4.0 -0.88 -0.65 -1.32 -1.29 -0.67 -0.46 0.216 0.264 0.146 0.17 0.222 0.233 0 0 1 0 0 0
1969-11-23T23:30:00 1969 11 23 23 30 0 -0.33 0.05 354.2 4.45 1.48 0.01 0.0 0.0 0 0 1 0 0 0 1 0 2.0 2.0 -2.0 -0.88 -0.65 -1.32 -1.29 -0.67 -0.46 0.216 0.264 0.147 0.169 0.221 0.231 0 0 1 0 0 0
