1969-03-13T00:30:00 1969 3 13 0 30 0 -0.3 -2.5 435.0 1.6 0.61 1.26 4.59 0.77 2 2 2 2 2 2 2 2 3.0 2.7 -37.0 -2.5 -2.5 -2.5 -2.5 -2.5 -2.5 0.247 0.307 0.692 0.196 0.423 0.214 2 2 1 2 2 2
1969-03-13T01:30:00 1969 3 13 1 30 0 -1.6 -2.8 450.0 1.6 0.65 2.02 5.9 0.94 2 2 2 2 2 2 2 2 3.0 2.62 -31.0 -2.8 -2.8 -2.8 -2.8 -2.8 -2.8 0.315 0.377 0.685 0.276 0.509 0.248 2 2 1 2 2 2
1969-03-13T02:30:00 1969 3 13 2 30 0 -0.7 -2.5 431.0 1.9 0.71 1.99 5.8 1.02 2 2 2 2 2 2 2 2 3.0 2.59 -33.0 -2.5 -2.5 -2.5 -2.5 -2.5 -2.5 0.361 0.418 0.677 0.317 0.531 0.276 2 2 1 2 2 2
1969-03-13T03:30:00 1969 3 13 3 30 0 -0.85 -1.4 399.0 2.3 0.73 1.01 3.95 0.83 1 1 2 2 2 1 2 2 2.0 2.43 -32.0 -1.4 -1.4 -1.4 -1.4 -1.4 -1.4 0.353 0.397 0.665 0.277 0.438 0.266 2 2 1 2 1 1
1969-03-13T04:30:00 1969 3 13 4 30 0 -1.0 -0.3 427.0 2.8 1.02 0.3 1.65 0.42 2 2 2 2 2 2 2 2 2.0 2.27 -30.0 -0.3 -0.3 -0.3 -0.3 -0.3 -0.3 0.289 0.301 0.647 0.186 0.283 0.226 2 2 1 2 2 2
1969-03-13T05:30:00 1969 3 13 5 30 0 -0.6 0.0 429.0 2.3 0.85 0.08 0.29 0.08 2 2 2 2 2 2 2 2 2.0 2.3 -28.0 0.0 0.0 0.0 0.0 0.0 0.0 0.205 0.175 0.627 0.107 0.123 0.129 2 2 1 2 2 2
1969-03-13T06:30:00 1969 3 13 6 30 0 -1.5 -1.0 429.0 2.0 0.74 0.27 1.16 0.24 2 2 2 2 2 2 2 2 1.7 2.29 -29.0 -1.0 -1.0 -1.0 -1.0 -1.0 -1.0 0.185 0.185 0.61 0.09 0.192 0.15 2 2 1 2 2 2
1969-03-13T07:30:00 1969 3 13 7 30 0 -1.3 0.3 408.0 2.4 0.79 0.27 0.73 0.15 2 2 1 1 1 2 2 1 1.7 2.28 -27.0 0.3 0.3 0.3 0.3 0.3 0.3 0.142 0.128 0.592 0.059 0.107 0.099 2 2 1 2 2 2
1969-03-13T08:30:00 1969 3 13 8 30 0 -2.0 -0.3 387.0 2.8 0.84 0.25 0.17 0.05 2 2 2 2 2 2 2 2 1.7 2.12 -23.0 -0.3 -0.3 -0.3 -0.3 -0.3 -0.3 0.107 0.095 0.575 0.038 0.078 0.079 2 2 1 2 2 2
1969-03-13T09:30:00 1969 3 13 9 30 0 -1.6 -0.5 387.0 2.1 0.63 0.37 0.79 0.19 2 2 2 2 2 2 2 2 1.7 1.96 -19.0 -0.5 -0.5 -0.5 -0.5 -0.5 -0.5 0.103 0.123 0.558 0.036 0.124 0.102 2 2 1 2 2 2
1969-03-13T10:30:00 1969 3 13 10 30 0 -1.4 -1.1 387.0 1.9 0.57 0.44 1.6 0.32 2 2 2 2 2 2 2 2 1.7 1.81 -19.0 -1.1 -1.1 -1.1 -1.1 -1.1 -1.1 0.125 0.177 0.544 0.058 0.194 0.125 2 2 1 2 2 2
1969-03-13T11:30:00 1969 3 13 11 30 0 -1.7 0.0 389.0 2.1 0.64 0.35 0.98 0.19 2 2 2 2 2 2 2 2 1.7 1.77 -23.0 0.0 0.0 0.0 0.0 0.0 0.0 0.109 0.141 0.528 0.045 0.125 0.092 2 2 1 2 2 2
1969-03-13T12:30:00 1969 3 13 12 30 0 -2.3 0.3 386.1 2.1 0.64 0.3 0.0 0.0 2 2 1 1 1 2 2 1 1.0 1.64 -23.0 0.3 0.3 0.3 0.3 0.3 0.3 0.074 0.07 0.512 0.025 0.04 0.038 2 2 1 2 2 2
1969-03-13T13:30:00 1969 3 13 13 30 0 -2.3 -0.1 383.2 2.1 0.77 0.4 0.03 0.01 2 2 1 1 1 2 2 1 1.0 1.52 -23.0 -0.1 -0.1 -0.1 -0.1 -0.1 -0.1 0.052 0.044 0.496 0.015 0.025 0.025 2 2 1 2 2 2
1969-03-13T14:30:00 1969 3 13 14 30 0 -2.15 -0.35 380.3 2.62 1.17 0.46 0.45 0.11 1 1 1 1 1 1 1 1 1.0 1.43 -26.0 -0.35 -0.35 -0.35 -0.35 -0.35 -0.35 0.056 0.078 0.482 0.017 0.08 0.067 2 1 1 1 1 1
1969-03-13T15:30:00 1969 3 13 15 30 0 -2.0 -0.6 377.4 3.26 1.57 0.49 0.92 0.28 2 2 1 1 1 2 2 1 1.0 1.34 -26.0 -0.6 -0.6 -0.6 -0.6 -0.6 -0.6 0.077 0.136 0.468 0.031 0.147 0.132 1 1 1 1 1 1
1969-03-13T16:30:00 1969 3 13 16 30 0 -0.7 -2.8 374.5 3.9 1.97 1.03 3.36 1.24 2 2 1 1 1 2 2 1 1.0 1.25 -29.0 -2.8 -2.8 -2.8 -2.8 -2.8 -2.8 0.193 0.336 0.463 0.156 0.39 0.328 1 1 1 1 1 1
1969-03-13T17:30:00 1969 3 13 17 30 0 -1.7 0.2 371.6 4.53 1.98 0.64 2.23 0.92 2 2 1 1 0 2 2 1 1.0 1.17 -33.0 0.2 0.2 0.2 0.2 0.2 0.2 0.198 0.298 0.453 0.14 0.267 0.286 1 1 1 1 1 1
1969-03-13T18:30:00 1969 3 13 18 30 0 -3.6 2.4 368.7 4.87 1.98 0.29 0.0 0.0 2 2 1 0 0 2 2 1 1.7 1.18 -30.0 2.4 2.4 2.4 2.4 2.4 2.4 0.134 0.148 0.439 0.078 0.085 0.119 1 1 1 1 1 1
1969-03-13T19:30:00 1969 3 13 19 30 0 -3.3 1.0 365.8 4.87 1.98 0.47 0.0 0.0 2 2 1 0 0 2 2 1 1.7 1.18 -28.0 1.0 1.0 1.0 1.0 1.0 1.0 0.091 0.073 0.425 0.044 0.027 0.049 1 1 1 1 1 1
1969-03-13T20:30:00 1969 3 13 20 30 0 -1.8 -1.4 362.9 4.87 1.98 0.6 0.85 0.41 2 2 1 0 0 2 2 1 1.7 1.27 -28.0 -1.4 -1.4 -1.4 -1.4 -1.4 -1.4 0.115 0.168 0.415 0.065 0.172 0.199 1 0 1 0 0 0
1969-03-13T21:30:00 1969 3 13 21 30 0 1.4 -4.4 360.1 4.87 1.98 2.16 5.46 2.66 2 2 1 0 0 2 2 1 3.3 1.57 -30.0 -4.4 -4.4 -4.4 -4.4 -4.4 -4.4 0.311 0.505 0.419 0.315 0.559 0.54 0 0 1 0 0 0
1969-03-13T22:30:00 1969 3 13 22 30 0 1.0 -4.5 357.2 4.87 1.98 4.16 7.98 3.89 2 2 1 0 0 2 2 1 3.3 1.86 -32.0 -4.5 -4.5 -4.5 -4.5 -4.5 -4.5 0.509 0.756 0.432 0.564 0.766 0.741 0 0 1 0 0 0
1969-03-13T23:30:00 1969 3 13 23 30 0 -0.05 -3.95 354.3 4.87 1.98 3.59 7.47 3.64 1 1 1 0 0 1 1 1 3.3 2.15 -34.0 -3.95 -3.95 -3.95 -3.95 -3.95 -3.95 0.621 0.854 0.441 0.663 0.791 0.792 0 0 1 0 0 0
