1969-02-06T00:30:00 1969 2 6 0 30 0 1.25 -1.4 430.0 4.7 1.74 0.43 2.15 1.12 1 1 2 2 2 1 2 2 4.0 2.27 -19.0 -1.4 -1.4 -1.4 -1.4 -1.4 -1.4 0.128 0.244 0.705 0.091 0.348 0.494 1 1 2 1 1 1
1969-02-06T01:30:00 1969 2 6 1 30 0 1.8 -2.3 440.0 6.2 2.4 1.3 4.11 2.29 2 2 2 2 2 2 2 2 4.0 2.68 -15.0 -2.3 -2.3 -2.3 -2.3 -2.3 -2.3 0.271 0.451 0.698 0.241 0.617 0.886 2 2 2 2 2 2
1969-02-06T02:30:00 1969 2 6 2 30 0 1.5 -3.0 437.0 7.4 2.83 2.24 5.87 4.04 2 2 2 2 2 2 2 2 4.0 2.96 -16.0 -3.0 -3.0 -3.0 -3.0 -3.0 -3.0 0.448 0.675 0.701 0.449 0.88 1.416 2 2 2 2 2 2
1969-02-06T03:30:00 1969 2 6 3 30 0 1.9 -4.7 428.0 7.6 2.78 4.24 8.47 6.36 2 2 2 2 2 2 2 2 4.3 3.29 -21.0 -4.7 -4.7 -4.7 -4.7 -4.7 -4.7 0.684 0.942 0.72 0.784 1.186 1.949 2 2 2 2 2 2
1969-02-06T04:30:00 1969 2 6 4 30 0 2.4 -5.3 420.0 7.6 2.68 6.56 10.64 8.09 2 2 2 2 2 2 2 2 4.3 3.61 -22.0 -5.3 -5.3 -5.3 -5.3 -5.3 -5.3 0.917 1.166 0.75 1.121 1.387 2.273 2 2 2 2 2 2
1969-02-06T05:30:00 1969 2 6 5 30 0 -0.1 -3.0 435.0 9.9 3.75 4.28 8.66 7.58 2 2 2 2 2 2 2 2 4.3 3.8 -22.0 -3.0 -3.0 -3.0 -3.0 -3.0 -3.0 0.999 1.194 0.767 1.133 1.329 2.577 2 2 2 2 2 2
1969-02-06T06:30:00 1969 2 6 6 30 0 5.9 1.2 444.0 10.3 4.06 1.55 2.08 2.08 2 2 2 2 2 2 2 2 3.3 3.87 -25.0 1.2 1.2 1.2 1.2 1.2 1.2 0.752 0.728 0.75 0.7 0.591 1.507 2 2 2 2 2 2
1969-02-06T07:30:00 1969 2 6 7 30 0 -2.5 2.4 439.0 8.0 3.08 0.38 0.0 0.0 2 2 2 2 2 2 2 2 3.3 3.93 -9.0 2.4 2.4 2.4 2.4 2.4 2.4 0.509 0.362 0.727 0.392 0.187 0.625 2 2 2 2 2 2
1969-02-06T08:30:00 1969 2 6 8 30 0 -3.4 -2.2 451.0 25.6 10.41 1.13 1.4 3.24 2 2 2 2 2 2 2 2 3.3 3.84 -15.0 -2.2 -2.2 -2.2 -2.2 -2.2 -2.2 0.498 0.509 0.716 0.386 0.592 2.772 2 2 2 2 2 2
1969-02-06T09:30:00 1969 2 6 9 30 0 -4.2 1.3 443.0 11.4 4.47 1.61 1.35 3.01 2 2 2 2 2 2 2 2 3.3 3.75 -22.0 1.3 1.3 1.3 1.3 1.3 1.3 0.404 0.388 0.699 0.267 0.354 2.038 2 2 2 2 2 2
1969-02-06T10:30:00 1969 2 6 10 30 0 -6.1 3.5 451.0 6.9 2.81 1.25 0.0 0.0 2 2 2 2 2 2 2 2 3.3 3.66 -21.0 3.5 3.5 3.5 3.5 3.5 3.5 0.274 0.192 0.677 0.149 0.112 0.845 2 2 2 2 2 2
1969-02-06T11:30:00 1969 2 6 11 30 0 -5.0 5.0 445.0 5.2 2.06 1.0 0.0 0.0 2 2 2 2 2 2 2 2 3.3 3.54 -19.0 5.0 5.0 5.0 5.0 5.0 5.0 0.185 0.096 0.657 0.084 0.035 0.351 2 2 2 2 2 2
1969-02-06T12:30:00 1969 2 6 12 30 0 -1.0 3.9 416.0 4.8 1.66 0.2 0.0 0.0 2 2 2 2 2 2 2 2 1.0 3.12 -16.0 3.9 3.9 3.9 3.9 3.9 3.9 0.125 0.047 0.637 0.047 0.011 0.145 2 2 2 2 2 2
1969-02-06T13:30:00 1969 2 6 13 30 0 -2.6 4.4 433.0 3.6 1.35 0.05 0.0 0.0 2 2 2 2 2 2 2 2 1.0 2.7 -14.0 4.4 4.4 4.4 4.4 4.4 4.4 0.085 0.024 0.617 0.026 0.004 0.06 2 2 2 2 2 2
1969-02-06T14:30:00 1969 2 6 14 30 0 -3.5 3.6 433.0 2.9 1.09 0.21 0.0 0.0 2 2 2 2 2 2 2 2 1.0 2.41 -14.0 3.6 3.6 3.6 3.6 3.6 3.6 0.058 0.012 0.598 0.015 0.001 0.025 2 2 2 2 2 2
1969-02-06T15:30:00 1969 2 6 15 30 0 -2.3 2.1 431.0 2.9 1.08 0.23 0.0 0.0 2 2 2 2 2 2 2 2 1.0 2.12 -15.0 2.1 2.1 2.1 2.1 2.1 2.1 0.039 0.006 0.58 0.008 0.0 0.01 2 2 2 2 2 2
1969-02-06T16:30:00 1969 2 6 16 30 0 -2.1 1.4 419.0 2.4 0.84 0.16 0.0 0.0 2 2 2 2 2 2 2 2 1.0 1.83 -18.0 1.4 1.4 1.4 1.4 1.4 1.4 0.026 0.003 0.562 0.005 0.0 0.004 2 2 2 2 2 2
1969-02-06T17:30:00 1969 2 6 17 30 0 -1.8 1.1 468.0 2.5 1.1 0.15 0.0 0.0 2 2 2 2 2 2 2 2 1.0 1.55 -20.0 1.1 1.1 1.1 1.1 1.1 1.1 0.018 0.001 0.545 0.003 0.0 0.002 2 2 2 2 2 2
1969-02-06T18:30:00 1969 2 6 18 30 0 -2.4 1.5 469.0 2.3 1.01 0.2 0.0 0.0 2 2 2 2 2 2 2 2 2.0 1.4 -22.0 1.5 1.5 1.5 1.5 1.5 1.5 0.012 0.001 0.529 0.001 0.0 0.001 2 2 2 2 2 2
1969-02-06T19:30:00 1969 2 6 19 30 0 -2.3 -0.7 452.0 2.6 1.06 0.47 0.32 0.08 2 2 2 2 2 2 2 2 2.0 1.26 -20.0 -0.7 -0.7 -0.7 -0.7 -0.7 -0.7 0.028 0.047 0.513 0.013 0.085 0.069 2 2 2 2 2 2
1969-02-06T20:30:00 1969 2 6 20 30 0 -3.5 0.2 435.0 3.1 1.17 0.89 0.54 0.15 2 2 2 2 2 2 2 2 2.0 1.39 -19.0 0.2 0.2 0.2 0.2 0.2 0.2 0.034 0.057 0.498 0.014 0.073 0.079 2 2 2 2 2 2
1969-02-06T21:30:00 1969 2 6 21 30 0 -3.0 -2.7 436.0 3.7 1.41 1.9 2.99 1.05 2 2 2 2 2 2 2 2 3.0 1.65 -16.0 -2.7 -2.7 -2.7 -2.7 -2.7 -2.7 0.154 0.266 0.493 0.143 0.403 0.365 2 2 2 2 2 2
1969-02-06T22:30:00 1969 2 6 22 30 0 1.5 -2.5 425.0 4.0 1.44 1.98 5.57 2.15 2 2 2 2 2 2 2 2 3.0 1.9 -21.0 -2.5 -2.5 -2.5 -2.5 -2.5 -2.5 0.299 0.457 0.495 0.296 0.615 0.596 2 2 2 2 2 2
1969-02-06T23:30:00 1969 2 6 23 30 0 -0.2 -1.4 433.0 3.8 1.42 1.04 4.08 1.59 1 1 2 2 2 1 2 2 3.0 2.15 -22.0 -1.4 -1.4 -1.4 -1.4 -1.4 -1.4 0.344 0.477 0.49 0.3 0.565 0.607 2 1 2 2 1 1
