1969-10-20T00:30:00 1969 10 20 0 30 0 -2.25 0.55 452.0 2.3 0.94 0.4 0.0 0.0 1 1 2 2 2 1 2 2 1.7 1.76 -6.0 0.55 0.55 0.55 0.55 0.55 0.55 0.014 0.015 0.085 0.004 0.012 0.019 2 2 1 2 2 2
1969-10-20T01:30:00 1969 10 20 1 30 0 -1.9 0.5 452.0 2.3 0.94 0.28 0.0 0.0 2 2 2 2 2 2 2 2 1.7 1.81 -8.0 0.5 0.5 0.5 0.5 0.5 0.5 0.009 0.008 0.082 0.002 0.004 0.008 2 2 1 2 2 2
1969-10-20T02:30:00 1969 10 20 2 30 0 -2.6 -0.7 452.0 2.3 0.94 0.57 0.53 0.12 2 2 2 2 2 2 2 2 1.7 1.77 -10.0 -0.7 -0.7 -0.7 -0.7 -0.7 -0.7 0.032 0.064 0.081 0.017 0.107 0.082 2 2 1 2 2 2
1969-10-20T03:30:00 1969 10 20 3 30 0 -3.0 -0.4 445.0 2.0 0.79 0.98 1.21 0.26 2 2 2 2 2 2 2 2 1.3 1.68 -13.0 -0.4 -0.4 -0.4 -0.4 -0.4 -0.4 0.06 0.114 0.08 0.031 0.162 0.126 2 2 1 2 2 2
1969-10-20T04:30:00 1969 10 20 4 30 0 -2.8 1.1 445.0 2.0 0.79 0.64 0.08 0.02 2 2 2 2 2 2 2 2 1.3 1.6 -13.0 1.1 1.1 1.1 1.1 1.1 1.1 0.041 0.059 0.078 0.017 0.054 0.056 2 2 1 2 2 2
1969-10-20T05:30:00 1969 10 20 5 30 0 -3.4 3.8 445.0 2.0 0.79 0.33 0.0 0.0 2 2 2 2 2 2 2 2 1.3 1.54 -13.0 3.8 3.8 3.8 3.8 3.8 3.8 0.028 0.029 0.075 0.01 0.017 0.023 2 2 1 2 2 2
1969-10-20T06:30:00 1969 10 20 6 30 0 -2.9 2.4 420.0 2.0 0.71 0.27 0.0 0.0 2 2 2 2 2 2 2 2 0.7 1.42 -11.0 2.4 2.4 2.4 2.4 2.4 2.4 0.019 0.014 0.073 0.005 0.005 0.01 2 2 1 2 2 2
1969-10-20T07:30:00 1969 10 20 7 30 0 -3.4 1.9 420.0 2.0 0.71 0.37 0.0 0.0 2 2 2 2 2 2 2 2 0.7 1.29 -9.0 1.9 1.9 1.9 1.9 1.9 1.9 0.013 0.007 0.071 0.003 0.002 0.004 2 2 1 2 2 2
1969-10-20T08:30:00 1969 10 20 8 30 0 -3.25 2.5 420.0 2.0 0.71 0.4 0.0 0.0 1 1 2 2 2 1 2 2 0.7 1.16 -9.0 2.5 2.5 2.5 2.5 2.5 2.5 0.009 0.004 0.069 0.002 0.001 0.002 2 2 1 2 2 2
1969-10-20T09:30:00 1969 10 20 9 30 0 -3.1 3.1 405.0 2.6 0.85 0.29 0.0 0.0 2 2 2 2 2 2 2 2 0.7 1.04 -5.0 3.1 3.1 3.1 3.1 3.1 3.1 0.006 0.002 0.066 0.001 0.0 0.001 2 2 1 2 2 2
1969-10-20T10:30:00 1969 10 20 10 30 0 -1.2 3.56 405.0 2.6 0.85 0.09 0.0 0.0 1 1 2 2 2 1 2 2 0.7 0.92 -3.0 3.56 3.56 3.56 3.56 3.56 3.56 0.004 0.001 0.064 0.001 0.0 0.0 2 2 1 2 2 2
1969-10-20T11:30:00 1969 10 20 11 30 0 0.7 5.54 405.0 2.6 0.85 0.0 0.0 0.0 1 1 2 2 2 1 2 2 0.7 0.84 3.0 5.54 5.54 5.54 5.54 5.54 5.54 0.003 0.0 0.062 0.0 0.0 0.0 2 2 1 2 2 2
1969-10-20T12:30:00 1969 10 20 12 30 0 2.6 6.0 373.0 3.8 1.06 0.03 0.0 0.0 2 2 2 2 2 2 2 2 0.7 0.77 5.0 6.0 6.0 6.0 6.0 6.0 6.0 0.002 0.0 0.061 0.0 0.0 0.0 2 2 1 2 2 2
1969-10-20T13:30:00 1969 10 20 13 30 0 -0.4 5.3 373.0 3.8 1.06 0.01 0.0 0.0 2 2 2 2 2 2 2 2 0.7 0.7 5.0 5.3 5.3 5.3 5.3 5.3 5.3 0.001 0.0 0.059 0.0 0.0 0.0 2 2 1 2 2 2
1969-10-20T14:30:00 1969 10 20 14 30 0 -1.4 3.8 373.0 3.8 1.06 0.01 0.0 0.0 1 1 2 2 2 1 2 2 0.7 0.7 5.0 3.8 3.8 3.8 3.8 3.8 3.8 0.001 0.0 0.057 0.0 0.0 0.0 2 2 1 2 2 2
1969-10-20T15:30:00 1969 10 20 15 30 0 -2.4 2.3 358.0 4.1 1.05 0.07 0.0 0.0 2 2 2 2 2 2 2 2 0.7 0.7 5.0 2.3 2.3 2.3 2.3 2.3 2.3 0.001 0.0 0.055 0.0 0.0 0.0 2 2 1 2 2 2
1969-10-20T16:30:00 1969 10 20 16 30 0 -1.2 1.2 358.0 4.1 1.05 0.08 0.0 0.0 2 2 2 2 2 2 2 2 0.7 0.7 5.0 1.2 1.2 1.2 1.2 1.2 1.2 0.0 0.0 0.053 0.0 0.0 0.0 2 2 1 2 2 2
1969-10-20T17:30:00 1969 10 20 17 30 0 -2.0 0.2 358.0 4.1 1.05 0.13 0.0 0.0 2 2 2 2 2 2 2 2 0.7 0.7 7.0 0.2 0.2 0.2 0.2 0.2 0.2 0.0 0.0 0.052 0.0 0.0 0.0 2 2 1 2 2 2
1969-10-20T18:30:00 1969 10 20 18 30 0 -2.8 0.3 375.0 3.6 1.01 0.39 0.0 0.0 2 2 2 2 2 2 2 2 1.7 0.83 5.0 0.3 0.3 0.3 0.3 0.3 0.3 0.0 0.0 0.05 0.0 0.0 0.0 2 2 1 2 2 2
1969-10-20T19:30:00 1969 10 20 19 30 0 -4.2 -1.2 375.0 3.6 1.01 1.25 1.0 0.36 2 2 2 2 2 2 2 2 1.7 0.96 2.0 -1.2 -1.2 -1.2 -1.2 -1.2 -1.2 0.052 0.124 0.051 0.036 0.159 0.142 2 2 1 2 2 2
1969-10-20T20:30:00 1969 10 20 20 30 0 -4.1 -1.6 375.0 3.6 1.01 2.18 2.66 0.96 2 2 2 2 2 2 2 2 1.7 1.09 -2.0 -1.6 -1.6 -1.6 -1.6 -1.6 -1.6 0.139 0.272 0.055 0.106 0.312 0.276 2 2 1 2 2 2
1969-10-20T21:30:00 1969 10 20 21 30 0 -4.1 -0.4 388.0 3.6 1.08 1.85 1.81 0.65 2 2 2 2 2 2 2 2 2.3 1.29 -2.0 -0.4 -0.4 -0.4 -0.4 -0.4 -0.4 0.157 0.271 0.056 0.101 0.264 0.273 2 2 1 2 2 2
1969-10-20T22:30:00 1969 10 20 22 30 0 -4.4 3.3 388.0 3.6 1.08 0.89 0.01 0.01 2 2 2 2 2 2 2 2 2.3 1.49 3.0 3.3 3.3 3.3 3.3 3.3 3.3 0.106 0.135 0.055 0.056 0.084 0.113 2 2 1 2 2 2
1969-10-20T23:30:00 1969 10 20 23 30 0 -3.8 2.2 388.0 3.6 1.08 0.55 0.0 0.0 2 2 2 2 2 2 2 2 2.3 1.69 5.0 2.2 2.2 2.2 2.2 2.2 2.2 0.072 0.067 0.053 0.032 0.026 0.047 2 2 1 2 2 2
