1969-11-22T00:30:00 1969 11 22 0 30 0 0.1 0.0 320.0 4.7 0.96 0.05 0.51 0.21 2 2 2 2 2 2 2 2 3.0 0.78 7.0 0.0 0.0 0.0 0.0 0.0 0.0 0.141 0.212 0.069 0.068 0.124 0.147 2 2 1 2 2 2
1969-11-22T01:30:00 1969 11 22 1 30 0 -0.5 -0.6 320.0 4.7 0.96 0.04 0.52 0.24 2 2 2 2 2 2 2 2 3.0 1.05 7.0 -0.6 -0.6 -0.6 -0.6 -0.6 -0.6 0.127 0.201 0.068 0.054 0.133 0.165 2 2 1 2 2 2
1969-11-22T02:30:00 1969 11 22 2 30 0 -1.0 -1.7 320.0 4.7 0.96 0.37 1.91 0.9 2 2 2 2 2 2 2 2 3.0 1.42 8.0 -1.7 -1.7 -1.7 -1.7 -1.7 -1.7 0.179 0.317 0.07 0.101 0.257 0.268 2 2 1 2 2 2
1969-11-22T03:30:00 1969 11 22 3 30 0 -7.2 -1.2 394.0 8.8 2.73 2.49 2.56 1.76 2 2 2 2 2 2 2 2 3.3 1.84 19.0 -1.2 -1.2 -1.2 -1.2 -1.2 -1.2 0.248 0.434 0.074 0.159 0.408 0.645 2 2 1 2 2 2
1969-11-22T04:30:00 1969 11 22 4 30 0 -4.8 -4.2 394.0 8.8 2.73 5.59 5.57 4.9 2 2 2 2 2 2 2 2 3.3 2.25 15.0 -4.2 -4.2 -4.2 -4.2 -4.2 -4.2 0.467 0.755 0.096 0.459 0.84 1.441 2 2 2 2 2 2
1969-11-22T05:30:00 1969 11 22 5 30 0 -3.4 -6.0 394.0 8.8 2.73 7.77 10.19 8.97 2 2 2 2 2 2 2 2 3.3 2.57 11.0 -6.0 -6.0 -6.0 -6.0 -6.0 -6.0 0.792 1.142 0.144 0.974 1.272 2.144 2 2 2 2 2 2
1969-11-22T06:30:00 1969 11 22 6 30 0 -3.1 -4.88 390.5 9.8 2.97 7.52 10.58 9.86 1 1 1 1 1 1 1 1 2.7 2.8 10.0 -5.05 -5.01 -5.13 -5.13 -5.01 -4.97 1.023 1.351 0.192 1.28 1.407 2.543 2 1 2 1 1 1
1969-11-22T07:30:00 1969 11 22 7 30 0 -2.45 -0.18 387.0 10.8 3.22 2.51 4.54 4.62 1 1 1 1 1 1 1 1 2.7 3.04 13.0 -0.87 -0.7 -1.19 -1.18 -0.72 -0.56 0.929 1.089 0.207 1.003 0.942 2.061 1 1 1 1 1 1
1969-11-22T08:30:00 1969 11 22 8 30 0 -1.8 3.44 383.5 11.8 3.46 0.17 0.0 0.0 1 1 1 1 1 1 1 1 2.7 3.0 14.0 3.26 3.31 3.18 3.19 3.3 3.34 0.629 0.541 0.201 0.562 0.298 0.855 1 1 1 1 1 1
1969-11-22T09:30:00 1969 11 22 9 30 0 -1.5 4.2 380.0 12.8 3.7 0.03 0.0 0.0 2 2 2 2 2 2 2 2 2.0 2.86 11.0 4.2 4.2 4.2 4.2 4.2 4.2 0.426 0.269 0.195 0.315 0.094 0.355 1 1 1 1 1 1
1969-11-22T10:30:00 1969 11 22 10 30 0 0.3 4.3 380.0 12.8 3.7 0.0 0.0 0.0 2 2 2 2 2 2 2 2 2.0 2.73 11.0 4.3 4.3 4.3 4.3 4.3 4.3 0.288 0.133 0.189 0.176 0.03 0.147 1 1 1 1 1 1
1969-11-22T11:30:00 1969 11 22 11 30 0 -5.6 4.7 380.0 12.8 3.7 0.24 0.0 0.0 2 2 2 2 2 2 2 2 2.0 2.57 12.0 4.7 4.7 4.7 4.7 4.7 4.7 0.195 0.066 0.183 0.099 0.009 0.061 1 1 1 1 1 1
1969-11-22T12:30:00 1969 11 22 12 30 0 -9.6 2.5 395.0 11.2 3.49 2.47 0.0 0.0 2 2 2 2 2 2 2 2 1.3 2.32 15.0 2.5 2.5 2.5 2.5 2.5 2.5 0.132 0.033 0.177 0.055 0.003 0.025 1 1 1 1 1 1
1969-11-22T13:30:00 1969 11 22 13 30 0 -6.6 0.1 395.0 11.2 3.49 3.73 0.0 0.0 2 2 2 2 2 2 2 2 1.3 2.07 16.0 0.1 0.1 0.1 0.1 0.1 0.1 0.089 0.016 0.172 0.031 0.001 0.01 1 1 1 1 1 1
1969-11-22T14:30:00 1969 11 22 14 30 0 -6.3 1.5 395.0 11.2 3.49 2.58 0.0 0.0 2 2 2 2 2 2 2 2 1.3 1.9 16.0 1.5 1.5 1.5 1.5 1.5 1.5 0.061 0.008 0.167 0.017 0.0 0.004 1 1 1 1 1 1
1969-11-22T15:30:00 1969 11 22 15 30 0 -5.0 3.3 385.0 11.4 3.38 1.32 0.0 0.0 2 2 2 2 2 2 2 2 1.3 1.72 18.0 3.3 3.3 3.3 3.3 3.3 3.3 0.041 0.004 0.162 0.01 0.0 0.002 1 1 1 1 1 1
1969-11-22T16:30:00 1969 11 22 16 30 0 -4.8 1.6 385.0 11.4 3.38 0.94 0.0 0.0 2 2 2 2 2 2 2 2 1.3 1.55 19.0 1.6 1.6 1.6 1.6 1.6 1.6 0.028 0.002 0.157 0.005 0.0 0.001 1 1 1 1 1 1
1969-11-22T17:30:00 1969 11 22 17 30 0 -4.2 -2.7 385.0 11.4 3.38 2.13 1.86 2.12 2 2 2 2 2 2 2 2 1.3 1.47 18.0 -2.7 -2.7 -2.7 -2.7 -2.7 -2.7 0.165 0.318 0.161 0.153 0.416 0.9 2 2 2 2 2 2
1969-11-22T18:30:00 1969 11 22 18 30 0 -6.0 -1.4 369.0 11.9 3.24 3.58 3.76 4.38 2 2 2 2 2 2 2 2 2.7 1.57 8.0 -1.4 -1.4 -1.4 -1.4 -1.4 -1.4 0.313 0.574 0.169 0.275 0.609 1.471 2 2 2 2 2 2
1969-11-22T19:30:00 1969 11 22 19 30 0 -2.5 -1.5 369.0 11.9 3.24 2.21 2.68 3.19 2 2 2 2 2 2 2 2 2.7 1.66 1.0 -1.5 -1.5 -1.5 -1.5 -1.5 -1.5 0.376 0.648 0.172 0.293 0.607 1.585 2 2 2 2 2 2
1969-11-22T20:30:00 1969 11 22 20 30 0 -3.97 -1.15 369.0 11.9 3.24 1.52 2.42 2.88 1 1 2 2 2 1 2 2 2.7 1.84 -5.0 -1.15 -1.15 -1.15 -1.15 -1.15 -1.15 0.399 0.65 0.174 0.279 0.562 1.554 2 1 2 2 1 1
1969-11-22T21:30:00 1969 11 22 21 30 0 -5.43 0.35 393.0 5.6 1.73 1.92 0.74 0.75 1 1 2 2 2 1 2 2 1.7 1.89 -1.0 0.35 0.35 0.35 0.35 0.35 0.35 0.302 0.4 0.17 0.174 0.256 0.845 2 1 2 2 1 1
1969-11-22T22:30:00 1969 11 22 22 30 0 -6.9 0.7 393.0 5.6 1.73 2.57 0.0 0.0 2 2 2 2 2 2 2 2 1.7 1.93 3.0 0.7 0.7 0.7 0.7 0.7 0.7 0.205 0.199 0.165 0.097 0.081 0.35 2 1 2 2 1 1
1969-11-22T23:30:00 1969 11 22 23 30 0 -6.6 2.4 393.0 5.6 1.73 2.4 0.0 0.0 2 2 2 2 2 2 2 2 1.7 1.98 3.0 2.4 2.4 2.4 2.4 2.4 2.4 0.138 0.099 0.16 0.054 0.026 0.145 2 1 2 2 1 1
