1969-08-05T00:30:00 1969 8 5 0 30 0 -0.1 -0.1 447.0 2.2 0.88 0.0 0.02 0.01 2 2 2 2 2 2 2 2 2.0 2.17 -4.0 -0.1 -0.1 -0.1 -0.1 -0.1 -0.1 0.039 0.02 0.109 0.012 0.018 0.019 2 2 1 2 2 2
1969-08-05T01:30:00 1969 8 5 1 30 0 -0.9 -1.6 463.0 2.3 0.99 0.34 2.09 0.47 2 2 2 2 2 2 2 2 2.0 2.01 -7.0 -1.6 -1.6 -1.6 -1.6 -1.6 -1.6 0.105 0.154 0.111 0.072 0.257 0.175 2 2 1 2 2 2
1969-08-05T02:30:00 1969 8 5 2 30 0 -1.1 -2.6 435.0 2.4 0.91 1.39 4.78 1.13 2 2 2 2 2 2 2 2 2.0 2.09 -7.0 -2.6 -2.6 -2.6 -2.6 -2.6 -2.6 0.218 0.316 0.12 0.197 0.471 0.311 2 2 1 2 2 2
1969-08-05T03:30:00 1969 8 5 3 30 0 0.6 -2.3 458.0 2.3 0.96 1.61 5.45 1.28 2 2 2 2 2 2 2 2 3.0 2.3 -11.0 -2.3 -2.3 -2.3 -2.3 -2.3 -2.3 0.304 0.404 0.131 0.28 0.558 0.378 2 2 1 2 2 2
1969-08-05T04:30:00 1969 8 5 4 30 0 0.4 -2.9 435.0 2.4 0.91 1.84 5.84 1.38 2 2 2 2 2 2 2 2 3.0 2.51 -13.0 -2.9 -2.9 -2.9 -2.9 -2.9 -2.9 0.377 0.47 0.143 0.352 0.612 0.416 2 2 1 2 2 2
1969-08-05T05:30:00 1969 8 5 5 30 0 -1.5 2.0 461.0 3.0 1.28 0.38 1.63 0.41 2 2 2 2 2 2 2 2 3.0 2.56 -14.0 2.0 2.0 2.0 2.0 2.0 2.0 0.29 0.291 0.141 0.223 0.271 0.238 2 2 1 2 2 2
1969-08-05T06:30:00 1969 8 5 6 30 0 -1.9 1.1 426.0 2.5 0.91 0.1 0.0 0.0 2 2 2 2 2 2 2 2 1.7 2.43 -8.0 1.1 1.1 1.1 1.1 1.1 1.1 0.196 0.144 0.137 0.125 0.086 0.099 2 2 1 2 2 2
1969-08-05T07:30:00 1969 8 5 7 30 0 -1.5 3.5 435.0 2.6 0.98 0.07 0.0 0.0 2 2 2 2 2 2 2 2 1.7 2.3 -6.0 3.5 3.5 3.5 3.5 3.5 3.5 0.133 0.072 0.132 0.07 0.027 0.041 2 2 1 2 2 2
1969-08-05T08:30:00 1969 8 5 8 30 0 -1.8 -0.3 405.0 2.5 0.82 0.13 0.05 0.01 2 2 2 2 2 2 2 2 1.7 2.26 -7.0 -0.3 -0.3 -0.3 -0.3 -0.3 -0.3 0.097 0.055 0.129 0.042 0.04 0.041 2 2 1 2 2 2
1969-08-05T09:30:00 1969 8 5 9 30 0 -1.8 1.5 419.0 2.6 0.91 0.18 0.03 0.01 2 2 2 2 2 2 2 2 2.0 2.25 -9.0 1.5 1.5 1.5 1.5 1.5 1.5 0.066 0.028 0.125 0.024 0.013 0.017 2 2 1 2 2 2
1969-08-05T10:30:00 1969 8 5 10 30 0 1.2 -1.8 422.0 2.4 0.85 0.24 1.2 0.29 2 2 2 2 2 2 2 2 2.0 2.25 -4.0 -1.8 -1.8 -1.8 -1.8 -1.8 -1.8 0.099 0.124 0.124 0.061 0.183 0.121 2 2 1 2 2 2
1969-08-05T11:30:00 1969 8 5 11 30 0 0.5 -2.9 426.0 2.6 0.94 1.56 5.08 1.28 2 2 2 2 2 2 2 2 2.0 2.13 -2.0 -2.9 -2.9 -2.9 -2.9 -2.9 -2.9 0.228 0.326 0.134 0.211 0.464 0.3 2 2 1 2 2 2
1969-08-05T12:30:00 1969 8 5 12 30 0 2.8 -2.4 427.0 2.4 0.88 2.21 5.61 1.4 2 2 2 2 2 2 2 2 2.3 2.05 -5.0 -2.4 -2.4 -2.4 -2.4 -2.4 -2.4 0.317 0.424 0.144 0.295 0.546 0.367 2 2 1 2 2 2
1969-08-05T13:30:00 1969 8 5 13 30 0 3.4 -1.2 419.0 2.4 0.84 2.02 3.7 0.89 2 2 2 2 2 2 2 2 2.3 1.97 -10.0 -1.2 -1.2 -1.2 -1.2 -1.2 -1.2 0.321 0.398 0.147 0.26 0.447 0.328 2 2 1 2 2 2
1969-08-05T14:30:00 1969 8 5 14 30 0 1.2 -1.1 417.0 2.5 0.87 0.98 2.39 0.59 2 2 2 2 2 2 2 2 2.3 2.04 -10.0 -1.1 -1.1 -1.1 -1.1 -1.1 -1.1 0.295 0.349 0.147 0.206 0.362 0.286 2 2 1 2 2 2
1969-08-05T15:30:00 1969 8 5 15 30 0 0.2 -1.9 422.0 2.7 0.96 0.68 3.22 0.84 2 2 2 2 2 2 2 2 1.3 1.99 -7.0 -1.9 -1.9 -1.9 -1.9 -1.9 -1.9 0.31 0.374 0.15 0.216 0.415 0.322 2 2 1 2 2 2
1969-08-05T16:30:00 1969 8 5 16 30 0 -0.8 -0.6 427.0 2.6 0.95 0.43 2.54 0.67 2 2 2 2 2 2 2 2 1.3 1.93 -9.0 -0.6 -0.6 -0.6 -0.6 -0.6 -0.6 0.286 0.329 0.15 0.178 0.339 0.291 2 2 1 2 2 2
1969-08-05T17:30:00 1969 8 5 17 30 0 1.2 -0.7 401.0 2.6 0.84 0.16 1.35 0.35 2 2 2 2 2 2 2 2 1.3 1.84 -13.0 -0.7 -0.7 -0.7 -0.7 -0.7 -0.7 0.243 0.272 0.148 0.13 0.259 0.236 2 2 1 2 2 2
1969-08-05T18:30:00 1969 8 5 18 30 0 2.0 0.1 403.0 2.5 0.81 0.3 0.56 0.14 2 2 2 2 2 2 2 2 1.0 1.71 -15.0 0.1 0.1 0.1 0.1 0.1 0.1 0.181 0.174 0.144 0.08 0.129 0.14 2 2 1 2 2 2
1969-08-05T19:30:00 1969 8 5 19 30 0 2.7 1.1 405.0 2.5 0.82 0.33 0.0 0.0 2 2 2 2 2 2 2 2 1.0 1.58 -11.0 1.1 1.1 1.1 1.1 1.1 1.1 0.122 0.086 0.139 0.045 0.041 0.058 2 2 1 2 2 2
1969-08-05T20:30:00 1969 8 5 20 30 0 1.2 1.3 420.0 2.5 0.88 0.15 0.0 0.0 2 2 2 2 2 2 2 2 1.0 1.42 -8.0 1.3 1.3 1.3 1.3 1.3 1.3 0.083 0.043 0.135 0.025 0.013 0.024 2 2 1 2 2 2
1969-08-05T21:30:00 1969 8 5 21 30 0 0.1 1.1 397.0 2.3 0.73 0.01 0.0 0.0 2 2 2 2 2 2 2 2 0.7 1.23 -7.0 1.1 1.1 1.1 1.1 1.1 1.1 0.056 0.021 0.131 0.014 0.004 0.01 2 2 1 2 2 2
1969-08-05T22:30:00 1969 8 5 22 30 0 1.1 1.7 415.0 2.5 0.86 0.01 0.0 0.0 2 2 2 2 2 2 2 2 0.7 1.03 -6.0 1.7 1.7 1.7 1.7 1.7 1.7 0.038 0.011 0.127 0.008 0.001 0.004 2 2 1 2 2 2
1969-08-05T23:30:00 1969 8 5 23 30 0 2.0 0.8 418.0 2.4 0.84 0.1 0.0 0.0 2 2 2 2 2 2 2 2 0.7 0.96 -5.0 0.8 0.8 0.8 0.8 0.8 0.8 0.026 0.005 0.123 0.004 0.0 0.002 2 2 1 2 2 2
