1969-11-26T00:30:00 1969 11 26 0 30 0 -4.9 -2.9 361.0 4.2 1.09 5.22 6.59 2.44 2 2 2 2 2 2 2 2 3.0 1.99 -12.0 -2.9 -2.9 -2.9 -2.9 -2.9 -2.9 0.61 0.754 0.21 0.593 0.66 0.519 2 2 2 2 2 2
1969-11-26T01:30:00 1969 11 26 1 30 0 -0.4 -7.2 361.0 4.2 1.09 6.52 9.44 3.96 2 2 2 2 2 2 2 2 3.0 2.12 -10.0 -7.2 -7.2 -7.2 -7.2 -7.2 -7.2 0.763 0.936 0.236 0.849 0.892 0.716 2 2 2 2 2 2
1969-11-26T02:30:00 1969 11 26 2 30 0 -4.6 -5.3 361.0 4.2 1.09 8.39 11.14 4.68 2 2 2 2 2 2 2 2 3.0 2.33 -20.0 -5.3 -5.3 -5.3 -5.3 -5.3 -5.3 0.88 1.034 0.265 1.006 0.958 0.8 2 2 2 2 2 2
1969-11-26T03:30:00 1969 11 26 3 30 0 -6.1 -2.6 341.0 2.6 0.6 5.89 6.74 2.31 2 2 2 2 2 2 2 2 3.0 2.54 -22.0 -2.6 -2.6 -2.6 -2.6 -2.6 -2.6 0.797 0.859 0.273 0.795 0.687 0.571 2 2 2 2 2 2
1969-11-26T04:30:00 1969 11 26 4 30 0 -6.0 -1.8 341.0 2.6 0.6 4.15 3.69 0.96 2 2 2 2 2 2 2 2 3.0 2.75 -18.0 -1.8 -1.8 -1.8 -1.8 -1.8 -1.8 0.655 0.65 0.271 0.549 0.461 0.372 2 2 2 2 2 2
1969-11-26T05:30:00 1969 11 26 5 30 0 -5.3 -0.3 341.0 2.6 0.6 2.76 1.68 0.44 2 2 2 2 2 2 2 2 3.0 2.83 -15.0 -0.3 -0.3 -0.3 -0.3 -0.3 -0.3 0.494 0.435 0.265 0.339 0.263 0.231 2 2 2 2 2 2
1969-11-26T06:30:00 1969 11 26 6 30 0 -5.4 -0.2 329.0 1.9 0.41 2.0 0.41 0.09 2 2 2 2 2 2 2 2 1.7 2.75 -11.0 -0.2 -0.2 -0.2 -0.2 -0.2 -0.2 0.35 0.263 0.257 0.195 0.131 0.127 2 2 2 2 2 2
1969-11-26T07:30:00 1969 11 26 7 30 0 -4.3 1.7 329.0 1.9 0.41 1.2 0.01 0.0 2 2 2 2 2 2 2 2 1.7 2.66 -11.0 1.7 1.7 1.7 1.7 1.7 1.7 0.237 0.131 0.249 0.109 0.041 0.053 2 2 2 2 2 2
1969-11-26T08:30:00 1969 11 26 8 30 0 -3.8 2.0 329.0 1.9 0.41 0.57 0.0 0.0 2 2 2 2 2 2 2 2 1.7 2.5 -11.0 2.0 2.0 2.0 2.0 2.0 2.0 0.16 0.065 0.242 0.061 0.013 0.022 2 2 2 2 2 2
1969-11-26T09:30:00 1969 11 26 9 30 0 -3.5 4.7 357.0 2.7 0.69 0.31 0.0 0.0 2 2 2 2 2 2 2 2 1.0 2.24 -13.0 4.7 4.7 4.7 4.7 4.7 4.7 0.109 0.032 0.234 0.034 0.004 0.009 2 2 2 2 2 2
1969-11-26T10:30:00 1969 11 26 10 30 0 -3.2 3.1 357.0 2.7 0.69 0.22 0.0 0.0 2 2 2 2 2 2 2 2 1.0 1.99 -11.0 3.1 3.1 3.1 3.1 3.1 3.1 0.074 0.016 0.227 0.019 0.001 0.004 2 2 2 2 2 2
1969-11-26T11:30:00 1969 11 26 11 30 0 -3.3 2.8 357.0 2.7 0.69 0.26 0.0 0.0 2 2 2 2 2 2 2 2 1.0 1.74 -7.0 2.8 2.8 2.8 2.8 2.8 2.8 0.05 0.008 0.22 0.011 0.0 0.002 2 2 2 2 2 2
1969-11-26T12:30:00 1969 11 26 12 30 0 -2.6 2.4 374.0 3.3 0.92 0.22 0.0 0.0 2 2 2 2 2 2 2 2 1.3 1.53 -3.0 2.4 2.4 2.4 2.4 2.4 2.4 0.034 0.004 0.213 0.006 0.0 0.001 2 2 2 2 2 2
1969-11-26T13:30:00 1969 11 26 13 30 0 -1.7 3.0 374.0 3.3 0.92 0.09 0.0 0.0 2 2 2 2 2 2 2 2 1.3 1.33 -2.0 3.0 3.0 3.0 3.0 3.0 3.0 0.023 0.002 0.207 0.003 0.0 0.0 2 2 2 2 2 2
1969-11-26T14:30:00 1969 11 26 14 30 0 2.4 -1.7 374.0 3.3 0.92 0.27 0.71 0.24 2 2 2 2 2 2 2 2 1.3 1.28 0.0 -1.7 -1.7 -1.7 -1.7 -1.7 -1.7 0.059 0.099 0.203 0.038 0.135 0.1 2 2 2 2 2 2
1969-11-26T15:30:00 1969 11 26 15 30 0 9.9 -4.1 450.0 4.2 1.7 7.31 6.3 2.43 2 2 2 2 2 2 2 2 3.3 1.5 11.0 -4.1 -4.1 -4.1 -4.1 -4.1 -4.1 0.28 0.436 0.219 0.328 0.646 0.569 2 2 2 2 2 2
1969-11-26T16:30:00 1969 11 26 16 30 0 12.6 -2.7 450.0 4.2 1.7 15.65 7.52 3.16 2 2 2 2 2 2 2 2 3.3 1.71 4.0 -2.7 -2.7 -2.7 -2.7 -2.7 -2.7 0.441 0.605 0.239 0.495 0.825 0.846 2 2 2 2 2 2
1969-11-26T17:30:00 1969 11 26 17 30 0 9.4 -6.8 450.0 4.2 1.7 18.48 11.07 4.65 2 2 2 2 2 2 2 2 3.3 2.0 -2.0 -6.8 -6.8 -6.8 -6.8 -6.8 -6.8 0.695 0.862 0.283 0.908 1.193 1.174 2 2 2 2 2 2
1969-11-26T18:30:00 1969 11 26 18 30 0 7.5 0.3 495.0 4.4 2.16 10.99 6.94 2.96 2 2 2 2 2 2 2 2 3.0 2.25 -11.0 0.3 0.3 0.3 0.3 0.3 0.3 0.652 0.685 0.297 0.738 0.778 0.93 2 2 2 2 2 2
1969-11-26T19:30:00 1969 11 26 19 30 0 9.2 0.4 495.0 4.4 2.16 6.03 0.0 0.0 2 2 2 2 2 2 2 2 3.0 2.5 -12.0 0.4 0.4 0.4 0.4 0.4 0.4 0.442 0.34 0.288 0.413 0.246 0.386 2 2 2 2 2 2
1969-11-26T20:30:00 1969 11 26 20 30 0 4.3 2.5 495.0 4.4 2.16 3.14 0.0 0.0 2 2 2 2 2 2 2 2 3.0 2.7 -6.0 2.5 2.5 2.5 2.5 2.5 2.5 0.299 0.169 0.279 0.231 0.078 0.16 2 2 2 2 2 2
1969-11-26T21:30:00 1969 11 26 21 30 0 5.0 8.3 558.0 5.7 3.55 0.61 0.0 0.0 2 2 2 2 2 2 2 2 2.0 2.78 -5.0 8.3 8.3 8.3 8.3 8.3 8.3 0.202 0.084 0.27 0.129 0.025 0.066 2 2 2 2 2 2
1969-11-26T22:30:00 1969 11 26 22 30 0 2.5 9.8 558.0 5.7 3.55 0.21 0.0 0.0 2 2 2 2 2 2 2 2 2.0 2.85 -4.0 9.8 9.8 9.8 9.8 9.8 9.8 0.137 0.042 0.262 0.072 0.008 0.028 2 2 2 2 2 2
1969-11-26T23:30:00 1969 11 26 23 30 0 3.0 9.0 558.0 5.7 3.55 0.08 0.0 0.0 2 2 2 2 2 2 2 2 2.0 2.68 -1.0 9.0 9.0 9.0 9.0 9.0 9.0 0.093 0.021 0.254 0.041 0.002 0.011 2 2 2 2 2 2
