1969-06-05T00:30:00 1969 6 5 0 30 0 -6.3 -0.8 308.2 4.56 1.63 0.97 0.6 0.27 2 2 1 0 0 2 2 1 2.0 1.17 -1.0 -0.8 -0.8 -0.8 -0.8 -0.8 -0.8 0.087 0.138 0.076 0.034 0.107 0.116 0 0 0 0 0 0
1969-06-05T01:30:00 1969 6 5 1 30 0 -3.27 -0.74 306.6 4.56 1.63 1.74 1.18 0.54 1 1 1 0 0 1 1 1 2.0 1.27 1.0 -0.74 -0.74 -0.74 -0.74 -0.74 -0.74 0.114 0.214 0.075 0.051 0.166 0.176 0 0 0 0 0 0
1969-06-05T02:30:00 1969 6 5 2 30 0 -0.23 -0.46 305.1 4.56 1.63 0.35 0.9 0.41 1 1 1 0 0 1 1 1 2.0 1.43 2.0 -0.46 -0.46 -0.46 -0.46 -0.46 -0.46 0.119 0.223 0.074 0.049 0.156 0.179 0 0 0 0 0 0
1969-06-05T03:30:00 1969 6 5 3 30 0 2.8 -0.4 303.5 4.56 1.63 0.25 0.65 0.3 2 2 1 0 0 2 2 1 1.0 1.46 1.0 -0.4 -0.4 -0.4 -0.4 -0.4 -0.4 0.113 0.208 0.073 0.042 0.135 0.166 0 0 0 0 0 0
1969-06-05T04:30:00 1969 6 5 4 30 0 -2.4 -0.6 301.9 4.56 1.63 0.24 0.77 0.35 2 2 1 0 0 2 2 1 1.0 1.49 4.0 -0.6 -0.6 -0.6 -0.6 -0.6 -0.6 0.116 0.218 0.071 0.043 0.145 0.172 0 0 0 0 0 0
1969-06-05T05:30:00 1969 6 5 5 30 0 -0.2 0.2 300.3 4.56 1.63 0.16 0.3 0.14 2 2 1 0 0 2 2 1 1.0 1.44 3.0 0.2 0.2 0.2 0.2 0.2 0.2 0.089 0.139 0.07 0.028 0.069 0.1 0 0 0 0 0 0
1969-06-05T06:30:00 1969 6 5 6 30 0 -1.77 0.34 298.7 4.56 1.63 0.06 0.0 0.0 1 1 1 0 0 1 1 1 1.3 1.44 1.0 0.34 0.34 0.34 0.34 0.34 0.34 0.061 0.069 0.067 0.016 0.022 0.041 0 0 0 0 0 0
1969-06-05T07:30:00 1969 6 5 7 30 0 -3.33 0.96 297.2 4.56 1.63 0.3 0.0 0.0 1 1 1 0 0 1 1 1 1.3 1.44 4.0 0.96 0.96 0.96 0.96 0.96 0.96 0.041 0.034 0.065 0.009 0.007 0.017 0 0 0 0 0 0
1969-06-05T08:30:00 1969 6 5 8 30 0 -4.9 1.1 295.6 4.56 1.63 0.73 0.0 0.0 2 2 1 0 0 2 2 1 1.3 1.36 8.0 1.1 1.1 1.1 1.1 1.1 1.1 0.028 0.017 0.063 0.005 0.002 0.007 0 0 0 0 0 0
1969-06-05T09:30:00 1969 6 5 9 30 0 -4.6 -0.7 294.0 4.56 1.63 1.27 0.25 0.11 2 2 2 0 0 2 2 1 2.7 1.46 6.0 -0.7 -0.7 -0.7 -0.7 -0.7 -0.7 0.038 0.07 0.062 0.013 0.059 0.058 0 0 0 0 0 0
1969-06-05T10:30:00 1969 6 5 10 30 0 -5.1 1.4 294.0 4.56 1.63 1.22 0.13 0.06 2 2 2 0 0 2 2 1 2.7 1.56 9.0 1.4 1.4 1.4 1.4 1.4 1.4 0.029 0.045 0.06 0.008 0.026 0.033 0 0 0 0 0 0
1969-06-05T11:30:00 1969 6 5 11 30 0 -2.1 2.1 294.0 4.56 1.63 0.41 0.0 0.0 2 2 2 0 0 2 2 1 2.7 1.77 9.0 2.1 2.1 2.1 2.1 2.1 2.1 0.02 0.022 0.058 0.005 0.008 0.014 0 0 0 0 0 0
1969-06-05T12:30:00 1969 6 5 12 30 0 -2.23 1.75 278.0 4.55 1.63 0.1 0.0 0.0 1 1 2 0 0 1 2 1 1.0 1.76 10.0 1.75 1.75 1.75 1.75 1.75 1.75 0.013 0.011 0.056 0.003 0.003 0.006 0 0 0 0 0 0
1969-06-05T13:30:00 1969 6 5 13 30 0 -2.37 0.25 278.0 4.55 1.63 0.18 0.0 0.0 1 1 2 0 0 1 2 1 1.0 1.75 8.0 0.25 0.25 0.25 0.25 0.25 0.25 0.009 0.006 0.055 0.001 0.001 0.002 0 0 0 0 0 0
1969-06-05T14:30:00 1969 6 5 14 30 0 -2.5 -0.1 278.0 4.55 1.63 0.33 0.03 0.01 2 2 2 0 0 2 2 1 1.0 1.7 6.0 -0.1 -0.1 -0.1 -0.1 -0.1 -0.1 0.009 0.017 0.053 0.001 0.012 0.016 0 0 0 0 0 0
1969-06-05T15:30:00 1969 6 5 15 30 0 -2.3 -0.2 289.0 4.55 1.63 0.37 0.22 0.1 2 2 2 0 0 2 2 1 1.0 1.66 3.0 -0.2 -0.2 -0.2 -0.2 -0.2 -0.2 0.02 0.06 0.052 0.005 0.046 0.055 0 0 0 0 0 0
1969-06-05T16:30:00 1969 6 5 16 30 0 -2.2 -0.1 289.0 4.55 1.63 0.34 0.21 0.1 2 2 2 0 0 2 2 1 1.0 1.62 3.0 -0.1 -0.1 -0.1 -0.1 -0.1 -0.1 0.025 0.074 0.05 0.006 0.05 0.066 0 0 0 0 0 0
1969-06-05T17:30:00 1969 6 5 17 30 0 -2.7 -0.12 289.0 4.55 1.63 0.39 0.16 0.07 1 1 2 0 0 1 2 1 1.0 1.41 3.0 -0.12 -0.12 -0.12 -0.12 -0.12 -0.12 0.027 0.077 0.049 0.006 0.048 0.068 0 0 0 0 0 0
1969-06-05T18:30:00 1969 6 5 18 30 0 -3.2 -0.18 287.0 4.55 1.63 0.57 0.22 0.1 1 1 2 0 0 1 2 1 1.3 1.24 4.0 -0.18 -0.18 -0.18 -0.18 -0.18 -0.18 0.032 0.089 0.047 0.007 0.056 0.076 0 0 0 0 0 0
1969-06-05T19:30:00 1969 6 5 19 30 0 -3.7 -0.2 287.0 4.55 1.63 0.76 0.27 0.12 2 2 2 0 0 2 2 1 1.3 1.08 3.0 -0.2 -0.2 -0.2 -0.2 -0.2 -0.2 0.037 0.102 0.046 0.009 0.064 0.084 0 0 0 0 0 0
1969-06-05T20:30:00 1969 6 5 20 30 0 -5.3 -1.0 287.0 4.55 1.63 1.49 0.91 0.41 2 2 2 0 0 2 2 1 1.3 1.12 4.0 -1.0 -1.0 -1.0 -1.0 -1.0 -1.0 0.075 0.19 0.046 0.033 0.139 0.142 0 0 0 0 0 0
1969-06-05T21:30:00 1969 6 5 21 30 0 -4.1 -0.9 288.0 4.55 1.63 1.69 1.36 0.62 2 2 2 0 0 2 2 1 0.7 1.08 1.0 -0.9 -0.9 -0.9 -0.9 -0.9 -0.9 0.113 0.259 0.047 0.057 0.18 0.181 0 0 0 0 0 0
1969-06-05T22:30:00 1969 6 5 22 30 0 -2.6 -0.9 288.0 4.55 1.62 0.98 1.3 0.59 2 2 2 0 0 2 2 1 0.7 1.04 1.0 -0.9 -0.9 -0.9 -0.9 -0.9 -0.9 0.137 0.29 0.047 0.068 0.191 0.195 0 0 0 0 0 0
1969-06-05T23:30:00 1969 6 5 23 30 0 -2.03 -0.74 288.0 4.55 1.62 0.55 1.17 0.53 1 1 2 0 0 1 2 1 0.7 1.0 1.0 -0.74 -0.74 -0.74 -0.74 -0.74 -0.74 0.147 0.291 0.047 0.069 0.182 0.193 0 0 0 0 0 0
