1994-06-28T00:30:00 1994 6 28 0 30 0 -1.3 -1.4 496.0 5.9 2.88 0.78 3.37 1.73 2 2 2 2 2 2 2 2 2.3 2.0 -26.0 -1.4 -1.4 -1.4 -1.4 -1.4 -1.4 0.338 0.442 0.317 0.237 0.628 1.006 2 2 2 2 2 2
1994-06-28T01:30:00 1994 6 28 1 30 0 -2.1 -1.1 495.0 5.9 2.88 0.94 3.07 1.81 2 2 2 2 2 2 2 2 2.3 2.08 -21.0 -1.1 -1.1 -1.1 -1.1 -1.1 -1.1 0.362 0.461 0.318 0.248 0.627 1.132 2 2 2 2 2 2
1994-06-28T02:30:00 1994 6 28 2 30 0 -4.1 -0.4 484.0 5.4 2.53 1.46 1.77 1.0 2 2 2 2 2 2 2 2 2.3 2.12 -20.0 -0.4 -0.4 -0.4 -0.4 -0.4 -0.4 0.319 0.38 0.313 0.189 0.452 0.916 2 2 2 2 2 2
1994-06-28T03:30:00 1994 6 28 3 30 0 -4.1 -0.29 481.1 5.4 2.53 1.84 0.82 0.44 1 1 1 1 1 1 1 1 1.7 2.08 -18.0 -0.41 -0.39 -0.46 -0.46 -0.39 -0.37 0.265 0.298 0.306 0.135 0.328 0.706 2 2 2 2 1 2
1994-06-28T04:30:00 1994 6 28 4 30 0 -3.22 0.11 478.1 5.4 2.55 1.33 0.22 0.12 1 1 1 1 1 1 1 1 1.7 2.04 -12.0 -0.45 -0.33 -0.69 -0.68 -0.35 -0.25 0.231 0.249 0.3 0.12 0.276 0.569 2 1 2 1 1 1
1994-06-28T05:30:00 1994 6 28 5 30 0 -1.6 0.18 475.2 5.58 2.62 0.52 0.0 0.0 1 0 1 1 1 1 1 1 1.7 2.0 -12.0 -0.46 -0.32 -0.73 -0.72 -0.34 -0.22 0.21 0.221 0.296 0.121 0.254 0.486 1 1 2 1 0 1
1994-06-28T06:30:00 1994 6 28 6 30 0 0.03 0.18 472.3 5.81 2.69 0.06 0.0 0.0 1 0 1 1 1 1 1 1 1.7 1.96 -14.0 -0.46 -0.32 -0.73 -0.72 -0.34 -0.22 0.197 0.208 0.291 0.124 0.247 0.454 1 0 2 0 0 0
1994-06-28T07:30:00 1994 6 28 7 30 0 0.64 0.18 469.4 6.03 2.76 0.01 0.0 0.0 0 0 1 1 1 0 1 1 1.7 1.92 -13.0 -0.46 -0.32 -0.73 -0.72 -0.34 -0.22 0.189 0.203 0.287 0.126 0.246 0.45 1 0 2 0 0 0
1994-06-28T08:30:00 1994 6 28 8 30 0 0.64 0.18 466.4 6.25 2.77 0.03 0.0 0.0 0 0 1 1 0 0 1 1 1.7 1.84 -8.0 -0.46 -0.32 -0.73 -0.72 -0.34 -0.22 0.184 0.202 0.283 0.127 0.246 0.456 0 0 2 0 0 0
1994-06-28T09:30:00 1994 6 28 9 30 0 0.65 0.18 463.5 6.38 2.77 0.03 0.0 0.0 0 0 1 0 0 0 1 0 2.3 1.85 -6.0 -0.46 -0.32 -0.73 -0.72 -0.34 -0.22 0.181 0.202 0.279 0.128 0.246 0.464 0 0 2 0 0 0
1994-06-28T10:30:00 1994 6 28 10 30 0 0.65 0.18 460.6 7.02 2.77 0.03 0.0 0.0 0 0 1 1 0 0 1 1 2.3 1.86 -6.0 -0.46 -0.32 -0.73 -0.72 -0.34 -0.22 0.18 0.206 0.275 0.13 0.25 0.49 0 0 2 0 0 0
1994-06-28T11:30:00 1994 6 28 11 30 0 0.65 0.18 457.6 8.2 2.79 0.03 0.0 0.0 0 0 1 1 1 0 1 1 2.3 1.93 -3.0 -0.46 -0.32 -0.73 -0.72 -0.34 -0.22 0.182 0.215 0.272 0.134 0.259 0.553 0 0 1 0 0 0
1994-06-28T12:30:00 1994 6 28 12 30 0 0.59 0.18 454.7 9.37 3.22 0.03 0.0 0.0 1 0 1 1 1 1 1 1 2.0 1.97 2.0 -0.46 -0.32 -0.73 -0.72 -0.34 -0.22 0.187 0.226 0.269 0.139 0.271 0.642 0 0 1 0 0 0
1994-06-28T13:30:00 1994 6 28 13 30 0 0.44 0.18 451.8 10.55 3.65 0.02 0.0 0.0 1 0 1 1 1 1 1 1 2.0 2.0 3.0 -0.46 -0.32 -0.73 -0.72 -0.34 -0.22 0.193 0.239 0.266 0.145 0.282 0.743 0 0 1 0 0 0
1994-06-28T14:30:00 1994 6 28 14 30 0 0.28 -0.28 448.9 11.5 4.08 0.02 0.22 0.25 1 1 1 1 1 1 1 1 2.0 2.04 -1.0 -0.84 -0.73 -1.08 -1.07 -0.74 -0.64 0.23 0.319 0.265 0.181 0.396 1.134 0 1 1 1 1 1
1994-06-28T15:30:00 1994 6 28 15 30 0 0.2 -2.87 445.9 11.5 4.21 0.9 3.76 4.32 1 1 1 1 1 1 1 1 2.3 2.11 -1.0 -3.0 -2.97 -3.05 -3.04 -2.97 -2.95 0.429 0.647 0.282 0.432 0.881 2.296 1 1 1 1 1 1
1994-06-28T16:30:00 1994 6 28 16 30 0 0.2 -3.6 443.0 11.5 4.21 2.75 7.25 8.34 2 2 2 2 2 2 2 2 2.3 2.19 -4.0 -3.6 -3.6 -3.6 -3.6 -3.6 -3.6 0.68 0.97 0.314 0.756 1.26 3.219 1 2 1 2 2 2
1994-06-28T17:30:00 1994 6 28 17 30 0 -1.9 -3.2 458.0 7.8 3.09 3.16 7.63 7.26 2 2 2 2 2 2 2 2 2.3 2.19 -13.0 -3.2 -3.2 -3.2 -3.2 -3.2 -3.2 0.815 1.055 0.342 0.885 1.292 3.04 2 2 2 2 2 2
1994-06-28T18:30:00 1994 6 28 18 30 0 -1.9 -2.57 458.0 7.8 3.09 2.73 6.55 5.11 1 1 1 1 1 1 1 1 4.3 2.45 -14.0 -2.69 -2.67 -2.74 -2.74 -2.67 -2.65 0.848 1.008 0.362 0.862 1.18 2.601 1 1 1 1 1 1
1994-06-28T19:30:00 1994 6 28 19 30 0 -1.43 -0.26 458.0 7.8 3.06 0.99 3.02 2.36 1 1 1 1 1 1 1 1 4.3 2.71 -15.0 -0.82 -0.7 -1.05 -1.04 -0.71 -0.61 0.738 0.786 0.366 0.656 0.811 1.923 1 1 1 1 1 1
1994-06-28T20:30:00 1994 6 28 20 30 0 -0.55 0.18 458.0 7.54 2.96 0.11 0.15 0.12 1 0 1 1 1 1 1 1 4.3 3.0 -8.0 -0.46 -0.32 -0.73 -0.72 -0.34 -0.23 0.573 0.527 0.361 0.44 0.47 1.222 1 1 1 1 1 1
1994-06-28T21:30:00 1994 6 28 21 30 0 0.32 0.18 458.0 7.21 2.87 0.0 0.0 0.0 1 0 1 1 1 1 1 1 5.7 3.48 -17.0 -0.46 -0.32 -0.73 -0.72 -0.34 -0.23 0.447 0.371 0.355 0.306 0.323 0.834 1 1 1 1 0 0
1994-06-28T22:30:00 1994 6 28 22 30 0 0.65 0.18 458.0 6.89 2.77 0.02 0.0 0.0 0 0 1 1 1 0 1 1 5.7 3.94 -31.0 -0.46 -0.32 -0.73 -0.72 -0.34 -0.23 0.36 0.291 0.349 0.229 0.273 0.654 1 0 1 1 0 0
1994-06-28T23:30:00 1994 6 28 23 30 0 0.66 0.18 458.0 6.57 2.77 0.03 0.0 0.0 0 0 1 1 0 0 1 1 5.7 4.36 -33.0 -0.46 -0.32 -0.73 -0.72 -0.34 -0.23 0.301 0.249 0.343 0.186 0.254 0.562 1 0 1 0 0 0
