1994-12-25T00:30:00 1994 12 25 0 30 0 0.37 -0.13 487.3 8.08 2.81 0.03 0.32 0.26 0 0 1 0 0 0 1 0 4.3 4.65 -18.0 -0.8 -0.59 -1.19 -1.16 -0.61 -0.43 0.318 0.344 0.332 0.278 0.437 1.013 0 0 0 0 0 0
1994-12-25T01:30:00 1994 12 25 1 30 0 0.37 -0.13 490.0 8.07 2.81 0.03 0.32 0.26 0 0 1 0 0 0 1 0 4.3 4.6 -18.0 -0.8 -0.59 -1.19 -1.17 -0.61 -0.43 0.32 0.345 0.333 0.281 0.44 1.027 0 0 0 0 0 0
1994-12-25T02:30:00 1994 12 25 2 30 0 0.87 -0.13 492.7 8.07 2.81 0.06 0.32 0.26 1 0 1 0 0 1 1 0 4.3 4.54 -19.0 -0.8 -0.59 -1.19 -1.17 -0.61 -0.43 0.321 0.345 0.334 0.284 0.444 1.04 0 0 0 0 0 0
1994-12-25T03:30:00 1994 12 25 3 30 0 2.15 -0.13 495.4 8.07 2.81 0.3 0.32 0.26 1 0 1 0 0 1 1 0 3.7 4.42 -21.0 -0.8 -0.59 -1.19 -1.17 -0.61 -0.43 0.323 0.345 0.335 0.286 0.448 1.053 0 0 0 0 0 0
1994-12-25T04:30:00 1994 12 25 4 30 0 3.42 -0.47 498.2 8.07 2.81 1.0 0.78 0.63 1 1 1 0 0 1 1 1 3.7 4.29 -22.0 -1.06 -0.88 -1.4 -1.38 -0.89 -0.74 0.343 0.382 0.338 0.309 0.519 1.217 0 0 0 0 0 0
1994-12-25T05:30:00 1994 12 25 5 30 0 4.1 -2.37 500.9 8.07 2.81 2.73 3.75 3.02 1 1 1 0 0 1 1 1 3.7 4.16 -25.0 -2.5 -2.46 -2.57 -2.57 -2.46 -2.42 0.468 0.576 0.353 0.462 0.873 1.9 0 0 0 0 0 0
1994-12-25T06:30:00 1994 12 25 6 30 0 4.1 -2.9 503.7 8.07 2.81 4.54 6.68 5.39 2 2 1 0 0 2 2 1 3.0 3.95 -24.0 -2.9 -2.9 -2.9 -2.9 -2.9 -2.9 0.63 0.777 0.378 0.658 1.174 2.519 0 0 0 0 0 0
1994-12-25T07:30:00 1994 12 25 7 30 0 1.9 -1.7 506.4 8.07 2.81 2.91 5.68 4.59 2 2 1 0 0 2 2 1 3.0 3.73 -31.0 -1.7 -1.7 -1.7 -1.7 -1.7 -1.7 0.675 0.791 0.393 0.647 1.103 2.547 0 0 0 0 0 0
1994-12-25T08:30:00 1994 12 25 8 30 0 2.4 -1.6 509.2 8.07 2.81 1.59 4.18 3.37 2 2 1 0 0 2 2 1 3.0 3.57 -27.0 -1.6 -1.6 -1.6 -1.6 -1.6 -1.6 0.657 0.739 0.399 0.565 0.982 2.403 0 0 0 0 0 0
1994-12-25T09:30:00 1994 12 25 9 30 0 3.7 -1.1 511.9 8.07 2.81 1.96 3.39 2.74 2 2 1 0 0 2 2 1 2.7 3.37 -23.0 -1.1 -1.1 -1.1 -1.1 -1.1 -1.1 0.606 0.657 0.401 0.463 0.84 2.181 0 0 0 0 0 0
1994-12-25T10:30:00 1994 12 25 10 30 0 1.3 -1.7 514.7 8.07 2.81 1.58 3.66 2.95 2 2 1 0 0 2 2 1 2.7 3.18 -22.0 -1.7 -1.7 -1.7 -1.7 -1.7 -1.7 0.597 0.654 0.405 0.444 0.881 2.232 0 0 0 0 0 0
1994-12-25T11:30:00 1994 12 25 11 30 0 1.5 -1.9 517.5 8.07 2.81 1.36 4.67 3.77 2 2 1 0 0 2 2 1 2.7 3.05 -19.0 -1.9 -1.9 -1.9 -1.9 -1.9 -1.9 0.628 0.7 0.415 0.489 0.986 2.418 0 0 0 0 0 0
1994-12-25T12:30:00 1994 12 25 12 30 0 2.9 -0.8 520.2 8.07 2.81 1.37 3.38 2.73 2 2 1 0 0 2 2 1 3.3 3.01 -22.0 -0.8 -0.8 -0.8 -0.8 -0.8 -0.8 0.578 0.62 0.415 0.41 0.813 2.164 0 0 0 0 0 0
1994-12-25T13:30:00 1994 12 25 13 30 0 0.1 -0.7 523.0 8.07 2.81 0.57 1.95 1.57 2 2 1 0 0 2 2 1 3.3 2.96 -25.0 -0.7 -0.7 -0.7 -0.7 -0.7 -0.7 0.493 0.511 0.409 0.304 0.636 1.836 0 0 0 0 0 0
1994-12-25T14:30:00 1994 12 25 14 30 0 0.8 2.1 525.8 8.07 2.81 0.01 0.15 0.12 2 2 1 0 0 2 2 1 3.3 3.0 -23.0 2.1 2.1 2.1 2.1 2.1 2.1 0.334 0.254 0.397 0.17 0.201 0.761 0 0 0 0 0 0
1994-12-25T15:30:00 1994 12 25 15 30 0 1.8 0.8 528.6 8.07 2.81 0.08 0.0 0.0 2 2 1 0 0 2 2 1 3.3 3.04 -14.0 0.8 0.8 0.8 0.8 0.8 0.8 0.226 0.126 0.385 0.095 0.064 0.316 0 0 0 0 0 0
1994-12-25T16:30:00 1994 12 25 16 30 0 4.3 0.1 531.4 8.07 2.8 0.96 0.0 0.0 2 2 1 0 0 2 2 1 3.3 3.08 -13.0 0.1 0.1 0.1 0.1 0.1 0.1 0.153 0.063 0.373 0.053 0.02 0.131 0 0 0 0 0 0
1994-12-25T17:30:00 1994 12 25 17 30 0 0.3 0.4 534.2 8.07 2.8 0.57 0.0 0.0 2 2 1 0 0 2 2 1 3.3 3.16 -12.0 0.4 0.4 0.4 0.4 0.4 0.4 0.104 0.031 0.362 0.03 0.006 0.054 0 0 0 0 0 0
1994-12-25T18:30:00 1994 12 25 18 30 0 4.3 0.5 537.0 8.07 2.8 0.65 0.0 0.0 2 2 1 0 0 2 2 1 2.3 3.1 -11.0 0.5 0.5 0.5 0.5 0.5 0.5 0.07 0.015 0.351 0.017 0.002 0.023 0 0 0 0 0 0
1994-12-25T19:30:00 1994 12 25 19 30 0 3.6 0.6 539.8 8.06 2.8 1.36 0.0 0.0 2 2 1 0 0 2 2 1 2.3 3.04 -10.0 0.6 0.6 0.6 0.6 0.6 0.6 0.047 0.008 0.34 0.009 0.001 0.009 0 0 0 0 0 0
1994-12-25T20:30:00 1994 12 25 20 30 0 4.5 -2.5 542.6 8.06 2.8 2.91 3.02 2.43 2 2 1 0 0 2 2 1 2.3 2.91 -14.0 -2.5 -2.5 -2.5 -2.5 -2.5 -2.5 0.215 0.319 0.348 0.212 0.667 1.445 0 0 0 0 0 0
1994-12-25T21:30:00 1994 12 25 21 30 0 3.5 -1.9 544.0 8.06 2.8 3.99 5.91 4.76 2 2 1 0 0 2 2 1 3.3 2.92 -21.0 -1.9 -1.9 -1.9 -1.9 -1.9 -1.9 0.409 0.571 0.367 0.423 1.042 2.396 0 0 0 0 0 0
1994-12-25T22:30:00 1994 12 25 22 30 0 4.0 -0.8 544.0 8.06 2.8 2.68 3.55 2.86 2 2 1 0 0 2 2 1 3.3 2.92 -22.0 -0.8 -0.8 -0.8 -0.8 -0.8 -0.8 0.435 0.559 0.371 0.381 0.869 2.29 0 0 0 0 0 0
1994-12-25T23:30:00 1994 12 25 23 30 0 2.9 -0.5 544.0 8.06 2.8 1.72 1.73 1.4 2 2 1 0 0 2 2 1 3.3 2.93 -21.0 -0.5 -0.5 -0.5 -0.5 -0.5 -0.5 0.383 0.455 0.365 0.274 0.622 1.872 0 0 0 0 0 0
