1994-02-18T00:30:00 1994 2 18 0 30 0 -0.3 0.42 499.3 4.3 2.24 0.0 0.0 0.0 1 1 1 1 1 1 1 1 1.7 2.3 -21.0 0.21 0.27 0.08 0.09 0.26 0.31 0.049 0.014 0.611 0.014 0.003 0.014 1 1 0 1 1 1
1994-02-18T01:30:00 1994 2 18 1 30 0 -0.44 0.15 494.6 4.3 2.41 0.01 0.0 0.0 1 1 1 1 1 1 1 1 1.7 2.18 -21.0 -0.88 -0.59 -1.48 -1.45 -0.62 -0.39 0.087 0.087 0.599 0.085 0.159 0.164 1 1 0 1 1 1
1994-02-18T02:30:00 1994 2 18 2 30 0 -0.71 0.09 489.9 4.6 2.93 0.03 0.0 0.0 1 0 1 1 1 1 1 1 1.7 2.05 -22.0 -1.09 -0.76 -1.78 -1.74 -0.79 -0.52 0.162 0.193 0.594 0.201 0.324 0.374 0 0 0 0 0 0
1994-02-18T03:30:00 1994 2 18 3 30 0 -0.98 0.09 485.2 4.97 3.45 0.07 0.0 0.0 1 0 1 1 1 1 1 1 1.3 1.88 -19.0 -1.09 -0.76 -1.78 -1.74 -0.79 -0.52 0.221 0.258 0.591 0.281 0.394 0.499 0 0 0 0 0 0
1994-02-18T04:30:00 1994 2 18 4 30 0 -1.09 0.09 480.5 5.34 3.98 0.1 0.0 0.0 0 0 1 1 1 0 1 1 1.3 1.7 -22.0 -1.09 -0.76 -1.78 -1.74 -0.79 -0.52 0.263 0.296 0.588 0.329 0.42 0.576 0 0 0 0 0 0
1994-02-18T05:30:00 1994 2 18 5 30 0 -1.09 0.1 475.8 5.71 4.0 0.11 0.0 0.0 0 0 1 1 0 0 1 1 1.3 1.62 -22.0 -1.09 -0.76 -1.78 -1.74 -0.79 -0.52 0.294 0.32 0.586 0.358 0.432 0.633 0 0 0 0 0 0
1994-02-18T06:30:00 1994 2 18 6 30 0 -1.1 0.1 471.2 5.87 4.0 0.11 0.0 0.0 0 0 1 1 0 0 1 1 1.3 1.53 -22.0 -1.09 -0.76 -1.79 -1.74 -0.79 -0.52 0.316 0.335 0.583 0.376 0.436 0.667 0 0 0 0 0 0
1994-02-18T07:30:00 1994 2 18 7 30 0 -1.4 0.1 466.5 5.8 3.97 0.14 0.0 0.0 1 0 1 1 1 1 1 1 1.3 1.44 -21.0 -1.09 -0.76 -1.79 -1.74 -0.79 -0.52 0.33 0.342 0.581 0.383 0.432 0.672 0 0 0 0 0 0
1994-02-18T08:30:00 1994 2 18 8 30 0 -2.19 0.1 461.8 5.73 3.38 0.31 0.0 0.0 1 0 1 1 1 1 1 1 1.3 1.4 -18.0 -1.09 -0.76 -1.79 -1.74 -0.79 -0.52 0.338 0.344 0.578 0.385 0.425 0.659 0 0 0 0 0 0
1994-02-18T09:30:00 1994 2 18 9 30 0 -2.98 -0.32 457.1 5.66 2.78 0.71 0.31 0.18 1 1 1 1 1 1 1 1 2.7 1.53 -13.0 -1.36 -1.07 -1.97 -1.93 -1.1 -0.86 0.358 0.375 0.575 0.398 0.468 0.717 0 1 0 0 1 1
1994-02-18T10:30:00 1994 2 18 10 30 0 -3.4 -2.65 452.4 5.6 2.19 2.13 3.59 2.02 1 1 1 1 1 1 1 1 2.7 1.66 -17.0 -2.87 -2.81 -3.01 -3.0 -2.82 -2.76 0.459 0.54 0.581 0.505 0.727 1.04 1 1 0 1 1 1
1994-02-18T11:30:00 1994 2 18 11 30 0 -3.4 -3.3 447.7 5.6 2.0 3.94 6.75 3.78 2 2 1 1 1 2 2 1 2.7 1.84 -19.0 -3.3 -3.3 -3.3 -3.3 -3.3 -3.3 0.589 0.711 0.592 0.638 0.936 1.314 1 1 0 1 1 1
1994-02-18T12:30:00 1994 2 18 12 30 0 -4.2 -0.6 443.0 5.6 2.0 2.86 4.1 2.29 2 2 2 2 2 2 2 2 1.3 1.84 -16.0 -0.6 -0.6 -0.6 -0.6 -0.6 -0.6 0.544 0.611 0.586 0.494 0.676 1.094 1 1 0 1 2 1
1994-02-18T13:30:00 1994 2 18 13 30 0 -2.8 2.4 426.0 5.2 1.74 0.79 0.08 0.05 2 2 2 2 2 2 2 2 1.3 1.83 -14.0 2.4 2.4 2.4 2.4 2.4 2.4 0.368 0.303 0.568 0.277 0.214 0.454 1 1 0 1 2 1
1994-02-18T14:30:00 1994 2 18 14 30 0 -1.8 -0.1 412.0 5.1 1.67 0.25 0.02 0.01 2 2 2 2 2 2 2 2 1.3 1.82 -14.0 -0.1 -0.1 -0.1 -0.1 -0.1 -0.1 0.253 0.164 0.551 0.156 0.088 0.223 1 1 0 1 2 2
1994-02-18T15:30:00 1994 2 18 15 30 0 -1.7 0.2 415.0 6.3 2.04 0.25 0.03 0.01 2 2 2 2 2 2 2 2 0.7 1.74 -14.0 0.2 0.2 0.2 0.2 0.2 0.2 0.172 0.085 0.534 0.087 0.031 0.102 1 1 0 1 2 2
1994-02-18T16:30:00 1994 2 18 16 30 0 -2.5 0.7 412.0 6.5 2.12 0.29 0.0 0.0 2 2 2 2 2 2 2 2 0.7 1.65 -17.0 0.7 0.7 0.7 0.7 0.7 0.7 0.117 0.042 0.518 0.049 0.01 0.042 1 1 0 1 2 2
1994-02-18T17:30:00 1994 2 18 17 30 0 -4.4 2.3 417.0 6.3 2.0 0.58 0.0 0.0 2 2 2 2 2 2 2 2 0.7 1.4 -19.0 2.3 2.3 2.3 2.3 2.3 2.3 0.079 0.021 0.502 0.027 0.003 0.017 1 1 0 1 2 2
1994-02-18T18:30:00 1994 2 18 18 30 0 -3.9 2.4 413.0 7.5 2.36 0.67 0.0 0.0 2 2 2 2 2 2 2 2 0.3 1.11 -17.0 2.4 2.4 2.4 2.4 2.4 2.4 0.053 0.01 0.487 0.015 0.001 0.007 1 1 0 1 2 2
1994-02-18T19:30:00 1994 2 18 19 30 0 -0.3 3.6 403.0 8.3 2.58 0.13 0.0 0.0 2 2 2 2 2 2 2 2 0.3 0.81 -16.0 3.6 3.6 3.6 3.6 3.6 3.6 0.036 0.005 0.472 0.009 0.0 0.003 1 1 0 1 2 2
1994-02-18T20:30:00 1994 2 18 20 30 0 3.1 4.9 419.0 7.8 2.58 0.05 0.0 0.0 2 2 2 2 2 2 2 2 0.3 0.69 -14.0 4.9 4.9 4.9 4.9 4.9 4.9 0.024 0.003 0.457 0.005 0.0 0.001 1 1 0 1 2 2
1994-02-18T21:30:00 1994 2 18 21 30 0 -3.0 -1.1 469.0 8.7 3.68 0.27 0.35 0.3 2 2 2 2 2 2 2 2 3.0 0.92 -11.0 -1.1 -1.1 -1.1 -1.1 -1.1 -1.1 0.056 0.088 0.446 0.038 0.16 0.335 2 2 0 2 2 2
1994-02-18T22:30:00 1994 2 18 22 30 0 -5.2 0.1 484.0 8.1 3.71 2.0 1.09 0.92 2 2 2 2 2 2 2 2 3.0 1.15 -10.0 0.1 0.1 0.1 0.1 0.1 0.1 0.085 0.143 0.435 0.049 0.196 0.534 2 2 0 2 2 2
1994-02-18T23:30:00 1994 2 18 23 30 0 -3.3 -6.1 492.0 7.7 3.6 6.13 7.98 6.24 2 2 2 2 2 2 2 2 3.0 1.44 -16.0 -6.1 -6.1 -6.1 -6.1 -6.1 -6.1 0.467 0.685 0.474 0.666 1.193 2.12 2 2 1 2 2 2
