1994-03-30T00:30:00 1994 3 30 0 30 0 1.43 6.04 470.0 6.3 2.69 0.01 0.0 0.0 1 1 2 2 2 1 2 2 1.3 1.38 -8.0 6.04 6.04 6.04 6.04 6.04 6.04 0.0 0.0 0.074 0.0 0.0 0.0 1 1 1 1 1 1
1994-03-30T01:30:00 1994 3 30 1 30 0 1.47 5.76 458.5 6.45 2.64 0.02 0.0 0.0 1 1 1 1 1 1 1 1 1.3 1.45 -9.0 5.76 5.76 5.76 5.76 5.76 5.76 0.0 0.0 0.072 0.0 0.0 0.0 1 1 1 1 1 1
1994-03-30T02:30:00 1994 3 30 2 30 0 1.5 5.7 447.0 6.6 2.59 0.02 0.0 0.0 2 2 2 2 2 2 2 2 1.3 1.45 -11.0 5.7 5.7 5.7 5.7 5.7 5.7 0.0 0.0 0.07 0.0 0.0 0.0 1 1 1 1 1 1
1994-03-30T03:30:00 1994 3 30 3 30 0 -0.1 5.3 464.0 5.7 2.45 0.0 0.0 0.0 2 2 2 2 2 2 2 2 1.0 1.41 -10.0 5.3 5.3 5.3 5.3 5.3 5.3 0.0 0.0 0.068 0.0 0.0 0.0 1 1 1 1 1 1
1994-03-30T04:30:00 1994 3 30 4 30 0 4.8 4.1 460.0 5.5 2.33 0.21 0.0 0.0 2 2 2 2 2 2 2 2 1.0 1.37 -8.0 4.1 4.1 4.1 4.1 4.1 4.1 0.0 0.0 0.065 0.0 0.0 0.0 1 1 1 1 1 1
1994-03-30T05:30:00 1994 3 30 5 30 0 4.4 2.9 450.0 5.4 2.18 0.73 0.0 0.0 2 2 2 2 2 2 2 2 1.0 1.28 -10.0 2.9 2.9 2.9 2.9 2.9 2.9 0.0 0.0 0.063 0.0 0.0 0.0 1 1 1 1 1 1
1994-03-30T06:30:00 1994 3 30 6 30 0 4.2 3.6 468.0 5.7 2.41 0.64 0.0 0.0 2 2 2 2 2 2 2 2 1.3 1.23 -9.0 3.6 3.6 3.6 3.6 3.6 3.6 0.0 0.0 0.062 0.0 0.0 0.0 1 1 1 1 1 1
1994-03-30T07:30:00 1994 3 30 7 30 0 5.9 4.2 467.0 5.1 2.16 0.92 0.0 0.0 2 2 2 2 2 2 2 2 1.3 1.19 -7.0 4.2 4.2 4.2 4.2 4.2 4.2 0.0 0.0 0.06 0.0 0.0 0.0 1 1 1 1 1 1
1994-03-30T08:30:00 1994 3 30 8 30 0 5.1 1.8 440.0 5.5 2.16 1.29 0.0 0.0 2 2 2 2 2 2 2 2 1.3 1.19 -6.0 1.8 1.8 1.8 1.8 1.8 1.8 0.0 0.0 0.058 0.0 0.0 0.0 1 1 1 1 1 1
1994-03-30T09:30:00 1994 3 30 9 30 0 3.3 -1.3 416.0 7.4 2.65 1.44 0.68 0.49 2 2 2 2 2 2 2 2 3.3 1.45 -7.0 -1.3 -1.3 -1.3 -1.3 -1.3 -1.3 0.055 0.127 0.059 0.044 0.194 0.328 2 2 1 2 2 2
1994-03-30T10:30:00 1994 3 30 10 30 0 -0.1 -4.3 438.0 6.4 2.49 2.72 6.29 4.26 2 2 2 2 2 2 2 2 3.3 1.71 -12.0 -4.3 -4.3 -4.3 -4.3 -4.3 -4.3 0.334 0.556 0.086 0.409 0.812 1.175 2 2 1 2 2 2
1994-03-30T11:30:00 1994 3 30 11 30 0 0.4 -0.1 404.0 6.8 2.26 1.39 4.31 2.82 2 2 2 2 2 2 2 2 3.3 2.0 -24.0 -0.1 -0.1 -0.1 -0.1 -0.1 -0.1 0.372 0.53 0.096 0.376 0.588 1.019 2 2 1 2 2 2
1994-03-30T12:30:00 1994 3 30 12 30 0 1.2 -2.4 409.0 4.9 1.95 0.65 2.74 1.51 2 2 2 2 2 2 2 2 3.7 2.34 -31.0 -2.4 -2.4 -2.4 -2.4 -2.4 -2.4 0.391 0.537 0.102 0.344 0.572 0.892 2 2 1 2 2 2
1994-03-30T13:30:00 1994 3 30 13 30 0 2.3 -2.6 414.0 5.9 2.07 1.97 5.16 2.81 2 2 2 2 2 2 2 2 3.7 2.68 -30.0 -2.6 -2.6 -2.6 -2.6 -2.6 -2.6 0.479 0.644 0.116 0.428 0.712 1.014 2 2 1 2 2 2
1994-03-30T14:30:00 1994 3 30 14 30 0 3.9 -0.3 435.0 6.5 2.42 1.75 2.86 1.76 2 2 2 2 2 2 2 2 3.7 2.98 -27.0 -0.3 -0.3 -0.3 -0.3 -0.3 -0.3 0.432 0.529 0.12 0.328 0.51 0.887 2 2 1 2 2 2
1994-03-30T15:30:00 1994 3 30 15 30 0 4.8 0.1 433.0 5.8 2.21 1.71 0.22 0.14 2 2 2 2 2 2 2 2 3.7 3.27 -23.0 0.1 0.1 0.1 0.1 0.1 0.1 0.301 0.287 0.116 0.187 0.191 0.439 2 2 1 2 2 2
1994-03-30T16:30:00 1994 3 30 16 30 0 2.5 -3.8 425.0 6.2 2.18 2.83 4.3 2.61 2 2 2 2 2 2 2 2 3.7 3.56 -23.0 -3.8 -3.8 -3.8 -3.8 -3.8 -3.8 0.424 0.531 0.131 0.366 0.65 0.953 2 2 2 2 2 2
1994-03-30T17:30:00 1994 3 30 17 30 0 3.2 -2.9 443.0 5.6 2.21 3.89 7.19 4.23 2 2 2 2 2 2 2 2 3.7 3.6 -23.0 -2.9 -2.9 -2.9 -2.9 -2.9 -2.9 0.567 0.716 0.155 0.553 0.891 1.265 2 2 2 2 2 2
1994-03-30T18:30:00 1994 3 30 18 30 0 0.9 -6.4 447.0 6.0 2.35 6.51 10.68 6.24 2 2 2 2 2 2 2 2 3.7 3.65 -26.0 -6.4 -6.4 -6.4 -6.4 -6.4 -6.4 0.819 0.994 0.205 0.993 1.309 1.745 2 2 2 2 2 2
1994-03-30T19:30:00 1994 3 30 19 30 0 4.8 -3.1 436.0 6.4 2.44 6.79 10.19 6.31 2 2 2 2 2 2 2 2 3.7 3.7 -36.0 -3.1 -3.1 -3.1 -3.1 -3.1 -3.1 0.923 1.051 0.242 1.073 1.257 1.837 2 2 2 2 2 2
1994-03-30T20:30:00 1994 3 30 20 30 0 0.8 -2.9 417.0 6.1 2.17 3.29 6.37 3.97 2 2 2 2 2 2 2 2 3.7 3.7 -40.0 -2.9 -2.9 -2.9 -2.9 -2.9 -2.9 0.887 0.964 0.259 0.913 1.035 1.607 2 2 2 2 2 2
1994-03-30T21:30:00 1994 3 30 21 30 0 1.2 0.8 411.0 6.2 2.13 0.57 2.12 1.3 2 2 2 2 2 2 2 2 3.3 3.65 -43.0 0.8 0.8 0.8 0.8 0.8 0.8 0.668 0.605 0.255 0.566 0.481 0.919 2 2 2 2 2 2
1994-03-30T22:30:00 1994 3 30 22 30 0 -2.4 0.5 413.0 6.3 2.17 0.09 0.0 0.0 2 2 2 2 2 2 2 2 3.3 3.6 -35.0 0.5 0.5 0.5 0.5 0.5 0.5 0.452 0.3 0.248 0.317 0.152 0.381 2 2 2 2 2 2
1994-03-30T23:30:00 1994 3 30 23 30 0 -4.3 0.1 433.0 6.8 2.5 0.93 0.0 0.0 2 2 2 2 2 2 2 2 3.3 3.54 -31.0 0.1 0.1 0.1 0.1 0.1 0.1 0.306 0.149 0.24 0.177 0.048 0.158 2 2 2 2 2 2
