1994-04-18T00:30:00 1994 4 18 0 30 0 0.44 0.25 568.7 4.81 2.69 0.01 0.0 0.0 0 0 0 0 0 0 0 0 3.3 3.15 -66.0 -0.7 -0.51 -1.08 -1.06 -0.53 -0.36 0.265 0.253 0.423 0.244 0.413 0.694 0 0 0 0 0 0
1994-04-18T01:30:00 1994 4 18 1 30 0 0.44 0.25 568.7 4.81 2.69 0.01 0.0 0.0 0 0 0 0 0 0 0 0 3.3 3.19 -67.0 -0.7 -0.51 -1.08 -1.06 -0.53 -0.36 0.265 0.253 0.422 0.244 0.413 0.694 0 0 0 0 0 0
1994-04-18T02:30:00 1994 4 18 2 30 0 0.44 0.26 569.6 4.81 2.69 0.01 0.0 0.0 0 0 1 0 0 0 1 0 3.3 3.23 -67.0 -0.7 -0.51 -1.08 -1.06 -0.53 -0.36 0.265 0.253 0.42 0.244 0.413 0.695 0 0 0 0 0 0
1994-04-18T03:30:00 1994 4 18 3 30 0 0.45 0.26 571.5 4.8 2.69 0.01 0.0 0.0 0 0 1 0 0 0 1 0 3.3 3.26 -65.0 -0.7 -0.51 -1.08 -1.06 -0.53 -0.36 0.265 0.253 0.419 0.245 0.415 0.697 0 0 0 0 0 0
1994-04-18T04:30:00 1994 4 18 4 30 0 0.45 0.26 573.3 4.8 2.69 0.01 0.0 0.0 0 0 1 0 0 0 1 0 3.3 3.3 -60.0 -0.7 -0.5 -1.08 -1.06 -0.53 -0.36 0.266 0.252 0.417 0.245 0.416 0.701 0 0 0 0 0 0
1994-04-18T05:30:00 1994 4 18 5 30 0 0.45 0.26 575.2 4.8 2.69 0.01 0.0 0.0 0 0 1 0 0 0 1 0 3.3 3.3 -64.0 -0.7 -0.5 -1.08 -1.06 -0.52 -0.35 0.266 0.251 0.416 0.246 0.416 0.702 0 0 0 0 0 0
1994-04-18T06:30:00 1994 4 18 6 30 0 0.45 0.26 577.0 4.8 2.69 0.01 0.0 0.0 0 0 1 0 0 0 1 0 3.3 3.3 -61.0 -0.7 -0.5 -1.08 -1.06 -0.52 -0.35 0.266 0.251 0.415 0.247 0.416 0.703 0 0 0 0 0 0
1994-04-18T07:30:00 1994 4 18 7 30 0 0.45 0.26 578.9 4.8 2.69 0.01 0.0 0.0 0 0 1 0 0 0 1 0 3.3 3.3 -57.0 -0.7 -0.5 -1.08 -1.06 -0.52 -0.35 0.267 0.251 0.414 0.248 0.418 0.707 0 0 0 0 0 0
1994-04-18T08:30:00 1994 4 18 8 30 0 0.45 0.26 580.7 4.8 2.69 0.01 0.0 0.0 0 0 1 0 0 0 1 0 3.3 3.3 -50.0 -0.7 -0.5 -1.08 -1.06 -0.52 -0.35 0.268 0.251 0.413 0.249 0.42 0.712 0 0 0 0 0 0
1994-04-18T09:30:00 1994 4 18 9 30 0 0.46 0.26 582.6 4.8 2.69 0.01 0.0 0.0 0 0 1 0 0 0 1 0 3.3 3.3 -50.0 -0.7 -0.5 -1.08 -1.06 -0.52 -0.35 0.268 0.251 0.412 0.25 0.422 0.717 0 0 0 0 0 0
1994-04-18T10:30:00 1994 4 18 10 30 0 0.46 0.26 584.4 4.8 2.69 0.01 0.0 0.0 0 0 1 0 0 0 1 0 3.3 3.3 -45.0 -0.7 -0.5 -1.08 -1.05 -0.52 -0.35 0.269 0.251 0.412 0.25 0.424 0.722 0 0 0 0 0 0
1994-04-18T11:30:00 1994 4 18 11 30 0 0.46 0.26 586.3 4.8 2.69 0.01 0.0 0.0 0 0 1 0 0 0 1 0 3.3 3.3 -44.0 -0.7 -0.5 -1.08 -1.05 -0.52 -0.35 0.27 0.251 0.411 0.25 0.426 0.728 0 0 0 0 0 0
1994-04-18T12:30:00 1994 4 18 12 30 0 0.46 0.26 588.1 4.8 2.69 0.01 0.0 0.0 0 0 1 0 0 0 1 0 3.7 3.35 -45.0 -0.7 -0.5 -1.08 -1.05 -0.52 -0.35 0.27 0.251 0.411 0.25 0.428 0.733 0 0 0 0 0 0
1994-04-18T13:30:00 1994 4 18 13 30 0 0.46 0.26 590.0 4.8 2.69 0.01 0.0 0.0 0 0 1 0 0 0 1 0 3.7 3.4 -44.0 -0.7 -0.5 -1.08 -1.05 -0.52 -0.35 0.271 0.251 0.411 0.251 0.43 0.739 0 0 0 0 0 0
1994-04-18T14:30:00 1994 4 18 14 30 0 0.46 0.26 591.8 4.8 2.69 0.01 0.0 0.0 0 0 1 0 0 0 1 0 3.7 3.46 -46.0 -0.7 -0.5 -1.08 -1.05 -0.52 -0.35 0.272 0.251 0.41 0.252 0.432 0.744 0 0 0 0 0 0
1994-04-18T15:30:00 1994 4 18 15 30 0 0.47 0.26 593.7 4.8 2.69 0.01 0.0 0.0 0 0 1 0 0 0 1 0 3.3 3.45 -44.0 -0.7 -0.5 -1.08 -1.05 -0.52 -0.35 0.272 0.252 0.41 0.253 0.435 0.75 0 0 0 0 0 0
1994-04-18T16:30:00 1994 4 18 16 30 0 0.47 0.26 595.6 4.8 2.69 0.01 0.0 0.0 0 0 1 0 0 0 1 0 3.3 3.45 -39.0 -0.7 -0.5 -1.08 -1.05 -0.52 -0.35 0.273 0.252 0.41 0.254 0.437 0.756 0 0 0 0 0 0
1994-04-18T17:30:00 1994 4 18 17 30 0 0.47 0.26 597.4 4.8 2.69 0.01 0.0 0.0 0 0 1 0 0 0 1 0 3.3 3.45 -38.0 -0.7 -0.5 -1.08 -1.05 -0.52 -0.35 0.274 0.252 0.41 0.255 0.439 0.762 0 0 0 0 0 0
1994-04-18T18:30:00 1994 4 18 18 30 0 0.47 0.26 599.3 4.8 2.69 0.01 0.0 0.0 0 0 1 0 0 0 1 0 4.3 3.58 -37.0 -0.7 -0.5 -1.08 -1.05 -0.52 -0.35 0.274 0.252 0.41 0.256 0.441 0.767 0 0 0 0 0 0
1994-04-18T19:30:00 1994 4 18 19 30 0 0.47 0.26 601.2 4.8 2.69 0.01 0.0 0.0 0 0 1 0 0 0 1 0 4.3 3.71 -39.0 -0.7 -0.5 -1.08 -1.05 -0.52 -0.35 0.275 0.252 0.411 0.257 0.443 0.773 0 0 0 0 0 0
1994-04-18T20:30:00 1994 4 18 20 30 0 0.47 0.26 603.0 4.8 2.69 0.01 0.0 0.0 0 0 1 0 0 0 1 0 4.3 3.78 -39.0 -0.7 -0.5 -1.08 -1.05 -0.52 -0.35 0.276 0.252 0.411 0.258 0.446 0.779 0 0 0 0 0 0
1994-04-18T21:30:00 1994 4 18 21 30 0 0.48 0.26 604.9 4.8 2.69 0.01 0.0 0.0 0 0 1 0 0 0 1 0 3.3 3.73 -39.0 -0.7 -0.5 -1.08 -1.05 -0.52 -0.35 0.276 0.252 0.411 0.259 0.448 0.785 0 0 0 0 0 0
1994-04-18T22:30:00 1994 4 18 22 30 0 0.48 0.26 606.8 4.8 2.69 0.01 0.0 0.0 0 0 1 0 0 0 1 0 3.3 3.68 -37.0 -0.7 -0.5 -1.08 -1.05 -0.52 -0.35 0.277 0.253 0.412 0.26 0.45 0.791 0 0 0 0 0 0
1994-04-18T23:30:00 1994 4 18 23 30 0 0.48 0.26 608.7 4.8 2.69 0.01 0.0 0.0 0 0 1 0 0 0 1 0 3.3 3.67 -35.0 -0.7 -0.5 -1.08 -1.05 -0.52 -0.35 0.278 0.253 0.412 0.261 0.452 0.796 0 0 0 0 0 0
