1994-05-14T00:30:00 1994 5 14 0 30 0 0.38 0.14 476.0 4.2 3.13 0.01 0.0 0.0 0 0 1 0 0 0 1 0 2.3 1.59 -11.0 -0.66 -0.47 -1.01 -0.99 -0.49 -0.34 0.207 0.218 0.339 0.169 0.278 0.369 0 0 0 0 0 0
1994-05-14T01:30:00 1994 5 14 1 30 0 0.38 0.14 476.0 4.2 3.13 0.01 0.0 0.0 0 0 1 0 0 0 1 0 2.3 1.72 -9.0 -0.66 -0.47 -1.01 -0.99 -0.49 -0.34 0.207 0.218 0.335 0.169 0.278 0.369 0 0 0 0 0 0
1994-05-14T02:30:00 1994 5 14 2 30 0 0.38 0.14 476.0 5.14 3.13 0.01 0.0 0.0 0 0 1 1 0 0 1 1 2.3 1.88 -8.0 -0.66 -0.47 -1.01 -0.99 -0.49 -0.34 0.211 0.226 0.332 0.174 0.29 0.413 0 0 0 0 0 0
1994-05-14T03:30:00 1994 5 14 3 30 0 0.38 0.14 476.0 6.86 3.17 0.01 0.0 0.0 0 0 1 1 1 0 1 1 4.7 2.35 -14.0 -0.66 -0.47 -1.01 -0.99 -0.49 -0.34 0.221 0.244 0.329 0.185 0.317 0.538 0 0 0 0 0 0
1994-05-14T04:30:00 1994 5 14 4 30 0 -0.27 0.14 476.0 8.58 3.83 0.0 0.0 0.0 1 0 1 1 1 1 1 1 4.7 2.82 -24.0 -0.66 -0.47 -1.01 -0.99 -0.49 -0.34 0.235 0.269 0.327 0.201 0.349 0.723 0 0 0 0 0 0
1994-05-14T05:30:00 1994 5 14 5 30 0 -1.94 0.14 476.0 10.3 4.5 0.14 0.0 0.0 1 0 1 1 1 1 1 1 4.7 3.16 -28.0 -0.66 -0.47 -1.01 -0.99 -0.49 -0.34 0.252 0.296 0.326 0.219 0.38 0.941 0 0 0 0 0 0
1994-05-14T06:30:00 1994 5 14 6 30 0 -3.61 -0.26 476.0 11.7 5.16 0.86 0.23 0.26 1 1 1 1 1 1 1 1 4.7 3.5 -31.0 -0.96 -0.8 -1.27 -1.25 -0.81 -0.67 0.294 0.371 0.328 0.261 0.492 1.404 0 1 0 1 1 1
1994-05-14T07:30:00 1994 5 14 7 30 0 -4.5 -2.48 476.0 11.7 5.37 2.86 3.48 4.07 1 1 1 1 1 1 1 1 4.7 3.83 -33.0 -2.63 -2.59 -2.7 -2.69 -2.6 -2.57 0.466 0.648 0.344 0.472 0.937 2.625 1 1 0 1 1 1
1994-05-14T08:30:00 1994 5 14 8 30 0 -4.5 -3.1 476.0 11.7 5.37 4.96 6.7 7.84 2 2 2 2 2 2 2 2 4.7 4.12 -34.0 -3.1 -3.1 -3.1 -3.1 -3.1 -3.1 0.681 0.922 0.374 0.735 1.297 3.625 1 2 0 2 2 2
1994-05-14T09:30:00 1994 5 14 9 30 0 -1.1 4.5 485.0 9.6 4.62 1.07 1.21 1.37 2 2 2 2 2 2 2 2 2.7 4.15 -38.0 4.5 4.5 4.5 4.5 4.5 4.5 0.497 0.519 0.365 0.44 0.493 1.766 1 2 0 2 2 2
1994-05-14T10:30:00 1994 5 14 10 30 0 2.9 1.5 488.0 7.4 3.47 0.09 0.0 0.0 2 2 2 2 2 2 2 2 2.7 4.18 -31.0 1.5 1.5 1.5 1.5 1.5 1.5 0.336 0.258 0.354 0.246 0.156 0.732 1 2 0 2 2 2
1994-05-14T11:30:00 1994 5 14 11 30 0 4.2 3.0 530.0 7.5 4.52 0.59 0.0 0.0 2 2 2 2 2 2 2 2 2.7 3.92 -23.0 3.0 3.0 3.0 3.0 3.0 3.0 0.228 0.128 0.343 0.138 0.049 0.304 1 2 0 2 2 2
1994-05-14T12:30:00 1994 5 14 12 30 0 7.0 0.7 506.0 7.9 4.5 2.25 0.0 0.0 2 2 2 2 2 2 2 2 3.3 3.75 -21.0 0.7 0.7 0.7 0.7 0.7 0.7 0.154 0.064 0.333 0.077 0.016 0.126 1 2 0 2 2 2
1994-05-14T13:30:00 1994 5 14 13 30 0 2.0 2.0 499.0 8.6 4.41 1.42 0.0 0.0 2 2 2 2 2 2 2 2 3.3 3.58 -19.0 2.0 2.0 2.0 2.0 2.0 2.0 0.104 0.032 0.323 0.043 0.005 0.052 1 2 0 2 2 2
1994-05-14T14:30:00 1994 5 14 14 30 0 4.9 -0.8 513.0 7.8 4.31 1.3 0.38 0.3 2 2 2 2 2 2 2 2 3.3 3.41 -16.0 -0.8 -0.8 -0.8 -0.8 -0.8 -0.8 0.106 0.097 0.315 0.05 0.169 0.409 2 2 0 2 2 2
1994-05-14T15:30:00 1994 5 14 15 30 0 5.2 0.9 540.0 7.0 4.69 2.58 0.4 0.31 2 2 2 2 2 2 2 2 3.3 3.25 -12.0 0.9 0.9 0.9 0.9 0.9 0.9 0.084 0.072 0.306 0.034 0.089 0.275 2 2 0 2 2 2
1994-05-14T16:30:00 1994 5 14 16 30 0 9.0 1.5 542.0 7.1 4.17 4.23 0.0 0.0 2 2 2 2 2 2 2 2 3.3 3.08 -11.0 1.5 1.5 1.5 1.5 1.5 1.5 0.057 0.036 0.296 0.019 0.028 0.114 2 2 0 2 2 2
1994-05-14T17:30:00 1994 5 14 17 30 0 3.1 6.2 563.0 8.1 5.88 1.94 0.0 0.0 2 2 2 2 2 2 2 2 3.3 3.16 -8.0 6.2 6.2 6.2 6.2 6.2 6.2 0.038 0.018 0.287 0.011 0.009 0.047 2 2 0 2 2 2
1994-05-14T18:30:00 1994 5 14 18 30 0 3.1 5.08 566.7 8.1 5.88 0.2 0.0 0.0 1 1 1 1 1 1 1 1 2.7 3.15 -4.0 4.93 4.97 4.87 4.87 4.96 4.99 0.026 0.009 0.279 0.006 0.003 0.02 2 2 0 2 2 2
1994-05-14T19:30:00 1994 5 14 19 30 0 2.59 0.92 570.4 8.1 5.62 0.31 0.0 0.0 1 1 1 1 1 1 1 1 2.7 3.14 2.0 0.23 0.39 -0.07 -0.05 0.38 0.51 0.018 0.004 0.27 0.004 0.001 0.008 2 2 0 2 2 2
1994-05-14T20:30:00 1994 5 14 20 30 0 1.66 0.13 574.1 7.37 4.8 0.38 0.0 0.0 1 0 1 1 1 1 1 1 2.7 3.07 6.0 -0.66 -0.48 -1.01 -0.99 -0.49 -0.34 0.066 0.084 0.269 0.078 0.193 0.355 0 0 0 0 0 0
1994-05-14T21:30:00 1994 5 14 21 30 0 0.72 0.13 577.8 6.62 3.98 0.15 0.0 0.0 1 0 1 1 1 1 1 1 4.0 3.16 7.0 -0.66 -0.48 -1.01 -0.99 -0.49 -0.34 0.139 0.186 0.273 0.16 0.377 0.79 0 0 0 0 0 0
1994-05-14T22:30:00 1994 5 14 22 30 0 0.36 0.13 581.5 6.0 3.17 0.03 0.0 0.0 0 0 1 1 1 0 1 1 4.0 3.26 -1.0 -0.66 -0.48 -1.01 -0.99 -0.49 -0.34 0.186 0.231 0.277 0.202 0.425 0.9 0 0 0 0 0 0
1994-05-14T23:30:00 1994 5 14 23 30 0 0.93 0.13 585.2 5.38 3.34 0.05 0.0 0.0 1 0 1 1 1 1 1 1 4.0 3.35 1.0 -0.66 -0.48 -1.01 -0.99 -0.49 -0.34 0.214 0.246 0.28 0.221 0.431 0.881 0 0 0 0 0 0
