1994-10-25T00:30:00 1994 10 25 0 30 0 -0.1 -0.2 577.0 2.6 1.56 0.1 0.17 0.04 2 2 2 2 2 2 2 2 2.7 3.87 -40.0 -0.2 -0.2 -0.2 -0.2 -0.2 -0.2 0.188 0.14 0.536 0.1 0.178 0.256 2 2 1 2 2 2
1994-10-25T01:30:00 1994 10 25 1 30 0 2.4 0.1 552.0 2.2 1.22 0.25 0.17 0.04 2 2 2 2 2 2 2 2 2.7 3.55 -38.0 0.1 0.1 0.1 0.1 0.1 0.1 0.132 0.081 0.52 0.058 0.077 0.136 2 2 1 2 2 2
1994-10-25T02:30:00 1994 10 25 2 30 0 4.7 -2.3 592.0 2.2 1.3 2.79 3.48 0.77 2 2 2 2 2 2 2 2 2.7 3.38 -38.0 -2.3 -2.3 -2.3 -2.3 -2.3 -2.3 0.211 0.222 0.517 0.163 0.475 0.389 2 2 1 2 2 2
1994-10-25T03:30:00 1994 10 25 3 30 0 3.9 -1.6 554.0 2.1 1.09 4.18 5.5 1.18 2 2 2 2 2 2 2 2 4.7 3.48 -43.0 -1.6 -1.6 -1.6 -1.6 -1.6 -1.6 0.287 0.316 0.518 0.246 0.616 0.493 2 2 1 2 2 2
1994-10-25T04:30:00 1994 10 25 4 30 0 3.9 -3.1 587.0 2.3 1.34 4.55 6.92 1.54 2 2 2 2 2 2 2 2 4.7 3.58 -42.0 -3.1 -3.1 -3.1 -3.1 -3.1 -3.1 0.394 0.426 0.53 0.393 0.841 0.657 2 2 1 2 2 2
1994-10-25T05:30:00 1994 10 25 5 30 0 4.5 -2.9 576.0 2.3 1.3 6.04 8.69 2.0 2 2 2 2 2 2 2 2 4.7 3.72 -48.0 -2.9 -2.9 -2.9 -2.9 -2.9 -2.9 0.496 0.508 0.547 0.524 0.969 0.773 2 2 1 2 2 2
1994-10-25T06:30:00 1994 10 25 6 30 0 4.2 -3.4 554.0 2.2 1.2 6.36 8.94 2.01 2 2 2 2 2 2 2 2 4.3 3.79 -50.0 -3.4 -3.4 -3.4 -3.4 -3.4 -3.4 0.573 0.56 0.565 0.616 1.01 0.788 2 2 1 2 2 2
1994-10-25T07:30:00 1994 10 25 7 30 0 2.2 -1.3 532.0 2.0 1.12 3.4 6.15 1.3 2 2 2 2 2 2 2 2 4.3 3.87 -47.0 -1.3 -1.3 -1.3 -1.3 -1.3 -1.3 0.537 0.489 0.565 0.508 0.759 0.619 2 2 1 2 2 2
1994-10-25T08:30:00 1994 10 25 8 30 0 -2.4 1.9 539.0 2.3 1.3 0.2 0.56 0.12 2 2 2 2 2 2 2 2 4.3 4.07 -43.0 1.9 1.9 1.9 1.9 1.9 1.9 0.373 0.259 0.548 0.29 0.267 0.281 2 2 1 2 2 2
1994-10-25T09:30:00 1994 10 25 9 30 0 -1.2 0.3 515.0 2.4 1.23 0.16 0.0 0.0 2 2 2 2 2 2 2 2 1.7 3.92 -38.0 0.3 0.3 0.3 0.3 0.3 0.3 0.252 0.128 0.532 0.162 0.085 0.117 2 2 1 2 2 2
1994-10-25T10:30:00 1994 10 25 10 30 0 -2.2 1.0 520.0 2.3 1.19 0.2 0.0 0.0 2 2 2 2 2 2 2 2 1.7 3.77 -34.0 1.0 1.0 1.0 1.0 1.0 1.0 0.171 0.064 0.516 0.091 0.027 0.048 2 2 1 2 2 2
1994-10-25T11:30:00 1994 10 25 11 30 0 -2.2 0.79 515.3 2.3 1.19 0.3 0.0 0.0 1 1 1 1 1 1 1 1 1.7 3.39 -32.0 0.64 0.69 0.55 0.56 0.68 0.72 0.116 0.032 0.5 0.051 0.008 0.02 2 2 1 2 2 2
1994-10-25T12:30:00 1994 10 25 12 30 0 -1.68 0.0 510.7 2.3 1.32 0.31 0.0 0.0 1 1 1 1 1 1 1 1 1.0 2.92 -32.0 -0.69 -0.48 -1.11 -1.08 -0.5 -0.32 0.104 0.055 0.487 0.063 0.089 0.059 2 1 1 1 1 1
1994-10-25T13:30:00 1994 10 25 13 30 0 -0.73 -0.15 506.0 2.3 1.71 0.17 0.21 0.05 1 0 1 1 1 1 1 1 1.0 2.46 -33.0 -0.95 -0.7 -1.43 -1.4 -0.73 -0.52 0.141 0.13 0.481 0.124 0.231 0.16 1 0 1 0 0 0
1994-10-25T14:30:00 1994 10 25 14 30 0 0.23 -0.15 501.3 2.3 2.09 0.02 0.38 0.09 1 0 1 1 1 1 1 1 1.0 2.05 -34.0 -0.95 -0.71 -1.43 -1.4 -0.73 -0.52 0.171 0.175 0.476 0.166 0.287 0.208 0 0 1 0 0 0
1994-10-25T15:30:00 1994 10 25 15 30 0 0.92 -0.15 496.7 2.3 2.04 0.06 0.37 0.09 1 0 1 1 1 1 1 1 0.7 1.61 -33.0 -0.95 -0.71 -1.43 -1.4 -0.73 -0.52 0.191 0.198 0.47 0.189 0.301 0.225 0 0 1 0 0 0
1994-10-25T16:30:00 1994 10 25 16 30 0 1.74 -0.15 492.0 2.3 1.6 0.24 0.37 0.09 1 0 1 1 1 1 1 1 0.7 1.18 -33.0 -0.95 -0.71 -1.43 -1.4 -0.73 -0.52 0.204 0.209 0.464 0.2 0.302 0.229 0 0 1 0 0 0
1994-10-25T17:30:00 1994 10 25 17 30 0 2.56 -0.06 487.3 2.3 1.15 0.53 0.25 0.06 1 1 1 1 1 1 1 1 0.7 1.05 -34.0 -0.76 -0.55 -1.18 -1.15 -0.57 -0.38 0.204 0.202 0.458 0.191 0.277 0.214 0 0 1 0 1 1
1994-10-25T18:30:00 1994 10 25 18 30 0 3.0 0.45 482.7 2.3 1.01 0.7 0.0 0.0 1 1 1 1 1 1 1 1 1.7 1.06 -33.0 0.3 0.35 0.21 0.21 0.34 0.38 0.152 0.119 0.445 0.123 0.118 0.102 1 1 1 1 1 1
1994-10-25T19:30:00 1994 10 25 19 30 0 3.0 0.6 478.0 2.3 1.01 0.69 0.0 0.0 2 2 2 2 2 2 2 2 1.7 1.07 -34.0 0.6 0.6 0.6 0.6 0.6 0.6 0.103 0.059 0.432 0.069 0.037 0.042 1 1 1 1 1 1
1994-10-25T20:30:00 1994 10 25 20 30 0 0.9 2.4 475.0 2.5 1.07 0.18 0.0 0.0 2 2 2 2 2 2 2 2 1.7 1.16 -33.0 2.4 2.4 2.4 2.4 2.4 2.4 0.07 0.029 0.419 0.038 0.012 0.018 1 1 1 1 1 1
1994-10-25T21:30:00 1994 10 25 21 30 0 2.4 1.7 483.0 2.6 1.21 0.1 0.0 0.0 2 2 2 2 2 2 2 2 0.7 1.12 -32.0 1.7 1.7 1.7 1.7 1.7 1.7 0.047 0.015 0.406 0.022 0.004 0.007 1 1 1 1 1 1
1994-10-25T22:30:00 1994 10 25 22 30 0 0.2 2.3 486.0 2.5 1.15 0.06 0.0 0.0 2 2 2 2 2 2 2 2 0.7 1.08 -30.0 2.3 2.3 2.3 2.3 2.3 2.3 0.032 0.007 0.393 0.012 0.001 0.003 1 1 1 1 1 1
1994-10-25T23:30:00 1994 10 25 23 30 0 1.2 2.0 496.0 2.7 1.17 0.01 0.0 0.0 2 2 2 2 2 2 2 2 0.7 1.07 -29.0 2.0 2.0 2.0 2.0 2.0 2.0 0.022 0.004 0.381 0.007 0.0 0.001 1 1 1 1 1 1
