1994-10-10T00:30:00 1994 10 10 0 30 0 0.31 -0.01 440.2 8.83 2.99 0.01 0.02 0.02 0 0 1 0 0 0 1 0 3.7 2.88 -27.0 -0.82 -0.58 -1.29 -1.26 -0.61 -0.41 0.316 0.349 0.377 0.288 0.389 0.89 0 0 0 0 0 0
1994-10-10T01:30:00 1994 10 10 1 30 0 0.31 -0.01 438.4 8.82 2.99 0.01 0.02 0.02 0 0 1 0 0 0 1 0 3.7 3.06 -33.0 -0.82 -0.58 -1.29 -1.26 -0.61 -0.41 0.315 0.349 0.375 0.287 0.387 0.88 0 0 0 0 0 0
1994-10-10T02:30:00 1994 10 10 2 30 0 0.31 -0.01 436.7 8.81 2.99 0.01 0.02 0.02 0 0 1 0 0 0 1 0 3.7 3.07 -36.0 -0.82 -0.58 -1.29 -1.26 -0.61 -0.41 0.314 0.348 0.373 0.285 0.384 0.871 0 0 0 0 0 0
1994-10-10T03:30:00 1994 10 10 3 30 0 0.32 -0.01 434.9 8.81 2.99 0.01 0.02 0.02 0 0 1 0 0 0 1 0 3.3 3.02 -33.0 -0.82 -0.58 -1.29 -1.26 -0.61 -0.41 0.313 0.348 0.372 0.284 0.382 0.861 0 0 0 0 0 0
1994-10-10T04:30:00 1994 10 10 4 30 0 0.32 -0.01 433.2 8.8 2.98 0.01 0.02 0.02 0 0 1 0 0 0 1 0 3.3 2.98 -35.0 -0.82 -0.58 -1.29 -1.26 -0.61 -0.41 0.312 0.348 0.37 0.282 0.379 0.852 0 0 0 0 0 0
1994-10-10T05:30:00 1994 10 10 5 30 0 0.32 -0.01 431.4 8.79 2.98 0.01 0.02 0.02 0 0 1 0 0 0 1 0 3.3 3.14 -33.0 -0.82 -0.58 -1.29 -1.26 -0.61 -0.41 0.311 0.347 0.368 0.281 0.376 0.843 0 0 0 0 0 0
1994-10-10T06:30:00 1994 10 10 6 30 0 0.32 -0.01 429.7 8.79 2.98 0.01 0.02 0.02 0 0 1 0 0 0 1 0 2.7 3.21 -31.0 -0.82 -0.58 -1.29 -1.26 -0.61 -0.41 0.31 0.347 0.366 0.279 0.374 0.834 0 0 0 0 0 0
1994-10-10T07:30:00 1994 10 10 7 30 0 0.32 -0.01 428.0 8.78 2.98 0.01 0.02 0.02 0 0 1 0 0 0 1 0 2.7 3.29 -30.0 -0.82 -0.58 -1.29 -1.26 -0.61 -0.41 0.309 0.347 0.365 0.278 0.371 0.826 0 0 0 0 0 0
1994-10-10T08:30:00 1994 10 10 8 30 0 0.32 -0.01 426.2 8.77 2.98 0.01 0.02 0.02 0 0 1 0 0 0 1 0 2.7 3.16 -32.0 -0.82 -0.58 -1.29 -1.26 -0.61 -0.41 0.308 0.346 0.363 0.276 0.369 0.817 0 0 0 0 0 0
1994-10-10T09:30:00 1994 10 10 9 30 0 0.32 -0.01 424.5 8.76 2.98 0.01 0.02 0.02 0 0 1 0 0 0 1 0 2.7 3.04 -28.0 -0.82 -0.59 -1.29 -1.26 -0.61 -0.41 0.307 0.347 0.361 0.275 0.366 0.808 0 0 0 0 0 0
1994-10-10T10:30:00 1994 10 10 10 30 0 0.32 -0.01 422.7 8.76 2.97 0.01 0.02 0.02 0 0 1 0 0 0 1 0 2.7 2.92 -22.0 -0.82 -0.59 -1.29 -1.26 -0.61 -0.41 0.306 0.348 0.359 0.273 0.364 0.799 0 0 0 0 0 0
1994-10-10T11:30:00 1994 10 10 11 30 0 0.32 -0.01 421.0 8.75 2.97 0.01 0.02 0.02 0 0 1 0 0 0 1 0 2.7 2.84 -18.0 -0.82 -0.59 -1.29 -1.26 -0.61 -0.41 0.304 0.348 0.357 0.272 0.361 0.79 0 0 0 0 0 0
1994-10-10T12:30:00 1994 10 10 12 30 0 0.32 -0.01 419.2 8.74 2.97 0.01 0.02 0.02 0 0 1 0 0 0 1 0 2.0 2.68 -19.0 -0.82 -0.59 -1.29 -1.26 -0.61 -0.41 0.303 0.348 0.355 0.27 0.359 0.782 0 0 0 0 0 0
1994-10-10T13:30:00 1994 10 10 13 30 0 0.32 -0.01 417.4 8.74 2.97 0.01 0.02 0.02 0 0 1 0 0 0 1 0 2.0 2.52 -21.0 -0.82 -0.59 -1.29 -1.26 -0.61 -0.41 0.302 0.348 0.353 0.269 0.356 0.773 0 0 0 0 0 0
1994-10-10T14:30:00 1994 10 10 14 30 0 0.32 -0.01 415.7 8.73 2.97 0.01 0.02 0.02 0 0 1 0 0 0 1 0 2.0 2.43 -26.0 -0.82 -0.59 -1.29 -1.26 -0.61 -0.41 0.301 0.348 0.351 0.267 0.354 0.765 0 0 0 0 0 0
1994-10-10T15:30:00 1994 10 10 15 30 0 0.32 -0.01 413.9 8.72 2.96 0.01 0.02 0.02 0 0 1 0 0 0 1 0 3.0 2.47 -25.0 -0.82 -0.59 -1.29 -1.26 -0.61 -0.41 0.3 0.347 0.349 0.266 0.351 0.756 0 0 0 0 0 0
1994-10-10T16:30:00 1994 10 10 16 30 0 0.32 -0.01 412.2 8.71 2.96 0.01 0.02 0.02 0 0 1 0 0 0 1 0 3.0 2.51 -28.0 -0.82 -0.59 -1.29 -1.26 -0.61 -0.41 0.299 0.347 0.347 0.264 0.349 0.747 0 0 0 0 0 0
1994-10-10T17:30:00 1994 10 10 17 30 0 0.32 -0.01 410.4 8.71 2.96 0.01 0.02 0.02 0 0 1 0 0 0 1 0 3.0 2.56 -28.0 -0.82 -0.59 -1.29 -1.26 -0.61 -0.41 0.298 0.347 0.345 0.263 0.346 0.739 0 0 0 0 0 0
1994-10-10T18:30:00 1994 10 10 18 30 0 0.32 -0.01 408.6 8.7 2.96 0.01 0.02 0.02 0 0 1 0 0 0 1 0 4.0 2.73 -27.0 -0.82 -0.59 -1.29 -1.26 -0.61 -0.41 0.297 0.346 0.342 0.261 0.344 0.731 0 0 0 0 0 0
1994-10-10T19:30:00 1994 10 10 19 30 0 0.32 -0.01 406.9 8.69 2.96 0.01 0.02 0.02 0 0 1 0 0 0 1 0 4.0 2.9 -30.0 -0.82 -0.59 -1.29 -1.26 -0.61 -0.41 0.296 0.346 0.34 0.26 0.341 0.722 0 0 0 0 0 0
1994-10-10T20:30:00 1994 10 10 20 30 0 0.32 -0.01 406.0 8.69 2.96 0.01 0.02 0.02 0 0 1 0 0 0 1 0 4.0 3.15 -33.0 -0.82 -0.59 -1.29 -1.26 -0.61 -0.41 0.295 0.345 0.338 0.259 0.339 0.716 0 0 0 0 0 0
1994-10-10T21:30:00 1994 10 10 21 30 0 0.32 -0.01 406.0 8.68 2.95 0.01 0.02 0.02 0 0 1 0 0 0 1 0 4.3 3.43 -34.0 -0.82 -0.59 -1.29 -1.26 -0.61 -0.41 0.294 0.345 0.336 0.258 0.338 0.712 0 0 0 0 0 0
1994-10-10T22:30:00 1994 10 10 22 30 0 0.32 -0.01 406.0 8.67 2.95 0.01 0.02 0.02 0 0 1 0 0 0 1 0 4.3 3.72 -33.0 -0.82 -0.59 -1.29 -1.26 -0.61 -0.41 0.293 0.345 0.334 0.257 0.338 0.71 0 0 0 0 0 0
1994-10-10T23:30:00 1994 10 10 23 30 0 0.32 -0.01 406.0 8.66 2.95 0.01 0.02 0.02 0 0 1 0 0 0 1 0 4.3 3.88 -31.0 -0.82 -0.59 -1.29 -1.26 -0.61 -0.41 0.293 0.345 0.332 0.257 0.338 0.708 0 0 0 0 0 0
