1994-08-31T00:30:00 1994 8 31 0 30 0 0.17 0.14 400.3 9.31 2.79 0.0 0.0 0.0 0 0 1 0 0 0 1 0 1.0 1.15 4.0 -0.84 -0.61 -1.29 -1.26 -0.63 -0.43 0.299 0.363 0.163 0.256 0.345 0.757 0 0 0 0 0 0
1994-08-31T01:30:00 1994 8 31 1 30 0 0.17 0.14 403.3 9.31 2.79 0.0 0.0 0.0 0 0 1 0 0 0 1 0 1.0 1.11 2.0 -0.84 -0.61 -1.29 -1.26 -0.63 -0.43 0.301 0.363 0.166 0.258 0.349 0.77 0 0 0 0 0 0
1994-08-31T02:30:00 1994 8 31 2 30 0 0.18 0.14 406.2 9.31 2.78 0.0 0.0 0.0 0 0 1 0 0 0 1 0 1.0 1.11 1.0 -0.84 -0.61 -1.29 -1.26 -0.63 -0.43 0.303 0.364 0.169 0.261 0.353 0.783 0 0 0 0 0 0
1994-08-31T03:30:00 1994 8 31 3 30 0 0.18 0.14 409.2 9.3 2.78 0.0 0.0 0.0 0 0 1 0 0 0 1 0 1.0 1.11 3.0 -0.84 -0.61 -1.29 -1.26 -0.63 -0.43 0.304 0.364 0.173 0.263 0.357 0.797 0 0 0 0 0 0
1994-08-31T04:30:00 1994 8 31 4 30 0 0.18 0.14 412.1 9.3 2.78 0.0 0.0 0.0 0 0 1 0 0 0 1 0 1.0 1.11 7.0 -0.84 -0.61 -1.29 -1.26 -0.63 -0.43 0.306 0.364 0.176 0.265 0.361 0.81 0 0 0 0 0 0
1994-08-31T05:30:00 1994 8 31 5 30 0 0.18 0.13 415.1 9.3 2.78 0.0 0.0 0.0 0 0 1 0 0 0 1 0 1.0 1.07 9.0 -0.84 -0.61 -1.29 -1.26 -0.63 -0.43 0.308 0.365 0.18 0.268 0.365 0.824 0 0 0 0 0 0
1994-08-31T06:30:00 1994 8 31 6 30 0 0.18 0.13 418.1 9.29 2.78 0.0 0.0 0.0 0 0 1 0 0 0 1 0 0.3 0.94 11.0 -0.84 -0.61 -1.29 -1.26 -0.63 -0.43 0.31 0.365 0.183 0.27 0.369 0.838 0 0 0 0 0 0
1994-08-31T07:30:00 1994 8 31 7 30 0 0.18 0.13 421.0 9.29 2.78 0.0 0.0 0.0 0 0 1 0 0 0 1 0 0.3 0.82 11.0 -0.84 -0.61 -1.29 -1.26 -0.63 -0.43 0.311 0.366 0.187 0.272 0.374 0.852 0 0 0 0 0 0
1994-08-31T08:30:00 1994 8 31 8 30 0 0.18 0.13 424.0 9.29 2.78 0.0 0.0 0.0 0 0 1 0 0 0 1 0 0.3 0.73 15.0 -0.84 -0.61 -1.29 -1.26 -0.63 -0.43 0.313 0.366 0.19 0.275 0.378 0.866 0 0 0 0 0 0
1994-08-31T09:30:00 1994 8 31 9 30 0 0.18 0.13 427.0 9.28 2.78 0.0 0.0 0.0 0 0 1 0 0 0 1 0 0.7 0.69 18.0 -0.84 -0.61 -1.29 -1.26 -0.63 -0.43 0.315 0.367 0.194 0.277 0.382 0.88 0 0 0 0 0 0
1994-08-31T10:30:00 1994 8 31 10 30 0 0.19 0.13 430.0 9.28 2.78 0.0 0.0 0.0 0 0 1 0 0 0 1 0 0.7 0.66 18.0 -0.84 -0.61 -1.29 -1.26 -0.63 -0.43 0.316 0.367 0.197 0.28 0.386 0.895 0 0 0 0 0 0
1994-08-31T11:30:00 1994 8 31 11 30 0 0.19 0.13 433.0 9.27 2.78 0.0 0.0 0.0 0 0 1 0 0 0 1 0 0.7 0.62 17.0 -0.84 -0.61 -1.29 -1.26 -0.64 -0.43 0.318 0.367 0.201 0.282 0.393 0.909 0 0 0 0 0 0
1994-08-31T12:30:00 1994 8 31 12 30 0 0.19 0.13 436.0 9.27 2.78 0.0 0.0 0.0 0 0 1 0 0 0 1 0 2.3 0.8 15.0 -0.84 -0.61 -1.29 -1.26 -0.64 -0.43 0.32 0.368 0.205 0.284 0.398 0.924 0 0 0 0 0 0
1994-08-31T13:30:00 1994 8 31 13 30 0 0.19 0.12 439.0 9.27 2.78 0.0 0.0 0.0 0 0 1 0 0 0 1 0 2.3 0.97 8.0 -0.84 -0.61 -1.29 -1.26 -0.64 -0.43 0.322 0.368 0.209 0.287 0.403 0.939 0 0 0 0 0 0
1994-08-31T14:30:00 1994 8 31 14 30 0 0.19 0.12 440.5 9.26 2.78 0.0 0.0 0.0 0 0 0 0 0 0 0 0 2.3 1.23 3.0 -0.85 -0.61 -1.29 -1.26 -0.64 -0.43 0.324 0.368 0.212 0.289 0.407 0.951 0 0 0 0 0 0
1994-08-31T15:30:00 1994 8 31 15 30 0 0.19 0.12 440.5 9.26 2.78 0.0 0.0 0.0 0 0 0 0 0 0 0 0 2.3 1.47 -2.0 -0.85 -0.61 -1.29 -1.26 -0.64 -0.43 0.326 0.369 0.216 0.29 0.408 0.957 0 0 0 0 0 0
1994-08-31T16:30:00 1994 8 31 16 30 0 0.19 0.12 440.6 9.26 2.78 0.0 0.0 0.0 0 0 0 0 0 0 0 0 2.3 1.72 -1.0 -0.85 -0.61 -1.29 -1.26 -0.64 -0.43 0.327 0.369 0.22 0.291 0.409 0.96 0 0 0 0 0 0
1994-08-31T17:30:00 1994 8 31 17 30 0 0.2 0.12 440.7 9.25 2.78 0.0 0.0 0.0 0 0 0 0 0 0 0 0 2.3 1.92 5.0 -0.85 -0.61 -1.29 -1.26 -0.64 -0.44 0.328 0.369 0.223 0.291 0.409 0.965 0 0 0 0 0 0
1994-08-31T18:30:00 1994 8 31 18 30 0 0.2 0.12 440.7 9.25 2.78 0.0 0.0 0.0 0 0 0 0 0 0 0 0 1.0 1.94 10.0 -0.85 -0.61 -1.29 -1.26 -0.64 -0.44 0.329 0.369 0.227 0.292 0.409 0.97 0 0 0 0 0 0
1994-08-31T19:30:00 1994 8 31 19 30 0 0.2 0.12 440.8 9.25 2.78 0.0 0.0 0.0 0 0 0 0 0 0 0 0 1.0 1.96 11.0 -0.85 -0.61 -1.29 -1.26 -0.64 -0.44 0.329 0.369 0.23 0.292 0.409 0.972 0 0 0 0 0 0
1994-08-31T20:30:00 1994 8 31 20 30 0 0.2 0.12 440.9 9.24 2.78 0.0 0.0 0.0 0 0 0 0 0 0 0 0 1.0 1.8 9.0 -0.85 -0.61 -1.29 -1.26 -0.64 -0.44 0.33 0.369 0.233 0.292 0.409 0.972 0 0 0 0 0 0
1994-08-31T21:30:00 1994 8 31 21 30 0 0.2 0.12 440.9 9.24 2.78 0.0 0.0 0.0 0 0 0 0 0 0 0 0 2.7 1.85 6.0 -0.85 -0.61 -1.29 -1.26 -0.64 -0.44 0.33 0.368 0.236 0.292 0.409 0.972 0 0 0 0 0 0
1994-08-31T22:30:00 1994 8 31 22 30 0 0.2 0.11 441.0 9.23 2.78 0.0 0.0 0.0 0 0 0 0 0 0 0 0 2.7 1.91 0.0 -0.85 -0.61 -1.29 -1.26 -0.64 -0.44 0.33 0.368 0.239 0.292 0.409 0.972 0 0 0 0 0 0
1994-08-31T23:30:00 1994 8 31 23 30 0 0.2 0.11 441.0 9.23 2.78 0.0 0.0 0.0 0 0 0 0 0 0 0 0 2.7 1.97 -8.0 -0.85 -0.61 -1.29 -1.26 -0.64 -0.44 0.33 0.368 0.242 0.292 0.409 0.972 0 0 0 0 0 0
