1994-05-27T00:30:00 1994 5 27 0 30 0 2.32 -0.1 489.7 2.19 0.99 0.46 0.2 0.05 1 1 1 1 1 1 1 1 2.0 1.82 -21.0 -0.65 -0.49 -0.96 -0.94 -0.51 -0.37 0.162 0.183 0.283 0.129 0.245 0.208 1 1 1 1 1 1
1994-05-27T01:30:00 1994 5 27 1 30 0 2.6 -0.33 487.8 2.03 0.92 0.72 0.55 0.11 1 1 1 1 1 1 1 1 2.0 1.86 -16.0 -0.46 -0.42 -0.52 -0.52 -0.42 -0.39 0.152 0.168 0.277 0.106 0.217 0.185 1 1 1 1 1 1
1994-05-27T02:30:00 1994 5 27 2 30 0 2.6 -0.4 486.0 2.0 0.92 0.85 0.9 0.18 2 2 2 2 2 2 2 2 2.0 1.94 -16.0 -0.4 -0.4 -0.4 -0.4 -0.4 -0.4 0.138 0.155 0.27 0.079 0.196 0.172 1 1 1 1 2 2
1994-05-27T03:30:00 1994 5 27 3 30 0 2.9 -0.3 494.0 2.2 1.1 0.94 0.85 0.18 2 2 2 2 2 2 2 2 1.3 1.94 -15.0 -0.3 -0.3 -0.3 -0.3 -0.3 -0.3 0.122 0.141 0.263 0.059 0.177 0.167 1 2 1 1 2 2
1994-05-27T04:30:00 1994 5 27 4 30 0 2.0 0.0 487.0 1.5 0.74 0.66 0.34 0.07 2 2 2 2 2 2 2 2 1.3 1.93 -15.0 0.0 0.0 0.0 0.0 0.0 0.0 0.092 0.093 0.256 0.036 0.093 0.102 1 2 1 1 2 2
1994-05-27T05:30:00 1994 5 27 5 30 0 2.1 -0.5 492.0 1.6 0.77 0.54 0.66 0.1 2 2 2 2 2 2 2 2 1.3 1.8 -16.0 -0.5 -0.5 -0.5 -0.5 -0.5 -0.5 0.088 0.101 0.249 0.033 0.135 0.107 2 2 1 2 2 2
1994-05-27T06:30:00 1994 5 27 6 30 0 2.2 0.0 477.0 1.4 0.64 0.56 0.56 0.09 2 2 2 2 2 2 2 2 0.3 1.54 -16.0 0.0 0.0 0.0 0.0 0.0 0.0 0.073 0.079 0.242 0.024 0.09 0.076 2 2 1 2 2 2
1994-05-27T07:30:00 1994 5 27 7 30 0 1.5 1.2 470.0 1.6 0.73 0.22 0.0 0.0 2 2 2 2 2 2 2 2 0.3 1.29 -15.0 1.2 1.2 1.2 1.2 1.2 1.2 0.049 0.039 0.235 0.014 0.028 0.032 2 2 1 2 2 2
1994-05-27T08:30:00 1994 5 27 8 30 0 2.0 1.0 458.0 1.9 0.8 0.14 0.0 0.0 2 2 2 2 2 2 2 2 0.3 1.08 -14.0 1.0 1.0 1.0 1.0 1.0 1.0 0.033 0.02 0.227 0.008 0.009 0.013 2 2 1 2 2 2
1994-05-27T09:30:00 1994 5 27 9 30 0 1.7 0.4 441.0 2.4 0.94 0.19 0.0 0.0 2 2 2 2 2 2 2 2 0.7 0.92 -13.0 0.4 0.4 0.4 0.4 0.4 0.4 0.023 0.01 0.22 0.004 0.003 0.005 2 2 1 2 2 2
1994-05-27T10:30:00 1994 5 27 10 30 0 2.8 0.8 449.0 4.3 1.73 0.34 0.0 0.0 2 2 2 2 2 2 2 2 0.7 0.77 -11.0 0.8 0.8 0.8 0.8 0.8 0.8 0.015 0.005 0.214 0.002 0.001 0.002 2 2 1 2 2 2
1994-05-27T11:30:00 1994 5 27 11 30 0 1.9 1.4 450.0 3.5 1.42 0.27 0.0 0.0 2 2 2 2 2 2 2 2 0.7 0.69 -11.0 1.4 1.4 1.4 1.4 1.4 1.4 0.01 0.002 0.207 0.001 0.0 0.001 2 2 1 2 2 2
1994-05-27T12:30:00 1994 5 27 12 30 0 2.3 0.4 438.0 3.5 1.39 0.25 0.0 0.0 2 2 2 2 2 2 2 2 1.0 0.66 -10.0 0.4 0.4 0.4 0.4 0.4 0.4 0.007 0.001 0.201 0.001 0.0 0.0 2 2 1 2 2 2
1994-05-27T13:30:00 1994 5 27 13 30 0 0.4 -1.4 424.0 3.1 1.09 0.35 1.29 0.41 2 2 2 2 2 2 2 2 1.0 0.63 -12.0 -1.4 -1.4 -1.4 -1.4 -1.4 -1.4 0.066 0.13 0.198 0.048 0.203 0.175 2 2 1 2 2 2
1994-05-27T14:30:00 1994 5 27 14 30 0 0.6 -1.3 400.0 3.4 1.04 0.49 2.77 0.9 2 2 2 2 2 2 2 2 1.0 0.72 -14.0 -1.3 -1.3 -1.3 -1.3 -1.3 -1.3 0.144 0.257 0.198 0.108 0.331 0.298 2 2 1 2 2 2
1994-05-27T15:30:00 1994 5 27 15 30 0 -0.3 -0.8 413.0 2.9 0.94 0.28 2.09 0.66 2 2 2 2 2 2 2 2 2.0 0.94 -16.0 -0.8 -0.8 -0.8 -0.8 -0.8 -0.8 0.171 0.277 0.196 0.113 0.31 0.295 2 2 1 2 2 2
1994-05-27T16:30:00 1994 5 27 16 30 0 -0.1 -2.1 412.0 3.6 1.19 0.6 3.1 1.03 2 2 2 2 2 2 2 2 2.0 1.15 -16.0 -2.1 -2.1 -2.1 -2.1 -2.1 -2.1 0.237 0.365 0.198 0.176 0.428 0.395 2 2 1 2 2 2
1994-05-27T17:30:00 1994 5 27 17 30 0 1.1 -1.95 413.5 3.65 1.22 1.06 4.17 1.51 1 1 1 1 1 1 1 1 2.0 1.32 -17.0 -1.95 -1.95 -1.95 -1.95 -1.95 -1.95 0.309 0.445 0.203 0.244 0.512 0.489 2 1 1 1 1 1
1994-05-27T18:30:00 1994 5 27 18 30 0 2.3 -1.8 415.0 3.7 1.25 1.3 3.87 1.42 2 2 2 2 2 2 2 2 1.0 1.35 -13.0 -1.8 -1.8 -1.8 -1.8 -1.8 -1.8 0.349 0.474 0.206 0.269 0.522 0.523 2 2 1 2 2 2
1994-05-27T19:30:00 1994 5 27 19 30 0 1.7 -0.9 414.0 4.1 1.36 0.96 2.72 1.06 2 2 2 2 2 2 2 2 1.0 1.38 -11.0 -0.9 -0.9 -0.9 -0.9 -0.9 -0.9 0.335 0.428 0.206 0.229 0.434 0.493 2 2 1 2 2 2
1994-05-27T20:30:00 1994 5 27 20 30 0 2.6 0.7 409.0 4.1 1.34 0.44 0.45 0.18 2 2 2 2 2 2 2 2 1.0 1.37 -8.0 0.7 0.7 0.7 0.7 0.7 0.7 0.239 0.242 0.2 0.134 0.171 0.253 2 2 1 2 2 2
1994-05-27T21:30:00 1994 5 27 21 30 0 -0.6 -1.0 380.0 4.3 1.14 0.17 0.65 0.28 2 2 2 2 2 2 2 2 1.0 1.37 -10.0 -1.0 -1.0 -1.0 -1.0 -1.0 -1.0 0.202 0.22 0.196 0.101 0.189 0.25 2 2 1 2 2 2
1994-05-27T22:30:00 1994 5 27 22 30 0 -0.65 -0.83 398.0 3.6 1.06 0.25 1.77 0.69 1 1 2 2 2 1 2 2 1.0 1.36 -12.0 -0.94 -0.91 -1.01 -1.0 -0.91 -0.88 0.213 0.271 0.194 0.114 0.27 0.306 2 1 1 1 1 1
1994-05-27T23:30:00 1994 5 27 23 30 0 -0.75 0.08 392.3 4.3 1.21 0.1 0.68 0.26 1 1 1 1 1 1 1 1 1.0 1.24 -12.0 -0.38 -0.24 -0.64 -0.62 -0.26 -0.14 0.194 0.234 0.191 0.104 0.213 0.257 1 1 1 1 1 1
