1994-12-09T00:30:00 1994 12 9 0 30 0 -3.6 -2.8 623.0 8.14 2.64 2.71 3.86 3.09 2 2 1 0 0 2 2 1 3.3 3.0 -19.0 -2.8 -2.8 -2.8 -2.8 -2.8 -2.8 0.264 0.382 0.144 0.295 0.929 2.274 0 0 1 0 0 0
1994-12-09T01:30:00 1994 12 9 1 30 0 -4.9 -0.8 623.0 8.14 2.64 4.32 5.35 4.35 2 2 1 0 0 2 2 1 3.3 3.08 -21.0 -0.8 -0.8 -0.8 -0.8 -0.8 -0.8 0.395 0.516 0.168 0.398 1.063 2.962 0 0 1 0 0 0
1994-12-09T02:30:00 1994 12 9 2 30 0 -2.3 0.6 623.0 8.14 2.64 1.71 0.61 0.5 2 2 1 0 0 2 2 1 3.3 3.12 -22.0 0.6 0.6 0.6 0.6 0.6 0.6 0.289 0.297 0.164 0.234 0.419 1.534 0 0 1 0 0 0
1994-12-09T03:30:00 1994 12 9 3 30 0 -2.9 -0.3 623.0 8.14 2.65 0.86 0.19 0.16 2 2 1 0 0 2 2 1 1.7 2.94 -19.0 -0.3 -0.3 -0.3 -0.3 -0.3 -0.3 0.215 0.197 0.16 0.142 0.261 1.059 0 0 1 0 0 0
1994-12-09T04:30:00 1994 12 9 4 30 0 -2.3 1.1 623.0 8.14 2.65 0.7 0.06 0.05 2 2 1 0 0 2 2 1 1.7 2.77 -15.0 1.1 1.1 1.1 1.1 1.1 1.1 0.146 0.098 0.155 0.079 0.083 0.439 0 0 1 0 0 0
1994-12-09T05:30:00 1994 12 9 5 30 0 -4.8 0.3 623.0 8.14 2.65 1.38 0.0 0.0 2 2 1 0 0 2 2 1 1.7 2.61 -16.0 0.3 0.3 0.3 0.3 0.3 0.3 0.099 0.049 0.151 0.044 0.026 0.182 0 0 1 0 0 0
1994-12-09T06:30:00 1994 12 9 6 30 0 -4.4 0.7 623.0 8.14 2.65 2.2 0.0 0.0 2 2 1 0 0 2 2 1 2.3 2.52 -14.0 0.7 0.7 0.7 0.7 0.7 0.7 0.067 0.024 0.146 0.025 0.008 0.076 0 0 1 0 0 0
1994-12-09T07:30:00 1994 12 9 7 30 0 -2.7 0.2 619.9 8.14 2.65 1.29 0.0 0.0 2 2 1 0 0 2 2 1 2.3 2.44 -15.0 0.2 0.2 0.2 0.2 0.2 0.2 0.045 0.012 0.142 0.014 0.003 0.031 0 0 1 0 0 0
1994-12-09T08:30:00 1994 12 9 8 30 0 1.3 -1.0 613.6 8.14 2.65 0.36 1.41 1.15 2 2 1 0 0 2 2 1 2.3 2.32 -14.0 -1.0 -1.0 -1.0 -1.0 -1.0 -1.0 0.124 0.185 0.145 0.084 0.444 1.252 0 0 1 0 0 0
1994-12-09T09:30:00 1994 12 9 9 30 0 0.9 -0.5 607.4 8.14 2.65 0.44 2.23 1.81 2 2 1 0 0 2 2 1 2.3 2.2 -14.0 -0.5 -0.5 -0.5 -0.5 -0.5 -0.5 0.191 0.286 0.149 0.128 0.586 1.809 0 0 1 0 0 0
1994-12-09T10:30:00 1994 12 9 10 30 0 -0.6 0.2 601.2 8.14 2.65 0.05 0.48 0.39 2 2 1 0 0 2 2 1 2.3 2.08 -14.0 0.2 0.2 0.2 0.2 0.2 0.2 0.148 0.181 0.146 0.08 0.261 1.031 0 0 1 0 0 0
1994-12-09T11:30:00 1994 12 9 11 30 0 -2.2 1.7 594.9 8.14 2.65 0.12 0.0 0.0 2 2 1 0 0 2 2 1 2.3 2.16 -11.0 1.7 1.7 1.7 1.7 1.7 1.7 0.1 0.09 0.141 0.045 0.083 0.428 0 0 1 0 0 0
1994-12-09T12:30:00 1994 12 9 12 30 0 -2.7 -0.5 588.7 8.14 2.65 0.62 0.23 0.19 2 2 1 0 0 2 2 1 2.3 2.23 -7.0 -0.5 -0.5 -0.5 -0.5 -0.5 -0.5 0.091 0.096 0.138 0.041 0.156 0.527 0 0 1 0 0 0
1994-12-09T13:30:00 1994 12 9 13 30 0 -2.7 -0.2 582.5 8.14 2.65 1.07 0.99 0.8 2 2 1 0 0 2 2 1 2.3 2.3 -8.0 -0.2 -0.2 -0.2 -0.2 -0.2 -0.2 0.113 0.16 0.137 0.051 0.287 0.977 0 0 1 0 0 0
1994-12-09T14:30:00 1994 12 9 14 30 0 -3.5 1.5 576.3 8.14 2.65 0.85 0.01 0.01 2 2 1 0 0 2 2 1 2.3 2.3 -5.0 1.5 1.5 1.5 1.5 1.5 1.5 0.077 0.08 0.133 0.028 0.091 0.405 0 0 1 0 0 0
1994-12-09T15:30:00 1994 12 9 15 30 0 -3.0 0.9 570.1 8.14 2.65 0.74 0.0 0.0 2 2 1 0 0 2 2 1 2.0 2.26 -6.0 0.9 0.9 0.9 0.9 0.9 0.9 0.052 0.04 0.129 0.016 0.029 0.168 0 0 1 0 0 0
1994-12-09T16:30:00 1994 12 9 16 30 0 -3.3 0.1 563.9 8.14 2.65 0.95 0.0 0.0 2 2 1 0 0 2 2 1 2.0 2.22 -4.0 0.1 0.1 0.1 0.1 0.1 0.1 0.035 0.02 0.125 0.009 0.009 0.07 0 0 1 0 0 0
1994-12-09T17:30:00 1994 12 9 17 30 0 -4.2 -0.8 557.7 8.14 2.66 1.92 1.09 0.89 2 2 1 0 0 2 2 1 2.0 2.18 -5.0 -0.8 -0.8 -0.8 -0.8 -0.8 -0.8 0.098 0.167 0.126 0.058 0.339 0.933 0 0 1 0 0 0
1994-12-09T18:30:00 1994 12 9 18 30 0 -1.8 0.6 551.5 8.14 2.66 1.1 0.54 0.44 2 2 1 0 0 2 2 1 2.3 2.19 -6.0 0.6 0.6 0.6 0.6 0.6 0.6 0.086 0.123 0.123 0.042 0.176 0.619 0 0 1 0 0 0
1994-12-09T19:30:00 1994 12 9 19 30 0 -4.6 0.2 545.3 8.14 2.66 1.11 0.0 0.0 2 2 1 0 0 2 2 1 2.3 2.19 -4.0 0.2 0.2 0.2 0.2 0.2 0.2 0.058 0.061 0.119 0.024 0.056 0.257 0 0 1 0 0 0
1994-12-09T20:30:00 1994 12 9 20 30 0 -3.5 -2.7 539.1 8.14 2.66 3.07 3.71 3.02 2 2 1 0 0 2 2 1 2.3 2.19 -6.0 -2.7 -2.7 -2.7 -2.7 -2.7 -2.7 0.255 0.391 0.138 0.262 0.769 1.724 0 0 1 0 0 0
1994-12-09T21:30:00 1994 12 9 21 30 0 -3.1 -2.4 532.9 8.14 2.66 3.78 6.8 5.53 2 2 1 0 0 2 2 1 3.0 2.28 -17.0 -2.4 -2.4 -2.4 -2.4 -2.4 -2.4 0.476 0.66 0.17 0.522 1.165 2.641 0 0 0 0 0 0
1994-12-09T22:30:00 1994 12 9 22 30 0 -3.1 -1.2 526.8 8.14 2.66 2.51 4.64 3.77 2 2 1 0 0 2 2 1 3.0 2.37 -19.0 -1.2 -1.2 -1.2 -1.2 -1.2 -1.2 0.527 0.669 0.186 0.502 1.018 2.554 0 0 0 0 0 0
1994-12-09T23:30:00 1994 12 9 23 30 0 -2.2 -2.7 520.6 8.14 2.66 2.42 5.26 4.28 2 2 1 0 0 2 2 1 3.0 2.5 -21.0 -2.7 -2.7 -2.7 -2.7 -2.7 -2.7 0.62 0.759 0.208 0.593 1.152 2.771 0 0 0 0 0 0
