1994-05-21T00:30:00 1994 5 21 0 30 0 2.1 0.7 399.0 5.0 1.49 0.19 0.0 0.0 2 2 2 2 2 2 2 2 0.7 0.97 -6.0 0.7 0.7 0.7 0.7 0.7 0.7 0.01 0.001 0.095 0.001 0.0 0.0 2 2 2 2 2 2
1994-05-21T01:30:00 1994 5 21 1 30 0 2.5 2.1 400.0 5.4 1.59 0.2 0.0 0.0 2 2 2 2 2 2 2 2 0.7 0.81 -6.0 2.1 2.1 2.1 2.1 2.1 2.1 0.007 0.0 0.093 0.001 0.0 0.0 2 2 2 2 2 2
1994-05-21T02:30:00 1994 5 21 2 30 0 2.0 2.8 402.0 5.8 1.72 0.12 0.0 0.0 2 2 2 2 2 2 2 2 0.7 0.81 -3.0 2.8 2.8 2.8 2.8 2.8 2.8 0.005 0.0 0.09 0.0 0.0 0.0 2 2 2 2 2 2
1994-05-21T03:30:00 1994 5 21 3 30 0 3.1 2.2 407.0 6.1 1.88 0.19 0.0 0.0 2 2 2 2 2 2 2 2 0.7 0.81 -3.0 2.2 2.2 2.2 2.2 2.2 2.2 0.003 0.0 0.087 0.0 0.0 0.0 2 2 2 2 2 2
1994-05-21T04:30:00 1994 5 21 4 30 0 2.3 2.4 413.0 5.7 1.79 0.21 0.0 0.0 2 2 2 2 2 2 2 2 0.7 0.81 -4.0 2.4 2.4 2.4 2.4 2.4 2.4 0.002 0.0 0.084 0.0 0.0 0.0 2 2 2 2 2 2
1994-05-21T05:30:00 1994 5 21 5 30 0 2.6 2.5 414.0 6.6 2.01 0.16 0.0 0.0 2 2 2 2 2 2 2 2 0.7 0.77 -4.0 2.5 2.5 2.5 2.5 2.5 2.5 0.001 0.0 0.082 0.0 0.0 0.0 2 2 2 2 2 2
1994-05-21T06:30:00 1994 5 21 6 30 0 3.3 2.03 407.7 6.77 1.98 0.29 0.0 0.0 1 1 1 1 1 1 1 1 0.7 0.74 -5.0 2.03 2.03 2.03 2.03 2.03 2.03 0.001 0.0 0.079 0.0 0.0 0.0 2 2 2 2 2 2
1994-05-21T07:30:00 1994 5 21 7 30 0 4.0 -0.03 401.3 6.93 1.96 0.82 0.01 0.0 1 1 1 1 1 1 1 1 0.7 0.7 -6.0 -0.03 -0.03 -0.03 -0.03 -0.03 -0.03 0.002 0.007 0.077 0.0 0.009 0.025 1 1 2 1 1 1
1994-05-21T08:30:00 1994 5 21 8 30 0 4.7 -0.5 395.0 7.1 1.93 1.68 0.56 0.4 2 2 2 2 2 2 2 2 0.7 0.7 -5.0 -0.5 -0.5 -0.5 -0.5 -0.5 -0.5 0.041 0.112 0.076 0.02 0.144 0.284 2 2 2 2 2 2
1994-05-21T09:30:00 1994 5 21 9 30 0 1.9 -0.1 397.0 6.7 1.81 1.0 0.56 0.39 2 2 2 2 2 2 2 2 1.7 0.83 -6.0 -0.1 -0.1 -0.1 -0.1 -0.1 -0.1 0.056 0.136 0.074 0.023 0.141 0.32 2 2 2 2 2 2
1994-05-21T10:30:00 1994 5 21 10 30 0 2.5 -0.9 393.0 5.9 1.59 0.61 1.05 0.65 2 2 2 2 2 2 2 2 1.7 0.96 -8.0 -0.9 -0.9 -0.9 -0.9 -0.9 -0.9 0.101 0.221 0.074 0.052 0.245 0.442 2 2 2 2 2 2
1994-05-21T11:30:00 1994 5 21 11 30 0 1.6 -0.6 380.0 4.8 1.2 0.59 1.42 0.76 2 2 2 2 2 2 2 2 1.7 1.09 -12.0 -0.6 -0.6 -0.6 -0.6 -0.6 -0.6 0.133 0.261 0.075 0.069 0.262 0.429 2 2 2 2 2 2
1994-05-21T12:30:00 1994 5 21 12 30 0 2.6 -1.3 417.0 6.8 2.09 0.8 1.97 1.18 2 2 2 2 2 2 2 2 2.3 1.29 -10.0 -1.3 -1.3 -1.3 -1.3 -1.3 -1.3 0.193 0.351 0.078 0.119 0.388 0.635 2 2 2 2 2 2
1994-05-21T13:30:00 1994 5 21 13 30 0 1.3 -2.5 418.0 7.5 2.29 1.47 4.07 2.94 2 2 2 2 2 2 2 2 2.3 1.49 -6.0 -2.5 -2.5 -2.5 -2.5 -2.5 -2.5 0.334 0.552 0.091 0.279 0.66 1.112 2 2 2 2 2 2
1994-05-21T14:30:00 1994 5 21 14 30 0 3.5 0.0 411.0 7.5 2.28 1.18 2.38 1.79 2 2 2 2 2 2 2 2 2.3 1.69 -7.0 0.0 0.0 0.0 0.0 0.0 0.0 0.316 0.447 0.094 0.229 0.423 0.867 2 2 2 2 2 2
1994-05-21T15:30:00 1994 5 21 15 30 0 3.9 2.5 385.0 6.0 1.59 0.69 0.0 0.0 2 2 2 2 2 2 2 2 1.7 1.81 -6.0 2.5 2.5 2.5 2.5 2.5 2.5 0.214 0.222 0.091 0.128 0.134 0.359 2 2 2 2 2 2
1994-05-21T16:30:00 1994 5 21 16 30 0 4.3 1.4 388.0 5.5 1.48 0.71 0.0 0.0 2 2 2 2 2 2 2 2 1.7 1.93 -4.0 1.4 1.4 1.4 1.4 1.4 1.4 0.145 0.11 0.089 0.072 0.042 0.149 2 2 2 2 2 2
1994-05-21T17:30:00 1994 5 21 17 30 0 4.4 0.0 397.0 6.5 1.83 1.21 0.0 0.0 2 2 2 2 2 2 2 2 1.7 1.92 -2.0 0.0 0.0 0.0 0.0 0.0 0.0 0.098 0.055 0.086 0.04 0.013 0.062 2 2 2 2 2 2
1994-05-21T18:30:00 1994 5 21 18 30 0 4.8 0.1 392.0 5.6 1.56 1.64 0.0 0.0 2 2 2 2 2 2 2 2 1.3 1.87 -5.0 0.1 0.1 0.1 0.1 0.1 0.1 0.066 0.027 0.083 0.022 0.004 0.026 2 2 2 2 2 2
1994-05-21T19:30:00 1994 5 21 19 30 0 5.1 -0.7 391.0 5.5 1.5 2.11 0.66 0.36 2 2 2 2 2 2 2 2 1.3 1.81 -8.0 -0.7 -0.7 -0.7 -0.7 -0.7 -0.7 0.087 0.125 0.082 0.036 0.148 0.226 2 2 2 2 2 2
1994-05-21T20:30:00 1994 5 21 20 30 0 4.1 1.6 388.0 5.9 1.59 1.41 0.15 0.09 2 2 2 2 2 2 2 2 1.3 1.69 -6.0 1.6 1.6 1.6 1.6 1.6 1.6 0.062 0.072 0.08 0.021 0.056 0.114 2 2 2 2 2 2
1994-05-21T21:30:00 1994 5 21 21 30 0 5.2 -0.7 392.0 5.3 1.49 1.59 0.27 0.14 2 2 2 2 2 2 2 2 1.0 1.53 -5.0 -0.7 -0.7 -0.7 -0.7 -0.7 -0.7 0.065 0.098 0.078 0.026 0.106 0.168 2 2 2 2 2 2
1994-05-21T22:30:00 1994 5 21 22 30 0 3.5 0.0 371.0 6.1 1.51 1.59 0.62 0.34 2 2 2 2 2 2 2 2 1.0 1.37 -5.0 0.0 0.0 0.0 0.0 0.0 0.0 0.069 0.112 0.076 0.026 0.103 0.188 2 2 2 2 2 2
1994-05-21T23:30:00 1994 5 21 23 30 0 3.3 1.2 371.0 6.4 1.6 0.67 0.0 0.0 2 2 2 2 2 2 2 2 1.0 1.28 -5.0 1.2 1.2 1.2 1.2 1.2 1.2 0.047 0.056 0.074 0.014 0.033 0.078 2 2 2 2 2 2
