1994-03-31T00:30:00 1994 3 31 0 30 0 -1.6 0.1 421.0 6.2 2.19 0.72 0.0 0.0 2 2 2 2 2 2 2 2 2.7 3.42 -31.0 0.1 0.1 0.1 0.1 0.1 0.1 0.207 0.074 0.233 0.099 0.015 0.066 2 2 2 2 2 2
1994-03-31T01:30:00 1994 3 31 1 30 0 -3.2 1.9 429.0 6.7 2.45 0.3 0.0 0.0 2 2 2 2 2 2 2 2 2.7 3.29 -32.0 1.9 1.9 1.9 1.9 1.9 1.9 0.14 0.037 0.226 0.056 0.005 0.027 2 2 2 2 2 2
1994-03-31T02:30:00 1994 3 31 2 30 0 0.9 0.9 428.0 6.9 2.51 0.08 0.0 0.0 2 2 2 2 2 2 2 2 2.7 3.16 -29.0 0.9 0.9 0.9 0.9 0.9 0.9 0.095 0.018 0.219 0.031 0.002 0.011 2 2 2 2 2 2
1994-03-31T03:30:00 1994 3 31 3 30 0 -6.2 1.7 459.0 6.2 2.48 0.71 0.0 0.0 2 2 2 2 2 2 2 2 2.3 2.99 -24.0 1.7 1.7 1.7 1.7 1.7 1.7 0.064 0.009 0.212 0.017 0.0 0.005 2 2 2 2 2 2
1994-03-31T04:30:00 1994 3 31 4 30 0 -5.7 0.6 456.5 6.45 2.59 2.36 0.0 0.0 1 1 1 1 1 1 1 1 2.3 2.81 -23.0 0.6 0.6 0.6 0.6 0.6 0.6 0.044 0.005 0.206 0.01 0.0 0.002 2 2 2 2 2 2
1994-03-31T05:30:00 1994 3 31 5 30 0 -5.2 -0.5 454.0 6.7 2.7 2.61 0.31 0.21 2 2 2 2 2 2 2 2 2.3 2.69 -17.0 -0.5 -0.5 -0.5 -0.5 -0.5 -0.5 0.055 0.069 0.2 0.02 0.113 0.222 2 2 2 2 2 2
1994-03-31T06:30:00 1994 3 31 6 30 0 -3.5 3.2 449.0 6.5 2.56 1.16 0.04 0.02 2 2 2 2 2 2 2 2 1.3 2.43 -16.0 3.2 3.2 3.2 3.2 3.2 3.2 0.037 0.034 0.194 0.011 0.036 0.092 2 2 2 2 2 2
1994-03-31T07:30:00 1994 3 31 7 30 0 0.1 2.8 444.0 6.1 2.47 0.08 0.0 0.0 2 2 2 2 2 2 2 2 1.3 2.18 -15.0 2.8 2.8 2.8 2.8 2.8 2.8 0.025 0.017 0.188 0.006 0.011 0.038 2 2 2 2 2 2
1994-03-31T08:30:00 1994 3 31 8 30 0 5.6 -0.5 464.0 5.7 2.42 0.99 0.14 0.08 2 2 2 2 2 2 2 2 1.3 2.01 -12.0 -0.5 -0.5 -0.5 -0.5 -0.5 -0.5 0.034 0.05 0.183 0.014 0.08 0.14 2 2 2 2 2 2
1994-03-31T09:30:00 1994 3 31 9 30 0 3.7 0.0 456.0 5.7 2.48 2.09 0.53 0.3 2 2 2 2 2 2 2 2 2.0 1.93 -16.0 0.0 0.0 0.0 0.0 0.0 0.0 0.044 0.078 0.178 0.017 0.1 0.214 2 2 2 2 2 2
1994-03-31T10:30:00 1994 3 31 10 30 0 -1.0 1.5 435.0 6.3 2.42 0.23 0.0 0.0 2 2 2 2 2 2 2 2 2.0 1.84 -16.0 1.5 1.5 1.5 1.5 1.5 1.5 0.03 0.039 0.173 0.01 0.032 0.089 2 2 2 2 2 2
1994-03-31T11:30:00 1994 3 31 11 30 0 0.2 1.6 435.0 6.4 2.42 0.0 0.0 0.0 2 2 2 2 2 2 2 2 2.0 1.81 -12.0 1.6 1.6 1.6 1.6 1.6 1.6 0.02 0.019 0.168 0.005 0.01 0.037 2 2 2 2 2 2
1994-03-31T12:30:00 1994 3 31 12 30 0 2.4 1.6 431.0 6.3 2.34 0.07 0.0 0.0 2 2 2 2 2 2 2 2 1.7 1.74 -11.0 1.6 1.6 1.6 1.6 1.6 1.6 0.014 0.01 0.163 0.003 0.003 0.015 2 2 2 2 2 2
1994-03-31T13:30:00 1994 3 31 13 30 0 2.4 1.33 437.0 6.3 2.34 0.24 0.0 0.0 1 1 1 1 1 1 1 1 1.7 1.67 -9.0 1.16 1.19 1.09 1.09 1.19 1.22 0.009 0.005 0.158 0.002 0.001 0.006 2 2 2 2 2 2
1994-03-31T14:30:00 1994 3 31 14 30 0 1.9 0.35 443.0 6.05 2.32 0.25 0.0 0.0 1 1 1 1 1 1 1 1 1.7 1.72 -8.0 -0.49 -0.31 -0.81 -0.79 -0.33 -0.17 0.025 0.033 0.154 0.024 0.055 0.071 1 1 2 1 1 1
1994-03-31T15:30:00 1994 3 31 15 30 0 1.54 0.16 449.0 5.68 2.21 0.22 0.0 0.0 1 0 1 1 1 1 1 1 0.7 1.63 -7.0 -0.8 -0.6 -1.17 -1.15 -0.62 -0.43 0.092 0.149 0.156 0.097 0.226 0.313 0 0 2 0 0 0
1994-03-31T16:30:00 1994 3 31 16 30 0 2.06 0.16 455.0 5.32 2.1 0.28 0.0 0.0 1 0 1 1 1 1 1 1 0.7 1.55 -7.0 -0.8 -0.6 -1.17 -1.15 -0.62 -0.43 0.147 0.218 0.159 0.149 0.301 0.432 0 0 2 0 0 0
1994-03-31T17:30:00 1994 3 31 17 30 0 3.14 0.53 461.0 4.95 1.99 0.55 0.0 0.0 1 1 1 1 1 1 1 1 0.7 1.38 -8.0 -0.31 -0.13 -0.64 -0.62 -0.15 0.01 0.152 0.191 0.159 0.142 0.226 0.301 0 0 2 0 1 0
1994-03-31T18:30:00 1994 3 31 18 30 0 3.9 2.61 467.0 4.7 1.97 0.64 0.0 0.0 1 1 1 1 1 1 1 1 0.7 1.22 -8.0 2.43 2.47 2.36 2.36 2.46 2.5 0.103 0.095 0.155 0.079 0.072 0.125 0 0 2 0 1 0
1994-03-31T19:30:00 1994 3 31 19 30 0 3.9 3.2 473.0 4.7 1.97 0.56 0.0 0.0 2 2 2 2 2 2 2 2 0.7 1.06 -6.0 3.2 3.2 3.2 3.2 3.2 3.2 0.07 0.047 0.15 0.044 0.023 0.052 0 0 2 0 1 0
1994-03-31T20:30:00 1994 3 31 20 30 0 2.1 3.6 439.0 5.1 1.94 0.24 0.0 0.0 2 2 2 2 2 2 2 2 0.7 0.94 -8.0 3.6 3.6 3.6 3.6 3.6 3.6 0.047 0.023 0.145 0.025 0.007 0.022 0 0 2 0 1 0
1994-03-31T21:30:00 1994 3 31 21 30 0 3.3 4.1 463.0 4.9 2.06 0.17 0.0 0.0 2 2 2 2 2 2 2 2 0.3 0.77 -7.0 4.1 4.1 4.1 4.1 4.1 4.1 0.032 0.012 0.141 0.014 0.002 0.009 0 0 2 0 1 0
1994-03-31T22:30:00 1994 3 31 22 30 0 1.7 4.5 446.0 5.1 2.0 0.11 0.0 0.0 2 2 2 2 2 2 2 2 0.3 0.6 -8.0 4.5 4.5 4.5 4.5 4.5 4.5 0.022 0.006 0.137 0.008 0.001 0.004 0 0 2 0 1 0
1994-03-31T23:30:00 1994 3 31 23 30 0 2.4 4.3 445.0 5.3 2.01 0.06 0.0 0.0 2 2 2 2 2 2 2 2 0.3 0.54 -7.0 4.3 4.3 4.3 4.3 4.3 4.3 0.015 0.003 0.132 0.004 0.0 0.002 0 0 2 0 1 0
