1994-08-28T00:30:00 1994 8 28 0 30 0 -2.11 0.39 469.7 5.1 2.36 0.34 0.0 0.0 1 1 1 1 1 1 1 1 2.3 2.3 6.0 -0.52 -0.32 -0.91 -0.89 -0.34 -0.16 0.022 0.03 0.114 0.028 0.057 0.062 1 1 1 1 1 1
1994-08-28T01:30:00 1994 8 28 1 30 0 -1.19 0.22 465.6 5.94 2.51 0.2 0.0 0.0 1 0 1 1 1 1 1 1 2.3 2.33 4.0 -0.82 -0.59 -1.27 -1.24 -0.61 -0.41 0.094 0.146 0.118 0.113 0.239 0.326 0 0 1 0 0 0
1994-08-28T02:30:00 1994 8 28 2 30 0 -0.27 0.22 461.4 6.97 2.65 0.04 0.0 0.0 1 0 1 1 1 1 1 1 2.3 2.28 1.0 -0.82 -0.59 -1.27 -1.24 -0.61 -0.41 0.158 0.23 0.125 0.18 0.331 0.538 0 0 1 0 0 0
1994-08-28T03:30:00 1994 8 28 3 30 0 0.08 0.22 457.3 7.99 2.8 0.0 0.0 0.0 0 0 1 1 1 0 1 1 3.3 2.37 -5.0 -0.82 -0.59 -1.27 -1.24 -0.61 -0.41 0.206 0.282 0.131 0.223 0.372 0.698 0 0 1 0 0 0
1994-08-28T04:30:00 1994 8 28 4 30 0 0.08 0.22 453.1 9.01 2.81 0.0 0.0 0.0 0 0 1 1 0 0 1 1 3.3 2.45 -4.0 -0.82 -0.59 -1.27 -1.24 -0.61 -0.41 0.243 0.317 0.137 0.252 0.395 0.834 0 0 1 0 0 0
1994-08-28T05:30:00 1994 8 28 5 30 0 0.08 0.22 449.0 9.56 2.81 0.0 0.0 0.0 0 0 1 0 0 0 1 0 3.3 2.62 -11.0 -0.82 -0.59 -1.27 -1.24 -0.61 -0.41 0.27 0.341 0.144 0.271 0.407 0.935 0 0 1 0 0 0
1994-08-28T06:30:00 1994 8 28 6 30 0 0.08 0.22 444.9 8.93 2.81 0.0 0.0 0.0 0 0 1 1 0 0 1 1 2.0 2.61 -11.0 -0.82 -0.59 -1.27 -1.24 -0.61 -0.41 0.287 0.35 0.15 0.279 0.403 0.943 0 0 1 0 0 0
1994-08-28T07:30:00 1994 8 28 7 30 0 0.08 0.22 440.7 7.8 2.79 0.0 0.0 0.0 0 0 1 1 1 0 1 1 2.0 2.6 -13.0 -0.82 -0.59 -1.27 -1.24 -0.61 -0.41 0.293 0.345 0.155 0.276 0.385 0.86 0 0 1 0 0 0
1994-08-28T08:30:00 1994 8 28 8 30 0 -0.27 0.21 436.6 6.66 2.43 0.0 0.0 0.0 1 0 1 1 1 1 1 1 2.0 2.56 -9.0 -0.82 -0.59 -1.27 -1.24 -0.61 -0.41 0.291 0.331 0.159 0.266 0.36 0.735 0 0 1 0 0 0
1994-08-28T09:30:00 1994 8 28 9 30 0 -1.19 0.21 432.4 5.52 2.06 0.04 0.0 0.0 1 0 1 1 1 1 1 1 1.7 2.47 -7.0 -0.82 -0.59 -1.27 -1.25 -0.61 -0.41 0.283 0.311 0.162 0.252 0.332 0.599 0 0 1 0 0 0
1994-08-28T10:30:00 1994 8 28 10 30 0 -2.11 0.38 428.3 4.6 1.7 0.2 0.0 0.0 1 1 1 1 1 1 1 1 1.7 2.39 -7.0 -0.53 -0.32 -0.92 -0.9 -0.34 -0.17 0.254 0.259 0.163 0.213 0.259 0.42 0 0 1 0 1 0
1994-08-28T11:30:00 1994 8 28 11 30 0 -2.6 1.33 424.1 4.6 1.59 0.3 0.0 0.0 1 1 1 1 1 1 1 1 1.7 2.2 -5.0 1.13 1.18 1.05 1.05 1.17 1.21 0.175 0.129 0.158 0.124 0.082 0.174 0 0 1 0 1 0
1994-08-28T12:30:00 1994 8 28 12 30 0 -2.6 1.6 420.0 4.6 1.59 0.28 0.0 0.0 2 2 2 2 2 2 2 2 0.7 1.87 -5.0 1.6 1.6 1.6 1.6 1.6 1.6 0.119 0.064 0.153 0.069 0.026 0.072 0 0 1 0 1 0
1994-08-28T13:30:00 1994 8 28 13 30 0 -2.2 0.1 418.0 5.7 1.91 0.32 0.0 0.0 2 2 2 2 2 2 2 2 0.7 1.55 -4.0 0.1 0.1 0.1 0.1 0.1 0.1 0.08 0.032 0.149 0.039 0.008 0.03 0 0 1 0 1 0
1994-08-28T14:30:00 1994 8 28 14 30 0 -0.6 -0.3 418.0 5.9 1.93 0.19 0.26 0.15 2 2 2 2 2 2 2 2 0.7 1.38 -6.0 -0.3 -0.3 -0.3 -0.3 -0.3 -0.3 0.074 0.074 0.145 0.03 0.087 0.167 1 2 1 1 2 2
1994-08-28T15:30:00 1994 8 28 15 30 0 -0.3 0.3 411.0 5.3 1.67 0.02 0.13 0.08 2 2 2 2 2 2 2 2 0.7 1.22 -5.0 0.3 0.3 0.3 0.3 0.3 0.3 0.054 0.048 0.14 0.018 0.04 0.096 1 2 1 1 2 2
1994-08-28T16:30:00 1994 8 28 16 30 0 -1.1 -0.6 410.0 6.1 1.94 0.09 0.46 0.27 2 2 2 2 2 2 2 2 0.7 1.06 -5.0 -0.6 -0.6 -0.6 -0.6 -0.6 -0.6 0.07 0.113 0.137 0.028 0.141 0.249 1 2 1 2 2 2
1994-08-28T17:30:00 1994 8 28 17 30 0 -1.9 -0.2 394.0 6.5 1.91 0.3 0.77 0.48 2 2 2 2 2 2 2 2 0.7 0.94 -5.0 -0.2 -0.2 -0.2 -0.2 -0.2 -0.2 0.085 0.156 0.134 0.034 0.169 0.336 2 2 1 2 2 2
1994-08-28T18:30:00 1994 8 28 18 30 0 -2.0 -0.3 378.0 6.1 1.66 0.38 0.49 0.31 2 2 2 2 2 2 2 2 1.3 0.9 -8.0 -0.3 -0.3 -0.3 -0.3 -0.3 -0.3 0.087 0.164 0.131 0.031 0.158 0.326 2 2 1 2 2 2
1994-08-28T19:30:00 1994 8 28 19 30 0 -2.0 0.0 370.0 6.0 1.58 0.35 0.26 0.16 2 2 2 2 2 2 2 2 1.3 0.86 -3.0 0.0 0.0 0.0 0.0 0.0 0.0 0.071 0.119 0.127 0.021 0.088 0.213 2 2 1 2 2 2
1994-08-28T20:30:00 1994 8 28 20 30 0 -2.1 0.7 369.0 6.7 1.82 0.25 0.0 0.0 2 2 2 2 2 2 2 2 1.3 0.93 1.0 0.7 0.7 0.7 0.7 0.7 0.7 0.048 0.059 0.123 0.012 0.028 0.089 2 2 1 2 2 2
1994-08-28T21:30:00 1994 8 28 21 30 0 -2.1 0.61 368.0 6.7 1.82 0.22 0.0 0.0 1 1 1 1 1 1 1 1 0.7 0.93 3.0 0.42 0.46 0.33 0.34 0.46 0.49 0.033 0.029 0.12 0.007 0.009 0.037 2 2 1 2 2 2
1994-08-28T22:30:00 1994 8 28 22 30 0 -1.69 0.26 367.0 7.0 1.91 0.2 0.0 0.0 1 1 1 1 1 1 1 1 0.7 0.93 6.0 -0.63 -0.43 -1.02 -0.99 -0.45 -0.27 0.054 0.075 0.118 0.038 0.081 0.11 1 1 1 1 1 1
1994-08-28T23:30:00 1994 8 28 23 30 0 -0.94 0.2 366.0 8.65 2.22 0.1 0.0 0.0 1 0 1 1 1 1 1 1 0.7 0.92 7.0 -0.83 -0.59 -1.28 -1.25 -0.62 -0.42 0.116 0.193 0.12 0.109 0.208 0.331 0 0 1 0 0 0
