1994-03-23T00:30:00 1994 3 23 0 30 0 -0.78 0.23 570.8 5.56 3.07 0.05 0.0 0.0 0 0 0 0 0 0 0 0 3.7 2.8 -13.0 -0.84 -0.62 -1.23 -1.21 -0.64 -0.45 0.33 0.309 0.365 0.309 0.502 0.951 0 0 0 0 0 0
1994-03-23T01:30:00 1994 3 23 1 30 0 -0.78 0.23 570.9 5.56 3.07 0.05 0.0 0.0 0 0 0 0 0 0 0 0 3.7 2.93 -20.0 -0.84 -0.62 -1.23 -1.21 -0.64 -0.45 0.33 0.309 0.368 0.309 0.502 0.951 0 0 0 0 0 0
1994-03-23T02:30:00 1994 3 23 2 30 0 -0.77 0.22 570.9 5.56 3.07 0.05 0.0 0.0 0 0 0 0 0 0 0 0 3.7 3.1 -30.0 -0.84 -0.62 -1.23 -1.21 -0.64 -0.45 0.33 0.309 0.371 0.309 0.502 0.95 0 0 0 0 0 0
1994-03-23T03:30:00 1994 3 23 3 30 0 -0.77 0.22 570.9 5.56 3.07 0.05 0.0 0.0 0 0 0 0 0 0 0 0 4.7 3.41 -32.0 -0.84 -0.62 -1.23 -1.21 -0.64 -0.45 0.33 0.309 0.374 0.309 0.502 0.95 0 0 0 0 0 0
1994-03-23T04:30:00 1994 3 23 4 30 0 -0.77 0.22 570.9 5.55 3.07 0.05 0.0 0.0 0 0 0 0 0 0 0 0 4.7 3.71 -33.0 -0.84 -0.62 -1.23 -1.21 -0.64 -0.45 0.329 0.309 0.377 0.309 0.502 0.949 0 0 0 0 0 0
1994-03-23T05:30:00 1994 3 23 5 30 0 -0.77 0.22 571.0 5.55 3.07 0.05 0.0 0.0 0 0 0 0 0 0 0 0 4.7 3.92 -35.0 -0.84 -0.62 -1.23 -1.21 -0.64 -0.45 0.329 0.309 0.379 0.309 0.502 0.949 0 0 0 0 0 0
1994-03-23T06:30:00 1994 3 23 6 30 0 -0.76 0.22 571.0 5.55 3.06 0.05 0.0 0.0 0 0 0 0 0 0 0 0 3.7 4.0 -35.0 -0.84 -0.62 -1.23 -1.21 -0.64 -0.45 0.329 0.309 0.382 0.309 0.502 0.949 0 0 0 0 0 0
1994-03-23T07:30:00 1994 3 23 7 30 0 -0.76 0.22 571.0 5.55 3.06 0.05 0.0 0.0 0 0 0 0 0 0 0 0 3.7 4.08 -31.0 -0.84 -0.62 -1.23 -1.21 -0.64 -0.45 0.329 0.309 0.385 0.309 0.502 0.948 0 0 0 0 0 0
1994-03-23T08:30:00 1994 3 23 8 30 0 -0.76 0.22 571.0 5.54 3.06 0.05 0.0 0.0 0 0 0 0 0 0 0 0 3.7 4.07 -28.0 -0.84 -0.62 -1.23 -1.21 -0.64 -0.45 0.329 0.309 0.387 0.309 0.502 0.948 0 0 0 0 0 0
1994-03-23T09:30:00 1994 3 23 9 30 0 -0.76 0.22 571.1 5.54 3.06 0.05 0.0 0.0 0 0 0 0 0 0 0 0 3.0 3.98 -24.0 -0.84 -0.62 -1.23 -1.21 -0.64 -0.45 0.329 0.308 0.39 0.309 0.502 0.947 0 0 0 0 0 0
1994-03-23T10:30:00 1994 3 23 10 30 0 -0.75 0.22 571.1 5.54 3.06 0.05 0.0 0.0 0 0 0 0 0 0 0 0 3.0 3.88 -24.0 -0.84 -0.62 -1.23 -1.2 -0.64 -0.45 0.329 0.308 0.392 0.308 0.502 0.947 0 0 0 0 0 0
1994-03-23T11:30:00 1994 3 23 11 30 0 -0.75 0.22 571.1 5.54 3.06 0.05 0.0 0.0 0 0 0 0 0 0 0 0 3.0 3.67 -30.0 -0.84 -0.62 -1.23 -1.2 -0.64 -0.45 0.329 0.308 0.394 0.307 0.502 0.947 0 0 0 0 0 0
1994-03-23T12:30:00 1994 3 23 12 30 0 -0.75 0.22 571.2 5.53 3.06 0.05 0.0 0.0 0 0 0 0 0 0 0 0 3.7 3.55 -36.0 -0.84 -0.62 -1.23 -1.2 -0.64 -0.45 0.329 0.308 0.397 0.306 0.502 0.946 0 0 0 0 0 0
1994-03-23T13:30:00 1994 3 23 13 30 0 -0.75 0.22 571.2 5.53 3.05 0.05 0.0 0.0 0 0 0 0 0 0 0 0 3.7 3.44 -30.0 -0.84 -0.62 -1.23 -1.2 -0.64 -0.45 0.329 0.308 0.399 0.306 0.502 0.945 0 0 0 0 0 0
1994-03-23T14:30:00 1994 3 23 14 30 0 -0.74 0.22 571.2 5.53 3.05 0.05 0.0 0.0 0 0 0 0 0 0 0 0 3.7 3.44 -32.0 -0.83 -0.62 -1.23 -1.2 -0.64 -0.45 0.328 0.308 0.401 0.306 0.501 0.945 0 0 0 0 0 0
1994-03-23T15:30:00 1994 3 23 15 30 0 -0.74 0.22 571.2 5.53 3.05 0.04 0.0 0.0 0 0 0 0 0 0 0 0 3.7 3.44 -32.0 -0.83 -0.62 -1.23 -1.2 -0.64 -0.45 0.327 0.308 0.403 0.306 0.501 0.945 0 0 0 0 0 0
1994-03-23T16:30:00 1994 3 23 16 30 0 -0.74 0.22 571.3 5.52 3.05 0.04 0.0 0.0 0 0 0 0 0 0 0 0 3.7 3.45 -32.0 -0.83 -0.62 -1.23 -1.2 -0.64 -0.45 0.327 0.308 0.405 0.305 0.501 0.944 0 0 0 0 0 0
1994-03-23T17:30:00 1994 3 23 17 30 0 -0.74 0.22 571.3 5.52 3.05 0.04 0.0 0.0 0 0 0 0 0 0 0 0 3.7 3.53 -32.0 -0.83 -0.62 -1.23 -1.2 -0.64 -0.45 0.326 0.308 0.407 0.305 0.501 0.943 0 0 0 0 0 0
1994-03-23T18:30:00 1994 3 23 18 30 0 -0.73 0.22 571.3 5.52 3.05 0.04 0.0 0.0 0 0 0 0 0 0 0 0 3.0 3.52 -29.0 -0.83 -0.62 -1.23 -1.2 -0.64 -0.45 0.326 0.308 0.409 0.305 0.501 0.943 0 0 0 0 0 0
1994-03-23T19:30:00 1994 3 23 19 30 0 -0.73 0.22 571.3 5.52 3.05 0.04 0.0 0.0 0 0 0 0 0 0 0 0 3.0 3.52 -27.0 -0.83 -0.62 -1.23 -1.2 -0.64 -0.45 0.326 0.308 0.41 0.305 0.501 0.943 0 0 0 0 0 0
1994-03-23T20:30:00 1994 3 23 20 30 0 -0.73 0.22 571.4 5.51 3.05 0.04 0.0 0.0 0 0 0 0 0 0 0 0 3.0 3.43 -28.0 -0.83 -0.62 -1.23 -1.2 -0.64 -0.45 0.326 0.308 0.412 0.305 0.501 0.942 0 0 0 0 0 0
1994-03-23T21:30:00 1994 3 23 21 30 0 -0.73 0.22 570.5 5.51 3.04 0.04 0.0 0.0 0 0 1 0 0 0 1 0 2.3 3.25 -26.0 -0.83 -0.62 -1.22 -1.2 -0.64 -0.45 0.325 0.308 0.414 0.305 0.5 0.94 0 0 0 0 0 0
1994-03-23T22:30:00 1994 3 23 22 30 0 -0.72 0.22 568.8 5.51 3.04 0.04 0.0 0.0 0 0 1 0 0 0 1 0 2.3 3.07 -21.0 -0.83 -0.62 -1.22 -1.2 -0.64 -0.45 0.325 0.308 0.415 0.304 0.499 0.936 0 0 0 0 0 0
1994-03-23T23:30:00 1994 3 23 23 30 0 -0.72 0.22 567.0 5.5 3.04 0.04 0.0 0.0 0 0 1 0 0 0 1 0 2.3 2.9 -20.0 -0.83 -0.62 -1.22 -1.2 -0.64 -0.45 0.324 0.307 0.416 0.304 0.496 0.929 0 0 0 0 0 0
