1994-04-28T00:30:00 1994 4 28 0 30 0 0.56 0.25 404.0 4.61 2.8 0.02 0.0 0.0 0 0 1 0 0 0 1 0 2.0 1.02 -6.0 -0.67 -0.48 -1.04 -1.02 -0.5 -0.33 0.189 0.225 0.065 0.15 0.226 0.279 0 0 1 0 0 0
1994-04-28T01:30:00 1994 4 28 1 30 0 0.56 0.25 404.0 4.61 2.8 0.02 0.0 0.0 0 0 1 0 0 0 1 0 2.0 1.15 -10.0 -0.67 -0.48 -1.04 -1.02 -0.5 -0.33 0.19 0.225 0.068 0.149 0.226 0.277 0 0 1 0 0 0
1994-04-28T02:30:00 1994 4 28 2 30 0 0.56 0.25 404.0 4.61 2.8 0.02 0.0 0.0 0 0 1 0 0 0 1 0 2.0 1.32 -10.0 -0.67 -0.48 -1.04 -1.02 -0.5 -0.33 0.19 0.225 0.07 0.149 0.226 0.277 0 0 1 0 0 0
1994-04-28T03:30:00 1994 4 28 3 30 0 0.56 0.25 407.4 4.61 2.8 0.02 0.0 0.0 0 0 1 0 0 0 1 0 1.0 1.35 -7.0 -0.67 -0.48 -1.04 -1.02 -0.5 -0.33 0.191 0.225 0.073 0.149 0.227 0.279 0 0 1 0 0 0
1994-04-28T04:30:00 1994 4 28 4 30 0 0.56 0.25 414.2 4.61 2.8 0.02 0.0 0.0 0 0 1 0 0 0 1 0 1.0 1.38 -6.0 -0.67 -0.48 -1.04 -1.02 -0.5 -0.33 0.192 0.225 0.076 0.151 0.231 0.285 0 0 1 0 0 0
1994-04-28T05:30:00 1994 4 28 5 30 0 0.56 0.25 420.9 4.61 2.81 0.02 0.0 0.0 0 0 1 0 0 0 1 0 1.0 1.37 -6.0 -0.67 -0.48 -1.04 -1.02 -0.5 -0.33 0.193 0.225 0.079 0.153 0.237 0.294 0 0 0 0 0 0
1994-04-28T06:30:00 1994 4 28 6 30 0 0.56 0.25 427.7 4.61 2.81 0.02 0.0 0.0 0 0 1 0 0 0 1 0 0.3 1.28 -4.0 -0.67 -0.48 -1.04 -1.02 -0.5 -0.33 0.195 0.226 0.082 0.155 0.243 0.305 0 0 0 0 0 0
1994-04-28T07:30:00 1994 4 28 7 30 0 0.56 0.25 434.6 4.61 2.81 0.02 0.0 0.0 0 0 1 0 0 0 1 0 0.3 1.18 -4.0 -0.67 -0.48 -1.04 -1.02 -0.5 -0.33 0.197 0.226 0.085 0.158 0.249 0.317 0 0 0 0 0 0
1994-04-28T08:30:00 1994 4 28 8 30 0 0.56 0.25 441.4 4.6 2.81 0.02 0.0 0.0 0 0 1 0 0 0 1 0 0.3 0.97 -3.0 -0.67 -0.48 -1.04 -1.02 -0.5 -0.33 0.199 0.227 0.088 0.161 0.255 0.329 0 0 0 0 0 0
1994-04-28T09:30:00 1994 4 28 9 30 0 0.56 0.25 448.2 4.6 2.81 0.02 0.0 0.0 0 0 1 0 0 0 1 0 0.3 0.76 -1.0 -0.67 -0.48 -1.04 -1.02 -0.5 -0.33 0.202 0.228 0.091 0.164 0.261 0.341 0 0 0 0 0 0
1994-04-28T10:30:00 1994 4 28 10 30 0 0.56 0.25 455.0 4.6 2.81 0.02 0.0 0.0 0 0 1 0 0 0 1 0 0.3 0.55 1.0 -0.67 -0.48 -1.04 -1.02 -0.5 -0.33 0.204 0.228 0.095 0.167 0.268 0.353 0 0 0 0 0 0
1994-04-28T11:30:00 1994 4 28 11 30 0 0.56 0.25 461.9 4.6 2.81 0.02 0.0 0.0 0 0 1 0 0 0 1 0 0.3 0.47 1.0 -0.67 -0.48 -1.04 -1.02 -0.5 -0.33 0.206 0.229 0.098 0.171 0.274 0.366 0 0 0 0 0 0
1994-04-28T12:30:00 1994 4 28 12 30 0 0.56 0.25 468.8 4.6 2.81 0.02 0.0 0.0 0 0 1 0 0 0 1 0 1.7 0.57 -1.0 -0.67 -0.48 -1.04 -1.02 -0.5 -0.33 0.209 0.229 0.102 0.174 0.281 0.38 0 0 0 0 0 0
1994-04-28T13:30:00 1994 4 28 13 30 0 0.56 0.25 475.6 4.6 2.81 0.02 0.0 0.0 0 0 1 0 0 0 1 0 1.7 0.66 2.0 -0.67 -0.48 -1.04 -1.02 -0.5 -0.33 0.211 0.23 0.106 0.177 0.288 0.393 0 0 0 0 0 0
1994-04-28T14:30:00 1994 4 28 14 30 0 0.56 0.25 482.5 4.6 2.81 0.02 0.0 0.0 0 0 1 0 0 0 1 0 1.7 0.84 2.0 -0.67 -0.48 -1.04 -1.02 -0.5 -0.33 0.214 0.231 0.109 0.18 0.294 0.407 0 0 0 0 0 0
1994-04-28T15:30:00 1994 4 28 15 30 0 0.56 0.25 489.4 4.6 2.82 0.02 0.0 0.0 0 0 1 0 0 0 1 0 0.7 0.89 0.0 -0.67 -0.48 -1.04 -1.02 -0.5 -0.33 0.216 0.231 0.113 0.184 0.301 0.422 0 0 0 0 0 0
1994-04-28T16:30:00 1994 4 28 16 30 0 0.56 0.25 496.3 4.59 2.82 0.02 0.0 0.0 0 0 1 0 0 0 1 0 0.7 0.93 1.0 -0.67 -0.48 -1.04 -1.02 -0.5 -0.33 0.219 0.232 0.118 0.187 0.308 0.436 0 0 0 0 0 0
1994-04-28T17:30:00 1994 4 28 17 30 0 0.56 0.25 503.3 4.59 2.82 0.02 0.0 0.0 0 0 1 0 0 0 1 0 0.7 0.98 1.0 -0.67 -0.48 -1.04 -1.02 -0.5 -0.33 0.221 0.232 0.122 0.19 0.315 0.45 0 0 0 0 0 0
1994-04-28T18:30:00 1994 4 28 18 30 0 0.56 0.25 510.2 4.59 2.82 0.02 0.0 0.0 0 0 1 0 0 0 1 0 0.7 1.02 4.0 -0.67 -0.48 -1.04 -1.02 -0.5 -0.33 0.224 0.233 0.126 0.194 0.322 0.465 0 0 0 0 0 0
1994-04-28T19:30:00 1994 4 28 19 30 0 0.55 0.25 517.1 4.59 2.82 0.02 0.0 0.0 0 0 1 0 0 0 1 0 0.7 1.06 7.0 -0.67 -0.48 -1.04 -1.02 -0.5 -0.33 0.226 0.233 0.131 0.197 0.329 0.481 0 0 0 0 0 0
1994-04-28T20:30:00 1994 4 28 20 30 0 0.55 0.25 524.1 4.59 2.82 0.02 0.0 0.0 0 0 1 0 0 0 1 0 0.7 0.94 11.0 -0.67 -0.48 -1.04 -1.02 -0.5 -0.33 0.228 0.234 0.135 0.2 0.336 0.496 0 0 0 0 0 0
1994-04-28T21:30:00 1994 4 28 21 30 0 0.55 0.25 531.1 4.59 2.82 0.02 0.0 0.0 0 0 1 0 0 0 1 0 0.7 0.82 15.0 -0.67 -0.48 -1.04 -1.02 -0.5 -0.33 0.231 0.234 0.14 0.204 0.343 0.513 0 0 0 0 0 0
1994-04-28T22:30:00 1994 4 28 22 30 0 0.55 0.25 538.0 4.59 2.82 0.02 0.0 0.0 0 0 1 0 0 0 1 0 0.7 0.7 16.0 -0.67 -0.48 -1.04 -1.02 -0.5 -0.33 0.233 0.235 0.145 0.207 0.351 0.529 0 0 0 0 0 0
1994-04-28T23:30:00 1994 4 28 23 30 0 0.55 0.24 545.0 4.59 2.82 0.02 0.0 0.0 0 0 1 0 0 0 1 0 0.7 0.7 17.0 -0.67 -0.48 -1.04 -1.02 -0.5 -0.33 0.236 0.236 0.15 0.21 0.358 0.546 0 0 0 0 0 0
