1982-04-30T00:30:00 1982 4 30 0 30 0 -6.1 -4.1 552.0 4.5 2.74 11.58 11.89 5.35 2 2 2 2 2 2 2 2 5.0 5.07 -60.0 -4.1 -4.1 -4.1 -4.1 -4.1 -4.1 1.307 1.06 0.965 1.49 1.651 2.395 2 2 2 2 2 2
1982-04-30T01:30:00 1982 4 30 1 30 0 -6.7 -2.5 554.0 4.4 2.7 9.39 8.94 3.98 2 2 2 2 2 2 2 2 5.0 5.11 -66.0 -2.5 -2.5 -2.5 -2.5 -2.5 -2.5 1.177 0.928 0.977 1.225 1.377 2.042 2 2 2 2 2 2
1982-04-30T02:30:00 1982 4 30 2 30 0 -6.8 1.0 576.0 4.7 3.12 5.73 2.22 0.99 2 2 2 2 2 2 2 2 5.0 5.07 -52.0 1.0 1.0 1.0 1.0 1.0 1.0 0.854 0.547 0.953 0.736 0.596 1.104 2 2 2 2 2 2
1982-04-30T03:30:00 1982 4 30 3 30 0 -6.0 -2.4 561.0 4.4 2.77 5.49 2.68 1.2 2 2 2 2 2 2 2 2 4.3 4.94 -47.0 -2.4 -2.4 -2.4 -2.4 -2.4 -2.4 0.71 0.486 0.938 0.561 0.689 1.111 2 2 2 2 2 2
1982-04-30T04:30:00 1982 4 30 4 30 0 -5.0 -3.6 569.0 4.3 2.78 7.69 8.63 3.75 2 2 2 2 2 2 2 2 4.3 4.82 -53.0 -3.6 -3.6 -3.6 -3.6 -3.6 -3.6 0.786 0.658 0.953 0.741 1.158 1.584 2 2 2 2 2 2
1982-04-30T05:30:00 1982 4 30 5 30 0 -6.6 -4.6 571.0 4.0 2.61 10.95 11.81 4.88 2 2 2 2 2 2 2 2 4.3 4.73 -62.0 -4.6 -4.6 -4.6 -4.6 -4.6 -4.6 0.92 0.819 0.989 1.023 1.492 1.89 2 2 2 2 2 2
1982-04-30T06:30:00 1982 4 30 6 30 0 -5.0 -3.5 570.0 3.6 2.34 10.4 11.42 4.33 2 2 2 2 2 2 2 2 4.7 4.69 -65.0 -3.5 -3.5 -3.5 -3.5 -3.5 -3.5 0.968 0.847 1.015 1.088 1.468 1.815 2 2 2 2 2 2
1982-04-30T07:30:00 1982 4 30 7 30 0 -3.9 -0.4 564.0 3.8 2.42 4.35 5.17 1.9 2 2 2 2 2 2 2 2 4.7 4.66 -55.0 -0.4 -0.4 -0.4 -0.4 -0.4 -0.4 0.799 0.632 1.002 0.759 0.909 1.303 2 2 2 2 2 2
1982-04-30T08:30:00 1982 4 30 8 30 0 -2.3 1.8 550.0 4.0 2.42 0.83 0.06 0.02 2 2 2 2 2 2 2 2 4.7 4.62 -45.0 1.8 1.8 1.8 1.8 1.8 1.8 0.541 0.314 0.971 0.425 0.288 0.54 2 2 2 2 2 2
1982-04-30T09:30:00 1982 4 30 9 30 0 -4.4 1.9 579.0 3.7 2.48 0.7 0.0 0.0 2 2 2 2 2 2 2 2 3.7 4.46 -44.0 1.9 1.9 1.9 1.9 1.9 1.9 0.366 0.156 0.941 0.238 0.091 0.224 2 2 2 2 2 2
1982-04-30T10:30:00 1982 4 30 10 30 0 -2.4 2.45 611.0 3.5 2.61 0.61 0.0 0.0 1 1 2 2 2 1 2 2 3.7 4.29 -45.0 2.45 2.45 2.45 2.45 2.45 2.45 0.248 0.077 0.913 0.133 0.029 0.093 2 2 2 2 2 2
1982-04-30T11:30:00 1982 4 30 11 30 0 -0.4 3.0 583.0 3.3 2.24 0.06 0.0 0.0 2 2 2 2 2 2 2 2 3.7 4.22 -44.0 3.0 3.0 3.0 3.0 3.0 3.0 0.168 0.038 0.885 0.075 0.009 0.039 2 2 2 2 2 2
1982-04-30T12:30:00 1982 4 30 12 30 0 -1.4 1.8 573.0 3.2 2.1 0.02 0.0 0.0 2 2 2 2 2 2 2 2 3.7 4.14 -42.0 1.8 1.8 1.8 1.8 1.8 1.8 0.114 0.019 0.858 0.042 0.003 0.016 2 2 2 2 2 2
1982-04-30T13:30:00 1982 4 30 13 30 0 -4.2 -2.2 581.0 3.0 2.03 1.67 2.03 0.62 2 2 2 2 2 2 2 2 3.7 4.06 -39.0 -2.2 -2.2 -2.2 -2.2 -2.2 -2.2 0.169 0.159 0.841 0.125 0.377 0.37 2 2 2 2 2 2
1982-04-30T14:30:00 1982 4 30 14 30 0 -5.1 1.5 622.0 2.6 2.01 2.93 1.66 0.48 2 2 2 2 2 2 2 2 3.7 3.94 -35.0 1.5 1.5 1.5 1.5 1.5 1.5 0.15 0.132 0.819 0.098 0.227 0.282 2 2 2 2 2 2
1982-04-30T15:30:00 1982 4 30 15 30 0 -2.1 -4.0 595.0 2.4 1.7 3.39 4.88 1.19 2 2 2 2 2 2 2 2 4.7 3.95 -35.0 -4.0 -4.0 -4.0 -4.0 -4.0 -4.0 0.275 0.299 0.819 0.299 0.691 0.578 2 2 2 2 2 2
1982-04-30T16:30:00 1982 4 30 16 30 0 -4.0 1.3 623.0 2.4 1.86 2.59 4.05 0.97 2 2 2 2 2 2 2 2 4.7 3.96 -40.0 1.3 1.3 1.3 1.3 1.3 1.3 0.263 0.246 0.805 0.251 0.429 0.434 2 2 2 2 2 2
1982-04-30T17:30:00 1982 4 30 17 30 0 -4.1 -1.1 601.0 2.5 1.81 2.09 0.91 0.23 2 2 2 2 2 2 2 2 4.7 4.09 -36.0 -1.1 -1.1 -1.1 -1.1 -1.1 -1.1 0.221 0.198 0.784 0.178 0.341 0.366 2 2 2 2 2 2
1982-04-30T18:30:00 1982 4 30 18 30 0 -3.0 -1.0 580.0 2.7 1.82 2.34 3.08 0.8 2 2 2 2 2 2 2 2 3.3 4.03 -33.0 -1.0 -1.0 -1.0 -1.0 -1.0 -1.0 0.247 0.254 0.769 0.183 0.474 0.504 2 2 2 2 2 2
1982-04-30T19:30:00 1982 4 30 19 30 0 -3.8 0.1 591.0 2.3 1.61 1.69 1.21 0.31 2 2 2 2 2 2 2 2 3.3 3.97 -39.0 0.1 0.1 0.1 0.1 0.1 0.1 0.199 0.181 0.748 0.122 0.264 0.337 2 2 2 2 2 2
1982-04-30T20:30:00 1982 4 30 20 30 0 -1.4 -1.4 578.0 2.4 1.6 1.23 2.07 0.49 2 2 2 2 2 2 2 2 3.3 3.92 -44.0 -1.4 -1.4 -1.4 -1.4 -1.4 -1.4 0.214 0.224 0.732 0.138 0.408 0.418 2 2 2 2 2 2
1982-04-30T21:30:00 1982 4 30 21 30 0 -4.7 -1.2 541.0 2.3 1.35 2.24 3.61 0.85 2 2 2 2 2 2 2 2 3.7 3.91 -40.0 -1.2 -1.2 -1.2 -1.2 -1.2 -1.2 0.251 0.278 0.72 0.174 0.492 0.463 2 2 2 2 2 2
1982-04-30T22:30:00 1982 4 30 22 30 0 -0.2 -3.7 489.0 2.6 1.24 3.11 6.5 1.61 2 2 2 2 2 2 2 2 3.7 3.91 -37.0 -3.7 -3.7 -3.7 -3.7 -3.7 -3.7 0.373 0.433 0.721 0.354 0.736 0.588 2 2 2 2 2 2
1982-04-30T23:30:00 1982 4 30 23 30 0 -2.6 -3.8 487.0 2.7 1.28 4.35 9.16 2.43 2 2 2 2 2 2 2 2 3.7 3.79 -35.0 -3.8 -3.8 -3.8 -3.8 -3.8 -3.8 0.512 0.576 0.731 0.553 0.904 0.7 2 2 2 2 2 2
