1982-03-22T00:30:00 1982 3 22 0 30 0 0.1 -5.4 515.0 14.7 7.8 7.99 13.15 18.57 2 2 2 2 2 2 2 2 6.0 4.55 -18.0 -5.4 -5.4 -5.4 -5.4 -5.4 -5.4 1.11 1.358 0.509 1.539 2.214 6.724 2 2 2 2 2 2
1982-03-22T01:30:00 1982 3 22 1 30 0 -8.0 -3.2 525.0 13.5 7.44 8.63 10.94 15.43 2 2 2 2 2 2 2 2 6.0 4.77 -21.0 -3.2 -3.2 -3.2 -3.2 -3.2 -3.2 1.297 1.473 0.573 1.681 2.184 7.345 2 2 2 2 2 2
1982-03-22T02:30:00 1982 3 22 2 30 0 5.2 -7.8 539.0 14.8 8.6 12.07 15.18 21.7 2 2 2 2 2 2 2 2 6.0 4.94 -17.0 -7.8 -7.8 -7.8 -7.8 -7.8 -7.8 1.711 1.856 0.704 2.524 2.947 9.669 2 2 2 2 2 2
1982-03-22T03:30:00 1982 3 22 3 30 0 2.4 -9.4 547.0 13.6 8.14 23.07 23.55 33.28 2 2 2 2 2 2 2 2 6.3 5.15 -20.0 -9.4 -9.4 -9.4 -9.4 -9.4 -9.4 2.297 2.324 0.929 3.883 3.794 11.931 2 2 2 2 2 2
1982-03-22T04:30:00 1982 3 22 4 30 0 1.9 -4.1 566.0 16.1 10.32 13.96 18.15 26.85 2 2 2 2 2 2 2 2 6.3 5.35 -41.0 -4.1 -4.1 -4.1 -4.1 -4.1 -4.1 2.397 2.246 1.066 3.726 3.439 12.394 2 2 2 2 2 2
1982-03-22T05:30:00 1982 3 22 5 30 0 -0.1 -2.4 590.0 17.4 12.11 3.63 9.19 15.39 2 2 2 2 2 2 2 2 6.3 5.64 -46.0 -2.4 -2.4 -2.4 -2.4 -2.4 -2.4 2.124 1.853 1.109 2.793 2.669 11.751 2 2 2 2 2 2
1982-03-22T06:30:00 1982 3 22 6 30 0 2.3 -1.0 540.0 16.3 9.51 1.31 4.65 7.85 2 2 2 2 2 2 2 2 5.0 5.75 -45.0 -1.0 -1.0 -1.0 -1.0 -1.0 -1.0 1.701 1.37 1.104 1.838 1.728 8.845 2 2 2 2 2 2
1982-03-22T07:30:00 1982 3 22 7 30 0 8.8 0.9 551.0 13.7 8.32 3.73 0.6 0.95 2 2 2 2 2 2 2 2 5.0 5.85 -44.0 0.9 0.9 0.9 0.9 0.9 0.9 1.177 0.732 1.072 1.043 0.629 4.145 2 2 2 2 2 2
1982-03-22T08:30:00 1982 3 22 8 30 0 8.8 0.65 540.2 14.06 8.32 6.72 0.0 0.0 1 1 1 1 1 1 1 1 5.0 5.72 -55.0 0.45 0.52 0.31 0.32 0.52 0.58 0.797 0.364 1.039 0.584 0.199 1.719 2 2 2 2 2 2
1982-03-22T09:30:00 1982 3 22 9 30 0 8.77 -0.28 529.3 16.08 8.62 7.29 0.14 0.23 1 1 1 1 1 1 1 1 3.3 5.37 -42.0 -1.2 -0.87 -1.86 -1.82 -0.9 -0.61 0.653 0.363 1.023 0.51 0.437 1.894 2 1 2 2 1 1
1982-03-22T10:30:00 1982 3 22 10 30 0 8.7 -0.46 518.5 18.1 9.06 7.73 0.99 1.7 1 0 1 1 1 1 1 1 3.3 5.03 -32.0 -1.52 -1.13 -2.27 -2.22 -1.17 -0.83 0.685 0.548 1.029 0.683 0.826 3.383 1 0 2 1 0 0
1982-03-22T11:30:00 1982 3 22 11 30 0 8.63 -0.65 507.7 20.12 9.5 7.71 1.44 2.78 1 1 1 1 1 1 1 1 3.3 4.65 -23.0 -1.57 -1.23 -2.22 -2.18 -1.27 -0.97 0.735 0.694 1.037 0.815 1.021 4.558 1 1 2 1 1 1
1982-03-22T12:30:00 1982 3 22 12 30 0 8.6 -1.64 496.8 22.14 9.8 8.35 2.97 6.34 1 1 1 1 1 1 1 1 3.3 4.28 -14.0 -1.83 -1.76 -1.97 -1.96 -1.77 -1.71 0.803 0.876 1.041 0.854 1.243 6.249 1 1 2 1 1 1
1982-03-22T13:30:00 1982 3 22 13 30 0 8.6 -1.9 486.0 22.5 9.8 9.05 4.37 9.76 2 2 2 2 2 2 2 2 3.3 3.92 -10.0 -1.9 -1.9 -1.9 -1.9 -1.9 -1.9 0.87 1.033 1.04 0.844 1.385 7.48 1 2 2 1 2 2
1982-03-22T14:30:00 1982 3 22 14 30 0 11.1 -0.3 481.0 22.8 9.58 9.93 2.5 5.66 2 2 2 2 2 2 2 2 3.3 3.71 -13.0 -0.3 -0.3 -0.3 -0.3 -0.3 -0.3 0.749 0.846 1.02 0.601 0.946 6.056 2 2 2 2 2 2
1982-03-22T15:30:00 1982 3 22 15 30 0 11.8 0.8 473.7 18.8 7.84 10.39 0.07 0.16 2 2 1 1 1 2 2 1 4.0 3.59 -20.0 0.8 0.8 0.8 0.8 0.8 0.8 0.509 0.427 0.989 0.337 0.307 2.592 2 2 2 2 2 2
1982-03-22T16:30:00 1982 3 22 16 30 0 11.6 -0.4 466.3 14.8 6.1 10.78 0.19 0.29 2 2 1 1 1 2 2 1 4.0 3.48 -21.0 -0.4 -0.4 -0.4 -0.4 -0.4 -0.4 0.37 0.287 0.96 0.202 0.224 1.621 2 2 2 1 1 2
1982-03-22T17:30:00 1982 3 22 17 30 0 10.5 -1.5 459.0 10.8 4.36 11.13 2.3 2.82 2 2 2 2 2 2 2 2 4.0 3.57 -14.0 -1.5 -1.5 -1.5 -1.5 -1.5 -1.5 0.405 0.46 0.941 0.246 0.573 2.127 2 2 2 2 2 2
1982-03-22T18:30:00 1982 3 22 18 30 0 8.67 -0.6 452.8 9.77 3.9 8.68 2.31 2.38 1 1 1 1 1 1 1 1 2.7 3.49 -21.0 -0.6 -0.6 -0.6 -0.6 -0.6 -0.6 0.394 0.477 0.92 0.229 0.552 1.868 1 1 2 1 1 1
1982-03-22T19:30:00 1982 3 22 19 30 0 6.83 3.3 446.5 8.75 3.44 3.87 0.05 0.05 1 1 1 1 1 1 1 1 2.7 3.41 -23.0 3.3 3.3 3.3 3.3 3.3 3.3 0.267 0.237 0.891 0.128 0.175 0.775 1 1 2 1 1 1
1982-03-22T20:30:00 1982 3 22 20 30 0 5.0 4.2 440.2 7.72 2.98 1.28 0.0 0.0 2 2 1 1 1 2 2 1 2.7 3.33 -27.0 4.2 4.2 4.2 4.2 4.2 4.2 0.181 0.118 0.864 0.072 0.055 0.321 1 1 2 1 1 1
1982-03-22T21:30:00 1982 3 22 21 30 0 5.6 3.9 434.0 6.7 2.52 0.92 0.0 0.0 2 2 2 2 2 2 2 2 2.3 3.2 -33.0 3.9 3.9 3.9 3.9 3.9 3.9 0.122 0.058 0.838 0.04 0.018 0.133 1 1 2 1 1 1
1982-03-22T22:30:00 1982 3 22 22 30 0 3.8 5.1 439.0 5.67 2.16 0.6 0.0 0.0 2 2 1 1 1 2 2 1 2.3 3.07 -37.0 5.1 5.1 5.1 5.1 5.1 5.1 0.083 0.029 0.812 0.023 0.006 0.055 1 1 2 1 1 1
1982-03-22T23:30:00 1982 3 22 23 30 0 2.9 5.5 444.0 4.63 1.81 0.2 0.0 0.0 2 2 1 1 1 2 2 1 2.3 2.86 -34.0 5.5 5.5 5.5 5.5 5.5 5.5 0.056 0.014 0.788 0.013 0.002 0.023 1 1 2 1 1 1
