1982-09-22T00:30:00 1982 9 22 0 30 0 20.3 -7.9 737.0 5.4 5.87 76.93 28.51 19.41 2 2 2 2 2 2 2 2 7.7 6.09 -71.0 -7.9 -7.9 -7.9 -7.9 -7.9 -7.9 2.332 1.827 1.865 4.289 4.562 12.065 2 2 1 2 2 1
1982-09-22T01:30:00 1982 9 22 1 30 0 18.2 -7.5 732.0 4.9 5.25 73.35 28.21 14.48 2 2 2 2 2 2 2 2 7.7 6.46 -80.0 -7.5 -7.5 -7.5 -7.5 -7.5 -7.5 2.435 1.745 2.084 4.328 4.163 9.027 2 2 1 2 2 2
1982-09-22T02:30:00 1982 9 22 2 30 0 16.9 -12.3 727.0 6.03 6.34 80.6 36.82 20.46 2 2 1 1 1 2 2 1 7.7 6.83 -96.0 -12.3 -12.3 -12.3 -12.3 -12.3 -12.3 2.835 1.975 2.452 5.542 4.944 9.3 1 1 1 1 1 1
1982-09-22T03:30:00 1982 9 22 3 30 0 12.7 -15.0 722.0 7.17 7.44 94.25 49.83 33.22 2 2 1 1 1 2 2 1 8.3 7.27 -122.0 -15.0 -15.0 -15.0 -15.0 -15.0 -15.0 3.534 2.428 3.039 7.843 6.203 11.821 1 1 1 1 1 1
1982-09-22T04:30:00 1982 9 22 4 30 0 9.1 -14.9 717.0 8.3 8.53 90.08 53.75 41.82 2 2 2 2 2 2 2 2 8.3 7.71 -153.0 -14.9 -14.9 -14.9 -14.9 -14.9 -14.9 4.187 2.814 3.7 9.777 7.013 14.709 2 2 1 2 2 2
1982-09-22T05:30:00 1982 9 22 5 30 0 9.1 -12.14 675.0 5.4 4.92 71.02 46.58 31.64 1 1 2 2 2 1 2 2 8.3 7.84 -173.0 -12.44 -12.37 -12.6 -12.59 -12.37 -12.31 4.282 2.721 4.146 9.522 6.111 12.287 1 1 1 1 1 1
1982-09-22T06:30:00 1982 9 22 6 30 0 9.56 -1.92 709.0 7.1 7.14 32.65 22.75 13.9 1 1 2 2 2 1 2 2 8.0 7.92 -184.0 -3.35 -2.98 -4.09 -4.04 -3.02 -2.7 3.667 2.121 4.269 7.089 4.158 9.151 1 1 1 1 1 1
1982-09-22T07:30:00 1982 9 22 7 30 0 10.55 0.02 674.0 9.4 8.54 14.18 3.03 2.4 1 0 2 2 2 1 1 1 8.0 8.0 -210.0 -1.62 -1.2 -2.48 -2.42 -1.24 -0.88 2.82 1.445 4.226 4.621 2.41 6.553 1 1 1 1 1 1
1982-09-22T08:30:00 1982 9 22 8 30 0 11.54 -0.34 704.0 7.4 7.34 15.05 0.61 0.49 1 1 2 2 2 1 2 2 8.0 8.04 -198.0 -1.77 -1.4 -2.51 -2.46 -1.44 -1.12 2.178 1.036 4.163 3.09 1.69 4.942 1 1 1 1 1 1
1982-09-22T09:30:00 1982 9 22 9 30 0 12.0 -2.21 696.0 5.0 4.84 19.8 4.73 2.75 1 1 2 2 2 1 2 2 7.7 8.04 -190.0 -2.5 -2.43 -2.66 -2.65 -2.44 -2.37 1.773 0.883 4.099 2.204 1.631 4.083 1 1 1 1 1 1
1982-09-22T10:30:00 1982 9 22 10 30 0 12.0 -2.7 684.0 6.7 6.27 23.08 8.53 5.07 2 2 2 2 2 2 2 2 7.7 8.03 -194.0 -2.7 -2.7 -2.7 -2.7 -2.7 -2.7 1.546 0.88 4.038 1.734 1.796 4.219 1 1 1 1 2 2
1982-09-22T11:30:00 1982 9 22 11 30 0 2.9 -3.7 746.0 11.0 12.24 14.04 11.66 10.69 2 2 2 2 2 2 2 2 7.7 7.96 -156.0 -3.7 -3.7 -3.7 -3.7 -3.7 -3.7 1.579 1.088 4.029 1.844 2.603 7.796 2 2 1 2 2 2
1982-09-22T12:30:00 1982 9 22 12 30 0 -1.5 -1.5 727.0 6.5 6.87 3.34 9.24 8.23 2 2 2 2 2 2 2 2 6.7 7.75 -161.0 -1.5 -1.5 -1.5 -1.5 -1.5 -1.5 1.427 0.99 3.977 1.526 2.176 7.008 2 2 1 2 2 2
1982-09-22T13:30:00 1982 9 22 13 30 0 -0.7 1.4 753.0 6.9 7.82 0.34 1.2 0.79 2 2 2 2 2 2 2 2 6.7 7.55 -151.0 1.4 1.4 1.4 1.4 1.4 1.4 0.997 0.538 3.86 0.878 0.806 3.291 2 2 1 2 2 2
1982-09-22T14:30:00 1982 9 22 14 30 0 -0.5 0.6 763.0 7.6 8.85 0.01 0.0 0.0 2 2 2 2 2 2 2 2 6.7 7.38 -124.0 0.6 0.6 0.6 0.6 0.6 0.6 0.675 0.267 3.742 0.491 0.255 1.365 2 2 1 2 2 2
1982-09-22T15:30:00 1982 9 22 15 30 0 0.03 0.38 776.0 11.2 13.49 0.0 0.0 0.0 1 1 2 2 2 1 2 2 6.0 7.13 -116.0 0.38 0.38 0.38 0.38 0.38 0.38 0.457 0.133 3.628 0.275 0.081 0.566 2 2 1 2 2 2
1982-09-22T16:30:00 1982 9 22 16 30 0 0.57 -0.58 703.0 5.6 5.54 0.07 0.72 0.47 1 1 2 2 2 1 2 2 6.0 6.88 -125.0 -0.58 -0.58 -0.58 -0.58 -0.58 -0.58 0.358 0.161 3.521 0.188 0.322 1.071 2 1 1 2 1 1
1982-09-22T17:30:00 1982 9 22 17 30 0 1.1 -0.8 648.0 3.8 3.19 0.37 2.35 1.08 2 2 2 2 2 2 2 2 6.0 6.67 -118.0 -0.8 -0.8 -0.8 -0.8 -0.8 -0.8 0.339 0.239 3.422 0.182 0.534 1.202 2 2 1 2 2 2
1982-09-22T18:30:00 1982 9 22 18 30 0 1.2 -1.4 633.0 4.0 3.21 0.79 3.6 1.41 2 2 2 2 2 2 2 2 4.3 6.24 -109.0 -1.4 -1.4 -1.4 -1.4 -1.4 -1.4 0.367 0.33 3.333 0.236 0.725 1.284 2 2 1 2 2 2
1982-09-22T19:30:00 1982 9 22 19 30 0 1.3 -1.2 621.5 4.1 3.17 0.97 4.05 1.64 2 2 1 1 1 2 2 1 4.3 5.81 -106.0 -1.2 -1.2 -1.2 -1.2 -1.2 -1.2 0.394 0.384 3.248 0.274 0.785 1.33 2 1 1 1 1 1
1982-09-22T20:30:00 1982 9 22 20 30 0 0.47 -1.04 610.0 4.2 3.13 0.63 3.43 1.42 1 1 2 2 2 1 2 2 4.3 5.51 -103.0 -1.04 -1.04 -1.04 -1.04 -1.04 -1.04 0.393 0.392 3.162 0.269 0.741 1.28 1 1 1 1 1 1
1982-09-22T21:30:00 1982 9 22 21 30 0 -0.37 -0.36 598.0 4.1 2.93 0.19 2.03 0.84 1 1 2 2 2 1 2 2 5.3 5.34 -102.0 -0.36 -0.36 -0.36 -0.36 -0.36 -0.36 0.339 0.324 3.071 0.202 0.531 1.013 1 1 1 1 1 1
1982-09-22T22:30:00 1982 9 22 22 30 0 -1.2 -0.2 589.0 4.2 2.91 0.15 0.81 0.34 2 2 2 2 2 2 2 2 5.3 5.18 -90.0 -0.2 -0.2 -0.2 -0.2 -0.2 -0.2 0.264 0.236 2.979 0.13 0.335 0.725 1 1 1 1 2 1
1982-09-22T23:30:00 1982 9 22 23 30 0 -1.4 -0.5 578.0 4.3 2.87 0.33 1.06 0.45 2 2 2 2 2 2 2 2 5.3 5.1 -79.0 -0.5 -0.5 -0.5 -0.5 -0.5 -0.5 0.23 0.22 2.891 0.103 0.339 0.691 2 2 1 1 2 2
