1982-01-15T00:30:00 1982 1 15 0 30 0 -4.4 0.1 303.0 22.6 4.15 0.49 0.0 0.0 2 2 2 2 2 2 2 2 2.3 1.29 26.0 0.1 0.1 0.1 0.1 0.1 0.1 0.069 0.109 0.033 0.025 0.033 0.249 2 2 2 2 2 2
1982-01-15T01:30:00 1982 1 15 1 30 0 -0.3 0.2 287.0 24.5 4.04 0.35 0.0 0.0 2 2 2 2 2 2 2 2 2.3 1.49 25.0 0.2 0.2 0.2 0.2 0.2 0.2 0.047 0.054 0.032 0.014 0.01 0.103 2 2 2 2 2 2
1982-01-15T02:30:00 1982 1 15 2 30 0 -2.0 -9.4 281.0 25.7 4.06 5.02 7.07 17.91 2 2 2 2 2 2 2 2 2.3 1.69 24.0 -9.4 -9.4 -9.4 -9.4 -9.4 -9.4 0.639 1.303 0.072 0.925 1.026 2.959 2 2 2 2 2 2
1982-01-15T03:30:00 1982 1 15 3 30 0 5.5 -5.9 277.0 25.1 3.85 9.07 10.47 26.59 2 2 2 2 2 2 2 2 4.0 2.11 14.0 -5.9 -5.9 -5.9 -5.9 -5.9 -5.9 1.126 2.039 0.121 1.542 1.366 4.213 2 2 2 2 2 2
1982-01-15T04:30:00 1982 1 15 4 30 0 6.9 3.1 301.0 17.5 3.17 3.26 2.39 5.55 2 2 2 2 2 2 2 2 4.0 2.53 14.0 3.1 3.1 3.1 3.1 3.1 3.1 0.882 1.275 0.123 0.976 0.606 2.335 2 2 2 2 2 2
1982-01-15T05:30:00 1982 1 15 5 30 0 7.7 1.4 295.0 23.4 4.07 1.97 0.0 0.0 2 2 2 2 2 2 2 2 4.0 2.82 22.0 1.4 1.4 1.4 1.4 1.4 1.4 0.597 0.633 0.12 0.547 0.192 0.969 2 2 2 2 2 2
1982-01-15T06:30:00 1982 1 15 6 30 0 7.5 -2.2 330.0 12.7 2.77 3.86 1.24 1.81 2 2 2 2 2 2 2 2 2.0 2.84 18.0 -2.2 -2.2 -2.2 -2.2 -2.2 -2.2 0.518 0.607 0.121 0.406 0.357 1.11 2 2 2 2 2 2
1982-01-15T07:30:00 1982 1 15 7 30 0 10.2 1.7 318.0 12.5 2.53 4.82 0.87 1.1 2 2 2 2 2 2 2 2 2.0 2.86 8.0 1.7 1.7 1.7 1.7 1.7 1.7 0.387 0.387 0.119 0.249 0.181 0.651 2 2 2 2 2 2
1982-01-15T08:30:00 1982 1 15 8 30 0 8.2 1.2 328.0 17.4 3.74 3.85 0.0 0.0 2 2 2 2 2 2 2 2 2.0 2.82 11.0 1.2 1.2 1.2 1.2 1.2 1.2 0.262 0.192 0.115 0.14 0.057 0.27 2 2 2 2 2 2
1982-01-15T09:30:00 1982 1 15 9 30 0 6.0 4.9 351.0 16.8 4.14 1.77 0.0 0.0 2 2 2 2 2 2 2 2 2.3 2.81 14.0 4.9 4.9 4.9 4.9 4.9 4.9 0.177 0.096 0.111 0.078 0.018 0.112 2 2 2 2 2 2
1982-01-15T10:30:00 1982 1 15 10 30 0 8.6 -5.3 351.0 14.6 3.6 5.05 2.82 4.2 2 2 2 2 2 2 2 2 2.3 2.8 16.0 -5.3 -5.3 -5.3 -5.3 -5.3 -5.3 0.356 0.534 0.125 0.362 0.574 1.335 2 2 2 2 2 2
1982-01-15T11:30:00 1982 1 15 11 30 0 7.6 -6.1 352.0 14.1 3.49 12.1 10.08 14.43 2 2 2 2 2 2 2 2 2.3 2.6 12.0 -6.1 -6.1 -6.1 -6.1 -6.1 -6.1 0.803 1.253 0.173 1.042 1.254 2.834 2 2 2 2 2 2
1982-01-15T12:30:00 1982 1 15 12 30 0 7.4 -6.3 353.0 14.1 3.51 12.44 10.94 15.43 2 2 2 2 2 2 2 2 2.3 2.39 8.0 -6.3 -6.3 -6.3 -6.3 -6.3 -6.3 1.138 1.649 0.225 1.497 1.517 3.518 2 2 2 2 2 2
1982-01-15T13:30:00 1982 1 15 13 30 0 7.0 -5.6 363.0 14.0 3.69 11.65 10.61 14.9 2 2 2 2 2 2 2 2 2.3 2.19 2.0 -5.6 -5.6 -5.6 -5.6 -5.6 -5.6 1.341 1.801 0.273 1.695 1.578 3.813 2 2 2 2 2 2
1982-01-15T14:30:00 1982 1 15 14 30 0 6.6 -4.3 344.0 11.7 2.77 9.04 8.64 11.08 2 2 2 2 2 2 2 2 2.3 2.23 1.0 -4.3 -4.3 -4.3 -4.3 -4.3 -4.3 1.354 1.698 0.303 1.554 1.357 3.269 2 2 2 2 2 2
1982-01-15T15:30:00 1982 1 15 15 30 0 3.7 -5.0 365.0 13.9 3.7 6.93 8.32 10.76 2 2 2 2 2 2 2 2 2.3 2.26 3.0 -5.0 -5.0 -5.0 -5.0 -5.0 -5.0 1.38 1.679 0.334 1.512 1.368 3.315 2 2 2 2 2 2
1982-01-15T16:30:00 1982 1 15 16 30 0 5.0 1.0 367.0 14.2 3.83 2.97 3.43 4.8 2 2 2 2 2 2 2 2 2.3 2.3 2.0 1.0 1.0 1.0 1.0 1.0 1.0 1.086 1.125 0.335 0.997 0.724 2.185 2 2 2 2 2 2
1982-01-15T17:30:00 1982 1 15 17 30 0 3.2 -1.5 378.0 11.6 3.31 1.43 0.97 1.16 2 2 2 2 2 2 2 2 2.3 2.3 6.0 -1.5 -1.5 -1.5 -1.5 -1.5 -1.5 0.82 0.771 0.328 0.626 0.496 1.558 2 2 2 2 2 2
1982-01-15T18:30:00 1982 1 15 18 30 0 1.3 -6.3 366.0 10.9 2.92 4.43 7.59 8.47 2 2 2 2 2 2 2 2 2.7 2.35 1.0 -6.3 -6.3 -6.3 -6.3 -6.3 -6.3 0.989 1.15 0.357 0.968 1.074 2.303 2 2 2 2 2 2
1982-01-15T19:30:00 1982 1 15 19 30 0 2.2 -6.4 373.0 10.3 2.87 8.41 11.75 12.42 2 2 2 2 2 2 2 2 2.7 2.4 -5.0 -6.4 -6.4 -6.4 -6.4 -6.4 -6.4 1.231 1.488 0.405 1.424 1.43 2.778 2 2 2 2 2 2
1982-01-15T20:30:00 1982 1 15 20 30 0 3.0 -1.6 374.0 12.2 3.41 4.22 7.1 7.9 2 2 2 2 2 2 2 2 2.7 2.46 -2.0 -1.6 -1.6 -1.6 -1.6 -1.6 -1.6 1.156 1.322 0.42 1.185 1.117 2.541 2 2 2 2 2 2
1982-01-15T21:30:00 1982 1 15 21 30 0 4.8 1.8 376.0 12.4 3.51 1.14 0.58 0.72 2 2 2 2 2 2 2 2 2.7 2.51 -1.0 1.8 1.8 1.8 1.8 1.8 1.8 0.803 0.701 0.408 0.676 0.395 1.182 2 2 2 2 2 2
1982-01-15T22:30:00 1982 1 15 22 30 0 6.5 2.3 372.0 11.8 3.27 1.43 0.0 0.0 2 2 2 2 2 2 2 2 2.7 2.56 6.0 2.3 2.3 2.3 2.3 2.3 2.3 0.543 0.348 0.396 0.378 0.125 0.49 2 2 2 2 2 2
1982-01-15T23:30:00 1982 1 15 23 30 0 3.7 -1.0 362.0 10.8 2.83 1.58 0.36 0.39 2 2 2 2 2 2 2 2 2.7 2.6 6.0 -1.0 -1.0 -1.0 -1.0 -1.0 -1.0 0.406 0.281 0.385 0.239 0.173 0.505 2 2 2 2 2 2
