1982-12-30T00:30:00 1982 12 30 0 30 0 -4.6 -3.2 465.6 8.09 3.32 5.04 6.77 5.47 2 2 0 0 0 1 1 1 3.7 3.35 -11.0 -3.2 -3.2 -3.2 -3.2 -3.2 -3.2 0.566 0.782 0.639 0.663 1.114 2.167 0 0 0 0 0 0
1982-12-30T01:30:00 1982 12 30 1 30 0 -5.2 -3.0 465.6 8.09 3.32 5.76 7.2 5.82 2 2 0 0 0 1 1 1 3.7 3.44 -13.0 -3.0 -3.0 -3.0 -3.0 -3.0 -3.0 0.706 0.908 0.654 0.781 1.202 2.427 0 0 0 0 0 0
1982-12-30T02:30:00 1982 12 30 2 30 0 -5.2 -2.38 465.6 8.09 3.32 5.39 6.2 5.02 1 1 0 0 0 1 1 0 3.7 3.44 -15.0 -2.71 -2.64 -2.85 -2.84 -2.65 -2.59 0.777 0.935 0.666 0.817 1.17 2.44 0 0 0 0 0 0
1982-12-30T03:30:00 1982 12 30 3 30 0 -3.95 -0.11 465.6 8.09 3.32 2.9 2.68 2.17 1 1 0 0 0 1 1 0 4.0 3.48 -19.0 -1.65 -1.31 -2.3 -2.26 -1.35 -1.05 0.75 0.818 0.672 0.765 0.94 2.057 0 0 0 0 0 0
1982-12-30T04:30:00 1982 12 30 4 30 0 -2.16 0.33 465.6 8.09 3.32 0.83 0.02 0.02 1 0 0 0 0 0 0 0 4.0 3.52 -24.0 -1.45 -1.06 -2.2 -2.15 -1.1 -0.76 0.683 0.674 0.674 0.693 0.736 1.627 0 0 0 0 0 0
1982-12-30T05:30:00 1982 12 30 5 30 0 -1.27 0.33 465.6 8.09 3.32 0.22 0.0 0.0 1 0 0 0 0 0 0 0 4.0 3.65 -15.0 -1.44 -1.05 -2.19 -2.15 -1.09 -0.76 0.63 0.589 0.676 0.647 0.651 1.405 0 0 0 0 0 0
1982-12-30T06:30:00 1982 12 30 6 30 0 -1.82 0.19 465.6 8.09 3.32 0.2 0.0 0.0 1 1 0 0 0 1 1 0 3.3 3.68 -19.0 -1.34 -1.01 -1.99 -1.95 -1.04 -0.75 0.587 0.541 0.675 0.601 0.614 1.309 0 0 0 0 0 0
1982-12-30T07:30:00 1982 12 30 7 30 0 -2.6 -0.51 465.6 8.09 3.32 0.57 0.48 0.39 1 1 0 0 0 1 1 0 3.3 3.71 -29.0 -0.83 -0.76 -0.97 -0.96 -0.77 -0.71 0.52 0.487 0.667 0.471 0.545 1.254 0 0 0 0 0 0
1982-12-30T08:30:00 1982 12 30 8 30 0 -2.6 -0.7 465.6 8.09 3.32 0.94 1.43 1.15 2 2 0 0 0 1 1 1 3.3 3.66 -23.0 -0.7 -0.7 -0.7 -0.7 -0.7 -0.7 0.446 0.439 0.652 0.335 0.486 1.221 0 0 0 0 0 0
1982-12-30T09:30:00 1982 12 30 9 30 0 -4.1 1.9 465.6 8.09 3.32 0.84 0.16 0.13 2 2 0 0 0 1 1 1 3.3 3.6 -16.0 1.9 1.9 1.9 1.9 1.9 1.9 0.304 0.224 0.632 0.188 0.161 0.536 0 0 0 0 0 0
1982-12-30T10:30:00 1982 12 30 10 30 0 -0.3 -1.8 465.6 8.09 3.32 0.58 1.2 0.97 2 2 0 0 0 1 1 1 3.3 3.55 -13.0 -1.8 -1.8 -1.8 -1.8 -1.8 -1.8 0.293 0.287 0.619 0.19 0.365 0.825 0 0 0 0 0 0
1982-12-30T11:30:00 1982 12 30 11 30 0 -0.5 -1.7 465.6 8.09 3.32 0.88 4.06 3.29 2 2 0 0 0 1 1 1 3.3 3.47 -11.0 -1.7 -1.7 -1.7 -1.7 -1.7 -1.7 0.395 0.497 0.616 0.303 0.689 1.471 0 0 0 0 0 0
1982-12-30T12:30:00 1982 12 30 12 30 0 -0.1 -0.2 465.6 8.09 3.32 0.29 2.07 1.67 2 2 0 0 0 1 1 1 2.0 3.21 -8.0 -0.2 -0.2 -0.2 -0.2 -0.2 -0.2 0.356 0.428 0.603 0.234 0.491 1.252 0 0 0 0 0 0
1982-12-30T13:30:00 1982 12 30 13 30 0 -0.1 -0.1 465.6 8.09 3.32 0.01 0.34 0.27 1 1 0 0 0 1 1 0 2.0 2.96 -3.0 -0.43 -0.36 -0.56 -0.56 -0.36 -0.3 0.29 0.324 0.587 0.165 0.332 0.94 0 0 0 0 0 0
1982-12-30T14:30:00 1982 12 30 14 30 0 -0.69 0.27 465.6 8.09 3.32 0.01 0.02 0.02 1 1 0 0 0 1 1 0 2.0 2.8 4.0 -1.26 -0.93 -1.91 -1.87 -0.96 -0.67 0.315 0.362 0.582 0.248 0.437 1.006 0 0 0 0 0 0
1982-12-30T15:30:00 1982 12 30 15 30 0 -1.31 0.09 465.6 8.09 3.32 0.09 0.0 0.0 1 1 0 0 0 1 1 0 2.3 2.67 6.0 -1.43 -1.1 -2.07 -2.03 -1.13 -0.84 0.374 0.432 0.584 0.372 0.553 1.161 0 0 0 0 0 0
1982-12-30T16:30:00 1982 12 30 16 30 0 -1.9 -1.17 465.6 8.09 3.32 0.5 1.38 1.12 1 1 0 0 0 1 1 0 2.3 2.55 -1.0 -1.49 -1.42 -1.62 -1.61 -1.42 -1.36 0.423 0.51 0.583 0.407 0.655 1.41 0 0 0 0 0 0
1982-12-30T17:30:00 1982 12 30 17 30 0 -1.9 -1.5 465.6 8.09 3.32 1.05 3.14 2.54 2 2 0 0 0 1 1 1 2.3 2.43 -6.0 -1.5 -1.5 -1.5 -1.5 -1.5 -1.5 0.459 0.571 0.579 0.396 0.722 1.616 0 0 0 0 0 0
1982-12-30T18:30:00 1982 12 30 18 30 0 -0.1 0.1 465.6 8.09 3.32 0.34 1.49 1.21 2 2 0 0 0 1 1 1 3.0 2.4 -9.0 0.1 0.1 0.1 0.1 0.1 0.1 0.372 0.406 0.565 0.263 0.403 1.098 0 0 0 0 0 0
1982-12-30T19:30:00 1982 12 30 19 30 0 -1.0 -1.7 465.6 8.09 3.32 0.36 2.04 1.65 2 2 0 0 0 1 1 1 3.0 2.37 -13.0 -1.7 -1.7 -1.7 -1.7 -1.7 -1.7 0.38 0.46 0.557 0.262 0.559 1.338 0 0 0 0 0 0
1982-12-30T20:30:00 1982 12 30 20 30 0 -1.8 0.7 465.6 8.09 3.32 0.39 1.24 1.0 2 2 0 0 0 1 1 1 3.0 2.5 -12.0 0.7 0.7 0.7 0.7 0.7 0.7 0.302 0.312 0.543 0.177 0.292 0.837 0 0 0 0 0 0
1982-12-30T21:30:00 1982 12 30 21 30 0 -2.6 0.7 465.6 8.09 3.32 0.32 0.0 0.0 2 2 0 0 0 1 1 1 2.0 2.49 -8.0 0.7 0.7 0.7 0.7 0.7 0.7 0.204 0.155 0.526 0.099 0.092 0.347 0 0 0 0 0 0
1982-12-30T22:30:00 1982 12 30 22 30 0 -1.9 -0.04 465.6 8.09 3.32 0.4 0.01 0.01 1 1 0 0 0 1 1 0 2.0 2.49 -3.0 -0.04 -0.04 -0.04 -0.04 -0.04 -0.04 0.14 0.086 0.51 0.056 0.045 0.196 0 0 0 0 0 0
1982-12-30T23:30:00 1982 12 30 23 30 0 -1.2 -3.26 465.6 8.09 3.32 1.45 4.15 3.36 1 1 0 0 0 1 1 0 2.0 2.44 -3.0 -3.26 -3.26 -3.26 -3.26 -3.26 -3.26 0.33 0.454 0.516 0.307 0.707 1.356 0 0 0 0 0 0
