1982-06-22T00:30:00 1982 6 22 0 30 0 0.38 -0.65 337.8 9.55 3.38 0.11 1.1 1.05 0 0 1 0 0 0 1 0 1.7 1.42 -8.0 -1.62 -1.24 -2.31 -2.27 -1.28 -0.94 0.414 0.556 0.449 0.429 0.436 0.792 0 0 2 0 0 0
1982-06-22T01:30:00 1982 6 22 1 30 0 0.38 -0.65 337.1 9.55 3.38 0.11 1.1 1.05 0 0 1 0 0 0 1 0 1.7 1.42 -4.0 -1.62 -1.24 -2.32 -2.27 -1.28 -0.94 0.433 0.565 0.447 0.44 0.436 0.796 0 0 2 0 0 0
1982-06-22T02:30:00 1982 6 22 2 30 0 0.38 -0.65 336.5 9.56 3.38 0.11 1.09 1.05 0 0 1 0 0 0 1 0 1.7 1.59 -6.0 -1.62 -1.24 -2.32 -2.28 -1.28 -0.94 0.446 0.569 0.446 0.446 0.435 0.795 0 0 2 0 0 0
1982-06-22T03:30:00 1982 6 22 3 30 0 0.37 -0.65 335.8 9.56 3.38 0.1 1.09 1.04 0 0 1 0 0 0 1 0 1.7 1.75 -11.0 -1.62 -1.24 -2.32 -2.28 -1.28 -0.94 0.454 0.571 0.444 0.449 0.434 0.793 0 0 2 0 0 0
1982-06-22T04:30:00 1982 6 22 4 30 0 0.37 -0.66 335.2 9.56 3.38 0.11 1.1 1.05 0 0 1 0 0 0 1 0 1.7 1.92 -9.0 -1.62 -1.25 -2.32 -2.28 -1.29 -0.95 0.46 0.573 0.442 0.45 0.434 0.792 0 0 2 0 0 0
1982-06-22T05:30:00 1982 6 22 5 30 0 0.37 -0.66 334.5 9.57 3.38 0.11 1.1 1.06 0 0 1 0 0 0 1 0 1.7 1.84 -6.0 -1.62 -1.25 -2.32 -2.28 -1.29 -0.95 0.463 0.575 0.441 0.451 0.433 0.791 0 0 1 0 0 0
1982-06-22T06:30:00 1982 6 22 6 30 0 0.37 -0.66 333.9 9.57 3.38 0.11 1.1 1.06 0 0 1 0 0 0 1 0 2.0 1.81 -2.0 -1.63 -1.25 -2.32 -2.28 -1.29 -0.95 0.466 0.575 0.439 0.451 0.432 0.788 0 0 1 0 0 0
1982-06-22T07:30:00 1982 6 22 7 30 0 0.37 -0.66 333.2 9.57 3.38 0.11 1.1 1.05 0 0 1 0 0 0 1 0 2.0 1.78 -6.0 -1.63 -1.25 -2.33 -2.28 -1.29 -0.95 0.468 0.576 0.437 0.45 0.431 0.785 0 0 1 0 0 0
1982-06-22T08:30:00 1982 6 22 8 30 0 0.37 -0.66 332.6 9.57 3.38 0.11 1.1 1.05 0 0 1 0 0 0 1 0 2.0 1.82 -10.0 -1.63 -1.25 -2.33 -2.29 -1.29 -0.95 0.469 0.576 0.436 0.45 0.43 0.781 0 0 1 0 0 0
1982-06-22T09:30:00 1982 6 22 9 30 0 0.37 -0.66 331.9 10.48 3.38 0.11 1.1 1.1 0 0 1 1 0 0 1 1 2.0 1.85 -9.0 -1.63 -1.25 -2.33 -2.28 -1.29 -0.95 0.473 0.584 0.434 0.454 0.436 0.817 0 0 1 0 0 0
1982-06-22T10:30:00 1982 6 22 10 30 0 1.08 -0.66 331.3 12.13 3.39 0.16 1.09 1.24 1 0 1 1 1 1 1 1 2.0 1.89 -7.0 -1.63 -1.25 -2.33 -2.28 -1.29 -0.95 0.483 0.606 0.434 0.467 0.454 0.919 0 0 1 0 0 0
1982-06-22T11:30:00 1982 6 22 11 30 0 2.97 -0.66 330.6 13.79 3.46 0.52 1.09 1.42 1 0 1 1 1 1 1 1 2.0 1.93 -8.0 -1.63 -1.25 -2.33 -2.28 -1.29 -0.95 0.499 0.637 0.433 0.486 0.476 1.067 0 0 1 0 0 0
1982-06-22T12:30:00 1982 6 22 12 30 0 4.86 -1.03 330.0 15.45 3.52 1.49 1.42 2.1 1 1 1 1 1 1 1 1 4.3 2.27 -11.0 -1.88 -1.55 -2.48 -2.44 -1.58 -1.29 0.533 0.709 0.435 0.522 0.536 1.337 0 1 1 0 1 1
1982-06-22T13:30:00 1982 6 22 13 30 0 5.9 -2.98 329.3 16.8 3.59 3.45 3.44 5.6 1 1 1 1 1 1 1 1 4.3 2.6 -13.0 -3.16 -3.09 -3.29 -3.28 -3.1 -3.04 0.651 0.955 0.441 0.641 0.762 2.04 1 1 1 1 1 1
1982-06-22T14:30:00 1982 6 22 14 30 0 5.9 -3.5 328.7 16.8 3.61 5.11 5.36 9.01 2 2 1 1 1 2 2 1 4.3 2.89 -8.0 -3.5 -3.5 -3.5 -3.5 -3.5 -3.5 0.795 1.202 0.451 0.775 0.946 2.634 1 1 1 1 1 1
1982-06-22T15:30:00 1982 6 22 15 30 0 7.4 -4.4 328.0 16.8 3.61 6.89 6.55 11.0 2 2 2 2 2 2 2 2 3.7 3.1 1.0 -4.4 -4.4 -4.4 -4.4 -4.4 -4.4 0.955 1.428 0.467 0.958 1.107 3.076 1 2 1 1 2 2
1982-06-22T16:30:00 1982 6 22 16 30 0 8.9 -3.4 329.0 18.6 4.03 8.3 6.34 11.24 2 2 2 2 2 2 2 2 3.7 3.31 2.0 -3.4 -3.4 -3.4 -3.4 -3.4 -3.4 1.043 1.511 0.48 1.014 1.12 3.336 2 2 1 2 2 2
1982-06-22T17:30:00 1982 6 22 17 30 0 8.1 -4.6 332.0 19.0 4.19 8.94 6.7 12.61 2 2 2 2 2 2 2 2 3.7 3.52 1.0 -4.6 -4.6 -4.6 -4.6 -4.6 -4.6 1.154 1.643 0.498 1.142 1.23 3.771 2 2 1 2 2 2
1982-06-22T18:30:00 1982 6 22 18 30 0 6.8 -6.8 327.0 20.1 4.3 10.73 9.53 18.71 2 2 2 2 2 2 2 2 4.3 3.8 -4.0 -6.8 -6.8 -6.8 -6.8 -6.8 -6.8 1.405 1.981 0.535 1.573 1.527 4.586 2 2 1 2 2 2
1982-06-22T19:30:00 1982 6 22 19 30 0 8.0 -4.7 324.0 17.9 3.76 10.42 9.21 17.49 2 2 2 2 2 2 2 2 4.3 4.07 -11.0 -4.7 -4.7 -4.7 -4.7 -4.7 -4.7 1.503 2.024 0.564 1.653 1.465 4.436 2 2 1 2 2 2
1982-06-22T20:30:00 1982 6 22 20 30 0 9.7 -5.8 322.0 15.2 3.15 11.34 8.55 14.01 2 2 2 2 2 2 2 2 4.3 4.08 -6.0 -5.8 -5.8 -5.8 -5.8 -5.8 -5.8 1.534 1.984 0.587 1.648 1.397 3.917 2 2 2 2 2 2
1982-06-22T21:30:00 1982 6 22 21 30 0 9.4 -8.3 324.0 16.3 3.42 15.88 11.56 18.3 2 2 2 2 2 2 2 2 5.0 4.17 -9.0 -8.3 -8.3 -8.3 -8.3 -8.3 -8.3 1.717 2.196 0.63 2.016 1.615 4.093 2 2 2 2 2 2
1982-06-22T22:30:00 1982 6 22 22 30 0 5.8 -10.7 314.0 18.9 3.73 19.2 15.28 27.13 2 2 2 2 2 2 2 2 5.0 4.27 -22.0 -10.7 -10.7 -10.7 -10.7 -10.7 -10.7 2.06 2.633 0.701 2.744 1.96 4.907 2 2 2 2 2 2
1982-06-22T23:30:00 1982 6 22 23 30 0 2.2 -10.9 311.0 22.9 4.43 19.19 16.88 35.57 2 2 2 2 2 2 2 2 5.0 4.43 -33.0 -10.9 -10.9 -10.9 -10.9 -10.9 -10.9 2.424 3.078 0.785 3.447 2.228 6.106 2 2 2 2 2 2
