1982-10-01T00:30:00 1982 10 1 0 30 0 1.19 -0.74 352.0 9.7 2.4 0.28 1.3 1.25 0 0 2 2 2 1 1 1 2.0 2.95 -37.0 -2.12 -1.63 -3.06 -3.0 -1.68 -1.24 0.57 0.656 0.816 0.645 0.553 0.939 0 0 0 0 0 0
1982-10-01T01:30:00 1982 10 1 1 30 0 1.19 -0.74 356.5 10.15 2.58 0.28 1.31 1.3 0 0 1 1 1 0 1 1 2.0 2.85 -39.0 -2.12 -1.63 -3.06 -3.01 -1.68 -1.24 0.591 0.683 0.811 0.672 0.573 1.04 0 0 0 0 0 0
1982-10-01T02:30:00 1982 10 1 2 30 0 1.2 -0.75 361.0 10.6 2.76 0.29 1.34 1.39 0 0 2 2 2 1 1 1 2.0 2.72 -40.0 -2.13 -1.63 -3.07 -3.01 -1.68 -1.24 0.611 0.705 0.807 0.699 0.595 1.141 0 0 0 0 0 0
1982-10-01T03:30:00 1982 10 1 3 30 0 1.2 -0.75 358.8 10.3 2.65 0.29 1.35 1.41 0 0 1 1 1 0 1 1 3.0 2.73 -43.0 -2.13 -1.64 -3.07 -3.01 -1.69 -1.25 0.625 0.716 0.803 0.713 0.601 1.178 0 0 0 0 0 0
1982-10-01T04:30:00 1982 10 1 4 30 0 1.2 -0.75 356.5 10.0 2.55 0.29 1.34 1.36 0 0 1 1 1 0 1 1 3.0 2.73 -41.0 -2.13 -1.64 -3.07 -3.02 -1.69 -1.25 0.63 0.716 0.799 0.716 0.595 1.158 0 0 0 0 0 0
1982-10-01T05:30:00 1982 10 1 5 30 0 1.21 -0.76 354.2 9.7 2.44 0.29 1.34 1.32 0 0 1 1 1 0 1 1 3.0 2.7 -39.0 -2.13 -1.64 -3.08 -3.02 -1.69 -1.25 0.631 0.711 0.794 0.711 0.583 1.114 0 0 0 0 0 0
1982-10-01T06:30:00 1982 10 1 6 30 0 1.21 -0.76 352.0 9.4 2.33 0.29 1.34 1.28 0 0 2 2 2 1 1 1 3.0 2.67 -38.0 -2.14 -1.64 -3.08 -3.02 -1.69 -1.25 0.628 0.703 0.79 0.702 0.571 1.062 0 0 0 0 0 0
1982-10-01T07:30:00 1982 10 1 7 30 0 1.21 -0.77 366.0 8.4 2.25 0.3 1.38 1.22 0 0 2 2 2 1 1 1 3.0 2.64 -39.0 -2.14 -1.64 -3.08 -3.02 -1.7 -1.25 0.624 0.687 0.785 0.695 0.57 1.01 0 0 0 0 0 0
1982-10-01T08:30:00 1982 10 1 8 30 0 1.22 -0.77 367.0 7.7 2.07 0.31 1.41 1.13 0 0 2 2 2 1 1 1 3.0 2.76 -40.0 -2.14 -1.65 -3.08 -3.03 -1.7 -1.25 0.616 0.666 0.781 0.686 0.564 0.94 0 0 0 0 0 0
1982-10-01T09:30:00 1982 10 1 9 30 0 1.22 -0.77 370.0 7.4 2.03 0.31 1.42 1.07 0 0 2 2 2 1 1 1 3.0 2.88 -31.0 -2.14 -1.65 -3.09 -3.03 -1.7 -1.26 0.607 0.649 0.777 0.676 0.557 0.884 0 0 0 0 0 0
1982-10-01T10:30:00 1982 10 1 10 30 0 1.22 -0.78 379.0 7.4 2.13 0.32 1.45 1.08 0 0 2 2 2 1 1 1 3.0 3.0 -23.0 -2.15 -1.65 -3.09 -3.03 -1.7 -1.26 0.604 0.639 0.773 0.676 0.565 0.877 0 0 0 0 0 0
1982-10-01T11:30:00 1982 10 1 11 30 0 1.23 -0.78 379.5 9.25 2.67 0.33 1.48 1.24 0 0 1 1 1 0 1 1 3.0 3.0 -25.0 -2.15 -1.65 -3.09 -3.03 -1.7 -1.26 0.615 0.658 0.772 0.699 0.6 1.004 0 0 0 0 0 0
1982-10-01T12:30:00 1982 10 1 12 30 0 1.23 -0.78 380.0 11.1 3.21 0.33 1.48 1.52 0 0 2 2 2 1 1 1 3.3 3.04 -25.0 -2.15 -1.65 -3.1 -3.04 -1.71 -1.26 0.639 0.7 0.772 0.741 0.648 1.24 0 0 0 0 0 0
1982-10-01T13:30:00 1982 10 1 13 30 0 1.23 -0.79 370.0 14.2 3.89 0.32 1.47 1.88 0 0 2 2 2 1 1 1 3.3 3.08 -26.0 -2.15 -1.66 -3.1 -3.04 -1.71 -1.26 0.672 0.762 0.774 0.792 0.694 1.573 0 0 0 0 0 0
1982-10-01T14:30:00 1982 10 1 14 30 0 1.23 -0.79 375.0 16.0 4.5 0.32 1.47 2.23 0 0 2 2 2 1 1 1 3.3 3.12 -29.0 -2.16 -1.66 -3.1 -3.04 -1.71 -1.27 0.711 0.824 0.777 0.846 0.742 1.952 0 0 0 0 0 0
1982-10-01T15:30:00 1982 10 1 15 30 0 1.24 -0.79 370.0 16.8 4.6 0.33 1.47 2.42 0 0 2 2 2 1 1 1 4.3 3.29 -28.0 -2.16 -1.66 -3.1 -3.05 -1.71 -1.27 0.744 0.869 0.781 0.888 0.767 2.214 0 0 0 0 0 0
1982-10-01T16:30:00 1982 10 1 16 30 0 1.24 -0.8 384.0 17.1 5.04 0.33 1.5 2.55 0 0 2 2 2 1 1 1 4.3 3.45 -22.0 -2.16 -1.66 -3.11 -3.05 -1.71 -1.27 0.773 0.899 0.786 0.927 0.8 2.451 0 0 0 0 0 0
1982-10-01T17:30:00 1982 10 1 17 30 0 1.24 -0.8 399.0 13.2 4.2 0.35 1.57 2.35 0 0 2 2 2 1 1 1 4.3 3.62 -35.0 -2.16 -1.66 -3.11 -3.05 -1.72 -1.27 0.785 0.883 0.792 0.941 0.806 2.369 0 0 0 0 0 0
1982-10-01T18:30:00 1982 10 1 18 30 0 1.24 -0.8 400.0 11.4 3.65 0.36 1.6 1.95 0 0 2 2 2 1 1 1 4.7 3.83 -53.0 -2.16 -1.66 -3.11 -3.05 -1.72 -1.27 0.777 0.84 0.796 0.923 0.78 2.082 0 0 0 0 0 0
1982-10-01T19:30:00 1982 10 1 19 30 0 1.24 -0.8 404.0 9.1 2.97 0.36 1.61 1.63 0 0 2 2 2 1 1 1 4.7 4.04 -54.0 -2.16 -1.66 -3.11 -3.05 -1.72 -1.27 0.755 0.784 0.799 0.886 0.736 1.731 0 0 0 0 0 0
1982-10-01T20:30:00 1982 10 1 20 30 0 1.24 -0.8 402.0 8.9 2.88 0.36 1.61 1.45 0 0 2 2 2 1 1 1 4.7 4.22 -44.0 -2.16 -1.66 -3.11 -3.05 -1.71 -1.27 0.732 0.741 0.801 0.85 0.704 1.49 0 0 0 0 0 0
1982-10-01T21:30:00 1982 10 1 21 30 0 1.23 -0.8 405.0 8.9 2.92 0.36 1.61 1.44 0 0 2 2 2 1 1 1 6.0 4.56 -52.0 -2.16 -1.66 -3.1 -3.05 -1.71 -1.27 0.716 0.719 0.802 0.831 0.695 1.389 0 0 0 0 0 0
1982-10-01T22:30:00 1982 10 1 22 30 0 1.23 -0.8 408.0 7.5 2.5 0.36 1.63 1.32 0 0 2 2 2 1 1 1 6.0 4.89 -68.0 -2.16 -1.66 -3.1 -3.04 -1.71 -1.27 0.697 0.691 0.803 0.806 0.674 1.253 0 0 0 0 0 0
1982-10-01T23:30:00 1982 10 1 23 30 0 1.23 -0.8 436.0 8.4 3.19 0.37 1.69 1.35 0 0 2 2 2 1 1 1 6.0 5.11 -70.0 -2.16 -1.66 -3.1 -3.04 -1.71 -1.27 0.694 0.683 0.807 0.815 0.712 1.306 0 0 0 0 0 0
