1982-02-22T00:30:00 1982 2 22 0 30 0 -9.4 0.7 495.0 4.8 2.35 6.11 0.0 0.0 2 2 2 2 2 2 2 2 3.3 3.15 -29.0 0.7 0.7 0.7 0.7 0.7 0.7 0.322 0.232 0.426 0.225 0.174 0.572 2 2 2 2 2 2
1982-02-22T01:30:00 1982 2 22 1 30 0 -7.8 -2.8 546.0 4.2 2.5 8.71 3.31 1.44 2 2 2 2 2 2 2 2 3.3 3.3 -27.0 -2.8 -2.8 -2.8 -2.8 -2.8 -2.8 0.374 0.368 0.429 0.307 0.602 0.899 2 2 2 2 2 2
1982-02-22T02:30:00 1982 2 22 2 30 0 -3.9 -7.1 543.0 4.3 2.54 13.19 13.96 5.95 2 2 2 2 2 2 2 2 3.3 3.3 -26.0 -7.1 -7.1 -7.1 -7.1 -7.1 -7.1 0.734 0.785 0.5 1.022 1.499 1.728 2 2 2 2 2 2
1982-02-22T03:30:00 1982 2 22 3 30 0 -2.6 -5.4 540.0 8.4 4.9 12.87 16.73 10.75 2 2 2 2 2 2 2 2 4.7 3.48 -46.0 -5.4 -5.4 -5.4 -5.4 -5.4 -5.4 1.108 1.167 0.595 1.662 2.083 3.348 2 2 2 2 2 2
1982-02-22T04:30:00 1982 2 22 4 30 0 -3.3 -4.2 511.0 4.6 2.4 8.06 12.47 8.03 2 2 2 2 2 2 2 2 4.7 3.66 -49.0 -4.2 -4.2 -4.2 -4.2 -4.2 -4.2 1.196 1.176 0.647 1.629 1.814 3.019 2 2 2 2 2 2
1982-02-22T05:30:00 1982 2 22 5 30 0 -4.4 -1.6 533.0 3.1 1.76 4.83 7.28 2.84 2 2 2 2 2 2 2 2 4.7 3.84 -56.0 -1.6 -1.6 -1.6 -1.6 -1.6 -1.6 1.028 0.896 0.654 1.174 1.184 1.881 2 2 2 2 2 2
1982-02-22T06:30:00 1982 2 22 6 30 0 -0.6 0.3 525.0 2.8 1.54 1.14 1.61 0.48 2 2 2 2 2 2 2 2 2.7 3.76 -44.0 0.3 0.3 0.3 0.3 0.3 0.3 0.738 0.517 0.637 0.686 0.504 0.927 2 2 2 2 2 2
1982-02-22T07:30:00 1982 2 22 7 30 0 -0.5 -2.2 523.0 2.5 1.37 0.56 2.78 0.72 2 2 2 2 2 2 2 2 2.7 3.67 -40.0 -2.2 -2.2 -2.2 -2.2 -2.2 -2.2 0.608 0.436 0.627 0.493 0.536 0.681 2 2 2 2 2 2
1982-02-22T08:30:00 1982 2 22 8 30 0 -1.8 -1.5 525.0 2.2 1.21 1.33 4.77 1.12 2 2 2 2 2 2 2 2 2.7 3.59 -38.0 -1.5 -1.5 -1.5 -1.5 -1.5 -1.5 0.544 0.419 0.622 0.411 0.578 0.577 2 2 2 2 2 2
1982-02-22T09:30:00 1982 2 22 9 30 0 -6.1 -5.3 509.0 4.6 2.38 6.76 9.16 3.4 2 2 2 2 2 2 2 2 4.0 3.68 -31.0 -5.3 -5.3 -5.3 -5.3 -5.3 -5.3 0.697 0.663 0.648 0.728 1.102 1.131 2 2 2 2 2 2
1982-02-22T10:30:00 1982 2 22 10 30 0 -6.7 -4.6 510.0 7.3 3.8 12.52 12.54 7.56 2 2 2 2 2 2 2 2 4.0 3.76 -27.0 -4.6 -4.6 -4.6 -4.6 -4.6 -4.6 0.941 0.971 0.698 1.152 1.573 2.277 2 2 2 2 2 2
1982-02-22T11:30:00 1982 2 22 11 30 0 -5.0 -3.4 496.0 5.0 2.46 9.12 9.93 6.07 2 2 2 2 2 2 2 2 4.0 3.68 -30.0 -3.4 -3.4 -3.4 -3.4 -3.4 -3.4 1.001 1.001 0.726 1.161 1.446 2.252 2 2 2 2 2 2
1982-02-22T12:30:00 1982 2 22 12 30 0 -0.67 -3.86 512.0 5.43 2.89 5.15 9.21 4.83 1 1 1 1 1 1 1 1 5.3 3.78 -33.0 -3.86 -3.86 -3.86 -3.86 -3.86 -3.86 1.022 0.99 0.749 1.137 1.399 2.14 2 2 2 2 1 1
1982-02-22T13:30:00 1982 2 22 13 30 0 3.67 -5.84 528.0 5.85 3.33 7.82 12.85 7.29 1 1 1 1 1 1 1 1 5.3 3.87 -39.0 -5.84 -5.84 -5.84 -5.84 -5.84 -5.84 1.178 1.136 0.803 1.447 1.739 2.607 1 1 2 1 1 1
1982-02-22T14:30:00 1982 2 22 14 30 0 8.0 -6.3 544.0 6.27 3.76 16.19 16.34 9.94 2 2 1 1 1 2 2 1 5.3 4.19 -54.0 -6.3 -6.3 -6.3 -6.3 -6.3 -6.3 1.393 1.314 0.886 1.884 2.11 3.288 1 1 2 1 1 1
1982-02-22T15:30:00 1982 2 22 15 30 0 5.7 -2.1 560.0 6.7 4.2 12.07 11.09 7.17 2 2 2 2 2 2 2 2 5.0 4.47 -59.0 -2.1 -2.1 -2.1 -2.1 -2.1 -2.1 1.327 1.171 0.92 1.613 1.742 3.203 1 1 2 1 2 2
1982-02-22T16:30:00 1982 2 22 16 30 0 -6.7 -5.6 565.0 9.8 6.26 7.57 11.25 9.68 2 2 2 2 2 2 2 2 5.0 4.75 -54.0 -5.6 -5.6 -5.6 -5.6 -5.6 -5.6 1.43 1.303 0.98 1.79 2.142 4.701 2 2 2 2 2 2
1982-02-22T17:30:00 1982 2 22 17 30 0 -4.1 -5.7 560.0 11.6 7.28 14.27 15.9 17.13 2 2 2 2 2 2 2 2 5.0 4.87 -60.0 -5.7 -5.7 -5.7 -5.7 -5.7 -5.7 1.689 1.582 1.084 2.304 2.675 6.914 2 2 2 2 2 2
1982-02-22T18:30:00 1982 2 22 18 30 0 -0.97 -5.45 573.0 10.1 6.55 10.74 15.78 17.02 1 1 1 1 1 1 1 1 6.7 5.21 -76.0 -5.45 -5.45 -5.45 -5.45 -5.45 -5.45 1.848 1.691 1.184 2.551 2.81 7.636 1 1 2 1 1 1
1982-02-22T19:30:00 1982 2 22 19 30 0 2.17 -4.35 586.0 8.6 5.82 7.89 14.07 13.11 1 1 1 1 1 1 1 1 6.7 5.55 -73.0 -4.35 -4.35 -4.35 -4.35 -4.35 -4.35 1.84 1.6 1.256 2.42 2.591 6.956 1 1 2 1 1 1
1982-02-22T20:30:00 1982 2 22 20 30 0 5.3 -4.1 599.0 7.1 5.09 8.69 12.5 9.74 2 2 2 2 2 2 2 2 6.7 5.73 -71.0 -4.1 -4.1 -4.1 -4.1 -4.1 -4.1 1.748 1.443 1.307 2.163 2.334 5.859 2 2 2 2 2 2
1982-02-22T21:30:00 1982 2 22 21 30 0 -1.1 -7.4 593.0 11.1 7.81 12.64 17.53 16.56 2 2 2 2 2 2 2 2 6.3 5.86 -72.0 -7.4 -7.4 -7.4 -7.4 -7.4 -7.4 1.971 1.684 1.432 2.757 3.03 7.728 2 2 2 2 2 2
1982-02-22T22:30:00 1982 2 22 22 30 0 -3.2 -6.8 614.0 8.3 6.26 17.0 21.37 20.51 2 2 2 2 2 2 2 2 6.3 5.98 -72.0 -6.8 -6.8 -6.8 -6.8 -6.8 -6.8 2.197 1.841 1.589 3.292 3.371 8.464 2 2 2 2 2 2
1982-02-22T23:30:00 1982 2 22 23 30 0 -1.3 -9.9 547.0 7.9 4.73 22.26 24.41 19.71 2 2 2 2 2 2 2 2 6.3 6.14 -81.0 -9.9 -9.9 -9.9 -9.9 -9.9 -9.9 2.435 2.009 1.76 3.904 3.498 7.791 2 2 2 2 2 2
