1982-07-23T00:30:00 1982 7 23 0 30 0 -5.2 2.6 526.0 3.8 2.1 1.42 0.0 0.0 2 2 2 2 2 2 2 2 3.0 2.51 -26.0 2.6 2.6 2.6 2.6 2.6 2.6 0.011 0.001 0.268 0.002 0.0 0.0 2 2 2 2 2 2
1982-07-23T01:30:00 1982 7 23 1 30 0 -7.5 1.3 496.0 4.4 2.1 2.71 0.0 0.0 2 2 2 2 2 2 2 2 3.0 2.4 -30.0 1.3 1.3 1.3 1.3 1.3 1.3 0.007 0.0 0.26 0.001 0.0 0.0 2 2 2 2 2 2
1982-07-23T02:30:00 1982 7 23 2 30 0 -8.5 1.8 526.0 4.1 2.29 4.59 0.0 0.0 2 2 2 2 2 2 2 2 3.0 2.44 -25.0 1.8 1.8 1.8 1.8 1.8 1.8 0.005 0.0 0.252 0.001 0.0 0.0 2 2 2 2 2 2
1982-07-23T03:30:00 1982 7 23 3 30 0 -7.2 3.1 488.0 4.0 1.87 3.64 0.0 0.0 2 2 2 2 2 2 2 2 2.0 2.36 -28.0 3.1 3.1 3.1 3.1 3.1 3.1 0.003 0.0 0.244 0.0 0.0 0.0 2 2 2 2 2 2
1982-07-23T04:30:00 1982 7 23 4 30 0 -6.6 2.8 474.0 4.3 1.96 2.37 0.0 0.0 2 2 2 2 2 2 2 2 2.0 2.27 -24.0 2.8 2.8 2.8 2.8 2.8 2.8 0.002 0.0 0.237 0.0 0.0 0.0 2 2 2 2 2 2
1982-07-23T05:30:00 1982 7 23 5 30 0 -4.7 1.2 470.0 4.9 2.06 1.75 0.0 0.0 2 2 2 2 2 2 2 2 2.0 2.3 -20.0 1.2 1.2 1.2 1.2 1.2 1.2 0.002 0.0 0.23 0.0 0.0 0.0 2 2 2 2 2 2
1982-07-23T06:30:00 1982 7 23 6 30 0 -8.2 0.5 493.0 5.1 2.42 3.43 0.0 0.0 2 2 2 2 2 2 2 2 1.7 2.29 -18.0 0.5 0.5 0.5 0.5 0.5 0.5 0.001 0.0 0.223 0.0 0.0 0.0 2 2 2 2 2 2
1982-07-23T07:30:00 1982 7 23 7 30 0 -6.5 1.6 453.0 5.1 2.03 3.8 0.0 0.0 2 2 2 2 2 2 2 2 1.7 2.28 -21.0 1.6 1.6 1.6 1.6 1.6 1.6 0.001 0.0 0.216 0.0 0.0 0.0 2 2 2 2 2 2
1982-07-23T08:30:00 1982 7 23 8 30 0 -4.2 2.5 455.0 5.1 2.11 1.46 0.0 0.0 2 2 2 2 2 2 2 2 1.7 2.12 -22.0 2.5 2.5 2.5 2.5 2.5 2.5 0.0 0.0 0.209 0.0 0.0 0.0 2 2 2 2 2 2
1982-07-23T09:30:00 1982 7 23 9 30 0 -5.3 1.5 445.0 5.1 2.02 1.18 0.0 0.0 2 2 2 2 2 2 2 2 2.7 2.1 -19.0 1.5 1.5 1.5 1.5 1.5 1.5 0.0 0.0 0.203 0.0 0.0 0.0 2 2 2 2 2 2
1982-07-23T10:30:00 1982 7 23 10 30 0 -5.8 2.4 453.0 5.37 2.21 1.64 0.0 0.0 2 2 1 1 1 2 2 1 2.7 2.07 -16.0 2.4 2.4 2.4 2.4 2.4 2.4 0.0 0.0 0.197 0.0 0.0 0.0 2 2 2 2 2 2
1982-07-23T11:30:00 1982 7 23 11 30 0 -5.55 0.45 461.0 5.63 2.41 2.04 0.0 0.0 1 1 1 1 1 1 1 1 2.7 2.16 -23.0 0.45 0.45 0.45 0.45 0.45 0.45 0.0 0.0 0.191 0.0 0.0 0.0 2 2 2 2 2 2
1982-07-23T12:30:00 1982 7 23 12 30 0 -5.3 -1.5 469.0 5.9 2.6 3.19 1.5 0.87 2 2 2 2 2 2 2 2 3.7 2.38 -27.0 -1.5 -1.5 -1.5 -1.5 -1.5 -1.5 0.088 0.181 0.19 0.076 0.315 0.491 2 2 2 2 2 2
1982-07-23T13:30:00 1982 7 23 13 30 0 -2.7 -4.9 492.0 6.2 3.12 5.51 8.08 4.92 2 2 2 2 2 2 2 2 3.7 2.6 -24.0 -4.9 -4.9 -4.9 -4.9 -4.9 -4.9 0.413 0.619 0.228 0.552 1.06 1.528 2 2 2 2 2 2
1982-07-23T14:30:00 1982 7 23 14 30 0 -4.9 1.1 446.0 7.4 2.94 3.25 4.3 2.82 2 2 2 2 2 2 2 2 3.7 2.85 -26.0 1.1 1.1 1.1 1.1 1.1 1.1 0.412 0.515 0.235 0.452 0.643 1.187 2 2 2 2 2 2
1982-07-23T15:30:00 1982 7 23 15 30 0 -4.8 3.4 441.0 7.1 2.76 1.08 0.0 0.0 2 2 2 2 2 2 2 2 2.7 2.96 -26.0 3.4 3.4 3.4 3.4 3.4 3.4 0.279 0.256 0.228 0.253 0.203 0.492 2 2 2 2 2 2
1982-07-23T16:30:00 1982 7 23 16 30 0 -4.8 1.6 442.0 7.3 2.85 1.02 0.0 0.0 2 2 2 2 2 2 2 2 2.7 3.08 -22.0 1.6 1.6 1.6 1.6 1.6 1.6 0.189 0.127 0.221 0.142 0.064 0.204 2 2 2 2 2 2
1982-07-23T17:30:00 1982 7 23 17 30 0 -3.6 -2.3 435.0 5.6 2.12 1.96 1.69 1.0 2 2 2 2 2 2 2 2 2.7 3.07 -23.0 -2.3 -2.3 -2.3 -2.3 -2.3 -2.3 0.232 0.27 0.221 0.183 0.354 0.543 2 2 2 2 2 2
1982-07-23T18:30:00 1982 7 23 18 30 0 -6.8 2.3 453.0 5.3 2.19 2.45 1.05 0.58 2 2 2 2 2 2 2 2 2.7 3.07 -27.0 2.3 2.3 2.3 2.3 2.3 2.3 0.181 0.176 0.216 0.12 0.164 0.309 2 2 2 2 2 2
1982-07-23T19:30:00 1982 7 23 19 30 0 -7.1 -1.5 461.0 5.4 2.26 4.11 0.83 0.45 2 2 2 2 2 2 2 2 2.7 3.06 -27.0 -1.5 -1.5 -1.5 -1.5 -1.5 -1.5 0.181 0.209 0.213 0.119 0.269 0.428 2 2 2 2 2 2
1982-07-23T20:30:00 1982 7 23 20 30 0 -6.7 0.3 438.0 4.7 1.81 4.55 1.28 0.66 2 2 2 2 2 2 2 2 2.7 2.94 -25.0 0.3 0.3 0.3 0.3 0.3 0.3 0.165 0.189 0.209 0.094 0.202 0.368 2 2 2 2 2 2
1982-07-23T21:30:00 1982 7 23 21 30 0 -4.1 -1.0 429.0 5.8 2.13 2.68 0.92 0.51 2 2 2 2 2 2 2 2 2.3 2.77 -23.0 -1.0 -1.0 -1.0 -1.0 -1.0 -1.0 0.169 0.227 0.206 0.092 0.269 0.46 2 2 2 2 2 2
1982-07-23T22:30:00 1982 7 23 22 30 0 -5.3 -1.6 433.0 5.5 2.06 2.97 2.86 1.61 2 2 2 2 2 2 2 2 2.3 2.6 -25.0 -1.6 -1.6 -1.6 -1.6 -1.6 -1.6 0.247 0.369 0.208 0.168 0.467 0.715 2 2 2 2 2 2
1982-07-23T23:30:00 1982 7 23 23 30 0 -4.6 -1.2 414.0 4.6 1.58 3.11 2.93 1.47 2 2 2 2 2 2 2 2 2.3 2.54 -29.0 -1.2 -1.2 -1.2 -1.2 -1.2 -1.2 0.286 0.414 0.209 0.194 0.474 0.697 2 2 2 2 2 2
