1982-10-13T00:30:00 1982 10 13 0 30 0 0.35 -0.47 470.0 6.6 2.92 0.09 1.1 0.73 0 0 1 1 1 0 1 1 3.7 3.87 -13.0 -1.72 -1.3 -2.5 -2.45 -1.34 -0.97 0.572 0.536 0.865 0.661 0.663 1.155 0 0 0 0 0 0
1982-10-13T01:30:00 1982 10 13 1 30 0 0.35 -0.47 470.0 6.6 3.0 0.09 1.1 0.73 0 0 1 1 1 0 1 1 3.7 4.03 -16.0 -1.72 -1.3 -2.5 -2.45 -1.34 -0.97 0.569 0.533 0.864 0.655 0.659 1.133 0 0 0 0 0 0
1982-10-13T02:30:00 1982 10 13 2 30 0 0.35 -0.47 470.0 7.27 3.26 0.09 1.1 0.77 0 0 1 1 1 0 1 1 3.7 3.96 -23.0 -1.71 -1.3 -2.49 -2.45 -1.34 -0.97 0.571 0.54 0.863 0.66 0.671 1.183 0 0 0 0 0 0
1982-10-13T03:30:00 1982 10 13 3 30 0 0.34 -0.46 470.0 8.08 3.52 0.08 1.09 0.84 0 0 1 1 1 0 1 1 4.3 3.96 -35.0 -1.71 -1.3 -2.49 -2.44 -1.34 -0.97 0.579 0.556 0.863 0.674 0.694 1.306 0 0 0 0 0 0
1982-10-13T04:30:00 1982 10 13 4 30 0 0.34 -0.46 470.0 8.89 3.78 0.08 1.08 0.92 0 0 1 1 1 0 1 1 4.3 3.96 -34.0 -1.71 -1.29 -2.49 -2.44 -1.34 -0.97 0.593 0.577 0.864 0.695 0.722 1.467 0 0 0 0 0 0
1982-10-13T05:30:00 1982 10 13 5 30 0 0.34 -0.46 470.0 9.7 3.79 0.08 1.08 1.01 0 0 1 1 0 0 1 1 4.3 4.0 -25.0 -1.71 -1.29 -2.49 -2.44 -1.34 -0.96 0.609 0.599 0.866 0.718 0.749 1.643 0 0 0 0 0 0
1982-10-13T06:30:00 1982 10 13 6 30 0 0.33 -0.46 470.0 10.13 3.79 0.08 1.08 1.07 0 0 1 0 0 0 1 0 2.7 3.83 -24.0 -1.71 -1.29 -2.48 -2.44 -1.33 -0.96 0.625 0.619 0.868 0.739 0.768 1.792 0 0 0 0 0 0
1982-10-13T07:30:00 1982 10 13 7 30 0 0.33 -0.46 470.0 10.13 3.79 0.08 1.08 1.1 0 0 1 0 0 0 1 0 2.7 3.67 -22.0 -1.71 -1.29 -2.48 -2.44 -1.33 -0.96 0.637 0.631 0.871 0.753 0.776 1.873 0 0 0 0 0 0
1982-10-13T08:30:00 1982 10 13 8 30 0 0.33 -0.46 470.0 10.13 3.79 0.08 1.08 1.1 0 0 1 0 0 0 1 0 2.7 3.54 -17.0 -1.7 -1.29 -2.48 -2.43 -1.33 -0.96 0.644 0.636 0.873 0.76 0.778 1.907 0 0 0 0 0 0
1982-10-13T09:30:00 1982 10 13 9 30 0 0.32 -0.46 470.0 10.13 3.79 0.08 1.08 1.1 0 0 1 0 0 0 1 0 3.0 3.45 -16.0 -1.7 -1.29 -2.48 -2.43 -1.33 -0.96 0.648 0.639 0.875 0.763 0.779 1.92 0 0 0 0 0 0
1982-10-13T10:30:00 1982 10 13 10 30 0 0.32 -0.46 470.0 10.13 3.79 0.08 1.08 1.1 0 0 1 0 0 0 1 0 3.0 3.36 -21.0 -1.7 -1.29 -2.48 -2.43 -1.33 -0.96 0.652 0.641 0.878 0.765 0.779 1.926 0 0 0 0 0 0
1982-10-13T11:30:00 1982 10 13 11 30 0 0.32 -0.45 470.0 10.13 3.79 0.08 1.07 1.08 0 0 1 0 0 0 1 0 3.0 3.2 -26.0 -1.7 -1.28 -2.47 -2.43 -1.33 -0.96 0.654 0.64 0.88 0.766 0.779 1.929 0 0 0 0 0 0
1982-10-13T12:30:00 1982 10 13 12 30 0 0.31 -0.45 470.0 10.13 3.79 0.08 1.06 1.07 0 0 1 0 0 0 1 0 3.3 3.08 -32.0 -1.7 -1.28 -2.47 -2.42 -1.33 -0.96 0.655 0.64 0.882 0.765 0.779 1.93 0 0 0 0 0 0
1982-10-13T13:30:00 1982 10 13 13 30 0 0.31 -0.45 469.2 10.13 3.79 0.08 1.06 1.07 0 0 1 0 0 0 1 0 3.3 2.97 -40.0 -1.7 -1.28 -2.47 -2.42 -1.32 -0.96 0.656 0.639 0.884 0.764 0.776 1.927 0 0 0 0 0 0
1982-10-13T14:30:00 1982 10 13 14 30 0 0.31 -0.45 467.7 10.13 3.79 0.08 1.05 1.07 0 0 1 0 0 0 1 0 3.3 3.04 -44.0 -1.69 -1.28 -2.47 -2.42 -1.32 -0.95 0.655 0.639 0.885 0.762 0.772 1.914 0 0 0 0 0 0
1982-10-13T15:30:00 1982 10 13 15 30 0 0.3 -0.45 466.1 10.13 3.79 0.07 1.05 1.06 0 0 1 0 0 0 1 0 5.7 3.43 -47.0 -1.69 -1.28 -2.46 -2.42 -1.32 -0.95 0.654 0.638 0.887 0.759 0.768 1.898 0 0 0 0 0 0
1982-10-13T16:30:00 1982 10 13 16 30 0 0.3 -0.45 464.5 10.12 3.79 0.07 1.05 1.06 0 0 1 0 0 0 1 0 5.7 3.82 -53.0 -1.69 -1.28 -2.46 -2.42 -1.32 -0.95 0.652 0.638 0.887 0.756 0.764 1.881 0 0 0 0 0 0
1982-10-13T17:30:00 1982 10 13 17 30 0 0.3 -0.45 463.0 10.12 3.79 0.07 1.04 1.06 0 0 1 0 0 0 1 0 5.7 4.16 -47.0 -1.69 -1.28 -2.46 -2.41 -1.32 -0.95 0.651 0.637 0.888 0.752 0.76 1.865 0 0 0 0 0 0
1982-10-13T18:30:00 1982 10 13 18 30 0 0.29 -0.45 461.4 10.12 3.79 0.07 1.04 1.05 0 0 1 0 0 0 1 0 4.0 4.27 -44.0 -1.69 -1.27 -2.46 -2.41 -1.32 -0.95 0.649 0.636 0.889 0.748 0.756 1.85 0 0 0 0 0 0
1982-10-13T19:30:00 1982 10 13 19 30 0 0.29 -0.44 459.8 10.12 3.79 0.07 1.02 1.04 0 0 1 0 0 0 1 0 4.0 4.39 -45.0 -1.69 -1.27 -2.45 -2.41 -1.32 -0.95 0.647 0.634 0.889 0.744 0.751 1.834 0 0 0 0 0 0
1982-10-13T20:30:00 1982 10 13 20 30 0 0.29 -0.44 458.3 10.12 3.79 0.07 1.01 1.02 0 0 1 0 0 0 1 0 4.0 4.47 -58.0 -1.68 -1.27 -2.45 -2.41 -1.32 -0.95 0.645 0.633 0.889 0.74 0.747 1.819 0 0 0 0 0 0
1982-10-13T21:30:00 1982 10 13 21 30 0 0.28 -0.44 456.7 10.12 3.79 0.07 1.01 1.02 0 0 1 0 0 0 1 0 6.0 4.8 -66.0 -1.68 -1.27 -2.45 -2.4 -1.31 -0.95 0.642 0.633 0.888 0.736 0.741 1.805 0 0 0 0 0 0
1982-10-13T22:30:00 1982 10 13 22 30 0 0.28 -0.44 455.1 10.12 3.79 0.07 1.0 1.01 0 0 1 0 0 0 1 0 6.0 5.14 -55.0 -1.68 -1.27 -2.45 -2.4 -1.31 -0.95 0.64 0.632 0.888 0.731 0.736 1.79 0 0 0 0 0 0
1982-10-13T23:30:00 1982 10 13 23 30 0 0.28 -0.44 453.6 10.12 3.79 0.07 1.0 1.01 0 0 1 0 0 0 1 0 6.0 5.18 -58.0 -1.68 -1.27 -2.45 -2.4 -1.31 -0.94 0.638 0.632 0.887 0.728 0.731 1.771 0 0 0 0 0 0
