1982-03-15T00:30:00 1982 3 15 0 30 0 -0.2 -4.3 306.0 17.6 3.3 3.16 6.57 12.22 2 2 2 2 2 2 2 2 3.3 2.88 -23.0 -4.3 -4.3 -4.3 -4.3 -4.3 -4.3 1.222 1.703 0.491 1.15 1.133 3.321 2 2 2 2 2 2
1982-03-15T01:30:00 1982 3 15 1 30 0 -2.6 -3.3 302.0 14.0 2.55 2.73 5.71 8.99 2 2 2 2 2 2 2 2 3.3 2.95 -22.0 -3.3 -3.3 -3.3 -3.3 -3.3 -3.3 1.169 1.564 0.497 1.034 0.975 2.716 2 2 2 2 2 2
1982-03-15T02:30:00 1982 3 15 2 30 0 -0.9 -3.4 304.0 13.8 2.55 2.27 5.08 7.06 2 2 2 2 2 2 2 2 3.3 2.91 -17.0 -3.4 -3.4 -3.4 -3.4 -3.4 -3.4 1.098 1.433 0.5 0.918 0.88 2.278 2 2 2 2 2 2
1982-03-15T03:30:00 1982 3 15 3 30 0 -0.6 -1.5 306.0 11.4 2.13 1.12 3.61 4.58 2 2 2 2 2 2 2 2 2.7 2.79 -16.0 -1.5 -1.5 -1.5 -1.5 -1.5 -1.5 0.942 1.163 0.494 0.696 0.664 1.71 2 2 2 2 2 2
1982-03-15T04:30:00 1982 3 15 4 30 0 -4.3 -1.3 309.0 10.7 2.04 1.05 2.14 2.36 2 2 2 2 2 2 2 2 2.7 2.67 -19.0 -1.3 -1.3 -1.3 -1.3 -1.3 -1.3 0.767 0.899 0.484 0.488 0.493 1.253 2 2 2 2 2 2
1982-03-15T05:30:00 1982 3 15 5 30 0 -3.3 -2.0 308.0 11.9 2.26 1.76 2.59 2.95 2 2 2 2 2 2 2 2 2.7 2.76 -15.0 -2.0 -2.0 -2.0 -2.0 -2.0 -2.0 0.684 0.84 0.477 0.413 0.509 1.194 2 2 2 2 2 2
1982-03-15T06:30:00 1982 3 15 6 30 0 -4.6 0.0 300.0 10.3 1.85 1.42 1.4 1.58 2 2 2 2 2 2 2 2 1.7 2.71 -14.0 0.0 0.0 0.0 0.0 0.0 0.0 0.53 0.586 0.465 0.275 0.292 0.78 2 2 2 2 2 2
1982-03-15T07:30:00 1982 3 15 7 30 0 -5.6 0.8 296.0 8.7 1.52 1.36 0.0 0.0 2 2 2 2 2 2 2 2 1.7 2.66 -14.0 0.8 0.8 0.8 0.8 0.8 0.8 0.359 0.291 0.451 0.154 0.093 0.323 2 2 2 2 2 2
1982-03-15T08:30:00 1982 3 15 8 30 0 -5.2 0.78 296.0 9.3 1.63 1.35 0.0 0.0 1 1 1 1 1 1 1 1 1.7 2.46 -12.0 0.78 0.78 0.78 0.78 0.78 0.78 0.243 0.144 0.437 0.086 0.029 0.134 2 2 2 2 2 2
1982-03-15T09:30:00 1982 3 15 9 30 0 -4.8 0.72 296.0 9.9 1.73 1.16 0.0 0.0 1 1 1 1 1 1 1 1 0.7 2.13 -13.0 0.72 0.72 0.72 0.72 0.72 0.72 0.165 0.072 0.424 0.048 0.009 0.056 2 2 2 2 2 2
1982-03-15T10:30:00 1982 3 15 10 30 0 -4.4 0.7 296.0 10.5 1.84 0.98 0.0 0.0 2 2 2 2 2 2 2 2 0.7 1.8 -12.0 0.7 0.7 0.7 0.7 0.7 0.7 0.111 0.036 0.411 0.027 0.003 0.023 2 2 2 2 2 2
1982-03-15T11:30:00 1982 3 15 11 30 0 -5.23 0.59 294.7 9.87 1.72 1.13 0.0 0.0 1 1 1 1 1 1 1 1 0.7 1.55 -12.0 0.59 0.59 0.59 0.59 0.59 0.59 0.075 0.018 0.398 0.015 0.001 0.01 2 2 2 2 2 2
1982-03-15T12:30:00 1982 3 15 12 30 0 -6.07 0.11 293.3 9.23 1.59 1.69 0.0 0.0 1 1 1 1 1 1 1 1 0.7 1.31 -9.0 0.11 0.11 0.11 0.11 0.11 0.11 0.051 0.009 0.386 0.008 0.0 0.004 2 2 2 2 2 2
1982-03-15T13:30:00 1982 3 15 13 30 0 -6.9 0.0 292.0 8.6 1.47 2.34 0.0 0.0 2 2 2 2 2 2 2 2 0.7 1.06 -8.0 0.0 0.0 0.0 0.0 0.0 0.0 0.035 0.004 0.374 0.005 0.0 0.002 2 2 2 2 2 2
1982-03-15T14:30:00 1982 3 15 14 30 0 -6.5 -0.6 293.0 8.6 1.48 2.66 0.48 0.41 2 2 2 2 2 2 2 2 0.7 0.94 -7.0 -0.6 -0.6 -0.6 -0.6 -0.6 -0.6 0.061 0.127 0.364 0.02 0.105 0.185 2 2 2 2 2 2
1982-03-15T15:30:00 1982 3 15 15 30 0 -6.0 -1.0 292.0 8.4 1.43 2.65 1.19 1.01 2 2 2 2 2 2 2 2 1.0 0.86 -7.0 -1.0 -1.0 -1.0 -1.0 -1.0 -1.0 0.116 0.273 0.355 0.057 0.207 0.349 2 2 2 2 2 2
1982-03-15T16:30:00 1982 3 15 16 30 0 -6.1 -1.7 289.0 8.4 1.4 2.9 2.0 1.68 2 2 2 2 2 2 2 2 1.0 0.78 -6.0 -1.7 -1.7 -1.7 -1.7 -1.7 -1.7 0.196 0.432 0.348 0.121 0.312 0.494 2 2 2 2 2 2
1982-03-15T17:30:00 1982 3 15 17 30 0 -4.3 -2.4 283.3 8.43 1.35 2.75 2.97 2.5 2 2 1 1 1 2 2 1 1.0 0.82 -9.0 -2.4 -2.4 -2.4 -2.4 -2.4 -2.4 0.296 0.599 0.344 0.213 0.412 0.619 1 1 2 1 1 1
1982-03-15T18:30:00 1982 3 15 18 30 0 -4.8 -2.35 277.7 8.47 1.31 2.57 3.33 2.81 1 1 1 1 1 1 1 1 0.7 0.81 -12.0 -2.35 -2.35 -2.35 -2.35 -2.35 -2.35 0.375 0.704 0.342 0.277 0.45 0.671 1 1 2 1 1 1
1982-03-15T19:30:00 1982 3 15 19 30 0 -5.3 -2.15 272.0 8.5 1.26 2.73 3.08 2.61 1 1 2 2 2 1 2 2 0.7 0.81 -12.0 -2.15 -2.15 -2.15 -2.15 -2.15 -2.15 0.416 0.738 0.338 0.297 0.438 0.661 1 1 2 1 1 1
1982-03-15T20:30:00 1982 3 15 20 30 0 -5.8 -2.1 271.0 8.4 1.23 2.93 2.88 2.43 2 2 2 2 2 2 2 2 0.7 0.81 -11.0 -2.1 -2.1 -2.1 -2.1 -2.1 -2.1 0.436 0.741 0.334 0.298 0.421 0.637 1 2 2 1 2 2
1982-03-15T21:30:00 1982 3 15 21 30 0 -5.9 -2.4 275.0 8.4 1.27 3.26 3.09 2.6 2 2 2 2 2 2 2 2 1.3 0.89 -11.0 -2.4 -2.4 -2.4 -2.4 -2.4 -2.4 0.462 0.765 0.33 0.315 0.438 0.65 2 2 2 2 2 2
1982-03-15T22:30:00 1982 3 15 22 30 0 -5.7 -3.0 274.0 8.6 1.29 3.65 3.74 3.18 2 2 2 2 2 2 2 2 1.3 0.96 -14.0 -3.0 -3.0 -3.0 -3.0 -3.0 -3.0 0.512 0.836 0.329 0.369 0.492 0.71 2 2 2 2 2 2
1982-03-15T23:30:00 1982 3 15 23 30 0 -5.7 -2.51 272.9 8.6 1.29 3.58 3.74 3.22 1 1 1 1 1 1 1 1 1.3 1.0 -15.0 -2.7 -2.63 -2.84 -2.83 -2.64 -2.58 0.546 0.867 0.329 0.406 0.5 0.725 1 1 2 1 1 1
