1982-12-05T00:30:00 1982 12 5 0 30 0 -1.4 -9.7 465.0 8.1 3.32 22.36 22.55 18.27 2 2 0 0 0 1 1 1 4.0 3.47 -37.0 -9.7 -9.7 -9.7 -9.7 -9.7 -9.7 2.377 2.191 0.907 3.964 2.761 4.779 0 0 0 0 0 0
1982-12-05T01:30:00 1982 12 5 1 30 0 -0.2 -9.5 465.0 8.1 3.32 21.65 22.3 18.06 2 2 0 0 0 1 1 1 4.0 3.79 -51.0 -9.5 -9.5 -9.5 -9.5 -9.5 -9.5 2.477 2.202 1.033 3.996 2.737 4.772 0 0 0 0 0 0
1982-12-05T02:30:00 1982 12 5 2 30 0 -5.2 -6.9 465.0 8.1 3.32 17.26 18.81 15.24 2 2 0 0 0 1 1 1 4.0 3.95 -55.0 -6.9 -6.9 -6.9 -6.9 -6.9 -6.9 2.403 2.059 1.121 3.595 2.462 4.464 0 0 0 0 0 0
1982-12-05T03:30:00 1982 12 5 3 30 0 -6.0 -5.1 465.0 8.1 3.32 12.97 13.78 11.16 2 2 0 0 0 1 1 1 4.0 4.1 -42.0 -5.1 -5.1 -5.1 -5.1 -5.1 -5.1 2.182 1.807 1.166 2.923 2.069 3.961 0 0 0 0 0 0
1982-12-05T04:30:00 1982 12 5 4 30 0 -4.3 -4.9 465.0 8.1 3.32 9.83 11.61 9.4 2 2 0 0 0 1 1 1 4.0 4.25 -36.0 -4.9 -4.9 -4.9 -4.9 -4.9 -4.9 1.968 1.616 1.195 2.399 1.839 3.613 0 0 0 0 0 0
1982-12-05T05:30:00 1982 12 5 5 30 0 -5.0 -4.1 465.0 8.1 3.32 8.15 10.39 8.41 2 2 0 0 0 1 1 1 4.0 4.17 -41.0 -4.1 -4.1 -4.1 -4.1 -4.1 -4.1 1.772 1.46 1.214 1.989 1.661 3.335 0 0 0 0 0 0
1982-12-05T06:30:00 1982 12 5 6 30 0 -5.2 -4.6 465.0 8.1 3.32 8.43 10.16 8.23 2 2 0 0 0 1 1 1 3.0 3.95 -43.0 -4.6 -4.6 -4.6 -4.6 -4.6 -4.6 1.644 1.391 1.233 1.773 1.626 3.242 0 0 0 0 0 0
1982-12-05T07:30:00 1982 12 5 7 30 0 -6.3 -2.9 465.0 8.1 3.32 7.91 8.55 6.93 2 2 0 0 0 1 1 1 3.0 3.74 -41.0 -2.9 -2.9 -2.9 -2.9 -2.9 -2.9 1.473 1.252 1.236 1.473 1.424 2.96 0 0 0 0 0 0
1982-12-05T08:30:00 1982 12 5 8 30 0 -4.6 0.8 465.0 8.1 3.32 3.61 2.37 1.92 2 2 0 0 0 1 1 1 3.0 3.61 -42.0 0.8 0.8 0.8 0.8 0.8 0.8 1.08 0.768 1.206 0.896 0.657 1.702 0 0 0 0 0 0
1982-12-05T09:30:00 1982 12 5 9 30 0 -4.9 0.1 465.0 8.1 3.32 1.83 0.0 0.0 2 2 0 0 0 1 1 1 0.7 3.18 -39.0 0.1 0.1 0.1 0.1 0.1 0.1 0.731 0.381 1.169 0.502 0.208 0.706 0 0 0 0 0 0
1982-12-05T10:30:00 1982 12 5 10 30 0 -4.1 -0.2 465.0 8.1 3.32 1.89 0.17 0.14 2 2 0 0 0 1 1 1 0.7 2.76 -38.0 -0.2 -0.2 -0.2 -0.2 -0.2 -0.2 0.511 0.24 1.134 0.287 0.149 0.527 0 0 0 0 0 0
1982-12-05T11:30:00 1982 12 5 11 30 0 -5.3 1.5 465.0 8.1 3.32 1.67 0.01 0.01 2 2 0 0 0 1 1 1 0.7 2.35 -36.0 1.5 1.5 1.5 1.5 1.5 1.5 0.346 0.119 1.099 0.161 0.047 0.219 0 0 0 0 0 0
1982-12-05T12:30:00 1982 12 5 12 30 0 -5.7 1.7 465.0 8.1 3.32 1.81 0.0 0.0 2 2 0 0 0 1 1 1 1.0 1.98 -32.0 1.7 1.7 1.7 1.7 1.7 1.7 0.234 0.059 1.065 0.09 0.015 0.091 0 0 0 0 0 0
1982-12-05T13:30:00 1982 12 5 13 30 0 -2.6 -0.2 465.0 8.1 3.32 1.21 0.05 0.04 2 2 0 0 0 1 1 1 1.0 1.61 -28.0 -0.2 -0.2 -0.2 -0.2 -0.2 -0.2 0.167 0.056 1.033 0.054 0.052 0.159 0 0 0 0 0 0
1982-12-05T14:30:00 1982 12 5 14 30 0 -3.9 -0.85 465.0 8.1 3.32 1.36 1.28 1.04 1 1 0 0 0 1 1 0 1.0 1.37 -22.0 -0.85 -0.85 -0.85 -0.85 -0.85 -0.85 0.194 0.208 1.006 0.085 0.31 0.73 0 0 0 0 0 0
1982-12-05T15:30:00 1982 12 5 15 30 0 -5.2 -1.5 465.0 8.1 3.32 2.94 2.79 2.26 2 2 0 0 0 1 1 1 1.0 1.13 -21.0 -1.5 -1.5 -1.5 -1.5 -1.5 -1.5 0.282 0.394 0.986 0.181 0.571 1.27 0 0 0 0 0 0
1982-12-05T16:30:00 1982 12 5 16 30 0 -5.2 0.7 465.0 8.1 3.32 2.74 1.05 0.85 2 2 0 0 0 1 1 1 1.0 0.89 -24.0 0.7 0.7 0.7 0.7 0.7 0.7 0.229 0.27 0.958 0.126 0.282 0.782 0 0 0 0 0 0
1982-12-05T17:30:00 1982 12 5 17 30 0 -4.7 -0.8 465.0 8.1 3.32 2.32 0.58 0.47 2 2 0 0 0 1 1 1 1.0 0.93 -24.0 -0.8 -0.8 -0.8 -0.8 -0.8 -0.8 0.201 0.246 0.931 0.102 0.282 0.76 0 0 0 0 0 0
1982-12-05T18:30:00 1982 12 5 18 30 0 -4.4 -1.5 465.0 8.1 3.32 2.84 2.74 2.22 2 2 0 0 0 1 1 1 1.7 1.06 -22.0 -1.5 -1.5 -1.5 -1.5 -1.5 -1.5 0.284 0.41 0.913 0.189 0.558 1.275 0 0 0 0 0 0
1982-12-05T19:30:00 1982 12 5 19 30 0 -4.1 0.0 465.0 8.1 3.32 2.17 1.6 1.29 2 2 0 0 0 1 1 1 1.7 1.18 -23.0 0.0 0.0 0.0 0.0 0.0 0.0 0.257 0.333 0.889 0.15 0.363 0.979 0 0 0 0 0 0
1982-12-05T20:30:00 1982 12 5 20 30 0 -4.4 0.2 465.0 8.1 3.32 1.62 0.0 0.0 2 2 0 0 0 1 1 1 1.7 1.27 -22.0 0.2 0.2 0.2 0.2 0.2 0.2 0.174 0.166 0.862 0.084 0.115 0.406 0 0 0 0 0 0
1982-12-05T21:30:00 1982 12 5 21 30 0 -4.8 -1.0 465.0 8.1 3.32 2.3 1.07 0.86 2 2 0 0 0 1 1 1 0.7 1.23 -23.0 -1.0 -1.0 -1.0 -1.0 -1.0 -1.0 0.193 0.252 0.84 0.101 0.319 0.798 0 0 0 0 0 0
1982-12-05T22:30:00 1982 12 5 22 30 0 -4.1 -1.2 465.0 8.1 3.32 2.66 2.58 2.09 2 2 0 0 0 1 1 1 0.7 1.19 -26.0 -1.2 -1.2 -1.2 -1.2 -1.2 -1.2 0.266 0.392 0.823 0.17 0.531 1.234 0 0 0 0 0 0
1982-12-05T23:30:00 1982 12 5 23 30 0 -4.3 -2.6 465.0 8.1 3.32 3.4 4.55 3.69 2 2 0 0 0 1 1 1 0.7 1.14 -23.0 -2.6 -2.6 -2.6 -2.6 -2.6 -2.6 0.413 0.603 0.819 0.354 0.841 1.778 0 0 0 0 0 0
