1982-12-28T00:30:00 1982 12 28 0 30 0 1.44 0.28 465.6 8.09 3.32 0.16 0.0 0.0 0 0 0 0 0 0 0 0 3.3 3.13 12.0 -1.56 -1.15 -2.36 -2.31 -1.19 -0.82 0.558 0.535 0.789 0.649 0.648 1.304 0 0 0 0 0 0
1982-12-28T01:30:00 1982 12 28 1 30 0 1.45 0.28 465.6 8.09 3.32 0.16 0.0 0.0 0 0 0 0 0 0 0 0 3.3 3.2 9.0 -1.56 -1.14 -2.36 -2.31 -1.19 -0.82 0.557 0.534 0.789 0.648 0.648 1.301 0 0 0 0 0 0
1982-12-28T02:30:00 1982 12 28 2 30 0 1.45 0.28 465.6 8.09 3.32 0.16 0.0 0.0 0 0 0 0 0 0 0 0 3.3 3.32 -2.0 -1.56 -1.14 -2.36 -2.31 -1.18 -0.82 0.557 0.533 0.789 0.647 0.647 1.3 0 0 0 0 0 0
1982-12-28T03:30:00 1982 12 28 3 30 0 1.45 0.28 465.6 8.09 3.32 0.16 0.0 0.0 0 0 0 0 0 0 0 0 3.7 3.49 -11.0 -1.56 -1.14 -2.35 -2.3 -1.18 -0.82 0.556 0.533 0.789 0.646 0.645 1.299 0 0 0 0 0 0
1982-12-28T04:30:00 1982 12 28 4 30 0 1.45 0.28 465.6 8.09 3.32 0.16 0.0 0.0 0 0 0 0 0 0 0 0 3.7 3.66 -9.0 -1.55 -1.14 -2.35 -2.3 -1.18 -0.82 0.555 0.532 0.789 0.644 0.645 1.299 0 0 0 0 0 0
1982-12-28T05:30:00 1982 12 28 5 30 0 1.46 0.28 465.6 8.09 3.32 0.16 0.0 0.0 0 0 0 0 0 0 0 0 3.7 3.62 -6.0 -1.55 -1.14 -2.35 -2.3 -1.18 -0.82 0.554 0.532 0.79 0.643 0.645 1.299 0 0 0 0 0 0
1982-12-28T06:30:00 1982 12 28 6 30 0 1.46 0.28 465.6 8.09 3.32 0.16 0.0 0.0 0 0 0 0 0 0 0 0 3.3 3.54 -8.0 -1.55 -1.14 -2.34 -2.3 -1.18 -0.82 0.554 0.532 0.79 0.643 0.645 1.299 0 0 0 0 0 0
1982-12-28T07:30:00 1982 12 28 7 30 0 1.46 0.28 465.6 8.09 3.32 0.16 0.0 0.0 0 0 0 0 0 0 0 0 3.3 3.45 -3.0 -1.55 -1.13 -2.34 -2.29 -1.18 -0.82 0.553 0.531 0.79 0.642 0.645 1.299 0 0 0 0 0 0
1982-12-28T08:30:00 1982 12 28 8 30 0 1.46 0.28 465.6 8.09 3.32 0.16 0.0 0.0 0 0 0 0 0 0 0 0 3.3 3.45 -5.0 -1.55 -1.13 -2.34 -2.29 -1.17 -0.81 0.553 0.53 0.79 0.64 0.643 1.295 0 0 0 0 0 0
1982-12-28T09:30:00 1982 12 28 9 30 0 1.47 0.29 465.6 8.09 3.32 0.16 0.0 0.0 0 0 0 0 0 0 0 0 3.3 3.45 -12.0 -1.54 -1.13 -2.33 -2.29 -1.17 -0.81 0.552 0.529 0.789 0.64 0.641 1.292 0 0 0 0 0 0
1982-12-28T10:30:00 1982 12 28 10 30 0 1.47 0.29 465.6 8.09 3.32 0.16 0.0 0.0 0 0 0 0 0 0 0 0 3.3 3.44 -10.0 -1.54 -1.13 -2.33 -2.28 -1.17 -0.81 0.551 0.529 0.789 0.638 0.641 1.291 0 0 0 0 0 0
1982-12-28T11:30:00 1982 12 28 11 30 0 1.47 0.29 465.6 8.09 3.32 0.16 0.0 0.0 0 0 0 0 0 0 0 0 3.3 3.4 -6.0 -1.54 -1.13 -2.33 -2.28 -1.17 -0.81 0.55 0.529 0.789 0.637 0.641 1.291 0 0 0 0 0 0
1982-12-28T12:30:00 1982 12 28 12 30 0 1.48 0.29 465.6 8.09 3.32 0.16 0.0 0.0 0 0 0 0 0 0 0 0 3.7 3.4 -13.0 -1.54 -1.12 -2.32 -2.28 -1.17 -0.81 0.55 0.528 0.789 0.636 0.641 1.291 0 0 0 0 0 0
1982-12-28T13:30:00 1982 12 28 13 30 0 1.48 0.29 465.6 8.09 3.32 0.16 0.0 0.0 0 0 0 0 0 0 0 0 3.7 3.4 -18.0 -1.53 -1.12 -2.32 -2.27 -1.17 -0.81 0.549 0.527 0.789 0.635 0.641 1.29 0 0 0 0 0 0
1982-12-28T14:30:00 1982 12 28 14 30 0 1.48 0.29 465.6 8.09 3.32 0.16 0.0 0.0 0 0 0 0 0 0 0 0 3.7 3.46 -20.0 -1.53 -1.12 -2.32 -2.27 -1.16 -0.81 0.548 0.526 0.788 0.633 0.639 1.29 0 0 0 0 0 0
1982-12-28T15:30:00 1982 12 28 15 30 0 1.48 0.29 465.6 8.09 3.32 0.16 0.0 0.0 0 0 0 0 0 0 0 0 3.0 3.41 -10.0 -1.53 -1.12 -2.31 -2.27 -1.16 -0.81 0.547 0.526 0.788 0.633 0.638 1.29 0 0 0 0 0 0
1982-12-28T16:30:00 1982 12 28 16 30 0 1.49 0.29 465.6 8.09 3.32 0.17 0.0 0.0 0 0 0 0 0 0 0 0 3.0 3.37 -11.0 -1.53 -1.12 -2.31 -2.26 -1.16 -0.8 0.547 0.526 0.788 0.631 0.637 1.287 0 0 0 0 0 0
1982-12-28T17:30:00 1982 12 28 17 30 0 1.49 0.29 465.6 8.09 3.32 0.17 0.0 0.0 0 0 0 0 0 0 0 0 3.0 3.33 -10.0 -1.53 -1.12 -2.31 -2.26 -1.16 -0.8 0.547 0.526 0.787 0.63 0.637 1.284 0 0 0 0 0 0
1982-12-28T18:30:00 1982 12 28 18 30 0 1.49 0.29 465.6 8.09 3.32 0.17 0.0 0.0 0 0 0 0 0 0 0 0 4.3 3.46 -12.0 -1.52 -1.11 -2.3 -2.26 -1.16 -0.8 0.546 0.525 0.787 0.629 0.637 1.283 0 0 0 0 0 0
1982-12-28T19:30:00 1982 12 28 19 30 0 1.49 0.3 465.6 8.09 3.32 0.17 0.0 0.0 0 0 0 0 0 0 0 0 4.3 3.59 -15.0 -1.52 -1.11 -2.3 -2.25 -1.15 -0.8 0.545 0.524 0.786 0.628 0.635 1.282 0 0 0 0 0 0
1982-12-28T20:30:00 1982 12 28 20 30 0 1.5 0.3 465.6 8.09 3.32 0.17 0.0 0.0 0 0 0 0 0 0 0 0 4.3 3.67 -20.0 -1.52 -1.11 -2.3 -2.25 -1.15 -0.8 0.544 0.523 0.786 0.626 0.634 1.282 0 0 0 0 0 0
1982-12-28T21:30:00 1982 12 28 21 30 0 1.5 0.3 465.6 8.09 3.32 0.17 0.0 0.0 0 0 0 0 0 0 0 0 3.7 3.67 -15.0 -1.52 -1.11 -2.3 -2.25 -1.15 -0.8 0.544 0.523 0.785 0.625 0.633 1.282 0 0 0 0 0 0
1982-12-28T22:30:00 1982 12 28 22 30 0 1.5 0.3 465.6 8.09 3.32 0.17 0.0 0.0 0 0 0 0 0 0 0 0 3.7 3.67 -9.0 -1.51 -1.11 -2.29 -2.24 -1.15 -0.8 0.543 0.523 0.785 0.624 0.633 1.282 0 0 0 0 0 0
1982-12-28T23:30:00 1982 12 28 23 30 0 1.5 0.3 465.6 8.09 3.32 0.17 0.0 0.0 0 0 0 0 0 0 0 0 3.7 3.76 -9.0 -1.51 -1.11 -2.29 -2.24 -1.15 -0.79 0.542 0.523 0.784 0.623 0.633 1.278 0 0 0 0 0 0
