1982-01-11T00:30:00 1982 1 11 0 30 0 -5.2 -3.2 300.0 10.6 1.91 3.84 4.33 4.57 2 2 2 2 2 2 2 2 2.3 1.84 16.0 -3.2 -3.2 -3.2 -3.2 -3.2 -3.2 0.719 1.053 0.186 0.594 0.678 1.282 2 2 2 2 2 2
1982-01-11T01:30:00 1982 1 11 1 30 0 -4.5 -3.8 313.0 9.2 1.8 4.23 5.41 5.32 2 2 2 2 2 2 2 2 2.3 2.08 16.0 -3.8 -3.8 -3.8 -3.8 -3.8 -3.8 0.773 1.106 0.198 0.657 0.747 1.312 2 2 2 2 2 2
1982-01-11T02:30:00 1982 1 11 2 30 0 -4.8 -3.6 297.0 10.6 1.87 4.27 5.62 5.59 2 2 2 2 2 2 2 2 2.3 2.16 13.0 -3.6 -3.6 -3.6 -3.6 -3.6 -3.6 0.815 1.15 0.209 0.699 0.764 1.341 2 2 2 2 2 2
1982-01-11T03:30:00 1982 1 11 3 30 0 -5.0 -4.2 299.5 10.35 1.86 4.66 5.86 6.13 2 2 1 1 1 2 2 1 2.7 2.28 12.0 -4.2 -4.2 -4.2 -4.2 -4.2 -4.2 0.866 1.216 0.222 0.76 0.803 1.4 2 1 2 2 1 1
1982-01-11T04:30:00 1982 1 11 4 30 0 -4.5 -3.2 302.0 10.1 1.84 4.24 5.5 5.62 2 2 2 2 2 2 2 2 2.7 2.4 12.0 -3.2 -3.2 -3.2 -3.2 -3.2 -3.2 0.869 1.19 0.232 0.74 0.763 1.356 2 2 2 2 2 2
1982-01-11T05:30:00 1982 1 11 5 30 0 -4.7 -2.9 301.0 11.9 2.16 3.44 4.58 5.06 2 2 2 2 2 2 2 2 2.7 2.46 12.0 -2.9 -2.9 -2.9 -2.9 -2.9 -2.9 0.843 1.143 0.239 0.68 0.721 1.384 2 2 2 2 2 2
1982-01-11T06:30:00 1982 1 11 6 30 0 -4.5 -2.9 308.0 11.1 2.11 3.32 4.42 5.07 2 2 2 2 2 2 2 2 1.0 2.28 11.0 -2.9 -2.9 -2.9 -2.9 -2.9 -2.9 0.821 1.11 0.245 0.641 0.709 1.411 2 2 2 2 2 2
1982-01-11T07:30:00 1982 1 11 7 30 0 -5.2 -2.0 299.0 12.2 2.18 3.04 3.66 4.27 2 2 2 2 2 2 2 2 1.0 2.11 10.0 -2.0 -2.0 -2.0 -2.0 -2.0 -2.0 0.763 1.021 0.248 0.552 0.627 1.339 2 2 2 2 2 2
1982-01-11T08:30:00 1982 1 11 8 30 0 -4.8 -2.0 294.0 11.0 1.9 2.68 2.96 3.42 2 2 2 2 2 2 2 2 1.0 1.94 11.0 -2.0 -2.0 -2.0 -2.0 -2.0 -2.0 0.694 0.928 0.248 0.464 0.55 1.191 2 2 2 2 2 2
1982-01-11T09:30:00 1982 1 11 9 30 0 -5.5 -2.2 293.0 10.8 1.85 2.88 3.09 3.37 2 2 2 2 2 2 2 2 0.7 1.74 11.0 -2.2 -2.2 -2.2 -2.2 -2.2 -2.2 0.652 0.891 0.249 0.423 0.532 1.103 2 2 2 2 2 2
1982-01-11T10:30:00 1982 1 11 10 30 0 -6.0 -1.2 296.0 11.4 2.0 2.95 2.44 2.71 2 2 2 2 2 2 2 2 0.7 1.54 8.0 -1.2 -1.2 -1.2 -1.2 -1.2 -1.2 0.581 0.788 0.247 0.345 0.452 0.99 2 2 2 2 2 2
1982-01-11T11:30:00 1982 1 11 11 30 0 -5.7 -2.2 294.0 11.7 2.02 3.07 2.57 2.97 2 2 2 2 2 2 2 2 0.7 1.29 7.0 -2.2 -2.2 -2.2 -2.2 -2.2 -2.2 0.56 0.798 0.246 0.336 0.485 1.038 2 2 2 2 2 2
1982-01-11T12:30:00 1982 1 11 12 30 0 -6.2 -1.0 292.0 11.4 1.94 3.0 2.27 2.62 2 2 2 2 2 2 2 2 1.0 1.09 8.0 -1.0 -1.0 -1.0 -1.0 -1.0 -1.0 0.509 0.724 0.244 0.286 0.417 0.942 2 2 2 2 2 2
1982-01-11T13:30:00 1982 1 11 13 30 0 -6.8 0.2 292.0 11.0 1.88 2.57 0.55 0.62 2 2 2 2 2 2 2 2 1.0 0.89 10.0 0.2 0.2 0.2 0.2 0.2 0.2 0.373 0.445 0.237 0.173 0.193 0.541 2 2 2 2 2 2
1982-01-11T14:30:00 1982 1 11 14 30 0 -5.9 -2.7 289.0 10.8 1.8 3.13 1.99 2.16 2 2 2 2 2 2 2 2 1.0 0.89 14.0 -2.7 -2.7 -2.7 -2.7 -2.7 -2.7 0.399 0.589 0.236 0.226 0.373 0.749 2 2 2 2 2 2
1982-01-11T15:30:00 1982 1 11 15 30 0 -6.6 -1.7 287.7 11.03 1.82 3.68 3.11 3.4 2 2 1 1 1 2 2 1 1.0 0.89 14.0 -1.7 -1.7 -1.7 -1.7 -1.7 -1.7 0.444 0.706 0.236 0.277 0.449 0.88 2 1 2 1 1 1
1982-01-11T16:30:00 1982 1 11 16 30 0 -6.5 -1.5 286.3 11.27 1.85 3.39 2.28 2.55 1 1 1 1 1 1 1 1 1.0 0.89 12.0 -1.5 -1.5 -1.5 -1.5 -1.5 -1.5 0.439 0.703 0.234 0.263 0.423 0.873 1 1 2 1 1 1
1982-01-11T17:30:00 1982 1 11 17 30 0 -6.4 -1.3 285.0 11.5 1.87 3.14 1.99 2.26 2 2 2 2 2 2 2 2 1.0 0.93 10.0 -1.3 -1.3 -1.3 -1.3 -1.3 -1.3 0.421 0.673 0.232 0.238 0.389 0.842 2 2 2 2 2 2
1982-01-11T18:30:00 1982 1 11 18 30 0 -5.1 -2.8 302.0 13.1 2.39 3.28 3.12 3.89 2 2 2 2 2 2 2 2 1.7 1.06 11.0 -2.8 -2.8 -2.8 -2.8 -2.8 -2.8 0.492 0.821 0.234 0.33 0.541 1.151 2 2 2 2 2 2
1982-01-11T19:30:00 1982 1 11 19 30 0 -5.2 0.7 305.0 8.7 1.62 2.16 1.52 1.8 2 2 2 2 2 2 2 2 1.7 1.18 9.0 0.7 0.7 0.7 0.7 0.7 0.7 0.401 0.568 0.23 0.233 0.293 0.742 2 2 2 2 2 2
1982-01-11T20:30:00 1982 1 11 20 30 0 -4.3 2.5 308.0 7.5 1.42 0.84 0.0 0.0 2 2 2 2 2 2 2 2 1.7 1.27 7.0 2.5 2.5 2.5 2.5 2.5 2.5 0.271 0.282 0.223 0.13 0.093 0.308 2 2 2 2 2 2
1982-01-11T21:30:00 1982 1 11 21 30 0 -4.6 1.9 312.0 7.6 1.48 0.64 0.0 0.0 2 2 2 2 2 2 2 2 0.0 1.14 9.0 1.9 1.9 1.9 1.9 1.9 1.9 0.184 0.14 0.216 0.073 0.029 0.128 2 2 2 2 2 2
1982-01-11T22:30:00 1982 1 11 22 30 0 -3.8 2.0 304.0 8.2 1.52 0.57 0.0 0.0 2 2 2 2 2 2 2 2 0.0 1.0 10.0 2.0 2.0 2.0 2.0 2.0 2.0 0.124 0.07 0.209 0.041 0.009 0.053 2 2 2 2 2 2
1982-01-11T23:30:00 1982 1 11 23 30 0 -6.0 -0.9 302.0 7.6 1.39 1.41 0.27 0.21 2 2 2 2 2 2 2 2 0.0 0.87 11.0 -0.9 -0.9 -0.9 -0.9 -0.9 -0.9 0.111 0.119 0.204 0.039 0.084 0.14 2 2 2 2 2 2
