1982-08-18T00:30:00 1982 8 18 0 30 0 -10.3 -1.2 372.0 14.8 4.28 8.83 3.93 6.52 2 2 2 2 2 2 2 2 3.3 3.82 -17.0 -1.2 -1.2 -1.2 -1.2 -1.2 -1.2 0.816 1.122 0.331 0.757 0.919 3.118 2 2 2 2 2 2
1982-08-18T01:30:00 1982 8 18 1 30 0 -8.8 3.9 371.0 15.3 4.46 4.89 0.17 0.26 2 2 2 2 2 2 2 2 3.3 4.08 -16.0 3.9 3.9 3.9 3.9 3.9 3.9 0.552 0.557 0.32 0.424 0.291 1.293 2 2 2 2 2 2
1982-08-18T02:30:00 1982 8 18 2 30 0 -9.0 9.0 379.0 15.3 4.67 2.08 0.0 0.0 2 2 2 2 2 2 2 2 3.3 3.99 -9.0 9.0 9.0 9.0 9.0 9.0 9.0 0.374 0.277 0.311 0.237 0.092 0.537 2 2 2 2 2 2
1982-08-18T03:30:00 1982 8 18 3 30 0 -5.2 -3.5 368.0 15.3 4.55 2.65 1.19 1.82 2 2 2 2 2 2 2 2 3.3 3.9 -5.0 -3.5 -3.5 -3.5 -3.5 -3.5 -3.5 0.378 0.414 0.309 0.285 0.383 1.118 2 2 2 2 2 2
1982-08-18T04:30:00 1982 8 18 4 30 0 0.8 -12.8 362.0 10.3 2.79 15.28 15.55 18.89 2 2 2 2 2 2 2 2 3.3 3.81 -16.0 -12.8 -12.8 -12.8 -12.8 -12.8 -12.8 1.077 1.476 0.399 1.724 1.617 2.971 2 2 2 2 2 2
1982-08-18T05:30:00 1982 8 18 5 30 0 1.1 -2.2 424.0 13.7 4.93 11.63 13.69 16.09 1 1 2 2 2 1 2 2 3.3 3.64 -24.0 -2.2 -2.2 -2.2 -2.2 -2.2 -2.2 1.301 1.619 0.457 1.879 1.627 3.666 2 1 2 2 1 1
1982-08-18T06:30:00 1982 8 18 6 30 0 1.4 8.4 432.0 9.9 3.63 0.09 0.31 0.41 2 2 2 2 2 2 2 2 3.0 3.43 -20.0 8.4 8.4 8.4 8.4 8.4 8.4 0.881 0.804 0.443 1.052 0.515 1.521 2 1 2 2 1 1
1982-08-18T07:30:00 1982 8 18 7 30 0 -4.0 6.7 415.0 9.2 3.59 0.06 0.0 0.0 2 2 2 2 2 2 2 2 3.0 3.22 -15.0 6.7 6.7 6.7 6.7 6.7 6.7 0.596 0.399 0.429 0.589 0.163 0.631 2 1 2 2 1 1
1982-08-18T08:30:00 1982 8 18 8 30 0 -3.3 4.8 418.0 8.7 3.11 0.22 0.0 0.0 2 2 2 2 2 2 2 2 3.0 3.18 -12.0 4.8 4.8 4.8 4.8 4.8 4.8 0.404 0.198 0.416 0.33 0.052 0.262 2 1 2 2 1 1
1982-08-18T09:30:00 1982 8 18 9 30 0 -6.5 8.0 429.0 8.5 3.18 0.52 0.0 0.0 2 2 2 2 2 2 2 2 1.7 2.98 -12.0 8.0 8.0 8.0 8.0 8.0 8.0 0.273 0.098 0.403 0.185 0.016 0.109 2 1 2 2 1 1
1982-08-18T10:30:00 1982 8 18 10 30 0 -5.3 6.5 438.0 8.6 3.3 0.71 0.0 0.0 2 2 2 2 2 2 2 2 1.7 2.77 -10.0 6.5 6.5 6.5 6.5 6.5 6.5 0.185 0.049 0.391 0.103 0.005 0.045 2 1 2 2 1 1
1982-08-18T11:30:00 1982 8 18 11 30 0 -4.9 5.5 423.0 8.1 2.89 0.57 0.0 0.0 2 2 2 2 2 2 2 2 1.7 2.57 -12.0 5.5 5.5 5.5 5.5 5.5 5.5 0.125 0.024 0.379 0.058 0.002 0.019 2 1 2 2 1 1
1982-08-18T12:30:00 1982 8 18 12 30 0 -4.9 4.56 435.0 10.4 3.94 0.61 0.0 0.0 1 1 2 2 2 1 2 2 3.0 2.54 -13.0 4.32 4.37 4.21 4.21 4.36 4.41 0.085 0.012 0.368 0.032 0.001 0.008 2 1 2 2 1 1
1982-08-18T13:30:00 1982 8 18 13 30 0 -4.18 1.1 435.0 9.5 3.6 0.82 0.0 0.0 1 1 2 2 2 1 2 2 3.0 2.51 -19.0 -0.07 0.18 -0.59 -0.56 0.15 0.35 0.061 0.006 0.357 0.032 0.0 0.003 1 1 2 1 1 1
1982-08-18T14:30:00 1982 8 18 14 30 0 -2.86 0.44 439.0 9.1 3.51 0.79 0.0 0.0 1 0 2 2 2 1 1 1 3.0 2.52 -19.0 -0.91 -0.62 -1.5 -1.46 -0.65 -0.41 0.121 0.125 0.355 0.134 0.198 0.315 1 0 2 0 0 0
1982-08-18T15:30:00 1982 8 18 15 30 0 -1.54 0.44 429.0 8.2 3.02 0.32 0.0 0.0 1 0 2 2 2 1 1 1 3.0 2.52 -22.0 -0.9 -0.62 -1.5 -1.46 -0.65 -0.41 0.189 0.242 0.356 0.221 0.326 0.598 0 0 1 0 0 0
1982-08-18T16:30:00 1982 8 18 16 30 0 -1.04 0.45 439.0 7.8 3.01 0.09 0.0 0.0 0 0 2 2 2 1 1 1 3.0 2.53 -18.0 -0.9 -0.62 -1.5 -1.46 -0.65 -0.41 0.233 0.295 0.356 0.267 0.364 0.686 0 0 1 0 0 0
1982-08-18T17:30:00 1982 8 18 17 30 0 -1.36 0.45 446.0 7.9 3.14 0.08 0.0 0.0 1 0 2 2 2 1 1 1 3.0 2.69 -14.0 -0.9 -0.62 -1.5 -1.46 -0.65 -0.41 0.263 0.321 0.357 0.296 0.383 0.737 0 0 1 0 0 0
1982-08-18T18:30:00 1982 8 18 18 30 0 -2.24 0.45 449.0 9.0 3.63 0.23 0.0 0.0 1 0 2 2 2 1 1 1 3.3 2.88 -17.0 -0.9 -0.62 -1.5 -1.46 -0.65 -0.41 0.289 0.342 0.359 0.32 0.404 0.83 0 0 1 0 0 0
1982-08-18T19:30:00 1982 8 18 19 30 0 -3.12 1.25 440.3 8.73 3.45 0.43 0.0 0.0 1 1 1 1 1 1 1 1 3.3 3.08 -17.0 0.08 0.33 -0.43 -0.4 0.31 0.51 0.233 0.211 0.354 0.246 0.183 0.406 0 0 1 0 0 0
1982-08-18T20:30:00 1982 8 18 20 30 0 -3.6 5.4 431.7 8.47 3.28 0.32 0.0 0.0 1 1 1 1 1 1 1 1 3.3 3.12 -24.0 5.15 5.21 5.05 5.05 5.2 5.24 0.158 0.105 0.343 0.138 0.058 0.168 0 0 1 0 0 0
1982-08-18T21:30:00 1982 8 18 21 30 0 -3.6 6.5 423.0 8.2 3.1 0.21 0.0 0.0 2 2 2 2 2 2 2 2 4.0 3.25 -18.0 6.5 6.5 6.5 6.5 6.5 6.5 0.107 0.052 0.333 0.077 0.018 0.07 0 0 1 0 0 0
1982-08-18T22:30:00 1982 8 18 22 30 0 -8.9 0.3 423.0 7.7 2.74 2.25 0.0 0.0 2 2 2 2 2 2 2 2 4.0 3.37 -13.0 0.3 0.3 0.3 0.3 0.3 0.3 0.072 0.026 0.322 0.043 0.006 0.029 0 0 1 0 0 0
1982-08-18T23:30:00 1982 8 18 23 30 0 -9.1 1.5 427.0 7.8 2.84 5.33 0.0 0.0 2 2 2 2 2 2 2 2 4.0 3.5 -10.0 1.5 1.5 1.5 1.5 1.5 1.5 0.049 0.013 0.313 0.024 0.002 0.012 0 0 1 0 0 0
