1982-05-26T00:30:00 1982 5 26 0 30 0 -2.13 0.15 341.5 22.15 5.18 0.1 0.0 0.0 1 1 1 1 1 1 1 1 2.7 2.78 21.0 0.15 0.15 0.15 0.15 0.15 0.15 0.129 0.177 0.042 0.058 0.075 0.57 2 2 2 2 2 2
1982-05-26T01:30:00 1982 5 26 1 30 0 -4.07 -2.65 338.8 21.58 4.96 1.5 2.32 5.05 1 1 1 1 1 1 1 1 2.7 2.78 19.0 -2.65 -2.65 -2.65 -2.65 -2.65 -2.65 0.303 0.606 0.051 0.239 0.554 2.107 1 1 2 1 1 1
1982-05-26T02:30:00 1982 5 26 2 30 0 -6.0 -3.3 336.0 21.0 4.74 4.24 5.06 10.76 2 2 2 2 2 2 2 2 2.7 2.83 20.0 -3.3 -3.3 -3.3 -3.3 -3.3 -3.3 0.569 1.068 0.073 0.547 0.935 3.32 2 2 2 2 2 2
1982-05-26T03:30:00 1982 5 26 3 30 0 -5.8 -0.6 344.0 23.3 5.51 3.74 3.12 6.85 2 2 2 2 2 2 2 2 2.7 2.87 20.0 -0.6 -0.6 -0.6 -0.6 -0.6 -0.6 0.586 0.994 0.082 0.481 0.734 3.113 2 2 2 2 2 2
1982-05-26T04:30:00 1982 5 26 4 30 0 -2.5 0.9 343.0 27.5 6.47 1.13 0.16 0.4 2 2 2 2 2 2 2 2 2.7 2.92 23.0 0.9 0.9 0.9 0.9 0.9 0.9 0.405 0.52 0.08 0.272 0.253 1.425 2 2 2 2 2 2
1982-05-26T05:30:00 1982 5 26 5 30 0 5.1 0.1 329.0 23.9 5.17 0.43 0.0 0.0 2 2 2 2 2 2 2 2 2.7 2.84 23.0 0.1 0.1 0.1 0.1 0.1 0.1 0.274 0.258 0.077 0.152 0.08 0.591 2 2 2 2 2 2
1982-05-26T06:30:00 1982 5 26 6 30 0 4.7 -0.5 334.0 29.5 6.58 1.67 0.38 1.07 2 2 2 2 2 2 2 2 2.0 2.68 24.0 -0.5 -0.5 -0.5 -0.5 -0.5 -0.5 0.237 0.307 0.076 0.11 0.198 1.228 2 2 2 2 2 2
1982-05-26T07:30:00 1982 5 26 7 30 0 -1.5 0.6 335.0 33.6 7.54 0.37 0.16 0.47 2 2 2 2 2 2 2 2 2.0 2.52 24.0 0.6 0.6 0.6 0.6 0.6 0.6 0.17 0.182 0.074 0.065 0.085 0.676 2 2 2 2 2 2
1982-05-26T08:30:00 1982 5 26 8 30 0 -1.0 0.7 354.0 33.6 7.54 0.06 0.0 0.0 2 2 1 1 1 2 2 1 2.0 2.43 30.0 0.7 0.7 0.7 0.7 0.7 0.7 0.115 0.09 0.072 0.036 0.027 0.281 2 2 2 2 2 2
1982-05-26T09:30:00 1982 5 26 9 30 0 -1.0 0.62 373.0 33.6 7.13 0.03 0.0 0.0 1 1 1 1 1 1 1 1 2.3 2.38 36.0 0.41 0.45 0.31 0.32 0.45 0.49 0.078 0.045 0.07 0.02 0.008 0.116 2 2 2 2 2 2
1982-05-26T10:30:00 1982 5 26 10 30 0 -0.62 0.3 392.0 30.11 5.86 0.03 0.0 0.0 1 1 1 1 1 1 1 1 2.3 2.33 46.0 -0.68 -0.46 -1.12 -1.09 -0.48 -0.29 0.118 0.152 0.072 0.091 0.174 0.82 1 1 2 1 1 1
1982-05-26T11:30:00 1982 5 26 11 30 0 0.08 0.24 411.0 24.97 4.62 0.0 0.0 0.0 1 0 1 1 1 1 1 1 2.3 2.28 48.0 -0.89 -0.63 -1.39 -1.36 -0.66 -0.44 0.225 0.361 0.083 0.233 0.418 2.042 0 0 2 0 0 0
1982-05-26T12:30:00 1982 5 26 12 30 0 -1.01 0.24 430.0 19.83 4.08 0.02 0.0 0.0 1 0 1 1 1 1 1 1 4.0 2.46 57.0 -0.89 -0.63 -1.39 -1.36 -0.66 -0.44 0.302 0.456 0.094 0.323 0.511 2.378 0 0 1 0 0 0
1982-05-26T13:30:00 1982 5 26 13 30 0 -5.52 0.24 449.0 14.69 4.77 1.1 0.0 0.0 1 0 1 1 1 1 1 1 4.0 2.63 63.0 -0.89 -0.63 -1.39 -1.36 -0.66 -0.44 0.344 0.473 0.106 0.362 0.524 2.18 0 0 1 0 0 0
1982-05-26T14:30:00 1982 5 26 14 30 0 -10.29 1.63 468.0 11.2 5.51 4.71 0.0 0.0 1 1 1 1 1 1 1 1 4.0 2.89 70.0 0.65 0.87 0.22 0.24 0.85 1.04 0.255 0.258 0.106 0.24 0.196 0.972 0 0 1 0 0 0
1982-05-26T15:30:00 1982 5 26 15 30 0 -12.9 8.8 487.0 11.2 5.74 5.9 0.0 0.0 1 1 1 1 1 1 1 1 5.0 3.27 52.0 8.59 8.64 8.5 8.51 8.63 8.67 0.173 0.128 0.103 0.134 0.062 0.403 0 0 1 0 0 0
1982-05-26T16:30:00 1982 5 26 16 30 0 -12.9 10.7 506.0 11.2 5.74 5.09 0.0 0.0 2 2 2 2 2 2 2 2 5.0 3.65 23.0 10.7 10.7 10.7 10.7 10.7 10.7 0.117 0.064 0.1 0.075 0.02 0.167 0 0 1 0 0 0
1982-05-26T17:30:00 1982 5 26 17 30 0 -7.9 -0.1 597.0 9.4 6.7 5.5 0.02 0.02 2 2 2 2 2 2 2 2 5.0 3.98 17.0 -0.1 -0.1 -0.1 -0.1 -0.1 -0.1 0.085 0.05 0.097 0.044 0.053 0.255 0 1 1 0 2 1
1982-05-26T18:30:00 1982 5 26 18 30 0 -9.7 -4.4 564.0 9.8 6.23 12.8 6.98 6.75 2 2 2 2 2 2 2 2 5.0 4.31 21.0 -4.4 -4.4 -4.4 -4.4 -4.4 -4.4 0.445 0.594 0.148 0.592 1.295 3.213 2 2 1 2 2 2
1982-05-26T19:30:00 1982 5 26 19 30 0 -13.6 1.5 546.0 12.3 7.24 15.67 4.08 4.28 2 2 1 1 1 2 2 1 5.0 4.64 17.0 1.5 1.5 1.5 1.5 1.5 1.5 0.438 0.49 0.163 0.49 0.757 2.403 2 2 1 2 2 2
1982-05-26T20:30:00 1982 5 26 20 30 0 -6.3 8.1 528.0 14.8 8.25 5.2 0.0 0.0 2 2 2 2 2 2 2 2 5.0 4.76 9.0 8.1 8.1 8.1 8.1 8.1 8.1 0.297 0.243 0.158 0.274 0.24 0.997 2 2 1 2 2 2
1982-05-26T21:30:00 1982 5 26 21 30 0 -7.8 -6.4 510.0 15.3 7.96 6.87 4.33 6.59 2 2 2 2 2 2 2 2 4.3 4.79 7.0 -6.4 -6.4 -6.4 -6.4 -6.4 -6.4 0.551 0.668 0.202 0.77 1.184 3.695 2 2 2 2 2 2
1982-05-26T22:30:00 1982 5 26 22 30 0 -4.1 1.0 514.5 14.75 7.81 7.33 6.41 9.7 1 1 1 1 1 1 1 1 4.3 4.82 -1.0 1.0 1.0 1.0 1.0 1.0 1.0 0.639 0.729 0.232 0.776 1.02 3.908 1 1 1 2 1 1
1982-05-26T23:30:00 1982 5 26 23 30 0 -0.4 8.4 519.0 14.2 7.65 0.19 0.0 0.0 2 2 2 2 2 2 2 2 4.3 4.73 -1.0 8.4 8.4 8.4 8.4 8.4 8.4 0.433 0.362 0.225 0.434 0.323 1.621 1 1 1 2 1 1
