1982-04-28T00:30:00 1982 4 28 0 30 0 -1.7 1.7 467.0 18.0 7.85 0.09 0.0 0.0 2 2 2 2 2 2 2 2 4.7 4.96 -7.0 1.7 1.7 1.7 1.7 1.7 1.7 0.071 0.035 0.46 0.026 0.019 0.092 2 2 2 2 2 2
1982-04-28T01:30:00 1982 4 28 1 30 0 -4.3 -6.9 447.0 9.3 3.72 4.98 6.92 7.89 2 2 2 2 2 2 2 2 4.7 4.92 -24.0 -6.9 -6.9 -6.9 -6.9 -6.9 -6.9 0.475 0.707 0.495 0.69 1.128 2.459 2 2 2 2 2 2
1982-04-28T02:30:00 1982 4 28 2 30 0 -6.8 -2.9 433.0 6.4 2.4 9.64 10.42 8.27 2 2 2 2 2 2 2 2 4.7 4.84 -41.0 -2.9 -2.9 -2.9 -2.9 -2.9 -2.9 0.721 0.956 0.529 0.953 1.249 2.393 2 2 2 2 2 2
1982-04-28T03:30:00 1982 4 28 3 30 0 -6.4 -5.0 443.0 5.5 2.16 9.17 8.86 5.2 2 2 2 2 2 2 2 2 4.0 4.68 -41.0 -5.0 -5.0 -5.0 -5.0 -5.0 -5.0 0.849 1.028 0.553 1.049 1.261 2.028 2 2 2 2 2 2
1982-04-28T04:30:00 1982 4 28 4 30 0 -5.6 -5.3 432.0 5.6 2.09 10.69 11.28 6.27 2 2 2 2 2 2 2 2 4.0 4.52 -41.0 -5.3 -5.3 -5.3 -5.3 -5.3 -5.3 0.993 1.127 0.587 1.224 1.345 1.906 2 2 2 2 2 2
1982-04-28T05:30:00 1982 4 28 5 30 0 -5.77 -4.25 440.0 5.53 2.14 9.37 10.32 5.74 1 1 1 1 1 1 1 1 4.0 4.43 -36.0 -4.51 -4.46 -4.63 -4.62 -4.46 -4.41 1.063 1.137 0.616 1.269 1.313 1.804 2 1 2 2 1 1
1982-04-28T06:30:00 1982 4 28 6 30 0 -6.15 -0.44 448.0 5.47 2.2 5.51 4.84 2.67 1 1 1 1 1 1 1 1 3.0 4.21 -28.0 -1.48 -1.25 -1.95 -1.92 -1.28 -1.09 0.944 0.912 0.623 1.008 0.943 1.415 1 1 2 1 1 1
1982-04-28T07:30:00 1982 4 28 7 30 0 -6.53 -0.1 456.0 5.4 2.25 3.7 0.58 0.31 1 1 2 2 2 1 2 2 3.0 3.99 -32.0 -0.35 -0.3 -0.47 -0.46 -0.3 -0.25 0.717 0.595 0.611 0.64 0.513 0.908 1 1 2 1 1 1
1982-04-28T08:30:00 1982 4 28 8 30 0 -6.7 -0.2 458.0 5.7 2.31 3.94 0.35 0.2 2 2 2 2 2 2 2 2 3.0 3.78 -35.0 -0.2 -0.2 -0.2 -0.2 -0.2 -0.2 0.516 0.373 0.594 0.375 0.281 0.6 1 1 2 1 1 1
1982-04-28T09:30:00 1982 4 28 9 30 0 -0.8 -2.2 455.0 5.8 2.38 2.21 2.93 1.69 2 2 2 2 2 2 2 2 2.7 3.53 -30.0 -2.2 -2.2 -2.2 -2.2 -2.2 -2.2 0.499 0.463 0.587 0.356 0.545 0.901 2 2 2 2 2 2
1982-04-28T10:30:00 1982 4 28 10 30 0 -2.85 -1.65 459.5 5.83 2.38 1.57 4.35 2.53 1 1 1 1 1 1 1 1 2.7 3.28 -27.0 -1.65 -1.65 -1.65 -1.65 -1.65 -1.65 0.517 0.544 0.584 0.379 0.676 1.102 1 1 2 1 1 1
1982-04-28T11:30:00 1982 4 28 11 30 0 -4.9 -1.1 464.0 5.99 2.51 2.49 3.12 1.85 2 2 1 1 1 2 2 1 2.7 3.12 -23.0 -1.1 -1.1 -1.1 -1.1 -1.1 -1.1 0.484 0.52 0.576 0.328 0.615 1.089 1 1 2 1 1 1
1982-04-28T12:30:00 1982 4 28 12 30 0 -4.16 -0.83 468.5 6.15 2.7 2.6 2.22 1.35 1 1 1 1 1 1 1 1 3.3 3.04 -18.0 -1.09 -1.03 -1.21 -1.2 -1.04 -0.99 0.446 0.481 0.567 0.289 0.56 1.05 1 1 2 1 1 1
1982-04-28T13:30:00 1982 4 28 13 30 0 -2.55 0.68 473.0 6.31 2.89 1.11 0.46 0.28 1 1 1 1 1 1 1 1 3.3 2.96 -18.0 -0.36 -0.13 -0.83 -0.8 -0.16 0.04 0.374 0.356 0.556 0.242 0.366 0.692 1 1 2 1 1 1
1982-04-28T14:30:00 1982 4 28 14 30 0 -0.94 3.42 477.5 6.47 3.02 0.11 0.0 0.0 1 1 1 1 1 1 1 1 3.3 3.0 -13.0 3.17 3.22 3.05 3.06 3.22 3.26 0.253 0.177 0.539 0.136 0.116 0.287 1 1 2 1 1 1
1982-04-28T15:30:00 1982 4 28 15 30 0 -0.2 4.1 482.0 6.5 3.02 0.0 0.0 0.0 2 2 2 2 2 2 2 2 3.0 3.0 -16.0 4.1 4.1 4.1 4.1 4.1 4.1 0.171 0.088 0.523 0.076 0.037 0.119 1 1 2 1 1 1
1982-04-28T16:30:00 1982 4 28 16 30 0 -3.9 0.4 502.0 6.6 3.33 0.36 0.0 0.0 2 2 2 2 2 2 2 2 3.0 3.0 -15.0 0.4 0.4 0.4 0.4 0.4 0.4 0.116 0.044 0.507 0.043 0.012 0.049 1 1 2 1 1 1
1982-04-28T17:30:00 1982 4 28 17 30 0 -5.9 -0.1 496.0 6.7 3.3 2.38 0.04 0.02 2 2 2 2 2 2 2 2 3.0 3.04 -15.0 -0.1 -0.1 -0.1 -0.1 -0.1 -0.1 0.083 0.037 0.492 0.025 0.034 0.097 1 1 2 1 2 2
1982-04-28T18:30:00 1982 4 28 18 30 0 -4.5 -3.7 485.0 7.2 3.39 4.84 5.01 3.53 2 2 2 2 2 2 2 2 3.3 3.11 -13.0 -3.7 -3.7 -3.7 -3.7 -3.7 -3.7 0.316 0.445 0.503 0.341 0.786 1.328 2 2 2 2 2 2
1982-04-28T19:30:00 1982 4 28 19 30 0 -2.6 0.1 473.0 7.7 3.45 2.75 3.97 2.93 2 2 2 2 2 2 2 2 3.3 3.19 -21.0 0.1 0.1 0.1 0.1 0.1 0.1 0.351 0.445 0.502 0.33 0.592 1.236 2 2 2 2 2 2
1982-04-28T20:30:00 1982 4 28 20 30 0 -4.9 -3.1 465.0 7.7 3.33 2.92 3.82 2.94 2 2 2 2 2 2 2 2 3.3 3.19 -23.0 -3.1 -3.1 -3.1 -3.1 -3.1 -3.1 0.454 0.603 0.505 0.432 0.836 1.669 2 2 2 2 2 2
1982-04-28T21:30:00 1982 4 28 21 30 0 -6.6 -3.6 460.0 7.6 3.22 7.3 7.79 5.96 2 2 2 2 2 2 2 2 4.0 3.28 -15.0 -3.6 -3.6 -3.6 -3.6 -3.6 -3.6 0.652 0.845 0.528 0.7 1.154 2.169 2 2 2 2 2 2
1982-04-28T22:30:00 1982 4 28 22 30 0 -4.6 -2.0 469.0 7.7 3.39 5.92 6.35 4.86 2 2 2 2 2 2 2 2 4.0 3.37 -19.0 -2.0 -2.0 -2.0 -2.0 -2.0 -2.0 0.711 0.862 0.539 0.706 1.08 2.176 2 2 2 2 2 2
1982-04-28T23:30:00 1982 4 28 23 30 0 -8.4 -4.3 476.0 8.2 3.72 8.55 7.68 6.14 2 2 2 2 2 2 2 2 4.0 3.5 -26.0 -4.3 -4.3 -4.3 -4.3 -4.3 -4.3 0.848 1.001 0.564 0.902 1.325 2.624 2 2 2 2 2 2
