1982-10-02T00:30:00 1982 10 2 0 30 0 1.22 -0.8 437.0 7.5 2.86 0.38 1.75 1.38 0 0 2 2 2 1 1 1 5.0 5.19 -67.0 -2.15 -1.66 -3.1 -3.04 -1.71 -1.26 0.692 0.674 0.812 0.824 0.73 1.321 0 0 0 0 0 0
1982-10-02T01:30:00 1982 10 2 1 30 0 1.22 -0.79 420.0 7.0 2.47 0.37 1.7 1.23 0 0 2 2 2 1 1 1 5.0 5.27 -56.0 -2.15 -1.66 -3.09 -3.04 -1.71 -1.26 0.679 0.655 0.815 0.806 0.698 1.203 0 0 0 0 0 0
1982-10-02T02:30:00 1982 10 2 2 30 0 1.22 -0.79 415.0 6.4 2.2 0.36 1.65 1.1 0 0 2 2 2 1 1 1 5.0 5.3 -59.0 -2.15 -1.65 -3.09 -3.03 -1.71 -1.26 0.66 0.632 0.815 0.774 0.658 1.06 0 0 0 0 0 0
1982-10-02T03:30:00 1982 10 2 3 30 0 1.21 -0.79 417.0 5.9 2.05 0.36 1.64 1.01 0 0 2 2 2 1 1 1 3.7 5.16 -62.0 -2.15 -1.65 -3.09 -3.03 -1.7 -1.26 0.641 0.608 0.814 0.744 0.629 0.942 0 0 0 0 0 0
1982-10-02T04:30:00 1982 10 2 4 30 0 1.21 -0.79 414.0 5.4 1.85 0.36 1.64 0.92 0 0 2 2 2 1 1 1 3.7 5.02 -67.0 -2.15 -1.65 -3.09 -3.03 -1.7 -1.26 0.621 0.585 0.812 0.715 0.603 0.836 0 0 0 0 0 0
1982-10-02T05:30:00 1982 10 2 5 30 0 1.21 -0.79 418.0 5.7 1.99 0.36 1.64 0.91 0 0 2 2 2 1 1 1 3.7 4.74 -75.0 -2.15 -1.65 -3.08 -3.03 -1.7 -1.26 0.608 0.575 0.81 0.701 0.6 0.803 0 0 0 0 0 0
1982-10-02T06:30:00 1982 10 2 6 30 0 1.2 -0.79 420.0 5.5 1.94 0.36 1.66 0.93 0 0 2 2 2 1 1 1 4.0 4.49 -78.0 -2.14 -1.65 -3.08 -3.03 -1.7 -1.26 0.6 0.569 0.809 0.695 0.601 0.791 0 0 0 0 0 0
1982-10-02T07:30:00 1982 10 2 7 30 0 1.2 -0.79 414.0 5.2 1.78 0.35 1.65 0.88 0 0 2 2 2 1 1 1 4.0 4.25 -69.0 -2.14 -1.65 -3.08 -3.02 -1.7 -1.26 0.589 0.559 0.807 0.682 0.587 0.749 0 0 0 0 0 0
1982-10-02T08:30:00 1982 10 2 8 30 0 1.2 -0.79 408.0 4.8 1.6 0.35 1.62 0.81 0 0 2 2 2 1 1 1 4.0 4.13 -71.0 -2.14 -1.65 -3.08 -3.02 -1.7 -1.26 0.575 0.545 0.804 0.66 0.562 0.681 0 0 0 0 0 0
1982-10-02T09:30:00 1982 10 2 9 30 0 1.19 -0.78 410.0 4.4 1.48 0.34 1.6 0.74 0 0 2 2 2 1 1 1 4.0 4.01 -57.0 -2.14 -1.64 -3.08 -3.02 -1.7 -1.25 0.559 0.527 0.8 0.638 0.541 0.613 0 0 0 0 0 0
1982-10-02T10:30:00 1982 10 2 10 30 0 1.19 -0.78 415.3 4.27 1.47 0.34 1.61 0.7 0 0 1 1 1 0 1 1 4.0 3.89 -56.0 -2.14 -1.64 -3.07 -3.02 -1.69 -1.25 0.546 0.512 0.796 0.623 0.533 0.572 0 0 0 0 0 0
1982-10-02T11:30:00 1982 10 2 11 30 0 1.19 -0.78 420.7 4.13 1.46 0.35 1.63 0.68 0 0 1 1 1 0 1 1 4.0 3.93 -62.0 -2.14 -1.64 -3.07 -3.01 -1.69 -1.25 0.538 0.502 0.792 0.615 0.532 0.551 0 0 0 0 0 0
1982-10-02T12:30:00 1982 10 2 12 30 0 1.18 -0.78 426.0 4.0 1.45 0.35 1.65 0.67 0 0 2 2 2 1 1 1 4.3 4.0 -60.0 -2.13 -1.64 -3.07 -3.01 -1.69 -1.25 0.531 0.493 0.789 0.61 0.535 0.539 0 0 0 0 0 0
1982-10-02T13:30:00 1982 10 2 13 30 0 1.18 -0.78 435.0 4.0 1.51 0.36 1.68 0.67 0 0 2 2 2 1 1 1 4.3 4.08 -64.0 -2.13 -1.64 -3.07 -3.01 -1.69 -1.25 0.528 0.489 0.787 0.613 0.545 0.544 0 0 0 0 0 0
1982-10-02T14:30:00 1982 10 2 14 30 0 1.18 -0.78 414.0 4.8 1.65 0.35 1.65 0.73 0 0 2 2 2 1 1 1 4.3 4.12 -70.0 -2.13 -1.64 -3.06 -3.01 -1.69 -1.25 0.53 0.5 0.785 0.619 0.551 0.58 0 0 0 0 0 0
1982-10-02T15:30:00 1982 10 2 15 30 0 1.17 -0.78 395.0 4.9 1.53 0.33 1.57 0.76 0 0 2 2 2 1 1 1 3.0 3.98 -63.0 -2.13 -1.64 -3.06 -3.01 -1.69 -1.25 0.53 0.512 0.781 0.615 0.535 0.585 0 0 0 0 0 0
1982-10-02T16:30:00 1982 10 2 16 30 0 1.17 -0.78 407.0 4.1 1.36 0.33 1.57 0.7 0 0 2 2 2 1 1 1 3.0 3.85 -58.0 -2.13 -1.63 -3.06 -3.0 -1.69 -1.25 0.524 0.504 0.776 0.601 0.517 0.545 0 0 0 0 0 0
1982-10-02T17:30:00 1982 10 2 17 30 0 1.17 -0.77 413.0 4.0 1.36 0.33 1.59 0.64 0 0 2 2 2 1 1 1 3.0 3.72 -53.0 -2.13 -1.63 -3.06 -3.0 -1.68 -1.25 0.517 0.492 0.772 0.591 0.51 0.513 0 0 0 0 0 0
1982-10-02T18:30:00 1982 10 2 18 30 0 1.16 -0.77 397.0 4.0 1.26 0.33 1.56 0.62 0 0 2 2 2 1 1 1 3.0 3.6 -51.0 -2.12 -1.63 -3.06 -3.0 -1.68 -1.24 0.508 0.484 0.767 0.578 0.494 0.481 0 0 0 0 0 0
1982-10-02T19:30:00 1982 10 2 19 30 0 1.16 -0.77 405.0 4.1 1.35 0.32 1.55 0.63 0 0 2 2 2 1 1 1 3.0 3.47 -48.0 -2.12 -1.63 -3.05 -3.0 -1.68 -1.24 0.503 0.482 0.762 0.572 0.493 0.475 0 0 0 0 0 0
1982-10-02T20:30:00 1982 10 2 20 30 0 1.16 -0.77 393.0 4.6 1.42 0.32 1.53 0.67 0 0 2 2 2 1 1 1 3.0 3.31 -45.0 -2.12 -1.63 -3.05 -2.99 -1.68 -1.24 0.504 0.49 0.758 0.573 0.496 0.494 0 0 0 0 0 0
1982-10-02T21:30:00 1982 10 2 21 30 0 1.15 -0.77 417.0 4.5 1.57 0.32 1.56 0.71 0 0 2 2 2 1 1 1 2.3 3.06 -41.0 -2.12 -1.63 -3.05 -2.99 -1.68 -1.24 0.509 0.498 0.755 0.585 0.519 0.535 0 0 0 0 0 0
1982-10-02T22:30:00 1982 10 2 22 30 0 1.15 -0.77 391.0 4.4 1.35 0.32 1.55 0.69 0 0 2 2 2 1 1 1 2.3 2.82 -41.0 -2.12 -1.63 -3.05 -2.99 -1.68 -1.24 0.509 0.498 0.751 0.582 0.507 0.522 0 0 0 0 0 0
1982-10-02T23:30:00 1982 10 2 23 30 0 1.15 -0.77 398.0 4.4 1.39 0.31 1.52 0.67 0 0 2 2 2 1 1 1 2.3 2.73 -42.0 -2.12 -1.63 -3.04 -2.99 -1.68 -1.24 0.507 0.497 0.746 0.577 0.498 0.509 0 0 0 0 0 0
