1982-11-20T00:30:00 1982 11 20 0 30 0 3.8 2.5 456.9 8.25 3.38 0.81 0.0 0.0 2 2 0 0 0 1 1 1 1.3 2.81 -2.0 2.5 2.5 2.5 2.5 2.5 2.5 0.141 0.058 0.317 0.046 0.015 0.092 0 0 0 0 0 0
1982-11-20T01:30:00 1982 11 20 1 30 0 2.8 2.2 457.0 8.25 3.38 0.4 0.0 0.0 2 2 0 0 0 1 1 1 1.3 2.67 -1.0 2.2 2.2 2.2 2.2 2.2 2.2 0.096 0.029 0.307 0.026 0.005 0.038 0 0 0 0 0 0
1982-11-20T02:30:00 1982 11 20 2 30 0 -0.1 1.3 457.0 8.25 3.37 0.07 0.0 0.0 2 2 0 0 0 1 1 1 1.3 2.45 5.0 1.3 1.3 1.3 1.3 1.3 1.3 0.065 0.014 0.298 0.014 0.001 0.016 0 0 0 0 0 0
1982-11-20T03:30:00 1982 11 20 3 30 0 -0.4 1.7 457.0 8.25 3.37 0.0 0.0 0.0 2 2 0 0 0 1 1 1 0.7 2.16 3.0 1.7 1.7 1.7 1.7 1.7 1.7 0.044 0.007 0.289 0.008 0.0 0.007 0 0 0 0 0 0
1982-11-20T04:30:00 1982 11 20 4 30 0 -0.1 0.4 457.1 8.25 3.37 0.0 0.0 0.0 2 2 0 0 0 1 1 1 0.7 1.87 5.0 0.4 0.4 0.4 0.4 0.4 0.4 0.03 0.004 0.28 0.005 0.0 0.003 0 0 0 0 0 0
1982-11-20T05:30:00 1982 11 20 5 30 0 0.4 0.0 457.1 8.25 3.37 0.0 0.0 0.0 2 2 0 0 0 1 1 1 0.7 1.55 7.0 0.0 0.0 0.0 0.0 0.0 0.0 0.02 0.002 0.271 0.003 0.0 0.001 0 0 0 0 0 0
1982-11-20T06:30:00 1982 11 20 6 30 0 -1.1 -0.2 457.1 8.25 3.37 0.05 0.25 0.2 2 2 0 0 0 1 1 1 0.3 1.18 7.0 -0.2 -0.2 -0.2 -0.2 -0.2 -0.2 0.034 0.064 0.263 0.009 0.098 0.284 0 0 0 0 0 0
1982-11-20T07:30:00 1982 11 20 7 30 0 0.3 -0.8 457.1 8.25 3.37 0.13 1.2 0.99 2 2 0 0 0 1 1 1 0.3 0.81 8.0 -0.8 -0.8 -0.8 -0.8 -0.8 -0.8 0.099 0.207 0.259 0.055 0.308 0.752 0 0 0 0 0 0
1982-11-20T08:30:00 1982 11 20 8 30 0 0.5 -1.8 457.2 8.25 3.37 0.55 3.07 2.53 2 2 0 0 0 1 1 1 0.3 0.69 6.0 -1.8 -1.8 -1.8 -1.8 -1.8 -1.8 0.235 0.422 0.263 0.188 0.608 1.333 0 0 0 0 0 0
1982-11-20T09:30:00 1982 11 20 9 30 0 1.6 -2.6 457.2 8.25 3.37 1.57 5.11 4.21 2 2 0 0 0 1 1 1 1.3 0.7 6.0 -2.6 -2.6 -2.6 -2.6 -2.6 -2.6 0.411 0.646 0.278 0.39 0.89 1.856 0 0 0 0 0 0
1982-11-20T10:30:00 1982 11 20 10 30 0 -0.9 -1.7 457.2 8.25 3.37 1.32 4.83 3.98 2 2 0 0 0 1 1 1 1.3 0.71 2.0 -1.7 -1.7 -1.7 -1.7 -1.7 -1.7 0.5 0.711 0.289 0.451 0.892 1.957 0 0 0 0 0 0
1982-11-20T11:30:00 1982 11 20 11 30 0 0.6 -0.9 457.3 8.25 3.37 0.49 2.9 2.39 2 2 0 0 0 1 1 1 1.3 0.78 0.0 -0.9 -0.9 -0.9 -0.9 -0.9 -0.9 0.477 0.624 0.29 0.369 0.7 1.699 0 0 0 0 0 0
1982-11-20T12:30:00 1982 11 20 12 30 0 3.7 -1.2 457.3 8.25 3.37 1.1 2.43 2.0 2 2 0 0 0 1 1 1 1.3 0.86 4.0 -1.2 -1.2 -1.2 -1.2 -1.2 -1.2 0.454 0.573 0.29 0.315 0.636 1.58 0 0 0 0 0 0
1982-11-20T13:30:00 1982 11 20 13 30 0 -0.3 -1.7 457.3 8.25 3.37 1.1 3.36 2.77 2 2 0 0 0 1 1 1 1.3 0.94 3.0 -1.7 -1.7 -1.7 -1.7 -1.7 -1.7 0.482 0.614 0.294 0.342 0.723 1.699 0 0 0 0 0 0
1982-11-20T14:30:00 1982 11 20 14 30 0 1.8 -0.1 457.3 8.25 3.37 0.39 1.91 1.57 2 2 0 0 0 1 1 1 1.3 1.06 0.0 -0.1 -0.1 -0.1 -0.1 -0.1 -0.1 0.407 0.47 0.29 0.249 0.468 1.28 0 0 0 0 0 0
1982-11-20T15:30:00 1982 11 20 15 30 0 3.8 1.4 457.4 8.25 3.37 0.56 0.0 0.0 2 2 0 0 0 1 1 1 0.7 1.1 1.0 1.4 1.4 1.4 1.4 1.4 1.4 0.276 0.234 0.281 0.139 0.148 0.531 0 0 0 0 0 0
1982-11-20T16:30:00 1982 11 20 16 30 0 3.8 1.18 457.4 8.24 3.37 0.83 0.0 0.0 1 1 0 0 0 1 1 0 0.7 1.14 2.0 0.88 0.95 0.73 0.74 0.94 1.0 0.187 0.116 0.273 0.078 0.047 0.22 0 0 0 0 0 0
1982-11-20T17:30:00 1982 11 20 17 30 0 5.38 0.38 457.4 8.24 3.37 1.59 0.0 0.0 1 1 0 0 0 1 1 0 0.7 1.07 1.0 -1.06 -0.72 -1.74 -1.7 -0.76 -0.46 0.186 0.15 0.271 0.138 0.181 0.341 0 0 0 0 0 0
1982-11-20T18:30:00 1982 11 20 18 30 0 7.02 0.04 457.5 8.24 3.37 3.3 0.0 0.0 1 1 0 0 0 1 1 0 2.7 1.25 4.0 -1.4 -1.06 -2.08 -2.04 -1.1 -0.8 0.276 0.313 0.281 0.299 0.442 0.824 0 0 0 0 0 0
1982-11-20T19:30:00 1982 11 20 19 30 0 8.6 -0.94 457.5 8.24 3.37 5.79 1.12 0.93 1 1 0 0 0 1 1 0 2.7 1.44 6.0 -1.24 -1.17 -1.38 -1.38 -1.18 -1.12 0.338 0.424 0.287 0.342 0.566 1.179 0 0 0 0 0 0
1982-11-20T20:30:00 1982 11 20 20 30 0 8.6 -1.2 457.5 8.24 3.37 7.45 2.47 2.04 2 2 0 0 0 1 1 1 2.7 1.62 7.0 -1.2 -1.2 -1.2 -1.2 -1.2 -1.2 0.372 0.488 0.289 0.32 0.614 1.392 0 0 0 0 0 0
1982-11-20T21:30:00 1982 11 20 21 30 0 6.7 -1.6 457.5 8.24 3.37 6.49 3.24 2.67 2 2 0 0 0 1 1 1 3.0 1.84 9.0 -1.6 -1.6 -1.6 -1.6 -1.6 -1.6 0.42 0.561 0.292 0.335 0.7 1.596 0 0 0 0 0 0
1982-11-20T22:30:00 1982 11 20 22 30 0 5.7 -6.4 457.6 8.24 3.37 9.58 9.61 7.92 2 2 0 0 0 1 1 1 3.0 2.05 6.0 -6.4 -6.4 -6.4 -6.4 -6.4 -6.4 0.751 0.984 0.342 0.922 1.385 2.574 0 0 0 0 0 0
1982-11-20T23:30:00 1982 11 20 23 30 0 6.3 2.0 457.6 8.24 3.37 5.96 4.98 4.1 2 2 0 0 0 1 1 1 3.0 2.34 2.0 2.0 2.0 2.0 2.0 2.0 2.0 0.662 0.72 0.349 0.702 0.759 1.721 0 0 0 0 0 0
