1982-03-26T00:30:00 1982 3 26 0 30 0 0.7 4.0 555.0 4.2 2.59 0.08 0.0 0.0 2 2 2 2 2 2 2 2 2.7 3.15 -3.0 4.0 4.0 4.0 4.0 4.0 4.0 0.023 0.026 0.266 0.01 0.025 0.058 2 2 1 2 2 2
1982-03-26T01:30:00 1982 3 26 1 30 0 4.4 1.0 566.0 4.2 2.69 0.49 0.0 0.0 2 2 2 2 2 2 2 2 2.7 3.03 4.0 1.0 1.0 1.0 1.0 1.0 1.0 0.015 0.013 0.257 0.006 0.008 0.024 2 2 1 2 2 2
1982-03-26T02:30:00 1982 3 26 2 30 0 3.7 2.2 560.0 4.4 2.76 1.06 0.0 0.0 2 2 2 2 2 2 2 2 2.7 2.96 4.0 2.2 2.2 2.2 2.2 2.2 2.2 0.01 0.006 0.25 0.003 0.003 0.01 2 2 1 2 2 2
1982-03-26T03:30:00 1982 3 26 3 30 0 2.6 2.4 547.0 4.4 2.63 0.44 0.0 0.0 2 2 2 2 2 2 2 2 2.3 2.83 2.0 2.4 2.4 2.4 2.4 2.4 2.4 0.007 0.003 0.242 0.002 0.001 0.004 2 2 1 2 2 2
1982-03-26T04:30:00 1982 3 26 4 30 0 3.6 1.3 526.0 4.4 2.43 0.53 0.0 0.0 2 2 2 2 2 2 2 2 2.3 2.7 -2.0 1.3 1.3 1.3 1.3 1.3 1.3 0.005 0.002 0.235 0.001 0.0 0.002 2 2 1 2 2 2
1982-03-26T05:30:00 1982 3 26 5 30 0 4.9 3.2 526.0 3.8 2.1 0.95 0.0 0.0 2 2 2 2 2 2 2 2 2.3 2.62 -3.0 3.2 3.2 3.2 3.2 3.2 3.2 0.003 0.001 0.227 0.001 0.0 0.001 2 2 1 2 2 2
1982-03-26T06:30:00 1982 3 26 6 30 0 4.1 3.4 555.0 3.1 1.91 0.84 0.0 0.0 2 2 2 2 2 2 2 2 1.7 2.45 -2.0 3.4 3.4 3.4 3.4 3.4 3.4 0.002 0.0 0.22 0.0 0.0 0.0 2 2 1 2 2 2
1982-03-26T07:30:00 1982 3 26 7 30 0 4.7 2.5 550.0 3.2 1.94 0.92 0.0 0.0 2 2 2 2 2 2 2 2 1.7 2.29 0.0 2.5 2.5 2.5 2.5 2.5 2.5 0.001 0.0 0.214 0.0 0.0 0.0 2 2 1 2 2 2
1982-03-26T08:30:00 1982 3 26 8 30 0 4.0 0.8 544.0 3.2 1.89 1.23 0.0 0.0 2 2 2 2 2 2 2 2 1.7 2.16 2.0 0.8 0.8 0.8 0.8 0.8 0.8 0.001 0.0 0.207 0.0 0.0 0.0 2 2 1 2 2 2
1982-03-26T09:30:00 1982 3 26 9 30 0 -0.4 -0.9 525.0 3.7 2.04 0.47 0.73 0.27 2 2 2 2 2 2 2 2 2.7 2.17 3.0 -0.9 -0.9 -0.9 -0.9 -0.9 -0.9 0.042 0.085 0.203 0.03 0.183 0.222 2 2 1 2 2 2
1982-03-26T10:30:00 1982 3 26 10 30 0 2.5 -0.9 537.0 3.7 2.13 0.6 2.39 0.88 2 2 2 2 2 2 2 2 2.7 2.18 1.0 -0.9 -0.9 -0.9 -0.9 -0.9 -0.9 0.119 0.206 0.204 0.089 0.388 0.495 2 2 1 2 2 2
1982-03-26T11:30:00 1982 3 26 11 30 0 2.8 0.0 548.0 3.0 1.8 1.02 1.12 0.38 2 2 2 2 2 2 2 2 2.7 2.23 -2.0 0.0 0.0 0.0 0.0 0.0 0.0 0.114 0.165 0.2 0.069 0.24 0.365 2 2 1 2 2 2
1982-03-26T12:30:00 1982 3 26 12 30 0 1.3 0.7 524.0 3.3 1.81 0.38 0.0 0.0 2 2 2 2 2 2 2 2 1.7 2.15 -3.0 0.7 0.7 0.7 0.7 0.7 0.7 0.077 0.082 0.194 0.039 0.076 0.151 2 2 1 2 2 2
1982-03-26T13:30:00 1982 3 26 13 30 0 2.4 2.1 522.0 3.5 1.91 0.15 0.0 0.0 2 2 2 2 2 2 2 2 1.7 2.08 -1.0 2.1 2.1 2.1 2.1 2.1 2.1 0.052 0.041 0.188 0.022 0.024 0.063 2 2 1 2 2 2
1982-03-26T14:30:00 1982 3 26 14 30 0 0.6 4.1 516.0 3.7 1.97 0.05 0.0 0.0 2 2 2 2 2 2 2 2 1.7 2.07 1.0 4.1 4.1 4.1 4.1 4.1 4.1 0.036 0.02 0.182 0.012 0.008 0.026 2 2 1 2 2 2
1982-03-26T15:30:00 1982 3 26 15 30 0 2.2 0.0 506.0 3.5 1.79 0.13 0.0 0.0 2 2 2 2 2 2 2 2 3.3 2.28 2.0 0.0 0.0 0.0 0.0 0.0 0.0 0.024 0.01 0.177 0.007 0.002 0.011 2 2 1 2 2 2
1982-03-26T16:30:00 1982 3 26 16 30 0 2.5 -1.9 503.0 3.7 1.87 1.22 2.59 0.94 2 2 2 2 2 2 2 2 3.3 2.48 0.0 -1.9 -1.9 -1.9 -1.9 -1.9 -1.9 0.13 0.205 0.18 0.112 0.39 0.417 2 2 1 2 2 2
1982-03-26T17:30:00 1982 3 26 17 30 0 2.6 -1.02 507.0 3.7 1.9 1.63 3.59 1.33 1 1 2 2 2 1 2 2 3.3 2.56 4.0 -1.02 -1.02 -1.02 -1.02 -1.02 -1.02 0.21 0.309 0.185 0.172 0.507 0.601 1 1 1 1 1 1
1982-03-26T18:30:00 1982 3 26 18 30 0 2.7 2.82 502.7 3.8 1.92 0.51 0.24 0.09 1 1 1 1 1 1 1 1 2.0 2.47 8.0 2.82 2.82 2.82 2.82 2.82 2.82 0.144 0.158 0.18 0.097 0.168 0.264 1 1 1 1 1 1
1982-03-26T19:30:00 1982 3 26 19 30 0 2.8 3.7 498.3 3.9 1.93 0.21 0.0 0.0 2 2 1 1 1 2 2 1 2.0 2.38 8.0 3.7 3.7 3.7 3.7 3.7 3.7 0.098 0.079 0.174 0.054 0.053 0.11 1 1 1 1 1 1
1982-03-26T20:30:00 1982 3 26 20 30 0 2.4 2.9 494.0 4.0 1.95 0.17 0.0 0.0 2 2 2 2 2 2 2 2 2.0 2.41 8.0 2.9 2.9 2.9 2.9 2.9 2.9 0.066 0.039 0.169 0.03 0.017 0.045 1 1 1 1 1 1
1982-03-26T21:30:00 1982 3 26 21 30 0 0.9 -1.4 480.0 4.2 1.94 0.25 0.69 0.29 2 2 2 2 2 2 2 2 3.3 2.61 3.0 -1.4 -1.4 -1.4 -1.4 -1.4 -1.4 0.091 0.115 0.167 0.058 0.191 0.234 2 2 1 2 2 2
1982-03-26T22:30:00 1982 3 26 22 30 0 1.6 1.4 477.0 4.2 1.91 0.21 0.7 0.29 2 2 2 2 2 2 2 2 3.3 2.81 -6.0 1.4 1.4 1.4 1.4 1.4 1.4 0.077 0.084 0.162 0.042 0.098 0.153 2 2 1 2 2 2
1982-03-26T23:30:00 1982 3 26 23 30 0 -0.1 0.4 483.0 4.4 2.05 0.02 0.0 0.0 2 2 2 2 2 2 2 2 3.3 2.82 -3.0 0.4 0.4 0.4 0.4 0.4 0.4 0.052 0.042 0.158 0.023 0.031 0.064 2 2 1 2 2 2
