1982-04-22T00:30:00 1982 4 22 0 30 0 1.3 -1.3 657.0 3.5 3.02 1.69 5.73 2.03 2 2 2 2 2 2 2 2 4.7 4.61 -16.0 -1.3 -1.3 -1.3 -1.3 -1.3 -1.3 0.339 0.397 0.277 0.336 0.92 1.285 2 2 2 2 2 2
1982-04-22T01:30:00 1982 4 22 1 30 0 -0.7 -2.3 666.0 3.5 3.1 1.46 6.1 2.13 2 2 2 2 2 2 2 2 4.7 4.66 -19.0 -2.3 -2.3 -2.3 -2.3 -2.3 -2.3 0.438 0.477 0.299 0.443 1.086 1.497 2 2 2 2 2 2
1982-04-22T02:30:00 1982 4 22 2 30 0 1.3 -1.5 663.0 3.6 3.16 1.51 6.2 2.2 2 2 2 2 2 2 2 2 4.7 4.62 -19.0 -1.5 -1.5 -1.5 -1.5 -1.5 -1.5 0.49 0.498 0.318 0.47 1.066 1.544 2 2 2 2 2 2
1982-04-22T03:30:00 1982 4 22 3 30 0 3.9 -2.4 645.0 4.3 3.58 3.12 6.48 2.6 2 2 2 2 2 2 2 2 5.3 4.67 -25.0 -2.4 -2.4 -2.4 -2.4 -2.4 -2.4 0.563 0.561 0.343 0.551 1.194 1.804 2 2 2 2 2 2
1982-04-22T04:30:00 1982 4 22 4 30 0 -2.4 2.1 616.0 4.2 3.2 0.83 1.74 0.74 2 2 2 2 2 2 2 2 5.3 4.71 -27.0 2.1 2.1 2.1 2.1 2.1 2.1 0.419 0.334 0.337 0.341 0.497 0.965 2 2 2 2 2 2
1982-04-22T05:30:00 1982 4 22 5 30 0 -0.8 1.6 629.0 3.3 2.9 0.1 0.0 0.0 2 2 2 2 2 2 2 2 5.3 4.84 -22.0 1.6 1.6 1.6 1.6 1.6 1.6 0.284 0.166 0.327 0.191 0.157 0.4 2 2 2 2 2 2
1982-04-22T06:30:00 1982 4 22 6 30 0 0.0 4.1 676.0 3.7 3.37 0.0 0.0 0.0 2 2 2 2 2 2 2 2 2.7 4.62 -18.0 4.1 4.1 4.1 4.1 4.1 4.1 0.192 0.082 0.317 0.107 0.05 0.166 2 2 2 2 2 2
1982-04-22T07:30:00 1982 4 22 7 30 0 3.1 2.9 666.0 3.7 3.42 0.12 0.0 0.0 2 2 2 2 2 2 2 2 2.7 4.41 -13.0 2.9 2.9 2.9 2.9 2.9 2.9 0.13 0.041 0.307 0.06 0.016 0.069 2 2 2 2 2 2
1982-04-22T08:30:00 1982 4 22 8 30 0 -0.9 3.9 652.0 3.8 3.28 0.07 0.0 0.0 2 2 2 2 2 2 2 2 2.7 4.15 -11.0 3.9 3.9 3.9 3.9 3.9 3.9 0.088 0.02 0.298 0.033 0.005 0.029 2 2 2 2 2 2
1982-04-22T09:30:00 1982 4 22 9 30 0 1.9 3.6 621.0 4.2 3.24 0.02 0.0 0.0 2 2 2 2 2 2 2 2 1.7 3.76 -5.0 3.6 3.6 3.6 3.6 3.6 3.6 0.06 0.01 0.288 0.019 0.002 0.012 2 2 2 2 2 2
1982-04-22T10:30:00 1982 4 22 10 30 0 1.7 5.1 611.0 3.9 2.91 0.06 0.0 0.0 2 2 2 2 2 2 2 2 1.7 3.38 -4.0 5.1 5.1 5.1 5.1 5.1 5.1 0.04 0.005 0.28 0.01 0.001 0.005 2 2 2 2 2 2
1982-04-22T11:30:00 1982 4 22 11 30 0 3.2 3.9 629.0 3.9 3.09 0.17 0.0 0.0 2 2 2 2 2 2 2 2 1.7 2.94 -5.0 3.9 3.9 3.9 3.9 3.9 3.9 0.027 0.002 0.271 0.006 0.0 0.002 2 2 2 2 2 2
1982-04-22T12:30:00 1982 4 22 12 30 0 1.9 4.1 620.0 3.1 2.38 0.17 0.0 0.0 2 2 2 2 2 2 2 2 1.7 2.5 -8.0 4.1 4.1 4.1 4.1 4.1 4.1 0.019 0.001 0.263 0.003 0.0 0.001 2 2 2 2 2 2
1982-04-22T13:30:00 1982 4 22 13 30 0 3.5 3.4 633.0 2.7 2.15 0.26 0.0 0.0 2 2 2 2 2 2 2 2 1.7 2.06 -9.0 3.4 3.4 3.4 3.4 3.4 3.4 0.013 0.001 0.255 0.002 0.0 0.0 2 2 2 2 2 2
1982-04-22T14:30:00 1982 4 22 14 30 0 2.8 4.7 645.0 2.8 2.28 0.32 0.0 0.0 2 2 2 2 2 2 2 2 1.7 1.94 -10.0 4.7 4.7 4.7 4.7 4.7 4.7 0.008 0.0 0.247 0.001 0.0 0.0 2 2 2 2 2 2
1982-04-22T15:30:00 1982 4 22 15 30 0 3.8 2.2 621.0 2.4 1.87 0.48 0.0 0.0 2 2 2 2 2 2 2 2 2.7 1.95 -13.0 2.2 2.2 2.2 2.2 2.2 2.2 0.006 0.0 0.239 0.001 0.0 0.0 2 2 2 2 2 2
1982-04-22T16:30:00 1982 4 22 16 30 0 3.3 2.8 648.0 2.4 2.02 0.65 0.0 0.0 2 2 2 2 2 2 2 2 2.7 1.96 -14.0 2.8 2.8 2.8 2.8 2.8 2.8 0.004 0.0 0.232 0.0 0.0 0.0 2 2 2 2 2 2
1982-04-22T17:30:00 1982 4 22 17 30 0 2.0 2.1 626.0 2.5 2.0 0.3 0.0 0.0 2 2 2 2 2 2 2 2 2.7 2.09 -8.0 2.1 2.1 2.1 2.1 2.1 2.1 0.003 0.0 0.225 0.0 0.0 0.0 2 2 2 2 2 2
1982-04-22T18:30:00 1982 4 22 18 30 0 2.9 3.2 621.0 2.0 1.49 0.23 0.0 0.0 2 2 2 2 2 2 2 2 1.7 2.08 -8.0 3.2 3.2 3.2 3.2 3.2 3.2 0.002 0.0 0.218 0.0 0.0 0.0 2 2 2 2 2 2
1982-04-22T19:30:00 1982 4 22 19 30 0 2.65 2.95 658.0 1.95 1.61 0.29 0.0 0.0 1 1 1 1 1 1 1 1 1.7 2.08 -6.0 2.95 2.95 2.95 2.95 2.95 2.95 0.001 0.0 0.212 0.0 0.0 0.0 2 2 2 2 2 2
1982-04-22T20:30:00 1982 4 22 20 30 0 2.4 2.7 695.0 1.9 1.73 0.25 0.0 0.0 2 2 2 2 2 2 2 2 1.7 2.07 -6.0 2.7 2.7 2.7 2.7 2.7 2.7 0.001 0.0 0.205 0.0 0.0 0.0 2 2 2 2 2 2
1982-04-22T21:30:00 1982 4 22 21 30 0 2.1 2.1 678.0 2.1 1.88 0.21 0.0 0.0 2 2 2 2 2 2 2 2 1.0 1.98 -7.0 2.1 2.1 2.1 2.1 2.1 2.1 0.001 0.0 0.199 0.0 0.0 0.0 2 2 2 2 2 2
1982-04-22T22:30:00 1982 4 22 22 30 0 1.5 2.8 647.0 2.4 1.98 0.11 0.0 0.0 2 2 2 2 2 2 2 2 1.0 1.88 -4.0 2.8 2.8 2.8 2.8 2.8 2.8 0.0 0.0 0.193 0.0 0.0 0.0 2 2 2 2 2 2
1982-04-22T23:30:00 1982 4 22 23 30 0 1.0 1.4 628.0 2.4 1.91 0.04 0.0 0.0 2 2 2 2 2 2 2 2 1.0 1.67 -3.0 1.4 1.4 1.4 1.4 1.4 1.4 0.0 0.0 0.187 0.0 0.0 0.0 2 2 2 2 2 2
