2004-06-14T00:30:00 2004 6 14 0 30 0 5.9 1.8 347.0 4.37 1.72 2.15 0.26 0.11 2 2 2 0 0 2 2 1 1.0 1.27 19.0 1.8 1.8 1.8 1.8 1.8 1.8 0.177 0.221 0.088 0.118 0.146 0.207 0 0 1 0 0 0
2004-06-14T01:30:00 2004 6 14 1 30 0 6.1 1.8 347.0 4.37 1.72 1.57 0.0 0.0 2 2 2 0 0 2 2 1 1.0 1.26 20.0 1.8 1.8 1.8 1.8 1.8 1.8 0.12 0.11 0.085 0.066 0.046 0.086 0 0 1 0 0 0
2004-06-14T02:30:00 2004 6 14 2 30 0 6.8 1.3 335.0 4.36 1.72 1.94 0.0 0.0 2 2 2 0 0 2 2 1 1.0 1.26 20.0 1.3 1.3 1.3 1.3 1.3 1.3 0.081 0.055 0.083 0.037 0.015 0.036 0 0 1 0 0 0
2004-06-14T03:30:00 2004 6 14 3 30 0 6.8 1.3 319.0 4.36 1.72 2.16 0.0 0.0 2 2 2 0 0 2 2 1 1.0 1.26 20.0 1.3 1.3 1.3 1.3 1.3 1.3 0.055 0.027 0.08 0.021 0.005 0.015 0 0 1 0 0 0
2004-06-14T04:30:00 2004 6 14 4 30 0 6.5 0.4 317.0 4.36 1.72 2.22 0.0 0.0 2 2 2 0 0 2 2 1 1.0 1.25 20.0 0.4 0.4 0.4 0.4 0.4 0.4 0.037 0.013 0.078 0.012 0.001 0.006 0 0 1 0 0 0
2004-06-14T05:30:00 2004 6 14 5 30 0 6.8 -1.6 320.0 4.77 1.72 3.16 1.13 0.53 2 2 2 1 0 2 2 2 1.0 1.17 20.0 -1.6 -1.6 -1.6 -1.6 -1.6 -1.6 0.091 0.171 0.078 0.054 0.168 0.161 1 1 1 1 1 1
2004-06-14T06:30:00 2004 6 14 6 30 0 6.8 -4.6 327.0 5.51 1.73 5.92 5.23 2.73 2 2 2 1 1 2 2 2 1.7 1.18 15.0 -4.6 -4.6 -4.6 -4.6 -4.6 -4.6 0.295 0.532 0.091 0.304 0.514 0.477 1 1 1 1 1 1
2004-06-14T07:30:00 2004 6 14 7 30 0 6.2 -7.3 313.0 6.25 1.87 9.98 9.67 5.74 2 2 2 1 1 2 2 2 1.7 1.18 5.0 -7.3 -7.3 -7.3 -7.3 -7.3 -7.3 0.599 0.959 0.121 0.752 0.849 0.815 1 1 1 1 1 1
2004-06-14T08:30:00 2004 6 14 8 30 0 6.4 -8.3 313.0 7.0 2.02 13.29 12.27 8.18 2 2 2 1 1 2 2 2 1.7 1.27 -6.0 -8.3 -8.3 -8.3 -8.3 -8.3 -8.3 0.907 1.322 0.161 1.214 1.083 1.117 1 1 1 1 1 1
2004-06-14T09:30:00 2004 6 14 9 30 0 6.3 -9.4 326.0 7.6 2.16 16.23 14.24 10.44 2 2 2 1 1 2 2 2 3.0 1.53 -16.0 -9.4 -9.4 -9.4 -9.4 -9.4 -9.4 1.207 1.621 0.215 1.684 1.309 1.467 1 1 1 1 1 1
2004-06-14T10:30:00 2004 6 14 10 30 0 7.6 -6.2 359.0 7.6 2.21 14.97 13.14 9.99 2 2 2 1 1 2 2 2 3.0 1.79 -19.0 -6.2 -6.2 -6.2 -6.2 -6.2 -6.2 1.346 1.654 0.262 1.784 1.348 1.711 1 1 1 1 1 1
2004-06-14T11:30:00 2004 6 14 11 30 0 7.0 -7.9 380.0 7.6 2.21 15.03 13.2 10.03 2 2 2 2 2 2 2 2 3.0 2.04 -16.0 -7.9 -7.9 -7.9 -7.9 -7.9 -7.9 1.473 1.693 0.317 1.934 1.502 2.035 1 2 1 1 2 2
2004-06-14T12:30:00 2004 6 14 12 30 0 7.2 -7.5 390.0 7.8 2.29 16.89 14.8 11.41 2 2 2 2 2 2 2 2 3.3 2.32 -20.0 -7.5 -7.5 -7.5 -7.5 -7.5 -7.5 1.602 1.748 0.38 2.116 1.641 2.345 2 2 1 2 2 2
2004-06-14T13:30:00 2004 6 14 13 30 0 7.1 -0.4 394.0 5.8 1.59 8.73 7.15 5.03 2 2 2 2 2 2 2 2 3.3 2.61 -28.0 -0.4 -0.4 -0.4 -0.4 -0.4 -0.4 1.323 1.26 0.392 1.48 0.992 1.63 2 2 1 2 2 2
2004-06-14T14:30:00 2004 6 14 14 30 0 5.6 6.2 395.0 3.3 0.89 1.72 0.0 0.0 2 2 2 2 2 2 2 2 3.3 2.8 -23.0 6.2 6.2 6.2 6.2 6.2 6.2 0.896 0.626 0.38 0.829 0.314 0.676 2 2 1 2 2 2
2004-06-14T15:30:00 2004 6 14 15 30 0 5.3 5.2 410.0 4.6 1.55 0.68 0.0 0.0 2 2 2 2 2 2 2 2 2.7 2.92 -17.0 5.2 5.2 5.2 5.2 5.2 5.2 0.607 0.311 0.369 0.464 0.099 0.281 2 2 1 2 2 2
2004-06-14T16:30:00 2004 6 14 16 30 0 3.2 1.6 459.0 6.4 2.7 0.57 0.0 0.0 2 2 2 2 2 2 2 2 2.7 3.04 -11.0 1.6 1.6 1.6 1.6 1.6 1.6 0.411 0.154 0.357 0.26 0.031 0.116 2 2 1 2 2 2
2004-06-14T17:30:00 2004 6 14 17 30 0 5.2 3.9 453.0 6.1 2.5 0.71 0.0 0.0 2 2 2 2 2 2 2 2 2.7 3.0 -12.0 3.9 3.9 3.9 3.9 3.9 3.9 0.278 0.077 0.346 0.145 0.01 0.048 2 2 1 2 2 2
2004-06-14T18:30:00 2004 6 14 18 30 0 7.1 4.3 443.0 6.2 2.43 1.41 0.0 0.0 2 2 2 2 2 2 2 2 2.7 2.96 -13.0 4.3 4.3 4.3 4.3 4.3 4.3 0.188 0.038 0.336 0.081 0.003 0.02 2 2 1 2 2 2
2004-06-14T19:30:00 2004 6 14 19 30 0 7.8 0.7 462.0 6.0 2.56 3.12 0.0 0.0 2 2 2 2 2 2 2 2 2.7 2.92 -12.0 0.7 0.7 0.7 0.7 0.7 0.7 0.127 0.019 0.326 0.046 0.001 0.008 2 2 1 2 2 2
2004-06-14T20:30:00 2004 6 14 20 30 0 5.9 7.0 438.0 6.0 2.3 1.97 0.0 0.0 2 2 2 2 2 2 2 2 2.7 2.84 -17.0 7.0 7.0 7.0 7.0 7.0 7.0 0.086 0.009 0.316 0.026 0.0 0.003 2 2 1 2 2 2
2004-06-14T21:30:00 2004 6 14 21 30 0 6.0 4.3 435.0 8.5 3.22 0.97 0.0 0.0 2 2 2 2 2 2 2 2 2.0 2.68 -9.0 4.3 4.3 4.3 4.3 4.3 4.3 0.058 0.005 0.306 0.014 0.0 0.001 2 2 1 2 2 2
2004-06-14T22:30:00 2004 6 14 22 30 0 3.6 2.1 422.0 9.1 3.24 0.8 0.0 0.0 2 2 2 2 2 2 2 2 2.0 2.52 -3.0 2.1 2.1 2.1 2.1 2.1 2.1 0.04 0.002 0.297 0.008 0.0 0.001 2 2 1 2 2 2
2004-06-14T23:30:00 2004 6 14 23 30 0 5.4 5.3 440.0 8.4 3.25 0.64 0.0 0.0 2 2 2 2 2 2 2 2 2.0 2.43 1.0 5.3 5.3 5.3 5.3 5.3 5.3 0.027 0.001 0.288 0.004 0.0 0.0 2 2 1 2 2 2
