2004-10-14T00:30:00 2004 10 14 0 30 0 7.3 0.2 506.0 4.7 2.27 4.05 0.0 0.0 2 2 2 2 2 2 2 2 3.3 3.64 -33.0 0.2 0.2 0.2 0.2 0.2 0.2 0.119 0.09 0.623 0.058 0.076 0.181 2 2 2 2 2 2
2004-10-14T01:30:00 2004 10 14 1 30 0 6.7 -2.2 497.0 4.4 2.0 5.89 2.75 1.23 2 2 2 2 2 2 2 2 3.3 3.55 -33.0 -2.2 -2.2 -2.2 -2.2 -2.2 -2.2 0.213 0.278 0.615 0.165 0.47 0.625 2 2 2 2 2 2
2004-10-14T02:30:00 2004 10 14 2 30 0 7.1 -0.6 503.0 4.6 2.17 6.07 3.33 1.5 2 2 2 2 2 2 2 2 3.3 3.47 -36.0 -0.6 -0.6 -0.6 -0.6 -0.6 -0.6 0.259 0.339 0.605 0.192 0.505 0.747 2 2 2 2 2 2
2004-10-14T03:30:00 2004 10 14 3 30 0 3.8 -0.3 506.0 5.4 2.61 3.22 1.1 0.55 2 2 2 2 2 2 2 2 3.7 3.44 -37.0 -0.3 -0.3 -0.3 -0.3 -0.3 -0.3 0.225 0.276 0.589 0.134 0.352 0.655 2 2 2 2 2 2
2004-10-14T04:30:00 2004 10 14 4 30 0 4.6 -0.7 511.0 5.1 2.54 2.2 1.31 0.69 2 2 2 2 2 2 2 2 3.7 3.4 -35.0 -0.7 -0.7 -0.7 -0.7 -0.7 -0.7 0.219 0.276 0.575 0.119 0.372 0.711 2 2 2 2 2 2
2004-10-14T05:30:00 2004 10 14 5 30 0 3.6 -3.6 513.0 5.5 2.74 4.12 5.82 3.12 2 2 2 2 2 2 2 2 3.7 3.46 -37.0 -3.6 -3.6 -3.6 -3.6 -3.6 -3.6 0.404 0.533 0.586 0.394 0.894 1.351 2 2 2 2 2 2
2004-10-14T06:30:00 2004 10 14 6 30 0 -0.3 -3.1 512.0 5.5 2.72 3.84 8.53 4.69 2 2 2 2 2 2 2 2 3.7 3.51 -40.0 -3.1 -3.1 -3.1 -3.1 -3.1 -3.1 0.591 0.726 0.609 0.647 1.163 1.767 2 2 2 2 2 2
2004-10-14T07:30:00 2004 10 14 7 30 0 1.4 -2.4 513.0 5.5 2.68 2.34 6.97 3.83 2 2 2 2 2 2 2 2 3.7 3.56 -43.0 -2.4 -2.4 -2.4 -2.4 -2.4 -2.4 0.663 0.759 0.621 0.685 1.125 1.809 2 2 2 2 2 2
2004-10-14T08:30:00 2004 10 14 8 30 0 -0.4 -4.1 522.0 5.7 2.85 3.44 8.61 4.83 2 2 2 2 2 2 2 2 3.7 3.6 -39.0 -4.1 -4.1 -4.1 -4.1 -4.1 -4.1 0.793 0.872 0.648 0.871 1.335 2.103 2 2 2 2 2 2
2004-10-14T09:30:00 2004 10 14 9 30 0 -1.2 -0.4 525.0 5.1 2.6 1.81 5.48 2.99 2 2 2 2 2 2 2 2 4.0 3.69 -32.0 -0.4 -0.4 -0.4 -0.4 -0.4 -0.4 0.712 0.701 0.648 0.678 0.915 1.646 2 2 2 2 2 2
2004-10-14T10:30:00 2004 10 14 10 30 0 2.5 -3.2 534.0 4.9 2.62 1.66 5.09 2.53 2 2 2 2 2 2 2 2 4.0 3.78 -34.0 -3.2 -3.2 -3.2 -3.2 -3.2 -3.2 0.705 0.694 0.653 0.653 1.007 1.635 2 2 2 2 2 2
2004-10-14T11:30:00 2004 10 14 11 30 0 -0.3 -3.7 526.0 4.5 2.35 3.95 9.19 4.3 2 2 2 2 2 2 2 2 4.0 3.82 -37.0 -3.7 -3.7 -3.7 -3.7 -3.7 -3.7 0.802 0.797 0.678 0.822 1.235 1.765 2 2 2 2 2 2
2004-10-14T12:30:00 2004 10 14 12 30 0 0.6 -2.9 528.0 4.5 2.34 3.28 8.61 3.87 2 2 2 2 2 2 2 2 4.3 3.89 -32.0 -2.9 -2.9 -2.9 -2.9 -2.9 -2.9 0.836 0.809 0.696 0.85 1.219 1.712 2 2 2 2 2 2
2004-10-14T13:30:00 2004 10 14 13 30 0 1.6 -2.1 515.0 4.1 2.01 2.13 6.43 2.76 2 2 2 2 2 2 2 2 4.3 3.97 -35.0 -2.1 -2.1 -2.1 -2.1 -2.1 -2.1 0.785 0.732 0.7 0.733 1.027 1.456 2 2 2 2 2 2
2004-10-14T14:30:00 2004 10 14 14 30 0 1.6 -1.1 519.0 4.1 2.02 1.22 4.03 1.65 2 2 2 2 2 2 2 2 4.3 4.04 -32.0 -1.1 -1.1 -1.1 -1.1 -1.1 -1.1 0.671 0.594 0.691 0.543 0.765 1.145 2 2 2 2 2 2
2004-10-14T15:30:00 2004 10 14 15 30 0 -0.2 -3.0 525.0 3.6 1.81 1.61 5.56 2.11 2 2 2 2 2 2 2 2 4.0 4.08 -31.0 -3.0 -3.0 -3.0 -3.0 -3.0 -3.0 0.662 0.608 0.693 0.552 0.88 1.13 2 2 2 2 2 2
2004-10-14T16:30:00 2004 10 14 16 30 0 2.1 -0.7 537.0 2.7 1.46 1.36 4.65 1.49 2 2 2 2 2 2 2 2 4.0 4.11 -29.0 -0.7 -0.7 -0.7 -0.7 -0.7 -0.7 0.579 0.502 0.686 0.438 0.672 0.853 2 2 2 2 2 2
2004-10-14T17:30:00 2004 10 14 17 30 0 -0.1 -0.3 544.0 2.7 1.51 0.28 1.31 0.35 2 2 2 2 2 2 2 2 4.0 4.11 -28.0 -0.3 -0.3 -0.3 -0.3 -0.3 -0.3 0.435 0.335 0.667 0.27 0.386 0.539 2 2 2 2 2 2
2004-10-14T18:30:00 2004 10 14 18 30 0 -0.2 -1.2 537.0 2.9 1.59 0.23 2.12 0.6 2 2 2 2 2 2 2 2 3.7 4.07 -27.0 -1.2 -1.2 -1.2 -1.2 -1.2 -1.2 0.377 0.311 0.653 0.218 0.43 0.519 2 2 2 2 2 2
2004-10-14T19:30:00 2004 10 14 19 30 0 4.0 -1.9 537.0 3.2 1.73 1.74 4.24 1.3 2 2 2 2 2 2 2 2 3.7 4.03 -22.0 -1.9 -1.9 -1.9 -1.9 -1.9 -1.9 0.401 0.383 0.648 0.272 0.617 0.672 2 2 2 2 2 2
2004-10-14T20:30:00 2004 10 14 20 30 0 3.6 -0.1 535.0 3.3 1.75 2.31 2.48 0.8 2 2 2 2 2 2 2 2 3.7 3.96 -24.0 -0.1 -0.1 -0.1 -0.1 -0.1 -0.1 0.341 0.309 0.634 0.206 0.419 0.545 2 2 2 2 2 2
2004-10-14T21:30:00 2004 10 14 21 30 0 -0.3 0.1 529.0 4.0 2.05 0.39 0.06 0.02 2 2 2 2 2 2 2 2 2.3 3.7 -26.0 0.1 0.1 0.1 0.1 0.1 0.1 0.232 0.158 0.615 0.116 0.14 0.24 2 2 2 2 2 2
2004-10-14T22:30:00 2004 10 14 22 30 0 2.3 0.9 523.0 3.4 1.71 0.11 0.0 0.0 2 2 2 2 2 2 2 2 2.3 3.44 -23.0 0.9 0.9 0.9 0.9 0.9 0.9 0.157 0.078 0.596 0.065 0.044 0.1 2 2 2 2 2 2
2004-10-14T23:30:00 2004 10 14 23 30 0 2.9 1.2 532.0 2.9 1.52 0.43 0.0 0.0 2 2 2 2 2 2 2 2 2.3 3.23 -19.0 1.2 1.2 1.2 1.2 1.2 1.2 0.106 0.039 0.578 0.036 0.014 0.041 2 2 2 2 2 2
