2004-09-01T00:30:00 2004 9 1 0 30 0 -5.6 1.6 487.0 3.4 1.39 1.04 0.0 0.0 2 2 2 2 2 2 2 2 2.3 2.9 -44.0 1.6 1.6 1.6 1.6 1.6 1.6 0.094 0.052 1.108 0.035 0.029 0.07 2 2 2 2 2 2
2004-09-01T01:30:00 2004 9 1 1 30 0 -5.3 -0.2 490.0 3.1 1.28 2.4 0.05 0.02 2 2 2 2 2 2 2 2 2.3 2.81 -43.0 -0.2 -0.2 -0.2 -0.2 -0.2 -0.2 0.07 0.043 1.075 0.022 0.044 0.069 2 2 2 2 2 2
2004-09-01T02:30:00 2004 9 1 2 30 0 -5.2 1.2 504.0 3.4 1.48 2.3 0.02 0.01 2 2 2 2 2 2 2 2 2.3 2.69 -42.0 1.2 1.2 1.2 1.2 1.2 1.2 0.047 0.022 1.042 0.012 0.014 0.029 2 2 2 2 2 2
2004-09-01T03:30:00 2004 9 1 3 30 0 -3.8 1.7 506.0 3.1 1.36 1.26 0.0 0.0 2 2 2 2 2 2 2 2 1.7 2.49 -38.0 1.7 1.7 1.7 1.7 1.7 1.7 0.032 0.011 1.01 0.007 0.004 0.012 2 2 2 2 2 2
2004-09-01T04:30:00 2004 9 1 4 30 0 -4.0 0.4 496.0 3.1 1.31 1.08 0.0 0.0 2 2 2 2 2 2 2 2 1.7 2.29 -37.0 0.4 0.4 0.4 0.4 0.4 0.4 0.022 0.005 0.979 0.004 0.001 0.005 2 2 2 2 2 2
2004-09-01T05:30:00 2004 9 1 5 30 0 -6.1 0.2 518.0 3.2 1.49 2.45 0.0 0.0 2 2 2 2 2 2 2 2 1.7 2.16 -40.0 0.2 0.2 0.2 0.2 0.2 0.2 0.015 0.003 0.949 0.002 0.0 0.002 2 2 2 2 2 2
2004-09-01T06:30:00 2004 9 1 6 30 0 -2.9 1.1 478.0 3.0 1.18 1.62 0.0 0.0 2 2 2 2 2 2 2 2 1.7 2.04 -43.0 1.1 1.1 1.1 1.1 1.1 1.1 0.01 0.001 0.92 0.001 0.0 0.001 2 2 2 2 2 2
2004-09-01T07:30:00 2004 9 1 7 30 0 -4.6 1.2 471.0 3.2 1.22 0.93 0.0 0.0 2 2 2 2 2 2 2 2 1.7 1.92 -42.0 1.2 1.2 1.2 1.2 1.2 1.2 0.007 0.001 0.892 0.001 0.0 0.0 2 2 2 2 2 2
2004-09-01T08:30:00 2004 9 1 8 30 0 -3.9 2.4 491.0 3.2 1.35 0.95 0.0 0.0 2 2 2 2 2 2 2 2 1.7 1.84 -42.0 2.4 2.4 2.4 2.4 2.4 2.4 0.005 0.0 0.865 0.0 0.0 0.0 2 2 2 2 2 2
2004-09-01T09:30:00 2004 9 1 9 30 0 -3.5 1.4 471.0 3.3 1.28 0.67 0.0 0.0 2 2 2 2 2 2 2 2 1.3 1.72 -40.0 1.4 1.4 1.4 1.4 1.4 1.4 0.003 0.0 0.839 0.0 0.0 0.0 2 2 2 2 2 2
2004-09-01T10:30:00 2004 9 1 10 30 0 -2.9 1.5 460.0 3.3 1.23 0.52 0.0 0.0 2 2 2 2 2 2 2 2 1.3 1.6 -37.0 1.5 1.5 1.5 1.5 1.5 1.5 0.002 0.0 0.813 0.0 0.0 0.0 2 2 2 2 2 2
2004-09-01T11:30:00 2004 9 1 11 30 0 -5.7 0.2 454.0 2.5 0.9 1.46 0.0 0.0 2 2 2 2 2 2 2 2 1.3 1.54 -36.0 0.2 0.2 0.2 0.2 0.2 0.2 0.001 0.0 0.788 0.0 0.0 0.0 2 2 2 2 2 2
2004-09-01T12:30:00 2004 9 1 12 30 0 -5.2 1.4 480.0 3.4 1.37 2.15 0.0 0.0 2 2 2 2 2 2 2 2 1.7 1.55 -34.0 1.4 1.4 1.4 1.4 1.4 1.4 0.001 0.0 0.764 0.0 0.0 0.0 2 2 2 2 2 2
2004-09-01T13:30:00 2004 9 1 13 30 0 -4.3 0.3 482.0 4.3 1.76 1.65 0.0 0.0 2 2 2 2 2 2 2 2 1.7 1.55 -30.0 0.3 0.3 0.3 0.3 0.3 0.3 0.001 0.0 0.741 0.0 0.0 0.0 2 2 2 2 2 2
2004-09-01T14:30:00 2004 9 1 14 30 0 -2.9 -1.5 467.0 4.2 1.62 1.65 1.62 0.68 2 2 2 2 2 2 2 2 1.7 1.55 -31.0 -1.5 -1.5 -1.5 -1.5 -1.5 -1.5 0.084 0.165 0.723 0.069 0.291 0.346 2 2 2 2 2 2
2004-09-01T15:30:00 2004 9 1 15 30 0 -3.6 -0.3 472.0 3.9 1.54 1.55 1.99 0.81 2 2 2 2 2 2 2 2 1.7 1.55 -32.0 -0.3 -0.3 -0.3 -0.3 -0.3 -0.3 0.125 0.217 0.706 0.087 0.307 0.417 2 2 2 2 2 2
2004-09-01T16:30:00 2004 9 1 16 30 0 -4.4 1.3 492.0 3.8 1.64 1.29 0.04 0.02 2 2 2 2 2 2 2 2 1.7 1.56 -29.0 1.3 1.3 1.3 1.3 1.3 1.3 0.085 0.108 0.684 0.048 0.097 0.173 2 2 2 2 2 2
2004-09-01T17:30:00 2004 9 1 17 30 0 -3.0 0.7 467.0 3.4 1.32 0.89 0.0 0.0 2 2 2 2 2 2 2 2 1.7 1.6 -29.0 0.7 0.7 0.7 0.7 0.7 0.7 0.058 0.053 0.663 0.027 0.031 0.072 2 2 2 2 2 2
2004-09-01T18:30:00 2004 9 1 18 30 0 -3.5 0.4 465.0 3.5 1.36 0.81 0.0 0.0 2 2 2 2 2 2 2 2 2.0 1.69 -30.0 0.4 0.4 0.4 0.4 0.4 0.4 0.039 0.027 0.643 0.015 0.01 0.03 2 2 2 2 2 2
2004-09-01T19:30:00 2004 9 1 19 30 0 -2.8 -1.4 459.0 3.4 1.29 1.25 1.39 0.48 2 2 2 2 2 2 2 2 2.0 1.78 -30.0 -1.4 -1.4 -1.4 -1.4 -1.4 -1.4 0.094 0.149 0.627 0.063 0.239 0.243 2 2 2 2 2 2
2004-09-01T20:30:00 2004 9 1 20 30 0 -1.8 -2.3 454.0 3.3 1.22 1.73 4.3 1.44 2 2 2 2 2 2 2 2 2.0 1.82 -31.0 -2.3 -2.3 -2.3 -2.3 -2.3 -2.3 0.217 0.333 0.621 0.194 0.506 0.47 2 2 2 2 2 2
2004-09-01T21:30:00 2004 9 1 21 30 0 -2.2 -1.9 458.0 3.5 1.33 1.78 4.75 1.62 2 2 2 2 2 2 2 2 2.3 1.89 -30.0 -1.9 -1.9 -1.9 -1.9 -1.9 -1.9 0.306 0.43 0.616 0.273 0.595 0.583 2 2 2 2 2 2
2004-09-01T22:30:00 2004 9 1 22 30 0 -3.8 1.0 469.0 3.6 1.45 1.13 1.25 0.44 2 2 2 2 2 2 2 2 2.3 1.97 -31.0 1.0 1.0 1.0 1.0 1.0 1.0 0.239 0.271 0.599 0.175 0.269 0.337 2 2 2 2 2 2
2004-09-01T23:30:00 2004 9 1 23 30 0 -3.6 -1.1 463.0 3.6 1.41 1.4 0.78 0.28 2 2 2 2 2 2 2 2 2.3 2.04 -32.0 -1.1 -1.1 -1.1 -1.1 -1.1 -1.1 0.206 0.228 0.583 0.131 0.254 0.317 2 2 2 2 2 2
