2004-02-28T00:30:00 2004 2 28 0 30 0 -1.3 12.8 413.0 7.7 2.63 0.04 0.0 0.0 2 2 2 2 2 2 2 2 1.7 3.11 -6.0 12.8 12.8 12.8 12.8 12.8 12.8 0.197 0.083 0.193 0.136 0.018 0.066 2 2 2 2 2 2
2004-02-28T01:30:00 2004 2 28 1 30 0 0.8 13.2 421.0 6.5 2.3 0.0 0.0 0.0 2 2 2 2 2 2 2 2 1.7 3.14 -11.0 13.2 13.2 13.2 13.2 13.2 13.2 0.133 0.041 0.187 0.076 0.006 0.027 2 2 2 2 2 2
2004-02-28T02:30:00 2004 2 28 2 30 0 4.9 4.7 433.0 5.9 2.21 0.17 0.0 0.0 2 2 2 2 2 2 2 2 1.7 2.85 -13.0 4.7 4.7 4.7 4.7 4.7 4.7 0.09 0.021 0.181 0.043 0.002 0.011 2 2 2 2 2 2
2004-02-28T03:30:00 2004 2 28 3 30 0 8.3 -1.9 474.0 6.1 2.34 3.69 0.84 0.51 2 2 2 2 2 2 2 2 3.3 2.77 -10.0 -1.9 -1.9 -1.9 -1.9 -1.9 -1.9 0.125 0.139 0.18 0.089 0.242 0.37 2 2 2 2 2 2
2004-02-28T04:30:00 2004 2 28 4 30 0 10.2 3.8 490.0 5.5 2.27 6.4 0.57 0.34 2 2 2 2 2 2 2 2 3.3 2.7 -10.0 3.8 3.8 3.8 3.8 3.8 3.8 0.097 0.093 0.175 0.057 0.11 0.224 2 2 2 2 2 2
2004-02-28T05:30:00 2004 2 28 5 30 0 8.6 -2.4 477.0 5.7 2.23 7.27 1.36 0.77 2 2 2 2 2 2 2 2 3.3 2.7 -13.0 -2.4 -2.4 -2.4 -2.4 -2.4 -2.4 0.157 0.217 0.177 0.132 0.359 0.541 2 2 2 2 2 2
2004-02-28T06:30:00 2004 2 28 6 30 0 6.8 -5.1 484.0 7.1 2.87 11.29 9.29 6.08 2 2 2 2 2 2 2 2 4.0 2.8 -20.0 -5.1 -5.1 -5.1 -5.1 -5.1 -5.1 0.508 0.701 0.223 0.673 1.169 1.775 2 2 2 2 2 2
2004-02-28T07:30:00 2004 2 28 7 30 0 9.6 1.1 489.0 6.4 2.66 8.83 4.58 3.16 2 2 2 2 2 2 2 2 4.0 2.9 -27.0 1.1 1.1 1.1 1.1 1.1 1.1 0.486 0.566 0.232 0.536 0.707 1.358 2 2 2 2 2 2
2004-02-28T08:30:00 2004 2 28 8 30 0 9.1 6.3 478.0 5.4 2.13 4.34 0.0 0.0 2 2 2 2 2 2 2 2 4.0 3.19 -27.0 6.3 6.3 6.3 6.3 6.3 6.3 0.329 0.281 0.225 0.3 0.224 0.563 2 2 2 2 2 2
2004-02-28T09:30:00 2004 2 28 9 30 0 10.6 3.1 482.0 5.5 2.21 4.5 0.0 0.0 2 2 2 2 2 2 2 2 3.3 3.38 -17.0 3.1 3.1 3.1 3.1 3.1 3.1 0.223 0.14 0.218 0.168 0.071 0.234 2 2 2 2 2 2
2004-02-28T10:30:00 2004 2 28 10 30 0 10.1 0.1 474.0 5.2 2.03 7.3 0.0 0.0 2 2 2 2 2 2 2 2 3.3 3.56 -21.0 0.1 0.1 0.1 0.1 0.1 0.1 0.151 0.069 0.212 0.094 0.022 0.097 2 2 2 2 2 2
2004-02-28T11:30:00 2004 2 28 11 30 0 10.3 3.5 473.0 4.9 1.89 6.65 0.0 0.0 2 2 2 2 2 2 2 2 3.3 3.56 -28.0 3.5 3.5 3.5 3.5 3.5 3.5 0.102 0.034 0.205 0.053 0.007 0.04 2 2 2 2 2 2
2004-02-28T12:30:00 2004 2 28 12 30 0 11.4 0.2 484.0 4.8 1.92 7.96 0.0 0.0 2 2 2 2 2 2 2 2 3.0 3.52 -25.0 0.2 0.2 0.2 0.2 0.2 0.2 0.069 0.017 0.199 0.029 0.002 0.017 2 2 2 2 2 2
2004-02-28T13:30:00 2004 2 28 13 30 0 8.5 5.2 472.0 4.7 1.8 5.67 0.0 0.0 2 2 2 2 2 2 2 2 3.0 3.48 -21.0 5.2 5.2 5.2 5.2 5.2 5.2 0.047 0.008 0.193 0.017 0.001 0.007 2 2 2 2 2 2
2004-02-28T14:30:00 2004 2 28 14 30 0 9.7 -2.1 493.0 4.4 1.87 6.47 0.97 0.43 2 2 2 2 2 2 2 2 3.0 3.35 -16.0 -2.1 -2.1 -2.1 -2.1 -2.1 -2.1 0.095 0.124 0.192 0.077 0.242 0.284 2 2 2 2 2 2
2004-02-28T15:30:00 2004 2 28 15 30 0 6.9 3.4 480.0 3.8 1.55 5.54 0.78 0.34 2 2 2 2 2 2 2 2 3.3 3.27 -17.0 3.4 3.4 3.4 3.4 3.4 3.4 0.081 0.089 0.187 0.054 0.117 0.179 2 2 2 2 2 2
2004-02-28T16:30:00 2004 2 28 16 30 0 5.3 0.3 475.0 3.6 1.62 2.25 0.0 0.0 2 2 2 2 2 2 2 2 3.3 3.19 -14.0 0.3 0.3 0.3 0.3 0.3 0.3 0.055 0.044 0.182 0.03 0.037 0.074 2 2 2 2 2 2
2004-02-28T17:30:00 2004 2 28 17 30 0 4.9 0.8 508.0 4.8 2.13 2.12 0.0 0.0 2 2 2 2 2 2 2 2 3.3 3.19 -12.0 0.8 0.8 0.8 0.8 0.8 0.8 0.037 0.022 0.176 0.017 0.012 0.031 2 2 2 2 2 2
2004-02-28T18:30:00 2004 2 28 18 30 0 -2.6 1.6 524.0 4.6 2.17 0.34 0.0 0.0 2 2 2 2 2 2 2 2 3.7 3.24 -14.0 1.6 1.6 1.6 1.6 1.6 1.6 0.025 0.011 0.171 0.009 0.004 0.013 2 2 2 2 2 2
2004-02-28T19:30:00 2004 2 28 19 30 0 -2.1 1.4 529.0 4.8 2.32 0.26 0.0 0.0 2 2 2 2 2 2 2 2 3.7 3.3 -15.0 1.4 1.4 1.4 1.4 1.4 1.4 0.017 0.005 0.166 0.005 0.001 0.005 2 2 2 2 2 2
2004-02-28T20:30:00 2004 2 28 20 30 0 4.1 -2.6 521.0 4.4 2.14 1.25 2.5 1.12 2 2 2 2 2 2 2 2 3.7 3.38 -16.0 -2.6 -2.6 -2.6 -2.6 -2.6 -2.6 0.139 0.218 0.172 0.146 0.455 0.557 2 2 2 2 2 2
2004-02-28T21:30:00 2004 2 28 21 30 0 -0.1 -2.1 519.0 4.2 2.06 2.44 6.06 2.6 2 2 2 2 2 2 2 2 4.0 3.51 -18.0 -2.1 -2.1 -2.1 -2.1 -2.1 -2.1 0.306 0.43 0.191 0.325 0.773 0.97 2 2 2 2 2 2
2004-02-28T22:30:00 2004 2 28 22 30 0 5.9 1.6 527.0 4.3 2.15 1.33 1.33 0.56 2 2 2 2 2 2 2 2 4.0 3.63 -25.0 1.6 1.6 1.6 1.6 1.6 1.6 0.24 0.269 0.188 0.206 0.336 0.544 2 2 2 2 2 2
2004-02-28T23:30:00 2004 2 28 23 30 0 4.7 4.4 541.0 4.2 2.23 1.37 0.0 0.0 2 2 2 2 2 2 2 2 4.0 3.72 -21.0 4.4 4.4 4.4 4.4 4.4 4.4 0.162 0.134 0.182 0.115 0.106 0.226 2 2 2 2 2 2
