2004-02-25T00:30:00 2004 2 25 0 30 0 0.6 1.2 364.0 3.1 0.96 0.04 0.35 0.11 2 2 2 1 1 2 2 2 2.3 2.71 -13.0 1.2 1.2 1.2 1.2 1.2 1.2 0.326 0.249 0.372 0.166 0.135 0.174 2 2 2 2 2 2
2004-02-25T01:30:00 2004 2 25 1 30 0 -2.2 0.4 367.0 3.1 0.97 0.07 0.0 0.0 2 2 2 2 2 2 2 2 2.3 2.71 -11.0 0.4 0.4 0.4 0.4 0.4 0.4 0.221 0.124 0.36 0.093 0.043 0.072 2 2 2 2 2 2
2004-02-25T02:30:00 2004 2 25 2 30 0 -1.6 -1.7 370.0 2.7 0.9 0.55 1.4 0.39 2 2 2 2 2 2 2 2 2.3 2.66 -10.0 -1.7 -1.7 -1.7 -1.7 -1.7 -1.7 0.213 0.201 0.352 0.102 0.193 0.149 2 2 2 2 2 2
2004-02-25T03:30:00 2004 2 25 3 30 0 -1.7 -2.4 373.0 3.0 0.99 1.3 3.86 1.11 2 2 2 2 2 2 2 2 1.7 2.53 -11.0 -2.4 -2.4 -2.4 -2.4 -2.4 -2.4 0.278 0.347 0.35 0.186 0.372 0.261 2 2 2 2 2 2
2004-02-25T04:30:00 2004 2 25 4 30 0 -2.8 -1.5 368.0 2.8 0.93 1.45 3.54 1.03 2 2 2 2 2 2 2 2 1.7 2.4 -11.0 -1.5 -1.5 -1.5 -1.5 -1.5 -1.5 0.301 0.388 0.346 0.204 0.379 0.281 2 2 2 2 2 2
2004-02-25T05:30:00 2004 2 25 5 30 0 -2.2 -2.1 368.0 2.7 0.92 1.44 3.36 0.92 2 2 2 2 2 2 2 2 1.7 2.23 -13.0 -2.1 -2.1 -2.1 -2.1 -2.1 -2.1 0.319 0.412 0.343 0.219 0.391 0.283 2 2 2 2 2 2
2004-02-25T06:30:00 2004 2 25 6 30 0 -1.9 -1.9 368.0 2.7 0.91 1.37 3.66 0.99 2 2 2 2 2 2 2 2 1.0 1.98 -14.0 -1.9 -1.9 -1.9 -1.9 -1.9 -1.9 0.335 0.428 0.339 0.231 0.397 0.284 2 2 2 2 2 2
2004-02-25T07:30:00 2004 2 25 7 30 0 -2.6 -1.5 369.0 3.2 0.98 1.23 3.1 0.92 2 2 2 2 2 2 2 2 1.0 1.73 -14.0 -1.5 -1.5 -1.5 -1.5 -1.5 -1.5 0.332 0.42 0.335 0.219 0.378 0.294 2 2 2 2 2 2
2004-02-25T08:30:00 2004 2 25 8 30 0 -2.7 -1.2 362.0 3.2 0.96 1.16 2.44 0.78 2 2 2 2 2 2 2 2 1.0 1.57 -15.0 -1.2 -1.2 -1.2 -1.2 -1.2 -1.2 0.313 0.391 0.329 0.19 0.335 0.284 2 2 2 2 2 2
2004-02-25T09:30:00 2004 2 25 9 30 0 -1.4 -2.5 360.0 2.7 0.89 1.28 3.44 1.0 2 2 2 2 2 2 2 2 1.7 1.5 -15.0 -2.5 -2.5 -2.5 -2.5 -2.5 -2.5 0.335 0.43 0.327 0.223 0.391 0.293 2 2 2 2 2 2
2004-02-25T10:30:00 2004 2 25 10 30 0 -2.0 -2.0 360.0 3.1 0.97 1.42 4.01 1.17 2 2 2 2 2 2 2 2 1.7 1.44 -13.0 -2.0 -2.0 -2.0 -2.0 -2.0 -2.0 0.358 0.461 0.325 0.249 0.416 0.31 2 2 2 2 2 2
2004-02-25T11:30:00 2004 2 25 11 30 0 -0.5 -2.1 352.0 3.1 0.97 1.08 3.65 1.13 2 2 2 1 1 2 2 2 1.7 1.44 -13.0 -2.1 -2.1 -2.1 -2.1 -2.1 -2.1 0.369 0.473 0.322 0.257 0.415 0.316 2 1 2 2 1 1
2004-02-25T12:30:00 2004 2 25 12 30 0 -2.0 -0.4 352.0 3.1 1.02 0.55 2.08 0.64 2 2 2 1 1 2 2 2 1.7 1.44 -11.0 -0.4 -0.4 -0.4 -0.4 -0.4 -0.4 0.315 0.375 0.316 0.189 0.283 0.247 2 1 2 1 1 1
2004-02-25T13:30:00 2004 2 25 13 30 0 -3.3 0.0 354.0 3.22 1.19 0.6 0.32 0.1 2 2 2 1 1 2 2 2 1.7 1.45 -8.0 0.0 0.0 0.0 0.0 0.0 0.0 0.225 0.219 0.306 0.11 0.122 0.137 1 1 2 1 1 1
2004-02-25T14:30:00 2004 2 25 14 30 0 -2.9 0.2 350.0 3.37 1.35 0.65 0.0 0.0 2 2 2 1 1 2 2 2 1.7 1.53 -8.0 0.2 0.2 0.2 0.2 0.2 0.2 0.152 0.109 0.297 0.061 0.039 0.057 1 1 2 1 1 1
2004-02-25T15:30:00 2004 2 25 15 30 0 -3.4 0.4 352.0 3.52 1.51 0.63 0.0 0.0 2 2 2 1 1 2 2 2 0.3 1.43 -8.0 0.4 0.4 0.4 0.4 0.4 0.4 0.103 0.054 0.288 0.034 0.012 0.023 1 1 2 1 1 1
2004-02-25T16:30:00 2004 2 25 16 30 0 -1.2 0.7 344.0 3.67 1.52 0.28 0.0 0.0 2 2 2 1 0 2 2 2 0.3 1.34 -7.0 0.7 0.7 0.7 0.7 0.7 0.7 0.07 0.027 0.279 0.019 0.004 0.01 1 1 2 1 1 1
2004-02-25T17:30:00 2004 2 25 17 30 0 -2.8 -1.1 351.0 3.75 1.52 0.45 0.67 0.25 2 2 2 0 0 2 2 1 0.3 1.16 -5.0 -1.1 -1.1 -1.1 -1.1 -1.1 -1.1 0.087 0.114 0.272 0.037 0.121 0.108 1 0 2 0 0 0
2004-02-25T18:30:00 2004 2 25 18 30 0 -1.8 -1.3 342.0 3.75 1.52 0.85 2.09 0.78 2 2 2 0 0 2 2 1 1.7 1.16 -5.0 -1.3 -1.3 -1.3 -1.3 -1.3 -1.3 0.144 0.245 0.267 0.084 0.244 0.215 0 0 2 0 0 0
2004-02-25T19:30:00 2004 2 25 19 30 0 -2.6 0.1 339.0 3.75 1.52 0.53 0.94 0.35 2 2 2 0 0 2 2 1 1.7 1.17 -2.0 0.1 0.1 0.1 0.1 0.1 0.1 0.128 0.194 0.26 0.063 0.147 0.158 0 0 2 0 0 0
2004-02-25T20:30:00 2004 2 25 20 30 0 -3.2 1.1 335.0 3.75 1.52 0.44 0.0 0.0 2 2 2 0 0 2 2 1 1.7 1.18 1.0 1.1 1.1 1.1 1.1 1.1 1.1 0.087 0.097 0.252 0.035 0.046 0.066 0 0 2 0 0 0
2004-02-25T21:30:00 2004 2 25 21 30 0 -1.7 -2.6 330.0 3.75 1.52 0.84 1.7 0.64 2 2 2 0 0 2 2 1 2.3 1.26 3.0 -2.6 -2.6 -2.6 -2.6 -2.6 -2.6 0.145 0.237 0.249 0.099 0.225 0.179 0 0 2 0 0 0
2004-02-25T22:30:00 2004 2 25 22 30 0 -0.2 -3.4 327.0 3.75 1.52 1.87 4.98 1.87 2 2 2 0 0 2 2 1 2.3 1.35 -1.0 -3.4 -3.4 -3.4 -3.4 -3.4 -3.4 0.282 0.466 0.253 0.252 0.434 0.322 0 0 2 0 0 0
2004-02-25T23:30:00 2004 2 25 23 30 0 0.1 -1.5 323.0 3.75 1.52 1.13 3.85 1.45 2 2 2 0 0 2 2 1 2.3 1.6 -3.0 -1.5 -1.5 -1.5 -1.5 -1.5 -1.5 0.322 0.496 0.252 0.261 0.399 0.326 0 0 2 0 0 0
