2004-05-21T00:30:00 2004 5 21 0 30 0 2.5 4.1 547.0 4.3 2.42 1.04 0.25 0.11 2 2 2 2 2 2 2 2 3.7 3.12 -12.0 4.1 4.1 4.1 4.1 4.1 4.1 0.141 0.086 0.202 0.086 0.083 0.194 2 2 2 2 2 2
2004-05-21T01:30:00 2004 5 21 1 30 0 4.2 4.1 552.0 4.4 2.5 0.36 0.0 0.0 2 2 2 2 2 2 2 2 3.7 3.3 -8.0 4.1 4.1 4.1 4.1 4.1 4.1 0.095 0.043 0.196 0.048 0.026 0.08 2 2 2 2 2 2
2004-05-21T02:30:00 2004 5 21 2 30 0 2.1 2.6 529.0 4.7 2.44 0.32 0.0 0.0 2 2 2 2 2 2 2 2 3.7 3.38 -4.0 2.6 2.6 2.6 2.6 2.6 2.6 0.065 0.021 0.19 0.027 0.008 0.033 2 2 2 2 2 2
2004-05-21T03:30:00 2004 5 21 3 30 0 2.7 3.0 531.0 4.4 2.27 0.18 0.0 0.0 2 2 2 2 2 2 2 2 2.0 3.25 -5.0 3.0 3.0 3.0 3.0 3.0 3.0 0.044 0.011 0.184 0.015 0.003 0.014 2 2 2 2 2 2
2004-05-21T04:30:00 2004 5 21 4 30 0 4.1 2.0 515.0 3.6 1.75 0.54 0.0 0.0 2 2 2 2 2 2 2 2 2.0 3.11 -6.0 2.0 2.0 2.0 2.0 2.0 2.0 0.03 0.005 0.179 0.008 0.001 0.006 2 2 2 2 2 2
2004-05-21T05:30:00 2004 5 21 5 30 0 3.8 0.0 507.0 3.4 1.61 1.16 0.0 0.0 2 2 2 2 2 2 2 2 2.0 2.94 -7.0 0.0 0.0 0.0 0.0 0.0 0.0 0.02 0.003 0.173 0.005 0.0 0.002 2 2 2 2 2 2
2004-05-21T06:30:00 2004 5 21 6 30 0 3.0 -2.5 509.0 3.4 1.61 2.27 3.44 1.17 2 2 2 2 2 2 2 2 1.7 2.74 -9.0 -2.5 -2.5 -2.5 -2.5 -2.5 -2.5 0.155 0.235 0.181 0.153 0.464 0.447 2 2 2 2 2 2
2004-05-21T07:30:00 2004 5 21 7 30 0 2.4 -0.8 500.0 3.4 1.54 1.91 3.99 1.36 2 2 2 2 2 2 2 2 1.7 2.54 -14.0 -0.8 -0.8 -0.8 -0.8 -0.8 -0.8 0.227 0.318 0.186 0.199 0.513 0.565 2 2 2 2 2 2
2004-05-21T08:30:00 2004 5 21 8 30 0 3.4 0.8 502.0 3.7 1.69 0.88 0.42 0.14 2 2 2 2 2 2 2 2 1.7 2.29 -11.0 0.8 0.8 0.8 0.8 0.8 0.8 0.163 0.175 0.181 0.116 0.188 0.271 2 2 2 2 2 2
2004-05-21T09:30:00 2004 5 21 9 30 0 3.8 0.7 497.0 3.8 1.7 0.98 0.0 0.0 2 2 2 2 2 2 2 2 1.3 2.0 -7.0 0.7 0.7 0.7 0.7 0.7 0.7 0.11 0.087 0.176 0.065 0.06 0.112 2 2 2 2 2 2
2004-05-21T10:30:00 2004 5 21 10 30 0 2.7 3.3 508.0 3.6 1.69 0.5 0.0 0.0 2 2 2 2 2 2 2 2 1.3 1.7 -4.0 3.3 3.3 3.3 3.3 3.3 3.3 0.075 0.043 0.17 0.036 0.019 0.047 2 2 2 2 2 2
2004-05-21T11:30:00 2004 5 21 11 30 0 1.4 0.9 494.0 3.9 1.72 0.13 0.0 0.0 2 2 2 2 2 2 2 2 1.3 1.62 -3.0 0.9 0.9 0.9 0.9 0.9 0.9 0.051 0.021 0.165 0.02 0.006 0.019 2 2 2 2 2 2
2004-05-21T12:30:00 2004 5 21 12 30 0 4.0 -2.2 504.0 4.2 1.93 1.53 2.2 0.91 2 2 2 2 2 2 2 2 1.3 1.53 -4.0 -2.2 -2.2 -2.2 -2.2 -2.2 -2.2 0.143 0.203 0.169 0.124 0.385 0.442 2 2 2 2 2 2
2004-05-21T13:30:00 2004 5 21 13 30 0 4.7 0.6 499.0 4.2 1.89 2.52 1.95 0.82 2 2 2 2 2 2 2 2 1.3 1.44 -8.0 0.6 0.6 0.6 0.6 0.6 0.6 0.15 0.192 0.168 0.111 0.27 0.395 2 2 2 2 2 2
2004-05-21T14:30:00 2004 5 21 14 30 0 3.3 0.4 501.0 4.7 2.12 1.31 0.0 0.0 2 2 2 2 2 2 2 2 1.3 1.4 -6.0 0.4 0.4 0.4 0.4 0.4 0.4 0.102 0.095 0.163 0.062 0.085 0.164 2 2 2 2 2 2
2004-05-21T15:30:00 2004 5 21 15 30 0 3.8 2.2 479.0 4.3 1.81 0.75 0.0 0.0 2 2 2 2 2 2 2 2 2.0 1.44 -5.0 2.2 2.2 2.2 2.2 2.2 2.2 0.069 0.047 0.158 0.035 0.027 0.068 2 2 2 2 2 2
2004-05-21T16:30:00 2004 5 21 16 30 0 0.5 4.6 468.0 4.0 1.61 0.14 0.0 0.0 2 2 2 2 2 2 2 2 2.0 1.48 -2.0 4.6 4.6 4.6 4.6 4.6 4.6 0.047 0.024 0.153 0.02 0.009 0.028 2 2 2 2 2 2
2004-05-21T17:30:00 2004 5 21 17 30 0 1.4 4.5 458.0 3.7 1.43 0.01 0.0 0.0 2 2 2 2 2 2 2 2 2.0 1.57 1.0 4.5 4.5 4.5 4.5 4.5 4.5 0.032 0.012 0.149 0.011 0.003 0.012 2 2 2 2 2 2
2004-05-21T18:30:00 2004 5 21 18 30 0 4.4 2.2 458.0 3.6 1.35 0.33 0.0 0.0 2 2 2 2 2 2 2 2 1.3 1.57 3.0 2.2 2.2 2.2 2.2 2.2 2.2 0.021 0.006 0.144 0.006 0.001 0.005 2 2 2 2 2 2
2004-05-21T19:30:00 2004 5 21 19 30 0 0.6 4.2 467.0 2.7 1.01 0.21 0.0 0.0 2 2 2 2 2 2 2 2 1.3 1.56 1.0 4.2 4.2 4.2 4.2 4.2 4.2 0.014 0.003 0.14 0.003 0.0 0.002 2 2 2 2 2 2
2004-05-21T20:30:00 2004 5 21 20 30 0 2.7 5.5 497.0 2.1 0.88 0.05 0.0 0.0 2 2 2 2 2 2 2 2 1.3 1.56 -2.0 5.5 5.5 5.5 5.5 5.5 5.5 0.01 0.001 0.136 0.002 0.0 0.001 2 2 2 2 2 2
2004-05-21T21:30:00 2004 5 21 21 30 0 4.6 3.3 492.0 1.7 0.7 0.42 0.0 0.0 2 2 2 2 2 2 2 2 0.3 1.43 -4.0 3.3 3.3 3.3 3.3 3.3 3.3 0.007 0.001 0.131 0.001 0.0 0.0 2 2 2 2 2 2
2004-05-21T22:30:00 2004 5 21 22 30 0 5.0 2.3 492.0 1.7 0.7 1.06 0.0 0.0 2 2 2 2 2 2 2 2 0.3 1.29 -3.0 2.3 2.3 2.3 2.3 2.3 2.3 0.004 0.0 0.127 0.001 0.0 0.0 2 2 2 2 2 2
2004-05-21T23:30:00 2004 5 21 23 30 0 5.7 1.1 498.0 2.0 0.85 1.83 0.0 0.0 2 2 2 2 2 2 2 2 0.3 1.08 -1.0 1.1 1.1 1.1 1.1 1.1 1.1 0.003 0.0 0.124 0.0 0.0 0.0 2 2 2 2 2 2
