2004-04-28T00:30:00 2004 4 28 0 30 0 6.0 0.8 424.0 2.9 0.99 2.23 0.03 0.01 2 2 2 2 2 2 2 2 1.3 1.49 -1.0 0.8 0.8 0.8 0.8 0.8 0.8 0.016 0.011 0.056 0.004 0.009 0.012 2 2 2 2 2 2
2004-04-28T01:30:00 2004 4 28 1 30 0 5.5 1.2 422.0 2.6 0.9 2.08 0.0 0.0 2 2 2 2 2 2 2 2 1.3 1.44 0.0 1.2 1.2 1.2 1.2 1.2 1.2 0.011 0.005 0.054 0.002 0.003 0.005 2 2 2 2 2 2
2004-04-28T02:30:00 2004 4 28 2 30 0 5.6 2.6 423.0 2.6 0.94 1.55 0.0 0.0 2 2 2 2 2 2 2 2 1.3 1.4 4.0 2.6 2.6 2.6 2.6 2.6 2.6 0.007 0.003 0.052 0.001 0.001 0.002 2 2 2 2 2 2
2004-04-28T03:30:00 2004 4 28 3 30 0 5.6 2.6 422.0 2.5 0.9 1.36 0.0 0.0 2 2 2 2 2 2 2 2 0.3 1.22 5.0 2.6 2.6 2.6 2.6 2.6 2.6 0.005 0.001 0.051 0.001 0.0 0.001 2 2 2 2 2 2
2004-04-28T04:30:00 2004 4 28 4 30 0 5.7 2.8 421.0 2.7 1.0 1.35 0.0 0.0 2 2 2 2 2 2 2 2 0.3 1.04 3.0 2.8 2.8 2.8 2.8 2.8 2.8 0.003 0.001 0.049 0.0 0.0 0.0 2 2 2 2 2 2
2004-04-28T05:30:00 2004 4 28 5 30 0 4.8 3.8 421.0 2.9 1.13 0.98 0.0 0.0 2 2 2 2 2 2 2 2 0.3 0.91 4.0 3.8 3.8 3.8 3.8 3.8 3.8 0.002 0.0 0.048 0.0 0.0 0.0 2 2 2 2 2 2
2004-04-28T06:30:00 2004 4 28 6 30 0 5.8 3.3 441.0 3.0 1.29 1.03 0.0 0.0 2 2 2 2 2 2 2 2 1.3 0.92 6.0 3.3 3.3 3.3 3.3 3.3 3.3 0.002 0.0 0.046 0.0 0.0 0.0 2 2 2 2 2 2
2004-04-28T07:30:00 2004 4 28 7 30 0 4.7 5.3 449.0 2.7 1.2 0.85 0.0 0.0 2 2 2 2 2 2 2 2 1.3 0.92 6.0 5.3 5.3 5.3 5.3 5.3 5.3 0.001 0.0 0.045 0.0 0.0 0.0 2 2 2 2 2 2
2004-04-28T08:30:00 2004 4 28 8 30 0 5.7 4.8 461.0 2.6 1.21 0.78 0.0 0.0 2 2 2 2 2 2 2 2 1.3 0.93 8.0 4.8 4.8 4.8 4.8 4.8 4.8 0.001 0.0 0.043 0.0 0.0 0.0 2 2 2 2 2 2
2004-04-28T09:30:00 2004 4 28 9 30 0 1.7 7.1 468.0 3.4 1.7 0.3 0.0 0.0 2 2 2 2 2 2 2 2 0.7 0.85 10.0 7.1 7.1 7.1 7.1 7.1 7.1 0.0 0.0 0.042 0.0 0.0 0.0 2 2 2 2 2 2
2004-04-28T10:30:00 2004 4 28 10 30 0 3.6 6.2 465.0 3.4 1.72 0.11 0.0 0.0 2 2 2 2 2 2 2 2 0.7 0.78 13.0 6.2 6.2 6.2 6.2 6.2 6.2 0.0 0.0 0.041 0.0 0.0 0.0 2 2 2 2 2 2
2004-04-28T11:30:00 2004 4 28 11 30 0 -3.3 8.2 474.0 3.9 1.87 0.04 0.0 0.0 2 2 2 2 2 2 2 2 0.7 0.83 15.0 8.2 8.2 8.2 8.2 8.2 8.2 0.0 0.0 0.04 0.0 0.0 0.0 2 2 2 2 2 2
2004-04-28T12:30:00 2004 4 28 12 30 0 3.6 5.8 470.0 4.1 1.89 0.05 0.0 0.0 2 2 2 2 2 2 2 2 1.3 0.95 16.0 5.8 5.8 5.8 5.8 5.8 5.8 0.0 0.0 0.038 0.0 0.0 0.0 2 2 2 2 2 2
2004-04-28T13:30:00 2004 4 28 13 30 0 -3.1 4.7 503.0 3.9 1.9 0.06 0.0 0.0 2 2 2 2 2 2 2 2 1.3 1.07 13.0 4.7 4.7 4.7 4.7 4.7 4.7 0.0 0.0 0.037 0.0 0.0 0.0 2 2 2 2 2 2
2004-04-28T14:30:00 2004 4 28 14 30 0 1.4 0.4 516.0 3.6 1.92 0.05 0.0 0.0 2 2 2 2 2 2 2 2 1.3 1.08 8.0 0.4 0.4 0.4 0.4 0.4 0.4 0.0 0.0 0.036 0.0 0.0 0.0 2 2 2 2 2 2
2004-04-28T15:30:00 2004 4 28 15 30 0 -3.7 -4.0 531.0 3.8 2.14 2.35 5.23 1.96 2 2 2 2 2 2 2 2 3.3 1.34 5.0 -4.0 -4.0 -4.0 -4.0 -4.0 -4.0 0.217 0.324 0.061 0.287 0.686 0.686 2 2 2 2 2 2
2004-04-28T16:30:00 2004 4 28 16 30 0 2.8 2.0 530.0 3.4 1.91 1.32 3.1 1.15 2 2 2 2 2 2 2 2 3.3 1.6 -3.0 2.0 2.0 2.0 2.0 2.0 2.0 0.218 0.261 0.067 0.232 0.391 0.492 2 2 2 2 2 2
2004-04-28T17:30:00 2004 4 28 17 30 0 5.7 -1.8 527.0 3.5 1.94 2.4 1.33 0.46 2 2 2 2 2 2 2 2 3.3 1.93 0.0 -1.8 -1.8 -1.8 -1.8 -1.8 -1.8 0.216 0.251 0.071 0.199 0.393 0.477 2 2 2 2 2 2
2004-04-28T18:30:00 2004 4 28 18 30 0 2.8 1.6 532.0 3.1 1.75 2.08 1.07 0.36 2 2 2 2 2 2 2 2 3.7 2.31 -1.0 1.6 1.6 1.6 1.6 1.6 1.6 0.169 0.163 0.07 0.127 0.189 0.285 2 2 2 2 2 2
2004-04-28T19:30:00 2004 4 28 19 30 0 2.1 -1.5 536.0 2.6 1.49 0.79 1.14 0.3 2 2 2 2 2 2 2 2 3.7 2.68 -5.0 -1.5 -1.5 -1.5 -1.5 -1.5 -1.5 0.168 0.176 0.072 0.121 0.278 0.299 2 2 2 2 2 2
2004-04-28T20:30:00 2004 4 28 20 30 0 2.5 2.1 534.0 2.6 1.48 0.56 0.67 0.17 2 2 2 2 2 2 2 2 3.7 2.98 -8.0 2.1 2.1 2.1 2.1 2.1 2.1 0.126 0.108 0.071 0.075 0.122 0.16 2 2 2 2 2 2
2004-04-28T21:30:00 2004 4 28 21 30 0 3.7 0.2 515.0 2.6 1.38 0.72 0.0 0.0 2 2 2 2 2 2 2 2 3.0 3.18 -10.0 0.2 0.2 0.2 0.2 0.2 0.2 0.085 0.053 0.069 0.042 0.039 0.066 2 2 2 2 2 2
2004-04-28T22:30:00 2004 4 28 22 30 0 2.0 -1.3 519.0 2.6 1.4 1.19 1.6 0.42 2 2 2 2 2 2 2 2 3.0 3.37 -12.0 -1.3 -1.3 -1.3 -1.3 -1.3 -1.3 0.125 0.152 0.072 0.078 0.27 0.248 2 2 2 2 2 2
2004-04-28T23:30:00 2004 4 28 23 30 0 3.4 1.8 538.0 2.0 1.16 0.74 0.57 0.14 2 2 2 2 2 2 2 2 3.0 3.33 -10.0 1.8 1.8 1.8 1.8 1.8 1.8 0.095 0.093 0.07 0.05 0.114 0.133 2 2 2 2 2 2
