2004-04-15T00:30:00 2004 4 15 0 30 0 -2.6 0.2 363.0 2.6 0.6 0.41 0.02 0.01 2 2 2 2 2 2 2 2 1.0 0.87 -3.0 0.2 0.2 0.2 0.2 0.2 0.2 0.031 0.023 0.126 0.006 0.01 0.016 2 2 2 2 2 2
2004-04-15T01:30:00 2004 4 15 1 30 0 -1.2 -0.9 346.0 4.0 0.88 0.37 0.71 0.26 2 2 2 2 2 2 2 2 1.0 0.9 -3.0 -0.9 -0.9 -0.9 -0.9 -0.9 -0.9 0.061 0.115 0.124 0.027 0.123 0.115 2 2 2 2 2 2
2004-04-15T02:30:00 2004 4 15 2 30 0 -0.7 -1.5 344.0 4.7 1.02 0.42 2.11 0.93 2 2 2 2 2 2 2 2 1.0 1.02 -1.0 -1.5 -1.5 -1.5 -1.5 -1.5 -1.5 0.136 0.269 0.124 0.088 0.271 0.27 2 2 2 2 2 2
2004-04-15T03:30:00 2004 4 15 3 30 0 -0.8 -0.5 339.0 4.5 0.96 0.28 1.64 0.75 2 2 2 2 2 2 2 2 0.7 1.1 -3.0 -0.5 -0.5 -0.5 -0.5 -0.5 -0.5 0.157 0.288 0.123 0.091 0.244 0.28 2 2 2 2 2 2
2004-04-15T04:30:00 2004 4 15 4 30 0 -2.4 0.2 346.0 4.9 1.07 0.24 0.27 0.12 2 2 2 2 2 2 2 2 0.7 1.18 -4.0 0.2 0.2 0.2 0.2 0.2 0.2 0.116 0.17 0.119 0.054 0.101 0.151 2 2 2 2 2 2
2004-04-15T05:30:00 2004 4 15 5 30 0 -2.8 0.8 350.0 5.4 1.18 0.37 0.0 0.0 2 2 2 2 2 2 2 2 0.7 1.05 -2.0 0.8 0.8 0.8 0.8 0.8 0.8 0.079 0.085 0.116 0.03 0.032 0.062 2 2 2 2 2 2
2004-04-15T06:30:00 2004 4 15 6 30 0 -3.2 0.4 361.0 8.4 1.93 0.51 0.0 0.0 2 2 2 2 2 2 2 2 0.7 0.93 0.0 0.4 0.4 0.4 0.4 0.4 0.4 0.053 0.042 0.112 0.017 0.01 0.026 2 2 2 2 2 2
2004-04-15T07:30:00 2004 4 15 7 30 0 -2.3 1.4 359.0 11.0 2.48 0.35 0.0 0.0 2 2 2 2 2 2 2 2 0.7 0.81 3.0 1.4 1.4 1.4 1.4 1.4 1.4 0.036 0.021 0.109 0.01 0.003 0.011 2 2 2 2 2 2
2004-04-15T08:30:00 2004 4 15 8 30 0 -2.8 2.1 366.0 9.2 2.16 0.21 0.0 0.0 2 2 2 2 2 2 2 2 0.7 0.77 4.0 2.1 2.1 2.1 2.1 2.1 2.1 0.024 0.01 0.105 0.005 0.001 0.004 2 2 2 2 2 2
2004-04-15T09:30:00 2004 4 15 9 30 0 -3.2 2.6 366.0 10.2 2.41 0.26 0.0 0.0 2 2 2 2 2 2 2 2 1.7 0.87 6.0 2.6 2.6 2.6 2.6 2.6 2.6 0.017 0.005 0.102 0.003 0.0 0.002 2 2 2 2 2 2
2004-04-15T10:30:00 2004 4 15 10 30 0 -4.4 -1.0 372.0 11.6 2.86 0.99 0.34 0.39 2 2 2 2 2 2 2 2 1.7 0.96 9.0 -1.0 -1.0 -1.0 -1.0 -1.0 -1.0 0.049 0.107 0.101 0.029 0.134 0.325 2 2 2 2 2 2
2004-04-15T11:30:00 2004 4 15 11 30 0 -5.4 -0.3 382.0 9.4 2.42 2.2 1.17 1.24 2 2 2 2 2 2 2 2 1.7 1.09 2.0 -0.3 -0.3 -0.3 -0.3 -0.3 -0.3 0.099 0.221 0.1 0.054 0.232 0.613 2 2 2 2 2 2
2004-04-15T12:30:00 2004 4 15 12 30 0 -5.8 -1.5 394.0 8.8 2.37 3.1 1.85 1.67 2 2 2 2 2 2 2 2 1.7 1.21 -2.0 -1.5 -1.5 -1.5 -1.5 -1.5 -1.5 0.185 0.375 0.103 0.124 0.413 0.922 2 2 2 2 2 2
2004-04-15T13:30:00 2004 4 15 13 30 0 -5.6 -1.7 397.0 8.5 2.32 3.82 3.18 2.75 2 2 2 2 2 2 2 2 1.7 1.34 -3.0 -1.7 -1.7 -1.7 -1.7 -1.7 -1.7 0.293 0.527 0.11 0.222 0.568 1.186 2 2 2 2 2 2
2004-04-15T14:30:00 2004 4 15 14 30 0 -4.8 -1.8 396.0 8.4 2.31 3.49 3.48 2.94 2 2 2 2 2 2 2 2 1.7 1.46 -7.0 -1.8 -1.8 -1.8 -1.8 -1.8 -1.8 0.377 0.618 0.118 0.292 0.638 1.311 2 2 2 2 2 2
2004-04-15T15:30:00 2004 4 15 15 30 0 -4.1 -1.6 398.0 7.9 2.24 2.78 3.36 2.73 2 2 2 2 2 2 2 2 1.0 1.49 -9.0 -1.6 -1.6 -1.6 -1.6 -1.6 -1.6 0.422 0.642 0.126 0.316 0.633 1.295 2 2 2 2 2 2
2004-04-15T16:30:00 2004 4 15 16 30 0 -3.9 -2.4 400.0 8.4 2.43 2.8 4.06 3.32 2 2 2 2 2 2 2 2 1.0 1.52 -8.0 -2.4 -2.4 -2.4 -2.4 -2.4 -2.4 0.495 0.719 0.137 0.391 0.729 1.437 2 2 2 2 2 2
2004-04-15T17:30:00 2004 4 15 17 30 0 -3.5 -2.9 402.0 8.6 2.53 3.3 5.36 4.56 2 2 2 2 2 2 2 2 1.0 1.43 -10.0 -2.9 -2.9 -2.9 -2.9 -2.9 -2.9 0.599 0.838 0.154 0.52 0.869 1.679 2 2 2 2 2 2
2004-04-15T18:30:00 2004 4 15 18 30 0 2.1 -3.1 405.0 10.0 3.06 2.49 6.07 5.69 2 2 2 2 2 2 2 2 2.3 1.51 -10.0 -3.1 -3.1 -3.1 -3.1 -3.1 -3.1 0.71 0.959 0.175 0.654 0.999 2.043 2 2 2 2 2 2
2004-04-15T19:30:00 2004 4 15 19 30 0 4.5 -0.4 417.0 9.4 3.09 2.13 3.36 3.27 2 2 2 2 2 2 2 2 2.3 1.59 -10.0 -0.4 -0.4 -0.4 -0.4 -0.4 -0.4 0.629 0.769 0.18 0.498 0.688 1.685 2 2 2 2 2 2
2004-04-15T20:30:00 2004 4 15 20 30 0 -2.4 -3.7 410.0 7.9 2.46 1.9 4.51 3.79 2 2 2 2 2 2 2 2 2.3 1.67 -11.0 -3.7 -3.7 -3.7 -3.7 -3.7 -3.7 0.677 0.84 0.195 0.573 0.863 1.777 2 2 2 2 2 2
2004-04-15T21:30:00 2004 4 15 21 30 0 -0.8 -4.9 408.0 7.5 2.3 4.72 8.89 6.82 2 2 2 2 2 2 2 2 3.3 1.88 -8.0 -4.9 -4.9 -4.9 -4.9 -4.9 -4.9 0.854 1.057 0.229 0.879 1.158 2.009 2 2 2 2 2 2
2004-04-15T22:30:00 2004 4 15 22 30 0 -1.4 -5.0 413.0 7.6 2.36 5.77 10.17 7.69 2 2 2 2 2 2 2 2 3.3 2.09 -6.0 -5.0 -5.0 -5.0 -5.0 -5.0 -5.0 1.011 1.206 0.27 1.128 1.316 2.181 2 2 2 2 2 2
2004-04-15T23:30:00 2004 4 15 23 30 0 0.7 -3.6 430.0 9.5 3.17 4.37 8.94 7.68 2 2 2 2 2 2 2 2 3.3 2.38 -8.0 -3.6 -3.6 -3.6 -3.6 -3.6 -3.6 1.081 1.24 0.304 1.175 1.336 2.507 2 2 2 2 2 2
