2004-05-02T00:30:00 2004 5 2 0 30 0 -1.0 -3.5 406.0 8.2 2.75 3.47 7.41 5.94 2 2 2 2 2 2 2 2 3.0 2.14 -11.0 -3.5 -3.5 -3.5 -3.5 -3.5 -3.5 0.805 1.039 0.352 0.849 1.11 1.964 2 2 2 2 2 2
2004-05-02T01:30:00 2004 5 2 1 30 0 -2.9 -4.2 400.0 8.1 2.72 4.02 7.81 6.36 2 2 2 2 2 2 2 2 3.0 2.27 -14.0 -4.2 -4.2 -4.2 -4.2 -4.2 -4.2 0.904 1.12 0.376 0.952 1.16 2.056 2 2 2 2 2 2
2004-05-02T02:30:00 2004 5 2 2 30 0 -2.1 -2.4 399.0 8.3 2.74 3.23 6.44 5.28 2 2 2 2 2 2 2 2 3.0 2.43 -15.0 -2.4 -2.4 -2.4 -2.4 -2.4 -2.4 0.895 1.054 0.389 0.865 1.013 1.91 2 2 2 2 2 2
2004-05-02T03:30:00 2004 5 2 3 30 0 -4.1 0.8 400.0 8.3 2.81 1.23 1.6 1.33 2 2 2 2 2 2 2 2 0.7 2.29 -9.0 0.8 0.8 0.8 0.8 0.8 0.8 0.663 0.633 0.38 0.527 0.442 1.044 2 2 2 2 2 2
2004-05-02T04:30:00 2004 5 2 4 30 0 -2.2 0.4 388.0 8.8 2.72 0.6 0.0 0.0 2 2 2 2 2 2 2 2 0.7 2.15 -3.0 0.4 0.4 0.4 0.4 0.4 0.4 0.449 0.314 0.369 0.295 0.14 0.433 2 2 2 2 2 2
2004-05-02T05:30:00 2004 5 2 5 30 0 -1.6 3.2 393.0 9.2 2.86 0.11 0.0 0.0 2 2 2 2 2 2 2 2 0.7 1.94 -1.0 3.2 3.2 3.2 3.2 3.2 3.2 0.304 0.156 0.358 0.165 0.044 0.18 2 2 2 2 2 2
2004-05-02T06:30:00 2004 5 2 6 30 0 -0.5 4.1 391.0 11.8 3.65 0.01 0.0 0.0 2 2 2 2 2 2 2 2 0.7 1.73 2.0 4.1 4.1 4.1 4.1 4.1 4.1 0.206 0.077 0.347 0.093 0.014 0.074 2 2 2 2 2 2
2004-05-02T07:30:00 2004 5 2 7 30 0 -0.1 3.3 387.0 11.6 3.47 0.0 0.0 0.0 2 2 2 2 2 2 2 2 0.7 1.53 2.0 3.3 3.3 3.3 3.3 3.3 3.3 0.139 0.038 0.336 0.052 0.004 0.031 2 2 2 2 2 2
2004-05-02T08:30:00 2004 5 2 8 30 0 -4.7 -1.7 378.0 6.7 1.92 0.81 0.68 0.49 2 2 2 2 2 2 2 2 0.7 1.25 2.0 -1.7 -1.7 -1.7 -1.7 -1.7 -1.7 0.151 0.154 0.329 0.078 0.183 0.282 2 2 2 2 2 2
2004-05-02T09:30:00 2004 5 2 9 30 0 -1.0 2.0 374.0 9.5 2.57 0.76 0.61 0.44 2 2 2 2 2 2 2 2 2.3 1.18 -1.0 2.0 2.0 2.0 2.0 2.0 2.0 0.12 0.113 0.319 0.054 0.093 0.186 2 2 2 2 2 2
2004-05-02T10:30:00 2004 5 2 10 30 0 1.8 3.9 380.0 10.1 2.89 0.01 0.0 0.0 2 2 2 2 2 2 2 2 2.3 1.12 4.0 3.9 3.9 3.9 3.9 3.9 3.9 0.081 0.056 0.31 0.03 0.029 0.077 2 2 2 2 2 2
2004-05-02T11:30:00 2004 5 2 11 30 0 2.6 5.3 394.0 7.7 2.28 0.06 0.0 0.0 2 2 2 2 2 2 2 2 2.3 1.32 0.0 5.3 5.3 5.3 5.3 5.3 5.3 0.055 0.028 0.3 0.017 0.009 0.032 2 2 2 2 2 2
2004-05-02T12:30:00 2004 5 2 12 30 0 -0.4 5.8 395.0 6.3 1.81 0.02 0.0 0.0 2 2 2 2 2 2 2 2 1.0 1.35 0.0 5.8 5.8 5.8 5.8 5.8 5.8 0.037 0.014 0.291 0.009 0.003 0.013 2 2 2 2 2 2
2004-05-02T13:30:00 2004 5 2 13 30 0 -4.2 5.9 396.0 8.3 2.34 0.1 0.0 0.0 2 2 2 2 2 2 2 2 1.0 1.38 2.0 5.9 5.9 5.9 5.9 5.9 5.9 0.025 0.007 0.282 0.005 0.001 0.006 2 2 2 2 2 2
2004-05-02T14:30:00 2004 5 2 14 30 0 -5.5 5.1 379.0 6.9 1.83 0.51 0.0 0.0 2 2 2 2 2 2 2 2 1.0 1.41 -2.0 5.1 5.1 5.1 5.1 5.1 5.1 0.017 0.003 0.274 0.003 0.0 0.002 2 2 2 2 2 2
2004-05-02T15:30:00 2004 5 2 15 30 0 -6.8 4.0 378.0 6.2 1.65 1.11 0.0 0.0 2 2 2 2 2 2 2 2 1.0 1.44 -3.0 4.0 4.0 4.0 4.0 4.0 4.0 0.012 0.002 0.265 0.002 0.0 0.001 2 2 2 2 2 2
2004-05-02T16:30:00 2004 5 2 16 30 0 -7.7 3.1 377.0 4.9 1.27 1.94 0.0 0.0 2 2 2 2 2 2 2 2 1.0 1.47 -5.0 3.1 3.1 3.1 3.1 3.1 3.1 0.008 0.001 0.257 0.001 0.0 0.0 2 2 2 2 2 2
2004-05-02T17:30:00 2004 5 2 17 30 0 -8.3 0.7 383.0 3.0 0.95 3.3 0.0 0.0 2 2 2 2 2 2 2 2 1.0 1.31 -5.0 0.7 0.7 0.7 0.7 0.7 0.7 0.005 0.0 0.249 0.001 0.0 0.0 2 2 2 2 2 2
2004-05-02T18:30:00 2004 5 2 18 30 0 -7.5 -2.0 400.0 4.1 1.47 5.25 1.63 0.63 2 2 2 2 2 2 2 2 2.0 1.29 -3.0 -2.0 -2.0 -2.0 -2.0 -2.0 -2.0 0.086 0.171 0.246 0.074 0.244 0.221 2 2 2 2 2 2
2004-05-02T19:30:00 2004 5 2 19 30 0 -7.2 -2.7 384.0 4.9 1.44 6.46 4.65 2.12 2 2 2 2 2 2 2 2 2.0 1.26 -6.0 -2.7 -2.7 -2.7 -2.7 -2.7 -2.7 0.244 0.423 0.252 0.238 0.519 0.527 2 2 2 2 2 2
2004-05-02T20:30:00 2004 5 2 20 30 0 -7.1 -1.7 381.0 6.1 1.64 5.82 4.13 2.27 2 2 2 2 2 2 2 2 2.0 1.39 -6.0 -1.7 -1.7 -1.7 -1.7 -1.7 -1.7 0.333 0.532 0.256 0.295 0.562 0.702 2 2 2 2 2 2
2004-05-02T21:30:00 2004 5 2 21 30 0 -6.8 -0.9 377.0 7.9 2.03 4.54 2.4 1.68 2 2 2 2 2 2 2 2 1.3 1.42 -1.0 -0.9 -0.9 -0.9 -0.9 -0.9 -0.9 0.339 0.511 0.254 0.252 0.471 0.772 2 2 2 2 2 2
2004-05-02T22:30:00 2004 5 2 22 30 0 -3.0 -2.2 371.0 7.0 1.8 2.85 2.99 2.2 2 2 2 2 2 2 2 2 1.3 1.46 -2.0 -2.2 -2.2 -2.2 -2.2 -2.2 -2.2 0.388 0.582 0.255 0.288 0.545 0.904 2 2 2 2 2 2
2004-05-02T23:30:00 2004 5 2 23 30 0 2.6 -0.4 370.0 6.9 1.77 0.68 2.27 1.58 2 2 2 2 2 2 2 2 1.3 1.49 -5.0 -0.4 -0.4 -0.4 -0.4 -0.4 -0.4 0.359 0.499 0.253 0.232 0.406 0.751 2 2 2 2 2 2
