2004-12-09T00:30:00 2004 12 9 0 30 0 2.2 -1.2 449.0 6.1 2.15 1.11 3.37 2.07 2 2 2 2 2 2 2 2 2.7 2.63 -28.0 -1.2 -1.2 -1.2 -1.2 -1.2 -1.2 0.4 0.521 0.312 0.284 0.596 1.074 2 2 2 2 2 2
2004-12-09T01:30:00 2004 12 9 1 30 0 2.2 -0.8 447.0 6.6 2.3 0.91 2.2 1.4 2 2 2 2 2 2 2 2 2.7 2.67 -25.0 -0.8 -0.8 -0.8 -0.8 -0.8 -0.8 0.373 0.467 0.308 0.235 0.504 0.993 2 2 2 2 2 2
2004-12-09T02:30:00 2004 12 9 2 30 0 2.7 -0.4 438.0 7.4 2.48 0.81 1.29 0.9 2 2 2 2 2 2 2 2 2.7 2.76 -26.0 -0.4 -0.4 -0.4 -0.4 -0.4 -0.4 0.317 0.381 0.302 0.17 0.375 0.856 2 2 2 2 2 2
2004-12-09T03:30:00 2004 12 9 3 30 0 2.9 0.8 436.0 6.9 2.3 0.63 0.11 0.08 2 2 2 2 2 2 2 2 0.7 2.57 -28.0 0.8 0.8 0.8 0.8 0.8 0.8 0.218 0.198 0.293 0.096 0.13 0.388 2 2 2 2 2 2
2004-12-09T04:30:00 2004 12 9 4 30 0 4.6 2.3 435.0 6.7 2.24 0.72 0.0 0.0 2 2 2 2 2 2 2 2 0.7 2.4 -28.0 2.3 2.3 2.3 2.3 2.3 2.3 0.147 0.098 0.284 0.054 0.041 0.161 2 2 2 2 2 2
2004-12-09T05:30:00 2004 12 9 5 30 0 3.3 3.5 435.0 6.3 2.11 0.53 0.0 0.0 2 2 2 2 2 2 2 2 0.7 2.07 -27.0 3.5 3.5 3.5 3.5 3.5 3.5 0.1 0.049 0.275 0.03 0.013 0.067 2 2 2 2 2 2
2004-12-09T06:30:00 2004 12 9 6 30 0 3.7 1.0 435.0 6.7 2.24 0.52 0.0 0.0 2 2 2 2 2 2 2 2 1.0 1.78 -25.0 1.0 1.0 1.0 1.0 1.0 1.0 0.068 0.024 0.267 0.017 0.004 0.028 2 2 2 2 2 2
2004-12-09T07:30:00 2004 12 9 7 30 0 2.8 -0.4 430.0 5.9 1.96 0.83 0.16 0.1 2 2 2 2 2 2 2 2 1.0 1.5 -25.0 -0.4 -0.4 -0.4 -0.4 -0.4 -0.4 0.061 0.056 0.259 0.017 0.071 0.135 2 2 2 2 2 2
2004-12-09T08:30:00 2004 12 9 8 30 0 3.6 -1.7 431.0 5.7 1.92 1.59 2.38 1.37 2 2 2 2 2 2 2 2 1.0 1.3 -24.0 -1.7 -1.7 -1.7 -1.7 -1.7 -1.7 0.162 0.27 0.259 0.115 0.386 0.569 2 2 2 2 2 2
2004-12-09T09:30:00 2004 12 9 9 30 0 3.8 -3.6 413.0 4.6 1.44 3.6 5.73 2.89 2 2 2 2 2 2 2 2 2.3 1.26 -25.0 -3.6 -3.6 -3.6 -3.6 -3.6 -3.6 0.345 0.531 0.271 0.344 0.7 0.85 2 2 2 2 2 2
2004-12-09T10:30:00 2004 12 9 10 30 0 4.6 -3.1 409.0 5.0 1.53 4.78 6.84 3.29 2 2 2 2 2 2 2 2 2.3 1.23 -31.0 -3.1 -3.1 -3.1 -3.1 -3.1 -3.1 0.487 0.683 0.286 0.499 0.809 0.958 2 2 2 2 2 2
2004-12-09T11:30:00 2004 12 9 11 30 0 5.2 -1.4 419.0 5.8 1.86 3.93 4.51 2.43 2 2 2 2 2 2 2 2 2.3 1.43 -32.0 -1.4 -1.4 -1.4 -1.4 -1.4 -1.4 0.502 0.652 0.291 0.45 0.688 0.95 2 2 2 2 2 2
2004-12-09T12:30:00 2004 12 9 12 30 0 4.2 -2.9 410.0 5.3 1.65 3.71 4.58 2.52 2 2 2 2 2 2 2 2 2.0 1.59 -32.0 -2.9 -2.9 -2.9 -2.9 -2.9 -2.9 0.542 0.684 0.298 0.471 0.729 1.0 2 2 2 2 2 2
2004-12-09T13:30:00 2004 12 9 13 30 0 3.5 1.0 404.0 4.6 1.42 1.84 1.96 1.0 2 2 2 2 2 2 2 2 2.0 1.75 -31.0 1.0 1.0 1.0 1.0 1.0 1.0 0.422 0.438 0.292 0.309 0.346 0.568 2 2 2 2 2 2
2004-12-09T14:30:00 2004 12 9 14 30 0 4.8 0.4 406.0 5.0 1.68 1.15 0.0 0.0 2 2 2 2 2 2 2 2 2.0 1.87 -29.0 0.4 0.4 0.4 0.4 0.4 0.4 0.286 0.217 0.284 0.173 0.11 0.235 2 2 2 2 2 2
2004-12-09T15:30:00 2004 12 9 15 30 0 4.0 -0.9 405.0 5.5 1.86 1.72 0.71 0.38 2 2 2 2 2 2 2 2 2.0 1.99 -27.0 -0.9 -0.9 -0.9 -0.9 -0.9 -0.9 0.24 0.222 0.277 0.127 0.197 0.323 2 2 2 2 2 2
2004-12-09T16:30:00 2004 12 9 16 30 0 3.1 -2.8 411.0 6.8 2.28 2.42 3.94 2.49 2 2 2 2 2 2 2 2 2.0 2.11 -30.0 -2.8 -2.8 -2.8 -2.8 -2.8 -2.8 0.357 0.473 0.283 0.277 0.571 0.835 2 2 2 2 2 2
2004-12-09T17:30:00 2004 12 9 17 30 0 5.1 -1.4 412.0 6.4 2.21 3.08 4.2 2.77 2 2 2 2 2 2 2 2 2.0 2.07 -36.0 -1.4 -1.4 -1.4 -1.4 -1.4 -1.4 0.417 0.562 0.287 0.326 0.623 1.0 2 2 2 2 2 2
2004-12-09T18:30:00 2004 12 9 18 30 0 4.7 0.6 409.0 6.1 2.13 2.17 0.89 0.56 2 2 2 2 2 2 2 2 2.3 2.08 -33.0 0.6 0.6 0.6 0.6 0.6 0.6 0.313 0.342 0.28 0.2 0.271 0.55 2 2 2 2 2 2
2004-12-09T19:30:00 2004 12 9 19 30 0 4.6 -0.4 412.0 6.7 2.37 1.73 0.2 0.13 2 2 2 2 2 2 2 2 2.3 2.08 -28.0 -0.4 -0.4 -0.4 -0.4 -0.4 -0.4 0.23 0.224 0.272 0.121 0.166 0.378 2 2 2 2 2 2
2004-12-09T20:30:00 2004 12 9 20 30 0 4.8 0.7 416.0 7.7 2.78 1.71 0.12 0.08 2 2 2 2 2 2 2 2 2.3 2.12 -24.0 0.7 0.7 0.7 0.7 0.7 0.7 0.159 0.122 0.263 0.069 0.064 0.187 2 2 2 2 2 2
2004-12-09T21:30:00 2004 12 9 21 30 0 7.1 -0.6 419.0 6.4 2.28 3.0 0.34 0.23 2 2 2 2 2 2 2 2 2.3 2.15 -23.0 -0.6 -0.6 -0.6 -0.6 -0.6 -0.6 0.136 0.134 0.256 0.055 0.132 0.273 2 2 2 2 2 2
2004-12-09T22:30:00 2004 12 9 22 30 0 5.0 1.8 417.0 7.8 2.75 2.51 0.1 0.07 2 2 2 2 2 2 2 2 2.3 2.19 -24.0 1.8 1.8 1.8 1.8 1.8 1.8 0.092 0.067 0.249 0.031 0.042 0.113 2 2 2 2 2 2
2004-12-09T23:30:00 2004 12 9 23 30 0 4.1 -0.6 430.0 8.9 3.24 1.49 0.21 0.19 2 2 2 2 2 2 2 2 2.3 2.23 -22.0 -0.6 -0.6 -0.6 -0.6 -0.6 -0.6 0.084 0.09 0.242 0.032 0.106 0.25 2 2 2 2 2 2
