2004-05-04T00:30:00 2004 5 4 0 30 0 -4.3 3.7 355.0 11.6 3.1 1.01 0.28 0.31 2 2 2 2 2 2 2 2 2.0 2.22 5.0 3.7 3.7 3.7 3.7 3.7 3.7 0.506 0.533 0.26 0.39 0.287 0.869 2 2 2 2 2 2
2004-05-04T01:30:00 2004 5 4 1 30 0 -2.9 3.5 366.0 14.1 3.96 0.28 0.0 0.0 2 2 2 2 2 2 2 2 2.0 2.22 8.0 3.5 3.5 3.5 3.5 3.5 3.5 0.343 0.264 0.252 0.218 0.091 0.361 2 2 2 2 2 2
2004-05-04T02:30:00 2004 5 4 2 30 0 -4.3 -4.0 396.0 5.9 1.85 1.98 2.43 1.73 2 2 2 2 2 2 2 2 2.0 2.18 6.0 -4.0 -4.0 -4.0 -4.0 -4.0 -4.0 0.384 0.425 0.256 0.306 0.442 0.705 2 2 2 2 2 2
2004-05-04T03:30:00 2004 5 4 3 30 0 -5.5 -3.2 410.0 5.5 1.85 5.76 7.19 4.09 2 2 2 2 2 2 2 2 2.3 2.19 -3.0 -3.2 -3.2 -3.2 -3.2 -3.2 -3.2 0.539 0.676 0.274 0.518 0.775 1.023 2 2 2 2 2 2
2004-05-04T04:30:00 2004 5 4 4 30 0 -7.6 -0.2 412.0 4.9 1.47 5.01 3.23 1.7 2 2 2 2 2 2 2 2 2.3 2.19 -12.0 -0.2 -0.2 -0.2 -0.2 -0.2 -0.2 0.473 0.537 0.273 0.384 0.505 0.766 2 2 2 2 2 2
2004-05-04T05:30:00 2004 5 4 5 30 0 -3.4 -3.1 423.0 6.0 1.91 3.96 3.71 2.1 2 2 2 2 2 2 2 2 2.3 2.19 -11.0 -3.1 -3.1 -3.1 -3.1 -3.1 -3.1 0.506 0.606 0.279 0.418 0.663 0.95 2 2 2 2 2 2
2004-05-04T06:30:00 2004 5 4 6 30 0 -3.2 -1.6 426.0 6.6 2.09 2.73 4.85 3.06 2 2 2 2 2 2 2 2 2.0 2.15 -12.0 -1.6 -1.6 -1.6 -1.6 -1.6 -1.6 0.54 0.653 0.287 0.438 0.711 1.126 2 2 2 2 2 2
2004-05-04T07:30:00 2004 5 4 7 30 0 -3.7 -0.3 429.0 5.2 1.7 1.57 1.91 1.15 2 2 2 2 2 2 2 2 2.0 2.11 -10.0 -0.3 -0.3 -0.3 -0.3 -0.3 -0.3 0.442 0.485 0.282 0.298 0.445 0.821 2 2 2 2 2 2
2004-05-04T08:30:00 2004 5 4 8 30 0 -1.5 0.3 429.0 4.6 1.53 0.6 0.13 0.07 2 2 2 2 2 2 2 2 2.0 2.11 -7.0 0.3 0.3 0.3 0.3 0.3 0.3 0.303 0.251 0.274 0.168 0.153 0.365 2 2 2 2 2 2
2004-05-04T09:30:00 2004 5 4 9 30 0 -1.9 0.9 428.0 3.7 1.24 0.16 0.0 0.0 2 2 2 2 2 2 2 2 1.0 1.98 -10.0 0.9 0.9 0.9 0.9 0.9 0.9 0.205 0.125 0.265 0.094 0.048 0.151 2 2 2 2 2 2
2004-05-04T10:30:00 2004 5 4 10 30 0 -4.8 -0.8 435.0 3.0 1.04 1.2 0.48 0.15 2 2 2 2 2 2 2 2 1.0 1.85 -8.0 -0.8 -0.8 -0.8 -0.8 -0.8 -0.8 0.166 0.126 0.258 0.071 0.122 0.157 2 2 2 2 2 2
2004-05-04T11:30:00 2004 5 4 11 30 0 -6.4 -0.7 447.0 3.1 1.11 3.37 1.65 0.5 2 2 2 2 2 2 2 2 1.0 1.68 -6.0 -0.7 -0.7 -0.7 -0.7 -0.7 -0.7 0.174 0.189 0.254 0.08 0.235 0.247 2 2 2 2 2 2
2004-05-04T12:30:00 2004 5 4 12 30 0 -6.9 -1.4 438.0 2.5 0.86 4.77 2.38 0.65 2 2 2 2 2 2 2 2 1.7 1.61 -8.0 -1.4 -1.4 -1.4 -1.4 -1.4 -1.4 0.204 0.256 0.251 0.114 0.332 0.296 2 2 2 2 2 2
2004-05-04T13:30:00 2004 5 4 13 30 0 -6.9 -1.4 434.0 2.6 0.89 5.33 3.05 0.78 2 2 2 2 2 2 2 2 1.7 1.54 -9.0 -1.4 -1.4 -1.4 -1.4 -1.4 -1.4 0.237 0.306 0.25 0.149 0.383 0.318 2 2 2 2 2 2
2004-05-04T14:30:00 2004 5 4 14 30 0 -5.8 0.8 419.0 3.4 1.07 3.48 0.84 0.23 2 2 2 2 2 2 2 2 1.7 1.51 -9.0 0.8 0.8 0.8 0.8 0.8 0.8 0.181 0.193 0.244 0.095 0.173 0.182 2 2 2 2 2 2
2004-05-04T15:30:00 2004 5 4 15 30 0 -4.9 2.7 437.0 3.3 1.12 1.49 0.0 0.0 2 2 2 2 2 2 2 2 1.0 1.39 -6.0 2.7 2.7 2.7 2.7 2.7 2.7 0.122 0.096 0.236 0.053 0.055 0.076 2 2 2 2 2 2
2004-05-04T16:30:00 2004 5 4 16 30 0 -4.6 -0.1 411.0 2.6 0.8 1.35 0.02 0.0 2 2 2 2 2 2 2 2 1.0 1.26 -7.0 -0.1 -0.1 -0.1 -0.1 -0.1 -0.1 0.086 0.057 0.229 0.031 0.032 0.046 2 2 2 2 2 2
2004-05-04T17:30:00 2004 5 4 17 30 0 -0.9 -2.1 400.0 4.1 1.17 1.25 2.39 0.86 2 2 2 2 2 2 2 2 1.0 1.26 -5.0 -2.1 -2.1 -2.1 -2.1 -2.1 -2.1 0.165 0.24 0.229 0.113 0.31 0.284 2 2 2 2 2 2
2004-05-04T18:30:00 2004 5 4 18 30 0 1.6 -2.7 411.0 4.2 1.27 1.52 4.92 2.05 2 2 2 2 2 2 2 2 2.0 1.39 -3.0 -2.7 -2.7 -2.7 -2.7 -2.7 -2.7 0.299 0.446 0.236 0.266 0.558 0.544 2 2 2 2 2 2
2004-05-04T19:30:00 2004 5 4 19 30 0 0.0 -2.0 411.0 4.1 1.27 1.42 4.77 1.98 2 2 2 2 2 2 2 2 2.0 1.51 -4.0 -2.0 -2.0 -2.0 -2.0 -2.0 -2.0 0.373 0.522 0.242 0.325 0.597 0.626 2 2 2 2 2 2
2004-05-04T20:30:00 2004 5 4 20 30 0 -0.9 -4.0 416.0 4.1 1.3 2.4 6.38 2.62 2 2 2 2 2 2 2 2 2.0 1.56 -7.0 -4.0 -4.0 -4.0 -4.0 -4.0 -4.0 0.494 0.654 0.257 0.481 0.765 0.766 2 2 2 2 2 2
2004-05-04T21:30:00 2004 5 4 21 30 0 -0.4 -2.6 406.0 4.3 1.3 2.59 6.66 2.8 2 2 2 2 2 2 2 2 3.0 1.73 -7.0 -2.6 -2.6 -2.6 -2.6 -2.6 -2.6 0.561 0.7 0.27 0.535 0.765 0.8 2 2 2 2 2 2
2004-05-04T22:30:00 2004 5 4 22 30 0 -0.7 -1.9 410.0 4.4 1.34 1.25 4.53 1.97 2 2 2 2 2 2 2 2 3.0 1.9 -5.0 -1.9 -1.9 -1.9 -1.9 -1.9 -1.9 0.547 0.646 0.274 0.468 0.656 0.746 2 2 2 2 2 2
2004-05-04T23:30:00 2004 5 4 23 30 0 -4.1 -3.0 431.0 4.7 1.59 2.54 5.27 2.41 2 2 2 2 2 2 2 2 3.0 2.15 -3.0 -3.0 -3.0 -3.0 -3.0 -3.0 -3.0 0.58 0.678 0.283 0.5 0.741 0.861 2 2 2 2 2 2
