2004-08-11T00:30:00 2004 8 11 0 30 0 4.6 1.5 605.0 2.4 1.76 0.97 0.0 0.0 2 2 2 2 2 2 2 2 2.3 3.43 -33.0 1.5 1.5 1.5 1.5 1.5 1.5 0.302 0.145 0.532 0.184 0.105 0.161 2 2 2 2 2 2
2004-08-11T01:30:00 2004 8 11 1 30 0 1.8 1.1 583.0 2.5 1.7 0.71 0.0 0.0 2 2 2 2 2 2 2 2 2.3 3.29 -29.0 1.1 1.1 1.1 1.1 1.1 1.1 0.205 0.072 0.516 0.103 0.033 0.067 2 2 2 2 2 2
2004-08-11T02:30:00 2004 8 11 2 30 0 4.3 1.5 577.0 2.4 1.6 0.71 0.0 0.0 2 2 2 2 2 2 2 2 2.3 3.08 -29.0 1.5 1.5 1.5 1.5 1.5 1.5 0.139 0.036 0.5 0.058 0.011 0.028 2 2 2 2 2 2
2004-08-11T03:30:00 2004 8 11 3 30 0 4.9 0.4 562.0 2.3 1.45 1.83 0.0 0.0 2 2 2 2 2 2 2 2 1.3 2.74 -31.0 0.4 0.4 0.4 0.4 0.4 0.4 0.094 0.018 0.485 0.032 0.003 0.011 2 2 2 2 2 2
2004-08-11T04:30:00 2004 8 11 4 30 0 5.0 1.1 569.0 2.3 1.49 2.17 0.0 0.0 2 2 2 2 2 2 2 2 1.3 2.4 -32.0 1.1 1.1 1.1 1.1 1.1 1.1 0.064 0.009 0.47 0.018 0.001 0.005 2 2 2 2 2 2
2004-08-11T05:30:00 2004 8 11 5 30 0 4.0 -1.0 573.0 1.8 1.18 2.32 0.81 0.15 2 2 2 2 2 2 2 2 1.3 2.15 -33.0 -1.0 -1.0 -1.0 -1.0 -1.0 -1.0 0.077 0.066 0.458 0.037 0.158 0.109 2 2 2 2 2 2
2004-08-11T06:30:00 2004 8 11 6 30 0 2.0 -1.6 567.0 1.7 1.09 2.04 3.77 0.66 2 2 2 2 2 2 2 2 2.3 2.04 -32.0 -1.6 -1.6 -1.6 -1.6 -1.6 -1.6 0.157 0.19 0.454 0.122 0.417 0.269 2 2 2 2 2 2
2004-08-11T07:30:00 2004 8 11 7 30 0 3.1 -2.6 572.0 1.7 1.11 2.79 6.1 1.04 2 2 2 2 2 2 2 2 2.3 1.92 -29.0 -2.6 -2.6 -2.6 -2.6 -2.6 -2.6 0.264 0.31 0.46 0.255 0.643 0.396 2 2 2 2 2 2
2004-08-11T08:30:00 2004 8 11 8 30 0 1.8 -3.6 571.0 1.4 0.91 4.36 8.98 1.37 2 2 2 2 2 2 2 2 2.3 1.93 -34.0 -3.6 -3.6 -3.6 -3.6 -3.6 -3.6 0.386 0.413 0.477 0.425 0.824 0.457 2 2 2 2 2 2
2004-08-11T09:30:00 2004 8 11 9 30 0 2.3 -3.5 547.0 1.3 0.78 4.8 9.89 1.33 2 2 2 2 2 2 2 2 3.3 2.06 -37.0 -3.5 -3.5 -3.5 -3.5 -3.5 -3.5 0.47 0.462 0.493 0.526 0.852 0.434 2 2 2 2 2 2
2004-08-11T10:30:00 2004 8 11 10 30 0 1.2 -2.7 511.0 2.0 0.93 3.42 8.1 1.34 2 2 2 2 2 2 2 2 3.3 2.2 -37.0 -2.7 -2.7 -2.7 -2.7 -2.7 -2.7 0.508 0.486 0.502 0.533 0.801 0.458 2 2 2 2 2 2
2004-08-11T11:30:00 2004 8 11 11 30 0 2.1 -1.5 503.0 2.2 1.01 1.78 5.2 1.09 2 2 2 2 2 2 2 2 3.3 2.45 -35.0 -1.5 -1.5 -1.5 -1.5 -1.5 -1.5 0.479 0.447 0.501 0.438 0.649 0.446 2 2 2 2 2 2
2004-08-11T12:30:00 2004 8 11 12 30 0 3.5 0.0 512.0 2.9 1.38 1.27 1.74 0.43 2 2 2 2 2 2 2 2 2.3 2.56 -28.0 0.0 0.0 0.0 0.0 0.0 0.0 0.369 0.299 0.489 0.276 0.339 0.309 2 2 2 2 2 2
2004-08-11T13:30:00 2004 8 11 13 30 0 1.9 -2.5 488.0 3.7 1.6 1.68 3.35 1.16 2 2 2 2 2 2 2 2 2.3 2.68 -28.0 -2.5 -2.5 -2.5 -2.5 -2.5 -2.5 0.389 0.384 0.486 0.302 0.555 0.56 2 2 2 2 2 2
2004-08-11T14:30:00 2004 8 11 14 30 0 1.9 -1.2 502.0 3.4 1.53 1.57 4.44 1.58 2 2 2 2 2 2 2 2 2.3 2.67 -29.0 -1.2 -1.2 -1.2 -1.2 -1.2 -1.2 0.406 0.423 0.484 0.309 0.597 0.66 2 2 2 2 2 2
2004-08-11T15:30:00 2004 8 11 15 30 0 2.6 -1.2 532.0 3.4 1.8 1.27 3.11 1.06 2 2 2 2 2 2 2 2 2.3 2.67 -24.0 -1.2 -1.2 -1.2 -1.2 -1.2 -1.2 0.387 0.4 0.479 0.271 0.566 0.675 2 2 2 2 2 2
2004-08-11T16:30:00 2004 8 11 16 30 0 1.2 1.9 527.0 3.3 1.66 0.41 0.49 0.17 2 2 2 2 2 2 2 2 2.3 2.66 -25.0 1.9 1.9 1.9 1.9 1.9 1.9 0.272 0.216 0.465 0.157 0.208 0.322 2 2 2 2 2 2
2004-08-11T17:30:00 2004 8 11 17 30 0 3.3 0.3 520.0 3.4 1.66 0.41 0.0 0.0 2 2 2 2 2 2 2 2 2.3 2.54 -26.0 0.3 0.3 0.3 0.3 0.3 0.3 0.184 0.107 0.451 0.088 0.066 0.133 2 2 2 2 2 2
2004-08-11T18:30:00 2004 8 11 18 30 0 -0.6 -2.2 536.0 2.7 1.48 0.86 2.82 0.81 2 2 2 2 2 2 2 2 3.0 2.51 -28.0 -2.2 -2.2 -2.2 -2.2 -2.2 -2.2 0.239 0.242 0.447 0.166 0.425 0.41 2 2 2 2 2 2
2004-08-11T19:30:00 2004 8 11 19 30 0 -0.7 -0.7 538.0 2.6 1.47 0.76 3.72 0.99 2 2 2 2 2 2 2 2 3.0 2.48 -30.0 -0.7 -0.7 -0.7 -0.7 -0.7 -0.7 0.266 0.286 0.443 0.186 0.47 0.468 2 2 2 2 2 2
2004-08-11T20:30:00 2004 8 11 20 30 0 2.9 -0.3 537.0 3.0 1.65 0.44 1.3 0.36 2 2 2 2 2 2 2 2 3.0 2.57 -26.0 -0.3 -0.3 -0.3 -0.3 -0.3 -0.3 0.224 0.23 0.432 0.129 0.323 0.39 2 2 2 2 2 2
2004-08-11T21:30:00 2004 8 11 21 30 0 2.1 0.8 533.0 3.0 1.64 0.6 0.08 0.02 2 2 2 2 2 2 2 2 2.3 2.57 -23.0 0.8 0.8 0.8 0.8 0.8 0.8 0.152 0.117 0.419 0.073 0.106 0.17 2 2 2 2 2 2
2004-08-11T22:30:00 2004 8 11 22 30 0 0.6 -1.5 527.0 3.0 1.6 0.4 1.46 0.44 2 2 2 2 2 2 2 2 2.3 2.56 -22.0 -1.5 -1.5 -1.5 -1.5 -1.5 -1.5 0.172 0.182 0.412 0.101 0.303 0.325 2 2 2 2 2 2
2004-08-11T23:30:00 2004 8 11 23 30 0 1.0 -1.3 516.0 2.7 1.35 0.74 3.63 1.03 2 2 2 2 2 2 2 2 2.3 2.56 -23.0 -1.3 -1.3 -1.3 -1.3 -1.3 -1.3 0.232 0.28 0.409 0.163 0.469 0.463 2 2 2 2 2 2
