2004-02-14T00:30:00 2004 2 14 0 30 0 -2.7 -2.0 621.0 2.3 1.56 3.01 6.39 1.56 2 2 2 2 2 2 2 2 3.7 3.81 -35.0 -2.0 -2.0 -2.0 -2.0 -2.0 -2.0 0.548 0.475 0.691 0.49 0.919 0.912 2 2 2 2 2 2
2004-02-14T01:30:00 2004 2 14 1 30 0 -1.5 -2.1 656.0 2.2 1.7 2.49 6.57 1.48 2 2 2 2 2 2 2 2 3.7 3.81 -35.0 -2.1 -2.1 -2.1 -2.1 -2.1 -2.1 0.551 0.47 0.696 0.49 0.937 0.894 2 2 2 2 2 2
2004-02-14T02:30:00 2004 2 14 2 30 0 -2.0 -0.7 638.0 2.2 1.62 1.41 4.35 0.96 2 2 2 2 2 2 2 2 3.7 3.81 -38.0 -0.7 -0.7 -0.7 -0.7 -0.7 -0.7 0.482 0.388 0.689 0.379 0.706 0.732 2 2 2 2 2 2
2004-02-14T03:30:00 2004 2 14 3 30 0 -1.5 0.1 623.0 2.3 1.63 0.53 0.88 0.2 2 2 2 2 2 2 2 2 3.0 3.72 -39.0 0.1 0.1 0.1 0.1 0.1 0.1 0.349 0.233 0.669 0.224 0.315 0.409 2 2 2 2 2 2
2004-02-14T04:30:00 2004 2 14 4 30 0 -0.6 -1.1 617.0 2.3 1.61 0.35 1.7 0.39 2 2 2 2 2 2 2 2 3.0 3.63 -36.0 -1.1 -1.1 -1.1 -1.1 -1.1 -1.1 0.303 0.228 0.654 0.179 0.397 0.44 2 2 2 2 2 2
2004-02-14T05:30:00 2004 2 14 5 30 0 -3.0 -0.5 605.0 2.2 1.47 0.92 2.37 0.53 2 2 2 2 2 2 2 2 3.0 3.5 -37.0 -0.5 -0.5 -0.5 -0.5 -0.5 -0.5 0.272 0.224 0.64 0.151 0.395 0.431 2 2 2 2 2 2
2004-02-14T06:30:00 2004 2 14 6 30 0 -3.3 -0.5 607.0 2.2 1.47 1.58 1.52 0.33 2 2 2 2 2 2 2 2 2.7 3.34 -38.0 -0.5 -0.5 -0.5 -0.5 -0.5 -0.5 0.234 0.2 0.624 0.116 0.343 0.384 2 2 2 2 2 2
2004-02-14T07:30:00 2004 2 14 7 30 0 -2.7 0.2 618.0 2.4 1.67 1.2 0.48 0.11 2 2 2 2 2 2 2 2 2.7 3.18 -36.0 0.2 0.2 0.2 0.2 0.2 0.2 0.17 0.121 0.606 0.07 0.154 0.215 2 2 2 2 2 2
2004-02-14T08:30:00 2004 2 14 8 30 0 -1.7 2.6 623.0 2.5 1.78 0.31 0.0 0.0 2 2 2 2 2 2 2 2 2.7 3.05 -31.0 2.6 2.6 2.6 2.6 2.6 2.6 0.115 0.06 0.587 0.039 0.049 0.089 2 2 2 2 2 2
2004-02-14T09:30:00 2004 2 14 9 30 0 -0.3 0.1 614.0 2.3 1.61 0.03 0.0 0.0 2 2 2 2 2 2 2 2 3.3 3.01 -33.0 0.1 0.1 0.1 0.1 0.1 0.1 0.078 0.03 0.569 0.022 0.015 0.037 2 2 2 2 2 2
2004-02-14T10:30:00 2004 2 14 10 30 0 -2.5 -1.1 643.0 2.5 1.94 0.65 1.75 0.43 2 2 2 2 2 2 2 2 3.3 2.96 -40.0 -1.1 -1.1 -1.1 -1.1 -1.1 -1.1 0.123 0.131 0.558 0.07 0.325 0.33 2 2 2 2 2 2
2004-02-14T11:30:00 2004 2 14 11 30 0 -3.7 1.0 646.0 2.5 1.98 1.33 0.78 0.2 2 2 2 2 2 2 2 2 3.3 3.0 -42.0 1.0 1.0 1.0 1.0 1.0 1.0 0.098 0.089 0.542 0.048 0.157 0.207 2 2 2 2 2 2
2004-02-14T12:30:00 2004 2 14 12 30 0 -1.8 -0.9 637.0 2.4 1.87 1.0 0.8 0.19 2 2 2 2 2 2 2 2 3.7 3.1 -36.0 -0.9 -0.9 -0.9 -0.9 -0.9 -0.9 0.104 0.111 0.529 0.058 0.244 0.271 2 2 2 2 2 2
2004-02-14T13:30:00 2004 2 14 13 30 0 -1.8 -1.7 644.0 2.6 2.07 1.37 4.27 1.08 2 2 2 2 2 2 2 2 3.7 3.19 -35.0 -1.7 -1.7 -1.7 -1.7 -1.7 -1.7 0.207 0.25 0.529 0.174 0.61 0.611 2 2 2 2 2 2
2004-02-14T14:30:00 2004 2 14 14 30 0 -0.8 -1.1 640.0 2.6 2.03 1.11 4.41 1.15 2 2 2 2 2 2 2 2 3.7 3.31 -36.0 -1.1 -1.1 -1.1 -1.1 -1.1 -1.1 0.267 0.307 0.528 0.223 0.679 0.733 2 2 2 2 2 2
2004-02-14T15:30:00 2004 2 14 15 30 0 0.1 -3.1 628.0 2.6 1.96 1.93 6.91 1.8 2 2 2 2 2 2 2 2 4.0 3.47 -36.0 -3.1 -3.1 -3.1 -3.1 -3.1 -3.1 0.395 0.432 0.544 0.405 0.971 0.957 2 2 2 2 2 2
2004-02-14T16:30:00 2004 2 14 16 30 0 -1.3 -0.9 619.0 2.9 2.11 1.62 5.95 1.63 2 2 2 2 2 2 2 2 4.0 3.63 -39.0 -0.9 -0.9 -0.9 -0.9 -0.9 -0.9 0.423 0.428 0.549 0.397 0.841 0.933 2 2 2 2 2 2
2004-02-14T17:30:00 2004 2 14 17 30 0 -2.2 -2.0 626.0 2.9 2.13 1.53 4.66 1.35 2 2 2 2 2 2 2 2 4.0 3.72 -33.0 -2.0 -2.0 -2.0 -2.0 -2.0 -2.0 0.443 0.437 0.551 0.394 0.855 0.979 2 2 2 2 2 2
2004-02-14T18:30:00 2004 2 14 18 30 0 -2.3 -2.7 623.0 3.0 2.19 3.12 7.43 2.2 2 2 2 2 2 2 2 2 3.7 3.77 -34.0 -2.7 -2.7 -2.7 -2.7 -2.7 -2.7 0.528 0.516 0.569 0.514 1.053 1.164 2 2 2 2 2 2
2004-02-14T19:30:00 2004 2 14 19 30 0 -4.2 -0.5 626.0 3.4 2.47 2.93 4.71 1.49 2 2 2 2 2 2 2 2 3.7 3.81 -34.0 -0.5 -0.5 -0.5 -0.5 -0.5 -0.5 0.487 0.443 0.568 0.416 0.791 1.037 2 2 2 2 2 2
2004-02-14T20:30:00 2004 2 14 20 30 0 -1.7 -2.1 617.0 2.9 2.05 2.25 4.24 1.31 2 2 2 2 2 2 2 2 3.7 3.81 -32.0 -2.1 -2.1 -2.1 -2.1 -2.1 -2.1 0.482 0.442 0.568 0.399 0.828 1.032 2 2 2 2 2 2
2004-02-14T21:30:00 2004 2 14 21 30 0 -2.2 -1.4 598.0 2.7 1.81 1.85 5.23 1.46 2 2 2 2 2 2 2 2 3.7 3.81 -31.0 -1.4 -1.4 -1.4 -1.4 -1.4 -1.4 0.478 0.436 0.57 0.384 0.792 0.937 2 2 2 2 2 2
2004-02-14T22:30:00 2004 2 14 22 30 0 -2.5 -1.0 614.0 2.6 1.74 1.53 3.59 0.95 2 2 2 2 2 2 2 2 3.7 3.81 -31.0 -1.0 -1.0 -1.0 -1.0 -1.0 -1.0 0.433 0.383 0.564 0.314 0.661 0.79 2 2 2 2 2 2
2004-02-14T23:30:00 2004 2 14 23 30 0 -2.1 1.0 612.0 2.2 1.46 0.7 0.64 0.16 2 2 2 2 2 2 2 2 3.7 3.77 -33.0 1.0 1.0 1.0 1.0 1.0 1.0 0.304 0.208 0.547 0.183 0.245 0.371 2 2 2 2 2 2
