2004-03-07T00:30:00 2004 3 7 0 30 0 2.7 1.3 357.0 5.3 1.25 0.59 0.0 0.0 2 2 2 2 2 2 2 2 0.0 0.15 4.0 1.3 1.3 1.3 1.3 1.3 1.3 0.0 0.0 0.03 0.0 0.0 0.0 2 2 2 2 2 2
2004-03-07T01:30:00 2004 3 7 1 30 0 2.8 1.3 353.0 5.6 1.3 0.29 0.0 0.0 2 2 2 2 2 2 2 2 0.0 0.11 3.0 1.3 1.3 1.3 1.3 1.3 1.3 0.0 0.0 0.029 0.0 0.0 0.0 2 2 2 2 2 2
2004-03-07T02:30:00 2004 3 7 2 30 0 2.8 1.3 354.0 5.5 1.29 0.3 0.0 0.0 2 2 2 2 2 2 2 2 0.0 0.07 4.0 1.3 1.3 1.3 1.3 1.3 1.3 0.0 0.0 0.028 0.0 0.0 0.0 2 2 2 2 2 2
2004-03-07T03:30:00 2004 3 7 3 30 0 2.5 0.5 342.0 5.1 1.11 0.32 0.0 0.0 2 2 2 2 2 2 2 2 0.0 0.04 0.0 0.5 0.5 0.5 0.5 0.5 0.5 0.0 0.0 0.027 0.0 0.0 0.0 2 2 2 2 2 2
2004-03-07T04:30:00 2004 3 7 4 30 0 3.0 1.0 346.0 5.5 1.22 0.37 0.0 0.0 2 2 2 2 2 2 2 2 0.0 0.0 -1.0 1.0 1.0 1.0 1.0 1.0 1.0 0.0 0.0 0.027 0.0 0.0 0.0 2 2 2 2 2 2
2004-03-07T05:30:00 2004 3 7 5 30 0 3.0 0.8 347.0 5.2 1.17 0.42 0.0 0.0 2 2 2 2 2 2 2 2 0.0 0.0 0.0 0.8 0.8 0.8 0.8 0.8 0.8 0.0 0.0 0.026 0.0 0.0 0.0 2 2 2 2 2 2
2004-03-07T06:30:00 2004 3 7 6 30 0 3.6 0.2 359.0 5.7 1.36 0.66 0.0 0.0 2 2 2 2 2 2 2 2 0.7 0.09 3.0 0.2 0.2 0.2 0.2 0.2 0.2 0.0 0.0 0.025 0.0 0.0 0.0 2 2 2 2 2 2
2004-03-07T07:30:00 2004 3 7 7 30 0 3.4 -1.6 347.0 5.4 1.19 1.26 1.36 0.75 2 2 2 2 2 2 2 2 0.7 0.18 4.0 -1.6 -1.6 -1.6 -1.6 -1.6 -1.6 0.08 0.191 0.028 0.06 0.217 0.253 2 2 2 2 2 2
2004-03-07T08:30:00 2004 3 7 8 30 0 3.3 -1.3 342.0 5.0 1.08 1.52 2.48 1.28 2 2 2 2 2 2 2 2 0.7 0.27 4.0 -1.3 -1.3 -1.3 -1.3 -1.3 -1.3 0.162 0.33 0.032 0.118 0.319 0.374 2 2 2 2 2 2
2004-03-07T09:30:00 2004 3 7 9 30 0 3.3 -0.9 341.0 5.4 1.15 1.26 1.85 0.96 2 2 2 2 2 2 2 2 1.3 0.44 4.0 -0.9 -0.9 -0.9 -0.9 -0.9 -0.9 0.192 0.358 0.034 0.123 0.304 0.388 2 2 2 2 2 2
2004-03-07T10:30:00 2004 3 7 10 30 0 3.3 -0.4 343.0 5.6 1.24 1.02 1.08 0.59 2 2 2 2 2 2 2 2 1.3 0.6 3.0 -0.4 -0.4 -0.4 -0.4 -0.4 -0.4 0.181 0.309 0.035 0.096 0.23 0.34 2 2 2 2 2 2
2004-03-07T11:30:00 2004 3 7 11 30 0 0.8 -0.4 340.0 5.6 1.22 0.41 0.68 0.38 2 2 2 2 2 2 2 2 1.3 0.77 3.0 -0.4 -0.4 -0.4 -0.4 -0.4 -0.4 0.159 0.259 0.035 0.071 0.182 0.294 2 2 2 2 2 2
2004-03-07T12:30:00 2004 3 7 12 30 0 2.0 1.4 340.0 6.1 1.31 0.09 0.05 0.03 2 2 2 2 2 2 2 2 0.7 0.85 4.0 1.4 1.4 1.4 1.4 1.4 1.4 0.108 0.129 0.034 0.04 0.058 0.122 2 2 2 2 2 2
2004-03-07T13:30:00 2004 3 7 13 30 0 2.9 1.6 339.0 5.8 1.26 0.2 0.0 0.0 2 2 2 2 2 2 2 2 0.7 0.93 2.0 1.6 1.6 1.6 1.6 1.6 1.6 0.073 0.064 0.033 0.022 0.018 0.051 2 2 2 2 2 2
2004-03-07T14:30:00 2004 3 7 14 30 0 3.1 0.5 334.0 6.1 1.27 0.4 0.0 0.0 2 2 2 2 2 2 2 2 0.7 0.92 1.0 0.5 0.5 0.5 0.5 0.5 0.5 0.049 0.032 0.032 0.012 0.006 0.021 2 2 2 2 2 2
2004-03-07T15:30:00 2004 3 7 15 30 0 2.0 0.5 335.0 6.2 1.31 0.33 0.0 0.0 2 2 2 2 2 2 2 2 0.7 0.92 1.0 0.5 0.5 0.5 0.5 0.5 0.5 0.033 0.016 0.031 0.007 0.002 0.009 2 2 2 2 2 2
2004-03-07T16:30:00 2004 3 7 16 30 0 2.6 1.5 350.0 7.6 1.71 0.21 0.0 0.0 2 2 2 2 2 2 2 2 0.7 0.92 3.0 1.5 1.5 1.5 1.5 1.5 1.5 0.023 0.008 0.03 0.004 0.001 0.004 2 2 2 2 2 2
2004-03-07T17:30:00 2004 3 7 17 30 0 1.0 0.8 331.0 6.8 1.39 0.1 0.0 0.0 2 2 2 2 2 2 2 2 0.7 0.84 2.0 0.8 0.8 0.8 0.8 0.8 0.8 0.015 0.004 0.029 0.002 0.0 0.001 2 2 2 2 2 2
2004-03-07T18:30:00 2004 3 7 18 30 0 2.1 -0.2 328.0 6.6 1.32 0.16 0.05 0.03 2 2 2 2 2 2 2 2 1.0 0.81 4.0 -0.2 -0.2 -0.2 -0.2 -0.2 -0.2 0.016 0.025 0.028 0.003 0.025 0.041 2 2 2 2 2 2
2004-03-07T19:30:00 2004 3 7 19 30 0 2.4 -0.7 328.0 6.6 1.29 0.49 0.77 0.51 2 2 2 2 2 2 2 2 1.0 0.78 3.0 -0.7 -0.7 -0.7 -0.7 -0.7 -0.7 0.06 0.15 0.029 0.028 0.145 0.219 2 2 2 2 2 2
2004-03-07T20:30:00 2004 3 7 20 30 0 2.5 -1.4 330.0 6.6 1.31 0.82 1.78 1.17 2 2 2 2 2 2 2 2 1.0 0.82 1.0 -1.4 -1.4 -1.4 -1.4 -1.4 -1.4 0.137 0.308 0.032 0.086 0.281 0.399 2 2 2 2 2 2
2004-03-07T21:30:00 2004 3 7 21 30 0 3.4 -0.3 330.0 6.1 1.19 0.93 1.33 0.85 2 2 2 2 2 2 2 2 1.7 0.95 -2.0 -0.3 -0.3 -0.3 -0.3 -0.3 -0.3 0.152 0.303 0.033 0.083 0.231 0.37 2 2 2 2 2 2
2004-03-07T22:30:00 2004 3 7 22 30 0 1.7 -0.4 319.0 5.7 1.07 0.53 0.57 0.34 2 2 2 2 2 2 2 2 1.7 1.07 -5.0 -0.4 -0.4 -0.4 -0.4 -0.4 -0.4 0.136 0.252 0.033 0.061 0.169 0.288 2 2 2 2 2 2
2004-03-07T23:30:00 2004 3 7 23 30 0 2.3 2.1 336.0 6.6 1.34 0.16 0.03 0.01 2 2 2 2 2 2 2 2 1.7 1.2 -5.0 2.1 2.1 2.1 2.1 2.1 2.1 0.092 0.125 0.032 0.034 0.054 0.12 2 2 2 2 2 2
