2004-03-03T00:30:00 2004 3 3 0 30 0 1.8 1.3 638.0 2.5 1.86 0.17 0.0 0.0 2 2 2 2 2 2 2 2 2.0 3.5 -2.0 1.3 1.3 1.3 1.3 1.3 1.3 0.034 0.015 0.175 0.015 0.007 0.016 2 2 2 2 2 2
2004-03-03T01:30:00 2004 3 3 1 30 0 3.1 1.2 642.0 2.5 1.88 0.45 0.0 0.0 2 2 2 2 2 2 2 2 2.0 3.37 -3.0 1.2 1.2 1.2 1.2 1.2 1.2 0.023 0.008 0.169 0.008 0.002 0.007 2 2 2 2 2 2
2004-03-03T02:30:00 2004 3 3 2 30 0 0.6 0.9 632.0 2.3 1.66 0.24 0.0 0.0 2 2 2 2 2 2 2 2 2.0 3.11 -8.0 0.9 0.9 0.9 0.9 0.9 0.9 0.016 0.004 0.164 0.005 0.001 0.003 2 2 2 2 2 2
2004-03-03T03:30:00 2004 3 3 3 30 0 1.9 0.8 624.0 2.6 1.83 0.12 0.0 0.0 2 2 2 2 2 2 2 2 2.3 2.9 -14.0 0.8 0.8 0.8 0.8 0.8 0.8 0.011 0.002 0.159 0.003 0.0 0.001 2 2 2 2 2 2
2004-03-03T04:30:00 2004 3 3 4 30 0 3.0 2.0 627.0 2.1 1.5 0.38 0.0 0.0 2 2 2 2 2 2 2 2 2.3 2.69 -17.0 2.0 2.0 2.0 2.0 2.0 2.0 0.007 0.001 0.154 0.001 0.0 0.0 2 2 2 2 2 2
2004-03-03T05:30:00 2004 3 3 5 30 0 3.9 2.8 633.0 2.0 1.47 0.64 0.0 0.0 2 2 2 2 2 2 2 2 2.3 2.52 -17.0 2.8 2.8 2.8 2.8 2.8 2.8 0.005 0.0 0.15 0.001 0.0 0.0 2 2 2 2 2 2
2004-03-03T06:30:00 2004 3 3 6 30 0 4.2 2.1 631.0 2.1 1.53 0.96 0.0 0.0 2 2 2 2 2 2 2 2 2.0 2.32 -16.0 2.1 2.1 2.1 2.1 2.1 2.1 0.003 0.0 0.145 0.0 0.0 0.0 2 2 2 2 2 2
2004-03-03T07:30:00 2004 3 3 7 30 0 4.0 2.4 625.0 2.1 1.51 1.01 0.0 0.0 2 2 2 2 2 2 2 2 2.0 2.11 -14.0 2.4 2.4 2.4 2.4 2.4 2.4 0.002 0.0 0.141 0.0 0.0 0.0 2 2 2 2 2 2
2004-03-03T08:30:00 2004 3 3 8 30 0 2.3 -1.0 624.0 2.3 1.62 1.01 0.6 0.14 2 2 2 2 2 2 2 2 2.0 2.11 -10.0 -1.0 -1.0 -1.0 -1.0 -1.0 -1.0 0.033 0.057 0.139 0.027 0.165 0.146 2 2 2 2 2 2
2004-03-03T09:30:00 2004 3 3 9 30 0 0.3 -2.0 645.0 2.2 1.69 1.31 4.91 1.1 2 2 2 2 2 2 2 2 4.3 2.41 -15.0 -2.0 -2.0 -2.0 -2.0 -2.0 -2.0 0.169 0.231 0.153 0.178 0.608 0.511 2 2 2 2 2 2
2004-03-03T10:30:00 2004 3 3 10 30 0 0.6 -2.2 650.0 2.3 1.79 1.76 6.83 1.54 2 2 2 2 2 2 2 2 4.3 2.71 -23.0 -2.2 -2.2 -2.2 -2.2 -2.2 -2.2 0.301 0.356 0.177 0.327 0.864 0.755 2 2 2 2 2 2
2004-03-03T11:30:00 2004 3 3 11 30 0 2.3 -0.8 640.0 2.5 1.88 1.38 4.65 1.11 2 2 2 2 2 2 2 2 4.3 2.96 -22.0 -0.8 -0.8 -0.8 -0.8 -0.8 -0.8 0.326 0.348 0.186 0.303 0.726 0.742 2 2 2 2 2 2
2004-03-03T12:30:00 2004 3 3 12 30 0 2.9 0.8 649.0 2.3 1.79 0.91 0.53 0.13 2 2 2 2 2 2 2 2 3.3 3.09 -16.0 0.8 0.8 0.8 0.8 0.8 0.8 0.23 0.188 0.182 0.175 0.263 0.35 2 2 2 2 2 2
2004-03-03T13:30:00 2004 3 3 13 30 0 0.9 1.0 622.0 2.1 1.5 0.27 0.0 0.0 2 2 2 2 2 2 2 2 3.3 3.21 -20.0 1.0 1.0 1.0 1.0 1.0 1.0 0.156 0.093 0.176 0.098 0.083 0.145 2 2 2 2 2 2
2004-03-03T14:30:00 2004 3 3 14 30 0 1.7 2.0 624.0 2.1 1.55 0.07 0.0 0.0 2 2 2 2 2 2 2 2 3.3 3.36 -19.0 2.0 2.0 2.0 2.0 2.0 2.0 0.105 0.046 0.171 0.055 0.026 0.06 2 2 2 2 2 2
2004-03-03T15:30:00 2004 3 3 15 30 0 2.5 0.7 625.0 2.0 1.5 0.29 0.0 0.0 2 2 2 2 2 2 2 2 2.7 3.43 -17.0 0.7 0.7 0.7 0.7 0.7 0.7 0.071 0.023 0.165 0.031 0.008 0.025 2 2 2 2 2 2
2004-03-03T16:30:00 2004 3 3 16 30 0 2.3 1.1 618.0 1.9 1.4 0.44 0.0 0.0 2 2 2 2 2 2 2 2 2.7 3.51 -14.0 1.1 1.1 1.1 1.1 1.1 1.1 0.048 0.011 0.16 0.017 0.003 0.01 2 2 2 2 2 2
2004-03-03T17:30:00 2004 3 3 17 30 0 0.7 -0.8 605.0 2.3 1.6 0.28 0.61 0.14 2 2 2 2 2 2 2 2 2.7 3.31 -13.0 -0.8 -0.8 -0.8 -0.8 -0.8 -0.8 0.063 0.063 0.158 0.033 0.157 0.143 2 2 2 2 2 2
2004-03-03T18:30:00 2004 3 3 18 30 0 1.3 0.0 593.0 2.3 1.52 0.25 1.1 0.25 2 2 2 2 2 2 2 2 2.7 3.11 -11.0 0.0 0.0 0.0 0.0 0.0 0.0 0.071 0.081 0.155 0.034 0.158 0.176 2 2 2 2 2 2
2004-03-03T19:30:00 2004 3 3 19 30 0 1.2 1.1 593.0 2.2 1.47 0.11 0.0 0.0 2 2 2 2 2 2 2 2 2.7 2.92 -5.0 1.1 1.1 1.1 1.1 1.1 1.1 0.048 0.04 0.15 0.019 0.05 0.073 2 2 2 2 2 2
2004-03-03T20:30:00 2004 3 3 20 30 0 1.9 2.7 604.0 2.5 1.78 0.08 0.0 0.0 2 2 2 2 2 2 2 2 2.7 2.84 -5.0 2.7 2.7 2.7 2.7 2.7 2.7 0.033 0.02 0.146 0.011 0.016 0.03 2 2 2 2 2 2
2004-03-03T21:30:00 2004 3 3 21 30 0 -0.1 3.9 605.0 2.3 1.61 0.02 0.0 0.0 2 2 2 2 2 2 2 2 1.3 2.59 -5.0 3.9 3.9 3.9 3.9 3.9 3.9 0.022 0.01 0.141 0.006 0.005 0.013 2 2 2 2 2 2
2004-03-03T22:30:00 2004 3 3 22 30 0 0.0 4.1 600.0 2.1 1.46 0.0 0.0 0.0 2 2 2 2 2 2 2 2 1.3 2.34 -2.0 4.1 4.1 4.1 4.1 4.1 4.1 0.015 0.005 0.137 0.003 0.002 0.005 2 2 2 2 2 2
2004-03-03T23:30:00 2004 3 3 23 30 0 1.3 3.2 604.0 2.1 1.48 0.01 0.0 0.0 2 2 2 2 2 2 2 2 1.3 2.16 0.0 3.2 3.2 3.2 3.2 3.2 3.2 0.01 0.002 0.133 0.002 0.001 0.002 2 2 2 2 2 2
