2004-10-28T00:30:00 2004 10 28 0 30 0 -0.7 -0.1 368.0 13.0 3.21 0.24 0.02 0.02 2 2 2 2 2 2 2 2 1.3 1.24 3.0 -0.1 -0.1 -0.1 -0.1 -0.1 -0.1 0.066 0.074 0.033 0.019 0.04 0.202 2 2 2 2 2 2
2004-10-28T01:30:00 2004 10 28 1 30 0 0.7 0.5 362.0 10.7 2.56 0.01 0.01 0.01 2 2 2 2 2 2 2 2 1.3 1.19 1.0 0.5 0.5 0.5 0.5 0.5 0.5 0.045 0.037 0.032 0.011 0.013 0.084 2 2 2 2 2 2
2004-10-28T02:30:00 2004 10 28 2 30 0 -0.5 0.3 360.0 9.0 2.13 0.0 0.0 0.0 2 2 2 2 2 2 2 2 1.3 1.23 0.0 0.3 0.3 0.3 0.3 0.3 0.3 0.03 0.018 0.031 0.006 0.004 0.035 2 2 2 2 2 2
2004-10-28T03:30:00 2004 10 28 3 30 0 -3.3 1.7 352.0 7.1 1.66 0.17 0.0 0.0 2 2 2 2 2 2 2 2 0.7 1.19 1.0 1.7 1.7 1.7 1.7 1.7 1.7 0.021 0.009 0.03 0.003 0.001 0.014 2 2 2 2 2 2
2004-10-28T04:30:00 2004 10 28 4 30 0 -3.3 2.2 348.0 6.8 1.55 0.36 0.0 0.0 2 2 2 2 2 2 2 2 0.7 1.14 3.0 2.2 2.2 2.2 2.2 2.2 2.2 0.014 0.005 0.03 0.002 0.0 0.006 2 2 2 2 2 2
2004-10-28T05:30:00 2004 10 28 5 30 0 -2.4 2.2 350.0 7.4 1.73 0.22 0.0 0.0 2 2 2 2 2 2 2 2 0.7 1.07 4.0 2.2 2.2 2.2 2.2 2.2 2.2 0.009 0.002 0.029 0.001 0.0 0.002 2 2 2 2 2 2
2004-10-28T06:30:00 2004 10 28 6 30 0 -2.4 2.2 347.0 7.2 1.66 0.14 0.0 0.0 2 2 2 2 2 2 2 2 0.0 0.9 5.0 2.2 2.2 2.2 2.2 2.2 2.2 0.006 0.001 0.028 0.001 0.0 0.001 2 2 2 2 2 2
2004-10-28T07:30:00 2004 10 28 7 30 0 -2.2 1.9 347.0 8.1 1.84 0.13 0.0 0.0 2 2 2 2 2 2 2 2 0.0 0.73 5.0 1.9 1.9 1.9 1.9 1.9 1.9 0.004 0.001 0.027 0.0 0.0 0.0 2 2 2 2 2 2
2004-10-28T08:30:00 2004 10 28 8 30 0 -2.1 1.5 348.0 8.1 1.82 0.13 0.0 0.0 2 2 2 2 2 2 2 2 0.0 0.57 3.0 1.5 1.5 1.5 1.5 1.5 1.5 0.003 0.0 0.026 0.0 0.0 0.0 2 2 2 2 2 2
2004-10-28T09:30:00 2004 10 28 9 30 0 -1.7 1.5 347.0 7.5 1.69 0.1 0.0 0.0 2 2 2 2 2 2 2 2 0.3 0.45 3.0 1.5 1.5 1.5 1.5 1.5 1.5 0.002 0.0 0.025 0.0 0.0 0.0 2 2 2 2 2 2
2004-10-28T10:30:00 2004 10 28 10 30 0 -1.6 1.8 345.0 7.6 1.68 0.06 0.0 0.0 2 2 2 2 2 2 2 2 0.3 0.33 3.0 1.8 1.8 1.8 1.8 1.8 1.8 0.001 0.0 0.025 0.0 0.0 0.0 2 2 2 2 2 2
2004-10-28T11:30:00 2004 10 28 11 30 0 -1.7 1.2 343.0 7.9 1.74 0.07 0.0 0.0 2 2 2 2 2 2 2 2 0.3 0.28 5.0 1.2 1.2 1.2 1.2 1.2 1.2 0.001 0.0 0.024 0.0 0.0 0.0 2 2 2 2 2 2
2004-10-28T12:30:00 2004 10 28 12 30 0 -1.7 1.0 342.0 8.5 1.87 0.09 0.0 0.0 2 2 2 2 2 2 2 2 0.0 0.2 6.0 1.0 1.0 1.0 1.0 1.0 1.0 0.001 0.0 0.023 0.0 0.0 0.0 2 2 2 2 2 2
2004-10-28T13:30:00 2004 10 28 13 30 0 -2.0 1.6 336.0 9.7 1.98 0.1 0.0 0.0 2 2 2 2 2 2 2 2 0.0 0.11 8.0 1.6 1.6 1.6 1.6 1.6 1.6 0.0 0.0 0.022 0.0 0.0 0.0 2 2 2 2 2 2
2004-10-28T14:30:00 2004 10 28 14 30 0 -2.1 0.5 332.0 8.7 1.78 0.16 0.0 0.0 2 2 2 2 2 2 2 2 0.0 0.11 8.0 0.5 0.5 0.5 0.5 0.5 0.5 0.0 0.0 0.022 0.0 0.0 0.0 2 2 2 2 2 2
2004-10-28T15:30:00 2004 10 28 15 30 0 -2.7 0.9 330.0 8.8 1.77 0.27 0.0 0.0 2 2 2 2 2 2 2 2 0.3 0.15 6.0 0.9 0.9 0.9 0.9 0.9 0.9 0.0 0.0 0.021 0.0 0.0 0.0 2 2 2 2 2 2
2004-10-28T16:30:00 2004 10 28 16 30 0 -2.4 0.7 331.0 11.2 2.27 0.28 0.0 0.0 2 2 2 2 2 2 2 2 0.3 0.19 6.0 0.7 0.7 0.7 0.7 0.7 0.7 0.0 0.0 0.02 0.0 0.0 0.0 2 2 2 2 2 2
2004-10-28T17:30:00 2004 10 28 17 30 0 -2.7 1.5 332.0 12.7 2.7 0.25 0.0 0.0 2 2 2 2 2 2 2 2 0.3 0.19 8.0 1.5 1.5 1.5 1.5 1.5 1.5 0.0 0.0 0.02 0.0 0.0 0.0 2 2 2 2 2 2
2004-10-28T18:30:00 2004 10 28 18 30 0 -0.5 -0.3 328.0 13.9 2.95 0.11 0.06 0.09 2 2 2 2 2 2 2 2 0.7 0.24 7.0 -0.3 -0.3 -0.3 -0.3 -0.3 -0.3 0.012 0.042 0.019 0.005 0.045 0.131 2 2 2 2 2 2
2004-10-28T19:30:00 2004 10 28 19 30 0 1.5 0.0 324.0 13.9 2.95 0.06 0.22 0.31 2 2 2 1 1 2 2 2 0.7 0.3 9.0 0.0 0.0 0.0 0.0 0.0 0.0 0.023 0.074 0.019 0.007 0.058 0.218 1 1 2 1 1 1
2004-10-28T20:30:00 2004 10 28 20 30 0 2.5 -0.4 326.0 13.9 2.93 0.34 0.35 0.49 2 2 2 1 1 2 2 2 0.7 0.38 9.0 -0.4 -0.4 -0.4 -0.4 -0.4 -0.4 0.05 0.157 0.019 0.019 0.133 0.446 1 1 2 1 1 1
2004-10-28T21:30:00 2004 10 28 21 30 0 1.6 -0.3 318.0 12.73 2.85 0.36 0.56 0.74 2 2 2 1 1 2 2 2 1.0 0.51 9.0 -0.3 -0.3 -0.3 -0.3 -0.3 -0.3 0.076 0.215 0.02 0.029 0.164 0.542 1 1 2 1 1 1
2004-10-28T22:30:00 2004 10 28 22 30 0 0.4 -0.4 308.0 11.3 2.78 0.12 0.55 0.66 2 2 2 1 1 2 2 2 1.0 0.63 9.0 -0.4 -0.4 -0.4 -0.4 -0.4 -0.4 0.094 0.245 0.02 0.035 0.173 0.53 1 1 2 1 1 1
2004-10-28T23:30:00 2004 10 28 23 30 0 1.4 0.0 305.0 9.87 2.71 0.08 0.28 0.3 2 2 2 1 1 2 2 2 1.0 0.72 5.0 0.0 0.0 0.0 0.0 0.0 0.0 0.08 0.178 0.02 0.025 0.098 0.336 1 1 2 1 1 1
