1990-03-20T00:30:00 1990 3 20 0 30 0 -5.5 1.8 386.0 19.6 6.22 2.38 1.78 3.29 2 2 2 2 2 2 2 2 3.7 2.23 -21.0 1.8 1.8 1.8 1.8 1.8 1.8 0.267 0.445 0.686 0.23 0.379 1.51 2 2 1 2 2 2
1990-03-20T01:30:00 1990 3 20 1 30 0 -8.4 0.3 394.0 18.8 6.22 3.08 0.0 0.0 2 2 2 2 2 2 2 2 3.7 2.45 -20.0 0.3 0.3 0.3 0.3 0.3 0.3 0.181 0.221 0.665 0.129 0.12 0.626 2 2 1 2 2 2
1990-03-20T02:30:00 1990 3 20 2 30 0 -6.8 0.2 383.0 16.6 4.99 3.91 0.0 0.0 2 2 2 2 2 2 2 2 3.7 2.75 -26.0 0.2 0.2 0.2 0.2 0.2 0.2 0.122 0.11 0.645 0.072 0.038 0.26 2 2 1 2 2 2
1990-03-20T03:30:00 1990 3 20 3 30 0 -7.8 3.5 380.0 16.3 5.11 2.64 0.0 0.0 2 2 2 2 2 2 2 2 3.0 2.96 -27.0 3.5 3.5 3.5 3.5 3.5 3.5 0.083 0.054 0.625 0.04 0.012 0.108 2 2 1 2 2 2
1990-03-20T04:30:00 1990 3 20 4 30 0 -7.2 1.4 376.0 16.2 4.91 2.52 0.0 0.0 2 2 2 2 2 2 2 2 3.0 3.16 -23.0 1.4 1.4 1.4 1.4 1.4 1.4 0.056 0.027 0.606 0.023 0.004 0.045 2 2 1 2 2 2
1990-03-20T05:30:00 1990 3 20 5 30 0 -6.0 1.2 371.0 15.1 4.32 2.29 0.0 0.0 2 2 2 2 2 2 2 2 3.0 3.19 -21.0 1.2 1.2 1.2 1.2 1.2 1.2 0.038 0.013 0.587 0.013 0.001 0.019 2 2 1 2 2 2
1990-03-20T06:30:00 1990 3 20 6 30 0 -5.9 2.0 370.0 15.1 3.98 1.7 0.0 0.0 2 2 2 2 2 2 2 2 2.3 3.13 -24.0 2.0 2.0 2.0 2.0 2.0 2.0 0.026 0.007 0.57 0.007 0.0 0.008 2 2 1 2 2 2
1990-03-20T07:30:00 1990 3 20 7 30 0 -5.19 1.59 366.5 17.15 4.47 1.38 0.0 0.0 1 1 1 1 1 1 1 1 2.3 3.07 -23.0 1.39 1.45 1.26 1.27 1.44 1.5 0.017 0.003 0.552 0.004 0.0 0.003 2 2 1 2 2 2
1990-03-20T08:30:00 1990 3 20 8 30 0 -3.65 0.13 363.0 19.2 4.96 1.06 0.0 0.0 1 1 1 1 1 1 1 1 2.3 2.9 -20.0 -0.68 -0.43 -1.2 -1.16 -0.45 -0.23 0.048 0.065 0.538 0.052 0.079 0.221 1 1 1 1 1 1
1990-03-20T09:30:00 1990 3 20 9 30 0 -2.11 0.12 359.5 21.25 5.45 0.57 0.0 0.0 1 1 1 1 1 1 1 1 3.3 2.85 -13.0 -0.08 -0.01 -0.2 -0.2 -0.02 0.04 0.079 0.121 0.525 0.076 0.117 0.344 1 1 1 1 1 1
1990-03-20T10:30:00 1990 3 20 10 30 0 -1.4 0.2 356.0 23.3 5.94 0.2 0.0 0.0 2 2 2 2 2 2 2 2 3.3 2.81 -22.0 0.2 0.2 0.2 0.2 0.2 0.2 0.054 0.06 0.509 0.043 0.037 0.143 1 1 1 1 1 1
1990-03-20T11:30:00 1990 3 20 11 30 0 1.4 -2.8 359.0 22.0 5.72 0.66 2.55 5.71 2 2 2 2 2 2 2 2 3.3 2.86 -24.0 -2.8 -2.8 -2.8 -2.8 -2.8 -2.8 0.274 0.576 0.507 0.263 0.616 2.317 2 2 1 2 2 2
1990-03-20T12:30:00 1990 3 20 12 30 0 0.4 -3.6 359.0 20.8 5.46 2.28 5.8 12.38 2 2 2 2 2 2 2 2 3.7 2.95 -28.0 -3.6 -3.6 -3.6 -3.6 -3.6 -3.6 0.595 1.104 0.521 0.642 1.083 3.929 2 2 2 2 2 2
1990-03-20T13:30:00 1990 3 20 13 30 0 -6.4 -4.4 380.0 15.1 4.52 4.99 7.48 13.15 2 2 2 2 2 2 2 2 3.7 3.04 -30.0 -4.4 -4.4 -4.4 -4.4 -4.4 -4.4 0.869 1.404 0.546 0.982 1.339 4.344 2 2 2 2 2 2
1990-03-20T14:30:00 1990 3 20 14 30 0 -6.9 -5.7 386.0 12.1 3.69 10.09 9.78 13.12 2 2 2 2 2 2 2 2 3.7 3.22 -39.0 -5.7 -5.7 -5.7 -5.7 -5.7 -5.7 1.121 1.596 0.583 1.341 1.534 4.175 2 2 2 2 2 2
1990-03-20T15:30:00 1990 3 20 15 30 0 -7.5 -4.1 377.0 12.0 3.41 10.18 9.22 11.1 2 2 2 2 2 2 2 2 3.7 3.39 -49.0 -4.1 -4.1 -4.1 -4.1 -4.1 -4.1 1.219 1.583 0.609 1.391 1.435 3.669 2 2 2 2 2 2
1990-03-20T16:30:00 1990 3 20 16 30 0 -9.0 -2.5 383.5 11.3 3.32 8.72 6.15 7.16 2 2 1 1 1 2 2 1 3.7 3.56 -55.0 -2.5 -2.5 -2.5 -2.5 -2.5 -2.5 1.14 1.368 0.616 1.145 1.151 2.994 2 2 2 2 1 2
1990-03-20T17:30:00 1990 3 20 17 30 0 -6.3 -4.0 390.0 10.6 3.22 8.02 6.41 6.99 2 2 2 2 2 2 2 2 3.7 3.6 -51.0 -4.0 -4.0 -4.0 -4.0 -4.0 -4.0 1.121 1.309 0.626 1.08 1.159 2.787 2 2 2 2 2 2
1990-03-20T18:30:00 1990 3 20 18 30 0 -6.0 -4.7 393.0 10.6 3.27 8.23 8.58 9.09 2 2 2 2 2 2 2 2 3.3 3.6 -46.0 -4.7 -4.7 -4.7 -4.7 -4.7 -4.7 1.192 1.385 0.649 1.207 1.308 2.911 2 2 2 2 2 2
1990-03-20T19:30:00 1990 3 20 19 30 0 -4.2 -2.9 401.0 11.6 3.81 6.05 7.39 8.21 2 2 2 2 2 2 2 2 3.3 3.6 -42.0 -2.9 -2.9 -2.9 -2.9 -2.9 -2.9 1.171 1.326 0.663 1.135 1.232 2.922 2 2 2 2 2 2
1990-03-20T20:30:00 1990 3 20 20 30 0 1.9 -2.5 446.0 9.8 4.08 2.3 5.7 6.06 2 2 2 2 2 2 2 2 3.3 3.54 -40.0 -2.5 -2.5 -2.5 -2.5 -2.5 -2.5 1.086 1.177 0.668 0.974 1.139 2.826 2 2 2 2 2 2
1990-03-20T21:30:00 1990 3 20 21 30 0 -0.4 2.1 472.0 8.6 4.02 0.36 1.31 1.25 2 2 2 2 2 2 2 2 6.7 3.94 -41.0 2.1 2.1 2.1 2.1 2.1 2.1 0.778 0.665 0.651 0.578 0.464 1.46 2 2 2 2 2 2
1990-03-20T22:30:00 1990 3 20 22 30 0 -3.0 1.6 489.0 9.2 4.85 0.15 0.0 0.0 2 2 2 2 2 2 2 2 6.7 4.33 -24.0 1.6 1.6 1.6 1.6 1.6 1.6 0.527 0.33 0.631 0.323 0.147 0.605 2 2 2 2 2 2
1990-03-20T23:30:00 1990 3 20 23 30 0 0.5 -12.7 583.0 22.4 15.23 15.78 17.23 32.66 2 2 2 2 2 2 2 2 6.7 4.72 -25.0 -12.7 -12.7 -12.7 -12.7 -12.7 -12.7 1.525 1.655 0.873 2.96 3.368 12.699 2 2 2 2 2 2
