1990-04-17T00:30:00 1990 4 17 0 30 0 -1.4 -1.44 447.4 7.6 3.05 0.85 3.22 2.45 0 0 1 0 0 0 1 0 3.7 2.52 -36.0 -1.99 -1.61 -2.76 -2.71 -1.65 -1.29 0.645 0.646 0.767 0.733 0.741 1.379 0 0 1 0 0 0
1990-04-17T01:30:00 1990 4 17 1 30 0 -1.39 -1.44 448.3 7.6 3.04 0.85 3.22 2.45 0 0 1 0 0 0 1 0 3.7 2.82 -32.0 -1.99 -1.61 -2.76 -2.71 -1.65 -1.29 0.647 0.647 0.77 0.735 0.743 1.385 0 0 1 0 0 0
1990-04-17T02:30:00 1990 4 17 2 30 0 -1.39 -1.44 449.3 7.59 3.04 0.85 3.23 2.45 0 0 1 0 0 0 1 0 3.7 2.99 -33.0 -2.0 -1.61 -2.76 -2.71 -1.65 -1.29 0.648 0.647 0.773 0.736 0.746 1.391 0 0 1 0 0 0
1990-04-17T03:30:00 1990 4 17 3 30 0 -1.39 -1.44 450.3 7.59 3.04 0.86 3.24 2.46 0 0 1 0 0 0 1 0 2.3 2.98 -36.0 -2.0 -1.61 -2.76 -2.71 -1.65 -1.29 0.65 0.647 0.777 0.738 0.748 1.397 0 0 1 0 0 0
1990-04-17T04:30:00 1990 4 17 4 30 0 -1.39 -1.44 451.3 7.58 3.04 0.86 3.25 2.46 0 0 1 0 0 0 1 0 2.3 2.97 -38.0 -2.0 -1.61 -2.76 -2.71 -1.65 -1.3 0.652 0.647 0.78 0.74 0.751 1.405 0 0 1 0 0 0
1990-04-17T05:30:00 1990 4 17 5 30 0 -1.39 -1.45 452.2 7.58 3.04 0.86 3.27 2.47 0 0 1 0 0 0 1 0 2.3 2.92 -37.0 -2.0 -1.61 -2.76 -2.71 -1.65 -1.3 0.653 0.647 0.783 0.742 0.753 1.413 0 0 1 0 0 0
1990-04-17T06:30:00 1990 4 17 6 30 0 -1.39 -1.45 453.2 7.57 3.03 0.87 3.28 2.49 0 0 1 0 0 0 1 0 4.7 3.18 -37.0 -2.0 -1.61 -2.76 -2.71 -1.65 -1.3 0.654 0.647 0.787 0.744 0.755 1.42 0 0 1 0 0 0
1990-04-17T07:30:00 1990 4 17 7 30 0 -1.38 -1.45 454.2 7.57 3.03 0.87 3.29 2.49 0 0 1 0 0 0 1 0 4.7 3.43 -15.0 -2.0 -1.61 -2.76 -2.71 -1.65 -1.3 0.656 0.647 0.79 0.745 0.758 1.427 0 0 1 0 0 0
1990-04-17T08:30:00 1990 4 17 8 30 0 -1.38 -1.45 455.1 7.56 3.03 0.87 3.3 2.49 0 0 1 0 0 0 1 0 4.7 3.57 -19.0 -2.0 -1.61 -2.76 -2.71 -1.65 -1.3 0.657 0.647 0.794 0.747 0.76 1.433 0 0 1 0 0 0
1990-04-17T09:30:00 1990 4 17 9 30 0 -1.38 -1.45 456.1 7.55 3.03 0.87 3.3 2.5 0 0 1 0 0 0 1 0 6.0 3.87 -54.0 -2.0 -1.61 -2.76 -2.71 -1.65 -1.3 0.658 0.647 0.797 0.749 0.762 1.438 0 0 1 0 0 0
1990-04-17T10:30:00 1990 4 17 10 30 0 -1.38 -1.45 457.1 7.55 3.02 0.87 3.31 2.5 0 0 1 0 0 0 1 0 6.0 4.17 -96.0 -2.0 -1.61 -2.76 -2.71 -1.65 -1.3 0.659 0.647 0.801 0.751 0.765 1.444 0 0 1 0 0 0
1990-04-17T11:30:00 1990 4 17 11 30 0 -1.38 -1.46 458.0 7.54 3.02 0.88 3.33 2.51 0 0 1 0 0 0 1 0 6.0 4.63 -91.0 -2.0 -1.61 -2.76 -2.71 -1.65 -1.3 0.66 0.647 0.804 0.752 0.767 1.45 0 0 1 0 0 0
1990-04-17T12:30:00 1990 4 17 12 30 0 -1.37 -1.46 459.0 7.54 3.02 0.88 3.35 2.52 0 0 1 0 0 0 1 0 5.3 4.99 -97.0 -2.0 -1.61 -2.76 -2.71 -1.65 -1.3 0.66 0.647 0.808 0.754 0.77 1.456 0 0 1 0 0 0
1990-04-17T13:30:00 1990 4 17 13 30 0 -1.37 -1.46 460.0 7.53 3.02 0.88 3.35 2.53 0 0 1 0 0 0 1 0 5.3 5.35 -113.0 -2.0 -1.61 -2.76 -2.71 -1.65 -1.3 0.661 0.647 0.812 0.756 0.772 1.462 0 0 0 0 0 0
1990-04-17T14:30:00 1990 4 17 14 30 0 -1.37 -1.46 460.9 7.53 3.02 0.88 3.36 2.53 0 0 1 0 0 0 1 0 5.3 5.42 -112.0 -2.0 -1.61 -2.76 -2.71 -1.65 -1.3 0.662 0.647 0.815 0.758 0.774 1.469 0 0 0 0 0 0
1990-04-17T15:30:00 1990 4 17 15 30 0 -1.37 -1.46 461.9 7.52 3.01 0.89 3.37 2.53 0 0 1 0 0 0 1 0 4.3 5.35 -108.0 -2.0 -1.62 -2.76 -2.72 -1.66 -1.3 0.663 0.648 0.819 0.761 0.778 1.475 0 0 0 0 0 0
1990-04-17T16:30:00 1990 4 17 16 30 0 -1.37 -1.46 462.9 7.52 3.01 0.89 3.38 2.54 0 0 1 0 0 0 1 0 4.3 5.29 -111.0 -2.0 -1.62 -2.76 -2.72 -1.66 -1.3 0.664 0.649 0.823 0.763 0.782 1.481 0 0 0 0 0 0
1990-04-17T17:30:00 1990 4 17 17 30 0 -1.37 -1.46 463.8 7.51 3.01 0.89 3.38 2.54 0 0 1 0 0 0 1 0 4.3 5.08 -112.0 -2.0 -1.62 -2.76 -2.72 -1.66 -1.3 0.665 0.65 0.826 0.766 0.785 1.487 0 0 0 0 0 0
1990-04-17T18:30:00 1990 4 17 18 30 0 -1.36 -1.47 464.8 7.51 3.01 0.89 3.4 2.56 0 0 1 0 0 0 1 0 4.0 4.83 -106.0 -2.0 -1.62 -2.77 -2.72 -1.66 -1.3 0.666 0.65 0.83 0.768 0.787 1.493 0 0 0 0 0 0
1990-04-17T19:30:00 1990 4 17 19 30 0 -1.36 -1.47 465.7 7.5 3.0 0.9 3.42 2.57 0 0 1 0 0 0 1 0 4.0 4.58 -96.0 -2.0 -1.62 -2.77 -2.72 -1.66 -1.31 0.667 0.65 0.834 0.77 0.789 1.502 0 0 0 0 0 0
1990-04-17T20:30:00 1990 4 17 20 30 0 -1.36 -1.47 466.7 7.5 3.0 0.9 3.43 2.57 0 0 1 0 0 0 1 0 4.0 4.42 -96.0 -2.0 -1.62 -2.77 -2.72 -1.66 -1.31 0.668 0.65 0.838 0.772 0.792 1.51 0 0 0 0 0 0
1990-04-17T21:30:00 1990 4 17 21 30 0 -1.36 -1.47 467.7 7.49 3.0 0.9 3.43 2.57 0 0 1 0 0 0 1 0 5.3 4.44 -90.0 -2.0 -1.62 -2.77 -2.72 -1.66 -1.31 0.669 0.65 0.842 0.774 0.794 1.517 0 0 0 0 0 0
1990-04-17T22:30:00 1990 4 17 22 30 0 -1.36 -1.47 468.6 7.49 3.0 0.9 3.44 2.58 0 0 1 0 0 0 1 0 5.3 4.45 -84.0 -2.0 -1.62 -2.77 -2.72 -1.66 -1.31 0.67 0.65 0.845 0.776 0.797 1.524 0 0 0 0 0 0
1990-04-17T23:30:00 1990 4 17 23 30 0 -1.35 -1.47 469.1 7.48 3.0 0.9 3.45 2.58 0 0 0 0 0 0 0 0 5.3 4.58 -85.0 -2.0 -1.62 -2.77 -2.72 -1.66 -1.31 0.671 0.65 0.849 0.777 0.798 1.528 0 0 0 0 0 0
