1990-12-05T00:30:00 1990 12 5 0 30 0 -1.0 -0.9 486.0 6.8 3.34 0.35 0.75 0.5 2 2 2 2 2 2 2 2 3.0 3.01 -12.0 -0.9 -0.9 -0.9 -0.9 -0.9 -0.9 0.256 0.303 0.446 0.197 0.38 0.776 2 2 1 2 2 2
1990-12-05T01:30:00 1990 12 5 1 30 0 -0.8 5.3 511.0 6.7 3.55 0.03 0.08 0.05 2 2 2 2 2 2 2 2 3.0 3.01 -9.0 5.3 5.3 5.3 5.3 5.3 5.3 0.173 0.15 0.432 0.11 0.12 0.322 2 2 1 2 2 2
1990-12-05T02:30:00 1990 12 5 2 30 0 2.9 4.3 488.0 7.0 3.46 0.04 0.0 0.0 2 2 2 2 2 2 2 2 3.0 3.09 -8.0 4.3 4.3 4.3 4.3 4.3 4.3 0.117 0.075 0.419 0.062 0.038 0.134 2 2 1 2 2 2
1990-12-05T03:30:00 1990 12 5 3 30 0 2.6 3.5 490.0 7.2 3.51 0.17 0.0 0.0 2 2 2 2 2 2 2 2 1.7 3.0 -7.0 3.5 3.5 3.5 3.5 3.5 3.5 0.079 0.037 0.406 0.035 0.012 0.055 2 2 1 2 2 2
1990-12-05T04:30:00 1990 12 5 4 30 0 -0.8 6.0 487.0 7.2 3.48 0.02 0.0 0.0 2 2 2 2 2 2 2 2 1.7 2.91 -9.0 6.0 6.0 6.0 6.0 6.0 6.0 0.054 0.018 0.394 0.019 0.004 0.023 2 2 1 2 2 2
1990-12-05T05:30:00 1990 12 5 5 30 0 -3.3 2.7 482.0 7.6 3.55 0.12 0.0 0.0 2 2 2 2 2 2 2 2 1.7 2.66 -10.0 2.7 2.7 2.7 2.7 2.7 2.7 0.036 0.009 0.382 0.011 0.001 0.01 2 2 1 2 2 2
1990-12-05T06:30:00 1990 12 5 6 30 0 -1.7 -3.3 481.0 7.9 3.65 1.28 2.53 1.98 2 2 2 2 2 2 2 2 2.7 2.55 -14.0 -3.3 -3.3 -3.3 -3.3 -3.3 -3.3 0.189 0.299 0.385 0.21 0.547 0.99 2 2 1 2 2 2
1990-12-05T07:30:00 1990 12 5 7 30 0 -2.8 -3.3 479.0 7.3 3.36 3.84 7.92 6.0 2 2 2 2 2 2 2 2 2.7 2.43 -22.0 -3.3 -3.3 -3.3 -3.3 -3.3 -3.3 0.47 0.678 0.413 0.57 1.082 1.955 2 2 1 2 2 2
1990-12-05T08:30:00 1990 12 5 8 30 0 -1.3 -3.5 488.0 6.5 3.24 3.88 8.25 5.66 2 2 2 2 2 2 2 2 2.7 2.4 -20.0 -3.5 -3.5 -3.5 -3.5 -3.5 -3.5 0.661 0.857 0.441 0.782 1.256 2.229 2 2 1 2 2 2
1990-12-05T09:30:00 1990 12 5 9 30 0 -2.4 -3.5 488.0 6.3 3.04 4.02 8.54 5.46 2 2 2 2 2 2 2 2 3.0 2.41 -25.0 -3.5 -3.5 -3.5 -3.5 -3.5 -3.5 0.79 0.938 0.469 0.904 1.309 2.271 2 2 1 2 2 2
1990-12-05T10:30:00 1990 12 5 10 30 0 -2.7 -1.7 499.0 6.4 3.2 2.94 6.23 3.95 2 2 2 2 2 2 2 2 3.0 2.42 -23.0 -1.7 -1.7 -1.7 -1.7 -1.7 -1.7 0.777 0.85 0.481 0.783 1.092 2.041 2 2 2 2 2 2
1990-12-05T11:30:00 1990 12 5 11 30 0 4.2 -1.2 494.0 6.3 3.02 1.33 3.55 2.25 2 2 2 2 2 2 2 2 3.0 2.58 -14.0 -1.2 -1.2 -1.2 -1.2 -1.2 -1.2 0.679 0.694 0.479 0.58 0.827 1.685 2 2 2 2 2 2
1990-12-05T12:30:00 1990 12 5 12 30 0 2.9 -0.4 481.0 6.0 2.75 1.73 1.87 1.15 2 2 2 2 2 2 2 2 2.7 2.7 -13.0 -0.4 -0.4 -0.4 -0.4 -0.4 -0.4 0.54 0.507 0.469 0.379 0.531 1.207 2 2 2 2 2 2
1990-12-05T13:30:00 1990 12 5 13 30 0 3.4 -0.4 478.0 5.5 2.61 1.2 0.96 0.55 2 2 2 2 2 2 2 2 2.7 2.81 -17.0 -0.4 -0.4 -0.4 -0.4 -0.4 -0.4 0.414 0.365 0.457 0.239 0.356 0.851 2 2 2 2 2 2
1990-12-05T14:30:00 1990 12 5 14 30 0 2.3 -3.4 481.0 5.7 2.69 2.49 4.86 2.74 2 2 2 2 2 2 2 2 2.7 2.81 -18.0 -3.4 -3.4 -3.4 -3.4 -3.4 -3.4 0.508 0.556 0.466 0.409 0.783 1.264 2 2 2 2 2 2
1990-12-05T15:30:00 1990 12 5 15 30 0 0.7 -1.9 475.0 5.6 2.53 2.29 6.18 3.49 2 2 2 2 2 2 2 2 3.7 2.94 -14.0 -1.9 -1.9 -1.9 -1.9 -1.9 -1.9 0.576 0.648 0.475 0.494 0.877 1.406 2 2 2 2 2 2
1990-12-05T16:30:00 1990 12 5 16 30 0 3.3 -1.1 476.0 5.2 2.38 1.34 3.49 1.88 2 2 2 2 2 2 2 2 3.7 3.07 -17.0 -1.1 -1.1 -1.1 -1.1 -1.1 -1.1 0.529 0.571 0.472 0.402 0.694 1.189 2 2 2 2 2 2
1990-12-05T17:30:00 1990 12 5 17 30 0 2.6 -1.8 468.0 5.3 2.32 1.81 3.49 1.83 2 2 2 2 2 2 2 2 3.7 3.16 -19.0 -1.8 -1.8 -1.8 -1.8 -1.8 -1.8 0.511 0.557 0.469 0.371 0.682 1.127 2 2 2 2 2 2
1990-12-05T18:30:00 1990 12 5 18 30 0 4.3 1.7 483.0 5.4 2.47 1.23 0.92 0.49 2 2 2 2 2 2 2 2 2.7 3.12 -12.0 1.7 1.7 1.7 1.7 1.7 1.7 0.369 0.319 0.457 0.223 0.274 0.576 2 2 2 2 2 2
1990-12-05T19:30:00 1990 12 5 19 30 0 2.7 -0.5 452.0 5.1 2.24 0.92 0.18 0.09 2 2 2 2 2 2 2 2 2.7 3.08 -12.0 -0.5 -0.5 -0.5 -0.5 -0.5 -0.5 0.265 0.198 0.443 0.135 0.157 0.34 2 2 2 2 2 2
1990-12-05T20:30:00 1990 12 5 20 30 0 -0.9 0.8 453.0 4.3 1.8 0.17 0.17 0.09 2 2 2 2 2 2 2 2 2.7 3.07 -14.0 0.8 0.8 0.8 0.8 0.8 0.8 0.184 0.11 0.43 0.077 0.064 0.17 2 2 2 2 2 2
1990-12-05T21:30:00 1990 12 5 21 30 0 2.0 0.0 447.0 4.4 1.84 0.09 0.0 0.0 2 2 2 2 2 2 2 2 2.0 2.98 -14.0 0.0 0.0 0.0 0.0 0.0 0.0 0.125 0.054 0.417 0.043 0.02 0.07 2 2 2 2 2 2
1990-12-05T22:30:00 1990 12 5 22 30 0 1.2 0.7 450.0 4.5 1.87 0.18 0.0 0.0 2 2 2 2 2 2 2 2 2.0 2.88 -12.0 0.7 0.7 0.7 0.7 0.7 0.7 0.084 0.027 0.404 0.024 0.006 0.029 2 2 2 2 2 2
1990-12-05T23:30:00 1990 12 5 23 30 0 3.9 -0.1 420.0 5.6 1.99 0.62 0.02 0.01 2 2 2 2 2 2 2 2 2.0 2.67 -11.0 -0.1 -0.1 -0.1 -0.1 -0.1 -0.1 0.061 0.027 0.392 0.015 0.023 0.053 2 2 2 2 2 2
