1990-07-25T00:30:00 1990 7 25 0 30 0 2.5 0.0 373.0 6.1 1.67 0.38 0.0 0.0 2 2 2 2 2 2 2 2 1.0 0.84 4.0 0.0 0.0 0.0 0.0 0.0 0.0 0.016 0.004 0.094 0.003 0.0 0.001 2 2 1 2 2 2
1990-07-25T01:30:00 1990 7 25 1 30 0 1.0 1.3 373.0 6.5 1.76 0.16 0.0 0.0 2 2 2 2 2 2 2 2 1.0 0.84 5.0 1.3 1.3 1.3 1.3 1.3 1.3 0.011 0.002 0.091 0.002 0.0 0.001 2 2 1 2 2 2
1990-07-25T02:30:00 1990 7 25 2 30 0 4.2 1.4 368.0 6.5 1.65 0.35 0.0 0.0 2 2 2 2 2 2 2 2 1.0 0.81 8.0 1.4 1.4 1.4 1.4 1.4 1.4 0.007 0.001 0.088 0.001 0.0 0.0 2 2 1 2 2 2
1990-07-25T03:30:00 1990 7 25 3 30 0 3.9 -0.7 369.0 7.4 1.89 1.12 0.27 0.2 2 2 2 2 2 2 2 2 1.3 0.82 12.0 -0.7 -0.7 -0.7 -0.7 -0.7 -0.7 0.031 0.076 0.087 0.016 0.096 0.165 2 2 1 2 2 2
1990-07-25T04:30:00 1990 7 25 4 30 0 2.8 2.7 365.0 7.4 1.83 0.59 0.08 0.06 2 2 2 2 2 2 2 2 1.3 0.82 11.0 2.7 2.7 2.7 2.7 2.7 2.7 0.021 0.038 0.084 0.009 0.03 0.068 2 2 1 2 2 2
1990-07-25T05:30:00 1990 7 25 5 30 0 2.4 2.5 360.0 7.4 1.77 0.16 0.0 0.0 2 2 2 2 2 2 2 2 1.3 0.95 10.0 2.5 2.5 2.5 2.5 2.5 2.5 0.014 0.019 0.081 0.005 0.01 0.028 2 2 1 2 2 2
1990-07-25T06:30:00 1990 7 25 6 30 0 2.9 -2.5 362.0 8.4 2.12 0.85 1.32 1.09 2 2 2 2 2 2 2 2 1.3 1.07 17.0 -2.5 -2.5 -2.5 -2.5 -2.5 -2.5 0.106 0.223 0.084 0.099 0.271 0.419 2 2 1 2 2 2
1990-07-25T07:30:00 1990 7 25 7 30 0 3.1 -2.4 359.0 8.5 2.07 2.27 4.41 3.73 2 2 2 2 2 2 2 2 1.3 1.19 15.0 -2.4 -2.4 -2.4 -2.4 -2.4 -2.4 0.29 0.545 0.096 0.28 0.575 0.947 2 2 1 2 2 2
1990-07-25T08:30:00 1990 7 25 8 30 0 3.7 0.7 356.0 8.1 1.87 1.27 1.49 1.25 2 2 2 2 2 2 2 2 1.3 1.23 9.0 0.7 0.7 0.7 0.7 0.7 0.7 0.253 0.391 0.096 0.197 0.298 0.623 2 2 1 2 2 2
1990-07-25T09:30:00 1990 7 25 9 30 0 3.0 1.1 356.0 7.7 1.75 0.55 0.0 0.0 2 2 2 2 2 2 2 2 1.3 1.26 10.0 1.1 1.1 1.1 1.1 1.1 1.1 0.171 0.194 0.093 0.11 0.094 0.258 2 2 1 2 2 2
1990-07-25T10:30:00 1990 7 25 10 30 0 -4.8 2.6 361.0 8.9 2.1 0.2 0.0 0.0 2 2 2 2 2 2 2 2 1.3 1.3 12.0 2.6 2.6 2.6 2.6 2.6 2.6 0.116 0.097 0.09 0.062 0.03 0.107 2 2 1 2 2 2
1990-07-25T11:30:00 1990 7 25 11 30 0 -4.6 3.0 367.0 9.8 2.37 0.72 0.0 0.0 2 2 2 2 2 2 2 2 1.3 1.3 14.0 3.0 3.0 3.0 3.0 3.0 3.0 0.078 0.048 0.087 0.035 0.009 0.044 2 2 1 2 2 2
1990-07-25T12:30:00 1990 7 25 12 30 0 -3.0 4.3 369.0 12.2 3.03 0.34 0.0 0.0 2 2 2 2 2 2 2 2 1.0 1.26 15.0 4.3 4.3 4.3 4.3 4.3 4.3 0.053 0.024 0.085 0.019 0.003 0.018 2 2 1 2 2 2
1990-07-25T13:30:00 1990 7 25 13 30 0 0.5 3.2 366.0 15.7 4.12 0.03 0.0 0.0 2 2 2 2 2 2 2 2 1.0 1.22 20.0 3.2 3.2 3.2 3.2 3.2 3.2 0.036 0.012 0.082 0.011 0.001 0.008 2 2 1 2 2 2
1990-07-25T14:30:00 1990 7 25 14 30 0 -0.5 -1.2 372.0 15.9 4.13 0.05 0.4 0.64 2 2 2 2 2 2 2 2 1.0 1.18 22.0 -1.2 -1.2 -1.2 -1.2 -1.2 -1.2 0.074 0.14 0.082 0.045 0.171 0.534 2 2 1 2 2 2
1990-07-25T15:30:00 1990 7 25 15 30 0 1.4 2.2 370.0 18.0 4.63 0.04 0.3 0.49 2 2 2 2 2 2 2 2 0.7 1.11 23.0 2.2 2.2 2.2 2.2 2.2 2.2 0.061 0.1 0.079 0.03 0.081 0.344 2 2 1 2 2 2
1990-07-25T16:30:00 1990 7 25 16 30 0 0.8 3.0 369.0 16.5 4.22 0.01 0.0 0.0 2 2 2 2 2 2 2 2 0.7 1.03 23.0 3.0 3.0 3.0 3.0 3.0 3.0 0.042 0.05 0.077 0.017 0.026 0.143 2 2 1 2 2 2
1990-07-25T17:30:00 1990 7 25 17 30 0 -0.1 2.3 366.0 12.4 3.03 0.0 0.0 0.0 2 2 2 2 2 2 2 2 0.7 0.96 23.0 2.3 2.3 2.3 2.3 2.3 2.3 0.028 0.025 0.075 0.009 0.008 0.059 2 2 1 2 2 2
1990-07-25T18:30:00 1990 7 25 18 30 0 -0.2 1.7 369.0 11.1 2.75 0.0 0.0 0.0 2 2 2 2 2 2 2 2 0.7 0.88 22.0 1.7 1.7 1.7 1.7 1.7 1.7 0.019 0.012 0.072 0.005 0.003 0.025 2 2 1 2 2 2
1990-07-25T19:30:00 1990 7 25 19 30 0 0.1 0.8 368.5 10.6 2.62 0.0 0.0 0.0 2 2 1 1 1 2 2 1 0.7 0.81 24.0 0.8 0.8 0.8 0.8 0.8 0.8 0.013 0.006 0.07 0.003 0.001 0.01 2 2 1 2 2 2
1990-07-25T20:30:00 1990 7 25 20 30 0 0.8 1.0 368.0 10.1 2.48 0.0 0.0 0.0 2 2 2 2 2 2 2 2 0.7 0.77 29.0 1.0 1.0 1.0 1.0 1.0 1.0 0.009 0.003 0.068 0.002 0.0 0.004 2 2 1 2 2 2
1990-07-25T21:30:00 1990 7 25 21 30 0 1.1 2.7 357.0 15.8 3.91 0.01 0.0 0.0 2 2 2 2 2 2 2 2 0.3 0.68 29.0 2.7 2.7 2.7 2.7 2.7 2.7 0.006 0.002 0.066 0.001 0.0 0.002 2 2 1 2 2 2
1990-07-25T22:30:00 1990 7 25 22 30 0 1.1 3.3 346.0 16.4 3.76 0.01 0.0 0.0 2 2 2 2 2 2 2 2 0.3 0.6 29.0 3.3 3.3 3.3 3.3 3.3 3.3 0.004 0.001 0.064 0.001 0.0 0.001 2 2 1 2 2 2
1990-07-25T23:30:00 1990 7 25 23 30 0 0.5 3.2 344.0 17.1 3.89 0.0 0.0 0.0 2 2 2 2 2 2 2 2 0.3 0.54 29.0 3.2 3.2 3.2 3.2 3.2 3.2 0.003 0.0 0.062 0.0 0.0 0.0 2 2 1 2 2 2
