1990-12-13T00:30:00 1990 12 13 0 30 0 -0.3 0.62 342.4 6.74 2.11 0.0 0.0 0.0 0 0 1 0 0 0 1 0 4.3 3.06 -22.0 -0.81 -0.55 -1.35 -1.32 -0.58 -0.37 0.225 0.284 0.119 0.195 0.222 0.316 0 0 0 0 0 0
1990-12-13T01:30:00 1990 12 13 1 30 0 -0.3 0.62 345.2 6.73 2.11 0.0 0.0 0.0 0 0 1 0 0 0 1 0 4.3 3.23 -27.0 -0.81 -0.55 -1.35 -1.32 -0.58 -0.37 0.227 0.284 0.121 0.197 0.225 0.322 0 0 0 0 0 0
1990-12-13T02:30:00 1990 12 13 2 30 0 -0.31 0.62 347.9 6.73 2.11 0.0 0.0 0.0 0 0 1 0 0 0 1 0 4.3 3.43 -21.0 -0.81 -0.55 -1.35 -1.32 -0.58 -0.37 0.228 0.284 0.123 0.199 0.228 0.328 0 0 0 0 0 0
1990-12-13T03:30:00 1990 12 13 3 30 0 -0.31 0.63 350.6 6.73 2.11 0.0 0.0 0.0 0 0 1 0 0 0 1 0 3.7 3.55 -22.0 -0.81 -0.55 -1.35 -1.32 -0.58 -0.37 0.229 0.285 0.125 0.201 0.23 0.334 0 0 0 0 0 0
1990-12-13T04:30:00 1990 12 13 4 30 0 -0.31 0.63 353.3 6.73 2.11 0.0 0.0 0.0 0 0 1 0 0 0 1 0 3.7 3.67 -31.0 -0.81 -0.55 -1.35 -1.31 -0.58 -0.37 0.231 0.285 0.127 0.202 0.233 0.34 0 0 0 0 0 0
1990-12-13T05:30:00 1990 12 13 5 30 0 -0.31 0.63 356.0 6.73 2.11 0.0 0.0 0.0 0 0 1 0 0 0 1 0 3.7 3.76 -39.0 -0.81 -0.55 -1.35 -1.31 -0.58 -0.37 0.232 0.285 0.129 0.203 0.236 0.346 0 0 0 0 0 0
1990-12-13T06:30:00 1990 12 13 6 30 0 -0.31 0.63 358.7 6.73 2.11 0.0 0.0 0.0 0 0 1 0 0 0 1 0 4.0 3.88 -36.0 -0.81 -0.55 -1.35 -1.31 -0.58 -0.37 0.234 0.286 0.131 0.205 0.239 0.353 0 0 0 0 0 0
1990-12-13T07:30:00 1990 12 13 7 30 0 -0.31 0.63 361.4 6.73 2.11 0.0 0.0 0.0 0 0 1 0 0 0 1 0 4.0 4.0 -35.0 -0.81 -0.55 -1.35 -1.31 -0.58 -0.37 0.235 0.286 0.133 0.207 0.242 0.359 0 0 0 0 0 0
1990-12-13T08:30:00 1990 12 13 8 30 0 -0.32 0.63 364.1 6.73 2.11 0.0 0.0 0.0 0 0 1 0 0 0 1 0 4.0 3.96 -35.0 -0.81 -0.55 -1.35 -1.31 -0.58 -0.37 0.237 0.287 0.135 0.209 0.245 0.366 0 0 0 0 0 0
1990-12-13T09:30:00 1990 12 13 9 30 0 -0.32 0.63 366.8 6.73 2.1 0.0 0.0 0.0 0 0 1 0 0 0 1 0 3.3 3.83 -34.0 -0.81 -0.55 -1.34 -1.31 -0.58 -0.37 0.238 0.287 0.137 0.21 0.248 0.372 0 0 0 0 0 0
1990-12-13T10:30:00 1990 12 13 10 30 0 -0.32 0.64 369.5 6.73 2.1 0.0 0.0 0.0 0 0 1 0 0 0 1 0 3.3 3.71 -29.0 -0.81 -0.55 -1.34 -1.31 -0.58 -0.37 0.239 0.287 0.139 0.212 0.251 0.379 0 0 0 0 0 0
1990-12-13T11:30:00 1990 12 13 11 30 0 -0.32 0.64 372.2 6.73 2.1 0.0 0.0 0.0 0 0 1 0 0 0 1 0 3.3 3.66 -29.0 -0.81 -0.55 -1.34 -1.31 -0.58 -0.37 0.241 0.288 0.141 0.214 0.254 0.386 0 0 0 0 0 0
1990-12-13T12:30:00 1990 12 13 12 30 0 -0.32 0.64 374.8 6.73 2.1 0.0 0.0 0.0 0 0 1 0 0 0 1 0 1.7 3.39 -29.0 -0.81 -0.55 -1.34 -1.31 -0.58 -0.37 0.242 0.288 0.143 0.216 0.257 0.392 0 0 0 0 0 0
1990-12-13T13:30:00 1990 12 13 13 30 0 -0.33 0.64 377.5 6.73 2.1 0.0 0.0 0.0 0 0 1 0 0 0 1 0 1.7 3.14 -25.0 -0.81 -0.55 -1.34 -1.31 -0.57 -0.37 0.244 0.288 0.145 0.218 0.258 0.399 0 0 0 0 0 0
1990-12-13T14:30:00 1990 12 13 14 30 0 -0.33 0.64 380.2 6.73 2.1 0.0 0.0 0.0 0 0 1 0 0 0 1 0 1.7 2.85 -19.0 -0.81 -0.55 -1.34 -1.31 -0.57 -0.37 0.245 0.289 0.147 0.22 0.26 0.406 0 0 0 0 0 0
1990-12-13T15:30:00 1990 12 13 15 30 0 -0.33 0.64 382.9 6.73 2.1 0.0 0.0 0.0 0 0 1 0 0 0 1 0 1.3 2.51 -14.0 -0.8 -0.55 -1.34 -1.31 -0.57 -0.37 0.246 0.289 0.15 0.222 0.263 0.413 0 0 0 0 0 0
1990-12-13T16:30:00 1990 12 13 16 30 0 -0.33 0.64 384.2 6.73 2.1 0.0 0.0 0.0 0 0 0 0 0 0 0 0 1.3 2.18 -13.0 -0.8 -0.55 -1.34 -1.3 -0.57 -0.36 0.246 0.289 0.152 0.223 0.265 0.416 0 0 0 0 0 0
1990-12-13T17:30:00 1990 12 13 17 30 0 -0.33 0.65 384.2 6.73 2.1 0.0 0.0 0.0 0 0 0 0 0 0 0 0 1.3 1.93 -11.0 -0.8 -0.55 -1.34 -1.3 -0.57 -0.36 0.247 0.29 0.154 0.224 0.266 0.417 0 0 0 0 0 0
1990-12-13T18:30:00 1990 12 13 18 30 0 -0.34 0.65 384.1 6.73 2.1 0.0 0.0 0.0 0 0 0 0 0 0 0 0 1.7 1.74 -12.0 -0.8 -0.55 -1.34 -1.3 -0.57 -0.36 0.247 0.29 0.156 0.224 0.266 0.417 0 0 0 0 0 0
1990-12-13T19:30:00 1990 12 13 19 30 0 -0.34 0.65 384.1 6.73 2.1 0.0 0.0 0.0 0 0 0 0 0 0 0 0 1.7 1.55 -15.0 -0.8 -0.55 -1.34 -1.3 -0.57 -0.36 0.247 0.29 0.158 0.224 0.266 0.417 0 0 0 0 0 0
1990-12-13T20:30:00 1990 12 13 20 30 0 -0.34 0.65 384.0 6.73 2.1 0.0 0.0 0.0 0 0 0 0 0 0 0 0 1.7 1.55 -12.0 -0.8 -0.55 -1.33 -1.3 -0.57 -0.36 0.248 0.29 0.16 0.224 0.266 0.417 0 0 0 0 0 0
1990-12-13T21:30:00 1990 12 13 21 30 0 -0.34 0.65 384.0 6.72 2.1 0.0 0.0 0.0 0 0 0 0 0 0 0 0 1.3 1.5 -9.0 -0.8 -0.55 -1.33 -1.3 -0.57 -0.36 0.248 0.29 0.162 0.224 0.266 0.417 0 0 0 0 0 0
1990-12-13T22:30:00 1990 12 13 22 30 0 -0.34 0.65 383.9 6.72 2.1 0.0 0.0 0.0 0 0 0 0 0 0 0 0 1.3 1.45 -10.0 -0.8 -0.55 -1.33 -1.3 -0.57 -0.36 0.248 0.29 0.164 0.224 0.266 0.416 0 0 0 0 0 0
1990-12-13T23:30:00 1990 12 13 23 30 0 -0.34 0.66 383.9 6.72 2.1 0.0 0.0 0.0 0 0 0 0 0 0 0 0 1.3 1.45 -12.0 -0.8 -0.55 -1.33 -1.3 -0.57 -0.36 0.248 0.29 0.166 0.224 0.266 0.416 0 0 0 0 0 0
