1990-01-22T00:30:00 1990 1 22 0 30 0 -1.76 0.02 519.4 6.98 2.85 0.33 0.0 0.0 0 0 1 0 0 0 1 0 3.7 2.79 -29.0 -1.19 -0.87 -1.79 -1.76 -0.9 -0.62 0.45 0.423 0.574 0.488 0.598 1.198 0 0 0 0 0 0
1990-01-22T01:30:00 1990 1 22 1 30 0 -1.76 0.02 520.0 6.98 2.85 0.33 0.0 0.0 0 0 1 0 0 0 1 0 3.7 2.92 -35.0 -1.19 -0.87 -1.79 -1.76 -0.9 -0.62 0.451 0.423 0.577 0.489 0.6 1.203 0 0 0 0 0 0
1990-01-22T02:30:00 1990 1 22 2 30 0 -1.76 0.02 520.0 6.98 2.85 0.34 0.0 0.0 0 0 1 0 0 0 1 0 3.7 3.01 -44.0 -1.19 -0.87 -1.79 -1.76 -0.9 -0.62 0.451 0.423 0.58 0.49 0.6 1.205 0 0 0 0 0 0
1990-01-22T03:30:00 1990 1 22 3 30 0 -1.76 0.02 520.0 6.98 2.85 0.34 0.0 0.0 0 0 1 0 0 0 1 0 4.3 3.18 -45.0 -1.19 -0.87 -1.79 -1.76 -0.9 -0.62 0.452 0.423 0.583 0.49 0.601 1.206 0 0 0 0 0 0
1990-01-22T04:30:00 1990 1 22 4 30 0 -1.76 0.02 520.0 6.98 2.85 0.34 0.0 0.0 0 0 1 0 0 0 1 0 4.3 3.35 -32.0 -1.19 -0.87 -1.79 -1.75 -0.9 -0.62 0.452 0.423 0.586 0.49 0.601 1.207 0 0 0 0 0 0
1990-01-22T05:30:00 1990 1 22 5 30 0 -1.76 0.02 520.0 6.98 2.85 0.34 0.0 0.0 0 0 1 0 0 0 1 0 4.3 3.6 -25.0 -1.19 -0.87 -1.79 -1.75 -0.9 -0.62 0.452 0.423 0.589 0.489 0.601 1.207 0 0 0 0 0 0
1990-01-22T06:30:00 1990 1 22 6 30 0 -1.76 0.02 520.0 6.98 2.85 0.34 0.0 0.0 0 0 1 0 0 0 1 0 2.7 3.63 -23.0 -1.19 -0.87 -1.79 -1.75 -0.9 -0.62 0.452 0.423 0.591 0.488 0.601 1.207 0 0 0 0 0 0
1990-01-22T07:30:00 1990 1 22 7 30 0 -1.76 0.02 520.0 6.98 2.84 0.34 0.0 0.0 0 0 1 0 0 0 1 0 2.7 3.67 -27.0 -1.19 -0.87 -1.79 -1.75 -0.9 -0.62 0.452 0.423 0.594 0.488 0.601 1.207 0 0 0 0 0 0
1990-01-22T08:30:00 1990 1 22 8 30 0 -1.76 0.02 520.0 7.2 2.84 0.34 0.0 0.0 0 0 1 1 0 0 1 1 2.7 3.54 -29.0 -1.19 -0.87 -1.79 -1.75 -0.9 -0.62 0.454 0.425 0.596 0.489 0.604 1.227 0 0 0 0 0 0
1990-01-22T09:30:00 1990 1 22 9 30 0 -1.76 0.02 520.0 7.62 2.87 0.34 0.0 0.0 0 0 1 1 1 0 1 1 3.3 3.49 -33.0 -1.19 -0.87 -1.79 -1.75 -0.9 -0.62 0.457 0.431 0.599 0.495 0.614 1.283 0 0 0 0 0 0
1990-01-22T10:30:00 1990 1 22 10 30 0 -1.98 0.02 520.0 8.04 3.42 0.38 0.0 0.0 1 0 1 1 1 1 1 1 3.3 3.44 -26.0 -1.19 -0.87 -1.79 -1.75 -0.9 -0.62 0.463 0.44 0.603 0.503 0.627 1.362 0 0 0 0 0 0
1990-01-22T11:30:00 1990 1 22 11 30 0 -2.58 0.02 520.0 8.46 3.97 0.57 0.0 0.0 1 0 1 1 1 1 1 1 3.3 3.32 -20.0 -1.19 -0.87 -1.79 -1.75 -0.9 -0.62 0.47 0.449 0.606 0.513 0.64 1.452 0 0 0 0 0 0
1990-01-22T12:30:00 1990 1 22 12 30 0 -3.17 0.27 520.0 8.8 4.53 0.83 0.0 0.0 1 1 1 1 1 1 1 1 3.0 3.16 -20.0 -0.77 -0.5 -1.3 -1.26 -0.53 -0.29 0.444 0.41 0.605 0.467 0.555 1.331 0 0 0 0 1 1
1990-01-22T13:30:00 1990 1 22 13 30 0 -3.5 1.56 520.0 8.8 4.7 0.8 0.0 0.0 1 1 1 1 1 1 1 1 3.0 3.0 -24.0 1.34 1.4 1.23 1.24 1.39 1.44 0.31 0.208 0.588 0.274 0.185 0.552 0 0 0 0 1 1
1990-01-22T14:30:00 1990 1 22 14 30 0 -3.5 1.9 520.0 8.8 4.7 0.66 0.0 0.0 2 2 2 2 2 2 2 2 3.0 3.04 -25.0 1.9 1.9 1.9 1.9 1.9 1.9 0.21 0.103 0.571 0.154 0.059 0.229 0 0 0 0 1 1
1990-01-22T15:30:00 1990 1 22 15 30 0 -4.7 -1.8 520.0 6.2 3.51 2.08 1.34 0.88 2 2 2 2 2 2 2 2 2.7 3.04 -28.0 -1.8 -1.8 -1.8 -1.8 -1.8 -1.8 0.228 0.213 0.56 0.174 0.359 0.679 1 2 0 1 2 2
1990-01-22T16:30:00 1990 1 22 16 30 0 -4.7 -1.46 520.7 6.2 3.51 3.86 4.2 2.61 1 1 1 1 1 1 1 1 2.7 3.03 -30.0 -1.69 -1.63 -1.8 -1.79 -1.63 -1.58 0.348 0.42 0.563 0.308 0.716 1.301 1 1 0 1 1 1
1990-01-22T17:30:00 1990 1 22 17 30 0 -4.16 -0.21 521.4 6.2 3.45 2.67 2.04 1.26 1 1 1 1 1 1 1 1 2.7 2.96 -32.0 -1.26 -0.99 -1.79 -1.76 -1.01 -0.77 0.397 0.457 0.566 0.38 0.701 1.328 1 1 0 1 1 1
1990-01-22T18:30:00 1990 1 22 18 30 0 -3.15 0.03 522.1 6.34 3.24 1.44 0.22 0.14 1 0 1 1 1 1 1 1 3.7 3.01 -30.0 -1.18 -0.86 -1.78 -1.75 -0.9 -0.62 0.411 0.435 0.568 0.42 0.627 1.198 1 1 0 1 0 0
1990-01-22T19:30:00 1990 1 22 19 30 0 -2.14 0.03 522.9 6.52 3.04 0.73 0.0 0.0 1 0 1 1 1 1 1 1 3.7 3.07 -35.0 -1.18 -0.86 -1.78 -1.75 -0.9 -0.62 0.42 0.42 0.571 0.444 0.6 1.145 0 0 0 0 0 0
1990-01-22T20:30:00 1990 1 22 20 30 0 -1.75 0.03 523.6 6.69 2.84 0.4 0.0 0.0 0 0 1 1 1 0 1 1 3.7 3.16 -24.0 -1.18 -0.86 -1.78 -1.75 -0.9 -0.62 0.427 0.416 0.574 0.46 0.596 1.147 0 0 0 0 0 0
1990-01-22T21:30:00 1990 1 22 21 30 0 -1.75 0.03 524.3 6.87 2.83 0.33 0.0 0.0 0 0 1 1 0 0 1 1 3.3 3.2 -18.0 -1.18 -0.86 -1.78 -1.75 -0.9 -0.62 0.434 0.416 0.577 0.472 0.6 1.174 0 0 0 0 0 0
1990-01-22T22:30:00 1990 1 22 22 30 0 -1.75 0.03 525.0 6.96 2.83 0.33 0.0 0.0 0 0 1 0 0 0 1 0 3.3 3.23 -16.0 -1.18 -0.86 -1.78 -1.75 -0.9 -0.62 0.439 0.417 0.58 0.481 0.606 1.203 0 0 0 0 0 0
1990-01-22T23:30:00 1990 1 22 23 30 0 -1.75 0.03 525.7 6.99 2.83 0.33 0.0 0.0 0 0 1 1 0 0 1 1 3.3 3.31 -19.0 -1.18 -0.86 -1.78 -1.75 -0.9 -0.62 0.444 0.419 0.583 0.486 0.609 1.223 0 0 0 0 0 0
