1990-07-28T00:30:00 1990 7 28 0 30 0 -0.96 0.55 407.4 5.23 2.07 0.04 0.0 0.0 0 0 1 0 0 0 1 0 3.0 2.65 9.0 -0.7 -0.5 -1.1 -1.07 -0.52 -0.34 0.206 0.244 0.114 0.166 0.245 0.331 0 0 0 0 0 0
1990-07-28T01:30:00 1990 7 28 1 30 0 -0.96 0.55 410.5 5.23 2.07 0.04 0.0 0.0 0 0 1 0 0 0 1 0 3.0 2.74 18.0 -0.7 -0.5 -1.1 -1.07 -0.52 -0.34 0.208 0.245 0.116 0.168 0.248 0.337 0 0 0 0 0 0
1990-07-28T02:30:00 1990 7 28 2 30 0 -0.96 0.55 413.6 5.23 2.07 0.04 0.0 0.0 0 0 1 0 0 0 1 0 3.0 2.74 21.0 -0.7 -0.5 -1.1 -1.07 -0.52 -0.34 0.209 0.245 0.118 0.169 0.251 0.343 0 0 0 0 0 0
1990-07-28T03:30:00 1990 7 28 3 30 0 -0.96 0.55 416.8 5.23 2.07 0.04 0.0 0.0 0 0 1 0 0 0 1 0 4.7 2.97 31.0 -0.7 -0.5 -1.1 -1.07 -0.52 -0.34 0.21 0.245 0.12 0.171 0.254 0.349 0 0 0 0 0 0
1990-07-28T04:30:00 1990 7 28 4 30 0 -0.96 0.55 419.9 5.23 2.08 0.04 0.0 0.0 0 0 1 0 0 0 1 0 4.7 3.19 44.0 -0.7 -0.5 -1.1 -1.07 -0.52 -0.34 0.212 0.246 0.122 0.173 0.257 0.356 0 0 0 0 0 0
1990-07-28T05:30:00 1990 7 28 5 30 0 -0.96 0.55 423.1 5.23 2.08 0.04 0.0 0.0 0 0 1 0 0 0 1 0 4.7 3.49 49.0 -0.7 -0.5 -1.1 -1.07 -0.52 -0.34 0.213 0.246 0.124 0.174 0.26 0.362 0 0 0 0 0 0
1990-07-28T06:30:00 1990 7 28 6 30 0 -0.96 0.55 426.2 5.23 2.08 0.04 0.0 0.0 0 0 1 0 0 0 1 0 6.3 4.0 66.0 -0.7 -0.5 -1.1 -1.07 -0.52 -0.34 0.214 0.246 0.127 0.176 0.264 0.369 0 0 0 0 0 0
1990-07-28T07:30:00 1990 7 28 7 30 0 -0.96 0.55 429.4 5.23 2.08 0.04 0.0 0.0 0 0 1 0 0 0 1 0 6.3 4.5 50.0 -0.7 -0.5 -1.1 -1.07 -0.52 -0.34 0.215 0.247 0.129 0.177 0.267 0.375 0 0 0 0 0 0
1990-07-28T08:30:00 1990 7 28 8 30 0 -0.96 0.54 432.6 5.23 2.08 0.04 0.0 0.0 0 0 1 0 0 0 1 0 6.3 4.91 38.0 -0.7 -0.5 -1.1 -1.07 -0.52 -0.34 0.217 0.247 0.131 0.179 0.27 0.382 0 0 0 0 0 0
1990-07-28T09:30:00 1990 7 28 9 30 0 -0.95 0.54 435.8 5.23 2.08 0.04 0.0 0.0 0 0 1 0 0 0 1 0 5.0 5.15 11.0 -0.7 -0.5 -1.1 -1.07 -0.52 -0.34 0.218 0.247 0.134 0.181 0.273 0.389 0 0 0 0 0 0
1990-07-28T10:30:00 1990 7 28 10 30 0 -0.95 0.54 439.0 5.23 2.08 0.04 0.0 0.0 0 0 1 0 0 0 1 0 5.0 5.38 -22.0 -0.7 -0.5 -1.1 -1.07 -0.52 -0.34 0.219 0.248 0.136 0.182 0.276 0.396 0 0 0 0 0 0
1990-07-28T11:30:00 1990 7 28 11 30 0 -0.95 0.54 442.2 5.23 2.08 0.04 0.0 0.0 0 0 1 0 0 0 1 0 5.0 5.41 -19.0 -0.7 -0.5 -1.1 -1.07 -0.52 -0.34 0.221 0.248 0.139 0.184 0.28 0.403 0 0 0 0 0 0
1990-07-28T12:30:00 1990 7 28 12 30 0 -0.95 0.54 445.4 5.23 2.08 0.04 0.0 0.0 0 0 1 0 0 0 1 0 6.7 5.66 -23.0 -0.7 -0.5 -1.1 -1.07 -0.52 -0.34 0.222 0.248 0.141 0.186 0.283 0.41 0 0 0 0 0 0
1990-07-28T13:30:00 1990 7 28 13 30 0 -0.95 0.54 447.0 5.23 2.08 0.04 0.0 0.0 0 0 0 0 0 0 0 0 6.7 5.91 -20.0 -0.7 -0.5 -1.1 -1.07 -0.52 -0.34 0.223 0.248 0.144 0.187 0.285 0.416 0 0 0 0 0 0
1990-07-28T14:30:00 1990 7 28 14 30 0 -0.95 0.54 447.1 5.23 2.09 0.04 0.0 0.0 0 0 0 0 0 0 0 0 6.7 5.97 -52.0 -0.7 -0.5 -1.1 -1.07 -0.52 -0.34 0.224 0.249 0.146 0.188 0.286 0.419 0 0 0 0 0 0
1990-07-28T15:30:00 1990 7 28 15 30 0 -0.95 0.54 447.3 5.23 2.09 0.04 0.0 0.0 0 0 0 0 0 0 0 0 7.3 6.11 -65.0 -0.7 -0.5 -1.1 -1.07 -0.52 -0.34 0.225 0.249 0.148 0.189 0.287 0.42 0 0 0 0 0 0
1990-07-28T16:30:00 1990 7 28 16 30 0 -0.95 0.54 447.4 5.23 2.09 0.04 0.0 0.0 0 0 0 0 0 0 0 0 7.3 6.24 -74.0 -0.7 -0.5 -1.1 -1.07 -0.52 -0.34 0.225 0.249 0.151 0.189 0.287 0.421 0 0 0 0 0 0
1990-07-28T17:30:00 1990 7 28 17 30 0 -0.95 0.54 447.5 5.24 2.09 0.04 0.0 0.0 0 0 0 0 0 0 0 0 7.3 6.53 -69.0 -0.7 -0.5 -1.1 -1.07 -0.52 -0.34 0.225 0.249 0.153 0.189 0.287 0.422 0 0 0 0 0 0
1990-07-28T18:30:00 1990 7 28 18 30 0 -0.95 0.54 447.6 5.24 2.09 0.04 0.0 0.0 0 0 0 0 0 0 0 0 7.7 6.86 -36.0 -0.7 -0.5 -1.1 -1.07 -0.52 -0.34 0.226 0.249 0.155 0.19 0.288 0.423 0 0 0 0 0 0
1990-07-28T19:30:00 1990 7 28 19 30 0 -0.95 0.53 447.7 5.24 2.09 0.04 0.0 0.0 0 0 0 0 0 0 0 0 7.7 7.19 -62.0 -0.7 -0.5 -1.1 -1.07 -0.52 -0.34 0.226 0.249 0.157 0.19 0.288 0.423 0 0 0 0 0 0
1990-07-28T20:30:00 1990 7 28 20 30 0 -0.95 0.53 447.8 5.24 2.09 0.04 0.0 0.0 0 0 0 0 0 0 0 0 7.7 7.31 -70.0 -0.7 -0.5 -1.1 -1.07 -0.52 -0.34 0.226 0.249 0.159 0.19 0.288 0.423 0 0 0 0 0 0
1990-07-28T21:30:00 1990 7 28 21 30 0 -0.95 0.53 447.9 5.24 2.09 0.04 0.0 0.0 0 0 0 0 0 0 0 0 7.7 7.43 -87.0 -0.7 -0.5 -1.1 -1.07 -0.52 -0.34 0.226 0.249 0.161 0.19 0.288 0.424 0 0 0 0 0 0
1990-07-28T22:30:00 1990 7 28 22 30 0 -0.95 0.53 448.0 5.24 2.09 0.04 0.0 0.0 0 0 0 0 0 0 0 0 7.7 7.56 -110.0 -0.7 -0.5 -1.1 -1.07 -0.52 -0.34 0.226 0.249 0.163 0.19 0.288 0.424 0 0 0 0 0 0
1990-07-28T23:30:00 1990 7 28 23 30 0 -0.95 0.53 448.1 5.24 2.09 0.04 0.0 0.0 0 0 0 0 0 0 0 0 7.7 7.6 -101.0 -0.7 -0.5 -1.1 -1.07 -0.52 -0.34 0.226 0.249 0.165 0.19 0.288 0.424 0 0 0 0 0 0
