1990-11-15T00:30:00 1990 11 15 0 30 0 -1.8 -1.0 299.0 9.1 1.52 0.7 1.17 1.08 2 2 2 2 2 2 2 2 0.7 0.09 16.0 -1.0 -1.0 -1.0 -1.0 -1.0 -1.0 0.087 0.238 0.05 0.051 0.201 0.358 2 2 1 2 2 2
1990-11-15T01:30:00 1990 11 15 1 30 0 -1.1 0.5 299.0 9.3 1.57 0.19 0.44 0.4 2 2 2 2 2 2 2 2 0.7 0.18 10.0 0.5 0.5 0.5 0.5 0.5 0.5 0.078 0.172 0.049 0.037 0.102 0.231 2 2 1 2 2 2
1990-11-15T02:30:00 1990 11 15 2 30 0 -2.13 0.48 303.0 9.47 1.66 0.12 0.0 0.0 1 1 1 1 1 1 1 1 0.7 0.27 11.0 0.48 0.48 0.48 0.48 0.48 0.48 0.053 0.086 0.047 0.021 0.032 0.096 2 2 1 2 2 2
1990-11-15T03:30:00 1990 11 15 3 30 0 -3.17 0.42 307.0 9.63 1.74 0.37 0.0 0.0 1 1 1 1 1 1 1 1 0.7 0.36 14.0 0.42 0.42 0.42 0.42 0.42 0.42 0.036 0.043 0.046 0.012 0.01 0.04 2 2 1 2 2 2
1990-11-15T04:30:00 1990 11 15 4 30 0 -4.2 0.4 311.0 9.8 1.83 0.74 0.0 0.0 2 2 2 2 2 2 2 2 0.7 0.45 16.0 0.4 0.4 0.4 0.4 0.4 0.4 0.024 0.021 0.044 0.007 0.003 0.016 2 2 1 2 2 2
1990-11-15T05:30:00 1990 11 15 5 30 0 -3.8 1.0 309.0 9.9 1.76 0.76 0.0 0.0 2 2 2 2 2 2 2 2 0.7 0.53 17.0 1.0 1.0 1.0 1.0 1.0 1.0 0.016 0.01 0.043 0.004 0.001 0.007 2 2 1 2 2 2
1990-11-15T06:30:00 1990 11 15 6 30 0 -3.0 2.2 299.0 9.5 1.62 0.37 0.0 0.0 2 2 2 2 2 2 2 2 0.3 0.56 13.0 2.2 2.2 2.2 2.2 2.2 2.2 0.011 0.005 0.042 0.002 0.0 0.003 2 2 1 2 2 2
1990-11-15T07:30:00 1990 11 15 7 30 0 -1.6 2.4 292.0 8.9 1.48 0.1 0.0 0.0 2 2 2 2 2 2 2 2 0.3 0.6 12.0 2.4 2.4 2.4 2.4 2.4 2.4 0.007 0.003 0.04 0.001 0.0 0.001 2 2 1 2 2 2
1990-11-15T08:30:00 1990 11 15 8 30 0 0.2 2.0 281.0 9.2 1.42 0.01 0.0 0.0 2 2 2 2 2 2 2 2 0.3 0.54 14.0 2.0 2.0 2.0 2.0 2.0 2.0 0.005 0.001 0.039 0.001 0.0 0.0 2 2 1 2 2 2
1990-11-15T09:30:00 1990 11 15 9 30 0 -1.5 1.3 287.0 9.5 1.59 0.01 0.0 0.0 2 2 2 2 2 2 2 2 0.3 0.49 15.0 1.3 1.3 1.3 1.3 1.3 1.3 0.003 0.001 0.038 0.0 0.0 0.0 2 2 1 2 2 2
1990-11-15T10:30:00 1990 11 15 10 30 0 -1.3 0.9 289.0 10.3 1.71 0.05 0.0 0.0 2 2 2 2 2 2 2 2 0.3 0.44 16.0 0.9 0.9 0.9 0.9 0.9 0.9 0.002 0.0 0.037 0.0 0.0 0.0 2 2 1 2 2 2
1990-11-15T11:30:00 1990 11 15 11 30 0 -1.8 0.6 293.0 13.4 2.3 0.08 0.0 0.0 2 2 2 2 2 2 2 2 0.3 0.4 18.0 0.6 0.6 0.6 0.6 0.6 0.6 0.002 0.0 0.036 0.0 0.0 0.0 2 2 1 2 2 2
1990-11-15T12:30:00 1990 11 15 12 30 0 -2.8 -0.1 298.0 17.2 2.82 0.31 0.02 0.03 2 2 2 2 2 2 2 2 0.7 0.4 21.0 -0.1 -0.1 -0.1 -0.1 -0.1 -0.1 0.006 0.022 0.035 0.001 0.02 0.076 2 2 1 2 2 2
1990-11-15T13:30:00 1990 11 15 13 30 0 -2.63 0.86 298.3 16.7 2.79 0.37 0.0 0.0 1 1 1 1 1 1 1 1 0.7 0.4 22.0 0.86 0.86 0.86 0.86 0.86 0.86 0.004 0.011 0.034 0.001 0.006 0.032 2 2 1 2 2 2
1990-11-15T14:30:00 1990 11 15 14 30 0 -2.47 5.04 298.7 16.2 2.75 0.12 0.0 0.0 1 1 1 1 1 1 1 1 0.7 0.46 24.0 5.04 5.04 5.04 5.04 5.04 5.04 0.003 0.005 0.033 0.0 0.002 0.013 2 2 1 2 2 2
1990-11-15T15:30:00 1990 11 15 15 30 0 -2.3 6.0 299.0 15.7 2.72 0.05 0.0 0.0 2 2 2 2 2 2 2 2 1.0 0.54 22.0 6.0 6.0 6.0 6.0 6.0 6.0 0.002 0.003 0.032 0.0 0.001 0.005 2 2 1 2 2 2
1990-11-15T16:30:00 1990 11 15 16 30 0 -4.1 5.1 297.0 14.3 2.7 0.13 0.0 0.0 2 2 2 2 2 2 2 2 1.0 0.63 21.0 5.1 5.1 5.1 5.1 5.1 5.1 0.001 0.001 0.031 0.0 0.0 0.002 2 2 1 2 2 2
1990-11-15T17:30:00 1990 11 15 17 30 0 -5.7 1.4 300.0 16.6 3.14 0.7 0.0 0.0 2 2 2 2 2 2 2 2 1.0 0.72 24.0 1.4 1.4 1.4 1.4 1.4 1.4 0.001 0.001 0.03 0.0 0.0 0.001 2 2 1 2 2 2
1990-11-15T18:30:00 1990 11 15 18 30 0 4.2 1.4 322.0 19.0 4.09 0.3 0.0 0.0 2 2 2 2 2 2 2 2 1.7 0.9 24.0 1.4 1.4 1.4 1.4 1.4 1.4 0.001 0.0 0.029 0.0 0.0 0.0 2 2 1 2 2 2
1990-11-15T19:30:00 1990 11 15 19 30 0 3.3 1.3 315.0 17.1 3.33 0.54 0.0 0.0 2 2 2 2 2 2 2 2 1.7 1.07 22.0 1.3 1.3 1.3 1.3 1.3 1.3 0.0 0.0 0.028 0.0 0.0 0.0 2 2 1 2 2 2
1990-11-15T20:30:00 1990 11 15 20 30 0 5.0 1.1 319.0 16.4 3.39 0.77 0.0 0.0 2 2 2 2 2 2 2 2 1.7 1.2 22.0 1.1 1.1 1.1 1.1 1.1 1.1 0.0 0.0 0.027 0.0 0.0 0.0 2 2 1 2 2 2
1990-11-15T21:30:00 1990 11 15 21 30 0 7.6 4.0 324.0 15.5 3.33 1.42 0.0 0.0 2 2 2 2 2 2 2 2 0.7 1.19 23.0 4.0 4.0 4.0 4.0 4.0 4.0 0.0 0.0 0.026 0.0 0.0 0.0 2 2 1 2 2 2
1990-11-15T22:30:00 1990 11 15 22 30 0 8.6 4.1 324.0 15.9 3.46 1.99 0.0 0.0 2 2 2 2 2 2 2 2 0.7 1.19 24.0 4.1 4.1 4.1 4.1 4.1 4.1 0.0 0.0 0.025 0.0 0.0 0.0 2 2 1 2 2 2
1990-11-15T23:30:00 1990 11 15 23 30 0 7.5 4.5 330.0 24.2 5.25 1.86 0.0 0.0 2 2 2 2 2 2 2 2 0.7 1.14 30.0 4.5 4.5 4.5 4.5 4.5 4.5 0.0 0.0 0.025 0.0 0.0 0.0 2 2 1 2 2 2
