1990-10-23T00:30:00 1990 10 23 0 30 0 -0.7 8.2 441.0 10.1 4.05 0.12 0.0 0.0 2 2 2 2 2 2 2 2 1.3 1.24 7.0 8.2 8.2 8.2 8.2 8.2 8.2 0.01 0.001 0.246 0.002 0.0 0.0 0 0 1 0 0 0
1990-10-23T01:30:00 1990 10 23 1 30 0 6.5 5.4 446.0 11.0 4.75 0.33 0.0 0.0 2 2 2 2 2 2 2 2 1.3 1.08 9.0 5.4 5.4 5.4 5.4 5.4 5.4 0.007 0.0 0.238 0.001 0.0 0.0 0 0 1 0 0 0
1990-10-23T02:30:00 1990 10 23 2 30 0 -1.1 0.8 439.0 10.5 4.29 0.29 0.0 0.0 2 2 2 2 2 2 2 2 1.3 1.12 7.0 0.8 0.8 0.8 0.8 0.8 0.8 0.005 0.0 0.231 0.001 0.0 0.0 0 0 1 0 0 0
1990-10-23T03:30:00 1990 10 23 3 30 0 -5.6 6.7 445.0 8.9 3.77 0.34 0.0 0.0 2 2 2 2 2 2 2 2 1.3 1.15 4.0 6.7 6.7 6.7 6.7 6.7 6.7 0.003 0.0 0.224 0.0 0.0 0.0 0 0 1 0 0 0
1990-10-23T04:30:00 1990 10 23 4 30 0 -3.4 8.0 439.0 8.5 3.37 0.34 0.0 0.0 2 2 2 2 2 2 2 2 1.3 1.19 5.0 8.0 8.0 8.0 8.0 8.0 8.0 0.002 0.0 0.217 0.0 0.0 0.0 0 0 1 0 0 0
1990-10-23T05:30:00 1990 10 23 5 30 0 -2.5 7.8 444.0 7.3 3.12 0.09 0.0 0.0 2 2 2 2 2 2 2 2 1.3 1.23 7.0 7.8 7.8 7.8 7.8 7.8 7.8 0.001 0.0 0.21 0.0 0.0 0.0 0 0 1 0 0 0
1990-10-23T06:30:00 1990 10 23 6 30 0 2.2 3.1 459.0 7.8 3.42 0.02 0.0 0.0 2 2 2 2 2 2 2 2 1.7 1.32 8.0 3.1 3.1 3.1 3.1 3.1 3.1 0.001 0.0 0.204 0.0 0.0 0.0 0 0 1 0 0 0
1990-10-23T07:30:00 1990 10 23 7 30 0 5.4 1.8 467.0 6.9 3.21 0.75 0.0 0.0 2 2 2 2 2 2 2 2 1.7 1.4 7.0 1.8 1.8 1.8 1.8 1.8 1.8 0.001 0.0 0.198 0.0 0.0 0.0 0 0 1 0 0 0
1990-10-23T08:30:00 1990 10 23 8 30 0 3.2 2.8 468.0 7.3 3.44 0.84 0.0 0.0 2 2 2 2 2 2 2 2 1.7 1.46 5.0 2.8 2.8 2.8 2.8 2.8 2.8 0.0 0.0 0.192 0.0 0.0 0.0 0 0 1 0 0 0
1990-10-23T09:30:00 1990 10 23 9 30 0 4.8 0.8 467.0 6.4 2.92 0.93 0.0 0.0 2 2 2 2 2 2 2 2 1.7 1.51 2.0 0.8 0.8 0.8 0.8 0.8 0.8 0.0 0.0 0.186 0.0 0.0 0.0 0 0 1 0 0 0
1990-10-23T10:30:00 1990 10 23 10 30 0 4.8 0.71 468.2 6.4 2.92 1.69 0.0 0.0 1 1 1 1 1 1 1 1 1.7 1.56 0.0 0.48 0.53 0.38 0.38 0.52 0.57 0.0 0.0 0.18 0.0 0.0 0.0 0 0 1 0 0 0
1990-10-23T11:30:00 1990 10 23 11 30 0 3.91 0.37 469.4 6.4 2.88 1.46 0.0 0.0 1 1 1 1 1 1 1 1 1.7 1.6 1.0 -0.72 -0.48 -1.2 -1.17 -0.51 -0.3 0.042 0.065 0.179 0.056 0.121 0.159 1 1 1 1 1 1
1990-10-23T12:30:00 1990 10 23 12 30 0 2.25 0.31 470.7 6.85 2.74 0.76 0.0 0.0 1 0 1 1 1 1 1 1 1.3 1.6 2.0 -0.95 -0.68 -1.5 -1.46 -0.7 -0.47 0.13 0.195 0.185 0.167 0.312 0.494 0 0 1 0 0 0
1990-10-23T13:30:00 1990 10 23 13 30 0 0.6 0.31 471.9 7.52 2.64 0.15 0.0 0.0 1 0 1 1 1 1 1 1 1.3 1.6 5.0 -0.95 -0.67 -1.49 -1.46 -0.7 -0.47 0.201 0.277 0.192 0.246 0.4 0.717 0 0 1 0 0 0
1990-10-23T14:30:00 1990 10 23 14 30 0 -0.27 0.31 473.1 8.18 3.1 0.0 0.0 0.0 1 0 1 1 1 1 1 1 1.3 1.54 8.0 -0.95 -0.67 -1.49 -1.46 -0.7 -0.47 0.253 0.324 0.2 0.297 0.44 0.874 0 0 1 0 0 0
1990-10-23T15:30:00 1990 10 23 15 30 0 -0.91 0.31 474.3 8.85 3.7 0.02 0.0 0.0 1 0 1 1 1 1 1 1 1.3 1.49 5.0 -0.95 -0.67 -1.49 -1.46 -0.7 -0.47 0.292 0.355 0.208 0.332 0.464 1.006 0 0 1 0 0 0
1990-10-23T16:30:00 1990 10 23 16 30 0 -1.55 0.36 475.6 9.3 4.3 0.11 0.0 0.0 1 1 1 1 1 1 1 1 1.3 1.44 2.0 -0.73 -0.49 -1.2 -1.17 -0.52 -0.31 0.305 0.35 0.214 0.327 0.437 1.02 0 1 1 0 1 1
1990-10-23T17:30:00 1990 10 23 17 30 0 -1.9 0.63 476.8 9.3 4.49 0.2 0.0 0.0 1 1 1 1 1 1 1 1 1.3 1.4 3.0 0.4 0.45 0.3 0.31 0.45 0.49 0.227 0.198 0.21 0.208 0.175 0.481 0 1 1 1 1 1
1990-10-23T18:30:00 1990 10 23 18 30 0 -1.9 0.7 478.0 9.3 4.49 0.22 0.0 0.0 2 2 2 2 2 2 2 2 3.3 1.61 8.0 0.7 0.7 0.7 0.7 0.7 0.7 0.154 0.098 0.204 0.116 0.055 0.199 0 1 1 1 1 1
1990-10-23T19:30:00 1990 10 23 19 30 0 -2.9 -1.7 472.0 9.1 4.44 0.97 1.6 1.46 2 2 2 2 2 2 2 2 3.3 1.82 7.0 -1.7 -1.7 -1.7 -1.7 -1.7 -1.7 0.217 0.278 0.205 0.169 0.419 0.988 1 2 1 1 2 2
1990-10-23T20:30:00 1990 10 23 20 30 0 -2.9 -1.33 472.0 9.1 4.44 1.81 3.54 3.22 1 1 1 1 1 1 1 1 3.3 2.08 1.0 -1.56 -1.51 -1.66 -1.66 -1.52 -1.47 0.341 0.489 0.216 0.295 0.708 1.686 1 1 1 1 1 1
1990-10-23T21:30:00 1990 10 23 21 30 0 -2.37 0.05 472.0 9.1 4.25 0.98 1.38 1.26 1 1 1 1 1 1 1 1 4.0 2.42 -7.0 -1.05 -0.81 -1.52 -1.49 -0.83 -0.63 0.385 0.508 0.224 0.346 0.652 1.645 1 1 1 1 1 1
1990-10-23T22:30:00 1990 10 23 22 30 0 -1.38 0.31 472.0 8.67 3.66 0.3 0.0 0.0 1 0 1 1 1 1 1 1 4.0 2.76 -10.0 -0.95 -0.67 -1.49 -1.46 -0.7 -0.46 0.386 0.456 0.232 0.361 0.543 1.365 1 1 1 1 0 1
1990-10-23T23:30:00 1990 10 23 23 30 0 -0.4 0.31 472.0 8.15 3.07 0.05 0.0 0.0 1 0 1 1 1 1 1 1 4.0 3.09 -14.0 -0.95 -0.67 -1.49 -1.46 -0.7 -0.46 0.381 0.417 0.239 0.364 0.489 1.165 0 0 1 0 0 0
