1990-11-10T00:30:00 1990 11 10 0 30 0 -1.7 -3.6 431.0 6.0 2.18 2.73 6.82 4.24 2 2 2 2 2 2 2 2 3.3 2.48 -7.0 -3.6 -3.6 -3.6 -3.6 -3.6 -3.6 0.609 0.786 0.267 0.613 0.961 1.443 2 2 1 2 2 2
1990-11-10T01:30:00 1990 11 10 1 30 0 5.0 -3.6 438.0 6.0 2.24 4.2 7.83 4.7 2 2 2 2 2 2 2 2 3.3 2.56 -8.0 -3.6 -3.6 -3.6 -3.6 -3.6 -3.6 0.725 0.889 0.291 0.752 1.062 1.565 2 2 1 2 2 2
1990-11-10T02:30:00 1990 11 10 2 30 0 -0.3 -3.7 422.0 6.1 2.08 4.18 7.84 4.75 2 2 2 2 2 2 2 2 3.3 2.69 -15.0 -3.7 -3.7 -3.7 -3.7 -3.7 -3.7 0.806 0.947 0.314 0.832 1.081 1.592 2 2 1 2 2 2
1990-11-10T03:30:00 1990 11 10 3 30 0 5.2 -1.9 391.0 6.5 2.02 2.93 5.54 3.49 2 2 2 2 2 2 2 2 2.7 2.74 -20.0 -1.9 -1.9 -1.9 -1.9 -1.9 -1.9 0.766 0.861 0.323 0.704 0.856 1.355 2 2 1 2 2 2
1990-11-10T04:30:00 1990 11 10 4 30 0 4.4 -1.8 393.0 5.6 1.68 3.19 3.62 2.18 2 2 2 2 2 2 2 2 2.7 2.78 -19.0 -1.8 -1.8 -1.8 -1.8 -1.8 -1.8 0.678 0.736 0.323 0.544 0.668 1.073 2 2 1 2 2 2
1990-11-10T05:30:00 1990 11 10 5 30 0 4.2 0.9 386.0 5.4 1.69 1.69 1.03 0.57 2 2 2 2 2 2 2 2 2.7 2.83 -20.0 0.9 0.9 0.9 0.9 0.9 0.9 0.491 0.433 0.315 0.325 0.284 0.556 2 2 1 2 2 2
1990-11-10T06:30:00 1990 11 10 6 30 0 3.6 -3.0 385.0 5.3 1.58 2.05 2.47 1.31 2 2 2 2 2 2 2 2 2.7 2.87 -21.0 -3.0 -3.0 -3.0 -3.0 -3.0 -3.0 0.466 0.481 0.314 0.321 0.448 0.625 2 2 1 2 2 2
1990-11-10T07:30:00 1990 11 10 7 30 0 4.3 -2.9 393.0 5.5 1.73 3.78 5.73 3.1 2 2 2 2 2 2 2 2 2.7 2.92 -23.0 -2.9 -2.9 -2.9 -2.9 -2.9 -2.9 0.546 0.646 0.323 0.442 0.671 0.846 2 2 1 2 2 2
1990-11-10T08:30:00 1990 11 10 8 30 0 4.6 -1.9 388.0 5.1 1.49 3.48 4.6 2.44 2 2 2 2 2 2 2 2 2.7 2.84 -15.0 -1.9 -1.9 -1.9 -1.9 -1.9 -1.9 0.55 0.652 0.326 0.43 0.636 0.827 2 2 1 2 2 2
1990-11-10T09:30:00 1990 11 10 9 30 0 5.2 -4.2 392.0 4.7 1.48 4.98 6.14 2.98 2 2 2 2 2 2 2 2 2.0 2.68 -8.0 -4.2 -4.2 -4.2 -4.2 -4.2 -4.2 0.623 0.752 0.337 0.55 0.773 0.892 2 2 1 2 2 2
1990-11-10T10:30:00 1990 11 10 10 30 0 4.2 -3.5 392.0 4.0 1.24 5.72 7.49 3.24 2 2 2 2 2 2 2 2 2.0 2.52 -10.0 -3.5 -3.5 -3.5 -3.5 -3.5 -3.5 0.682 0.799 0.35 0.632 0.808 0.854 2 2 1 2 2 2
1990-11-10T11:30:00 1990 11 10 11 30 0 4.0 -2.0 403.0 4.3 1.35 3.65 5.34 2.22 2 2 2 2 2 2 2 2 2.0 2.43 -15.0 -2.0 -2.0 -2.0 -2.0 -2.0 -2.0 0.647 0.72 0.354 0.551 0.689 0.757 2 2 1 2 2 2
1990-11-10T12:30:00 1990 11 10 12 30 0 4.5 -2.8 404.0 4.4 1.45 3.52 4.91 2.14 2 2 2 2 2 2 2 2 1.7 2.3 -14.0 -2.8 -2.8 -2.8 -2.8 -2.8 -2.8 0.629 0.694 0.358 0.516 0.684 0.759 2 2 1 2 2 2
1990-11-10T13:30:00 1990 11 10 13 30 0 3.6 -2.8 403.0 5.0 1.64 3.75 5.65 2.67 2 2 2 2 2 2 2 2 1.7 2.18 -15.0 -2.8 -2.8 -2.8 -2.8 -2.8 -2.8 0.643 0.72 0.365 0.534 0.731 0.844 2 2 1 2 2 2
1990-11-10T14:30:00 1990 11 10 14 30 0 4.0 -3.0 387.0 5.2 1.57 3.65 5.73 2.93 2 2 2 2 2 2 2 2 1.7 2.05 -21.0 -3.0 -3.0 -3.0 -3.0 -3.0 -3.0 0.662 0.755 0.372 0.557 0.752 0.9 2 2 1 2 2 2
1990-11-10T15:30:00 1990 11 10 15 30 0 3.8 -2.8 385.0 5.8 1.62 3.61 5.58 3.08 2 2 2 2 2 2 2 2 3.3 2.14 -22.0 -2.8 -2.8 -2.8 -2.8 -2.8 -2.8 0.675 0.78 0.379 0.566 0.755 0.959 2 2 1 2 2 2
1990-11-10T16:30:00 1990 11 10 16 30 0 3.8 -2.4 373.0 5.3 1.45 3.1 4.89 2.71 2 2 2 2 2 2 2 2 3.3 2.23 -20.0 -2.4 -2.4 -2.4 -2.4 -2.4 -2.4 0.656 0.754 0.381 0.526 0.688 0.897 2 2 1 2 2 2
1990-11-10T17:30:00 1990 11 10 17 30 0 5.3 0.1 385.0 5.7 1.59 2.31 1.99 1.08 2 2 2 2 2 2 2 2 3.3 2.39 -14.0 0.1 0.1 0.1 0.1 0.1 0.1 0.512 0.513 0.374 0.345 0.37 0.579 2 2 1 2 2 2
1990-11-10T18:30:00 1990 11 10 18 30 0 4.0 -3.0 399.0 6.5 1.94 2.89 3.12 1.95 2 2 2 2 2 2 2 2 3.0 2.52 -10.0 -3.0 -3.0 -3.0 -3.0 -3.0 -3.0 0.517 0.585 0.374 0.372 0.567 0.831 2 2 2 2 2 2
1990-11-10T19:30:00 1990 11 10 19 30 0 4.5 -3.7 392.0 6.1 1.87 4.71 6.68 4.19 2 2 2 2 2 2 2 2 3.0 2.64 -12.0 -3.7 -3.7 -3.7 -3.7 -3.7 -3.7 0.633 0.777 0.387 0.558 0.82 1.126 2 2 2 2 2 2
1990-11-10T20:30:00 1990 11 10 20 30 0 4.8 -2.7 382.0 5.9 1.72 4.65 6.11 3.66 2 2 2 2 2 2 2 2 3.0 2.8 -18.0 -2.7 -2.7 -2.7 -2.7 -2.7 -2.7 0.674 0.818 0.395 0.593 0.804 1.115 2 2 2 2 2 2
1990-11-10T21:30:00 1990 11 10 21 30 0 4.8 -2.09 385.0 5.98 1.73 3.72 4.54 2.7 1 1 1 1 1 1 1 1 2.3 2.86 -23.0 -2.34 -2.29 -2.45 -2.44 -2.3 -2.26 0.659 0.778 0.398 0.553 0.722 1.031 2 2 2 2 1 1
1990-11-10T22:30:00 1990 11 10 22 30 0 5.39 0.16 388.0 6.06 1.81 2.62 1.71 1.03 1 1 1 1 1 1 1 1 2.3 2.93 -26.0 -1.02 -0.79 -1.51 -1.48 -0.81 -0.63 0.577 0.627 0.396 0.454 0.526 0.816 2 1 2 1 1 1
1990-11-10T23:30:00 1990 11 10 23 30 0 6.01 0.21 391.0 6.14 1.9 2.35 0.0 0.0 1 1 1 1 1 1 1 1 2.3 2.8 -25.0 -0.97 -0.74 -1.46 -1.43 -0.77 -0.59 0.484 0.485 0.392 0.365 0.389 0.632 1 1 2 1 1 1
