1990-04-23T00:30:00 1990 4 23 0 30 0 -1.14 -1.63 419.3 6.99 2.77 0.85 3.4 2.38 0 0 1 0 0 0 1 0 4.0 3.67 -35.0 -2.05 -1.68 -2.77 -2.72 -1.72 -1.38 0.619 0.632 0.734 0.65 0.658 1.077 0 0 0 0 0 0
1990-04-23T01:30:00 1990 4 23 1 30 0 -1.14 -1.63 423.1 6.99 2.77 0.86 3.43 2.4 0 0 1 0 0 0 1 0 4.0 3.79 -37.0 -2.05 -1.68 -2.77 -2.72 -1.72 -1.38 0.617 0.633 0.734 0.656 0.668 1.101 0 0 0 0 0 0
1990-04-23T02:30:00 1990 4 23 2 30 0 -1.14 -1.62 426.9 7.46 2.77 0.86 3.45 2.5 0 0 1 1 0 0 1 1 4.0 3.95 -53.0 -2.05 -1.68 -2.77 -2.72 -1.72 -1.38 0.621 0.641 0.735 0.668 0.687 1.167 0 0 0 0 0 0
1990-04-23T03:30:00 1990 4 23 3 30 0 -1.14 -1.62 430.8 8.32 2.81 0.87 3.48 2.75 0 0 1 1 1 0 1 1 5.7 4.33 -63.0 -2.05 -1.68 -2.77 -2.72 -1.72 -1.38 0.633 0.659 0.738 0.69 0.719 1.305 0 0 0 0 0 0
1990-04-23T04:30:00 1990 4 23 4 30 0 -0.81 -1.62 434.6 9.17 3.64 0.82 3.51 3.08 1 0 1 1 1 1 1 1 5.7 4.7 -79.0 -2.05 -1.68 -2.77 -2.72 -1.72 -1.38 0.651 0.686 0.742 0.72 0.758 1.497 0 0 0 0 0 0
1990-04-23T05:30:00 1990 4 23 5 30 0 0.06 -1.62 438.5 10.01 4.47 0.72 3.54 3.4 1 0 1 1 1 1 1 1 5.7 4.83 -83.0 -2.05 -1.68 -2.77 -2.72 -1.72 -1.38 0.673 0.715 0.747 0.754 0.799 1.718 0 0 0 0 0 0
1990-04-23T06:30:00 1990 4 23 6 30 0 0.92 -1.22 442.3 10.7 5.3 0.58 3.09 3.2 1 1 1 1 1 1 1 1 5.0 4.87 -82.0 -1.59 -1.27 -2.22 -2.17 -1.31 -1.01 0.665 0.698 0.749 0.725 0.765 1.813 0 0 0 0 1 1
1990-04-23T07:30:00 1990 4 23 7 30 0 1.4 0.85 446.2 10.7 5.56 0.19 0.69 0.73 1 1 1 1 1 1 1 1 5.0 4.9 -68.0 0.77 0.84 0.64 0.65 0.83 0.89 0.493 0.411 0.731 0.456 0.326 0.94 0 1 0 0 1 1
1990-04-23T08:30:00 1990 4 23 8 30 0 1.4 1.4 450.0 10.7 5.56 0.07 0.0 0.0 2 2 2 2 2 2 2 2 5.0 5.02 -66.0 1.4 1.4 1.4 1.4 1.4 1.4 0.334 0.204 0.708 0.255 0.103 0.39 0 1 0 0 1 1
1990-04-23T09:30:00 1990 4 23 9 30 0 -3.9 0.9 457.0 12.8 6.34 0.26 0.0 0.0 2 2 2 2 2 2 2 2 3.7 4.97 -59.0 0.9 0.9 0.9 0.9 0.9 0.9 0.226 0.101 0.687 0.143 0.033 0.162 0 1 0 0 1 1
1990-04-23T10:30:00 1990 4 23 10 30 0 -5.7 1.1 471.0 19.4 9.46 1.63 0.0 0.0 2 2 2 2 2 2 2 2 3.7 4.91 -51.0 1.1 1.1 1.1 1.1 1.1 1.1 0.153 0.05 0.666 0.08 0.01 0.067 0 1 0 0 1 1
1990-04-23T11:30:00 1990 4 23 11 30 0 -6.3 -3.5 453.0 22.5 10.15 4.84 3.38 7.37 2 2 2 2 2 2 2 2 3.7 4.66 -47.0 -3.5 -3.5 -3.5 -3.5 -3.5 -3.5 0.404 0.602 0.672 0.422 0.928 3.975 2 2 0 2 2 2
1990-04-23T12:30:00 1990 4 23 12 30 0 -5.8 -4.4 443.0 22.2 8.71 8.47 8.92 19.92 2 2 2 2 2 2 2 2 4.0 4.45 -48.0 -4.4 -4.4 -4.4 -4.4 -4.4 -4.4 0.869 1.299 0.719 1.103 1.774 7.611 2 2 1 2 2 2
1990-04-23T13:30:00 1990 4 23 13 30 0 -5.8 -3.88 444.0 22.2 8.71 8.36 9.13 20.28 1 1 1 1 1 1 1 1 4.0 4.25 -60.0 -3.97 -3.9 -4.1 -4.09 -3.9 -3.84 1.183 1.635 0.766 1.5 2.004 8.932 1 1 1 1 1 1
1990-04-23T14:30:00 1990 4 23 14 30 0 -4.94 -1.98 445.1 22.2 8.15 5.63 6.34 14.07 1 1 1 1 1 1 1 1 4.0 4.13 -68.0 -2.36 -2.04 -2.98 -2.94 -2.07 -1.77 1.242 1.55 0.795 1.496 1.697 8.104 1 1 1 1 1 1
1990-04-23T15:30:00 1990 4 23 15 30 0 -3.33 -1.61 446.1 19.36 6.38 2.92 3.97 8.21 1 0 1 1 1 1 1 1 5.7 4.23 -77.0 -2.05 -1.68 -2.77 -2.72 -1.72 -1.38 1.17 1.32 0.812 1.344 1.344 6.442 1 1 1 1 0 1
1990-04-23T16:30:00 1990 4 23 16 30 0 -1.73 -1.61 447.2 15.89 4.62 1.55 3.6 6.29 1 0 1 1 1 1 1 1 5.7 4.33 -84.0 -2.05 -1.68 -2.77 -2.72 -1.72 -1.38 1.086 1.14 0.823 1.208 1.149 5.031 1 0 1 0 0 0
1990-04-23T17:30:00 1990 4 23 17 30 0 -1.12 -1.61 448.2 12.43 2.86 1.0 3.6 5.05 0 0 1 1 1 0 1 1 5.7 4.59 -94.0 -2.05 -1.68 -2.77 -2.72 -1.72 -1.38 1.005 1.003 0.832 1.092 1.024 3.853 0 0 1 0 0 0
1990-04-23T18:30:00 1990 4 23 18 30 0 -1.12 -1.61 449.3 8.97 2.79 0.89 3.61 3.81 0 0 1 1 0 0 1 1 3.3 4.52 -85.0 -2.05 -1.68 -2.77 -2.72 -1.72 -1.38 0.922 0.879 0.837 0.979 0.911 2.812 0 0 1 0 0 0
1990-04-23T19:30:00 1990 4 23 19 30 0 -1.12 -1.61 450.3 7.11 2.79 0.9 3.62 2.88 0 0 1 0 0 0 1 0 3.3 4.46 -74.0 -2.05 -1.68 -2.77 -2.72 -1.72 -1.38 0.842 0.774 0.839 0.878 0.817 2.03 0 0 1 0 0 0
1990-04-23T20:30:00 1990 4 23 20 30 0 -1.12 -1.61 451.3 7.11 2.79 0.9 3.63 2.58 0 0 1 0 0 0 1 0 3.3 4.36 -73.0 -2.05 -1.68 -2.77 -2.72 -1.72 -1.38 0.781 0.71 0.84 0.811 0.774 1.627 0 0 1 0 0 0
1990-04-23T21:30:00 1990 4 23 21 30 0 -1.12 -1.61 452.4 7.12 2.79 0.9 3.64 2.59 0 0 1 0 0 0 1 0 3.3 4.26 -76.0 -2.05 -1.68 -2.77 -2.72 -1.72 -1.38 0.74 0.678 0.841 0.775 0.762 1.466 0 0 1 0 0 0
1990-04-23T22:30:00 1990 4 23 22 30 0 -1.12 -1.61 453.4 7.12 2.79 0.9 3.65 2.6 0 0 1 0 0 0 1 0 3.3 4.17 -67.0 -2.05 -1.68 -2.77 -2.72 -1.72 -1.38 0.713 0.663 0.842 0.755 0.76 1.404 0 0 1 0 0 0
1990-04-23T23:30:00 1990 4 23 23 30 0 -1.11 -1.6 454.5 7.13 2.8 0.9 3.64 2.6 0 0 1 0 0 0 1 0 3.3 3.88 -54.0 -2.05 -1.68 -2.77 -2.72 -1.72 -1.38 0.695 0.655 0.843 0.746 0.762 1.383 0 0 0 0 0 0
