1990-02-25T00:30:00 1990 2 25 0 30 0 -3.4 -5.1 546.0 5.5 3.28 7.41 10.67 5.87 2 2 1 1 1 2 2 1 4.3 4.26 -90.0 -5.1 -5.1 -5.1 -5.1 -5.1 -5.1 1.141 1.02 1.336 1.311 1.645 2.65 2 1 2 2 1 1
1990-02-25T01:30:00 1990 2 25 1 30 0 -3.4 -4.25 546.0 5.5 3.26 8.49 12.67 6.97 1 1 1 1 1 1 1 1 4.3 4.3 -93.0 -4.41 -4.35 -4.51 -4.5 -4.36 -4.3 1.225 1.093 1.371 1.471 1.756 2.777 1 1 2 1 1 1
1990-02-25T02:30:00 1990 2 25 2 30 0 -4.02 -1.09 546.0 5.83 3.2 4.51 6.93 3.91 1 1 1 1 1 1 1 1 4.3 4.3 -93.0 -1.84 -1.57 -2.31 -2.28 -1.6 -1.35 1.117 0.932 1.374 1.249 1.351 2.348 1 1 2 1 1 1
1990-02-25T03:30:00 1990 2 25 3 30 0 -4.68 -0.78 546.0 6.24 3.14 2.88 2.52 1.52 1 1 1 1 1 1 1 1 5.0 4.39 -95.0 -1.53 -1.26 -2.0 -1.97 -1.29 -1.04 0.946 0.735 1.36 0.967 0.992 1.895 1 1 2 1 1 1
1990-02-25T04:30:00 1990 2 25 4 30 0 -5.3 -2.3 546.0 6.66 3.08 4.45 4.38 2.85 1 1 1 1 1 1 1 1 5.0 4.48 -86.0 -2.45 -2.4 -2.55 -2.55 -2.4 -2.35 0.886 0.732 1.35 0.868 1.083 2.12 1 1 2 1 1 1
1990-02-25T05:30:00 1990 2 25 5 30 0 -5.3 -2.7 546.0 7.08 3.08 6.19 6.87 4.74 2 2 1 1 0 2 2 1 5.0 4.57 -67.0 -2.7 -2.7 -2.7 -2.7 -2.7 -2.7 0.901 0.811 1.348 0.874 1.268 2.566 1 1 2 1 1 1
1990-02-25T06:30:00 1990 2 25 6 30 0 -5.3 -2.29 546.0 7.31 3.08 6.12 6.76 4.87 1 1 1 0 0 1 1 1 3.7 4.49 -62.0 -2.45 -2.39 -2.55 -2.54 -2.4 -2.35 0.907 0.844 1.345 0.874 1.31 2.791 1 0 2 1 0 0
1990-02-25T07:30:00 1990 2 25 7 30 0 -4.46 -0.77 546.0 7.32 3.08 4.07 4.0 2.93 1 1 1 0 0 1 1 1 3.7 4.41 -61.0 -1.52 -1.25 -1.99 -1.97 -1.28 -1.03 0.84 0.75 1.335 0.794 1.086 2.464 1 0 2 0 0 0
1990-02-25T08:30:00 1990 2 25 8 30 0 -2.89 -0.48 546.0 7.33 3.09 1.89 1.67 1.23 1 0 1 0 0 1 1 0 3.7 4.33 -56.0 -1.34 -1.04 -1.89 -1.86 -1.07 -0.78 0.747 0.631 1.32 0.703 0.873 2.025 0 0 2 0 0 0
1990-02-25T09:30:00 1990 2 25 9 30 0 -1.32 -0.48 546.0 7.34 3.09 0.71 1.31 0.96 1 0 1 0 0 1 1 0 4.0 4.29 -62.0 -1.34 -1.04 -1.89 -1.86 -1.07 -0.78 0.678 0.561 1.305 0.645 0.787 1.796 0 0 2 0 0 0
1990-02-25T10:30:00 1990 2 25 10 30 0 -0.73 -0.47 546.0 7.35 3.09 0.25 1.3 0.95 0 0 1 0 0 0 1 0 4.0 4.25 -58.0 -1.34 -1.03 -1.89 -1.86 -1.07 -0.78 0.631 0.526 1.29 0.613 0.76 1.703 0 0 1 0 0 0
1990-02-25T11:30:00 1990 2 25 11 30 0 -0.73 -0.47 546.0 7.36 3.09 0.17 1.28 0.94 0 0 1 0 0 0 1 0 4.0 4.13 -58.0 -1.34 -1.03 -1.89 -1.85 -1.07 -0.78 0.599 0.507 1.276 0.594 0.752 1.666 0 0 1 0 0 0
1990-02-25T12:30:00 1990 2 25 12 30 0 -0.72 -0.47 546.0 7.37 3.09 0.17 1.28 0.95 0 0 1 0 0 0 1 0 3.7 3.97 -54.0 -1.34 -1.03 -1.88 -1.85 -1.07 -0.78 0.578 0.499 1.263 0.583 0.749 1.653 0 0 1 0 0 0
1990-02-25T13:30:00 1990 2 25 13 30 0 -0.72 -0.47 544.7 7.38 3.09 0.17 1.28 0.95 0 0 1 0 0 0 1 0 3.7 3.81 -62.0 -1.34 -1.03 -1.88 -1.85 -1.06 -0.78 0.563 0.494 1.249 0.577 0.745 1.645 0 0 1 0 0 0
1990-02-25T14:30:00 1990 2 25 14 30 0 -0.72 -0.47 542.0 7.39 3.1 0.17 1.28 0.94 0 0 1 0 0 0 1 0 3.7 3.81 -65.0 -1.34 -1.03 -1.88 -1.85 -1.06 -0.78 0.553 0.492 1.236 0.572 0.74 1.634 0 0 1 0 0 0
1990-02-25T15:30:00 1990 2 25 15 30 0 -0.72 -0.47 539.3 7.4 3.1 0.17 1.27 0.94 0 0 1 0 0 0 1 0 3.3 3.76 -56.0 -1.34 -1.03 -1.88 -1.85 -1.06 -0.78 0.545 0.491 1.223 0.568 0.734 1.619 0 0 1 0 0 0
1990-02-25T16:30:00 1990 2 25 16 30 0 -0.72 -0.46 536.6 7.41 3.1 0.16 1.25 0.93 0 0 1 0 0 0 1 0 3.3 3.7 -58.0 -1.34 -1.03 -1.88 -1.85 -1.06 -0.78 0.539 0.49 1.21 0.564 0.729 1.604 0 0 1 0 0 0
1990-02-25T17:30:00 1990 2 25 17 30 0 -0.72 -0.46 533.9 7.42 3.1 0.16 1.23 0.91 0 0 1 0 0 0 1 0 3.3 3.62 -67.0 -1.34 -1.03 -1.88 -1.85 -1.06 -0.78 0.535 0.49 1.197 0.561 0.723 1.588 0 0 1 0 0 0
1990-02-25T18:30:00 1990 2 25 18 30 0 -0.71 -0.46 531.2 7.43 3.1 0.16 1.22 0.91 0 0 1 0 0 0 1 0 4.7 3.71 -76.0 -1.34 -1.03 -1.88 -1.85 -1.06 -0.78 0.531 0.49 1.184 0.557 0.718 1.572 0 0 1 0 0 0
1990-02-25T19:30:00 1990 2 25 19 30 0 -0.71 -0.46 528.5 7.44 3.1 0.16 1.22 0.91 0 0 1 0 0 0 1 0 4.7 3.81 -75.0 -1.33 -1.03 -1.88 -1.85 -1.06 -0.78 0.527 0.49 1.172 0.554 0.712 1.555 0 0 1 0 0 0
1990-02-25T20:30:00 1990 2 25 20 30 0 -0.71 -0.46 525.8 7.45 3.1 0.16 1.21 0.9 0 0 1 0 0 0 1 0 4.7 3.94 -75.0 -1.33 -1.03 -1.88 -1.85 -1.06 -0.78 0.524 0.489 1.159 0.551 0.707 1.539 0 0 1 0 0 0
1990-02-25T21:30:00 1990 2 25 21 30 0 -0.71 -0.45 523.0 7.46 3.11 0.15 1.19 0.89 0 0 1 0 0 0 1 0 4.0 3.98 -75.0 -1.33 -1.03 -1.88 -1.85 -1.06 -0.77 0.521 0.489 1.147 0.547 0.702 1.519 0 0 1 0 0 0
1990-02-25T22:30:00 1990 2 25 22 30 0 -0.71 -0.45 520.3 7.47 3.11 0.15 1.17 0.88 0 0 1 0 0 0 1 0 4.0 4.01 -77.0 -1.33 -1.02 -1.88 -1.85 -1.06 -0.77 0.518 0.488 1.134 0.544 0.696 1.499 0 0 1 0 0 0
1990-02-25T23:30:00 1990 2 25 23 30 0 -0.71 -0.45 517.5 7.48 3.11 0.15 1.17 0.87 0 0 1 0 0 0 1 0 4.0 4.09 -81.0 -1.33 -1.02 -1.88 -1.84 -1.06 -0.77 0.516 0.487 1.122 0.54 0.691 1.481 0 0 1 0 0 0
