1990-11-09T00:30:00 1990 11 9 0 30 0 0.05 0.56 400.0 6.81 2.2 0.0 0.0 0.0 0 0 1 0 0 0 1 0 3.7 2.68 -1.0 -0.78 -0.52 -1.35 -1.31 -0.55 -0.34 0.252 0.283 0.251 0.239 0.278 0.453 0 0 0 0 0 0
1990-11-09T01:30:00 1990 11 9 1 30 0 0.05 0.56 400.0 6.87 2.2 0.0 0.0 0.0 0 0 1 1 0 0 1 1 3.7 2.81 -8.0 -0.78 -0.52 -1.35 -1.31 -0.55 -0.34 0.252 0.283 0.251 0.239 0.279 0.455 0 0 0 0 0 0
1990-11-09T02:30:00 1990 11 9 2 30 0 0.05 0.56 400.0 6.98 2.2 0.0 0.0 0.0 0 0 1 1 1 0 1 1 3.7 2.94 -19.0 -0.78 -0.52 -1.35 -1.31 -0.55 -0.34 0.253 0.284 0.251 0.24 0.28 0.461 0 0 0 0 0 0
1990-11-09T03:30:00 1990 11 9 3 30 0 0.72 0.56 400.0 7.1 2.25 0.01 0.0 0.0 1 0 1 1 1 1 1 1 3.3 3.01 -25.0 -0.78 -0.52 -1.34 -1.31 -0.55 -0.34 0.253 0.286 0.251 0.241 0.282 0.469 0 0 0 0 0 0
1990-11-09T04:30:00 1990 11 9 4 30 0 2.52 0.56 400.0 7.21 2.3 0.17 0.0 0.0 1 0 1 1 1 1 1 1 3.3 3.09 -24.0 -0.78 -0.52 -1.34 -1.31 -0.55 -0.34 0.254 0.288 0.251 0.243 0.283 0.478 0 0 0 0 0 0
1990-11-09T05:30:00 1990 11 9 5 30 0 4.32 0.3 400.0 7.3 2.34 0.86 0.0 0.0 1 1 1 1 1 1 1 1 3.3 3.21 -23.0 -0.86 -0.64 -1.35 -1.32 -0.66 -0.48 0.26 0.305 0.251 0.245 0.304 0.528 0 1 0 0 1 1
1990-11-09T06:30:00 1990 11 9 6 30 0 5.3 -1.04 400.0 7.3 2.36 2.15 0.9 0.65 1 1 1 1 1 1 1 1 2.7 3.25 -23.0 -1.29 -1.24 -1.39 -1.38 -1.24 -1.21 0.293 0.385 0.252 0.251 0.406 0.726 1 1 0 1 1 1
1990-11-09T07:30:00 1990 11 9 7 30 0 5.3 -1.4 400.0 7.3 2.36 3.13 2.47 1.8 2 2 2 2 2 2 2 2 2.7 3.29 -22.0 -1.4 -1.4 -1.4 -1.4 -1.4 -1.4 0.334 0.47 0.252 0.258 0.493 0.901 1 2 0 1 2 2
1990-11-09T08:30:00 1990 11 9 8 30 0 -1.2 3.0 393.0 9.6 3.01 0.59 0.33 0.25 2 2 2 2 2 2 2 2 2.7 3.16 -12.0 3.0 3.0 3.0 3.0 3.0 3.0 0.234 0.253 0.245 0.148 0.176 0.425 1 2 0 1 2 2
1990-11-09T09:30:00 1990 11 9 9 30 0 2.4 3.7 395.0 7.0 2.31 0.02 0.0 0.0 2 2 2 2 2 2 2 2 2.0 2.95 -6.0 3.7 3.7 3.7 3.7 3.7 3.7 0.158 0.126 0.237 0.083 0.056 0.176 1 2 0 1 2 2
1990-11-09T10:30:00 1990 11 9 10 30 0 4.2 -0.9 389.0 5.3 1.69 0.74 0.25 0.14 2 2 2 2 2 2 2 2 2.0 2.73 -3.0 -0.9 -0.9 -0.9 -0.9 -0.9 -0.9 0.131 0.121 0.231 0.064 0.102 0.175 1 2 0 1 2 2
1990-11-09T11:30:00 1990 11 9 11 30 0 2.1 -1.0 392.0 5.7 1.81 1.24 1.86 1.03 2 2 2 2 2 2 2 2 2.0 2.57 -5.0 -1.0 -1.0 -1.0 -1.0 -1.0 -1.0 0.177 0.256 0.228 0.099 0.283 0.411 2 2 0 2 2 2
1990-11-09T12:30:00 1990 11 9 12 30 0 1.8 -1.6 399.0 4.5 1.47 0.9 2.62 1.31 2 2 2 2 2 2 2 2 2.0 2.41 -4.0 -1.6 -1.6 -1.6 -1.6 -1.6 -1.6 0.237 0.364 0.228 0.154 0.404 0.527 2 2 0 2 2 2
1990-11-09T13:30:00 1990 11 9 13 30 0 1.8 -1.5 406.0 4.1 1.38 1.0 3.11 1.33 2 2 2 2 2 2 2 2 2.0 2.25 -8.0 -1.5 -1.5 -1.5 -1.5 -1.5 -1.5 0.283 0.417 0.229 0.193 0.449 0.544 2 2 0 2 2 2
1990-11-09T14:30:00 1990 11 9 14 30 0 1.5 -0.3 407.0 3.5 1.21 0.54 1.73 0.66 2 2 2 2 2 2 2 2 2.0 2.17 -9.0 -0.3 -0.3 -0.3 -0.3 -0.3 -0.3 0.251 0.334 0.225 0.147 0.308 0.401 2 2 0 2 2 2
1990-11-09T15:30:00 1990 11 9 15 30 0 1.7 -2.2 400.0 3.4 0.99 0.83 2.67 0.92 2 2 2 2 2 2 2 2 2.7 2.18 -11.0 -2.2 -2.2 -2.2 -2.2 -2.2 -2.2 0.282 0.382 0.225 0.185 0.402 0.415 2 2 0 2 2 2
1990-11-09T16:30:00 1990 11 9 16 30 0 2.9 -2.3 398.0 3.3 1.17 1.91 4.5 1.5 2 2 2 2 2 2 2 2 2.7 2.18 -13.0 -2.3 -2.3 -2.3 -2.3 -2.3 -2.3 0.346 0.465 0.229 0.261 0.502 0.458 2 2 0 2 2 2
1990-11-09T17:30:00 1990 11 9 17 30 0 4.3 -0.7 384.0 4.6 1.47 1.96 2.81 1.09 2 2 2 2 2 2 2 2 2.7 2.27 -14.0 -0.7 -0.7 -0.7 -0.7 -0.7 -0.7 0.332 0.425 0.228 0.223 0.403 0.438 2 2 0 2 2 2
1990-11-09T18:30:00 1990 11 9 18 30 0 4.3 -0.46 393.0 4.68 1.47 1.76 1.11 0.51 1 1 1 1 1 1 1 1 2.3 2.31 -6.0 -0.71 -0.67 -0.82 -0.81 -0.67 -0.63 0.287 0.353 0.224 0.169 0.309 0.398 2 2 0 2 1 1
1990-11-09T19:30:00 1990 11 9 19 30 0 3.51 0.41 402.0 5.11 1.66 1.21 0.2 0.1 1 1 1 1 1 1 1 1 2.3 2.34 -3.0 -0.77 -0.54 -1.26 -1.22 -0.56 -0.38 0.264 0.308 0.223 0.167 0.273 0.37 2 1 1 1 1 1
1990-11-09T20:30:00 1990 11 9 20 30 0 1.8 0.57 411.0 5.55 1.94 0.45 0.0 0.0 1 0 1 1 1 1 1 1 2.3 2.38 -3.0 -0.78 -0.51 -1.34 -1.3 -0.54 -0.33 0.254 0.281 0.223 0.188 0.265 0.362 1 1 0 1 0 1
1990-11-09T21:30:00 1990 11 9 21 30 0 0.09 0.15 420.0 5.99 2.22 0.05 0.0 0.0 1 1 1 1 1 1 1 1 2.3 2.41 -5.0 -1.02 -0.79 -1.51 -1.47 -0.81 -0.63 0.265 0.303 0.225 0.22 0.317 0.458 1 1 1 1 1 1
1990-11-09T22:30:00 1990 11 9 22 30 0 -0.7 -2.02 429.0 6.42 2.41 0.4 2.19 1.38 1 1 1 1 1 1 1 1 2.3 2.44 -7.0 -2.27 -2.22 -2.37 -2.36 -2.23 -2.19 0.354 0.463 0.233 0.322 0.565 0.844 1 1 1 1 1 1
1990-11-09T23:30:00 1990 11 9 23 30 0 -0.7 -2.6 438.0 6.5 2.41 1.48 5.07 3.28 2 2 2 2 2 2 2 2 2.3 2.4 -6.0 -2.6 -2.6 -2.6 -2.6 -2.6 -2.6 0.473 0.632 0.246 0.447 0.784 1.221 2 2 1 2 2 2
