1990-05-18T00:30:00 1990 5 18 0 30 0 -3.9 0.24 305.7 20.5 3.58 0.81 0.0 0.0 1 1 1 1 1 1 1 1 2.0 1.13 9.0 0.07 0.14 -0.06 -0.05 0.13 0.2 0.2 0.13 0.397 0.113 0.026 0.16 0 1 0 1 1 1
1990-05-18T01:30:00 1990 5 18 1 30 0 -3.23 -0.72 313.4 20.5 3.55 0.89 0.47 0.96 1 1 1 1 1 1 1 1 2.0 1.26 6.0 -1.52 -1.18 -2.13 -2.1 -1.22 -0.9 0.258 0.346 0.392 0.204 0.268 0.814 1 1 0 1 1 1
1990-05-18T02:30:00 1990 5 18 2 30 0 -1.98 -0.9 321.1 18.34 3.44 0.71 1.3 2.5 1 0 1 1 1 1 1 1 2.0 1.35 9.0 -1.83 -1.43 -2.53 -2.49 -1.47 -1.11 0.376 0.587 0.394 0.375 0.468 1.384 0 0 0 0 0 0
1990-05-18T03:30:00 1990 5 18 3 30 0 -0.73 -0.9 328.8 16.12 3.33 0.35 1.46 2.51 1 0 1 1 1 1 1 1 1.7 1.4 12.0 -1.82 -1.43 -2.52 -2.48 -1.47 -1.11 0.46 0.701 0.398 0.482 0.54 1.551 0 0 0 0 0 0
1990-05-18T04:30:00 1990 5 18 4 30 0 -0.26 -0.9 336.5 14.26 3.23 0.19 1.5 2.26 0 0 1 1 1 0 1 1 1.7 1.45 14.0 -1.82 -1.43 -2.52 -2.48 -1.47 -1.11 0.511 0.736 0.401 0.536 0.557 1.522 0 0 0 0 0 0
1990-05-18T05:30:00 1990 5 18 5 30 0 -1.96 -0.89 344.2 12.4 3.31 0.34 1.52 2.02 1 0 1 1 1 1 1 1 1.7 1.57 13.0 -1.82 -1.43 -2.52 -2.48 -1.47 -1.1 0.539 0.732 0.405 0.558 0.556 1.41 0 0 0 0 0 0
1990-05-18T06:30:00 1990 5 18 6 30 0 -6.53 -0.89 351.9 11.76 3.4 1.95 1.55 1.87 1 0 1 1 1 1 1 1 3.3 1.9 9.0 -1.82 -1.42 -2.52 -2.48 -1.47 -1.1 0.555 0.717 0.408 0.569 0.556 1.324 0 0 0 0 0 0
1990-05-18T07:30:00 1990 5 18 7 30 0 -11.1 -2.01 359.6 12.4 3.49 6.83 2.67 3.24 1 1 1 1 1 1 1 1 3.3 2.23 15.0 -2.81 -2.47 -3.42 -3.38 -2.51 -2.19 0.629 0.825 0.418 0.671 0.703 1.603 0 1 0 1 1 1
1990-05-18T08:30:00 1990 5 18 8 30 0 -13.6 -7.77 367.3 12.4 3.52 18.07 9.35 11.59 1 1 1 1 1 1 1 1 3.3 2.39 19.0 -7.94 -7.87 -8.07 -8.06 -7.87 -7.81 1.001 1.367 0.466 1.34 1.351 2.776 1 1 0 1 1 1
1990-05-18T09:30:00 1990 5 18 9 30 0 -13.6 -9.3 375.0 12.4 3.52 28.83 15.98 19.81 2 2 2 2 2 2 2 2 3.7 2.61 1.0 -9.3 -9.3 -9.3 -9.3 -9.3 -9.3 1.478 1.914 0.549 2.216 1.909 3.877 1 2 1 2 2 2
1990-05-18T10:30:00 1990 5 18 10 30 0 -14.2 -4.4 388.0 20.4 6.24 24.99 12.67 20.61 2 2 2 2 2 2 2 2 3.7 2.82 -8.0 -4.4 -4.4 -4.4 -4.4 -4.4 -4.4 1.671 2.061 0.607 2.297 1.936 5.336 2 2 1 2 2 2
1990-05-18T11:30:00 1990 5 18 11 30 0 -13.1 -4.1 374.0 20.6 6.51 18.61 8.06 16.53 2 2 2 2 2 2 2 2 3.7 3.07 -14.0 -4.1 -4.1 -4.1 -4.1 -4.1 -4.1 1.649 1.972 0.635 1.988 1.721 5.861 2 2 1 2 2 2
1990-05-18T12:30:00 1990 5 18 12 30 0 -11.4 2.0 374.0 18.4 5.47 10.7 2.26 4.53 2 2 2 2 2 2 2 2 5.0 3.49 -16.0 2.0 2.0 2.0 2.0 2.0 2.0 1.223 1.189 0.623 1.211 0.748 3.241 2 2 1 2 2 2
1990-05-18T13:30:00 1990 5 18 13 30 0 -2.2 -10.0 388.0 32.9 9.43 10.4 8.81 25.81 2 2 2 2 2 2 2 2 5.0 3.89 -3.0 -10.0 -10.0 -10.0 -10.0 -10.0 -10.0 1.622 1.987 0.692 2.123 1.997 8.652 2 2 1 2 2 2
1990-05-18T14:30:00 1990 5 18 14 30 0 -0.5 -12.2 385.2 29.0 9.14 23.87 21.62 66.44 2 2 1 1 1 2 2 1 5.0 4.11 -24.0 -12.2 -12.2 -12.2 -12.2 -12.2 -12.2 2.56 3.219 0.882 4.283 3.332 14.336 1 1 1 1 1 1
1990-05-18T15:30:00 1990 5 18 15 30 0 -0.63 -10.11 382.4 25.1 7.5 23.09 21.24 57.23 1 1 1 1 1 1 1 1 6.3 4.49 -39.0 -10.28 -10.2 -10.41 -10.4 -10.21 -10.14 3.06 3.613 1.045 5.143 3.46 14.498 1 1 1 1 1 1
1990-05-18T16:30:00 1990 5 18 16 30 0 -0.9 -3.19 379.6 21.2 5.86 9.0 12.12 28.3 1 1 1 1 1 1 1 1 6.3 4.87 -57.0 -3.87 -3.58 -4.39 -4.36 -3.61 -3.35 2.815 3.0 1.104 4.157 2.486 10.75 1 1 1 1 1 1
1990-05-18T17:30:00 1990 5 18 17 30 0 -1.17 -6.05 376.8 17.3 4.22 4.99 8.96 16.92 1 1 1 1 1 1 1 1 6.3 5.19 -55.0 -6.22 -6.15 -6.34 -6.34 -6.15 -6.09 2.523 2.546 1.136 3.318 2.046 8.006 1 1 1 1 1 1
1990-05-18T18:30:00 1990 5 18 18 30 0 -1.3 -7.2 374.0 13.4 3.93 9.14 12.52 18.95 2 2 2 2 2 2 2 2 3.7 5.17 -48.0 -7.2 -7.2 -7.2 -7.2 -7.2 -7.2 2.399 2.389 1.178 3.002 1.984 6.299 1 1 1 1 2 1
1990-05-18T19:30:00 1990 5 18 19 30 0 -7.9 -2.6 384.0 11.5 3.62 7.75 8.91 11.16 2 2 2 2 2 2 2 2 3.7 5.15 -54.0 -2.6 -2.6 -2.6 -2.6 -2.6 -2.6 2.045 1.912 1.182 2.245 1.482 4.429 2 2 1 2 2 2
1990-05-18T20:30:00 1990 5 18 20 30 0 -10.5 -0.9 384.0 9.1 2.79 7.87 3.22 3.35 2 2 2 2 2 2 2 2 3.7 4.98 -52.0 -0.9 -0.9 -0.9 -0.9 -0.9 -0.9 1.544 1.28 1.156 1.396 0.858 2.664 2 2 1 2 2 2
1990-05-18T21:30:00 1990 5 18 21 30 0 -6.2 -7.2 384.0 9.4 2.79 10.87 8.28 7.7 2 2 2 2 2 2 2 2 4.3 4.89 -47.0 -7.2 -7.2 -7.2 -7.2 -7.2 -7.2 1.492 1.386 1.165 1.459 1.239 2.622 2 2 1 2 2 2
1990-05-18T22:30:00 1990 5 18 22 30 0 -4.7 -7.2 376.0 8.8 2.55 13.4 13.67 12.41 2 2 2 2 2 2 2 2 4.3 4.8 -45.0 -7.2 -7.2 -7.2 -7.2 -7.2 -7.2 1.61 1.62 1.198 1.812 1.541 2.762 2 2 1 2 2 2
1990-05-18T23:30:00 1990 5 18 23 30 0 -8.5 -1.8 367.0 9.1 2.69 8.66 7.95 7.1 2 2 2 2 2 2 2 2 4.3 4.56 -41.0 -1.8 -1.8 -1.8 -1.8 -1.8 -1.8 1.414 1.368 1.19 1.421 1.13 2.198 2 2 1 2 2 2
