1990-09-24T00:30:00 1990 9 24 0 30 0 5.9 0.1 397.0 5.4 1.67 1.9 0.0 0.0 2 2 2 2 2 2 2 2 1.3 1.47 -11.0 0.1 0.1 0.1 0.1 0.1 0.1 0.016 0.004 0.265 0.003 0.0 0.003 2 2 2 2 2 2
1990-09-24T01:30:00 1990 9 24 1 30 0 5.9 0.17 399.2 5.34 1.67 2.58 0.0 0.0 1 1 1 1 1 1 1 1 1.3 1.3 -12.0 -0.08 -0.04 -0.18 -0.17 -0.04 0.0 0.015 0.011 0.258 0.005 0.012 0.001 2 1 2 1 1 2
1990-09-24T02:30:00 1990 9 24 2 30 0 5.31 0.42 401.4 5.28 1.68 2.23 0.0 0.0 1 1 1 1 1 1 1 1 1.3 1.3 -11.0 -0.77 -0.54 -1.21 -1.18 -0.56 -0.37 0.063 0.106 0.253 0.058 0.143 0.162 1 1 2 1 1 1
1990-09-24T03:30:00 1990 9 24 3 30 0 4.69 -0.11 403.6 5.22 1.69 1.88 0.03 0.02 1 1 1 1 1 1 1 1 2.7 1.48 -10.0 -1.3 -1.07 -1.74 -1.71 -1.09 -0.9 0.143 0.235 0.254 0.149 0.294 0.356 1 1 2 1 1 1
1990-09-24T04:30:00 1990 9 24 4 30 0 4.1 -3.1 405.8 5.16 1.7 2.94 3.5 1.81 1 1 1 1 1 1 1 1 2.7 1.66 -17.0 -3.35 -3.31 -3.45 -3.44 -3.31 -3.27 0.31 0.483 0.265 0.347 0.606 0.7 1 1 2 1 1 1
1990-09-24T05:30:00 1990 9 24 5 30 0 4.1 -3.9 408.0 5.1 1.7 4.94 7.19 3.69 2 2 2 2 2 2 2 2 2.7 1.84 -25.0 -3.9 -3.9 -3.9 -3.9 -3.9 -3.9 0.496 0.707 0.284 0.565 0.844 0.97 2 2 2 2 2 2
1990-09-24T06:30:00 1990 9 24 6 30 0 3.9 -4.2 400.0 4.7 1.5 5.68 8.2 4.0 2 2 2 2 2 2 2 2 3.3 2.1 -28.0 -4.2 -4.2 -4.2 -4.2 -4.2 -4.2 0.638 0.836 0.305 0.717 0.934 1.048 2 2 2 2 2 2
1990-09-24T07:30:00 1990 9 24 7 30 0 3.8 -3.9 404.0 4.7 1.5 5.49 8.12 3.82 2 2 2 2 2 2 2 2 3.3 2.35 -24.0 -3.9 -3.9 -3.9 -3.9 -3.9 -3.9 0.725 0.886 0.324 0.784 0.944 1.051 2 2 2 2 2 2
1990-09-24T08:30:00 1990 9 24 8 30 0 3.45 -3.09 400.8 4.75 1.48 4.36 6.96 3.29 1 1 1 1 1 1 1 1 3.3 2.6 -26.0 -3.34 -3.3 -3.44 -3.43 -3.3 -3.26 0.755 0.872 0.339 0.772 0.887 1.009 2 1 2 2 1 1
1990-09-24T09:30:00 1990 9 24 9 30 0 2.7 -0.87 397.5 4.8 1.46 2.04 3.77 1.8 1 1 1 1 1 1 1 1 2.3 2.71 -27.0 -1.87 -1.68 -2.25 -2.23 -1.7 -1.53 0.697 0.749 0.345 0.655 0.699 0.849 1 1 2 1 1 1
1990-09-24T10:30:00 1990 9 24 10 30 0 1.95 -4.25 394.2 4.85 1.44 2.54 5.34 2.58 1 1 1 1 1 1 1 1 2.3 2.82 -29.0 -4.5 -4.45 -4.59 -4.59 -4.46 -4.42 0.737 0.81 0.36 0.724 0.818 0.921 1 1 2 1 1 1
1990-09-24T11:30:00 1990 9 24 11 30 0 1.6 -5.3 391.0 4.9 1.42 5.48 9.45 4.61 2 2 2 2 2 2 2 2 2.3 2.77 -33.0 -5.3 -5.3 -5.3 -5.3 -5.3 -5.3 0.854 0.959 0.385 0.917 1.001 1.068 2 2 2 2 2 2
1990-09-24T12:30:00 1990 9 24 12 30 0 3.1 -3.1 390.0 4.4 1.38 4.54 8.02 3.73 2 2 2 2 2 2 2 2 3.3 2.85 -32.0 -3.1 -3.1 -3.1 -3.1 -3.1 -3.1 0.852 0.922 0.399 0.86 0.897 0.976 2 2 2 2 2 2
1990-09-24T13:30:00 1990 9 24 13 30 0 3.5 -2.8 400.0 4.0 1.33 3.31 5.81 2.43 2 2 2 2 2 2 2 2 3.3 2.92 -23.0 -2.8 -2.8 -2.8 -2.8 -2.8 -2.8 0.785 0.815 0.404 0.717 0.764 0.828 2 2 2 2 2 2
1990-09-24T14:30:00 1990 9 24 14 30 0 4.4 -2.4 415.0 4.0 1.93 3.5 5.27 2.11 2 2 2 2 2 2 2 2 3.3 2.93 -23.0 -2.4 -2.4 -2.4 -2.4 -2.4 -2.4 0.72 0.727 0.407 0.604 0.697 0.754 2 2 2 2 2 2
1990-09-24T15:30:00 1990 9 24 15 30 0 2.4 -3.0 397.0 4.3 1.41 3.15 5.52 2.3 2 2 2 2 2 2 2 2 3.7 2.99 -24.0 -3.0 -3.0 -3.0 -3.0 -3.0 -3.0 0.692 0.714 0.411 0.57 0.708 0.756 2 2 2 2 2 2
1990-09-24T16:30:00 1990 9 24 16 30 0 4.4 -1.1 407.0 4.3 1.44 2.42 3.96 1.7 2 2 2 2 2 2 2 2 3.7 3.04 -25.0 -1.1 -1.1 -1.1 -1.1 -1.1 -1.1 0.606 0.608 0.408 0.446 0.561 0.659 2 2 2 2 2 2
1990-09-24T17:30:00 1990 9 24 17 30 0 5.7 0.8 408.0 4.4 1.48 2.14 0.56 0.24 2 2 2 2 2 2 2 2 3.7 3.22 -20.0 0.8 0.8 0.8 0.8 0.8 0.8 0.427 0.338 0.396 0.258 0.219 0.332 2 2 2 2 2 2
1990-09-24T18:30:00 1990 9 24 18 30 0 7.3 -1.4 401.0 4.6 1.46 3.7 1.02 0.46 2 2 2 2 2 2 2 2 2.7 3.26 -14.0 -1.4 -1.4 -1.4 -1.4 -1.4 -1.4 0.349 0.304 0.387 0.191 0.265 0.356 2 2 2 2 2 2
1990-09-24T19:30:00 1990 9 24 19 30 0 4.6 -0.2 402.0 6.5 2.13 3.28 1.51 0.81 2 2 2 2 2 2 2 2 2.7 3.29 -11.0 -0.2 -0.2 -0.2 -0.2 -0.2 -0.2 0.296 0.287 0.378 0.144 0.254 0.418 2 2 2 2 2 2
1990-09-24T20:30:00 1990 9 24 20 30 0 5.4 2.9 403.0 7.1 2.36 1.35 0.0 0.0 2 2 2 2 2 2 2 2 2.7 3.22 -13.0 2.9 2.9 2.9 2.9 2.9 2.9 0.201 0.143 0.367 0.081 0.08 0.173 2 2 2 2 2 2
1990-09-24T21:30:00 1990 9 24 21 30 0 2.8 6.4 409.0 8.4 2.96 0.41 0.0 0.0 2 2 2 2 2 2 2 2 2.0 3.05 -6.0 6.4 6.4 6.4 6.4 6.4 6.4 0.136 0.071 0.355 0.045 0.025 0.072 2 2 2 2 2 2
1990-09-24T22:30:00 1990 9 24 22 30 0 2.4 2.9 397.0 9.3 2.98 0.1 0.0 0.0 2 2 2 2 2 2 2 2 2.0 2.88 -7.0 2.9 2.9 2.9 2.9 2.9 2.9 0.092 0.035 0.345 0.025 0.008 0.03 2 2 2 2 2 2
1990-09-24T23:30:00 1990 9 24 23 30 0 5.3 0.3 382.0 12.5 3.45 0.86 0.0 0.0 2 2 2 2 2 2 2 2 2.0 2.67 -9.0 0.3 0.3 0.3 0.3 0.3 0.3 0.062 0.017 0.334 0.014 0.003 0.012 2 2 2 2 2 2
