1990-08-10T00:30:00 1990 8 10 0 30 0 -0.57 0.63 486.3 5.29 2.56 0.01 0.0 0.0 0 0 0 0 0 0 0 0 0.7 1.34 -1.0 -0.76 -0.52 -1.22 -1.19 -0.55 -0.35 0.259 0.261 0.257 0.242 0.343 0.53 0 0 0 0 0 0
1990-08-10T01:30:00 1990 8 10 1 30 0 -0.57 0.63 486.4 5.29 2.56 0.01 0.0 0.0 0 0 0 0 0 0 0 0 0.7 1.18 0.0 -0.76 -0.52 -1.22 -1.19 -0.55 -0.35 0.259 0.261 0.259 0.242 0.343 0.531 0 0 0 0 0 0
1990-08-10T02:30:00 1990 8 10 2 30 0 -0.57 0.63 486.6 5.29 2.57 0.01 0.0 0.0 0 0 0 0 0 0 0 0 0.7 1.05 -1.0 -0.76 -0.52 -1.22 -1.19 -0.55 -0.35 0.26 0.261 0.261 0.243 0.343 0.531 0 0 0 0 0 0
1990-08-10T03:30:00 1990 8 10 3 30 0 -0.57 0.63 486.7 5.29 2.57 0.01 0.0 0.0 0 0 0 0 0 0 0 0 1.0 0.97 1.0 -0.76 -0.52 -1.22 -1.19 -0.55 -0.35 0.26 0.261 0.262 0.243 0.343 0.532 0 0 0 0 0 0
1990-08-10T04:30:00 1990 8 10 4 30 0 -0.57 0.63 486.9 5.29 2.57 0.01 0.0 0.0 0 0 0 0 0 0 0 0 1.0 0.89 4.0 -0.76 -0.52 -1.22 -1.19 -0.55 -0.35 0.26 0.261 0.264 0.243 0.343 0.532 0 0 0 0 0 0
1990-08-10T05:30:00 1990 8 10 5 30 0 -0.57 0.63 487.0 5.29 2.57 0.01 0.0 0.0 0 0 0 0 0 0 0 0 1.0 0.89 2.0 -0.76 -0.52 -1.22 -1.19 -0.55 -0.35 0.26 0.261 0.265 0.243 0.344 0.532 0 0 0 0 0 0
1990-08-10T06:30:00 1990 8 10 6 30 0 -0.56 0.63 487.1 5.29 2.57 0.01 0.0 0.0 0 0 0 0 0 0 0 0 1.0 0.89 4.0 -0.76 -0.52 -1.22 -1.19 -0.55 -0.35 0.261 0.261 0.267 0.243 0.344 0.533 0 0 0 0 0 0
1990-08-10T07:30:00 1990 8 10 7 30 0 -0.56 0.63 487.3 5.29 2.58 0.01 0.0 0.0 0 0 0 0 0 0 0 0 1.0 0.89 6.0 -0.76 -0.52 -1.22 -1.2 -0.55 -0.35 0.261 0.261 0.268 0.244 0.344 0.533 0 0 0 0 0 0
1990-08-10T08:30:00 1990 8 10 8 30 0 -0.56 0.64 487.4 5.29 2.58 0.01 0.0 0.0 0 0 0 0 0 0 0 0 1.0 0.93 7.0 -0.76 -0.52 -1.22 -1.2 -0.55 -0.35 0.261 0.261 0.27 0.245 0.344 0.533 0 0 0 0 0 0
1990-08-10T09:30:00 1990 8 10 9 30 0 -0.56 0.64 487.6 5.29 2.58 0.01 0.0 0.0 0 0 0 0 0 0 0 0 1.7 1.06 7.0 -0.76 -0.52 -1.23 -1.2 -0.55 -0.35 0.261 0.261 0.271 0.245 0.344 0.534 0 0 0 0 0 0
1990-08-10T10:30:00 1990 8 10 10 30 0 -0.56 0.64 487.7 5.3 2.58 0.01 0.0 0.0 0 0 0 0 0 0 0 0 1.7 1.18 6.0 -0.76 -0.52 -1.23 -1.2 -0.55 -0.35 0.261 0.261 0.273 0.246 0.344 0.535 0 0 0 0 0 0
1990-08-10T11:30:00 1990 8 10 11 30 0 -0.56 0.64 487.9 5.3 2.58 0.01 0.0 0.0 0 0 0 0 0 0 0 0 1.7 1.27 4.0 -0.76 -0.52 -1.23 -1.2 -0.55 -0.35 0.261 0.261 0.274 0.246 0.345 0.536 0 0 0 0 0 0
1990-08-10T12:30:00 1990 8 10 12 30 0 -0.56 0.64 488.0 5.3 2.59 0.01 0.0 0.0 0 0 0 0 0 0 0 0 1.7 1.36 6.0 -0.76 -0.52 -1.23 -1.2 -0.55 -0.35 0.261 0.261 0.275 0.246 0.345 0.536 0 0 0 0 0 0
1990-08-10T13:30:00 1990 8 10 13 30 0 -0.55 0.64 488.2 5.3 2.59 0.01 0.0 0.0 0 0 0 0 0 0 0 0 1.7 1.45 13.0 -0.76 -0.53 -1.23 -1.2 -0.55 -0.35 0.261 0.262 0.277 0.246 0.345 0.537 0 0 0 0 0 0
1990-08-10T14:30:00 1990 8 10 14 30 0 -0.55 0.64 488.3 5.3 2.59 0.01 0.0 0.0 0 0 0 0 0 0 0 0 1.7 1.53 13.0 -0.76 -0.53 -1.23 -1.2 -0.55 -0.35 0.261 0.263 0.278 0.246 0.345 0.537 0 0 0 0 0 0
1990-08-10T15:30:00 1990 8 10 15 30 0 -0.55 0.64 488.4 5.3 2.59 0.01 0.0 0.0 0 0 0 0 0 0 0 0 1.3 1.56 12.0 -0.76 -0.53 -1.23 -1.2 -0.55 -0.35 0.261 0.264 0.279 0.247 0.345 0.537 0 0 0 0 0 0
1990-08-10T16:30:00 1990 8 10 16 30 0 -0.55 0.64 488.6 5.3 2.59 0.01 0.0 0.0 0 0 0 0 0 0 0 0 1.3 1.6 7.0 -0.76 -0.53 -1.23 -1.2 -0.55 -0.35 0.262 0.264 0.281 0.247 0.346 0.538 0 0 0 0 0 0
1990-08-10T17:30:00 1990 8 10 17 30 0 -0.55 0.64 488.7 5.3 2.6 0.01 0.0 0.0 0 0 0 0 0 0 0 0 1.3 1.54 1.0 -0.76 -0.53 -1.23 -1.2 -0.55 -0.35 0.262 0.264 0.282 0.247 0.346 0.538 0 0 0 0 0 0
1990-08-10T18:30:00 1990 8 10 18 30 0 -0.55 0.64 488.9 5.3 2.6 0.01 0.0 0.0 0 0 0 0 0 0 0 0 2.3 1.63 -7.0 -0.76 -0.53 -1.23 -1.2 -0.55 -0.35 0.262 0.264 0.283 0.247 0.346 0.538 0 0 0 0 0 0
1990-08-10T19:30:00 1990 8 10 19 30 0 -0.54 0.65 489.0 5.3 2.6 0.01 0.0 0.0 0 0 0 0 0 0 0 0 2.3 1.71 -5.0 -0.76 -0.53 -1.23 -1.2 -0.55 -0.35 0.262 0.264 0.284 0.247 0.346 0.539 0 0 0 0 0 0
1990-08-10T20:30:00 1990 8 10 20 30 0 -0.54 0.65 489.2 5.3 2.6 0.01 0.0 0.0 0 0 0 0 0 0 0 0 2.3 1.78 -1.0 -0.76 -0.53 -1.23 -1.2 -0.55 -0.35 0.262 0.265 0.285 0.247 0.346 0.539 0 0 0 0 0 0
1990-08-10T21:30:00 1990 8 10 21 30 0 -0.54 0.65 489.3 5.3 2.6 0.01 0.0 0.0 0 0 0 0 0 0 0 0 2.7 1.91 -2.0 -0.76 -0.53 -1.23 -1.2 -0.55 -0.35 0.262 0.265 0.286 0.247 0.346 0.54 0 0 0 0 0 0
1990-08-10T22:30:00 1990 8 10 22 30 0 -0.54 0.65 489.5 5.3 2.6 0.01 0.0 0.0 0 0 0 0 0 0 0 0 2.7 2.04 -2.0 -0.76 -0.53 -1.23 -1.2 -0.55 -0.35 0.262 0.265 0.287 0.247 0.347 0.54 0 0 0 0 0 0
1990-08-10T23:30:00 1990 8 10 23 30 0 -0.54 0.65 489.6 5.3 2.61 0.01 0.0 0.0 0 0 0 0 0 0 0 0 2.7 2.22 -3.0 -0.76 -0.53 -1.23 -1.2 -0.55 -0.35 0.262 0.265 0.288 0.247 0.347 0.54 0 0 0 0 0 0
