1990-03-06T00:30:00 1990 3 6 0 30 0 5.7 -5.4 416.0 5.0 1.73 6.41 8.78 5.57 2 2 2 2 2 2 2 2 5.0 2.82 -50.0 -5.4 -5.4 -5.4 -5.4 -5.4 -5.4 0.894 1.091 0.304 1.026 1.223 2.093 2 2 2 2 2 2
1990-03-06T01:30:00 1990 3 6 1 30 0 6.2 -6.2 446.0 4.9 2.13 12.22 12.62 6.24 2 2 2 2 2 2 2 2 5.0 3.17 -50.0 -6.2 -6.2 -6.2 -6.2 -6.2 -6.2 1.053 1.179 0.352 1.294 1.383 1.854 2 2 2 2 2 2
1990-03-06T02:30:00 1990 3 6 2 30 0 5.7 -4.4 451.0 4.9 2.3 11.12 11.72 5.74 2 2 2 2 2 2 2 2 5.0 3.63 -54.0 -4.4 -4.4 -4.4 -4.4 -4.4 -4.4 1.109 1.152 0.392 1.321 1.345 1.716 2 2 2 2 2 2
1990-03-06T03:30:00 1990 3 6 3 30 0 5.5 -3.7 454.0 5.8 2.46 8.07 9.1 4.89 2 2 2 2 2 2 2 2 4.3 3.99 -56.0 -3.7 -3.7 -3.7 -3.7 -3.7 -3.7 1.088 1.083 0.419 1.203 1.249 1.707 2 2 2 2 2 2
1990-03-06T04:30:00 1990 3 6 4 30 0 5.5 -1.2 459.0 5.4 2.3 5.24 5.35 3.01 2 2 2 2 2 2 2 2 4.3 4.35 -59.0 -1.2 -1.2 -1.2 -1.2 -1.2 -1.2 0.93 0.861 0.424 0.878 0.901 1.408 2 2 2 2 2 2
1990-03-06T05:30:00 1990 3 6 5 30 0 6.1 -1.1 458.0 5.4 2.74 4.05 2.63 1.42 2 2 2 2 2 2 2 2 4.3 4.42 -56.0 -1.1 -1.1 -1.1 -1.1 -1.1 -1.1 0.744 0.648 0.419 0.586 0.638 1.099 2 2 2 2 2 2
1990-03-06T06:30:00 1990 3 6 6 30 0 4.7 1.3 463.0 5.5 2.69 2.52 0.48 0.26 2 2 2 2 2 2 2 2 3.7 4.41 -51.0 1.3 1.3 1.3 1.3 1.3 1.3 0.516 0.346 0.407 0.334 0.233 0.515 2 2 2 2 2 2
1990-03-06T07:30:00 1990 3 6 7 30 0 5.3 -0.4 468.0 5.3 2.33 2.1 0.15 0.08 2 2 2 2 2 2 2 2 3.7 4.4 -41.0 -0.4 -0.4 -0.4 -0.4 -0.4 -0.4 0.363 0.207 0.395 0.195 0.139 0.316 2 2 2 2 2 2
1990-03-06T08:30:00 1990 3 6 8 30 0 7.3 -2.8 493.0 5.2 2.45 5.78 4.12 2.16 2 2 2 2 2 2 2 2 3.7 4.23 -40.0 -2.8 -2.8 -2.8 -2.8 -2.8 -2.8 0.436 0.424 0.4 0.323 0.629 0.904 2 2 2 2 2 2
1990-03-06T09:30:00 1990 3 6 9 30 0 7.3 -2.3 487.5 5.29 2.45 8.29 6.2 3.25 1 1 1 1 1 1 1 1 2.3 3.89 -36.0 -2.5 -2.44 -2.6 -2.59 -2.45 -2.4 0.542 0.591 0.415 0.484 0.879 1.266 2 1 2 1 1 1
1990-03-06T10:30:00 1990 3 6 10 30 0 6.42 -0.45 482.0 5.77 2.55 5.75 3.15 1.73 1 1 1 1 1 1 1 1 2.3 3.55 -27.0 -1.37 -1.11 -1.86 -1.83 -1.13 -0.9 0.544 0.57 0.423 0.495 0.753 1.196 1 1 2 1 1 1
1990-03-06T11:30:00 1990 3 6 11 30 0 4.5 -0.1 476.5 6.25 2.7 2.94 0.62 0.37 1 0 1 1 1 1 1 1 2.3 3.3 -23.0 -1.15 -0.85 -1.71 -1.68 -0.88 -0.62 0.501 0.489 0.426 0.457 0.591 1.015 1 1 2 1 0 1
1990-03-06T12:30:00 1990 3 6 12 30 0 2.58 -0.95 471.0 6.73 2.85 1.49 1.32 0.87 1 1 1 1 1 1 1 1 3.3 3.18 -27.0 -1.86 -1.6 -2.35 -2.32 -1.63 -1.4 0.512 0.517 0.433 0.492 0.656 1.145 1 1 2 1 1 1
1990-03-06T13:30:00 1990 3 6 13 30 0 1.7 -5.33 465.5 7.21 2.95 4.0 7.77 5.47 1 1 1 1 1 1 1 1 3.3 3.07 -27.0 -5.53 -5.47 -5.63 -5.62 -5.48 -5.43 0.754 0.859 0.473 0.924 1.236 1.991 1 1 2 1 1 1
1990-03-06T14:30:00 1990 3 6 14 30 0 1.7 -6.5 460.0 7.3 2.95 9.37 13.79 10.01 2 2 2 2 2 2 2 2 3.3 3.02 -27.0 -6.5 -6.5 -6.5 -6.5 -6.5 -6.5 1.076 1.216 0.541 1.481 1.699 2.717 2 2 2 2 2 2
1990-03-06T15:30:00 1990 3 6 15 30 0 4.9 0.2 434.0 6.8 2.94 4.49 6.51 4.64 2 2 2 2 2 2 2 2 3.7 3.03 -41.0 0.2 0.2 0.2 0.2 0.2 0.2 0.936 0.918 0.548 1.088 0.981 1.857 2 2 2 2 2 2
1990-03-06T16:30:00 1990 3 6 16 30 0 5.0 -2.2 462.0 6.7 2.77 3.13 2.5 1.68 2 2 2 2 2 2 2 2 3.7 3.04 -42.0 -2.2 -2.2 -2.2 -2.2 -2.2 -2.2 0.778 0.733 0.542 0.751 0.768 1.518 2 2 2 2 2 2
1990-03-06T17:30:00 1990 3 6 17 30 0 4.2 1.1 434.0 6.9 2.54 2.28 1.46 0.99 2 2 2 2 2 2 2 2 3.7 3.22 -44.0 1.1 1.1 1.1 1.1 1.1 1.1 0.574 0.45 0.529 0.456 0.358 0.858 2 2 2 2 2 2
1990-03-06T18:30:00 1990 3 6 18 30 0 2.4 1.3 429.0 7.2 2.97 0.57 0.0 0.0 2 2 2 2 2 2 2 2 2.3 3.2 -40.0 1.3 1.3 1.3 1.3 1.3 1.3 0.389 0.224 0.513 0.255 0.113 0.356 2 2 2 2 2 2
1990-03-06T19:30:00 1990 3 6 19 30 0 6.2 2.7 432.0 7.2 2.69 0.95 0.0 0.0 2 2 2 2 2 2 2 2 2.3 3.19 -36.0 2.7 2.7 2.7 2.7 2.7 2.7 0.263 0.111 0.497 0.143 0.036 0.148 2 2 2 2 2 2
1990-03-06T20:30:00 1990 3 6 20 30 0 2.2 3.0 416.0 7.4 2.56 0.65 0.0 0.0 2 2 2 2 2 2 2 2 2.3 3.06 -32.0 3.0 3.0 3.0 3.0 3.0 3.0 0.178 0.055 0.482 0.08 0.011 0.061 2 2 2 2 2 2
1990-03-06T21:30:00 1990 3 6 21 30 0 3.2 5.6 446.0 7.8 3.24 0.13 0.0 0.0 2 2 2 2 2 2 2 2 1.3 2.8 -27.0 5.6 5.6 5.6 5.6 5.6 5.6 0.121 0.027 0.467 0.045 0.004 0.025 2 2 2 2 2 2
1990-03-06T22:30:00 1990 3 6 22 30 0 3.25 4.8 435.0 7.3 3.08 0.19 0.0 0.0 1 1 1 1 1 1 1 1 1.3 2.55 -23.0 4.8 4.8 4.8 4.8 4.8 4.8 0.082 0.014 0.453 0.025 0.001 0.011 2 2 2 2 2 2
1990-03-06T23:30:00 1990 3 6 23 30 0 3.3 4.0 424.0 6.8 2.92 0.22 0.0 0.0 2 2 2 2 2 2 2 2 1.3 2.25 -23.0 4.0 4.0 4.0 4.0 4.0 4.0 0.055 0.007 0.439 0.014 0.0 0.004 2 2 2 2 2 2
