1990-10-27T00:30:00 1990 10 27 0 30 0 -0.01 0.36 422.8 6.83 2.41 0.0 0.0 0.0 0 0 1 0 0 0 1 0 1.7 2.37 -9.0 -0.92 -0.64 -1.46 -1.43 -0.67 -0.44 0.304 0.329 0.326 0.288 0.349 0.596 0 0 0 0 0 0
1990-10-27T01:30:00 1990 10 27 1 30 0 -0.01 0.36 422.6 6.83 2.41 0.0 0.0 0.0 0 0 1 0 0 0 1 0 1.7 2.17 -8.0 -0.92 -0.64 -1.46 -1.43 -0.67 -0.44 0.304 0.329 0.326 0.287 0.349 0.596 0 0 0 0 0 0
1990-10-27T02:30:00 1990 10 27 2 30 0 -0.01 0.36 422.4 6.83 2.41 0.0 0.0 0.0 0 0 1 0 0 0 1 0 1.7 2.01 -9.0 -0.92 -0.64 -1.46 -1.43 -0.67 -0.44 0.304 0.329 0.325 0.287 0.348 0.595 0 0 0 0 0 0
1990-10-27T03:30:00 1990 10 27 3 30 0 -0.01 0.36 422.2 6.83 2.41 0.0 0.0 0.0 0 0 1 0 0 0 1 0 3.0 2.03 -9.0 -0.91 -0.64 -1.46 -1.43 -0.67 -0.44 0.303 0.329 0.325 0.287 0.348 0.594 0 0 0 0 0 0
1990-10-27T04:30:00 1990 10 27 4 30 0 -0.01 0.36 422.0 6.83 2.41 0.0 0.0 0.0 0 0 1 0 0 0 1 0 3.0 2.04 -10.0 -0.91 -0.64 -1.46 -1.43 -0.67 -0.44 0.302 0.329 0.325 0.287 0.348 0.594 0 0 0 0 0 0
1990-10-27T05:30:00 1990 10 27 5 30 0 -0.01 0.36 421.8 6.83 2.41 0.0 0.0 0.0 0 0 1 0 0 0 1 0 3.0 2.2 -14.0 -0.91 -0.64 -1.46 -1.43 -0.67 -0.44 0.302 0.328 0.325 0.287 0.348 0.593 0 0 0 0 0 0
1990-10-27T06:30:00 1990 10 27 6 30 0 -0.01 0.36 421.6 6.83 2.41 0.0 0.0 0.0 0 0 1 0 0 0 1 0 1.3 2.15 -15.0 -0.91 -0.64 -1.46 -1.43 -0.67 -0.44 0.301 0.328 0.324 0.287 0.347 0.592 0 0 0 0 0 0
1990-10-27T07:30:00 1990 10 27 7 30 0 -0.01 0.36 421.5 6.83 2.41 0.0 0.0 0.0 0 0 1 0 0 0 1 0 1.3 2.09 -17.0 -0.91 -0.64 -1.46 -1.43 -0.67 -0.44 0.301 0.328 0.324 0.286 0.347 0.592 0 0 0 0 0 0
1990-10-27T08:30:00 1990 10 27 8 30 0 -0.01 0.37 421.3 6.83 2.41 0.0 0.0 0.0 0 0 1 0 0 0 1 0 1.3 2.03 -16.0 -0.91 -0.64 -1.46 -1.43 -0.67 -0.44 0.301 0.328 0.324 0.286 0.347 0.591 0 0 0 0 0 0
1990-10-27T09:30:00 1990 10 27 9 30 0 -0.01 0.37 421.1 6.83 2.41 0.0 0.0 0.0 0 0 1 0 0 0 1 0 1.7 2.02 -16.0 -0.91 -0.64 -1.46 -1.43 -0.67 -0.44 0.301 0.328 0.323 0.286 0.347 0.59 0 0 0 0 0 0
1990-10-27T10:30:00 1990 10 27 10 30 0 -0.01 0.37 421.0 6.83 2.4 0.0 0.0 0.0 0 0 1 0 0 0 1 0 1.7 2.02 -18.0 -0.91 -0.64 -1.46 -1.43 -0.67 -0.44 0.3 0.328 0.323 0.286 0.347 0.59 0 0 0 0 0 0
1990-10-27T11:30:00 1990 10 27 11 30 0 -0.01 0.37 420.8 6.83 2.4 0.0 0.0 0.0 0 0 1 0 0 0 1 0 1.7 1.86 -22.0 -0.91 -0.64 -1.46 -1.43 -0.67 -0.44 0.3 0.328 0.323 0.286 0.346 0.589 0 0 0 0 0 0
1990-10-27T12:30:00 1990 10 27 12 30 0 -0.01 0.37 420.6 6.83 2.4 0.0 0.0 0.0 0 0 1 0 0 0 1 0 2.0 1.75 -21.0 -0.91 -0.64 -1.46 -1.42 -0.67 -0.44 0.3 0.328 0.322 0.285 0.346 0.589 0 0 0 0 0 0
1990-10-27T13:30:00 1990 10 27 13 30 0 -0.01 0.37 420.5 6.83 2.4 0.0 0.0 0.0 0 0 1 0 0 0 1 0 2.0 1.63 -14.0 -0.91 -0.64 -1.46 -1.42 -0.67 -0.44 0.3 0.328 0.322 0.284 0.346 0.588 0 0 0 0 0 0
1990-10-27T14:30:00 1990 10 27 14 30 0 -0.01 0.37 420.3 6.83 2.4 0.0 0.0 0.0 0 0 1 0 0 0 1 0 2.0 1.72 -3.0 -0.91 -0.64 -1.46 -1.42 -0.67 -0.44 0.3 0.328 0.322 0.283 0.346 0.588 0 0 0 0 0 0
1990-10-27T15:30:00 1990 10 27 15 30 0 -0.01 0.37 420.2 6.83 2.4 0.0 0.0 0.0 0 0 1 0 0 0 1 0 2.7 1.9 -6.0 -0.91 -0.64 -1.46 -1.42 -0.66 -0.44 0.3 0.328 0.322 0.283 0.344 0.587 0 0 0 0 0 0
1990-10-27T16:30:00 1990 10 27 16 30 0 -0.01 0.37 420.1 6.83 2.4 0.0 0.0 0.0 0 0 1 0 0 0 1 0 2.7 2.07 -7.0 -0.91 -0.64 -1.46 -1.42 -0.66 -0.44 0.3 0.328 0.321 0.283 0.342 0.587 0 0 0 0 0 0
1990-10-27T17:30:00 1990 10 27 17 30 0 -0.01 0.37 420.0 6.83 2.4 0.0 0.0 0.0 0 0 1 0 0 0 1 0 2.7 2.2 -9.0 -0.91 -0.64 -1.46 -1.42 -0.66 -0.44 0.3 0.328 0.321 0.283 0.342 0.586 0 0 0 0 0 0
1990-10-27T18:30:00 1990 10 27 18 30 0 -0.01 0.37 420.0 6.83 2.4 0.0 0.0 0.0 0 0 1 0 0 0 1 0 1.7 2.19 -5.0 -0.91 -0.64 -1.46 -1.42 -0.66 -0.43 0.3 0.328 0.321 0.283 0.342 0.583 0 0 0 0 0 0
1990-10-27T19:30:00 1990 10 27 19 30 0 -0.01 0.37 420.0 6.83 2.4 0.0 0.0 0.0 0 0 1 0 0 0 1 0 1.7 2.19 -5.0 -0.91 -0.64 -1.46 -1.42 -0.66 -0.43 0.3 0.328 0.32 0.282 0.342 0.581 0 0 0 0 0 0
1990-10-27T20:30:00 1990 10 27 20 30 0 -0.01 0.37 420.0 6.83 2.4 0.0 0.0 0.0 0 0 1 0 0 0 1 0 1.7 2.14 -9.0 -0.91 -0.64 -1.46 -1.42 -0.66 -0.43 0.3 0.328 0.32 0.282 0.342 0.58 0 0 0 0 0 0
1990-10-27T21:30:00 1990 10 27 21 30 0 -0.01 0.37 420.0 6.83 2.4 0.0 0.0 0.0 0 0 1 0 0 0 1 0 1.3 2.05 -9.0 -0.91 -0.63 -1.46 -1.42 -0.66 -0.43 0.299 0.327 0.32 0.282 0.342 0.579 0 0 0 0 0 0
1990-10-27T22:30:00 1990 10 27 22 30 0 -0.01 0.37 420.0 6.83 2.4 0.0 0.0 0.0 0 0 1 0 0 0 1 0 1.3 1.96 -8.0 -0.91 -0.63 -1.46 -1.42 -0.66 -0.43 0.299 0.326 0.32 0.282 0.342 0.579 0 0 0 0 0 0
1990-10-27T23:30:00 1990 10 27 23 30 0 -0.01 0.37 420.0 6.83 2.4 0.0 0.0 0.0 0 0 1 0 0 0 1 0 1.3 1.78 -9.0 -0.91 -0.63 -1.45 -1.42 -0.66 -0.43 0.299 0.325 0.319 0.282 0.342 0.579 0 0 0 0 0 0
