1979-12-03T00:30:00 1979 12 3 0 30 0 5.2 -3.3 380.0 9.0 2.6 4.7 5.16 4.6 2 2 2 2 2 2 2 2 2.3 1.63 7.0 -3.3 -3.3 -3.3 -3.3 -3.3 -3.3 0.408 0.705 0.284 0.394 0.77 1.409 2 2 2 2 2 2
1979-12-03T01:30:00 1979 12 3 1 30 0 5.1 -3.8 384.0 7.5 2.21 5.64 6.82 5.57 2 2 2 2 2 2 2 2 2.3 1.71 0.0 -3.8 -3.8 -3.8 -3.8 -3.8 -3.8 0.594 0.909 0.302 0.618 0.94 1.609 2 2 2 2 2 2
1979-12-03T02:30:00 1979 12 3 2 30 0 5.0 -4.6 384.0 7.5 2.21 6.66 8.13 6.1 2 2 2 2 2 2 2 2 2.3 1.78 -7.0 -4.6 -4.6 -4.6 -4.6 -4.6 -4.6 0.765 1.064 0.326 0.834 1.072 1.719 2 2 2 2 2 2
1979-12-03T03:30:00 1979 12 3 3 30 0 5.6 -3.5 380.0 8.1 2.34 6.52 7.65 5.97 2 2 2 2 2 2 2 2 3.3 1.99 -16.0 -3.5 -3.5 -3.5 -3.5 -3.5 -3.5 0.852 1.106 0.346 0.893 1.052 1.748 2 2 2 2 2 2
1979-12-03T04:30:00 1979 12 3 4 30 0 5.1 -3.9 399.0 8.7 2.77 6.18 7.26 6.12 2 2 2 2 2 2 2 2 3.3 2.2 -23.0 -3.9 -3.9 -3.9 -3.9 -3.9 -3.9 0.92 1.142 0.366 0.942 1.102 1.943 2 2 2 2 2 2
1979-12-03T05:30:00 1979 12 3 5 30 0 5.7 -4.4 382.0 8.5 2.48 7.03 8.13 6.98 2 2 2 2 2 2 2 2 3.3 2.45 -28.0 -4.4 -4.4 -4.4 -4.4 -4.4 -4.4 1.0 1.208 0.39 1.033 1.161 2.062 2 2 2 2 2 2
1979-12-03T06:30:00 1979 12 3 6 30 0 6.0 -4.4 380.0 8.2 2.37 7.74 8.38 6.99 2 2 2 2 2 2 2 2 3.3 2.69 -30.0 -4.4 -4.4 -4.4 -4.4 -4.4 -4.4 1.057 1.246 0.413 1.091 1.166 2.034 2 2 2 2 2 2
1979-12-03T07:30:00 1979 12 3 7 30 0 7.5 -2.3 385.0 5.2 1.54 7.0 6.24 4.2 2 2 2 2 2 2 2 2 3.3 2.94 -31.0 -2.3 -2.3 -2.3 -2.3 -2.3 -2.3 0.963 1.053 0.421 0.894 0.903 1.508 2 2 2 2 2 2
1979-12-03T08:30:00 1979 12 3 8 30 0 6.3 -4.8 374.0 6.0 1.68 7.6 6.91 3.92 2 2 2 2 2 2 2 2 3.3 3.06 -27.0 -4.8 -4.8 -4.8 -4.8 -4.8 -4.8 0.949 1.033 0.433 0.885 0.929 1.313 2 2 2 2 2 2
1979-12-03T09:30:00 1979 12 3 9 30 0 7.0 1.8 378.0 5.1 1.46 4.57 2.91 1.67 2 2 2 2 2 2 2 2 2.3 3.05 -25.0 1.8 1.8 1.8 1.8 1.8 1.8 0.724 0.654 0.427 0.576 0.442 0.732 2 2 2 2 2 2
1979-12-03T10:30:00 1979 12 3 10 30 0 6.9 2.8 375.0 5.5 1.55 2.13 0.0 0.0 2 2 2 2 2 2 2 2 2.3 3.04 -20.0 2.8 2.8 2.8 2.8 2.8 2.8 0.49 0.325 0.414 0.322 0.14 0.304 2 2 2 2 2 2
1979-12-03T11:30:00 1979 12 3 11 30 0 7.9 1.5 380.0 4.8 1.39 2.63 0.0 0.0 2 2 2 2 2 2 2 2 2.3 2.91 -14.0 1.5 1.5 1.5 1.5 1.5 1.5 0.332 0.161 0.401 0.18 0.044 0.126 2 2 2 2 2 2
1979-12-03T12:30:00 1979 12 3 12 30 0 7.8 0.4 376.0 5.9 1.67 3.63 0.0 0.0 2 2 2 2 2 2 2 2 1.7 2.71 -11.0 0.4 0.4 0.4 0.4 0.4 0.4 0.225 0.08 0.389 0.101 0.014 0.052 2 2 2 2 2 2
1979-12-03T13:30:00 1979 12 3 13 30 0 7.6 1.7 366.0 5.1 1.37 3.3 0.0 0.0 2 2 2 2 2 2 2 2 1.7 2.51 -13.0 1.7 1.7 1.7 1.7 1.7 1.7 0.152 0.04 0.377 0.057 0.004 0.022 2 2 2 2 2 2
1979-12-03T14:30:00 1979 12 3 14 30 0 7.6 2.1 367.0 6.1 1.64 2.73 0.0 0.0 2 2 2 2 2 2 2 2 1.7 2.31 -11.0 2.1 2.1 2.1 2.1 2.1 2.1 0.103 0.02 0.365 0.032 0.001 0.009 2 2 2 2 2 2
1979-12-03T15:30:00 1979 12 3 15 30 0 7.2 3.2 370.0 6.5 1.78 2.25 0.0 0.0 2 2 2 2 2 2 2 2 1.0 2.02 -8.0 3.2 3.2 3.2 3.2 3.2 3.2 0.07 0.01 0.354 0.018 0.0 0.004 2 2 2 2 2 2
1979-12-03T16:30:00 1979 12 3 16 30 0 7.3 3.4 373.0 7.9 2.2 1.95 0.0 0.0 2 2 2 2 2 2 2 2 1.0 1.73 -4.0 3.4 3.4 3.4 3.4 3.4 3.4 0.047 0.005 0.343 0.01 0.0 0.002 2 2 2 2 2 2
1979-12-03T17:30:00 1979 12 3 17 30 0 7.0 3.2 371.0 7.8 2.15 1.88 0.0 0.0 2 2 2 2 2 2 2 2 1.0 1.57 -3.0 3.2 3.2 3.2 3.2 3.2 3.2 0.032 0.002 0.333 0.006 0.0 0.001 2 2 2 2 2 2
1979-12-03T18:30:00 1979 12 3 18 30 0 7.1 2.7 366.0 8.5 2.28 1.93 0.0 0.0 2 2 2 2 2 2 2 2 1.0 1.41 -1.0 2.7 2.7 2.7 2.7 2.7 2.7 0.022 0.001 0.323 0.003 0.0 0.0 2 2 2 2 2 2
1979-12-03T19:30:00 1979 12 3 19 30 0 2.1 4.7 358.0 9.5 2.44 0.64 0.0 0.0 2 2 2 2 2 2 2 2 1.0 1.25 0.0 4.7 4.7 4.7 4.7 4.7 4.7 0.015 0.001 0.313 0.002 0.0 0.0 2 2 2 2 2 2
1979-12-03T20:30:00 1979 12 3 20 30 0 -0.1 4.1 354.0 9.6 2.41 0.01 0.0 0.0 2 2 2 2 2 2 2 2 1.0 1.17 3.0 4.1 4.1 4.1 4.1 4.1 4.1 0.01 0.0 0.303 0.001 0.0 0.0 2 2 2 2 2 2
1979-12-03T21:30:00 1979 12 3 21 30 0 7.2 4.0 361.0 6.9 1.8 0.52 0.0 0.0 2 2 2 2 2 2 2 2 0.3 0.99 5.0 4.0 4.0 4.0 4.0 4.0 4.0 0.007 0.0 0.294 0.001 0.0 0.0 2 2 2 2 2 2
1979-12-03T22:30:00 1979 12 3 22 30 0 7.3 4.6 366.0 6.2 1.66 1.61 0.0 0.0 2 2 2 2 2 2 2 2 0.3 0.82 7.0 4.6 4.6 4.6 4.6 4.6 4.6 0.005 0.0 0.285 0.0 0.0 0.0 2 2 2 2 2 2
1979-12-03T23:30:00 1979 12 3 23 30 0 6.9 3.6 354.0 6.3 1.58 1.57 0.0 0.0 2 2 2 2 2 2 2 2 0.3 0.73 9.0 3.6 3.6 3.6 3.6 3.6 3.6 0.003 0.0 0.276 0.0 0.0 0.0 2 2 2 2 2 2
