1979-07-23T00:30:00 1979 7 23 0 30 0 0.0 2.3 430.0 4.2 1.55 0.05 0.0 0.0 2 2 2 2 2 2 2 2 0.7 1.52 12.0 2.3 2.3 2.3 2.3 2.3 2.3 0.0 0.0 0.145 0.0 0.0 0.0 2 2 2 2 2 2
1979-07-23T01:30:00 1979 7 23 1 30 0 -2.2 -1.0 443.0 4.1 1.61 0.22 0.43 0.18 2 2 2 2 2 2 2 2 0.7 1.39 13.0 -1.0 -1.0 -1.0 -1.0 -1.0 -1.0 0.031 0.072 0.142 0.023 0.123 0.138 2 2 2 2 2 2
1979-07-23T02:30:00 1979 7 23 2 30 0 -2.6 -0.8 445.0 4.1 1.62 0.96 1.98 0.81 2 2 2 2 2 2 2 2 0.7 1.2 13.0 -0.8 -0.8 -0.8 -0.8 -0.8 -0.8 0.101 0.197 0.142 0.07 0.287 0.348 2 2 2 2 2 2
1979-07-23T03:30:00 1979 7 23 3 30 0 -2.3 -2.0 430.0 4.1 1.52 1.37 3.16 1.3 2 2 2 2 2 2 2 2 2.3 1.21 12.0 -2.0 -2.0 -2.0 -2.0 -2.0 -2.0 0.2 0.341 0.147 0.162 0.465 0.527 2 2 2 2 2 2
1979-07-23T04:30:00 1979 7 23 4 30 0 -4.3 -0.5 435.0 4.0 1.51 1.77 2.57 1.04 2 2 2 2 2 2 2 2 2.3 1.23 13.0 -0.5 -0.5 -0.5 -0.5 -0.5 -0.5 0.223 0.34 0.148 0.158 0.393 0.496 2 2 2 2 2 2
1979-07-23T05:30:00 1979 7 23 5 30 0 -4.4 -1.0 429.0 3.9 1.44 2.14 1.66 0.66 2 2 2 2 2 2 2 2 2.3 1.39 1.0 -1.0 -1.0 -1.0 -1.0 -1.0 -1.0 0.224 0.322 0.148 0.14 0.355 0.457 2 2 2 2 2 2
1979-07-23T06:30:00 1979 7 23 6 30 0 -2.8 -0.6 421.0 3.5 1.24 1.54 1.66 0.62 2 2 2 2 2 2 2 2 1.3 1.43 -1.0 -0.6 -0.6 -0.6 -0.6 -0.6 -0.6 0.215 0.295 0.146 0.12 0.305 0.391 2 2 2 2 2 2
1979-07-23T07:30:00 1979 7 23 7 30 0 -1.2 -1.1 409.0 3.2 1.07 0.67 1.8 0.6 2 2 2 2 2 2 2 2 1.3 1.46 1.0 -1.1 -1.1 -1.1 -1.1 -1.1 -1.1 0.219 0.298 0.146 0.119 0.313 0.354 2 2 2 2 2 2
1979-07-23T08:30:00 1979 7 23 8 30 0 -2.9 -0.2 385.0 3.5 1.04 0.6 1.22 0.41 2 2 2 2 2 2 2 2 1.3 1.53 5.0 -0.2 -0.2 -0.2 -0.2 -0.2 -0.2 0.19 0.244 0.143 0.09 0.218 0.266 2 2 2 2 2 2
1979-07-23T09:30:00 1979 7 23 9 30 0 -4.0 0.1 366.0 4.2 1.13 0.95 0.11 0.04 2 2 2 2 2 2 2 2 1.0 1.56 9.0 0.1 0.1 0.1 0.1 0.1 0.1 0.133 0.134 0.139 0.051 0.082 0.13 2 2 2 2 2 2
1979-07-23T10:30:00 1979 7 23 10 30 0 -2.0 -0.4 366.0 4.4 1.18 0.72 0.32 0.14 2 2 2 2 2 2 2 2 1.0 1.58 9.0 -0.4 -0.4 -0.4 -0.4 -0.4 -0.4 0.111 0.131 0.135 0.038 0.104 0.15 2 2 2 2 2 2
1979-07-23T11:30:00 1979 7 23 11 30 0 0.9 -0.9 366.0 4.3 1.15 0.2 1.23 0.53 2 2 2 2 2 2 2 2 1.0 1.42 7.0 -0.9 -0.9 -0.9 -0.9 -0.9 -0.9 0.135 0.208 0.133 0.058 0.203 0.242 2 2 2 2 2 2
1979-07-23T12:30:00 1979 7 23 12 30 0 1.3 -0.5 362.0 4.2 1.1 0.25 1.24 0.53 2 2 2 2 2 2 2 2 1.3 1.3 -1.0 -0.5 -0.5 -0.5 -0.5 -0.5 -0.5 0.144 0.231 0.131 0.063 0.209 0.257 2 2 2 2 2 2
1979-07-23T13:30:00 1979 7 23 13 30 0 1.0 -2.9 376.0 4.2 1.19 0.98 3.34 1.4 2 2 2 2 2 2 2 2 1.3 1.19 0.0 -2.9 -2.9 -2.9 -2.9 -2.9 -2.9 0.245 0.4 0.136 0.183 0.426 0.422 2 2 2 2 2 2
1979-07-23T14:30:00 1979 7 23 14 30 0 -0.3 -1.7 358.0 4.2 1.08 1.15 4.13 1.73 2 2 2 2 2 2 2 2 1.3 1.19 2.0 -1.7 -1.7 -1.7 -1.7 -1.7 -1.7 0.314 0.482 0.142 0.244 0.465 0.469 2 2 2 2 2 2
1979-07-23T15:30:00 1979 7 23 15 30 0 -3.4 0.0 365.0 3.9 1.04 0.61 1.4 0.57 2 2 2 2 2 2 2 2 1.3 1.19 2.0 0.0 0.0 0.0 0.0 0.0 0.0 0.258 0.337 0.139 0.165 0.25 0.302 2 2 2 2 2 2
1979-07-23T16:30:00 1979 7 23 16 30 0 -3.2 -0.6 369.0 4.2 1.14 0.95 0.6 0.25 2 2 2 2 2 2 2 2 1.3 1.19 3.0 -0.6 -0.6 -0.6 -0.6 -0.6 -0.6 0.209 0.26 0.136 0.11 0.191 0.249 2 2 2 2 2 2
1979-07-23T17:30:00 1979 7 23 17 30 0 -4.9 -1.3 375.0 3.9 1.1 1.85 1.82 0.73 2 2 2 2 2 2 2 2 1.3 1.23 6.0 -1.3 -1.3 -1.3 -1.3 -1.3 -1.3 0.223 0.307 0.136 0.121 0.28 0.31 2 2 2 2 2 2
1979-07-23T18:30:00 1979 7 23 18 30 0 -4.1 -1.3 371.0 4.2 1.16 2.32 2.42 0.98 2 2 2 2 2 2 2 2 2.0 1.36 10.0 -1.3 -1.3 -1.3 -1.3 -1.3 -1.3 0.249 0.358 0.137 0.145 0.338 0.365 2 2 2 2 2 2
1979-07-23T19:30:00 1979 7 23 19 30 0 -2.2 -0.6 355.0 4.2 1.06 1.15 1.67 0.7 2 2 2 2 2 2 2 2 2.0 1.48 11.0 -0.6 -0.6 -0.6 -0.6 -0.6 -0.6 0.235 0.329 0.135 0.124 0.277 0.326 2 2 2 2 2 2
1979-07-23T20:30:00 1979 7 23 20 30 0 -2.3 -1.6 355.0 4.4 1.11 0.84 2.03 0.88 2 2 2 2 2 2 2 2 2.0 1.57 7.0 -1.6 -1.6 -1.6 -1.6 -1.6 -1.6 0.252 0.369 0.136 0.142 0.325 0.36 2 2 2 2 2 2
1979-07-23T21:30:00 1979 7 23 21 30 0 -2.5 -0.8 360.0 4.9 1.27 0.92 2.08 0.97 2 2 2 2 2 2 2 2 2.0 1.66 1.0 -0.8 -0.8 -0.8 -0.8 -0.8 -0.8 0.256 0.372 0.135 0.14 0.314 0.379 2 2 2 2 2 2
1979-07-23T22:30:00 1979 7 23 22 30 0 -2.2 -1.6 361.0 5.4 1.41 0.94 2.22 1.16 2 2 2 2 2 2 2 2 2.0 1.75 3.0 -1.6 -1.6 -1.6 -1.6 -1.6 -1.6 0.28 0.418 0.136 0.164 0.371 0.465 2 2 2 2 2 2
1979-07-23T23:30:00 1979 7 23 23 30 0 -2.9 -0.9 370.0 5.2 1.42 1.05 2.23 1.18 2 2 2 2 2 2 2 2 2.0 1.83 6.0 -0.9 -0.9 -0.9 -0.9 -0.9 -0.9 0.285 0.416 0.137 0.162 0.357 0.482 2 2 2 2 2 2
