1979-07-21T00:30:00 1979 7 21 0 30 0 -2.5 -0.4 458.0 5.2 2.18 0.41 0.19 0.1 2 2 2 2 2 2 2 2 2.3 3.4 -5.0 -0.4 -0.4 -0.4 -0.4 -0.4 -0.4 0.304 0.207 0.367 0.18 0.151 0.342 2 2 2 2 2 2
1979-07-21T01:30:00 1979 7 21 1 30 0 -2.1 1.1 458.0 5.3 2.22 0.41 0.09 0.04 2 2 2 2 2 2 2 2 2.3 3.3 -10.0 1.1 1.1 1.1 1.1 1.1 1.1 0.206 0.106 0.356 0.101 0.052 0.153 2 2 2 2 2 2
1979-07-21T02:30:00 1979 7 21 2 30 0 -3.7 0.2 454.0 5.0 2.06 0.65 0.0 0.0 2 2 2 2 2 2 2 2 2.3 3.17 -7.0 0.2 0.2 0.2 0.2 0.2 0.2 0.14 0.053 0.345 0.056 0.016 0.064 2 2 2 2 2 2
1979-07-21T03:30:00 1979 7 21 3 30 0 -3.3 -2.9 474.0 4.7 2.11 2.35 3.46 1.66 2 2 2 2 2 2 2 2 2.3 3.04 -5.0 -2.9 -2.9 -2.9 -2.9 -2.9 -2.9 0.261 0.315 0.349 0.215 0.513 0.628 2 2 2 2 2 2
1979-07-21T04:30:00 1979 7 21 4 30 0 -3.2 -0.1 455.0 4.9 2.03 2.06 3.23 1.54 2 2 2 2 2 2 2 2 2.3 2.92 -13.0 -0.1 -0.1 -0.1 -0.1 -0.1 -0.1 0.278 0.333 0.347 0.21 0.43 0.634 2 2 2 2 2 2
1979-07-21T05:30:00 1979 7 21 5 30 0 -3.9 2.0 450.0 4.1 1.66 0.8 0.0 0.0 2 2 2 2 2 2 2 2 2.3 2.71 -16.0 2.0 2.0 2.0 2.0 2.0 2.0 0.188 0.165 0.336 0.117 0.136 0.263 2 2 2 2 2 2
1979-07-21T06:30:00 1979 7 21 6 30 0 -1.4 1.5 444.0 3.9 1.54 0.28 0.0 0.0 2 2 2 2 2 2 2 2 1.7 2.42 -14.0 1.5 1.5 1.5 1.5 1.5 1.5 0.127 0.082 0.326 0.066 0.043 0.109 2 2 2 2 2 2
1979-07-21T07:30:00 1979 7 21 7 30 0 0.0 1.9 448.0 3.9 1.57 0.01 0.0 0.0 2 2 2 2 2 2 2 2 1.7 2.14 -10.0 1.9 1.9 1.9 1.9 1.9 1.9 0.086 0.041 0.316 0.037 0.014 0.045 2 2 2 2 2 2
1979-07-21T08:30:00 1979 7 21 8 30 0 -4.5 0.6 459.0 3.5 1.47 0.48 0.0 0.0 2 2 2 2 2 2 2 2 1.7 2.07 -7.0 0.6 0.6 0.6 0.6 0.6 0.6 0.058 0.02 0.306 0.021 0.004 0.019 2 2 2 2 2 2
1979-07-21T09:30:00 1979 7 21 9 30 0 -4.9 -2.1 473.0 3.4 1.52 2.82 2.13 0.73 2 2 2 2 2 2 2 2 2.7 2.12 -3.0 -2.1 -2.1 -2.1 -2.1 -2.1 -2.1 0.137 0.189 0.304 0.106 0.326 0.309 2 2 2 2 2 2
1979-07-21T10:30:00 1979 7 21 10 30 0 -4.8 0.9 468.0 3.5 1.53 2.63 1.53 0.53 2 2 2 2 2 2 2 2 2.7 2.18 2.0 0.9 0.9 0.9 0.9 0.9 0.9 0.131 0.159 0.298 0.087 0.197 0.235 2 2 2 2 2 2
1979-07-21T11:30:00 1979 7 21 11 30 0 -5.2 0.7 466.0 3.7 1.61 1.83 0.0 0.0 2 2 2 2 2 2 2 2 2.7 2.23 3.0 0.7 0.7 0.7 0.7 0.7 0.7 0.088 0.079 0.289 0.049 0.063 0.097 2 2 2 2 2 2
1979-07-21T12:30:00 1979 7 21 12 30 0 -5.1 -0.6 468.0 3.9 1.71 2.44 0.38 0.15 2 2 2 2 2 2 2 2 2.0 2.19 3.0 -0.6 -0.6 -0.6 -0.6 -0.6 -0.6 0.085 0.099 0.281 0.042 0.128 0.171 2 2 2 2 2 2
1979-07-21T13:30:00 1979 7 21 13 30 0 -4.7 1.3 458.0 3.8 1.59 1.95 0.17 0.06 2 2 2 2 2 2 2 2 2.0 2.16 2.0 1.3 1.3 1.3 1.3 1.3 1.3 0.06 0.057 0.273 0.025 0.051 0.09 2 2 2 2 2 2
1979-07-21T14:30:00 1979 7 21 14 30 0 -4.7 -1.0 447.0 3.8 1.52 1.99 0.58 0.22 2 2 2 2 2 2 2 2 2.0 2.19 1.0 -1.0 -1.0 -1.0 -1.0 -1.0 -1.0 0.077 0.109 0.266 0.04 0.156 0.185 2 2 2 2 2 2
1979-07-21T15:30:00 1979 7 21 15 30 0 -4.1 0.3 435.0 3.8 1.44 1.89 0.76 0.29 2 2 2 2 2 2 2 2 2.0 2.22 -4.0 0.3 0.3 0.3 0.3 0.3 0.3 0.075 0.102 0.259 0.034 0.113 0.162 2 2 2 2 2 2
1979-07-21T16:30:00 1979 7 21 16 30 0 -0.4 0.6 416.0 4.0 1.38 0.39 0.0 0.0 2 2 2 2 2 2 2 2 2.0 2.25 -8.0 0.6 0.6 0.6 0.6 0.6 0.6 0.051 0.051 0.251 0.019 0.036 0.067 2 2 2 2 2 2
1979-07-21T17:30:00 1979 7 21 17 30 0 -1.9 0.9 417.0 4.0 1.39 0.07 0.0 0.0 2 2 2 2 2 2 2 2 2.0 2.17 -6.0 0.9 0.9 0.9 0.9 0.9 0.9 0.034 0.025 0.243 0.011 0.011 0.028 2 2 2 2 2 2
1979-07-21T18:30:00 1979 7 21 18 30 0 -3.3 1.5 419.0 3.9 1.37 0.33 0.0 0.0 2 2 2 2 2 2 2 2 2.7 2.18 -5.0 1.5 1.5 1.5 1.5 1.5 1.5 0.023 0.013 0.236 0.006 0.004 0.012 2 2 2 2 2 2
1979-07-21T19:30:00 1979 7 21 19 30 0 -4.1 -3.2 435.0 3.7 1.4 2.18 2.64 0.99 2 2 2 2 2 2 2 2 2.7 2.18 -3.0 -3.2 -3.2 -3.2 -3.2 -3.2 -3.2 0.141 0.231 0.239 0.145 0.369 0.322 2 2 2 2 2 2
1979-07-21T20:30:00 1979 7 21 20 30 0 -4.7 -3.7 439.0 3.6 1.39 5.52 7.59 2.77 2 2 2 2 2 2 2 2 2.7 2.27 -4.0 -3.7 -3.7 -3.7 -3.7 -3.7 -3.7 0.35 0.506 0.257 0.407 0.732 0.64 2 2 2 2 2 2
1979-07-21T21:30:00 1979 7 21 21 30 0 -4.7 -3.1 422.0 3.6 1.28 5.54 7.26 2.61 2 2 2 2 2 2 2 2 2.7 2.36 -3.0 -3.1 -3.1 -3.1 -3.1 -3.1 -3.1 0.472 0.621 0.273 0.516 0.788 0.72 2 2 2 2 2 2
1979-07-21T22:30:00 1979 7 21 22 30 0 -3.8 -1.8 417.0 3.3 1.15 3.58 5.03 1.73 2 2 2 2 2 2 2 2 2.7 2.45 -1.0 -1.8 -1.8 -1.8 -1.8 -1.8 -1.8 0.481 0.583 0.277 0.455 0.645 0.622 2 2 2 2 2 2
1979-07-21T23:30:00 1979 7 21 23 30 0 -3.8 -1.8 420.0 3.5 1.23 2.53 3.77 1.28 2 2 2 2 2 2 2 2 2.7 2.53 0.0 -1.8 -1.8 -1.8 -1.8 -1.8 -1.8 0.459 0.53 0.279 0.381 0.555 0.555 2 2 2 2 2 2
