1979-01-28T00:30:00 1979 1 28 0 30 0 -3.3 1.8 500.0 3.5 1.75 1.98 2.0 0.7 2 2 2 2 2 2 2 2 2.3 3.66 -39.0 1.8 1.8 1.8 1.8 1.8 1.8 0.548 0.383 0.915 0.415 0.401 0.538 2 2 2 2 2 2
1979-01-28T01:30:00 1979 1 28 1 30 0 -4.9 -0.3 495.0 3.6 1.76 1.46 0.09 0.03 2 2 2 2 2 2 2 2 2.3 3.56 -33.0 -0.3 -0.3 -0.3 -0.3 -0.3 -0.3 0.381 0.215 0.887 0.237 0.177 0.284 2 2 2 2 2 2
1979-01-28T02:30:00 1979 1 28 2 30 0 -4.7 0.9 494.0 3.7 1.81 2.03 0.06 0.02 2 2 2 2 2 2 2 2 2.3 3.38 -30.0 0.9 0.9 0.9 0.9 0.9 0.9 0.258 0.107 0.86 0.133 0.056 0.118 2 2 2 2 2 2
1979-01-28T03:30:00 1979 1 28 3 30 0 -4.7 -0.4 501.0 3.1 1.56 2.06 0.2 0.06 2 2 2 2 2 2 2 2 3.0 3.29 -28.0 -0.4 -0.4 -0.4 -0.4 -0.4 -0.4 0.188 0.088 0.834 0.082 0.09 0.131 2 2 2 2 2 2
1979-01-28T04:30:00 1979 1 28 4 30 0 -3.7 -0.4 514.0 4.2 2.22 2.04 1.02 0.38 2 2 2 2 2 2 2 2 3.0 3.21 -28.0 -0.4 -0.4 -0.4 -0.4 -0.4 -0.4 0.172 0.14 0.811 0.07 0.207 0.304 2 2 2 2 2 2
1979-01-28T05:30:00 1979 1 28 5 30 0 -4.8 -0.1 516.0 4.4 2.34 2.07 0.61 0.26 2 2 2 2 2 2 2 2 3.0 3.05 -25.0 -0.1 -0.1 -0.1 -0.1 -0.1 -0.1 0.142 0.131 0.787 0.05 0.175 0.322 2 2 2 2 2 2
1979-01-28T06:30:00 1979 1 28 6 30 0 -3.5 0.9 489.0 4.1 1.96 1.48 0.0 0.0 2 2 2 2 2 2 2 2 2.7 2.86 -27.0 0.9 0.9 0.9 0.9 0.9 0.9 0.096 0.065 0.763 0.028 0.056 0.133 2 2 2 2 2 2
1979-01-28T07:30:00 1979 1 28 7 30 0 -3.5 2.0 488.0 4.1 1.95 0.68 0.0 0.0 2 2 2 2 2 2 2 2 2.7 2.67 -29.0 2.0 2.0 2.0 2.0 2.0 2.0 0.065 0.032 0.74 0.016 0.018 0.055 2 2 2 2 2 2
1979-01-28T08:30:00 1979 1 28 8 30 0 -3.4 3.8 499.0 4.1 2.04 0.42 0.0 0.0 2 2 2 2 2 2 2 2 2.7 2.72 -31.0 3.8 3.8 3.8 3.8 3.8 3.8 0.044 0.016 0.717 0.009 0.006 0.023 2 2 2 2 2 2
1979-01-28T09:30:00 1979 1 28 9 30 0 -3.4 2.7 490.0 4.1 1.97 0.38 0.0 0.0 2 2 2 2 2 2 2 2 3.3 2.84 -36.0 2.7 2.7 2.7 2.7 2.7 2.7 0.03 0.008 0.695 0.005 0.002 0.01 2 2 2 2 2 2
1979-01-28T10:30:00 1979 1 28 10 30 0 -3.7 2.2 488.0 3.9 1.86 0.53 0.0 0.0 2 2 2 2 2 2 2 2 3.3 2.96 -34.0 2.2 2.2 2.2 2.2 2.2 2.2 0.02 0.004 0.674 0.003 0.001 0.004 2 2 2 2 2 2
1979-01-28T11:30:00 1979 1 28 11 30 0 -2.2 0.9 471.0 3.8 1.69 0.42 0.0 0.0 2 2 2 2 2 2 2 2 3.3 3.0 -36.0 0.9 0.9 0.9 0.9 0.9 0.9 0.014 0.002 0.654 0.002 0.0 0.002 2 2 2 2 2 2
1979-01-28T12:30:00 1979 1 28 12 30 0 0.0 -1.7 450.0 3.6 1.46 0.34 1.43 0.52 2 2 2 2 2 2 2 2 3.0 3.0 -33.0 -1.7 -1.7 -1.7 -1.7 -1.7 -1.7 0.082 0.145 0.638 0.065 0.249 0.243 2 2 2 2 2 2
1979-01-28T13:30:00 1979 1 28 13 30 0 -3.5 0.1 456.0 3.7 1.54 0.72 1.66 0.6 2 2 2 2 2 2 2 2 3.0 3.0 -24.0 0.1 0.1 0.1 0.1 0.1 0.1 0.104 0.164 0.622 0.07 0.212 0.255 2 2 2 2 2 2
1979-01-28T14:30:00 1979 1 28 14 30 0 -3.6 -0.7 462.0 3.7 1.58 1.37 0.77 0.29 2 2 2 2 2 2 2 2 3.0 3.04 -23.0 -0.7 -0.7 -0.7 -0.7 -0.7 -0.7 0.112 0.177 0.605 0.064 0.229 0.296 2 2 2 2 2 2
1979-01-28T15:30:00 1979 1 28 15 30 0 -4.5 3.4 465.0 3.7 1.6 0.99 0.07 0.03 2 2 2 2 2 2 2 2 2.3 2.98 -24.0 3.4 3.4 3.4 3.4 3.4 3.4 0.076 0.088 0.586 0.036 0.072 0.123 2 2 2 2 2 2
1979-01-28T16:30:00 1979 1 28 16 30 0 -5.1 1.7 461.0 3.8 1.62 1.08 0.0 0.0 2 2 2 2 2 2 2 2 2.3 2.93 -23.0 1.7 1.7 1.7 1.7 1.7 1.7 0.051 0.044 0.568 0.02 0.023 0.051 2 2 2 2 2 2
1979-01-28T17:30:00 1979 1 28 17 30 0 -5.9 -2.1 473.0 3.8 1.7 3.26 1.58 0.6 2 2 2 2 2 2 2 2 2.3 2.8 -25.0 -2.1 -2.1 -2.1 -2.1 -2.1 -2.1 0.117 0.177 0.557 0.093 0.296 0.311 2 2 2 2 2 2
1979-01-28T18:30:00 1979 1 28 18 30 0 -5.2 -3.8 480.0 3.8 1.75 6.54 7.21 2.74 2 2 2 2 2 2 2 2 3.3 2.81 -31.0 -3.8 -3.8 -3.8 -3.8 -3.8 -3.8 0.335 0.471 0.569 0.384 0.779 0.764 2 2 2 2 2 2
1979-01-28T19:30:00 1979 1 28 19 30 0 -3.3 0.7 460.0 4.0 1.69 3.1 3.43 1.32 2 2 2 2 2 2 2 2 3.3 2.81 -35.0 0.7 0.7 0.7 0.7 0.7 0.7 0.317 0.377 0.56 0.302 0.465 0.567 2 2 2 2 2 2
1979-01-28T20:30:00 1979 1 28 20 30 0 -4.2 0.8 482.0 3.8 1.77 1.03 0.0 0.0 2 2 2 2 2 2 2 2 3.3 2.86 -33.0 0.8 0.8 0.8 0.8 0.8 0.8 0.215 0.187 0.543 0.169 0.147 0.235 2 2 2 2 2 2
1979-01-28T21:30:00 1979 1 28 21 30 0 -4.3 0.8 462.0 3.1 1.32 1.3 0.0 0.0 2 2 2 2 2 2 2 2 2.0 2.73 -32.0 0.8 0.8 0.8 0.8 0.8 0.8 0.145 0.093 0.526 0.095 0.047 0.097 2 2 2 2 2 2
1979-01-28T22:30:00 1979 1 28 22 30 0 -5.5 -1.0 458.0 3.1 1.3 2.4 0.74 0.23 2 2 2 2 2 2 2 2 2.0 2.6 -26.0 -1.0 -1.0 -1.0 -1.0 -1.0 -1.0 0.138 0.132 0.512 0.081 0.167 0.182 2 2 2 2 2 2
1979-01-28T23:30:00 1979 1 28 23 30 0 -4.8 -0.5 470.0 3.4 1.5 2.97 1.69 0.55 2 2 2 2 2 2 2 2 2.0 2.56 -23.0 -0.5 -0.5 -0.5 -0.5 -0.5 -0.5 0.154 0.188 0.5 0.085 0.253 0.287 2 2 2 2 2 2
