1979-01-10T00:30:00 1979 1 10 0 30 0 0.4 2.2 456.0 4.6 1.91 0.31 0.0 0.0 2 2 2 2 2 2 2 2 1.3 1.99 -22.0 2.2 2.2 2.2 2.2 2.2 2.2 0.002 0.0 0.499 0.0 0.0 0.0 2 2 2 2 2 2
1979-01-10T01:30:00 1979 1 10 1 30 0 -1.6 1.9 451.0 4.2 1.71 0.02 0.0 0.0 2 2 2 2 2 2 2 2 1.3 1.81 -25.0 1.9 1.9 1.9 1.9 1.9 1.9 0.001 0.0 0.484 0.0 0.0 0.0 2 2 2 2 2 2
1979-01-10T02:30:00 1979 1 10 2 30 0 -4.1 -0.8 401.0 4.6 1.48 0.75 0.31 0.14 2 2 2 2 2 2 2 2 1.3 1.69 -26.0 -0.8 -0.8 -0.8 -0.8 -0.8 -0.8 0.025 0.063 0.47 0.016 0.094 0.112 2 2 2 2 2 2
1979-01-10T03:30:00 1979 1 10 3 30 0 -1.7 0.2 447.0 3.8 1.52 0.85 0.6 0.26 2 2 2 2 2 2 2 2 1.3 1.57 -29.0 0.2 0.2 0.2 0.2 0.2 0.2 0.037 0.078 0.456 0.018 0.088 0.132 2 2 2 2 2 2
1979-01-10T04:30:00 1979 1 10 4 30 0 -0.5 0.5 445.0 3.5 1.39 0.08 0.0 0.0 2 2 2 2 2 2 2 2 1.3 1.44 -30.0 0.5 0.5 0.5 0.5 0.5 0.5 0.025 0.039 0.443 0.01 0.028 0.055 2 2 2 2 2 2
1979-01-10T05:30:00 1979 1 10 5 30 0 -4.1 0.2 430.0 3.0 1.11 0.54 0.0 0.0 2 2 2 2 2 2 2 2 1.3 1.4 -27.0 0.2 0.2 0.2 0.2 0.2 0.2 0.017 0.019 0.429 0.006 0.009 0.023 2 2 2 2 2 2
1979-01-10T06:30:00 1979 1 10 6 30 0 -3.0 3.1 419.0 3.8 1.33 0.6 0.0 0.0 2 2 2 2 2 2 2 2 0.7 1.27 -23.0 3.1 3.1 3.1 3.1 3.1 3.1 0.012 0.01 0.416 0.003 0.003 0.009 2 2 2 2 2 2
1979-01-10T07:30:00 1979 1 10 7 30 0 -4.5 2.5 408.0 3.7 1.23 0.5 0.0 0.0 2 2 2 2 2 2 2 2 0.7 1.14 -22.0 2.5 2.5 2.5 2.5 2.5 2.5 0.008 0.005 0.403 0.002 0.001 0.004 2 2 2 2 2 2
1979-01-10T08:30:00 1979 1 10 8 30 0 -2.1 4.4 402.0 3.9 1.26 0.29 0.0 0.0 2 2 2 2 2 2 2 2 0.7 1.07 -20.0 4.4 4.4 4.4 4.4 4.4 4.4 0.005 0.002 0.391 0.001 0.0 0.002 2 2 2 2 2 2
1979-01-10T09:30:00 1979 1 10 9 30 0 -4.8 2.8 398.0 4.2 1.33 0.37 0.0 0.0 2 2 2 2 2 2 2 2 0.3 0.94 -21.0 2.8 2.8 2.8 2.8 2.8 2.8 0.004 0.001 0.379 0.001 0.0 0.001 2 2 2 2 2 2
1979-01-10T10:30:00 1979 1 10 10 30 0 -4.8 2.3 396.0 4.2 1.32 0.89 0.0 0.0 2 2 2 2 2 2 2 2 0.3 0.81 -21.0 2.3 2.3 2.3 2.3 2.3 2.3 0.002 0.001 0.367 0.0 0.0 0.0 2 2 2 2 2 2
1979-01-10T11:30:00 1979 1 10 11 30 0 -4.1 3.6 407.0 4.8 1.59 0.66 0.0 0.0 2 2 2 2 2 2 2 2 0.3 0.69 -18.0 3.6 3.6 3.6 3.6 3.6 3.6 0.002 0.0 0.356 0.0 0.0 0.0 2 2 2 2 2 2
1979-01-10T12:30:00 1979 1 10 12 30 0 -4.3 3.2 393.0 4.9 1.51 0.52 0.0 0.0 2 2 2 2 2 2 2 2 0.7 0.62 -15.0 3.2 3.2 3.2 3.2 3.2 3.2 0.001 0.0 0.345 0.0 0.0 0.0 2 2 2 2 2 2
1979-01-10T13:30:00 1979 1 10 13 30 0 -4.7 2.2 394.0 4.8 1.49 0.74 0.0 0.0 2 2 2 2 2 2 2 2 0.7 0.55 -15.0 2.2 2.2 2.2 2.2 2.2 2.2 0.001 0.0 0.335 0.0 0.0 0.0 2 2 2 2 2 2
1979-01-10T14:30:00 1979 1 10 14 30 0 -3.9 1.9 399.0 4.9 1.56 0.75 0.0 0.0 2 2 2 2 2 2 2 2 0.7 0.55 -14.0 1.9 1.9 1.9 1.9 1.9 1.9 0.001 0.0 0.325 0.0 0.0 0.0 2 2 2 2 2 2
1979-01-10T15:30:00 1979 1 10 15 30 0 -4.1 1.6 390.0 5.1 1.55 0.7 0.0 0.0 2 2 2 2 2 2 2 2 0.3 0.5 -12.0 1.6 1.6 1.6 1.6 1.6 1.6 0.0 0.0 0.315 0.0 0.0 0.0 2 2 2 2 2 2
1979-01-10T16:30:00 1979 1 10 16 30 0 -3.3 0.4 376.0 5.2 1.47 0.72 0.0 0.0 2 2 2 2 2 2 2 2 0.3 0.45 -13.0 0.4 0.4 0.4 0.4 0.4 0.4 0.0 0.0 0.305 0.0 0.0 0.0 2 2 2 2 2 2
1979-01-10T17:30:00 1979 1 10 17 30 0 -3.7 1.8 396.0 4.8 1.51 0.62 0.0 0.0 2 2 2 2 2 2 2 2 0.3 0.45 -14.0 1.8 1.8 1.8 1.8 1.8 1.8 0.0 0.0 0.296 0.0 0.0 0.0 2 2 2 2 2 2
1979-01-10T18:30:00 1979 1 10 18 30 0 -0.8 0.7 388.0 5.2 1.57 0.21 0.0 0.0 2 2 2 2 2 2 2 2 2.0 0.67 -11.0 0.7 0.7 0.7 0.7 0.7 0.7 0.0 0.0 0.287 0.0 0.0 0.0 2 2 2 2 2 2
1979-01-10T19:30:00 1979 1 10 19 30 0 -3.6 -1.1 394.0 5.1 1.58 0.65 0.75 0.39 2 2 2 2 2 2 2 2 2.0 0.89 -15.0 -1.1 -1.1 -1.1 -1.1 -1.1 -1.1 0.049 0.119 0.28 0.034 0.164 0.206 2 2 2 2 2 2
1979-01-10T20:30:00 1979 1 10 20 30 0 -2.6 -0.4 376.0 5.5 1.56 1.08 1.39 0.73 2 2 2 2 2 2 2 2 2.0 1.06 -18.0 -0.4 -0.4 -0.4 -0.4 -0.4 -0.4 0.093 0.2 0.274 0.055 0.221 0.322 2 2 2 2 2 2
1979-01-10T21:30:00 1979 1 10 21 30 0 -2.3 1.0 376.0 5.5 1.56 0.39 0.08 0.04 2 2 2 2 2 2 2 2 1.0 1.09 -17.0 1.0 1.0 1.0 1.0 1.0 1.0 0.064 0.105 0.266 0.031 0.075 0.144 2 2 2 2 2 2
1979-01-10T22:30:00 1979 1 10 22 30 0 -2.8 2.0 373.0 5.7 1.59 0.24 0.0 0.0 2 2 2 2 2 2 2 2 1.0 1.12 -15.0 2.0 2.0 2.0 2.0 2.0 2.0 0.044 0.052 0.258 0.017 0.024 0.06 2 2 2 2 2 2
1979-01-10T23:30:00 1979 1 10 23 30 0 -3.8 0.2 377.0 5.7 1.62 0.59 0.0 0.0 2 2 2 2 2 2 2 2 1.0 1.2 -12.0 0.2 0.2 0.2 0.2 0.2 0.2 0.03 0.026 0.25 0.01 0.007 0.025 2 2 2 2 2 2
