1979-05-22T00:30:00 1979 5 22 0 30 0 -7.8 -7.4 360.0 11.8 3.06 16.08 13.59 17.1 2 2 2 2 2 2 2 2 4.3 3.62 -51.0 -7.4 -7.4 -7.4 -7.4 -7.4 -7.4 2.056 2.194 0.842 2.593 1.852 4.072 2 2 2 2 2 2
1979-05-22T01:30:00 1979 5 22 1 30 0 -7.9 -6.8 357.0 11.0 2.8 15.1 12.68 14.42 2 2 2 2 2 2 2 2 4.3 3.81 -49.0 -6.8 -6.8 -6.8 -6.8 -6.8 -6.8 2.003 2.092 0.88 2.435 1.713 3.615 2 2 2 2 2 2
1979-05-22T02:30:00 1979 5 22 2 30 0 -8.4 -6.7 354.0 10.1 2.53 14.59 11.99 12.6 2 2 2 2 2 2 2 2 4.3 3.86 -39.0 -6.7 -6.7 -6.7 -6.7 -6.7 -6.7 1.925 1.98 0.911 2.258 1.592 3.167 2 2 2 2 2 2
1979-05-22T03:30:00 1979 5 22 3 30 0 -7.2 -3.0 346.0 8.1 1.94 9.85 8.22 7.52 2 2 2 2 2 2 2 2 3.7 3.82 -47.0 -3.0 -3.0 -3.0 -3.0 -3.0 -3.0 1.657 1.612 0.913 1.72 1.172 2.304 2 2 2 2 2 2
1979-05-22T04:30:00 1979 5 22 4 30 0 -7.8 -3.2 349.0 8.4 2.05 6.87 5.4 4.47 2 2 2 2 2 2 2 2 3.7 3.78 -45.0 -3.2 -3.2 -3.2 -3.2 -3.2 -3.2 1.385 1.307 0.903 1.259 0.921 1.753 2 2 2 2 2 2
1979-05-22T05:30:00 1979 5 22 5 30 0 -8.8 -5.7 357.0 10.1 2.57 10.33 8.05 7.57 2 2 2 2 2 2 2 2 3.7 3.83 -43.0 -5.7 -5.7 -5.7 -5.7 -5.7 -5.7 1.349 1.38 0.911 1.278 1.119 2.005 2 2 2 2 2 2
1979-05-22T06:30:00 1979 5 22 6 30 0 -6.7 -7.8 376.0 11.0 3.11 14.72 12.57 13.35 2 2 2 2 2 2 2 2 3.7 3.87 -41.0 -7.8 -7.8 -7.8 -7.8 -7.8 -7.8 1.533 1.684 0.95 1.741 1.551 2.826 2 2 2 2 2 2
1979-05-22T07:30:00 1979 5 22 7 30 0 -7.0 -8.1 389.0 11.8 3.57 17.26 15.25 17.44 2 2 2 2 2 2 2 2 3.7 3.92 -49.0 -8.1 -8.1 -8.1 -8.1 -8.1 -8.1 1.77 1.961 1.01 2.267 1.904 3.727 2 2 2 2 2 2
1979-05-22T08:30:00 1979 5 22 8 30 0 -9.1 -6.3 411.0 10.2 3.45 17.48 14.27 15.64 2 2 2 2 2 2 2 2 3.7 3.84 -58.0 -6.3 -6.3 -6.3 -6.3 -6.3 -6.3 1.851 1.964 1.061 2.367 1.923 3.933 2 2 2 2 2 2
1979-05-22T09:30:00 1979 5 22 9 30 0 -6.9 -10.9 417.0 7.5 2.61 23.03 18.22 15.7 2 2 2 2 2 2 2 2 4.7 3.9 -62.0 -10.9 -10.9 -10.9 -10.9 -10.9 -10.9 2.035 2.065 1.142 2.845 2.17 3.805 2 2 2 2 2 2
1979-05-22T10:30:00 1979 5 22 10 30 0 -10.4 2.4 418.0 7.2 2.52 12.85 8.39 6.21 2 2 2 2 2 2 2 2 4.7 3.96 -74.0 2.4 2.4 2.4 2.4 2.4 2.4 1.629 1.39 1.14 1.952 1.145 2.291 2 2 2 2 2 2
1979-05-22T11:30:00 1979 5 22 11 30 0 -12.1 1.5 423.0 7.3 2.61 7.27 0.0 0.0 2 2 2 2 2 2 2 2 4.7 4.09 -52.0 1.5 1.5 1.5 1.5 1.5 1.5 1.103 0.69 1.105 1.093 0.363 0.95 2 2 2 2 2 2
1979-05-22T12:30:00 1979 5 22 12 30 0 -11.3 2.9 439.0 5.7 2.2 7.58 0.0 0.0 2 2 2 2 2 2 2 2 3.3 4.03 -50.0 2.9 2.9 2.9 2.9 2.9 2.9 0.747 0.343 1.071 0.612 0.115 0.394 2 2 2 2 2 2
1979-05-22T13:30:00 1979 5 22 13 30 0 -10.8 5.1 465.0 6.0 2.59 5.66 0.0 0.0 2 2 2 2 2 2 2 2 3.3 3.97 -51.0 5.1 5.1 5.1 5.1 5.1 5.1 0.505 0.17 1.038 0.343 0.036 0.163 2 2 2 2 2 2
1979-05-22T14:30:00 1979 5 22 14 30 0 -5.5 -0.6 522.0 8.0 4.36 4.06 0.16 0.13 2 2 2 2 2 2 2 2 3.3 3.92 -45.0 -0.6 -0.6 -0.6 -0.6 -0.6 -0.6 0.367 0.141 1.008 0.209 0.132 0.35 2 2 2 2 2 2
1979-05-22T15:30:00 1979 5 22 15 30 0 -7.9 -0.8 530.0 8.3 4.66 5.43 1.86 1.52 2 2 2 2 2 2 2 2 5.0 4.08 -45.0 -0.8 -0.8 -0.8 -0.8 -0.8 -0.8 0.351 0.276 0.984 0.194 0.435 1.134 2 2 2 2 2 2
1979-05-22T16:30:00 1979 5 22 16 30 0 -7.1 -0.7 526.0 7.7 4.26 6.38 1.97 1.57 2 2 2 2 2 2 2 2 5.0 4.25 -44.0 -0.7 -0.7 -0.7 -0.7 -0.7 -0.7 0.34 0.338 0.961 0.183 0.519 1.403 2 2 2 2 2 2
1979-05-22T17:30:00 1979 5 22 17 30 0 0.2 -7.1 562.0 7.5 4.74 8.35 11.46 8.67 2 2 2 2 2 2 2 2 5.0 4.3 -39.0 -7.1 -7.1 -7.1 -7.1 -7.1 -7.1 0.767 0.882 1.023 1.053 1.73 3.313 2 2 2 2 2 2
1979-05-22T18:30:00 1979 5 22 18 30 0 -1.7 -3.7 551.0 6.7 4.07 8.91 14.63 10.41 2 2 2 2 2 2 2 2 5.3 4.38 -50.0 -3.7 -3.7 -3.7 -3.7 -3.7 -3.7 1.044 1.111 1.085 1.458 1.959 3.784 2 2 2 2 2 2
1979-05-22T19:30:00 1979 5 22 19 30 0 -3.8 2.7 559.0 5.9 3.69 1.51 2.53 1.65 2 2 2 2 2 2 2 2 5.3 4.46 -44.0 2.7 2.7 2.7 2.7 2.7 2.7 0.776 0.655 1.06 0.883 0.802 1.959 2 2 2 2 2 2
1979-05-22T20:30:00 1979 5 22 20 30 0 0.0 -1.8 572.0 5.4 3.53 0.48 1.25 0.68 2 2 2 2 2 2 2 2 5.3 4.71 -43.0 -1.8 -1.8 -1.8 -1.8 -1.8 -1.8 0.607 0.469 1.035 0.58 0.605 1.374 2 2 2 2 2 2
1979-05-22T21:30:00 1979 5 22 21 30 0 -4.5 -1.3 563.0 3.4 2.16 2.02 4.34 1.9 2 2 2 2 2 2 2 2 5.0 4.91 -53.0 -1.3 -1.3 -1.3 -1.3 -1.3 -1.3 0.564 0.471 1.02 0.477 0.708 1.245 2 2 2 2 2 2
1979-05-22T22:30:00 1979 5 22 22 30 0 -2.8 0.9 566.0 2.8 1.79 1.67 0.93 0.3 2 2 2 2 2 2 2 2 5.0 5.11 -43.0 0.9 0.9 0.9 0.9 0.9 0.9 0.404 0.272 0.99 0.281 0.295 0.614 2 2 2 2 2 2
1979-05-22T23:30:00 1979 5 22 23 30 0 -2.7 -1.7 566.0 2.9 1.86 1.28 1.78 0.51 2 2 2 2 2 2 2 2 5.0 5.11 -35.0 -1.7 -1.7 -1.7 -1.7 -1.7 -1.7 0.353 0.27 0.967 0.234 0.417 0.561 2 2 2 2 2 2
