1979-09-30T00:30:00 1979 9 30 0 30 0 3.9 -0.7 539.0 3.5 2.03 2.29 0.68 0.23 2 2 2 2 2 2 2 2 3.7 2.72 -12.0 -0.7 -0.7 -0.7 -0.7 -0.7 -0.7 0.053 0.081 0.338 0.027 0.173 0.21 2 2 2 2 2 2
1979-09-30T01:30:00 1979 9 30 1 30 0 4.0 -0.6 544.0 3.6 2.13 2.19 1.75 0.62 2 2 2 2 2 2 2 2 3.7 2.82 -13.0 -0.6 -0.6 -0.6 -0.6 -0.6 -0.6 0.103 0.167 0.332 0.061 0.315 0.419 2 2 2 2 2 2
1979-09-30T02:30:00 1979 9 30 2 30 0 4.2 0.8 529.0 3.6 2.01 1.73 0.28 0.1 2 2 2 2 2 2 2 2 3.7 2.99 -15.0 0.8 0.8 0.8 0.8 0.8 0.8 0.076 0.096 0.322 0.037 0.121 0.209 2 2 2 2 2 2
1979-09-30T03:30:00 1979 9 30 3 30 0 0.7 -4.6 534.0 3.8 2.17 2.97 5.74 2.15 2 2 2 2 2 2 2 2 4.3 3.24 -20.0 -4.6 -4.6 -4.6 -4.6 -4.6 -4.6 0.289 0.392 0.342 0.355 0.783 0.823 2 2 2 2 2 2
1979-09-30T04:30:00 1979 9 30 4 30 0 -1.2 -2.1 528.0 3.8 2.12 3.45 8.62 3.28 2 2 2 2 2 2 2 2 4.3 3.49 -30.0 -2.1 -2.1 -2.1 -2.1 -2.1 -2.1 0.453 0.555 0.367 0.533 0.968 1.096 2 2 2 2 2 2
1979-09-30T05:30:00 1979 9 30 5 30 0 0.4 0.1 542.0 3.2 1.88 0.45 2.44 0.88 2 2 2 2 2 2 2 2 4.3 3.69 -31.0 0.1 0.1 0.1 0.1 0.1 0.1 0.374 0.384 0.361 0.353 0.506 0.701 2 2 2 2 2 2
1979-09-30T06:30:00 1979 9 30 6 30 0 2.9 1.5 556.0 3.0 1.85 0.21 0.0 0.0 2 2 2 2 2 2 2 2 3.7 3.81 -30.0 1.5 1.5 1.5 1.5 1.5 1.5 0.253 0.191 0.35 0.198 0.16 0.291 2 2 2 2 2 2
1979-09-30T07:30:00 1979 9 30 7 30 0 2.9 0.1 544.0 3.0 1.78 0.68 0.0 0.0 2 2 2 2 2 2 2 2 3.7 3.93 -31.0 0.1 0.1 0.1 0.1 0.1 0.1 0.171 0.095 0.34 0.111 0.051 0.121 2 2 2 2 2 2
1979-09-30T08:30:00 1979 9 30 8 30 0 -1.5 -2.7 546.0 3.1 1.85 1.14 3.86 1.19 2 2 2 2 2 2 2 2 3.7 3.92 -29.0 -2.7 -2.7 -2.7 -2.7 -2.7 -2.7 0.267 0.281 0.345 0.233 0.535 0.527 2 2 2 2 2 2
1979-09-30T09:30:00 1979 9 30 9 30 0 -1.1 -1.1 535.0 3.4 1.95 1.46 4.96 1.61 2 2 2 2 2 2 2 2 2.7 3.79 -24.0 -1.1 -1.1 -1.1 -1.1 -1.1 -1.1 0.329 0.367 0.351 0.281 0.632 0.696 2 2 2 2 2 2
1979-09-30T10:30:00 1979 9 30 10 30 0 0.6 -1.1 529.0 3.5 1.96 0.44 2.92 1.01 2 2 2 2 2 2 2 2 2.7 3.66 -22.0 -1.1 -1.1 -1.1 -1.1 -1.1 -1.1 0.329 0.364 0.349 0.248 0.566 0.697 2 2 2 2 2 2
1979-09-30T11:30:00 1979 9 30 11 30 0 4.2 -0.8 534.0 3.1 1.77 1.37 2.49 0.82 2 2 2 2 2 2 2 2 2.7 3.46 -20.0 -0.8 -0.8 -0.8 -0.8 -0.8 -0.8 0.309 0.334 0.345 0.207 0.486 0.624 2 2 2 2 2 2
1979-09-30T12:30:00 1979 9 30 12 30 0 2.2 -0.3 502.0 2.8 1.41 1.39 1.37 0.41 2 2 2 2 2 2 2 2 2.7 3.26 -18.0 -0.3 -0.3 -0.3 -0.3 -0.3 -0.3 0.255 0.258 0.337 0.143 0.324 0.444 2 2 2 2 2 2
1979-09-30T13:30:00 1979 9 30 13 30 0 2.9 -1.4 523.0 2.7 1.48 1.25 2.31 0.63 2 2 2 2 2 2 2 2 2.7 3.06 -18.0 -1.4 -1.4 -1.4 -1.4 -1.4 -1.4 0.261 0.283 0.333 0.154 0.415 0.457 2 2 2 2 2 2
1979-09-30T14:30:00 1979 9 30 14 30 0 2.7 -0.8 499.0 2.7 1.34 1.5 2.75 0.74 2 2 2 2 2 2 2 2 2.7 2.94 -23.0 -0.8 -0.8 -0.8 -0.8 -0.8 -0.8 0.262 0.29 0.329 0.155 0.412 0.438 2 2 2 2 2 2
1979-09-30T15:30:00 1979 9 30 15 30 0 0.6 0.1 487.0 2.7 1.28 0.42 0.8 0.22 2 2 2 2 2 2 2 2 3.3 2.9 -26.0 0.1 0.1 0.1 0.1 0.1 0.1 0.2 0.19 0.32 0.098 0.205 0.263 2 2 2 2 2 2
1979-09-30T16:30:00 1979 9 30 16 30 0 1.9 -1.9 485.0 2.6 1.22 0.67 2.39 0.63 2 2 2 2 2 2 2 2 3.3 2.86 -27.0 -1.9 -1.9 -1.9 -1.9 -1.9 -1.9 0.23 0.262 0.318 0.142 0.379 0.352 2 2 2 2 2 2
1979-09-30T17:30:00 1979 9 30 17 30 0 4.0 -0.2 489.0 2.3 1.1 1.56 2.38 0.59 2 2 2 2 2 2 2 2 3.3 2.93 -23.0 -0.2 -0.2 -0.2 -0.2 -0.2 -0.2 0.218 0.241 0.313 0.126 0.309 0.303 2 2 2 2 2 2
1979-09-30T18:30:00 1979 9 30 18 30 0 2.3 1.7 475.0 2.3 1.04 0.72 0.01 0.0 2 2 2 2 2 2 2 2 2.0 2.84 -25.0 1.7 1.7 1.7 1.7 1.7 1.7 0.148 0.12 0.303 0.071 0.098 0.126 2 2 2 2 2 2
1979-09-30T19:30:00 1979 9 30 19 30 0 3.7 1.7 478.0 2.5 1.14 0.45 0.0 0.0 2 2 2 2 2 2 2 2 2.0 2.74 -24.0 1.7 1.7 1.7 1.7 1.7 1.7 0.1 0.059 0.294 0.04 0.031 0.052 2 2 2 2 2 2
1979-09-30T20:30:00 1979 9 30 20 30 0 3.8 -0.7 472.0 2.5 1.11 1.21 0.31 0.08 2 2 2 2 2 2 2 2 2.0 2.65 -25.0 -0.7 -0.7 -0.7 -0.7 -0.7 -0.7 0.087 0.074 0.286 0.035 0.095 0.091 2 2 2 2 2 2
1979-09-30T21:30:00 1979 9 30 21 30 0 3.0 0.0 451.0 2.3 0.94 1.25 0.75 0.18 2 2 2 2 2 2 2 2 3.0 2.69 -22.0 0.0 0.0 0.0 0.0 0.0 0.0 0.08 0.081 0.278 0.029 0.096 0.099 2 2 2 2 2 2
1979-09-30T22:30:00 1979 9 30 22 30 0 3.4 -1.0 436.0 2.5 0.95 1.23 1.19 0.29 2 2 2 2 2 2 2 2 3.0 2.73 -19.0 -1.0 -1.0 -1.0 -1.0 -1.0 -1.0 0.104 0.146 0.272 0.05 0.201 0.168 2 2 2 2 2 2
1979-09-30T23:30:00 1979 9 30 23 30 0 3.5 -0.7 419.0 3.1 1.09 1.5 1.79 0.5 2 2 2 2 2 2 2 2 3.0 2.7 -16.0 -0.7 -0.7 -0.7 -0.7 -0.7 -0.7 0.133 0.202 0.267 0.07 0.252 0.229 2 2 2 2 2 2
