1979-04-16T00:30:00 1979 4 16 0 30 0 3.0 2.0 573.0 4.6 3.02 1.27 0.0 0.0 2 2 2 2 2 2 2 2 4.0 3.17 -12.0 2.0 2.0 2.0 2.0 2.0 2.0 0.016 0.016 0.046 0.007 0.016 0.043 2 2 2 2 2 2
1979-04-16T01:30:00 1979 4 16 1 30 0 3.8 -0.7 579.0 4.6 3.08 1.21 0.35 0.16 2 2 2 2 2 2 2 2 4.0 3.27 -18.0 -0.7 -0.7 -0.7 -0.7 -0.7 -0.7 0.036 0.062 0.046 0.023 0.141 0.236 2 2 2 2 2 2
1979-04-16T02:30:00 1979 4 16 2 30 0 2.2 -4.9 604.0 4.7 3.43 5.07 8.86 4.13 2 2 2 2 2 2 2 2 4.0 3.43 -29.0 -4.9 -4.9 -4.9 -4.9 -4.9 -4.9 0.375 0.491 0.102 0.556 1.187 1.573 2 2 2 2 2 2
1979-04-16T03:30:00 1979 4 16 3 30 0 0.2 -5.5 591.0 4.7 3.28 9.31 15.59 7.33 2 2 2 2 2 2 2 2 4.7 3.68 -41.0 -5.5 -5.5 -5.5 -5.5 -5.5 -5.5 0.765 0.855 0.2 1.21 1.851 2.482 2 2 2 2 2 2
1979-04-16T04:30:00 1979 4 16 4 30 0 -3.3 -5.4 596.0 4.6 3.27 10.38 16.17 7.51 2 2 2 2 2 2 2 2 4.7 3.93 -55.0 -5.4 -5.4 -5.4 -5.4 -5.4 -5.4 1.038 1.041 0.297 1.597 2.071 2.841 2 2 2 2 2 2
1979-04-16T05:30:00 1979 4 16 5 30 0 6.2 1.9 606.0 3.6 2.64 3.21 5.31 2.3 2 2 2 2 2 2 2 2 4.7 4.1 -43.0 1.9 1.9 1.9 1.9 1.9 1.9 0.823 0.664 0.309 1.046 0.961 1.605 2 2 2 2 2 2
1979-04-16T06:30:00 1979 4 16 6 30 0 1.0 1.9 592.0 4.4 3.08 0.89 0.0 0.0 2 2 2 2 2 2 2 2 3.3 4.09 -30.0 1.9 1.9 1.9 1.9 1.9 1.9 0.557 0.33 0.299 0.586 0.304 0.666 2 2 2 2 2 2
1979-04-16T07:30:00 1979 4 16 7 30 0 -5.3 0.0 616.0 4.2 3.19 0.96 0.0 0.0 2 2 2 2 2 2 2 2 3.3 4.08 -27.0 0.0 0.0 0.0 0.0 0.0 0.0 0.377 0.164 0.29 0.328 0.096 0.276 2 2 2 2 2 2
1979-04-16T08:30:00 1979 4 16 8 30 0 3.9 1.3 588.0 3.7 2.56 0.67 0.0 0.0 2 2 2 2 2 2 2 2 3.3 3.99 -30.0 1.3 1.3 1.3 1.3 1.3 1.3 0.255 0.081 0.281 0.184 0.03 0.115 2 2 2 2 2 2
1979-04-16T09:30:00 1979 4 16 9 30 0 4.6 0.6 604.0 3.2 2.33 1.61 0.0 0.0 2 2 2 2 2 2 2 2 3.0 3.86 -25.0 0.6 0.6 0.6 0.6 0.6 0.6 0.173 0.04 0.273 0.103 0.01 0.048 2 2 2 2 2 2
1979-04-16T10:30:00 1979 4 16 10 30 0 1.7 3.5 627.0 3.0 2.36 0.64 0.0 0.0 2 2 2 2 2 2 2 2 3.0 3.73 -21.0 3.5 3.5 3.5 3.5 3.5 3.5 0.117 0.02 0.264 0.058 0.003 0.02 2 2 2 2 2 2
1979-04-16T11:30:00 1979 4 16 11 30 0 -1.6 1.6 639.0 3.2 2.61 0.02 0.0 0.0 2 2 2 2 2 2 2 2 3.0 3.52 -18.0 1.6 1.6 1.6 1.6 1.6 1.6 0.079 0.01 0.256 0.032 0.001 0.008 2 2 2 2 2 2
1979-04-16T12:30:00 1979 4 16 12 30 0 -2.0 0.5 642.0 3.1 2.56 0.23 0.0 0.0 2 2 2 2 2 2 2 2 2.3 3.22 -19.0 0.5 0.5 0.5 0.5 0.5 0.5 0.054 0.005 0.248 0.018 0.0 0.003 2 2 2 2 2 2
1979-04-16T13:30:00 1979 4 16 13 30 0 2.7 -0.5 592.0 2.3 1.61 0.32 0.44 0.11 2 2 2 2 2 2 2 2 2.3 2.93 -25.0 -0.5 -0.5 -0.5 -0.5 -0.5 -0.5 0.058 0.047 0.242 0.023 0.117 0.116 2 2 2 2 2 2
1979-04-16T14:30:00 1979 4 16 14 30 0 4.2 2.6 596.0 1.9 1.35 0.96 0.06 0.01 2 2 2 2 2 2 2 2 2.3 2.8 -27.0 2.6 2.6 2.6 2.6 2.6 2.6 0.039 0.023 0.235 0.013 0.037 0.048 2 2 2 2 2 2
1979-04-16T15:30:00 1979 4 16 15 30 0 4.0 4.1 587.0 1.8 1.24 0.71 0.0 0.0 2 2 2 2 2 2 2 2 2.7 2.73 -28.0 4.1 4.1 4.1 4.1 4.1 4.1 0.027 0.012 0.227 0.007 0.012 0.02 2 2 2 2 2 2
1979-04-16T16:30:00 1979 4 16 16 30 0 4.4 1.7 601.0 1.5 1.08 0.93 0.0 0.0 2 2 2 2 2 2 2 2 2.7 2.66 -25.0 1.7 1.7 1.7 1.7 1.7 1.7 0.018 0.006 0.221 0.004 0.004 0.008 2 2 2 2 2 2
1979-04-16T17:30:00 1979 4 16 17 30 0 4.5 -1.4 607.0 1.3 0.96 2.5 1.14 0.15 2 2 2 2 2 2 2 2 2.7 2.62 -26.0 -1.4 -1.4 -1.4 -1.4 -1.4 -1.4 0.054 0.069 0.218 0.041 0.189 0.098 2 2 2 2 2 2
1979-04-16T18:30:00 1979 4 16 18 30 0 3.6 1.0 596.0 1.4 0.99 2.14 1.06 0.14 2 2 2 2 2 2 2 2 2.0 2.5 -25.0 1.0 1.0 1.0 1.0 1.0 1.0 0.054 0.061 0.212 0.034 0.117 0.079 2 2 2 2 2 2
1979-04-16T19:30:00 1979 4 16 19 30 0 3.0 5.0 615.0 1.7 1.29 0.47 0.0 0.0 2 2 2 2 2 2 2 2 2.0 2.37 -18.0 5.0 5.0 5.0 5.0 5.0 5.0 0.036 0.03 0.206 0.019 0.037 0.033 2 2 2 2 2 2
1979-04-16T20:30:00 1979 4 16 20 30 0 1.8 6.5 614.0 1.5 1.13 0.1 0.0 0.0 2 2 2 2 2 2 2 2 2.0 2.33 -14.0 6.5 6.5 6.5 6.5 6.5 6.5 0.025 0.015 0.2 0.011 0.012 0.014 2 2 2 2 2 2
1979-04-16T21:30:00 1979 4 16 21 30 0 2.2 5.9 602.0 1.7 1.23 0.05 0.0 0.0 2 2 2 2 2 2 2 2 1.0 2.16 -11.0 5.9 5.9 5.9 5.9 5.9 5.9 0.017 0.007 0.194 0.006 0.004 0.006 2 2 2 2 2 2
1979-04-16T22:30:00 1979 4 16 22 30 0 -0.5 5.5 634.0 1.7 1.37 0.01 0.0 0.0 2 2 2 2 2 2 2 2 1.0 1.99 -8.0 5.5 5.5 5.5 5.5 5.5 5.5 0.011 0.004 0.188 0.003 0.001 0.002 2 2 2 2 2 2
1979-04-16T23:30:00 1979 4 16 23 30 0 4.5 0.9 620.0 1.2 0.92 0.45 0.0 0.0 2 2 2 2 2 2 2 2 1.0 1.78 -8.0 0.9 0.9 0.9 0.9 0.9 0.9 0.008 0.002 0.182 0.002 0.0 0.001 2 2 2 2 2 2
