1979-05-23T00:30:00 1979 5 23 0 30 0 -2.0 -3.2 560.0 2.6 1.63 3.11 7.07 1.92 2 2 2 2 2 2 2 2 3.3 4.89 -39.0 -3.2 -3.2 -3.2 -3.2 -3.2 -3.2 0.456 0.432 0.966 0.409 0.811 0.776 2 2 2 2 2 2
1979-05-23T01:30:00 1979 5 23 1 30 0 -3.0 0.4 540.0 2.3 1.34 1.81 3.57 0.89 2 2 2 2 2 2 2 2 3.3 4.67 -45.0 0.4 0.4 0.4 0.4 0.4 0.4 0.388 0.329 0.946 0.305 0.479 0.517 2 2 2 2 2 2
1979-05-23T02:30:00 1979 5 23 2 30 0 0.0 -0.7 550.0 2.3 1.39 0.34 0.69 0.16 2 2 2 2 2 2 2 2 3.3 4.41 -40.0 -0.7 -0.7 -0.7 -0.7 -0.7 -0.7 0.295 0.229 0.919 0.192 0.302 0.346 2 2 2 2 2 2
1979-05-23T03:30:00 1979 5 23 3 30 0 -1.6 -1.6 533.0 2.2 1.25 0.66 3.2 0.72 2 2 2 2 2 2 2 2 3.0 4.12 -35.0 -1.6 -1.6 -1.6 -1.6 -1.6 -1.6 0.303 0.28 0.9 0.203 0.451 0.405 2 2 2 2 2 2
1979-05-23T04:30:00 1979 5 23 4 30 0 -3.3 -0.7 531.0 2.0 1.13 1.41 2.96 0.62 2 2 2 2 2 2 2 2 3.0 3.84 -36.0 -0.7 -0.7 -0.7 -0.7 -0.7 -0.7 0.285 0.271 0.879 0.178 0.411 0.364 2 2 2 2 2 2
1979-05-23T05:30:00 1979 5 23 5 30 0 -3.3 0.0 508.0 1.5 0.77 1.34 0.84 0.15 2 2 2 2 2 2 2 2 3.0 3.59 -34.0 0.0 0.0 0.0 0.0 0.0 0.0 0.213 0.174 0.853 0.11 0.2 0.206 2 2 2 2 2 2
1979-05-23T06:30:00 1979 5 23 6 30 0 -3.4 2.1 494.0 1.4 0.61 0.74 0.0 0.0 2 2 2 2 2 2 2 2 1.0 3.09 -31.0 2.1 2.1 2.1 2.1 2.1 2.1 0.144 0.086 0.827 0.062 0.063 0.085 2 2 2 2 2 2
1979-05-23T07:30:00 1979 5 23 7 30 0 -2.2 1.4 465.0 1.7 0.74 0.34 0.0 0.0 2 2 2 2 2 2 2 2 1.0 2.59 -29.0 1.4 1.4 1.4 1.4 1.4 1.4 0.098 0.043 0.802 0.035 0.02 0.035 2 2 2 2 2 2
1979-05-23T08:30:00 1979 5 23 8 30 0 -1.9 -0.4 455.0 1.8 0.75 0.32 0.14 0.03 2 2 2 2 2 2 2 2 1.0 2.3 -26.0 -0.4 -0.4 -0.4 -0.4 -0.4 -0.4 0.075 0.042 0.778 0.024 0.046 0.039 2 2 2 2 2 2
1979-05-23T09:30:00 1979 5 23 9 30 0 4.5 2.2 485.0 2.2 1.01 0.3 0.03 0.01 2 2 2 2 2 2 2 2 1.0 2.01 -23.0 2.2 2.2 2.2 2.2 2.2 2.2 0.051 0.021 0.754 0.013 0.015 0.016 2 2 2 2 2 2
1979-05-23T10:30:00 1979 5 23 10 30 0 2.7 0.3 459.0 2.0 0.88 0.76 0.0 0.0 2 2 2 2 2 2 2 2 1.0 1.72 -24.0 0.3 0.3 0.3 0.3 0.3 0.3 0.034 0.01 0.731 0.008 0.005 0.007 2 2 2 2 2 2
1979-05-23T11:30:00 1979 5 23 11 30 0 1.3 0.7 441.0 1.8 0.72 0.27 0.0 0.0 2 2 2 2 2 2 2 2 1.0 1.48 -25.0 0.7 0.7 0.7 0.7 0.7 0.7 0.023 0.005 0.709 0.004 0.001 0.003 2 2 2 2 2 2
1979-05-23T12:30:00 1979 5 23 12 30 0 1.0 3.8 444.0 2.3 0.91 0.02 0.0 0.0 2 2 2 2 2 2 2 2 0.7 1.2 -25.0 3.8 3.8 3.8 3.8 3.8 3.8 0.016 0.003 0.687 0.002 0.0 0.001 2 2 2 2 2 2
1979-05-23T13:30:00 1979 5 23 13 30 0 1.6 3.4 455.0 2.3 0.95 0.02 0.0 0.0 2 2 2 2 2 2 2 2 0.7 0.92 -24.0 3.4 3.4 3.4 3.4 3.4 3.4 0.011 0.001 0.666 0.001 0.0 0.0 2 2 2 2 2 2
1979-05-23T14:30:00 1979 5 23 14 30 0 0.2 1.6 426.0 2.2 0.8 0.01 0.0 0.0 2 2 2 2 2 2 2 2 0.7 0.88 -26.0 1.6 1.6 1.6 1.6 1.6 1.6 0.007 0.001 0.646 0.001 0.0 0.0 2 2 2 2 2 2
1979-05-23T15:30:00 1979 5 23 15 30 0 0.6 0.9 423.0 2.2 0.79 0.0 0.0 0.0 2 2 2 2 2 2 2 2 0.7 0.85 -28.0 0.9 0.9 0.9 0.9 0.9 0.9 0.005 0.0 0.626 0.0 0.0 0.0 2 2 2 2 2 2
1979-05-23T16:30:00 1979 5 23 16 30 0 -0.1 3.1 435.0 2.5 0.95 0.0 0.0 0.0 2 2 2 2 2 2 2 2 0.7 0.81 -27.0 3.1 3.1 3.1 3.1 3.1 3.1 0.003 0.0 0.607 0.0 0.0 0.0 2 2 2 2 2 2
1979-05-23T17:30:00 1979 5 23 17 30 0 0.5 2.3 425.0 2.4 0.87 0.0 0.0 0.0 2 2 2 2 2 2 2 2 0.7 0.77 -27.0 2.3 2.3 2.3 2.3 2.3 2.3 0.002 0.0 0.589 0.0 0.0 0.0 2 2 2 2 2 2
1979-05-23T18:30:00 1979 5 23 18 30 0 -2.2 -0.4 427.0 2.5 0.91 0.13 0.1 0.03 2 2 2 2 2 2 2 2 3.7 1.13 -26.0 -0.4 -0.4 -0.4 -0.4 -0.4 -0.4 0.011 0.024 0.571 0.005 0.041 0.031 2 2 2 2 2 2
1979-05-23T19:30:00 1979 5 23 19 30 0 -1.2 -4.9 456.0 2.7 1.12 2.89 6.33 1.67 2 2 2 2 2 2 2 2 3.7 1.48 -28.0 -4.9 -4.9 -4.9 -4.9 -4.9 -4.9 0.224 0.342 0.576 0.293 0.576 0.364 2 2 2 2 2 2
1979-05-23T20:30:00 1979 5 23 20 30 0 -1.8 -5.1 478.0 3.0 1.37 6.87 11.72 3.36 2 2 2 2 2 2 2 2 3.7 1.86 -30.0 -5.1 -5.1 -5.1 -5.1 -5.1 -5.1 0.487 0.623 0.604 0.676 0.989 0.699 2 2 2 2 2 2
1979-05-23T21:30:00 1979 5 23 21 30 0 -3.4 -5.2 480.0 3.4 1.57 8.1 12.35 3.97 2 2 2 2 2 2 2 2 3.3 2.19 -31.0 -5.2 -5.2 -5.2 -5.2 -5.2 -5.2 0.695 0.798 0.637 0.948 1.197 0.964 2 2 2 2 2 2
1979-05-23T22:30:00 1979 5 23 22 30 0 -2.6 -6.1 474.0 3.5 1.57 9.7 13.56 4.68 2 2 2 2 2 2 2 2 3.3 2.51 -35.0 -6.1 -6.1 -6.1 -6.1 -6.1 -6.1 0.881 0.939 0.677 1.203 1.351 1.159 2 2 2 2 2 2
1979-05-23T23:30:00 1979 5 23 23 30 0 -4.1 -5.3 474.0 3.7 1.66 9.98 13.43 4.84 2 2 2 2 2 2 2 2 3.3 2.83 -41.0 -5.3 -5.3 -5.3 -5.3 -5.3 -5.3 0.999 1.003 0.714 1.319 1.376 1.26 2 2 2 2 2 2
