1979-06-27T00:30:00 1979 6 27 0 30 0 -0.4 -2.1 399.0 8.5 2.71 1.09 4.21 3.88 2 2 2 2 2 2 2 2 3.0 4.01 -30.0 -2.1 -2.1 -2.1 -2.1 -2.1 -2.1 1.099 1.059 0.64 0.942 0.884 1.976 2 2 2 2 2 2
1979-06-27T01:30:00 1979 6 27 1 30 0 -3.7 -4.0 412.0 6.9 2.34 3.1 6.36 4.8 2 2 2 2 2 2 2 2 3.0 3.85 -24.0 -4.0 -4.0 -4.0 -4.0 -4.0 -4.0 1.046 1.044 0.648 0.906 0.997 1.86 2 2 2 2 2 2
1979-06-27T02:30:00 1979 6 27 2 30 0 -3.0 -4.2 408.0 6.2 2.06 5.3 8.42 5.49 2 2 2 2 2 2 2 2 3.0 3.68 -26.0 -4.2 -4.2 -4.2 -4.2 -4.2 -4.2 1.053 1.077 0.663 0.973 1.09 1.747 2 2 2 2 2 2
1979-06-27T03:30:00 1979 6 27 3 30 0 -5.1 0.5 413.0 5.4 1.84 2.85 3.49 2.07 2 2 2 2 2 2 2 2 2.7 3.48 -31.0 0.5 0.5 0.5 0.5 0.5 0.5 0.825 0.729 0.652 0.652 0.585 1.065 2 2 2 2 2 2
1979-06-27T04:30:00 1979 6 27 4 30 0 -5.1 2.0 419.0 4.6 1.62 1.48 0.0 0.0 2 2 2 2 2 2 2 2 2.7 3.28 -32.0 2.0 2.0 2.0 2.0 2.0 2.0 0.559 0.362 0.632 0.365 0.185 0.442 2 2 2 2 2 2
1979-06-27T05:30:00 1979 6 27 5 30 0 -4.7 0.8 428.0 4.5 1.65 1.35 0.0 0.0 2 2 2 2 2 2 2 2 2.7 3.12 -27.0 0.8 0.8 0.8 0.8 0.8 0.8 0.378 0.18 0.612 0.205 0.059 0.183 2 2 2 2 2 2
1979-06-27T06:30:00 1979 6 27 6 30 0 -4.0 2.0 441.0 4.1 1.59 1.03 0.0 0.0 2 2 2 2 2 2 2 2 2.3 2.91 -23.0 2.0 2.0 2.0 2.0 2.0 2.0 0.256 0.089 0.594 0.115 0.019 0.076 2 2 2 2 2 2
1979-06-27T07:30:00 1979 6 27 7 30 0 -3.3 -2.2 447.0 3.5 1.4 1.49 1.5 0.54 2 2 2 2 2 2 2 2 2.3 2.7 -16.0 -2.2 -2.2 -2.2 -2.2 -2.2 -2.2 0.25 0.192 0.581 0.14 0.261 0.262 2 2 2 2 2 2
1979-06-27T08:30:00 1979 6 27 8 30 0 -3.2 -1.9 439.0 3.0 1.16 2.49 4.51 1.46 2 2 2 2 2 2 2 2 2.3 2.62 -15.0 -1.9 -1.9 -1.9 -1.9 -1.9 -1.9 0.318 0.346 0.575 0.228 0.476 0.427 2 2 2 2 2 2
1979-06-27T09:30:00 1979 6 27 9 30 0 -2.4 1.6 431.0 3.1 1.15 0.84 0.96 0.29 2 2 2 2 2 2 2 2 2.7 2.58 -18.0 1.6 1.6 1.6 1.6 1.6 1.6 0.236 0.211 0.559 0.141 0.201 0.229 2 2 2 2 2 2
1979-06-27T10:30:00 1979 6 27 10 30 0 -3.7 1.3 428.0 2.9 1.06 0.47 0.0 0.0 2 2 2 2 2 2 2 2 2.7 2.55 -16.0 1.3 1.3 1.3 1.3 1.3 1.3 0.16 0.105 0.542 0.079 0.064 0.095 2 2 2 2 2 2
1979-06-27T11:30:00 1979 6 27 11 30 0 -3.6 0.5 414.0 3.7 1.27 0.81 0.0 0.0 2 2 2 2 2 2 2 2 2.7 2.55 -10.0 0.5 0.5 0.5 0.5 0.5 0.5 0.108 0.052 0.525 0.044 0.02 0.039 2 2 2 2 2 2
1979-06-27T12:30:00 1979 6 27 12 30 0 -5.0 -3.9 447.0 3.3 1.32 3.53 4.15 1.41 2 2 2 2 2 2 2 2 2.7 2.55 -6.0 -3.9 -3.9 -3.9 -3.9 -3.9 -3.9 0.247 0.316 0.525 0.233 0.484 0.395 2 2 2 2 2 2
1979-06-27T13:30:00 1979 6 27 13 30 0 -5.0 -3.2 435.0 3.2 1.21 6.26 7.76 2.52 2 2 2 2 2 2 2 2 2.7 2.56 -11.0 -3.2 -3.2 -3.2 -3.2 -3.2 -3.2 0.405 0.52 0.533 0.43 0.723 0.594 2 2 2 2 2 2
1979-06-27T14:30:00 1979 6 27 14 30 0 -3.8 -4.1 421.0 3.0 1.06 5.7 7.88 2.43 2 2 2 2 2 2 2 2 2.7 2.6 -14.0 -4.1 -4.1 -4.1 -4.1 -4.1 -4.1 0.522 0.636 0.542 0.562 0.805 0.641 2 2 2 2 2 2
1979-06-27T15:30:00 1979 6 27 15 30 0 -1.7 -4.1 408.0 3.2 1.07 4.9 8.49 2.64 2 2 2 2 2 2 2 2 2.7 2.65 -15.0 -4.1 -4.1 -4.1 -4.1 -4.1 -4.1 0.614 0.715 0.552 0.659 0.835 0.658 2 2 2 2 2 2
1979-06-27T16:30:00 1979 6 27 16 30 0 -1.5 1.9 408.0 3.3 1.1 1.01 2.52 0.81 2 2 2 2 2 2 2 2 2.7 2.7 -18.0 1.9 1.9 1.9 1.9 1.9 1.9 0.473 0.449 0.54 0.421 0.378 0.37 2 2 2 2 2 2
1979-06-27T17:30:00 1979 6 27 17 30 0 -0.9 -1.6 412.0 3.3 1.12 0.23 0.9 0.3 2 2 2 2 2 2 2 2 2.7 2.7 -19.0 -1.6 -1.6 -1.6 -1.6 -1.6 -1.6 0.369 0.327 0.526 0.278 0.282 0.284 2 2 2 2 2 2
1979-06-27T18:30:00 1979 6 27 18 30 0 -0.1 1.0 403.0 3.3 1.07 0.14 0.88 0.29 2 2 2 2 2 2 2 2 1.3 2.52 -20.0 1.0 1.0 1.0 1.0 1.0 1.0 0.272 0.207 0.511 0.169 0.142 0.173 2 2 2 2 2 2
1979-06-27T19:30:00 1979 6 27 19 30 0 -1.3 0.1 402.0 3.1 1.0 0.04 0.0 0.0 2 2 2 2 2 2 2 2 1.3 2.34 -21.0 0.1 0.1 0.1 0.1 0.1 0.1 0.184 0.103 0.496 0.094 0.045 0.072 2 2 2 2 2 2
1979-06-27T20:30:00 1979 6 27 20 30 0 -3.3 0.8 411.0 3.3 1.11 0.38 0.0 0.0 2 2 2 2 2 2 2 2 1.3 2.16 -19.0 0.8 0.8 0.8 0.8 0.8 0.8 0.125 0.051 0.48 0.053 0.014 0.03 2 2 2 2 2 2
1979-06-27T21:30:00 1979 6 27 21 30 0 -3.4 -0.8 403.0 3.4 1.1 0.99 0.47 0.16 2 2 2 2 2 2 2 2 0.3 1.85 -14.0 -0.8 -0.8 -0.8 -0.8 -0.8 -0.8 0.112 0.093 0.467 0.047 0.105 0.103 2 2 2 2 2 2
1979-06-27T22:30:00 1979 6 27 22 30 0 -2.6 0.6 397.0 3.4 1.07 0.77 0.39 0.13 2 2 2 2 2 2 2 2 0.3 1.55 -11.0 0.6 0.6 0.6 0.6 0.6 0.6 0.087 0.071 0.453 0.031 0.062 0.077 2 2 2 2 2 2
1979-06-27T23:30:00 1979 6 27 23 30 0 -2.5 1.2 395.0 3.3 1.03 0.32 0.0 0.0 2 2 2 2 2 2 2 2 0.3 1.25 -10.0 1.2 1.2 1.2 1.2 1.2 1.2 0.059 0.035 0.439 0.017 0.02 0.032 2 2 2 2 2 2
