1979-09-26T00:30:00 1979 9 26 0 30 0 7.3 -2.2 403.0 5.9 1.92 3.86 1.25 0.75 2 2 2 2 2 2 2 2 3.7 3.58 -35.0 -2.2 -2.2 -2.2 -2.2 -2.2 -2.2 0.365 0.359 0.48 0.23 0.339 0.517 2 2 2 2 2 2
1979-09-26T01:30:00 1979 9 26 1 30 0 4.6 -5.2 387.0 5.7 1.71 7.08 7.52 4.35 2 2 2 2 2 2 2 2 3.7 3.55 -32.0 -5.2 -5.2 -5.2 -5.2 -5.2 -5.2 0.568 0.711 0.495 0.562 0.816 0.987 2 2 2 2 2 2
1979-09-26T02:30:00 1979 9 26 2 30 0 4.0 -6.1 401.0 6.2 1.99 9.06 11.23 6.71 2 2 2 2 2 2 2 2 3.7 3.55 -30.0 -6.1 -6.1 -6.1 -6.1 -6.1 -6.1 0.824 1.031 0.528 0.99 1.173 1.416 2 2 2 2 2 2
1979-09-26T03:30:00 1979 9 26 3 30 0 3.7 1.0 375.0 7.0 1.97 3.53 4.66 3.0 2 2 2 2 2 2 2 2 3.7 3.55 -31.0 1.0 1.0 1.0 1.0 1.0 1.0 0.705 0.76 0.525 0.715 0.655 0.995 2 2 2 2 2 2
1979-09-26T04:30:00 1979 9 26 4 30 0 5.5 -0.3 411.0 7.4 2.5 1.62 0.1 0.07 2 2 2 2 2 2 2 2 3.7 3.56 -28.0 -0.3 -0.3 -0.3 -0.3 -0.3 -0.3 0.488 0.41 0.509 0.406 0.257 0.512 2 2 2 2 2 2
1979-09-26T05:30:00 1979 9 26 5 30 0 1.8 -5.4 399.0 6.4 2.04 4.11 6.17 4.15 2 2 2 2 2 2 2 2 3.7 3.6 -29.0 -5.4 -5.4 -5.4 -5.4 -5.4 -5.4 0.636 0.725 0.522 0.639 0.805 1.135 2 2 2 2 2 2
1979-09-26T06:30:00 1979 9 26 6 30 0 5.8 -4.4 398.0 6.5 2.06 7.2 9.68 6.25 2 2 2 2 2 2 2 2 3.3 3.6 -34.0 -4.4 -4.4 -4.4 -4.4 -4.4 -4.4 0.812 0.968 0.545 0.895 1.066 1.459 2 2 2 2 2 2
1979-09-26T07:30:00 1979 9 26 7 30 0 5.4 0.1 392.0 6.2 1.91 4.34 3.9 2.49 2 2 2 2 2 2 2 2 3.3 3.6 -33.0 0.1 0.1 0.1 0.1 0.1 0.1 0.68 0.708 0.539 0.63 0.605 0.992 2 2 2 2 2 2
1979-09-26T08:30:00 1979 9 26 8 30 0 7.7 1.1 407.0 6.0 1.99 2.92 0.0 0.0 2 2 2 2 2 2 2 2 3.3 3.54 -26.0 1.1 1.1 1.1 1.1 1.1 1.1 0.46 0.352 0.522 0.353 0.192 0.411 2 2 2 2 2 2
1979-09-26T09:30:00 1979 9 26 9 30 0 7.5 -1.2 399.0 6.0 1.91 4.47 0.73 0.44 2 2 2 2 2 2 2 2 2.7 3.42 -19.0 -1.2 -1.2 -1.2 -1.2 -1.2 -1.2 0.362 0.297 0.509 0.235 0.235 0.421 2 2 2 2 2 2
1979-09-26T10:30:00 1979 9 26 10 30 0 7.8 0.1 408.0 6.3 2.1 4.86 1.01 0.62 2 2 2 2 2 2 2 2 2.7 3.29 -21.0 0.1 0.1 0.1 0.1 0.1 0.1 0.284 0.236 0.495 0.154 0.179 0.361 2 2 2 2 2 2
1979-09-26T11:30:00 1979 9 26 11 30 0 6.3 1.3 384.0 5.7 1.68 3.14 0.0 0.0 2 2 2 2 2 2 2 2 2.7 3.16 -23.0 1.3 1.3 1.3 1.3 1.3 1.3 0.193 0.117 0.48 0.086 0.057 0.15 2 2 2 2 2 2
1979-09-26T12:30:00 1979 9 26 12 30 0 4.7 -2.3 368.0 5.9 1.6 2.67 1.55 0.91 2 2 2 2 2 2 2 2 3.3 3.12 -22.0 -2.3 -2.3 -2.3 -2.3 -2.3 -2.3 0.226 0.268 0.47 0.137 0.286 0.384 2 2 2 2 2 2
1979-09-26T13:30:00 1979 9 26 13 30 0 7.2 -6.1 418.0 5.3 1.85 8.5 8.69 4.8 2 2 2 2 2 2 2 2 3.3 3.07 -19.0 -6.1 -6.1 -6.1 -6.1 -6.1 -6.1 0.516 0.708 0.493 0.608 0.901 0.998 2 2 2 2 2 2
1979-09-26T14:30:00 1979 9 26 14 30 0 8.6 0.9 431.0 5.7 2.12 8.19 5.09 2.76 2 2 2 2 2 2 2 2 3.3 3.08 -21.0 0.9 0.9 0.9 0.9 0.9 0.9 0.499 0.588 0.493 0.509 0.593 0.819 2 2 2 2 2 2
1979-09-26T15:30:00 1979 9 26 15 30 0 7.2 -4.2 438.0 5.6 2.15 7.35 4.16 2.34 2 2 2 2 2 2 2 2 3.3 3.08 -20.0 -4.2 -4.2 -4.2 -4.2 -4.2 -4.2 0.551 0.66 0.498 0.553 0.777 1.057 2 2 2 2 2 2
1979-09-26T16:30:00 1979 9 26 16 30 0 4.9 0.9 456.0 4.4 1.83 4.81 3.45 1.81 2 2 2 2 2 2 2 2 3.3 3.08 -22.0 0.9 0.9 0.9 0.9 0.9 0.9 0.474 0.493 0.492 0.408 0.474 0.751 2 2 2 2 2 2
1979-09-26T17:30:00 1979 9 26 17 30 0 2.6 -4.4 469.0 3.8 1.67 3.28 4.68 1.85 2 2 2 2 2 2 2 2 3.3 3.16 -21.0 -4.4 -4.4 -4.4 -4.4 -4.4 -4.4 0.525 0.572 0.497 0.495 0.735 0.857 2 2 2 2 2 2
1979-09-26T18:30:00 1979 9 26 18 30 0 1.6 -5.7 476.0 3.4 1.54 7.49 12.07 4.31 2 2 2 2 2 2 2 2 4.0 3.32 -27.0 -5.7 -5.7 -5.7 -5.7 -5.7 -5.7 0.734 0.796 0.534 0.872 1.143 1.083 2 2 2 2 2 2
1979-09-26T19:30:00 1979 9 26 19 30 0 6.4 -2.8 466.0 3.0 1.3 7.27 9.73 3.12 2 2 2 2 2 2 2 2 4.0 3.48 -35.0 -2.8 -2.8 -2.8 -2.8 -2.8 -2.8 0.768 0.778 0.552 0.854 1.015 0.953 2 2 2 2 2 2
1979-09-26T20:30:00 1979 9 26 20 30 0 8.1 -0.6 494.0 2.8 1.37 6.77 3.84 1.12 2 2 2 2 2 2 2 2 4.0 3.57 -31.0 -0.6 -0.6 -0.6 -0.6 -0.6 -0.6 0.628 0.565 0.544 0.576 0.629 0.664 2 2 2 2 2 2
1979-09-26T21:30:00 1979 9 26 21 30 0 -1.4 -4.1 497.0 3.1 1.53 4.07 6.19 1.86 2 2 2 2 2 2 2 2 3.3 3.57 -26.0 -4.1 -4.1 -4.1 -4.1 -4.1 -4.1 0.643 0.604 0.552 0.607 0.827 0.765 2 2 2 2 2 2
1979-09-26T22:30:00 1979 9 26 22 30 0 5.8 -1.9 504.0 2.9 1.47 4.04 7.28 2.19 2 2 2 2 2 2 2 2 3.3 3.56 -31.0 -1.9 -1.9 -1.9 -1.9 -1.9 -1.9 0.64 0.596 0.559 0.584 0.816 0.772 2 2 2 2 2 2
1979-09-26T23:30:00 1979 9 26 23 30 0 6.5 -2.2 492.0 2.7 1.31 6.06 5.13 1.43 2 2 2 2 2 2 2 2 3.3 3.56 -39.0 -2.2 -2.2 -2.2 -2.2 -2.2 -2.2 0.594 0.545 0.558 0.501 0.726 0.684 2 2 2 2 2 2
