1979-06-13T00:30:00 1979 6 13 0 30 0 4.9 4.2 488.0 2.3 1.1 0.66 0.0 0.0 2 2 2 2 2 2 2 2 1.3 2.12 1.0 4.2 4.2 4.2 4.2 4.2 4.2 0.07 0.051 0.089 0.032 0.03 0.032 2 2 2 2 2 2
1979-06-13T01:30:00 1979 6 13 1 30 0 4.0 3.1 469.0 2.3 1.01 0.67 0.0 0.0 2 2 2 2 2 2 2 2 1.3 2.18 0.0 3.1 3.1 3.1 3.1 3.1 3.1 0.048 0.025 0.086 0.018 0.01 0.013 2 2 2 2 2 2
1979-06-13T02:30:00 1979 6 13 2 30 0 3.2 1.0 415.0 2.4 0.83 0.55 0.0 0.0 2 2 2 2 2 2 2 2 1.3 1.97 -3.0 1.0 1.0 1.0 1.0 1.0 1.0 0.032 0.013 0.084 0.01 0.003 0.006 2 2 2 2 2 2
1979-06-13T03:30:00 1979 6 13 3 30 0 3.1 1.1 414.0 2.4 0.82 0.52 0.0 0.0 2 2 2 2 2 2 2 2 1.0 1.72 -4.0 1.1 1.1 1.1 1.1 1.1 1.1 0.022 0.006 0.081 0.006 0.001 0.002 2 2 2 2 2 2
1979-06-13T04:30:00 1979 6 13 4 30 0 2.6 0.4 407.0 2.4 0.8 0.47 0.0 0.0 2 2 2 2 2 2 2 2 1.0 1.48 -4.0 0.4 0.4 0.4 0.4 0.4 0.4 0.015 0.003 0.079 0.003 0.0 0.001 2 2 2 2 2 2
1979-06-13T05:30:00 1979 6 13 5 30 0 3.0 -0.1 422.0 2.6 0.93 0.64 0.03 0.01 2 2 2 2 2 2 2 2 1.0 1.35 -2.0 -0.1 -0.1 -0.1 -0.1 -0.1 -0.1 0.013 0.011 0.076 0.003 0.016 0.016 2 2 2 2 2 2
1979-06-13T06:30:00 1979 6 13 6 30 0 3.5 3.2 430.0 3.0 1.11 0.5 0.0 0.0 2 2 2 2 2 2 2 2 0.3 1.14 -1.0 3.2 3.2 3.2 3.2 3.2 3.2 0.009 0.006 0.074 0.001 0.005 0.007 2 2 2 2 2 2
1979-06-13T07:30:00 1979 6 13 7 30 0 2.5 3.0 427.0 3.0 1.09 0.23 0.0 0.0 2 2 2 2 2 2 2 2 0.3 0.93 0.0 3.0 3.0 3.0 3.0 3.0 3.0 0.006 0.003 0.072 0.001 0.002 0.003 2 2 2 2 2 2
1979-06-13T08:30:00 1979 6 13 8 30 0 2.8 3.6 425.0 2.9 1.05 0.16 0.0 0.0 2 2 2 2 2 2 2 2 0.3 0.8 4.0 3.6 3.6 3.6 3.6 3.6 3.6 0.004 0.001 0.069 0.0 0.001 0.001 2 2 2 2 2 2
1979-06-13T09:30:00 1979 6 13 9 30 0 2.8 4.6 432.0 3.2 1.19 0.15 0.0 0.0 2 2 2 2 2 2 2 2 1.3 0.81 7.0 4.6 4.6 4.6 4.6 4.6 4.6 0.003 0.001 0.067 0.0 0.0 0.0 2 2 2 2 2 2
1979-06-13T10:30:00 1979 6 13 10 30 0 3.8 2.7 418.0 3.1 1.08 0.3 0.0 0.0 2 2 2 2 2 2 2 2 1.3 0.81 5.0 2.7 2.7 2.7 2.7 2.7 2.7 0.002 0.0 0.065 0.0 0.0 0.0 2 2 2 2 2 2
1979-06-13T11:30:00 1979 6 13 11 30 0 2.8 2.4 392.0 1.4 0.43 0.34 0.0 0.0 2 2 2 2 2 2 2 2 1.3 0.86 4.0 2.4 2.4 2.4 2.4 2.4 2.4 0.001 0.0 0.063 0.0 0.0 0.0 2 2 2 2 2 2
1979-06-13T12:30:00 1979 6 13 12 30 0 2.2 -3.1 475.0 1.3 0.59 1.2 2.32 0.31 2 2 2 2 2 2 2 2 2.7 1.08 5.0 -3.1 -3.1 -3.1 -3.1 -3.1 -3.1 0.078 0.125 0.068 0.087 0.242 0.088 2 2 2 2 2 2
1979-06-13T13:30:00 1979 6 13 13 30 0 3.8 -2.9 477.0 1.4 0.64 3.88 7.12 0.96 2 2 2 2 2 2 2 2 2.7 1.3 5.0 -2.9 -2.9 -2.9 -2.9 -2.9 -2.9 0.212 0.287 0.083 0.24 0.493 0.197 2 2 2 2 2 2
1979-06-13T14:30:00 1979 6 13 14 30 0 4.1 -1.1 407.0 0.8 0.27 2.99 4.28 0.48 2 2 2 2 2 2 2 2 2.7 1.6 -1.0 -1.1 -1.1 -1.1 -1.1 -1.1 -1.1 0.227 0.273 0.088 0.211 0.36 0.146 2 2 2 2 2 2
1979-06-13T15:30:00 1979 6 13 15 30 0 3.5 -2.7 401.0 1.0 0.32 2.61 3.97 0.37 2 2 2 2 2 2 2 2 3.0 1.94 -6.0 -2.7 -2.7 -2.7 -2.7 -2.7 -2.7 0.244 0.285 0.091 0.208 0.339 0.117 2 2 2 2 2 2
1979-06-13T16:30:00 1979 6 13 16 30 0 1.7 1.3 347.0 1.1 0.26 0.95 1.55 0.16 2 2 2 2 2 2 2 2 3.0 2.27 -7.0 1.3 1.3 1.3 1.3 1.3 1.3 0.189 0.183 0.09 0.133 0.154 0.064 2 2 2 2 2 2
1979-06-13T17:30:00 1979 6 13 17 30 0 4.2 -0.3 410.0 1.0 0.34 0.7 0.08 0.01 2 2 2 2 2 2 2 2 3.0 2.48 -2.0 -0.3 -0.3 -0.3 -0.3 -0.3 -0.3 0.133 0.104 0.087 0.077 0.071 0.034 2 2 2 2 2 2
1979-06-13T18:30:00 1979 6 13 18 30 0 5.0 -2.0 499.0 1.2 0.6 3.01 2.86 0.32 2 2 2 2 2 2 2 2 2.3 2.6 3.0 -2.0 -2.0 -2.0 -2.0 -2.0 -2.0 0.168 0.179 0.091 0.115 0.266 0.102 2 2 2 2 2 2
1979-06-13T19:30:00 1979 6 13 19 30 0 3.7 -1.1 509.0 1.7 0.88 3.22 3.81 0.55 2 2 2 2 2 2 2 2 2.3 2.71 5.0 -1.1 -1.1 -1.1 -1.1 -1.1 -1.1 0.204 0.232 0.096 0.146 0.364 0.185 2 2 2 2 2 2
1979-06-13T20:30:00 1979 6 13 20 30 0 4.4 -1.1 487.0 1.9 0.9 2.51 2.73 0.49 2 2 2 2 2 2 2 2 2.3 2.66 4.0 -1.1 -1.1 -1.1 -1.1 -1.1 -1.1 0.216 0.249 0.099 0.145 0.366 0.228 2 2 2 2 2 2
1979-06-13T21:30:00 1979 6 13 21 30 0 4.0 -1.5 492.0 1.9 0.92 2.78 3.22 0.61 2 2 2 2 2 2 2 2 2.7 2.66 3.0 -1.5 -1.5 -1.5 -1.5 -1.5 -1.5 0.241 0.281 0.103 0.165 0.411 0.269 2 2 2 2 2 2
1979-06-13T22:30:00 1979 6 13 22 30 0 2.6 -2.5 481.0 1.7 0.79 2.76 4.96 0.88 2 2 2 2 2 2 2 2 2.7 2.66 -3.0 -2.5 -2.5 -2.5 -2.5 -2.5 -2.5 0.298 0.345 0.113 0.238 0.516 0.308 2 2 2 2 2 2
1979-06-13T23:30:00 1979 6 13 23 30 0 5.9 -2.6 424.0 1.6 0.58 4.23 5.75 0.95 2 2 2 2 2 2 2 2 2.7 2.62 -3.0 -2.6 -2.6 -2.6 -2.6 -2.6 -2.6 0.344 0.39 0.123 0.289 0.521 0.283 2 2 2 2 2 2
