1979-12-18T00:30:00 1979 12 18 0 30 0 3.3 -2.2 408.0 4.6 1.53 1.65 3.33 1.53 2 2 2 2 2 2 2 2 2.7 2.59 -7.0 -2.2 -2.2 -2.2 -2.2 -2.2 -2.2 0.45 0.518 0.335 0.306 0.526 0.658 2 2 2 2 2 2
1979-12-18T01:30:00 1979 12 18 1 30 0 4.0 0.5 402.0 4.5 1.45 1.58 1.64 0.75 2 2 2 2 2 2 2 2 2.7 2.56 -4.0 0.5 0.5 0.5 0.5 0.5 0.5 0.354 0.355 0.328 0.207 0.284 0.424 2 2 2 2 2 2
1979-12-18T02:30:00 1979 12 18 2 30 0 3.7 -0.2 398.0 4.5 1.43 1.14 0.07 0.03 2 2 2 2 2 2 2 2 2.7 2.6 -7.0 -0.2 -0.2 -0.2 -0.2 -0.2 -0.2 0.247 0.2 0.318 0.118 0.124 0.226 2 2 2 2 2 2
1979-12-18T03:30:00 1979 12 18 3 30 0 2.9 1.0 403.0 4.6 1.49 0.74 0.02 0.01 2 2 2 2 2 2 2 2 1.0 2.43 -9.0 1.0 1.0 1.0 1.0 1.0 1.0 0.167 0.099 0.308 0.066 0.039 0.094 2 2 2 2 2 2
1979-12-18T04:30:00 1979 12 18 4 30 0 3.8 -0.4 402.0 4.4 1.42 0.88 0.15 0.07 2 2 2 2 2 2 2 2 1.0 2.26 -10.0 -0.4 -0.4 -0.4 -0.4 -0.4 -0.4 0.126 0.087 0.299 0.043 0.068 0.11 2 2 2 2 2 2
1979-12-18T05:30:00 1979 12 18 5 30 0 3.0 0.8 393.0 4.4 1.36 0.85 0.1 0.04 2 2 2 2 2 2 2 2 1.0 2.04 -10.0 0.8 0.8 0.8 0.8 0.8 0.8 0.088 0.051 0.29 0.025 0.029 0.059 2 2 2 2 2 2
1979-12-18T06:30:00 1979 12 18 6 30 0 0.6 -0.3 382.0 4.5 1.31 0.22 0.1 0.05 2 2 2 2 2 2 2 2 1.3 1.87 -9.0 -0.3 -0.3 -0.3 -0.3 -0.3 -0.3 0.069 0.055 0.281 0.018 0.05 0.078 2 2 2 2 2 2
1979-12-18T07:30:00 1979 12 18 7 30 0 2.4 1.8 386.0 4.5 1.34 0.11 0.02 0.01 2 2 2 2 2 2 2 2 1.3 1.69 -13.0 1.8 1.8 1.8 1.8 1.8 1.8 0.046 0.027 0.273 0.01 0.016 0.032 2 2 2 2 2 2
1979-12-18T08:30:00 1979 12 18 8 30 0 2.0 -1.9 388.0 4.5 1.35 0.57 1.1 0.5 2 2 2 2 2 2 2 2 1.3 1.52 -10.0 -1.9 -1.9 -1.9 -1.9 -1.9 -1.9 0.096 0.156 0.268 0.063 0.204 0.214 2 2 2 2 2 2
1979-12-18T09:30:00 1979 12 18 9 30 0 1.6 0.6 376.0 4.4 1.24 0.5 1.24 0.55 2 2 2 2 2 2 2 2 2.3 1.49 -8.0 0.6 0.6 0.6 0.6 0.6 0.6 0.102 0.152 0.262 0.06 0.145 0.189 2 2 2 2 2 2
1979-12-18T10:30:00 1979 12 18 10 30 0 4.6 0.2 397.0 4.0 1.26 0.76 0.0 0.0 2 2 2 2 2 2 2 2 2.3 1.45 -6.0 0.2 0.2 0.2 0.2 0.2 0.2 0.069 0.075 0.254 0.033 0.046 0.079 2 2 2 2 2 2
1979-12-18T11:30:00 1979 12 18 11 30 0 0.1 -3.5 398.0 4.2 1.33 1.67 3.59 1.49 2 2 2 2 2 2 2 2 2.3 1.62 2.0 -3.5 -3.5 -3.5 -3.5 -3.5 -3.5 0.21 0.337 0.258 0.199 0.435 0.408 2 2 2 2 2 2
1979-12-18T12:30:00 1979 12 18 12 30 0 2.0 -1.7 390.0 4.1 1.25 1.74 4.98 2.07 2 2 2 2 2 2 2 2 2.0 1.74 2.0 -1.7 -1.7 -1.7 -1.7 -1.7 -1.7 0.312 0.469 0.263 0.285 0.529 0.53 2 2 2 2 2 2
1979-12-18T13:30:00 1979 12 18 13 30 0 1.9 -2.0 386.0 3.9 1.16 1.28 3.61 1.44 2 2 2 2 2 2 2 2 2.0 1.86 -1.0 -2.0 -2.0 -2.0 -2.0 -2.0 -2.0 0.35 0.496 0.264 0.29 0.509 0.524 2 2 2 2 2 2
1979-12-18T14:30:00 1979 12 18 14 30 0 2.1 0.1 387.0 3.8 1.14 0.69 1.68 0.65 2 2 2 2 2 2 2 2 2.0 1.94 -6.0 0.1 0.1 0.1 0.1 0.1 0.1 0.288 0.35 0.259 0.198 0.28 0.341 2 2 2 2 2 2
1979-12-18T15:30:00 1979 12 18 15 30 0 0.9 -1.0 398.0 3.8 1.2 0.31 0.98 0.37 2 2 2 2 2 2 2 2 1.7 1.99 -5.0 -1.0 -1.0 -1.0 -1.0 -1.0 -1.0 0.247 0.296 0.253 0.144 0.255 0.309 2 2 2 2 2 2
1979-12-18T16:30:00 1979 12 18 16 30 0 -0.4 2.5 417.0 3.9 1.36 0.03 0.21 0.08 2 2 2 2 2 2 2 2 1.7 2.03 -3.0 2.5 2.5 2.5 2.5 2.5 2.5 0.17 0.155 0.245 0.082 0.089 0.141 2 2 2 2 2 2
1979-12-18T17:30:00 1979 12 18 17 30 0 1.5 0.8 405.0 3.8 1.25 0.02 0.0 0.0 2 2 2 2 2 2 2 2 1.7 1.96 -2.0 0.8 0.8 0.8 0.8 0.8 0.8 0.115 0.077 0.238 0.046 0.028 0.059 2 2 2 2 2 2
1979-12-18T18:30:00 1979 12 18 18 30 0 1.1 -1.1 421.0 3.2 1.13 0.23 0.76 0.25 2 2 2 2 2 2 2 2 1.7 1.88 1.0 -1.1 -1.1 -1.1 -1.1 -1.1 -1.1 0.12 0.133 0.232 0.055 0.157 0.156 2 2 2 2 2 2
1979-12-18T19:30:00 1979 12 18 19 30 0 1.9 -1.9 422.0 3.4 1.21 0.95 3.23 1.07 2 2 2 2 2 2 2 2 1.7 1.81 4.0 -1.9 -1.9 -1.9 -1.9 -1.9 -1.9 0.202 0.29 0.233 0.142 0.382 0.342 2 2 2 2 2 2
1979-12-18T20:30:00 1979 12 18 20 30 0 1.3 2.2 411.0 4.0 1.35 0.32 0.77 0.27 2 2 2 2 2 2 2 2 1.7 1.77 4.0 2.2 2.2 2.2 2.2 2.2 2.2 0.153 0.172 0.227 0.09 0.154 0.179 2 2 2 2 2 2
1979-12-18T21:30:00 1979 12 18 21 30 0 3.3 0.3 406.0 3.2 1.05 0.32 0.0 0.0 2 2 2 2 2 2 2 2 1.7 1.74 -1.0 0.3 0.3 0.3 0.3 0.3 0.3 0.103 0.086 0.22 0.05 0.049 0.074 2 2 2 2 2 2
1979-12-18T22:30:00 1979 12 18 22 30 0 3.4 -0.2 404.0 3.1 1.01 0.92 0.1 0.03 2 2 2 2 2 2 2 2 1.7 1.7 -3.0 -0.2 -0.2 -0.2 -0.2 -0.2 -0.2 0.077 0.066 0.214 0.031 0.051 0.068 2 2 2 2 2 2
1979-12-18T23:30:00 1979 12 18 23 30 0 3.9 0.7 405.0 3.0 0.98 0.99 0.03 0.01 2 2 2 2 2 2 2 2 1.7 1.7 -3.0 0.7 0.7 0.7 0.7 0.7 0.7 0.052 0.033 0.207 0.017 0.016 0.028 2 2 2 2 2 2
