1979-03-21T00:30:00 1979 3 21 0 30 0 -1.2 3.3 342.0 6.6 1.54 0.02 0.0 0.0 2 2 2 2 2 2 2 2 0.0 1.28 7.0 3.3 3.3 3.3 3.3 3.3 3.3 0.018 0.013 0.071 0.004 0.002 0.009 2 2 2 2 2 2
1979-03-21T01:30:00 1979 3 21 1 30 0 -1.2 2.67 344.8 6.55 1.54 0.01 0.0 0.0 1 1 1 1 1 1 1 1 0.0 1.11 7.0 2.44 2.51 2.3 2.31 2.5 2.56 0.012 0.006 0.069 0.002 0.001 0.004 2 2 2 2 2 2
1979-03-21T02:30:00 1979 3 21 2 30 0 -0.3 0.34 347.7 6.28 1.53 0.01 0.0 0.0 1 1 1 1 1 1 1 1 0.0 0.94 6.0 -0.75 -0.42 -1.39 -1.35 -0.46 -0.18 0.028 0.04 0.068 0.034 0.048 0.043 1 1 2 1 1 1
1979-03-21T03:30:00 1979 3 21 3 30 0 1.65 -0.1 350.5 6.0 1.51 0.07 0.03 0.02 1 0 1 1 1 1 1 1 0.3 0.82 7.0 -1.36 -0.98 -2.09 -2.05 -1.02 -0.7 0.117 0.195 0.074 0.149 0.213 0.228 0 0 2 0 0 0
1979-03-21T04:30:00 1979 3 21 4 30 0 3.6 0.21 353.3 5.72 1.49 0.53 0.02 0.01 1 1 1 1 1 1 1 1 0.3 0.69 9.0 -0.88 -0.56 -1.52 -1.48 -0.59 -0.31 0.168 0.254 0.08 0.198 0.241 0.274 1 1 2 1 1 1
1979-03-21T05:30:00 1979 3 21 5 30 0 4.5 1.78 356.2 5.45 1.48 0.83 0.0 0.0 1 1 1 1 1 1 1 1 0.3 0.52 7.0 1.55 1.62 1.42 1.43 1.61 1.67 0.12 0.128 0.078 0.119 0.08 0.114 1 1 2 1 1 1
1979-03-21T06:30:00 1979 3 21 6 30 0 4.5 2.2 359.0 5.4 1.48 0.78 0.0 0.0 2 2 2 2 2 2 2 2 1.7 0.54 4.0 2.2 2.2 2.2 2.2 2.2 2.2 0.081 0.064 0.075 0.067 0.025 0.047 1 1 2 1 1 1
1979-03-21T07:30:00 1979 3 21 7 30 0 4.5 -1.8 352.0 6.4 1.59 1.53 0.85 0.54 2 2 2 2 2 2 2 2 1.7 0.56 5.0 -1.8 -1.8 -1.8 -1.8 -1.8 -1.8 0.116 0.178 0.076 0.09 0.186 0.24 1 2 2 1 2 2
1979-03-21T08:30:00 1979 3 21 8 30 0 0.8 3.1 345.0 6.6 1.57 0.58 0.46 0.29 2 2 2 2 2 2 2 2 1.7 0.77 6.0 3.1 3.1 3.1 3.1 3.1 3.1 0.091 0.116 0.074 0.056 0.083 0.141 1 2 2 2 2 2
1979-03-21T09:30:00 1979 3 21 9 30 0 2.7 1.8 346.0 6.4 1.53 0.08 0.0 0.0 2 2 2 2 2 2 2 2 1.0 0.89 5.0 1.8 1.8 1.8 1.8 1.8 1.8 0.061 0.057 0.072 0.032 0.026 0.059 1 2 2 2 2 2
1979-03-21T10:30:00 1979 3 21 10 30 0 3.3 1.0 334.0 6.5 1.45 0.35 0.0 0.0 2 2 2 2 2 2 2 2 1.0 1.01 5.0 1.0 1.0 1.0 1.0 1.0 1.0 0.042 0.029 0.07 0.018 0.008 0.024 1 2 2 2 2 2
1979-03-21T11:30:00 1979 3 21 11 30 0 2.9 1.8 331.0 6.5 1.42 0.35 0.0 0.0 2 2 2 2 2 2 2 2 1.0 1.09 6.0 1.8 1.8 1.8 1.8 1.8 1.8 0.028 0.014 0.067 0.01 0.003 0.01 1 2 2 2 2 2
1979-03-21T12:30:00 1979 3 21 12 30 0 4.5 0.6 345.0 6.3 1.5 0.66 0.0 0.0 2 2 2 2 2 2 2 2 1.3 1.21 7.0 0.6 0.6 0.6 0.6 0.6 0.6 0.019 0.007 0.065 0.006 0.001 0.004 1 2 2 2 2 2
1979-03-21T13:30:00 1979 3 21 13 30 0 4.8 1.1 334.0 6.6 1.47 1.11 0.0 0.0 2 2 2 2 2 2 2 2 1.3 1.33 8.0 1.1 1.1 1.1 1.1 1.1 1.1 0.013 0.003 0.063 0.003 0.0 0.002 1 2 2 2 2 2
1979-03-21T14:30:00 1979 3 21 14 30 0 3.9 4.5 354.0 10.0 2.51 0.57 0.0 0.0 2 2 2 2 2 2 2 2 1.3 1.28 12.0 4.5 4.5 4.5 4.5 4.5 4.5 0.009 0.002 0.061 0.002 0.0 0.001 1 2 2 2 2 2
1979-03-21T15:30:00 1979 3 21 15 30 0 4.9 4.2 351.0 8.7 2.14 0.43 0.0 0.0 2 2 2 2 2 2 2 2 1.0 1.2 12.0 4.2 4.2 4.2 4.2 4.2 4.2 0.006 0.001 0.06 0.001 0.0 0.0 1 2 2 2 2 2
1979-03-21T16:30:00 1979 3 21 16 30 0 7.9 1.0 367.0 8.2 2.21 1.86 0.0 0.0 2 2 2 2 2 2 2 2 1.0 1.11 6.0 1.0 1.0 1.0 1.0 1.0 1.0 0.004 0.0 0.058 0.001 0.0 0.0 1 2 2 2 2 2
1979-03-21T17:30:00 1979 3 21 17 30 0 5.6 -1.7 379.0 7.0 2.13 3.52 1.15 0.83 2 2 2 2 2 2 2 2 1.0 1.11 11.0 -1.7 -1.7 -1.7 -1.7 -1.7 -1.7 0.083 0.188 0.06 0.067 0.242 0.37 2 2 2 2 2 2
1979-03-21T18:30:00 1979 3 21 18 30 0 7.4 0.9 396.0 5.4 1.69 3.44 0.93 0.62 2 2 2 2 2 2 2 2 2.3 1.28 8.0 0.9 0.9 0.9 0.9 0.9 0.9 0.088 0.161 0.059 0.057 0.148 0.278 2 2 2 2 2 2
1979-03-21T19:30:00 1979 3 21 19 30 0 6.2 3.1 387.0 5.8 1.74 2.22 0.0 0.0 2 2 2 2 2 2 2 2 2.3 1.45 6.0 3.1 3.1 3.1 3.1 3.1 3.1 0.059 0.08 0.058 0.032 0.047 0.115 2 2 2 2 2 2
1979-03-21T20:30:00 1979 3 21 20 30 0 5.7 2.4 397.0 5.7 1.8 1.41 0.0 0.0 2 2 2 2 2 2 2 2 2.3 1.58 7.0 2.4 2.4 2.4 2.4 2.4 2.4 0.04 0.04 0.056 0.018 0.015 0.048 2 2 2 2 2 2
1979-03-21T21:30:00 1979 3 21 21 30 0 5.2 3.2 390.0 4.4 1.34 1.12 0.0 0.0 2 2 2 2 2 2 2 2 1.7 1.63 8.0 3.2 3.2 3.2 3.2 3.2 3.2 0.027 0.02 0.054 0.01 0.005 0.02 2 2 2 2 2 2
1979-03-21T22:30:00 1979 3 21 22 30 0 4.6 3.3 378.0 5.4 1.54 0.76 0.0 0.0 2 2 2 2 2 2 2 2 1.7 1.67 8.0 3.3 3.3 3.3 3.3 3.3 3.3 0.018 0.01 0.053 0.006 0.001 0.008 2 2 2 2 2 2
1979-03-21T23:30:00 1979 3 21 23 30 0 2.8 2.6 385.0 6.4 1.9 0.38 0.0 0.0 2 2 2 2 2 2 2 2 1.7 1.76 11.0 2.6 2.6 2.6 2.6 2.6 2.6 0.013 0.005 0.051 0.003 0.0 0.003 2 2 2 2 2 2
