1979-04-26T00:30:00 1979 4 26 0 30 0 -9.2 -0.4 596.0 1.9 1.35 9.02 3.94 1.28 2 2 2 2 2 2 2 2 4.0 5.39 -79.0 -0.4 -0.4 -0.4 -0.4 -0.4 -0.4 0.668 0.564 3.217 0.683 0.876 1.567 2 2 2 2 2 2
1979-04-26T01:30:00 1979 4 26 1 30 0 -6.8 -0.4 590.0 2.1 1.46 7.41 1.19 0.24 2 2 2 2 2 2 2 2 4.0 5.26 -78.0 -0.4 -0.4 -0.4 -0.4 -0.4 -0.4 0.491 0.353 3.122 0.405 0.452 0.806 2 2 2 2 2 2
1979-04-26T02:30:00 1979 4 26 2 30 0 -6.6 -0.4 582.0 2.3 1.56 5.43 1.17 0.26 2 2 2 2 2 2 2 2 4.0 5.04 -80.0 -0.4 -0.4 -0.4 -0.4 -0.4 -0.4 0.372 0.252 3.029 0.25 0.32 0.505 2 2 2 2 2 2
1979-04-26T03:30:00 1979 4 26 3 30 0 -7.5 1.1 574.0 1.9 1.25 5.01 0.11 0.02 2 2 2 2 2 2 2 2 2.3 4.6 -80.0 1.1 1.1 1.1 1.1 1.1 1.1 0.253 0.127 2.936 0.14 0.105 0.216 2 2 2 2 2 2
1979-04-26T04:30:00 1979 4 26 4 30 0 -6.7 2.8 573.0 1.8 1.18 3.61 0.0 0.0 2 2 2 2 2 2 2 2 2.3 4.17 -77.0 2.8 2.8 2.8 2.8 2.8 2.8 0.171 0.063 2.847 0.078 0.033 0.09 2 2 2 2 2 2
1979-04-26T05:30:00 1979 4 26 5 30 0 -2.9 4.4 565.0 1.7 1.09 1.05 0.0 0.0 2 2 2 2 2 2 2 2 2.3 3.75 -70.0 4.4 4.4 4.4 4.4 4.4 4.4 0.116 0.031 2.76 0.044 0.011 0.037 2 2 2 2 2 2
1979-04-26T06:30:00 1979 4 26 6 30 0 -0.7 6.0 550.0 1.8 1.09 0.05 0.0 0.0 2 2 2 2 2 2 2 2 1.0 3.16 -66.0 6.0 6.0 6.0 6.0 6.0 6.0 0.078 0.016 2.675 0.025 0.003 0.015 2 2 2 2 2 2
1979-04-26T07:30:00 1979 4 26 7 30 0 -1.5 6.5 549.0 1.9 1.15 0.01 0.0 0.0 2 2 2 2 2 2 2 2 1.0 2.58 -63.0 6.5 6.5 6.5 6.5 6.5 6.5 0.053 0.008 2.594 0.014 0.001 0.006 2 2 2 2 2 2
1979-04-26T08:30:00 1979 4 26 8 30 0 1.2 6.4 522.0 1.3 0.71 0.0 0.0 0.0 2 2 2 2 2 2 2 2 1.0 2.2 -60.0 6.4 6.4 6.4 6.4 6.4 6.4 0.036 0.004 2.515 0.008 0.0 0.003 2 2 2 2 2 2
1979-04-26T09:30:00 1979 4 26 9 30 0 -2.4 4.4 531.0 1.7 0.96 0.02 0.0 0.0 2 2 2 2 2 2 2 2 2.0 1.97 -55.0 4.4 4.4 4.4 4.4 4.4 4.4 0.024 0.002 2.438 0.004 0.0 0.001 2 2 2 2 2 2
1979-04-26T10:30:00 1979 4 26 10 30 0 -0.3 5.3 539.0 1.4 0.81 0.03 0.0 0.0 2 2 2 2 2 2 2 2 2.0 1.73 -53.0 5.3 5.3 5.3 5.3 5.3 5.3 0.016 0.001 2.363 0.002 0.0 0.0 2 2 2 2 2 2
1979-04-26T11:30:00 1979 4 26 11 30 0 -0.9 5.1 540.0 1.2 0.7 0.0 0.0 0.0 2 2 2 2 2 2 2 2 2.0 1.7 -56.0 5.1 5.1 5.1 5.1 5.1 5.1 0.011 0.0 2.291 0.001 0.0 0.0 2 2 2 2 2 2
1979-04-26T12:30:00 1979 4 26 12 30 0 -1.4 4.4 520.0 1.5 0.81 0.01 0.0 0.0 2 2 2 2 2 2 2 2 1.0 1.54 -56.0 4.4 4.4 4.4 4.4 4.4 4.4 0.008 0.0 2.221 0.001 0.0 0.0 2 2 2 2 2 2
1979-04-26T13:30:00 1979 4 26 13 30 0 -1.2 5.8 546.0 1.5 0.89 0.02 0.0 0.0 2 2 2 2 2 2 2 2 1.0 1.38 -51.0 5.8 5.8 5.8 5.8 5.8 5.8 0.005 0.0 2.154 0.0 0.0 0.0 2 2 2 2 2 2
1979-04-26T14:30:00 1979 4 26 14 30 0 -0.1 5.2 593.0 1.5 1.05 0.0 0.0 0.0 2 2 2 2 2 2 2 2 1.0 1.37 -47.0 5.2 5.2 5.2 5.2 5.2 5.2 0.003 0.0 2.088 0.0 0.0 0.0 2 2 2 2 2 2
1979-04-26T15:30:00 1979 4 26 15 30 0 -4.1 0.5 524.0 1.3 0.71 0.39 0.0 0.0 2 2 2 2 2 2 2 2 2.7 1.59 -47.0 0.5 0.5 0.5 0.5 0.5 0.5 0.002 0.0 2.024 0.0 0.0 0.0 2 2 2 2 2 2
1979-04-26T16:30:00 1979 4 26 16 30 0 -2.9 0.9 495.0 1.3 0.64 0.93 0.0 0.0 2 2 2 2 2 2 2 2 2.7 1.8 -47.0 0.9 0.9 0.9 0.9 0.9 0.9 0.002 0.0 1.962 0.0 0.0 0.0 2 2 2 2 2 2
1979-04-26T17:30:00 1979 4 26 17 30 0 -2.2 -2.4 489.0 2.0 0.96 1.27 2.39 0.44 2 2 2 2 2 2 2 2 2.7 1.9 -48.0 -2.4 -2.4 -2.4 -2.4 -2.4 -2.4 0.086 0.142 1.91 0.089 0.285 0.155 2 2 2 2 2 2
1979-04-26T18:30:00 1979 4 26 18 30 0 -2.0 -2.5 494.0 2.5 1.22 2.44 6.03 1.37 2 2 2 2 2 2 2 2 3.0 2.03 -52.0 -2.5 -2.5 -2.5 -2.5 -2.5 -2.5 0.23 0.327 1.869 0.247 0.574 0.381 2 2 2 2 2 2
1979-04-26T19:30:00 1979 4 26 19 30 0 -1.4 1.1 486.0 2.6 1.23 0.71 1.89 0.48 2 2 2 2 2 2 2 2 3.0 2.16 -55.0 1.1 1.1 1.1 1.1 1.1 1.1 0.196 0.226 1.816 0.17 0.281 0.245 2 2 2 2 2 2
1979-04-26T20:30:00 1979 4 26 20 30 0 -2.8 -2.2 530.0 1.5 0.84 1.07 2.15 0.37 2 2 2 2 2 2 2 2 3.0 2.41 -52.0 -2.2 -2.2 -2.2 -2.2 -2.2 -2.2 0.209 0.236 1.767 0.173 0.363 0.246 2 2 2 2 2 2
1979-04-26T21:30:00 1979 4 26 21 30 0 -2.2 -2.1 525.0 1.8 0.99 2.46 5.66 0.94 2 2 2 2 2 2 2 2 3.0 2.65 -54.0 -2.1 -2.1 -2.1 -2.1 -2.1 -2.1 0.283 0.32 1.728 0.252 0.541 0.33 2 2 2 2 2 2
1979-04-26T22:30:00 1979 4 26 22 30 0 -3.1 2.0 523.0 2.1 1.15 0.89 1.19 0.22 2 2 2 2 2 2 2 2 3.0 2.89 -51.0 2.0 2.0 2.0 2.0 2.0 2.0 0.21 0.188 1.677 0.155 0.221 0.176 2 2 2 2 2 2
1979-04-26T23:30:00 1979 4 26 23 30 0 -3.1 0.7 538.0 2.3 1.33 0.6 0.0 0.0 2 2 2 2 2 2 2 2 3.0 2.93 -47.0 0.7 0.7 0.7 0.7 0.7 0.7 0.142 0.094 1.626 0.087 0.07 0.073 2 2 2 2 2 2
