1979-03-08T00:30:00 1979 3 8 0 30 0 -5.2 0.1 423.0 2.5 0.89 2.83 1.25 0.31 2 2 2 2 2 2 2 2 2.0 1.77 -36.0 0.1 0.1 0.1 0.1 0.1 0.1 0.276 0.268 0.541 0.164 0.223 0.211 2 2 2 2 2 2
1979-03-08T01:30:00 1979 3 8 1 30 0 -5.0 -1.4 397.0 2.7 0.85 2.59 1.44 0.38 2 2 2 2 2 2 2 2 2.0 1.89 -31.0 -1.4 -1.4 -1.4 -1.4 -1.4 -1.4 0.249 0.265 0.528 0.138 0.259 0.22 2 2 2 2 2 2
1979-03-08T02:30:00 1979 3 8 2 30 0 -4.3 -2.4 395.0 3.0 0.94 3.2 3.84 1.1 2 2 2 2 2 2 2 2 2.0 1.93 -30.0 -2.4 -2.4 -2.4 -2.4 -2.4 -2.4 0.303 0.374 0.521 0.209 0.415 0.317 2 2 2 2 2 2
1979-03-08T03:30:00 1979 3 8 3 30 0 -3.9 -2.9 377.0 3.1 0.88 3.48 5.14 1.57 2 2 2 2 2 2 2 2 2.0 1.96 -32.0 -2.9 -2.9 -2.9 -2.9 -2.9 -2.9 0.376 0.484 0.518 0.301 0.519 0.389 2 2 2 2 2 2
1979-03-08T04:30:00 1979 3 8 4 30 0 -4.1 -2.7 390.0 3.1 0.94 3.56 5.36 1.66 2 2 2 2 2 2 2 2 2.0 2.0 -33.0 -2.7 -2.7 -2.7 -2.7 -2.7 -2.7 0.429 0.542 0.515 0.358 0.56 0.429 2 2 2 2 2 2
1979-03-08T05:30:00 1979 3 8 5 30 0 -4.0 -2.3 372.0 3.1 0.86 3.19 4.72 1.46 2 2 2 2 2 2 2 2 2.0 2.0 -35.0 -2.3 -2.3 -2.3 -2.3 -2.3 -2.3 0.445 0.544 0.51 0.357 0.525 0.415 2 2 2 2 2 2
1979-03-08T06:30:00 1979 3 8 6 30 0 -3.9 -0.6 372.0 3.4 0.94 2.03 2.57 0.83 2 2 2 2 2 2 2 2 1.3 1.91 -34.0 -0.6 -0.6 -0.6 -0.6 -0.6 -0.6 0.383 0.437 0.499 0.262 0.364 0.333 2 2 2 2 2 2
1979-03-08T07:30:00 1979 3 8 7 30 0 -4.2 0.1 364.0 3.8 1.01 1.32 0.43 0.15 2 2 2 2 2 2 2 2 1.3 1.82 -33.0 0.1 0.1 0.1 0.1 0.1 0.1 0.274 0.256 0.484 0.153 0.156 0.186 2 2 2 2 2 2
1979-03-08T08:30:00 1979 3 8 8 30 0 -4.9 -1.1 379.0 3.6 1.03 1.88 1.03 0.38 2 2 2 2 2 2 2 2 1.3 1.73 -31.0 -1.1 -1.1 -1.1 -1.1 -1.1 -1.1 0.239 0.254 0.472 0.121 0.211 0.225 2 2 2 2 2 2
1979-03-08T09:30:00 1979 3 8 9 30 0 -4.6 -1.4 370.0 3.7 1.01 2.5 2.36 0.86 2 2 2 2 2 2 2 2 2.7 1.82 -34.0 -1.4 -1.4 -1.4 -1.4 -1.4 -1.4 0.256 0.322 0.462 0.141 0.307 0.299 2 2 2 2 2 2
1979-03-08T10:30:00 1979 3 8 10 30 0 -1.8 0.9 353.0 3.8 0.95 0.91 0.68 0.25 2 2 2 2 2 2 2 2 2.7 1.92 -35.0 0.9 0.9 0.9 0.9 0.9 0.9 0.192 0.202 0.449 0.089 0.139 0.169 2 2 2 2 2 2
1979-03-08T11:30:00 1979 3 8 11 30 0 0.8 -1.4 355.0 3.9 0.98 0.15 0.86 0.33 2 2 2 2 2 2 2 2 2.7 2.01 -29.0 -1.4 -1.4 -1.4 -1.4 -1.4 -1.4 0.18 0.221 0.437 0.086 0.191 0.199 2 2 2 2 2 2
1979-03-08T12:30:00 1979 3 8 12 30 0 -1.6 0.9 347.0 3.8 0.92 0.11 0.65 0.25 2 2 2 2 2 2 2 2 2.0 2.01 -28.0 0.9 0.9 0.9 0.9 0.9 0.9 0.14 0.152 0.424 0.058 0.1 0.126 2 2 2 2 2 2
1979-03-08T13:30:00 1979 3 8 13 30 0 -2.0 1.5 350.0 3.9 0.96 0.1 0.0 0.0 2 2 2 2 2 2 2 2 2.0 2.01 -28.0 1.5 1.5 1.5 1.5 1.5 1.5 0.095 0.075 0.411 0.032 0.032 0.052 2 2 2 2 2 2
1979-03-08T14:30:00 1979 3 8 14 30 0 -2.7 1.3 350.0 4.0 0.98 0.19 0.0 0.0 2 2 2 2 2 2 2 2 2.0 2.09 -25.0 1.3 1.3 1.3 1.3 1.3 1.3 0.064 0.037 0.399 0.018 0.01 0.022 2 2 2 2 2 2
1979-03-08T15:30:00 1979 3 8 15 30 0 -0.5 1.0 353.0 4.2 1.05 0.09 0.0 0.0 2 2 2 2 2 2 2 2 1.0 2.04 -23.0 1.0 1.0 1.0 1.0 1.0 1.0 0.043 0.019 0.387 0.01 0.003 0.009 2 2 2 2 2 2
1979-03-08T16:30:00 1979 3 8 16 30 0 2.0 -0.8 352.0 4.3 1.07 0.15 0.37 0.16 2 2 2 2 2 2 2 2 1.0 1.99 -22.0 -0.8 -0.8 -0.8 -0.8 -0.8 -0.8 0.055 0.08 0.376 0.021 0.088 0.09 2 2 2 2 2 2
1979-03-08T17:30:00 1979 3 8 17 30 0 0.7 -0.4 343.0 4.0 0.94 0.27 1.01 0.42 2 2 2 2 2 2 2 2 1.0 1.78 -24.0 -0.4 -0.4 -0.4 -0.4 -0.4 -0.4 0.08 0.15 0.366 0.034 0.144 0.159 2 2 2 2 2 2
1979-03-08T18:30:00 1979 3 8 18 30 0 0.2 -0.6 339.0 3.8 0.87 0.08 0.87 0.34 2 2 2 2 2 2 2 2 1.3 1.61 -26.0 -0.6 -0.6 -0.6 -0.6 -0.6 -0.6 0.095 0.183 0.356 0.041 0.161 0.176 2 2 2 2 2 2
1979-03-08T19:30:00 1979 3 8 19 30 0 0.2 -0.9 339.0 4.0 0.92 0.13 1.29 0.51 2 2 2 2 2 2 2 2 1.3 1.44 -25.0 -0.9 -0.9 -0.9 -0.9 -0.9 -0.9 0.123 0.235 0.347 0.059 0.204 0.212 2 2 2 2 2 2
1979-03-08T20:30:00 1979 3 8 20 30 0 0.5 -2.5 346.0 4.4 1.05 0.7 3.03 1.29 2 2 2 2 2 2 2 2 1.3 1.36 -23.0 -2.5 -2.5 -2.5 -2.5 -2.5 -2.5 0.216 0.39 0.343 0.156 0.369 0.347 2 2 2 2 2 2
1979-03-08T21:30:00 1979 3 8 21 30 0 2.3 -1.6 348.0 4.5 1.09 1.13 3.49 1.55 2 2 2 2 2 2 2 2 1.7 1.33 -22.0 -1.6 -1.6 -1.6 -1.6 -1.6 -1.6 0.28 0.464 0.341 0.207 0.412 0.415 2 2 2 2 2 2
1979-03-08T22:30:00 1979 3 8 22 30 0 -0.2 -2.3 345.0 4.6 1.1 0.98 3.43 1.56 2 2 2 2 2 2 2 2 1.7 1.3 -25.0 -2.3 -2.3 -2.3 -2.3 -2.3 -2.3 0.334 0.522 0.338 0.25 0.452 0.464 2 2 2 2 2 2
1979-03-08T23:30:00 1979 3 8 23 30 0 1.5 -1.5 349.0 4.8 1.17 0.82 3.24 1.52 2 2 2 2 2 2 2 2 1.7 1.38 -26.0 -1.5 -1.5 -1.5 -1.5 -1.5 -1.5 0.355 0.524 0.335 0.251 0.432 0.474 2 2 2 2 2 2
