1979-02-27T00:30:00 1979 2 27 0 30 0 -2.3 -7.6 481.0 3.0 1.39 13.75 16.53 4.89 2 2 2 2 2 2 2 2 5.7 4.37 -70.0 -7.6 -7.6 -7.6 -7.6 -7.6 -7.6 1.326 1.101 1.103 1.693 1.445 1.048 2 2 2 2 2 2
1979-02-27T01:30:00 1979 2 27 1 30 0 -3.2 -7.5 498.0 2.2 1.09 15.75 18.49 4.74 2 2 2 2 2 2 2 2 5.7 4.55 -66.0 -7.5 -7.5 -7.5 -7.5 -7.5 -7.5 1.362 1.1 1.15 1.797 1.515 1.037 2 2 2 2 2 2
1979-02-27T02:30:00 1979 2 27 2 30 0 -4.5 -6.0 488.0 2.3 1.1 13.97 16.48 3.71 2 2 2 2 2 2 2 2 5.7 4.73 -72.0 -6.0 -6.0 -6.0 -6.0 -6.0 -6.0 1.317 1.029 1.18 1.683 1.397 0.93 2 2 2 2 2 2
1979-02-27T03:30:00 1979 2 27 3 30 0 -4.3 -5.5 472.0 2.2 0.98 11.24 13.73 3.09 2 2 2 2 2 2 2 2 4.7 4.78 -74.0 -5.5 -5.5 -5.5 -5.5 -5.5 -5.5 1.233 0.946 1.194 1.486 1.236 0.811 2 2 2 2 2 2
1979-02-27T04:30:00 1979 2 27 4 30 0 -5.2 -4.5 485.0 2.3 1.08 9.69 11.87 2.67 2 2 2 2 2 2 2 2 4.7 4.82 -69.0 -4.5 -4.5 -4.5 -4.5 -4.5 -4.5 1.134 0.864 1.199 1.281 1.116 0.743 2 2 2 2 2 2
1979-02-27T05:30:00 1979 2 27 5 30 0 -3.5 -0.1 452.0 2.5 1.02 4.05 5.0 1.19 2 2 2 2 2 2 2 2 4.7 4.9 -73.0 -0.1 -0.1 -0.1 -0.1 -0.1 -0.1 0.879 0.596 1.174 0.834 0.621 0.499 2 2 2 2 2 2
1979-02-27T06:30:00 1979 2 27 6 30 0 -5.7 -4.1 485.0 2.2 1.03 4.66 5.38 1.23 2 2 2 2 2 2 2 2 3.0 4.76 -68.0 -4.1 -4.1 -4.1 -4.1 -4.1 -4.1 0.774 0.566 1.157 0.692 0.701 0.504 2 2 2 2 2 2
1979-02-27T07:30:00 1979 2 27 7 30 0 -5.0 -2.0 451.0 2.3 0.94 6.12 6.94 1.56 2 2 2 2 2 2 2 2 3.0 4.62 -72.0 -2.0 -2.0 -2.0 -2.0 -2.0 -2.0 0.7 0.543 1.14 0.592 0.666 0.477 2 2 2 2 2 2
1979-02-27T08:30:00 1979 2 27 8 30 0 -4.6 0.3 455.0 2.3 0.95 2.67 1.78 0.41 2 2 2 2 2 2 2 2 3.0 4.28 -64.0 0.3 0.3 0.3 0.3 0.3 0.3 0.517 0.346 1.108 0.361 0.322 0.283 2 2 2 2 2 2
1979-02-27T09:30:00 1979 2 27 9 30 0 -3.8 -2.0 453.0 2.5 1.03 2.29 2.17 0.53 2 2 2 2 2 2 2 2 3.3 3.98 -53.0 -2.0 -2.0 -2.0 -2.0 -2.0 -2.0 0.436 0.331 1.08 0.281 0.376 0.305 2 2 2 2 2 2
1979-02-27T10:30:00 1979 2 27 10 30 0 -4.5 -2.4 459.0 2.2 0.93 3.6 5.06 1.18 2 2 2 2 2 2 2 2 3.3 3.69 -49.0 -2.4 -2.4 -2.4 -2.4 -2.4 -2.4 0.445 0.401 1.061 0.317 0.521 0.372 2 2 2 2 2 2
1979-02-27T11:30:00 1979 2 27 11 30 0 -6.1 -3.0 457.0 2.2 0.92 5.6 6.24 1.37 2 2 2 2 2 2 2 2 3.3 3.52 -50.0 -3.0 -3.0 -3.0 -3.0 -3.0 -3.0 0.478 0.468 1.046 0.384 0.624 0.415 2 2 2 2 2 2
1979-02-27T12:30:00 1979 2 27 12 30 0 -5.0 -2.9 444.0 2.2 0.87 6.0 6.63 1.46 2 2 2 2 2 2 2 2 3.7 3.41 -48.0 -2.9 -2.9 -2.9 -2.9 -2.9 -2.9 0.505 0.507 1.032 0.429 0.652 0.426 2 2 2 2 2 2
1979-02-27T13:30:00 1979 2 27 13 30 0 -5.7 -3.3 448.0 2.3 0.92 6.07 6.95 1.57 2 2 2 2 2 2 2 2 3.7 3.3 -45.0 -3.3 -3.3 -3.3 -3.3 -3.3 -3.3 0.537 0.546 1.02 0.478 0.693 0.451 2 2 2 2 2 2
1979-02-27T14:30:00 1979 2 27 14 30 0 -5.7 -4.1 465.0 2.9 1.25 7.73 8.54 2.25 2 2 2 2 2 2 2 2 3.7 3.38 -48.0 -4.1 -4.1 -4.1 -4.1 -4.1 -4.1 0.616 0.636 1.018 0.608 0.848 0.599 2 2 2 2 2 2
1979-02-27T15:30:00 1979 2 27 15 30 0 -5.7 -2.7 449.0 2.7 1.09 7.02 7.63 2.14 2 2 2 2 2 2 2 2 3.3 3.42 -51.0 -2.7 -2.7 -2.7 -2.7 -2.7 -2.7 0.632 0.637 1.01 0.606 0.798 0.613 2 2 2 2 2 2
1979-02-27T16:30:00 1979 2 27 16 30 0 -4.4 -3.1 450.0 2.7 1.09 5.37 6.56 1.77 2 2 2 2 2 2 2 2 3.3 3.45 -48.0 -3.1 -3.1 -3.1 -3.1 -3.1 -3.1 0.627 0.622 0.998 0.576 0.757 0.59 2 2 2 2 2 2
1979-02-27T17:30:00 1979 2 27 17 30 0 -3.6 -0.7 439.0 2.8 1.08 2.93 4.01 1.1 2 2 2 2 2 2 2 2 3.3 3.45 -52.0 -0.7 -0.7 -0.7 -0.7 -0.7 -0.7 0.534 0.496 0.977 0.423 0.526 0.466 2 2 2 2 2 2
1979-02-27T18:30:00 1979 2 27 18 30 0 -2.0 1.9 431.0 3.0 1.11 0.57 0.15 0.04 2 2 2 2 2 2 2 2 2.3 3.32 -50.0 1.9 1.9 1.9 1.9 1.9 1.9 0.363 0.25 0.947 0.237 0.171 0.2 2 2 2 2 2 2
1979-02-27T19:30:00 1979 2 27 19 30 0 -2.8 0.4 437.0 3.3 1.26 0.32 0.0 0.0 2 2 2 2 2 2 2 2 2.3 3.18 -42.0 0.4 0.4 0.4 0.4 0.4 0.4 0.246 0.124 0.918 0.133 0.054 0.083 2 2 2 2 2 2
1979-02-27T20:30:00 1979 2 27 20 30 0 -3.0 1.8 415.0 3.4 1.17 0.43 0.0 0.0 2 2 2 2 2 2 2 2 2.3 3.01 -39.0 1.8 1.8 1.8 1.8 1.8 1.8 0.166 0.062 0.89 0.074 0.017 0.034 2 2 2 2 2 2
1979-02-27T21:30:00 1979 2 27 21 30 0 -3.5 -2.0 414.0 3.5 1.2 1.19 1.27 0.44 2 2 2 2 2 2 2 2 2.0 2.79 -38.0 -2.0 -2.0 -2.0 -2.0 -2.0 -2.0 0.179 0.166 0.867 0.103 0.217 0.193 2 2 2 2 2 2
1979-02-27T22:30:00 1979 2 27 22 30 0 -3.0 -1.8 407.0 3.6 1.19 2.15 3.88 1.38 2 2 2 2 2 2 2 2 2.0 2.58 -44.0 -1.8 -1.8 -1.8 -1.8 -1.8 -1.8 0.259 0.332 0.85 0.188 0.419 0.379 2 2 2 2 2 2
1979-02-27T23:30:00 1979 2 27 23 30 0 -3.1 -4.4 416.0 3.5 1.21 3.75 6.62 2.34 2 2 2 2 2 2 2 2 2.0 2.42 -42.0 -4.4 -4.4 -4.4 -4.4 -4.4 -4.4 0.413 0.548 0.846 0.408 0.696 0.584 2 2 2 2 2 2
