1979-02-02T00:30:00 1979 2 2 0 30 0 -3.7 -3.0 483.0 1.1 0.51 3.66 4.47 0.49 2 2 2 2 2 2 2 2 2.7 1.35 -27.0 -3.0 -3.0 -3.0 -3.0 -3.0 -3.0 0.143 0.208 0.164 0.137 0.367 0.133 2 2 2 2 2 2
1979-02-02T01:30:00 1979 2 2 1 30 0 -4.5 -4.5 508.0 1.2 0.62 6.68 9.48 1.1 2 2 2 2 2 2 2 2 2.7 1.6 -29.0 -4.5 -4.5 -4.5 -4.5 -4.5 -4.5 0.298 0.362 0.186 0.358 0.644 0.229 2 2 2 2 2 2
1979-02-02T02:30:00 1979 2 2 2 30 0 -4.1 -3.9 488.0 1.3 0.62 7.58 10.38 1.3 2 2 2 2 2 2 2 2 2.7 1.85 -34.0 -3.9 -3.9 -3.9 -3.9 -3.9 -3.9 0.414 0.451 0.209 0.496 0.736 0.283 2 2 2 2 2 2
1979-02-02T03:30:00 1979 2 2 3 30 0 -4.1 -3.25 481.7 1.3 0.62 5.91 8.6 1.12 1 1 1 1 1 1 1 1 2.7 2.09 -37.0 -3.42 -3.36 -3.53 -3.52 -3.37 -3.32 0.467 0.472 0.226 0.527 0.703 0.287 2 1 2 2 1 1
1979-02-02T04:30:00 1979 2 2 4 30 0 -3.96 -0.85 475.3 1.27 0.59 3.37 4.67 0.6 1 1 1 1 1 1 1 1 2.7 2.34 -34.0 -1.64 -1.37 -2.15 -2.12 -1.4 -1.16 0.439 0.402 0.234 0.452 0.527 0.232 1 1 2 1 1 1
1979-02-02T05:30:00 1979 2 2 5 30 0 -3.65 -0.4 469.0 1.25 0.56 1.75 1.43 0.18 1 0 1 1 1 1 1 1 2.7 2.46 -31.0 -1.31 -1.0 -1.89 -1.85 -1.03 -0.75 0.378 0.312 0.236 0.358 0.37 0.169 1 1 2 1 1 1
1979-02-02T06:30:00 1979 2 2 6 30 0 -3.34 -0.2 462.7 1.23 0.52 1.3 0.68 0.08 1 1 1 1 1 1 1 1 2.7 2.58 -30.0 -0.99 -0.72 -1.49 -1.46 -0.75 -0.51 0.319 0.245 0.236 0.28 0.277 0.126 1 1 2 1 1 1
1979-02-02T07:30:00 1979 2 2 7 30 0 -3.2 0.83 456.3 1.2 0.49 0.86 0.03 0.0 1 1 1 1 1 1 1 1 2.7 2.7 -25.0 0.66 0.72 0.56 0.56 0.71 0.76 0.227 0.131 0.23 0.169 0.104 0.058 1 1 2 1 1 1
1979-02-02T08:30:00 1979 2 2 8 30 0 -3.2 1.1 450.0 1.2 0.49 0.62 0.0 0.0 2 2 2 2 2 2 2 2 2.7 2.7 -24.0 1.1 1.1 1.1 1.1 1.1 1.1 0.154 0.065 0.223 0.094 0.033 0.024 1 1 2 1 1 1
1979-02-02T09:30:00 1979 2 2 9 30 0 -3.5 -1.4 450.0 1.1 0.45 1.24 1.02 0.11 2 2 2 2 2 2 2 2 2.7 2.7 -27.0 -1.4 -1.4 -1.4 -1.4 -1.4 -1.4 0.139 0.1 0.218 0.08 0.134 0.053 1 2 2 1 2 2
1979-02-02T10:30:00 1979 2 2 10 30 0 -3.6 0.0 440.0 1.1 0.43 1.53 1.43 0.16 2 2 2 2 2 2 2 2 2.7 2.7 -28.0 0.0 0.0 0.0 0.0 0.0 0.0 0.121 0.099 0.213 0.062 0.115 0.052 1 2 2 2 2 2
1979-02-02T11:30:00 1979 2 2 11 30 0 -3.3 -0.1 431.0 1.1 0.41 1.07 0.12 0.01 2 2 2 2 2 2 2 2 2.7 2.7 -30.0 -0.1 -0.1 -0.1 -0.1 -0.1 -0.1 0.087 0.065 0.207 0.036 0.061 0.034 2 2 2 2 2 2
1979-02-02T12:30:00 1979 2 2 12 30 0 -4.5 -0.2 447.0 1.1 0.44 1.48 0.34 0.04 2 2 2 2 2 2 2 2 1.7 2.57 -34.0 -0.2 -0.2 -0.2 -0.2 -0.2 -0.2 0.07 0.061 0.201 0.024 0.067 0.036 2 2 2 2 2 2
1979-02-02T13:30:00 1979 2 2 13 30 0 -4.0 -0.1 428.0 1.1 0.4 1.65 0.32 0.04 2 2 2 2 2 2 2 2 1.7 2.44 -36.0 -0.1 -0.1 -0.1 -0.1 -0.1 -0.1 0.057 0.055 0.195 0.016 0.059 0.034 2 2 2 2 2 2
1979-02-02T14:30:00 1979 2 2 14 30 0 -3.7 0.0 437.0 1.3 0.5 1.31 0.1 0.01 2 2 2 2 2 2 2 2 1.7 2.31 -30.0 0.0 0.0 0.0 0.0 0.0 0.0 0.041 0.036 0.189 0.01 0.03 0.022 2 2 2 2 2 2
1979-02-02T15:30:00 1979 2 2 15 30 0 -2.2 -4.4 457.0 1.3 0.54 2.99 5.37 0.7 2 2 2 2 2 2 2 2 1.7 2.19 -21.0 -4.4 -4.4 -4.4 -4.4 -4.4 -4.4 0.173 0.232 0.198 0.186 0.393 0.14 2 2 2 2 2 2
1979-02-02T16:30:00 1979 2 2 16 30 0 -2.7 -3.2 440.0 1.1 0.43 4.49 8.4 1.01 2 2 2 2 2 2 2 2 1.7 2.06 -18.0 -3.2 -3.2 -3.2 -3.2 -3.2 -3.2 0.286 0.35 0.21 0.317 0.519 0.18 2 2 2 2 2 2
1979-02-02T17:30:00 1979 2 2 17 30 0 -3.4 -3.4 447.0 1.1 0.44 4.11 7.34 0.81 2 2 2 2 2 2 2 2 1.7 1.94 -20.0 -3.4 -3.4 -3.4 -3.4 -3.4 -3.4 0.347 0.392 0.219 0.364 0.535 0.184 2 2 2 2 2 2
1979-02-02T18:30:00 1979 2 2 18 30 0 -1.0 -0.8 412.0 1.0 0.34 1.83 4.3 0.45 2 2 2 2 2 2 2 2 2.3 1.9 -23.0 -0.8 -0.8 -0.8 -0.8 -0.8 -0.8 0.315 0.322 0.219 0.277 0.363 0.137 2 2 2 2 2 2
1979-02-02T19:30:00 1979 2 2 19 30 0 -1.4 -2.0 435.0 1.0 0.38 0.79 3.09 0.31 2 2 2 2 2 2 2 2 2.3 1.86 -22.0 -2.0 -2.0 -2.0 -2.0 -2.0 -2.0 0.289 0.287 0.218 0.222 0.321 0.117 2 2 2 2 2 2
1979-02-02T20:30:00 1979 2 2 20 30 0 -3.4 -3.8 463.0 0.7 0.3 3.32 6.72 0.55 2 2 2 2 2 2 2 2 2.3 1.93 -21.0 -3.8 -3.8 -3.8 -3.8 -3.8 -3.8 0.327 0.325 0.225 0.283 0.43 0.122 2 2 2 2 2 2
1979-02-02T21:30:00 1979 2 2 21 30 0 -3.0 -3.6 449.0 0.9 0.36 4.97 8.41 0.68 2 2 2 2 2 2 2 2 2.0 1.97 -27.0 -3.6 -3.6 -3.6 -3.6 -3.6 -3.6 0.373 0.366 0.235 0.351 0.5 0.135 2 2 2 2 2 2
1979-02-02T22:30:00 1979 2 2 22 30 0 -3.1 -1.7 432.0 0.9 0.34 3.04 5.67 0.51 2 2 2 2 2 2 2 2 2.0 2.0 -35.0 -1.7 -1.7 -1.7 -1.7 -1.7 -1.7 0.356 0.336 0.237 0.303 0.41 0.122 2 2 2 2 2 2
1979-02-02T23:30:00 1979 2 2 23 30 0 -1.0 -1.3 400.0 0.9 0.29 1.11 3.08 0.28 2 2 2 2 2 2 2 2 2.0 2.04 -42.0 -1.3 -1.3 -1.3 -1.3 -1.3 -1.3 0.306 0.278 0.234 0.222 0.295 0.095 2 2 2 2 2 2
