1979-05-30T00:30:00 1979 5 30 0 30 0 7.9 15.3 386.1 6.09 1.96 0.65 0.0 0.0 2 2 1 0 0 2 2 1 3.3 5.48 31.0 15.3 15.3 15.3 15.3 15.3 15.3 0.057 0.03 0.222 0.023 0.01 0.029 0 0 1 0 0 0
1979-05-30T01:30:00 1979 5 30 1 30 0 9.0 12.3 384.2 6.1 1.96 0.93 0.0 0.0 2 2 1 0 0 2 2 1 3.3 5.57 28.0 12.3 12.3 12.3 12.3 12.3 12.3 0.039 0.015 0.215 0.013 0.003 0.012 0 0 1 0 0 0
1979-05-30T02:30:00 1979 5 30 2 30 0 8.1 6.6 382.3 6.1 1.96 1.41 0.0 0.0 2 2 1 0 0 2 2 1 3.3 5.25 17.0 6.6 6.6 6.6 6.6 6.6 6.6 0.026 0.007 0.209 0.007 0.001 0.005 0 0 1 0 0 0
1979-05-30T03:30:00 1979 5 30 3 30 0 7.8 3.1 380.3 6.1 1.96 2.03 0.0 0.0 2 2 1 0 0 2 2 1 3.7 5.0 11.0 3.1 3.1 3.1 3.1 3.1 3.1 0.018 0.004 0.202 0.004 0.0 0.002 0 0 1 0 0 0
1979-05-30T04:30:00 1979 5 30 4 30 0 8.4 0.2 378.4 6.1 1.96 3.55 0.0 0.0 2 2 1 0 0 2 2 1 3.7 4.74 5.0 0.2 0.2 0.2 0.2 0.2 0.2 0.012 0.002 0.196 0.002 0.0 0.001 0 0 1 0 0 0
1979-05-30T05:30:00 1979 5 30 5 30 0 7.3 8.1 376.5 6.1 1.95 2.19 0.0 0.0 2 2 1 0 0 2 2 1 3.7 4.34 -5.0 8.1 8.1 8.1 8.1 8.1 8.1 0.008 0.001 0.19 0.001 0.0 0.0 0 0 1 0 0 0
1979-05-30T06:30:00 1979 5 30 6 30 0 6.7 7.8 374.6 6.1 1.95 0.91 0.0 0.0 2 2 1 0 0 2 2 1 3.0 3.85 -3.0 7.8 7.8 7.8 7.8 7.8 7.8 0.006 0.0 0.184 0.001 0.0 0.0 0 0 1 0 0 0
1979-05-30T07:30:00 1979 5 30 7 30 0 7.4 7.9 372.6 6.1 1.95 0.95 0.0 0.0 2 2 1 0 0 2 2 1 3.0 3.37 -4.0 7.9 7.9 7.9 7.9 7.9 7.9 0.004 0.0 0.179 0.0 0.0 0.0 0 0 1 0 0 0
1979-05-30T08:30:00 1979 5 30 8 30 0 7.9 6.9 370.7 6.1 1.95 1.26 0.0 0.0 2 2 1 0 0 2 2 1 3.0 3.33 -6.0 6.9 6.9 6.9 6.9 6.9 6.9 0.003 0.0 0.173 0.0 0.0 0.0 0 0 1 0 0 0
1979-05-30T09:30:00 1979 5 30 9 30 0 8.2 6.6 368.8 6.1 1.95 1.54 0.0 0.0 2 2 1 0 0 2 2 1 1.7 3.12 -7.0 6.6 6.6 6.6 6.6 6.6 6.6 0.002 0.0 0.168 0.0 0.0 0.0 0 0 1 0 0 0
1979-05-30T10:30:00 1979 5 30 10 30 0 7.9 6.4 366.8 6.1 1.95 1.56 0.0 0.0 2 2 1 0 0 2 2 1 1.7 2.91 -3.0 6.4 6.4 6.4 6.4 6.4 6.4 0.001 0.0 0.163 0.0 0.0 0.0 0 0 1 0 0 0
1979-05-30T11:30:00 1979 5 30 11 30 0 8.1 6.5 364.9 6.1 1.95 1.55 0.0 0.0 2 2 1 0 0 2 2 1 1.7 2.66 -4.0 6.5 6.5 6.5 6.5 6.5 6.5 0.001 0.0 0.158 0.0 0.0 0.0 0 0 1 0 0 0
1979-05-30T12:30:00 1979 5 30 12 30 0 8.1 6.4 363.0 6.1 1.95 1.59 0.0 0.0 2 2 1 0 0 2 2 1 1.7 2.42 -6.0 6.4 6.4 6.4 6.4 6.4 6.4 0.001 0.0 0.153 0.0 0.0 0.0 0 0 1 0 0 0
1979-05-30T13:30:00 1979 5 30 13 30 0 8.6 6.7 361.1 6.1 1.95 1.69 0.0 0.0 2 2 1 0 0 2 2 1 1.7 2.17 -6.0 6.7 6.7 6.7 6.7 6.7 6.7 0.0 0.0 0.148 0.0 0.0 0.0 0 0 1 0 0 0
1979-05-30T14:30:00 1979 5 30 14 30 0 6.5 8.5 359.1 6.1 1.95 1.11 0.0 0.0 2 2 1 0 0 2 2 1 1.7 2.01 -5.0 8.5 8.5 8.5 8.5 8.5 8.5 0.0 0.0 0.144 0.0 0.0 0.0 0 0 1 0 0 0
1979-05-30T15:30:00 1979 5 30 15 30 0 5.6 7.9 357.2 6.1 1.95 0.56 0.0 0.0 2 2 1 0 0 2 2 1 1.7 1.85 -4.0 7.9 7.9 7.9 7.9 7.9 7.9 0.0 0.0 0.139 0.0 0.0 0.0 0 0 1 0 0 0
1979-05-30T16:30:00 1979 5 30 16 30 0 5.4 8.5 355.3 6.1 1.95 0.43 0.0 0.0 2 2 1 0 0 2 2 1 1.7 1.7 -2.0 8.5 8.5 8.5 8.5 8.5 8.5 0.0 0.0 0.135 0.0 0.0 0.0 0 0 1 0 0 0
1979-05-30T17:30:00 1979 5 30 17 30 0 5.8 8.8 352.4 6.1 1.95 0.43 0.0 0.0 2 2 1 0 0 2 2 1 1.7 1.7 -1.0 8.8 8.8 8.8 8.8 8.8 8.8 0.0 0.0 0.131 0.0 0.0 0.0 0 0 1 0 0 0
1979-05-30T18:30:00 1979 5 30 18 30 0 5.6 8.6 348.7 6.1 1.94 0.44 0.0 0.0 2 2 1 0 0 2 2 1 1.0 1.61 -1.0 8.6 8.6 8.6 8.6 8.6 8.6 0.0 0.0 0.127 0.0 0.0 0.0 0 0 1 0 0 0
1979-05-30T19:30:00 1979 5 30 19 30 0 5.2 8.7 344.9 6.1 1.94 0.37 0.0 0.0 2 2 1 0 0 2 2 1 1.0 1.52 1.0 8.7 8.7 8.7 8.7 8.7 8.7 0.0 0.0 0.123 0.0 0.0 0.0 0 0 1 0 0 0
1979-05-30T20:30:00 1979 5 30 20 30 0 4.1 8.8 343.0 6.1 1.94 0.24 0.0 0.0 2 2 1 0 0 2 2 1 1.0 1.43 2.0 8.8 8.8 8.8 8.8 8.8 8.8 0.0 0.0 0.119 0.0 0.0 0.0 0 0 1 0 0 0
1979-05-30T21:30:00 1979 5 30 21 30 0 3.5 8.7 343.0 6.1 1.94 0.13 0.0 0.0 2 2 1 0 0 2 2 1 0.7 1.3 0.0 8.7 8.7 8.7 8.7 8.7 8.7 0.0 0.0 0.116 0.0 0.0 0.0 0 0 1 0 0 0
1979-05-30T22:30:00 1979 5 30 22 30 0 3.9 8.7 343.0 6.1 1.94 0.13 0.0 0.0 2 2 1 0 0 2 2 1 0.7 1.18 -3.0 8.7 8.7 8.7 8.7 8.7 8.7 0.0 0.0 0.112 0.0 0.0 0.0 0 0 1 0 0 0
1979-05-30T23:30:00 1979 5 30 23 30 0 4.6 8.5 343.0 6.1 1.94 0.19 0.0 0.0 2 2 1 0 0 2 2 1 0.7 1.05 -5.0 8.5 8.5 8.5 8.5 8.5 8.5 0.0 0.0 0.109 0.0 0.0 0.0 0 0 1 0 0 0
