1979-10-04T00:30:00 1979 10 4 0 30 0 -1.3 2.9 414.0 10.0 3.43 0.0 0.0 0.0 2 2 2 2 2 2 2 2 3.0 2.27 -4.0 2.9 2.9 2.9 2.9 2.9 2.9 0.002 0.0 0.227 0.0 0.0 0.0 2 2 2 2 2 2
1979-10-04T01:30:00 1979 10 4 1 30 0 -3.2 2.0 413.0 10.9 3.72 0.17 0.0 0.0 2 2 2 2 2 2 2 2 3.0 2.25 -6.0 2.0 2.0 2.0 2.0 2.0 2.0 0.001 0.0 0.22 0.0 0.0 0.0 2 2 2 2 2 2
1979-10-04T02:30:00 1979 10 4 2 30 0 -3.6 3.0 408.0 10.7 3.56 0.38 0.0 0.0 2 2 2 2 2 2 2 2 3.0 2.3 0.0 3.0 3.0 3.0 3.0 3.0 3.0 0.001 0.0 0.213 0.0 0.0 0.0 2 2 2 2 2 2
1979-10-04T03:30:00 1979 10 4 3 30 0 -3.4 1.7 403.0 10.8 3.08 0.43 0.0 0.0 2 2 2 2 2 2 2 2 1.7 2.17 0.0 1.7 1.7 1.7 1.7 1.7 1.7 0.001 0.0 0.207 0.0 0.0 0.0 2 2 2 2 2 2
1979-10-04T04:30:00 1979 10 4 4 30 0 -2.1 -0.9 399.0 13.9 4.43 0.55 0.39 0.53 2 2 2 2 2 2 2 2 1.7 2.05 -3.0 -0.9 -0.9 -0.9 -0.9 -0.9 -0.9 0.045 0.123 0.202 0.031 0.17 0.516 2 2 2 2 2 2
1979-10-04T05:30:00 1979 10 4 5 30 0 -1.5 -2.5 402.0 17.0 5.49 1.21 3.54 5.6 2 2 2 2 2 2 2 2 1.7 2.09 0.0 -2.5 -2.5 -2.5 -2.5 -2.5 -2.5 0.283 0.577 0.213 0.278 0.724 2.288 2 2 2 2 2 2
1979-10-04T06:30:00 1979 10 4 6 30 0 -0.4 -1.5 399.0 17.3 5.51 1.06 3.92 6.73 2 2 2 2 2 2 2 2 3.3 2.34 1.0 -1.5 -1.5 -1.5 -1.5 -1.5 -1.5 0.438 0.79 0.224 0.396 0.855 3.066 2 2 2 2 2 2
1979-10-04T07:30:00 1979 10 4 7 30 0 1.5 -3.6 397.0 10.9 3.44 1.79 5.25 7.04 2 2 2 2 2 2 2 2 3.3 2.59 -5.0 -3.6 -3.6 -3.6 -3.6 -3.6 -3.6 0.616 0.991 0.243 0.601 1.044 3.102 2 2 2 2 2 2
1979-10-04T08:30:00 1979 10 4 8 30 0 -2.4 -6.2 392.0 6.7 2.06 5.78 9.87 8.34 2 2 2 2 2 2 2 2 3.3 2.63 -8.0 -6.2 -6.2 -6.2 -6.2 -6.2 -6.2 0.869 1.216 0.282 1.009 1.28 2.629 2 2 2 2 2 2
1979-10-04T09:30:00 1979 10 4 9 30 0 -0.9 -5.2 390.0 10.2 3.1 7.19 11.06 9.45 2 2 2 2 2 2 2 2 4.0 2.77 -5.0 -5.2 -5.2 -5.2 -5.2 -5.2 -5.2 1.076 1.389 0.326 1.3 1.414 2.685 2 2 2 2 2 2
1979-10-04T10:30:00 1979 10 4 10 30 0 -2.2 -3.0 384.0 11.0 3.24 3.94 7.76 8.22 2 2 2 2 2 2 2 2 4.0 2.9 -8.0 -3.0 -3.0 -3.0 -3.0 -3.0 -3.0 1.098 1.337 0.349 1.199 1.241 2.655 2 2 2 2 2 2
1979-10-04T11:30:00 1979 10 4 11 30 0 -1.1 5.8 384.0 5.9 1.74 0.33 0.75 0.77 2 2 2 2 2 2 2 2 4.0 3.19 -9.0 5.8 5.8 5.8 5.8 5.8 5.8 0.763 0.706 0.34 0.684 0.434 1.206 2 2 2 2 2 2
1979-10-04T12:30:00 1979 10 4 12 30 0 -1.7 5.4 381.0 5.2 1.51 0.01 0.0 0.0 2 2 2 2 2 2 2 2 0.3 2.98 -6.0 5.4 5.4 5.4 5.4 5.4 5.4 0.517 0.351 0.329 0.383 0.138 0.5 2 2 2 2 2 2
1979-10-04T13:30:00 1979 10 4 13 30 0 -0.8 6.3 381.0 5.5 1.6 0.01 0.0 0.0 2 2 2 2 2 2 2 2 0.3 2.78 -8.0 6.3 6.3 6.3 6.3 6.3 6.3 0.35 0.174 0.319 0.214 0.044 0.207 2 2 2 2 2 2
1979-10-04T14:30:00 1979 10 4 14 30 0 -1.0 5.5 370.0 4.5 1.23 0.0 0.0 0.0 2 2 2 2 2 2 2 2 0.3 2.4 -9.0 5.5 5.5 5.5 5.5 5.5 5.5 0.237 0.086 0.309 0.12 0.014 0.086 2 2 2 2 2 2
1979-10-04T15:30:00 1979 10 4 15 30 0 -1.7 4.6 363.0 4.7 1.24 0.01 0.0 0.0 2 2 2 2 2 2 2 2 0.7 2.07 -9.0 4.6 4.6 4.6 4.6 4.6 4.6 0.16 0.043 0.3 0.067 0.004 0.036 2 2 2 2 2 2
1979-10-04T16:30:00 1979 10 4 16 30 0 -1.3 5.3 358.0 7.0 1.79 0.02 0.0 0.0 2 2 2 2 2 2 2 2 0.7 1.74 -8.0 5.3 5.3 5.3 5.3 5.3 5.3 0.109 0.021 0.291 0.038 0.001 0.015 2 2 2 2 2 2
1979-10-04T17:30:00 1979 10 4 17 30 0 -0.9 5.1 355.0 7.3 1.84 0.01 0.0 0.0 2 2 2 2 2 2 2 2 0.7 1.34 -7.0 5.1 5.1 5.1 5.1 5.1 5.1 0.074 0.011 0.282 0.021 0.0 0.006 2 2 2 2 2 2
1979-10-04T18:30:00 1979 10 4 18 30 0 -0.1 3.9 346.0 6.8 1.63 0.0 0.0 0.0 2 2 2 2 2 2 2 2 0.3 0.89 -6.0 3.9 3.9 3.9 3.9 3.9 3.9 0.05 0.005 0.273 0.012 0.0 0.003 2 2 2 2 2 2
1979-10-04T19:30:00 1979 10 4 19 30 0 0.8 4.1 344.0 6.4 1.51 0.0 0.0 0.0 2 2 2 2 2 2 2 2 0.3 0.45 -7.0 4.1 4.1 4.1 4.1 4.1 4.1 0.034 0.003 0.265 0.007 0.0 0.001 2 2 2 2 2 2
1979-10-04T20:30:00 1979 10 4 20 30 0 0.4 5.0 341.0 5.7 1.33 0.0 0.0 0.0 2 2 2 2 2 2 2 2 0.3 0.45 -8.0 5.0 5.0 5.0 5.0 5.0 5.0 0.023 0.001 0.257 0.004 0.0 0.0 2 2 2 2 2 2
1979-10-04T21:30:00 1979 10 4 21 30 0 -0.7 5.4 341.0 4.7 1.09 0.0 0.0 0.0 2 2 2 2 2 2 2 2 0.0 0.41 -8.0 5.4 5.4 5.4 5.4 5.4 5.4 0.015 0.001 0.249 0.002 0.0 0.0 2 2 2 2 2 2
1979-10-04T22:30:00 1979 10 4 22 30 0 -1.5 5.4 340.0 5.1 1.18 0.01 0.0 0.0 2 2 2 2 2 2 2 2 0.0 0.37 -6.0 5.4 5.4 5.4 5.4 5.4 5.4 0.01 0.0 0.241 0.001 0.0 0.0 2 2 2 2 2 2
1979-10-04T23:30:00 1979 10 4 23 30 0 -1.4 5.8 338.0 5.7 1.3 0.01 0.0 0.0 2 2 2 2 2 2 2 2 0.0 0.28 -5.0 5.8 5.8 5.8 5.8 5.8 5.8 0.007 0.0 0.234 0.001 0.0 0.0 2 2 2 2 2 2
