1979-01-23T00:30:00 1979 1 23 0 30 0 8.1 4.2 434.0 10.2 3.84 4.69 0.25 0.23 2 2 2 2 2 2 2 2 3.0 4.04 -34.0 4.2 4.2 4.2 4.2 4.2 4.2 0.904 0.683 0.457 0.84 0.398 1.201 2 2 2 2 2 2
1979-01-23T01:30:00 1979 1 23 1 30 0 7.8 4.2 417.0 10.5 3.65 2.4 0.0 0.0 2 2 2 2 2 2 2 2 3.0 4.23 -28.0 4.2 4.2 4.2 4.2 4.2 4.2 0.612 0.339 0.443 0.47 0.126 0.498 2 2 2 2 2 2
1979-01-23T02:30:00 1979 1 23 2 30 0 9.0 1.7 418.0 9.6 3.35 3.43 0.0 0.0 2 2 2 2 2 2 2 2 3.0 4.06 -28.0 1.7 1.7 1.7 1.7 1.7 1.7 0.415 0.168 0.43 0.263 0.04 0.207 2 2 2 2 2 2
1979-01-23T03:30:00 1979 1 23 3 30 0 7.5 2.8 407.0 8.0 2.65 3.42 0.0 0.0 2 2 2 2 2 2 2 2 2.0 3.76 -33.0 2.8 2.8 2.8 2.8 2.8 2.8 0.281 0.084 0.416 0.147 0.013 0.086 2 2 2 2 2 2
1979-01-23T04:30:00 1979 1 23 4 30 0 8.0 -0.3 433.0 7.5 2.81 3.9 0.06 0.05 2 2 2 2 2 2 2 2 2.0 3.46 -33.0 -0.3 -0.3 -0.3 -0.3 -0.3 -0.3 0.201 0.075 0.404 0.088 0.058 0.15 2 2 2 2 2 2
1979-01-23T05:30:00 1979 1 23 5 30 0 9.2 2.8 423.0 7.5 2.68 4.64 0.01 0.01 2 2 2 2 2 2 2 2 2.0 3.09 -29.0 2.8 2.8 2.8 2.8 2.8 2.8 0.136 0.037 0.392 0.049 0.018 0.062 2 2 2 2 2 2
1979-01-23T06:30:00 1979 1 23 6 30 0 8.3 -2.4 410.0 8.1 2.72 5.92 1.36 1.09 2 2 2 2 2 2 2 2 2.3 2.76 -28.0 -2.4 -2.4 -2.4 -2.4 -2.4 -2.4 0.191 0.224 0.386 0.131 0.315 0.537 2 2 2 2 2 2
1979-01-23T07:30:00 1979 1 23 7 30 0 10.3 -0.6 410.0 7.3 2.45 8.16 2.92 2.26 2 2 2 2 2 2 2 2 2.3 2.44 -29.0 -0.6 -0.6 -0.6 -0.6 -0.6 -0.6 0.256 0.366 0.383 0.178 0.43 0.827 2 2 2 2 2 2
1979-01-23T08:30:00 1979 1 23 8 30 0 11.6 -0.9 412.0 6.8 2.31 9.59 1.57 1.1 2 2 2 2 2 2 2 2 2.3 2.36 -27.0 -0.9 -0.9 -0.9 -0.9 -0.9 -0.9 0.259 0.375 0.375 0.158 0.398 0.803 2 2 2 2 2 2
1979-01-23T09:30:00 1979 1 23 9 30 0 11.0 -3.8 419.0 7.4 2.6 12.78 5.15 3.7 2 2 2 2 2 2 2 2 4.3 2.54 -29.0 -3.8 -3.8 -3.8 -3.8 -3.8 -3.8 0.435 0.645 0.386 0.403 0.789 1.313 2 2 2 2 2 2
1979-01-23T10:30:00 1979 1 23 10 30 0 12.4 -5.6 438.0 8.9 3.41 18.8 10.26 8.48 2 2 2 2 2 2 2 2 4.3 2.71 -30.0 -5.6 -5.6 -5.6 -5.6 -5.6 -5.6 0.765 1.047 0.429 0.943 1.345 2.314 2 2 2 2 2 2
1979-01-23T11:30:00 1979 1 23 11 30 0 11.9 -7.5 435.0 7.4 2.8 24.68 14.46 11.65 2 2 2 2 2 2 2 2 4.3 3.0 -26.0 -7.5 -7.5 -7.5 -7.5 -7.5 -7.5 1.128 1.391 0.5 1.585 1.753 2.89 2 2 2 2 2 2
1979-01-23T12:30:00 1979 1 23 12 30 0 8.6 -9.1 439.0 6.4 2.47 26.33 18.29 12.51 2 2 2 2 2 2 2 2 4.3 3.29 -34.0 -9.1 -9.1 -9.1 -9.1 -9.1 -9.1 1.461 1.631 0.591 2.209 2.012 2.986 2 2 2 2 2 2
1979-01-23T13:30:00 1979 1 23 13 30 0 5.2 -10.1 427.0 9.7 3.54 25.2 20.85 17.11 2 2 2 2 2 2 2 2 4.3 3.58 -35.0 -10.1 -10.1 -10.1 -10.1 -10.1 -10.1 1.838 1.958 0.708 2.939 2.365 3.814 2 2 2 2 2 2
1979-01-23T14:30:00 1979 1 23 14 30 0 7.7 -8.7 420.0 7.8 2.75 23.31 19.77 17.2 2 2 2 2 2 2 2 2 4.3 3.82 -48.0 -8.7 -8.7 -8.7 -8.7 -8.7 -8.7 2.034 2.054 0.806 3.162 2.311 3.846 2 2 2 2 2 2
1979-01-23T15:30:00 1979 1 23 15 30 0 9.9 -6.8 423.0 4.7 1.68 21.17 16.17 10.0 2 2 2 2 2 2 2 2 4.0 4.02 -55.0 -6.8 -6.8 -6.8 -6.8 -6.8 -6.8 1.944 1.805 0.86 2.755 1.874 2.819 2 2 2 2 2 2
1979-01-23T16:30:00 1979 1 23 16 30 0 7.9 -7.9 418.0 5.1 1.78 20.14 15.54 7.65 2 2 2 2 2 2 2 2 4.0 4.22 -60.0 -7.9 -7.9 -7.9 -7.9 -7.9 -7.9 1.852 1.642 0.907 2.478 1.696 2.196 2 2 2 2 2 2
1979-01-23T17:30:00 1979 1 23 17 30 0 6.1 -8.4 418.0 8.5 2.97 19.59 17.08 11.88 2 2 2 2 2 2 2 2 4.0 4.18 -71.0 -8.4 -8.4 -8.4 -8.4 -8.4 -8.4 1.925 1.763 0.973 2.619 1.913 2.714 2 2 2 2 2 2
1979-01-23T18:30:00 1979 1 23 18 30 0 8.9 -7.1 428.0 7.3 2.67 19.38 16.29 12.81 2 2 2 2 2 2 2 2 5.3 4.32 -68.0 -7.1 -7.1 -7.1 -7.1 -7.1 -7.1 1.948 1.786 1.034 2.606 1.935 2.967 2 2 2 2 2 2
1979-01-23T19:30:00 1979 1 23 19 30 0 10.2 -5.0 423.0 6.6 2.36 17.73 12.68 8.8 2 2 2 2 2 2 2 2 5.3 4.45 -61.0 -5.0 -5.0 -5.0 -5.0 -5.0 -5.0 1.803 1.601 1.063 2.218 1.649 2.59 2 2 2 2 2 2
1979-01-23T20:30:00 1979 1 23 20 30 0 -2.4 -10.9 422.0 10.1 3.6 17.81 17.31 15.07 2 2 2 2 2 2 2 2 5.3 4.58 -65.0 -10.9 -10.9 -10.9 -10.9 -10.9 -10.9 2.004 1.899 1.144 2.772 2.154 3.579 2 2 2 2 2 2
1979-01-23T21:30:00 1979 1 23 21 30 0 -6.2 -11.2 416.0 7.3 2.53 27.23 23.16 19.87 2 2 2 2 2 2 2 2 4.7 4.63 -84.0 -11.2 -11.2 -11.2 -11.2 -11.2 -11.2 2.27 2.156 1.257 3.445 2.422 3.849 2 2 2 2 2 2
1979-01-23T22:30:00 1979 1 23 22 30 0 -6.4 -9.9 418.0 9.2 3.21 26.8 21.89 18.19 2 2 2 2 2 2 2 2 4.7 4.67 -83.0 -9.9 -9.9 -9.9 -9.9 -9.9 -9.9 2.406 2.25 1.355 3.681 2.457 4.02 2 2 2 2 2 2
1979-01-23T23:30:00 1979 1 23 23 30 0 -4.2 -9.9 424.0 13.9 5.0 23.59 20.85 24.5 2 2 2 2 2 2 2 2 4.7 4.76 -78.0 -9.9 -9.9 -9.9 -9.9 -9.9 -9.9 2.601 2.478 1.464 4.022 2.733 5.606 2 2 2 2 2 2
