1979-08-03T00:30:00 1979 8 3 0 30 0 0.7 2.2 431.0 5.0 1.86 0.0 0.0 0.0 2 2 2 2 2 2 2 2 2.0 1.54 4.0 2.2 2.2 2.2 2.2 2.2 2.2 0.031 0.005 0.228 0.006 0.0 0.002 2 2 2 2 2 2
1979-08-03T01:30:00 1979 8 3 1 30 0 2.2 -1.0 428.0 4.5 1.65 0.26 0.43 0.19 2 2 2 2 2 2 2 2 2.0 1.51 -4.0 -1.0 -1.0 -1.0 -1.0 -1.0 -1.0 0.053 0.078 0.223 0.026 0.124 0.149 2 2 2 2 2 2
1979-08-03T02:30:00 1979 8 3 2 30 0 2.25 -1.6 411.0 4.4 1.62 1.09 2.77 1.23 1 1 2 1 1 1 2 1 2.0 1.52 -6.0 -1.6 -1.6 -1.6 -1.6 -1.6 -1.6 0.153 0.268 0.223 0.116 0.366 0.417 1 1 2 1 1 1
1979-08-03T03:30:00 1979 8 3 3 30 0 2.3 -2.2 430.0 4.3 1.59 1.63 4.06 1.76 2 2 2 2 2 2 2 2 3.0 1.65 -10.0 -2.2 -2.2 -2.2 -2.2 -2.2 -2.2 0.265 0.421 0.229 0.227 0.543 0.61 2 2 2 2 2 2
1979-08-03T04:30:00 1979 8 3 4 30 0 3.2 -1.2 426.0 4.2 1.52 1.73 3.55 1.51 2 2 2 2 2 2 2 2 3.0 1.79 -13.0 -1.2 -1.2 -1.2 -1.2 -1.2 -1.2 0.308 0.446 0.231 0.242 0.516 0.622 2 2 2 2 2 2
1979-08-03T05:30:00 1979 8 3 5 30 0 4.0 -1.6 432.0 3.8 1.42 2.1 3.04 1.21 2 2 2 2 2 2 2 2 3.0 2.08 -8.0 -1.6 -1.6 -1.6 -1.6 -1.6 -1.6 0.329 0.446 0.232 0.242 0.501 0.595 2 2 2 2 2 2
1979-08-03T06:30:00 1979 8 3 6 30 0 3.6 -1.5 435.0 3.7 1.4 2.35 3.35 1.26 2 2 2 2 2 2 2 2 3.0 2.36 -8.0 -1.5 -1.5 -1.5 -1.5 -1.5 -1.5 0.346 0.447 0.233 0.246 0.501 0.576 2 2 2 2 2 2
1979-08-03T07:30:00 1979 8 3 7 30 0 3.3 -1.8 434.0 4.3 1.62 2.2 3.61 1.46 1 1 2 2 2 1 2 2 3.0 2.64 -7.0 -1.8 -1.8 -1.8 -1.8 -1.8 -1.8 0.374 0.476 0.236 0.27 0.546 0.636 2 1 2 1 1 1
1979-08-03T08:30:00 1979 8 3 8 30 0 3.0 -2.1 447.0 2.6 1.04 2.31 4.33 1.45 2 2 2 2 2 2 2 2 3.0 2.76 -10.0 -2.1 -2.1 -2.1 -2.1 -2.1 -2.1 0.401 0.486 0.241 0.3 0.568 0.58 2 2 2 2 2 2
1979-08-03T09:30:00 1979 8 3 9 30 0 2.2 -3.9 450.0 2.2 0.89 3.46 6.9 1.63 2 2 2 2 2 2 2 2 3.3 2.92 -7.0 -3.9 -3.9 -3.9 -3.9 -3.9 -3.9 0.476 0.547 0.255 0.424 0.692 0.532 2 2 2 2 2 2
1979-08-03T10:30:00 1979 8 3 10 30 0 2.8 -3.7 462.0 2.2 0.94 4.67 8.65 1.9 2 2 2 2 2 2 2 2 3.3 3.08 -3.0 -3.7 -3.7 -3.7 -3.7 -3.7 -3.7 0.551 0.598 0.273 0.54 0.78 0.527 2 2 2 2 2 2
1979-08-03T11:30:00 1979 8 3 11 30 0 5.0 -2.7 487.0 2.2 1.04 5.03 7.5 1.65 2 2 2 2 2 2 2 2 3.3 3.12 -8.0 -2.7 -2.7 -2.7 -2.7 -2.7 -2.7 0.57 0.581 0.287 0.544 0.76 0.52 2 2 2 2 2 2
1979-08-03T12:30:00 1979 8 3 12 30 0 2.0 -2.0 445.0 2.3 0.91 3.17 5.4 1.22 2 2 2 2 2 2 2 2 2.0 2.98 -10.0 -2.0 -2.0 -2.0 -2.0 -2.0 -2.0 0.534 0.521 0.292 0.462 0.632 0.456 2 2 2 2 2 2
1979-08-03T13:30:00 1979 8 3 13 30 0 2.8 -3.5 450.0 2.3 0.93 2.96 6.3 1.45 2 2 2 2 2 2 2 2 2.0 2.85 -11.0 -3.5 -3.5 -3.5 -3.5 -3.5 -3.5 0.549 0.545 0.301 0.484 0.679 0.463 2 2 2 2 2 2
1979-08-03T14:30:00 1979 8 3 14 30 0 3.8 -1.8 457.0 2.2 0.92 3.35 5.85 1.32 2 2 2 2 2 2 2 2 2.0 2.72 -14.0 -1.8 -1.8 -1.8 -1.8 -1.8 -1.8 0.525 0.509 0.307 0.438 0.608 0.428 2 2 2 2 2 2
1979-08-03T15:30:00 1979 8 3 15 30 0 4.1 -1.6 464.0 2.1 0.9 2.81 3.9 0.84 2 2 2 2 2 2 2 2 1.7 2.56 -16.0 -1.6 -1.6 -1.6 -1.6 -1.6 -1.6 0.468 0.439 0.306 0.35 0.511 0.371 2 2 2 2 2 2
1979-08-03T16:30:00 1979 8 3 16 30 0 3.1 -0.6 450.0 2.0 0.81 1.89 2.42 0.5 2 2 2 2 2 2 2 2 1.7 2.39 -15.0 -0.6 -0.6 -0.6 -0.6 -0.6 -0.6 0.383 0.34 0.301 0.245 0.358 0.281 2 2 2 2 2 2
1979-08-03T17:30:00 1979 8 3 17 30 0 3.0 1.7 444.0 1.9 0.75 0.67 0.12 0.02 2 2 2 2 2 2 2 2 1.7 2.2 -10.0 1.7 1.7 1.7 1.7 1.7 1.7 0.26 0.171 0.292 0.137 0.116 0.119 2 2 2 2 2 2
1979-08-03T18:30:00 1979 8 3 18 30 0 0.4 3.7 458.0 2.0 0.84 0.09 0.0 0.0 2 2 2 2 2 2 2 2 1.0 1.91 -4.0 3.7 3.7 3.7 3.7 3.7 3.7 0.176 0.085 0.283 0.077 0.037 0.05 2 2 2 2 2 2
1979-08-03T19:30:00 1979 8 3 19 30 0 1.6 -0.4 455.0 2.2 0.91 0.08 0.09 0.02 2 2 2 2 2 2 2 2 1.0 1.63 -3.0 -0.4 -0.4 -0.4 -0.4 -0.4 -0.4 0.129 0.065 0.275 0.048 0.055 0.051 2 2 2 2 2 2
1979-08-03T20:30:00 1979 8 3 20 30 0 3.3 -3.3 452.0 2.2 0.9 2.14 4.46 0.98 2 2 2 2 2 2 2 2 1.0 1.5 -3.0 -3.3 -3.3 -3.3 -3.3 -3.3 -3.3 0.234 0.268 0.28 0.192 0.423 0.252 2 2 2 2 2 2
1979-08-03T21:30:00 1979 8 3 21 30 0 2.1 -3.8 454.0 2.1 0.87 4.33 8.09 1.73 2 2 2 2 2 2 2 2 2.3 1.55 -2.0 -3.8 -3.8 -3.8 -3.8 -3.8 -3.8 0.376 0.447 0.295 0.39 0.667 0.386 2 2 2 2 2 2
1979-08-03T22:30:00 1979 8 3 22 30 0 3.0 -2.4 458.0 2.1 0.88 3.46 6.94 1.46 2 2 2 2 2 2 2 2 2.3 1.59 -2.0 -2.4 -2.4 -2.4 -2.4 -2.4 -2.4 0.432 0.487 0.304 0.426 0.657 0.405 2 2 2 2 2 2
1979-08-03T23:30:00 1979 8 3 23 30 0 1.6 -3.5 458.0 2.0 0.84 3.17 6.86 1.4 2 2 2 2 2 2 2 2 2.3 1.67 0.0 -3.5 -3.5 -3.5 -3.5 -3.5 -3.5 0.481 0.521 0.314 0.47 0.69 0.419 2 2 2 2 2 2
