1979-06-09T00:30:00 1979 6 9 0 30 0 0.1 1.4 613.0 2.7 2.03 0.14 1.09 0.28 2 2 2 2 2 2 2 2 2.3 3.05 -3.0 1.4 1.4 1.4 1.4 1.4 1.4 0.108 0.114 0.208 0.071 0.19 0.23 2 2 2 2 2 2
1979-06-09T01:30:00 1979 6 9 1 30 0 -1.5 1.7 607.0 2.7 1.99 0.02 0.0 0.0 2 2 2 2 2 2 2 2 2.3 2.96 -8.0 1.7 1.7 1.7 1.7 1.7 1.7 0.073 0.056 0.202 0.04 0.06 0.095 2 2 2 2 2 2
1979-06-09T02:30:00 1979 6 9 2 30 0 1.5 -1.0 607.0 2.6 1.92 0.16 0.7 0.18 2 2 2 2 2 2 2 2 2.3 2.78 -13.0 -1.0 -1.0 -1.0 -1.0 -1.0 -1.0 0.087 0.096 0.199 0.053 0.205 0.22 2 2 2 2 2 2
1979-06-09T03:30:00 1979 6 9 3 30 0 0.4 -1.4 588.0 2.3 1.59 0.73 3.63 0.88 2 2 2 2 2 2 2 2 2.7 2.67 -15.0 -1.4 -1.4 -1.4 -1.4 -1.4 -1.4 0.172 0.219 0.204 0.136 0.481 0.448 2 2 2 2 2 2
1979-06-09T04:30:00 1979 6 9 4 30 0 2.0 2.1 602.0 2.6 1.88 0.19 0.66 0.16 2 2 2 2 2 2 2 2 2.7 2.55 -14.0 2.1 2.1 2.1 2.1 2.1 2.1 0.127 0.127 0.199 0.083 0.187 0.224 2 2 2 2 2 2
1979-06-09T05:30:00 1979 6 9 5 30 0 0.1 -0.1 642.0 2.5 2.06 0.05 0.03 0.01 2 2 2 2 2 2 2 2 2.7 2.55 -8.0 -0.1 -0.1 -0.1 -0.1 -0.1 -0.1 0.09 0.073 0.193 0.048 0.089 0.133 2 2 2 2 2 2
1979-06-09T06:30:00 1979 6 9 6 30 0 0.2 2.5 662.0 2.7 2.37 0.0 0.0 0.0 2 2 2 2 2 2 2 2 2.3 2.5 -5.0 2.5 2.5 2.5 2.5 2.5 2.5 0.061 0.036 0.187 0.027 0.028 0.055 2 2 2 2 2 2
1979-06-09T07:30:00 1979 6 9 7 30 0 1.2 3.0 651.0 2.3 1.95 0.01 0.0 0.0 2 2 2 2 2 2 2 2 2.3 2.45 -3.0 3.0 3.0 3.0 3.0 3.0 3.0 0.041 0.018 0.181 0.015 0.009 0.023 2 2 2 2 2 2
1979-06-09T08:30:00 1979 6 9 8 30 0 2.6 1.1 656.0 2.1 1.81 0.21 0.0 0.0 2 2 2 2 2 2 2 2 2.3 2.45 -4.0 1.1 1.1 1.1 1.1 1.1 1.1 0.028 0.009 0.176 0.008 0.003 0.009 2 2 2 2 2 2
1979-06-09T09:30:00 1979 6 9 9 30 0 -0.5 0.2 630.0 1.9 1.51 0.12 0.0 0.0 2 2 2 2 2 2 2 2 3.3 2.58 -5.0 0.2 0.2 0.2 0.2 0.2 0.2 0.019 0.004 0.17 0.005 0.001 0.004 2 2 2 2 2 2
1979-06-09T10:30:00 1979 6 9 10 30 0 -2.0 -0.7 632.0 2.0 1.6 0.39 0.95 0.19 2 2 2 2 2 2 2 2 3.3 2.71 -11.0 -0.7 -0.7 -0.7 -0.7 -0.7 -0.7 0.051 0.073 0.168 0.029 0.195 0.17 2 2 2 2 2 2
1979-06-09T11:30:00 1979 6 9 11 30 0 -2.7 0.5 628.0 2.1 1.66 0.78 0.55 0.11 2 2 2 2 2 2 2 2 3.3 2.78 -8.0 0.5 0.5 0.5 0.5 0.5 0.5 0.046 0.057 0.164 0.022 0.107 0.121 2 2 2 2 2 2
1979-06-09T12:30:00 1979 6 9 12 30 0 -1.6 1.0 618.0 2.1 1.6 0.37 0.0 0.0 2 2 2 2 2 2 2 2 3.3 2.86 -8.0 1.0 1.0 1.0 1.0 1.0 1.0 0.031 0.028 0.159 0.012 0.034 0.05 2 2 2 2 2 2
1979-06-09T13:30:00 1979 6 9 13 30 0 1.0 -1.6 619.0 1.8 1.38 0.31 1.74 0.32 2 2 2 2 2 2 2 2 3.3 2.94 -11.0 -1.6 -1.6 -1.6 -1.6 -1.6 -1.6 0.087 0.118 0.16 0.07 0.301 0.222 2 2 2 2 2 2
1979-06-09T14:30:00 1979 6 9 14 30 0 2.6 -0.2 606.0 1.7 1.25 0.95 2.58 0.45 2 2 2 2 2 2 2 2 3.3 3.06 -14.0 -0.2 -0.2 -0.2 -0.2 -0.2 -0.2 0.117 0.15 0.161 0.084 0.313 0.258 2 2 2 2 2 2
1979-06-09T15:30:00 1979 6 9 15 30 0 2.8 -0.7 619.0 1.7 1.3 1.22 1.45 0.25 2 2 2 2 2 2 2 2 3.7 3.23 -14.0 -0.7 -0.7 -0.7 -0.7 -0.7 -0.7 0.127 0.157 0.16 0.079 0.314 0.266 2 2 2 2 2 2
1979-06-09T16:30:00 1979 6 9 16 30 0 1.1 0.2 630.0 1.7 1.35 0.62 0.76 0.13 2 2 2 2 2 2 2 2 3.7 3.4 -10.0 0.2 0.2 0.2 0.2 0.2 0.2 0.102 0.106 0.156 0.053 0.163 0.17 2 2 2 2 2 2
1979-06-09T17:30:00 1979 6 9 17 30 0 3.0 1.4 628.0 1.5 1.18 0.36 0.0 0.0 2 2 2 2 2 2 2 2 3.7 3.46 -8.0 1.4 1.4 1.4 1.4 1.4 1.4 0.069 0.053 0.151 0.03 0.052 0.07 2 2 2 2 2 2
1979-06-09T18:30:00 1979 6 9 18 30 0 1.4 -1.6 621.0 1.5 1.16 0.81 1.54 0.23 2 2 2 2 2 2 2 2 3.7 3.51 -8.0 -1.6 -1.6 -1.6 -1.6 -1.6 -1.6 0.102 0.113 0.152 0.07 0.264 0.173 2 2 2 2 2 2
1979-06-09T19:30:00 1979 6 9 19 30 0 2.0 2.8 609.0 1.5 1.11 0.34 0.71 0.11 2 2 2 2 2 2 2 2 3.7 3.56 -7.0 2.8 2.8 2.8 2.8 2.8 2.8 0.078 0.07 0.148 0.045 0.113 0.094 2 2 2 2 2 2
1979-06-09T20:30:00 1979 6 9 20 30 0 1.0 0.7 611.0 1.5 1.12 0.08 0.0 0.0 2 2 2 2 2 2 2 2 3.7 3.6 -11.0 0.7 0.7 0.7 0.7 0.7 0.7 0.053 0.035 0.143 0.025 0.036 0.039 2 2 2 2 2 2
1979-06-09T21:30:00 1979 6 9 21 30 0 1.2 2.0 598.0 1.5 1.07 0.04 0.0 0.0 2 2 2 2 2 2 2 2 2.7 3.52 -15.0 2.0 2.0 2.0 2.0 2.0 2.0 0.036 0.017 0.139 0.014 0.011 0.016 2 2 2 2 2 2
1979-06-09T22:30:00 1979 6 9 22 30 0 1.4 2.6 594.0 1.5 1.06 0.04 0.0 0.0 2 2 2 2 2 2 2 2 2.7 3.44 -9.0 2.6 2.6 2.6 2.6 2.6 2.6 0.024 0.009 0.135 0.008 0.004 0.007 2 2 2 2 2 2
1979-06-09T23:30:00 1979 6 9 23 30 0 1.8 0.4 581.0 1.4 0.95 0.14 0.0 0.0 2 2 2 2 2 2 2 2 2.7 3.31 -3.0 0.4 0.4 0.4 0.4 0.4 0.4 0.016 0.004 0.131 0.004 0.001 0.003 2 2 2 2 2 2
