1979-12-17T00:30:00 1979 12 17 0 30 0 4.4 -1.1 405.0 7.8 2.56 2.57 3.26 2.64 2 2 2 2 2 2 2 2 3.7 2.72 -9.0 -1.1 -1.1 -1.1 -1.1 -1.1 -1.1 0.394 0.59 0.25 0.293 0.606 1.281 2 2 2 2 2 2
1979-12-17T01:30:00 1979 12 17 1 30 0 4.5 1.5 412.0 7.1 2.41 1.51 0.38 0.29 2 2 2 2 2 2 2 2 3.7 2.93 -11.0 1.5 1.5 1.5 1.5 1.5 1.5 0.278 0.319 0.243 0.17 0.219 0.596 2 2 2 2 2 2
1979-12-17T02:30:00 1979 12 17 2 30 0 3.0 -1.6 421.0 6.0 2.13 1.3 1.01 0.62 2 2 2 2 2 2 2 2 3.7 3.14 -12.0 -1.6 -1.6 -1.6 -1.6 -1.6 -1.6 0.256 0.307 0.24 0.153 0.299 0.58 2 2 2 2 2 2
1979-12-17T03:30:00 1979 12 17 3 30 0 4.2 -1.9 419.0 5.4 1.9 2.39 3.7 2.1 2 2 2 2 2 2 2 2 2.3 3.17 -14.0 -1.9 -1.9 -1.9 -1.9 -1.9 -1.9 0.335 0.454 0.244 0.241 0.525 0.798 2 2 2 2 2 2
1979-12-17T04:30:00 1979 12 17 4 30 0 2.7 -3.7 421.0 5.4 1.91 3.55 6.04 3.26 2 2 2 2 2 2 2 2 2.3 3.19 -12.0 -3.7 -3.7 -3.7 -3.7 -3.7 -3.7 0.481 0.653 0.259 0.446 0.793 1.049 2 2 2 2 2 2
1979-12-17T05:30:00 1979 12 17 5 30 0 5.7 -2.4 435.0 5.3 2.01 4.63 6.41 3.43 2 2 2 2 2 2 2 2 2.3 3.06 -9.0 -2.4 -2.4 -2.4 -2.4 -2.4 -2.4 0.567 0.723 0.274 0.531 0.841 1.139 2 2 2 2 2 2
1979-12-17T06:30:00 1979 12 17 6 30 0 2.9 -3.3 417.0 5.5 1.91 4.29 6.13 3.32 2 2 2 2 2 2 2 2 3.0 3.02 -8.0 -3.3 -3.3 -3.3 -3.3 -3.3 -3.3 0.634 0.779 0.288 0.597 0.881 1.192 2 2 2 2 2 2
1979-12-17T07:30:00 1979 12 17 7 30 0 1.7 -1.4 411.0 5.3 1.79 2.02 4.7 2.54 2 2 2 2 2 2 2 2 3.0 2.99 -5.0 -1.4 -1.4 -1.4 -1.4 -1.4 -1.4 0.605 0.702 0.293 0.511 0.71 1.026 2 2 2 2 2 2
1979-12-17T08:30:00 1979 12 17 8 30 0 1.6 -2.5 410.0 5.7 1.92 1.37 4.1 2.27 2 2 2 2 2 2 2 2 3.0 2.91 -3.0 -2.5 -2.5 -2.5 -2.5 -2.5 -2.5 0.593 0.685 0.298 0.475 0.697 1.006 2 2 2 2 2 2
1979-12-17T09:30:00 1979 12 17 9 30 0 5.0 1.6 425.0 5.4 1.95 1.26 1.37 0.77 2 2 2 2 2 2 2 2 2.0 2.7 -1.0 1.6 1.6 1.6 1.6 1.6 1.6 0.442 0.417 0.291 0.295 0.311 0.559 2 2 2 2 2 2
1979-12-17T10:30:00 1979 12 17 10 30 0 4.6 2.7 423.0 5.3 1.9 1.03 0.0 0.0 2 2 2 2 2 2 2 2 2.0 2.49 1.0 2.7 2.7 2.7 2.7 2.7 2.7 0.299 0.207 0.282 0.165 0.098 0.232 2 2 2 2 2 2
1979-12-17T11:30:00 1979 12 17 11 30 0 5.0 -3.6 418.0 4.6 1.61 2.84 2.47 1.17 2 2 2 2 2 2 2 2 2.0 2.44 4.0 -3.6 -3.6 -3.6 -3.6 -3.6 -3.6 0.336 0.349 0.284 0.249 0.415 0.486 2 2 2 2 2 2
1979-12-17T12:30:00 1979 12 17 12 30 0 2.4 -0.1 392.0 5.0 1.54 2.48 3.48 1.65 2 2 2 2 2 2 2 2 2.7 2.49 3.0 -0.1 -0.1 -0.1 -0.1 -0.1 -0.1 0.335 0.369 0.283 0.238 0.376 0.498 2 2 2 2 2 2
1979-12-17T13:30:00 1979 12 17 13 30 0 4.1 -3.1 398.0 4.7 1.49 2.15 3.42 1.64 2 2 2 2 2 2 2 2 2.7 2.54 -2.0 -3.1 -3.1 -3.1 -3.1 -3.1 -3.1 0.389 0.488 0.286 0.304 0.539 0.637 2 2 2 2 2 2
1979-12-17T14:30:00 1979 12 17 14 30 0 3.2 -3.3 411.0 4.6 1.55 4.01 6.5 3.02 2 2 2 2 2 2 2 2 2.7 2.51 -3.0 -3.3 -3.3 -3.3 -3.3 -3.3 -3.3 0.507 0.649 0.299 0.464 0.739 0.819 2 2 2 2 2 2
1979-12-17T15:30:00 1979 12 17 15 30 0 4.2 -1.3 421.0 5.1 1.81 2.96 4.61 2.23 2 2 2 2 2 2 2 2 3.0 2.52 -3.0 -1.3 -1.3 -1.3 -1.3 -1.3 -1.3 0.509 0.618 0.303 0.424 0.646 0.819 2 2 2 2 2 2
1979-12-17T16:30:00 1979 12 17 16 30 0 1.7 -4.2 428.0 5.2 1.91 3.29 6.11 3.15 2 2 2 2 2 2 2 2 3.0 2.52 -1.0 -4.2 -4.2 -4.2 -4.2 -4.2 -4.2 0.606 0.739 0.318 0.568 0.857 1.057 2 2 2 2 2 2
1979-12-17T17:30:00 1979 12 17 17 30 0 -0.3 -3.2 421.0 5.2 1.84 3.37 7.76 4.04 2 2 2 2 2 2 2 2 3.0 2.65 -7.0 -3.2 -3.2 -3.2 -3.2 -3.2 -3.2 0.696 0.824 0.337 0.681 0.937 1.176 2 2 2 2 2 2
1979-12-17T18:30:00 1979 12 17 18 30 0 4.5 -0.8 409.0 4.8 1.61 1.82 3.95 1.99 2 2 2 2 2 2 2 2 2.3 2.68 -12.0 -0.8 -0.8 -0.8 -0.8 -0.8 -0.8 0.61 0.663 0.337 0.51 0.639 0.901 2 2 2 2 2 2
1979-12-17T19:30:00 1979 12 17 19 30 0 3.2 -1.2 404.0 4.8 1.57 1.79 2.06 0.99 2 2 2 2 2 2 2 2 2.3 2.71 -10.0 -1.2 -1.2 -1.2 -1.2 -1.2 -1.2 0.507 0.526 0.331 0.357 0.471 0.695 2 2 2 2 2 2
1979-12-17T20:30:00 1979 12 17 20 30 0 1.2 -1.4 401.0 4.8 1.54 1.0 2.63 1.26 2 2 2 2 2 2 2 2 2.3 2.66 -7.0 -1.4 -1.4 -1.4 -1.4 -1.4 -1.4 0.456 0.49 0.328 0.293 0.456 0.641 2 2 2 2 2 2
1979-12-17T21:30:00 1979 12 17 21 30 0 2.6 -3.7 427.0 4.5 1.64 2.35 5.52 2.55 2 2 2 2 2 2 2 2 2.7 2.66 -9.0 -3.7 -3.7 -3.7 -3.7 -3.7 -3.7 0.536 0.625 0.338 0.436 0.711 0.828 2 2 2 2 2 2
1979-12-17T22:30:00 1979 12 17 22 30 0 2.9 -1.2 412.0 4.6 1.56 2.46 4.93 2.24 2 2 2 2 2 2 2 2 2.7 2.66 -12.0 -1.2 -1.2 -1.2 -1.2 -1.2 -1.2 0.529 0.601 0.341 0.413 0.629 0.781 2 2 2 2 2 2
1979-12-17T23:30:00 1979 12 17 23 30 0 2.2 -1.0 398.0 4.6 1.46 1.05 2.21 1.02 2 2 2 2 2 2 2 2 2.7 2.62 -11.0 -1.0 -1.0 -1.0 -1.0 -1.0 -1.0 0.451 0.49 0.336 0.3 0.455 0.62 2 2 2 2 2 2
