1979-08-10T00:30:00 1979 8 10 0 30 0 2.0 -1.1 348.0 4.4 1.07 0.65 1.68 0.72 2 2 2 2 2 2 2 2 0.7 0.96 -3.0 -1.1 -1.1 -1.1 -1.1 -1.1 -1.1 0.177 0.268 0.262 0.088 0.248 0.267 2 2 2 2 2 2
1979-08-10T01:30:00 1979 8 10 1 30 0 2.2 -1.0 343.0 4.7 1.11 0.69 1.81 0.82 2 2 2 2 2 2 2 2 0.7 0.77 -5.0 -1.0 -1.0 -1.0 -1.0 -1.0 -1.0 0.199 0.316 0.257 0.104 0.275 0.312 2 2 2 2 2 2
1979-08-10T02:30:00 1979 8 10 2 30 0 2.6 -1.3 339.0 5.0 1.15 0.87 1.98 0.96 2 2 2 2 2 2 2 2 0.7 0.69 -4.0 -1.3 -1.3 -1.3 -1.3 -1.3 -1.3 0.226 0.365 0.253 0.125 0.309 0.36 2 2 2 2 2 2
1979-08-10T03:30:00 1979 8 10 3 30 0 2.3 -1.0 338.0 5.2 1.19 0.86 1.93 0.98 2 2 2 2 2 2 2 2 1.3 0.7 -1.0 -1.0 -1.0 -1.0 -1.0 -1.0 -1.0 0.239 0.381 0.249 0.131 0.305 0.378 2 2 2 2 2 2
1979-08-10T04:30:00 1979 8 10 4 30 0 1.5 -1.9 342.0 4.5 1.05 0.85 2.53 1.21 2 2 2 2 2 2 2 2 1.3 0.71 4.0 -1.9 -1.9 -1.9 -1.9 -1.9 -1.9 0.277 0.437 0.247 0.169 0.364 0.412 2 2 2 2 2 2
1979-08-10T05:30:00 1979 8 10 5 30 0 3.1 -2.5 351.0 4.8 1.18 1.66 3.86 1.8 2 2 2 2 2 2 2 2 1.3 0.84 7.0 -2.5 -2.5 -2.5 -2.5 -2.5 -2.5 0.348 0.535 0.249 0.252 0.47 0.498 2 2 2 2 2 2
1979-08-10T06:30:00 1979 8 10 6 30 0 2.3 -1.4 340.0 4.4 1.02 1.53 3.29 1.51 2 2 2 2 2 2 2 2 1.0 0.92 6.0 -1.4 -1.4 -1.4 -1.4 -1.4 -1.4 0.362 0.524 0.249 0.25 0.424 0.464 2 2 2 2 2 2
1979-08-10T07:30:00 1979 8 10 7 30 0 3.2 -3.4 340.0 4.7 1.09 2.12 4.22 1.93 2 2 1 1 1 2 2 1 1.0 1.0 5.0 -3.4 -3.4 -3.4 -3.4 -3.4 -3.4 0.425 0.612 0.252 0.33 0.52 0.522 2 1 2 1 1 1
1979-08-10T08:30:00 1979 8 10 8 30 0 2.6 -3.1 340.0 5.0 1.16 2.94 5.5 2.67 2 2 2 2 2 2 2 2 1.0 1.04 5.0 -3.1 -3.1 -3.1 -3.1 -3.1 -3.1 0.502 0.705 0.259 0.422 0.595 0.602 2 2 2 2 2 2
1979-08-10T09:30:00 1979 8 10 9 30 0 3.8 -3.1 356.0 5.5 1.39 3.08 5.4 2.85 2 2 2 2 2 2 2 2 1.7 1.17 5.0 -3.1 -3.1 -3.1 -3.1 -3.1 -3.1 0.561 0.761 0.266 0.481 0.65 0.708 2 2 2 2 2 2
1979-08-10T10:30:00 1979 8 10 10 30 0 3.4 -4.2 355.0 4.4 1.11 4.17 6.57 3.2 2 2 2 2 2 2 2 2 1.7 1.29 1.0 -4.2 -4.2 -4.2 -4.2 -4.2 -4.2 0.635 0.828 0.278 0.581 0.726 0.745 2 2 2 2 2 2
1979-08-10T11:30:00 1979 8 10 11 30 0 4.1 -4.2 354.0 4.9 1.23 5.05 7.44 3.48 2 2 2 2 2 2 2 2 1.7 1.34 -2.0 -4.2 -4.2 -4.2 -4.2 -4.2 -4.2 0.707 0.889 0.292 0.674 0.779 0.781 2 2 2 2 2 2
1979-08-10T12:30:00 1979 8 10 12 30 0 5.7 -2.9 346.0 5.8 1.39 4.92 6.12 3.28 2 2 2 2 2 2 2 2 2.0 1.43 1.0 -2.9 -2.9 -2.9 -2.9 -2.9 -2.9 0.716 0.876 0.3 0.647 0.725 0.806 2 2 2 2 2 2
1979-08-10T13:30:00 1979 8 10 13 30 0 6.3 -2.0 354.0 7.6 1.9 4.51 4.22 2.84 2 2 2 2 2 2 2 2 2.0 1.52 8.0 -2.0 -2.0 -2.0 -2.0 -2.0 -2.0 0.674 0.814 0.303 0.549 0.644 0.888 2 2 2 2 2 2
1979-08-10T14:30:00 1979 8 10 14 30 0 6.5 -0.3 350.0 9.9 2.43 3.58 1.9 1.62 2 2 2 2 2 2 2 2 2.0 1.65 14.0 -0.3 -0.3 -0.3 -0.3 -0.3 -0.3 0.545 0.614 0.298 0.368 0.418 0.794 2 2 2 2 2 2
1979-08-10T15:30:00 1979 8 10 15 30 0 7.4 -1.5 351.0 10.5 2.59 3.98 1.67 1.71 2 2 2 2 2 2 2 2 2.0 1.77 17.0 -1.5 -1.5 -1.5 -1.5 -1.5 -1.5 0.483 0.583 0.293 0.293 0.435 0.949 2 2 2 2 2 2
1979-08-10T16:30:00 1979 8 10 16 30 0 6.8 -1.5 348.0 13.9 3.37 4.54 2.62 3.23 2 2 2 2 2 2 2 2 2.0 1.89 19.0 -1.5 -1.5 -1.5 -1.5 -1.5 -1.5 0.491 0.667 0.293 0.302 0.534 1.346 2 2 2 2 2 2
1979-08-10T17:30:00 1979 8 10 17 30 0 6.6 -1.7 339.0 14.2 3.26 4.2 2.76 3.88 2 2 2 2 2 2 2 2 2.0 1.93 16.0 -1.7 -1.7 -1.7 -1.7 -1.7 -1.7 0.513 0.748 0.293 0.325 0.593 1.628 2 2 2 2 2 2
1979-08-10T18:30:00 1979 8 10 18 30 0 7.2 0.8 341.0 14.6 3.4 3.35 0.86 1.23 2 2 2 2 2 2 2 2 3.0 2.1 17.0 0.8 0.8 0.8 0.8 0.8 0.8 0.389 0.471 0.285 0.207 0.272 0.944 2 2 2 2 2 2
1979-08-10T19:30:00 1979 8 10 19 30 0 -0.9 -0.35 352.3 11.17 2.67 0.79 0.12 0.14 1 1 1 1 1 1 1 1 3.0 2.26 22.0 -0.35 -0.35 -0.35 -0.35 -0.35 -0.35 0.279 0.288 0.277 0.123 0.149 0.562 2 2 2 2 2 2
1979-08-10T20:30:00 1979 8 10 20 30 0 -9.0 -1.5 363.7 7.73 1.94 2.97 1.75 1.57 2 2 1 1 1 2 2 1 3.0 2.39 17.0 -1.5 -1.5 -1.5 -1.5 -1.5 -1.5 0.299 0.403 0.274 0.153 0.342 0.763 2 1 2 1 1 1
1979-08-10T21:30:00 1979 8 10 21 30 0 -8.7 -0.5 375.0 4.3 1.21 6.17 1.77 1.09 2 2 2 2 2 2 2 2 2.7 2.47 14.0 -0.5 -0.5 -0.5 -0.5 -0.5 -0.5 0.278 0.372 0.269 0.136 0.303 0.58 2 2 2 2 2 2
1979-08-10T22:30:00 1979 8 10 22 30 0 -7.0 1.4 371.0 4.5 1.24 3.83 0.09 0.04 2 2 2 2 2 2 2 2 2.7 2.56 11.0 1.4 1.4 1.4 1.4 1.4 1.4 0.189 0.187 0.26 0.076 0.098 0.246 2 2 2 2 2 2
1979-08-10T23:30:00 1979 8 10 23 30 0 -7.0 2.1 370.0 5.4 1.48 2.37 0.0 0.0 2 2 2 2 2 2 2 2 2.7 2.64 12.0 2.1 2.1 2.1 2.1 2.1 2.1 0.128 0.093 0.253 0.043 0.031 0.102 2 2 2 2 2 2
