1979-06-04T00:30:00 1979 6 4 0 30 0 2.0 -4.3 301.0 9.8 1.78 2.81 5.88 5.74 2 2 2 2 2 2 2 2 1.3 1.45 3.0 -4.3 -4.3 -4.3 -4.3 -4.3 -4.3 0.808 1.162 0.155 0.709 0.785 1.319 2 2 2 2 2 2
1979-06-04T01:30:00 1979 6 4 1 30 0 0.3 -3.2 300.0 9.7 1.75 2.51 5.57 5.43 2 2 2 2 2 2 2 2 1.3 1.45 -1.0 -3.2 -3.2 -3.2 -3.2 -3.2 -3.2 0.827 1.154 0.167 0.708 0.748 1.277 2 2 2 2 2 2
1979-06-04T02:30:00 1979 6 4 2 30 0 2.2 -0.9 299.0 9.9 1.77 0.95 2.93 2.87 2 2 2 2 2 2 2 2 1.3 1.45 3.0 -0.9 -0.9 -0.9 -0.9 -0.9 -0.9 0.704 0.912 0.169 0.516 0.518 1.004 2 2 2 2 2 2
1979-06-04T03:30:00 1979 6 4 3 30 0 1.8 -3.3 300.0 10.5 1.89 1.32 3.3 3.39 2 2 2 2 2 2 2 2 1.7 1.5 4.0 -3.3 -3.3 -3.3 -3.3 -3.3 -3.3 0.683 0.922 0.174 0.494 0.578 1.074 2 2 2 2 2 2
1979-06-04T04:30:00 1979 6 4 4 30 0 3.0 -1.6 296.0 11.1 1.95 1.6 3.55 3.83 2 2 2 2 2 2 2 2 1.7 1.55 7.0 -1.6 -1.6 -1.6 -1.6 -1.6 -1.6 0.65 0.888 0.177 0.447 0.541 1.071 2 2 2 2 2 2
1979-06-04T05:30:00 1979 6 4 5 30 0 3.2 -2.3 298.0 11.4 2.02 1.56 2.94 3.31 2 2 2 2 2 2 2 2 1.7 1.55 7.0 -2.3 -2.3 -2.3 -2.3 -2.3 -2.3 0.622 0.871 0.18 0.412 0.538 1.099 2 2 2 2 2 2
1979-06-04T06:30:00 1979 6 4 6 30 0 1.7 -2.8 295.0 11.5 2.0 1.71 3.81 4.36 2 2 2 2 2 2 2 2 1.7 1.55 4.0 -2.8 -2.8 -2.8 -2.8 -2.8 -2.8 0.646 0.941 0.186 0.452 0.601 1.203 2 2 2 2 2 2
1979-06-04T07:30:00 1979 6 4 7 30 0 1.7 -5.7 304.0 11.1 2.05 3.61 6.56 7.39 2 2 2 2 2 2 2 2 1.7 1.56 -1.0 -5.7 -5.7 -5.7 -5.7 -5.7 -5.7 0.812 1.216 0.205 0.735 0.857 1.537 2 2 2 2 2 2
1979-06-04T08:30:00 1979 6 4 8 30 0 3.5 -5.1 304.0 11.3 2.09 5.52 8.17 9.16 2 2 2 2 2 2 2 2 1.7 1.6 -3.0 -5.1 -5.1 -5.1 -5.1 -5.1 -5.1 0.97 1.411 0.229 0.971 0.987 1.758 2 2 2 2 2 2
1979-06-04T09:30:00 1979 6 4 9 30 0 3.0 -5.7 307.0 12.1 2.28 5.9 8.29 9.73 2 2 2 2 2 2 2 2 2.0 1.69 -7.0 -5.7 -5.7 -5.7 -5.7 -5.7 -5.7 1.101 1.551 0.254 1.149 1.078 1.979 2 2 2 2 2 2
1979-06-04T10:30:00 1979 6 4 10 30 0 4.5 -4.4 304.0 11.9 2.2 5.57 7.63 9.15 2 2 2 2 2 2 2 2 2.0 1.78 -8.0 -4.4 -4.4 -4.4 -4.4 -4.4 -4.4 1.145 1.55 0.274 1.155 1.03 1.983 2 2 2 2 2 2
1979-06-04T11:30:00 1979 6 4 11 30 0 5.6 -2.2 303.0 11.1 2.04 4.06 4.87 5.61 2 2 2 2 2 2 2 2 2.0 1.82 -4.0 -2.2 -2.2 -2.2 -2.2 -2.2 -2.2 1.029 1.31 0.28 0.91 0.791 1.638 2 2 2 2 2 2
1979-06-04T12:30:00 1979 6 4 12 30 0 4.6 -4.5 308.0 12.4 2.35 4.34 5.27 6.26 2 2 2 2 2 2 2 2 2.0 1.85 -1.0 -4.5 -4.5 -4.5 -4.5 -4.5 -4.5 1.014 1.312 0.291 0.883 0.849 1.724 2 2 2 2 2 2
1979-06-04T13:30:00 1979 6 4 13 30 0 6.5 -2.8 313.0 11.0 2.16 5.02 5.56 6.5 2 2 2 2 2 2 2 2 2.0 1.89 -1.0 -2.8 -2.8 -2.8 -2.8 -2.8 -2.8 0.979 1.252 0.3 0.819 0.809 1.664 2 2 2 2 2 2
1979-06-04T14:30:00 1979 6 4 14 30 0 5.1 2.8 318.0 11.7 2.37 2.14 0.92 1.02 2 2 2 2 2 2 2 2 2.0 1.93 -1.0 2.8 2.8 2.8 2.8 2.8 2.8 0.692 0.685 0.292 0.479 0.303 0.794 2 2 2 2 2 2
1979-06-04T15:30:00 1979 6 4 15 30 0 6.5 3.2 319.0 10.1 2.06 1.05 0.0 0.0 2 2 2 2 2 2 2 2 1.3 1.87 4.0 3.2 3.2 3.2 3.2 3.2 3.2 0.468 0.34 0.283 0.268 0.096 0.329 2 2 2 2 2 2
1979-06-04T16:30:00 1979 6 4 16 30 0 7.1 2.6 315.0 10.9 2.16 1.55 0.0 0.0 2 2 2 2 2 2 2 2 1.3 1.82 10.0 2.6 2.6 2.6 2.6 2.6 2.6 0.317 0.169 0.275 0.15 0.03 0.137 2 2 2 2 2 2
1979-06-04T17:30:00 1979 6 4 17 30 0 7.3 1.3 315.0 12.0 2.38 2.11 0.0 0.0 2 2 2 2 2 2 2 2 1.3 1.73 10.0 1.3 1.3 1.3 1.3 1.3 1.3 0.215 0.084 0.266 0.084 0.01 0.057 2 2 2 2 2 2
1979-06-04T18:30:00 1979 6 4 18 30 0 7.8 1.0 313.0 12.1 2.37 2.68 0.0 0.0 2 2 2 2 2 2 2 2 2.0 1.73 11.0 1.0 1.0 1.0 1.0 1.0 1.0 0.145 0.042 0.258 0.047 0.003 0.024 2 2 2 2 2 2
1979-06-04T19:30:00 1979 6 4 19 30 0 6.3 3.5 305.0 11.5 2.14 1.81 0.0 0.0 2 2 2 2 2 2 2 2 2.0 1.74 6.0 3.5 3.5 3.5 3.5 3.5 3.5 0.098 0.021 0.25 0.026 0.001 0.01 2 2 2 2 2 2
1979-06-04T20:30:00 1979 6 4 20 30 0 5.8 0.3 307.0 14.8 2.79 1.44 0.0 0.0 2 2 2 2 2 2 2 2 2.0 1.74 9.0 0.3 0.3 0.3 0.3 0.3 0.3 0.067 0.01 0.243 0.015 0.0 0.004 2 2 2 2 2 2
1979-06-04T21:30:00 1979 6 4 21 30 0 6.6 3.2 307.0 14.5 2.73 1.51 0.0 0.0 2 2 2 2 2 2 2 2 0.7 1.57 12.0 3.2 3.2 3.2 3.2 3.2 3.2 0.045 0.005 0.235 0.008 0.0 0.002 2 2 2 2 2 2
1979-06-04T22:30:00 1979 6 4 22 30 0 8.2 3.5 309.0 14.2 2.71 1.72 0.0 0.0 2 2 2 2 2 2 2 2 0.7 1.41 14.0 3.5 3.5 3.5 3.5 3.5 3.5 0.031 0.003 0.228 0.005 0.0 0.001 2 2 2 2 2 2
1979-06-04T23:30:00 1979 6 4 23 30 0 9.0 3.2 308.0 11.7 2.22 2.43 0.0 0.0 2 2 2 2 2 2 2 2 0.7 1.33 17.0 3.2 3.2 3.2 3.2 3.2 3.2 0.021 0.001 0.221 0.003 0.0 0.0 2 2 2 2 2 2
