1979-03-29T00:30:00 1979 3 29 0 30 0 0.4 -5.2 517.0 9.4 5.03 8.35 13.98 12.94 2 2 2 2 2 2 2 2 6.0 4.48 -52.0 -5.2 -5.2 -5.2 -5.2 -5.2 -5.2 1.398 1.465 0.923 1.942 2.242 5.16 2 2 2 2 2 2
1979-03-29T01:30:00 1979 3 29 1 30 0 -0.1 -5.6 507.0 8.9 4.58 8.27 13.85 12.64 2 2 2 2 2 2 2 2 6.0 4.65 -62.0 -5.6 -5.6 -5.6 -5.6 -5.6 -5.6 1.547 1.548 0.99 2.103 2.249 5.133 2 2 2 2 2 2
1979-03-29T02:30:00 1979 3 29 2 30 0 1.1 -4.6 498.0 8.0 3.97 7.22 12.7 10.71 2 2 2 2 2 2 2 2 6.0 5.02 -55.0 -4.6 -4.6 -4.6 -4.6 -4.6 -4.6 1.572 1.5 1.038 2.017 2.043 4.54 2 2 2 2 2 2
1979-03-29T03:30:00 1979 3 29 3 30 0 -1.4 -3.9 496.0 7.5 3.69 5.11 10.49 8.11 2 2 2 2 2 2 2 2 5.0 5.25 -52.0 -3.9 -3.9 -3.9 -3.9 -3.9 -3.9 1.497 1.37 1.065 1.768 1.774 3.826 2 2 2 2 2 2
1979-03-29T04:30:00 1979 3 29 4 30 0 -7.1 0.3 503.0 4.9 2.48 3.8 4.11 2.72 2 2 2 2 2 2 2 2 5.0 5.49 -58.0 0.3 0.3 0.3 0.3 0.3 0.3 1.146 0.887 1.047 1.127 0.898 2.185 2 2 2 2 2 2
1979-03-29T05:30:00 1979 3 29 5 30 0 0.2 -3.9 523.0 3.2 1.75 3.34 5.11 1.88 2 2 2 2 2 2 2 2 5.0 5.44 -60.0 -3.9 -3.9 -3.9 -3.9 -3.9 -3.9 0.983 0.754 1.038 0.898 0.928 1.525 2 2 2 2 2 2
1979-03-29T06:30:00 1979 3 29 6 30 0 2.1 -9.8 526.0 1.2 0.66 14.88 18.62 3.68 2 2 2 2 2 2 2 2 6.3 5.57 -74.0 -9.8 -9.8 -9.8 -9.8 -9.8 -9.8 1.102 0.864 1.09 1.335 1.343 1.109 2 2 2 2 2 2
1979-03-29T07:30:00 1979 3 29 7 30 0 0.9 -8.5 530.0 4.5 2.53 22.59 24.02 7.09 2 2 2 2 2 2 2 2 6.3 5.7 -84.0 -8.5 -8.5 -8.5 -8.5 -8.5 -8.5 1.382 1.153 1.189 2.054 1.958 1.701 2 2 2 2 2 2
1979-03-29T08:30:00 1979 3 29 8 30 0 -3.8 -2.9 534.0 9.9 5.65 10.06 14.54 10.13 2 2 2 2 2 2 2 2 6.3 5.74 -97.0 -2.9 -2.9 -2.9 -2.9 -2.9 -2.9 1.451 1.259 1.24 1.987 1.97 3.267 2 2 2 2 2 2
1979-03-29T09:30:00 1979 3 29 9 30 0 -1.8 0.8 548.0 12.6 7.57 1.71 2.74 2.93 2 2 2 2 2 2 2 2 5.3 5.66 -90.0 0.8 0.8 0.8 0.8 0.8 0.8 1.087 0.798 1.213 1.21 0.92 2.372 2 2 2 2 2 2
1979-03-29T10:30:00 1979 3 29 10 30 0 1.5 -2.6 549.0 10.5 6.33 0.79 3.03 3.33 2 2 2 2 2 2 2 2 5.3 5.57 -72.0 -2.6 -2.6 -2.6 -2.6 -2.6 -2.6 0.941 0.752 1.197 0.918 1.053 3.129 2 2 2 2 2 2
1979-03-29T11:30:00 1979 3 29 11 30 0 3.0 -5.1 541.0 6.8 3.98 5.91 10.76 8.94 2 2 2 2 2 2 2 2 5.3 5.6 -68.0 -5.1 -5.1 -5.1 -5.1 -5.1 -5.1 1.116 1.032 1.234 1.268 1.697 3.859 2 2 2 2 2 2
1979-03-29T12:30:00 1979 3 29 12 30 0 3.3 -4.7 533.0 8.4 4.77 8.75 13.1 10.03 2 2 2 2 2 2 2 2 4.7 5.55 -70.0 -4.7 -4.7 -4.7 -4.7 -4.7 -4.7 1.286 1.226 1.282 1.577 1.978 4.239 2 2 2 2 2 2
1979-03-29T13:30:00 1979 3 29 13 30 0 7.9 -3.8 516.0 7.5 3.99 10.21 11.04 8.75 2 2 2 2 2 2 2 2 4.7 5.51 -76.0 -3.8 -3.8 -3.8 -3.8 -3.8 -3.8 1.321 1.241 1.309 1.56 1.842 3.98 2 2 2 2 2 2
1979-03-29T14:30:00 1979 3 29 14 30 0 8.6 -5.1 501.0 6.6 3.31 14.51 11.43 7.99 2 2 2 2 2 2 2 2 4.7 5.31 -73.0 -5.1 -5.1 -5.1 -5.1 -5.1 -5.1 1.36 1.266 1.337 1.604 1.804 3.542 2 2 2 2 2 2
1979-03-29T15:30:00 1979 3 29 15 30 0 5.4 -8.6 507.0 6.4 3.29 19.55 17.65 11.44 2 2 2 2 2 2 2 2 6.0 5.28 -73.0 -8.6 -8.6 -8.6 -8.6 -8.6 -8.6 1.599 1.491 1.416 2.199 2.223 3.703 2 2 2 2 2 2
1979-03-29T16:30:00 1979 3 29 16 30 0 5.8 -9.9 497.0 4.2 2.07 26.05 23.33 12.1 2 2 2 2 2 2 2 2 6.0 5.26 -84.0 -9.9 -9.9 -9.9 -9.9 -9.9 -9.9 1.832 1.629 1.521 2.784 2.387 3.258 2 2 2 2 2 2
1979-03-29T17:30:00 1979 3 29 17 30 0 -0.8 -10.8 498.0 4.5 2.23 27.72 25.84 11.28 2 2 2 2 2 2 2 2 6.0 5.35 -86.0 -10.8 -10.8 -10.8 -10.8 -10.8 -10.8 2.023 1.717 1.634 3.247 2.488 2.928 2 2 2 2 2 2
1979-03-29T18:30:00 1979 3 29 18 30 0 -2.1 -7.8 482.0 4.5 2.09 21.42 22.47 10.11 2 2 2 2 2 2 2 2 6.7 5.53 -107.0 -7.8 -7.8 -7.8 -7.8 -7.8 -7.8 2.039 1.66 1.71 3.141 2.258 2.605 2 2 2 2 2 2
1979-03-29T19:30:00 1979 3 29 19 30 0 1.4 -8.2 483.0 6.2 2.89 16.29 19.34 10.5 2 2 2 2 2 2 2 2 6.7 5.71 -103.0 -8.2 -8.2 -8.2 -8.2 -8.2 -8.2 2.048 1.673 1.773 3.041 2.241 2.849 2 2 2 2 2 2
1979-03-29T20:30:00 1979 3 29 20 30 0 4.6 -9.2 489.0 6.7 3.2 20.45 21.26 13.77 2 2 2 2 2 2 2 2 6.7 5.96 -115.0 -9.2 -9.2 -9.2 -9.2 -9.2 -9.2 2.161 1.799 1.861 3.264 2.464 3.464 2 2 2 2 2 2
1979-03-29T21:30:00 1979 3 29 21 30 0 -4.7 -8.9 475.0 3.7 1.67 20.98 21.76 11.07 2 2 2 2 2 2 2 2 4.7 5.94 -129.0 -8.9 -8.9 -8.9 -8.9 -8.9 -8.9 2.146 1.725 1.929 3.181 2.256 2.861 2 2 2 2 2 2
1979-03-29T22:30:00 1979 3 29 22 30 0 -4.5 -8.2 474.0 1.9 0.85 20.4 20.21 5.53 2 2 2 2 2 2 2 2 4.7 5.93 -120.0 -8.2 -8.2 -8.2 -8.2 -8.2 -8.2 1.953 1.45 1.958 2.722 1.782 1.779 2 2 2 2 2 2
1979-03-29T23:30:00 1979 3 29 23 30 0 -5.8 -6.6 465.0 1.4 0.61 16.8 17.21 2.82 2 2 2 2 2 2 2 2 4.7 5.76 -122.0 -6.6 -6.6 -6.6 -6.6 -6.6 -6.6 1.68 1.149 1.955 2.14 1.338 1.027 2 2 2 2 2 2
