1979-05-26T00:30:00 1979 5 26 0 30 0 -4.3 -2.4 640.0 3.7 3.03 6.01 10.63 3.77 2 2 2 2 2 2 2 2 4.7 4.43 -49.0 -2.4 -2.4 -2.4 -2.4 -2.4 -2.4 0.769 0.693 0.864 0.853 1.407 1.771 2 2 2 2 2 2
1979-05-26T01:30:00 1979 5 26 1 30 0 -2.3 0.6 633.0 3.5 2.8 2.23 2.75 1.0 2 2 2 2 2 2 2 2 4.7 4.43 -49.0 0.6 0.6 0.6 0.6 0.6 0.6 0.589 0.442 0.846 0.539 0.671 1.071 2 2 2 2 2 2
1979-05-26T02:30:00 1979 5 26 2 30 0 -0.7 -2.7 644.0 3.7 3.07 1.26 3.91 1.43 2 2 2 2 2 2 2 2 4.7 4.4 -34.0 -2.7 -2.7 -2.7 -2.7 -2.7 -2.7 0.565 0.46 0.842 0.507 0.885 1.264 2 2 2 2 2 2
1979-05-26T03:30:00 1979 5 26 3 30 0 -2.8 -2.7 643.0 3.5 2.89 3.52 8.69 3.12 2 2 2 2 2 2 2 2 4.3 4.32 -30.0 -2.7 -2.7 -2.7 -2.7 -2.7 -2.7 0.655 0.575 0.861 0.653 1.214 1.602 2 2 2 2 2 2
1979-05-26T04:30:00 1979 5 26 4 30 0 -2.8 1.2 623.0 3.2 2.48 1.7 2.63 0.9 2 2 2 2 2 2 2 2 4.3 4.23 -36.0 1.2 1.2 1.2 1.2 1.2 1.2 0.502 0.365 0.843 0.421 0.563 0.908 2 2 2 2 2 2
1979-05-26T05:30:00 1979 5 26 5 30 0 -2.6 -2.3 622.0 3.0 2.32 1.61 2.65 0.81 2 2 2 2 2 2 2 2 4.3 4.31 -35.0 -2.3 -2.3 -2.3 -2.3 -2.3 -2.3 0.454 0.354 0.83 0.366 0.653 0.859 2 2 2 2 2 2
1979-05-26T06:30:00 1979 5 26 6 30 0 1.1 0.4 612.0 3.0 2.25 0.76 2.74 0.82 2 2 2 2 2 2 2 2 3.3 4.24 -33.0 0.4 0.4 0.4 0.4 0.4 0.4 0.374 0.272 0.813 0.263 0.423 0.621 2 2 2 2 2 2
1979-05-26T07:30:00 1979 5 26 7 30 0 -0.3 2.0 616.0 3.0 2.28 0.01 0.0 0.0 2 2 2 2 2 2 2 2 3.3 4.18 -32.0 2.0 2.0 2.0 2.0 2.0 2.0 0.253 0.135 0.788 0.147 0.134 0.258 2 2 2 2 2 2
1979-05-26T08:30:00 1979 5 26 8 30 0 -2.6 0.5 639.0 3.0 2.45 0.21 0.0 0.0 2 2 2 2 2 2 2 2 3.3 4.01 -26.0 0.5 0.5 0.5 0.5 0.5 0.5 0.171 0.067 0.764 0.082 0.042 0.107 2 2 2 2 2 2
1979-05-26T09:30:00 1979 5 26 9 30 0 -2.1 0.3 636.0 3.1 2.51 0.57 0.0 0.0 2 2 2 2 2 2 2 2 3.3 3.83 -25.0 0.3 0.3 0.3 0.3 0.3 0.3 0.116 0.033 0.74 0.046 0.013 0.044 2 2 2 2 2 2
1979-05-26T10:30:00 1979 5 26 10 30 0 1.5 2.0 640.0 3.1 2.54 0.06 0.0 0.0 2 2 2 2 2 2 2 2 3.3 3.66 -22.0 2.0 2.0 2.0 2.0 2.0 2.0 0.079 0.017 0.718 0.026 0.004 0.018 2 2 2 2 2 2
1979-05-26T11:30:00 1979 5 26 11 30 0 1.9 -0.7 657.0 3.4 2.94 0.35 0.4 0.13 2 2 2 2 2 2 2 2 3.3 3.54 -22.0 -0.7 -0.7 -0.7 -0.7 -0.7 -0.7 0.078 0.056 0.698 0.035 0.148 0.207 2 2 2 2 2 2
1979-05-26T12:30:00 1979 5 26 12 30 0 -1.2 -1.0 647.0 3.1 2.6 0.48 2.81 0.91 2 2 2 2 2 2 2 2 4.0 3.51 -25.0 -1.0 -1.0 -1.0 -1.0 -1.0 -1.0 0.154 0.186 0.687 0.106 0.476 0.623 2 2 2 2 2 2
1979-05-26T13:30:00 1979 5 26 13 30 0 -3.1 1.2 642.0 3.0 2.47 0.63 0.61 0.19 2 2 2 2 2 2 2 2 4.0 3.48 -28.0 1.2 1.2 1.2 1.2 1.2 1.2 0.116 0.111 0.667 0.066 0.19 0.319 2 2 2 2 2 2
1979-05-26T14:30:00 1979 5 26 14 30 0 -1.8 1.0 650.0 3.0 2.54 0.43 0.0 0.0 2 2 2 2 2 2 2 2 4.0 3.57 -25.0 1.0 1.0 1.0 1.0 1.0 1.0 0.078 0.055 0.646 0.037 0.06 0.132 2 2 2 2 2 2
1979-05-26T15:30:00 1979 5 26 15 30 0 -0.8 -4.5 652.0 3.0 2.55 2.7 6.62 1.99 2 2 2 2 2 2 2 2 4.7 3.75 -23.0 -4.5 -4.5 -4.5 -4.5 -4.5 -4.5 0.296 0.337 0.668 0.391 0.922 0.918 2 2 2 2 2 2
1979-05-26T16:30:00 1979 5 26 16 30 0 -1.1 0.1 638.0 3.0 2.44 2.36 6.52 1.96 2 2 2 2 2 2 2 2 4.7 3.93 -24.0 0.1 0.1 0.1 0.1 0.1 0.1 0.346 0.346 0.673 0.397 0.73 0.863 2 2 2 2 2 2
1979-05-26T17:30:00 1979 5 26 17 30 0 -2.1 -0.7 634.0 2.9 2.33 0.53 1.07 0.31 2 2 2 2 2 2 2 2 4.7 4.1 -22.0 -0.7 -0.7 -0.7 -0.7 -0.7 -0.7 0.283 0.263 0.656 0.256 0.476 0.661 2 2 2 2 2 2
1979-05-26T18:30:00 1979 5 26 18 30 0 0.8 -0.4 600.0 3.0 2.16 0.3 1.66 0.49 2 2 2 2 2 2 2 2 3.0 4.05 -23.0 -0.4 -0.4 -0.4 -0.4 -0.4 -0.4 0.248 0.232 0.64 0.18 0.395 0.579 2 2 2 2 2 2
1979-05-26T19:30:00 1979 5 26 19 30 0 0.0 -2.3 603.0 3.0 2.18 0.88 4.3 1.29 2 2 2 2 2 2 2 2 3.0 4.0 -26.0 -2.3 -2.3 -2.3 -2.3 -2.3 -2.3 0.324 0.344 0.639 0.275 0.701 0.812 2 2 2 2 2 2
1979-05-26T20:30:00 1979 5 26 20 30 0 1.1 -1.2 598.0 2.9 2.07 1.17 5.12 1.51 2 2 2 2 2 2 2 2 3.0 3.87 -25.0 -1.2 -1.2 -1.2 -1.2 -1.2 -1.2 0.368 0.386 0.637 0.309 0.738 0.861 2 2 2 2 2 2
1979-05-26T21:30:00 1979 5 26 21 30 0 -2.6 0.1 603.0 2.9 2.11 0.42 1.51 0.44 2 2 2 2 2 2 2 2 3.0 3.74 -28.0 0.1 0.1 0.1 0.1 0.1 0.1 0.29 0.259 0.621 0.2 0.379 0.541 2 2 2 2 2 2
1979-05-26T22:30:00 1979 5 26 22 30 0 -1.6 1.4 601.0 3.0 2.17 0.35 0.0 0.0 2 2 2 2 2 2 2 2 3.0 3.62 -29.0 1.4 1.4 1.4 1.4 1.4 1.4 0.196 0.129 0.602 0.112 0.12 0.224 2 2 2 2 2 2
1979-05-26T23:30:00 1979 5 26 23 30 0 -0.6 -1.3 616.0 3.0 2.28 0.26 1.13 0.34 2 2 2 2 2 2 2 2 3.0 3.41 -24.0 -1.3 -1.3 -1.3 -1.3 -1.3 -1.3 0.188 0.158 0.589 0.114 0.298 0.367 2 2 2 2 2 2
