1979-12-29T00:30:00 1979 12 29 0 30 0 1.9 -6.3 461.0 4.2 1.79 11.63 15.55 6.39 2 2 2 2 2 2 2 2 4.0 3.07 -32.0 -6.3 -6.3 -6.3 -6.3 -6.3 -6.3 1.291 1.232 0.504 1.782 1.588 1.574 2 2 2 2 2 2
1979-12-29T01:30:00 1979 12 29 1 30 0 3.1 -5.7 448.0 4.6 1.85 9.71 13.57 5.99 2 2 2 2 2 2 2 2 4.0 3.17 -30.0 -5.7 -5.7 -5.7 -5.7 -5.7 -5.7 1.317 1.221 0.549 1.714 1.5 1.59 2 2 2 2 2 2
1979-12-29T02:30:00 1979 12 29 2 30 0 4.7 -5.1 439.0 4.8 1.85 9.1 11.91 5.61 2 2 2 2 2 2 2 2 4.0 3.45 -32.0 -5.1 -5.1 -5.1 -5.1 -5.1 -5.1 1.296 1.187 0.584 1.58 1.388 1.561 2 2 2 2 2 2
1979-12-29T03:30:00 1979 12 29 3 30 0 4.0 -4.4 436.0 5.3 2.02 7.83 10.32 5.23 2 2 2 2 2 2 2 2 5.0 3.86 -36.0 -4.4 -4.4 -4.4 -4.4 -4.4 -4.4 1.246 1.138 0.609 1.417 1.285 1.557 2 2 2 2 2 2
1979-12-29T04:30:00 1979 12 29 4 30 0 2.8 -5.4 439.0 4.9 1.89 7.44 10.81 5.49 2 2 2 2 2 2 2 2 5.0 4.26 -34.0 -5.4 -5.4 -5.4 -5.4 -5.4 -5.4 1.238 1.144 0.638 1.388 1.31 1.579 2 2 2 2 2 2
1979-12-29T05:30:00 1979 12 29 5 30 0 3.0 -6.8 459.0 4.9 2.06 10.4 13.86 6.79 2 2 2 2 2 2 2 2 5.0 4.39 -34.0 -6.8 -6.8 -6.8 -6.8 -6.8 -6.8 1.325 1.237 0.687 1.596 1.518 1.76 2 2 2 2 2 2
1979-12-29T06:30:00 1979 12 29 6 30 0 6.8 -0.1 435.0 4.7 1.78 6.46 7.14 3.45 2 2 2 2 2 2 2 2 4.0 4.38 -39.0 -0.1 -0.1 -0.1 -0.1 -0.1 -0.1 1.095 0.909 0.689 1.141 0.909 1.235 2 2 2 2 2 2
1979-12-29T07:30:00 1979 12 29 7 30 0 5.3 -0.4 448.0 4.6 1.85 3.26 0.58 0.27 2 2 2 2 2 2 2 2 4.0 4.38 -41.0 -0.4 -0.4 -0.4 -0.4 -0.4 -0.4 0.774 0.535 0.669 0.655 0.417 0.707 2 2 2 2 2 2
1979-12-29T08:30:00 1979 12 29 8 30 0 5.5 -3.6 489.0 3.6 1.72 5.08 5.07 1.99 2 2 2 2 2 2 2 2 4.0 4.37 -32.0 -3.6 -3.6 -3.6 -3.6 -3.6 -3.6 0.729 0.591 0.669 0.616 0.723 0.86 2 2 2 2 2 2
1979-12-29T09:30:00 1979 12 29 9 30 0 6.2 -2.7 516.0 4.0 2.13 7.52 7.83 2.98 2 2 2 2 2 2 2 2 3.7 4.33 -32.0 -2.7 -2.7 -2.7 -2.7 -2.7 -2.7 0.748 0.663 0.68 0.669 0.935 1.072 2 2 2 2 2 2
1979-12-29T10:30:00 1979 12 29 10 30 0 6.9 -0.7 496.0 4.4 2.16 6.09 4.1 1.71 2 2 2 2 2 2 2 2 3.7 4.28 -29.0 -0.7 -0.7 -0.7 -0.7 -0.7 -0.7 0.639 0.55 0.671 0.499 0.692 0.947 2 2 2 2 2 2
1979-12-29T11:30:00 1979 12 29 11 30 0 3.8 1.6 485.0 4.7 2.21 2.43 0.2 0.09 2 2 2 2 2 2 2 2 3.7 4.12 -23.0 1.6 1.6 1.6 1.6 1.6 1.6 0.436 0.282 0.651 0.281 0.232 0.419 2 2 2 2 2 2
1979-12-29T12:30:00 1979 12 29 12 30 0 4.1 -2.5 509.0 4.1 2.12 2.24 2.19 0.92 2 2 2 2 2 2 2 2 4.0 4.0 -16.0 -2.5 -2.5 -2.5 -2.5 -2.5 -2.5 0.408 0.336 0.641 0.28 0.472 0.624 2 2 2 2 2 2
1979-12-29T13:30:00 1979 12 29 13 30 0 5.2 -5.3 547.0 3.7 2.21 8.41 10.68 4.12 2 2 2 2 2 2 2 2 4.0 3.89 -24.0 -5.3 -5.3 -5.3 -5.3 -5.3 -5.3 0.64 0.646 0.677 0.725 1.169 1.244 2 2 2 2 2 2
1979-12-29T14:30:00 1979 12 29 14 30 0 5.2 -6.1 543.0 3.4 2.0 13.89 15.62 5.52 2 2 2 2 2 2 2 2 4.0 3.89 -32.0 -6.1 -6.1 -6.1 -6.1 -6.1 -6.1 0.894 0.88 0.739 1.209 1.581 1.575 2 2 2 2 2 2
1979-12-29T15:30:00 1979 12 29 15 30 0 5.0 -5.5 546.0 4.6 2.74 13.86 15.73 6.35 2 2 2 2 2 2 2 2 3.7 3.85 -37.0 -5.5 -5.5 -5.5 -5.5 -5.5 -5.5 1.091 1.036 0.803 1.518 1.786 1.995 2 2 2 2 2 2
1979-12-29T16:30:00 1979 12 29 16 30 0 5.9 -3.4 558.0 6.9 4.3 10.62 12.04 6.93 2 2 2 2 2 2 2 2 3.7 3.81 -37.0 -3.4 -3.4 -3.4 -3.4 -3.4 -3.4 1.165 1.082 0.847 1.504 1.773 2.716 2 2 2 2 2 2
1979-12-29T17:30:00 1979 12 29 17 30 0 -3.2 -2.3 535.0 8.0 4.58 3.82 7.66 5.71 2 2 2 2 2 2 2 2 3.7 3.81 -40.0 -2.3 -2.3 -2.3 -2.3 -2.3 -2.3 1.105 1.008 0.862 1.246 1.511 3.015 2 2 2 2 2 2
1979-12-29T18:30:00 1979 12 29 18 30 0 2.0 -5.7 532.0 7.6 4.3 5.82 11.04 8.56 2 2 2 2 2 2 2 2 5.0 3.98 -41.0 -5.7 -5.7 -5.7 -5.7 -5.7 -5.7 1.243 1.182 0.912 1.501 1.867 3.717 2 2 2 2 2 2
1979-12-29T19:30:00 1979 12 29 19 30 0 1.2 -6.6 527.0 5.9 3.28 11.38 16.37 10.9 2 2 2 2 2 2 2 2 5.0 4.15 -36.0 -6.6 -6.6 -6.6 -6.6 -6.6 -6.6 1.453 1.363 0.993 1.945 2.151 3.799 2 2 2 2 2 2
1979-12-29T20:30:00 1979 12 29 20 30 0 5.2 -7.1 487.0 4.4 2.09 14.47 17.35 8.83 2 2 2 2 2 2 2 2 5.0 4.28 -28.0 -7.1 -7.1 -7.1 -7.1 -7.1 -7.1 1.556 1.397 1.062 2.128 2.033 3.03 2 2 2 2 2 2
1979-12-29T21:30:00 1979 12 29 21 30 0 5.8 -6.7 481.0 5.0 2.31 16.21 16.65 7.86 2 2 2 2 2 2 2 2 4.3 4.31 -27.0 -6.7 -6.7 -6.7 -6.7 -6.7 -6.7 1.598 1.398 1.117 2.159 1.91 2.562 2 2 2 2 2 2
1979-12-29T22:30:00 1979 12 29 22 30 0 5.4 -7.3 481.0 7.6 3.52 16.65 16.9 10.86 2 2 2 2 2 2 2 2 4.3 4.35 -31.0 -7.3 -7.3 -7.3 -7.3 -7.3 -7.3 1.72 1.539 1.187 2.377 2.103 3.135 2 2 2 2 2 2
1979-12-29T23:30:00 1979 12 29 23 30 0 6.3 -6.6 468.0 8.8 3.85 16.49 16.4 13.51 2 2 2 2 2 2 2 2 4.3 4.42 -32.0 -6.6 -6.6 -6.6 -6.6 -6.6 -6.6 1.83 1.671 1.255 2.521 2.199 3.842 2 2 2 2 2 2
