1979-03-16T00:30:00 1979 3 16 0 30 0 2.1 4.5 365.0 12.8 3.41 4.15 1.73 2.27 2 2 2 2 2 2 2 2 3.0 2.74 2.0 4.5 4.5 4.5 4.5 4.5 4.5 0.327 0.467 0.095 0.282 0.319 0.904 2 2 2 2 2 2
1979-03-16T01:30:00 1979 3 16 1 30 0 8.7 5.0 361.0 6.3 1.64 0.95 0.0 0.0 2 2 2 2 2 2 2 2 3.0 2.78 3.0 5.0 5.0 5.0 5.0 5.0 5.0 0.221 0.232 0.092 0.158 0.101 0.375 2 2 2 2 2 2
1979-03-16T02:30:00 1979 3 16 2 30 0 5.3 -3.3 369.0 5.4 1.47 3.23 1.47 0.81 2 2 2 2 2 2 2 2 3.0 2.82 3.0 -3.3 -3.3 -3.3 -3.3 -3.3 -3.3 0.247 0.315 0.095 0.197 0.296 0.428 2 2 2 2 2 2
1979-03-16T03:30:00 1979 3 16 3 30 0 9.3 1.3 359.0 6.0 1.55 4.57 1.92 1.07 2 2 2 2 2 2 2 2 2.7 2.81 -3.0 1.3 1.3 1.3 1.3 1.3 1.3 0.224 0.264 0.096 0.157 0.201 0.319 2 2 2 2 2 2
1979-03-16T04:30:00 1979 3 16 4 30 0 3.6 1.3 358.5 7.82 2.01 2.1 0.0 0.0 2 2 1 1 1 2 2 1 2.7 2.81 -3.0 1.3 1.3 1.3 1.3 1.3 1.3 0.152 0.131 0.093 0.088 0.064 0.132 2 2 2 2 2 2
1979-03-16T05:30:00 1979 3 16 5 30 0 -3.4 -1.9 358.0 9.65 2.47 0.53 1.15 1.08 2 2 1 1 1 2 2 1 2.7 2.81 1.0 -1.9 -1.9 -1.9 -1.9 -1.9 -1.9 0.194 0.285 0.095 0.127 0.282 0.53 2 1 2 1 1 1
1979-03-16T06:30:00 1979 3 16 6 30 0 -1.2 -3.0 357.5 11.48 2.93 1.92 4.46 4.78 2 2 1 1 1 2 2 1 2.3 2.76 -3.0 -3.0 -3.0 -3.0 -3.0 -3.0 -3.0 0.387 0.656 0.108 0.347 0.666 1.332 1 1 2 1 1 1
1979-03-16T07:30:00 1979 3 16 7 30 0 0.4 -0.4 357.0 13.3 3.39 0.7 2.84 3.47 2 2 2 2 2 2 2 2 2.3 2.7 -8.0 -0.4 -0.4 -0.4 -0.4 -0.4 -0.4 0.405 0.642 0.113 0.313 0.535 1.38 1 2 2 1 2 2
1979-03-16T08:30:00 1979 3 16 8 30 0 1.9 4.0 427.0 6.8 2.48 0.03 0.01 0.01 2 2 2 2 2 2 2 2 2.3 2.62 -13.0 4.0 4.0 4.0 4.0 4.0 4.0 0.274 0.319 0.11 0.175 0.169 0.572 1 2 2 1 2 2
1979-03-16T09:30:00 1979 3 16 9 30 0 7.1 3.7 444.0 6.9 2.72 0.85 0.0 0.0 2 2 2 2 2 2 2 2 3.0 2.62 -11.0 3.7 3.7 3.7 3.7 3.7 3.7 0.186 0.158 0.106 0.098 0.054 0.237 1 2 2 1 2 2
1979-03-16T10:30:00 1979 3 16 10 30 0 7.0 4.0 418.0 6.8 2.38 1.91 0.0 0.0 2 2 2 2 2 2 2 2 3.0 2.63 -17.0 4.0 4.0 4.0 4.0 4.0 4.0 0.126 0.079 0.103 0.055 0.017 0.098 1 2 2 1 2 2
1979-03-16T11:30:00 1979 3 16 11 30 0 6.8 7.4 409.0 5.9 1.97 1.3 0.0 0.0 2 2 2 2 2 2 2 2 3.0 2.67 -12.0 7.4 7.4 7.4 7.4 7.4 7.4 0.085 0.039 0.1 0.031 0.005 0.041 1 2 2 1 2 2
1979-03-16T12:30:00 1979 3 16 12 30 0 7.3 1.3 425.0 5.9 2.13 1.95 0.0 0.0 2 2 2 2 2 2 2 2 3.0 2.71 -4.0 1.3 1.3 1.3 1.3 1.3 1.3 0.058 0.019 0.097 0.017 0.002 0.017 1 2 2 1 2 2
1979-03-16T13:30:00 1979 3 16 13 30 0 8.1 1.3 425.0 7.3 2.64 3.68 0.0 0.0 2 2 2 2 2 2 2 2 3.0 2.75 -5.0 1.3 1.3 1.3 1.3 1.3 1.3 0.039 0.01 0.094 0.01 0.001 0.007 1 2 2 1 2 2
1979-03-16T14:30:00 1979 3 16 14 30 0 8.7 2.5 414.0 7.7 2.64 3.89 0.0 0.0 2 2 2 2 2 2 2 2 3.0 2.83 -8.0 2.5 2.5 2.5 2.5 2.5 2.5 0.026 0.005 0.091 0.005 0.0 0.003 1 2 2 1 2 2
1979-03-16T15:30:00 1979 3 16 15 30 0 9.1 4.4 425.0 8.1 2.93 3.47 0.0 0.0 2 2 2 2 2 2 2 2 2.3 2.82 -4.0 4.4 4.4 4.4 4.4 4.4 4.4 0.018 0.002 0.088 0.003 0.0 0.001 1 2 2 1 2 2
1979-03-16T16:30:00 1979 3 16 16 30 0 10.2 7.1 423.0 7.0 2.51 3.15 0.0 0.0 2 2 2 2 2 2 2 2 2.3 2.82 -5.0 7.1 7.1 7.1 7.1 7.1 7.1 0.012 0.001 0.086 0.002 0.0 0.001 1 2 2 1 2 2
1979-03-16T17:30:00 1979 3 16 17 30 0 9.9 9.5 426.0 6.4 2.32 2.61 0.0 0.0 2 2 2 2 2 2 2 2 2.3 2.73 -5.0 9.5 9.5 9.5 9.5 9.5 9.5 0.008 0.001 0.083 0.001 0.0 0.0 1 2 2 1 2 2
1979-03-16T18:30:00 1979 3 16 18 30 0 8.9 9.0 409.0 6.7 2.24 1.95 0.0 0.0 2 2 2 2 2 2 2 2 1.3 2.51 0.0 9.0 9.0 9.0 9.0 9.0 9.0 0.006 0.0 0.081 0.001 0.0 0.0 1 2 2 1 2 2
1979-03-16T19:30:00 1979 3 16 19 30 0 13.7 2.7 410.0 5.2 1.75 5.14 0.0 0.0 2 2 2 2 2 2 2 2 1.3 2.29 0.0 2.7 2.7 2.7 2.7 2.7 2.7 0.004 0.0 0.078 0.0 0.0 0.0 1 2 2 1 2 2
1979-03-16T20:30:00 1979 3 16 20 30 0 11.4 7.5 388.0 4.2 1.26 5.91 0.0 0.0 2 2 2 2 2 2 2 2 1.3 2.08 -2.0 7.5 7.5 7.5 7.5 7.5 7.5 0.003 0.0 0.076 0.0 0.0 0.0 1 2 2 1 2 2
1979-03-16T21:30:00 1979 3 16 21 30 0 13.0 2.7 379.0 4.9 1.41 5.67 0.0 0.0 2 2 2 2 2 2 2 2 2.0 1.96 4.0 2.7 2.7 2.7 2.7 2.7 2.7 0.002 0.0 0.073 0.0 0.0 0.0 1 2 2 1 2 2
1979-03-16T22:30:00 1979 3 16 22 30 0 8.2 6.6 383.0 7.4 2.17 4.04 0.0 0.0 2 2 2 2 2 2 2 2 2.0 1.84 7.0 6.6 6.6 6.6 6.6 6.6 6.6 0.001 0.0 0.071 0.0 0.0 0.0 1 2 2 1 2 2
1979-03-16T23:30:00 1979 3 16 23 30 0 6.5 6.4 393.0 7.3 2.25 1.28 0.0 0.0 2 2 2 2 2 2 2 2 2.0 1.81 12.0 6.4 6.4 6.4 6.4 6.4 6.4 0.001 0.0 0.069 0.0 0.0 0.0 1 2 2 1 2 2
