1979-10-19T00:30:00 1979 10 19 0 30 0 -5.0 -0.05 307.0 1.4 0.26 2.68 2.24 0.33 1 1 2 2 2 1 2 2 1.0 0.89 -5.0 -0.05 -0.05 -0.05 -0.05 -0.05 -0.05 0.21 0.283 0.069 0.155 0.188 0.075 2 2 1 2 2 2
1979-10-19T01:30:00 1979 10 19 1 30 0 -4.4 2.9 295.0 0.9 0.16 0.86 0.0 0.0 2 2 2 2 2 2 2 2 1.0 1.0 -2.0 2.9 2.9 2.9 2.9 2.9 2.9 0.142 0.14 0.067 0.087 0.059 0.031 2 2 1 2 2 2
1979-10-19T02:30:00 1979 10 19 2 30 0 -4.7 3.8 297.4 0.9 0.16 0.48 0.0 0.0 2 2 1 1 1 2 2 1 1.0 1.04 -1.0 3.8 3.8 3.8 3.8 3.8 3.8 0.096 0.07 0.065 0.049 0.019 0.013 2 2 1 2 2 2
1979-10-19T03:30:00 1979 10 19 3 30 0 -2.4 4.2 299.9 0.9 0.33 0.21 0.0 0.0 2 2 1 1 1 2 2 1 0.3 0.98 -2.0 4.2 4.2 4.2 4.2 4.2 4.2 0.065 0.035 0.063 0.027 0.006 0.005 2 2 1 2 2 2
1979-10-19T04:30:00 1979 10 19 4 30 0 -4.4 3.6 302.3 2.1 0.86 0.22 0.0 0.0 2 2 1 1 1 2 2 1 0.3 0.93 -2.0 3.6 3.6 3.6 3.6 3.6 3.6 0.044 0.017 0.061 0.015 0.002 0.002 2 2 1 2 2 2
1979-10-19T05:30:00 1979 10 19 5 30 0 -6.8 -0.7 304.8 3.56 1.39 1.55 0.13 0.05 2 2 1 1 1 2 2 1 0.3 0.8 3.0 -0.7 -0.7 -0.7 -0.7 -0.7 -0.7 0.043 0.048 0.059 0.016 0.041 0.031 2 1 1 1 1 1
1979-10-19T06:30:00 1979 10 19 6 30 0 -6.9 1.9 307.2 5.02 1.92 2.36 0.1 0.04 2 2 1 1 1 2 2 1 0.7 0.73 2.0 1.9 1.9 1.9 1.9 1.9 1.9 0.03 0.028 0.057 0.009 0.016 0.017 2 1 1 1 1 1
1979-10-19T07:30:00 1979 10 19 7 30 0 -6.9 1.5 309.7 6.48 1.94 1.95 0.0 0.0 2 2 1 1 0 2 2 1 0.7 0.66 5.0 1.5 1.5 1.5 1.5 1.5 1.5 0.02 0.014 0.056 0.005 0.005 0.007 2 1 1 1 1 1
1979-10-19T08:30:00 1979 10 19 8 30 0 -5.6 3.5 312.1 7.27 1.93 1.31 0.0 0.0 2 2 1 0 0 2 2 1 0.7 0.62 6.0 3.5 3.5 3.5 3.5 3.5 3.5 0.014 0.007 0.054 0.003 0.002 0.003 2 1 1 1 1 1
1979-10-19T09:30:00 1979 10 19 9 30 0 -4.5 3.8 314.6 7.27 1.93 0.61 0.0 0.0 2 2 1 0 0 2 2 1 1.3 0.67 9.0 3.8 3.8 3.8 3.8 3.8 3.8 0.009 0.003 0.052 0.002 0.001 0.001 2 1 1 1 1 1
1979-10-19T10:30:00 1979 10 19 10 30 0 -3.96 2.98 317.0 7.27 1.93 0.41 0.0 0.0 1 1 1 0 0 1 1 1 1.3 0.71 7.0 2.82 2.88 2.71 2.72 2.87 2.93 0.006 0.002 0.051 0.001 0.0 0.001 2 1 1 1 1 1
1979-10-19T11:30:00 1979 10 19 11 30 0 -2.8 0.71 319.4 7.27 1.93 0.36 0.0 0.0 1 1 1 0 0 1 1 1 1.3 0.84 3.0 0.08 0.32 -0.34 -0.32 0.29 0.52 0.004 0.001 0.049 0.005 0.0 0.0 2 1 1 0 1 1
1979-10-19T12:30:00 1979 10 19 12 30 0 -1.64 4.22 321.9 7.26 1.93 0.11 0.0 0.0 1 1 1 0 0 1 1 1 2.3 1.09 1.0 4.06 4.12 3.96 3.96 4.11 4.17 0.003 0.0 0.048 0.003 0.0 0.0 2 1 1 0 1 1
1979-10-19T13:30:00 1979 10 19 13 30 0 -1.1 5.3 324.3 7.92 1.93 0.01 0.0 0.0 2 2 1 1 0 2 2 1 2.3 1.34 0.0 5.3 5.3 5.3 5.3 5.3 5.3 0.002 0.0 0.046 0.001 0.0 0.0 2 1 1 0 1 1
1979-10-19T14:30:00 1979 10 19 14 30 0 -1.0 5.2 326.8 9.12 1.94 0.0 0.0 0.0 2 2 1 1 1 2 2 1 2.3 1.54 5.0 5.2 5.2 5.2 5.2 5.2 5.2 0.001 0.0 0.045 0.001 0.0 0.0 2 1 1 0 1 1
1979-10-19T15:30:00 1979 10 19 15 30 0 -0.6 4.9 329.2 10.32 2.22 0.0 0.0 0.0 2 2 1 1 1 2 2 1 1.7 1.66 7.0 4.9 4.9 4.9 4.9 4.9 4.9 0.001 0.0 0.044 0.0 0.0 0.0 2 1 1 0 1 1
1979-10-19T16:30:00 1979 10 19 16 30 0 0.37 4.74 331.7 11.52 2.5 0.0 0.0 0.0 1 1 1 1 1 1 1 1 1.7 1.78 9.0 4.74 4.74 4.74 4.74 4.74 4.74 0.001 0.0 0.042 0.0 0.0 0.0 2 1 1 0 1 1
1979-10-19T17:30:00 1979 10 19 17 30 0 1.33 4.06 334.1 12.5 2.78 0.01 0.0 0.0 1 1 1 1 1 1 1 1 1.7 1.83 7.0 4.06 4.06 4.06 4.06 4.06 4.06 0.0 0.0 0.041 0.0 0.0 0.0 2 1 1 0 1 1
1979-10-19T18:30:00 1979 10 19 18 30 0 2.3 3.9 336.6 12.5 2.87 0.04 0.0 0.0 2 2 1 1 1 2 2 1 1.0 1.78 4.0 3.9 3.9 3.9 3.9 3.9 3.9 0.0 0.0 0.04 0.0 0.0 0.0 2 1 1 0 1 1
1979-10-19T19:30:00 1979 10 19 19 30 0 2.1 3.0 339.0 12.5 2.87 0.07 0.0 0.0 2 2 2 2 2 2 2 2 1.0 1.73 6.0 3.0 3.0 3.0 3.0 3.0 3.0 0.0 0.0 0.039 0.0 0.0 0.0 2 1 1 0 1 1
1979-10-19T20:30:00 1979 10 19 20 30 0 3.3 1.1 342.0 15.2 3.56 0.24 0.0 0.0 2 2 2 2 2 2 2 2 1.0 1.57 10.0 1.1 1.1 1.1 1.1 1.1 1.1 0.0 0.0 0.037 0.0 0.0 0.0 2 1 1 0 1 1
1979-10-19T21:30:00 1979 10 19 21 30 0 2.1 -1.6 346.0 17.2 4.12 0.67 0.94 1.58 2 2 2 2 2 2 2 2 1.7 1.5 11.0 -1.6 -1.6 -1.6 -1.6 -1.6 -1.6 0.096 0.255 0.04 0.076 0.279 0.851 2 2 1 2 2 2
1979-10-19T22:30:00 1979 10 19 22 30 0 1.7 -2.6 339.5 13.8 3.21 1.34 3.66 5.58 2 2 1 1 1 2 2 1 1.7 1.44 9.0 -2.6 -2.6 -2.6 -2.6 -2.6 -2.6 0.309 0.658 0.053 0.286 0.632 1.708 1 1 1 1 1 1
1979-10-19T23:30:00 1979 10 19 23 30 0 -0.6 -3.7 333.0 10.4 2.31 2.07 5.37 6.37 2 2 2 2 2 2 2 2 1.7 1.44 1.0 -3.7 -3.7 -3.7 -3.7 -3.7 -3.7 0.514 0.935 0.071 0.51 0.816 1.843 2 2 1 2 2 2
