1979-12-11T00:30:00 1979 12 11 0 30 0 1.3 -1.0 361.0 6.5 1.69 0.09 0.43 0.28 2 2 2 2 2 2 2 2 2.3 1.51 3.0 -1.0 -1.0 -1.0 -1.0 -1.0 -1.0 0.067 0.108 0.084 0.03 0.122 0.181 2 2 2 2 2 2
1979-12-11T01:30:00 1979 12 11 1 30 0 2.0 0.0 354.0 6.5 1.63 0.33 0.82 0.53 2 2 2 2 2 2 2 2 2.3 1.48 4.0 0.0 0.0 0.0 0.0 0.0 0.0 0.08 0.139 0.083 0.034 0.123 0.221 2 2 2 2 2 2
1979-12-11T02:30:00 1979 12 11 2 30 0 -0.1 -2.0 358.0 6.4 1.64 0.44 1.93 1.24 2 2 2 2 2 2 2 2 2.3 1.56 6.0 -2.0 -2.0 -2.0 -2.0 -2.0 -2.0 0.167 0.322 0.086 0.114 0.332 0.477 2 2 2 2 2 2
1979-12-11T03:30:00 1979 12 11 3 30 0 -1.2 -1.8 356.0 6.4 1.62 0.84 3.38 2.16 2 2 2 2 2 2 2 2 1.3 1.51 5.0 -1.8 -1.8 -1.8 -1.8 -1.8 -1.8 0.267 0.478 0.092 0.204 0.462 0.655 2 2 2 2 2 2
1979-12-11T04:30:00 1979 12 11 4 30 0 -4.0 -0.1 352.0 6.2 1.54 0.93 1.56 0.99 2 2 2 2 2 2 2 2 1.3 1.46 1.0 -0.1 -0.1 -0.1 -0.1 -0.1 -0.1 0.243 0.382 0.092 0.154 0.293 0.496 2 2 2 2 2 2
1979-12-11T05:30:00 1979 12 11 5 30 0 -5.6 0.1 368.0 6.1 1.65 1.69 0.04 0.02 2 2 2 2 2 2 2 2 1.3 1.53 2.0 0.1 0.1 0.1 0.1 0.1 0.1 0.166 0.195 0.089 0.087 0.097 0.217 2 2 2 2 2 2
1979-12-11T06:30:00 1979 12 11 6 30 0 -2.5 1.2 343.0 5.8 1.36 0.94 0.0 0.0 2 2 2 2 2 2 2 2 0.7 1.52 4.0 1.2 1.2 1.2 1.2 1.2 1.2 0.112 0.097 0.086 0.048 0.031 0.09 2 2 2 2 2 2
1979-12-11T07:30:00 1979 12 11 7 30 0 -4.9 1.8 370.0 4.8 1.31 0.62 0.0 0.0 2 2 2 2 2 2 2 2 0.7 1.51 11.0 1.8 1.8 1.8 1.8 1.8 1.8 0.076 0.048 0.084 0.027 0.01 0.037 2 2 2 2 2 2
1979-12-11T08:30:00 1979 12 11 8 30 0 -4.7 2.2 369.0 5.6 1.53 0.94 0.0 0.0 2 2 2 2 2 2 2 2 0.7 1.31 15.0 2.2 2.2 2.2 2.2 2.2 2.2 0.051 0.024 0.081 0.015 0.003 0.015 2 2 2 2 2 2
1979-12-11T09:30:00 1979 12 11 9 30 0 -3.6 3.6 348.0 5.6 1.36 0.5 0.0 0.0 2 2 2 2 2 2 2 2 0.7 1.11 15.0 3.6 3.6 3.6 3.6 3.6 3.6 0.035 0.012 0.079 0.009 0.001 0.006 2 2 2 2 2 2
1979-12-11T10:30:00 1979 12 11 10 30 0 -4.6 2.1 358.0 5.7 1.46 0.53 0.0 0.0 2 2 2 2 2 2 2 2 0.7 0.92 13.0 2.1 2.1 2.1 2.1 2.1 2.1 0.024 0.006 0.076 0.005 0.0 0.003 2 2 2 2 2 2
1979-12-11T11:30:00 1979 12 11 11 30 0 -3.3 4.4 352.0 5.1 1.26 0.41 0.0 0.0 2 2 2 2 2 2 2 2 0.7 0.84 14.0 4.4 4.4 4.4 4.4 4.4 4.4 0.016 0.003 0.074 0.003 0.0 0.001 2 2 2 2 2 2
1979-12-11T12:30:00 1979 12 11 12 30 0 -4.2 3.9 357.0 4.9 1.25 0.3 0.0 0.0 2 2 2 2 2 2 2 2 0.7 0.77 13.0 3.9 3.9 3.9 3.9 3.9 3.9 0.011 0.001 0.072 0.001 0.0 0.0 2 2 2 2 2 2
1979-12-11T13:30:00 1979 12 11 13 30 0 -3.7 3.4 357.0 5.6 1.43 0.36 0.0 0.0 2 2 2 2 2 2 2 2 0.7 0.7 14.0 3.4 3.4 3.4 3.4 3.4 3.4 0.007 0.001 0.069 0.001 0.0 0.0 2 2 2 2 2 2
1979-12-11T14:30:00 1979 12 11 14 30 0 -0.9 3.0 347.0 6.0 1.44 0.1 0.0 0.0 2 2 2 2 2 2 2 2 0.7 0.7 13.0 3.0 3.0 3.0 3.0 3.0 3.0 0.005 0.0 0.067 0.0 0.0 0.0 2 2 2 2 2 2
1979-12-11T15:30:00 1979 12 11 15 30 0 -3.5 -1.0 342.0 6.2 1.45 0.41 0.29 0.18 2 2 2 2 2 2 2 2 0.7 0.7 10.0 -1.0 -1.0 -1.0 -1.0 -1.0 -1.0 0.028 0.066 0.066 0.018 0.079 0.096 2 2 2 2 2 2
1979-12-11T16:30:00 1979 12 11 16 30 0 -1.1 -2.7 341.0 5.6 1.3 1.35 3.28 1.91 2 2 2 2 2 2 2 2 0.7 0.7 6.0 -2.7 -2.7 -2.7 -2.7 -2.7 -2.7 0.178 0.363 0.073 0.163 0.382 0.429 2 2 2 2 2 2
1979-12-11T17:30:00 1979 12 11 17 30 0 -0.8 -2.8 343.0 5.2 1.22 1.62 4.71 2.54 2 2 2 2 2 2 2 2 0.7 0.7 1.0 -2.8 -2.8 -2.8 -2.8 -2.8 -2.8 0.317 0.559 0.083 0.296 0.53 0.581 2 2 2 2 2 2
1979-12-11T18:30:00 1979 12 11 18 30 0 -3.1 -2.8 351.0 5.4 1.33 2.1 4.86 2.58 2 2 2 2 2 2 2 2 2.3 0.91 -2.0 -2.8 -2.8 -2.8 -2.8 -2.8 -2.8 0.415 0.661 0.094 0.379 0.592 0.667 2 2 2 2 2 2
1979-12-11T19:30:00 1979 12 11 19 30 0 -4.8 -1.0 357.0 5.7 1.45 2.35 3.23 1.79 2 2 2 2 2 2 2 2 2.3 1.12 2.0 -1.0 -1.0 -1.0 -1.0 -1.0 -1.0 0.409 0.593 0.098 0.321 0.476 0.618 2 2 2 2 2 2
1979-12-11T20:30:00 1979 12 11 20 30 0 -4.6 0.6 362.0 5.5 1.44 1.66 0.49 0.28 2 2 2 2 2 2 2 2 2.3 1.32 2.0 0.6 0.6 0.6 0.6 0.6 0.6 0.294 0.336 0.096 0.188 0.19 0.32 2 2 2 2 2 2
1979-12-11T21:30:00 1979 12 11 21 30 0 -4.4 -0.1 357.0 5.7 1.45 1.34 0.02 0.01 2 2 2 2 2 2 2 2 1.3 1.39 7.0 -0.1 -0.1 -0.1 -0.1 -0.1 -0.1 0.202 0.18 0.093 0.106 0.077 0.161 2 2 2 2 2 2
1979-12-11T22:30:00 1979 12 11 22 30 0 -3.9 -1.9 352.0 5.4 1.34 1.83 1.9 1.04 2 2 2 2 2 2 2 2 1.3 1.46 7.0 -1.9 -1.9 -1.9 -1.9 -1.9 -1.9 0.24 0.321 0.095 0.143 0.289 0.369 2 2 2 2 2 2
1979-12-11T23:30:00 1979 12 11 23 30 0 -4.5 0.0 364.0 5.5 1.46 1.78 1.55 0.84 2 2 2 2 2 2 2 2 1.3 1.53 5.0 0.0 0.0 0.0 0.0 0.0 0.0 0.218 0.28 0.095 0.117 0.214 0.316 2 2 2 2 2 2
