1984-04-02T00:30:00 1984 4 2 0 30 0 0.37 0.25 525.0 5.8 2.78 0.01 0.0 0.0 0 0 1 1 1 0 1 1 4.7 3.34 -33.0 -0.96 -0.68 -1.51 -1.47 -0.71 -0.47 0.427 0.355 0.832 0.4 0.482 0.789 1 0 2 0 0 0
1984-04-02T01:30:00 1984 4 2 1 30 0 0.37 0.25 525.0 6.41 2.79 0.01 0.0 0.0 0 0 1 1 0 0 1 1 4.7 3.44 -36.0 -0.96 -0.68 -1.51 -1.47 -0.71 -0.47 0.406 0.348 0.823 0.389 0.49 0.866 0 0 2 0 0 0
1984-04-02T02:30:00 1984 4 2 2 30 0 0.36 0.25 525.0 6.74 2.79 0.01 0.0 0.0 0 0 1 0 0 0 1 0 4.7 3.62 -30.0 -0.96 -0.68 -1.51 -1.47 -0.71 -0.47 0.394 0.349 0.815 0.387 0.502 0.944 0 0 1 0 0 0
1984-04-02T03:30:00 1984 4 2 3 30 0 0.36 0.25 525.0 6.75 2.79 0.01 0.0 0.0 0 0 1 0 0 0 1 0 3.3 3.62 -27.0 -0.96 -0.68 -1.51 -1.47 -0.71 -0.47 0.388 0.352 0.806 0.388 0.508 0.989 0 0 1 0 0 0
1984-04-02T04:30:00 1984 4 2 4 30 0 0.36 0.25 525.0 6.76 2.8 0.01 0.0 0.0 0 0 1 0 0 0 1 0 3.3 3.61 -27.0 -0.96 -0.68 -1.51 -1.47 -0.71 -0.47 0.383 0.353 0.798 0.388 0.51 1.009 0 0 1 0 0 0
1984-04-02T05:30:00 1984 4 2 5 30 0 0.36 0.25 525.0 6.76 2.8 0.01 0.0 0.0 0 0 1 0 0 0 1 0 3.3 3.68 -25.0 -0.96 -0.68 -1.51 -1.47 -0.71 -0.47 0.38 0.353 0.791 0.388 0.511 1.017 0 0 1 0 0 0
1984-04-02T06:30:00 1984 4 2 6 30 0 0.36 0.25 525.0 6.77 2.8 0.01 0.0 0.0 0 0 1 0 0 0 1 0 5.3 4.0 -22.0 -0.96 -0.68 -1.51 -1.48 -0.71 -0.47 0.378 0.354 0.783 0.389 0.511 1.021 0 0 1 0 0 0
1984-04-02T07:30:00 1984 4 2 7 30 0 0.36 0.25 525.0 6.78 2.8 0.01 0.0 0.0 0 0 1 0 0 0 1 0 5.3 4.33 -25.0 -0.96 -0.68 -1.51 -1.48 -0.71 -0.47 0.377 0.354 0.776 0.391 0.511 1.024 0 0 1 0 0 0
1984-04-02T08:30:00 1984 4 2 8 30 0 0.36 0.25 525.0 6.78 2.8 0.01 0.0 0.0 0 0 1 0 0 0 1 0 5.3 4.41 -43.0 -0.96 -0.68 -1.51 -1.48 -0.71 -0.47 0.376 0.354 0.769 0.392 0.512 1.026 0 0 1 0 0 0
1984-04-02T09:30:00 1984 4 2 9 30 0 0.36 0.25 529.6 6.79 2.81 0.01 0.0 0.0 0 0 1 0 0 0 1 0 5.0 4.46 -50.0 -0.96 -0.68 -1.51 -1.48 -0.71 -0.47 0.376 0.355 0.762 0.393 0.515 1.036 0 0 1 0 0 0
1984-04-02T10:30:00 1984 4 2 10 30 0 0.36 0.25 534.1 6.8 2.81 0.01 0.0 0.0 0 0 1 0 0 0 1 0 5.0 4.5 -62.0 -0.96 -0.68 -1.51 -1.48 -0.71 -0.47 0.377 0.355 0.756 0.396 0.522 1.054 0 0 1 0 0 0
1984-04-02T11:30:00 1984 4 2 11 30 0 0.36 0.25 538.7 6.8 2.81 0.01 0.0 0.0 0 0 1 0 0 0 1 0 5.0 4.7 -42.0 -0.96 -0.68 -1.51 -1.48 -0.71 -0.47 0.378 0.356 0.751 0.4 0.529 1.075 0 0 1 0 0 0
1984-04-02T12:30:00 1984 4 2 12 30 0 0.36 0.25 543.2 6.81 2.81 0.01 0.0 0.0 0 0 1 0 0 0 1 0 4.3 4.82 -36.0 -0.96 -0.68 -1.51 -1.48 -0.71 -0.47 0.38 0.357 0.746 0.404 0.536 1.098 0 0 1 0 0 0
1984-04-02T13:30:00 1984 4 2 13 30 0 0.36 0.25 547.8 6.82 2.81 0.01 0.0 0.0 0 0 1 0 0 0 1 0 4.3 4.93 -41.0 -0.96 -0.68 -1.51 -1.48 -0.71 -0.47 0.382 0.357 0.741 0.408 0.543 1.121 0 0 1 0 0 0
1984-04-02T14:30:00 1984 4 2 14 30 0 0.36 0.25 552.3 6.82 2.82 0.01 0.0 0.0 0 0 1 0 0 0 1 0 4.3 4.8 -53.0 -0.96 -0.68 -1.51 -1.48 -0.71 -0.47 0.385 0.358 0.737 0.412 0.551 1.145 0 0 1 0 0 0
1984-04-02T15:30:00 1984 4 2 15 30 0 0.36 0.25 556.9 6.83 2.82 0.01 0.0 0.0 0 0 1 0 0 0 1 0 5.3 4.81 -55.0 -0.96 -0.68 -1.51 -1.48 -0.71 -0.47 0.387 0.359 0.734 0.417 0.558 1.169 0 0 1 0 0 0
1984-04-02T16:30:00 1984 4 2 16 30 0 0.36 0.25 561.4 6.83 2.82 0.01 0.0 0.0 0 0 1 0 0 0 1 0 5.3 4.81 -50.0 -0.96 -0.68 -1.51 -1.48 -0.71 -0.47 0.39 0.359 0.731 0.421 0.566 1.194 0 0 1 0 0 0
1984-04-02T17:30:00 1984 4 2 17 30 0 0.36 0.25 566.0 6.84 2.82 0.01 0.0 0.0 0 0 1 0 0 0 1 0 5.3 4.86 -51.0 -0.96 -0.68 -1.51 -1.48 -0.71 -0.47 0.392 0.36 0.728 0.426 0.573 1.219 0 0 1 0 0 0
1984-04-02T18:30:00 1984 4 2 18 30 0 0.36 0.25 570.6 6.85 2.83 0.01 0.0 0.0 0 0 1 0 0 0 1 0 5.0 4.86 -54.0 -0.96 -0.68 -1.51 -1.48 -0.71 -0.47 0.395 0.361 0.726 0.43 0.581 1.244 0 0 1 0 0 0
1984-04-02T19:30:00 1984 4 2 19 30 0 0.36 0.25 575.1 6.85 2.83 0.01 0.0 0.0 0 0 1 0 0 0 1 0 5.0 4.86 -57.0 -0.96 -0.68 -1.51 -1.48 -0.71 -0.47 0.397 0.361 0.724 0.435 0.589 1.27 0 0 1 0 0 0
1984-04-02T20:30:00 1984 4 2 20 30 0 0.36 0.25 579.7 6.86 2.83 0.01 0.0 0.0 0 0 1 0 0 0 1 0 5.0 4.94 -50.0 -0.96 -0.68 -1.51 -1.48 -0.71 -0.47 0.4 0.362 0.723 0.439 0.597 1.296 0 0 1 0 0 0
1984-04-02T21:30:00 1984 4 2 21 30 0 0.35 0.25 584.2 6.87 2.83 0.01 0.0 0.0 0 0 1 0 0 0 1 0 5.7 5.12 -44.0 -0.96 -0.68 -1.51 -1.48 -0.71 -0.47 0.403 0.363 0.722 0.444 0.605 1.323 0 0 1 0 0 0
1984-04-02T22:30:00 1984 4 2 22 30 0 0.35 0.25 588.8 6.87 2.83 0.01 0.0 0.0 0 0 1 0 0 0 1 0 5.7 5.29 -42.0 -0.96 -0.68 -1.51 -1.48 -0.71 -0.47 0.405 0.363 0.722 0.448 0.612 1.349 0 0 1 0 0 0
1984-04-02T23:30:00 1984 4 2 23 30 0 0.35 0.25 593.3 6.88 2.84 0.01 0.0 0.0 0 0 1 0 0 0 1 0 5.7 5.34 -48.0 -0.96 -0.68 -1.51 -1.48 -0.71 -0.47 0.408 0.364 0.722 0.453 0.62 1.376 0 0 1 0 0 0
