1984-01-09T00:30:00 1984 1 9 0 30 0 -0.84 -0.48 434.5 8.87 3.1 0.16 1.04 0.92 0 0 0 0 0 0 0 0 0.3 0.35 0.0 -1.37 -1.06 -1.93 -1.9 -1.09 -0.81 0.486 0.522 0.54 0.479 0.567 1.231 0 0 0 0 0 0
1984-01-09T01:30:00 1984 1 9 1 30 0 -0.84 -0.48 434.5 8.87 3.1 0.16 1.04 0.92 0 0 0 0 0 0 0 0 0.3 0.3 1.0 -1.37 -1.06 -1.93 -1.9 -1.09 -0.81 0.486 0.522 0.54 0.479 0.567 1.231 0 0 0 0 0 0
1984-01-09T02:30:00 1984 1 9 2 30 0 -0.84 -0.49 434.4 8.87 3.1 0.16 1.05 0.94 0 0 0 0 0 0 0 0 0.3 0.3 0.0 -1.37 -1.06 -1.93 -1.9 -1.09 -0.81 0.486 0.522 0.54 0.479 0.567 1.231 0 0 0 0 0 0
1984-01-09T03:30:00 1984 1 9 3 30 0 -0.84 -0.49 434.4 8.87 3.1 0.16 1.06 0.94 0 0 0 0 0 0 0 0 1.7 0.48 0.0 -1.37 -1.06 -1.93 -1.9 -1.1 -0.81 0.486 0.522 0.54 0.479 0.569 1.23 0 0 0 0 0 0
1984-01-09T04:30:00 1984 1 9 4 30 0 -0.85 -0.49 434.4 8.87 3.1 0.16 1.06 0.94 0 0 0 0 0 0 0 0 1.7 0.66 3.0 -1.38 -1.06 -1.94 -1.9 -1.1 -0.81 0.487 0.522 0.54 0.479 0.57 1.23 0 0 0 0 0 0
1984-01-09T05:30:00 1984 1 9 5 30 0 -0.85 -0.49 434.4 8.87 3.1 0.17 1.06 0.94 0 0 0 0 0 0 0 0 1.7 0.84 4.0 -1.38 -1.06 -1.94 -1.9 -1.1 -0.81 0.488 0.522 0.54 0.479 0.571 1.23 0 0 0 0 0 0
1984-01-09T06:30:00 1984 1 9 6 30 0 -0.85 -0.49 434.4 8.87 3.1 0.17 1.06 0.94 0 0 0 0 0 0 0 0 0.7 0.89 5.0 -1.38 -1.06 -1.94 -1.9 -1.1 -0.81 0.488 0.522 0.54 0.479 0.571 1.23 0 0 0 0 0 0
1984-01-09T07:30:00 1984 1 9 7 30 0 -0.85 -0.49 434.4 8.87 3.1 0.17 1.06 0.94 0 0 0 0 0 0 0 0 0.7 0.93 5.0 -1.38 -1.06 -1.94 -1.9 -1.1 -0.81 0.489 0.522 0.54 0.479 0.571 1.23 0 0 0 0 0 0
1984-01-09T08:30:00 1984 1 9 8 30 0 -0.85 -0.49 434.4 8.87 3.1 0.17 1.06 0.94 0 0 0 0 0 0 0 0 0.7 0.98 6.0 -1.38 -1.07 -1.94 -1.9 -1.1 -0.81 0.489 0.523 0.54 0.479 0.571 1.23 0 0 0 0 0 0
1984-01-09T09:30:00 1984 1 9 9 30 0 -0.86 -0.49 434.4 8.87 3.09 0.17 1.06 0.94 0 0 0 0 0 0 0 0 1.0 1.06 6.0 -1.38 -1.07 -1.94 -1.91 -1.1 -0.81 0.489 0.524 0.54 0.48 0.571 1.23 0 0 0 0 0 0
1984-01-09T10:30:00 1984 1 9 10 30 0 -0.86 -0.5 434.3 8.87 3.09 0.17 1.08 0.95 0 0 0 0 0 0 0 0 1.0 1.14 3.0 -1.38 -1.07 -1.94 -1.91 -1.1 -0.81 0.489 0.525 0.54 0.48 0.571 1.23 0 0 0 0 0 0
1984-01-09T11:30:00 1984 1 9 11 30 0 -0.86 -0.5 434.3 8.87 3.09 0.17 1.09 0.96 0 0 0 0 0 0 0 0 1.0 1.06 6.0 -1.38 -1.07 -1.94 -1.91 -1.1 -0.81 0.489 0.525 0.541 0.481 0.571 1.23 0 0 0 0 0 0
1984-01-09T12:30:00 1984 1 9 12 30 0 -0.86 -0.5 434.3 8.87 3.09 0.17 1.09 0.96 0 0 0 0 0 0 0 0 0.3 0.88 6.0 -1.38 -1.07 -1.94 -1.91 -1.1 -0.81 0.489 0.525 0.541 0.481 0.571 1.23 0 0 0 0 0 0
1984-01-09T13:30:00 1984 1 9 13 30 0 -0.86 -0.5 434.3 8.87 3.09 0.17 1.09 0.96 0 0 0 0 0 0 0 0 0.3 0.71 8.0 -1.38 -1.07 -1.94 -1.91 -1.1 -0.82 0.489 0.525 0.541 0.481 0.571 1.233 0 0 0 0 0 0
1984-01-09T14:30:00 1984 1 9 14 30 0 -0.87 -0.5 434.3 8.87 3.09 0.17 1.09 0.96 0 0 0 0 0 0 0 0 0.3 0.66 8.0 -1.38 -1.07 -1.94 -1.91 -1.1 -0.82 0.489 0.525 0.541 0.482 0.571 1.236 0 0 0 0 0 0
1984-01-09T15:30:00 1984 1 9 15 30 0 -0.87 -0.5 434.3 8.87 3.09 0.17 1.09 0.96 0 0 0 0 0 0 0 0 1.0 0.7 7.0 -1.38 -1.07 -1.94 -1.91 -1.1 -0.82 0.489 0.525 0.541 0.482 0.571 1.237 0 0 0 0 0 0
1984-01-09T16:30:00 1984 1 9 16 30 0 -0.87 -0.5 434.3 8.87 3.09 0.17 1.09 0.96 0 0 0 0 0 0 0 0 1.0 0.74 6.0 -1.38 -1.07 -1.94 -1.91 -1.1 -0.82 0.489 0.525 0.541 0.482 0.571 1.237 0 0 0 0 0 0
1984-01-09T17:30:00 1984 1 9 17 30 0 -0.87 -0.51 434.2 8.87 3.09 0.17 1.1 0.97 0 0 0 0 0 0 0 0 1.0 0.74 8.0 -1.38 -1.07 -1.94 -1.91 -1.1 -0.82 0.489 0.525 0.541 0.482 0.57 1.237 0 0 0 0 0 0
1984-01-09T18:30:00 1984 1 9 18 30 0 -0.87 -0.51 434.2 8.87 3.09 0.18 1.11 0.98 0 0 0 0 0 0 0 0 1.0 0.74 10.0 -1.38 -1.07 -1.94 -1.91 -1.1 -0.82 0.489 0.525 0.541 0.482 0.57 1.237 0 0 0 0 0 0
1984-01-09T19:30:00 1984 1 9 19 30 0 -0.88 -0.51 434.2 8.87 3.09 0.18 1.11 0.98 0 0 0 0 0 0 0 0 1.0 0.75 10.0 -1.38 -1.07 -1.94 -1.91 -1.1 -0.82 0.489 0.525 0.541 0.482 0.57 1.237 0 0 0 0 0 0
1984-01-09T20:30:00 1984 1 9 20 30 0 -0.88 -0.51 434.2 8.87 3.09 0.18 1.11 0.98 0 0 0 0 0 0 0 0 1.0 0.83 10.0 -1.38 -1.07 -1.94 -1.91 -1.1 -0.82 0.489 0.525 0.541 0.482 0.57 1.237 0 0 0 0 0 0
1984-01-09T21:30:00 1984 1 9 21 30 0 -0.88 -0.51 434.2 8.87 3.09 0.18 1.11 0.98 0 0 0 0 0 0 0 0 2.0 1.05 11.0 -1.39 -1.07 -1.95 -1.91 -1.11 -0.82 0.49 0.525 0.541 0.482 0.572 1.237 0 0 0 0 0 0
1984-01-09T22:30:00 1984 1 9 22 30 0 -0.88 -0.51 434.2 8.87 3.09 0.18 1.11 0.98 0 0 0 0 0 0 0 0 2.0 1.26 14.0 -1.39 -1.07 -1.95 -1.91 -1.11 -0.82 0.491 0.525 0.541 0.482 0.573 1.237 0 0 0 0 0 0
1984-01-09T23:30:00 1984 1 9 23 30 0 -0.88 -0.51 434.2 8.87 3.09 0.18 1.11 0.98 0 0 0 0 0 0 0 0 2.0 1.39 15.0 -1.39 -1.07 -1.95 -1.91 -1.11 -0.82 0.491 0.525 0.542 0.482 0.574 1.237 0 0 0 0 0 0
