1984-10-16T00:30:00 1984 10 16 0 30 0 3.4 1.2 472.0 9.9 4.17 1.74 0.37 0.37 2 2 2 2 2 2 2 2 4.0 3.9 -34.0 1.2 1.2 1.2 1.2 1.2 1.2 0.732 0.564 0.546 0.606 0.407 1.427 2 2 1 2 2 2
1984-10-16T01:30:00 1984 10 16 1 30 0 1.6 1.5 477.0 11.6 4.9 0.3 0.0 0.0 2 2 2 2 2 2 2 2 4.0 4.14 -27.0 1.5 1.5 1.5 1.5 1.5 1.5 0.496 0.28 0.53 0.339 0.129 0.592 2 2 1 2 2 2
1984-10-16T02:30:00 1984 10 16 2 30 0 1.6 1.27 475.3 11.3 4.9 0.09 0.0 0.0 1 1 1 1 1 1 1 1 4.0 4.06 -19.0 1.06 1.11 0.97 0.98 1.11 1.14 0.336 0.139 0.513 0.19 0.041 0.245 2 2 1 2 2 2
1984-10-16T03:30:00 1984 10 16 3 30 0 2.06 0.41 473.7 9.62 4.3 0.2 0.0 0.0 1 1 1 1 1 1 1 1 4.0 3.97 -17.0 -0.55 -0.33 -0.99 -0.96 -0.35 -0.17 0.257 0.11 0.501 0.148 0.09 0.247 2 2 1 2 1 1
1984-10-16T04:30:00 1984 10 16 4 30 0 3.05 0.25 472.0 7.95 3.41 0.56 0.0 0.0 1 0 1 1 1 1 1 1 4.0 3.89 -14.0 -0.86 -0.61 -1.36 -1.33 -0.63 -0.42 0.272 0.216 0.496 0.211 0.298 0.622 1 0 1 1 0 0
1984-10-16T05:30:00 1984 10 16 5 30 0 4.04 -0.12 470.3 6.28 2.52 1.22 0.06 0.04 1 1 1 1 1 1 1 1 4.0 3.93 -13.0 -1.08 -0.86 -1.51 -1.48 -0.88 -0.7 0.299 0.299 0.494 0.263 0.414 0.789 1 1 1 1 1 1
1984-10-16T06:30:00 1984 10 16 6 30 0 4.5 -2.0 468.7 4.6 1.92 2.65 2.67 1.37 1 1 1 1 1 1 1 1 3.0 3.83 -13.0 -2.2 -2.16 -2.29 -2.29 -2.16 -2.12 0.374 0.434 0.495 0.346 0.618 0.942 1 1 1 1 1 1
1984-10-16T07:30:00 1984 10 16 7 30 0 4.5 -2.5 467.0 4.3 1.92 4.08 5.31 2.35 2 2 2 2 2 2 2 2 3.0 3.74 -19.0 -2.5 -2.5 -2.5 -2.5 -2.5 -2.5 0.459 0.548 0.5 0.43 0.759 1.005 1 2 1 2 2 2
1984-10-16T08:30:00 1984 10 16 8 30 0 5.7 -0.8 459.0 4.4 1.91 3.88 3.66 1.59 2 2 2 2 2 2 2 2 3.0 3.61 -26.0 -0.8 -0.8 -0.8 -0.8 -0.8 -0.8 0.437 0.494 0.495 0.353 0.594 0.843 2 2 1 2 2 2
1984-10-16T09:30:00 1984 10 16 9 30 0 3.6 -4.7 470.0 5.1 2.24 5.3 6.79 3.3 2 2 2 2 2 2 2 2 3.7 3.58 -31.0 -4.7 -4.7 -4.7 -4.7 -4.7 -4.7 0.582 0.688 0.511 0.59 0.959 1.21 2 2 1 2 2 2
1984-10-16T10:30:00 1984 10 16 10 30 0 2.8 -6.2 466.7 5.1 2.24 9.25 12.9 6.58 2 2 1 1 1 2 2 1 3.7 3.54 -37.0 -6.2 -6.2 -6.2 -6.2 -6.2 -6.2 0.857 0.98 0.561 1.087 1.4 1.689 1 1 1 1 1 1
1984-10-16T11:30:00 1984 10 16 11 30 0 2.8 -5.01 463.4 5.1 2.22 8.99 12.92 6.59 1 1 1 1 1 1 1 1 3.7 3.51 -35.0 -5.21 -5.17 -5.3 -5.3 -5.17 -5.13 1.031 1.108 0.608 1.341 1.489 1.838 1 1 1 1 1 1
1984-10-16T12:30:00 1984 10 16 12 30 0 2.93 -0.59 460.1 5.1 2.12 3.38 6.04 3.08 1 1 1 1 1 1 1 1 3.7 3.48 -34.0 -1.55 -1.33 -1.99 -1.96 -1.36 -1.17 0.945 0.915 0.62 1.09 1.056 1.466 1 1 1 1 1 1
1984-10-16T13:30:00 1984 10 16 13 30 0 3.2 0.25 456.9 5.1 2.03 0.96 0.42 0.21 1 0 1 1 1 1 1 1 3.7 3.45 -29.0 -0.86 -0.61 -1.36 -1.33 -0.63 -0.42 0.748 0.629 0.613 0.746 0.613 0.96 1 1 1 1 1 1
1984-10-16T14:30:00 1984 10 16 14 30 0 3.47 0.14 453.6 5.1 1.93 0.96 0.0 0.0 1 1 1 1 1 1 1 1 3.7 3.53 -32.0 -0.82 -0.61 -1.26 -1.23 -0.63 -0.44 0.592 0.454 0.603 0.522 0.422 0.681 1 1 1 1 1 1
1984-10-16T15:30:00 1984 10 16 15 30 0 3.6 -0.45 450.3 5.1 1.91 1.25 0.43 0.22 1 1 1 1 1 1 1 1 3.3 3.56 -34.0 -0.65 -0.6 -0.74 -0.73 -0.61 -0.57 0.474 0.366 0.59 0.359 0.355 0.591 1 1 1 1 1 1
1984-10-16T16:30:00 1984 10 16 16 30 0 3.6 -0.6 447.0 5.1 1.91 1.48 1.19 0.61 2 2 2 2 2 2 2 2 3.3 3.6 -35.0 -0.6 -0.6 -0.6 -0.6 -0.6 -0.6 0.386 0.322 0.575 0.244 0.328 0.566 1 1 1 1 2 2
1984-10-16T17:30:00 1984 10 16 17 30 0 1.0 0.3 445.0 4.8 1.77 0.57 0.39 0.2 2 2 2 2 2 2 2 2 3.3 3.54 -33.0 0.3 0.3 0.3 0.3 0.3 0.3 0.275 0.191 0.558 0.142 0.144 0.31 1 1 1 1 2 2
1984-10-16T18:30:00 1984 10 16 18 30 0 1.1 0.0 441.0 4.9 1.79 0.09 0.0 0.0 2 2 2 2 2 2 2 2 1.7 3.28 -29.0 0.0 0.0 0.0 0.0 0.0 0.0 0.186 0.095 0.541 0.08 0.046 0.129 1 1 1 1 2 2
1984-10-16T19:30:00 1984 10 16 19 30 0 1.3 -0.4 444.0 4.2 1.56 0.19 0.48 0.21 2 2 2 2 2 2 2 2 1.7 3.03 -27.0 -0.4 -0.4 -0.4 -0.4 -0.4 -0.4 0.154 0.122 0.526 0.058 0.131 0.221 1 2 1 1 2 2
1984-10-16T20:30:00 1984 10 16 20 30 0 2.8 -0.5 440.0 4.8 1.75 0.59 1.0 0.45 2 2 2 2 2 2 2 2 1.7 2.77 -24.0 -0.5 -0.5 -0.5 -0.5 -0.5 -0.5 0.153 0.173 0.512 0.059 0.212 0.333 2 2 1 2 2 2
1984-10-16T21:30:00 1984 10 16 21 30 0 2.3 -1.7 441.0 5.4 1.93 1.2 2.53 1.31 2 2 2 2 2 2 2 2 3.3 2.74 -25.0 -1.7 -1.7 -1.7 -1.7 -1.7 -1.7 0.225 0.323 0.504 0.14 0.437 0.626 2 2 1 2 2 2
1984-10-16T22:30:00 1984 10 16 22 30 0 2.5 -2.0 437.0 4.6 1.63 1.71 4.09 2.03 2 2 2 2 2 2 2 2 3.3 2.7 -27.0 -2.0 -2.0 -2.0 -2.0 -2.0 -2.0 0.319 0.456 0.501 0.244 0.589 0.79 2 2 1 2 2 2
1984-10-16T23:30:00 1984 10 16 23 30 0 2.5 -1.58 433.2 4.6 1.63 1.67 3.86 1.77 1 1 1 1 1 1 1 1 3.3 2.7 -24.0 -1.79 -1.74 -1.88 -1.88 -1.75 -1.71 0.374 0.506 0.499 0.299 0.608 0.799 2 1 1 1 1 1
