1984-02-19T00:30:00 1984 2 19 0 30 0 3.3 -0.5 432.0 6.7 2.56 0.43 0.13 0.09 2 2 2 2 2 2 2 2 0.7 2.01 -5.0 -0.5 -0.5 -0.5 -0.5 -0.5 -0.5 0.074 0.056 0.473 0.024 0.074 0.139 2 2 1 2 2 2
1984-02-19T01:30:00 1984 2 19 1 30 0 2.7 1.1 425.0 7.1 2.66 0.68 0.13 0.08 2 2 2 2 2 2 2 2 0.7 1.75 -3.0 1.1 1.1 1.1 1.1 1.1 1.1 0.053 0.037 0.459 0.015 0.034 0.086 2 2 1 2 2 2
1984-02-19T02:30:00 1984 2 19 2 30 0 2.7 0.94 423.5 7.1 2.66 0.38 0.0 0.0 1 1 1 1 1 1 1 1 0.7 1.43 -2.0 0.7 0.76 0.6 0.6 0.75 0.8 0.036 0.018 0.445 0.008 0.011 0.036 2 2 1 2 2 2
1984-02-19T03:30:00 1984 2 19 3 30 0 2.0 0.33 422.0 7.1 2.67 0.33 0.0 0.0 1 1 1 1 1 1 1 1 2.0 1.29 -4.0 -0.76 -0.5 -1.26 -1.23 -0.53 -0.31 0.062 0.074 0.434 0.057 0.108 0.142 1 1 1 1 1 1
1984-02-19T04:30:00 1984 2 19 4 30 0 0.7 0.21 420.5 7.07 2.69 0.12 0.0 0.0 1 0 1 1 1 1 1 1 2.0 1.15 -5.0 -1.04 -0.74 -1.61 -1.58 -0.77 -0.52 0.144 0.209 0.431 0.163 0.282 0.426 0 0 1 0 0 0
1984-02-19T05:30:00 1984 2 19 5 30 0 -0.59 0.21 419.0 7.07 2.71 0.01 0.0 0.0 1 0 1 1 1 1 1 1 2.0 1.28 -3.0 -1.04 -0.74 -1.61 -1.58 -0.77 -0.52 0.207 0.289 0.429 0.236 0.352 0.567 0 0 1 0 0 0
1984-02-19T06:30:00 1984 2 19 6 30 0 -1.09 0.21 417.5 7.12 2.73 0.05 0.0 0.0 0 0 1 1 1 0 1 1 1.7 1.36 0.0 -1.04 -0.74 -1.61 -1.58 -0.77 -0.52 0.25 0.329 0.427 0.276 0.373 0.625 0 0 1 0 0 0
1984-02-19T07:30:00 1984 2 19 7 30 0 -0.61 0.21 416.0 7.16 2.65 0.04 0.0 0.0 1 0 1 1 1 1 1 1 1.7 1.45 -2.0 -1.04 -0.74 -1.61 -1.58 -0.77 -0.52 0.279 0.349 0.424 0.299 0.379 0.649 0 0 1 0 0 0
1984-02-19T08:30:00 1984 2 19 8 30 0 0.69 0.22 414.5 7.23 2.57 0.01 0.0 0.0 1 0 1 1 1 1 1 1 1.7 1.57 -1.0 -1.04 -0.74 -1.61 -1.58 -0.77 -0.52 0.299 0.359 0.422 0.311 0.38 0.659 0 0 1 0 0 0
1984-02-19T09:30:00 1984 2 19 9 30 0 1.99 -0.11 413.0 7.3 2.49 0.18 0.05 0.03 1 1 1 1 1 1 1 1 1.3 1.64 1.0 -1.19 -0.93 -1.69 -1.66 -0.96 -0.74 0.321 0.387 0.421 0.324 0.411 0.722 0 1 1 0 1 1
1984-02-19T10:30:00 1984 2 19 10 30 0 2.7 -1.76 411.5 7.3 2.47 0.98 2.07 1.51 1 1 1 1 1 1 1 1 1.3 1.7 3.0 -1.99 -1.93 -2.09 -2.09 -1.94 -1.89 0.387 0.506 0.421 0.369 0.568 0.988 1 1 1 1 1 1
1984-02-19T11:30:00 1984 2 19 11 30 0 2.7 -2.2 410.0 7.3 2.47 1.91 4.1 3.0 2 2 2 2 2 2 2 2 1.3 1.62 2.0 -2.2 -2.2 -2.2 -2.2 -2.2 -2.2 0.466 0.629 0.424 0.42 0.698 1.22 1 2 1 1 2 2
1984-02-19T12:30:00 1984 2 19 12 30 0 3.3 -1.3 412.0 7.1 2.46 1.85 3.52 2.53 2 2 2 2 2 2 2 2 2.0 1.62 0.0 -1.3 -1.3 -1.3 -1.3 -1.3 -1.3 0.475 0.621 0.422 0.38 0.636 1.187 1 2 1 2 2 2
1984-02-19T13:30:00 1984 2 19 13 30 0 2.7 -2.6 410.5 6.65 2.28 2.11 4.12 2.81 1 1 1 1 1 1 1 1 2.0 1.63 -4.0 -2.6 -2.6 -2.6 -2.6 -2.6 -2.6 0.521 0.68 0.424 0.422 0.719 1.246 1 1 1 1 1 1
1984-02-19T14:30:00 1984 2 19 14 30 0 2.1 -3.9 409.0 6.2 2.09 3.35 6.77 4.33 2 2 2 2 2 2 2 2 2.0 1.67 -10.0 -3.9 -3.9 -3.9 -3.9 -3.9 -3.9 0.647 0.832 0.438 0.606 0.917 1.394 2 2 1 2 2 2
1984-02-19T15:30:00 1984 2 19 15 30 0 2.8 3.2 419.0 7.7 2.93 1.0 1.88 1.23 2 2 2 2 2 2 2 2 2.7 1.8 -11.0 3.2 3.2 3.2 3.2 3.2 3.2 0.49 0.506 0.428 0.384 0.398 0.768 2 2 1 2 2 2
1984-02-19T16:30:00 1984 2 19 16 30 0 4.6 0.65 422.5 8.5 3.22 0.71 0.0 0.0 1 1 1 1 1 1 1 1 2.7 1.93 -8.0 0.65 0.65 0.65 0.65 0.65 0.65 0.332 0.251 0.415 0.215 0.126 0.319 2 2 1 2 2 2
1984-02-19T17:30:00 1984 2 19 17 30 0 6.4 -1.9 426.0 9.3 3.52 3.25 1.67 1.53 2 2 2 2 2 2 2 2 2.7 2.1 -5.0 -1.9 -1.9 -1.9 -1.9 -1.9 -1.9 0.341 0.372 0.41 0.228 0.413 0.891 2 2 1 2 2 2
1984-02-19T18:30:00 1984 2 19 18 30 0 4.8 0.5 419.0 10.3 3.9 3.07 1.43 1.37 2 2 2 2 2 2 2 2 2.3 2.22 -5.0 0.5 0.5 0.5 0.5 0.5 0.5 0.289 0.305 0.401 0.168 0.277 0.761 2 2 1 2 2 2
1984-02-19T19:30:00 1984 2 19 19 30 0 0.7 5.5 408.0 11.4 4.07 0.33 0.0 0.0 2 2 2 2 2 2 2 2 2.3 2.34 -3.0 5.5 5.5 5.5 5.5 5.5 5.5 0.196 0.152 0.388 0.094 0.088 0.316 2 2 1 2 2 2
1984-02-19T20:30:00 1984 2 19 20 30 0 0.0 5.7 409.0 11.7 4.24 0.0 0.0 0.0 2 2 2 2 2 2 2 2 2.3 2.38 0.0 5.7 5.7 5.7 5.7 5.7 5.7 0.132 0.075 0.377 0.053 0.028 0.131 2 2 1 2 2 2
1984-02-19T21:30:00 1984 2 19 21 30 0 2.7 1.6 400.0 11.2 3.88 0.07 0.0 0.0 2 2 2 2 2 2 2 2 1.7 2.33 0.0 1.6 1.6 1.6 1.6 1.6 1.6 0.09 0.037 0.365 0.03 0.009 0.054 2 2 1 2 2 2
1984-02-19T22:30:00 1984 2 19 22 30 0 2.8 -1.9 393.0 10.4 3.42 0.86 1.18 1.24 2 2 2 2 2 2 2 2 1.7 2.29 -1.0 -1.9 -1.9 -1.9 -1.9 -1.9 -1.9 0.157 0.24 0.359 0.103 0.305 0.678 2 2 1 2 2 2
1984-02-19T23:30:00 1984 2 19 23 30 0 2.3 0.4 383.0 10.5 3.85 0.84 1.38 1.44 2 2 2 2 2 2 2 2 1.7 2.16 -3.0 0.4 0.4 0.4 0.4 0.4 0.4 0.166 0.252 0.351 0.098 0.24 0.659 2 2 1 2 2 2
