1984-08-16T00:30:00 1984 8 16 0 30 0 -4.9 -0.7 540.0 5.6 3.27 1.27 0.82 0.45 2 2 2 2 2 2 2 2 3.3 3.04 -11.0 -0.7 -0.7 -0.7 -0.7 -0.7 -0.7 0.116 0.172 0.281 0.061 0.285 0.6 2 2 1 2 2 2
1984-08-16T01:30:00 1984 8 16 1 30 0 -3.4 -3.7 547.0 5.5 3.29 4.5 6.33 3.5 2 2 2 2 2 2 2 2 3.3 2.96 -13.0 -3.7 -3.7 -3.7 -3.7 -3.7 -3.7 0.356 0.497 0.308 0.404 0.971 1.529 2 2 1 2 2 2
1984-08-16T02:30:00 1984 8 16 2 30 0 -4.4 -2.5 552.0 5.5 3.46 5.52 8.38 4.61 2 2 2 2 2 2 2 2 3.3 3.0 -12.0 -2.5 -2.5 -2.5 -2.5 -2.5 -2.5 0.545 0.677 0.34 0.626 1.208 1.973 2 2 1 2 2 2
1984-08-16T03:30:00 1984 8 16 3 30 0 -4.9 -0.2 532.0 5.3 3.1 3.61 3.41 1.85 2 2 2 2 2 2 2 2 4.0 3.14 -14.0 -0.2 -0.2 -0.2 -0.2 -0.2 -0.2 0.482 0.525 0.34 0.452 0.74 1.448 2 2 1 2 2 2
1984-08-16T04:30:00 1984 8 16 4 30 0 -2.2 0.2 522.0 5.6 3.09 1.33 0.11 0.06 2 2 2 2 2 2 2 2 4.0 3.27 -15.0 0.2 0.2 0.2 0.2 0.2 0.2 0.33 0.269 0.33 0.254 0.247 0.636 2 2 1 2 2 2
1984-08-16T05:30:00 1984 8 16 5 30 0 -1.14 0.19 526.0 5.5 3.07 0.26 0.0 0.0 1 1 1 1 1 1 1 1 4.0 3.43 -13.0 0.01 0.05 -0.09 -0.08 0.05 0.09 0.223 0.134 0.32 0.143 0.078 0.264 2 2 1 2 2 2
1984-08-16T06:30:00 1984 8 16 6 30 0 1.15 -0.14 530.0 5.4 3.04 0.05 0.09 0.05 1 1 1 1 1 1 1 1 3.0 3.46 -14.0 -0.89 -0.71 -1.26 -1.23 -0.73 -0.57 0.222 0.188 0.318 0.16 0.275 0.496 2 1 1 1 1 1
1984-08-16T07:30:00 1984 8 16 7 30 0 3.44 -1.77 534.0 5.3 3.01 1.36 2.72 1.45 1 1 1 1 1 1 1 1 3.0 3.49 -12.0 -1.95 -1.91 -2.04 -2.04 -1.91 -1.88 0.322 0.367 0.327 0.291 0.646 1.037 1 1 1 1 1 1
1984-08-16T08:30:00 1984 8 16 8 30 0 4.5 -2.2 538.0 5.2 2.99 3.75 5.37 2.82 2 2 2 2 2 2 2 2 3.0 3.44 -9.0 -2.2 -2.2 -2.2 -2.2 -2.2 -2.2 0.439 0.522 0.342 0.42 0.897 1.433 2 2 1 2 2 2
1984-08-16T09:30:00 1984 8 16 9 30 0 -1.8 1.3 523.0 5.2 2.84 0.9 1.61 0.84 2 2 2 2 2 2 2 2 2.7 3.36 -11.0 1.3 1.3 1.3 1.3 1.3 1.3 0.342 0.333 0.336 0.27 0.408 0.822 2 2 1 2 2 2
1984-08-16T10:30:00 1984 8 16 10 30 0 -5.0 1.0 515.0 4.6 2.4 0.92 0.0 0.0 2 2 2 2 2 2 2 2 2.7 3.28 -6.0 1.0 1.0 1.0 1.0 1.0 1.0 0.232 0.165 0.326 0.151 0.129 0.341 2 2 1 2 2 2
1984-08-16T11:30:00 1984 8 16 11 30 0 -1.6 -2.4 525.0 4.9 2.65 1.76 2.48 1.2 2 2 2 2 2 2 2 2 2.7 3.12 -5.0 -2.4 -2.4 -2.4 -2.4 -2.4 -2.4 0.285 0.302 0.327 0.226 0.503 0.753 2 2 1 2 2 2
1984-08-16T12:30:00 1984 8 16 12 30 0 1.1 3.1 524.0 4.8 2.64 0.27 1.12 0.55 2 2 2 2 2 2 2 2 3.7 3.1 -7.0 3.1 3.1 3.1 3.1 3.1 3.1 0.217 0.188 0.32 0.145 0.22 0.416 2 2 1 2 2 2
1984-08-16T13:30:00 1984 8 16 13 30 0 -2.4 0.4 498.0 4.5 2.24 0.1 0.0 0.0 2 2 2 2 2 2 2 2 3.7 3.07 -10.0 0.4 0.4 0.4 0.4 0.4 0.4 0.147 0.093 0.31 0.081 0.07 0.172 2 2 1 2 2 2
1984-08-16T14:30:00 1984 8 16 14 30 0 -6.3 3.6 555.0 4.3 2.56 1.17 0.0 0.0 2 2 2 2 2 2 2 2 3.7 3.16 -8.0 3.6 3.6 3.6 3.6 3.6 3.6 0.1 0.046 0.3 0.045 0.022 0.072 2 2 1 2 2 2
1984-08-16T15:30:00 1984 8 16 15 30 0 -6.57 3.11 554.0 4.1 2.41 2.17 0.0 0.0 1 1 1 1 1 1 1 1 2.3 3.07 -8.0 3.11 3.11 3.11 3.11 3.11 3.11 0.067 0.023 0.291 0.025 0.007 0.03 2 2 1 2 2 2
1984-08-16T16:30:00 1984 8 16 16 30 0 -6.83 0.99 553.0 3.9 2.25 3.14 0.0 0.0 1 1 1 1 1 1 1 1 2.3 2.97 -11.0 0.99 0.99 0.99 0.99 0.99 0.99 0.046 0.011 0.282 0.014 0.002 0.012 2 2 1 2 2 2
1984-08-16T17:30:00 1984 8 16 17 30 0 -7.1 0.5 552.0 3.7 2.1 4.34 0.0 0.0 2 2 2 2 2 2 2 2 2.3 2.92 -10.0 0.5 0.5 0.5 0.5 0.5 0.5 0.031 0.006 0.274 0.008 0.001 0.005 2 2 1 2 2 2
1984-08-16T18:30:00 1984 8 16 18 30 0 -7.5 0.8 529.0 3.6 1.86 4.72 0.0 0.0 2 2 2 2 2 2 2 2 2.0 2.82 -10.0 0.8 0.8 0.8 0.8 0.8 0.8 0.021 0.003 0.265 0.004 0.0 0.002 2 2 1 2 2 2
1984-08-16T19:30:00 1984 8 16 19 30 0 -6.5 -0.7 508.0 3.9 1.94 4.74 0.49 0.19 2 2 2 2 2 2 2 2 2.0 2.73 -13.0 -0.7 -0.7 -0.7 -0.7 -0.7 -0.7 0.045 0.068 0.259 0.023 0.138 0.175 2 2 1 2 2 2
1984-08-16T20:30:00 1984 8 16 20 30 0 -2.7 1.0 488.0 4.0 1.9 2.02 0.29 0.11 2 2 2 2 2 2 2 2 2.0 2.52 -17.0 1.0 1.0 1.0 1.0 1.0 1.0 0.037 0.048 0.251 0.016 0.065 0.108 2 2 1 2 2 2
1984-08-16T21:30:00 1984 8 16 21 30 0 -1.6 0.8 472.0 4.6 2.03 0.26 0.0 0.0 2 2 2 2 2 2 2 2 2.3 2.35 -18.0 0.8 0.8 0.8 0.8 0.8 0.8 0.025 0.024 0.244 0.009 0.021 0.045 2 2 1 2 2 2
1984-08-16T22:30:00 1984 8 16 22 30 0 -2.2 -0.6 496.0 4.0 1.97 0.4 0.38 0.15 2 2 2 2 2 2 2 2 2.3 2.19 -17.0 -0.6 -0.6 -0.6 -0.6 -0.6 -0.6 0.043 0.072 0.237 0.021 0.124 0.173 2 2 1 2 2 2
1984-08-16T23:30:00 1984 8 16 23 30 0 -6.2 0.1 513.0 3.2 1.63 2.16 0.58 0.22 2 2 2 2 2 2 2 2 2.3 2.19 -18.0 0.1 0.1 0.1 0.1 0.1 0.1 0.048 0.077 0.231 0.02 0.107 0.175 2 2 1 2 2 2
