1984-12-04T00:30:00 1984 12 4 0 30 0 -0.29 0.24 553.4 8.19 3.16 0.0 0.0 0.0 0 0 1 0 0 0 1 0 3.0 3.49 -26.0 -0.84 -0.59 -1.33 -1.3 -0.61 -0.41 0.363 0.354 0.408 0.372 0.532 1.332 0 0 0 0 0 0
1984-12-04T01:30:00 1984 12 4 1 30 0 -0.29 0.24 562.0 8.19 3.16 0.0 0.0 0.0 0 0 1 0 0 0 1 0 3.0 3.36 -30.0 -0.84 -0.59 -1.33 -1.3 -0.61 -0.41 0.367 0.355 0.413 0.379 0.545 1.383 0 0 0 0 0 0
1984-12-04T02:30:00 1984 12 4 2 30 0 -0.29 0.24 570.6 8.19 3.16 0.0 0.0 0.0 0 0 1 0 0 0 1 0 3.0 3.24 -32.0 -0.84 -0.59 -1.33 -1.3 -0.61 -0.41 0.372 0.356 0.418 0.387 0.559 1.435 0 0 0 0 0 0
1984-12-04T03:30:00 1984 12 4 3 30 0 -0.29 0.24 579.2 8.19 3.16 0.0 0.0 0.0 0 0 1 0 0 0 1 0 2.7 3.08 -26.0 -0.84 -0.59 -1.33 -1.3 -0.61 -0.41 0.376 0.357 0.424 0.394 0.572 1.489 0 0 0 0 0 0
1984-12-04T04:30:00 1984 12 4 4 30 0 -0.29 0.24 587.8 8.19 3.16 0.0 0.0 0.0 0 0 1 0 0 0 1 0 2.7 2.92 -19.0 -0.84 -0.59 -1.33 -1.3 -0.61 -0.41 0.381 0.358 0.431 0.402 0.586 1.543 0 0 0 0 0 0
1984-12-04T05:30:00 1984 12 4 5 30 0 -0.29 0.24 596.4 8.19 3.16 0.0 0.0 0.0 0 0 1 0 0 0 1 0 2.7 2.88 -19.0 -0.84 -0.59 -1.33 -1.3 -0.61 -0.41 0.386 0.359 0.438 0.409 0.6 1.599 0 0 0 0 0 0
1984-12-04T06:30:00 1984 12 4 6 30 0 -0.29 0.24 605.0 8.19 3.16 0.0 0.0 0.0 0 0 1 0 0 0 1 0 5.0 3.15 -24.0 -0.84 -0.59 -1.33 -1.3 -0.61 -0.41 0.39 0.36 0.445 0.417 0.614 1.655 0 0 0 0 0 0
1984-12-04T07:30:00 1984 12 4 7 30 0 -0.29 0.24 613.6 8.19 3.16 0.0 0.0 0.0 0 0 1 0 0 0 1 0 5.0 3.41 -33.0 -0.84 -0.59 -1.33 -1.3 -0.61 -0.41 0.395 0.36 0.453 0.425 0.628 1.713 0 0 0 0 0 0
1984-12-04T08:30:00 1984 12 4 8 30 0 -0.29 0.24 622.2 8.19 3.16 0.0 0.0 0.0 0 0 1 0 0 0 1 0 5.0 3.66 -31.0 -0.84 -0.59 -1.33 -1.3 -0.61 -0.41 0.399 0.361 0.461 0.432 0.643 1.772 0 0 0 0 0 0
1984-12-04T09:30:00 1984 12 4 9 30 0 -0.29 0.24 630.8 8.19 3.16 0.0 0.0 0.0 0 0 1 0 0 0 1 0 3.7 3.75 -25.0 -0.84 -0.59 -1.33 -1.3 -0.61 -0.41 0.404 0.362 0.47 0.44 0.657 1.832 0 0 0 0 0 0
1984-12-04T10:30:00 1984 12 4 10 30 0 -0.29 0.24 639.5 8.19 3.16 0.0 0.0 0.0 0 0 1 0 0 0 1 0 3.7 3.83 -23.0 -0.84 -0.59 -1.33 -1.3 -0.61 -0.41 0.409 0.363 0.48 0.448 0.672 1.894 0 0 0 0 0 0
1984-12-04T11:30:00 1984 12 4 11 30 0 -0.29 0.24 648.1 8.19 3.16 0.0 0.0 0.0 0 0 1 0 0 0 1 0 3.7 3.94 -12.0 -0.84 -0.59 -1.33 -1.3 -0.61 -0.41 0.413 0.364 0.489 0.455 0.686 1.957 0 0 0 0 0 0
1984-12-04T12:30:00 1984 12 4 12 30 0 -0.29 0.24 656.7 8.19 3.16 0.0 0.0 0.0 0 0 1 0 0 0 1 0 3.0 3.97 -17.0 -0.84 -0.59 -1.33 -1.3 -0.61 -0.41 0.418 0.365 0.5 0.463 0.701 2.021 0 0 0 0 0 0
1984-12-04T13:30:00 1984 12 4 13 30 0 -0.29 0.24 665.3 8.19 3.16 0.0 0.0 0.0 0 0 1 0 0 0 1 0 3.0 3.99 -19.0 -0.84 -0.59 -1.33 -1.3 -0.61 -0.41 0.422 0.366 0.51 0.471 0.716 2.086 0 0 0 0 0 0
1984-12-04T14:30:00 1984 12 4 14 30 0 -0.29 0.24 673.9 8.19 3.16 0.0 0.0 0.0 0 0 1 0 0 0 1 0 3.0 3.74 -16.0 -0.84 -0.59 -1.33 -1.3 -0.61 -0.41 0.427 0.367 0.522 0.479 0.731 2.152 0 0 0 0 0 0
1984-12-04T15:30:00 1984 12 4 15 30 0 -0.29 0.24 682.5 8.19 3.16 0.0 0.0 0.0 0 0 1 0 0 0 1 0 4.7 3.72 -19.0 -0.84 -0.59 -1.33 -1.3 -0.61 -0.41 0.431 0.368 0.533 0.486 0.746 2.219 0 0 0 0 0 0
1984-12-04T16:30:00 1984 12 4 16 30 0 -0.29 0.24 691.1 8.19 3.16 0.0 0.0 0.0 0 0 1 0 0 0 1 0 4.7 3.7 -20.0 -0.84 -0.59 -1.33 -1.3 -0.61 -0.41 0.436 0.368 0.545 0.494 0.762 2.288 0 0 0 0 0 0
1984-12-04T17:30:00 1984 12 4 17 30 0 -0.29 0.24 699.7 8.19 3.16 0.0 0.0 0.0 0 0 1 0 0 0 1 0 4.7 3.83 -19.0 -0.84 -0.59 -1.33 -1.3 -0.61 -0.41 0.44 0.369 0.558 0.502 0.777 2.358 0 0 0 0 0 0
1984-12-04T18:30:00 1984 12 4 18 30 0 -0.29 0.24 704.0 8.19 3.16 0.0 0.0 0.0 0 0 1 0 0 0 1 0 4.3 3.9 -24.0 -0.84 -0.59 -1.33 -1.3 -0.61 -0.41 0.444 0.37 0.571 0.509 0.789 2.414 0 0 0 0 0 0
1984-12-04T19:30:00 1984 12 4 19 30 0 -0.29 0.24 704.0 8.19 3.16 0.0 0.0 0.0 0 0 1 0 0 0 1 0 4.3 3.98 -18.0 -0.84 -0.59 -1.33 -1.3 -0.61 -0.41 0.447 0.37 0.583 0.513 0.794 2.444 0 0 0 0 0 0
1984-12-04T20:30:00 1984 12 4 20 30 0 -0.29 0.24 704.0 8.19 3.16 0.0 0.0 0.0 0 0 1 0 0 0 1 0 4.3 4.14 -16.0 -0.84 -0.59 -1.33 -1.3 -0.61 -0.41 0.449 0.371 0.595 0.516 0.795 2.456 0 0 0 0 0 0
1984-12-04T21:30:00 1984 12 4 21 30 0 -0.29 0.24 704.0 8.19 3.16 0.0 0.0 0.0 0 0 1 0 0 0 1 0 4.7 4.34 -25.0 -0.84 -0.59 -1.33 -1.3 -0.61 -0.41 0.45 0.371 0.607 0.517 0.796 2.461 0 0 0 0 0 0
1984-12-04T22:30:00 1984 12 4 22 30 0 -0.29 0.24 704.0 8.19 3.16 0.0 0.0 0.0 0 0 1 0 0 0 1 0 4.7 4.55 -24.0 -0.84 -0.59 -1.33 -1.3 -0.61 -0.41 0.451 0.371 0.619 0.518 0.796 2.464 0 0 0 0 0 0
1984-12-04T23:30:00 1984 12 4 23 30 0 -0.29 0.24 704.0 8.19 3.16 0.0 0.0 0.0 0 0 1 0 0 0 1 0 4.7 4.55 -25.0 -0.83 -0.59 -1.33 -1.3 -0.61 -0.41 0.451 0.371 0.63 0.518 0.796 2.464 0 0 0 0 0 0
