1984-11-17T00:30:00 1984 11 17 0 30 0 0.85 0.24 533.6 8.17 3.17 0.15 0.0 0.0 1 0 1 0 0 1 1 0 5.3 5.33 -72.0 -0.85 -0.6 -1.34 -1.31 -0.62 -0.41 0.524 0.471 1.178 0.439 0.607 1.669 0 0 1 0 0 0
1984-11-17T01:30:00 1984 11 17 1 30 0 0.04 0.24 529.9 8.17 3.17 0.01 0.0 0.0 1 0 1 0 0 1 1 0 5.3 5.33 -69.0 -0.85 -0.6 -1.34 -1.31 -0.62 -0.41 0.473 0.413 1.158 0.408 0.542 1.423 0 0 1 0 0 0
1984-11-17T02:30:00 1984 11 17 2 30 0 -0.27 0.24 526.1 8.17 3.17 0.0 0.0 0.0 0 0 1 0 0 0 1 0 5.3 5.28 -68.0 -0.85 -0.6 -1.34 -1.31 -0.62 -0.41 0.437 0.384 1.138 0.389 0.518 1.309 0 0 1 0 0 0
1984-11-17T03:30:00 1984 11 17 3 30 0 -0.27 0.24 522.4 8.17 3.17 0.0 0.0 0.0 0 0 1 0 0 0 1 0 4.3 5.11 -67.0 -0.85 -0.6 -1.34 -1.31 -0.62 -0.41 0.413 0.369 1.119 0.377 0.506 1.249 0 0 1 0 0 0
1984-11-17T04:30:00 1984 11 17 4 30 0 -0.27 0.24 518.6 8.17 3.17 0.0 0.0 0.0 0 0 1 0 0 0 1 0 4.3 4.93 -66.0 -0.85 -0.6 -1.34 -1.31 -0.62 -0.41 0.395 0.362 1.1 0.369 0.498 1.213 0 0 1 0 0 0
1984-11-17T05:30:00 1984 11 17 5 30 0 -0.27 0.24 514.9 8.17 3.17 0.0 0.0 0.0 0 0 1 0 0 0 1 0 4.3 4.84 -64.0 -0.85 -0.6 -1.34 -1.31 -0.62 -0.41 0.383 0.358 1.081 0.363 0.492 1.185 0 0 1 0 0 0
1984-11-17T06:30:00 1984 11 17 6 30 0 -0.27 0.24 511.1 8.17 3.17 0.0 0.0 0.0 0 0 1 0 0 0 1 0 4.3 4.75 -66.0 -0.85 -0.6 -1.34 -1.31 -0.62 -0.41 0.374 0.356 1.062 0.358 0.486 1.162 0 0 1 0 0 0
1984-11-17T07:30:00 1984 11 17 7 30 0 -0.27 0.24 507.4 8.17 3.17 0.0 0.0 0.0 0 0 1 0 0 0 1 0 4.3 4.66 -71.0 -0.85 -0.6 -1.34 -1.31 -0.62 -0.41 0.367 0.355 1.044 0.354 0.481 1.141 0 0 1 0 0 0
1984-11-17T08:30:00 1984 11 17 8 30 0 -0.27 0.24 503.6 8.17 3.17 0.0 0.0 0.0 0 0 1 0 0 0 1 0 4.3 4.54 -63.0 -0.85 -0.6 -1.34 -1.31 -0.62 -0.41 0.362 0.354 1.026 0.35 0.475 1.12 0 0 1 0 0 0
1984-11-17T09:30:00 1984 11 17 9 30 0 -0.27 0.24 499.9 8.17 3.17 0.0 0.0 0.0 0 0 1 0 0 0 1 0 4.7 4.47 -58.0 -0.85 -0.6 -1.34 -1.31 -0.62 -0.41 0.357 0.353 1.009 0.347 0.469 1.1 0 0 1 0 0 0
1984-11-17T10:30:00 1984 11 17 10 30 0 -0.27 0.24 496.1 8.17 3.17 0.0 0.0 0.0 0 0 1 0 0 0 1 0 4.7 4.4 -58.0 -0.85 -0.6 -1.34 -1.31 -0.62 -0.41 0.354 0.352 0.991 0.343 0.464 1.081 0 0 1 0 0 0
1984-11-17T11:30:00 1984 11 17 11 30 0 -0.27 0.24 492.4 8.17 3.17 0.0 0.0 0.0 0 0 1 0 0 0 1 0 4.7 4.46 -60.0 -0.85 -0.6 -1.34 -1.31 -0.62 -0.41 0.351 0.352 0.974 0.34 0.458 1.061 0 0 1 0 0 0
1984-11-17T12:30:00 1984 11 17 12 30 0 -0.27 0.24 488.6 8.17 3.17 0.0 0.0 0.0 0 0 1 0 0 0 1 0 4.3 4.45 -56.0 -0.85 -0.6 -1.34 -1.31 -0.62 -0.41 0.348 0.351 0.958 0.337 0.453 1.042 0 0 1 0 0 0
1984-11-17T13:30:00 1984 11 17 13 30 0 -0.27 0.24 484.9 8.17 3.17 0.0 0.0 0.0 0 0 1 0 0 0 1 0 4.3 4.45 -52.0 -0.85 -0.6 -1.34 -1.31 -0.62 -0.41 0.346 0.351 0.941 0.333 0.447 1.023 0 0 1 0 0 0
1984-11-17T14:30:00 1984 11 17 14 30 0 -0.27 0.24 481.1 8.17 3.17 0.0 0.0 0.0 0 0 1 0 0 0 1 0 4.3 4.45 -57.0 -0.85 -0.6 -1.34 -1.31 -0.62 -0.41 0.343 0.35 0.925 0.33 0.442 1.005 0 0 1 0 0 0
1984-11-17T15:30:00 1984 11 17 15 30 0 -0.27 0.24 477.4 8.17 3.17 0.0 0.0 0.0 0 0 1 0 0 0 1 0 5.0 4.54 -60.0 -0.85 -0.6 -1.34 -1.31 -0.62 -0.41 0.341 0.35 0.909 0.327 0.436 0.986 0 0 1 0 0 0
1984-11-17T16:30:00 1984 11 17 16 30 0 -0.27 0.24 473.6 8.17 3.17 0.0 0.0 0.0 0 0 1 0 0 0 1 0 5.0 4.63 -55.0 -0.85 -0.6 -1.34 -1.31 -0.62 -0.41 0.339 0.349 0.894 0.324 0.431 0.968 0 0 1 0 0 0
1984-11-17T17:30:00 1984 11 17 17 30 0 -0.27 0.24 471.7 8.17 3.17 0.0 0.0 0.0 0 0 0 0 0 0 0 0 5.0 4.67 -55.0 -0.85 -0.6 -1.34 -1.31 -0.62 -0.41 0.337 0.349 0.878 0.321 0.427 0.953 0 0 1 0 0 0
1984-11-17T18:30:00 1984 11 17 18 30 0 -0.27 0.24 471.7 8.17 3.17 0.0 0.0 0.0 0 0 0 0 0 0 0 0 3.7 4.54 -55.0 -0.85 -0.6 -1.34 -1.31 -0.62 -0.41 0.335 0.349 0.863 0.319 0.425 0.945 0 0 1 0 0 0
1984-11-17T19:30:00 1984 11 17 19 30 0 -0.27 0.24 471.7 8.17 3.17 0.0 0.0 0.0 0 0 0 0 0 0 0 0 3.7 4.41 -54.0 -0.85 -0.6 -1.34 -1.31 -0.62 -0.41 0.334 0.349 0.849 0.318 0.424 0.942 0 0 1 0 0 0
1984-11-17T20:30:00 1984 11 17 20 30 0 -0.27 0.24 471.7 8.17 3.17 0.0 0.0 0.0 0 0 0 0 0 0 0 0 3.7 4.33 -53.0 -0.85 -0.6 -1.34 -1.31 -0.62 -0.41 0.333 0.349 0.835 0.318 0.424 0.941 0 0 1 0 0 0
1984-11-17T21:30:00 1984 11 17 21 30 0 -0.27 0.24 471.7 8.17 3.17 0.0 0.0 0.0 0 0 0 0 0 0 0 0 3.7 4.25 -54.0 -0.85 -0.6 -1.34 -1.31 -0.62 -0.41 0.333 0.349 0.821 0.318 0.424 0.94 0 0 1 0 0 0
1984-11-17T22:30:00 1984 11 17 22 30 0 -0.27 0.24 471.7 8.17 3.17 0.0 0.0 0.0 0 0 0 0 0 0 0 0 3.7 4.17 -58.0 -0.85 -0.6 -1.34 -1.31 -0.62 -0.41 0.333 0.349 0.808 0.317 0.424 0.94 0 0 1 0 0 0
1984-11-17T23:30:00 1984 11 17 23 30 0 -0.27 0.24 471.7 8.17 3.17 0.0 0.0 0.0 0 0 0 0 0 0 0 0 3.7 4.01 -58.0 -0.85 -0.6 -1.34 -1.31 -0.62 -0.41 0.333 0.349 0.796 0.317 0.424 0.94 0 0 1 0 0 0
