1984-04-07T00:30:00 1984 4 7 0 30 0 0.3 0.25 465.8 7.52 3.05 0.0 0.0 0.0 0 0 0 0 0 0 0 0 3.7 2.45 -32.0 -0.97 -0.69 -1.53 -1.49 -0.72 -0.48 0.357 0.367 0.534 0.356 0.445 0.89 0 0 0 0 0 0
1984-04-07T01:30:00 1984 4 7 1 30 0 0.3 0.25 465.7 7.52 3.05 0.0 0.0 0.0 0 0 0 0 0 0 0 0 3.7 2.66 -33.0 -0.97 -0.69 -1.53 -1.49 -0.72 -0.48 0.357 0.367 0.531 0.356 0.445 0.89 0 0 0 0 0 0
1984-04-07T02:30:00 1984 4 7 2 30 0 0.3 0.25 465.7 7.53 3.05 0.0 0.0 0.0 0 0 0 0 0 0 0 0 3.7 2.84 -25.0 -0.97 -0.69 -1.53 -1.49 -0.72 -0.48 0.357 0.368 0.529 0.356 0.445 0.891 0 0 0 0 0 0
1984-04-07T03:30:00 1984 4 7 3 30 0 0.3 0.25 465.7 7.54 3.06 0.0 0.0 0.0 0 0 0 0 0 0 0 0 2.3 2.84 -17.0 -0.97 -0.69 -1.53 -1.49 -0.72 -0.48 0.357 0.368 0.526 0.356 0.445 0.892 0 0 0 0 0 0
1984-04-07T04:30:00 1984 4 7 4 30 0 0.3 0.25 465.6 7.54 3.06 0.0 0.0 0.0 0 0 0 0 0 0 0 0 2.3 2.83 -12.0 -0.97 -0.69 -1.53 -1.49 -0.72 -0.48 0.357 0.368 0.523 0.356 0.445 0.893 0 0 0 0 0 0
1984-04-07T05:30:00 1984 4 7 5 30 0 0.3 0.25 465.6 7.55 3.06 0.0 0.0 0.0 0 0 0 0 0 0 0 0 2.3 2.82 -15.0 -0.97 -0.69 -1.53 -1.49 -0.72 -0.48 0.357 0.368 0.521 0.356 0.445 0.893 0 0 0 0 0 0
1984-04-07T06:30:00 1984 4 7 6 30 0 0.3 0.25 465.6 7.56 3.06 0.0 0.0 0.0 0 0 0 0 0 0 0 0 2.7 2.87 -18.0 -0.97 -0.69 -1.53 -1.49 -0.72 -0.48 0.357 0.368 0.518 0.356 0.446 0.895 0 0 0 0 0 0
1984-04-07T07:30:00 1984 4 7 7 30 0 0.3 0.25 465.5 7.56 3.07 0.0 0.0 0.0 0 0 0 0 0 0 0 0 2.7 2.91 -18.0 -0.97 -0.69 -1.53 -1.49 -0.72 -0.48 0.357 0.368 0.516 0.357 0.446 0.895 0 0 0 0 0 0
1984-04-07T08:30:00 1984 4 7 8 30 0 0.3 0.25 465.5 7.57 3.07 0.0 0.0 0.0 0 0 0 0 0 0 0 0 2.7 2.79 -14.0 -0.97 -0.69 -1.53 -1.49 -0.72 -0.48 0.358 0.368 0.513 0.357 0.446 0.896 0 0 0 0 0 0
1984-04-07T09:30:00 1984 4 7 9 30 0 0.3 0.25 465.5 7.58 3.07 0.0 0.0 0.0 0 0 0 0 0 0 0 0 6.0 3.1 -31.0 -0.97 -0.69 -1.53 -1.49 -0.72 -0.48 0.358 0.369 0.511 0.357 0.446 0.897 0 0 0 0 0 0
1984-04-07T10:30:00 1984 4 7 10 30 0 0.3 0.25 465.4 7.58 3.07 0.0 0.0 0.0 0 0 0 0 0 0 0 0 6.0 3.41 -51.0 -0.97 -0.69 -1.53 -1.49 -0.72 -0.48 0.358 0.369 0.509 0.357 0.446 0.898 0 0 0 0 0 0
1984-04-07T11:30:00 1984 4 7 11 30 0 0.3 0.25 465.4 7.59 3.07 0.0 0.0 0.0 0 0 0 0 0 0 0 0 6.0 3.88 -62.0 -0.97 -0.69 -1.53 -1.49 -0.72 -0.48 0.358 0.369 0.507 0.357 0.446 0.899 0 0 0 0 0 0
1984-04-07T12:30:00 1984 4 7 12 30 0 0.3 0.25 465.3 7.6 3.08 0.0 0.0 0.0 0 0 0 0 0 0 0 0 3.7 4.05 -42.0 -0.97 -0.69 -1.53 -1.49 -0.72 -0.48 0.358 0.369 0.505 0.357 0.446 0.9 0 0 0 0 0 0
1984-04-07T13:30:00 1984 4 7 13 30 0 0.3 0.25 465.3 7.6 3.08 0.0 0.0 0.0 0 0 0 0 0 0 0 0 3.7 4.21 -35.0 -0.97 -0.69 -1.53 -1.49 -0.72 -0.48 0.358 0.369 0.503 0.357 0.446 0.9 0 0 0 0 0 0
1984-04-07T14:30:00 1984 4 7 14 30 0 0.3 0.25 465.3 7.61 3.08 0.0 0.0 0.0 0 0 0 0 0 0 0 0 3.7 4.32 -39.0 -0.97 -0.69 -1.53 -1.49 -0.72 -0.48 0.358 0.369 0.501 0.357 0.446 0.901 0 0 0 0 0 0
1984-04-07T15:30:00 1984 4 7 15 30 0 0.3 0.25 465.2 7.62 3.08 0.0 0.0 0.0 0 0 0 0 0 0 0 0 2.7 4.29 -45.0 -0.97 -0.69 -1.53 -1.49 -0.72 -0.48 0.358 0.369 0.499 0.357 0.447 0.902 0 0 0 0 0 0
1984-04-07T16:30:00 1984 4 7 16 30 0 0.29 0.25 465.2 7.62 3.09 0.0 0.0 0.0 0 0 0 0 0 0 0 0 2.7 4.27 -47.0 -0.97 -0.69 -1.53 -1.49 -0.72 -0.48 0.358 0.37 0.497 0.357 0.447 0.903 0 0 0 0 0 0
1984-04-07T17:30:00 1984 4 7 17 30 0 0.29 0.25 465.2 7.63 3.09 0.0 0.0 0.0 0 0 0 0 0 0 0 0 2.7 3.86 -44.0 -0.97 -0.69 -1.53 -1.49 -0.72 -0.48 0.358 0.37 0.495 0.357 0.447 0.904 0 0 0 0 0 0
1984-04-07T18:30:00 1984 4 7 18 30 0 0.29 0.25 465.1 7.64 3.09 0.0 0.0 0.0 0 0 0 0 0 0 0 0 4.0 3.63 -39.0 -0.97 -0.69 -1.53 -1.49 -0.72 -0.48 0.359 0.37 0.493 0.358 0.447 0.905 0 0 0 0 0 0
1984-04-07T19:30:00 1984 4 7 19 30 0 0.29 0.25 465.1 7.64 3.09 0.0 0.0 0.0 0 0 0 0 0 0 0 0 4.0 3.4 -30.0 -0.97 -0.69 -1.53 -1.49 -0.72 -0.48 0.359 0.37 0.492 0.358 0.447 0.905 0 0 0 0 0 0
1984-04-07T20:30:00 1984 4 7 20 30 0 0.29 0.25 465.1 7.65 3.09 0.0 0.0 0.0 0 0 0 0 0 0 0 0 4.0 3.44 -35.0 -0.97 -0.69 -1.53 -1.49 -0.72 -0.48 0.359 0.37 0.49 0.358 0.447 0.906 0 0 0 0 0 0
1984-04-07T21:30:00 1984 4 7 21 30 0 0.29 0.25 465.0 7.66 3.1 0.0 0.0 0.0 0 0 0 0 0 0 0 0 3.3 3.4 -35.0 -0.97 -0.69 -1.53 -1.49 -0.72 -0.48 0.359 0.37 0.489 0.358 0.447 0.907 0 0 0 0 0 0
1984-04-07T22:30:00 1984 4 7 22 30 0 0.29 0.25 465.0 7.66 3.1 0.0 0.0 0.0 0 0 0 0 0 0 0 0 3.3 3.35 -42.0 -0.98 -0.69 -1.53 -1.49 -0.72 -0.48 0.36 0.37 0.487 0.358 0.447 0.908 0 0 0 0 0 0
1984-04-07T23:30:00 1984 4 7 23 30 0 0.29 0.25 465.0 7.67 3.1 0.0 0.0 0.0 0 0 0 0 0 0 0 0 3.3 3.42 -41.0 -0.98 -0.69 -1.53 -1.49 -0.72 -0.48 0.361 0.371 0.486 0.358 0.447 0.909 0 0 0 0 0 0
