1984-11-20T00:30:00 1984 11 20 0 30 0 -0.27 0.24 471.7 8.17 3.17 0.0 0.0 0.0 0 0 0 0 0 0 0 0 3.3 3.68 -40.0 -0.84 -0.6 -1.34 -1.31 -0.62 -0.41 0.329 0.349 0.48 0.317 0.424 0.94 0 0 0 0 0 0
1984-11-20T01:30:00 1984 11 20 1 30 0 -0.27 0.24 471.7 8.17 3.17 0.0 0.0 0.0 0 0 0 0 0 0 0 0 3.3 3.6 -34.0 -0.84 -0.6 -1.34 -1.31 -0.62 -0.41 0.329 0.349 0.477 0.317 0.424 0.94 0 0 0 0 0 0
1984-11-20T02:30:00 1984 11 20 2 30 0 -0.27 0.24 471.7 8.17 3.17 0.0 0.0 0.0 0 0 0 0 0 0 0 0 3.3 3.54 -37.0 -0.84 -0.6 -1.34 -1.31 -0.62 -0.41 0.329 0.349 0.474 0.317 0.424 0.94 0 0 0 0 0 0
1984-11-20T03:30:00 1984 11 20 3 30 0 -0.27 0.24 471.7 8.17 3.17 0.0 0.0 0.0 0 0 0 0 0 0 0 0 4.0 3.59 -37.0 -0.84 -0.6 -1.34 -1.31 -0.62 -0.41 0.329 0.349 0.472 0.317 0.424 0.94 0 0 0 0 0 0
1984-11-20T04:30:00 1984 11 20 4 30 0 -0.27 0.24 471.7 8.17 3.17 0.0 0.0 0.0 0 0 0 0 0 0 0 0 4.0 3.63 -36.0 -0.84 -0.6 -1.34 -1.31 -0.62 -0.41 0.329 0.349 0.469 0.317 0.424 0.94 0 0 0 0 0 0
1984-11-20T05:30:00 1984 11 20 5 30 0 -0.27 0.24 471.7 8.17 3.17 0.0 0.0 0.0 0 0 0 0 0 0 0 0 4.0 3.67 -43.0 -0.84 -0.6 -1.34 -1.31 -0.62 -0.41 0.329 0.349 0.467 0.317 0.424 0.94 0 0 0 0 0 0
1984-11-20T06:30:00 1984 11 20 6 30 0 -0.27 0.24 471.7 8.17 3.17 0.0 0.0 0.0 0 0 0 0 0 0 0 0 4.0 3.71 -45.0 -0.84 -0.6 -1.34 -1.31 -0.62 -0.41 0.329 0.349 0.464 0.317 0.424 0.94 0 0 0 0 0 0
1984-11-20T07:30:00 1984 11 20 7 30 0 -0.27 0.24 471.7 8.17 3.17 0.0 0.0 0.0 0 0 0 0 0 0 0 0 4.0 3.75 -42.0 -0.84 -0.6 -1.34 -1.31 -0.62 -0.41 0.329 0.349 0.462 0.317 0.424 0.94 0 0 0 0 0 0
1984-11-20T08:30:00 1984 11 20 8 30 0 -0.27 0.24 471.7 8.17 3.17 0.0 0.0 0.0 0 0 0 0 0 0 0 0 4.0 3.83 -39.0 -0.84 -0.6 -1.34 -1.31 -0.62 -0.41 0.329 0.349 0.46 0.317 0.424 0.94 0 0 0 0 0 0
1984-11-20T09:30:00 1984 11 20 9 30 0 -0.27 0.24 471.7 8.17 3.17 0.0 0.0 0.0 0 0 0 0 0 0 0 0 3.3 3.82 -35.0 -0.84 -0.6 -1.34 -1.31 -0.62 -0.41 0.329 0.349 0.458 0.317 0.424 0.94 0 0 0 0 0 0
1984-11-20T10:30:00 1984 11 20 10 30 0 -0.27 0.24 471.7 8.17 3.17 0.0 0.0 0.0 0 0 0 0 0 0 0 0 3.3 3.82 -35.0 -0.84 -0.6 -1.34 -1.31 -0.62 -0.41 0.329 0.349 0.456 0.317 0.424 0.94 0 0 0 0 0 0
1984-11-20T11:30:00 1984 11 20 11 30 0 -0.27 0.24 471.7 8.17 3.17 0.0 0.0 0.0 0 0 0 0 0 0 0 0 3.3 3.73 -41.0 -0.84 -0.6 -1.34 -1.31 -0.62 -0.41 0.329 0.349 0.454 0.317 0.424 0.94 0 0 0 0 0 0
1984-11-20T12:30:00 1984 11 20 12 30 0 -0.27 0.24 471.7 8.17 3.17 0.0 0.0 0.0 0 0 0 0 0 0 0 0 3.7 3.69 -44.0 -0.84 -0.6 -1.34 -1.31 -0.62 -0.41 0.329 0.349 0.452 0.317 0.424 0.94 0 0 0 0 0 0
1984-11-20T13:30:00 1984 11 20 13 30 0 -0.27 0.24 471.7 8.17 3.17 0.0 0.0 0.0 0 0 0 0 0 0 0 0 3.7 3.66 -39.0 -0.84 -0.6 -1.34 -1.31 -0.62 -0.41 0.329 0.349 0.45 0.317 0.424 0.94 0 0 0 0 0 0
1984-11-20T14:30:00 1984 11 20 14 30 0 -0.27 0.24 471.7 8.18 3.17 0.0 0.0 0.0 0 0 0 0 0 0 0 0 3.7 3.62 -38.0 -0.84 -0.6 -1.34 -1.31 -0.62 -0.41 0.329 0.349 0.448 0.317 0.424 0.941 0 0 0 0 0 0
1984-11-20T15:30:00 1984 11 20 15 30 0 -0.27 0.24 472.1 8.18 3.17 0.0 0.0 0.0 0 0 1 0 0 0 1 0 3.0 3.5 -36.0 -0.84 -0.6 -1.34 -1.31 -0.62 -0.41 0.329 0.349 0.447 0.317 0.424 0.942 0 0 0 0 0 0
1984-11-20T16:30:00 1984 11 20 16 30 0 -0.27 0.24 472.8 8.18 3.17 0.0 0.0 0.0 0 0 1 0 0 0 1 0 3.0 3.37 -34.0 -0.84 -0.6 -1.34 -1.31 -0.62 -0.41 0.329 0.349 0.445 0.318 0.425 0.944 0 0 0 0 0 0
1984-11-20T17:30:00 1984 11 20 17 30 0 -0.27 0.24 473.5 8.18 3.17 0.0 0.0 0.0 0 0 1 0 0 0 1 0 3.0 3.33 -34.0 -0.84 -0.6 -1.34 -1.31 -0.62 -0.41 0.329 0.349 0.443 0.318 0.426 0.947 0 0 0 0 0 0
1984-11-20T18:30:00 1984 11 20 18 30 0 -0.27 0.24 474.2 8.18 3.17 0.0 0.0 0.0 0 0 1 0 0 0 1 0 3.7 3.38 -30.0 -0.84 -0.6 -1.34 -1.31 -0.62 -0.41 0.329 0.349 0.442 0.319 0.427 0.95 0 0 0 0 0 0
1984-11-20T19:30:00 1984 11 20 19 30 0 -0.27 0.24 474.9 8.18 3.17 0.0 0.0 0.0 0 0 1 0 0 0 1 0 3.7 3.44 -30.0 -0.84 -0.6 -1.34 -1.31 -0.62 -0.41 0.33 0.349 0.441 0.319 0.428 0.953 0 0 0 0 0 0
1984-11-20T20:30:00 1984 11 20 20 30 0 -0.27 0.24 475.6 8.18 3.17 0.0 0.0 0.0 0 0 1 0 0 0 1 0 3.7 3.44 -32.0 -0.84 -0.6 -1.34 -1.31 -0.62 -0.41 0.33 0.349 0.439 0.32 0.429 0.957 0 0 0 0 0 0
1984-11-20T21:30:00 1984 11 20 21 30 0 -0.27 0.24 476.4 8.18 3.17 0.0 0.0 0.0 0 0 1 0 0 0 1 0 2.3 3.26 -36.0 -0.84 -0.6 -1.34 -1.31 -0.62 -0.41 0.331 0.349 0.438 0.32 0.43 0.96 0 0 0 0 0 0
1984-11-20T22:30:00 1984 11 20 22 30 0 -0.27 0.24 477.1 8.18 3.17 0.0 0.0 0.0 0 0 1 0 0 0 1 0 2.3 3.08 -38.0 -0.84 -0.6 -1.34 -1.31 -0.62 -0.41 0.331 0.349 0.437 0.321 0.431 0.964 0 0 0 0 0 0
1984-11-20T23:30:00 1984 11 20 23 30 0 -0.27 0.24 477.8 8.18 3.17 0.0 0.0 0.0 0 0 1 0 0 0 1 0 2.3 2.99 -40.0 -0.84 -0.6 -1.34 -1.31 -0.62 -0.41 0.331 0.349 0.436 0.322 0.432 0.967 0 0 0 0 0 0
