1984-01-14T00:30:00 1984 1 14 0 30 0 -0.86 -0.47 433.2 7.61 2.67 0.2 1.02 0.87 0 0 1 1 1 0 1 1 1.3 2.56 -3.0 -1.37 -1.05 -1.94 -1.9 -1.09 -0.8 0.381 0.466 0.431 0.405 0.542 1.168 0 0 1 0 0 0
1984-01-14T01:30:00 1984 1 14 1 30 0 -0.81 -0.46 434.7 5.52 2.18 0.15 1.01 0.65 1 0 1 1 1 1 1 1 1.3 2.3 -1.0 -1.37 -1.05 -1.94 -1.9 -1.09 -0.8 0.394 0.452 0.432 0.408 0.504 0.932 0 0 1 0 0 0
1984-01-14T02:30:00 1984 1 14 2 30 0 -0.69 -0.46 436.1 4.1 1.72 0.14 1.0 0.48 1 0 1 1 1 1 1 1 1.3 2.17 -6.0 -1.37 -1.05 -1.94 -1.9 -1.09 -0.8 0.389 0.417 0.432 0.388 0.454 0.69 0 0 1 0 0 0
1984-01-14T03:30:00 1984 1 14 3 30 0 -0.57 -0.35 437.6 4.1 1.57 0.1 0.87 0.36 1 1 1 1 1 1 1 1 2.0 2.13 -8.0 -1.13 -0.86 -1.62 -1.6 -0.89 -0.64 0.368 0.375 0.429 0.35 0.403 0.534 0 0 1 0 1 0
1984-01-14T04:30:00 1984 1 14 4 30 0 -0.5 0.24 439.0 4.1 1.57 0.03 0.2 0.08 1 1 2 2 2 1 2 2 2.0 2.1 -11.0 0.08 0.14 -0.02 -0.02 0.13 0.18 0.284 0.241 0.419 0.231 0.204 0.298 0 1 1 0 1 1
1984-01-14T05:30:00 1984 1 14 5 30 0 -0.5 0.4 424.0 3.7 1.29 0.01 0.0 0.0 2 2 2 2 2 2 2 2 2.0 1.98 -13.0 0.4 0.4 0.4 0.4 0.4 0.4 0.192 0.12 0.407 0.129 0.065 0.123 0 1 1 0 1 1
1984-01-14T06:30:00 1984 1 14 6 30 0 -2.7 0.3 416.0 3.4 1.18 0.22 0.0 0.0 2 2 2 2 2 2 2 2 0.7 1.69 -12.0 0.3 0.3 0.3 0.3 0.3 0.3 0.13 0.059 0.394 0.072 0.02 0.051 0 1 1 0 1 1
1984-01-14T07:30:00 1984 1 14 7 30 0 -2.9 1.1 418.0 3.9 1.26 0.47 0.0 0.0 2 2 2 2 2 2 2 2 0.7 1.41 -7.0 1.1 1.1 1.1 1.1 1.1 1.1 0.088 0.03 0.382 0.04 0.006 0.021 0 1 1 0 1 1
1984-01-14T08:30:00 1984 1 14 8 30 0 -3.9 0.6 413.0 3.1 0.95 0.72 0.0 0.0 2 2 2 2 2 2 2 2 0.7 1.33 -7.0 0.6 0.6 0.6 0.6 0.6 0.6 0.06 0.015 0.371 0.023 0.002 0.009 0 1 1 0 1 1
1984-01-14T09:30:00 1984 1 14 9 30 0 -3.8 -0.06 413.0 3.07 0.92 1.12 0.01 0.0 1 1 1 1 1 1 1 1 1.0 1.29 -9.0 -0.06 -0.06 -0.06 -0.06 -0.06 -0.06 0.042 0.015 0.359 0.013 0.012 0.017 0 1 1 0 1 1
1984-01-14T10:30:00 1984 1 14 10 30 0 -3.7 -2.94 413.0 3.03 0.9 2.39 3.35 1.02 1 1 1 1 1 1 1 1 1.0 1.25 -8.0 -2.94 -2.94 -2.94 -2.94 -2.94 -2.94 0.162 0.247 0.358 0.145 0.361 0.264 1 1 1 1 1 1
1984-01-14T11:30:00 1984 1 14 11 30 0 -3.6 -3.6 413.0 3.0 0.87 4.25 6.81 2.05 2 2 2 2 2 2 2 2 1.0 1.13 -8.0 -3.6 -3.6 -3.6 -3.6 -3.6 -3.6 0.326 0.468 0.367 0.346 0.618 0.447 2 2 1 2 2 2
1984-01-14T12:30:00 1984 1 14 12 30 0 -2.9 -0.3 381.0 2.6 0.7 2.18 3.63 1.03 2 2 2 2 2 2 2 2 2.7 1.23 -7.0 -0.3 -0.3 -0.3 -0.3 -0.3 -0.3 0.316 0.401 0.363 0.278 0.409 0.339 2 2 1 2 2 2
1984-01-14T13:30:00 1984 1 14 13 30 0 -3.2 -0.55 379.7 3.03 0.84 0.91 0.83 0.24 1 1 1 1 1 1 1 1 2.7 1.33 -1.0 -0.55 -0.55 -0.55 -0.55 -0.55 -0.55 0.249 0.288 0.353 0.174 0.242 0.234 2 2 1 2 1 2
1984-01-14T14:30:00 1984 1 14 14 30 0 -3.5 -1.65 378.3 3.47 0.99 1.49 2.17 0.72 1 1 1 1 1 1 1 1 2.7 1.59 0.0 -1.65 -1.65 -1.65 -1.65 -1.65 -1.65 0.259 0.329 0.347 0.17 0.315 0.286 1 1 1 1 1 1
1984-01-14T15:30:00 1984 1 14 15 30 0 -3.8 -1.9 377.0 3.9 1.13 2.17 3.37 1.25 2 2 2 2 2 2 2 2 1.0 1.61 0.0 -1.9 -1.9 -1.9 -1.9 -1.9 -1.9 0.303 0.412 0.344 0.211 0.411 0.381 2 2 1 2 2 2
1984-01-14T16:30:00 1984 1 14 16 30 0 -2.0 0.9 378.0 2.6 1.08 0.9 1.07 0.38 2 2 2 2 2 2 2 2 1.0 1.64 -3.0 0.9 0.9 0.9 0.9 0.9 0.9 0.233 0.261 0.335 0.136 0.19 0.216 2 2 1 2 2 2
1984-01-14T17:30:00 1984 1 14 17 30 0 -3.5 -0.7 361.0 5.9 1.45 0.64 0.33 0.18 2 2 2 2 2 2 2 2 1.0 1.63 -3.0 -0.7 -0.7 -0.7 -0.7 -0.7 -0.7 0.184 0.203 0.325 0.092 0.152 0.212 2 2 1 2 2 2
1984-01-14T18:30:00 1984 1 14 18 30 0 -2.6 -1.6 402.0 3.1 0.98 1.32 2.29 0.96 2 2 2 2 2 2 2 2 2.0 1.76 -6.0 -1.6 -1.6 -1.6 -1.6 -1.6 -1.6 0.223 0.303 0.321 0.131 0.313 0.334 2 2 1 2 2 2
1984-01-14T19:30:00 1984 1 14 19 30 0 -0.95 -2.3 404.5 3.5 1.13 1.36 3.99 1.33 1 1 1 1 1 1 1 1 2.0 1.88 -9.0 -2.3 -2.3 -2.3 -2.3 -2.3 -2.3 0.296 0.411 0.321 0.217 0.464 0.426 1 1 1 1 1 1
1984-01-14T20:30:00 1984 1 14 20 30 0 0.7 -3.0 407.0 3.9 1.29 1.75 5.44 2.03 2 2 2 2 2 2 2 2 2.0 1.8 -8.0 -3.0 -3.0 -3.0 -3.0 -3.0 -3.0 0.396 0.538 0.327 0.342 0.618 0.569 2 2 1 2 2 2
1984-01-14T21:30:00 1984 1 14 21 30 0 -1.5 -2.3 409.0 3.9 1.17 1.74 5.35 2.09 2 2 2 2 2 2 2 2 2.0 1.72 -7.0 -2.3 -2.3 -2.3 -2.3 -2.3 -2.3 0.454 0.586 0.333 0.391 0.64 0.628 2 2 1 2 2 2
1984-01-14T22:30:00 1984 1 14 22 30 0 -2.6 -0.2 405.0 4.1 1.27 0.94 2.37 0.94 2 2 2 2 2 2 2 2 2.0 1.64 -10.0 -0.2 -0.2 -0.2 -0.2 -0.2 -0.2 0.383 0.44 0.327 0.276 0.395 0.471 2 2 1 2 2 2
1984-01-14T23:30:00 1984 1 14 23 30 0 -2.1 -0.4 400.0 4.5 1.27 0.56 0.62 0.27 2 2 2 2 2 2 2 2 2.0 1.76 -9.0 -0.4 -0.4 -0.4 -0.4 -0.4 -0.4 0.292 0.305 0.318 0.17 0.24 0.346 2 2 1 2 2 2
