1984-04-12T00:30:00 1984 4 12 0 30 0 0.24 0.25 461.7 8.31 3.31 0.0 0.0 0.0 0 0 0 0 0 0 0 0 1.3 2.16 -16.0 -0.99 -0.7 -1.54 -1.51 -0.73 -0.49 0.375 0.388 0.418 0.373 0.462 1.002 0 0 0 0 0 0
1984-04-12T01:30:00 1984 4 12 1 30 0 0.24 0.25 461.6 8.31 3.32 0.0 0.0 0.0 0 0 0 0 0 0 0 0 1.3 1.92 -20.0 -0.99 -0.7 -1.54 -1.51 -0.73 -0.49 0.375 0.388 0.419 0.373 0.462 1.002 0 0 0 0 0 0
1984-04-12T02:30:00 1984 4 12 2 30 0 0.24 0.25 461.6 8.32 3.32 0.0 0.0 0.0 0 0 0 0 0 0 0 0 1.3 1.71 -19.0 -0.99 -0.7 -1.54 -1.51 -0.73 -0.49 0.375 0.388 0.42 0.374 0.462 1.003 0 0 0 0 0 0
1984-04-12T03:30:00 1984 4 12 3 30 0 0.24 0.25 461.6 8.33 3.32 0.0 0.0 0.0 0 0 0 0 0 0 0 0 3.7 1.82 -17.0 -0.99 -0.7 -1.54 -1.51 -0.73 -0.49 0.375 0.388 0.421 0.374 0.462 1.004 0 0 0 0 0 0
1984-04-12T04:30:00 1984 4 12 4 30 0 0.24 0.25 461.5 8.33 3.32 0.0 0.0 0.0 0 0 0 0 0 0 0 0 3.7 1.93 -21.0 -0.99 -0.7 -1.54 -1.51 -0.73 -0.49 0.375 0.388 0.422 0.374 0.462 1.005 0 0 0 0 0 0
1984-04-12T05:30:00 1984 4 12 5 30 0 0.24 0.25 461.5 8.34 3.33 0.0 0.0 0.0 0 0 0 0 0 0 0 0 3.7 2.23 -18.0 -0.99 -0.7 -1.54 -1.51 -0.73 -0.49 0.375 0.388 0.423 0.374 0.462 1.006 0 0 0 0 0 0
1984-04-12T06:30:00 1984 4 12 6 30 0 0.24 0.25 461.5 8.35 3.33 0.0 0.0 0.0 0 0 0 0 0 0 0 0 2.0 2.31 -20.0 -0.99 -0.7 -1.54 -1.51 -0.73 -0.49 0.375 0.389 0.423 0.374 0.462 1.007 0 0 0 0 0 0
1984-04-12T07:30:00 1984 4 12 7 30 0 0.24 0.25 461.4 8.35 3.33 0.0 0.0 0.0 0 0 0 0 0 0 0 0 2.0 2.39 -17.0 -0.99 -0.7 -1.54 -1.51 -0.73 -0.49 0.376 0.389 0.424 0.374 0.462 1.007 0 0 0 0 0 0
1984-04-12T08:30:00 1984 4 12 8 30 0 0.24 0.25 461.4 8.36 3.33 0.0 0.0 0.0 0 0 0 0 0 0 0 0 2.0 2.47 -14.0 -0.99 -0.7 -1.54 -1.51 -0.73 -0.49 0.376 0.389 0.425 0.374 0.462 1.008 0 0 0 0 0 0
1984-04-12T09:30:00 1984 4 12 9 30 0 0.24 0.25 461.4 8.37 3.33 0.0 0.0 0.0 0 0 0 0 0 0 0 0 1.7 2.5 -12.0 -0.99 -0.7 -1.54 -1.51 -0.73 -0.49 0.376 0.389 0.426 0.374 0.462 1.009 0 0 0 0 0 0
1984-04-12T10:30:00 1984 4 12 10 30 0 0.24 0.25 461.3 8.37 3.34 0.0 0.0 0.0 0 0 0 0 0 0 0 0 1.7 2.54 -9.0 -0.99 -0.7 -1.54 -1.51 -0.73 -0.49 0.376 0.389 0.427 0.374 0.462 1.01 0 0 0 0 0 0
1984-04-12T11:30:00 1984 4 12 11 30 0 0.23 0.25 461.3 8.38 3.34 0.0 0.0 0.0 0 0 0 0 0 0 0 0 1.7 2.29 -6.0 -0.99 -0.7 -1.54 -1.51 -0.73 -0.49 0.376 0.389 0.427 0.374 0.462 1.011 0 0 0 0 0 0
1984-04-12T12:30:00 1984 4 12 12 30 0 0.23 0.25 461.2 8.39 3.34 0.0 0.0 0.0 0 0 0 0 0 0 0 0 2.7 2.18 -2.0 -0.99 -0.7 -1.54 -1.51 -0.73 -0.49 0.376 0.389 0.428 0.374 0.463 1.012 0 0 0 0 0 0
1984-04-12T13:30:00 1984 4 12 13 30 0 0.23 0.25 461.2 8.39 3.34 0.0 0.0 0.0 0 0 0 0 0 0 0 0 2.7 2.07 -1.0 -0.99 -0.7 -1.54 -1.51 -0.73 -0.49 0.376 0.389 0.429 0.375 0.463 1.012 0 0 0 0 0 0
1984-04-12T14:30:00 1984 4 12 14 30 0 0.23 0.25 461.2 8.4 3.35 0.0 0.0 0.0 0 0 0 0 0 0 0 0 2.7 2.16 -1.0 -0.99 -0.7 -1.54 -1.51 -0.73 -0.49 0.376 0.39 0.429 0.375 0.463 1.013 0 0 0 0 0 0
1984-04-12T15:30:00 1984 4 12 15 30 0 0.23 0.25 461.1 8.41 3.35 0.0 0.0 0.0 0 0 0 0 0 0 0 0 4.0 2.42 -13.0 -0.99 -0.7 -1.54 -1.51 -0.73 -0.49 0.376 0.39 0.43 0.375 0.463 1.014 0 0 0 0 0 0
1984-04-12T16:30:00 1984 4 12 16 30 0 0.23 0.25 461.1 8.41 3.35 0.0 0.0 0.0 0 0 0 0 0 0 0 0 4.0 2.68 -24.0 -0.99 -0.7 -1.54 -1.51 -0.73 -0.49 0.376 0.39 0.431 0.375 0.463 1.015 0 0 0 0 0 0
1984-04-12T17:30:00 1984 4 12 17 30 0 0.23 0.25 461.1 8.42 3.35 0.0 0.0 0.0 0 0 0 0 0 0 0 0 4.0 2.96 -15.0 -0.99 -0.7 -1.54 -1.51 -0.73 -0.49 0.376 0.39 0.431 0.375 0.463 1.016 0 0 0 0 0 0
1984-04-12T18:30:00 1984 4 12 18 30 0 0.23 0.25 461.0 8.43 3.35 0.0 0.0 0.0 0 0 0 0 0 0 0 0 2.3 3.03 -10.0 -0.99 -0.7 -1.54 -1.51 -0.73 -0.49 0.377 0.39 0.432 0.375 0.463 1.017 0 0 0 0 0 0
1984-04-12T19:30:00 1984 4 12 19 30 0 0.23 0.25 461.0 8.43 3.36 0.0 0.0 0.0 0 0 0 0 0 0 0 0 2.3 3.09 -11.0 -0.99 -0.71 -1.54 -1.51 -0.73 -0.49 0.377 0.392 0.432 0.375 0.463 1.018 0 0 0 0 0 0
1984-04-12T20:30:00 1984 4 12 20 30 0 0.23 0.25 461.0 8.44 3.36 0.0 0.0 0.0 0 0 0 0 0 0 0 0 2.3 3.03 -6.0 -0.99 -0.71 -1.55 -1.51 -0.73 -0.49 0.377 0.393 0.433 0.375 0.463 1.018 0 0 0 0 0 0
1984-04-12T21:30:00 1984 4 12 21 30 0 0.23 0.25 460.9 8.45 3.36 0.0 0.0 0.0 0 0 0 0 0 0 0 0 4.3 3.23 -7.0 -0.99 -0.71 -1.55 -1.51 -0.73 -0.49 0.377 0.394 0.434 0.375 0.463 1.02 0 0 0 0 0 0
1984-04-12T22:30:00 1984 4 12 22 30 0 0.23 0.25 460.9 8.45 3.36 0.0 0.0 0.0 0 0 0 0 0 0 0 0 4.3 3.44 -25.0 -0.99 -0.71 -1.55 -1.51 -0.73 -0.49 0.377 0.394 0.434 0.375 0.464 1.02 0 0 0 0 0 0
1984-04-12T23:30:00 1984 4 12 23 30 0 0.23 0.25 460.9 8.46 3.37 0.0 0.0 0.0 0 0 0 0 0 0 0 0 4.3 3.48 -39.0 -0.99 -0.71 -1.55 -1.51 -0.73 -0.49 0.377 0.394 0.435 0.375 0.464 1.021 0 0 0 0 0 0
