1984-02-27T00:30:00 1984 2 27 0 30 0 -0.53 0.38 408.0 6.47 2.6 0.01 0.0 0.0 0 0 1 0 0 0 1 0 6.0 4.19 3.0 -0.98 -0.69 -1.53 -1.5 -0.72 -0.48 0.301 0.334 0.179 0.281 0.335 0.524 0 0 1 0 0 0
1984-02-27T01:30:00 1984 2 27 1 30 0 -0.53 0.39 411.4 6.47 2.6 0.01 0.0 0.0 0 0 1 0 0 0 1 0 6.0 4.41 11.0 -0.98 -0.69 -1.53 -1.5 -0.72 -0.48 0.303 0.335 0.183 0.284 0.34 0.534 0 0 1 0 0 0
1984-02-27T02:30:00 1984 2 27 2 30 0 -0.53 0.39 414.9 6.47 2.6 0.01 0.0 0.0 0 0 1 0 0 0 1 0 6.0 4.7 -14.0 -0.98 -0.69 -1.53 -1.5 -0.72 -0.48 0.305 0.335 0.187 0.287 0.344 0.545 0 0 0 0 0 0
1984-02-27T03:30:00 1984 2 27 3 30 0 -0.52 0.39 418.3 6.47 2.6 0.01 0.0 0.0 0 0 1 0 0 0 1 0 5.3 4.9 -32.0 -0.98 -0.69 -1.53 -1.5 -0.72 -0.48 0.307 0.336 0.191 0.29 0.349 0.556 0 0 0 0 0 0
1984-02-27T04:30:00 1984 2 27 4 30 0 -0.52 0.39 421.8 6.47 2.6 0.01 0.0 0.0 0 0 1 0 0 0 1 0 5.3 5.09 -30.0 -0.97 -0.69 -1.53 -1.5 -0.72 -0.48 0.308 0.336 0.195 0.293 0.354 0.567 0 0 0 0 0 0
1984-02-27T05:30:00 1984 2 27 5 30 0 -0.51 0.39 425.2 6.47 2.6 0.01 0.0 0.0 0 0 1 0 0 0 1 0 5.3 5.25 -31.0 -0.97 -0.69 -1.53 -1.5 -0.72 -0.48 0.31 0.337 0.199 0.296 0.358 0.578 0 0 0 0 0 0
1984-02-27T06:30:00 1984 2 27 6 30 0 -0.51 0.39 428.7 6.46 2.6 0.01 0.0 0.0 0 0 1 0 0 0 1 0 4.0 5.23 -37.0 -0.97 -0.69 -1.53 -1.5 -0.72 -0.48 0.311 0.337 0.204 0.299 0.363 0.589 0 0 0 0 0 0
1984-02-27T07:30:00 1984 2 27 7 30 0 -0.51 0.39 432.1 6.46 2.6 0.01 0.0 0.0 0 0 1 0 0 0 1 0 4.0 5.21 -41.0 -0.97 -0.69 -1.53 -1.5 -0.72 -0.48 0.313 0.338 0.208 0.302 0.367 0.6 0 0 0 0 0 0
1984-02-27T08:30:00 1984 2 27 8 30 0 -0.5 0.39 435.6 6.46 2.6 0.01 0.0 0.0 0 0 1 0 0 0 1 0 4.0 4.96 -41.0 -0.97 -0.69 -1.53 -1.5 -0.72 -0.48 0.314 0.338 0.212 0.305 0.372 0.612 0 0 0 0 0 0
1984-02-27T09:30:00 1984 2 27 9 30 0 -0.5 0.39 439.0 6.46 2.6 0.01 0.0 0.0 0 0 1 0 0 0 1 0 3.0 4.58 -29.0 -0.97 -0.69 -1.53 -1.5 -0.72 -0.48 0.316 0.339 0.217 0.308 0.377 0.623 0 0 0 0 0 0
1984-02-27T10:30:00 1984 2 27 10 30 0 -0.49 0.4 442.5 6.46 2.6 0.01 0.0 0.0 0 0 1 0 0 0 1 0 3.0 4.21 -25.0 -0.97 -0.69 -1.53 -1.5 -0.72 -0.47 0.318 0.339 0.221 0.311 0.382 0.632 0 0 0 0 0 0
1984-02-27T11:30:00 1984 2 27 11 30 0 -0.49 0.4 446.0 6.46 2.6 0.01 0.0 0.0 0 0 1 0 0 0 1 0 3.0 3.92 -30.0 -0.97 -0.69 -1.53 -1.49 -0.72 -0.47 0.32 0.339 0.226 0.313 0.387 0.642 0 0 0 0 0 0
1984-02-27T12:30:00 1984 2 27 12 30 0 -0.48 0.4 449.4 6.46 2.6 0.01 0.0 0.0 0 0 1 0 0 0 1 0 2.3 3.55 -32.0 -0.97 -0.69 -1.53 -1.49 -0.72 -0.47 0.322 0.34 0.23 0.316 0.391 0.653 0 0 0 0 0 0
1984-02-27T13:30:00 1984 2 27 13 30 0 -0.48 0.4 452.9 6.45 2.6 0.01 0.0 0.0 0 0 1 0 0 0 1 0 2.3 3.18 -32.0 -0.97 -0.69 -1.53 -1.49 -0.72 -0.47 0.324 0.34 0.235 0.318 0.396 0.664 0 0 0 0 0 0
1984-02-27T14:30:00 1984 2 27 14 30 0 -0.48 0.4 456.4 6.45 2.6 0.01 0.0 0.0 0 0 1 0 0 0 1 0 2.3 2.97 -27.0 -0.97 -0.69 -1.53 -1.49 -0.72 -0.47 0.326 0.341 0.24 0.321 0.401 0.676 0 0 0 0 0 0
1984-02-27T15:30:00 1984 2 27 15 30 0 -0.47 0.4 459.9 6.45 2.6 0.01 0.0 0.0 0 0 1 0 0 0 1 0 3.0 2.85 -27.0 -0.97 -0.69 -1.53 -1.49 -0.72 -0.47 0.328 0.341 0.245 0.324 0.406 0.688 0 0 0 0 0 0
1984-02-27T16:30:00 1984 2 27 16 30 0 -0.47 0.4 463.3 6.45 2.6 0.01 0.0 0.0 0 0 1 0 0 0 1 0 3.0 2.74 -16.0 -0.97 -0.69 -1.53 -1.49 -0.72 -0.47 0.33 0.342 0.25 0.327 0.411 0.701 0 0 0 0 0 0
1984-02-27T17:30:00 1984 2 27 17 30 0 -0.46 0.4 465.1 6.45 2.6 0.01 0.0 0.0 0 0 0 0 0 0 0 0 3.0 2.74 -14.0 -0.97 -0.69 -1.53 -1.49 -0.71 -0.47 0.332 0.342 0.254 0.329 0.413 0.711 0 0 0 0 0 0
1984-02-27T18:30:00 1984 2 27 18 30 0 -0.46 0.4 465.1 6.45 2.6 0.01 0.0 0.0 0 0 0 0 0 0 0 0 4.3 2.91 -14.0 -0.97 -0.69 -1.53 -1.49 -0.71 -0.47 0.333 0.342 0.259 0.331 0.413 0.716 0 0 0 0 0 0
1984-02-27T19:30:00 1984 2 27 19 30 0 -0.46 0.41 465.2 6.44 2.6 0.01 0.0 0.0 0 0 0 0 0 0 0 0 4.3 3.09 -29.0 -0.97 -0.69 -1.53 -1.49 -0.71 -0.47 0.334 0.342 0.264 0.332 0.413 0.718 0 0 0 0 0 0
1984-02-27T20:30:00 1984 2 27 20 30 0 -0.45 0.41 465.2 6.44 2.6 0.01 0.0 0.0 0 0 0 0 0 0 0 0 4.3 3.34 -49.0 -0.97 -0.69 -1.52 -1.49 -0.71 -0.47 0.335 0.342 0.268 0.332 0.413 0.719 0 0 0 0 0 0
1984-02-27T21:30:00 1984 2 27 21 30 0 -0.45 0.41 465.2 6.44 2.6 0.01 0.0 0.0 0 0 0 0 0 0 0 0 4.7 3.64 -46.0 -0.97 -0.69 -1.52 -1.49 -0.71 -0.47 0.335 0.342 0.273 0.333 0.413 0.719 0 0 0 0 0 0
1984-02-27T22:30:00 1984 2 27 22 30 0 -0.44 0.41 465.3 6.44 2.6 0.01 0.0 0.0 0 0 0 0 0 0 0 0 4.7 3.93 -38.0 -0.97 -0.68 -1.52 -1.49 -0.71 -0.47 0.335 0.341 0.277 0.333 0.413 0.719 0 0 0 0 0 0
1984-02-27T23:30:00 1984 2 27 23 30 0 -0.44 0.41 465.3 6.44 2.6 0.01 0.0 0.0 0 0 0 0 0 0 0 0 4.7 4.14 -29.0 -0.97 -0.68 -1.52 -1.49 -0.71 -0.47 0.335 0.34 0.281 0.333 0.413 0.719 0 0 0 0 0 0
