1984-08-08T00:30:00 1984 8 8 0 30 0 1.5 -2.7 344.0 43.6 10.32 1.68 4.38 18.29 2 2 2 2 2 2 2 2 3.3 1.27 12.0 -2.7 -2.7 -2.7 -2.7 -2.7 -2.7 0.689 1.405 0.169 0.631 1.177 7.87 2 2 2 2 2 2
1984-08-08T01:30:00 1984 8 8 1 30 0 1.5 -2.19 344.0 43.6 10.32 1.45 4.17 18.18 1 1 1 1 1 1 1 1 3.3 1.6 18.0 -2.35 -2.3 -2.43 -2.42 -2.31 -2.27 0.872 1.611 0.189 0.793 1.262 8.97 2 1 1 1 1 1
1984-08-08T02:30:00 1984 8 8 2 30 0 1.19 -0.28 344.0 43.6 9.61 0.54 1.99 8.66 1 1 1 1 1 1 1 1 3.3 1.93 9.0 -1.03 -0.84 -1.42 -1.4 -0.86 -0.69 0.849 1.397 0.2 0.719 0.965 7.562 1 1 1 1 1 1
1984-08-08T03:30:00 1984 8 8 3 30 0 0.61 0.08 344.0 36.69 7.38 0.07 0.17 0.7 1 0 1 1 1 1 1 1 3.0 2.22 -2.0 -0.78 -0.56 -1.23 -1.2 -0.58 -0.39 0.731 1.052 0.204 0.576 0.651 5.239 1 1 1 1 1 1
1984-08-08T04:30:00 1984 8 8 4 30 0 0.04 0.08 344.0 28.26 5.14 0.01 0.0 0.0 1 0 1 1 1 1 1 1 3.0 2.5 -1.0 -0.78 -0.56 -1.23 -1.21 -0.58 -0.39 0.625 0.815 0.206 0.471 0.493 3.568 1 1 1 1 0 0
1984-08-08T05:30:00 1984 8 8 5 30 0 -0.18 0.08 344.0 19.83 2.91 0.0 0.0 0.0 0 0 1 1 1 0 1 1 3.0 2.7 2.0 -0.78 -0.56 -1.23 -1.21 -0.58 -0.39 0.538 0.657 0.208 0.394 0.408 2.405 1 0 1 0 0 0
1984-08-08T06:30:00 1984 8 8 6 30 0 -0.18 0.08 344.0 11.41 2.83 0.0 0.0 0.0 0 0 1 1 0 0 1 1 2.7 2.87 -2.0 -0.78 -0.56 -1.23 -1.21 -0.58 -0.39 0.46 0.529 0.208 0.327 0.336 1.503 1 0 1 0 0 0
1984-08-08T07:30:00 1984 8 8 7 30 0 -0.18 0.09 344.0 6.86 2.83 0.0 0.0 0.0 0 0 1 0 0 0 1 0 2.7 3.03 3.0 -0.78 -0.56 -1.24 -1.21 -0.58 -0.39 0.39 0.422 0.206 0.269 0.273 0.879 0 0 1 0 0 0
1984-08-08T08:30:00 1984 8 8 8 30 0 -0.18 0.09 344.0 6.86 2.83 0.0 0.0 0.0 0 0 1 0 0 0 1 0 2.7 2.96 3.0 -0.78 -0.56 -1.24 -1.21 -0.58 -0.39 0.336 0.355 0.205 0.229 0.242 0.565 0 0 1 0 0 0
1984-08-08T09:30:00 1984 8 8 9 30 0 -0.18 0.09 344.0 6.86 2.83 0.0 0.0 0.0 0 0 1 0 0 0 1 0 3.3 2.96 -4.0 -0.78 -0.56 -1.24 -1.21 -0.58 -0.39 0.3 0.323 0.204 0.207 0.232 0.435 0 0 1 0 0 0
1984-08-08T10:30:00 1984 8 8 10 30 0 -0.18 0.09 344.0 6.86 2.83 0.0 0.0 0.0 0 0 1 0 0 0 1 0 3.3 2.96 -3.0 -0.78 -0.56 -1.24 -1.21 -0.58 -0.39 0.275 0.306 0.202 0.195 0.229 0.381 0 0 1 0 0 0
1984-08-08T11:30:00 1984 8 8 11 30 0 -0.18 0.09 344.0 6.86 2.83 0.0 0.0 0.0 0 0 1 0 0 0 1 0 3.3 3.0 0.0 -0.78 -0.56 -1.24 -1.21 -0.58 -0.39 0.259 0.298 0.201 0.188 0.228 0.358 0 0 1 0 0 0
1984-08-08T12:30:00 1984 8 8 12 30 0 -0.18 0.09 344.0 6.86 2.83 0.0 0.0 0.0 0 0 1 0 0 0 1 0 3.3 3.04 0.0 -0.79 -0.56 -1.24 -1.21 -0.58 -0.39 0.248 0.294 0.2 0.184 0.228 0.349 0 0 1 0 0 0
1984-08-08T13:30:00 1984 8 8 13 30 0 -0.18 0.09 344.0 6.86 2.83 0.0 0.0 0.0 0 0 1 0 0 0 1 0 3.3 3.08 0.0 -0.79 -0.56 -1.24 -1.21 -0.58 -0.39 0.241 0.292 0.198 0.182 0.227 0.345 0 0 1 0 0 0
1984-08-08T14:30:00 1984 8 8 14 30 0 -0.18 0.09 346.4 6.86 2.83 0.0 0.0 0.0 0 0 1 0 0 0 1 0 3.3 3.16 2.0 -0.79 -0.56 -1.24 -1.21 -0.58 -0.39 0.236 0.291 0.197 0.181 0.229 0.346 0 0 1 0 0 0
1984-08-08T15:30:00 1984 8 8 15 30 0 -0.18 0.09 351.1 6.86 2.83 0.0 0.0 0.0 0 0 1 0 0 0 1 0 2.3 3.1 -4.0 -0.79 -0.56 -1.24 -1.21 -0.58 -0.39 0.234 0.291 0.196 0.182 0.232 0.352 0 0 1 0 0 0
1984-08-08T16:30:00 1984 8 8 16 30 0 -0.18 0.09 355.8 6.86 2.83 0.0 0.0 0.0 0 0 1 0 0 0 1 0 2.3 3.04 -3.0 -0.79 -0.56 -1.24 -1.21 -0.58 -0.39 0.233 0.291 0.195 0.184 0.236 0.361 0 0 1 0 0 0
1984-08-08T17:30:00 1984 8 8 17 30 0 -0.18 0.09 360.5 6.87 2.83 0.0 0.0 0.0 0 0 1 0 0 0 1 0 2.3 2.91 -1.0 -0.79 -0.56 -1.24 -1.21 -0.58 -0.39 0.233 0.292 0.195 0.186 0.241 0.372 0 0 1 0 0 0
1984-08-08T18:30:00 1984 8 8 18 30 0 -0.18 0.09 365.2 6.87 2.84 0.0 0.0 0.0 0 0 1 0 0 0 1 0 1.7 2.71 4.0 -0.79 -0.56 -1.24 -1.21 -0.58 -0.4 0.234 0.293 0.194 0.189 0.247 0.386 0 0 1 0 0 0
1984-08-08T19:30:00 1984 8 8 19 30 0 -0.18 0.09 369.9 6.87 2.84 0.0 0.0 0.0 0 0 1 0 0 0 1 0 1.7 2.51 8.0 -0.79 -0.56 -1.24 -1.21 -0.59 -0.4 0.236 0.293 0.194 0.192 0.253 0.4 0 0 1 0 0 0
1984-08-08T20:30:00 1984 8 8 20 30 0 -0.18 0.09 374.6 6.87 2.84 0.0 0.0 0.0 0 0 1 0 0 0 1 0 1.7 2.31 8.0 -0.79 -0.56 -1.24 -1.21 -0.59 -0.4 0.238 0.294 0.194 0.195 0.259 0.413 0 0 1 0 0 0
1984-08-08T21:30:00 1984 8 8 21 30 0 -0.18 0.09 379.4 6.87 2.84 0.0 0.0 0.0 0 0 1 0 0 0 1 0 3.3 2.32 1.0 -0.79 -0.56 -1.24 -1.21 -0.59 -0.4 0.24 0.295 0.194 0.198 0.265 0.426 0 0 1 0 0 0
1984-08-08T22:30:00 1984 8 8 22 30 0 -0.18 0.09 384.1 6.87 2.84 0.0 0.0 0.0 0 0 1 0 0 0 1 0 3.3 2.33 -3.0 -0.79 -0.56 -1.24 -1.22 -0.59 -0.4 0.242 0.295 0.194 0.202 0.271 0.44 0 0 1 0 0 0
1984-08-08T23:30:00 1984 8 8 23 30 0 -0.18 0.09 388.8 6.87 2.84 0.0 0.0 0.0 0 0 1 0 0 0 1 0 3.3 2.46 -6.0 -0.79 -0.56 -1.24 -1.22 -0.59 -0.4 0.244 0.296 0.195 0.205 0.276 0.453 0 0 1 0 0 0
