1984-09-30T00:30:00 1984 9 30 0 30 0 -0.65 0.28 473.3 7.98 3.17 0.02 0.0 0.0 0 0 0 0 0 0 0 0 4.0 3.02 -28.0 -0.83 -0.59 -1.33 -1.3 -0.61 -0.41 0.323 0.341 0.414 0.312 0.417 0.919 0 0 0 0 0 0
1984-09-30T01:30:00 1984 9 30 1 30 0 -0.65 0.28 473.3 7.98 3.17 0.02 0.0 0.0 0 0 0 0 0 0 0 0 4.0 3.27 -30.0 -0.83 -0.59 -1.33 -1.3 -0.61 -0.41 0.323 0.341 0.413 0.312 0.417 0.919 0 0 0 0 0 0
1984-09-30T02:30:00 1984 9 30 2 30 0 -0.65 0.28 473.3 7.98 3.17 0.02 0.0 0.0 0 0 0 0 0 0 0 0 4.0 3.48 -29.0 -0.83 -0.59 -1.33 -1.3 -0.61 -0.41 0.323 0.341 0.413 0.312 0.417 0.919 0 0 0 0 0 0
1984-09-30T03:30:00 1984 9 30 3 30 0 -0.65 0.28 473.3 7.98 3.17 0.02 0.0 0.0 0 0 0 0 0 0 0 0 3.3 3.6 -29.0 -0.83 -0.59 -1.33 -1.3 -0.61 -0.41 0.323 0.341 0.412 0.312 0.417 0.919 0 0 0 0 0 0
1984-09-30T04:30:00 1984 9 30 4 30 0 -0.65 0.28 473.3 7.98 3.17 0.02 0.0 0.0 0 0 0 0 0 0 0 0 3.3 3.71 -31.0 -0.83 -0.59 -1.33 -1.3 -0.61 -0.41 0.323 0.341 0.411 0.312 0.417 0.919 0 0 0 0 0 0
1984-09-30T05:30:00 1984 9 30 5 30 0 -0.65 0.28 473.3 7.98 3.17 0.02 0.0 0.0 0 0 0 0 0 0 0 0 3.3 3.66 -34.0 -0.83 -0.59 -1.33 -1.3 -0.61 -0.41 0.323 0.341 0.41 0.312 0.417 0.919 0 0 0 0 0 0
1984-09-30T06:30:00 1984 9 30 6 30 0 -0.65 0.28 473.3 7.99 3.17 0.02 0.0 0.0 0 0 0 0 0 0 0 0 3.3 3.6 -36.0 -0.83 -0.59 -1.33 -1.3 -0.61 -0.41 0.323 0.341 0.41 0.312 0.417 0.92 0 0 0 0 0 0
1984-09-30T07:30:00 1984 9 30 7 30 0 -0.64 0.28 473.3 7.99 3.17 0.02 0.0 0.0 0 0 0 0 0 0 0 0 3.3 3.55 -32.0 -0.83 -0.59 -1.33 -1.3 -0.61 -0.41 0.323 0.341 0.409 0.312 0.418 0.92 0 0 0 0 0 0
1984-09-30T08:30:00 1984 9 30 8 30 0 -0.64 0.28 473.3 7.99 3.17 0.02 0.0 0.0 0 0 0 0 0 0 0 0 3.3 3.47 -32.0 -0.83 -0.59 -1.33 -1.3 -0.61 -0.41 0.323 0.341 0.408 0.312 0.418 0.921 0 0 0 0 0 0
1984-09-30T09:30:00 1984 9 30 9 30 0 -0.64 0.28 473.3 7.99 3.17 0.02 0.0 0.0 0 0 0 0 0 0 0 0 1.3 3.12 -30.0 -0.84 -0.59 -1.33 -1.3 -0.61 -0.41 0.324 0.341 0.407 0.312 0.418 0.921 0 0 0 0 0 0
1984-09-30T10:30:00 1984 9 30 10 30 0 -0.64 0.27 473.3 7.99 3.17 0.02 0.0 0.0 0 0 0 0 0 0 0 0 1.3 2.78 -29.0 -0.84 -0.59 -1.33 -1.3 -0.61 -0.41 0.325 0.341 0.407 0.312 0.418 0.921 0 0 0 0 0 0
1984-09-30T11:30:00 1984 9 30 11 30 0 -0.64 0.27 473.3 7.99 3.17 0.02 0.0 0.0 0 0 0 0 0 0 0 0 1.3 2.52 -24.0 -0.84 -0.59 -1.33 -1.3 -0.61 -0.41 0.325 0.341 0.406 0.312 0.418 0.921 0 0 0 0 0 0
1984-09-30T12:30:00 1984 9 30 12 30 0 -0.64 0.27 473.2 7.99 3.17 0.02 0.0 0.0 0 0 0 0 0 0 0 0 0.3 2.14 -22.0 -0.84 -0.59 -1.33 -1.3 -0.61 -0.41 0.326 0.341 0.406 0.312 0.418 0.921 0 0 0 0 0 0
1984-09-30T13:30:00 1984 9 30 13 30 0 -0.64 0.27 473.2 7.99 3.17 0.02 0.0 0.0 0 0 0 0 0 0 0 0 0.3 1.76 -20.0 -0.84 -0.59 -1.33 -1.3 -0.62 -0.41 0.326 0.341 0.405 0.312 0.42 0.92 0 0 0 0 0 0
1984-09-30T14:30:00 1984 9 30 14 30 0 -0.64 0.27 473.2 8.0 3.17 0.02 0.0 0.0 0 0 0 0 0 0 0 0 0.3 1.39 -15.0 -0.84 -0.59 -1.33 -1.3 -0.62 -0.41 0.326 0.341 0.405 0.312 0.422 0.921 0 0 0 0 0 0
1984-09-30T15:30:00 1984 9 30 15 30 0 -0.64 0.27 473.2 8.0 3.17 0.02 0.0 0.0 0 0 0 0 0 0 0 0 0.7 1.08 -12.0 -0.84 -0.59 -1.33 -1.3 -0.62 -0.41 0.326 0.341 0.404 0.313 0.422 0.921 0 0 0 0 0 0
1984-09-30T16:30:00 1984 9 30 16 30 0 -0.64 0.27 473.2 8.0 3.17 0.02 0.0 0.0 0 0 0 0 0 0 0 0 0.7 0.77 -12.0 -0.84 -0.59 -1.33 -1.3 -0.62 -0.41 0.327 0.341 0.403 0.313 0.422 0.922 0 0 0 0 0 0
1984-09-30T17:30:00 1984 9 30 17 30 0 -0.63 0.27 473.2 8.0 3.17 0.02 0.0 0.0 0 0 0 0 0 0 0 0 0.7 0.69 -14.0 -0.84 -0.59 -1.33 -1.3 -0.62 -0.41 0.327 0.341 0.403 0.313 0.422 0.922 0 0 0 0 0 0
1984-09-30T18:30:00 1984 9 30 18 30 0 -0.63 0.27 473.2 8.0 3.17 0.02 0.0 0.0 0 0 0 0 0 0 0 0 0.7 0.62 -16.0 -0.84 -0.59 -1.33 -1.3 -0.62 -0.41 0.327 0.341 0.402 0.313 0.422 0.922 0 0 0 0 0 0
1984-09-30T19:30:00 1984 9 30 19 30 0 -0.63 0.27 473.2 8.0 3.17 0.02 0.0 0.0 0 0 0 0 0 0 0 0 0.7 0.56 -19.0 -0.84 -0.59 -1.34 -1.3 -0.62 -0.41 0.327 0.341 0.402 0.313 0.422 0.922 0 0 0 0 0 0
1984-09-30T20:30:00 1984 9 30 20 30 0 -0.63 0.27 473.2 8.0 3.17 0.02 0.0 0.0 0 0 0 0 0 0 0 0 0.7 0.6 -19.0 -0.84 -0.59 -1.34 -1.31 -0.62 -0.41 0.327 0.341 0.402 0.313 0.422 0.922 0 0 0 0 0 0
1984-09-30T21:30:00 1984 9 30 21 30 0 -0.63 0.26 473.2 8.01 3.17 0.02 0.0 0.0 0 0 0 0 0 0 0 0 2.3 0.86 -16.0 -0.84 -0.59 -1.34 -1.31 -0.62 -0.41 0.327 0.342 0.401 0.314 0.422 0.922 0 0 0 0 0 0
1984-09-30T22:30:00 1984 9 30 22 30 0 -0.63 0.26 470.5 8.01 3.17 0.02 0.0 0.0 0 0 1 0 0 0 1 0 2.3 1.12 -16.0 -0.84 -0.59 -1.34 -1.31 -0.62 -0.41 0.327 0.341 0.401 0.314 0.421 0.918 0 0 0 0 0 0
1984-09-30T23:30:00 1984 9 30 23 30 0 -0.63 0.26 465.0 8.01 3.17 0.02 0.0 0.0 0 0 1 0 0 0 1 0 2.3 1.32 -18.0 -0.84 -0.59 -1.34 -1.31 -0.62 -0.41 0.326 0.341 0.4 0.313 0.416 0.903 0 0 0 0 0 0
