1984-12-11T00:30:00 1984 12 11 0 30 0 3.6 1.6 371.0 13.9 3.82 0.48 0.0 0.0 2 2 1 1 1 2 2 1 0.7 1.69 1.0 1.6 1.6 1.6 1.6 1.6 1.6 0.035 0.01 0.282 0.01 0.001 0.008 1 1 0 1 1 1
1984-12-11T01:30:00 1984 12 11 1 30 0 3.2 0.6 373.0 14.8 4.12 0.56 0.0 0.0 2 2 2 2 2 2 2 2 0.7 1.44 1.0 0.6 0.6 0.6 0.6 0.6 0.6 0.023 0.005 0.273 0.005 0.0 0.004 1 1 0 1 1 1
1984-12-11T02:30:00 1984 12 11 2 30 0 3.2 0.53 379.2 14.8 4.12 0.61 0.0 0.0 1 1 1 1 1 1 1 1 0.7 1.31 4.0 0.34 0.38 0.24 0.25 0.38 0.41 0.016 0.002 0.265 0.003 0.0 0.001 1 1 0 1 1 1
1984-12-11T03:30:00 1984 12 11 3 30 0 2.55 0.29 385.5 14.8 4.03 0.52 0.0 0.0 1 1 1 1 1 1 1 1 2.3 1.4 5.0 -0.64 -0.43 -1.07 -1.04 -0.45 -0.27 0.058 0.095 0.26 0.058 0.124 0.29 1 1 0 1 1 1
1984-12-11T04:30:00 1984 12 11 4 30 0 1.35 0.24 391.7 13.56 3.74 0.25 0.0 0.0 1 0 1 1 1 1 1 1 2.3 1.48 2.0 -0.83 -0.59 -1.32 -1.29 -0.61 -0.4 0.143 0.249 0.261 0.156 0.288 0.766 0 0 0 0 0 0
1984-12-11T05:30:00 1984 12 11 5 30 0 0.16 0.24 397.9 12.04 3.45 0.04 0.0 0.0 1 0 1 1 1 1 1 1 2.3 1.56 3.0 -0.83 -0.59 -1.32 -1.29 -0.61 -0.4 0.205 0.328 0.262 0.219 0.349 0.936 0 0 0 0 0 0
1984-12-11T06:30:00 1984 12 11 6 30 0 -0.3 0.24 404.2 10.53 3.17 0.0 0.0 0.0 0 0 1 1 1 0 1 1 1.3 1.51 8.0 -0.83 -0.59 -1.32 -1.29 -0.61 -0.4 0.242 0.356 0.263 0.25 0.361 0.931 0 0 0 0 0 0
1984-12-11T07:30:00 1984 12 11 7 30 0 -0.3 0.24 410.4 9.01 3.16 0.0 0.0 0.0 0 0 1 1 0 0 1 1 1.3 1.46 13.0 -0.83 -0.59 -1.32 -1.29 -0.61 -0.4 0.263 0.358 0.264 0.262 0.356 0.852 0 0 0 0 0 0
1984-12-11T08:30:00 1984 12 11 8 30 0 -0.3 0.24 416.6 8.19 3.16 0.0 0.0 0.0 0 0 1 0 0 0 1 0 1.3 1.53 13.0 -0.83 -0.59 -1.32 -1.29 -0.61 -0.4 0.274 0.35 0.265 0.265 0.349 0.769 0 0 0 0 0 0
1984-12-11T09:30:00 1984 12 11 9 30 0 -0.3 0.24 422.9 8.19 3.16 0.0 0.0 0.0 0 0 1 0 0 0 1 0 2.3 1.73 4.0 -0.83 -0.59 -1.32 -1.29 -0.61 -0.4 0.282 0.344 0.266 0.267 0.35 0.733 0 0 0 0 0 0
1984-12-11T10:30:00 1984 12 11 10 30 0 -0.3 0.24 429.1 8.19 3.16 0.0 0.0 0.0 0 0 1 0 0 0 1 0 2.3 1.92 -3.0 -0.83 -0.59 -1.32 -1.29 -0.61 -0.4 0.288 0.341 0.267 0.27 0.355 0.734 0 0 0 0 0 0
1984-12-11T11:30:00 1984 12 11 11 30 0 -0.3 0.24 435.4 8.19 3.16 0.0 0.0 0.0 0 0 1 0 0 0 1 0 2.3 1.93 -4.0 -0.83 -0.59 -1.32 -1.29 -0.61 -0.4 0.293 0.341 0.268 0.275 0.363 0.749 0 0 0 0 0 0
1984-12-11T12:30:00 1984 12 11 12 30 0 -0.3 0.24 441.6 8.4 3.16 0.0 0.0 0.0 0 0 1 1 0 0 1 1 3.7 2.12 -11.0 -0.83 -0.59 -1.32 -1.29 -0.61 -0.4 0.298 0.342 0.27 0.28 0.373 0.781 0 0 0 0 0 0
1984-12-11T13:30:00 1984 12 11 13 30 0 -0.3 0.24 447.8 8.76 3.18 0.0 0.0 0.0 0 0 1 1 1 0 1 1 3.7 2.3 -5.0 -0.83 -0.58 -1.32 -1.29 -0.61 -0.4 0.305 0.345 0.272 0.287 0.386 0.835 0 0 0 0 0 0
1984-12-11T14:30:00 1984 12 11 14 30 0 0.22 0.24 454.1 9.13 3.73 0.0 0.0 0.0 1 0 1 1 1 1 1 1 3.7 2.6 -6.0 -0.83 -0.58 -1.32 -1.29 -0.61 -0.4 0.312 0.349 0.275 0.296 0.401 0.903 0 0 0 0 0 0
1984-12-11T15:30:00 1984 12 11 15 30 0 1.63 0.24 460.3 9.5 4.27 0.08 0.0 0.0 1 0 1 1 1 1 1 1 3.3 2.85 -6.0 -0.83 -0.58 -1.32 -1.29 -0.61 -0.4 0.319 0.355 0.278 0.306 0.417 0.981 0 0 0 0 0 0
1984-12-11T16:30:00 1984 12 11 16 30 0 3.03 -0.22 466.5 9.8 4.82 0.58 0.14 0.14 1 1 1 1 1 1 1 1 3.3 3.09 -8.0 -1.15 -0.93 -1.57 -1.54 -0.95 -0.78 0.351 0.409 0.284 0.34 0.51 1.261 0 1 0 0 1 1
1984-12-11T17:30:00 1984 12 11 17 30 0 3.8 -2.57 472.8 9.8 4.99 2.32 3.51 3.44 1 1 1 1 1 1 1 1 3.3 3.21 -6.0 -2.77 -2.72 -2.86 -2.85 -2.73 -2.69 0.501 0.648 0.302 0.524 0.909 2.159 1 1 0 1 1 1
1984-12-11T18:30:00 1984 12 11 18 30 0 3.8 -3.2 479.0 9.8 4.99 4.4 6.93 6.79 2 2 2 2 2 2 2 2 4.0 3.42 -8.0 -3.2 -3.2 -3.2 -3.2 -3.2 -3.2 0.693 0.889 0.332 0.754 1.245 2.963 1 2 0 2 2 2
1984-12-11T19:30:00 1984 12 11 19 30 0 1.85 -5.4 536.0 9.4 5.57 6.89 11.25 10.76 1 1 1 1 1 1 1 1 4.0 3.63 -11.0 -5.4 -5.4 -5.4 -5.4 -5.4 -5.4 1.006 1.2 0.402 1.292 1.868 4.308 1 1 1 1 1 1
1984-12-11T20:30:00 1984 12 11 20 30 0 -0.1 -7.6 593.0 9.0 6.15 13.53 18.74 17.18 2 2 2 2 2 2 2 2 4.0 3.67 -10.0 -7.6 -7.6 -7.6 -7.6 -7.6 -7.6 1.485 1.577 0.557 2.318 2.813 6.367 2 2 1 2 2 2
1984-12-11T21:30:00 1984 12 11 21 30 0 5.8 0.0 629.0 8.0 6.33 7.57 10.55 9.11 2 2 2 2 2 2 2 2 5.3 3.88 -36.0 0.0 0.0 0.0 0.0 0.0 0.0 1.343 1.197 0.607 1.818 1.792 4.817 2 2 1 2 2 2
1984-12-11T22:30:00 1984 12 11 22 30 0 4.2 -3.6 663.0 8.7 7.65 5.93 6.36 5.4 2 2 2 2 2 2 2 2 5.3 4.09 -30.0 -3.6 -3.6 -3.6 -3.6 -3.6 -3.6 1.25 1.071 0.643 1.507 1.876 5.25 2 2 1 2 2 2
1984-12-11T23:30:00 1984 12 11 23 30 0 4.5 -2.4 640.0 9.1 7.45 6.9 9.61 8.55 2 2 2 2 2 2 2 2 5.3 4.34 -32.0 -2.4 -2.4 -2.4 -2.4 -2.4 -2.4 1.252 1.073 0.693 1.42 1.986 5.822 2 2 1 2 2 2
