1984-07-12T00:30:00 1984 7 12 0 30 0 3.7 -4.1 406.0 10.3 3.05 5.34 7.97 7.93 2 2 2 2 2 2 2 2 4.3 3.6 5.0 -4.1 -4.1 -4.1 -4.1 -4.1 -4.1 1.012 1.205 0.48 0.983 1.209 2.43 2 2 2 2 2 2
1984-07-12T01:30:00 1984 7 12 1 30 0 -2.0 -6.1 408.0 6.9 2.09 6.49 10.55 8.81 2 2 2 2 2 2 2 2 4.3 3.73 -4.0 -6.1 -6.1 -6.1 -6.1 -6.1 -6.1 1.157 1.336 0.518 1.27 1.398 2.473 2 2 2 2 2 2
1984-07-12T02:30:00 1984 7 12 2 30 0 -0.6 -2.8 409.0 11.3 3.54 4.67 8.81 7.93 2 2 2 2 2 2 2 2 4.3 3.97 -14.0 -2.8 -2.8 -2.8 -2.8 -2.8 -2.8 1.167 1.302 0.541 1.22 1.296 2.626 2 2 2 2 2 2
1984-07-12T03:30:00 1984 7 12 3 30 0 1.0 2.3 419.0 19.5 6.13 0.28 1.35 1.76 2 2 2 2 2 2 2 2 3.7 4.13 -13.0 2.3 2.3 2.3 2.3 2.3 2.3 0.842 0.751 0.528 0.722 0.526 1.503 2 2 2 2 2 2
1984-07-12T04:30:00 1984 7 12 4 30 0 0.7 3.0 413.0 19.7 5.99 0.01 0.0 0.0 2 2 2 2 2 2 2 2 3.7 4.29 -6.0 3.0 3.0 3.0 3.0 3.0 3.0 0.57 0.373 0.512 0.405 0.166 0.623 2 2 2 2 2 2
1984-07-12T05:30:00 1984 7 12 5 30 0 4.0 -2.2 407.0 14.6 4.46 0.9 1.14 1.73 2 2 2 2 2 2 2 2 3.7 4.16 -3.0 -2.2 -2.2 -2.2 -2.2 -2.2 -2.2 0.499 0.437 0.503 0.34 0.414 1.307 2 2 2 2 2 2
1984-07-12T06:30:00 1984 7 12 6 30 0 1.9 0.6 410.0 11.2 3.45 1.17 1.58 2.15 2 2 2 2 2 2 2 2 3.3 3.99 -8.0 0.6 0.6 0.6 0.6 0.6 0.6 0.409 0.366 0.492 0.243 0.301 1.105 2 2 2 2 2 2
1984-07-12T07:30:00 1984 7 12 7 30 0 -6.9 -0.6 404.0 9.0 2.7 1.27 0.35 0.33 2 2 2 2 2 2 2 2 3.3 3.81 -5.0 -0.6 -0.6 -0.6 -0.6 -0.6 -0.6 0.308 0.27 0.478 0.155 0.22 0.743 2 2 2 2 2 2
1984-07-12T08:30:00 1984 7 12 8 30 0 -6.6 1.3 408.0 8.0 2.54 3.2 0.14 0.13 2 2 2 2 2 2 2 2 3.3 3.69 -4.0 1.3 1.3 1.3 1.3 1.3 1.3 0.213 0.146 0.464 0.088 0.081 0.347 2 2 2 2 2 2
1984-07-12T09:30:00 1984 7 12 9 30 0 -3.8 1.6 408.0 8.6 2.71 1.42 0.0 0.0 2 2 2 2 2 2 2 2 2.0 3.4 -6.0 1.6 1.6 1.6 1.6 1.6 1.6 0.144 0.072 0.449 0.049 0.026 0.144 2 2 2 2 2 2
1984-07-12T10:30:00 1984 7 12 10 30 0 1.8 1.5 392.0 8.8 2.6 0.11 0.0 0.0 2 2 2 2 2 2 2 2 2.0 3.11 -6.0 1.5 1.5 1.5 1.5 1.5 1.5 0.098 0.036 0.436 0.027 0.008 0.06 2 2 2 2 2 2
1984-07-12T11:30:00 1984 7 12 11 30 0 -7.5 3.6 408.0 5.0 1.57 0.64 0.0 0.0 2 2 2 2 2 2 2 2 2.0 2.89 -5.0 3.6 3.6 3.6 3.6 3.6 3.6 0.066 0.018 0.422 0.015 0.003 0.025 2 2 2 2 2 2
1984-07-12T12:30:00 1984 7 12 12 30 0 -6.4 5.0 405.0 5.6 1.8 1.6 0.0 0.0 2 2 2 2 2 2 2 2 2.0 2.68 -2.0 5.0 5.0 5.0 5.0 5.0 5.0 0.045 0.009 0.41 0.009 0.001 0.01 2 2 2 2 2 2
1984-07-12T13:30:00 1984 7 12 13 30 0 -6.45 4.08 406.0 5.57 1.79 1.29 0.0 0.0 1 1 1 1 1 1 1 1 2.0 2.47 -4.0 3.89 3.94 3.79 3.8 3.94 3.98 0.03 0.004 0.397 0.005 0.0 0.004 2 2 2 2 2 2
1984-07-12T14:30:00 1984 7 12 14 30 0 -6.55 1.22 407.0 5.55 1.77 1.93 0.0 0.0 1 1 1 1 1 1 1 1 2.0 2.31 -7.0 0.45 0.66 0.05 0.07 0.64 0.82 0.02 0.002 0.385 0.003 0.0 0.002 2 2 2 2 2 2
1984-07-12T15:30:00 1984 7 12 15 30 0 -6.65 3.28 408.0 5.53 1.76 2.06 0.0 0.0 1 1 1 1 1 1 1 1 1.0 2.02 -7.0 3.09 3.14 2.99 3.0 3.14 3.18 0.014 0.001 0.373 0.002 0.0 0.001 2 2 2 2 2 2
1984-07-12T16:30:00 1984 7 12 16 30 0 -6.7 4.0 409.0 5.5 1.75 1.64 0.0 0.0 2 2 2 2 2 2 2 2 1.0 1.74 -4.0 4.0 4.0 4.0 4.0 4.0 4.0 0.009 0.001 0.362 0.001 0.0 0.0 2 2 2 2 2 2
1984-07-12T17:30:00 1984 7 12 17 30 0 -6.24 3.27 398.8 5.9 1.79 1.51 0.0 0.0 1 1 1 1 1 1 1 1 1.0 1.61 -6.0 3.08 3.13 2.98 2.98 3.12 3.17 0.006 0.0 0.351 0.0 0.0 0.0 2 2 2 2 2 2
1984-07-12T18:30:00 1984 7 12 18 30 0 -5.25 0.21 388.5 6.3 1.84 1.68 0.0 0.0 1 1 1 1 1 1 1 1 1.7 1.58 -6.0 -0.55 -0.35 -0.96 -0.93 -0.37 -0.19 0.021 0.034 0.341 0.02 0.049 0.055 1 1 2 1 1 1
1984-07-12T19:30:00 1984 7 12 19 30 0 -4.26 -2.12 378.2 6.7 1.88 2.41 2.01 1.32 1 1 1 1 1 1 1 1 1.7 1.54 -2.0 -2.31 -2.26 -2.41 -2.4 -2.26 -2.22 0.165 0.314 0.341 0.172 0.392 0.527 1 1 2 1 1 1
1984-07-12T20:30:00 1984 7 12 20 30 0 -3.8 -2.6 368.0 7.1 1.92 2.98 4.43 3.07 2 2 2 2 2 2 2 2 1.7 1.51 -5.0 -2.6 -2.6 -2.6 -2.6 -2.6 -2.6 0.325 0.561 0.346 0.323 0.608 0.874 2 2 2 2 2 2
1984-07-12T21:30:00 1984 7 12 21 30 0 -4.2 -0.1 378.0 7.1 2.03 2.01 2.32 1.64 2 2 2 2 2 2 2 2 2.0 1.52 -8.0 -0.1 -0.1 -0.1 -0.1 -0.1 -0.1 0.31 0.469 0.34 0.25 0.4 0.713 2 2 2 2 2 2
1984-07-12T22:30:00 1984 7 12 22 30 0 -3.3 0.7 396.0 10.9 4.46 0.96 0.01 0.0 2 2 2 2 2 2 2 2 2.0 1.52 1.0 0.7 0.7 0.7 0.7 0.7 0.7 0.21 0.233 0.33 0.14 0.127 0.296 2 2 2 2 2 2
1984-07-12T23:30:00 1984 7 12 23 30 0 -4.0 4.3 398.0 11.7 4.2 0.45 0.0 0.0 2 2 2 2 2 2 2 2 2.0 1.65 9.0 4.3 4.3 4.3 4.3 4.3 4.3 0.142 0.116 0.32 0.078 0.04 0.123 2 2 2 2 2 2
