1984-08-31T00:30:00 1984 8 31 0 30 0 0.27 0.44 465.7 6.53 2.98 0.16 0.0 0.0 1 0 1 1 1 1 1 1 3.7 2.72 -21.0 -0.81 -0.57 -1.29 -1.26 -0.59 -0.39 0.298 0.297 0.471 0.246 0.36 0.65 1 0 1 0 0 0
1984-08-31T01:30:00 1984 8 31 1 30 0 -0.62 0.44 462.3 6.82 3.08 0.0 0.0 0.0 0 0 1 1 1 0 1 1 3.7 2.82 -22.0 -0.81 -0.57 -1.29 -1.26 -0.59 -0.39 0.296 0.302 0.467 0.257 0.365 0.669 0 0 1 0 0 0
1984-08-31T02:30:00 1984 8 31 2 30 0 -0.62 0.44 459.0 7.11 3.08 0.02 0.0 0.0 0 0 1 1 0 0 1 1 3.7 2.99 -22.0 -0.81 -0.57 -1.29 -1.26 -0.59 -0.39 0.295 0.307 0.462 0.265 0.368 0.692 0 0 1 0 0 0
1984-08-31T03:30:00 1984 8 31 3 30 0 -0.62 0.44 455.7 7.27 3.08 0.02 0.0 0.0 0 0 1 0 0 0 1 0 2.3 2.98 -22.0 -0.81 -0.57 -1.29 -1.26 -0.59 -0.39 0.295 0.312 0.458 0.269 0.369 0.71 0 0 1 0 0 0
1984-08-31T04:30:00 1984 8 31 4 30 0 -0.62 0.44 452.3 7.27 3.08 0.02 0.0 0.0 0 0 1 0 0 0 1 0 2.3 2.97 -16.0 -0.81 -0.57 -1.29 -1.26 -0.59 -0.39 0.295 0.314 0.454 0.271 0.367 0.713 0 0 1 0 0 0
1984-08-31T05:30:00 1984 8 31 5 30 0 -0.62 0.44 449.0 7.27 3.08 0.02 0.0 0.0 0 0 1 0 0 0 1 0 2.3 2.92 -12.0 -0.81 -0.57 -1.29 -1.26 -0.59 -0.39 0.294 0.315 0.45 0.271 0.364 0.707 0 0 1 0 0 0
1984-08-31T06:30:00 1984 8 31 6 30 0 -0.63 0.44 445.7 7.27 3.08 0.02 0.0 0.0 0 0 1 0 0 0 1 0 2.7 2.91 -17.0 -0.81 -0.57 -1.29 -1.26 -0.59 -0.39 0.293 0.316 0.446 0.27 0.36 0.698 0 0 1 0 0 0
1984-08-31T07:30:00 1984 8 31 7 30 0 -0.63 0.44 442.3 7.27 3.08 0.02 0.0 0.0 0 0 1 0 0 0 1 0 2.7 2.91 -19.0 -0.81 -0.57 -1.29 -1.26 -0.59 -0.39 0.292 0.316 0.442 0.268 0.355 0.687 0 0 1 0 0 0
1984-08-31T08:30:00 1984 8 31 8 30 0 -0.63 0.45 439.0 7.27 3.08 0.02 0.0 0.0 0 0 1 0 0 0 1 0 2.7 2.79 -15.0 -0.8 -0.57 -1.29 -1.26 -0.59 -0.39 0.29 0.315 0.438 0.266 0.351 0.675 0 0 1 0 0 0
1984-08-31T09:30:00 1984 8 31 9 30 0 -0.63 0.45 435.7 7.27 3.08 0.02 0.0 0.0 0 0 1 0 0 0 1 0 1.7 2.54 -11.0 -0.8 -0.57 -1.29 -1.26 -0.59 -0.39 0.288 0.315 0.433 0.264 0.347 0.663 0 0 1 0 0 0
1984-08-31T10:30:00 1984 8 31 10 30 0 -0.63 0.45 432.3 7.27 3.08 0.02 0.0 0.0 0 0 1 0 0 0 1 0 1.7 2.29 -10.0 -0.8 -0.57 -1.29 -1.26 -0.59 -0.39 0.286 0.315 0.429 0.261 0.343 0.651 0 0 1 0 0 0
1984-08-31T11:30:00 1984 8 31 11 30 0 -0.64 0.45 429.0 7.02 3.08 0.02 0.0 0.0 0 0 1 1 0 0 1 1 1.7 2.22 -9.0 -0.8 -0.57 -1.29 -1.26 -0.59 -0.39 0.283 0.313 0.425 0.258 0.336 0.628 0 0 1 0 0 0
1984-08-31T12:30:00 1984 8 31 12 30 0 -0.64 0.45 425.7 6.57 3.07 0.02 0.0 0.0 0 0 1 1 1 0 1 1 3.0 2.31 -9.0 -0.8 -0.57 -1.29 -1.26 -0.59 -0.39 0.279 0.307 0.42 0.252 0.326 0.587 0 0 1 0 0 0
1984-08-31T13:30:00 1984 8 31 13 30 0 -0.28 0.45 422.3 6.12 2.73 0.01 0.0 0.0 1 0 1 1 1 1 1 1 3.0 2.4 -8.0 -0.8 -0.57 -1.29 -1.26 -0.59 -0.39 0.273 0.3 0.415 0.245 0.314 0.537 0 0 1 0 0 0
1984-08-31T14:30:00 1984 8 31 14 30 0 0.7 0.45 419.0 5.67 2.39 0.0 0.0 0.0 1 0 1 1 1 1 1 1 3.0 2.44 -6.0 -0.8 -0.57 -1.29 -1.26 -0.59 -0.39 0.266 0.291 0.41 0.237 0.301 0.484 0 0 1 0 0 0
1984-08-31T15:30:00 1984 8 31 15 30 0 1.67 0.8 415.7 5.3 2.05 0.07 0.0 0.0 1 1 1 1 1 1 1 1 2.7 2.45 -6.0 -0.28 -0.08 -0.7 -0.67 -0.1 0.07 0.228 0.218 0.402 0.192 0.197 0.289 0 0 1 0 1 0
1984-08-31T16:30:00 1984 8 31 16 30 0 2.2 2.62 412.3 5.3 1.94 0.11 0.0 0.0 1 1 1 1 1 1 1 1 2.7 2.45 -9.0 2.39 2.43 2.3 2.31 2.43 2.46 0.155 0.108 0.39 0.108 0.062 0.12 0 0 1 0 1 0
1984-08-31T17:30:00 1984 8 31 17 30 0 2.2 3.1 409.0 5.3 1.94 0.1 0.0 0.0 2 2 2 2 2 2 2 2 2.7 2.57 -7.0 3.1 3.1 3.1 3.1 3.1 3.1 0.105 0.054 0.378 0.06 0.02 0.05 0 0 1 0 1 0
1984-08-31T18:30:00 1984 8 31 18 30 0 1.6 2.4 407.0 5.6 1.91 0.07 0.0 0.0 2 2 2 2 2 2 2 2 2.0 2.6 -3.0 2.4 2.4 2.4 2.4 2.4 2.4 0.071 0.027 0.366 0.034 0.006 0.021 0 0 1 0 1 0
1984-08-31T19:30:00 1984 8 31 19 30 0 1.6 2.04 407.0 5.6 1.91 0.05 0.0 0.0 1 1 1 1 1 1 1 1 2.0 2.63 -7.0 1.81 1.85 1.72 1.72 1.85 1.88 0.048 0.013 0.355 0.019 0.002 0.009 0 0 1 0 1 0
1984-08-31T20:30:00 1984 8 31 20 30 0 -0.01 0.71 407.0 5.6 2.02 0.01 0.0 0.0 1 1 1 1 1 1 1 1 2.0 2.5 -9.0 -0.38 -0.18 -0.8 -0.78 -0.2 -0.03 0.044 0.027 0.346 0.028 0.033 0.024 0 1 1 1 1 1
1984-08-31T21:30:00 1984 8 31 21 30 0 -1.69 0.16 407.0 5.91 2.37 0.07 0.0 0.0 1 1 1 1 1 1 1 1 2.3 2.42 -13.0 -0.93 -0.73 -1.35 -1.32 -0.75 -0.58 0.104 0.151 0.341 0.1 0.202 0.255 1 1 1 1 1 1
1984-08-31T22:30:00 1984 8 31 22 30 0 -3.3 -1.39 407.0 6.3 2.72 0.9 1.39 0.86 1 1 1 1 1 1 1 1 2.3 2.33 -13.0 -1.62 -1.58 -1.71 -1.7 -1.58 -1.54 0.201 0.327 0.34 0.187 0.411 0.589 1 1 1 1 1 1
1984-08-31T23:30:00 1984 8 31 23 30 0 -3.3 -1.8 407.0 6.68 3.07 1.92 3.28 2.14 2 2 1 1 1 2 2 1 2.3 2.28 -16.0 -1.8 -1.8 -1.8 -1.8 -1.8 -1.8 0.299 0.476 0.341 0.26 0.556 0.867 1 1 1 1 1 1
