1984-02-16T00:30:00 1984 2 16 0 30 0 -0.96 0.19 457.9 7.34 2.87 0.07 0.0 0.0 0 0 0 0 0 0 0 0 2.7 1.31 -14.0 -1.06 -0.76 -1.64 -1.6 -0.79 -0.53 0.377 0.387 0.555 0.378 0.457 0.874 0 0 0 0 0 0
1984-02-16T01:30:00 1984 2 16 1 30 0 -0.96 0.19 457.9 7.33 2.86 0.07 0.0 0.0 0 0 0 0 0 0 0 0 2.7 1.57 -11.0 -1.06 -0.76 -1.64 -1.6 -0.79 -0.53 0.377 0.387 0.552 0.378 0.457 0.873 0 0 0 0 0 0
1984-02-16T02:30:00 1984 2 16 2 30 0 -0.97 0.19 457.9 7.33 2.86 0.07 0.0 0.0 0 0 0 0 0 0 0 0 2.7 1.86 -13.0 -1.06 -0.76 -1.64 -1.6 -0.79 -0.53 0.377 0.386 0.549 0.378 0.457 0.872 0 0 0 0 0 0
1984-02-16T03:30:00 1984 2 16 3 30 0 -0.97 0.19 457.9 7.32 2.86 0.07 0.0 0.0 0 0 0 0 0 0 0 0 2.0 2.07 -16.0 -1.06 -0.76 -1.64 -1.6 -0.79 -0.53 0.377 0.386 0.546 0.378 0.457 0.871 0 0 0 0 0 0
1984-02-16T04:30:00 1984 2 16 4 30 0 -0.97 0.19 457.9 7.31 2.86 0.07 0.0 0.0 0 0 0 0 0 0 0 0 2.0 2.26 -18.0 -1.06 -0.76 -1.64 -1.6 -0.79 -0.53 0.377 0.386 0.544 0.378 0.457 0.87 0 0 0 0 0 0
1984-02-16T05:30:00 1984 2 16 5 30 0 -0.97 0.19 457.9 7.31 2.86 0.07 0.0 0.0 0 0 0 0 0 0 0 0 2.0 2.26 -20.0 -1.06 -0.76 -1.64 -1.6 -0.79 -0.53 0.376 0.386 0.541 0.378 0.457 0.869 0 0 0 0 0 0
1984-02-16T06:30:00 1984 2 16 6 30 0 -0.97 0.19 457.9 7.3 2.86 0.07 0.0 0.0 0 0 0 0 0 0 0 0 1.7 2.22 -20.0 -1.06 -0.76 -1.64 -1.6 -0.79 -0.53 0.376 0.386 0.538 0.378 0.456 0.868 0 0 0 0 0 0
1984-02-16T07:30:00 1984 2 16 7 30 0 -0.97 0.19 457.9 7.3 2.85 0.07 0.0 0.0 0 0 1 0 0 0 1 0 1.7 2.18 -19.0 -1.06 -0.76 -1.63 -1.6 -0.79 -0.53 0.376 0.386 0.536 0.377 0.456 0.868 0 0 0 0 0 0
1984-02-16T08:30:00 1984 2 16 8 30 0 -0.97 0.19 458.0 7.29 2.85 0.07 0.0 0.0 0 0 1 0 0 0 1 0 1.7 2.05 -18.0 -1.06 -0.75 -1.63 -1.6 -0.79 -0.53 0.376 0.384 0.533 0.377 0.456 0.867 0 0 0 0 0 0
1984-02-16T09:30:00 1984 2 16 9 30 0 -0.98 0.19 458.0 7.29 2.85 0.07 0.0 0.0 0 0 1 0 0 0 1 0 1.0 1.84 -19.0 -1.05 -0.75 -1.63 -1.6 -0.79 -0.53 0.375 0.383 0.531 0.377 0.456 0.867 0 0 0 0 0 0
1984-02-16T10:30:00 1984 2 16 10 30 0 -0.98 0.19 458.0 7.28 2.85 0.07 0.0 0.0 0 0 1 0 0 0 1 0 1.0 1.63 -19.0 -1.05 -0.75 -1.63 -1.6 -0.78 -0.53 0.375 0.383 0.528 0.377 0.454 0.866 0 0 0 0 0 0
1984-02-16T11:30:00 1984 2 16 11 30 0 -0.98 0.19 458.0 7.28 2.85 0.07 0.0 0.0 0 0 1 0 0 0 1 0 1.0 1.5 -18.0 -1.05 -0.75 -1.63 -1.6 -0.78 -0.53 0.374 0.382 0.526 0.377 0.453 0.865 0 0 0 0 0 0
1984-02-16T12:30:00 1984 2 16 12 30 0 -0.98 0.19 458.0 7.27 2.84 0.07 0.0 0.0 0 0 1 0 0 0 1 0 1.3 1.42 -19.0 -1.05 -0.75 -1.63 -1.6 -0.78 -0.53 0.373 0.382 0.524 0.377 0.452 0.864 0 0 0 0 0 0
1984-02-16T13:30:00 1984 2 16 13 30 0 -0.98 0.19 458.0 7.27 2.84 0.07 0.0 0.0 0 0 1 0 0 0 1 0 1.3 1.33 -18.0 -1.05 -0.75 -1.63 -1.6 -0.78 -0.53 0.373 0.382 0.522 0.377 0.452 0.864 0 0 0 0 0 0
1984-02-16T14:30:00 1984 2 16 14 30 0 -0.98 0.19 458.0 7.26 2.84 0.07 0.0 0.0 0 0 1 0 0 0 1 0 1.3 1.28 -16.0 -1.05 -0.75 -1.63 -1.6 -0.78 -0.53 0.373 0.382 0.519 0.377 0.452 0.863 0 0 0 0 0 0
1984-02-16T15:30:00 1984 2 16 15 30 0 -0.99 0.19 458.0 7.25 2.84 0.07 0.0 0.0 0 0 1 0 0 0 1 0 1.0 1.2 -14.0 -1.05 -0.75 -1.63 -1.6 -0.78 -0.53 0.373 0.381 0.517 0.377 0.451 0.861 0 0 0 0 0 0
1984-02-16T16:30:00 1984 2 16 16 30 0 -0.99 0.19 458.0 7.25 2.84 0.07 0.0 0.0 0 0 1 0 0 0 1 0 1.0 1.11 -14.0 -1.05 -0.75 -1.63 -1.6 -0.78 -0.53 0.372 0.381 0.515 0.377 0.451 0.861 0 0 0 0 0 0
1984-02-16T17:30:00 1984 2 16 17 30 0 -0.99 0.2 458.0 7.24 2.84 0.07 0.0 0.0 0 0 1 0 0 0 1 0 1.0 1.11 -14.0 -1.05 -0.75 -1.63 -1.6 -0.78 -0.53 0.372 0.381 0.513 0.376 0.451 0.86 0 0 0 0 0 0
1984-02-16T18:30:00 1984 2 16 18 30 0 -0.99 0.2 458.0 7.24 2.83 0.07 0.0 0.0 0 0 1 0 0 0 1 0 2.3 1.28 -13.0 -1.05 -0.75 -1.63 -1.6 -0.78 -0.53 0.372 0.381 0.512 0.376 0.451 0.859 0 0 0 0 0 0
1984-02-16T19:30:00 1984 2 16 19 30 0 -0.99 0.2 458.1 7.23 2.83 0.07 0.0 0.0 0 0 1 0 0 0 1 0 2.3 1.45 -12.0 -1.05 -0.75 -1.63 -1.6 -0.78 -0.53 0.372 0.381 0.51 0.376 0.451 0.858 0 0 0 0 0 0
1984-02-16T20:30:00 1984 2 16 20 30 0 -0.99 0.2 458.1 7.23 2.83 0.07 0.0 0.0 0 0 1 0 0 0 1 0 2.3 1.58 -10.0 -1.05 -0.75 -1.63 -1.6 -0.78 -0.53 0.372 0.381 0.508 0.376 0.451 0.858 0 0 0 0 0 0
1984-02-16T21:30:00 1984 2 16 21 30 0 -1.0 0.2 458.1 7.22 2.83 0.07 0.0 0.0 0 0 1 0 0 0 1 0 2.0 1.66 -6.0 -1.05 -0.75 -1.63 -1.6 -0.78 -0.53 0.372 0.381 0.506 0.376 0.451 0.857 0 0 0 0 0 0
1984-02-16T22:30:00 1984 2 16 22 30 0 -1.0 0.2 458.1 7.22 2.83 0.07 0.0 0.0 0 0 1 0 0 0 1 0 2.0 1.75 -5.0 -1.05 -0.75 -1.63 -1.59 -0.78 -0.53 0.372 0.38 0.504 0.375 0.451 0.856 0 0 0 0 0 0
1984-02-16T23:30:00 1984 2 16 23 30 0 -1.0 0.2 458.1 7.21 2.83 0.07 0.0 0.0 0 0 1 0 0 0 1 0 2.0 1.87 -5.0 -1.05 -0.75 -1.63 -1.59 -0.78 -0.52 0.372 0.38 0.503 0.374 0.45 0.852 0 0 0 0 0 0
