1984-07-16T00:30:00 1984 7 16 0 30 0 0.14 0.04 441.8 6.31 2.36 0.0 0.0 0.0 0 0 0 0 0 0 0 0 3.7 4.3 -28.0 -0.95 -0.68 -1.47 -1.44 -0.7 -0.47 0.314 0.332 0.357 0.296 0.374 0.618 0 0 0 0 0 0
1984-07-16T01:30:00 1984 7 16 1 30 0 0.14 0.04 441.9 6.31 2.36 0.0 0.0 0.0 0 0 0 0 0 0 0 0 3.7 4.29 -24.0 -0.95 -0.68 -1.47 -1.44 -0.7 -0.47 0.314 0.333 0.357 0.296 0.374 0.619 0 0 0 0 0 0
1984-07-16T02:30:00 1984 7 16 2 30 0 0.14 0.04 442.0 6.31 2.37 0.0 0.0 0.0 0 0 0 0 0 0 0 0 3.7 4.22 -30.0 -0.95 -0.68 -1.47 -1.44 -0.7 -0.47 0.314 0.333 0.356 0.296 0.374 0.619 0 0 0 0 0 0
1984-07-16T03:30:00 1984 7 16 3 30 0 0.13 0.04 442.0 6.31 2.37 0.0 0.0 0.0 0 0 0 0 0 0 0 0 3.7 4.14 -34.0 -0.95 -0.68 -1.47 -1.44 -0.7 -0.47 0.314 0.333 0.356 0.296 0.374 0.619 0 0 0 0 0 0
1984-07-16T04:30:00 1984 7 16 4 30 0 0.13 0.04 442.1 6.31 2.37 0.0 0.0 0.0 0 0 0 0 0 0 0 0 3.7 4.06 -36.0 -0.95 -0.68 -1.47 -1.44 -0.7 -0.47 0.314 0.333 0.355 0.296 0.374 0.62 0 0 0 0 0 0
1984-07-16T05:30:00 1984 7 16 5 30 0 0.13 0.04 442.2 6.31 2.37 0.0 0.0 0.0 0 0 0 0 0 0 0 0 3.7 3.94 -29.0 -0.94 -0.68 -1.47 -1.44 -0.7 -0.47 0.313 0.333 0.355 0.296 0.374 0.62 0 0 0 0 0 0
1984-07-16T06:30:00 1984 7 16 6 30 0 0.13 0.04 442.2 6.31 2.37 0.0 0.0 0.0 0 0 0 0 0 0 0 0 3.7 3.82 -24.0 -0.94 -0.67 -1.47 -1.43 -0.7 -0.47 0.313 0.332 0.355 0.296 0.374 0.62 0 0 0 0 0 0
1984-07-16T07:30:00 1984 7 16 7 30 0 0.13 0.04 442.3 6.31 2.37 0.0 0.0 0.0 0 0 0 0 0 0 0 0 3.7 3.7 -20.0 -0.94 -0.67 -1.47 -1.43 -0.7 -0.47 0.312 0.33 0.354 0.295 0.374 0.62 0 0 0 0 0 0
1984-07-16T08:30:00 1984 7 16 8 30 0 0.13 0.04 442.4 6.31 2.37 0.0 0.0 0.0 0 0 0 0 0 0 0 0 3.7 3.7 -20.0 -0.94 -0.67 -1.46 -1.43 -0.7 -0.47 0.312 0.33 0.354 0.295 0.374 0.62 0 0 0 0 0 0
1984-07-16T09:30:00 1984 7 16 9 30 0 0.13 0.04 442.4 6.31 2.37 0.0 0.0 0.0 0 0 0 0 0 0 0 0 4.3 3.78 -28.0 -0.94 -0.67 -1.46 -1.43 -0.7 -0.47 0.312 0.33 0.354 0.294 0.374 0.621 0 0 0 0 0 0
1984-07-16T10:30:00 1984 7 16 10 30 0 0.13 0.04 442.5 6.32 2.37 0.0 0.0 0.0 0 0 0 0 0 0 0 0 4.3 3.86 -36.0 -0.94 -0.67 -1.46 -1.43 -0.7 -0.47 0.312 0.33 0.353 0.294 0.374 0.621 0 0 0 0 0 0
1984-07-16T11:30:00 1984 7 16 11 30 0 0.13 0.04 442.6 6.32 2.37 0.0 0.0 0.0 0 0 0 0 0 0 0 0 4.3 3.93 -30.0 -0.94 -0.67 -1.46 -1.43 -0.7 -0.47 0.312 0.33 0.353 0.294 0.375 0.622 0 0 0 0 0 0
1984-07-16T12:30:00 1984 7 16 12 30 0 0.13 0.04 442.7 6.32 2.37 0.0 0.0 0.0 0 0 0 0 0 0 0 0 2.3 3.75 -22.0 -0.94 -0.67 -1.46 -1.43 -0.7 -0.47 0.312 0.33 0.353 0.294 0.375 0.623 0 0 0 0 0 0
1984-07-16T13:30:00 1984 7 16 13 30 0 0.13 0.04 442.7 6.32 2.38 0.0 0.0 0.0 0 0 0 0 0 0 0 0 2.3 3.56 -21.0 -0.94 -0.67 -1.46 -1.43 -0.7 -0.47 0.312 0.33 0.352 0.295 0.375 0.623 0 0 0 0 0 0
1984-07-16T14:30:00 1984 7 16 14 30 0 0.13 0.04 442.8 6.32 2.38 0.0 0.0 0.0 0 0 0 0 0 0 0 0 2.3 3.38 -30.0 -0.94 -0.67 -1.46 -1.43 -0.7 -0.47 0.312 0.33 0.352 0.295 0.375 0.623 0 0 0 0 0 0
1984-07-16T15:30:00 1984 7 16 15 30 0 0.13 0.04 442.9 6.32 2.38 0.0 0.0 0.0 0 0 0 0 0 0 0 0 3.0 3.29 -32.0 -0.94 -0.67 -1.46 -1.43 -0.7 -0.47 0.312 0.33 0.352 0.295 0.375 0.623 0 0 0 0 0 0
1984-07-16T16:30:00 1984 7 16 16 30 0 0.12 0.04 442.9 6.32 2.38 0.0 0.0 0.0 0 0 0 0 0 0 0 0 3.0 3.21 -28.0 -0.94 -0.67 -1.46 -1.43 -0.7 -0.47 0.312 0.33 0.351 0.295 0.375 0.624 0 0 0 0 0 0
1984-07-16T17:30:00 1984 7 16 17 30 0 0.12 0.04 443.0 6.32 2.38 0.0 0.0 0.0 0 0 0 0 0 0 0 0 3.0 3.05 -19.0 -0.94 -0.67 -1.46 -1.43 -0.7 -0.47 0.312 0.33 0.351 0.295 0.375 0.624 0 0 0 0 0 0
1984-07-16T18:30:00 1984 7 16 18 30 0 0.12 0.04 443.1 6.32 2.38 0.0 0.0 0.0 0 0 0 0 0 0 0 0 4.7 3.12 -18.0 -0.94 -0.67 -1.46 -1.42 -0.7 -0.47 0.312 0.33 0.351 0.294 0.375 0.624 0 0 0 0 0 0
1984-07-16T19:30:00 1984 7 16 19 30 0 0.12 0.04 443.1 6.32 2.38 0.0 0.0 0.0 0 0 0 0 0 0 0 0 4.7 3.19 -26.0 -0.94 -0.67 -1.46 -1.42 -0.7 -0.47 0.312 0.33 0.351 0.293 0.375 0.624 0 0 0 0 0 0
1984-07-16T20:30:00 1984 7 16 20 30 0 0.12 0.04 443.2 6.33 2.38 0.0 0.0 0.0 0 0 0 0 0 0 0 0 4.7 3.49 -33.0 -0.94 -0.67 -1.45 -1.42 -0.7 -0.47 0.312 0.33 0.35 0.293 0.376 0.625 0 0 0 0 0 0
1984-07-16T21:30:00 1984 7 16 21 30 0 0.12 0.04 443.3 6.33 2.38 0.0 0.0 0.0 0 0 0 0 0 0 0 0 4.7 3.79 -25.0 -0.94 -0.67 -1.45 -1.42 -0.7 -0.47 0.312 0.33 0.35 0.293 0.376 0.626 0 0 0 0 0 0
1984-07-16T22:30:00 1984 7 16 22 30 0 0.12 0.04 443.3 6.33 2.38 0.0 0.0 0.0 0 0 0 0 0 0 0 0 4.7 4.08 -23.0 -0.94 -0.67 -1.45 -1.42 -0.7 -0.47 0.312 0.33 0.35 0.293 0.376 0.626 0 0 0 0 0 0
1984-07-16T23:30:00 1984 7 16 23 30 0 0.12 0.04 443.4 6.33 2.38 0.0 0.0 0.0 0 0 0 0 0 0 0 0 4.7 4.29 -30.0 -0.93 -0.67 -1.45 -1.42 -0.7 -0.47 0.312 0.33 0.349 0.293 0.376 0.626 0 0 0 0 0 0
