1984-04-17T00:30:00 1984 4 17 0 30 0 3.29 0.49 457.6 9.1 3.58 0.8 0.0 0.0 1 1 0 0 0 1 1 0 0.7 1.15 -6.0 -0.6 -0.35 -1.08 -1.05 -0.38 -0.16 0.145 0.1 0.396 0.09 0.094 0.231 0 0 0 0 0 0
1984-04-17T01:30:00 1984 4 17 1 30 0 1.98 0.25 457.5 9.1 3.58 0.52 0.0 0.0 1 0 0 0 0 0 0 0 0.7 1.19 -8.0 -1.01 -0.72 -1.56 -1.53 -0.75 -0.5 0.209 0.232 0.396 0.2 0.325 0.668 0 0 0 0 0 0
1984-04-17T02:30:00 1984 4 17 2 30 0 0.67 0.25 457.5 9.11 3.58 0.13 0.0 0.0 1 0 0 0 0 0 0 0 0.7 1.14 -10.0 -1.01 -0.72 -1.56 -1.53 -0.75 -0.5 0.268 0.323 0.398 0.284 0.432 0.93 0 0 0 0 0 0
1984-04-17T03:30:00 1984 4 17 3 30 0 0.18 0.25 457.5 9.12 3.59 0.01 0.0 0.0 0 0 0 0 0 0 0 0 0.7 1.1 -9.0 -1.01 -0.72 -1.56 -1.53 -0.75 -0.5 0.309 0.368 0.4 0.331 0.466 1.04 0 0 0 0 0 0
1984-04-17T04:30:00 1984 4 17 4 30 0 0.18 0.25 457.4 9.12 3.59 0.0 0.0 0.0 0 0 0 0 0 0 0 0 0.7 1.06 -7.0 -1.01 -0.72 -1.56 -1.53 -0.75 -0.5 0.336 0.39 0.402 0.357 0.476 1.086 0 0 0 0 0 0
1984-04-17T05:30:00 1984 4 17 5 30 0 0.18 0.25 457.4 9.13 3.59 0.0 0.0 0.0 0 0 0 0 0 0 0 0 0.7 0.94 -3.0 -1.01 -0.72 -1.56 -1.53 -0.75 -0.5 0.354 0.401 0.404 0.372 0.48 1.105 0 0 0 0 0 0
1984-04-17T06:30:00 1984 4 17 6 30 0 0.17 0.25 457.4 9.14 3.59 0.0 0.0 0.0 0 0 0 0 0 0 0 0 0.3 0.77 0.0 -1.01 -0.72 -1.56 -1.53 -0.75 -0.5 0.367 0.407 0.406 0.38 0.481 1.114 0 0 0 0 0 0
1984-04-17T07:30:00 1984 4 17 7 30 0 0.17 0.25 457.3 9.14 3.59 0.0 0.0 0.0 0 0 0 0 0 0 0 0 0.3 0.6 1.0 -1.01 -0.72 -1.56 -1.53 -0.75 -0.5 0.375 0.41 0.408 0.385 0.482 1.118 0 0 0 0 0 0
1984-04-17T08:30:00 1984 4 17 8 30 0 0.17 0.25 457.3 9.15 3.6 0.0 0.0 0.0 0 0 0 0 0 0 0 0 0.3 0.54 -2.0 -1.01 -0.72 -1.56 -1.53 -0.75 -0.5 0.381 0.411 0.409 0.388 0.482 1.12 0 0 0 0 0 0
1984-04-17T09:30:00 1984 4 17 9 30 0 0.17 0.25 457.3 9.16 3.6 0.0 0.0 0.0 0 0 0 0 0 0 0 0 0.3 0.49 -3.0 -1.01 -0.72 -1.56 -1.53 -0.75 -0.5 0.385 0.412 0.411 0.389 0.482 1.122 0 0 0 0 0 0
1984-04-17T10:30:00 1984 4 17 10 30 0 0.17 0.25 457.2 9.16 3.6 0.0 0.0 0.0 0 0 0 0 0 0 0 0 0.3 0.44 -1.0 -1.01 -0.72 -1.56 -1.53 -0.75 -0.5 0.388 0.412 0.413 0.39 0.482 1.122 0 0 0 0 0 0
1984-04-17T11:30:00 1984 4 17 11 30 0 0.17 0.25 457.2 9.17 3.6 0.0 0.0 0.0 0 0 0 0 0 0 0 0 0.3 0.4 2.0 -1.01 -0.72 -1.56 -1.53 -0.75 -0.5 0.39 0.413 0.414 0.391 0.482 1.123 0 0 0 0 0 0
1984-04-17T12:30:00 1984 4 17 12 30 0 0.17 0.25 457.1 9.17 3.61 0.0 0.0 0.0 0 0 0 0 0 0 0 0 3.3 0.74 5.0 -1.01 -0.72 -1.56 -1.53 -0.75 -0.5 0.391 0.413 0.416 0.391 0.482 1.124 0 0 0 0 0 0
1984-04-17T13:30:00 1984 4 17 13 30 0 0.17 0.25 457.1 9.18 3.61 0.0 0.0 0.0 0 0 0 0 0 0 0 0 3.3 1.08 5.0 -1.01 -0.72 -1.56 -1.53 -0.75 -0.5 0.392 0.413 0.417 0.391 0.482 1.124 0 0 0 0 0 0
1984-04-17T14:30:00 1984 4 17 14 30 0 0.17 0.25 457.1 9.19 3.61 0.0 0.0 0.0 0 0 0 0 0 0 0 0 3.3 1.46 10.0 -1.01 -0.72 -1.56 -1.53 -0.75 -0.5 0.392 0.413 0.419 0.391 0.482 1.126 0 0 0 0 0 0
1984-04-17T15:30:00 1984 4 17 15 30 0 0.17 0.25 457.0 9.19 3.61 0.0 0.0 0.0 0 0 0 0 0 0 0 0 3.0 1.8 25.0 -1.01 -0.72 -1.56 -1.53 -0.75 -0.5 0.393 0.413 0.42 0.391 0.482 1.126 0 0 0 0 0 0
1984-04-17T16:30:00 1984 4 17 16 30 0 0.17 0.25 457.0 9.2 3.61 0.0 0.0 0.0 0 0 0 0 0 0 0 0 3.0 2.14 20.0 -1.01 -0.72 -1.56 -1.53 -0.75 -0.5 0.393 0.413 0.422 0.391 0.482 1.127 0 0 0 0 0 0
1984-04-17T17:30:00 1984 4 17 17 30 0 0.17 0.25 457.0 9.21 3.62 0.0 0.0 0.0 0 0 0 0 0 0 0 0 3.0 2.46 25.0 -1.01 -0.72 -1.56 -1.53 -0.75 -0.5 0.394 0.414 0.423 0.392 0.482 1.128 0 0 0 0 0 0
1984-04-17T18:30:00 1984 4 17 18 30 0 0.17 0.25 456.9 9.21 3.62 0.0 0.0 0.0 0 0 0 0 0 0 0 0 2.7 2.75 29.0 -1.01 -0.72 -1.56 -1.53 -0.75 -0.5 0.394 0.414 0.424 0.392 0.483 1.129 0 0 0 0 0 0
1984-04-17T19:30:00 1984 4 17 19 30 0 0.17 0.25 456.9 9.22 3.62 0.0 0.0 0.0 0 0 0 0 0 0 0 0 2.7 3.03 29.0 -1.01 -0.72 -1.56 -1.53 -0.75 -0.5 0.394 0.414 0.426 0.392 0.483 1.129 0 0 0 0 0 0
1984-04-17T20:30:00 1984 4 17 20 30 0 0.17 0.25 456.9 9.23 3.62 0.0 0.0 0.0 0 0 0 0 0 0 0 0 2.7 2.96 24.0 -1.01 -0.72 -1.56 -1.53 -0.75 -0.5 0.394 0.414 0.427 0.392 0.483 1.131 0 0 0 0 0 0
1984-04-17T21:30:00 1984 4 17 21 30 0 0.17 0.25 456.8 9.23 3.63 0.0 0.0 0.0 0 0 0 0 0 0 0 0 1.7 2.75 20.0 -1.01 -0.72 -1.56 -1.53 -0.75 -0.5 0.394 0.414 0.428 0.392 0.483 1.131 0 0 0 0 0 0
1984-04-17T22:30:00 1984 4 17 22 30 0 0.17 0.25 456.8 9.24 3.63 0.0 0.0 0.0 0 0 0 0 0 0 0 0 1.7 2.55 28.0 -1.01 -0.72 -1.56 -1.53 -0.75 -0.5 0.394 0.414 0.429 0.392 0.483 1.132 0 0 0 0 0 0
1984-04-17T23:30:00 1984 4 17 23 30 0 0.17 0.25 456.8 9.25 3.63 0.0 0.0 0.0 0 0 0 0 0 0 0 0 1.7 2.38 32.0 -1.01 -0.72 -1.56 -1.53 -0.75 -0.5 0.394 0.414 0.43 0.392 0.483 1.133 0 0 0 0 0 0
