1999-08-21T00:30:00 1999 8 21 0 30 0 1.9 1.0 571.0 1.4 0.8 0.13 0.59 0.07 2 2 2 2 2 2 2 2 1.7 3.3 -31.0 1.0 1.0 1.0 1.0 1.0 1.0 0.301 0.195 0.691 0.22 0.223 0.158 2 2 2 2 2 2
1999-08-21T01:30:00 1999 8 21 1 30 0 1.8 0.8 565.0 1.4 0.77 0.21 0.0 0.0 2 2 2 2 2 2 2 2 1.7 2.93 -28.0 0.8 0.8 0.8 0.8 0.8 0.8 0.204 0.097 0.67 0.123 0.071 0.066 2 2 2 2 2 2
1999-08-21T02:30:00 1999 8 21 2 30 0 1.5 0.5 563.0 1.2 0.67 0.19 0.0 0.0 2 2 2 2 2 2 2 2 1.7 2.76 -28.0 0.5 0.5 0.5 0.5 0.5 0.5 0.138 0.048 0.649 0.069 0.022 0.027 2 2 2 2 2 2
1999-08-21T03:30:00 1999 8 21 3 30 0 1.9 -0.8 560.0 1.2 0.65 0.45 0.79 0.09 2 2 2 2 2 2 2 2 1.3 2.54 -27.0 -0.8 -0.8 -0.8 -0.8 -0.8 -0.8 0.122 0.077 0.631 0.058 0.136 0.074 2 2 2 2 2 2
1999-08-21T04:30:00 1999 8 21 4 30 0 -1.5 0.3 528.0 1.2 0.58 0.17 0.71 0.09 2 2 2 2 2 2 2 2 1.3 2.32 -28.0 0.3 0.3 0.3 0.3 0.3 0.3 0.095 0.06 0.613 0.039 0.085 0.055 2 2 2 2 2 2
1999-08-21T05:30:00 1999 8 21 5 30 0 -0.6 0.4 518.0 1.1 0.52 0.08 0.0 0.0 2 2 2 2 2 2 2 2 1.3 2.02 -25.0 0.4 0.4 0.4 0.4 0.4 0.4 0.064 0.03 0.594 0.022 0.027 0.023 2 2 2 2 2 2
1999-08-21T06:30:00 1999 8 21 6 30 0 0.7 -0.8 521.0 0.9 0.44 0.08 0.78 0.07 2 2 2 2 2 2 2 2 1.3 1.73 -19.0 -0.8 -0.8 -0.8 -0.8 -0.8 -0.8 0.069 0.063 0.577 0.029 0.115 0.049 2 2 2 2 2 2
1999-08-21T07:30:00 1999 8 21 7 30 0 0.6 -1.2 517.0 0.8 0.43 0.41 2.64 0.22 2 2 2 2 2 2 2 2 1.3 1.44 -17.0 -1.2 -1.2 -1.2 -1.2 -1.2 -1.2 0.104 0.123 0.564 0.062 0.23 0.08 2 2 2 2 2 2
1999-08-21T08:30:00 1999 8 21 8 30 0 2.2 -0.3 515.0 1.0 0.53 0.53 1.84 0.16 2 2 2 2 2 2 2 2 1.3 1.4 -17.0 -0.3 -0.3 -0.3 -0.3 -0.3 -0.3 0.107 0.124 0.549 0.058 0.197 0.081 2 2 2 2 2 2
1999-08-21T09:30:00 1999 8 21 9 30 0 1.3 -1.1 508.0 0.9 0.46 0.63 1.87 0.18 2 2 2 2 2 2 2 2 2.0 1.44 -17.0 -1.1 -1.1 -1.1 -1.1 -1.1 -1.1 0.12 0.143 0.536 0.067 0.231 0.092 2 2 2 2 2 2
1999-08-21T10:30:00 1999 8 21 10 30 0 0.8 -1.5 503.0 0.9 0.46 0.72 3.33 0.3 2 2 2 2 2 2 2 2 2.0 1.48 -21.0 -1.5 -1.5 -1.5 -1.5 -1.5 -1.5 0.153 0.183 0.525 0.101 0.3 0.11 2 2 2 2 2 2
1999-08-21T11:30:00 1999 8 21 11 30 0 0.5 -0.8 496.0 0.8 0.39 0.47 2.8 0.24 2 2 2 2 2 2 2 2 2.0 1.57 -23.0 -0.8 -0.8 -0.8 -0.8 -0.8 -0.8 0.159 0.179 0.514 0.099 0.267 0.099 2 2 2 2 2 2
1999-08-21T12:30:00 1999 8 21 12 30 0 0.5 -0.9 492.0 0.9 0.39 0.27 2.11 0.18 2 2 2 2 2 2 2 2 2.0 1.66 -23.0 -0.9 -0.9 -0.9 -0.9 -0.9 -0.9 0.154 0.17 0.501 0.089 0.242 0.092 2 2 2 2 2 2
1999-08-21T13:30:00 1999 8 21 13 30 0 0.5 -2.2 484.0 1.2 0.51 0.83 3.91 0.42 2 2 2 2 2 2 2 2 2.0 1.75 -23.0 -2.2 -2.2 -2.2 -2.2 -2.2 -2.2 0.199 0.23 0.494 0.144 0.359 0.137 2 2 2 2 2 2
1999-08-21T14:30:00 1999 8 21 14 30 0 1.5 -0.9 490.0 0.9 0.41 0.89 3.64 0.39 2 2 2 2 2 2 2 2 2.0 1.83 -27.0 -0.9 -0.9 -0.9 -0.9 -0.9 -0.9 0.208 0.227 0.485 0.143 0.324 0.13 2 2 2 2 2 2
1999-08-21T15:30:00 1999 8 21 15 30 0 1.6 -0.9 491.0 0.8 0.37 0.62 2.21 0.19 2 2 2 2 2 2 2 2 1.0 1.79 -28.0 -0.9 -0.9 -0.9 -0.9 -0.9 -0.9 0.188 0.194 0.473 0.115 0.259 0.102 2 2 2 2 2 2
1999-08-21T16:30:00 1999 8 21 16 30 0 3.3 0.2 500.0 0.7 0.33 0.8 0.82 0.06 2 2 2 2 2 2 2 2 1.0 1.74 -23.0 0.2 0.2 0.2 0.2 0.2 0.2 0.141 0.121 0.46 0.071 0.124 0.057 2 2 2 2 2 2
1999-08-21T17:30:00 1999 8 21 17 30 0 3.4 1.0 499.0 0.8 0.37 0.88 0.0 0.0 2 2 2 2 2 2 2 2 1.0 1.61 -20.0 1.0 1.0 1.0 1.0 1.0 1.0 0.095 0.06 0.446 0.04 0.039 0.024 2 2 2 2 2 2
1999-08-21T18:30:00 1999 8 21 18 30 0 3.3 0.8 501.0 0.7 0.33 0.78 0.0 0.0 2 2 2 2 2 2 2 2 0.7 1.45 -20.0 0.8 0.8 0.8 0.8 0.8 0.8 0.065 0.03 0.432 0.022 0.012 0.01 2 2 2 2 2 2
1999-08-21T19:30:00 1999 8 21 19 30 0 2.1 -0.1 478.0 0.7 0.3 0.6 0.02 0.0 2 2 2 2 2 2 2 2 0.7 1.28 -20.0 -0.1 -0.1 -0.1 -0.1 -0.1 -0.1 0.046 0.02 0.419 0.013 0.015 0.008 2 2 2 2 2 2
1999-08-21T20:30:00 1999 8 21 20 30 0 2.5 0.4 476.0 0.7 0.3 0.48 0.01 0.0 2 2 2 2 2 2 2 2 0.7 1.12 -16.0 0.4 0.4 0.4 0.4 0.4 0.4 0.031 0.01 0.406 0.007 0.005 0.003 2 2 2 2 2 2
1999-08-21T21:30:00 1999 8 21 21 30 0 1.7 0.8 467.0 0.7 0.29 0.29 0.0 0.0 2 2 2 2 2 2 2 2 0.3 0.91 -14.0 0.8 0.8 0.8 0.8 0.8 0.8 0.021 0.005 0.394 0.004 0.002 0.001 2 2 2 2 2 2
1999-08-21T22:30:00 1999 8 21 22 30 0 1.4 0.4 457.0 0.7 0.28 0.14 0.0 0.0 2 2 2 2 2 2 2 2 0.3 0.7 -15.0 0.4 0.4 0.4 0.4 0.4 0.4 0.014 0.002 0.382 0.002 0.0 0.001 2 2 2 2 2 2
1999-08-21T23:30:00 1999 8 21 23 30 0 1.0 -0.2 452.0 0.7 0.28 0.13 0.09 0.01 2 2 2 2 2 2 2 2 0.3 0.62 -18.0 -0.2 -0.2 -0.2 -0.2 -0.2 -0.2 0.014 0.013 0.37 0.003 0.021 0.007 2 2 2 2 2 2
