1999-04-23T00:30:00 1999 4 23 0 30 0 1.6 2.8 437.0 8.3 3.22 0.06 0.0 0.0 2 2 2 2 2 2 2 2 0.7 1.25 1.0 2.8 2.8 2.8 2.8 2.8 2.8 0.0 0.0 0.2 0.0 0.0 0.0 2 2 2 2 2 2
1999-04-23T01:30:00 1999 4 23 1 30 0 2.0 2.0 443.0 7.7 2.83 0.08 0.0 0.0 2 2 2 2 2 2 2 2 0.7 1.18 0.0 2.0 2.0 2.0 2.0 2.0 2.0 0.0 0.0 0.193 0.0 0.0 0.0 2 2 2 2 2 2
1999-04-23T02:30:00 1999 4 23 2 30 0 1.5 2.0 455.0 7.1 2.63 0.08 0.0 0.0 2 2 2 2 2 2 2 2 0.7 1.05 1.0 2.0 2.0 2.0 2.0 2.0 2.0 0.0 0.0 0.188 0.0 0.0 0.0 2 2 2 2 2 2
1999-04-23T03:30:00 1999 4 23 3 30 0 0.5 1.9 459.0 6.5 2.45 0.02 0.0 0.0 2 2 2 2 2 2 2 2 1.0 0.97 2.0 1.9 1.9 1.9 1.9 1.9 1.9 0.0 0.0 0.182 0.0 0.0 0.0 2 2 2 2 2 2
1999-04-23T04:30:00 1999 4 23 4 30 0 0.2 1.4 458.0 6.1 2.3 0.0 0.0 0.0 2 2 2 2 2 2 2 2 1.0 0.89 0.0 1.4 1.4 1.4 1.4 1.4 1.4 0.0 0.0 0.176 0.0 0.0 0.0 2 2 2 2 2 2
1999-04-23T05:30:00 1999 4 23 5 30 0 -0.4 2.7 464.0 6.1 2.39 0.0 0.0 0.0 2 2 2 2 2 2 2 2 1.0 0.89 1.0 2.7 2.7 2.7 2.7 2.7 2.7 0.0 0.0 0.171 0.0 0.0 0.0 2 2 2 2 2 2
1999-04-23T06:30:00 1999 4 23 6 30 0 -2.7 1.3 478.0 5.6 2.26 0.12 0.0 0.0 2 2 2 2 2 2 2 2 1.3 0.93 1.0 1.3 1.3 1.3 1.3 1.3 1.3 0.0 0.0 0.166 0.0 0.0 0.0 2 2 2 2 2 2
1999-04-23T07:30:00 1999 4 23 7 30 0 -0.3 6.3 476.0 4.7 1.9 0.06 0.0 0.0 2 2 2 2 2 2 2 2 1.3 0.97 2.0 6.3 6.3 6.3 6.3 6.3 6.3 0.0 0.0 0.161 0.0 0.0 0.0 2 2 2 2 2 2
1999-04-23T08:30:00 1999 4 23 8 30 0 4.1 4.3 475.0 4.2 1.7 0.13 0.0 0.0 2 2 2 2 2 2 2 2 1.3 1.04 2.0 4.3 4.3 4.3 4.3 4.3 4.3 0.0 0.0 0.156 0.0 0.0 0.0 2 2 2 2 2 2
1999-04-23T09:30:00 1999 4 23 9 30 0 3.1 -0.1 477.0 3.9 1.59 0.65 0.02 0.01 2 2 2 2 2 2 2 2 1.7 1.17 2.0 -0.1 -0.1 -0.1 -0.1 -0.1 -0.1 0.004 0.012 0.151 0.001 0.023 0.035 2 2 2 2 2 2
1999-04-23T10:30:00 1999 4 23 10 30 0 2.9 0.0 476.0 3.0 1.25 0.9 0.11 0.04 2 2 2 2 2 2 2 2 1.7 1.3 -2.0 0.0 0.0 0.0 0.0 0.0 0.0 0.007 0.02 0.147 0.002 0.028 0.052 2 2 2 2 2 2
1999-04-23T11:30:00 1999 4 23 11 30 0 1.3 -1.7 478.0 3.1 1.28 0.88 2.2 0.67 2 2 2 2 2 2 2 2 1.7 1.38 -4.0 -1.7 -1.7 -1.7 -1.7 -1.7 -1.7 0.097 0.18 0.149 0.082 0.318 0.296 2 2 2 2 2 2
1999-04-23T12:30:00 1999 4 23 12 30 0 3.6 0.0 454.0 5.1 1.83 1.05 1.83 0.7 2 2 2 2 2 2 2 2 1.7 1.47 -4.0 0.0 0.0 0.0 0.0 0.0 0.0 0.121 0.192 0.148 0.085 0.254 0.322 2 2 2 2 2 2
1999-04-23T13:30:00 1999 4 23 13 30 0 0.8 0.8 452.0 6.2 2.23 0.39 0.0 0.0 2 2 2 2 2 2 2 2 1.7 1.56 -2.0 0.8 0.8 0.8 0.8 0.8 0.8 0.082 0.095 0.143 0.048 0.081 0.134 2 2 2 2 2 2
1999-04-23T14:30:00 1999 4 23 14 30 0 -0.9 1.1 449.0 6.7 2.41 0.01 0.0 0.0 2 2 2 2 2 2 2 2 1.7 1.6 0.0 1.1 1.1 1.1 1.1 1.1 1.1 0.055 0.047 0.139 0.027 0.026 0.055 2 2 2 2 2 2
1999-04-23T15:30:00 1999 4 23 15 30 0 0.4 1.7 449.0 6.4 2.26 0.0 0.0 0.0 2 2 2 2 2 2 2 2 1.7 1.65 2.0 1.7 1.7 1.7 1.7 1.7 1.7 0.038 0.023 0.135 0.015 0.008 0.023 2 2 2 2 2 2
1999-04-23T16:30:00 1999 4 23 16 30 0 0.3 0.9 446.0 6.1 2.12 0.0 0.0 0.0 2 2 2 2 2 2 2 2 1.7 1.7 2.0 0.9 0.9 0.9 0.9 0.9 0.9 0.025 0.012 0.13 0.008 0.003 0.01 2 2 2 2 2 2
1999-04-23T17:30:00 1999 4 23 17 30 0 0.7 -0.8 441.0 6.4 2.17 0.07 0.49 0.31 2 2 2 2 2 2 2 2 1.7 1.7 0.0 -0.8 -0.8 -0.8 -0.8 -0.8 -0.8 0.054 0.096 0.128 0.03 0.149 0.256 2 2 2 2 2 2
1999-04-23T18:30:00 1999 4 23 18 30 0 3.5 1.4 425.0 5.6 1.8 0.37 0.25 0.16 2 2 2 2 2 2 2 2 1.0 1.61 -2.0 1.4 1.4 1.4 1.4 1.4 1.4 0.043 0.064 0.124 0.019 0.066 0.149 2 2 2 2 2 2
1999-04-23T19:30:00 1999 4 23 19 30 0 3.7 2.0 422.0 6.2 2.01 0.58 0.0 0.0 2 2 2 2 2 2 2 2 1.0 1.52 1.0 2.0 2.0 2.0 2.0 2.0 2.0 0.029 0.032 0.121 0.011 0.021 0.062 2 2 2 2 2 2
1999-04-23T20:30:00 1999 4 23 20 30 0 3.1 1.6 412.0 6.7 2.12 0.48 0.0 0.0 2 2 2 2 2 2 2 2 1.0 1.43 3.0 1.6 1.6 1.6 1.6 1.6 1.6 0.02 0.016 0.117 0.006 0.007 0.026 2 2 2 2 2 2
1999-04-23T21:30:00 1999 4 23 21 30 0 -0.7 3.5 417.0 7.9 2.62 0.06 0.0 0.0 2 2 2 2 2 2 2 2 0.7 1.3 3.0 3.5 3.5 3.5 3.5 3.5 3.5 0.013 0.008 0.113 0.003 0.002 0.011 2 2 2 2 2 2
1999-04-23T22:30:00 1999 4 23 22 30 0 1.7 3.4 421.0 7.1 2.44 0.01 0.0 0.0 2 2 2 2 2 2 2 2 0.7 1.18 3.0 3.4 3.4 3.4 3.4 3.4 3.4 0.009 0.004 0.11 0.002 0.001 0.004 2 2 2 2 2 2
1999-04-23T23:30:00 1999 4 23 23 30 0 -2.8 2.1 435.0 7.7 2.76 0.06 0.0 0.0 2 2 2 2 2 2 2 2 0.7 1.05 5.0 2.1 2.1 2.1 2.1 2.1 2.1 0.006 0.002 0.107 0.001 0.0 0.002 2 2 2 2 2 2
