1999-08-25T00:30:00 1999 8 25 0 30 0 -2.1 3.7 515.0 3.3 1.66 0.09 0.0 0.0 2 2 2 2 2 2 2 2 2.3 3.25 -24.0 3.7 3.7 3.7 3.7 3.7 3.7 0.159 0.116 0.825 0.097 0.082 0.202 2 2 2 2 2 2
1999-08-25T01:30:00 1999 8 25 1 30 0 -1.2 4.3 521.0 3.2 1.62 0.04 0.0 0.0 2 2 2 2 2 2 2 2 2.3 3.04 -20.0 4.3 4.3 4.3 4.3 4.3 4.3 0.108 0.058 0.8 0.055 0.026 0.084 2 2 2 2 2 2
1999-08-25T02:30:00 1999 8 25 2 30 0 -5.6 0.4 546.0 3.6 1.97 0.98 0.0 0.0 2 2 2 2 2 2 2 2 2.3 2.91 -19.0 0.4 0.4 0.4 0.4 0.4 0.4 0.073 0.029 0.775 0.031 0.008 0.035 2 2 2 2 2 2
1999-08-25T03:30:00 1999 8 25 3 30 0 -1.0 3.2 535.0 2.8 1.47 0.77 0.0 0.0 2 2 2 2 2 2 2 2 1.7 2.71 -24.0 3.2 3.2 3.2 3.2 3.2 3.2 0.049 0.014 0.752 0.017 0.003 0.014 2 2 2 2 2 2
1999-08-25T04:30:00 1999 8 25 4 30 0 5.7 3.6 562.0 2.5 1.42 0.43 0.0 0.0 2 2 2 2 2 2 2 2 1.7 2.51 -24.0 3.6 3.6 3.6 3.6 3.6 3.6 0.033 0.007 0.729 0.01 0.001 0.006 2 2 2 2 2 2
1999-08-25T05:30:00 1999 8 25 5 30 0 0.8 5.3 549.0 2.0 1.08 0.38 0.0 0.0 2 2 2 2 2 2 2 2 1.7 2.31 -23.0 5.3 5.3 5.3 5.3 5.3 5.3 0.023 0.003 0.706 0.005 0.0 0.002 2 2 2 2 2 2
1999-08-25T06:30:00 1999 8 25 6 30 0 -3.1 5.0 542.0 2.2 1.13 0.05 0.0 0.0 2 2 2 2 2 2 2 2 1.3 2.06 -18.0 5.0 5.0 5.0 5.0 5.0 5.0 0.015 0.002 0.685 0.003 0.0 0.001 2 2 2 2 2 2
1999-08-25T07:30:00 1999 8 25 7 30 0 -4.6 4.8 561.0 2.2 1.2 0.44 0.0 0.0 2 2 2 2 2 2 2 2 1.3 1.81 -14.0 4.8 4.8 4.8 4.8 4.8 4.8 0.01 0.001 0.664 0.002 0.0 0.0 2 2 2 2 2 2
1999-08-25T08:30:00 1999 8 25 8 30 0 -0.6 3.3 552.0 2.4 1.27 0.2 0.0 0.0 2 2 2 2 2 2 2 2 1.3 1.69 -11.0 3.3 3.3 3.3 3.3 3.3 3.3 0.007 0.0 0.644 0.001 0.0 0.0 2 2 2 2 2 2
1999-08-25T09:30:00 1999 8 25 9 30 0 -4.5 5.2 576.0 2.4 1.38 0.23 0.0 0.0 2 2 2 2 2 2 2 2 0.7 1.49 -9.0 5.2 5.2 5.2 5.2 5.2 5.2 0.005 0.0 0.624 0.001 0.0 0.0 2 2 2 2 2 2
1999-08-25T10:30:00 1999 8 25 10 30 0 -5.3 4.8 581.0 2.3 1.35 0.84 0.0 0.0 2 2 2 2 2 2 2 2 0.7 1.29 -9.0 4.8 4.8 4.8 4.8 4.8 4.8 0.003 0.0 0.605 0.0 0.0 0.0 2 2 2 2 2 2
1999-08-25T11:30:00 1999 8 25 11 30 0 -6.3 4.2 582.0 2.2 1.29 1.45 0.0 0.0 2 2 2 2 2 2 2 2 0.7 1.16 -10.0 4.2 4.2 4.2 4.2 4.2 4.2 0.002 0.0 0.587 0.0 0.0 0.0 2 2 2 2 2 2
1999-08-25T12:30:00 1999 8 25 12 30 0 -6.5 3.7 573.0 2.2 1.25 2.0 0.0 0.0 2 2 2 2 2 2 2 2 1.3 1.12 -12.0 3.7 3.7 3.7 3.7 3.7 3.7 0.001 0.0 0.569 0.0 0.0 0.0 2 2 2 2 2 2
1999-08-25T13:30:00 1999 8 25 13 30 0 -5.8 2.2 548.0 2.4 1.25 2.11 0.0 0.0 2 2 2 2 2 2 2 2 1.3 1.07 -15.0 2.2 2.2 2.2 2.2 2.2 2.2 0.001 0.0 0.551 0.0 0.0 0.0 2 2 2 2 2 2
1999-08-25T14:30:00 1999 8 25 14 30 0 -5.2 2.9 521.0 2.2 1.04 1.64 0.0 0.0 2 2 2 2 2 2 2 2 1.3 1.08 -16.0 2.9 2.9 2.9 2.9 2.9 2.9 0.001 0.0 0.534 0.0 0.0 0.0 2 2 2 2 2 2
1999-08-25T15:30:00 1999 8 25 15 30 0 -4.6 3.1 522.0 2.3 1.08 1.09 0.0 0.0 2 2 2 2 2 2 2 2 1.7 1.13 -15.0 3.1 3.1 3.1 3.1 3.1 3.1 0.0 0.0 0.518 0.0 0.0 0.0 2 2 2 2 2 2
1999-08-25T16:30:00 1999 8 25 16 30 0 -5.8 2.3 525.0 2.3 1.09 1.44 0.0 0.0 2 2 2 2 2 2 2 2 1.7 1.19 -10.0 2.3 2.3 2.3 2.3 2.3 2.3 0.0 0.0 0.502 0.0 0.0 0.0 2 2 2 2 2 2
1999-08-25T17:30:00 1999 8 25 17 30 0 -5.6 1.5 505.0 2.1 0.93 2.03 0.0 0.0 2 2 2 2 2 2 2 2 1.7 1.31 -10.0 1.5 1.5 1.5 1.5 1.5 1.5 0.0 0.0 0.487 0.0 0.0 0.0 2 2 2 2 2 2
1999-08-25T18:30:00 1999 8 25 18 30 0 -5.3 1.4 517.0 2.4 1.1 2.01 0.0 0.0 2 2 2 2 2 2 2 2 2.3 1.51 -12.0 1.4 1.4 1.4 1.4 1.4 1.4 0.0 0.0 0.472 0.0 0.0 0.0 2 2 2 2 2 2
1999-08-25T19:30:00 1999 8 25 19 30 0 -3.8 0.8 516.0 2.5 1.13 1.47 0.0 0.0 2 2 2 2 2 2 2 2 2.3 1.71 -12.0 0.8 0.8 0.8 0.8 0.8 0.8 0.0 0.0 0.458 0.0 0.0 0.0 2 2 2 2 2 2
1999-08-25T20:30:00 1999 8 25 20 30 0 -6.4 0.3 520.0 2.8 1.29 2.43 0.0 0.0 2 2 2 2 2 2 2 2 2.3 1.84 -7.0 0.3 0.3 0.3 0.3 0.3 0.3 0.0 0.0 0.444 0.0 0.0 0.0 2 2 2 2 2 2
1999-08-25T21:30:00 1999 8 25 21 30 0 -5.7 -2.9 501.0 2.6 1.11 5.22 3.63 0.97 2 2 2 2 2 2 2 2 4.0 2.18 -8.0 -2.9 -2.9 -2.9 -2.9 -2.9 -2.9 0.138 0.22 0.443 0.154 0.441 0.332 2 2 2 2 2 2
1999-08-25T22:30:00 1999 8 25 22 30 0 -6.3 -5.0 510.0 3.0 1.32 9.75 10.22 2.9 2 2 2 2 2 2 2 2 4.0 2.53 -14.0 -5.0 -5.0 -5.0 -5.0 -5.0 -5.0 0.401 0.522 0.473 0.546 0.961 0.736 2 2 2 2 2 2
1999-08-25T23:30:00 1999 8 25 23 30 0 -8.4 -0.4 515.0 3.2 1.43 9.09 6.42 1.98 2 2 2 2 2 2 2 2 4.0 2.82 -20.0 -0.4 -0.4 -0.4 -0.4 -0.4 -0.4 0.432 0.49 0.478 0.489 0.727 0.701 2 2 2 2 2 2
