1999-08-22T00:30:00 1999 8 22 0 30 0 2.5 0.0 458.0 0.7 0.28 0.36 0.21 0.01 2 2 2 2 2 2 2 2 0.0 0.49 -21.0 0.0 0.0 0.0 0.0 0.0 0.0 0.014 0.017 0.359 0.003 0.023 0.009 2 2 2 2 2 2
1999-08-22T01:30:00 1999 8 22 1 30 0 2.4 0.0 457.0 0.7 0.28 0.57 0.0 0.0 2 2 2 2 2 2 2 2 0.0 0.37 -21.0 0.0 0.0 0.0 0.0 0.0 0.0 0.009 0.009 0.348 0.002 0.007 0.004 2 2 2 2 2 2
1999-08-22T02:30:00 1999 8 22 2 30 0 2.4 0.1 456.0 0.8 0.33 0.53 0.0 0.0 2 2 2 2 2 2 2 2 0.0 0.28 -20.0 0.1 0.1 0.1 0.1 0.1 0.1 0.006 0.004 0.337 0.001 0.002 0.002 2 2 2 2 2 2
1999-08-22T03:30:00 1999 8 22 3 30 0 2.3 0.3 454.0 0.7 0.28 0.46 0.0 0.0 2 2 2 2 2 2 2 2 0.7 0.29 -19.0 0.3 0.3 0.3 0.3 0.3 0.3 0.004 0.002 0.327 0.0 0.001 0.001 2 2 2 2 2 2
1999-08-22T04:30:00 1999 8 22 4 30 0 2.0 -1.1 462.0 1.2 0.48 0.63 1.1 0.12 2 2 2 2 2 2 2 2 0.7 0.29 -17.0 -1.1 -1.1 -1.1 -1.1 -1.1 -1.1 0.038 0.07 0.319 0.025 0.128 0.048 2 2 2 2 2 2
1999-08-22T05:30:00 1999 8 22 5 30 0 2.2 -2.4 467.0 2.1 0.8 1.6 4.19 0.73 2 2 2 2 2 2 2 2 0.7 0.34 -15.0 -2.4 -2.4 -2.4 -2.4 -2.4 -2.4 0.147 0.23 0.32 0.14 0.39 0.201 2 2 2 2 2 2
1999-08-22T06:30:00 1999 8 22 6 30 0 2.7 -2.1 453.0 1.6 0.57 2.25 5.14 0.94 2 2 2 2 2 2 2 2 2.0 0.57 -19.0 -2.1 -2.1 -2.1 -2.1 -2.1 -2.1 0.232 0.32 0.322 0.216 0.472 0.255 2 2 2 2 2 2
1999-08-22T07:30:00 1999 8 22 7 30 0 3.0 -2.7 450.0 2.2 0.78 2.72 5.47 1.06 2 2 2 2 2 2 2 2 2.0 0.79 -18.0 -2.7 -2.7 -2.7 -2.7 -2.7 -2.7 0.309 0.397 0.326 0.29 0.551 0.319 2 2 2 2 2 2
1999-08-22T08:30:00 1999 8 22 8 30 0 2.8 -2.0 432.0 2.4 0.8 2.55 5.11 1.18 2 2 2 2 2 2 2 2 2.0 1.04 -18.0 -2.0 -2.0 -2.0 -2.0 -2.0 -2.0 0.354 0.431 0.328 0.312 0.543 0.356 2 2 2 2 2 2
1999-08-22T09:30:00 1999 8 22 9 30 0 2.6 -1.4 411.0 2.4 0.73 1.64 3.53 0.85 2 2 2 2 2 2 2 2 1.0 1.15 -19.0 -1.4 -1.4 -1.4 -1.4 -1.4 -1.4 0.345 0.402 0.326 0.268 0.446 0.321 2 2 2 2 2 2
1999-08-22T10:30:00 1999 8 22 10 30 0 2.9 -2.0 414.0 2.0 0.61 1.7 3.56 0.77 2 2 2 2 2 2 2 2 1.0 1.27 -18.0 -2.0 -2.0 -2.0 -2.0 -2.0 -2.0 0.342 0.392 0.323 0.251 0.424 0.287 2 2 2 2 2 2
1999-08-22T11:30:00 1999 8 22 11 30 0 2.7 -2.8 412.0 1.1 0.34 2.45 5.02 0.75 2 2 2 2 2 2 2 2 1.0 1.3 -22.0 -2.8 -2.8 -2.8 -2.8 -2.8 -2.8 0.356 0.392 0.323 0.271 0.431 0.224 2 2 2 2 2 2
1999-08-22T12:30:00 1999 8 22 12 30 0 2.5 -3.5 415.0 1.5 0.48 3.31 6.58 0.87 2 2 2 2 2 2 2 2 2.0 1.46 -27.0 -3.5 -3.5 -3.5 -3.5 -3.5 -3.5 0.396 0.43 0.328 0.334 0.497 0.216 2 2 2 2 2 2
1999-08-22T13:30:00 1999 8 22 13 30 0 3.5 -4.1 422.0 1.9 0.63 4.7 8.01 1.38 2 2 2 2 2 2 2 2 2.0 1.62 -31.0 -4.1 -4.1 -4.1 -4.1 -4.1 -4.1 0.47 0.512 0.338 0.447 0.618 0.282 2 2 2 2 2 2
1999-08-22T14:30:00 1999 8 22 14 30 0 4.5 -3.9 425.0 1.9 0.65 5.88 8.45 1.61 2 2 2 2 2 2 2 2 2.0 1.63 -28.0 -3.9 -3.9 -3.9 -3.9 -3.9 -3.9 0.531 0.566 0.35 0.527 0.679 0.333 2 2 2 2 2 2
1999-08-22T15:30:00 1999 8 22 15 30 0 4.1 -3.7 422.0 2.2 0.76 5.75 8.03 1.65 2 2 2 2 2 2 2 2 3.3 1.8 -24.0 -3.7 -3.7 -3.7 -3.7 -3.7 -3.7 0.571 0.596 0.36 0.564 0.699 0.377 2 2 2 2 2 2
1999-08-22T16:30:00 1999 8 22 16 30 0 1.9 -6.4 424.0 3.1 1.0 7.48 10.92 2.98 2 2 2 2 2 2 2 2 3.3 1.98 -22.0 -6.4 -6.4 -6.4 -6.4 -6.4 -6.4 0.714 0.763 0.388 0.817 0.946 0.589 2 2 2 2 2 2
1999-08-22T17:30:00 1999 8 22 17 30 0 0.7 -7.0 425.0 2.2 0.71 10.49 14.28 3.72 2 2 2 2 2 2 2 2 3.3 2.26 -30.0 -7.0 -7.0 -7.0 -7.0 -7.0 -7.0 0.862 0.885 0.426 1.079 1.081 0.651 2 2 2 2 2 2
1999-08-22T18:30:00 1999 8 22 18 30 0 2.6 -6.0 395.0 2.2 0.62 9.6 13.21 2.91 2 2 2 2 2 2 2 2 3.7 2.6 -36.0 -6.0 -6.0 -6.0 -6.0 -6.0 -6.0 0.911 0.892 0.453 1.112 0.995 0.568 2 2 2 2 2 2
1999-08-22T19:30:00 1999 8 22 19 30 0 1.2 -6.8 403.0 2.4 0.7 9.33 12.85 2.97 2 2 2 2 2 2 2 2 3.7 2.93 -37.0 -6.8 -6.8 -6.8 -6.8 -6.8 -6.8 0.957 0.917 0.479 1.158 0.997 0.557 2 2 2 2 2 2
1999-08-22T20:30:00 1999 8 22 20 30 0 0.7 -7.1 393.0 2.5 0.69 10.36 13.84 3.4 2 2 2 2 2 2 2 2 3.7 3.14 -41.0 -7.1 -7.1 -7.1 -7.1 -7.1 -7.1 1.014 0.964 0.509 1.238 1.03 0.579 2 2 2 2 2 2
1999-08-22T21:30:00 1999 8 22 21 30 0 0.0 -7.2 388.0 2.2 0.6 10.61 13.96 3.26 2 2 2 2 2 2 2 2 4.3 3.43 -44.0 -7.2 -7.2 -7.2 -7.2 -7.2 -7.2 1.045 0.977 0.536 1.271 1.011 0.548 2 2 2 2 2 2
1999-08-22T22:30:00 1999 8 22 22 30 0 -0.4 -7.3 394.0 2.4 0.68 10.9 14.19 3.28 2 2 2 2 2 2 2 2 4.3 3.71 -45.0 -7.3 -7.3 -7.3 -7.3 -7.3 -7.3 1.074 0.992 0.564 1.309 1.027 0.55 2 2 2 2 2 2
1999-08-22T23:30:00 1999 8 22 23 30 0 -1.7 -7.6 415.0 2.8 0.86 12.05 15.13 3.96 2 2 2 2 2 2 2 2 4.3 3.84 -56.0 -7.6 -7.6 -7.6 -7.6 -7.6 -7.6 1.137 1.048 0.6 1.425 1.142 0.661 2 2 2 2 2 2
