1999-02-04T00:30:00 1999 2 4 0 30 0 -5.9 -2.8 273.0 4.5 0.69 3.31 3.39 2.33 2 2 2 2 2 2 2 2 1.0 1.84 -5.0 -2.8 -2.8 -2.8 -2.8 -2.8 -2.8 0.645 0.847 0.155 0.448 0.491 0.852 2 2 2 2 2 2
1999-02-04T01:30:00 1999 2 4 1 30 0 -5.3 -2.9 273.0 4.4 0.72 3.59 3.9 1.73 2 2 2 2 2 2 2 2 1.0 1.74 -1.0 -2.9 -2.9 -2.9 -2.9 -2.9 -2.9 0.594 0.763 0.158 0.401 0.426 0.542 2 2 2 2 2 2
1999-02-04T02:30:00 1999 2 4 2 30 0 -5.1 -5.0 331.0 8.5 1.86 5.21 6.2 4.25 2 2 2 2 2 2 2 2 1.0 1.65 1.0 -5.0 -5.0 -5.0 -5.0 -5.0 -5.0 0.702 0.957 0.173 0.6 0.702 0.874 2 2 2 2 2 2
1999-02-04T03:30:00 1999 2 4 3 30 0 -6.3 -4.3 350.0 6.9 1.69 7.2 7.88 6.02 2 2 2 2 2 2 2 2 2.0 1.69 -3.0 -4.3 -4.3 -4.3 -4.3 -4.3 -4.3 0.82 1.089 0.196 0.783 0.881 1.17 2 2 2 2 2 2
1999-02-04T04:30:00 1999 2 4 4 30 0 -6.8 -5.5 328.0 5.5 1.03 8.5 8.36 5.12 2 2 2 2 2 2 2 2 2.0 1.73 -6.0 -5.5 -5.5 -5.5 -5.5 -5.5 -5.5 0.897 1.139 0.217 0.898 0.908 1.095 2 2 2 2 2 2
1999-02-04T05:30:00 1999 2 4 5 30 0 -7.6 -4.3 317.0 6.1 1.08 8.63 7.81 4.54 2 2 2 2 2 2 2 2 2.0 1.7 -6.0 -4.3 -4.3 -4.3 -4.3 -4.3 -4.3 0.915 1.123 0.234 0.893 0.835 0.974 2 2 2 2 2 2
1999-02-04T06:30:00 1999 2 4 6 30 0 -7.9 -2.4 309.0 6.3 1.08 6.66 5.12 3.17 2 2 2 1 1 2 2 2 1.0 1.54 -5.0 -2.4 -2.4 -2.4 -2.4 -2.4 -2.4 0.83 0.98 0.239 0.72 0.655 0.813 2 2 2 2 1 1
1999-02-04T07:30:00 1999 2 4 7 30 0 -8.0 0.2 298.0 7.43 1.24 4.32 1.54 1.03 2 2 2 1 1 2 2 2 1.0 1.38 -2.0 0.2 0.2 0.2 0.2 0.2 0.2 0.622 0.627 0.234 0.444 0.319 0.493 2 1 2 2 1 1
1999-02-04T08:30:00 1999 2 4 8 30 0 -6.8 1.0 291.0 8.55 1.48 2.63 0.0 0.0 2 2 2 1 1 2 2 2 1.0 1.37 5.0 1.0 1.0 1.0 1.0 1.0 1.0 0.421 0.312 0.227 0.248 0.101 0.205 2 1 2 2 1 1
1999-02-04T09:30:00 1999 2 4 9 30 0 -6.7 -1.9 293.0 9.67 1.72 2.91 1.03 0.97 2 2 2 1 1 2 2 2 2.0 1.5 5.0 -1.9 -1.9 -1.9 -1.9 -1.9 -1.9 0.367 0.378 0.223 0.203 0.231 0.395 2 1 2 1 1 1
1999-02-04T10:30:00 1999 2 4 10 30 0 -4.4 -1.0 293.0 10.8 1.88 2.56 2.07 2.12 2 2 2 1 1 2 2 2 2.0 1.62 5.0 -1.0 -1.0 -1.0 -1.0 -1.0 -1.0 0.366 0.487 0.22 0.198 0.316 0.6 1 1 2 1 1 1
1999-02-04T11:30:00 1999 2 4 11 30 0 -5.9 5.6 305.0 11.0 1.88 0.89 0.06 0.06 2 2 2 2 2 2 2 2 2.0 1.63 3.0 5.6 5.6 5.6 5.6 5.6 5.6 0.248 0.242 0.214 0.111 0.1 0.249 1 1 2 1 1 1
1999-02-04T12:30:00 1999 2 4 12 30 0 -10.1 4.8 336.0 11.1 2.38 1.8 0.0 0.0 2 2 2 2 2 2 2 2 2.7 1.72 6.0 4.8 4.8 4.8 4.8 4.8 4.8 0.168 0.12 0.207 0.062 0.032 0.103 1 1 2 1 1 1
1999-02-04T13:30:00 1999 2 4 13 30 0 -9.8 -3.2 343.0 10.8 2.54 5.92 1.33 1.44 2 2 2 2 2 2 2 2 2.7 1.82 8.0 -3.2 -3.2 -3.2 -3.2 -3.2 -3.2 0.231 0.324 0.207 0.162 0.315 0.586 2 2 2 2 2 2
1999-02-04T14:30:00 1999 2 4 14 30 0 -0.1 -5.2 356.0 13.0 2.91 6.25 7.51 9.07 2 2 2 2 2 2 2 2 2.7 2.03 5.0 -5.2 -5.2 -5.2 -5.2 -5.2 -5.2 0.581 0.943 0.236 0.666 0.962 1.918 2 2 2 2 2 2
1999-02-04T15:30:00 1999 2 4 15 30 0 1.5 1.2 361.0 12.9 2.94 1.33 3.4 4.4 2 2 2 2 2 2 2 2 3.0 2.28 3.0 1.2 1.2 1.2 1.2 1.2 1.2 0.536 0.743 0.239 0.515 0.571 1.477 2 2 2 2 2 2
1999-02-04T16:30:00 1999 2 4 16 30 0 -6.0 -2.3 346.0 11.8 2.47 1.31 1.49 1.79 2 2 2 2 2 2 2 2 3.0 2.52 4.0 -2.3 -2.3 -2.3 -2.3 -2.3 -2.3 0.485 0.661 0.237 0.401 0.51 1.318 2 2 2 2 2 2
1999-02-04T17:30:00 1999 2 4 17 30 0 -8.6 -8.0 351.0 8.9 1.94 10.93 9.41 9.38 2 2 2 2 2 2 2 2 3.0 2.65 -2.0 -8.0 -8.0 -8.0 -8.0 -8.0 -8.0 0.823 1.178 0.276 0.984 1.11 1.949 2 2 2 2 2 2
1999-02-04T18:30:00 1999 2 4 18 30 0 -7.8 -8.7 358.0 8.0 1.84 18.68 14.87 12.49 2 2 2 2 2 2 2 2 3.0 2.77 -13.0 -8.7 -8.7 -8.7 -8.7 -8.7 -8.7 1.193 1.574 0.338 1.647 1.48 2.224 2 2 2 2 2 2
1999-02-04T19:30:00 1999 2 4 19 30 0 -6.3 -7.1 368.0 9.6 2.34 16.2 14.23 12.58 2 2 2 2 2 2 2 2 3.0 2.89 -22.0 -7.1 -7.1 -7.1 -7.1 -7.1 -7.1 1.421 1.745 0.396 1.947 1.598 2.526 2 2 2 2 2 2
1999-02-04T20:30:00 1999 2 4 20 30 0 -6.0 3.9 375.0 10.8 2.66 4.66 3.7 3.66 2 2 2 2 2 2 2 2 3.0 2.93 -33.0 3.9 3.9 3.9 3.9 3.9 3.9 1.086 1.078 0.395 1.228 0.717 1.472 2 2 2 2 2 2
1999-02-04T21:30:00 1999 2 4 21 30 0 -5.7 8.9 405.0 10.5 2.99 0.72 0.0 0.0 2 2 2 2 2 2 2 2 2.0 2.83 -25.0 8.9 8.9 8.9 8.9 8.9 8.9 0.735 0.535 0.383 0.688 0.227 0.611 2 2 2 2 2 2
1999-02-04T22:30:00 1999 2 4 22 30 0 -6.9 0.8 380.0 9.5 2.4 1.4 0.0 0.0 2 2 2 2 2 2 2 2 2.0 2.74 -21.0 0.8 0.8 0.8 0.8 0.8 0.8 0.498 0.266 0.371 0.385 0.072 0.253 2 2 2 2 2 2
1999-02-04T23:30:00 1999 2 4 23 30 0 -8.0 -0.8 380.0 9.5 2.4 4.06 0.44 0.42 2 2 2 2 2 2 2 2 2.0 2.61 -22.0 -0.8 -0.8 -0.8 -0.8 -0.8 -0.8 0.376 0.239 0.361 0.241 0.162 0.403 2 2 2 2 2 2
