1999-12-03T00:30:00 1999 12 3 0 30 0 -5.6 3.8 388.0 11.9 3.3 2.55 2.22 2.64 2 2 2 2 2 2 2 2 2.7 1.94 2.0 3.8 3.8 3.8 3.8 3.8 3.8 1.053 1.054 0.293 1.117 0.679 2.048 2 2 2 2 2 2
1999-12-03T01:30:00 1999 12 3 1 30 0 -1.0 -5.2 381.0 11.5 3.04 2.12 3.29 3.8 2 2 2 2 2 2 2 2 2.7 2.19 3.0 -5.2 -5.2 -5.2 -5.2 -5.2 -5.2 0.958 0.995 0.304 0.956 0.837 2.072 2 2 2 2 2 2
1999-12-03T02:30:00 1999 12 3 2 30 0 -2.4 -5.0 380.0 11.8 3.1 5.85 9.69 11.3 2 2 2 2 2 2 2 2 2.7 2.31 -1.0 -5.0 -5.0 -5.0 -5.0 -5.0 -5.0 1.14 1.325 0.343 1.246 1.277 2.836 2 2 2 2 2 2
1999-12-03T03:30:00 1999 12 3 3 30 0 -5.9 -1.9 402.0 15.3 4.69 4.77 6.48 8.71 2 2 2 2 2 2 2 2 2.7 2.43 3.0 -1.9 -1.9 -1.9 -1.9 -1.9 -1.9 1.108 1.276 0.361 1.093 1.166 3.18 2 2 2 2 2 2
1999-12-03T04:30:00 1999 12 3 4 30 0 -5.5 2.3 393.0 15.5 4.51 2.4 0.71 1.09 2 2 2 2 2 2 2 2 2.7 2.56 3.0 2.3 2.3 2.3 2.3 2.3 2.3 0.776 0.688 0.351 0.629 0.424 1.533 2 2 2 2 2 2
1999-12-03T05:30:00 1999 12 3 5 30 0 -8.3 4.1 395.0 15.5 4.7 1.93 0.0 0.0 2 2 2 2 2 2 2 2 2.7 2.6 6.0 4.1 4.1 4.1 4.1 4.1 4.1 0.525 0.342 0.34 0.352 0.134 0.636 2 2 2 2 2 2
1999-12-03T06:30:00 1999 12 3 6 30 0 -6.4 -0.5 386.0 14.0 4.1 2.86 0.1 0.14 2 2 2 2 2 2 2 2 2.0 2.56 4.0 -0.5 -0.5 -0.5 -0.5 -0.5 -0.5 0.376 0.231 0.331 0.209 0.125 0.519 2 2 2 2 2 2
1999-12-03T07:30:00 1999 12 3 7 30 0 -4.1 0.1 385.0 14.5 4.02 2.15 0.36 0.51 2 2 2 2 2 2 2 2 2.0 2.52 2.0 0.1 0.1 0.1 0.1 0.1 0.1 0.276 0.178 0.321 0.125 0.105 0.491 2 2 2 2 2 2
1999-12-03T08:30:00 1999 12 3 8 30 0 -7.8 5.6 389.0 14.7 4.23 1.42 0.0 0.0 2 2 2 2 2 2 2 2 2.0 2.43 2.0 5.6 5.6 5.6 5.6 5.6 5.6 0.187 0.088 0.311 0.07 0.033 0.204 2 2 2 2 2 2
1999-12-03T09:30:00 1999 12 3 9 30 0 -5.3 -2.6 407.0 23.9 7.27 2.74 1.06 2.47 2 2 2 2 2 2 2 2 4.0 2.6 10.0 -2.6 -2.6 -2.6 -2.6 -2.6 -2.6 0.261 0.35 0.311 0.19 0.444 1.886 2 2 2 2 2 2
1999-12-03T10:30:00 1999 12 3 10 30 0 3.8 -3.4 420.0 34.6 11.17 3.1 6.28 18.82 2 2 2 2 2 2 2 2 4.0 2.77 8.0 -3.4 -3.4 -3.4 -3.4 -3.4 -3.4 0.683 1.137 0.346 0.753 1.414 7.631 2 2 2 2 2 2
1999-12-03T11:30:00 1999 12 3 11 30 0 7.1 -3.3 398.0 12.3 3.48 6.17 6.83 15.48 2 2 2 2 2 2 2 2 4.0 2.94 -9.0 -3.3 -3.3 -3.3 -3.3 -3.3 -3.3 0.901 1.358 0.376 0.974 1.453 6.76 2 2 2 2 2 2
1999-12-03T12:30:00 1999 12 3 12 30 0 7.3 -3.7 400.0 10.4 3.03 8.15 7.02 7.9 2 2 2 2 2 2 2 2 3.0 2.98 -11.0 -3.7 -3.7 -3.7 -3.7 -3.7 -3.7 0.977 1.319 0.398 1.013 1.299 4.506 2 2 2 2 2 2
1999-12-03T13:30:00 1999 12 3 13 30 0 8.0 -4.3 403.0 10.9 3.13 9.72 8.08 8.63 2 2 2 2 2 2 2 2 3.0 3.02 -7.0 -4.3 -4.3 -4.3 -4.3 -4.3 -4.3 1.073 1.357 0.425 1.127 1.341 3.683 2 2 2 2 2 2
1999-12-03T14:30:00 1999 12 3 14 30 0 6.9 -6.0 398.0 10.3 2.93 11.75 10.45 11.03 2 2 2 2 2 2 2 2 3.0 3.13 -9.0 -6.0 -6.0 -6.0 -6.0 -6.0 -6.0 1.245 1.511 0.468 1.422 1.533 3.536 2 2 2 2 2 2
1999-12-03T15:30:00 1999 12 3 15 30 0 6.9 -5.2 422.0 7.9 2.52 12.14 11.43 10.31 2 2 2 2 2 2 2 2 3.7 3.34 -15.0 -5.2 -5.2 -5.2 -5.2 -5.2 -5.2 1.344 1.523 0.512 1.564 1.561 3.173 2 2 2 2 2 2
1999-12-03T16:30:00 1999 12 3 16 30 0 7.0 -2.3 434.0 5.4 2.03 8.71 7.76 5.2 2 2 2 2 2 2 2 2 3.7 3.54 -28.0 -2.3 -2.3 -2.3 -2.3 -2.3 -2.3 1.203 1.226 0.526 1.243 1.172 2.235 2 2 2 2 2 2
1999-12-03T17:30:00 1999 12 3 17 30 0 7.4 1.0 426.0 5.7 2.07 4.76 1.53 0.84 2 2 2 2 2 2 2 2 3.7 3.51 -25.0 1.0 1.0 1.0 1.0 1.0 1.0 0.86 0.693 0.514 0.73 0.476 1.092 2 2 2 2 2 2
1999-12-03T18:30:00 1999 12 3 18 30 0 6.5 1.2 475.0 3.9 1.76 3.22 0.0 0.0 2 2 2 2 2 2 2 2 3.0 3.39 -19.0 1.2 1.2 1.2 1.2 1.2 1.2 0.582 0.344 0.498 0.409 0.151 0.453 2 2 2 2 2 2
1999-12-03T19:30:00 1999 12 3 19 30 0 8.2 1.0 501.0 4.4 1.97 4.07 0.0 0.0 2 2 2 2 2 2 2 2 3.0 3.26 -13.0 1.0 1.0 1.0 1.0 1.0 1.0 0.394 0.171 0.483 0.229 0.048 0.188 2 2 2 2 2 2
1999-12-03T20:30:00 1999 12 3 20 30 0 9.2 -0.5 510.0 5.5 2.52 6.83 0.27 0.14 2 2 2 2 2 2 2 2 3.0 3.26 -20.0 -0.5 -0.5 -0.5 -0.5 -0.5 -0.5 0.289 0.14 0.469 0.141 0.128 0.28 2 2 2 2 2 2
1999-12-03T21:30:00 1999 12 3 21 30 0 10.1 2.1 501.0 5.8 2.58 7.38 0.07 0.04 2 2 2 2 2 2 2 2 3.0 3.26 -18.0 2.1 2.1 2.1 2.1 2.1 2.1 0.196 0.07 0.455 0.079 0.04 0.116 2 2 2 2 2 2
1999-12-03T22:30:00 1999 12 3 22 30 0 10.3 3.3 494.0 5.6 2.46 6.19 0.0 0.0 2 2 2 2 2 2 2 2 3.0 3.25 -15.0 3.3 3.3 3.3 3.3 3.3 3.3 0.133 0.035 0.441 0.044 0.013 0.048 2 2 2 2 2 2
1999-12-03T23:30:00 1999 12 3 23 30 0 13.0 2.9 501.0 6.1 2.71 8.09 0.0 0.0 2 2 2 2 2 2 2 2 3.0 3.17 -10.0 2.9 2.9 2.9 2.9 2.9 2.9 0.09 0.017 0.427 0.025 0.004 0.02 2 2 2 2 2 2
