1999-02-17T00:30:00 1999 2 17 0 30 0 5.5 3.2 457.0 3.5 1.45 0.37 0.0 0.0 2 2 2 2 2 2 2 2 0.7 0.51 6.0 3.2 3.2 3.2 3.2 3.2 3.2 0.0 0.0 0.057 0.0 0.0 0.0 2 2 2 2 2 2
1999-02-17T01:30:00 1999 2 17 1 30 0 4.8 3.0 455.0 3.6 1.47 1.06 0.0 0.0 2 2 2 2 2 2 2 2 0.7 0.56 5.0 3.0 3.0 3.0 3.0 3.0 3.0 0.0 0.0 0.056 0.0 0.0 0.0 2 2 2 2 2 2
1999-02-17T02:30:00 1999 2 17 2 30 0 5.9 0.2 460.0 4.6 1.97 1.84 0.0 0.0 2 2 2 2 2 2 2 2 0.7 0.6 6.0 0.2 0.2 0.2 0.2 0.2 0.2 0.0 0.0 0.054 0.0 0.0 0.0 2 2 2 2 2 2
1999-02-17T03:30:00 1999 2 17 3 30 0 5.0 -2.0 459.0 5.3 2.22 3.51 2.28 1.16 2 2 2 2 2 2 2 2 2.7 0.91 1.0 -2.0 -2.0 -2.0 -2.0 -2.0 -2.0 0.12 0.229 0.061 0.113 0.387 0.511 2 2 2 2 2 2
1999-02-17T04:30:00 1999 2 17 4 30 0 4.8 -0.5 454.0 5.6 2.34 3.15 2.71 1.47 2 2 2 2 2 2 2 2 2.7 1.22 -4.0 -0.5 -0.5 -0.5 -0.5 -0.5 -0.5 0.185 0.311 0.066 0.145 0.425 0.677 2 2 2 2 2 2
1999-02-17T05:30:00 1999 2 17 5 30 0 4.9 -2.3 453.0 5.2 2.2 3.4 3.34 1.79 2 2 2 2 2 2 2 2 2.7 1.48 -5.0 -2.3 -2.3 -2.3 -2.3 -2.3 -2.3 0.283 0.441 0.076 0.239 0.602 0.892 2 2 2 2 2 2
1999-02-17T06:30:00 1999 2 17 6 30 0 6.4 -0.3 454.0 5.5 2.26 4.0 2.76 1.47 2 2 2 2 2 2 2 2 3.7 1.86 -4.0 -0.3 -0.3 -0.3 -0.3 -0.3 -0.3 0.29 0.405 0.081 0.213 0.469 0.795 2 2 2 2 2 2
1999-02-17T07:30:00 1999 2 17 7 30 0 10.5 -0.7 484.0 8.5 3.95 7.08 1.22 0.89 2 2 2 2 2 2 2 2 3.7 2.24 5.0 -0.7 -0.7 -0.7 -0.7 -0.7 -0.7 0.269 0.365 0.082 0.167 0.424 0.951 2 2 2 2 2 2
1999-02-17T08:30:00 1999 2 17 8 30 0 12.3 -4.3 490.0 9.2 4.54 15.85 6.47 5.79 2 2 2 2 2 2 2 2 3.7 2.61 0.0 -4.3 -4.3 -4.3 -4.3 -4.3 -4.3 0.529 0.735 0.119 0.568 1.129 2.385 2 2 2 2 2 2
1999-02-17T09:30:00 1999 2 17 9 30 0 8.2 -8.9 492.0 8.4 3.97 24.25 16.68 14.55 2 2 2 2 2 2 2 2 5.0 3.15 -18.0 -8.9 -8.9 -8.9 -8.9 -8.9 -8.9 1.094 1.34 0.239 1.724 2.13 4.013 2 2 2 2 2 2
1999-02-17T10:30:00 1999 2 17 10 30 0 9.7 -2.0 476.0 8.9 3.95 17.4 12.52 10.79 2 2 2 2 2 2 2 2 5.0 3.68 -32.0 -2.0 -2.0 -2.0 -2.0 -2.0 -2.0 1.201 1.319 0.3 1.67 1.759 3.744 2 2 2 2 2 2
1999-02-17T11:30:00 1999 2 17 11 30 0 6.3 -5.9 486.0 9.0 3.78 12.35 9.92 8.89 2 2 2 2 2 2 2 2 5.0 3.96 -24.0 -5.9 -5.9 -5.9 -5.9 -5.9 -5.9 1.3 1.376 0.355 1.703 1.832 3.934 2 2 2 2 2 2
1999-02-17T12:30:00 1999 2 17 12 30 0 3.2 -6.5 481.0 7.5 2.96 13.1 15.04 12.3 2 2 2 2 2 2 2 2 4.0 4.12 -31.0 -6.5 -6.5 -6.5 -6.5 -6.5 -6.5 1.499 1.525 0.44 2.032 2.052 4.025 2 2 2 2 2 2
1999-02-17T13:30:00 1999 2 17 13 30 0 6.8 -1.4 476.0 5.8 2.63 7.83 8.95 6.06 2 2 2 2 2 2 2 2 4.0 4.27 -29.0 -1.4 -1.4 -1.4 -1.4 -1.4 -1.4 1.323 1.215 0.466 1.546 1.402 2.83 2 2 2 2 2 2
1999-02-17T14:30:00 1999 2 17 14 30 0 7.3 3.0 472.0 6.0 2.67 3.76 0.4 0.23 2 2 2 2 2 2 2 2 4.0 4.3 -32.0 3.0 3.0 3.0 3.0 3.0 3.0 0.904 0.621 0.452 0.869 0.468 1.227 2 2 2 2 2 2
1999-02-17T15:30:00 1999 2 17 15 30 0 7.5 1.7 462.0 5.9 2.15 3.08 0.0 0.0 2 2 2 2 2 2 2 2 2.0 4.07 -29.0 1.7 1.7 1.7 1.7 1.7 1.7 0.612 0.308 0.438 0.487 0.148 0.509 2 2 2 2 2 2
1999-02-17T16:30:00 1999 2 17 16 30 0 7.2 -0.8 447.0 6.4 2.19 4.3 0.36 0.23 2 2 2 2 2 2 2 2 2.0 3.84 -29.0 -0.8 -0.8 -0.8 -0.8 -0.8 -0.8 0.446 0.231 0.426 0.294 0.179 0.441 2 2 2 2 2 2
1999-02-17T17:30:00 1999 2 17 17 30 0 7.8 0.7 444.0 6.4 2.17 4.69 0.4 0.26 2 2 2 2 2 2 2 2 2.0 3.46 -29.0 0.7 0.7 0.7 0.7 0.7 0.7 0.315 0.145 0.414 0.17 0.094 0.27 2 2 2 2 2 2
1999-02-17T18:30:00 1999 2 17 18 30 0 6.1 0.2 424.0 6.2 1.92 3.54 0.0 0.0 2 2 2 2 2 2 2 2 1.7 3.05 -30.0 0.2 0.2 0.2 0.2 0.2 0.2 0.213 0.072 0.401 0.095 0.03 0.112 2 2 2 2 2 2
1999-02-17T19:30:00 1999 2 17 19 30 0 6.7 3.7 424.0 5.3 1.67 2.15 0.0 0.0 2 2 2 2 2 2 2 2 1.7 2.65 -33.0 3.7 3.7 3.7 3.7 3.7 3.7 0.144 0.036 0.389 0.053 0.009 0.047 2 2 2 2 2 2
1999-02-17T20:30:00 1999 2 17 20 30 0 6.6 -1.4 416.0 3.8 1.19 3.03 0.53 0.21 2 2 2 2 2 2 2 2 1.7 2.36 -31.0 -1.4 -1.4 -1.4 -1.4 -1.4 -1.4 0.133 0.097 0.379 0.06 0.13 0.142 2 2 2 2 2 2
1999-02-17T21:30:00 1999 2 17 21 30 0 5.3 2.7 400.0 3.9 1.11 2.4 0.38 0.14 2 2 2 2 2 2 2 2 2.3 2.16 -34.0 2.7 2.7 2.7 2.7 2.7 2.7 0.098 0.065 0.368 0.037 0.06 0.084 2 2 2 2 2 2
1999-02-17T22:30:00 1999 2 17 22 30 0 3.0 2.6 381.0 2.8 0.81 0.58 0.0 0.0 2 2 2 2 2 2 2 2 2.3 1.96 -33.0 2.6 2.6 2.6 2.6 2.6 2.6 0.066 0.032 0.357 0.021 0.019 0.035 2 2 2 2 2 2
1999-02-17T23:30:00 1999 2 17 23 30 0 4.5 0.9 382.0 2.6 0.76 0.65 0.0 0.0 2 2 2 2 2 2 2 2 2.3 2.0 -33.0 0.9 0.9 0.9 0.9 0.9 0.9 0.045 0.016 0.346 0.012 0.006 0.014 2 2 2 2 2 2
