1999-07-04T00:30:00 1999 7 4 0 30 0 -1.5 0.1 472.0 0.9 0.36 0.36 0.0 0.0 2 2 2 2 2 2 2 2 0.0 0.85 -3.0 0.1 0.1 0.1 0.1 0.1 0.1 0.011 0.001 0.389 0.001 0.0 0.0 2 2 2 2 2 2
1999-07-04T01:30:00 1999 7 4 1 30 0 -0.7 -1.0 470.0 1.0 0.4 0.26 1.17 0.11 2 2 2 2 2 2 2 2 0.0 0.6 -3.0 -1.0 -1.0 -1.0 -1.0 -1.0 -1.0 0.042 0.068 0.379 0.024 0.126 0.044 2 2 2 2 2 2
1999-07-04T02:30:00 1999 7 4 2 30 0 -1.2 0.0 473.0 0.8 0.32 0.22 1.08 0.1 2 2 2 2 2 2 2 2 0.0 0.56 -4.0 0.0 0.0 0.0 0.0 0.0 0.0 0.048 0.07 0.369 0.024 0.099 0.04 2 2 2 2 2 2
1999-07-04T03:30:00 1999 7 4 3 30 0 -2.5 1.0 447.0 0.8 0.28 0.24 0.0 0.0 2 2 2 2 2 2 2 2 0.0 0.51 -7.0 1.0 1.0 1.0 1.0 1.0 1.0 0.033 0.035 0.358 0.014 0.031 0.017 2 2 2 2 2 2
1999-07-04T04:30:00 1999 7 4 4 30 0 -2.9 1.0 441.0 0.8 0.28 0.41 0.0 0.0 2 2 2 2 2 2 2 2 0.0 0.47 -7.0 1.0 1.0 1.0 1.0 1.0 1.0 0.022 0.017 0.347 0.008 0.01 0.007 2 2 2 2 2 2
1999-07-04T05:30:00 1999 7 4 5 30 0 -1.7 0.3 441.0 0.7 0.24 0.32 0.0 0.0 2 2 2 2 2 2 2 2 0.0 0.31 -7.0 0.3 0.3 0.3 0.3 0.3 0.3 0.015 0.009 0.336 0.004 0.003 0.003 2 2 2 2 2 2
1999-07-04T06:30:00 1999 7 4 6 30 0 -2.8 0.3 429.0 0.6 0.2 0.4 0.0 0.0 2 2 2 2 2 2 2 2 0.3 0.19 -5.0 0.3 0.3 0.3 0.3 0.3 0.3 0.01 0.004 0.326 0.002 0.001 0.001 2 2 2 2 2 2
1999-07-04T07:30:00 1999 7 4 7 30 0 -2.1 -0.1 440.0 0.6 0.21 0.51 0.04 0.0 2 2 2 2 2 2 2 2 0.3 0.08 -5.0 -0.1 -0.1 -0.1 -0.1 -0.1 -0.1 0.008 0.007 0.316 0.002 0.01 0.003 2 2 2 2 2 2
1999-07-04T08:30:00 1999 7 4 8 30 0 -2.6 0.3 443.0 0.7 0.24 0.48 0.02 0.0 2 2 2 2 2 2 2 2 0.3 0.12 -5.0 0.3 0.3 0.3 0.3 0.3 0.3 0.006 0.004 0.306 0.001 0.003 0.001 2 2 2 2 2 2
1999-07-04T09:30:00 1999 7 4 9 30 0 -1.8 0.8 431.0 0.6 0.2 0.31 0.0 0.0 2 2 2 2 2 2 2 2 0.3 0.15 -5.0 0.8 0.8 0.8 0.8 0.8 0.8 0.004 0.002 0.297 0.001 0.001 0.001 2 2 2 2 2 2
1999-07-04T10:30:00 1999 7 4 10 30 0 -2.8 0.3 441.0 0.7 0.25 0.38 0.0 0.0 2 2 2 2 2 2 2 2 0.3 0.19 -5.0 0.3 0.3 0.3 0.3 0.3 0.3 0.003 0.001 0.288 0.0 0.0 0.0 2 2 2 2 2 2
1999-07-04T11:30:00 1999 7 4 11 30 0 -2.9 1.2 455.0 0.8 0.29 0.51 0.0 0.0 2 2 2 2 2 2 2 2 0.3 0.23 -6.0 1.2 1.2 1.2 1.2 1.2 1.2 0.002 0.0 0.279 0.0 0.0 0.0 2 2 2 2 2 2
1999-07-04T12:30:00 1999 7 4 12 30 0 -3.1 0.8 458.0 0.9 0.33 0.54 0.0 0.0 2 2 2 2 2 2 2 2 0.7 0.32 -6.0 0.8 0.8 0.8 0.8 0.8 0.8 0.001 0.0 0.271 0.0 0.0 0.0 2 2 2 2 2 2
1999-07-04T13:30:00 1999 7 4 13 30 0 -3.1 1.2 451.0 1.2 0.44 0.57 0.0 0.0 2 2 2 2 2 2 2 2 0.7 0.4 -6.0 1.2 1.2 1.2 1.2 1.2 1.2 0.001 0.0 0.262 0.0 0.0 0.0 2 2 2 2 2 2
1999-07-04T14:30:00 1999 7 4 14 30 0 -3.4 1.4 445.0 1.5 0.54 0.56 0.0 0.0 2 2 2 2 2 2 2 2 0.7 0.46 -5.0 1.4 1.4 1.4 1.4 1.4 1.4 0.001 0.0 0.254 0.0 0.0 0.0 2 2 2 2 2 2
1999-07-04T15:30:00 1999 7 4 15 30 0 -2.8 0.6 439.0 1.1 0.39 0.55 0.0 0.0 2 2 2 2 2 2 2 2 0.3 0.45 -6.0 0.6 0.6 0.6 0.6 0.6 0.6 0.0 0.0 0.247 0.0 0.0 0.0 2 2 2 2 2 2
1999-07-04T16:30:00 1999 7 4 16 30 0 -2.7 0.6 425.0 1.3 0.44 0.49 0.0 0.0 2 2 2 2 2 2 2 2 0.3 0.45 -6.0 0.6 0.6 0.6 0.6 0.6 0.6 0.0 0.0 0.239 0.0 0.0 0.0 2 2 2 2 2 2
1999-07-04T17:30:00 1999 7 4 17 30 0 -3.0 0.9 428.0 1.2 0.41 0.49 0.0 0.0 2 2 2 2 2 2 2 2 0.3 0.45 -4.0 0.9 0.9 0.9 0.9 0.9 0.9 0.0 0.0 0.232 0.0 0.0 0.0 2 2 2 2 2 2
1999-07-04T18:30:00 1999 7 4 18 30 0 -2.7 -0.3 418.0 1.1 0.37 0.62 0.1 0.01 2 2 2 2 2 2 2 2 0.3 0.45 -2.0 -0.3 -0.3 -0.3 -0.3 -0.3 -0.3 0.005 0.014 0.225 0.002 0.023 0.009 2 2 2 2 2 2
1999-07-04T19:30:00 1999 7 4 19 30 0 -2.5 -0.4 416.0 1.0 0.34 0.72 0.74 0.08 2 2 2 2 2 2 2 2 0.3 0.44 -4.0 -0.4 -0.4 -0.4 -0.4 -0.4 -0.4 0.024 0.054 0.219 0.011 0.079 0.03 2 2 2 2 2 2
1999-07-04T20:30:00 1999 7 4 20 30 0 -2.1 -0.3 414.0 1.0 0.32 0.57 0.72 0.07 2 2 2 2 2 2 2 2 0.3 0.4 -7.0 -0.3 -0.3 -0.3 -0.3 -0.3 -0.3 0.035 0.071 0.213 0.015 0.089 0.037 2 2 2 2 2 2
1999-07-04T21:30:00 1999 7 4 21 30 0 -2.5 0.7 413.0 1.0 0.33 0.4 0.07 0.01 2 2 2 2 2 2 2 2 0.7 0.4 -5.0 0.7 0.7 0.7 0.7 0.7 0.7 0.025 0.038 0.206 0.008 0.031 0.017 2 2 2 2 2 2
1999-07-04T22:30:00 1999 7 4 22 30 0 -2.1 0.9 404.0 1.1 0.34 0.27 0.0 0.0 2 2 2 2 2 2 2 2 0.7 0.4 -3.0 0.9 0.9 0.9 0.9 0.9 0.9 0.017 0.019 0.2 0.005 0.01 0.007 2 2 2 2 2 2
1999-07-04T23:30:00 1999 7 4 23 30 0 -1.6 0.7 396.0 1.1 0.32 0.16 0.0 0.0 2 2 2 2 2 2 2 2 0.7 0.46 -1.0 0.7 0.7 0.7 0.7 0.7 0.7 0.011 0.009 0.194 0.003 0.003 0.003 2 2 2 2 2 2
