1999-01-28T00:30:00 1999 1 28 0 30 0 1.2 5.3 405.0 7.1 2.25 0.01 0.0 0.0 2 2 2 2 2 2 2 2 0.3 1.7 -15.0 5.3 5.3 5.3 5.3 5.3 5.3 0.043 0.017 0.365 0.009 0.009 0.029 2 2 2 2 2 2
1999-01-28T01:30:00 1999 1 28 1 30 0 -1.1 6.5 407.0 7.0 2.25 0.0 0.0 0.0 2 2 2 2 2 2 2 2 0.3 1.4 -12.0 6.5 6.5 6.5 6.5 6.5 6.5 0.029 0.009 0.354 0.005 0.003 0.012 2 2 2 2 2 2
1999-01-28T02:30:00 1999 1 28 2 30 0 -0.3 5.2 401.0 7.6 2.32 0.0 0.0 0.0 2 2 2 2 2 2 2 2 0.3 1.15 -12.0 5.2 5.2 5.2 5.2 5.2 5.2 0.02 0.004 0.343 0.003 0.001 0.005 2 2 2 2 2 2
1999-01-28T03:30:00 1999 1 28 3 30 0 1.0 4.7 404.0 7.9 2.45 0.0 0.0 0.0 2 2 2 2 2 2 2 2 0.7 0.96 -12.0 4.7 4.7 4.7 4.7 4.7 4.7 0.013 0.002 0.333 0.002 0.0 0.002 2 2 2 2 2 2
1999-01-28T04:30:00 1999 1 28 4 30 0 4.1 -1.6 396.0 8.2 2.43 0.67 0.54 0.44 2 2 2 2 2 2 2 2 0.7 0.77 -8.0 -1.6 -1.6 -1.6 -1.6 -1.6 -1.6 0.057 0.111 0.325 0.046 0.161 0.275 2 2 2 2 2 2
1999-01-28T05:30:00 1999 1 28 5 30 0 5.0 -1.5 399.0 7.8 2.35 2.79 3.07 2.45 2 2 2 2 2 2 2 2 0.7 0.69 -8.0 -1.5 -1.5 -1.5 -1.5 -1.5 -1.5 0.193 0.37 0.325 0.162 0.457 0.821 2 2 2 2 2 2
1999-01-28T06:30:00 1999 1 28 6 30 0 6.1 -0.8 406.0 7.3 2.29 3.33 2.26 1.7 2 2 2 2 2 2 2 2 2.3 0.83 -14.0 -0.8 -0.8 -0.8 -0.8 -0.8 -0.8 0.24 0.417 0.321 0.173 0.446 0.883 2 2 2 2 2 2
1999-01-28T07:30:00 1999 1 28 7 30 0 4.8 -1.0 394.0 7.7 2.21 2.94 1.81 1.36 2 2 2 2 2 2 2 2 2.3 0.97 -15.0 -1.0 -1.0 -1.0 -1.0 -1.0 -1.0 0.261 0.428 0.316 0.167 0.426 0.88 2 2 2 2 2 2
1999-01-28T08:30:00 1999 1 28 8 30 0 5.0 -1.3 396.0 7.3 2.15 2.69 2.3 1.72 2 2 2 2 2 2 2 2 2.3 1.23 -15.0 -1.3 -1.3 -1.3 -1.3 -1.3 -1.3 0.297 0.472 0.313 0.19 0.468 0.928 2 2 2 2 2 2
1999-01-28T09:30:00 1999 1 28 9 30 0 5.7 -0.5 395.0 6.9 2.06 2.85 1.71 1.22 2 2 2 2 2 2 2 2 2.0 1.44 -14.0 -0.5 -0.5 -0.5 -0.5 -0.5 -0.5 0.282 0.418 0.307 0.16 0.376 0.789 2 2 2 2 2 2
1999-01-28T10:30:00 1999 1 28 10 30 0 5.4 1.0 403.0 6.6 2.08 2.21 0.12 0.08 2 2 2 2 2 2 2 2 2.0 1.64 -13.0 1.0 1.0 1.0 1.0 1.0 1.0 0.195 0.218 0.298 0.09 0.13 0.354 2 2 2 2 2 2
1999-01-28T11:30:00 1999 1 28 11 30 0 3.4 -3.7 399.0 7.3 2.23 2.82 3.23 2.3 2 2 2 2 2 2 2 2 2.0 1.8 -13.0 -3.7 -3.7 -3.7 -3.7 -3.7 -3.7 0.321 0.469 0.303 0.27 0.545 0.868 2 2 2 2 2 2
1999-01-28T12:30:00 1999 1 28 12 30 0 5.6 -3.7 420.0 7.2 2.47 5.74 7.59 5.5 2 2 2 2 2 2 2 2 2.7 2.05 -9.0 -3.7 -3.7 -3.7 -3.7 -3.7 -3.7 0.547 0.781 0.325 0.58 0.94 1.46 2 2 2 2 2 2
1999-01-28T13:30:00 1999 1 28 13 30 0 6.6 1.5 411.0 7.0 2.31 3.98 2.44 1.74 2 2 2 2 2 2 2 2 2.7 2.29 -9.0 1.5 1.5 1.5 1.5 1.5 1.5 0.447 0.519 0.321 0.395 0.454 0.884 2 2 2 2 2 2
1999-01-28T14:30:00 1999 1 28 14 30 0 4.8 -0.3 395.0 7.3 2.22 2.16 0.07 0.05 2 2 2 2 2 2 2 2 2.7 2.34 -11.0 -0.3 -0.3 -0.3 -0.3 -0.3 -0.3 0.313 0.29 0.312 0.226 0.19 0.455 2 2 2 2 2 2
1999-01-28T15:30:00 1999 1 28 15 30 0 6.2 1.1 410.0 7.0 2.3 2.15 0.04 0.03 2 2 2 2 2 2 2 2 2.7 2.4 -12.0 1.1 1.1 1.1 1.1 1.1 1.1 0.212 0.144 0.302 0.126 0.06 0.189 2 2 2 2 2 2
1999-01-28T16:30:00 1999 1 28 16 30 0 1.9 0.1 410.0 7.5 2.44 1.08 0.0 0.0 2 2 2 2 2 2 2 2 2.7 2.45 -14.0 0.1 0.1 0.1 0.1 0.1 0.1 0.143 0.072 0.293 0.071 0.019 0.078 2 2 2 2 2 2
1999-01-28T17:30:00 1999 1 28 17 30 0 4.4 3.0 418.0 7.0 2.37 0.46 0.0 0.0 2 2 2 2 2 2 2 2 2.7 2.53 -13.0 3.0 3.0 3.0 3.0 3.0 3.0 0.097 0.036 0.284 0.04 0.006 0.032 2 2 2 2 2 2
1999-01-28T18:30:00 1999 1 28 18 30 0 5.8 1.1 415.0 7.3 2.41 1.32 0.0 0.0 2 2 2 2 2 2 2 2 1.7 2.49 -9.0 1.1 1.1 1.1 1.1 1.1 1.1 0.066 0.018 0.275 0.022 0.002 0.013 2 2 2 2 2 2
1999-01-28T19:30:00 1999 1 28 19 30 0 4.3 1.4 392.0 7.2 2.11 1.39 0.0 0.0 2 2 2 2 2 2 2 2 1.7 2.44 -10.0 1.4 1.4 1.4 1.4 1.4 1.4 0.045 0.009 0.267 0.012 0.001 0.006 2 2 2 2 2 2
1999-01-28T20:30:00 1999 1 28 20 30 0 4.5 -2.2 395.0 7.7 2.24 1.98 1.51 1.15 2 2 2 2 2 2 2 2 1.7 2.31 -14.0 -2.2 -2.2 -2.2 -2.2 -2.2 -2.2 0.135 0.232 0.265 0.106 0.315 0.506 2 2 2 2 2 2
1999-01-28T21:30:00 1999 1 28 21 30 0 4.5 0.6 393.0 7.4 2.15 2.08 1.53 1.16 2 2 2 2 2 2 2 2 2.0 2.23 -15.0 0.6 0.6 0.6 0.6 0.6 0.6 0.147 0.23 0.26 0.099 0.228 0.464 2 2 2 2 2 2
1999-01-28T22:30:00 1999 1 28 22 30 0 3.3 2.4 397.0 7.1 2.09 0.71 0.0 0.0 2 2 2 2 2 2 2 2 2.0 2.14 -16.0 2.4 2.4 2.4 2.4 2.4 2.4 0.1 0.114 0.252 0.055 0.072 0.192 2 2 2 2 2 2
1999-01-28T23:30:00 1999 1 28 23 30 0 4.4 3.0 400.0 6.7 2.02 0.5 0.0 0.0 2 2 2 2 2 2 2 2 2.0 2.06 -16.0 3.0 3.0 3.0 3.0 3.0 3.0 0.067 0.057 0.244 0.031 0.023 0.08 2 2 2 2 2 2
