1999-03-07T00:30:00 1999 3 7 0 30 0 -3.1 -4.7 429.0 5.7 2.06 8.11 11.02 6.65 2 2 2 2 2 2 2 2 3.7 3.77 -44.0 -4.7 -4.7 -4.7 -4.7 -4.7 -4.7 1.211 1.227 0.617 1.393 1.402 2.047 2 2 2 2 2 2
1999-03-07T01:30:00 1999 3 7 1 30 0 -3.5 -4.2 434.0 5.8 2.23 6.2 9.56 5.5 2 2 2 2 2 2 2 2 3.7 3.93 -45.0 -4.2 -4.2 -4.2 -4.2 -4.2 -4.2 1.183 1.165 0.639 1.291 1.282 1.846 2 2 2 2 2 2
1999-03-07T02:30:00 1999 3 7 2 30 0 -4.9 -4.7 448.0 6.3 2.62 7.32 9.87 6.0 2 2 2 2 2 2 2 2 3.7 3.98 -42.0 -4.7 -4.7 -4.7 -4.7 -4.7 -4.7 1.192 1.169 0.665 1.292 1.333 1.945 2 2 2 2 2 2
1999-03-07T03:30:00 1999 3 7 3 30 0 -6.7 -3.6 467.0 6.4 2.91 8.73 9.4 5.97 2 2 2 2 2 2 2 2 4.3 4.1 -40.0 -3.6 -3.6 -3.6 -3.6 -3.6 -3.6 1.172 1.131 0.688 1.232 1.322 2.058 2 2 2 2 2 2
1999-03-07T04:30:00 1999 3 7 4 30 0 -6.2 -6.0 464.0 6.2 2.76 11.46 11.4 7.16 2 2 2 2 2 2 2 2 4.3 4.22 -38.0 -6.0 -6.0 -6.0 -6.0 -6.0 -6.0 1.253 1.221 0.728 1.419 1.533 2.307 2 2 2 2 2 2
1999-03-07T05:30:00 1999 3 7 5 30 0 -4.3 -7.1 459.0 5.5 2.37 14.19 15.21 8.84 2 2 2 2 2 2 2 2 4.3 4.17 -45.0 -7.1 -7.1 -7.1 -7.1 -7.1 -7.1 1.402 1.356 0.788 1.759 1.737 2.402 2 2 2 2 2 2
1999-03-07T06:30:00 1999 3 7 6 30 0 -4.1 -6.3 460.0 6.0 2.48 13.21 15.32 8.83 2 2 2 2 2 2 2 2 4.7 4.18 -54.0 -6.3 -6.3 -6.3 -6.3 -6.3 -6.3 1.495 1.416 0.845 1.923 1.781 2.454 2 2 2 2 2 2
1999-03-07T07:30:00 1999 3 7 7 30 0 -4.3 -5.7 462.0 6.7 2.75 11.28 13.77 8.78 2 2 2 2 2 2 2 2 4.7 4.19 -52.0 -5.7 -5.7 -5.7 -5.7 -5.7 -5.7 1.531 1.428 0.892 1.934 1.764 2.606 2 2 2 2 2 2
1999-03-07T08:30:00 1999 3 7 8 30 0 -4.8 -5.0 464.0 8.2 3.28 10.0 12.32 9.24 2 2 2 2 2 2 2 2 4.7 4.31 -49.0 -5.0 -5.0 -5.0 -5.0 -5.0 -5.0 1.538 1.435 0.933 1.876 1.754 2.971 2 2 2 2 2 2
1999-03-07T09:30:00 1999 3 7 9 30 0 -3.6 -5.2 460.0 7.7 3.0 9.0 11.8 9.35 2 2 2 2 2 2 2 2 3.7 4.3 -54.0 -5.2 -5.2 -5.2 -5.2 -5.2 -5.2 1.538 1.436 0.97 1.829 1.738 3.124 2 2 2 2 2 2
1999-03-07T10:30:00 1999 3 7 10 30 0 0.3 6.6 472.0 4.3 1.68 1.2 2.17 1.54 2 2 2 2 2 2 2 2 3.7 4.29 -57.0 6.6 6.6 6.6 6.6 6.6 6.6 1.091 0.787 0.946 1.074 0.649 1.476 2 2 2 2 2 2
1999-03-07T11:30:00 1999 3 7 11 30 0 2.2 6.8 488.0 4.1 1.73 0.02 0.0 0.0 2 2 2 2 2 2 2 2 3.7 4.22 -42.0 6.8 6.8 6.8 6.8 6.8 6.8 0.738 0.391 0.917 0.602 0.205 0.612 2 2 2 2 2 2
1999-03-07T12:30:00 1999 3 7 12 30 0 3.0 5.5 488.0 4.1 1.74 0.1 0.0 0.0 2 2 2 2 2 2 2 2 2.0 3.92 -34.0 5.5 5.5 5.5 5.5 5.5 5.5 0.5 0.194 0.889 0.337 0.065 0.254 2 2 2 2 2 2
1999-03-07T13:30:00 1999 3 7 13 30 0 0.6 4.0 488.0 4.5 1.91 0.05 0.0 0.0 2 2 2 2 2 2 2 2 2.0 3.62 -34.0 4.0 4.0 4.0 4.0 4.0 4.0 0.338 0.096 0.862 0.189 0.021 0.105 2 2 2 2 2 2
1999-03-07T14:30:00 1999 3 7 14 30 0 0.1 2.5 493.0 4.0 1.74 0.0 0.0 0.0 2 2 2 2 2 2 2 2 2.0 3.28 -34.0 2.5 2.5 2.5 2.5 2.5 2.5 0.229 0.048 0.835 0.106 0.007 0.044 2 2 2 2 2 2
1999-03-07T15:30:00 1999 3 7 15 30 0 -1.2 -1.6 478.0 4.1 1.65 0.2 0.92 0.37 2 2 2 2 2 2 2 2 3.7 3.17 -35.0 -1.6 -1.6 -1.6 -1.6 -1.6 -1.6 0.212 0.136 0.814 0.111 0.218 0.257 2 2 2 2 2 2
1999-03-07T16:30:00 1999 3 7 16 30 0 -3.4 -4.1 487.0 3.8 1.6 3.52 7.14 2.8 2 2 2 2 2 2 2 2 3.7 3.06 -37.0 -4.1 -4.1 -4.1 -4.1 -4.1 -4.1 0.405 0.458 0.819 0.409 0.784 0.785 2 2 2 2 2 2
1999-03-07T17:30:00 1999 3 7 17 30 0 -4.1 -4.6 491.0 3.6 1.56 7.35 10.69 3.94 2 2 2 2 2 2 2 2 3.7 3.07 -42.0 -4.6 -4.6 -4.6 -4.6 -4.6 -4.6 0.614 0.694 0.84 0.733 1.111 1.081 2 2 2 2 2 2
1999-03-07T18:30:00 1999 3 7 18 30 0 -2.6 -4.5 479.0 3.6 1.48 7.22 11.01 3.96 2 2 2 2 2 2 2 2 3.3 3.02 -43.0 -4.5 -4.5 -4.5 -4.5 -4.5 -4.5 0.757 0.813 0.86 0.916 1.198 1.17 2 2 2 2 2 2
1999-03-07T19:30:00 1999 3 7 19 30 0 -0.5 -4.8 475.0 4.1 1.64 6.18 11.12 4.31 2 2 2 2 2 2 2 2 3.3 2.98 -45.0 -4.8 -4.8 -4.8 -4.8 -4.8 -4.8 0.872 0.903 0.882 1.053 1.265 1.288 2 2 2 2 2 2
1999-03-07T20:30:00 1999 3 7 20 30 0 3.3 -0.9 459.0 3.7 1.39 2.79 6.29 2.47 2 2 2 2 2 2 2 2 3.3 3.14 -51.0 -0.9 -0.9 -0.9 -0.9 -0.9 -0.9 0.773 0.732 0.874 0.795 0.857 0.998 2 2 2 2 2 2
1999-03-07T21:30:00 1999 3 7 21 30 0 -1.6 -2.0 461.0 3.9 1.46 0.98 3.44 1.32 2 2 2 2 2 2 2 2 2.7 3.21 -47.0 -2.0 -2.0 -2.0 -2.0 -2.0 -2.0 0.66 0.605 0.858 0.577 0.678 0.824 2 2 2 2 2 2
1999-03-07T22:30:00 1999 3 7 22 30 0 -2.0 -1.8 465.0 3.7 1.41 1.49 4.38 1.66 2 2 2 2 2 2 2 2 2.7 3.29 -39.0 -1.8 -1.8 -1.8 -1.8 -1.8 -1.8 0.602 0.562 0.845 0.479 0.652 0.775 2 2 2 2 2 2
1999-03-07T23:30:00 1999 3 7 23 30 0 -0.9 -0.1 468.0 3.9 1.51 0.59 2.05 0.77 2 2 2 2 2 2 2 2 2.7 3.16 -36.0 -0.1 -0.1 -0.1 -0.1 -0.1 -0.1 0.471 0.399 0.823 0.314 0.392 0.55 2 2 2 2 2 2
