1999-05-18T00:30:00 1999 5 18 0 30 0 1.8 0.4 339.0 8.3 2.22 0.11 0.0 0.0 2 2 2 2 2 2 2 2 3.7 1.09 6.0 0.4 0.4 0.4 0.4 0.4 0.4 0.025 0.004 0.073 0.004 0.0 0.002 2 2 2 2 2 2
1999-05-18T01:30:00 1999 5 18 1 30 0 6.2 3.2 406.0 29.6 9.58 0.76 0.0 0.0 2 2 2 2 2 2 2 2 3.7 1.44 33.0 3.2 3.2 3.2 3.2 3.2 3.2 0.017 0.002 0.07 0.003 0.0 0.001 2 2 2 2 2 2
1999-05-18T02:30:00 1999 5 18 2 30 0 9.3 10.3 430.0 46.4 16.16 1.6 0.0 0.0 2 2 2 2 2 2 2 2 3.7 1.79 37.0 10.3 10.3 10.3 10.3 10.3 10.3 0.011 0.001 0.068 0.001 0.0 0.0 2 2 2 2 2 2
1999-05-18T03:30:00 1999 5 18 3 30 0 5.0 15.4 437.0 50.6 19.43 0.72 0.0 0.0 2 2 2 2 2 2 2 2 4.0 2.17 48.0 15.4 15.4 15.4 15.4 15.4 15.4 0.008 0.001 0.066 0.001 0.0 0.0 2 2 2 2 2 2
1999-05-18T04:30:00 1999 5 18 4 30 0 -13.2 18.4 441.0 29.9 11.07 0.62 0.0 0.0 2 2 2 2 2 2 2 2 4.0 2.55 41.0 18.4 18.4 18.4 18.4 18.4 18.4 0.005 0.0 0.064 0.0 0.0 0.0 2 2 2 2 2 2
1999-05-18T05:30:00 1999 5 18 5 30 0 6.5 -11.8 451.0 12.6 5.13 6.85 6.34 9.14 2 2 2 2 2 2 2 2 4.0 3.0 19.0 -11.8 -11.8 -11.8 -11.8 -11.8 -11.8 0.496 0.74 0.135 1.043 1.272 2.896 2 2 2 2 2 2
1999-05-18T06:30:00 1999 5 18 6 30 0 13.8 -5.5 470.0 9.8 4.33 29.1 19.3 21.7 2 2 2 2 2 2 2 2 4.0 3.45 -12.0 -5.5 -5.5 -5.5 -5.5 -5.5 -5.5 1.134 1.443 0.264 2.079 2.12 4.666 2 2 2 2 2 2
1999-05-18T07:30:00 1999 5 18 7 30 0 14.0 0.2 473.0 6.1 2.73 19.74 5.72 4.86 2 2 2 2 2 2 2 2 4.0 3.89 -22.0 0.2 0.2 0.2 0.2 0.2 0.2 0.964 1.017 0.279 1.398 1.12 2.824 2 2 2 2 2 2
1999-05-18T08:30:00 1999 5 18 8 30 0 10.2 -0.1 487.0 6.3 2.99 11.64 0.05 0.03 2 2 2 2 2 2 2 2 4.0 3.93 -21.0 -0.1 -0.1 -0.1 -0.1 -0.1 -0.1 0.659 0.525 0.27 0.784 0.391 1.264 2 2 2 2 2 2
1999-05-18T09:30:00 1999 5 18 9 30 0 11.1 -0.9 584.0 7.6 4.93 11.65 1.47 1.06 2 2 2 2 2 2 2 2 3.7 3.92 -9.0 -0.9 -0.9 -0.9 -0.9 -0.9 -0.9 0.535 0.438 0.268 0.506 0.507 1.431 2 2 2 2 2 2
1999-05-18T10:30:00 1999 5 18 10 30 0 11.4 1.2 622.0 6.5 4.69 12.84 0.46 0.34 2 2 2 2 2 2 2 2 3.7 3.92 -6.0 1.2 1.2 1.2 1.2 1.2 1.2 0.375 0.241 0.261 0.291 0.204 0.731 2 2 2 2 2 2
1999-05-18T11:30:00 1999 5 18 11 30 0 10.4 0.9 596.0 8.0 5.3 10.82 0.0 0.0 2 2 2 2 2 2 2 2 3.7 3.88 3.0 0.9 0.9 0.9 0.9 0.9 0.9 0.254 0.12 0.253 0.163 0.065 0.303 2 2 2 2 2 2
1999-05-18T12:30:00 1999 5 18 12 30 0 9.8 -0.2 599.0 8.7 5.78 10.24 0.08 0.07 2 2 2 2 2 2 2 2 4.3 3.92 2.0 -0.2 -0.2 -0.2 -0.2 -0.2 -0.2 0.183 0.088 0.246 0.096 0.093 0.37 2 2 2 2 2 2
1999-05-18T13:30:00 1999 5 18 13 30 0 7.5 0.6 587.0 9.4 6.01 7.65 0.05 0.04 2 2 2 2 2 2 2 2 4.3 3.96 6.0 0.6 0.6 0.6 0.6 0.6 0.6 0.124 0.044 0.238 0.054 0.03 0.153 2 2 2 2 2 2
1999-05-18T14:30:00 1999 5 18 14 30 0 6.5 2.8 562.0 7.7 4.55 3.69 0.0 0.0 2 2 2 2 2 2 2 2 4.3 4.0 -1.0 2.8 2.8 2.8 2.8 2.8 2.8 0.084 0.022 0.231 0.03 0.009 0.064 2 2 2 2 2 2
1999-05-18T15:30:00 1999 5 18 15 30 0 5.5 0.9 569.0 7.9 4.75 2.54 0.0 0.0 2 2 2 2 2 2 2 2 4.0 4.0 0.0 0.9 0.9 0.9 0.9 0.9 0.9 0.057 0.011 0.224 0.017 0.003 0.026 2 2 2 2 2 2
1999-05-18T16:30:00 1999 5 18 16 30 0 8.0 0.6 604.0 9.4 6.32 4.51 0.0 0.0 2 2 2 2 2 2 2 2 4.0 4.0 4.0 0.6 0.6 0.6 0.6 0.6 0.6 0.038 0.005 0.217 0.009 0.001 0.011 2 2 2 2 2 2
1999-05-18T17:30:00 1999 5 18 17 30 0 3.6 1.4 605.0 7.6 5.24 3.03 0.0 0.0 2 2 2 2 2 2 2 2 4.0 4.04 1.0 1.4 1.4 1.4 1.4 1.4 1.4 0.026 0.003 0.21 0.005 0.0 0.005 2 2 2 2 2 2
1999-05-18T18:30:00 1999 5 18 18 30 0 5.3 4.0 593.0 6.9 4.62 1.08 0.0 0.0 2 2 2 2 2 2 2 2 5.0 4.21 -6.0 4.0 4.0 4.0 4.0 4.0 4.0 0.018 0.001 0.204 0.003 0.0 0.002 2 2 2 2 2 2
1999-05-18T19:30:00 1999 5 18 19 30 0 5.4 -0.1 604.0 6.8 4.69 2.22 0.03 0.02 2 2 2 2 2 2 2 2 5.0 4.37 -3.0 -0.1 -0.1 -0.1 -0.1 -0.1 -0.1 0.017 0.017 0.198 0.004 0.041 0.126 2 2 2 2 2 2
1999-05-18T20:30:00 1999 5 18 20 30 0 -1.4 4.4 658.0 2.6 2.16 0.57 0.0 0.0 2 2 2 2 2 2 2 2 5.0 4.46 -11.0 4.4 4.4 4.4 4.4 4.4 4.4 0.012 0.008 0.192 0.002 0.013 0.052 2 2 2 2 2 2
1999-05-18T21:30:00 1999 5 18 21 30 0 -1.4 2.9 656.0 2.5 2.06 0.04 0.0 0.0 2 2 2 2 2 2 2 2 2.3 4.2 -10.0 2.9 2.9 2.9 2.9 2.9 2.9 0.008 0.004 0.186 0.001 0.004 0.022 2 2 2 2 2 2
1999-05-18T22:30:00 1999 5 18 22 30 0 -0.2 -0.3 647.0 2.9 2.26 0.02 0.09 0.03 2 2 2 2 2 2 2 2 2.3 3.93 -12.0 -0.3 -0.3 -0.3 -0.3 -0.3 -0.3 0.016 0.025 0.181 0.007 0.071 0.097 2 2 2 2 2 2
1999-05-18T23:30:00 1999 5 18 23 30 0 1.5 0.4 637.0 2.6 1.98 0.08 0.17 0.05 2 2 2 2 2 2 2 2 2.3 3.71 -15.0 0.4 0.4 0.4 0.4 0.4 0.4 0.015 0.02 0.176 0.005 0.038 0.068 2 2 2 2 2 2
