1999-08-09T00:30:00 1999 8 9 0 30 0 3.6 -7.5 413.0 4.1 1.31 13.3 15.74 6.96 2 2 2 2 2 2 2 2 3.7 2.98 -35.0 -7.5 -7.5 -7.5 -7.5 -7.5 -7.5 1.33 1.332 0.551 1.755 1.448 1.372 2 2 2 2 2 2
1999-08-09T01:30:00 1999 8 9 1 30 0 5.8 -5.4 411.0 5.9 1.89 11.71 13.11 6.59 2 2 2 2 2 2 2 2 3.7 3.34 -42.0 -5.4 -5.4 -5.4 -5.4 -5.4 -5.4 1.35 1.321 0.589 1.693 1.394 1.519 2 2 2 2 2 2
1999-08-09T02:30:00 1999 8 9 2 30 0 7.1 -1.4 412.0 7.3 2.33 7.24 6.65 4.33 2 2 2 2 2 2 2 2 3.7 3.46 -44.0 -1.4 -1.4 -1.4 -1.4 -1.4 -1.4 1.161 1.075 0.594 1.233 1.003 1.448 2 2 2 2 2 2
1999-08-09T03:30:00 1999 8 9 3 30 0 8.0 -2.4 401.0 3.3 0.95 6.43 3.94 1.96 2 2 2 2 2 2 2 2 3.3 3.53 -41.0 -2.4 -2.4 -2.4 -2.4 -2.4 -2.4 0.947 0.829 0.587 0.851 0.721 1.018 2 2 2 2 2 2
1999-08-09T04:30:00 1999 8 9 4 30 0 8.0 -1.5 399.0 3.1 0.89 6.79 3.82 1.22 2 2 2 2 2 2 2 2 3.3 3.6 -36.0 -1.5 -1.5 -1.5 -1.5 -1.5 -1.5 0.767 0.64 0.578 0.591 0.537 0.658 2 2 2 2 2 2
1999-08-09T05:30:00 1999 8 9 5 30 0 1.2 -8.0 391.0 5.3 1.46 8.48 9.89 4.47 2 2 2 2 2 2 2 2 3.3 3.54 -27.0 -8.0 -8.0 -8.0 -8.0 -8.0 -8.0 0.911 0.921 0.603 0.954 1.004 0.991 2 2 2 2 2 2
1999-08-09T06:30:00 1999 8 9 6 30 0 -2.9 -6.9 391.0 7.5 2.04 11.59 14.48 9.36 2 2 2 2 2 2 2 2 3.7 3.55 -35.0 -6.9 -6.9 -6.9 -6.9 -6.9 -6.9 1.17 1.283 0.651 1.462 1.402 1.683 2 2 2 2 2 2
1999-08-09T07:30:00 1999 8 9 7 30 0 -2.9 -6.5 387.0 11.7 3.08 10.25 12.99 12.67 2 2 2 2 2 2 2 2 3.7 3.55 -34.0 -6.5 -6.5 -6.5 -6.5 -6.5 -6.5 1.391 1.58 0.7 1.794 1.645 2.757 2 2 2 2 2 2
1999-08-09T08:30:00 1999 8 9 8 30 0 -2.0 -6.7 383.0 11.7 3.27 9.67 12.72 14.88 2 2 2 2 2 2 2 2 3.7 3.55 -33.0 -6.7 -6.7 -6.7 -6.7 -6.7 -6.7 1.567 1.782 0.749 2.023 1.762 3.481 2 2 2 2 2 2
1999-08-09T09:30:00 1999 8 9 9 30 0 -0.8 -7.2 381.0 12.9 3.75 10.1 13.31 16.45 2 2 2 2 2 2 2 2 3.3 3.5 -35.0 -7.2 -7.2 -7.2 -7.2 -7.2 -7.2 1.732 1.955 0.802 2.253 1.876 4.037 2 2 2 2 2 2
1999-08-09T10:30:00 1999 8 9 10 30 0 -1.8 -6.3 377.0 13.2 3.7 9.36 12.72 16.61 2 2 2 2 2 2 2 2 3.3 3.45 -43.0 -6.3 -6.3 -6.3 -6.3 -6.3 -6.3 1.816 2.014 0.849 2.302 1.851 4.267 2 2 2 2 2 2
1999-08-09T11:30:00 1999 8 9 11 30 0 7.3 -6.0 375.0 5.4 1.42 9.37 11.54 10.39 2 2 2 2 2 2 2 2 3.3 3.45 -47.0 -6.0 -6.0 -6.0 -6.0 -6.0 -6.0 1.721 1.778 0.875 2.04 1.525 3.045 2 2 2 2 2 2
1999-08-09T12:30:00 1999 8 9 12 30 0 8.5 -3.6 370.0 6.1 1.52 10.63 8.75 5.03 2 2 2 2 2 2 2 2 2.7 3.37 -45.0 -3.6 -3.6 -3.6 -3.6 -3.6 -3.6 1.491 1.427 0.878 1.572 1.138 1.968 2 2 2 2 2 2
1999-08-09T13:30:00 1999 8 9 13 30 0 9.1 -2.7 368.0 5.7 1.41 8.91 5.74 3.38 2 2 2 2 2 2 2 2 2.7 3.29 -40.0 -2.7 -2.7 -2.7 -2.7 -2.7 -2.7 1.242 1.13 0.869 1.14 0.859 1.379 2 2 2 2 2 2
1999-08-09T14:30:00 1999 8 9 14 30 0 9.4 -1.9 366.0 5.2 1.28 8.2 4.16 2.26 2 2 2 2 2 2 2 2 2.7 3.16 -39.0 -1.9 -1.9 -1.9 -1.9 -1.9 -1.9 1.01 0.886 0.854 0.802 0.653 0.991 2 2 2 2 2 2
1999-08-09T15:30:00 1999 8 9 15 30 0 9.2 0.0 362.0 6.2 1.64 6.52 1.59 0.88 2 2 2 2 2 2 2 2 2.3 2.99 -35.0 0.0 0.0 0.0 0.0 0.0 0.0 0.74 0.563 0.83 0.487 0.335 0.591 2 2 2 2 2 2
1999-08-09T16:30:00 1999 8 9 16 30 0 8.6 2.2 360.0 5.7 1.67 4.26 0.0 0.0 2 2 2 2 2 2 2 2 2.3 2.81 -30.0 2.2 2.2 2.2 2.2 2.2 2.2 0.501 0.28 0.805 0.273 0.106 0.245 2 2 2 2 2 2
1999-08-09T17:30:00 1999 8 9 17 30 0 7.6 4.3 360.0 4.4 1.17 2.44 0.0 0.0 2 2 2 2 2 2 2 2 2.3 2.69 -29.0 4.3 4.3 4.3 4.3 4.3 4.3 0.339 0.139 0.78 0.153 0.034 0.102 2 2 2 2 2 2
1999-08-09T18:30:00 1999 8 9 18 30 0 6.3 7.2 357.0 2.8 0.8 1.14 0.0 0.0 2 2 2 2 2 2 2 2 0.3 2.3 -29.0 7.2 7.2 7.2 7.2 7.2 7.2 0.23 0.069 0.757 0.086 0.011 0.042 2 2 2 2 2 2
1999-08-09T19:30:00 1999 8 9 19 30 0 5.0 7.1 349.0 3.4 0.91 0.52 0.0 0.0 2 2 2 2 2 2 2 2 0.3 1.92 -29.0 7.1 7.1 7.1 7.1 7.1 7.1 0.156 0.034 0.733 0.048 0.003 0.017 2 2 2 2 2 2
1999-08-09T20:30:00 1999 8 9 20 30 0 5.2 6.6 343.0 3.7 0.95 0.41 0.0 0.0 2 2 2 2 2 2 2 2 0.3 1.62 -30.0 6.6 6.6 6.6 6.6 6.6 6.6 0.105 0.017 0.711 0.027 0.001 0.007 2 2 2 2 2 2
1999-08-09T21:30:00 1999 8 9 21 30 0 4.9 6.5 342.0 3.7 0.95 0.4 0.0 0.0 2 2 2 2 2 2 2 2 0.3 1.32 -31.0 6.5 6.5 6.5 6.5 6.5 6.5 0.071 0.008 0.689 0.015 0.0 0.003 2 2 2 2 2 2
1999-08-09T22:30:00 1999 8 9 22 30 0 3.0 6.6 340.0 7.2 1.59 0.2 0.0 0.0 2 2 2 2 2 2 2 2 0.3 1.02 -25.0 6.6 6.6 6.6 6.6 6.6 6.6 0.048 0.004 0.668 0.008 0.0 0.001 2 2 2 2 2 2
1999-08-09T23:30:00 1999 8 9 23 30 0 3.1 6.4 338.0 8.0 1.74 0.1 0.0 0.0 2 2 2 2 2 2 2 2 0.3 0.78 -20.0 6.4 6.4 6.4 6.4 6.4 6.4 0.033 0.002 0.648 0.005 0.0 0.001 2 2 2 2 2 2
