1999-02-20T00:30:00 1999 2 20 0 30 0 2.3 4.3 489.0 0.8 0.35 0.06 0.0 0.0 2 2 2 2 2 2 2 2 0.3 2.91 -58.0 4.3 4.3 4.3 4.3 4.3 4.3 0.045 0.005 1.961 0.009 0.0 0.004 2 2 2 2 2 2
1999-02-20T01:30:00 1999 2 20 1 30 0 3.1 3.8 487.0 0.9 0.38 0.17 0.0 0.0 2 2 2 2 2 2 2 2 0.3 2.44 -56.0 3.8 3.8 3.8 3.8 3.8 3.8 0.031 0.002 1.901 0.005 0.0 0.002 2 2 2 2 2 2
1999-02-20T02:30:00 1999 2 20 2 30 0 2.6 3.4 456.0 1.4 0.53 0.2 0.0 0.0 2 2 2 2 2 2 2 2 0.3 2.01 -54.0 3.4 3.4 3.4 3.4 3.4 3.4 0.021 0.001 1.843 0.003 0.0 0.001 2 2 2 2 2 2
1999-02-20T03:30:00 1999 2 20 3 30 0 1.9 3.2 450.0 1.6 0.69 0.1 0.0 0.0 2 2 2 2 2 2 2 2 0.0 1.55 -52.0 3.2 3.2 3.2 3.2 3.2 3.2 0.014 0.001 1.787 0.002 0.0 0.0 2 2 2 2 2 2
1999-02-20T04:30:00 1999 2 20 4 30 0 1.9 3.0 444.0 2.1 0.87 0.07 0.0 0.0 2 2 2 2 2 2 2 2 0.0 1.09 -49.0 3.0 3.0 3.0 3.0 3.0 3.0 0.01 0.0 1.732 0.001 0.0 0.0 2 2 2 2 2 2
1999-02-20T05:30:00 1999 2 20 5 30 0 1.5 3.8 432.0 2.5 0.88 0.04 0.0 0.0 2 2 2 2 2 2 2 2 0.0 0.76 -47.0 3.8 3.8 3.8 3.8 3.8 3.8 0.006 0.0 1.679 0.001 0.0 0.0 2 2 2 2 2 2
1999-02-20T06:30:00 1999 2 20 6 30 0 2.0 4.1 426.0 2.2 0.73 0.04 0.0 0.0 2 2 2 2 2 2 2 2 0.3 0.47 -46.0 4.1 4.1 4.1 4.1 4.1 4.1 0.004 0.0 1.628 0.0 0.0 0.0 2 2 2 2 2 2
1999-02-20T07:30:00 1999 2 20 7 30 0 2.1 4.1 428.0 1.8 0.61 0.06 0.0 0.0 2 2 2 2 2 2 2 2 0.3 0.19 -47.0 4.1 4.1 4.1 4.1 4.1 4.1 0.003 0.0 1.578 0.0 0.0 0.0 2 2 2 2 2 2
1999-02-20T08:30:00 1999 2 20 8 30 0 1.7 4.6 436.0 1.8 0.63 0.05 0.0 0.0 2 2 2 2 2 2 2 2 0.3 0.19 -44.0 4.6 4.6 4.6 4.6 4.6 4.6 0.002 0.0 1.53 0.0 0.0 0.0 2 2 2 2 2 2
1999-02-20T09:30:00 1999 2 20 9 30 0 2.6 4.8 444.0 1.5 0.56 0.07 0.0 0.0 2 2 2 2 2 2 2 2 0.0 0.15 -40.0 4.8 4.8 4.8 4.8 4.8 4.8 0.001 0.0 1.483 0.0 0.0 0.0 2 2 2 2 2 2
1999-02-20T10:30:00 1999 2 20 10 30 0 3.6 3.8 436.0 1.6 0.59 0.22 0.0 0.0 2 2 2 2 2 2 2 2 0.0 0.11 -38.0 3.8 3.8 3.8 3.8 3.8 3.8 0.001 0.0 1.438 0.0 0.0 0.0 2 2 2 2 2 2
1999-02-20T11:30:00 1999 2 20 11 30 0 5.3 1.9 436.0 1.1 0.43 0.84 0.0 0.0 2 2 2 2 2 2 2 2 0.0 0.11 -38.0 1.9 1.9 1.9 1.9 1.9 1.9 0.001 0.0 1.394 0.0 0.0 0.0 2 2 2 2 2 2
1999-02-20T12:30:00 1999 2 20 12 30 0 5.5 1.1 433.0 1.0 0.36 1.68 0.0 0.0 2 2 2 2 2 2 2 2 0.7 0.2 -38.0 1.1 1.1 1.1 1.1 1.1 1.1 0.0 0.0 1.352 0.0 0.0 0.0 2 2 2 2 2 2
1999-02-20T13:30:00 1999 2 20 13 30 0 4.9 2.2 425.0 0.9 0.31 1.43 0.0 0.0 2 2 2 2 2 2 2 2 0.7 0.29 -39.0 2.2 2.2 2.2 2.2 2.2 2.2 0.0 0.0 1.31 0.0 0.0 0.0 2 2 2 2 2 2
1999-02-20T14:30:00 1999 2 20 14 30 0 4.4 1.2 408.0 0.9 0.29 1.07 0.0 0.0 2 2 2 2 2 2 2 2 0.7 0.34 -38.0 1.2 1.2 1.2 1.2 1.2 1.2 0.0 0.0 1.27 0.0 0.0 0.0 2 2 2 2 2 2
1999-02-20T15:30:00 1999 2 20 15 30 0 4.5 0.7 406.0 0.9 0.3 1.19 0.0 0.0 2 2 2 2 2 2 2 2 1.0 0.43 -38.0 0.7 0.7 0.7 0.7 0.7 0.7 0.0 0.0 1.232 0.0 0.0 0.0 2 2 2 2 2 2
1999-02-20T16:30:00 1999 2 20 16 30 0 5.4 -0.4 419.0 0.9 0.32 1.98 0.19 0.02 2 2 2 2 2 2 2 2 1.0 0.52 -38.0 -0.4 -0.4 -0.4 -0.4 -0.4 -0.4 0.008 0.021 1.194 0.004 0.035 0.011 2 2 2 2 2 2
1999-02-20T17:30:00 1999 2 20 17 30 0 5.3 1.4 427.0 1.4 0.49 2.04 0.06 0.01 2 2 2 2 2 2 2 2 1.0 0.65 -36.0 1.4 1.4 1.4 1.4 1.4 1.4 0.006 0.01 1.158 0.002 0.011 0.005 2 2 2 2 2 2
1999-02-20T18:30:00 1999 2 20 18 30 0 5.2 -1.4 446.0 2.6 0.97 2.51 0.91 0.22 2 2 2 2 2 2 2 2 2.3 0.94 -31.0 -1.4 -1.4 -1.4 -1.4 -1.4 -1.4 0.047 0.092 1.125 0.037 0.156 0.106 2 2 2 2 2 2
1999-02-20T19:30:00 1999 2 20 19 30 0 4.0 -2.8 445.0 2.9 1.07 3.81 4.81 1.34 2 2 2 2 2 2 2 2 2.3 1.23 -33.0 -2.8 -2.8 -2.8 -2.8 -2.8 -2.8 0.193 0.31 1.105 0.197 0.483 0.35 2 2 2 2 2 2
1999-02-20T20:30:00 1999 2 20 20 30 0 4.9 0.5 450.0 2.6 0.98 2.64 2.4 0.67 2 2 2 2 2 2 2 2 2.3 1.43 -37.0 0.5 0.5 0.5 0.5 0.5 0.5 0.189 0.254 1.075 0.158 0.295 0.267 2 2 2 2 2 2
1999-02-20T21:30:00 1999 2 20 21 30 0 4.9 1.2 437.0 3.3 1.17 1.62 0.0 0.0 2 2 2 2 2 2 2 2 1.3 1.5 -37.0 1.2 1.2 1.2 1.2 1.2 1.2 0.128 0.126 1.043 0.089 0.093 0.111 2 2 2 2 2 2
1999-02-20T22:30:00 1999 2 20 22 30 0 3.6 2.3 420.0 3.2 1.06 0.86 0.0 0.0 2 2 2 2 2 2 2 2 1.3 1.57 -38.0 2.3 2.3 2.3 2.3 2.3 2.3 0.087 0.063 1.011 0.05 0.03 0.046 2 2 2 2 2 2
1999-02-20T23:30:00 1999 2 20 23 30 0 3.9 3.1 419.0 3.6 1.21 0.48 0.0 0.0 2 2 2 2 2 2 2 2 1.3 1.6 -37.0 3.1 3.1 3.1 3.1 3.1 3.1 0.059 0.031 0.98 0.028 0.009 0.019 2 2 2 2 2 2
