1999-04-26T00:30:00 1999 4 26 0 30 0 3.1 2.2 373.0 7.9 1.98 0.57 0.0 0.0 2 2 2 2 2 2 2 2 1.3 1.68 9.0 2.2 2.2 2.2 2.2 2.2 2.2 0.009 0.004 0.039 0.001 0.001 0.003 2 2 2 2 2 2
1999-04-26T01:30:00 1999 4 26 1 30 0 2.8 1.8 369.0 6.9 1.67 0.28 0.0 0.0 2 2 2 2 2 2 2 2 1.3 1.68 7.0 1.8 1.8 1.8 1.8 1.8 1.8 0.006 0.002 0.038 0.001 0.0 0.001 2 2 2 2 2 2
1999-04-26T02:30:00 1999 4 26 2 30 0 1.5 2.0 361.0 6.4 1.53 0.12 0.0 0.0 2 2 2 2 2 2 2 2 1.3 1.67 7.0 2.0 2.0 2.0 2.0 2.0 2.0 0.004 0.001 0.037 0.0 0.0 0.001 2 2 2 2 2 2
1999-04-26T03:30:00 1999 4 26 3 30 0 0.6 2.1 356.0 6.4 1.52 0.02 0.0 0.0 2 2 2 2 2 2 2 2 0.3 1.54 7.0 2.1 2.1 2.1 2.1 2.1 2.1 0.003 0.0 0.036 0.0 0.0 0.0 2 2 2 2 2 2
1999-04-26T04:30:00 1999 4 26 4 30 0 0.5 3.1 358.0 7.6 1.8 0.0 0.0 0.0 2 2 2 2 2 2 2 2 0.3 1.4 8.0 3.1 3.1 3.1 3.1 3.1 3.1 0.002 0.0 0.035 0.0 0.0 0.0 2 2 2 2 2 2
1999-04-26T05:30:00 1999 4 26 5 30 0 -1.3 3.1 368.0 8.4 2.1 0.0 0.0 0.0 2 2 2 2 2 2 2 2 0.3 1.15 11.0 3.1 3.1 3.1 3.1 3.1 3.1 0.001 0.0 0.034 0.0 0.0 0.0 2 2 2 2 2 2
1999-04-26T06:30:00 1999 4 26 6 30 0 3.0 3.3 371.0 7.8 1.93 0.04 0.0 0.0 2 2 2 2 2 2 2 2 0.7 0.96 14.0 3.3 3.3 3.3 3.3 3.3 3.3 0.001 0.0 0.033 0.0 0.0 0.0 2 2 2 2 2 2
1999-04-26T07:30:00 1999 4 26 7 30 0 4.2 1.1 378.0 9.3 2.35 0.51 0.0 0.0 2 2 2 2 2 2 2 2 0.7 0.77 18.0 1.1 1.1 1.1 1.1 1.1 1.1 0.001 0.0 0.032 0.0 0.0 0.0 2 2 2 2 2 2
1999-04-26T08:30:00 1999 4 26 8 30 0 3.5 2.6 379.0 8.8 2.29 0.58 0.0 0.0 2 2 2 2 2 2 2 2 0.7 0.69 16.0 2.6 2.6 2.6 2.6 2.6 2.6 0.0 0.0 0.031 0.0 0.0 0.0 2 2 2 2 2 2
1999-04-26T09:30:00 1999 4 26 9 30 0 -0.2 1.4 393.0 12.0 3.26 0.09 0.0 0.0 2 2 2 2 2 2 2 2 2.3 0.83 17.0 1.4 1.4 1.4 1.4 1.4 1.4 0.0 0.0 0.03 0.0 0.0 0.0 2 2 2 2 2 2
1999-04-26T10:30:00 1999 4 26 10 30 0 -4.4 1.5 415.0 6.2 1.88 0.34 0.0 0.0 2 2 2 2 2 2 2 2 2.3 0.97 11.0 1.5 1.5 1.5 1.5 1.5 1.5 0.0 0.0 0.029 0.0 0.0 0.0 2 2 2 2 2 2
1999-04-26T11:30:00 1999 4 26 11 30 0 -6.5 1.6 391.0 0.7 0.18 1.62 0.0 0.0 2 2 2 2 2 2 2 2 2.3 1.23 2.0 1.6 1.6 1.6 1.6 1.6 1.6 0.0 0.0 0.028 0.0 0.0 0.0 2 2 2 2 2 2
1999-04-26T12:30:00 1999 4 26 12 30 0 -7.0 0.0 384.0 1.5 0.44 2.88 0.0 0.0 2 2 2 2 2 2 2 2 2.3 1.47 4.0 0.0 0.0 0.0 0.0 0.0 0.0 0.0 0.0 0.027 0.0 0.0 0.0 2 2 2 2 2 2
1999-04-26T13:30:00 1999 4 26 13 30 0 -7.0 -2.4 392.0 3.9 1.02 4.81 2.53 0.8 2 2 2 2 2 2 2 2 2.3 1.72 8.0 -2.4 -2.4 -2.4 -2.4 -2.4 -2.4 0.109 0.213 0.033 0.103 0.294 0.225 2 2 2 2 2 2
1999-04-26T14:30:00 1999 4 26 14 30 0 -7.0 0.5 397.0 1.8 0.48 4.43 1.76 0.57 2 2 2 2 2 2 2 2 2.3 1.92 2.0 0.5 0.5 0.5 0.5 0.5 0.5 0.12 0.194 0.035 0.091 0.196 0.181 2 2 2 2 2 2
1999-04-26T15:30:00 1999 4 26 15 30 0 -4.9 -0.4 375.0 1.4 0.39 2.56 0.2 0.03 2 2 2 2 2 2 2 2 2.3 2.11 1.0 -0.4 -0.4 -0.4 -0.4 -0.4 -0.4 0.091 0.123 0.034 0.055 0.1 0.092 2 2 2 2 2 2
1999-04-26T16:30:00 1999 4 26 16 30 0 -7.1 -3.3 456.0 1.6 0.67 5.15 4.22 0.65 2 2 2 2 2 2 2 2 2.3 2.3 2.0 -3.3 -3.3 -3.3 -3.3 -3.3 -3.3 0.186 0.26 0.043 0.169 0.366 0.173 2 2 2 2 2 2
1999-04-26T17:30:00 1999 4 26 17 30 0 -7.3 -6.0 466.0 1.3 0.56 12.21 11.0 1.57 2 2 2 2 2 2 2 2 2.3 2.3 -4.0 -6.0 -6.0 -6.0 -6.0 -6.0 -6.0 0.376 0.454 0.075 0.47 0.705 0.276 2 2 2 2 2 2
1999-04-26T18:30:00 1999 4 26 18 30 0 -7.4 -3.3 450.0 1.3 0.53 11.8 10.39 1.35 2 2 2 2 2 2 2 2 2.0 2.26 -16.0 -3.3 -3.3 -3.3 -3.3 -3.3 -3.3 0.46 0.499 0.098 0.542 0.694 0.274 2 2 2 2 2 2
1999-04-26T19:30:00 1999 4 26 19 30 0 -6.4 -5.5 470.0 1.2 0.53 11.02 10.37 1.29 2 2 2 2 2 2 2 2 2.0 2.22 -20.0 -5.5 -5.5 -5.5 -5.5 -5.5 -5.5 0.537 0.542 0.124 0.632 0.757 0.283 2 2 2 2 2 2
1999-04-26T20:30:00 1999 4 26 20 30 0 -7.9 -4.6 428.0 0.6 0.22 12.33 11.22 1.0 2 2 2 2 2 2 2 2 2.0 2.18 -23.0 -4.6 -4.6 -4.6 -4.6 -4.6 -4.6 0.554 0.51 0.144 0.621 0.649 0.205 2 2 2 2 2 2
1999-04-26T21:30:00 1999 4 26 21 30 0 -7.8 -4.2 414.0 0.5 0.17 11.12 9.22 0.5 2 2 2 2 2 2 2 2 1.0 2.01 -22.0 -4.2 -4.2 -4.2 -4.2 -4.2 -4.2 0.514 0.437 0.154 0.527 0.502 0.127 2 2 2 2 2 2
1999-04-26T22:30:00 1999 4 26 22 30 0 -8.0 -3.6 407.0 0.4 0.13 9.96 7.95 0.36 2 2 2 2 2 2 2 2 1.0 1.85 -19.0 -3.6 -3.6 -3.6 -3.6 -3.6 -3.6 0.46 0.369 0.16 0.43 0.398 0.081 2 2 2 2 2 2
1999-04-26T23:30:00 1999 4 26 23 30 0 -7.6 -3.8 406.0 0.4 0.13 9.39 7.54 0.3 2 2 2 2 2 2 2 2 1.0 1.68 -17.0 -3.8 -3.8 -3.8 -3.8 -3.8 -3.8 0.418 0.329 0.166 0.367 0.355 0.059 2 2 2 2 2 2
