1999-09-09T00:30:00 1999 9 9 0 30 0 -2.9 3.6 406.0 7.7 2.4 0.55 1.0 0.8 2 2 2 2 2 2 2 2 2.7 2.11 -7.0 3.6 3.6 3.6 3.6 3.6 3.6 0.196 0.267 0.237 0.152 0.233 0.501 2 2 2 2 2 2
1999-09-09T01:30:00 1999 9 9 1 30 0 -3.2 2.6 397.0 7.9 2.35 0.24 0.0 0.0 2 2 2 2 2 2 2 2 2.7 2.08 -1.0 2.6 2.6 2.6 2.6 2.6 2.6 0.133 0.132 0.23 0.085 0.074 0.208 2 2 2 2 2 2
1999-09-09T02:30:00 1999 9 9 2 30 0 -3.4 -0.3 388.0 6.7 1.91 0.61 0.06 0.04 2 2 2 2 2 2 2 2 2.7 2.29 -2.0 -0.3 -0.3 -0.3 -0.3 -0.3 -0.3 0.1 0.097 0.223 0.052 0.067 0.162 2 2 2 2 2 2
1999-09-09T03:30:00 1999 9 9 3 30 0 -6.2 1.3 399.0 7.3 2.18 1.6 0.03 0.02 2 2 2 2 2 2 2 2 2.0 2.41 -5.0 1.3 1.3 1.3 1.3 1.3 1.3 0.068 0.048 0.216 0.029 0.021 0.067 2 2 2 2 2 2
1999-09-09T04:30:00 1999 9 9 4 30 0 -5.4 3.4 410.0 8.0 2.53 1.48 0.0 0.0 2 2 2 2 2 2 2 2 2.0 2.52 -3.0 3.4 3.4 3.4 3.4 3.4 3.4 0.046 0.024 0.21 0.016 0.007 0.028 2 2 2 2 2 2
1999-09-09T05:30:00 1999 9 9 5 30 0 -4.1 2.7 387.0 8.3 2.34 0.75 0.0 0.0 2 2 2 2 2 2 2 2 2.0 2.43 -1.0 2.7 2.7 2.7 2.7 2.7 2.7 0.031 0.012 0.203 0.009 0.002 0.012 2 2 2 2 2 2
1999-09-09T06:30:00 1999 9 9 6 30 0 -2.0 -2.6 386.0 8.0 2.25 0.97 1.44 1.16 2 2 2 2 2 2 2 2 2.0 2.34 0.0 -2.6 -2.6 -2.6 -2.6 -2.6 -2.6 0.124 0.223 0.204 0.113 0.3 0.468 2 2 2 2 2 2
1999-09-09T07:30:00 1999 9 9 7 30 0 -5.3 3.6 401.0 9.3 2.83 1.01 0.85 0.7 2 2 2 2 2 2 2 2 2.0 2.25 -1.0 3.6 3.6 3.6 3.6 3.6 3.6 0.108 0.158 0.199 0.08 0.143 0.296 2 2 2 2 2 2
1999-09-09T08:30:00 1999 9 9 8 30 0 -5.3 1.4 402.0 8.6 2.64 1.2 0.0 0.0 2 2 2 2 2 2 2 2 2.0 2.17 1.0 1.4 1.4 1.4 1.4 1.4 1.4 0.073 0.078 0.193 0.045 0.045 0.123 2 2 2 2 2 2
1999-09-09T09:30:00 1999 9 9 9 30 0 -4.5 1.9 398.0 9.4 2.78 1.16 0.0 0.0 2 2 2 2 2 2 2 2 1.7 2.04 2.0 1.9 1.9 1.9 1.9 1.9 1.9 0.049 0.039 0.187 0.025 0.014 0.051 2 2 2 2 2 2
1999-09-09T10:30:00 1999 9 9 10 30 0 -2.5 5.7 399.0 9.3 2.74 0.32 0.0 0.0 2 2 2 2 2 2 2 2 1.7 1.92 5.0 5.7 5.7 5.7 5.7 5.7 5.7 0.033 0.019 0.181 0.014 0.005 0.021 2 2 2 2 2 2
1999-09-09T11:30:00 1999 9 9 11 30 0 -1.9 6.4 399.0 8.4 2.45 0.05 0.0 0.0 2 2 2 2 2 2 2 2 1.7 1.88 7.0 6.4 6.4 6.4 6.4 6.4 6.4 0.023 0.01 0.176 0.008 0.001 0.009 2 2 2 2 2 2
1999-09-09T12:30:00 1999 9 9 12 30 0 -1.4 5.8 402.0 7.0 2.04 0.02 0.0 0.0 2 2 2 2 2 2 2 2 3.7 2.11 8.0 5.8 5.8 5.8 5.8 5.8 5.8 0.015 0.005 0.17 0.004 0.0 0.004 2 2 2 2 2 2
1999-09-09T13:30:00 1999 9 9 13 30 0 1.1 4.8 400.0 17.3 5.1 0.0 0.0 0.0 2 2 2 2 2 2 2 2 3.7 2.33 20.0 4.8 4.8 4.8 4.8 4.8 4.8 0.01 0.002 0.165 0.002 0.0 0.002 2 2 2 2 2 2
1999-09-09T14:30:00 1999 9 9 14 30 0 -2.8 3.5 400.0 14.2 4.11 0.04 0.0 0.0 2 2 2 2 2 2 2 2 3.7 2.55 16.0 3.5 3.5 3.5 3.5 3.5 3.5 0.007 0.001 0.16 0.001 0.0 0.001 2 2 2 2 2 2
1999-09-09T15:30:00 1999 9 9 15 30 0 -2.6 3.8 403.0 12.2 3.56 0.14 0.0 0.0 2 2 2 2 2 2 2 2 1.7 2.5 15.0 3.8 3.8 3.8 3.8 3.8 3.8 0.005 0.001 0.155 0.001 0.0 0.0 2 2 2 2 2 2
1999-09-09T16:30:00 1999 9 9 16 30 0 -2.3 2.7 423.0 9.7 3.08 0.12 0.0 0.0 2 2 2 2 2 2 2 2 1.7 2.45 14.0 2.7 2.7 2.7 2.7 2.7 2.7 0.003 0.0 0.15 0.0 0.0 0.0 2 2 2 2 2 2
1999-09-09T17:30:00 1999 9 9 17 30 0 -8.7 -0.8 418.0 5.6 1.74 2.69 0.27 0.15 2 2 2 2 2 2 2 2 1.7 2.44 4.0 -0.8 -0.8 -0.8 -0.8 -0.8 -0.8 0.025 0.056 0.147 0.017 0.089 0.122 2 2 2 2 2 2
1999-09-09T18:30:00 1999 9 9 18 30 0 -8.1 2.3 411.0 5.7 1.7 4.63 0.15 0.08 2 2 2 2 2 2 2 2 1.7 2.43 -1.0 2.3 2.3 2.3 2.3 2.3 2.3 0.018 0.031 0.142 0.01 0.032 0.06 2 2 2 2 2 2
1999-09-09T19:30:00 1999 9 9 19 30 0 -7.0 2.1 413.0 7.9 2.48 2.85 0.0 0.0 2 2 2 2 2 2 2 2 1.7 2.42 3.0 2.1 2.1 2.1 2.1 2.1 2.1 0.012 0.015 0.138 0.005 0.01 0.025 2 2 2 2 2 2
1999-09-09T20:30:00 1999 9 9 20 30 0 -7.3 3.6 427.0 7.1 2.34 2.3 0.0 0.0 2 2 2 2 2 2 2 2 1.7 2.18 7.0 3.6 3.6 3.6 3.6 3.6 3.6 0.008 0.008 0.134 0.003 0.003 0.01 2 2 2 2 2 2
1999-09-09T21:30:00 1999 9 9 21 30 0 -7.3 2.4 428.0 7.0 2.3 2.43 0.0 0.0 2 2 2 2 2 2 2 2 1.0 1.85 10.0 2.4 2.4 2.4 2.4 2.4 2.4 0.006 0.004 0.13 0.002 0.001 0.004 2 2 2 2 2 2
1999-09-09T22:30:00 1999 9 9 22 30 0 -7.0 2.1 428.0 7.7 2.65 2.62 0.0 0.0 2 2 2 2 2 2 2 2 1.0 1.52 11.0 2.1 2.1 2.1 2.1 2.1 2.1 0.004 0.002 0.126 0.001 0.0 0.002 2 2 2 2 2 2
1999-09-09T23:30:00 1999 9 9 23 30 0 -4.9 0.9 426.0 9.1 3.11 1.99 0.0 0.0 2 2 2 2 2 2 2 2 1.0 1.43 9.0 0.9 0.9 0.9 0.9 0.9 0.9 0.003 0.001 0.122 0.001 0.0 0.001 2 2 2 2 2 2
