1999-12-21T00:30:00 1999 12 21 0 30 0 0.6 1.1 354.0 4.4 1.01 0.01 0.01 0.01 2 2 2 2 2 2 2 2 0.3 1.07 6.0 1.1 1.1 1.1 1.1 1.1 1.1 0.164 0.173 0.08 0.09 0.091 0.148 2 2 2 2 2 2
1999-12-21T01:30:00 1999 12 21 1 30 0 -1.3 0.2 355.0 4.5 1.04 0.02 0.0 0.0 2 2 2 2 2 2 2 2 0.3 0.97 8.0 0.2 0.2 0.2 0.2 0.2 0.2 0.111 0.086 0.077 0.051 0.029 0.062 2 2 2 2 2 2
1999-12-21T02:30:00 1999 12 21 2 30 0 -1.9 0.0 352.0 4.5 1.02 0.19 0.0 0.0 2 2 2 2 2 2 2 2 0.3 0.92 7.0 0.0 0.0 0.0 0.0 0.0 0.0 0.075 0.043 0.075 0.028 0.009 0.026 2 2 2 2 2 2
1999-12-21T03:30:00 1999 12 21 3 30 0 -2.6 -0.4 356.0 4.3 1.0 0.45 0.38 0.17 2 2 2 2 2 2 2 2 0.3 0.86 7.0 -0.4 -0.4 -0.4 -0.4 -0.4 -0.4 0.075 0.093 0.073 0.026 0.084 0.108 2 2 2 2 2 2
1999-12-21T04:30:00 1999 12 21 4 30 0 -2.5 0.1 356.0 4.1 0.96 0.52 0.26 0.11 2 2 2 2 2 2 2 2 0.3 0.81 8.0 0.1 0.1 0.1 0.1 0.1 0.1 0.06 0.075 0.071 0.018 0.054 0.084 2 2 2 2 2 2
1999-12-21T05:30:00 1999 12 21 5 30 0 -1.9 -0.9 367.0 3.6 0.91 0.5 0.81 0.3 2 2 2 2 2 2 2 2 0.3 0.64 8.0 -0.9 -0.9 -0.9 -0.9 -0.9 -0.9 0.084 0.147 0.07 0.036 0.151 0.161 2 2 2 2 2 2
1999-12-21T06:30:00 1999 12 21 6 30 0 -0.4 -0.2 363.0 3.7 0.89 0.22 0.95 0.35 2 2 2 2 2 2 2 2 1.0 0.56 6.0 -0.2 -0.2 -0.2 -0.2 -0.2 -0.2 0.093 0.163 0.069 0.038 0.148 0.17 2 2 2 2 2 2
1999-12-21T07:30:00 1999 12 21 7 30 0 -0.9 -1.7 346.0 4.4 0.95 0.32 1.78 0.74 2 2 2 2 2 2 2 2 1.0 0.48 6.0 -1.7 -1.7 -1.7 -1.7 -1.7 -1.7 0.149 0.275 0.071 0.088 0.269 0.274 2 2 2 2 2 2
1999-12-21T08:30:00 1999 12 21 8 30 0 -0.7 -0.9 340.0 4.8 1.01 0.42 2.17 1.0 2 2 2 2 2 2 2 2 1.0 0.57 7.0 -0.9 -0.9 -0.9 -0.9 -0.9 -0.9 0.189 0.334 0.073 0.113 0.293 0.325 2 2 2 2 2 2
1999-12-21T09:30:00 1999 12 21 9 30 0 -0.8 1.1 348.0 3.9 0.88 0.05 0.28 0.13 2 2 2 2 2 2 2 2 0.7 0.62 7.0 1.1 1.1 1.1 1.1 1.1 1.1 0.135 0.184 0.071 0.067 0.108 0.156 2 2 2 2 2 2
1999-12-21T10:30:00 1999 12 21 10 30 0 -1.1 1.4 356.0 3.7 0.89 0.02 0.0 0.0 2 2 2 2 2 2 2 2 0.7 0.67 8.0 1.4 1.4 1.4 1.4 1.4 1.4 0.092 0.092 0.069 0.037 0.034 0.065 2 2 2 2 2 2
1999-12-21T11:30:00 1999 12 21 11 30 0 -0.3 1.0 357.0 3.7 0.9 0.01 0.0 0.0 2 2 2 2 2 2 2 2 0.7 0.72 10.0 1.0 1.0 1.0 1.0 1.0 1.0 0.062 0.045 0.067 0.021 0.011 0.027 2 2 2 2 2 2
1999-12-21T12:30:00 1999 12 21 12 30 0 -0.5 0.6 357.0 3.5 0.87 0.0 0.0 0.0 2 2 2 2 2 2 2 2 0.0 0.67 12.0 0.6 0.6 0.6 0.6 0.6 0.6 0.042 0.023 0.065 0.012 0.003 0.011 2 2 2 2 2 2
1999-12-21T13:30:00 1999 12 21 13 30 0 -1.8 0.7 354.0 3.7 0.9 0.06 0.0 0.0 2 2 2 2 2 2 2 2 0.0 0.63 10.0 0.7 0.7 0.7 0.7 0.7 0.7 0.028 0.011 0.063 0.007 0.001 0.005 2 2 2 2 2 2
1999-12-21T14:30:00 1999 12 21 14 30 0 -0.8 0.9 348.0 3.9 0.92 0.06 0.0 0.0 2 2 2 2 2 2 2 2 0.0 0.5 10.0 0.9 0.9 0.9 0.9 0.9 0.9 0.019 0.006 0.061 0.004 0.0 0.002 2 2 2 2 2 2
1999-12-21T15:30:00 1999 12 21 15 30 0 -1.8 -1.3 351.0 3.8 0.93 0.26 0.77 0.29 2 2 2 2 2 2 2 2 0.7 0.47 10.0 -1.3 -1.3 -1.3 -1.3 -1.3 -1.3 0.058 0.115 0.061 0.034 0.134 0.116 2 2 2 2 2 2
1999-12-21T16:30:00 1999 12 21 16 30 0 -2.4 -1.3 350.0 4.1 1.0 0.85 2.28 0.9 2 2 2 2 2 2 2 2 0.7 0.44 9.0 -1.3 -1.3 -1.3 -1.3 -1.3 -1.3 0.132 0.258 0.063 0.09 0.267 0.246 2 2 2 2 2 2
1999-12-21T17:30:00 1999 12 21 17 30 0 0.9 -2.3 345.0 4.6 1.06 0.86 3.2 1.4 2 2 2 2 2 2 2 2 0.7 0.44 8.0 -2.3 -2.3 -2.3 -2.3 -2.3 -2.3 0.226 0.407 0.069 0.175 0.395 0.379 2 2 2 2 2 2
1999-12-21T18:30:00 1999 12 21 18 30 0 -2.6 0.1 345.0 4.1 0.96 0.48 1.74 0.77 2 2 2 2 2 2 2 2 0.7 0.44 9.0 0.1 0.1 0.1 0.1 0.1 0.1 0.209 0.32 0.069 0.137 0.241 0.277 2 2 2 2 2 2
1999-12-21T19:30:00 1999 12 21 19 30 0 -0.9 -1.2 337.0 4.7 1.03 0.38 1.02 0.46 2 2 2 2 2 2 2 2 0.7 0.45 10.0 -1.2 -1.2 -1.2 -1.2 -1.2 -1.2 0.199 0.306 0.069 0.115 0.236 0.277 2 2 2 2 2 2
1999-12-21T20:30:00 1999 12 21 20 30 0 -1.1 -0.6 338.0 4.6 1.01 0.28 1.48 0.69 2 2 2 2 2 2 2 2 0.7 0.53 9.0 -0.6 -0.6 -0.6 -0.6 -0.6 -0.6 0.198 0.305 0.069 0.103 0.231 0.281 2 2 2 2 2 2
1999-12-21T21:30:00 1999 12 21 21 30 0 -1.4 0.4 330.0 4.8 0.98 0.13 0.26 0.12 2 2 2 2 2 2 2 2 0.3 0.56 8.0 0.4 0.4 0.4 0.4 0.4 0.4 0.143 0.177 0.068 0.061 0.095 0.148 2 2 2 2 2 2
1999-12-21T22:30:00 1999 12 21 22 30 0 -1.2 -0.2 338.0 5.6 1.2 0.11 0.07 0.04 2 2 2 2 2 2 2 2 0.3 0.6 8.0 -0.2 -0.2 -0.2 -0.2 -0.2 -0.2 0.104 0.116 0.066 0.036 0.061 0.109 2 2 2 2 2 2
1999-12-21T23:30:00 1999 12 21 23 30 0 -2.1 -0.4 323.0 5.0 1.01 0.27 0.51 0.27 2 2 2 2 2 2 2 2 0.3 0.54 10.0 -0.4 -0.4 -0.4 -0.4 -0.4 -0.4 0.1 0.147 0.064 0.033 0.108 0.16 2 2 2 2 2 2
