1999-06-09T00:30:00 1999 6 9 0 30 0 -6.0 -2.1 505.0 3.1 1.49 3.88 1.43 0.43 2 2 2 2 2 2 2 2 2.7 2.29 4.0 -2.1 -2.1 -2.1 -2.1 -2.1 -2.1 0.119 0.13 0.233 0.087 0.261 0.223 2 2 2 2 2 2
1999-06-09T01:30:00 1999 6 9 1 30 0 -5.1 -4.3 512.0 2.7 1.3 7.51 8.38 2.4 2 2 2 2 2 2 2 2 2.7 2.18 5.0 -4.3 -4.3 -4.3 -4.3 -4.3 -4.3 0.341 0.425 0.259 0.409 0.803 0.623 2 2 2 2 2 2
1999-06-09T02:30:00 1999 6 9 2 30 0 -5.5 -2.8 595.0 1.8 1.19 8.28 9.66 2.16 2 2 2 2 2 2 2 2 2.7 2.23 -4.0 -2.8 -2.8 -2.8 -2.8 -2.8 -2.8 0.469 0.513 0.287 0.555 0.948 0.698 2 2 2 2 2 2
1999-06-09T03:30:00 1999 6 9 3 30 0 -5.8 3.9 628.0 1.5 1.18 3.49 1.41 0.25 2 2 2 2 2 2 2 2 3.0 2.32 -16.0 3.9 3.9 3.9 3.9 3.9 3.9 0.337 0.281 0.281 0.327 0.353 0.329 2 2 2 2 2 2
1999-06-09T04:30:00 1999 6 9 4 30 0 -4.8 2.6 614.0 1.7 1.28 1.5 0.0 0.0 2 2 2 2 2 2 2 2 3.0 2.42 -18.0 2.6 2.6 2.6 2.6 2.6 2.6 0.228 0.139 0.272 0.183 0.112 0.137 2 2 2 2 2 2
1999-06-09T05:30:00 1999 6 9 5 30 0 -3.1 2.3 576.0 1.7 1.13 0.81 0.0 0.0 2 2 2 2 2 2 2 2 3.0 2.58 -12.0 2.3 2.3 2.3 2.3 2.3 2.3 0.155 0.069 0.264 0.103 0.035 0.057 2 2 2 2 2 2
1999-06-09T06:30:00 1999 6 9 6 30 0 0.8 5.4 603.0 2.0 1.45 0.06 0.0 0.0 2 2 2 2 2 2 2 2 1.3 2.51 -6.0 5.4 5.4 5.4 5.4 5.4 5.4 0.105 0.034 0.256 0.057 0.011 0.024 2 2 2 2 2 2
1999-06-09T07:30:00 1999 6 9 7 30 0 -0.5 4.8 605.0 1.7 1.24 0.0 0.0 0.0 2 2 2 2 2 2 2 2 1.3 2.45 -3.0 4.8 4.8 4.8 4.8 4.8 4.8 0.071 0.017 0.248 0.032 0.004 0.01 2 2 2 2 2 2
1999-06-09T08:30:00 1999 6 9 8 30 0 -0.8 4.9 613.0 1.6 1.2 0.0 0.0 0.0 2 2 2 2 2 2 2 2 1.3 2.27 -2.0 4.9 4.9 4.9 4.9 4.9 4.9 0.048 0.008 0.24 0.018 0.001 0.004 2 2 2 2 2 2
1999-06-09T09:30:00 1999 6 9 9 30 0 -1.8 3.1 594.0 1.5 1.06 0.03 0.0 0.0 2 2 2 2 2 2 2 2 0.7 2.01 0.0 3.1 3.1 3.1 3.1 3.1 3.1 0.032 0.004 0.233 0.01 0.0 0.002 2 2 2 2 2 2
1999-06-09T10:30:00 1999 6 9 10 30 0 -3.0 1.2 593.0 1.2 0.84 0.3 0.0 0.0 2 2 2 2 2 2 2 2 0.7 1.76 -1.0 1.2 1.2 1.2 1.2 1.2 1.2 0.022 0.002 0.226 0.006 0.0 0.001 2 2 2 2 2 2
1999-06-09T11:30:00 1999 6 9 11 30 0 -3.8 0.4 583.0 1.1 0.75 1.04 0.0 0.0 2 2 2 2 2 2 2 2 0.7 1.47 -5.0 0.4 0.4 0.4 0.4 0.4 0.4 0.015 0.001 0.219 0.003 0.0 0.0 2 2 2 2 2 2
1999-06-09T12:30:00 1999 6 9 12 30 0 -3.3 -0.4 569.0 1.1 0.71 1.48 0.33 0.04 2 2 2 2 2 2 2 2 2.7 1.46 -6.0 -0.4 -0.4 -0.4 -0.4 -0.4 -0.4 0.023 0.027 0.213 0.009 0.068 0.034 2 2 2 2 2 2
1999-06-09T13:30:00 1999 6 9 13 30 0 -4.3 0.0 574.0 1.1 0.72 1.83 0.52 0.06 2 2 2 2 2 2 2 2 2.7 1.44 -7.0 0.0 0.0 0.0 0.0 0.0 0.0 0.027 0.036 0.207 0.009 0.068 0.042 2 2 2 2 2 2
1999-06-09T14:30:00 1999 6 9 14 30 0 -4.3 -1.0 570.0 1.2 0.78 2.57 1.55 0.18 2 2 2 2 2 2 2 2 2.7 1.62 -5.0 -1.0 -1.0 -1.0 -1.0 -1.0 -1.0 0.064 0.097 0.204 0.039 0.214 0.109 2 2 2 2 2 2
1999-06-09T15:30:00 1999 6 9 15 30 0 -4.4 1.1 566.0 1.2 0.77 2.1 0.56 0.07 2 2 2 2 2 2 2 2 4.0 1.97 -8.0 1.1 1.1 1.1 1.1 1.1 1.1 0.051 0.06 0.198 0.026 0.09 0.059 2 2 2 2 2 2
1999-06-09T16:30:00 1999 6 9 16 30 0 -3.4 -4.8 604.0 1.6 1.17 4.74 6.41 0.96 2 2 2 2 2 2 2 2 4.0 2.31 -3.0 -4.8 -4.8 -4.8 -4.8 -4.8 -4.8 0.218 0.261 0.221 0.287 0.65 0.323 2 2 2 2 2 2
1999-06-09T17:30:00 1999 6 9 17 30 0 -2.4 -2.4 571.0 2.2 1.43 5.79 10.29 1.94 2 2 2 2 2 2 2 2 4.0 2.73 0.0 -2.4 -2.4 -2.4 -2.4 -2.4 -2.4 0.379 0.418 0.251 0.479 0.891 0.566 2 2 2 2 2 2
1999-06-09T18:30:00 1999 6 9 18 30 0 -1.8 -1.7 565.0 2.6 1.66 2.19 5.74 1.38 2 2 2 2 2 2 2 2 3.7 3.09 3.0 -1.7 -1.7 -1.7 -1.7 -1.7 -1.7 0.416 0.435 0.262 0.443 0.798 0.648 2 2 2 2 2 2
1999-06-09T19:30:00 1999 6 9 19 30 0 -2.0 -0.6 560.0 2.2 1.38 1.08 3.11 0.75 2 2 2 2 2 2 2 2 3.7 3.45 5.0 -0.6 -0.6 -0.6 -0.6 -0.6 -0.6 0.367 0.354 0.262 0.319 0.549 0.525 2 2 2 2 2 2
1999-06-09T20:30:00 1999 6 9 20 30 0 1.4 -2.5 570.0 1.7 1.1 1.18 4.61 0.87 2 2 2 2 2 2 2 2 3.7 3.57 -1.0 -2.5 -2.5 -2.5 -2.5 -2.5 -2.5 0.384 0.371 0.269 0.329 0.634 0.497 2 2 2 2 2 2
1999-06-09T21:30:00 1999 6 9 21 30 0 1.4 -2.4 566.0 1.7 1.09 2.38 6.94 1.18 2 2 2 2 2 2 2 2 3.3 3.64 -3.0 -2.4 -2.4 -2.4 -2.4 -2.4 -2.4 0.429 0.409 0.283 0.386 0.725 0.496 2 2 2 2 2 2
1999-06-09T22:30:00 1999 6 9 22 30 0 0.6 -2.7 560.0 1.7 1.07 2.36 7.21 1.23 2 2 2 2 2 2 2 2 3.3 3.7 -7.0 -2.7 -2.7 -2.7 -2.7 -2.7 -2.7 0.467 0.438 0.297 0.434 0.773 0.5 2 2 2 2 2 2
1999-06-09T23:30:00 1999 6 9 23 30 0 0.8 -1.2 550.0 2.1 1.27 1.34 5.24 0.99 2 2 2 2 2 2 2 2 3.3 3.62 -4.0 -1.2 -1.2 -1.2 -1.2 -1.2 -1.2 0.444 0.403 0.303 0.374 0.648 0.475 2 2 2 2 2 2
