1999-12-13T00:30:00 1999 12 13 0 30 0 8.1 -2.6 608.0 4.2 2.83 11.33 5.26 2.15 2 2 2 2 2 2 2 2 4.0 3.5 -26.0 -2.6 -2.6 -2.6 -2.6 -2.6 -2.6 0.327 0.372 0.272 0.308 0.843 1.154 2 2 2 2 2 2
1999-12-13T01:30:00 1999 12 13 1 30 0 8.7 -1.8 594.0 5.2 3.31 11.52 6.51 3.07 2 2 2 2 2 2 2 2 4.0 3.63 -21.0 -1.8 -1.8 -1.8 -1.8 -1.8 -1.8 0.451 0.514 0.295 0.445 1.044 1.65 2 2 2 2 2 2
1999-12-13T02:30:00 1999 12 13 2 30 0 8.7 -3.7 583.0 3.6 2.24 13.31 8.31 3.53 2 2 2 2 2 2 2 2 4.0 3.67 -20.0 -3.7 -3.7 -3.7 -3.7 -3.7 -3.7 0.6 0.65 0.33 0.66 1.267 1.783 2 2 2 2 2 2
1999-12-13T03:30:00 1999 12 13 3 30 0 8.0 -4.0 568.0 5.1 2.96 14.74 11.1 4.91 2 2 2 2 2 2 2 2 4.7 3.8 -22.0 -4.0 -4.0 -4.0 -4.0 -4.0 -4.0 0.782 0.813 0.38 0.941 1.519 2.135 2 2 2 2 2 2
1999-12-13T04:30:00 1999 12 13 4 30 0 6.7 -4.5 552.0 6.8 3.85 13.48 11.94 7.2 2 2 2 2 2 2 2 2 4.7 3.93 -29.0 -4.5 -4.5 -4.5 -4.5 -4.5 -4.5 0.983 1.005 0.443 1.246 1.784 2.925 2 2 2 2 2 2
1999-12-13T05:30:00 1999 12 13 5 30 0 7.3 -5.4 536.0 7.9 4.08 14.56 13.54 10.04 2 2 2 2 2 2 2 2 4.7 4.1 -35.0 -5.4 -5.4 -5.4 -5.4 -5.4 -5.4 1.216 1.228 0.521 1.624 2.068 3.85 2 2 2 2 2 2
1999-12-13T06:30:00 1999 12 13 6 30 0 5.8 -6.7 525.0 10.9 5.52 16.67 16.17 15.48 2 2 2 2 2 2 2 2 5.7 4.41 -44.0 -6.7 -6.7 -6.7 -6.7 -6.7 -6.7 1.541 1.555 0.632 2.228 2.53 5.583 2 2 2 2 2 2
1999-12-13T07:30:00 1999 12 13 7 30 0 8.2 -9.0 509.0 9.9 4.61 23.67 20.5 21.19 2 2 2 2 2 2 2 2 5.7 4.71 -51.0 -9.0 -9.0 -9.0 -9.0 -9.0 -9.0 1.945 1.915 0.786 3.078 2.981 6.739 2 2 2 2 2 2
1999-12-13T08:30:00 1999 12 13 8 30 0 6.9 -9.7 489.0 9.5 4.61 29.03 23.36 22.61 2 2 2 2 2 2 2 2 5.7 4.92 -72.0 -9.7 -9.7 -9.7 -9.7 -9.7 -9.7 2.285 2.164 0.95 3.764 3.14 6.83 2 2 2 2 2 2
1999-12-13T09:30:00 1999 12 13 9 30 0 12.2 -5.3 487.0 4.0 1.79 25.27 17.85 12.13 2 2 2 2 2 2 2 2 4.0 4.91 -85.0 -5.3 -5.3 -5.3 -5.3 -5.3 -5.3 2.144 1.834 1.024 3.179 2.328 4.538 2 2 2 2 2 2
1999-12-13T10:30:00 1999 12 13 10 30 0 12.8 -5.5 495.0 3.3 1.49 24.87 13.29 4.81 2 2 2 2 2 2 2 2 4.0 4.9 -78.0 -5.5 -5.5 -5.5 -5.5 -5.5 -5.5 1.854 1.436 1.053 2.428 1.719 2.691 2 2 2 2 2 2
1999-12-13T11:30:00 1999 12 13 11 30 0 12.6 -5.7 485.0 5.0 2.26 25.73 13.73 5.8 2 2 2 2 2 2 2 2 4.0 4.8 -62.0 -5.7 -5.7 -5.7 -5.7 -5.7 -5.7 1.704 1.312 1.088 2.099 1.643 2.22 2 2 2 2 2 2
1999-12-13T12:30:00 1999 12 13 12 30 0 13.9 -1.4 472.0 5.2 2.31 20.77 8.08 4.11 2 2 2 2 2 2 2 2 3.7 4.67 -62.0 -1.4 -1.4 -1.4 -1.4 -1.4 -1.4 1.412 1.039 1.086 1.499 1.167 1.744 2 2 2 2 2 2
1999-12-13T13:30:00 1999 12 13 13 30 0 14.2 -1.3 469.0 5.9 2.57 17.57 3.17 1.76 2 2 2 2 2 2 2 2 3.7 4.54 -58.0 -1.3 -1.3 -1.3 -1.3 -1.3 -1.3 1.093 0.769 1.063 0.961 0.79 1.36 2 2 2 2 2 2
1999-12-13T14:30:00 1999 12 13 14 30 0 14.3 -1.4 453.0 5.6 2.13 17.59 3.12 1.79 2 2 2 2 2 2 2 2 3.7 4.29 -64.0 -1.4 -1.4 -1.4 -1.4 -1.4 -1.4 0.878 0.639 1.04 0.66 0.661 1.173 2 2 2 2 2 2
1999-12-13T15:30:00 1999 12 13 15 30 0 -3.0 7.2 446.0 6.4 2.29 3.36 0.13 0.07 2 2 2 2 2 2 2 2 3.3 4.0 -65.0 7.2 7.2 7.2 7.2 7.2 7.2 0.594 0.317 1.009 0.37 0.209 0.487 2 2 2 2 2 2
1999-12-13T16:30:00 1999 12 13 16 30 0 -11.3 9.0 460.0 3.4 1.28 1.54 0.0 0.0 2 2 2 2 2 2 2 2 3.3 3.7 -65.0 9.0 9.0 9.0 9.0 9.0 9.0 0.402 0.157 0.978 0.207 0.066 0.202 2 2 2 2 2 2
1999-12-13T17:30:00 1999 12 13 17 30 0 -2.9 5.7 457.0 4.0 1.45 1.32 0.0 0.0 2 2 2 2 2 2 2 2 3.3 3.62 -54.0 5.7 5.7 5.7 5.7 5.7 5.7 0.272 0.078 0.948 0.116 0.021 0.084 2 2 2 2 2 2
1999-12-13T18:30:00 1999 12 13 18 30 0 5.7 6.9 439.0 3.9 1.5 0.16 0.0 0.0 2 2 2 2 2 2 2 2 1.3 3.27 -45.0 6.9 6.9 6.9 6.9 6.9 6.9 0.184 0.039 0.919 0.065 0.007 0.035 2 2 2 2 2 2
1999-12-13T19:30:00 1999 12 13 19 30 0 2.5 4.7 447.0 7.1 2.84 0.33 0.0 0.0 2 2 2 2 2 2 2 2 1.3 2.92 -34.0 4.7 4.7 4.7 4.7 4.7 4.7 0.125 0.019 0.891 0.036 0.002 0.014 2 2 2 2 2 2
1999-12-13T20:30:00 1999 12 13 20 30 0 2.9 5.9 425.0 5.4 1.95 0.11 0.0 0.0 2 2 2 2 2 2 2 2 1.3 2.62 -30.0 5.9 5.9 5.9 5.9 5.9 5.9 0.085 0.01 0.864 0.02 0.001 0.006 2 2 2 2 2 2
1999-12-13T21:30:00 1999 12 13 21 30 0 0.1 7.7 422.0 5.7 2.03 0.02 0.0 0.0 2 2 2 2 2 2 2 2 0.3 2.19 -25.0 7.7 7.7 7.7 7.7 7.7 7.7 0.057 0.005 0.838 0.011 0.0 0.002 2 2 2 2 2 2
1999-12-13T22:30:00 1999 12 13 22 30 0 -1.3 3.2 393.0 4.4 1.36 0.0 0.0 0.0 2 2 2 2 2 2 2 2 0.3 1.76 -29.0 3.2 3.2 3.2 3.2 3.2 3.2 0.039 0.002 0.812 0.006 0.0 0.001 2 2 2 2 2 2
1999-12-13T23:30:00 1999 12 13 23 30 0 -2.8 7.8 409.0 3.2 1.07 0.05 0.0 0.0 2 2 2 2 2 2 2 2 0.3 1.39 -32.0 7.8 7.8 7.8 7.8 7.8 7.8 0.026 0.001 0.787 0.004 0.0 0.0 2 2 2 2 2 2
