1999-11-29T00:30:00 1999 11 29 0 30 0 -5.9 -1.5 423.0 4.0 1.31 2.9 0.9 0.35 2 2 2 2 2 2 2 2 2.3 2.34 -7.0 -1.5 -1.5 -1.5 -1.5 -1.5 -1.5 0.245 0.229 0.235 0.131 0.225 0.272 2 2 2 2 2 2
1999-11-29T01:30:00 1999 11 29 1 30 0 -5.6 -1.8 430.0 4.0 1.34 4.23 3.55 1.42 2 2 2 2 2 2 2 2 2.3 2.34 -5.0 -1.8 -1.8 -1.8 -1.8 -1.8 -1.8 0.303 0.363 0.238 0.202 0.444 0.482 2 2 2 2 2 2
1999-11-29T02:30:00 1999 11 29 2 30 0 -4.5 -1.2 406.0 3.5 1.05 3.25 3.08 1.15 2 2 2 2 2 2 2 2 2.3 2.38 -8.0 -1.2 -1.2 -1.2 -1.2 -1.2 -1.2 0.315 0.389 0.238 0.206 0.432 0.472 2 2 2 2 2 2
1999-11-29T03:30:00 1999 11 29 3 30 0 0.9 0.3 390.0 3.6 1.1 0.59 0.87 0.31 2 2 2 2 2 2 2 2 1.3 2.28 -7.0 0.3 0.3 0.3 0.3 0.3 0.3 0.239 0.249 0.232 0.129 0.202 0.27 2 2 2 2 2 2
1999-11-29T04:30:00 1999 11 29 4 30 0 1.2 -2.3 397.0 3.9 1.11 0.57 2.2 0.84 2 2 2 2 2 2 2 2 1.3 2.18 -7.0 -2.3 -2.3 -2.3 -2.3 -2.3 -2.3 0.267 0.335 0.231 0.17 0.358 0.372 2 2 2 2 2 2
1999-11-29T05:30:00 1999 11 29 5 30 0 0.9 -0.9 408.0 3.7 1.12 0.76 3.1 1.18 2 2 2 2 2 2 2 2 1.3 2.01 -9.0 -0.9 -0.9 -0.9 -0.9 -0.9 -0.9 0.287 0.37 0.231 0.184 0.386 0.413 2 2 2 2 2 2
1999-11-29T06:30:00 1999 11 29 6 30 0 0.6 0.3 395.0 3.5 0.99 0.1 0.61 0.22 2 2 2 2 2 2 2 2 0.7 1.76 -12.0 0.3 0.3 0.3 0.3 0.3 0.3 0.212 0.223 0.224 0.112 0.167 0.224 2 2 2 2 2 2
1999-11-29T07:30:00 1999 11 29 7 30 0 0.6 1.9 393.0 4.5 1.29 0.01 0.0 0.0 2 2 2 2 2 2 2 2 0.7 1.51 -10.0 1.9 1.9 1.9 1.9 1.9 1.9 0.144 0.111 0.217 0.062 0.053 0.093 2 2 2 2 2 2
1999-11-29T08:30:00 1999 11 29 8 30 0 -1.6 2.3 384.0 5.5 1.57 0.01 0.0 0.0 2 2 2 2 2 2 2 2 0.7 1.31 -6.0 2.3 2.3 2.3 2.3 2.3 2.3 0.097 0.055 0.211 0.035 0.017 0.039 2 2 2 2 2 2
1999-11-29T09:30:00 1999 11 29 9 30 0 -0.9 3.5 372.0 6.1 1.65 0.02 0.0 0.0 2 2 2 2 2 2 2 2 1.7 1.24 -3.0 3.5 3.5 3.5 3.5 3.5 3.5 0.066 0.027 0.204 0.02 0.005 0.016 2 2 2 2 2 2
1999-11-29T10:30:00 1999 11 29 10 30 0 -2.4 -1.6 363.0 5.8 1.48 0.31 0.58 0.34 2 2 2 2 2 2 2 2 1.7 1.18 -2.0 -1.6 -1.6 -1.6 -1.6 -1.6 -1.6 0.091 0.127 0.2 0.049 0.148 0.184 2 2 2 2 2 2
1999-11-29T11:30:00 1999 11 29 11 30 0 -2.3 3.4 379.0 6.2 1.77 0.33 0.35 0.2 2 2 2 2 2 2 2 2 1.7 1.23 -1.0 3.4 3.4 3.4 3.4 3.4 3.4 0.069 0.082 0.194 0.031 0.064 0.108 2 2 2 2 2 2
1999-11-29T12:30:00 1999 11 29 12 30 0 -4.3 5.0 384.0 5.4 1.61 0.23 0.0 0.0 2 2 2 2 2 2 2 2 1.0 1.19 0.0 5.0 5.0 5.0 5.0 5.0 5.0 0.047 0.041 0.188 0.017 0.02 0.045 2 2 2 2 2 2
1999-11-29T13:30:00 1999 11 29 13 30 0 -4.0 1.9 369.0 6.0 1.65 0.48 0.0 0.0 2 2 2 2 2 2 2 2 1.0 1.16 2.0 1.9 1.9 1.9 1.9 1.9 1.9 0.032 0.02 0.183 0.01 0.006 0.019 2 2 2 2 2 2
1999-11-29T14:30:00 1999 11 29 14 30 0 -6.6 3.5 383.0 5.4 1.58 1.09 0.0 0.0 2 2 2 2 2 2 2 2 1.0 1.19 3.0 3.5 3.5 3.5 3.5 3.5 3.5 0.022 0.01 0.177 0.005 0.002 0.008 2 2 2 2 2 2
1999-11-29T15:30:00 1999 11 29 15 30 0 -7.4 3.2 388.0 5.1 1.52 1.87 0.0 0.0 2 2 2 2 2 2 2 2 0.0 1.09 3.0 3.2 3.2 3.2 3.2 3.2 3.2 0.015 0.005 0.172 0.003 0.001 0.003 2 2 2 2 2 2
1999-11-29T16:30:00 1999 11 29 16 30 0 -6.5 2.4 382.0 5.5 1.61 1.98 0.0 0.0 2 2 2 2 2 2 2 2 0.0 0.99 1.0 2.4 2.4 2.4 2.4 2.4 2.4 0.01 0.002 0.166 0.002 0.0 0.001 2 2 2 2 2 2
1999-11-29T17:30:00 1999 11 29 17 30 0 -7.9 1.7 393.0 5.4 1.64 2.59 0.0 0.0 2 2 2 2 2 2 2 2 0.0 0.78 1.0 1.7 1.7 1.7 1.7 1.7 1.7 0.007 0.001 0.161 0.001 0.0 0.001 2 2 2 2 2 2
1999-11-29T18:30:00 1999 11 29 18 30 0 -7.9 0.6 378.0 5.1 1.43 3.61 0.0 0.0 2 2 2 2 2 2 2 2 0.3 0.61 0.0 0.6 0.6 0.6 0.6 0.6 0.6 0.005 0.001 0.156 0.001 0.0 0.0 2 2 2 2 2 2
1999-11-29T19:30:00 1999 11 29 19 30 0 -7.6 -0.1 371.0 5.1 1.38 3.98 0.02 0.01 2 2 2 2 2 2 2 2 0.3 0.44 1.0 -0.1 -0.1 -0.1 -0.1 -0.1 -0.1 0.006 0.013 0.152 0.001 0.017 0.027 2 2 2 2 2 2
1999-11-29T20:30:00 1999 11 29 20 30 0 -5.8 -0.6 352.0 6.2 1.5 3.28 0.66 0.39 2 2 2 2 2 2 2 2 0.3 0.36 3.0 -0.6 -0.6 -0.6 -0.6 -0.6 -0.6 0.046 0.122 0.148 0.022 0.135 0.203 2 2 2 2 2 2
1999-11-29T21:30:00 1999 11 29 21 30 0 -8.1 -1.2 366.0 6.4 1.67 4.14 1.67 1.05 2 2 2 2 2 2 2 2 1.3 0.4 3.0 -1.2 -1.2 -1.2 -1.2 -1.2 -1.2 0.121 0.271 0.148 0.076 0.285 0.423 2 2 2 2 2 2
1999-11-29T22:30:00 1999 11 29 22 30 0 -6.8 -2.7 367.0 7.4 1.92 5.68 3.69 2.58 2 2 2 2 2 2 2 2 1.3 0.45 4.0 -2.7 -2.7 -2.7 -2.7 -2.7 -2.7 0.27 0.511 0.155 0.233 0.537 0.792 2 2 2 2 2 2
1999-11-29T23:30:00 1999 11 29 23 30 0 -8.5 -3.3 387.0 8.4 2.45 7.61 5.72 4.55 2 2 2 2 2 2 2 2 1.3 0.62 4.0 -3.3 -3.3 -3.3 -3.3 -3.3 -3.3 0.459 0.759 0.172 0.454 0.799 1.285 2 2 2 2 2 2
