1999-04-25T00:30:00 1999 4 25 0 30 0 2.0 2.5 425.0 4.4 1.43 0.15 0.0 0.0 2 2 2 2 2 2 2 2 0.0 0.68 -3.0 2.5 2.5 2.5 2.5 2.5 2.5 0.003 0.0 0.066 0.0 0.0 0.0 2 2 2 2 2 2
1999-04-25T01:30:00 1999 4 25 1 30 0 2.7 2.4 419.0 4.3 1.36 0.15 0.0 0.0 2 2 2 2 2 2 2 2 0.0 0.48 -3.0 2.4 2.4 2.4 2.4 2.4 2.4 0.002 0.0 0.064 0.0 0.0 0.0 2 2 2 2 2 2
1999-04-25T02:30:00 1999 4 25 2 30 0 3.4 1.5 411.0 4.3 1.32 0.37 0.0 0.0 2 2 2 2 2 2 2 2 0.0 0.35 -2.0 1.5 1.5 1.5 1.5 1.5 1.5 0.001 0.0 0.062 0.0 0.0 0.0 2 2 2 2 2 2
1999-04-25T03:30:00 1999 4 25 3 30 0 3.7 1.9 403.0 4.3 1.27 0.54 0.0 0.0 2 2 2 2 2 2 2 2 0.3 0.27 -1.0 1.9 1.9 1.9 1.9 1.9 1.9 0.001 0.0 0.06 0.0 0.0 0.0 2 2 2 2 2 2
1999-04-25T04:30:00 1999 4 25 4 30 0 3.6 0.9 400.0 4.0 1.16 0.65 0.0 0.0 2 2 2 2 2 2 2 2 0.3 0.19 -1.0 0.9 0.9 0.9 0.9 0.9 0.9 0.001 0.0 0.058 0.0 0.0 0.0 2 2 2 2 2 2
1999-04-25T05:30:00 1999 4 25 5 30 0 3.6 0.7 400.0 3.9 1.15 0.77 0.0 0.0 2 2 2 2 2 2 2 2 0.3 0.19 0.0 0.7 0.7 0.7 0.7 0.7 0.7 0.0 0.0 0.057 0.0 0.0 0.0 2 2 2 2 2 2
1999-04-25T06:30:00 1999 4 25 6 30 0 4.0 -1.1 397.0 4.7 1.35 1.34 0.76 0.35 2 2 2 2 2 2 2 2 1.0 0.28 3.0 -1.1 -1.1 -1.1 -1.1 -1.1 -1.1 0.048 0.113 0.057 0.033 0.16 0.184 2 2 2 2 2 2
1999-04-25T07:30:00 1999 4 25 7 30 0 3.9 0.9 399.0 4.3 1.25 1.29 0.51 0.24 2 2 2 2 2 2 2 2 1.0 0.37 4.0 0.9 0.9 0.9 0.9 0.9 0.9 0.047 0.09 0.056 0.026 0.087 0.131 2 2 2 2 2 2
1999-04-25T08:30:00 1999 4 25 8 30 0 4.2 -0.3 394.0 4.2 1.21 1.21 0.1 0.04 2 2 2 2 2 2 2 2 1.0 0.5 6.0 -0.3 -0.3 -0.3 -0.3 -0.3 -0.3 0.04 0.07 0.054 0.018 0.064 0.098 2 2 2 2 2 2
1999-04-25T09:30:00 1999 4 25 9 30 0 4.6 0.2 395.0 3.9 1.12 1.55 0.15 0.06 2 2 2 2 2 2 2 2 1.0 0.62 5.0 0.2 0.2 0.2 0.2 0.2 0.2 0.032 0.05 0.053 0.012 0.037 0.067 2 2 2 2 2 2
1999-04-25T10:30:00 1999 4 25 10 30 0 4.5 2.1 387.0 3.3 0.89 1.11 0.0 0.0 2 2 2 2 2 2 2 2 1.0 0.75 3.0 2.1 2.1 2.1 2.1 2.1 2.1 0.022 0.025 0.051 0.007 0.012 0.028 2 2 2 2 2 2
1999-04-25T11:30:00 1999 4 25 11 30 0 3.9 2.4 384.0 3.7 0.99 0.65 0.0 0.0 2 2 2 2 2 2 2 2 1.0 0.83 4.0 2.4 2.4 2.4 2.4 2.4 2.4 0.015 0.012 0.049 0.004 0.004 0.012 2 2 2 2 2 2
1999-04-25T12:30:00 1999 4 25 12 30 0 2.8 -0.6 397.0 4.3 1.2 0.66 0.17 0.07 2 2 2 2 2 2 2 2 1.7 1.01 4.0 -0.6 -0.6 -0.6 -0.6 -0.6 -0.6 0.026 0.047 0.049 0.012 0.062 0.07 2 2 2 2 2 2
1999-04-25T13:30:00 1999 4 25 13 30 0 3.9 1.6 390.0 3.8 1.03 0.73 0.12 0.05 2 2 2 2 2 2 2 2 1.7 1.18 3.0 1.6 1.6 1.6 1.6 1.6 1.6 0.019 0.028 0.047 0.007 0.024 0.038 2 2 2 2 2 2
1999-04-25T14:30:00 1999 4 25 14 30 0 1.0 0.9 391.0 4.0 1.08 0.26 0.0 0.0 2 2 2 2 2 2 2 2 1.7 1.27 3.0 0.9 0.9 0.9 0.9 0.9 0.9 0.013 0.014 0.046 0.004 0.008 0.016 2 2 2 2 2 2
1999-04-25T15:30:00 1999 4 25 15 30 0 -1.4 -1.2 388.0 4.3 1.16 0.14 0.76 0.33 2 2 2 2 2 2 2 2 1.3 1.31 1.0 -1.2 -1.2 -1.2 -1.2 -1.2 -1.2 0.055 0.118 0.046 0.036 0.156 0.167 2 2 2 2 2 2
1999-04-25T16:30:00 1999 4 25 16 30 0 0.8 -1.2 385.0 3.9 1.03 0.4 2.32 0.95 2 2 2 2 2 2 2 2 1.3 1.34 0.0 -1.2 -1.2 -1.2 -1.2 -1.2 -1.2 0.131 0.253 0.05 0.092 0.297 0.31 2 2 2 2 2 2
1999-04-25T17:30:00 1999 4 25 17 30 0 1.5 1.6 382.0 3.3 0.85 0.12 0.4 0.15 2 2 2 2 2 2 2 2 1.3 1.38 -1.0 1.6 1.6 1.6 1.6 1.6 1.6 0.098 0.145 0.049 0.056 0.114 0.152 2 2 2 2 2 2
1999-04-25T18:30:00 1999 4 25 18 30 0 1.7 -0.1 377.0 4.9 1.26 0.13 0.02 0.01 2 2 2 2 2 2 2 2 1.3 1.41 3.0 -0.1 -0.1 -0.1 -0.1 -0.1 -0.1 0.069 0.085 0.047 0.032 0.053 0.09 2 2 2 2 2 2
1999-04-25T19:30:00 1999 4 25 19 30 0 2.2 0.1 377.0 6.0 1.55 0.31 0.04 0.02 2 2 2 2 2 2 2 2 1.3 1.44 3.0 0.1 0.1 0.1 0.1 0.1 0.1 0.048 0.047 0.046 0.018 0.021 0.047 2 2 2 2 2 2
1999-04-25T20:30:00 1999 4 25 20 30 0 3.2 -0.2 374.0 5.5 1.41 0.61 0.14 0.08 2 2 2 2 2 2 2 2 1.3 1.4 3.0 -0.2 -0.2 -0.2 -0.2 -0.2 -0.2 0.044 0.064 0.045 0.014 0.057 0.106 2 2 2 2 2 2
1999-04-25T21:30:00 1999 4 25 21 30 0 3.4 0.9 377.0 5.2 1.33 0.71 0.02 0.01 2 2 2 2 2 2 2 2 2.3 1.48 5.0 0.9 0.9 0.9 0.9 0.9 0.9 0.03 0.032 0.043 0.008 0.018 0.044 2 2 2 2 2 2
1999-04-25T22:30:00 1999 4 25 22 30 0 4.5 0.6 382.0 5.5 1.43 0.94 0.0 0.0 2 2 2 2 2 2 2 2 2.3 1.56 7.0 0.6 0.6 0.6 0.6 0.6 0.6 0.02 0.016 0.042 0.004 0.006 0.018 2 2 2 2 2 2
1999-04-25T23:30:00 1999 4 25 23 30 0 4.1 0.7 382.0 8.8 2.32 1.12 0.0 0.0 2 2 2 2 2 2 2 2 2.3 1.69 12.0 0.7 0.7 0.7 0.7 0.7 0.7 0.014 0.008 0.041 0.002 0.002 0.008 2 2 2 2 2 2
