1999-01-01T00:30:00 1999 1 1 0 30 0 0.4 4.3 408.0 5.9 1.86 0.04 0.0 0.0 2 2 2 2 2 2 2 2 0.3 0.6 -7.0 4.3 4.3 4.3 4.3 4.3 4.3 0.0 0.0 0.222 0.0 0.0 0.0 2 2 2 2 2 2
1999-01-01T01:30:00 1999 1 1 1 30 0 1.2 5.5 414.0 5.3 1.75 0.0 0.0 0.0 2 2 2 2 2 2 2 2 0.3 0.55 -4.0 5.5 5.5 5.5 5.5 5.5 5.5 0.0 0.0 0.215 0.0 0.0 0.0 2 2 2 2 2 2
1999-01-01T02:30:00 1999 1 1 2 30 0 -0.2 3.2 400.0 6.1 1.86 0.0 0.0 0.0 2 2 2 2 2 2 2 2 0.3 0.47 -4.0 3.2 3.2 3.2 3.2 3.2 3.2 0.0 0.0 0.209 0.0 0.0 0.0 2 2 2 2 2 2
1999-01-01T03:30:00 1999 1 1 3 30 0 -1.6 4.8 405.0 5.9 1.86 0.01 0.0 0.0 2 2 2 2 2 2 2 2 2.7 0.7 -8.0 4.8 4.8 4.8 4.8 4.8 4.8 0.0 0.0 0.202 0.0 0.0 0.0 2 2 2 2 2 2
1999-01-01T04:30:00 1999 1 1 4 30 0 1.8 1.0 412.0 6.1 2.0 0.02 0.0 0.0 2 2 2 2 2 2 2 2 2.7 0.93 -8.0 1.0 1.0 1.0 1.0 1.0 1.0 0.0 0.0 0.196 0.0 0.0 0.0 2 2 2 2 2 2
1999-01-01T05:30:00 1999 1 1 5 30 0 1.8 2.2 415.0 6.1 2.02 0.1 0.0 0.0 2 2 2 2 2 2 2 2 2.7 1.23 -5.0 2.2 2.2 2.2 2.2 2.2 2.2 0.0 0.0 0.19 0.0 0.0 0.0 2 2 2 2 2 2
1999-01-01T06:30:00 1999 1 1 6 30 0 2.3 3.6 418.0 6.0 2.01 0.08 0.0 0.0 2 2 2 2 2 2 2 2 1.0 1.31 -4.0 3.6 3.6 3.6 3.6 3.6 3.6 0.0 0.0 0.184 0.0 0.0 0.0 2 2 2 2 2 2
1999-01-01T07:30:00 1999 1 1 7 30 0 1.0 5.5 422.0 5.9 2.01 0.03 0.0 0.0 2 2 2 2 2 2 2 2 1.0 1.39 -1.0 5.5 5.5 5.5 5.5 5.5 5.5 0.0 0.0 0.179 0.0 0.0 0.0 2 2 2 2 2 2
1999-01-01T08:30:00 1999 1 1 8 30 0 4.3 1.7 424.0 6.6 2.24 0.28 0.0 0.0 2 2 2 2 2 2 2 2 1.0 1.47 3.0 1.7 1.7 1.7 1.7 1.7 1.7 0.0 0.0 0.173 0.0 0.0 0.0 2 2 2 2 2 2
1999-01-01T09:30:00 1999 1 1 9 30 0 4.1 -0.1 429.0 6.8 2.33 1.19 0.02 0.01 2 2 2 2 2 2 2 2 1.3 1.58 3.0 -0.1 -0.1 -0.1 -0.1 -0.1 -0.1 0.004 0.015 0.168 0.001 0.024 0.055 2 2 2 2 2 2
1999-01-01T10:30:00 1999 1 1 10 30 0 4.6 -2.0 421.0 6.7 2.21 2.45 2.39 1.61 2 2 2 2 2 2 2 2 1.3 1.69 -2.0 -2.0 -2.0 -2.0 -2.0 -2.0 -2.0 0.137 0.279 0.171 0.123 0.405 0.646 2 2 2 2 2 2
1999-01-01T11:30:00 1999 1 1 11 30 0 5.3 -0.6 430.0 6.4 2.21 3.06 2.64 1.73 2 2 2 2 2 2 2 2 1.3 1.52 -8.0 -0.6 -0.6 -0.6 -0.6 -0.6 -0.6 0.204 0.361 0.173 0.156 0.437 0.784 2 2 2 2 2 2
1999-01-01T12:30:00 1999 1 1 12 30 0 4.4 2.6 438.0 5.9 2.12 1.51 0.07 0.05 2 2 2 2 2 2 2 2 1.7 1.41 -7.0 2.6 2.6 2.6 2.6 2.6 2.6 0.138 0.179 0.168 0.088 0.138 0.325 2 2 2 2 2 2
1999-01-01T13:30:00 1999 1 1 13 30 0 1.2 3.0 437.0 6.0 2.14 0.25 0.0 0.0 2 2 2 2 2 2 2 2 1.7 1.3 -2.0 3.0 3.0 3.0 3.0 3.0 3.0 0.093 0.089 0.163 0.049 0.044 0.135 2 2 2 2 2 2
1999-01-01T14:30:00 1999 1 1 14 30 0 3.6 1.0 423.0 6.2 2.07 0.28 0.0 0.0 2 2 2 2 2 2 2 2 1.7 1.38 2.0 1.0 1.0 1.0 1.0 1.0 1.0 0.063 0.044 0.158 0.027 0.014 0.056 2 2 2 2 2 2
1999-01-01T15:30:00 1999 1 1 15 30 0 2.3 3.2 443.0 5.7 2.09 0.33 0.0 0.0 2 2 2 2 2 2 2 2 1.3 1.42 2.0 3.2 3.2 3.2 3.2 3.2 3.2 0.043 0.022 0.153 0.015 0.004 0.023 2 2 2 2 2 2
1999-01-01T16:30:00 1999 1 1 16 30 0 3.1 2.3 444.0 5.7 2.11 0.22 0.0 0.0 2 2 2 2 2 2 2 2 1.3 1.45 0.0 2.3 2.3 2.3 2.3 2.3 2.3 0.029 0.011 0.148 0.009 0.001 0.01 2 2 2 2 2 2
1999-01-01T17:30:00 1999 1 1 17 30 0 2.6 3.5 447.0 5.3 1.99 0.23 0.0 0.0 2 2 2 2 2 2 2 2 1.3 1.45 -2.0 3.5 3.5 3.5 3.5 3.5 3.5 0.02 0.005 0.144 0.005 0.0 0.004 2 2 2 2 2 2
1999-01-01T18:30:00 1999 1 1 18 30 0 4.5 1.8 429.0 5.8 2.02 0.52 0.0 0.0 2 2 2 2 2 2 2 2 2.3 1.58 -4.0 1.8 1.8 1.8 1.8 1.8 1.8 0.013 0.003 0.139 0.003 0.0 0.002 2 2 2 2 2 2
1999-01-01T19:30:00 1999 1 1 19 30 0 2.6 1.6 403.0 6.0 1.84 0.55 0.0 0.0 2 2 2 2 2 2 2 2 2.3 1.71 -7.0 1.6 1.6 1.6 1.6 1.6 1.6 0.009 0.001 0.135 0.002 0.0 0.001 2 2 2 2 2 2
1999-01-01T20:30:00 1999 1 1 20 30 0 2.6 1.8 413.0 5.9 1.9 0.25 0.0 0.0 2 2 2 2 2 2 2 2 2.3 1.78 -4.0 1.8 1.8 1.8 1.8 1.8 1.8 0.006 0.001 0.131 0.001 0.0 0.0 2 2 2 2 2 2
1999-01-01T21:30:00 1999 1 1 21 30 0 4.2 3.1 421.0 5.6 1.89 0.41 0.0 0.0 2 2 2 2 2 2 2 2 2.0 1.82 -4.0 3.1 3.1 3.1 3.1 3.1 3.1 0.004 0.0 0.127 0.0 0.0 0.0 2 2 2 2 2 2
1999-01-01T22:30:00 1999 1 1 22 30 0 2.6 0.2 388.0 6.2 1.74 0.5 0.0 0.0 2 2 2 2 2 2 2 2 2.0 1.86 -3.0 0.2 0.2 0.2 0.2 0.2 0.2 0.003 0.0 0.123 0.0 0.0 0.0 2 2 2 2 2 2
1999-01-01T23:30:00 1999 1 1 23 30 0 4.1 1.0 406.0 6.1 1.87 0.73 0.0 0.0 2 2 2 2 2 2 2 2 2.0 1.94 -6.0 1.0 1.0 1.0 1.0 1.0 1.0 0.002 0.0 0.119 0.0 0.0 0.0 2 2 2 2 2 2
