1999-08-17T00:30:00 1999 8 17 0 30 0 5.6 0.3 607.0 6.5 4.4 2.22 0.0 0.0 2 2 2 2 2 2 2 2 4.7 4.16 -24.0 0.3 0.3 0.3 0.3 0.3 0.3 0.119 0.021 0.724 0.04 0.004 0.031 2 2 2 2 2 2
1999-08-17T01:30:00 1999 8 17 1 30 0 4.2 -1.2 592.0 6.2 3.99 3.27 1.58 0.99 2 2 2 2 2 2 2 2 4.7 4.17 -20.0 -1.2 -1.2 -1.2 -1.2 -1.2 -1.2 0.174 0.184 0.71 0.103 0.419 0.891 2 2 2 2 2 2
1999-08-17T02:30:00 1999 8 17 2 30 0 3.2 -3.4 623.0 3.4 2.43 4.57 7.31 3.26 2 2 2 2 2 2 2 2 4.7 4.18 -28.0 -3.4 -3.4 -3.4 -3.4 -3.4 -3.4 0.39 0.457 0.729 0.425 1.06 1.548 2 2 2 2 2 2
1999-08-17T03:30:00 1999 8 17 3 30 0 1.5 -0.1 614.0 3.0 2.06 2.31 5.0 1.62 2 2 2 2 2 2 2 2 4.7 4.19 -31.0 -0.1 -0.1 -0.1 -0.1 -0.1 -0.1 0.387 0.396 0.724 0.369 0.73 1.112 2 2 2 2 2 2
1999-08-17T04:30:00 1999 8 17 4 30 0 -1.8 2.9 622.0 3.0 2.18 0.04 0.0 0.0 2 2 2 2 2 2 2 2 4.7 4.19 -31.0 2.9 2.9 2.9 2.9 2.9 2.9 0.262 0.197 0.702 0.207 0.231 0.461 2 2 2 2 2 2
1999-08-17T05:30:00 1999 8 17 5 30 0 -1.6 4.1 640.0 2.9 2.26 0.06 0.0 0.0 2 2 2 2 2 2 2 2 4.7 4.36 -36.0 4.1 4.1 4.1 4.1 4.1 4.1 0.178 0.098 0.68 0.116 0.073 0.191 2 2 2 2 2 2
1999-08-17T06:30:00 1999 8 17 6 30 0 4.1 -1.6 602.0 3.4 2.3 0.82 0.89 0.3 2 2 2 2 2 2 2 2 5.3 4.61 -29.0 -1.6 -1.6 -1.6 -1.6 -1.6 -1.6 0.172 0.138 0.664 0.119 0.268 0.355 2 2 2 2 2 2
1999-08-17T07:30:00 1999 8 17 7 30 0 3.6 -3.0 594.0 3.1 2.03 4.56 7.04 2.27 2 2 2 2 2 2 2 2 5.3 4.86 -32.0 -3.0 -3.0 -3.0 -3.0 -3.0 -3.0 0.347 0.381 0.676 0.364 0.852 0.903 2 2 2 2 2 2
1999-08-17T08:30:00 1999 8 17 8 30 0 3.9 0.8 596.0 3.3 2.18 2.73 3.16 1.0 2 2 2 2 2 2 2 2 5.3 4.93 -27.0 0.8 0.8 0.8 0.8 0.8 0.8 0.308 0.293 0.665 0.273 0.487 0.641 2 2 2 2 2 2
1999-08-17T09:30:00 1999 8 17 9 30 0 4.0 1.2 583.0 3.3 2.1 1.28 0.0 0.0 2 2 2 2 2 2 2 2 3.3 4.75 -26.0 1.2 1.2 1.2 1.2 1.2 1.2 0.208 0.145 0.644 0.153 0.154 0.266 2 2 2 2 2 2
1999-08-17T10:30:00 1999 8 17 10 30 0 2.1 0.9 546.0 3.2 1.8 0.66 0.0 0.0 2 2 2 2 2 2 2 2 3.3 4.56 -20.0 0.9 0.9 0.9 0.9 0.9 0.9 0.141 0.072 0.625 0.086 0.049 0.11 2 2 2 2 2 2
1999-08-17T11:30:00 1999 8 17 11 30 0 2.2 -2.9 545.0 3.2 1.8 1.5 3.35 1.07 2 2 2 2 2 2 2 2 3.3 4.38 -18.0 -2.9 -2.9 -2.9 -2.9 -2.9 -2.9 0.235 0.253 0.621 0.213 0.507 0.505 2 2 2 2 2 2
1999-08-17T12:30:00 1999 8 17 12 30 0 4.0 -3.9 583.0 3.7 2.38 5.69 9.75 3.4 2 2 2 2 2 2 2 2 4.3 4.33 -25.0 -3.9 -3.9 -3.9 -3.9 -3.9 -3.9 0.472 0.535 0.65 0.576 1.109 1.153 2 2 2 2 2 2
1999-08-17T13:30:00 1999 8 17 13 30 0 3.0 -4.6 568.0 3.7 2.24 8.03 12.3 4.55 2 2 2 2 2 2 2 2 4.3 4.28 -32.0 -4.6 -4.6 -4.6 -4.6 -4.6 -4.6 0.701 0.743 0.695 0.926 1.453 1.585 2 2 2 2 2 2
1999-08-17T14:30:00 1999 8 17 14 30 0 3.4 -1.7 556.0 3.8 2.21 4.96 8.52 3.19 2 2 2 2 2 2 2 2 4.3 4.17 -30.0 -1.7 -1.7 -1.7 -1.7 -1.7 -1.7 0.722 0.707 0.709 0.835 1.186 1.461 2 2 2 2 2 2
1999-08-17T15:30:00 1999 8 17 15 30 0 3.5 -1.8 555.0 3.7 2.15 2.94 4.87 1.82 2 2 2 2 2 2 2 2 3.3 3.92 -21.0 -1.8 -1.8 -1.8 -1.8 -1.8 -1.8 0.659 0.611 0.706 0.649 0.938 1.248 2 2 2 2 2 2
1999-08-17T16:30:00 1999 8 17 16 30 0 3.8 -0.8 524.0 3.2 1.67 2.5 3.4 1.18 2 2 2 2 2 2 2 2 3.3 3.68 -24.0 -0.8 -0.8 -0.8 -0.8 -0.8 -0.8 0.555 0.484 0.694 0.458 0.657 0.917 2 2 2 2 2 2
1999-08-17T17:30:00 1999 8 17 17 30 0 3.9 -2.0 526.0 3.1 1.61 2.83 3.81 1.2 2 2 2 2 2 2 2 2 3.3 3.67 -22.0 -2.0 -2.0 -2.0 -2.0 -2.0 -2.0 0.514 0.463 0.686 0.396 0.663 0.808 2 2 2 2 2 2
1999-08-17T18:30:00 1999 8 17 18 30 0 5.9 -2.4 529.0 3.6 1.88 5.13 5.85 1.98 2 2 2 2 2 2 2 2 3.7 3.72 -26.0 -2.4 -2.4 -2.4 -2.4 -2.4 -2.4 0.544 0.523 0.687 0.449 0.81 0.924 2 2 2 2 2 2
1999-08-17T19:30:00 1999 8 17 19 30 0 1.9 3.1 515.0 3.6 1.81 1.8 1.12 0.4 2 2 2 2 2 2 2 2 3.7 3.77 -27.0 3.1 3.1 3.1 3.1 3.1 3.1 0.39 0.293 0.668 0.268 0.31 0.453 2 2 2 2 2 2
1999-08-17T20:30:00 1999 8 17 20 30 0 2.7 2.9 516.0 3.9 1.95 0.15 0.0 0.0 2 2 2 2 2 2 2 2 3.7 3.69 -18.0 2.9 2.9 2.9 2.9 2.9 2.9 0.264 0.145 0.647 0.15 0.098 0.188 2 2 2 2 2 2
1999-08-17T21:30:00 1999 8 17 21 30 0 2.8 0.7 499.0 3.7 1.74 0.37 0.0 0.0 2 2 2 2 2 2 2 2 2.3 3.44 -18.0 0.7 0.7 0.7 0.7 0.7 0.7 0.179 0.072 0.628 0.084 0.031 0.078 2 2 2 2 2 2
1999-08-17T22:30:00 1999 8 17 22 30 0 5.1 -2.1 511.0 3.8 1.84 2.48 2.22 0.84 2 2 2 2 2 2 2 2 2.3 3.19 -18.0 -2.1 -2.1 -2.1 -2.1 -2.1 -2.1 0.225 0.218 0.617 0.153 0.381 0.426 2 2 2 2 2 2
1999-08-17T23:30:00 1999 8 17 23 30 0 5.3 -3.7 511.0 4.0 1.88 6.49 7.58 2.97 2 2 2 2 2 2 2 2 2.3 3.06 -23.0 -3.7 -3.7 -3.7 -3.7 -3.7 -3.7 0.421 0.497 0.631 0.443 0.884 0.95 2 2 2 2 2 2
