1991-09-27T00:30:00 1991 9 27 0 30 0 3.1 -2.11 507.3 10.37 5.3 2.22 4.86 5.15 1 1 1 1 1 1 1 1 5.0 4.5 -58.0 -2.11 -2.11 -2.11 -2.11 -2.11 -2.11 0.612 0.69 1.01 0.491 1.029 2.961 2 1 1 1 1 1
1991-09-27T01:30:00 1991 9 27 1 30 0 4.1 -3.89 510.7 9.83 5.08 4.89 7.83 7.87 1 1 1 1 1 1 1 1 5.0 4.63 -58.0 -3.89 -3.89 -3.89 -3.89 -3.89 -3.89 0.813 0.955 1.029 0.829 1.47 3.831 1 1 1 1 1 1
1991-09-27T02:30:00 1991 9 27 2 30 0 5.1 -4.3 514.0 9.3 4.87 8.1 10.54 10.05 2 2 2 2 2 2 2 2 5.0 4.67 -57.0 -4.3 -4.3 -4.3 -4.3 -4.3 -4.3 1.034 1.173 1.066 1.197 1.778 4.369 2 2 1 2 2 2
1991-09-27T03:30:00 1991 9 27 3 30 0 4.3 -4.0 534.0 9.4 5.32 8.37 10.86 10.15 2 2 2 2 2 2 2 2 5.7 4.8 -63.0 -4.0 -4.0 -4.0 -4.0 -4.0 -4.0 1.186 1.273 1.105 1.411 1.912 4.722 2 2 1 2 2 2
1991-09-27T04:30:00 1991 9 27 4 30 0 5.2 -1.3 530.0 9.5 5.29 5.53 6.75 6.38 2 2 2 2 2 2 2 2 5.7 4.93 -73.0 -1.3 -1.3 -1.3 -1.3 -1.3 -1.3 1.091 1.079 1.106 1.132 1.451 4.046 2 2 1 2 2 2
1991-09-27T05:30:00 1991 9 27 5 30 0 5.2 -3.6 539.0 9.3 5.32 6.07 6.82 6.39 2 2 2 2 2 2 2 2 5.7 5.1 -75.0 -3.6 -3.6 -3.6 -3.6 -3.6 -3.6 1.092 1.077 1.116 1.11 1.556 4.176 2 2 2 2 2 2
1991-09-27T06:30:00 1991 9 27 6 30 0 8.7 -3.8 515.0 8.1 4.19 11.04 9.75 8.43 2 2 2 2 2 2 2 2 5.0 5.18 -77.0 -3.8 -3.8 -3.8 -3.8 -3.8 -3.8 1.168 1.154 1.142 1.244 1.686 4.11 2 2 2 2 2 2
1991-09-27T07:30:00 1991 9 27 7 30 0 10.5 -5.5 539.0 8.4 4.65 18.48 12.48 10.32 2 2 2 2 2 2 2 2 5.0 5.26 -77.0 -5.5 -5.5 -5.5 -5.5 -5.5 -5.5 1.337 1.316 1.194 1.604 2.031 4.522 2 2 2 2 2 2
1991-09-27T08:30:00 1991 9 27 8 30 0 8.1 -6.8 541.0 9.2 5.11 22.45 16.75 14.82 2 2 2 2 2 2 2 2 5.0 5.26 -82.0 -6.8 -6.8 -6.8 -6.8 -6.8 -6.8 1.617 1.567 1.289 2.221 2.522 5.56 2 2 2 2 2 2
1991-09-27T09:30:00 1991 9 27 9 30 0 4.6 -6.3 547.0 9.8 5.99 18.13 17.77 16.92 2 2 2 2 2 2 2 2 5.0 5.26 -74.0 -6.3 -6.3 -6.3 -6.3 -6.3 -6.3 1.844 1.731 1.391 2.647 2.763 6.445 2 2 2 2 2 2
1991-09-27T10:30:00 1991 9 27 10 30 0 8.3 -3.7 538.0 9.4 5.49 13.71 13.27 12.74 2 2 2 2 2 2 2 2 5.0 5.25 -86.0 -3.7 -3.7 -3.7 -3.7 -3.7 -3.7 1.8 1.606 1.44 2.371 2.366 5.982 2 2 2 2 2 2
1991-09-27T11:30:00 1991 9 27 11 30 0 8.3 -2.99 538.0 9.4 5.49 12.47 8.92 8.38 1 1 1 1 1 1 1 1 5.0 5.17 -82.0 -3.28 -3.21 -3.41 -3.4 -3.22 -3.16 1.642 1.406 1.458 1.947 1.964 5.222 2 2 2 2 1 1
1991-09-27T12:30:00 1991 9 27 12 30 0 6.68 -0.35 538.0 9.4 5.37 7.76 4.2 3.94 1 1 1 1 1 1 1 1 5.0 5.08 -77.0 -1.72 -1.4 -2.32 -2.28 -1.43 -1.15 1.405 1.122 1.457 1.524 1.45 4.103 2 1 2 1 1 1
1991-09-27T13:30:00 1991 9 27 13 30 0 3.67 0.15 538.0 9.92 5.01 2.84 0.29 0.28 1 0 1 1 1 1 1 1 5.0 5.0 -71.0 -1.43 -1.05 -2.11 -2.07 -1.09 -0.76 1.164 0.86 1.445 1.187 1.061 3.119 1 1 2 1 1 1
1991-09-27T14:30:00 1991 9 27 14 30 0 0.66 0.15 538.0 10.55 4.64 0.5 0.0 0.0 1 0 1 1 1 1 1 1 5.0 5.0 -73.0 -1.42 -1.05 -2.11 -2.07 -1.09 -0.76 0.993 0.719 1.434 0.992 0.918 2.714 1 1 2 1 0 0
1991-09-27T15:30:00 1991 9 27 15 30 0 -0.48 0.15 538.0 11.18 4.27 0.01 0.0 0.0 0 0 1 1 1 0 1 1 5.3 5.04 -69.0 -1.42 -1.05 -2.1 -2.06 -1.09 -0.76 0.881 0.656 1.423 0.89 0.887 2.659 1 0 2 0 0 0
1991-09-27T16:30:00 1991 9 27 16 30 0 -0.47 0.16 538.0 11.81 4.26 0.02 0.0 0.0 0 0 1 1 0 0 1 1 5.3 5.08 -59.0 -1.42 -1.05 -2.1 -2.06 -1.09 -0.76 0.81 0.633 1.413 0.84 0.891 2.75 1 0 1 0 0 0
1991-09-27T17:30:00 1991 9 27 17 30 0 -0.47 0.16 538.0 12.16 4.26 0.02 0.0 0.0 0 0 1 0 0 0 1 0 5.3 5.12 -65.0 -1.42 -1.05 -2.1 -2.06 -1.09 -0.76 0.765 0.627 1.404 0.818 0.901 2.868 0 0 1 0 0 0
1991-09-27T18:30:00 1991 9 27 18 30 0 -0.47 0.16 538.0 12.16 4.26 0.02 0.0 0.0 0 0 1 0 0 0 1 0 5.0 5.11 -73.0 -1.42 -1.05 -2.1 -2.06 -1.09 -0.76 0.735 0.625 1.395 0.807 0.906 2.937 0 0 1 0 0 0
1991-09-27T19:30:00 1991 9 27 19 30 0 -0.47 0.16 538.0 12.17 4.26 0.02 0.0 0.0 0 0 1 0 0 0 1 0 5.0 5.11 -81.0 -1.42 -1.05 -2.1 -2.06 -1.09 -0.76 0.715 0.624 1.387 0.8 0.908 2.967 0 0 1 0 0 0
1991-09-27T20:30:00 1991 9 27 20 30 0 -0.47 0.16 538.0 12.17 4.27 0.02 0.0 0.0 0 0 1 0 0 0 1 0 5.0 5.11 -80.0 -1.42 -1.05 -2.1 -2.06 -1.09 -0.76 0.702 0.624 1.379 0.797 0.909 2.979 0 0 1 0 0 0
1991-09-27T21:30:00 1991 9 27 21 30 0 -0.47 0.17 538.0 12.18 4.27 0.02 0.0 0.0 0 0 1 0 0 0 1 0 3.3 4.89 -71.0 -1.42 -1.05 -2.1 -2.06 -1.09 -0.76 0.693 0.624 1.371 0.795 0.909 2.986 0 0 1 0 0 0
1991-09-27T22:30:00 1991 9 27 22 30 0 -0.46 0.17 538.0 12.18 4.27 0.02 0.0 0.0 0 0 1 0 0 0 1 0 3.3 4.67 -67.0 -1.42 -1.05 -2.1 -2.06 -1.08 -0.76 0.687 0.624 1.363 0.794 0.907 2.989 0 0 1 0 0 0
1991-09-27T23:30:00 1991 9 27 23 30 0 -0.46 0.17 538.0 12.19 4.27 0.01 0.0 0.0 0 0 1 0 0 0 1 0 3.3 4.41 -68.0 -1.41 -1.04 -2.09 -2.05 -1.08 -0.76 0.682 0.623 1.356 0.792 0.905 2.992 0 0 1 0 0 0
