1991-04-05T00:30:00 1991 4 5 0 30 0 -1.3 0.71 769.0 6.72 2.55 0.14 0.0 0.0 0 0 1 0 0 0 1 0 4.0 4.84 -70.0 -1.05 -0.72 -1.69 -1.65 -0.76 -0.48 0.556 0.394 1.087 0.728 0.984 2.571 0 0 1 0 0 0
1991-04-05T01:30:00 1991 4 5 1 30 0 -1.3 0.71 762.9 6.73 2.55 0.13 0.0 0.0 0 0 1 0 0 0 1 0 4.0 4.63 -68.0 -1.05 -0.72 -1.69 -1.65 -0.76 -0.48 0.552 0.393 1.1 0.725 0.978 2.551 0 0 0 0 0 0
1991-04-05T02:30:00 1991 4 5 2 30 0 -1.3 0.71 750.6 6.73 2.55 0.13 0.0 0.0 0 0 1 0 0 0 1 0 4.0 4.5 -61.0 -1.05 -0.72 -1.69 -1.65 -0.76 -0.48 0.548 0.393 1.111 0.718 0.962 2.495 0 0 0 0 0 0
1991-04-05T03:30:00 1991 4 5 3 30 0 -1.3 0.71 738.4 6.73 2.55 0.13 0.0 0.0 0 0 1 0 0 0 1 0 3.3 4.28 -57.0 -1.06 -0.72 -1.69 -1.65 -0.76 -0.48 0.544 0.392 1.12 0.707 0.94 2.417 0 0 0 0 0 0
1991-04-05T04:30:00 1991 4 5 4 30 0 -1.3 0.71 726.1 6.74 2.55 0.13 0.0 0.0 0 0 1 0 0 0 1 0 3.3 4.07 -52.0 -1.06 -0.72 -1.69 -1.65 -0.76 -0.48 0.539 0.391 1.127 0.695 0.917 2.332 0 0 0 0 0 0
1991-04-05T05:30:00 1991 4 5 5 30 0 -1.3 0.71 713.8 6.74 2.55 0.13 0.0 0.0 0 0 1 0 0 0 1 0 3.3 3.9 -52.0 -1.06 -0.72 -1.69 -1.65 -0.76 -0.48 0.534 0.39 1.133 0.682 0.893 2.244 0 0 0 0 0 0
1991-04-05T06:30:00 1991 4 5 6 30 0 -1.3 0.71 701.5 6.74 2.55 0.12 0.0 0.0 0 0 1 0 0 0 1 0 3.0 3.68 -54.0 -1.06 -0.72 -1.69 -1.65 -0.76 -0.48 0.528 0.389 1.137 0.669 0.869 2.156 0 0 0 0 0 0
1991-04-05T07:30:00 1991 4 5 7 30 0 -1.3 0.71 689.2 6.74 2.55 0.12 0.0 0.0 0 0 1 0 0 0 1 0 3.0 3.48 -51.0 -1.06 -0.72 -1.69 -1.66 -0.76 -0.48 0.521 0.387 1.139 0.657 0.845 2.069 0 0 0 0 0 0
1991-04-05T08:30:00 1991 4 5 8 30 0 -1.29 0.71 676.9 6.75 2.55 0.12 0.0 0.0 0 0 1 0 0 0 1 0 3.0 3.35 -51.0 -1.06 -0.72 -1.69 -1.66 -0.76 -0.48 0.515 0.386 1.139 0.644 0.821 1.985 0 0 0 0 0 0
1991-04-05T09:30:00 1991 4 5 9 30 0 -1.29 0.71 664.6 6.75 2.55 0.12 0.0 0.0 0 0 1 0 0 0 1 0 2.7 3.19 -52.0 -1.06 -0.72 -1.69 -1.66 -0.76 -0.48 0.508 0.385 1.138 0.631 0.798 1.902 0 0 0 0 0 0
1991-04-05T10:30:00 1991 4 5 10 30 0 -1.29 0.71 652.3 6.75 2.55 0.11 0.0 0.0 0 0 1 0 0 0 1 0 2.7 3.03 -51.0 -1.06 -0.72 -1.69 -1.66 -0.76 -0.48 0.501 0.384 1.136 0.618 0.775 1.821 0 0 0 0 0 0
1991-04-05T11:30:00 1991 4 5 11 30 0 -1.29 0.71 639.9 6.76 2.55 0.11 0.0 0.0 0 0 1 0 0 0 1 0 2.7 2.96 -46.0 -1.06 -0.72 -1.69 -1.66 -0.76 -0.48 0.494 0.383 1.132 0.604 0.752 1.742 0 0 0 0 0 0
1991-04-05T12:30:00 1991 4 5 12 30 0 -1.29 0.71 627.6 6.76 2.55 0.11 0.0 0.0 0 0 1 0 0 0 1 0 3.0 2.92 -41.0 -1.06 -0.72 -1.7 -1.66 -0.76 -0.48 0.487 0.382 1.128 0.59 0.73 1.666 0 0 0 0 0 0
1991-04-05T13:30:00 1991 4 5 13 30 0 -1.29 0.71 615.2 6.76 2.55 0.11 0.0 0.0 0 0 1 0 0 0 1 0 3.0 2.89 -45.0 -1.06 -0.72 -1.7 -1.66 -0.76 -0.48 0.48 0.38 1.122 0.576 0.707 1.59 0 0 0 0 0 0
1991-04-05T14:30:00 1991 4 5 14 30 0 -1.29 0.71 602.8 6.76 2.54 0.1 0.0 0.0 0 0 1 0 0 0 1 0 3.0 2.89 -49.0 -1.06 -0.72 -1.7 -1.66 -0.76 -0.48 0.473 0.379 1.115 0.563 0.685 1.516 0 0 0 0 0 0
1991-04-05T15:30:00 1991 4 5 15 30 0 -1.29 0.71 590.4 6.77 2.54 0.1 0.0 0.0 0 0 1 0 0 0 1 0 3.0 2.89 -45.0 -1.06 -0.72 -1.7 -1.66 -0.76 -0.48 0.465 0.378 1.107 0.549 0.663 1.445 0 0 0 0 0 0
1991-04-05T16:30:00 1991 4 5 16 30 0 -1.29 0.71 578.1 6.77 2.54 0.1 0.0 0.0 0 0 1 0 0 0 1 0 3.0 2.89 -41.0 -1.06 -0.72 -1.7 -1.66 -0.76 -0.48 0.458 0.376 1.098 0.535 0.641 1.376 0 0 0 0 0 0
1991-04-05T17:30:00 1991 4 5 17 30 0 -1.29 0.72 565.6 6.77 2.54 0.1 0.0 0.0 0 0 1 0 0 0 1 0 3.0 2.93 -39.0 -1.06 -0.72 -1.7 -1.66 -0.76 -0.48 0.451 0.375 1.088 0.521 0.62 1.308 0 0 0 0 0 0
1991-04-05T18:30:00 1991 4 5 18 30 0 -1.29 0.72 553.2 6.77 2.54 0.1 0.0 0.0 0 0 1 0 0 0 1 0 2.3 2.87 -37.0 -1.06 -0.72 -1.7 -1.66 -0.76 -0.48 0.443 0.374 1.077 0.508 0.599 1.242 0 0 0 0 0 0
1991-04-05T19:30:00 1991 4 5 19 30 0 -1.29 0.72 540.8 6.78 2.54 0.09 0.0 0.0 0 0 1 0 0 0 1 0 2.3 2.82 -35.0 -1.06 -0.73 -1.7 -1.66 -0.76 -0.48 0.436 0.373 1.066 0.494 0.578 1.179 0 0 0 0 0 0
1991-04-05T20:30:00 1991 4 5 20 30 0 -1.29 0.72 528.4 6.78 2.54 0.09 0.0 0.0 0 0 1 0 0 0 1 0 2.3 2.73 -35.0 -1.06 -0.73 -1.7 -1.66 -0.76 -0.48 0.428 0.373 1.053 0.48 0.557 1.117 0 0 0 0 0 0
1991-04-05T21:30:00 1991 4 5 21 30 0 -1.29 0.72 515.9 6.78 2.54 0.09 0.0 0.0 0 0 1 0 0 0 1 0 2.7 2.69 -39.0 -1.06 -0.73 -1.7 -1.66 -0.76 -0.48 0.421 0.372 1.04 0.467 0.537 1.057 0 0 0 0 0 0
1991-04-05T22:30:00 1991 4 5 22 30 0 -1.29 0.72 503.5 6.79 2.54 0.09 0.0 0.0 0 0 1 0 0 0 1 0 2.7 2.66 -40.0 -1.06 -0.73 -1.7 -1.66 -0.76 -0.48 0.413 0.371 1.026 0.454 0.517 0.999 0 0 0 0 0 0
1991-04-05T23:30:00 1991 4 5 23 30 0 -1.29 0.72 491.0 6.79 2.54 0.08 0.0 0.0 0 0 1 0 0 0 1 0 2.7 2.62 -38.0 -1.06 -0.73 -1.7 -1.66 -0.76 -0.48 0.405 0.37 1.012 0.44 0.497 0.943 0 0 0 0 0 0
