1991-03-02T00:30:00 1991 3 2 0 30 0 -0.35 0.01 422.0 9.0 2.88 0.01 0.0 0.0 0 0 1 0 0 0 1 0 3.3 3.18 -29.0 -1.26 -0.94 -1.84 -1.81 -0.97 -0.69 0.443 0.482 0.433 0.434 0.502 1.072 0 0 0 0 0 0
1991-03-02T01:30:00 1991 3 2 1 30 0 -0.35 0.01 422.0 8.99 2.88 0.01 0.0 0.0 0 0 1 0 0 0 1 0 3.3 3.3 -29.0 -1.26 -0.94 -1.84 -1.81 -0.97 -0.69 0.443 0.482 0.434 0.435 0.502 1.072 0 0 0 0 0 0
1991-03-02T02:30:00 1991 3 2 2 30 0 -0.36 0.01 422.0 8.99 2.88 0.01 0.0 0.0 0 0 1 0 0 0 1 0 3.3 3.3 -28.0 -1.26 -0.94 -1.84 -1.81 -0.98 -0.69 0.444 0.482 0.436 0.435 0.504 1.073 0 0 0 0 0 0
1991-03-02T03:30:00 1991 3 2 3 30 0 -0.37 0.01 422.0 8.99 2.88 0.01 0.0 0.0 0 0 1 0 0 0 1 0 2.3 3.17 -26.0 -1.26 -0.94 -1.84 -1.81 -0.98 -0.69 0.444 0.482 0.437 0.436 0.505 1.073 0 0 0 0 0 0
1991-03-02T04:30:00 1991 3 2 4 30 0 -0.37 0.01 422.0 8.99 2.88 0.01 0.0 0.0 0 0 1 0 0 0 1 0 2.3 3.04 -31.0 -1.26 -0.94 -1.85 -1.81 -0.98 -0.69 0.444 0.482 0.438 0.436 0.506 1.073 0 0 0 0 0 0
1991-03-02T05:30:00 1991 3 2 5 30 0 -0.74 0.0 422.0 8.98 2.88 0.03 0.0 0.0 1 0 1 0 0 1 1 0 2.3 2.91 -29.0 -1.26 -0.94 -1.85 -1.81 -0.98 -0.69 0.444 0.482 0.439 0.436 0.506 1.072 0 0 0 0 0 0
1991-03-02T06:30:00 1991 3 2 6 30 0 -1.71 0.0 422.0 8.98 2.88 0.15 0.0 0.0 1 0 1 0 0 1 1 0 1.7 2.71 -25.0 -1.26 -0.94 -1.85 -1.81 -0.98 -0.69 0.444 0.482 0.441 0.436 0.506 1.071 0 0 0 0 0 0
1991-03-02T07:30:00 1991 3 2 7 30 0 -2.67 -0.38 422.0 8.19 2.88 0.52 0.43 0.37 1 1 1 1 0 1 1 1 1.7 2.51 -22.0 -1.48 -1.21 -1.99 -1.96 -1.23 -0.99 0.454 0.505 0.442 0.444 0.537 1.107 0 1 0 0 1 1
1991-03-02T08:30:00 1991 3 2 8 30 0 -3.2 -2.37 422.0 6.75 2.86 1.69 3.08 2.23 1 1 1 1 1 1 1 1 1.7 2.31 -21.0 -2.6 -2.54 -2.71 -2.7 -2.55 -2.5 0.522 0.626 0.448 0.508 0.712 1.284 1 1 0 1 1 1
1991-03-02T09:30:00 1991 3 2 9 30 0 -3.2 -2.9 422.0 5.31 2.31 3.07 5.61 3.33 2 2 1 1 1 2 2 1 2.0 2.15 -20.0 -2.9 -2.9 -2.9 -2.9 -2.9 -2.9 0.595 0.72 0.456 0.568 0.818 1.27 1 1 0 1 1 1
1991-03-02T10:30:00 1991 3 2 10 30 0 -2.2 -2.5 422.0 3.87 1.76 2.73 5.66 2.57 2 2 1 1 1 2 2 1 2.0 2.0 -18.0 -2.5 -2.5 -2.5 -2.5 -2.5 -2.5 0.609 0.703 0.46 0.548 0.761 1.022 1 1 0 1 1 1
1991-03-02T11:30:00 1991 3 2 11 30 0 -7.3 -1.5 422.0 2.7 1.2 3.87 4.13 1.36 2 2 1 1 1 2 2 1 2.0 1.96 -13.0 -1.5 -1.5 -1.5 -1.5 -1.5 -1.5 0.545 0.58 0.456 0.432 0.577 0.687 1 1 0 1 1 1
1991-03-02T12:30:00 1991 3 2 12 30 0 -6.7 -0.6 422.0 2.7 1.03 4.83 2.14 0.58 2 2 1 1 1 2 2 1 2.3 1.96 -16.0 -0.6 -0.6 -0.6 -0.6 -0.6 -0.6 0.436 0.421 0.446 0.29 0.374 0.434 1 1 0 1 1 1
1991-03-02T13:30:00 1991 3 2 13 30 0 -5.8 -1.7 422.0 2.7 1.03 4.19 2.52 0.68 2 2 2 2 2 2 2 2 2.3 1.97 -17.0 -1.7 -1.7 -1.7 -1.7 -1.7 -1.7 0.388 0.386 0.438 0.241 0.385 0.37 1 1 0 1 2 2
1991-03-02T14:30:00 1991 3 2 14 30 0 -5.2 -1.6 417.0 2.4 0.91 3.88 3.45 0.88 2 2 2 2 2 2 2 2 2.3 2.04 -16.0 -1.6 -1.6 -1.6 -1.6 -1.6 -1.6 0.372 0.386 0.432 0.232 0.408 0.339 1 2 0 2 2 2
1991-03-02T15:30:00 1991 3 2 15 30 0 -4.6 -1.8 436.0 2.9 1.06 3.43 3.65 0.98 2 2 2 2 2 2 2 2 2.7 2.17 -13.0 -1.8 -1.8 -1.8 -1.8 -1.8 -1.8 0.372 0.404 0.428 0.243 0.456 0.374 2 2 0 2 2 2
1991-03-02T16:30:00 1991 3 2 16 30 0 -4.6 -1.47 432.7 2.9 1.06 3.13 3.52 1.02 1 1 1 1 1 1 1 1 2.7 2.3 -14.0 -1.7 -1.64 -1.81 -1.8 -1.65 -1.6 0.376 0.416 0.424 0.259 0.476 0.403 1 1 0 1 1 1
1991-03-02T17:30:00 1991 3 2 17 30 0 -3.83 -0.25 429.5 2.9 1.23 2.06 1.75 0.51 1 1 1 1 1 1 1 1 2.7 2.38 -13.0 -1.34 -1.06 -1.85 -1.82 -1.09 -0.84 0.362 0.381 0.421 0.267 0.416 0.36 1 1 0 1 1 1
1991-03-02T18:30:00 1991 3 2 18 30 0 -2.42 -0.01 426.2 4.04 1.78 0.89 0.26 0.09 1 0 1 1 1 1 1 1 2.3 2.42 -15.0 -1.27 -0.95 -1.86 -1.82 -0.99 -0.7 0.349 0.355 0.419 0.284 0.383 0.362 1 1 0 1 0 0
1991-03-02T19:30:00 1991 3 2 19 30 0 -1.01 -0.02 423.0 5.42 2.33 0.26 0.03 0.02 1 0 1 1 1 1 1 1 2.3 2.45 -18.0 -1.27 -0.95 -1.86 -1.83 -0.99 -0.7 0.351 0.363 0.418 0.311 0.397 0.45 1 0 0 0 0 0
1991-03-02T20:30:00 1991 3 2 20 30 0 -0.48 -0.02 419.7 6.8 2.87 0.05 0.04 0.03 0 0 1 1 1 0 1 1 2.3 2.45 -27.0 -1.27 -0.95 -1.86 -1.83 -0.99 -0.7 0.363 0.388 0.418 0.342 0.427 0.59 0 0 0 0 0 0
1991-03-02T21:30:00 1991 3 2 21 30 0 -0.49 -0.02 416.4 8.19 2.9 0.02 0.04 0.03 0 0 1 1 0 0 1 1 1.3 2.32 -23.0 -1.27 -0.95 -1.86 -1.83 -0.99 -0.7 0.381 0.421 0.419 0.371 0.458 0.755 0 0 0 0 0 0
1991-03-02T22:30:00 1991 3 2 22 30 0 -0.5 -0.02 413.2 8.93 2.9 0.02 0.04 0.04 0 0 1 0 0 0 1 0 1.3 2.18 -16.0 -1.28 -0.96 -1.86 -1.83 -0.99 -0.7 0.399 0.45 0.42 0.395 0.478 0.893 0 0 0 0 0 0
1991-03-02T23:30:00 1991 3 2 23 30 0 -0.63 -0.02 409.9 8.93 2.9 0.03 0.04 0.04 1 0 1 0 0 1 1 0 1.3 2.01 -14.0 -1.28 -0.96 -1.86 -1.83 -0.99 -0.7 0.412 0.468 0.421 0.409 0.484 0.959 0 0 0 0 0 0
