1991-01-05T00:30:00 1991 1 5 0 30 0 -5.0 2.9 366.0 7.5 2.23 1.98 0.93 0.62 2 2 2 2 2 2 2 2 2.3 1.81 -8.0 2.9 2.9 2.9 2.9 2.9 2.9 0.323 0.359 0.265 0.202 0.224 0.41 2 2 2 2 2 2
1991-01-05T01:30:00 1991 1 5 1 30 0 -4.5 -2.1 355.0 8.3 2.4 1.66 0.94 0.77 2 2 2 2 2 2 2 2 2.3 1.94 0.0 -2.1 -2.1 -2.1 -2.1 -2.1 -2.1 0.295 0.359 0.261 0.183 0.291 0.509 2 2 2 2 2 2
1991-01-05T02:30:00 1991 1 5 2 30 0 0.2 7.0 376.0 9.0 2.76 0.4 0.29 0.24 2 2 2 2 2 2 2 2 2.3 2.06 3.0 7.0 7.0 7.0 7.0 7.0 7.0 0.2 0.178 0.253 0.103 0.092 0.211 2 2 2 2 2 2
1991-01-05T03:30:00 1991 1 5 3 30 0 -2.6 3.2 371.0 8.5 2.6 0.03 0.0 0.0 2 2 2 2 2 2 2 2 2.3 2.18 5.0 3.2 3.2 3.2 3.2 3.2 3.2 0.135 0.088 0.245 0.058 0.029 0.088 2 2 2 2 2 2
1991-01-05T04:30:00 1991 1 5 4 30 0 -4.8 0.5 372.0 5.7 1.95 0.67 0.0 0.0 2 2 2 2 2 2 2 2 2.3 2.3 0.0 0.5 0.5 0.5 0.5 0.5 0.5 0.092 0.044 0.238 0.032 0.009 0.036 2 2 2 2 2 2
1991-01-05T05:30:00 1991 1 5 5 30 0 -3.5 6.8 383.0 6.5 2.28 0.5 0.0 0.0 2 2 2 2 2 2 2 2 2.3 2.3 1.0 6.8 6.8 6.8 6.8 6.8 6.8 0.062 0.022 0.23 0.018 0.003 0.015 2 2 2 2 2 2
1991-01-05T06:30:00 1991 1 5 6 30 0 -6.1 -1.0 370.0 6.2 1.97 1.24 0.21 0.13 2 2 2 2 2 2 2 2 1.3 2.17 1.0 -1.0 -1.0 -1.0 -1.0 -1.0 -1.0 0.068 0.077 0.224 0.03 0.09 0.123 2 2 2 2 2 2
1991-01-05T07:30:00 1991 1 5 7 30 0 -6.0 4.1 381.0 5.7 1.91 1.87 0.11 0.07 2 2 2 2 2 2 2 2 1.3 2.04 1.0 4.1 4.1 4.1 4.1 4.1 4.1 0.046 0.038 0.218 0.017 0.029 0.051 2 2 2 2 2 2
1991-01-05T08:30:00 1991 1 5 8 30 0 -6.4 1.0 374.0 5.4 1.69 1.66 0.0 0.0 2 2 2 2 2 2 2 2 1.3 1.91 3.0 1.0 1.0 1.0 1.0 1.0 1.0 0.031 0.019 0.211 0.009 0.009 0.021 2 2 2 2 2 2
1991-01-05T09:30:00 1991 1 5 9 30 0 -5.0 -3.5 368.0 4.6 1.55 3.55 2.79 1.34 2 2 2 2 2 2 2 2 1.7 1.84 -1.0 -3.5 -3.5 -3.5 -3.5 -3.5 -3.5 0.163 0.29 0.214 0.159 0.36 0.347 2 2 2 2 2 2
1991-01-05T10:30:00 1991 1 5 10 30 0 -4.8 -3.4 387.0 3.9 1.31 5.15 6.52 2.75 2 2 2 2 2 2 2 2 1.7 1.77 -5.0 -3.4 -3.4 -3.4 -3.4 -3.4 -3.4 0.344 0.541 0.226 0.367 0.62 0.563 2 2 2 2 2 2
1991-01-05T11:30:00 1991 1 5 11 30 0 -4.8 -2.7 390.6 3.68 1.3 4.6 5.87 2.22 1 1 1 1 1 1 1 1 1.7 1.69 -8.0 -2.96 -2.91 -3.05 -3.04 -2.91 -2.87 0.443 0.622 0.237 0.452 0.661 0.601 2 1 2 1 1 1
1991-01-05T12:30:00 1991 1 5 12 30 0 -3.62 -0.13 394.2 3.46 1.23 2.31 2.56 0.92 1 1 1 1 1 1 1 1 3.0 1.8 -4.0 -1.32 -1.08 -1.75 -1.73 -1.11 -0.9 0.433 0.536 0.241 0.403 0.505 0.485 1 1 2 1 1 1
1991-01-05T13:30:00 1991 1 5 13 30 0 -2.38 0.65 397.8 3.24 1.17 0.63 0.01 0.0 1 1 1 1 1 1 1 1 3.0 1.89 -4.0 -0.53 -0.29 -0.96 -0.93 -0.31 -0.11 0.356 0.369 0.239 0.294 0.295 0.301 1 1 2 1 1 1
1991-01-05T14:30:00 1991 1 5 14 30 0 -1.2 2.19 401.4 3.02 1.1 0.11 0.0 0.0 1 1 1 1 1 1 1 1 3.0 2.11 -2.0 1.94 1.99 1.85 1.86 1.99 2.03 0.241 0.183 0.232 0.167 0.094 0.125 1 1 2 1 1 1
1991-01-05T15:30:00 1991 1 5 15 30 0 -1.2 2.6 405.0 2.8 1.09 0.02 0.0 0.0 2 2 2 2 2 2 2 2 1.0 2.06 1.0 2.6 2.6 2.6 2.6 2.6 2.6 0.163 0.091 0.225 0.093 0.03 0.052 1 1 2 1 1 1
1991-01-05T16:30:00 1991 1 5 16 30 0 -3.6 1.2 415.0 2.7 1.25 0.27 0.0 0.0 2 2 2 2 2 2 2 2 1.0 2.01 3.0 1.2 1.2 1.2 1.2 1.2 1.2 0.11 0.045 0.218 0.052 0.009 0.021 1 1 2 1 1 1
1991-01-05T17:30:00 1991 1 5 17 30 0 -4.8 2.1 435.0 3.7 1.51 0.89 0.0 0.0 2 2 2 2 2 2 2 2 1.0 1.91 3.0 2.1 2.1 2.1 2.1 2.1 2.1 0.075 0.022 0.211 0.029 0.003 0.009 1 1 2 1 1 1
1991-01-05T18:30:00 1991 1 5 18 30 0 -4.5 2.1 448.0 3.6 1.52 1.01 0.0 0.0 2 2 2 2 2 2 2 2 2.0 1.95 4.0 2.1 2.1 2.1 2.1 2.1 2.1 0.051 0.011 0.205 0.016 0.001 0.004 1 1 2 1 1 1
1991-01-05T19:30:00 1991 1 5 19 30 0 -4.5 1.78 448.0 3.6 1.52 1.0 0.0 0.0 1 1 1 1 1 1 1 1 2.0 1.98 1.0 1.52 1.58 1.43 1.44 1.57 1.61 0.034 0.006 0.198 0.009 0.0 0.002 1 1 2 1 1 1
1991-01-05T20:30:00 1991 1 5 20 30 0 -3.74 0.57 448.0 3.6 1.6 1.02 0.0 0.0 1 1 1 1 1 1 1 1 2.0 1.87 -2.0 -0.61 -0.37 -1.04 -1.02 -0.39 -0.19 0.042 0.03 0.194 0.031 0.051 0.039 1 1 2 1 1 1
1991-01-05T21:30:00 1991 1 5 21 30 0 -2.33 0.34 448.0 4.36 1.85 0.67 0.0 0.0 1 0 1 1 1 1 1 1 2.0 1.75 -3.0 -1.01 -0.74 -1.51 -1.48 -0.77 -0.53 0.109 0.145 0.196 0.118 0.227 0.222 0 0 2 0 0 0
1991-01-05T22:30:00 1991 1 5 22 30 0 -0.92 0.34 448.0 5.3 2.1 0.19 0.0 0.0 1 0 1 1 1 1 1 1 2.0 1.64 -3.0 -1.01 -0.74 -1.52 -1.49 -0.77 -0.53 0.172 0.231 0.201 0.191 0.326 0.389 0 0 2 0 0 0
1991-01-05T23:30:00 1991 1 5 23 30 0 -0.38 0.34 448.0 6.23 2.35 0.02 0.0 0.0 0 0 1 1 1 0 1 1 2.0 1.76 -3.0 -1.01 -0.74 -1.52 -1.49 -0.77 -0.53 0.222 0.288 0.205 0.242 0.375 0.531 0 0 1 0 0 0
