1991-10-26T00:30:00 1991 10 26 0 30 0 -0.68 0.02 500.4 13.37 5.55 0.05 0.0 0.0 0 0 1 0 0 0 1 0 4.3 4.9 -56.0 -1.8 -1.3 -2.76 -2.7 -1.35 -0.92 0.805 0.741 1.284 1.06 0.971 3.11 0 0 0 0 0 0
1991-10-26T01:30:00 1991 10 26 1 30 0 -0.67 0.02 502.4 13.37 5.55 0.05 0.0 0.0 0 0 1 0 0 0 1 0 4.3 4.81 -62.0 -1.8 -1.3 -2.75 -2.7 -1.35 -0.92 0.807 0.742 1.288 1.065 0.977 3.139 0 0 0 0 0 0
1991-10-26T02:30:00 1991 10 26 2 30 0 -0.67 0.02 504.3 13.37 5.55 0.05 0.0 0.0 0 0 1 0 0 0 1 0 4.3 4.69 -59.0 -1.8 -1.3 -2.75 -2.7 -1.35 -0.92 0.81 0.742 1.292 1.07 0.983 3.167 0 0 0 0 0 0
1991-10-26T03:30:00 1991 10 26 3 30 0 -0.66 0.02 506.2 13.36 5.55 0.05 0.0 0.0 0 0 1 0 0 0 1 0 3.7 4.49 -62.0 -1.8 -1.3 -2.75 -2.7 -1.35 -0.92 0.812 0.742 1.296 1.075 0.989 3.195 0 0 0 0 0 0
1991-10-26T04:30:00 1991 10 26 4 30 0 -0.65 0.02 508.2 13.36 5.55 0.05 0.0 0.0 0 0 1 0 0 0 1 0 3.7 4.29 -65.0 -1.8 -1.3 -2.75 -2.69 -1.35 -0.92 0.814 0.743 1.301 1.078 0.995 3.224 0 0 0 0 0 0
1991-10-26T05:30:00 1991 10 26 5 30 0 -0.65 0.02 510.1 13.36 5.55 0.04 0.0 0.0 0 0 1 0 0 0 1 0 3.7 4.16 -66.0 -1.79 -1.3 -2.75 -2.69 -1.35 -0.92 0.816 0.743 1.306 1.082 1.001 3.253 0 0 0 0 0 0
1991-10-26T06:30:00 1991 10 26 6 30 0 -0.64 0.02 512.0 13.36 5.55 0.04 0.0 0.0 0 0 1 0 0 0 1 0 4.3 4.12 -68.0 -1.79 -1.3 -2.75 -2.69 -1.35 -0.92 0.817 0.744 1.311 1.086 1.007 3.282 0 0 0 0 0 0
1991-10-26T07:30:00 1991 10 26 7 30 0 -0.64 0.02 513.9 13.35 5.56 0.04 0.0 0.0 0 0 1 0 0 0 1 0 4.3 4.07 -63.0 -1.79 -1.3 -2.75 -2.69 -1.35 -0.92 0.819 0.744 1.316 1.091 1.013 3.31 0 0 0 0 0 0
1991-10-26T08:30:00 1991 10 26 8 30 0 -0.63 0.02 515.8 13.35 5.56 0.04 0.0 0.0 0 0 1 0 0 0 1 0 4.3 4.08 -59.0 -1.79 -1.3 -2.75 -2.69 -1.35 -0.92 0.821 0.745 1.322 1.095 1.019 3.339 0 0 0 0 0 0
1991-10-26T09:30:00 1991 10 26 9 30 0 -0.62 0.02 517.7 13.35 5.56 0.04 0.0 0.0 0 0 1 0 0 0 1 0 3.7 4.0 -58.0 -1.79 -1.3 -2.75 -2.69 -1.35 -0.92 0.823 0.745 1.328 1.1 1.025 3.368 0 0 0 0 0 0
1991-10-26T10:30:00 1991 10 26 10 30 0 -0.62 0.02 519.5 13.34 5.56 0.04 0.0 0.0 0 0 1 0 0 0 1 0 3.7 3.93 -58.0 -1.79 -1.3 -2.75 -2.69 -1.35 -0.92 0.825 0.745 1.334 1.105 1.03 3.396 0 0 0 0 0 0
1991-10-26T11:30:00 1991 10 26 11 30 0 -0.61 0.02 521.4 13.34 5.56 0.04 0.0 0.0 0 0 1 0 0 0 1 0 3.7 3.92 -54.0 -1.79 -1.3 -2.75 -2.69 -1.35 -0.92 0.827 0.746 1.34 1.11 1.036 3.424 0 0 0 0 0 0
1991-10-26T12:30:00 1991 10 26 12 30 0 -0.61 0.02 523.3 13.34 5.56 0.04 0.0 0.0 0 0 1 0 0 0 1 0 5.0 4.09 -56.0 -1.79 -1.3 -2.75 -2.69 -1.35 -0.92 0.83 0.746 1.347 1.115 1.042 3.453 0 0 0 0 0 0
1991-10-26T13:30:00 1991 10 26 13 30 0 -0.6 0.02 525.1 13.33 5.56 0.04 0.0 0.0 0 0 1 0 0 0 1 0 5.0 4.26 -60.0 -1.79 -1.3 -2.75 -2.69 -1.35 -0.92 0.832 0.747 1.353 1.119 1.048 3.481 0 0 0 0 0 0
1991-10-26T14:30:00 1991 10 26 14 30 0 -0.59 0.02 527.0 13.33 5.56 0.04 0.0 0.0 0 0 1 0 0 0 1 0 5.0 4.35 -60.0 -1.79 -1.3 -2.75 -2.69 -1.35 -0.92 0.834 0.747 1.36 1.124 1.054 3.51 0 0 0 0 0 0
1991-10-26T15:30:00 1991 10 26 15 30 0 -0.59 0.02 528.8 13.33 5.56 0.04 0.0 0.0 0 0 1 0 0 0 1 0 4.3 4.35 -67.0 -1.79 -1.3 -2.74 -2.69 -1.35 -0.92 0.836 0.747 1.367 1.129 1.06 3.539 0 0 0 0 0 0
1991-10-26T16:30:00 1991 10 26 16 30 0 -0.58 0.02 530.6 13.32 5.56 0.04 0.0 0.0 0 0 1 0 0 0 1 0 4.3 4.35 -61.0 -1.79 -1.29 -2.74 -2.69 -1.35 -0.92 0.839 0.746 1.374 1.134 1.065 3.567 0 0 0 0 0 0
1991-10-26T17:30:00 1991 10 26 17 30 0 -0.57 0.02 532.5 13.32 5.56 0.04 0.0 0.0 0 0 1 0 0 0 1 0 4.3 4.42 -51.0 -1.79 -1.29 -2.74 -2.69 -1.35 -0.92 0.841 0.746 1.381 1.139 1.071 3.595 0 0 0 0 0 0
1991-10-26T18:30:00 1991 10 26 18 30 0 -0.57 0.02 534.3 13.32 5.57 0.04 0.0 0.0 0 0 1 0 0 0 1 0 4.3 4.49 -47.0 -1.79 -1.29 -2.74 -2.68 -1.35 -0.92 0.843 0.745 1.388 1.142 1.077 3.625 0 0 0 0 0 0
1991-10-26T19:30:00 1991 10 26 19 30 0 -0.56 0.02 536.1 13.31 5.57 0.04 0.0 0.0 0 0 1 0 0 0 1 0 4.3 4.55 -56.0 -1.79 -1.29 -2.74 -2.68 -1.35 -0.92 0.845 0.745 1.396 1.145 1.083 3.653 0 0 0 0 0 0
1991-10-26T20:30:00 1991 10 26 20 30 0 -0.56 0.02 537.0 13.31 5.57 0.03 0.0 0.0 0 0 1 0 0 0 1 0 4.3 4.47 -59.0 -1.79 -1.29 -2.74 -2.68 -1.35 -0.92 0.847 0.746 1.403 1.148 1.087 3.675 0 0 0 0 0 0
1991-10-26T21:30:00 1991 10 26 21 30 0 -0.55 0.02 537.0 13.31 5.57 0.03 0.0 0.0 0 0 1 0 0 0 1 0 4.3 4.38 -54.0 -1.79 -1.29 -2.74 -2.68 -1.34 -0.92 0.849 0.746 1.41 1.15 1.086 3.687 0 0 0 0 0 0
1991-10-26T22:30:00 1991 10 26 22 30 0 -0.54 0.01 537.0 13.3 5.57 0.03 0.0 0.0 0 0 1 0 0 0 1 0 4.3 4.3 -57.0 -1.79 -1.29 -2.74 -2.68 -1.34 -0.92 0.85 0.746 1.417 1.151 1.085 3.691 0 0 0 0 0 0
1991-10-26T23:30:00 1991 10 26 23 30 0 -0.54 0.01 537.0 13.3 5.57 0.03 0.0 0.0 0 0 1 0 0 0 1 0 4.3 4.3 -55.0 -1.79 -1.29 -2.74 -2.68 -1.34 -0.92 0.85 0.746 1.424 1.152 1.084 3.691 0 0 0 0 0 0
