1991-02-04T00:30:00 1991 2 4 0 30 0 -0.11 0.48 408.6 9.88 3.05 0.0 0.0 0.0 0 0 1 0 0 0 1 0 2.7 1.08 -31.0 -0.93 -0.65 -1.49 -1.45 -0.68 -0.45 0.343 0.391 0.356 0.326 0.387 0.889 0 0 0 0 0 0
1991-02-04T01:30:00 1991 2 4 1 30 0 -0.1 0.47 409.6 9.88 3.05 0.0 0.0 0.0 0 0 1 0 0 0 1 0 2.7 1.33 -33.0 -0.94 -0.65 -1.49 -1.45 -0.68 -0.45 0.344 0.391 0.356 0.327 0.389 0.894 0 0 0 0 0 0
1991-02-04T02:30:00 1991 2 4 2 30 0 -0.1 0.47 410.6 9.88 3.04 0.0 0.0 0.0 0 0 1 0 0 0 1 0 2.7 1.59 -31.0 -0.94 -0.66 -1.49 -1.45 -0.68 -0.45 0.346 0.393 0.356 0.328 0.39 0.899 0 0 0 0 0 0
1991-02-04T03:30:00 1991 2 4 3 30 0 -0.1 0.47 411.6 9.88 3.04 0.0 0.0 0.0 0 0 1 0 0 0 1 0 1.0 1.61 -28.0 -0.94 -0.66 -1.49 -1.45 -0.68 -0.45 0.347 0.394 0.356 0.329 0.392 0.904 0 0 0 0 0 0
1991-02-04T04:30:00 1991 2 4 4 30 0 -0.09 0.47 412.6 9.88 3.04 0.0 0.0 0.0 0 0 1 0 0 0 1 0 1.0 1.64 -27.0 -0.94 -0.66 -1.49 -1.46 -0.68 -0.45 0.348 0.395 0.356 0.331 0.393 0.91 0 0 0 0 0 0
1991-02-04T05:30:00 1991 2 4 5 30 0 -0.09 0.47 413.6 9.88 3.04 0.0 0.0 0.0 0 0 1 0 0 0 1 0 1.0 1.63 -25.0 -0.94 -0.66 -1.49 -1.46 -0.68 -0.45 0.349 0.395 0.356 0.332 0.395 0.915 0 0 0 0 0 0
1991-02-04T06:30:00 1991 2 4 6 30 0 -0.09 0.47 414.6 9.88 3.04 0.0 0.0 0.0 0 0 1 0 0 0 1 0 0.3 1.53 -22.0 -0.94 -0.66 -1.49 -1.46 -0.68 -0.45 0.35 0.396 0.356 0.334 0.396 0.92 0 0 0 0 0 0
1991-02-04T07:30:00 1991 2 4 7 30 0 -0.08 0.47 415.5 9.88 3.04 0.0 0.0 0.0 0 0 1 0 0 0 1 0 0.3 1.43 -21.0 -0.94 -0.66 -1.49 -1.46 -0.69 -0.45 0.351 0.396 0.356 0.335 0.4 0.925 0 0 0 0 0 0
1991-02-04T08:30:00 1991 2 4 8 30 0 -0.08 0.47 416.5 9.87 3.04 0.0 0.0 0.0 0 0 1 0 0 0 1 0 0.3 1.14 -20.0 -0.94 -0.66 -1.49 -1.46 -0.69 -0.45 0.352 0.396 0.356 0.336 0.402 0.93 0 0 0 0 0 0
1991-02-04T09:30:00 1991 2 4 9 30 0 -0.08 0.47 417.5 9.87 3.04 0.0 0.0 0.0 0 0 1 0 0 0 1 0 0.7 0.9 -20.0 -0.94 -0.66 -1.49 -1.46 -0.69 -0.45 0.352 0.396 0.356 0.337 0.404 0.935 0 0 0 0 0 0
1991-02-04T10:30:00 1991 2 4 10 30 0 -0.07 0.47 418.5 9.87 3.04 0.0 0.0 0.0 0 0 1 0 0 0 1 0 0.7 0.66 -21.0 -0.94 -0.66 -1.49 -1.46 -0.69 -0.45 0.353 0.396 0.357 0.338 0.406 0.94 0 0 0 0 0 0
1991-02-04T11:30:00 1991 2 4 11 30 0 -0.07 0.47 419.5 9.87 3.04 0.0 0.0 0.0 0 0 1 0 0 0 1 0 0.7 0.62 -22.0 -0.94 -0.66 -1.49 -1.46 -0.69 -0.45 0.354 0.397 0.357 0.339 0.408 0.946 0 0 0 0 0 0
1991-02-04T12:30:00 1991 2 4 12 30 0 -0.07 0.47 420.5 9.87 3.04 0.0 0.0 0.0 0 0 1 0 0 0 1 0 1.0 0.63 -22.0 -0.94 -0.66 -1.49 -1.46 -0.69 -0.45 0.354 0.397 0.357 0.34 0.409 0.951 0 0 0 0 0 0
1991-02-04T13:30:00 1991 2 4 13 30 0 -0.06 0.47 421.0 9.87 3.03 0.0 0.0 0.0 0 0 1 0 0 0 1 0 1.0 0.63 -23.0 -0.94 -0.66 -1.49 -1.46 -0.69 -0.45 0.355 0.397 0.358 0.341 0.41 0.955 0 0 0 0 0 0
1991-02-04T14:30:00 1991 2 4 14 30 0 -0.06 0.47 421.0 9.87 3.03 0.0 0.0 0.0 0 0 1 0 0 0 1 0 1.0 0.72 -23.0 -0.94 -0.66 -1.49 -1.46 -0.69 -0.45 0.355 0.397 0.358 0.342 0.411 0.958 0 0 0 0 0 0
1991-02-04T15:30:00 1991 2 4 15 30 0 -0.06 0.47 421.0 9.87 3.03 0.0 0.0 0.0 0 0 1 0 0 0 1 0 0.7 0.77 -24.0 -0.94 -0.66 -1.49 -1.46 -0.69 -0.45 0.356 0.397 0.359 0.342 0.411 0.958 0 0 0 0 0 0
1991-02-04T16:30:00 1991 2 4 16 30 0 -0.05 0.47 421.0 9.87 3.03 0.0 0.0 0.0 0 0 1 0 0 0 1 0 0.7 0.81 -20.0 -0.94 -0.66 -1.49 -1.46 -0.69 -0.45 0.356 0.397 0.359 0.342 0.411 0.959 0 0 0 0 0 0
1991-02-04T17:30:00 1991 2 4 17 30 0 -0.05 0.47 421.0 9.87 3.03 0.0 0.0 0.0 0 0 1 0 0 0 1 0 0.7 0.81 -19.0 -0.94 -0.66 -1.49 -1.46 -0.69 -0.45 0.356 0.397 0.359 0.343 0.411 0.959 0 0 0 0 0 0
1991-02-04T18:30:00 1991 2 4 18 30 0 -0.17 0.47 421.0 9.87 3.03 0.0 0.0 0.0 1 0 1 0 0 1 1 0 1.3 0.89 -18.0 -0.94 -0.66 -1.49 -1.46 -0.69 -0.45 0.356 0.397 0.36 0.343 0.411 0.959 0 0 0 0 0 0
1991-02-04T19:30:00 1991 2 4 19 30 0 -0.49 0.47 421.0 9.87 3.03 0.0 0.0 0.0 1 0 1 0 0 1 1 0 1.3 0.96 -16.0 -0.94 -0.66 -1.49 -1.46 -0.69 -0.45 0.356 0.397 0.36 0.343 0.411 0.959 0 0 0 0 0 0
1991-02-04T20:30:00 1991 2 4 20 30 0 -0.82 0.63 421.0 10.12 3.03 0.02 0.0 0.0 1 1 1 1 0 1 1 1 1.3 1.0 -16.0 -0.59 -0.35 -1.07 -1.04 -0.37 -0.17 0.332 0.352 0.358 0.307 0.344 0.818 0 0 0 0 1 1
1991-02-04T21:30:00 1991 2 4 21 30 0 -1.0 1.48 421.0 10.59 3.04 0.02 0.0 0.0 1 1 1 1 1 1 1 1 3.0 1.27 -16.0 1.22 1.27 1.12 1.12 1.27 1.31 0.229 0.175 0.348 0.18 0.109 0.339 0 0 0 0 1 1
1991-02-04T22:30:00 1991 2 4 22 30 0 -1.0 1.7 421.0 11.06 3.27 0.02 0.0 0.0 2 2 1 1 1 2 2 1 3.0 1.53 -6.0 1.7 1.7 1.7 1.7 1.7 1.7 0.155 0.087 0.337 0.101 0.034 0.141 0 0 0 0 1 1
1991-02-04T23:30:00 1991 2 4 23 30 0 -1.9 1.6 421.0 11.52 3.51 0.06 0.0 0.0 2 2 1 1 1 2 2 1 3.0 1.82 -7.0 1.6 1.6 1.6 1.6 1.6 1.6 0.105 0.043 0.327 0.056 0.011 0.058 0 0 0 0 1 1
