1991-06-09T00:30:00 1991 6 9 0 30 0 -0.65 0.25 524.9 9.93 6.22 0.03 0.0 0.0 0 0 0 0 0 0 0 0 6.7 4.87 -34.0 -1.69 -1.23 -2.68 -2.62 -1.27 -0.88 0.712 0.629 2.16 0.963 0.896 2.344 0 0 1 0 0 0
1991-06-09T01:30:00 1991 6 9 1 30 0 -0.65 0.25 525.0 9.93 6.22 0.03 0.0 0.0 0 0 0 0 0 0 0 0 6.7 5.06 -14.0 -1.69 -1.23 -2.68 -2.62 -1.27 -0.88 0.711 0.629 2.136 0.963 0.894 2.343 0 0 1 0 0 0
1991-06-09T02:30:00 1991 6 9 2 30 0 -0.64 0.25 525.0 9.92 6.22 0.03 0.0 0.0 0 0 0 0 0 0 0 0 6.7 5.25 -29.0 -1.69 -1.23 -2.68 -2.61 -1.27 -0.88 0.711 0.629 2.112 0.961 0.894 2.342 0 0 1 0 0 0
1991-06-09T03:30:00 1991 6 9 3 30 0 -0.64 0.25 525.1 9.92 6.21 0.03 0.0 0.0 0 0 0 0 0 0 0 0 5.3 5.25 -40.0 -1.69 -1.22 -2.68 -2.61 -1.27 -0.88 0.71 0.627 2.088 0.96 0.894 2.341 0 0 1 0 0 0
1991-06-09T04:30:00 1991 6 9 4 30 0 -0.64 0.25 525.1 9.91 6.21 0.03 0.0 0.0 0 0 0 0 0 0 0 0 5.3 5.25 -31.0 -1.69 -1.22 -2.67 -2.61 -1.27 -0.88 0.71 0.626 2.066 0.959 0.894 2.34 0 0 1 0 0 0
1991-06-09T05:30:00 1991 6 9 5 30 0 -0.64 0.25 525.1 9.91 6.21 0.03 0.0 0.0 0 0 0 0 0 0 0 0 5.3 5.44 -29.0 -1.69 -1.22 -2.67 -2.61 -1.27 -0.88 0.71 0.625 2.044 0.958 0.893 2.339 0 0 1 0 0 0
1991-06-09T06:30:00 1991 6 9 6 30 0 -0.64 0.25 525.2 9.91 6.2 0.03 0.0 0.0 0 0 0 0 0 0 0 0 3.7 5.41 -51.0 -1.69 -1.22 -2.67 -2.61 -1.27 -0.88 0.71 0.625 2.022 0.958 0.893 2.339 0 0 1 0 0 0
1991-06-09T07:30:00 1991 6 9 7 30 0 -0.64 0.25 525.2 9.9 6.2 0.03 0.0 0.0 0 0 0 0 0 0 0 0 3.7 5.39 -51.0 -1.68 -1.22 -2.67 -2.6 -1.27 -0.88 0.709 0.625 2.001 0.956 0.893 2.338 0 0 1 0 0 0
1991-06-09T08:30:00 1991 6 9 8 30 0 -0.64 0.25 525.3 9.9 6.2 0.03 0.0 0.0 0 0 0 0 0 0 0 0 3.7 5.01 -43.0 -1.68 -1.22 -2.67 -2.6 -1.27 -0.88 0.708 0.625 1.981 0.954 0.893 2.337 0 0 1 0 0 0
1991-06-09T09:30:00 1991 6 9 9 30 0 -0.64 0.25 525.3 9.89 6.2 0.03 0.0 0.0 0 0 0 0 0 0 0 0 4.3 4.72 -31.0 -1.68 -1.22 -2.66 -2.6 -1.27 -0.88 0.707 0.624 1.962 0.953 0.893 2.336 0 0 1 0 0 0
1991-06-09T10:30:00 1991 6 9 10 30 0 -0.64 0.25 525.4 9.89 6.19 0.03 0.0 0.0 0 0 0 0 0 0 0 0 4.3 4.44 -22.0 -1.68 -1.22 -2.66 -2.6 -1.26 -0.88 0.706 0.624 1.943 0.953 0.891 2.335 0 0 1 0 0 0
1991-06-09T11:30:00 1991 6 9 11 30 0 -0.64 0.25 525.4 9.88 6.19 0.03 0.0 0.0 0 0 0 0 0 0 0 0 4.3 4.32 -29.0 -1.68 -1.22 -2.66 -2.6 -1.26 -0.87 0.706 0.624 1.924 0.953 0.889 2.328 0 0 1 0 0 0
1991-06-09T12:30:00 1991 6 9 12 30 0 -0.64 0.25 525.5 9.88 6.19 0.03 0.0 0.0 0 0 0 0 0 0 0 0 4.3 4.2 -43.0 -1.68 -1.22 -2.66 -2.59 -1.26 -0.87 0.706 0.624 1.906 0.951 0.889 2.323 0 0 1 0 0 0
1991-06-09T13:30:00 1991 6 9 13 30 0 -0.64 0.25 525.5 9.88 6.18 0.03 0.0 0.0 0 0 0 0 0 0 0 0 4.3 4.08 -42.0 -1.68 -1.22 -2.66 -2.59 -1.26 -0.87 0.706 0.624 1.889 0.949 0.889 2.32 0 0 1 0 0 0
1991-06-09T14:30:00 1991 6 9 14 30 0 -0.64 0.25 525.5 9.87 6.18 0.03 0.0 0.0 0 0 0 0 0 0 0 0 4.3 4.16 -37.0 -1.68 -1.21 -2.65 -2.59 -1.26 -0.87 0.705 0.623 1.872 0.948 0.888 2.318 0 0 0 0 0 0
1991-06-09T15:30:00 1991 6 9 15 30 0 -0.64 0.25 525.6 9.87 6.18 0.03 0.0 0.0 0 0 0 0 0 0 0 0 6.7 4.54 -35.0 -1.67 -1.21 -2.65 -2.59 -1.26 -0.87 0.705 0.621 1.855 0.948 0.888 2.317 0 0 0 0 0 0
1991-06-09T16:30:00 1991 6 9 16 30 0 -0.64 0.25 525.6 9.86 6.18 0.03 0.0 0.0 0 0 0 0 0 0 0 0 6.7 4.93 -13.0 -1.67 -1.21 -2.65 -2.59 -1.26 -0.87 0.704 0.621 1.839 0.947 0.888 2.316 0 0 0 0 0 0
1991-06-09T17:30:00 1991 6 9 17 30 0 -0.64 0.24 525.7 9.86 6.17 0.03 0.0 0.0 0 0 0 0 0 0 0 0 6.7 5.23 -30.0 -1.67 -1.21 -2.65 -2.58 -1.26 -0.87 0.703 0.62 1.824 0.946 0.888 2.315 0 0 0 0 0 0
1991-06-09T18:30:00 1991 6 9 18 30 0 -0.64 0.24 525.7 9.85 6.17 0.03 0.0 0.0 0 0 0 0 0 0 0 0 6.0 5.44 -60.0 -1.67 -1.21 -2.65 -2.58 -1.26 -0.87 0.702 0.62 1.809 0.944 0.888 2.314 0 0 0 0 0 0
1991-06-09T19:30:00 1991 6 9 19 30 0 -0.64 0.24 525.8 9.85 6.17 0.03 0.0 0.0 0 0 0 0 0 0 0 0 6.0 5.65 -73.0 -1.67 -1.21 -2.64 -2.58 -1.26 -0.87 0.702 0.62 1.794 0.943 0.888 2.313 0 0 0 0 0 0
1991-06-09T20:30:00 1991 6 9 20 30 0 -0.64 0.24 525.8 9.85 6.16 0.03 0.0 0.0 0 0 0 0 0 0 0 0 6.0 5.85 -62.0 -1.67 -1.21 -2.64 -2.58 -1.26 -0.87 0.702 0.62 1.78 0.943 0.888 2.313 0 0 0 0 0 0
1991-06-09T21:30:00 1991 6 9 21 30 0 -0.64 0.24 525.9 9.84 6.16 0.03 0.0 0.0 0 0 0 0 0 0 0 0 3.7 5.75 -54.0 -1.67 -1.21 -2.64 -2.58 -1.25 -0.87 0.701 0.62 1.766 0.942 0.886 2.312 0 0 0 0 0 0
1991-06-09T22:30:00 1991 6 9 22 30 0 -0.64 0.24 525.9 9.84 6.16 0.03 0.0 0.0 0 0 0 0 0 0 0 0 3.7 5.65 -52.0 -1.66 -1.21 -2.64 -2.57 -1.25 -0.87 0.7 0.62 1.752 0.941 0.884 2.312 0 0 0 0 0 0
1991-06-09T23:30:00 1991 6 9 23 30 0 -0.64 0.24 525.9 9.83 6.15 0.03 0.0 0.0 0 0 0 0 0 0 0 0 3.7 5.28 -57.0 -1.66 -1.21 -2.64 -2.57 -1.25 -0.87 0.699 0.619 1.739 0.939 0.883 2.31 0 0 0 0 0 0
