1991-09-28T00:30:00 1991 9 28 0 30 0 -0.46 0.17 536.0 12.19 4.27 0.01 0.0 0.0 0 0 1 0 0 0 1 0 4.3 4.29 -67.0 -1.41 -1.04 -2.09 -2.05 -1.08 -0.76 0.677 0.621 1.348 0.789 0.902 2.983 0 0 1 0 0 0
1991-09-28T01:30:00 1991 9 28 1 30 0 -0.46 0.17 531.9 12.2 4.27 0.01 0.0 0.0 0 0 1 0 0 0 1 0 4.3 4.18 -64.0 -1.41 -1.04 -2.09 -2.05 -1.08 -0.75 0.673 0.62 1.34 0.785 0.894 2.945 0 0 1 0 0 0
1991-09-28T02:30:00 1991 9 28 2 30 0 -0.46 0.17 527.8 12.2 4.27 0.01 0.0 0.0 0 0 1 0 0 0 1 0 4.3 4.1 -63.0 -1.41 -1.04 -2.09 -2.05 -1.08 -0.75 0.669 0.619 1.332 0.779 0.885 2.895 0 0 1 0 0 0
1991-09-28T03:30:00 1991 9 28 3 30 0 -0.45 0.18 523.8 12.2 4.27 0.01 0.0 0.0 0 0 1 0 0 0 1 0 5.0 4.11 -66.0 -1.41 -1.04 -2.09 -2.05 -1.08 -0.75 0.666 0.618 1.324 0.773 0.874 2.844 0 0 1 0 0 0
1991-09-28T04:30:00 1991 9 28 4 30 0 -0.45 0.18 519.7 12.21 4.28 0.01 0.0 0.0 0 0 1 0 0 0 1 0 5.0 4.12 -72.0 -1.41 -1.04 -2.09 -2.05 -1.08 -0.75 0.662 0.618 1.315 0.766 0.864 2.794 0 0 1 0 0 0
1991-09-28T05:30:00 1991 9 28 5 30 0 -0.45 0.18 515.6 12.21 4.28 0.01 0.0 0.0 0 0 1 0 0 0 1 0 5.0 4.33 -68.0 -1.41 -1.04 -2.09 -2.05 -1.08 -0.75 0.658 0.617 1.306 0.759 0.853 2.743 0 0 1 0 0 0
1991-09-28T06:30:00 1991 9 28 6 30 0 -0.45 0.18 511.5 12.22 4.28 0.01 0.0 0.0 0 0 1 0 0 0 1 0 4.0 4.41 -57.0 -1.41 -1.04 -2.09 -2.05 -1.08 -0.75 0.654 0.616 1.297 0.752 0.843 2.693 0 0 1 0 0 0
1991-09-28T07:30:00 1991 9 28 7 30 0 -0.45 0.18 507.4 12.22 4.28 0.01 0.0 0.0 0 0 1 0 0 0 1 0 4.0 4.49 -55.0 -1.41 -1.04 -2.08 -2.04 -1.08 -0.75 0.65 0.615 1.287 0.744 0.832 2.643 0 0 1 0 0 0
1991-09-28T08:30:00 1991 9 28 8 30 0 -0.45 0.19 503.4 12.23 4.28 0.01 0.0 0.0 0 0 1 0 0 0 1 0 4.0 4.44 -50.0 -1.4 -1.04 -2.08 -2.04 -1.07 -0.75 0.645 0.615 1.277 0.735 0.819 2.595 0 0 1 0 0 0
1991-09-28T09:30:00 1991 9 28 9 30 0 -0.44 0.19 499.3 12.23 4.28 0.01 0.0 0.0 0 0 1 0 0 0 1 0 4.7 4.49 -50.0 -1.4 -1.03 -2.08 -2.04 -1.07 -0.75 0.64 0.612 1.267 0.727 0.807 2.546 0 0 1 0 0 0
1991-09-28T10:30:00 1991 9 28 10 30 0 -0.44 0.19 495.2 12.24 4.28 0.01 0.0 0.0 0 0 1 0 0 0 1 0 4.7 4.54 -53.0 -1.4 -1.03 -2.08 -2.04 -1.07 -0.75 0.635 0.61 1.256 0.719 0.796 2.498 0 0 1 0 0 0
1991-09-28T11:30:00 1991 9 28 11 30 0 -0.44 0.19 491.1 12.24 4.28 0.01 0.0 0.0 0 0 1 0 0 0 1 0 4.7 4.51 -64.0 -1.4 -1.03 -2.08 -2.04 -1.07 -0.75 0.631 0.609 1.245 0.712 0.785 2.451 0 0 1 0 0 0
1991-09-28T12:30:00 1991 9 28 12 30 0 -0.44 0.19 487.0 12.25 4.29 0.01 0.0 0.0 0 0 1 0 0 0 1 0 5.0 4.52 -57.0 -1.4 -1.03 -2.08 -2.04 -1.07 -0.74 0.626 0.608 1.234 0.705 0.775 2.397 0 0 1 0 0 0
1991-09-28T13:30:00 1991 9 28 13 30 0 -0.44 0.19 482.9 12.25 4.29 0.01 0.0 0.0 0 0 1 0 0 0 1 0 5.0 4.52 -54.0 -1.4 -1.03 -2.08 -2.04 -1.07 -0.74 0.622 0.607 1.223 0.697 0.765 2.345 0 0 1 0 0 0
1991-09-28T14:30:00 1991 9 28 14 30 0 -0.44 0.2 478.8 12.25 4.29 0.01 0.0 0.0 0 0 1 0 0 0 1 0 5.0 4.65 -60.0 -1.4 -1.03 -2.08 -2.04 -1.07 -0.74 0.618 0.606 1.212 0.69 0.755 2.295 0 0 1 0 0 0
1991-09-28T15:30:00 1991 9 28 15 30 0 -0.43 0.2 474.7 12.26 4.29 0.01 0.0 0.0 0 0 1 0 0 0 1 0 3.7 4.6 -60.0 -1.4 -1.03 -2.07 -2.03 -1.07 -0.74 0.614 0.605 1.2 0.682 0.744 2.249 0 0 1 0 0 0
1991-09-28T16:30:00 1991 9 28 16 30 0 -0.43 0.2 470.6 12.26 4.29 0.01 0.0 0.0 0 0 1 0 0 0 1 0 3.7 4.55 -64.0 -1.4 -1.03 -2.07 -2.03 -1.07 -0.74 0.609 0.604 1.189 0.673 0.734 2.204 0 0 1 0 0 0
1991-09-28T17:30:00 1991 9 28 17 30 0 -0.43 0.2 466.5 12.27 4.29 0.01 0.0 0.0 0 0 1 0 0 0 1 0 3.7 4.42 -73.0 -1.39 -1.03 -2.07 -2.03 -1.07 -0.74 0.605 0.603 1.177 0.665 0.724 2.159 0 0 1 0 0 0
1991-09-28T18:30:00 1991 9 28 18 30 0 -0.43 0.2 462.4 12.27 4.29 0.01 0.0 0.0 0 0 1 0 0 0 1 0 5.7 4.56 -71.0 -1.39 -1.03 -2.07 -2.03 -1.06 -0.74 0.6 0.603 1.165 0.658 0.712 2.115 0 0 1 0 0 0
1991-09-28T19:30:00 1991 9 28 19 30 0 -0.43 0.21 458.3 12.28 4.29 0.01 0.0 0.0 0 0 1 0 0 0 1 0 5.7 4.69 -67.0 -1.39 -1.02 -2.07 -2.03 -1.06 -0.74 0.595 0.6 1.153 0.65 0.701 2.072 0 0 1 0 0 0
1991-09-28T20:30:00 1991 9 28 20 30 0 -0.42 0.21 454.2 12.28 4.3 0.01 0.0 0.0 0 0 1 0 0 0 1 0 5.7 4.79 -63.0 -1.39 -1.02 -2.07 -2.03 -1.06 -0.74 0.59 0.598 1.14 0.643 0.69 2.029 0 0 1 0 0 0
1991-09-28T21:30:00 1991 9 28 21 30 0 -0.42 0.21 450.1 12.29 4.3 0.01 0.0 0.0 0 0 1 0 0 0 1 0 4.7 4.75 -68.0 -1.39 -1.02 -2.07 -2.03 -1.06 -0.74 0.586 0.597 1.128 0.636 0.68 1.987 0 0 1 0 0 0
1991-09-28T22:30:00 1991 9 28 22 30 0 -0.42 0.21 446.0 12.29 4.3 0.01 0.0 0.0 0 0 1 0 0 0 1 0 4.7 4.72 -59.0 -1.39 -1.02 -2.07 -2.03 -1.06 -0.74 0.582 0.596 1.115 0.629 0.671 1.945 0 0 1 0 0 0
1991-09-28T23:30:00 1991 9 28 23 30 0 -0.42 0.21 441.9 12.29 4.3 0.01 0.0 0.0 0 0 1 0 0 0 1 0 4.7 4.83 -58.0 -1.39 -1.02 -2.06 -2.02 -1.06 -0.74 0.577 0.594 1.103 0.621 0.661 1.903 0 0 1 0 0 0
