1991-06-29T00:30:00 1991 6 29 0 30 0 -3.9 1.1 427.0 4.4 1.59 1.0 0.0 0.0 2 2 2 2 2 2 2 2 1.3 1.91 -18.0 1.1 1.1 1.1 1.1 1.1 1.1 0.018 0.008 0.38 0.004 0.002 0.008 2 2 1 2 2 2
1991-06-29T01:30:00 1991 6 29 1 30 0 -3.3 1.5 420.7 4.13 1.46 0.66 0.0 0.0 2 2 1 1 1 2 2 1 1.3 1.82 -20.0 1.5 1.5 1.5 1.5 1.5 1.5 0.012 0.004 0.368 0.002 0.001 0.003 2 2 1 2 2 2
1991-06-29T02:30:00 1991 6 29 2 30 0 -3.3 -0.8 414.3 3.87 1.33 0.87 0.36 0.14 2 2 1 1 1 2 2 1 1.3 1.73 -18.0 -0.8 -0.8 -0.8 -0.8 -0.8 -0.8 0.034 0.066 0.358 0.018 0.1 0.106 1 1 1 1 1 1
1991-06-29T03:30:00 1991 6 29 3 30 0 -3.3 0.4 408.0 3.6 1.2 0.99 0.48 0.18 2 2 2 2 2 2 2 2 0.7 1.56 -13.0 0.4 0.4 0.4 0.4 0.4 0.4 0.037 0.066 0.348 0.017 0.07 0.094 2 2 1 1 2 2
1991-06-29T04:30:00 1991 6 29 4 30 0 -2.9 0.3 407.0 3.6 1.19 0.67 0.0 0.0 2 2 2 2 2 2 2 2 0.7 1.4 -13.0 0.3 0.3 0.3 0.3 0.3 0.3 0.025 0.033 0.337 0.009 0.022 0.039 2 2 1 1 2 2
1991-06-29T05:30:00 1991 6 29 5 30 0 -2.3 0.1 410.0 3.9 1.31 0.51 0.0 0.0 2 2 2 2 2 2 2 2 0.7 1.23 -13.0 0.1 0.1 0.1 0.1 0.1 0.1 0.017 0.016 0.327 0.005 0.007 0.016 2 2 1 1 2 2
1991-06-29T06:30:00 1991 6 29 6 30 0 -1.9 -0.2 408.0 4.4 1.46 0.39 0.15 0.07 2 2 2 2 2 2 2 2 1.3 1.15 -12.0 -0.2 -0.2 -0.2 -0.2 -0.2 -0.2 0.023 0.045 0.317 0.007 0.054 0.083 2 2 1 2 2 2
1991-06-29T07:30:00 1991 6 29 7 30 0 -2.0 0.0 410.0 5.1 1.71 0.35 0.19 0.09 2 2 2 2 2 2 2 2 1.3 1.07 -9.0 0.0 0.0 0.0 0.0 0.0 0.0 0.024 0.048 0.308 0.006 0.048 0.091 2 2 1 2 2 2
1991-06-29T08:30:00 1991 6 29 8 30 0 -1.6 1.8 399.0 5.6 1.78 0.15 0.0 0.0 2 2 2 2 2 2 2 2 1.3 1.08 -7.0 1.8 1.8 1.8 1.8 1.8 1.8 0.016 0.024 0.298 0.003 0.015 0.038 2 2 1 2 2 2
1991-06-29T09:30:00 1991 6 29 9 30 0 -4.5 -0.4 407.0 6.8 2.25 0.77 0.11 0.07 2 2 2 2 2 2 2 2 1.3 1.08 -2.0 -0.4 -0.4 -0.4 -0.4 -0.4 -0.4 0.024 0.05 0.29 0.009 0.062 0.117 2 2 1 2 2 2
1991-06-29T10:30:00 1991 6 29 10 30 0 -4.5 -0.38 400.9 6.8 2.25 1.85 0.79 0.53 1 1 1 1 1 1 1 1 1.3 1.08 -3.0 -0.59 -0.52 -0.75 -0.74 -0.52 -0.46 0.074 0.16 0.283 0.046 0.196 0.358 1 1 1 1 1 1
1991-06-29T11:30:00 1991 6 29 11 30 0 -3.72 -0.33 394.8 6.87 2.48 1.52 0.7 0.48 1 1 1 1 1 1 1 1 1.3 1.16 -4.0 -1.29 -0.95 -2.04 -1.99 -0.98 -0.7 0.155 0.271 0.284 0.16 0.315 0.509 1 1 1 1 1 1
1991-06-29T12:30:00 1991 6 29 12 30 0 -2.26 -0.32 388.6 7.29 3.16 0.83 0.64 0.45 1 0 1 1 1 1 1 1 1.7 1.28 -2.0 -1.42 -1.03 -2.29 -2.23 -1.07 -0.75 0.238 0.36 0.289 0.287 0.39 0.613 0 0 1 0 0 0
1991-06-29T13:30:00 1991 6 29 13 30 0 -1.16 -0.32 382.5 7.7 3.15 0.31 0.62 0.46 1 0 1 1 1 1 1 1 1.7 1.4 -2.0 -1.42 -1.03 -2.29 -2.23 -1.07 -0.75 0.299 0.413 0.295 0.369 0.418 0.675 0 0 1 0 0 0
1991-06-29T14:30:00 1991 6 29 14 30 0 -1.55 -0.33 376.4 8.11 3.13 0.22 0.62 0.49 1 0 1 1 1 1 1 1 1.7 1.46 -3.0 -1.42 -1.03 -2.29 -2.23 -1.07 -0.75 0.342 0.445 0.301 0.415 0.426 0.713 0 0 1 0 0 0
1991-06-29T15:30:00 1991 6 29 15 30 0 -2.49 0.07 370.2 8.53 2.43 0.36 0.23 0.19 1 1 1 1 1 1 1 1 1.0 1.41 -2.0 -0.88 -0.54 -1.63 -1.58 -0.57 -0.29 0.34 0.408 0.302 0.39 0.355 0.623 0 1 1 0 1 1
1991-06-29T16:30:00 1991 6 29 16 30 0 -3.0 2.15 364.1 8.6 2.2 0.33 0.0 0.0 1 1 1 1 1 1 1 1 1.0 1.37 -5.0 1.95 2.02 1.79 1.8 2.01 2.07 0.235 0.203 0.294 0.228 0.112 0.258 0 1 1 0 1 1
1991-06-29T17:30:00 1991 6 29 17 30 0 -3.0 2.7 358.0 8.6 2.2 0.24 0.0 0.0 2 2 2 2 2 2 2 2 1.0 1.33 -9.0 2.7 2.7 2.7 2.7 2.7 2.7 0.159 0.101 0.285 0.128 0.036 0.107 0 1 1 0 1 1
1991-06-29T18:30:00 1991 6 29 18 30 0 -2.4 3.9 357.0 10.2 2.59 0.14 0.0 0.0 2 2 2 2 2 2 2 2 1.7 1.38 -10.0 3.9 3.9 3.9 3.9 3.9 3.9 0.108 0.05 0.276 0.072 0.011 0.044 0 1 1 0 1 1
1991-06-29T19:30:00 1991 6 29 19 30 0 -4.0 -0.2 354.0 10.35 2.55 0.5 0.03 0.03 2 2 1 1 1 2 2 1 1.7 1.44 -6.0 -0.2 -0.2 -0.2 -0.2 -0.2 -0.2 0.081 0.053 0.268 0.043 0.037 0.105 0 1 1 1 1 1
1991-06-29T20:30:00 1991 6 29 20 30 0 -2.0 -2.6 351.0 10.5 2.51 1.43 2.64 2.76 2 2 2 2 2 2 2 2 1.7 1.44 -1.0 -2.6 -2.6 -2.6 -2.6 -2.6 -2.6 0.23 0.414 0.269 0.191 0.441 0.863 2 2 1 2 2 2
1991-06-29T21:30:00 1991 6 29 21 30 0 -1.4 -2.1 345.0 10.3 2.39 1.45 4.05 4.21 2 2 2 2 2 2 2 2 1.7 1.44 1.0 -2.1 -2.1 -2.1 -2.1 -2.1 -2.1 0.372 0.656 0.274 0.32 0.614 1.24 2 2 1 2 2 2
1991-06-29T22:30:00 1991 6 29 22 30 0 0.85 -0.95 350.0 11.1 2.74 0.53 2.57 2.74 1 1 1 1 1 1 1 1 1.7 1.45 -1.0 -0.95 -0.95 -0.95 -0.95 -0.95 -0.95 0.391 0.644 0.273 0.29 0.522 1.214 2 1 1 2 1 1
1991-06-29T23:30:00 1991 6 29 23 30 0 3.1 0.2 355.0 11.9 3.1 0.43 0.62 0.7 2 2 2 2 2 2 2 2 1.7 1.53 0.0 0.2 0.2 0.2 0.2 0.2 0.2 0.296 0.405 0.265 0.177 0.244 0.737 2 2 1 2 2 2
