1991-07-28T00:30:00 1991 7 28 0 30 0 0.74 -0.54 559.1 5.9 3.55 0.2 1.51 0.89 0 0 0 0 0 0 0 0 2.0 2.92 -21.0 -1.53 -1.1 -2.43 -2.37 -1.15 -0.78 0.558 0.464 0.712 0.734 0.746 1.306 0 0 0 0 0 0
1991-07-28T01:30:00 1991 7 28 1 30 0 0.74 -0.54 559.1 5.9 3.55 0.2 1.51 0.89 0 0 0 0 0 0 0 0 2.0 2.99 -20.0 -1.53 -1.1 -2.43 -2.37 -1.14 -0.78 0.558 0.464 0.725 0.735 0.743 1.306 0 0 0 0 0 0
1991-07-28T02:30:00 1991 7 28 2 30 0 0.74 -0.54 559.2 5.9 3.55 0.2 1.51 0.89 0 0 0 0 0 0 0 0 2.0 2.78 -18.0 -1.53 -1.1 -2.43 -2.37 -1.14 -0.78 0.558 0.464 0.737 0.735 0.742 1.306 0 0 0 0 0 0
1991-07-28T03:30:00 1991 7 28 3 30 0 0.75 -0.54 559.2 5.9 3.55 0.2 1.51 0.89 0 0 0 0 0 0 0 0 2.3 2.61 -18.0 -1.53 -1.1 -2.42 -2.37 -1.14 -0.78 0.559 0.464 0.748 0.735 0.742 1.306 0 0 0 0 0 0
1991-07-28T04:30:00 1991 7 28 4 30 0 0.75 -0.53 559.3 5.9 3.55 0.2 1.49 0.88 0 0 0 0 0 0 0 0 2.3 2.44 -19.0 -1.53 -1.1 -2.42 -2.37 -1.14 -0.78 0.559 0.464 0.76 0.735 0.742 1.307 0 0 0 0 0 0
1991-07-28T05:30:00 1991 7 28 5 30 0 0.75 -0.53 559.3 5.9 3.55 0.2 1.48 0.87 0 0 0 0 0 0 0 0 2.3 2.36 -18.0 -1.53 -1.1 -2.42 -2.37 -1.14 -0.78 0.559 0.464 0.77 0.735 0.742 1.307 0 0 0 0 0 0
1991-07-28T06:30:00 1991 7 28 6 30 0 0.75 -0.53 559.4 5.9 3.55 0.2 1.48 0.87 0 0 0 0 0 0 0 0 1.0 2.1 -17.0 -1.53 -1.1 -2.42 -2.36 -1.14 -0.78 0.559 0.464 0.781 0.734 0.742 1.307 0 0 0 0 0 0
1991-07-28T07:30:00 1991 7 28 7 30 0 0.75 -0.53 559.4 5.9 3.55 0.2 1.48 0.87 0 0 0 0 0 0 0 0 1.0 1.85 -16.0 -1.53 -1.1 -2.42 -2.36 -1.14 -0.78 0.559 0.464 0.791 0.733 0.742 1.307 0 0 0 0 0 0
1991-07-28T08:30:00 1991 7 28 8 30 0 0.75 -0.53 559.5 5.9 3.55 0.2 1.48 0.87 0 0 0 0 0 0 0 0 1.0 1.72 -17.0 -1.53 -1.1 -2.42 -2.36 -1.14 -0.78 0.559 0.464 0.801 0.733 0.742 1.308 0 0 0 0 0 0
1991-07-28T09:30:00 1991 7 28 9 30 0 0.75 -0.53 559.5 5.9 3.55 0.2 1.48 0.87 0 0 0 0 0 0 0 0 0.7 1.56 -14.0 -1.53 -1.1 -2.42 -2.36 -1.14 -0.78 0.559 0.464 0.811 0.732 0.742 1.308 0 0 0 0 0 0
1991-07-28T10:30:00 1991 7 28 10 30 0 0.75 -0.53 559.6 5.9 3.55 0.2 1.48 0.87 0 0 0 0 0 0 0 0 0.7 1.39 -13.0 -1.53 -1.1 -2.42 -2.36 -1.14 -0.78 0.559 0.464 0.82 0.732 0.742 1.308 0 0 0 0 0 0
1991-07-28T11:30:00 1991 7 28 11 30 0 0.75 -0.53 559.6 5.9 3.55 0.2 1.48 0.87 0 0 0 0 0 0 0 0 0.7 1.2 -11.0 -1.53 -1.1 -2.42 -2.36 -1.14 -0.78 0.559 0.464 0.829 0.732 0.742 1.309 0 0 0 0 0 0
1991-07-28T12:30:00 1991 7 28 12 30 0 0.76 -0.52 559.7 5.89 3.55 0.2 1.47 0.87 0 0 0 0 0 0 0 0 0.7 1.0 -10.0 -1.53 -1.1 -2.42 -2.36 -1.14 -0.78 0.559 0.464 0.838 0.732 0.742 1.308 0 0 0 0 0 0
1991-07-28T13:30:00 1991 7 28 13 30 0 0.76 -0.52 559.7 5.89 3.55 0.2 1.46 0.86 0 0 0 0 0 0 0 0 0.7 0.81 -8.0 -1.53 -1.1 -2.42 -2.36 -1.14 -0.78 0.559 0.464 0.846 0.732 0.742 1.307 0 0 0 0 0 0
1991-07-28T14:30:00 1991 7 28 14 30 0 0.76 -0.52 559.8 5.89 3.55 0.2 1.46 0.86 0 0 0 0 0 0 0 0 0.7 0.77 -8.0 -1.53 -1.1 -2.41 -2.36 -1.14 -0.78 0.559 0.464 0.855 0.732 0.742 1.307 0 0 0 0 0 0
1991-07-28T15:30:00 1991 7 28 15 30 0 0.76 -0.52 559.8 5.89 3.55 0.2 1.46 0.86 0 0 0 0 0 0 0 0 1.0 0.78 -10.0 -1.53 -1.1 -2.41 -2.36 -1.14 -0.78 0.559 0.464 0.862 0.732 0.742 1.307 0 0 0 0 0 0
1991-07-28T16:30:00 1991 7 28 16 30 0 0.76 -0.52 559.9 5.89 3.56 0.2 1.46 0.86 0 0 0 0 0 0 0 0 1.0 0.78 -8.0 -1.53 -1.1 -2.41 -2.36 -1.14 -0.78 0.559 0.464 0.87 0.732 0.742 1.307 0 0 0 0 0 0
1991-07-28T17:30:00 1991 7 28 17 30 0 0.76 -0.52 559.9 5.89 3.56 0.2 1.46 0.86 0 0 0 0 0 0 0 0 1.0 0.82 -5.0 -1.53 -1.1 -2.41 -2.36 -1.14 -0.78 0.559 0.464 0.877 0.732 0.742 1.307 0 0 0 0 0 0
1991-07-28T18:30:00 1991 7 28 18 30 0 0.76 -0.52 560.0 5.89 3.56 0.2 1.46 0.86 0 0 0 0 0 0 0 0 0.7 0.81 -5.0 -1.53 -1.1 -2.41 -2.35 -1.14 -0.78 0.559 0.464 0.885 0.731 0.742 1.308 0 0 0 0 0 0
1991-07-28T19:30:00 1991 7 28 19 30 0 0.76 -0.51 560.0 5.89 3.56 0.2 1.44 0.85 0 0 0 0 0 0 0 0 0.7 0.81 -6.0 -1.53 -1.1 -2.41 -2.35 -1.14 -0.78 0.559 0.464 0.891 0.73 0.743 1.308 0 0 0 0 0 0
1991-07-28T20:30:00 1991 7 28 20 30 0 0.76 -0.51 560.1 5.89 3.56 0.2 1.43 0.84 0 0 0 0 0 0 0 0 0.7 0.81 -7.0 -1.53 -1.09 -2.41 -2.35 -1.14 -0.78 0.559 0.463 0.898 0.729 0.743 1.308 0 0 0 0 0 0
1991-07-28T21:30:00 1991 7 28 21 30 0 0.76 -0.51 560.1 5.89 3.56 0.2 1.43 0.84 0 0 0 0 0 0 0 0 3.0 1.11 -3.0 -1.52 -1.09 -2.41 -2.35 -1.14 -0.78 0.558 0.462 0.905 0.729 0.743 1.309 0 0 0 0 0 0
1991-07-28T22:30:00 1991 7 28 22 30 0 0.77 -0.51 560.2 5.89 3.56 0.2 1.43 0.84 0 0 0 0 0 0 0 0 3.0 1.41 -1.0 -1.52 -1.09 -2.41 -2.35 -1.14 -0.77 0.558 0.462 0.911 0.729 0.743 1.305 0 0 0 0 0 0
1991-07-28T23:30:00 1991 7 28 23 30 0 0.77 -0.51 560.3 5.89 3.56 0.2 1.43 0.84 0 0 0 0 0 0 0 0 3.0 1.66 12.0 -1.52 -1.09 -2.41 -2.35 -1.14 -0.77 0.557 0.462 0.917 0.729 0.743 1.303 0 0 0 0 0 0
