1991-03-06T00:30:00 1991 3 6 0 30 0 -4.9 -3.4 461.0 3.3 1.6 6.7 7.63 2.42 2 2 2 2 2 2 2 2 3.0 3.16 -43.0 -3.4 -3.4 -3.4 -3.4 -3.4 -3.4 0.633 0.664 0.559 0.62 0.871 0.747 2 2 1 2 2 2
1991-03-06T01:30:00 1991 3 6 1 30 0 -4.1 -3.1 461.0 2.7 1.3 5.45 7.46 2.22 2 2 2 2 2 2 2 2 3.0 3.0 -43.0 -3.1 -3.1 -3.1 -3.1 -3.1 -3.1 0.651 0.662 0.566 0.625 0.838 0.714 2 2 1 2 2 2
1991-03-06T02:30:00 1991 3 6 2 30 0 -4.1 -2.55 454.1 2.7 1.3 4.34 6.41 1.73 1 1 1 1 1 1 1 1 3.0 3.04 -39.0 -2.77 -2.71 -2.89 -2.88 -2.72 -2.66 0.637 0.625 0.569 0.59 0.762 0.633 2 2 1 2 1 1
1991-03-06T03:30:00 1991 3 6 3 30 0 -3.53 -0.51 447.2 2.7 1.46 2.42 3.26 0.88 1 1 1 1 1 1 1 1 3.0 3.07 -35.0 -1.57 -1.28 -2.09 -2.06 -1.31 -1.05 0.571 0.523 0.567 0.504 0.583 0.497 2 1 1 1 1 1
1991-03-06T04:30:00 1991 3 6 4 30 0 -2.48 -0.13 440.3 3.83 1.95 0.95 0.68 0.22 1 0 1 1 1 1 1 1 3.0 3.11 -35.0 -1.34 -1.01 -1.94 -1.9 -1.04 -0.74 0.5 0.434 0.562 0.432 0.461 0.434 1 1 1 1 0 1
1991-03-06T05:30:00 1991 3 6 5 30 0 -1.44 -0.13 433.4 5.2 2.45 0.38 0.28 0.13 1 0 1 1 1 1 1 1 3.0 3.07 -36.0 -1.34 -1.01 -1.94 -1.91 -1.04 -0.74 0.459 0.407 0.558 0.405 0.439 0.491 1 0 1 1 0 0
1991-03-06T06:30:00 1991 3 6 6 30 0 -1.04 -0.13 426.5 6.32 2.95 0.16 0.28 0.16 0 0 1 1 1 0 1 1 3.7 3.13 -46.0 -1.34 -1.01 -1.94 -1.91 -1.04 -0.75 0.441 0.413 0.554 0.403 0.451 0.605 1 0 1 0 0 0
1991-03-06T07:30:00 1991 3 6 7 30 0 -1.05 -0.13 419.5 7.24 2.95 0.12 0.27 0.19 0 0 1 1 1 0 1 1 3.7 3.18 -33.0 -1.34 -1.01 -1.94 -1.91 -1.04 -0.75 0.435 0.431 0.551 0.41 0.467 0.721 0 0 1 0 0 0
1991-03-06T08:30:00 1991 3 6 8 30 0 -1.54 -0.13 412.6 7.52 2.66 0.18 0.27 0.2 1 0 1 1 1 1 1 1 3.7 3.27 -25.0 -1.34 -1.01 -1.94 -1.91 -1.04 -0.75 0.433 0.447 0.549 0.415 0.472 0.792 0 0 1 0 0 0
1991-03-06T09:30:00 1991 3 6 9 30 0 -2.82 -0.14 405.7 7.07 2.37 0.48 0.28 0.2 1 0 1 1 1 1 1 1 4.0 3.4 -28.0 -1.34 -1.01 -1.95 -1.91 -1.04 -0.75 0.429 0.451 0.545 0.412 0.461 0.783 0 0 1 0 0 0
1991-03-06T10:30:00 1991 3 6 10 30 0 -4.1 -0.3 398.8 6.7 2.08 1.12 0.46 0.31 1 1 1 1 1 1 1 1 4.0 3.52 -34.0 -1.35 -1.06 -1.87 -1.84 -1.09 -0.83 0.421 0.451 0.541 0.397 0.449 0.746 0 1 1 0 1 1
1991-03-06T11:30:00 1991 3 6 11 30 0 -4.8 -1.17 391.9 6.7 1.99 2.06 1.52 1.02 1 1 1 1 1 1 1 1 4.0 3.65 -40.0 -1.39 -1.33 -1.5 -1.49 -1.34 -1.28 0.416 0.476 0.534 0.356 0.47 0.784 1 1 1 1 1 1
1991-03-06T12:30:00 1991 3 6 12 30 0 -4.8 -1.4 385.0 6.7 1.99 2.67 2.51 1.68 2 2 2 2 2 2 2 2 2.7 3.6 -39.0 -1.4 -1.4 -1.4 -1.4 -1.4 -1.4 0.412 0.506 0.525 0.312 0.487 0.826 1 1 1 1 2 2
1991-03-06T13:30:00 1991 3 6 13 30 0 -5.0 0.4 390.0 5.9 1.84 2.12 0.94 0.61 2 2 2 2 2 2 2 2 2.7 3.55 -32.0 0.4 0.4 0.4 0.4 0.4 0.4 0.313 0.328 0.511 0.194 0.237 0.492 1 2 1 1 2 2
1991-03-06T14:30:00 1991 3 6 14 30 0 -5.3 -0.2 408.0 8.7 2.57 2.05 0.08 0.07 2 2 2 2 2 2 2 2 2.7 3.42 -25.0 -0.2 -0.2 -0.2 -0.2 -0.2 -0.2 0.222 0.198 0.495 0.113 0.125 0.334 1 2 1 1 2 2
1991-03-06T15:30:00 1991 3 6 15 30 0 -1.7 -6.9 408.0 12.8 3.8 5.53 7.81 8.99 2 2 2 2 2 2 2 2 4.0 3.47 -18.0 -6.9 -6.9 -6.9 -6.9 -6.9 -6.9 0.623 0.892 0.529 0.793 1.148 2.399 2 2 1 2 2 2
1991-03-06T16:30:00 1991 3 6 16 30 0 -5.9 -5.0 436.0 12.8 4.47 10.05 12.4 15.87 2 2 2 2 2 2 2 2 4.0 3.51 -29.0 -5.0 -5.0 -5.0 -5.0 -5.0 -5.0 1.034 1.389 0.589 1.418 1.712 4.079 2 2 1 2 2 2
1991-03-06T17:30:00 1991 3 6 17 30 0 -5.0 -3.4 438.0 11.0 4.1 7.84 9.03 10.73 2 2 2 2 2 2 2 2 4.0 3.52 -36.0 -3.4 -3.4 -3.4 -3.4 -3.4 -3.4 1.141 1.403 0.62 1.403 1.585 4.061 2 2 1 2 2 2
1991-03-06T18:30:00 1991 3 6 18 30 0 -5.3 -2.8 440.0 11.2 4.35 5.67 6.75 7.5 2 2 2 2 2 2 2 2 5.0 3.65 -40.0 -2.8 -2.8 -2.8 -2.8 -2.8 -2.8 1.115 1.283 0.634 1.209 1.368 3.664 2 2 1 2 2 2
1991-03-06T19:30:00 1991 3 6 19 30 0 -4.3 -4.3 456.0 11.5 5.03 6.3 8.11 9.23 2 2 2 2 2 2 2 2 5.0 3.79 -40.0 -4.3 -4.3 -4.3 -4.3 -4.3 -4.3 1.187 1.337 0.662 1.28 1.529 4.009 2 2 1 2 2 2
1991-03-06T20:30:00 1991 3 6 20 30 0 -1.0 -4.8 461.0 10.1 4.52 6.38 10.48 11.25 2 2 2 2 2 2 2 2 5.0 4.08 -34.0 -4.8 -4.8 -4.8 -4.8 -4.8 -4.8 1.31 1.437 0.706 1.484 1.721 4.255 2 2 1 2 2 2
1991-03-06T21:30:00 1991 3 6 21 30 0 -2.7 2.6 473.0 8.4 3.79 1.42 3.16 3.06 2 2 2 2 2 2 2 2 4.0 4.23 -39.0 2.6 2.6 2.6 2.6 2.6 2.6 0.992 0.88 0.695 0.941 0.774 2.322 2 2 1 2 2 2
1991-03-06T22:30:00 1991 3 6 22 30 0 2.8 -1.0 479.0 9.3 4.29 0.28 0.44 0.41 2 2 2 2 2 2 2 2 4.0 4.38 -32.0 -1.0 -1.0 -1.0 -1.0 -1.0 -1.0 0.714 0.536 0.676 0.561 0.428 1.412 2 2 1 2 2 2
1991-03-06T23:30:00 1991 3 6 23 30 0 3.5 -1.6 484.0 8.5 4.06 1.91 3.19 2.82 2 2 2 2 2 2 2 2 4.0 4.37 -27.0 -1.6 -1.6 -1.6 -1.6 -1.6 -1.6 0.656 0.587 0.669 0.476 0.683 1.804 2 2 1 2 2 2
