1991-05-20T00:30:00 1991 5 20 0 30 0 -2.6 8.3 367.0 11.6 2.81 0.02 0.0 0.0 2 2 2 2 2 2 2 2 1.3 1.63 -4.0 8.3 8.3 8.3 8.3 8.3 8.3 0.0 0.0 0.175 0.0 0.0 0.0 0 0 0 0 0 0
1991-05-20T01:30:00 1991 5 20 1 30 0 -1.0 6.2 362.0 9.6 2.46 0.02 0.0 0.0 2 2 2 2 2 2 2 2 1.3 1.66 -3.0 6.2 6.2 6.2 6.2 6.2 6.2 0.0 0.0 0.169 0.0 0.0 0.0 0 0 0 0 0 0
1991-05-20T02:30:00 1991 5 20 2 30 0 0.1 7.5 367.0 9.0 2.25 0.0 0.0 0.0 2 2 2 2 2 2 2 2 1.3 1.54 2.0 7.5 7.5 7.5 7.5 7.5 7.5 0.0 0.0 0.164 0.0 0.0 0.0 0 0 0 0 0 0
1991-05-20T03:30:00 1991 5 20 3 30 0 0.8 5.7 376.0 11.3 3.19 0.0 0.0 0.0 2 2 2 2 2 2 2 2 1.3 1.42 7.0 5.7 5.7 5.7 5.7 5.7 5.7 0.0 0.0 0.159 0.0 0.0 0.0 0 0 0 0 0 0
1991-05-20T04:30:00 1991 5 20 4 30 0 1.6 5.9 379.0 13.6 3.8 0.01 0.0 0.0 2 2 2 2 2 2 2 2 1.3 1.3 11.0 5.9 5.9 5.9 5.9 5.9 5.9 0.0 0.0 0.154 0.0 0.0 0.0 0 0 0 0 0 0
1991-05-20T05:30:00 1991 5 20 5 30 0 2.1 6.5 386.0 13.7 3.9 0.03 0.0 0.0 2 2 2 2 2 2 2 2 1.3 1.3 14.0 6.5 6.5 6.5 6.5 6.5 6.5 0.0 0.0 0.15 0.0 0.0 0.0 0 0 0 0 0 0
1991-05-20T06:30:00 1991 5 20 6 30 0 1.4 7.5 382.0 12.2 3.4 0.02 0.0 0.0 2 2 2 2 2 2 2 2 1.0 1.26 12.0 7.5 7.5 7.5 7.5 7.5 7.5 0.0 0.0 0.145 0.0 0.0 0.0 0 0 0 0 0 0
1991-05-20T07:30:00 1991 5 20 7 30 0 1.5 7.9 379.0 13.2 3.7 0.01 0.0 0.0 2 2 2 2 2 2 2 2 1.0 1.22 12.0 7.9 7.9 7.9 7.9 7.9 7.9 0.0 0.0 0.141 0.0 0.0 0.0 0 0 0 0 0 0
1991-05-20T08:30:00 1991 5 20 8 30 0 3.0 7.4 372.0 13.7 3.67 0.04 0.0 0.0 2 2 2 2 2 2 2 2 1.0 1.18 12.0 7.4 7.4 7.4 7.4 7.4 7.4 0.0 0.0 0.136 0.0 0.0 0.0 0 0 0 0 0 0
1991-05-20T09:30:00 1991 5 20 9 30 0 2.3 8.0 366.0 12.0 3.23 0.06 0.0 0.0 2 2 2 2 2 2 2 2 1.0 1.15 12.0 8.0 8.0 8.0 8.0 8.0 8.0 0.0 0.0 0.132 0.0 0.0 0.0 0 0 0 0 0 0
1991-05-20T10:30:00 1991 5 20 10 30 0 2.5 8.0 358.0 11.1 2.77 0.04 0.0 0.0 2 2 2 2 2 2 2 2 1.0 1.11 12.0 8.0 8.0 8.0 8.0 8.0 8.0 0.0 0.0 0.128 0.0 0.0 0.0 0 0 0 0 0 0
1991-05-20T11:30:00 1991 5 20 11 30 0 2.2 8.5 352.0 9.3 2.09 0.04 0.0 0.0 2 2 2 2 2 2 2 2 1.0 1.07 12.0 8.5 8.5 8.5 8.5 8.5 8.5 0.0 0.0 0.124 0.0 0.0 0.0 0 0 0 0 0 0
1991-05-20T12:30:00 1991 5 20 12 30 0 0.6 9.2 348.0 7.9 1.75 0.01 0.0 0.0 2 2 2 2 2 2 2 2 1.0 1.04 8.0 9.2 9.2 9.2 9.2 9.2 9.2 0.0 0.0 0.12 0.0 0.0 0.0 0 0 0 0 0 0
1991-05-20T13:30:00 1991 5 20 13 30 0 -1.8 8.4 353.0 9.5 2.22 0.0 0.0 0.0 2 2 2 2 2 2 2 2 1.0 1.0 8.0 8.4 8.4 8.4 8.4 8.4 8.4 0.0 0.0 0.117 0.0 0.0 0.0 0 0 0 0 0 0
1991-05-20T14:30:00 1991 5 20 14 30 0 -3.0 6.9 339.0 8.5 1.87 0.05 0.0 0.0 2 2 2 2 2 2 2 2 1.0 1.0 5.0 6.9 6.9 6.9 6.9 6.9 6.9 0.0 0.0 0.113 0.0 0.0 0.0 0 0 0 0 0 0
1991-05-20T15:30:00 1991 5 20 15 30 0 4.1 6.7 332.0 6.9 1.38 0.05 0.0 0.0 2 2 2 2 2 2 2 2 1.0 1.0 2.0 6.7 6.7 6.7 6.7 6.7 6.7 0.0 0.0 0.11 0.0 0.0 0.0 0 0 0 0 0 0
1991-05-20T16:30:00 1991 5 20 16 30 0 3.3 6.6 339.0 8.2 1.75 0.16 0.0 0.0 2 2 2 2 2 2 2 2 1.0 1.0 2.0 6.6 6.6 6.6 6.6 6.6 6.6 0.0 0.0 0.106 0.0 0.0 0.0 0 0 0 0 0 0
1991-05-20T17:30:00 1991 5 20 17 30 0 2.2 7.9 336.0 8.9 1.9 0.06 0.0 0.0 2 2 2 2 2 2 2 2 1.0 1.0 4.0 7.9 7.9 7.9 7.9 7.9 7.9 0.0 0.0 0.103 0.0 0.0 0.0 0 0 0 0 0 0
1991-05-20T18:30:00 1991 5 20 18 30 0 1.0 8.1 348.0 8.5 1.99 0.01 0.0 0.0 2 2 2 2 2 2 2 2 0.3 0.91 6.0 8.1 8.1 8.1 8.1 8.1 8.1 0.0 0.0 0.1 0.0 0.0 0.0 0 0 0 0 0 0
1991-05-20T19:30:00 1991 5 20 19 30 0 0.7 8.1 335.0 9.6 2.08 0.0 0.0 0.0 2 2 2 2 2 2 2 2 0.3 0.82 7.0 8.1 8.1 8.1 8.1 8.1 8.1 0.0 0.0 0.097 0.0 0.0 0.0 0 0 0 0 0 0
1991-05-20T20:30:00 1991 5 20 20 30 0 0.9 7.1 341.0 9.7 2.13 0.0 0.0 0.0 2 2 2 2 2 2 2 2 0.3 0.73 7.0 7.1 7.1 7.1 7.1 7.1 7.1 0.0 0.0 0.094 0.0 0.0 0.0 0 0 0 0 0 0
1991-05-20T21:30:00 1991 5 20 21 30 0 1.1 6.99 334.0 11.0 2.32 0.0 0.0 0.0 1 1 2 2 2 1 2 2 0.3 0.64 7.0 6.99 6.99 6.99 6.99 6.99 6.99 0.0 0.0 0.091 0.0 0.0 0.0 0 0 0 0 0 0
1991-05-20T22:30:00 1991 5 20 22 30 0 1.3 6.51 334.5 9.9 2.12 0.01 0.0 0.0 1 1 1 1 1 1 1 1 0.3 0.55 8.0 6.51 6.51 6.51 6.51 6.51 6.51 0.0 0.0 0.088 0.0 0.0 0.0 0 0 0 0 0 0
1991-05-20T23:30:00 1991 5 20 23 30 0 1.5 6.4 335.0 8.8 1.92 0.01 0.0 0.0 2 2 2 2 2 2 2 2 0.3 0.47 9.0 6.4 6.4 6.4 6.4 6.4 6.4 0.0 0.0 0.086 0.0 0.0 0.0 0 0 0 0 0 0
