1991-05-14T00:30:00 1991 5 14 0 30 0 0.39 2.19 394.1 8.95 2.97 0.0 0.0 0.0 0 0 0 0 0 0 0 0 1.0 3.4 -20.0 -0.8 -0.51 -1.41 -1.37 -0.54 -0.31 0.279 0.314 0.22 0.276 0.298 0.591 0 0 0 0 0 0
1991-05-14T01:30:00 1991 5 14 1 30 0 0.39 2.18 394.4 8.95 2.98 0.0 0.0 0.0 0 0 0 0 0 0 0 0 1.0 2.98 -14.0 -0.8 -0.51 -1.41 -1.37 -0.54 -0.31 0.28 0.315 0.222 0.278 0.3 0.592 0 0 0 0 0 0
1991-05-14T02:30:00 1991 5 14 2 30 0 0.38 2.18 394.7 8.96 2.99 0.0 0.0 0.0 0 0 0 0 0 0 0 0 1.0 2.52 -12.0 -0.8 -0.51 -1.41 -1.37 -0.54 -0.32 0.281 0.315 0.224 0.278 0.3 0.598 0 0 0 0 0 0
1991-05-14T03:30:00 1991 5 14 3 30 0 0.38 2.18 394.9 8.96 2.99 0.0 0.0 0.0 0 0 0 0 0 0 0 0 3.3 2.37 -11.0 -0.8 -0.51 -1.42 -1.38 -0.54 -0.32 0.282 0.316 0.226 0.28 0.301 0.602 0 0 0 0 0 0
1991-05-14T04:30:00 1991 5 14 4 30 0 0.38 2.17 395.2 8.97 3.0 0.0 0.0 0.0 0 0 0 0 0 0 0 0 3.3 2.21 -14.0 -0.81 -0.52 -1.42 -1.38 -0.54 -0.32 0.283 0.317 0.228 0.281 0.301 0.605 0 0 0 0 0 0
1991-05-14T05:30:00 1991 5 14 5 30 0 0.38 2.17 395.5 8.97 3.01 0.0 0.0 0.0 0 0 0 0 0 0 0 0 3.3 2.3 -32.0 -0.81 -0.52 -1.42 -1.39 -0.55 -0.32 0.284 0.319 0.23 0.283 0.304 0.607 0 0 0 0 0 0
1991-05-14T06:30:00 1991 5 14 6 30 0 0.37 2.16 395.7 8.97 3.02 0.0 0.0 0.0 0 0 0 0 0 0 0 0 4.7 2.57 -50.0 -0.81 -0.52 -1.43 -1.39 -0.55 -0.32 0.285 0.319 0.231 0.284 0.305 0.609 0 0 0 0 0 0
1991-05-14T07:30:00 1991 5 14 7 30 0 0.37 2.16 396.0 8.98 3.03 0.0 0.0 0.0 0 0 0 0 0 0 0 0 4.7 2.83 -53.0 -0.81 -0.52 -1.43 -1.39 -0.55 -0.32 0.286 0.32 0.233 0.285 0.306 0.61 0 0 0 0 0 0
1991-05-14T08:30:00 1991 5 14 8 30 0 0.37 2.16 396.3 8.98 3.04 0.0 0.0 0.0 0 0 0 0 0 0 0 0 4.7 3.29 -61.0 -0.82 -0.52 -1.43 -1.4 -0.55 -0.33 0.287 0.32 0.235 0.286 0.307 0.616 0 0 0 0 0 0
1991-05-14T09:30:00 1991 5 14 9 30 0 0.37 2.15 396.6 8.98 3.04 0.0 0.0 0.0 0 0 0 0 0 0 0 0 5.3 3.82 -40.0 -0.82 -0.53 -1.44 -1.4 -0.55 -0.33 0.288 0.322 0.237 0.288 0.307 0.62 0 0 0 0 0 0
1991-05-14T10:30:00 1991 5 14 10 30 0 0.36 2.15 396.8 8.99 3.05 0.0 0.0 0.0 0 0 0 0 0 0 0 0 5.3 4.35 -41.0 -0.82 -0.53 -1.44 -1.4 -0.56 -0.33 0.289 0.323 0.239 0.289 0.309 0.623 0 0 0 0 0 0
1991-05-14T11:30:00 1991 5 14 11 30 0 0.36 2.14 397.1 8.99 3.06 0.0 0.0 0.0 0 0 0 0 0 0 0 0 5.3 4.6 -48.0 -0.82 -0.53 -1.45 -1.41 -0.56 -0.33 0.29 0.324 0.241 0.29 0.311 0.625 0 0 0 0 0 0
1991-05-14T12:30:00 1991 5 14 12 30 0 0.36 2.14 397.4 9.0 3.07 0.0 0.0 0.0 0 0 0 0 0 0 0 0 4.7 4.76 -43.0 -0.83 -0.53 -1.45 -1.41 -0.56 -0.33 0.291 0.325 0.243 0.291 0.312 0.627 0 0 0 0 0 0
1991-05-14T13:30:00 1991 5 14 13 30 0 0.36 2.14 397.6 9.0 3.08 0.0 0.0 0.0 0 0 0 0 0 0 0 0 4.7 4.93 -48.0 -0.83 -0.53 -1.45 -1.41 -0.56 -0.33 0.292 0.325 0.245 0.292 0.312 0.629 0 0 0 0 0 0
1991-05-14T14:30:00 1991 5 14 14 30 0 0.36 2.13 397.9 9.0 3.08 0.0 0.0 0.0 0 0 0 0 0 0 0 0 4.7 4.92 -53.0 -0.83 -0.54 -1.46 -1.42 -0.56 -0.33 0.293 0.326 0.246 0.294 0.313 0.63 0 0 0 0 0 0
1991-05-14T15:30:00 1991 5 14 15 30 0 0.35 2.13 398.2 9.01 3.09 0.0 0.0 0.0 0 0 0 0 0 0 0 0 5.7 5.05 -60.0 -0.83 -0.54 -1.46 -1.42 -0.57 -0.34 0.294 0.328 0.248 0.295 0.315 0.635 0 0 0 0 0 0
1991-05-14T16:30:00 1991 5 14 16 30 0 0.35 2.12 398.4 9.01 3.1 0.0 0.0 0.0 0 0 0 0 0 0 0 0 5.7 5.18 -70.0 -0.84 -0.54 -1.46 -1.42 -0.57 -0.34 0.295 0.329 0.25 0.296 0.317 0.64 0 0 0 0 0 0
1991-05-14T17:30:00 1991 5 14 17 30 0 0.35 2.12 398.7 9.01 3.11 0.0 0.0 0.0 0 0 0 0 0 0 0 0 5.7 5.23 -74.0 -0.84 -0.54 -1.47 -1.43 -0.57 -0.34 0.296 0.329 0.252 0.297 0.318 0.643 0 0 0 0 0 0
1991-05-14T18:30:00 1991 5 14 18 30 0 0.35 2.12 399.0 9.02 3.12 0.0 0.0 0.0 0 0 0 0 0 0 0 0 3.7 5.02 -65.0 -0.84 -0.54 -1.47 -1.43 -0.57 -0.34 0.297 0.329 0.254 0.299 0.318 0.645 0 0 0 0 0 0
1991-05-14T19:30:00 1991 5 14 19 30 0 0.34 2.11 399.3 9.02 3.12 0.0 0.0 0.0 0 0 0 0 0 0 0 0 3.7 4.82 -56.0 -0.84 -0.54 -1.47 -1.43 -0.57 -0.34 0.297 0.33 0.255 0.299 0.319 0.647 0 0 0 0 0 0
1991-05-14T20:30:00 1991 5 14 20 30 0 0.34 2.11 399.5 9.03 3.13 0.0 0.0 0.0 0 0 0 0 0 0 0 0 3.7 4.68 -46.0 -0.84 -0.55 -1.48 -1.44 -0.58 -0.34 0.298 0.331 0.257 0.301 0.321 0.648 0 0 0 0 0 0
1991-05-14T21:30:00 1991 5 14 21 30 0 0.34 2.1 399.8 9.03 3.14 0.0 0.0 0.0 0 0 0 0 0 0 0 0 3.7 4.55 -45.0 -0.85 -0.55 -1.48 -1.44 -0.58 -0.34 0.299 0.333 0.259 0.302 0.323 0.65 0 0 0 0 0 0
1991-05-14T22:30:00 1991 5 14 22 30 0 0.34 2.1 400.1 9.03 3.15 0.0 0.0 0.0 0 0 0 0 0 0 0 0 3.7 4.42 -38.0 -0.85 -0.55 -1.48 -1.44 -0.58 -0.35 0.3 0.333 0.261 0.303 0.324 0.655 0 0 0 0 0 0
1991-05-14T23:30:00 1991 5 14 23 30 0 0.33 2.1 400.3 9.04 3.16 0.0 0.0 0.0 0 0 0 0 0 0 0 0 3.7 4.18 -26.0 -0.85 -0.55 -1.49 -1.45 -0.58 -0.35 0.301 0.334 0.263 0.304 0.324 0.66 0 0 0 0 0 0
