1991-05-16T00:30:00 1991 5 16 0 30 0 0.28 2.0 407.1 9.13 3.36 0.0 0.0 0.0 0 0 0 0 0 0 0 0 1.3 1.04 -7.0 -0.91 -0.6 -1.58 -1.53 -0.63 -0.38 0.326 0.356 0.305 0.336 0.354 0.73 0 0 0 0 0 0
1991-05-16T01:30:00 1991 5 16 1 30 0 0.27 1.99 407.4 9.13 3.37 0.0 0.0 0.0 0 0 0 0 0 0 0 0 1.3 1.08 -5.0 -0.92 -0.6 -1.58 -1.54 -0.63 -0.39 0.327 0.357 0.307 0.338 0.354 0.736 0 0 0 0 0 0
1991-05-16T02:30:00 1991 5 16 2 30 0 0.27 1.99 407.6 9.14 3.38 0.0 0.0 0.0 0 0 0 0 0 0 0 0 1.3 1.12 -5.0 -0.92 -0.6 -1.58 -1.54 -0.64 -0.39 0.328 0.357 0.309 0.339 0.357 0.741 0 0 0 0 0 0
1991-05-16T03:30:00 1991 5 16 3 30 0 0.27 1.98 407.9 9.14 3.39 0.0 0.0 0.0 0 0 0 0 0 0 0 0 1.0 1.11 -7.0 -0.92 -0.61 -1.59 -1.54 -0.64 -0.39 0.329 0.359 0.31 0.34 0.359 0.744 0 0 0 0 0 0
1991-05-16T04:30:00 1991 5 16 4 30 0 0.27 1.98 408.2 9.14 3.39 0.0 0.0 0.0 0 0 0 0 0 0 0 0 1.0 1.11 -6.0 -0.92 -0.61 -1.59 -1.55 -0.64 -0.39 0.33 0.36 0.312 0.342 0.359 0.746 0 0 0 0 0 0
1991-05-16T05:30:00 1991 5 16 5 30 0 0.27 1.98 408.4 9.15 3.4 0.0 0.0 0.0 0 0 0 0 0 0 0 0 1.0 1.11 -5.0 -0.93 -0.61 -1.59 -1.55 -0.64 -0.39 0.331 0.361 0.314 0.343 0.36 0.748 0 0 0 0 0 0
1991-05-16T06:30:00 1991 5 16 6 30 0 0.26 1.97 408.7 9.15 3.41 0.0 0.0 0.0 0 0 0 0 0 0 0 0 1.0 1.11 -4.0 -0.93 -0.61 -1.6 -1.56 -0.64 -0.39 0.332 0.361 0.315 0.345 0.36 0.749 0 0 0 0 0 0
1991-05-16T07:30:00 1991 5 16 7 30 0 0.26 1.97 409.0 9.15 3.42 0.0 0.0 0.0 0 0 0 0 0 0 0 0 1.0 1.11 -4.0 -0.93 -0.61 -1.6 -1.56 -0.64 -0.39 0.333 0.362 0.317 0.347 0.361 0.751 0 0 0 0 0 0
1991-05-16T08:30:00 1991 5 16 8 30 0 0.26 1.96 409.2 9.16 3.43 0.0 0.0 0.0 0 0 0 0 0 0 0 0 1.0 1.07 -5.0 -0.93 -0.62 -1.6 -1.56 -0.65 -0.4 0.334 0.363 0.319 0.348 0.363 0.757 0 0 0 0 0 0
1991-05-16T09:30:00 1991 5 16 9 30 0 0.26 1.96 409.5 9.16 3.43 0.0 0.0 0.0 0 0 0 0 0 0 0 0 1.3 1.08 -6.0 -0.94 -0.62 -1.61 -1.57 -0.65 -0.4 0.335 0.365 0.32 0.349 0.365 0.762 0 0 0 0 0 0
1991-05-16T10:30:00 1991 5 16 10 30 0 0.25 1.96 409.8 9.17 3.44 0.0 0.0 0.0 0 0 0 0 0 0 0 0 1.3 1.08 -4.0 -0.94 -0.62 -1.61 -1.57 -0.65 -0.4 0.336 0.365 0.322 0.351 0.366 0.765 0 0 0 0 0 0
1991-05-16T11:30:00 1991 5 16 11 30 0 0.25 1.95 410.1 9.17 3.45 0.0 0.0 0.0 0 0 0 0 0 0 0 0 1.3 1.12 -3.0 -0.94 -0.62 -1.62 -1.57 -0.65 -0.4 0.337 0.366 0.324 0.352 0.367 0.767 0 0 0 0 0 0
1991-05-16T12:30:00 1991 5 16 12 30 0 0.25 1.95 410.3 9.17 3.46 0.0 0.0 0.0 0 0 0 0 0 0 0 0 2.0 1.25 1.0 -0.94 -0.62 -1.62 -1.58 -0.65 -0.4 0.338 0.366 0.326 0.353 0.367 0.769 0 0 0 0 0 0
1991-05-16T13:30:00 1991 5 16 13 30 0 0.25 1.94 410.6 9.18 3.47 0.0 0.0 0.0 0 0 0 0 0 0 0 0 2.0 1.37 2.0 -0.95 -0.62 -1.62 -1.58 -0.66 -0.4 0.339 0.366 0.327 0.355 0.369 0.771 0 0 0 0 0 0
1991-05-16T14:30:00 1991 5 16 14 30 0 0.24 1.94 410.9 9.18 3.48 0.0 0.0 0.0 0 0 0 0 0 0 0 0 2.0 1.5 4.0 -0.95 -0.63 -1.63 -1.58 -0.66 -0.4 0.34 0.368 0.329 0.356 0.371 0.773 0 0 0 0 0 0
1991-05-16T15:30:00 1991 5 16 15 30 0 0.24 1.94 411.1 9.18 3.48 0.0 0.0 0.0 0 0 0 0 0 0 0 0 2.3 1.66 8.0 -0.95 -0.63 -1.63 -1.59 -0.66 -0.41 0.341 0.369 0.331 0.357 0.372 0.778 0 0 0 0 0 0
1991-05-16T16:30:00 1991 5 16 16 30 0 0.24 1.93 411.4 9.19 3.49 0.0 0.0 0.0 0 0 0 0 0 0 0 0 2.3 1.82 7.0 -0.95 -0.63 -1.63 -1.59 -0.66 -0.41 0.342 0.37 0.332 0.359 0.373 0.783 0 0 0 0 0 0
1991-05-16T17:30:00 1991 5 16 17 30 0 0.24 1.93 411.7 9.19 3.5 0.0 0.0 0.0 0 0 0 0 0 0 0 0 2.3 1.95 6.0 -0.95 -0.63 -1.64 -1.59 -0.66 -0.41 0.342 0.37 0.334 0.36 0.373 0.787 0 0 0 0 0 0
1991-05-16T18:30:00 1991 5 16 18 30 0 0.24 1.92 412.4 9.2 3.51 0.0 0.0 0.0 0 0 1 0 0 0 1 0 5.3 2.46 3.0 -0.96 -0.63 -1.64 -1.6 -0.67 -0.41 0.343 0.371 0.336 0.361 0.376 0.79 0 0 0 0 0 0
1991-05-16T19:30:00 1991 5 16 19 30 0 0.23 1.92 413.7 9.2 3.52 0.0 0.0 0.0 0 0 1 0 0 0 1 0 5.3 2.97 -3.0 -0.96 -0.64 -1.64 -1.6 -0.67 -0.41 0.345 0.372 0.338 0.363 0.379 0.794 0 0 0 0 0 0
1991-05-16T20:30:00 1991 5 16 20 30 0 0.23 1.92 414.9 9.2 3.52 0.0 0.0 0.0 0 0 1 0 0 0 1 0 5.3 3.39 6.0 -0.96 -0.64 -1.65 -1.6 -0.67 -0.41 0.346 0.374 0.339 0.365 0.381 0.8 0 0 0 0 0 0
1991-05-16T21:30:00 1991 5 16 21 30 0 0.23 1.91 416.2 9.21 3.53 0.0 0.0 0.0 0 0 1 0 0 0 1 0 4.0 3.64 37.0 -0.96 -0.64 -1.65 -1.61 -0.67 -0.42 0.347 0.375 0.341 0.368 0.383 0.81 0 0 0 0 0 0
1991-05-16T22:30:00 1991 5 16 22 30 0 0.23 1.91 417.4 9.21 3.54 0.0 0.0 0.0 0 0 1 0 0 0 1 0 4.0 3.88 33.0 -0.97 -0.64 -1.65 -1.61 -0.67 -0.42 0.349 0.375 0.343 0.37 0.385 0.82 0 0 0 0 0 0
1991-05-16T23:30:00 1991 5 16 23 30 0 0.22 1.9 418.5 9.21 3.55 0.0 0.0 0.0 0 0 1 0 0 0 1 0 4.0 4.08 24.0 -0.97 -0.64 -1.66 -1.61 -0.68 -0.42 0.351 0.376 0.345 0.372 0.389 0.827 0 0 0 0 0 0
