1991-11-29T00:30:00 1991 11 29 0 30 0 -4.0 -4.7 405.0 24.9 8.18 8.26 11.18 22.36 2 2 2 2 2 2 2 2 4.0 3.16 -30.0 -4.7 -4.7 -4.7 -4.7 -4.7 -4.7 1.434 1.845 0.514 1.725 1.877 6.914 2 2 1 2 2 2
1991-11-29T01:30:00 1991 11 29 1 30 0 -8.1 -4.1 429.0 15.1 6.11 8.98 9.14 17.96 2 2 2 2 2 2 2 2 4.0 3.37 -37.0 -4.1 -4.1 -4.1 -4.1 -4.1 -4.1 1.522 1.845 0.558 1.752 1.858 6.938 2 2 1 2 2 2
1991-11-29T02:30:00 1991 11 29 2 30 0 -8.1 -3.29 443.0 12.3 5.24 10.47 7.99 10.88 1 1 2 2 2 1 2 2 4.0 3.5 -40.0 -3.55 -3.49 -3.68 -3.67 -3.49 -3.44 1.474 1.645 0.589 1.6 1.656 5.599 2 2 1 2 1 2
1991-11-29T03:30:00 1991 11 29 3 30 0 -6.57 -0.28 443.0 12.3 5.24 6.35 3.68 4.52 1 1 1 1 1 1 1 1 3.3 3.53 -37.0 -1.51 -1.22 -2.11 -2.07 -1.25 -1.0 1.272 1.272 0.602 1.268 1.186 4.021 2 1 1 1 1 1
1991-11-29T04:30:00 1991 11 29 4 30 0 -3.73 0.3 443.0 12.3 5.09 2.24 0.12 0.15 1 0 1 1 1 1 1 1 3.3 3.56 -26.0 -1.12 -0.78 -1.81 -1.76 -0.82 -0.54 1.029 0.91 0.603 0.952 0.789 2.713 1 1 1 1 1 1
1991-11-29T05:30:00 1991 11 29 5 30 0 -0.9 0.3 443.0 11.55 4.6 0.42 0.0 0.0 1 0 1 1 1 1 1 1 3.3 3.56 -20.0 -1.12 -0.78 -1.8 -1.76 -0.82 -0.54 0.846 0.697 0.602 0.753 0.619 2.003 1 1 1 1 0 0
1991-11-29T06:30:00 1991 11 29 6 30 0 0.18 0.3 443.0 10.62 4.12 0.01 0.0 0.0 0 0 1 1 1 0 1 1 1.0 3.26 -22.0 -1.12 -0.78 -1.8 -1.76 -0.81 -0.54 0.718 0.582 0.601 0.635 0.551 1.626 1 0 1 1 0 0
1991-11-29T07:30:00 1991 11 29 7 30 0 0.17 0.3 443.0 9.69 3.63 0.0 0.0 0.0 0 0 1 1 1 0 1 1 1.0 2.95 -22.0 -1.12 -0.78 -1.8 -1.76 -0.81 -0.53 0.627 0.516 0.599 0.561 0.516 1.378 1 0 1 0 0 0
1991-11-29T08:30:00 1991 11 29 8 30 0 0.17 0.3 443.0 8.76 3.6 0.0 0.0 0.0 0 0 1 1 0 0 1 1 1.0 2.58 -19.0 -1.11 -0.78 -1.8 -1.76 -0.81 -0.53 0.559 0.473 0.597 0.512 0.492 1.19 0 0 1 0 0 0
1991-11-29T09:30:00 1991 11 29 9 30 0 0.17 0.3 443.0 8.25 3.6 0.0 0.0 0.0 0 0 1 0 0 0 1 0 2.0 2.33 -20.0 -1.11 -0.78 -1.8 -1.75 -0.81 -0.53 0.508 0.445 0.594 0.477 0.474 1.056 0 0 1 0 0 0
1991-11-29T10:30:00 1991 11 29 10 30 0 0.16 0.3 443.0 8.25 3.59 0.0 0.0 0.0 0 0 1 0 0 0 1 0 2.0 2.09 -22.0 -1.11 -0.78 -1.8 -1.75 -0.81 -0.53 0.473 0.428 0.591 0.455 0.466 0.987 0 0 1 0 0 0
1991-11-29T11:30:00 1991 11 29 11 30 0 0.16 0.3 443.0 8.24 3.59 0.0 0.0 0.0 0 0 1 0 0 0 1 0 2.0 1.94 -23.0 -1.11 -0.78 -1.79 -1.75 -0.81 -0.53 0.45 0.42 0.588 0.443 0.464 0.958 0 0 1 0 0 0
1991-11-29T12:30:00 1991 11 29 12 30 0 0.15 0.31 443.0 8.23 3.58 0.0 0.0 0.0 0 0 1 0 0 0 1 0 3.3 1.96 -21.0 -1.11 -0.77 -1.79 -1.75 -0.81 -0.53 0.433 0.415 0.586 0.436 0.463 0.945 0 0 1 0 0 0
1991-11-29T13:30:00 1991 11 29 13 30 0 0.15 0.31 443.0 8.22 3.57 0.0 0.0 0.0 0 0 1 0 0 0 1 0 3.3 1.98 -19.0 -1.11 -0.77 -1.79 -1.75 -0.81 -0.53 0.422 0.412 0.583 0.432 0.462 0.938 0 0 1 0 0 0
1991-11-29T14:30:00 1991 11 29 14 30 0 0.15 0.31 443.0 8.21 3.57 0.0 0.0 0.0 0 0 1 0 0 0 1 0 3.3 2.26 -27.0 -1.11 -0.77 -1.79 -1.75 -0.81 -0.53 0.415 0.41 0.58 0.43 0.462 0.935 0 0 1 0 0 0
1991-11-29T15:30:00 1991 11 29 15 30 0 0.14 0.31 443.0 8.2 3.56 0.0 0.0 0.0 0 0 1 0 0 0 1 0 3.0 2.51 -36.0 -1.11 -0.77 -1.79 -1.75 -0.81 -0.53 0.41 0.409 0.578 0.429 0.462 0.933 0 0 1 0 0 0
1991-11-29T16:30:00 1991 11 29 16 30 0 0.14 0.31 444.0 8.19 3.56 0.0 0.0 0.0 0 0 1 0 0 0 1 0 3.0 2.75 -33.0 -1.11 -0.77 -1.79 -1.74 -0.8 -0.53 0.406 0.408 0.575 0.427 0.461 0.933 0 0 1 0 0 0
1991-11-29T17:30:00 1991 11 29 17 30 0 0.14 0.31 446.0 8.18 3.55 0.0 0.0 0.0 0 0 1 0 0 0 1 0 3.0 2.87 -25.0 -1.1 -0.77 -1.78 -1.74 -0.8 -0.53 0.404 0.408 0.573 0.427 0.461 0.937 0 0 1 0 0 0
1991-11-29T18:30:00 1991 11 29 18 30 0 0.13 0.31 448.1 8.17 3.55 0.0 0.0 0.0 0 0 1 0 0 0 1 0 2.0 2.86 -21.0 -1.1 -0.77 -1.78 -1.74 -0.8 -0.53 0.402 0.408 0.571 0.427 0.464 0.944 0 0 1 0 0 0
1991-11-29T19:30:00 1991 11 29 19 30 0 0.13 0.31 450.1 8.17 3.54 0.0 0.0 0.0 0 0 1 0 0 0 1 0 2.0 2.85 -29.0 -1.1 -0.77 -1.78 -1.74 -0.8 -0.52 0.401 0.408 0.569 0.429 0.467 0.949 0 0 1 0 0 0
1991-11-29T20:30:00 1991 11 29 20 30 0 0.13 0.31 452.1 8.16 3.54 0.0 0.0 0.0 0 0 1 0 0 0 1 0 2.0 2.68 -27.0 -1.1 -0.77 -1.78 -1.74 -0.8 -0.52 0.401 0.408 0.567 0.431 0.47 0.955 0 0 1 0 0 0
1991-11-29T21:30:00 1991 11 29 21 30 0 0.12 0.31 454.1 8.15 3.53 0.0 0.0 0.0 0 0 1 0 0 0 1 0 4.3 2.82 -21.0 -1.1 -0.77 -1.78 -1.74 -0.8 -0.52 0.402 0.408 0.566 0.433 0.473 0.962 0 0 1 0 0 0
1991-11-29T22:30:00 1991 11 29 22 30 0 0.12 0.31 456.1 8.14 3.53 0.0 0.0 0.0 0 0 1 0 0 0 1 0 4.3 2.96 -22.0 -1.1 -0.76 -1.78 -1.73 -0.8 -0.52 0.402 0.407 0.564 0.434 0.476 0.97 0 0 1 0 0 0
1991-11-29T23:30:00 1991 11 29 23 30 0 0.12 0.32 458.1 8.13 3.52 0.0 0.0 0.0 0 0 1 0 0 0 1 0 4.3 3.13 -33.0 -1.1 -0.76 -1.78 -1.73 -0.8 -0.52 0.403 0.406 0.563 0.435 0.479 0.979 0 0 1 0 0 0
