1991-07-17T00:30:00 1991 7 17 0 30 0 0.47 -0.88 545.5 6.1 3.51 0.3 2.41 1.47 0 0 0 0 0 0 0 0 5.7 4.93 -69.0 -1.65 -1.19 -2.66 -2.6 -1.23 -0.85 0.593 0.495 1.261 0.815 0.761 1.345 0 0 0 0 0 0
1991-07-17T01:30:00 1991 7 17 1 30 0 0.47 -0.88 545.5 6.1 3.51 0.3 2.4 1.46 0 0 0 0 0 0 0 0 5.7 5.03 -56.0 -1.65 -1.19 -2.66 -2.6 -1.23 -0.85 0.593 0.495 1.259 0.815 0.761 1.345 0 0 0 0 0 0
1991-07-17T02:30:00 1991 7 17 2 30 0 0.47 -0.88 545.6 6.1 3.51 0.3 2.4 1.46 0 0 0 0 0 0 0 0 5.7 5.08 -55.0 -1.65 -1.19 -2.66 -2.59 -1.23 -0.85 0.593 0.495 1.258 0.814 0.761 1.345 0 0 0 0 0 0
1991-07-17T03:30:00 1991 7 17 3 30 0 0.48 -0.88 545.6 6.1 3.51 0.3 2.4 1.46 0 0 0 0 0 0 0 0 5.3 5.09 -67.0 -1.65 -1.19 -2.66 -2.59 -1.23 -0.85 0.593 0.495 1.256 0.812 0.761 1.345 0 0 0 0 0 0
1991-07-17T04:30:00 1991 7 17 4 30 0 0.48 -0.88 545.7 6.1 3.51 0.3 2.4 1.46 0 0 0 0 0 0 0 0 5.3 5.09 -82.0 -1.65 -1.19 -2.66 -2.59 -1.23 -0.85 0.593 0.495 1.255 0.812 0.762 1.346 0 0 0 0 0 0
1991-07-17T05:30:00 1991 7 17 5 30 0 0.48 -0.88 545.7 6.1 3.51 0.3 2.4 1.46 0 0 0 0 0 0 0 0 5.3 5.21 -89.0 -1.65 -1.19 -2.66 -2.59 -1.23 -0.85 0.593 0.495 1.254 0.811 0.762 1.346 0 0 0 0 0 0
1991-07-17T06:30:00 1991 7 17 6 30 0 0.48 -0.88 545.8 6.1 3.51 0.3 2.4 1.46 0 0 0 0 0 0 0 0 5.3 5.33 -94.0 -1.65 -1.18 -2.66 -2.59 -1.23 -0.85 0.593 0.494 1.252 0.811 0.762 1.346 0 0 0 0 0 0
1991-07-17T07:30:00 1991 7 17 7 30 0 0.48 -0.88 545.8 6.1 3.51 0.3 2.4 1.46 0 0 0 0 0 0 0 0 5.3 5.44 -79.0 -1.65 -1.18 -2.66 -2.59 -1.23 -0.85 0.593 0.493 1.251 0.811 0.762 1.347 0 0 0 0 0 0
1991-07-17T08:30:00 1991 7 17 8 30 0 0.48 -0.87 545.9 6.1 3.51 0.3 2.39 1.46 0 0 0 0 0 0 0 0 5.3 5.4 -66.0 -1.65 -1.18 -2.66 -2.59 -1.23 -0.85 0.593 0.493 1.25 0.811 0.762 1.347 0 0 0 0 0 0
1991-07-17T09:30:00 1991 7 17 9 30 0 0.48 -0.87 545.9 6.1 3.52 0.3 2.37 1.45 0 0 0 0 0 0 0 0 3.3 5.09 -60.0 -1.65 -1.18 -2.66 -2.59 -1.23 -0.85 0.593 0.492 1.248 0.811 0.762 1.347 0 0 0 0 0 0
1991-07-17T10:30:00 1991 7 17 10 30 0 0.48 -0.87 546.7 6.09 3.52 0.3 2.38 1.45 0 0 1 0 0 0 1 0 3.3 4.78 -57.0 -1.65 -1.18 -2.65 -2.59 -1.23 -0.85 0.593 0.492 1.247 0.812 0.763 1.348 0 0 0 0 0 0
1991-07-17T11:30:00 1991 7 17 11 30 0 0.48 -0.87 548.2 6.09 3.52 0.3 2.38 1.45 0 0 1 0 0 0 1 0 3.3 4.52 -59.0 -1.65 -1.18 -2.65 -2.59 -1.23 -0.85 0.593 0.492 1.246 0.813 0.765 1.352 0 0 0 0 0 0
1991-07-17T12:30:00 1991 7 17 12 30 0 0.48 -0.87 549.8 6.09 3.52 0.3 2.39 1.45 0 0 1 0 0 0 1 0 3.3 4.27 -60.0 -1.65 -1.18 -2.65 -2.59 -1.23 -0.85 0.594 0.492 1.245 0.815 0.768 1.36 0 0 0 0 0 0
1991-07-17T13:30:00 1991 7 17 13 30 0 0.49 -0.87 551.3 6.09 3.52 0.3 2.4 1.46 0 0 1 0 0 0 1 0 3.3 4.02 -61.0 -1.65 -1.18 -2.65 -2.58 -1.23 -0.85 0.595 0.492 1.245 0.816 0.771 1.368 0 0 0 0 0 0
1991-07-17T14:30:00 1991 7 17 14 30 0 0.49 -0.87 552.8 6.09 3.52 0.3 2.4 1.46 0 0 1 0 0 0 1 0 3.3 3.78 -57.0 -1.65 -1.18 -2.65 -2.58 -1.23 -0.85 0.596 0.493 1.245 0.817 0.775 1.377 0 0 0 0 0 0
1991-07-17T15:30:00 1991 7 17 15 30 0 0.49 -0.86 554.3 6.09 3.52 0.3 2.39 1.46 0 0 1 0 0 0 1 0 4.0 3.63 -57.0 -1.64 -1.18 -2.65 -2.58 -1.23 -0.85 0.597 0.493 1.245 0.819 0.778 1.386 0 0 0 0 0 0
1991-07-17T16:30:00 1991 7 17 16 30 0 0.49 -0.86 555.8 6.09 3.52 0.3 2.39 1.45 0 0 1 0 0 0 1 0 4.0 3.48 -61.0 -1.64 -1.18 -2.65 -2.58 -1.23 -0.85 0.597 0.493 1.245 0.821 0.781 1.395 0 0 0 0 0 0
1991-07-17T17:30:00 1991 7 17 17 30 0 0.49 -0.86 557.4 6.09 3.52 0.3 2.39 1.46 0 0 1 0 0 0 1 0 4.0 3.57 -56.0 -1.64 -1.18 -2.65 -2.58 -1.23 -0.84 0.598 0.493 1.245 0.824 0.785 1.4 0 0 0 0 0 0
1991-07-17T18:30:00 1991 7 17 18 30 0 0.49 -0.86 558.9 6.09 3.52 0.3 2.4 1.46 0 0 1 0 0 0 1 0 4.0 3.66 -58.0 -1.64 -1.18 -2.65 -2.58 -1.23 -0.84 0.598 0.494 1.246 0.827 0.788 1.407 0 0 0 0 0 0
1991-07-17T19:30:00 1991 7 17 19 30 0 0.49 -0.86 560.4 6.09 3.52 0.3 2.41 1.47 0 0 1 0 0 0 1 0 4.0 3.75 -56.0 -1.64 -1.18 -2.65 -2.58 -1.23 -0.84 0.599 0.494 1.247 0.829 0.792 1.414 0 0 0 0 0 0
1991-07-17T20:30:00 1991 7 17 20 30 0 0.49 -0.86 561.9 6.09 3.52 0.3 2.41 1.47 0 0 1 0 0 0 1 0 4.0 3.83 -56.0 -1.64 -1.18 -2.65 -2.58 -1.23 -0.84 0.601 0.494 1.248 0.832 0.795 1.423 0 0 0 0 0 0
1991-07-17T21:30:00 1991 7 17 21 30 0 0.49 -0.86 563.3 6.09 3.52 0.3 2.42 1.47 0 0 1 0 0 0 1 0 5.3 4.09 -59.0 -1.64 -1.18 -2.64 -2.58 -1.23 -0.84 0.602 0.494 1.249 0.835 0.798 1.432 0 0 0 0 0 0
1991-07-17T22:30:00 1991 7 17 22 30 0 0.49 -0.86 564.8 6.09 3.52 0.3 2.43 1.48 0 0 1 0 0 0 1 0 5.3 4.34 -61.0 -1.64 -1.18 -2.64 -2.58 -1.23 -0.84 0.603 0.494 1.251 0.837 0.802 1.441 0 0 0 0 0 0
1991-07-17T23:30:00 1991 7 17 23 30 0 0.5 -0.85 566.3 6.09 3.52 0.3 2.42 1.47 0 0 1 0 0 0 1 0 5.3 4.5 -70.0 -1.64 -1.18 -2.64 -2.58 -1.23 -0.84 0.604 0.495 1.252 0.84 0.805 1.45 0 0 0 0 0 0
