1991-04-02T00:30:00 1991 4 2 0 30 0 0.3 -2.4 458.0 4.7 2.07 3.0 6.99 3.28 2 2 2 2 2 2 2 2 3.7 3.55 -45.0 -2.4 -2.4 -2.4 -2.4 -2.4 -2.4 0.812 0.85 0.528 0.867 1.019 1.327 2 2 1 2 2 2
1991-04-02T01:30:00 1991 4 2 1 30 0 0.3 -1.83 438.0 4.8 1.84 1.18 4.68 2.22 1 1 2 2 2 1 2 2 3.7 3.67 -38.0 -2.15 -2.09 -2.26 -2.26 -2.09 -2.04 0.742 0.744 0.529 0.7 0.824 1.123 2 2 1 2 1 1
1991-04-02T02:30:00 1991 4 2 2 30 0 0.0 0.26 445.6 4.8 1.84 0.23 1.6 0.77 1 1 1 1 1 1 1 1 3.7 3.76 -34.0 -1.22 -0.94 -1.76 -1.73 -0.96 -0.72 0.641 0.597 0.527 0.559 0.607 0.867 2 1 1 1 1 1
1991-04-02T03:30:00 1991 4 2 3 30 0 -0.56 0.66 453.2 4.81 1.91 0.0 0.0 0.0 1 0 1 1 1 1 1 1 3.3 3.78 -36.0 -1.04 -0.72 -1.67 -1.63 -0.75 -0.47 0.539 0.46 0.523 0.457 0.453 0.649 1 1 1 1 0 1
1991-04-02T04:30:00 1991 4 2 4 30 0 -1.12 0.66 460.9 4.88 2.13 0.03 0.0 0.0 1 0 1 1 1 1 1 1 3.3 3.81 -37.0 -1.04 -0.71 -1.67 -1.63 -0.75 -0.47 0.467 0.383 0.519 0.399 0.399 0.552 1 1 1 1 0 0
1991-04-02T05:30:00 1991 4 2 5 30 0 -1.57 0.67 468.5 4.95 2.36 0.1 0.0 0.0 1 0 1 1 1 1 1 1 3.3 3.69 -33.0 -1.04 -0.71 -1.66 -1.63 -0.75 -0.47 0.42 0.345 0.516 0.371 0.39 0.528 1 0 1 0 0 0
1991-04-02T06:30:00 1991 4 2 6 30 0 -2.21 0.67 476.1 5.02 2.58 0.23 0.0 0.0 1 0 1 1 1 1 1 1 4.0 3.66 -33.0 -1.04 -0.71 -1.66 -1.63 -0.75 -0.47 0.39 0.328 0.513 0.359 0.396 0.536 1 0 1 0 0 0
1991-04-02T07:30:00 1991 4 2 7 30 0 -2.85 -0.03 483.8 5.09 2.6 0.56 0.01 0.0 1 1 1 1 1 1 1 1 4.0 3.63 -34.0 -1.51 -1.23 -2.06 -2.02 -1.26 -1.02 0.399 0.37 0.514 0.389 0.494 0.681 1 1 1 1 1 1
1991-04-02T08:30:00 1991 4 2 8 30 0 -3.2 -3.64 491.4 5.1 2.6 2.75 4.85 2.47 1 1 1 1 1 1 1 1 4.0 3.67 -47.0 -3.95 -3.89 -4.07 -4.06 -3.9 -3.85 0.553 0.602 0.534 0.628 0.928 1.209 1 1 1 1 1 1
1991-04-02T09:30:00 1991 4 2 9 30 0 -3.2 -4.6 499.0 5.1 2.6 6.42 10.31 5.26 2 2 2 2 2 2 2 2 4.0 3.71 -57.0 -4.6 -4.6 -4.6 -4.6 -4.6 -4.6 0.761 0.838 0.572 0.939 1.297 1.69 1 2 1 2 2 2
1991-04-02T10:30:00 1991 4 2 10 30 0 -5.5 -1.2 473.0 4.8 2.19 5.1 6.72 3.34 2 2 2 2 2 2 2 2 4.0 3.75 -57.0 -1.2 -1.2 -1.2 -1.2 -1.2 -1.2 0.733 0.752 0.579 0.778 0.98 1.427 2 2 1 2 2 2
1991-04-02T11:30:00 1991 4 2 11 30 0 -3.8 0.6 508.0 4.3 2.42 2.27 0.84 0.39 2 2 2 2 2 2 2 2 4.0 3.83 -59.0 0.6 0.6 0.6 0.6 0.6 0.6 0.522 0.422 0.563 0.451 0.382 0.712 2 2 1 2 2 2
1991-04-02T12:30:00 1991 4 2 12 30 0 1.0 5.8 528.0 4.3 2.85 0.15 0.0 0.0 2 2 2 2 2 2 2 2 3.0 3.79 -56.0 5.8 5.8 5.8 5.8 5.8 5.8 0.353 0.21 0.545 0.252 0.121 0.295 2 2 1 2 2 2
1991-04-02T13:30:00 1991 4 2 13 30 0 -3.2 1.3 527.0 2.8 1.97 0.13 0.0 0.0 2 2 2 2 2 2 2 2 3.0 3.74 -56.0 1.3 1.3 1.3 1.3 1.3 1.3 0.239 0.104 0.529 0.141 0.038 0.122 2 2 1 2 2 2
1991-04-02T14:30:00 1991 4 2 14 30 0 -7.0 0.3 514.0 2.9 2.06 2.41 0.0 0.0 2 2 2 2 2 2 2 2 3.0 3.61 -61.0 0.3 0.3 0.3 0.3 0.3 0.3 0.162 0.052 0.513 0.079 0.012 0.051 2 2 1 2 2 2
1991-04-02T15:30:00 1991 4 2 15 30 0 -6.9 2.4 535.0 2.7 1.83 3.56 0.0 0.0 2 2 2 2 2 2 2 2 3.7 3.58 -56.0 2.4 2.4 2.4 2.4 2.4 2.4 0.11 0.026 0.497 0.044 0.004 0.021 2 2 1 2 2 2
1991-04-02T16:30:00 1991 4 2 16 30 0 -5.4 0.5 544.0 4.1 3.01 2.78 0.0 0.0 2 2 2 2 2 2 2 2 3.7 3.54 -50.0 0.5 0.5 0.5 0.5 0.5 0.5 0.074 0.013 0.482 0.025 0.001 0.009 2 2 1 2 2 2
1991-04-02T17:30:00 1991 4 2 17 30 0 -1.5 5.4 576.0 3.9 3.09 0.66 0.0 0.0 2 2 2 2 2 2 2 2 3.7 3.51 -45.0 5.4 5.4 5.4 5.4 5.4 5.4 0.05 0.006 0.467 0.014 0.0 0.004 2 2 1 2 2 2
1991-04-02T18:30:00 1991 4 2 18 30 0 -7.0 0.4 540.0 3.0 2.06 1.53 0.0 0.0 2 2 2 2 2 2 2 2 3.0 3.39 -46.0 0.4 0.4 0.4 0.4 0.4 0.4 0.034 0.003 0.453 0.008 0.0 0.002 2 2 1 2 2 2
1991-04-02T19:30:00 1991 4 2 19 30 0 -5.3 -0.3 543.0 3.8 2.24 3.83 0.21 0.08 2 2 2 2 2 2 2 2 3.0 3.26 -48.0 -0.3 -0.3 -0.3 -0.3 -0.3 -0.3 0.038 0.038 0.44 0.011 0.082 0.121 2 2 1 2 2 2
1991-04-02T20:30:00 1991 4 2 20 30 0 -4.93 0.16 565.3 4.43 2.91 2.87 0.23 0.09 1 1 1 1 1 1 1 1 3.0 3.26 -44.0 0.16 0.16 0.16 0.16 0.16 0.16 0.033 0.037 0.426 0.009 0.057 0.114 2 2 1 2 1 1
1991-04-02T21:30:00 1991 4 2 21 30 0 -4.57 2.14 587.7 5.07 3.57 1.8 0.0 0.0 1 1 1 1 1 1 1 1 4.0 3.39 -42.0 2.14 2.14 2.14 2.14 2.14 2.14 0.022 0.018 0.413 0.005 0.018 0.047 2 2 1 2 1 1
1991-04-02T22:30:00 1991 4 2 22 30 0 -4.2 2.6 610.0 5.7 4.24 1.1 0.0 0.0 2 2 2 2 2 2 2 2 4.0 3.51 -34.0 2.6 2.6 2.6 2.6 2.6 2.6 0.015 0.009 0.401 0.003 0.006 0.02 2 2 1 2 1 1
1991-04-02T23:30:00 1991 4 2 23 30 0 -4.6 0.9 593.0 5.9 4.15 1.4 0.0 0.0 2 2 2 2 2 2 2 2 4.0 3.56 -27.0 0.9 0.9 0.9 0.9 0.9 0.9 0.01 0.005 0.389 0.002 0.002 0.008 2 2 1 2 1 1
