1991-05-22T00:30:00 1991 5 22 0 30 0 8.9 11.3 412.0 31.6 10.86 0.82 0.0 0.0 2 2 2 2 2 2 2 2 4.0 2.52 34.0 11.3 11.3 11.3 11.3 11.3 11.3 0.0 0.0 0.041 0.0 0.0 0.0 2 2 0 2 2 2
1991-05-22T01:30:00 1991 5 22 1 30 0 -8.5 13.8 436.0 32.4 12.59 0.3 0.0 0.0 2 2 2 2 2 2 2 2 4.0 2.66 41.0 13.8 13.8 13.8 13.8 13.8 13.8 0.0 0.0 0.04 0.0 0.0 0.0 2 2 0 2 2 2
1991-05-22T02:30:00 1991 5 22 2 30 0 -0.1 9.6 411.0 31.6 10.98 0.25 0.0 0.0 2 2 2 2 2 2 2 2 4.0 2.83 38.0 9.6 9.6 9.6 9.6 9.6 9.6 0.0 0.0 0.039 0.0 0.0 0.0 2 2 0 2 2 2
1991-05-22T03:30:00 1991 5 22 3 30 0 13.3 5.1 418.0 27.0 9.3 2.14 0.0 0.0 2 2 2 2 2 2 2 2 3.0 2.87 30.0 5.1 5.1 5.1 5.1 5.1 5.1 0.0 0.0 0.037 0.0 0.0 0.0 2 2 0 2 2 2
1991-05-22T04:30:00 1991 5 22 4 30 0 16.6 7.1 422.0 22.8 7.95 8.59 0.0 0.0 2 2 2 2 2 2 2 2 3.0 2.91 22.0 7.1 7.1 7.1 7.1 7.1 7.1 0.0 0.0 0.036 0.0 0.0 0.0 2 2 0 2 2 2
1991-05-22T05:30:00 1991 5 22 5 30 0 15.0 -1.1 398.0 18.4 6.15 12.76 0.25 0.47 2 2 2 2 2 2 2 2 3.0 3.06 17.0 -1.1 -1.1 -1.1 -1.1 -1.1 -1.1 0.046 0.118 0.037 0.039 0.167 0.594 2 2 0 2 2 2
1991-05-22T06:30:00 1991 5 22 6 30 0 13.3 -4.1 392.0 17.3 5.72 17.19 5.37 9.51 2 2 2 2 2 2 2 2 3.3 3.25 9.0 -4.1 -4.1 -4.1 -4.1 -4.1 -4.1 0.412 0.785 0.067 0.496 0.974 3.059 2 2 1 2 2 2
1991-05-22T07:30:00 1991 5 22 7 30 0 9.0 -1.9 408.0 26.4 9.19 12.63 5.81 12.6 2 2 2 2 2 2 2 2 3.3 3.44 9.0 -1.9 -1.9 -1.9 -1.9 -1.9 -1.9 0.656 1.12 0.096 0.711 1.217 5.114 2 2 1 2 2 2
1991-05-22T08:30:00 1991 5 22 8 30 0 2.1 1.4 424.0 38.2 14.4 2.85 0.96 2.8 2 2 2 2 2 2 2 2 3.3 3.36 17.0 1.4 1.4 1.4 1.4 1.4 1.4 0.5 0.682 0.096 0.435 0.52 3.123 2 2 1 2 2 2
1991-05-22T09:30:00 1991 5 22 9 30 0 -2.3 0.0 429.0 20.6 7.62 0.11 0.0 0.0 2 2 2 2 2 2 2 2 3.7 3.33 13.0 0.0 0.0 0.0 0.0 0.0 0.0 0.338 0.339 0.093 0.244 0.165 1.295 2 2 1 2 2 2
1991-05-22T10:30:00 1991 5 22 10 30 0 -15.2 -1.5 419.0 5.5 2.13 8.28 1.71 1.74 2 2 2 2 2 2 2 2 3.7 3.3 -1.0 -1.5 -1.5 -1.5 -1.5 -1.5 -1.5 0.342 0.416 0.097 0.225 0.4 1.348 2 2 1 2 2 2
1991-05-22T11:30:00 1991 5 22 11 30 0 -15.2 -1.4 422.0 3.1 1.22 17.96 3.04 1.28 2 2 2 2 2 2 2 2 3.7 3.38 -10.0 -1.4 -1.4 -1.4 -1.4 -1.4 -1.4 0.347 0.424 0.101 0.225 0.439 0.868 2 2 1 2 2 2
1991-05-22T12:30:00 1991 5 22 12 30 0 -14.7 -0.5 440.0 2.8 1.23 16.98 1.96 0.58 2 2 2 2 2 2 2 2 2.0 3.25 -12.0 -0.5 -0.5 -0.5 -0.5 -0.5 -0.5 0.299 0.338 0.102 0.17 0.328 0.524 2 2 1 2 2 2
1991-05-22T13:30:00 1991 5 22 13 30 0 -13.3 -2.0 425.0 3.6 1.48 15.87 2.82 0.93 2 2 2 2 2 2 2 2 2.0 3.11 -8.0 -2.0 -2.0 -2.0 -2.0 -2.0 -2.0 0.316 0.38 0.106 0.199 0.43 0.498 2 2 2 2 2 2
1991-05-22T14:30:00 1991 5 22 14 30 0 -12.6 -1.5 403.0 5.9 2.28 14.12 3.58 1.71 2 2 2 2 2 2 2 2 2.0 2.94 -8.0 -1.5 -1.5 -1.5 -1.5 -1.5 -1.5 0.357 0.461 0.113 0.242 0.511 0.661 2 2 2 2 2 2
1991-05-22T15:30:00 1991 5 22 15 30 0 -10.7 1.7 395.0 6.0 2.3 9.01 0.59 0.35 2 2 2 2 2 2 2 2 2.7 2.87 -7.0 1.7 1.7 1.7 1.7 1.7 1.7 0.257 0.26 0.11 0.144 0.195 0.331 2 2 2 2 2 2
1991-05-22T16:30:00 1991 5 22 16 30 0 -13.1 -2.2 397.0 3.4 1.51 10.4 1.42 0.54 2 2 2 2 2 2 2 2 2.7 2.8 -10.0 -2.2 -2.2 -2.2 -2.2 -2.2 -2.2 0.249 0.285 0.111 0.15 0.288 0.334 2 2 2 2 2 2
1991-05-22T17:30:00 1991 5 22 17 30 0 -14.2 -4.8 394.0 2.4 0.85 18.26 7.13 2.0 2 2 2 2 2 2 2 2 2.7 2.68 -15.0 -4.8 -4.8 -4.8 -4.8 -4.8 -4.8 0.396 0.501 0.128 0.375 0.591 0.423 2 2 2 2 2 2
1991-05-22T18:30:00 1991 5 22 18 30 0 -13.9 -4.8 402.0 2.7 1.17 21.52 9.56 2.45 2 2 2 2 2 2 2 2 3.3 2.64 -22.0 -4.8 -4.8 -4.8 -4.8 -4.8 -4.8 0.538 0.654 0.152 0.584 0.759 0.488 2 2 2 2 2 2
1991-05-22T19:30:00 1991 5 22 19 30 0 -11.5 -1.6 420.0 5.1 2.0 16.0 6.29 2.39 2 2 2 2 2 2 2 2 3.3 2.6 -26.0 -1.6 -1.6 -1.6 -1.6 -1.6 -1.6 0.564 0.658 0.165 0.549 0.706 0.658 2 2 2 2 2 2
1991-05-22T20:30:00 1991 5 22 20 30 0 -9.7 -0.3 410.0 7.0 2.35 9.19 1.86 1.1 2 2 2 2 2 2 2 2 3.3 2.77 -28.0 -0.3 -0.3 -0.3 -0.3 -0.3 -0.3 0.458 0.492 0.164 0.359 0.44 0.639 2 2 2 2 2 2
1991-05-22T21:30:00 1991 5 22 21 30 0 1.2 9.4 405.5 6.85 2.33 1.2 0.0 0.0 2 2 1 1 1 2 2 1 3.0 2.89 -28.0 9.4 9.4 9.4 9.4 9.4 9.4 0.31 0.244 0.159 0.201 0.139 0.265 2 2 2 2 2 2
1991-05-22T22:30:00 1991 5 22 22 30 0 -7.8 0.6 401.0 6.7 2.31 0.95 0.0 0.0 2 2 2 2 2 2 2 2 3.0 3.0 -20.0 0.6 0.6 0.6 0.6 0.6 0.6 0.21 0.121 0.154 0.113 0.044 0.11 2 2 2 2 2 2
1991-05-22T23:30:00 1991 5 22 23 30 0 -8.7 -3.4 421.0 7.8 2.89 7.11 3.3 2.48 2 2 2 2 2 2 2 2 3.0 3.04 -16.0 -3.4 -3.4 -3.4 -3.4 -3.4 -3.4 0.338 0.431 0.165 0.287 0.558 0.902 2 2 2 2 2 2
