1991-06-20T00:30:00 1991 6 20 0 30 0 -0.61 0.09 536.6 8.8 5.46 0.04 0.0 0.0 0 0 0 0 0 0 0 0 4.0 3.96 -32.0 -1.35 -0.98 -2.14 -2.09 -1.02 -0.71 0.567 0.513 0.925 0.702 0.757 1.885 0 0 0 0 0 0
1991-06-20T01:30:00 1991 6 20 1 30 0 -0.61 0.09 536.7 8.8 5.46 0.04 0.0 0.0 0 0 0 0 0 0 0 0 4.0 4.0 -33.0 -1.34 -0.98 -2.14 -2.09 -1.02 -0.71 0.566 0.513 0.928 0.702 0.757 1.886 0 0 0 0 0 0
1991-06-20T02:30:00 1991 6 20 2 30 0 -0.61 0.09 536.7 8.8 5.46 0.04 0.0 0.0 0 0 0 0 0 0 0 0 4.0 3.96 -37.0 -1.34 -0.98 -2.14 -2.08 -1.02 -0.71 0.565 0.513 0.93 0.701 0.757 1.886 0 0 0 0 0 0
1991-06-20T03:30:00 1991 6 20 3 30 0 -0.61 0.09 536.7 8.79 5.45 0.04 0.0 0.0 0 0 0 0 0 0 0 0 2.7 3.76 -30.0 -1.34 -0.98 -2.14 -2.08 -1.02 -0.71 0.564 0.513 0.932 0.7 0.757 1.885 0 0 0 0 0 0
1991-06-20T04:30:00 1991 6 20 4 30 0 -0.61 0.09 536.8 8.79 5.45 0.04 0.0 0.0 0 0 0 0 0 0 0 0 2.7 3.55 -25.0 -1.34 -0.98 -2.13 -2.08 -1.01 -0.71 0.564 0.513 0.935 0.699 0.755 1.885 0 0 0 0 0 0
1991-06-20T05:30:00 1991 6 20 5 30 0 -0.61 0.09 536.8 8.78 5.45 0.04 0.0 0.0 0 0 0 0 0 0 0 0 2.7 3.42 -28.0 -1.34 -0.98 -2.13 -2.08 -1.01 -0.71 0.564 0.512 0.937 0.699 0.753 1.883 0 0 0 0 0 0
1991-06-20T06:30:00 1991 6 20 6 30 0 -0.61 0.09 536.9 8.78 5.45 0.04 0.0 0.0 0 0 0 0 0 0 0 0 2.3 3.24 -26.0 -1.34 -0.98 -2.13 -2.08 -1.01 -0.71 0.563 0.512 0.939 0.698 0.752 1.883 0 0 0 0 0 0
1991-06-20T07:30:00 1991 6 20 7 30 0 -0.61 0.09 536.9 8.77 5.44 0.04 0.0 0.0 0 0 0 0 0 0 0 0 2.3 3.07 -26.0 -1.34 -0.98 -2.13 -2.07 -1.01 -0.71 0.563 0.512 0.94 0.697 0.752 1.882 0 0 0 0 0 0
1991-06-20T08:30:00 1991 6 20 8 30 0 -0.61 0.09 537.0 8.77 5.44 0.04 0.0 0.0 0 0 0 0 0 0 0 0 2.3 2.86 -24.0 -1.34 -0.97 -2.13 -2.07 -1.01 -0.71 0.563 0.511 0.942 0.695 0.752 1.881 0 0 0 0 0 0
1991-06-20T09:30:00 1991 6 20 9 30 0 -0.61 0.09 537.0 8.77 5.44 0.04 0.0 0.0 0 0 0 0 0 0 0 0 2.0 2.61 -18.0 -1.33 -0.97 -2.12 -2.07 -1.01 -0.71 0.562 0.51 0.944 0.694 0.752 1.881 0 0 0 0 0 0
1991-06-20T10:30:00 1991 6 20 10 30 0 -0.61 0.09 537.1 8.76 5.43 0.04 0.0 0.0 0 0 0 0 0 0 0 0 2.0 2.37 -19.0 -1.33 -0.97 -2.12 -2.07 -1.01 -0.71 0.561 0.509 0.946 0.694 0.752 1.88 0 0 0 0 0 0
1991-06-20T11:30:00 1991 6 20 11 30 0 -0.61 0.09 537.1 8.76 5.43 0.04 0.0 0.0 0 0 0 0 0 0 0 0 2.0 2.28 -20.0 -1.33 -0.97 -2.12 -2.07 -1.01 -0.71 0.56 0.509 0.947 0.694 0.752 1.879 0 0 0 0 0 0
1991-06-20T12:30:00 1991 6 20 12 30 0 -0.61 0.09 537.1 8.75 5.43 0.04 0.0 0.0 0 0 0 0 0 0 0 0 1.7 2.15 -19.0 -1.33 -0.97 -2.12 -2.06 -1.01 -0.7 0.56 0.508 0.949 0.692 0.752 1.872 0 0 0 0 0 0
1991-06-20T13:30:00 1991 6 20 13 30 0 -0.61 0.09 537.2 8.75 5.43 0.04 0.0 0.0 0 0 0 0 0 0 0 0 1.7 2.03 -18.0 -1.33 -0.97 -2.12 -2.06 -1.01 -0.7 0.559 0.508 0.95 0.691 0.752 1.867 0 0 0 0 0 0
1991-06-20T14:30:00 1991 6 20 14 30 0 -0.61 0.09 537.2 8.74 5.42 0.04 0.0 0.0 0 0 0 0 0 0 0 0 1.7 1.96 -18.0 -1.33 -0.97 -2.11 -2.06 -1.0 -0.7 0.559 0.508 0.951 0.69 0.749 1.863 0 0 0 0 0 0
1991-06-20T15:30:00 1991 6 20 15 30 0 -0.61 0.09 537.3 8.74 5.42 0.04 0.0 0.0 0 0 0 0 0 0 0 0 3.0 2.05 -17.0 -1.33 -0.97 -2.11 -2.06 -1.0 -0.7 0.559 0.508 0.952 0.689 0.747 1.862 0 0 0 0 0 0
1991-06-20T16:30:00 1991 6 20 16 30 0 -0.61 0.08 537.3 8.74 5.42 0.04 0.0 0.0 0 0 0 0 0 0 0 0 3.0 2.15 -20.0 -1.33 -0.97 -2.11 -2.06 -1.0 -0.7 0.559 0.508 0.953 0.689 0.747 1.861 0 0 0 0 0 0
1991-06-20T17:30:00 1991 6 20 17 30 0 -0.61 0.08 537.4 8.73 5.41 0.04 0.0 0.0 0 0 0 0 0 0 0 0 3.0 2.28 -19.0 -1.32 -0.97 -2.11 -2.05 -1.0 -0.7 0.558 0.508 0.954 0.687 0.746 1.86 0 0 0 0 0 0
1991-06-20T18:30:00 1991 6 20 18 30 0 -0.61 0.08 537.4 8.73 5.41 0.04 0.0 0.0 0 0 0 0 0 0 0 0 3.3 2.44 -24.0 -1.32 -0.96 -2.11 -2.05 -1.0 -0.7 0.557 0.506 0.956 0.686 0.746 1.859 0 0 0 0 0 0
1991-06-20T19:30:00 1991 6 20 19 30 0 -0.61 0.08 537.5 8.72 5.41 0.04 0.0 0.0 0 0 0 0 0 0 0 0 3.3 2.61 -21.0 -1.32 -0.96 -2.1 -2.05 -1.0 -0.7 0.556 0.505 0.956 0.685 0.746 1.858 0 0 0 0 0 0
1991-06-20T20:30:00 1991 6 20 20 30 0 -0.61 0.08 537.5 8.72 5.41 0.04 0.0 0.0 0 0 0 0 0 0 0 0 3.3 2.8 -18.0 -1.32 -0.96 -2.1 -2.05 -1.0 -0.7 0.556 0.504 0.957 0.685 0.746 1.858 0 0 0 0 0 0
1991-06-20T21:30:00 1991 6 20 21 30 0 -0.61 0.08 537.5 8.71 5.4 0.04 0.0 0.0 0 0 0 0 0 0 0 0 3.3 3.0 -19.0 -1.32 -0.96 -2.1 -2.05 -1.0 -0.7 0.555 0.504 0.958 0.684 0.746 1.856 0 0 0 0 0 0
1991-06-20T22:30:00 1991 6 20 22 30 0 -0.61 0.08 537.6 8.71 5.4 0.04 0.0 0.0 0 0 0 0 0 0 0 0 3.3 3.19 -18.0 -1.32 -0.96 -2.1 -2.04 -1.0 -0.7 0.555 0.504 0.959 0.683 0.746 1.855 0 0 0 0 0 0
1991-06-20T23:30:00 1991 6 20 23 30 0 -0.61 0.08 537.6 8.71 5.4 0.04 0.0 0.0 0 0 0 0 0 0 0 0 3.3 3.23 -12.0 -1.32 -0.96 -2.1 -2.04 -1.0 -0.7 0.555 0.504 0.959 0.681 0.746 1.855 0 0 0 0 0 0
