1991-04-23T00:30:00 1991 4 23 0 30 0 2.8 0.01 371.6 3.2 0.94 0.39 0.0 0.0 1 1 1 1 1 1 1 1 1.0 1.19 0.0 -0.37 -0.3 -0.5 -0.49 -0.31 -0.26 0.178 0.2 0.275 0.151 0.173 0.146 1 1 0 1 1 1
1991-04-23T01:30:00 1991 4 23 1 30 0 2.8 -0.2 372.0 3.2 0.94 0.64 0.19 0.06 2 2 2 2 2 2 2 2 1.0 0.99 -3.0 -0.2 -0.2 -0.2 -0.2 -0.2 -0.2 0.142 0.157 0.267 0.095 0.123 0.127 1 1 0 1 2 1
1991-04-23T02:30:00 1991 4 23 2 30 0 1.8 -0.2 370.0 3.3 1.0 0.46 0.37 0.12 2 2 2 2 2 2 2 2 1.0 0.91 -7.0 -0.2 -0.2 -0.2 -0.2 -0.2 -0.2 0.114 0.131 0.26 0.059 0.101 0.117 1 2 0 1 2 2
1991-04-23T03:30:00 1991 4 23 3 30 0 -4.0 0.1 383.0 3.8 1.24 0.36 0.11 0.04 2 2 2 2 2 2 2 2 1.3 0.87 -4.0 0.1 0.1 0.1 0.1 0.1 0.1 0.081 0.077 0.252 0.034 0.044 0.066 1 2 0 1 2 2
1991-04-23T04:30:00 1991 4 23 4 30 0 -0.6 3.1 372.0 3.3 1.01 0.27 0.0 0.0 2 2 2 2 2 2 2 2 1.3 0.82 -3.0 3.1 3.1 3.1 3.1 3.1 3.1 0.055 0.038 0.244 0.019 0.014 0.027 1 2 0 1 2 2
1991-04-23T05:30:00 1991 4 23 5 30 0 2.9 1.9 379.0 3.7 1.16 0.07 0.0 0.0 2 2 2 2 2 2 2 2 1.3 0.95 0.0 1.9 1.9 1.9 1.9 1.9 1.9 0.037 0.019 0.237 0.011 0.004 0.011 1 2 0 1 2 2
1991-04-23T06:30:00 1991 4 23 6 30 0 2.9 1.73 382.6 3.7 1.16 0.29 0.0 0.0 1 1 1 1 1 1 1 1 0.7 0.99 2.0 1.34 1.41 1.21 1.22 1.4 1.46 0.025 0.009 0.229 0.006 0.001 0.005 1 2 0 1 2 2
1991-04-23T07:30:00 1991 4 23 7 30 0 2.17 1.12 386.2 3.82 1.28 0.24 0.0 0.0 1 1 1 1 1 1 1 1 0.7 1.04 3.0 -0.74 -0.42 -1.35 -1.31 -0.45 -0.19 0.04 0.035 0.224 0.037 0.046 0.031 1 1 0 1 1 1
1991-04-23T08:30:00 1991 4 23 8 30 0 0.82 1.0 389.9 4.48 1.64 0.08 0.0 0.0 1 0 1 1 1 1 1 1 0.7 1.0 2.0 -1.13 -0.77 -1.84 -1.79 -0.81 -0.5 0.109 0.151 0.225 0.132 0.193 0.162 0 0 0 0 0 0
1991-04-23T09:30:00 1991 4 23 9 30 0 -0.23 1.01 393.5 5.15 1.93 0.0 0.0 0.0 1 0 1 1 1 1 1 1 2.7 1.22 1.0 -1.13 -0.77 -1.83 -1.79 -0.8 -0.5 0.171 0.234 0.228 0.208 0.271 0.273 0 0 0 0 0 0
1991-04-23T10:30:00 1991 4 23 10 30 0 0.06 1.01 397.1 5.82 2.22 0.0 0.0 0.0 1 0 1 1 1 1 1 1 2.7 1.44 8.0 -1.13 -0.77 -1.83 -1.79 -0.8 -0.5 0.219 0.285 0.232 0.259 0.31 0.361 0 0 0 0 0 0
1991-04-23T11:30:00 1991 4 23 11 30 0 0.86 1.52 400.8 6.48 2.16 0.0 0.0 0.0 1 1 1 1 1 1 1 1 2.7 1.62 15.0 -0.34 -0.02 -0.95 -0.91 -0.06 0.2 0.211 0.219 0.231 0.236 0.203 0.22 0 0 0 0 1 0
1991-04-23T12:30:00 1991 4 23 12 30 0 1.3 4.11 404.4 6.6 2.14 0.01 0.0 0.0 1 1 1 1 1 1 1 1 1.3 1.62 11.0 3.72 3.79 3.59 3.6 3.78 3.84 0.143 0.109 0.224 0.132 0.064 0.091 0 0 0 0 1 0
1991-04-23T13:30:00 1991 4 23 13 30 0 1.3 4.8 408.0 6.6 2.14 0.01 0.0 0.0 2 2 2 2 2 2 2 2 1.3 1.61 9.0 4.8 4.8 4.8 4.8 4.8 4.8 0.097 0.054 0.217 0.074 0.02 0.038 0 0 0 0 1 0
1991-04-23T14:30:00 1991 4 23 14 30 0 3.2 4.4 407.0 4.8 1.53 0.09 0.0 0.0 2 2 2 2 2 2 2 2 1.3 1.68 6.0 4.4 4.4 4.4 4.4 4.4 4.4 0.065 0.027 0.211 0.041 0.006 0.016 0 0 0 0 1 0
1991-04-23T15:30:00 1991 4 23 15 30 0 3.5 4.8 415.0 5.4 1.78 0.22 0.0 0.0 2 2 2 2 2 2 2 2 3.3 2.0 8.0 4.8 4.8 4.8 4.8 4.8 4.8 0.044 0.013 0.204 0.023 0.002 0.007 0 0 0 0 1 0
1991-04-23T16:30:00 1991 4 23 16 30 0 3.5 4.1 412.1 5.4 1.78 0.26 0.0 0.0 1 1 1 1 1 1 1 1 3.3 2.33 14.0 3.7 3.77 3.57 3.58 3.76 3.82 0.03 0.007 0.198 0.013 0.001 0.003 0 0 0 0 1 0
1991-04-23T17:30:00 1991 4 23 17 30 0 2.66 1.52 409.2 5.57 1.84 0.27 0.0 0.0 1 1 1 1 1 1 1 1 3.3 2.41 9.0 -0.35 -0.04 -0.96 -0.93 -0.07 0.19 0.031 0.011 0.193 0.027 0.016 0.001 1 1 0 1 1 0
1991-04-23T18:30:00 1991 4 23 18 30 0 1.12 1.03 406.4 6.51 2.03 0.13 0.0 0.0 1 0 1 1 1 1 1 1 2.0 2.32 2.0 -1.12 -0.76 -1.82 -1.78 -0.8 -0.5 0.107 0.142 0.196 0.139 0.201 0.208 0 0 0 0 0 0
1991-04-23T19:30:00 1991 4 23 19 30 0 -0.58 1.03 403.5 7.45 2.32 0.01 0.0 0.0 1 0 1 1 1 1 1 1 2.0 2.24 0.0 -1.12 -0.76 -1.82 -1.78 -0.8 -0.5 0.187 0.258 0.202 0.24 0.32 0.443 0 0 0 0 0 0
1991-04-23T20:30:00 1991 4 23 20 30 0 -1.57 1.04 400.6 8.39 2.61 0.04 0.0 0.0 1 0 1 1 1 1 1 1 2.0 2.32 5.0 -1.12 -0.76 -1.82 -1.78 -0.8 -0.5 0.246 0.327 0.208 0.303 0.367 0.594 0 0 0 0 0 0
1991-04-23T21:30:00 1991 4 23 21 30 0 -1.98 0.69 397.8 9.33 2.73 0.15 0.0 0.0 1 1 1 1 1 1 1 1 2.3 2.43 6.0 -1.18 -0.87 -1.79 -1.75 -0.9 -0.64 0.294 0.385 0.214 0.342 0.408 0.758 0 1 0 1 1 1
1991-04-23T22:30:00 1991 4 23 22 30 0 -2.2 -1.12 394.9 9.5 2.76 0.49 0.78 0.74 1 1 1 1 1 1 1 1 2.3 2.55 7.0 -1.51 -1.45 -1.64 -1.63 -1.45 -1.4 0.351 0.49 0.219 0.355 0.514 1.069 1 1 0 1 1 1
1991-04-23T23:30:00 1991 4 23 23 30 0 -2.2 -1.6 392.0 9.5 2.76 1.05 2.71 2.58 2 2 2 2 2 2 2 2 2.3 2.43 10.0 -1.6 -1.6 -1.6 -1.6 -1.6 -1.6 0.405 0.587 0.223 0.353 0.597 1.312 1 2 0 1 2 2
