1991-01-19T00:30:00 1991 1 19 0 30 0 -0.32 0.28 415.0 8.76 2.73 0.0 0.0 0.0 0 0 1 0 0 0 1 0 0.3 2.57 -20.0 -1.04 -0.75 -1.57 -1.54 -0.78 -0.53 0.343 0.399 0.291 0.332 0.415 0.842 0 0 1 0 0 0
1991-01-19T01:30:00 1991 1 19 1 30 0 -0.32 0.28 415.0 8.76 2.73 0.0 0.0 0.0 0 0 1 0 0 0 1 0 0.3 2.19 -17.0 -1.03 -0.75 -1.57 -1.54 -0.78 -0.53 0.35 0.404 0.294 0.337 0.416 0.856 0 0 1 0 0 0
1991-01-19T02:30:00 1991 1 19 2 30 0 -0.32 0.28 415.0 8.77 2.74 0.0 0.0 0.0 0 0 1 0 0 0 1 0 0.3 1.88 -13.0 -1.03 -0.75 -1.57 -1.54 -0.78 -0.53 0.355 0.406 0.296 0.339 0.416 0.863 0 0 1 0 0 0
1991-01-19T03:30:00 1991 1 19 3 30 0 -0.32 0.28 415.0 8.77 2.74 0.0 0.0 0.0 0 0 1 0 0 0 1 0 0.3 1.58 -11.0 -1.03 -0.75 -1.57 -1.54 -0.78 -0.53 0.358 0.407 0.298 0.341 0.416 0.866 0 0 1 0 0 0
1991-01-19T04:30:00 1991 1 19 4 30 0 -0.32 0.28 415.0 8.77 2.74 0.0 0.0 0.0 0 0 1 0 0 0 1 0 0.3 1.28 -12.0 -1.03 -0.75 -1.57 -1.54 -0.78 -0.53 0.36 0.408 0.3 0.342 0.417 0.867 0 0 1 0 0 0
1991-01-19T05:30:00 1991 1 19 5 30 0 -0.32 0.28 414.5 8.78 2.74 0.0 0.0 0.0 0 0 1 0 0 0 1 0 0.3 0.95 -11.0 -1.03 -0.75 -1.57 -1.53 -0.78 -0.53 0.361 0.408 0.302 0.341 0.416 0.867 0 0 1 0 0 0
1991-01-19T06:30:00 1991 1 19 6 30 0 -0.32 0.28 413.6 8.78 2.74 0.0 0.0 0.0 0 0 1 0 0 0 1 0 0.3 0.62 -13.0 -1.03 -0.75 -1.57 -1.53 -0.78 -0.53 0.362 0.408 0.304 0.34 0.415 0.865 0 0 1 0 0 0
1991-01-19T07:30:00 1991 1 19 7 30 0 -0.32 0.28 412.7 8.79 2.74 0.0 0.0 0.0 0 0 1 0 0 0 1 0 0.3 0.3 -14.0 -1.03 -0.75 -1.57 -1.53 -0.78 -0.53 0.362 0.409 0.306 0.34 0.414 0.862 0 0 1 0 0 0
1991-01-19T08:30:00 1991 1 19 8 30 0 -0.32 0.28 411.7 8.79 2.74 0.0 0.0 0.0 0 0 1 0 0 0 1 0 0.3 0.3 -13.0 -1.03 -0.75 -1.57 -1.53 -0.78 -0.53 0.362 0.409 0.308 0.339 0.413 0.858 0 0 1 0 0 0
1991-01-19T09:30:00 1991 1 19 9 30 0 -0.32 0.29 410.8 8.79 2.75 0.0 0.0 0.0 0 0 1 0 0 0 1 0 1.0 0.39 -12.0 -1.03 -0.75 -1.57 -1.53 -0.78 -0.53 0.362 0.408 0.309 0.338 0.411 0.854 0 0 1 0 0 0
1991-01-19T10:30:00 1991 1 19 10 30 0 -0.32 0.29 409.8 8.8 2.75 0.0 0.0 0.0 0 0 1 0 0 0 1 0 1.0 0.48 -14.0 -1.03 -0.75 -1.56 -1.53 -0.78 -0.53 0.362 0.408 0.311 0.337 0.41 0.85 0 0 1 0 0 0
1991-01-19T11:30:00 1991 1 19 11 30 0 -0.32 0.29 408.9 8.8 2.75 0.0 0.0 0.0 0 0 1 0 0 0 1 0 1.0 0.57 -11.0 -1.03 -0.75 -1.56 -1.53 -0.78 -0.53 0.361 0.408 0.312 0.336 0.408 0.845 0 0 1 0 0 0
1991-01-19T12:30:00 1991 1 19 12 30 0 -0.32 0.29 408.0 8.81 2.75 0.0 0.0 0.0 0 0 1 0 0 0 1 0 0.7 0.62 -8.0 -1.03 -0.75 -1.56 -1.53 -0.77 -0.53 0.361 0.408 0.313 0.335 0.405 0.842 0 0 0 0 0 0
1991-01-19T13:30:00 1991 1 19 13 30 0 -0.32 0.29 407.0 8.81 2.75 0.0 0.0 0.0 0 0 1 0 0 0 1 0 0.7 0.67 -8.0 -1.03 -0.74 -1.56 -1.53 -0.77 -0.53 0.36 0.407 0.315 0.334 0.403 0.837 0 0 0 0 0 0
1991-01-19T14:30:00 1991 1 19 14 30 0 -0.32 0.29 406.1 8.81 2.75 0.0 0.0 0.0 0 0 1 0 0 0 1 0 0.7 0.72 -8.0 -1.03 -0.74 -1.56 -1.53 -0.77 -0.53 0.36 0.406 0.316 0.333 0.401 0.833 0 0 0 0 0 0
1991-01-19T15:30:00 1991 1 19 15 30 0 -0.32 0.29 405.2 8.82 2.75 0.0 0.0 0.0 0 0 1 0 0 0 1 0 1.3 0.84 -9.0 -1.03 -0.74 -1.56 -1.53 -0.77 -0.53 0.359 0.405 0.317 0.332 0.399 0.829 0 0 0 0 0 0
1991-01-19T16:30:00 1991 1 19 16 30 0 -0.32 0.29 404.3 8.82 2.75 0.0 0.0 0.0 0 0 1 0 0 0 1 0 1.3 0.96 -9.0 -1.03 -0.74 -1.56 -1.53 -0.77 -0.53 0.359 0.405 0.317 0.331 0.398 0.825 0 0 0 0 0 0
1991-01-19T17:30:00 1991 1 19 17 30 0 -0.32 0.29 403.3 8.83 2.76 0.0 0.0 0.0 0 0 1 0 0 0 1 0 1.3 1.0 -10.0 -1.03 -0.74 -1.56 -1.53 -0.77 -0.53 0.358 0.404 0.318 0.331 0.397 0.821 0 0 0 0 0 0
1991-01-19T18:30:00 1991 1 19 18 30 0 -0.32 0.29 402.4 8.83 2.76 0.0 0.0 0.0 0 0 1 0 0 0 1 0 1.7 1.1 -8.0 -1.03 -0.74 -1.56 -1.53 -0.77 -0.52 0.358 0.404 0.319 0.33 0.395 0.814 0 0 0 0 0 0
1991-01-19T19:30:00 1991 1 19 19 30 0 -0.32 0.29 401.5 8.83 2.76 0.0 0.0 0.0 0 0 1 0 0 0 1 0 1.7 1.19 -5.0 -1.03 -0.74 -1.56 -1.53 -0.77 -0.52 0.357 0.404 0.32 0.329 0.394 0.807 0 0 0 0 0 0
1991-01-19T20:30:00 1991 1 19 20 30 0 -0.32 0.29 400.6 8.84 2.76 0.0 0.0 0.0 0 0 1 0 0 0 1 0 1.7 1.31 -5.0 -1.03 -0.74 -1.56 -1.53 -0.77 -0.52 0.357 0.404 0.32 0.328 0.392 0.802 0 0 0 0 0 0
1991-01-19T21:30:00 1991 1 19 21 30 0 -0.32 0.29 399.7 8.84 2.76 0.0 0.0 0.0 0 0 1 0 0 0 1 0 1.0 1.34 -8.0 -1.03 -0.74 -1.56 -1.53 -0.77 -0.52 0.356 0.404 0.321 0.327 0.391 0.797 0 0 0 0 0 0
1991-01-19T22:30:00 1991 1 19 22 30 0 -0.32 0.3 398.7 8.84 2.76 0.0 0.0 0.0 0 0 1 0 0 0 1 0 1.0 1.37 -8.0 -1.03 -0.74 -1.56 -1.53 -0.77 -0.52 0.355 0.404 0.321 0.326 0.39 0.793 0 0 0 0 0 0
1991-01-19T23:30:00 1991 1 19 23 30 0 -0.32 0.3 397.8 8.85 2.76 0.0 0.0 0.0 0 0 1 0 0 0 1 0 1.0 1.33 -10.0 -1.03 -0.74 -1.56 -1.53 -0.77 -0.52 0.355 0.404 0.321 0.325 0.388 0.789 0 0 0 0 0 0
