1976-03-02T00:30:00 1976 3 2 0 30 0 -1.01 -0.09 554.0 4.1 2.45 0.14 0.25 0.1 0 0 2 2 2 1 1 1 3.0 3.16 -7.0 -0.75 -0.55 -1.12 -1.1 -0.57 -0.4 0.256 0.241 0.458 0.227 0.382 0.528 0 0 1 0 0 0
1976-03-02T01:30:00 1976 3 2 1 30 0 -1.01 -0.09 575.0 4.4 2.9 0.14 0.25 0.11 0 0 2 2 2 1 1 1 3.0 3.16 -5.0 -0.75 -0.55 -1.12 -1.1 -0.57 -0.4 0.26 0.247 0.455 0.235 0.405 0.592 0 0 1 0 0 0
1976-03-02T02:30:00 1976 3 2 2 30 0 -1.01 -0.09 567.0 4.2 2.66 0.14 0.26 0.11 0 0 2 2 2 1 1 1 3.0 3.19 -6.0 -0.75 -0.55 -1.12 -1.1 -0.57 -0.4 0.263 0.25 0.452 0.239 0.411 0.614 0 0 1 0 0 0
1976-03-02T03:30:00 1976 3 2 3 30 0 -1.01 -0.09 557.0 3.9 2.47 0.14 0.25 0.1 0 0 2 2 2 1 1 1 4.7 3.44 -13.0 -0.75 -0.55 -1.12 -1.1 -0.57 -0.4 0.262 0.247 0.449 0.236 0.398 0.58 0 0 1 0 0 0
1976-03-02T04:30:00 1976 3 2 4 30 0 -1.01 -0.09 604.0 4.1 2.9 0.15 0.26 0.11 0 0 2 2 2 1 1 1 4.7 3.7 -13.0 -0.75 -0.55 -1.12 -1.1 -0.57 -0.4 0.264 0.247 0.447 0.241 0.42 0.615 0 0 1 0 0 0
1976-03-02T05:30:00 1976 3 2 5 30 0 -1.01 -0.09 607.0 4.4 3.23 0.15 0.27 0.12 0 0 2 2 2 1 1 1 4.7 3.83 -19.0 -0.75 -0.55 -1.12 -1.1 -0.57 -0.4 0.27 0.252 0.447 0.252 0.447 0.689 0 0 1 0 0 0
1976-03-02T06:30:00 1976 3 2 6 30 0 -1.01 -0.09 602.0 4.0 2.86 0.15 0.27 0.11 0 0 2 2 2 1 1 1 3.7 3.83 -20.0 -0.75 -0.55 -1.12 -1.1 -0.57 -0.4 0.273 0.251 0.446 0.255 0.448 0.692 0 0 1 0 0 0
1976-03-02T07:30:00 1976 3 2 7 30 0 -1.01 -0.09 588.0 4.1 2.91 0.15 0.27 0.11 0 0 2 2 2 1 1 1 3.7 3.82 -18.0 -0.75 -0.55 -1.12 -1.1 -0.57 -0.4 0.273 0.25 0.444 0.253 0.437 0.668 0 0 1 0 0 0
1976-03-02T08:30:00 1976 3 2 8 30 0 -1.01 -0.09 586.0 4.2 2.99 0.15 0.26 0.11 0 0 2 2 2 1 1 1 3.7 3.9 -15.0 -0.75 -0.55 -1.12 -1.1 -0.57 -0.4 0.273 0.25 0.443 0.252 0.432 0.662 0 0 1 0 0 0
1976-03-02T09:30:00 1976 3 2 9 30 0 -1.01 -0.09 595.0 4.7 3.46 0.15 0.27 0.12 0 0 2 2 2 1 1 1 3.3 3.93 -18.0 -0.75 -0.55 -1.12 -1.1 -0.57 -0.4 0.276 0.256 0.442 0.257 0.447 0.715 0 0 1 0 0 0
1976-03-02T10:30:00 1976 3 2 10 30 0 -1.01 -0.09 584.0 3.8 2.68 0.15 0.27 0.11 0 0 2 2 2 1 1 1 3.3 3.96 -21.0 -0.75 -0.55 -1.12 -1.1 -0.57 -0.4 0.275 0.252 0.441 0.253 0.433 0.672 0 0 1 0 0 0
1976-03-02T11:30:00 1976 3 2 11 30 0 -1.01 -0.09 598.0 3.9 2.96 0.15 0.27 0.1 0 0 2 2 2 1 1 1 3.3 3.78 -24.0 -0.75 -0.55 -1.12 -1.1 -0.57 -0.4 0.272 0.248 0.439 0.25 0.428 0.638 0 0 1 0 0 0
1976-03-02T12:30:00 1976 3 2 12 30 0 -1.01 -0.09 595.0 4.4 3.29 0.15 0.27 0.11 0 0 2 2 2 1 1 1 4.0 3.71 -19.0 -0.75 -0.55 -1.12 -1.1 -0.57 -0.4 0.274 0.251 0.438 0.253 0.44 0.674 0 0 1 0 0 0
1976-03-02T13:30:00 1976 3 2 13 30 0 -1.01 -0.09 631.0 4.7 3.98 0.15 0.28 0.13 0 0 2 2 2 1 1 1 4.0 3.63 -16.0 -0.75 -0.55 -1.13 -1.1 -0.57 -0.4 0.281 0.258 0.439 0.265 0.475 0.78 0 0 1 0 0 0
1976-03-02T14:30:00 1976 3 2 14 30 0 -1.01 -0.09 655.0 4.0 3.46 0.16 0.29 0.13 0 0 2 2 2 1 1 1 4.0 3.67 -23.0 -0.75 -0.55 -1.13 -1.1 -0.57 -0.4 0.286 0.257 0.441 0.274 0.496 0.818 0 0 1 0 0 0
1976-03-02T15:30:00 1976 3 2 15 30 0 -1.01 -0.09 665.0 3.7 3.26 0.17 0.3 0.11 0 0 2 2 2 1 1 1 5.0 3.84 -36.0 -0.75 -0.55 -1.13 -1.1 -0.57 -0.4 0.287 0.251 0.443 0.277 0.5 0.794 0 0 1 0 0 0
1976-03-02T16:30:00 1976 3 2 16 30 0 -1.01 -0.09 668.0 3.5 3.09 0.17 0.3 0.11 0 0 2 2 2 1 1 1 5.0 4.01 -40.0 -0.75 -0.55 -1.13 -1.1 -0.57 -0.4 0.286 0.245 0.445 0.276 0.497 0.757 0 0 1 0 0 0
1976-03-02T17:30:00 1976 3 2 17 30 0 -1.01 -0.09 670.0 3.8 3.3 0.17 0.3 0.11 0 0 2 1 1 1 1 1 5.0 4.22 -34.0 -0.75 -0.55 -1.13 -1.1 -0.57 -0.4 0.287 0.244 0.447 0.278 0.504 0.768 0 0 1 0 0 0
1976-03-02T18:30:00 1976 3 2 18 30 0 -1.01 -0.09 653.0 4.1 3.52 0.17 0.3 0.12 0 0 2 2 2 1 1 1 5.0 4.43 -25.0 -0.75 -0.55 -1.13 -1.1 -0.57 -0.4 0.29 0.248 0.449 0.281 0.507 0.8 0 0 1 0 0 0
1976-03-02T19:30:00 1976 3 2 19 30 0 -1.01 -0.09 666.0 3.2 2.83 0.17 0.3 0.11 0 0 2 2 2 1 1 1 5.0 4.64 -22.0 -0.75 -0.55 -1.13 -1.1 -0.57 -0.4 0.287 0.242 0.45 0.276 0.491 0.739 0 0 1 0 0 0
1976-03-02T20:30:00 1976 3 2 20 30 0 -1.01 -0.09 628.0 3.35 2.8 0.16 0.29 0.1 0 0 2 1 1 1 1 1 5.0 4.76 -32.0 -0.75 -0.55 -1.13 -1.1 -0.57 -0.4 0.28 0.235 0.45 0.266 0.462 0.657 0 0 1 0 0 0
1976-03-02T21:30:00 1976 3 2 21 30 0 -1.01 -0.09 626.0 3.5 2.77 0.16 0.28 0.1 0 0 2 2 2 1 1 1 5.0 4.88 -32.0 -0.75 -0.55 -1.13 -1.1 -0.57 -0.4 0.276 0.234 0.45 0.26 0.449 0.626 0 0 1 0 0 0
1976-03-02T22:30:00 1976 3 2 22 30 0 -1.01 -0.09 642.0 3.0 2.6 0.16 0.29 0.09 0 0 2 2 2 1 1 1 5.0 5.0 -29.0 -0.75 -0.55 -1.13 -1.1 -0.57 -0.4 0.271 0.229 0.449 0.254 0.441 0.587 0 0 1 0 0 0
1976-03-02T23:30:00 1976 3 2 23 30 0 -1.01 -0.09 646.0 3.1 2.72 0.16 0.29 0.09 0 0 2 2 2 1 1 1 5.0 5.0 -26.0 -0.75 -0.55 -1.13 -1.1 -0.57 -0.4 0.268 0.225 0.449 0.252 0.441 0.568 0 0 1 0 0 0
