1976-07-13T00:30:00 1976 7 13 0 30 0 -1.7 -0.2 404.0 7.1 2.14 0.21 0.03 0.02 2 2 2 2 2 2 2 2 1.3 1.53 5.0 -0.2 -0.2 -0.2 -0.2 -0.2 -0.2 0.049 0.064 0.038 0.014 0.046 0.149 2 2 1 2 2 2
1976-07-13T01:30:00 1976 7 13 1 30 0 -1.1 -0.6 397.0 7.7 2.21 0.26 0.83 0.62 2 2 2 2 2 2 2 2 1.3 1.56 6.0 -0.6 -0.6 -0.6 -0.6 -0.6 -0.6 0.086 0.17 0.038 0.037 0.195 0.419 2 2 1 2 2 2
1976-07-13T02:30:00 1976 7 13 2 30 0 -0.3 -1.2 380.0 8.0 2.12 0.28 1.79 1.41 2 2 2 2 2 2 2 2 1.3 1.56 5.0 -1.2 -1.2 -1.2 -1.2 -1.2 -1.2 0.161 0.32 0.042 0.097 0.353 0.696 2 2 1 2 2 2
1976-07-13T03:30:00 1976 7 13 3 30 0 0.5 0.4 375.0 7.6 1.96 0.07 0.76 0.6 2 2 2 2 2 2 2 2 1.3 1.56 2.0 0.4 0.4 0.4 0.4 0.4 0.4 0.138 0.225 0.042 0.07 0.179 0.431 2 2 1 2 2 2
1976-07-13T04:30:00 1976 7 13 4 30 0 -0.4 0.4 369.0 9.4 2.37 0.0 0.0 0.0 2 2 2 2 2 2 2 2 1.3 1.55 7.0 0.4 0.4 0.4 0.4 0.4 0.4 0.094 0.112 0.041 0.039 0.057 0.179 2 2 1 2 2 2
1976-07-13T05:30:00 1976 7 13 5 30 0 -1.6 -1.4 377.0 8.4 2.18 0.28 1.13 0.98 2 2 2 2 2 2 2 2 1.3 1.47 6.0 -1.4 -1.4 -1.4 -1.4 -1.4 -1.4 0.145 0.256 0.043 0.084 0.267 0.539 2 2 2 2 2 2
1976-07-13T06:30:00 1976 7 13 6 30 0 -1.3 -2.3 377.0 8.4 2.15 1.08 3.56 2.99 2 2 2 2 2 2 2 2 1.7 1.44 5.0 -2.3 -2.3 -2.3 -2.3 -2.3 -2.3 0.288 0.51 0.054 0.232 0.55 0.998 2 2 2 2 2 2
1976-07-13T07:30:00 1976 7 13 7 30 0 -1.3 -1.7 375.0 9.4 2.32 1.1 3.71 3.31 2 2 2 2 2 2 2 2 1.7 1.4 4.0 -1.7 -1.7 -1.7 -1.7 -1.7 -1.7 0.383 0.634 0.064 0.307 0.624 1.232 2 2 2 2 2 2
1976-07-13T08:30:00 1976 7 13 8 30 0 -1.2 -1.1 365.0 10.0 2.34 0.62 2.54 2.47 2 2 2 2 2 2 2 2 1.7 1.46 3.0 -1.1 -1.1 -1.1 -1.1 -1.1 -1.1 0.396 0.619 0.069 0.282 0.542 1.213 2 2 2 2 2 2
1976-07-13T09:30:00 1976 7 13 9 30 0 -1.9 -0.3 360.0 11.2 2.52 0.38 1.21 1.27 2 2 2 2 2 2 2 2 0.7 1.37 3.0 -0.3 -0.3 -0.3 -0.3 -0.3 -0.3 0.336 0.485 0.069 0.197 0.359 0.976 2 2 2 2 2 2
1976-07-13T10:30:00 1976 7 13 10 30 0 -1.6 0.0 351.0 13.2 2.87 0.26 0.25 0.29 2 2 2 2 2 2 2 2 0.7 1.29 5.0 0.0 0.0 0.0 0.0 0.0 0.0 0.243 0.291 0.068 0.115 0.161 0.575 2 2 2 2 2 2
1976-07-13T11:30:00 1976 7 13 11 30 0 0.2 -0.1 351.0 15.0 3.3 0.05 0.1 0.14 2 2 2 2 2 2 2 2 0.7 1.22 7.0 -0.1 -0.1 -0.1 -0.1 -0.1 -0.1 0.176 0.194 0.066 0.067 0.101 0.456 2 2 2 2 2 2
1976-07-13T12:30:00 1976 7 13 12 30 0 1.1 -0.1 349.0 15.8 3.39 0.05 0.17 0.27 2 2 2 2 2 2 2 2 1.0 1.18 6.0 -0.1 -0.1 -0.1 -0.1 -0.1 -0.1 0.136 0.164 0.064 0.042 0.098 0.48 2 2 2 2 2 2
1976-07-13T13:30:00 1976 7 13 13 30 0 1.3 0.9 351.0 15.8 3.5 0.07 0.0 0.0 2 2 2 2 2 2 2 2 1.0 1.14 6.0 0.9 0.9 0.9 0.9 0.9 0.9 0.092 0.081 0.062 0.024 0.031 0.199 2 2 2 2 2 2
1976-07-13T14:30:00 1976 7 13 14 30 0 -0.6 1.2 352.0 16.4 3.64 0.01 0.0 0.0 2 2 2 2 2 2 2 2 1.0 1.06 7.0 1.2 1.2 1.2 1.2 1.2 1.2 0.062 0.04 0.06 0.013 0.01 0.083 2 2 2 2 2 2
1976-07-13T15:30:00 1976 7 13 15 30 0 -0.9 -0.8 349.0 15.8 3.48 0.07 0.34 0.54 2 2 2 2 2 2 2 2 0.7 0.93 8.0 -0.8 -0.8 -0.8 -0.8 -0.8 -0.8 0.083 0.145 0.06 0.033 0.145 0.481 2 2 2 2 2 2
1976-07-13T16:30:00 1976 7 13 16 30 0 -1.0 -0.8 351.0 15.8 3.65 0.24 1.4 2.21 2 2 2 2 2 2 2 2 0.7 0.81 8.0 -0.8 -0.8 -0.8 -0.8 -0.8 -0.8 0.16 0.345 0.062 0.086 0.327 1.099 2 2 2 2 2 2
1976-07-13T17:30:00 1976 7 13 17 30 0 -2.2 -0.3 353.0 14.9 3.26 0.34 0.93 1.43 2 2 2 2 2 2 2 2 0.7 0.81 11.0 -0.3 -0.3 -0.3 -0.3 -0.3 -0.3 0.173 0.355 0.062 0.082 0.288 1.091 2 2 2 2 2 2
1976-07-13T18:30:00 1976 7 13 18 30 0 -1.6 0.8 352.0 15.9 3.68 0.22 0.05 0.08 2 2 2 2 2 2 2 2 0.7 0.81 12.0 0.8 0.8 0.8 0.8 0.8 0.8 0.118 0.181 0.06 0.046 0.095 0.477 2 2 2 2 2 2
1976-07-13T19:30:00 1976 7 13 19 30 0 0.0 1.2 356.0 15.1 3.5 0.02 0.0 0.0 2 2 2 2 2 2 2 2 0.7 0.81 11.0 1.2 1.2 1.2 1.2 1.2 1.2 0.08 0.09 0.058 0.026 0.03 0.198 2 2 2 2 2 2
1976-07-13T20:30:00 1976 7 13 20 30 0 0.8 1.6 352.0 12.8 2.89 0.0 0.0 0.0 2 2 2 2 2 2 2 2 0.7 0.77 9.0 1.6 1.6 1.6 1.6 1.6 1.6 0.054 0.045 0.056 0.014 0.01 0.082 2 2 2 2 2 2
1976-07-13T21:30:00 1976 7 13 21 30 0 -0.5 3.1 347.0 11.3 2.41 0.0 0.0 0.0 2 2 2 2 2 2 2 2 1.3 0.81 5.0 3.1 3.1 3.1 3.1 3.1 3.1 0.037 0.022 0.055 0.008 0.003 0.034 2 2 2 2 2 2
1976-07-13T22:30:00 1976 7 13 22 30 0 1.5 3.0 342.0 10.4 2.18 0.01 0.0 0.0 2 2 2 2 2 2 2 2 1.3 0.86 5.0 3.0 3.0 3.0 3.0 3.0 3.0 0.025 0.011 0.053 0.005 0.001 0.014 2 2 2 2 2 2
1976-07-13T23:30:00 1976 7 13 23 30 0 3.2 1.2 333.0 8.0 1.64 0.18 0.0 0.0 2 2 2 2 2 2 2 2 1.3 0.93 1.0 1.2 1.2 1.2 1.2 1.2 1.2 0.017 0.005 0.051 0.003 0.0 0.006 2 2 2 2 2 2
