1976-02-21T00:30:00 1976 2 21 0 30 0 -1.02 -0.08 510.9 7.4 3.07 0.13 0.2 0.15 0 0 0 0 0 0 0 0 3.3 3.13 -5.0 -0.75 -0.57 -1.1 -1.08 -0.59 -0.42 0.31 0.327 0.472 0.265 0.448 1.025 0 0 0 0 0 0
1976-02-21T01:30:00 1976 2 21 1 30 0 -1.02 -0.08 511.0 7.4 3.07 0.13 0.2 0.15 0 0 0 0 0 0 0 0 3.3 3.09 -1.0 -0.75 -0.57 -1.1 -1.08 -0.59 -0.42 0.308 0.327 0.468 0.264 0.447 1.019 0 0 0 0 0 0
1976-02-21T02:30:00 1976 2 21 2 30 0 -1.02 -0.08 511.0 7.4 3.07 0.13 0.2 0.15 0 0 0 0 0 0 0 0 3.3 3.21 -7.0 -0.75 -0.57 -1.1 -1.08 -0.59 -0.42 0.307 0.327 0.465 0.263 0.447 1.017 0 0 0 0 0 0
1976-02-21T03:30:00 1976 2 21 3 30 0 -1.02 -0.08 511.1 7.4 3.07 0.13 0.2 0.15 0 0 0 0 0 0 0 0 3.3 3.33 -8.0 -0.75 -0.57 -1.1 -1.08 -0.59 -0.42 0.307 0.326 0.461 0.263 0.447 1.016 0 0 0 0 0 0
1976-02-21T04:30:00 1976 2 21 4 30 0 -1.02 -0.08 511.2 7.39 3.07 0.13 0.2 0.15 0 0 0 0 0 0 0 0 3.3 3.44 -9.0 -0.75 -0.57 -1.1 -1.08 -0.59 -0.42 0.306 0.326 0.458 0.262 0.447 1.015 0 0 0 0 0 0
1976-02-21T05:30:00 1976 2 21 5 30 0 -1.02 -0.08 511.3 7.39 3.07 0.13 0.2 0.15 0 0 0 0 0 0 0 0 3.3 3.4 -8.0 -0.75 -0.57 -1.1 -1.08 -0.59 -0.42 0.306 0.326 0.455 0.262 0.447 1.015 0 0 0 0 0 0
1976-02-21T06:30:00 1976 2 21 6 30 0 -1.02 -0.08 511.3 7.39 3.07 0.13 0.2 0.15 0 0 0 0 0 0 0 0 2.3 3.22 -8.0 -0.75 -0.57 -1.1 -1.08 -0.59 -0.42 0.306 0.326 0.451 0.262 0.447 1.015 0 0 0 0 0 0
1976-02-21T07:30:00 1976 2 21 7 30 0 -1.02 -0.08 511.4 7.39 3.07 0.13 0.2 0.15 0 0 0 0 0 0 0 0 2.3 3.04 -6.0 -0.75 -0.57 -1.1 -1.08 -0.59 -0.42 0.306 0.326 0.448 0.262 0.447 1.015 0 0 0 0 0 0
1976-02-21T08:30:00 1976 2 21 8 30 0 -1.02 -0.08 511.5 7.38 3.07 0.13 0.2 0.15 0 0 0 0 0 0 0 0 2.3 2.91 -3.0 -0.75 -0.57 -1.1 -1.08 -0.59 -0.42 0.306 0.326 0.445 0.262 0.447 1.015 0 0 0 0 0 0
1976-02-21T09:30:00 1976 2 21 9 30 0 -1.02 -0.08 511.5 7.38 3.07 0.13 0.2 0.15 0 0 0 0 0 0 0 0 4.0 3.01 -2.0 -0.75 -0.57 -1.1 -1.08 -0.59 -0.42 0.306 0.326 0.442 0.262 0.447 1.014 0 0 0 0 0 0
1976-02-21T10:30:00 1976 2 21 10 30 0 -1.02 -0.08 511.6 7.38 3.07 0.13 0.2 0.15 0 0 0 0 0 0 0 0 4.0 3.1 -9.0 -0.75 -0.57 -1.1 -1.08 -0.59 -0.42 0.306 0.326 0.439 0.262 0.447 1.014 0 0 0 0 0 0
1976-02-21T11:30:00 1976 2 21 11 30 0 -1.02 -0.08 511.7 7.37 3.07 0.13 0.2 0.15 0 0 0 0 0 0 0 0 4.0 3.2 -10.0 -0.75 -0.57 -1.1 -1.08 -0.59 -0.42 0.305 0.326 0.437 0.262 0.447 1.014 0 0 0 0 0 0
1976-02-21T12:30:00 1976 2 21 12 30 0 -1.02 -0.08 511.8 7.37 3.07 0.13 0.2 0.15 0 0 0 0 0 0 0 0 2.3 3.07 -9.0 -0.75 -0.57 -1.1 -1.08 -0.59 -0.42 0.305 0.326 0.434 0.262 0.447 1.014 0 0 0 0 0 0
1976-02-21T13:30:00 1976 2 21 13 30 0 -1.02 -0.08 511.8 7.37 3.07 0.13 0.2 0.15 0 0 0 0 0 0 0 0 2.3 2.94 -9.0 -0.75 -0.57 -1.1 -1.08 -0.59 -0.42 0.305 0.326 0.431 0.262 0.447 1.014 0 0 0 0 0 0
1976-02-21T14:30:00 1976 2 21 14 30 0 -1.02 -0.08 511.9 7.37 3.07 0.13 0.2 0.15 0 0 0 0 0 0 0 0 2.3 2.93 -11.0 -0.75 -0.57 -1.1 -1.08 -0.59 -0.42 0.305 0.326 0.429 0.262 0.447 1.014 0 0 0 0 0 0
1976-02-21T15:30:00 1976 2 21 15 30 0 -1.02 -0.08 511.2 7.36 3.07 0.13 0.2 0.15 0 0 1 0 0 0 1 0 3.0 3.02 -8.0 -0.75 -0.57 -1.1 -1.08 -0.59 -0.42 0.305 0.326 0.427 0.262 0.447 1.012 0 0 0 0 0 0
1976-02-21T16:30:00 1976 2 21 16 30 0 -1.02 -0.08 509.7 7.36 3.07 0.13 0.2 0.15 0 0 1 0 0 0 1 0 3.0 3.1 -7.0 -0.75 -0.57 -1.1 -1.08 -0.59 -0.42 0.305 0.326 0.424 0.262 0.446 1.007 0 0 0 0 0 0
1976-02-21T17:30:00 1976 2 21 17 30 0 -1.02 -0.08 508.2 7.36 3.07 0.13 0.2 0.15 0 0 1 0 0 0 1 0 3.0 2.98 -13.0 -0.75 -0.57 -1.1 -1.08 -0.59 -0.42 0.305 0.325 0.422 0.261 0.444 1.001 0 0 0 0 0 0
1976-02-21T18:30:00 1976 2 21 18 30 0 -1.02 -0.08 506.7 7.36 3.07 0.13 0.2 0.15 0 0 1 0 0 0 1 0 3.0 2.86 -22.0 -0.75 -0.57 -1.1 -1.08 -0.59 -0.42 0.304 0.325 0.419 0.26 0.442 0.995 0 0 0 0 0 0
1976-02-21T19:30:00 1976 2 21 19 30 0 -1.02 -0.08 505.2 7.35 3.06 0.13 0.2 0.15 0 0 1 0 0 0 1 0 3.0 2.75 -20.0 -0.75 -0.57 -1.1 -1.08 -0.59 -0.42 0.303 0.325 0.417 0.259 0.439 0.987 0 0 0 0 0 0
1976-02-21T20:30:00 1976 2 21 20 30 0 -1.02 -0.08 503.7 7.35 3.06 0.13 0.2 0.15 0 0 1 0 0 0 1 0 3.0 2.83 -16.0 -0.75 -0.57 -1.1 -1.08 -0.59 -0.42 0.303 0.325 0.414 0.258 0.437 0.98 0 0 0 0 0 0
1976-02-21T21:30:00 1976 2 21 21 30 0 -1.02 -0.08 502.2 7.35 3.06 0.13 0.2 0.15 0 0 1 0 0 0 1 0 2.7 2.88 -9.0 -0.75 -0.57 -1.1 -1.08 -0.59 -0.42 0.302 0.325 0.412 0.257 0.435 0.973 0 0 0 0 0 0
1976-02-21T22:30:00 1976 2 21 22 30 0 -1.02 -0.08 500.7 7.34 3.06 0.13 0.2 0.15 0 0 1 0 0 0 1 0 2.7 2.92 -12.0 -0.75 -0.57 -1.1 -1.08 -0.59 -0.42 0.301 0.324 0.41 0.256 0.433 0.965 0 0 0 0 0 0
1976-02-21T23:30:00 1976 2 21 23 30 0 -1.02 -0.08 499.2 7.34 3.06 0.13 0.2 0.15 0 0 1 0 0 0 1 0 2.7 2.88 -11.0 -0.75 -0.57 -1.1 -1.08 -0.59 -0.42 0.301 0.324 0.407 0.255 0.431 0.957 0 0 0 0 0 0
