1976-06-04T00:30:00 1976 6 4 0 30 0 2.52 0.21 537.0 7.47 3.58 1.02 0.0 0.0 1 0 1 1 1 1 1 1 4.0 3.9 -14.0 -0.53 -0.37 -0.87 -0.85 -0.39 -0.25 0.366 0.211 0.304 0.288 0.219 0.541 2 1 2 2 0 1
1976-06-04T01:30:00 1976 6 4 1 30 0 0.85 0.21 541.0 7.45 3.86 0.27 0.0 0.0 1 0 1 1 1 1 1 1 4.0 4.14 -11.0 -0.53 -0.37 -0.87 -0.85 -0.39 -0.25 0.324 0.229 0.303 0.252 0.321 0.744 1 1 2 1 0 0
1976-06-04T02:30:00 1976 6 4 2 30 0 0.74 0.21 545.0 7.43 4.14 0.05 0.0 0.0 1 0 1 1 1 1 1 1 4.0 4.06 -16.0 -0.53 -0.37 -0.87 -0.85 -0.39 -0.25 0.296 0.239 0.303 0.233 0.356 0.836 1 0 2 1 0 0
1976-06-04T03:30:00 1976 6 4 3 30 0 2.1 0.21 549.0 7.4 4.77 0.22 0.0 0.0 1 0 1 1 1 1 1 1 5.3 4.14 -19.0 -0.53 -0.37 -0.87 -0.85 -0.39 -0.25 0.278 0.243 0.303 0.223 0.369 0.881 1 0 2 0 0 0
1976-06-04T04:30:00 1976 6 4 4 30 0 3.47 0.23 553.0 7.4 4.98 0.83 0.0 0.0 1 1 1 1 1 1 1 1 5.3 4.23 -16.0 -0.43 -0.28 -0.72 -0.7 -0.3 -0.18 0.257 0.231 0.302 0.204 0.346 0.849 1 1 2 1 1 1
1976-06-04T05:30:00 1976 6 4 5 30 0 4.2 0.28 557.0 7.4 4.98 1.52 0.0 0.0 1 1 2 2 2 1 2 2 5.3 4.43 -15.0 0.14 0.17 0.08 0.09 0.17 0.2 0.19 0.136 0.295 0.131 0.149 0.406 1 1 2 1 1 1
1976-06-04T06:30:00 1976 6 4 6 30 0 4.2 0.3 571.0 6.2 4.02 1.8 0.0 0.0 2 2 2 2 2 2 2 2 2.7 4.29 -16.0 0.3 0.3 0.3 0.3 0.3 0.3 0.129 0.068 0.286 0.073 0.047 0.168 1 1 2 1 1 1
1976-06-04T07:30:00 1976 6 4 7 30 0 1.7 2.2 583.0 6.0 4.03 0.63 0.0 0.0 2 2 2 2 2 2 2 2 2.7 4.15 -14.0 2.2 2.2 2.2 2.2 2.2 2.2 0.087 0.034 0.277 0.041 0.015 0.07 1 1 2 1 1 1
1976-06-04T08:30:00 1976 6 4 8 30 0 1.0 1.2 603.0 3.8 2.81 0.06 0.0 0.0 2 2 2 2 2 2 2 2 2.7 3.98 -19.0 1.2 1.2 1.2 1.2 1.2 1.2 0.059 0.017 0.268 0.023 0.005 0.029 1 1 2 1 1 1
1976-06-04T09:30:00 1976 6 4 9 30 0 1.5 -1.5 603.0 3.3 2.4 0.44 1.45 0.49 2 2 2 2 2 2 2 2 3.0 3.85 -17.0 -1.5 -1.5 -1.5 -1.5 -1.5 -1.5 0.112 0.131 0.267 0.081 0.324 0.389 2 2 2 2 2 2
1976-06-04T10:30:00 1976 6 4 10 30 0 2.0 -0.6 604.0 2.7 1.85 0.98 3.06 0.92 2 2 2 2 2 2 2 2 3.0 3.72 -15.0 -0.6 -0.6 -0.6 -0.6 -0.6 -0.6 0.168 0.213 0.268 0.123 0.452 0.55 2 2 2 2 2 2
1976-06-04T11:30:00 1976 6 4 11 30 0 1.1 -1.6 598.0 2.8 1.96 0.95 3.43 0.95 2 2 2 2 2 2 2 2 3.0 3.44 -15.0 -1.6 -1.6 -1.6 -1.6 -1.6 -1.6 0.233 0.29 0.272 0.185 0.599 0.672 2 2 2 2 2 2
1976-06-04T12:30:00 1976 6 4 12 30 0 1.0 -2.6 594.0 2.8 1.96 1.87 6.38 1.79 2 2 2 2 2 2 2 2 3.7 3.26 -18.0 -2.6 -2.6 -2.6 -2.6 -2.6 -2.6 0.357 0.417 0.29 0.346 0.86 0.879 2 2 2 2 2 2
1976-06-04T13:30:00 1976 6 4 13 30 0 1.6 -2.1 570.0 2.7 1.78 2.22 6.77 1.86 2 2 2 2 2 2 2 2 3.7 3.07 -15.0 -2.1 -2.1 -2.1 -2.1 -2.1 -2.1 0.435 0.474 0.307 0.425 0.892 0.901 2 2 2 2 2 2
1976-06-04T14:30:00 1976 6 4 14 30 0 2.6 -0.7 560.0 2.3 1.46 1.46 3.79 0.96 2 2 2 2 2 2 2 2 3.7 3.2 -11.0 -0.7 -0.7 -0.7 -0.7 -0.7 -0.7 0.398 0.394 0.307 0.33 0.627 0.674 2 2 2 2 2 2
1976-06-04T15:30:00 1976 6 4 15 30 0 1.1 0.2 572.0 3.6 2.35 0.51 0.69 0.18 2 2 2 2 2 2 2 2 1.7 3.06 -5.0 0.2 0.2 0.2 0.2 0.2 0.2 0.287 0.231 0.299 0.194 0.266 0.371 2 2 2 2 2 2
1976-06-04T16:30:00 1976 6 4 16 30 0 1.9 1.0 567.0 4.3 2.63 0.16 0.0 0.0 2 2 2 2 2 2 2 2 1.7 2.93 -3.0 1.0 1.0 1.0 1.0 1.0 1.0 0.195 0.115 0.29 0.109 0.084 0.154 2 2 2 2 2 2
1976-06-04T17:30:00 1976 6 4 17 30 0 3.8 2.2 548.0 4.1 2.33 0.48 0.0 0.0 2 2 2 2 2 2 2 2 1.7 2.76 -3.0 2.2 2.2 2.2 2.2 2.2 2.2 0.132 0.057 0.281 0.061 0.027 0.064 2 2 2 2 2 2
1976-06-04T18:30:00 1976 6 4 18 30 0 3.8 1.3 552.0 5.2 3.0 0.87 0.0 0.0 2 2 2 2 2 2 2 2 2.0 2.63 0.0 1.3 1.3 1.3 1.3 1.3 1.3 0.089 0.028 0.273 0.034 0.008 0.026 2 2 2 2 2 2
1976-06-04T19:30:00 1976 6 4 19 30 0 3.7 0.2 548.0 5.6 3.2 1.2 0.0 0.0 2 2 2 2 2 2 2 2 2.0 2.5 0.0 0.2 0.2 0.2 0.2 0.2 0.2 0.06 0.014 0.264 0.019 0.003 0.011 2 2 2 2 2 2
1976-06-04T20:30:00 1976 6 4 20 30 0 0.4 1.4 568.0 5.8 3.62 0.37 0.0 0.0 2 2 2 2 2 2 2 2 2.0 2.3 -1.0 1.4 1.4 1.4 1.4 1.4 1.4 0.041 0.007 0.256 0.011 0.001 0.005 2 2 2 2 2 2
1976-06-04T21:30:00 1976 6 4 21 30 0 -2.8 4.4 566.0 4.9 3.14 0.06 0.0 0.0 2 2 2 2 2 2 2 2 2.7 2.18 -6.0 4.4 4.4 4.4 4.4 4.4 4.4 0.028 0.003 0.248 0.006 0.0 0.002 2 2 2 2 2 2
1976-06-04T22:30:00 1976 6 4 22 30 0 -1.2 2.5 561.0 5.1 3.22 0.09 0.0 0.0 2 2 2 2 2 2 2 2 2.7 2.07 -3.0 2.5 2.5 2.5 2.5 2.5 2.5 0.019 0.002 0.241 0.003 0.0 0.001 2 2 2 2 2 2
1976-06-04T23:30:00 1976 6 4 23 30 0 1.8 1.3 568.0 4.7 3.15 0.03 0.0 0.0 2 2 2 2 2 2 2 2 2.7 2.2 -5.0 1.3 1.3 1.3 1.3 1.3 1.3 0.013 0.001 0.233 0.002 0.0 0.0 2 2 2 2 2 2
