1976-08-25T00:30:00 1976 8 25 0 30 0 1.23 -0.17 592.0 3.9 2.48 0.24 0.5 0.19 0 0 2 2 2 1 1 1 4.3 2.87 -13.0 -0.68 -0.51 -1.0 -0.98 -0.53 -0.38 0.242 0.223 0.361 0.21 0.395 0.554 0 0 1 0 0 0
1976-08-25T01:30:00 1976 8 25 1 30 0 1.23 -0.17 589.0 3.9 2.45 0.24 0.5 0.2 0 0 2 2 2 1 1 1 4.3 2.96 -21.0 -0.68 -0.51 -1.0 -0.98 -0.53 -0.38 0.243 0.227 0.36 0.211 0.4 0.578 0 0 1 0 0 0
1976-08-25T02:30:00 1976 8 25 2 30 0 1.24 -0.17 582.0 3.7 2.51 0.24 0.5 0.19 0 0 2 2 2 1 1 1 4.3 3.13 -20.0 -0.68 -0.51 -1.0 -0.98 -0.53 -0.38 0.242 0.227 0.359 0.209 0.393 0.564 0 0 1 0 0 0
1976-08-25T03:30:00 1976 8 25 3 30 0 1.24 -0.17 639.0 3.9 2.93 0.25 0.52 0.2 0 0 2 1 1 1 1 1 4.0 3.26 -21.0 -0.68 -0.51 -1.0 -0.98 -0.53 -0.38 0.246 0.23 0.359 0.215 0.422 0.621 0 0 1 0 0 0
1976-08-25T04:30:00 1976 8 25 4 30 0 1.24 -0.17 668.0 4.1 3.36 0.27 0.56 0.22 0 0 2 2 2 1 1 1 4.0 3.39 -21.0 -0.68 -0.51 -1.0 -0.98 -0.53 -0.38 0.254 0.235 0.362 0.229 0.467 0.733 0 0 1 0 0 0
1976-08-25T05:30:00 1976 8 25 5 30 0 1.24 -0.17 648.0 3.8 3.05 0.27 0.56 0.22 0 0 2 2 2 1 1 1 4.0 3.63 -18.0 -0.68 -0.51 -1.0 -0.98 -0.53 -0.38 0.258 0.235 0.364 0.234 0.471 0.749 0 0 1 0 0 0
1976-08-25T06:30:00 1976 8 25 6 30 0 1.24 -0.17 637.0 3.9 2.94 0.26 0.55 0.21 0 0 2 2 2 1 1 1 4.0 3.87 -19.0 -0.68 -0.51 -1.0 -0.98 -0.53 -0.38 0.259 0.235 0.365 0.234 0.461 0.73 0 0 1 0 0 0
1976-08-25T07:30:00 1976 8 25 7 30 0 1.24 -0.17 622.0 3.5 2.46 0.26 0.53 0.2 0 0 2 2 2 1 1 1 4.0 4.11 -21.0 -0.68 -0.51 -1.0 -0.98 -0.53 -0.38 0.256 0.231 0.365 0.228 0.439 0.669 0 0 1 0 0 0
1976-08-25T08:30:00 1976 8 25 8 30 0 1.24 -0.17 591.0 3.1 2.03 0.25 0.51 0.17 0 0 2 2 2 1 1 1 4.0 4.07 -22.0 -0.68 -0.51 -1.0 -0.98 -0.53 -0.38 0.248 0.222 0.364 0.216 0.4 0.562 0 0 1 0 0 0
1976-08-25T09:30:00 1976 8 25 9 30 0 1.24 -0.17 622.0 4.7 3.4 0.25 0.52 0.21 0 0 2 2 2 1 1 1 4.0 4.04 -17.0 -0.68 -0.51 -1.0 -0.99 -0.53 -0.38 0.251 0.231 0.364 0.222 0.429 0.656 0 0 1 0 0 0
1976-08-25T10:30:00 1976 8 25 10 30 0 1.25 -0.17 629.0 3.6 2.56 0.26 0.53 0.22 0 0 2 2 2 1 1 1 4.0 4.0 -17.0 -0.68 -0.51 -1.0 -0.99 -0.53 -0.38 0.254 0.233 0.365 0.227 0.439 0.68 0 0 0 0 0 0
1976-08-25T11:30:00 1976 8 25 11 30 0 1.25 -0.17 606.0 3.7 2.53 0.25 0.52 0.19 0 0 2 2 2 1 1 1 4.0 4.0 -18.0 -0.68 -0.51 -1.01 -0.99 -0.53 -0.38 0.252 0.23 0.365 0.223 0.423 0.635 0 0 0 0 0 0
1976-08-25T12:30:00 1976 8 25 12 30 0 1.25 -0.17 604.0 3.7 2.55 0.25 0.51 0.19 0 0 2 2 2 1 1 1 3.7 3.96 -17.0 -0.68 -0.51 -1.01 -0.99 -0.53 -0.38 0.249 0.228 0.364 0.22 0.414 0.608 0 0 0 0 0 0
1976-08-25T13:30:00 1976 8 25 13 30 0 1.25 -0.17 650.0 3.4 2.71 0.26 0.53 0.19 0 0 2 2 2 1 1 1 3.7 3.92 -17.0 -0.68 -0.51 -1.01 -0.99 -0.53 -0.38 0.249 0.226 0.365 0.222 0.427 0.614 0 0 0 0 0 0
1976-08-25T14:30:00 1976 8 25 14 30 0 1.25 -0.17 650.0 3.4 2.71 0.27 0.55 0.19 0 0 1 1 1 0 1 1 3.7 3.88 -17.0 -0.68 -0.51 -1.01 -0.99 -0.53 -0.38 0.25 0.223 0.366 0.225 0.438 0.623 0 0 0 0 0 0
1976-08-25T15:30:00 1976 8 25 15 30 0 1.25 -0.17 650.0 3.4 2.7 0.27 0.55 0.19 0 0 1 1 1 0 1 1 3.7 3.85 -23.0 -0.68 -0.51 -1.01 -0.99 -0.53 -0.38 0.25 0.222 0.367 0.226 0.442 0.626 0 0 0 0 0 0
1976-08-25T16:30:00 1976 8 25 16 30 0 1.25 -0.17 650.0 4.35 2.67 0.27 0.55 0.22 0 0 1 1 1 0 1 1 3.7 3.81 -27.0 -0.68 -0.51 -1.01 -0.99 -0.53 -0.38 0.256 0.231 0.369 0.235 0.466 0.723 0 0 0 0 0 0
1976-08-25T17:30:00 1976 8 25 17 30 0 1.25 -0.17 650.0 5.51 2.64 0.27 0.55 0.28 0 0 1 1 1 0 1 1 3.7 3.77 -33.0 -0.68 -0.51 -1.01 -0.99 -0.53 -0.38 0.268 0.249 0.372 0.251 0.508 0.93 0 0 0 0 0 0
1976-08-25T18:30:00 1976 8 25 18 30 0 1.26 -0.17 650.0 6.67 2.61 0.27 0.55 0.34 0 0 1 1 1 0 1 1 3.7 3.74 -31.0 -0.68 -0.51 -1.01 -0.99 -0.53 -0.38 0.285 0.272 0.376 0.27 0.552 1.204 0 0 0 0 0 0
1976-08-25T19:30:00 1976 8 25 19 30 0 1.26 -0.17 650.0 7.83 2.61 0.27 0.55 0.4 0 0 1 1 0 0 1 1 3.7 3.7 -28.0 -0.69 -0.51 -1.01 -0.99 -0.53 -0.38 0.304 0.295 0.382 0.291 0.594 1.516 0 0 0 0 0 0
1976-08-25T20:30:00 1976 8 25 20 30 0 1.26 -0.17 650.0 8.46 2.61 0.27 0.55 0.45 0 0 1 0 0 0 1 0 3.7 3.7 -26.0 -0.69 -0.51 -1.01 -0.99 -0.53 -0.38 0.322 0.314 0.387 0.309 0.625 1.787 0 0 0 0 0 0
1976-08-25T21:30:00 1976 8 25 21 30 0 1.26 -0.17 650.0 8.46 2.61 0.27 0.55 0.47 0 0 1 0 0 0 1 0 3.0 3.61 -27.0 -0.69 -0.52 -1.01 -0.99 -0.53 -0.38 0.335 0.327 0.393 0.32 0.638 1.934 0 0 0 0 0 0
1976-08-25T22:30:00 1976 8 25 22 30 0 1.26 -0.17 650.0 8.46 2.61 0.27 0.55 0.47 0 0 1 0 0 0 1 0 3.0 3.52 -22.0 -0.69 -0.52 -1.01 -0.99 -0.53 -0.38 0.344 0.334 0.398 0.327 0.643 1.995 0 0 0 0 0 0
1976-08-25T23:30:00 1976 8 25 23 30 0 1.26 -0.17 650.0 8.46 2.61 0.27 0.55 0.47 0 0 1 0 0 0 1 0 3.0 3.43 -16.0 -0.69 -0.52 -1.01 -0.99 -0.53 -0.38 0.35 0.337 0.404 0.33 0.644 2.021 0 0 0 0 0 0
