1976-08-17T00:30:00 1976 8 17 0 30 0 -5.4 -0.4 391.0 7.1 2.04 2.53 0.76 0.54 2 2 2 2 2 2 2 2 2.7 1.98 -12.0 -0.4 -0.4 -0.4 -0.4 -0.4 -0.4 0.147 0.213 0.148 0.064 0.187 0.407 2 2 1 2 2 2
1976-08-17T01:30:00 1976 8 17 1 30 0 -4.3 1.0 403.0 7.9 2.4 1.65 0.08 0.06 2 2 2 2 2 2 2 2 2.7 2.07 -12.0 1.0 1.0 1.0 1.0 1.0 1.0 0.101 0.111 0.143 0.036 0.065 0.186 2 2 1 2 2 2
1976-08-17T02:30:00 1976 8 17 2 30 0 -0.8 1.8 400.0 6.4 2.04 0.31 0.0 0.0 2 2 2 2 2 2 2 2 2.7 2.2 -14.0 1.8 1.8 1.8 1.8 1.8 1.8 0.068 0.055 0.139 0.02 0.02 0.077 2 2 1 2 2 2
1976-08-17T03:30:00 1976 8 17 3 30 0 -4.2 0.4 391.0 6.0 1.88 0.44 0.0 0.0 2 2 2 2 2 2 2 2 1.0 2.1 -11.0 0.4 0.4 0.4 0.4 0.4 0.4 0.046 0.027 0.135 0.011 0.006 0.032 2 2 1 2 2 2
1976-08-17T04:30:00 1976 8 17 4 30 0 -0.6 1.8 396.0 5.7 1.82 0.32 0.0 0.0 2 2 2 2 2 2 2 2 1.0 2.0 -8.0 1.8 1.8 1.8 1.8 1.8 1.8 0.031 0.014 0.131 0.006 0.002 0.013 2 2 1 2 2 2
1976-08-17T05:30:00 1976 8 17 5 30 0 -1.3 2.4 389.0 6.3 1.91 0.01 0.0 0.0 2 2 2 2 2 2 2 2 1.0 1.87 -3.0 2.4 2.4 2.4 2.4 2.4 2.4 0.021 0.007 0.127 0.004 0.001 0.006 2 2 1 2 2 2
1976-08-17T06:30:00 1976 8 17 6 30 0 -0.5 1.8 383.0 5.8 1.64 0.01 0.0 0.0 2 2 2 2 2 2 2 2 0.0 1.61 -3.0 1.8 1.8 1.8 1.8 1.8 1.8 0.014 0.003 0.123 0.002 0.0 0.002 2 2 1 2 2 2
1976-08-17T07:30:00 1976 8 17 7 30 0 -2.2 3.7 374.0 5.3 1.59 0.03 0.0 0.0 2 2 2 2 2 2 2 2 0.0 1.35 -3.0 3.7 3.7 3.7 3.7 3.7 3.7 0.01 0.002 0.119 0.001 0.0 0.001 2 2 1 2 2 2
1976-08-17T08:30:00 1976 8 17 8 30 0 -2.0 3.6 378.0 5.05 1.5 0.06 0.0 0.0 2 2 1 1 1 2 2 1 0.0 1.02 -2.0 3.6 3.6 3.6 3.6 3.6 3.6 0.007 0.001 0.115 0.001 0.0 0.0 2 2 1 2 2 2
1976-08-17T09:30:00 1976 8 17 9 30 0 -3.5 1.4 382.0 4.8 1.4 0.25 0.0 0.0 2 2 2 2 2 2 2 2 0.3 0.73 1.0 1.4 1.4 1.4 1.4 1.4 1.4 0.004 0.0 0.112 0.0 0.0 0.0 2 2 1 2 2 2
1976-08-17T10:30:00 1976 8 17 10 30 0 -3.6 1.2 389.0 4.2 1.27 0.6 0.0 0.0 2 2 2 2 2 2 2 2 0.3 0.44 1.0 1.2 1.2 1.2 1.2 1.2 1.2 0.003 0.0 0.108 0.0 0.0 0.0 2 2 1 2 2 2
1976-08-17T11:30:00 1976 8 17 11 30 0 -3.7 1.7 386.0 4.0 1.22 0.6 0.0 0.0 2 2 2 2 2 2 2 2 0.3 0.36 -2.0 1.7 1.7 1.7 1.7 1.7 1.7 0.002 0.0 0.105 0.0 0.0 0.0 2 2 1 2 2 2
1976-08-17T12:30:00 1976 8 17 12 30 0 -3.6 1.9 388.0 3.8 1.11 0.53 0.0 0.0 2 2 2 2 2 2 2 2 0.7 0.33 -3.0 1.9 1.9 1.9 1.9 1.9 1.9 0.001 0.0 0.102 0.0 0.0 0.0 2 2 1 2 2 2
1976-08-17T13:30:00 1976 8 17 13 30 0 -3.1 2.4 383.0 3.5 0.99 0.38 0.0 0.0 2 2 2 2 2 2 2 2 0.7 0.3 -3.0 2.4 2.4 2.4 2.4 2.4 2.4 0.001 0.0 0.099 0.0 0.0 0.0 2 2 1 2 2 2
1976-08-17T14:30:00 1976 8 17 14 30 0 -3.4 -0.4 363.0 6.1 1.48 0.6 0.09 0.05 2 2 2 2 2 2 2 2 0.7 0.38 1.0 -0.4 -0.4 -0.4 -0.4 -0.4 -0.4 0.012 0.036 0.096 0.006 0.046 0.067 2 2 1 2 2 2
1976-08-17T15:30:00 1976 8 17 15 30 0 -1.7 0.0 359.0 6.6 1.51 0.54 0.33 0.21 2 2 2 2 2 2 2 2 1.7 0.6 1.0 0.0 0.0 0.0 0.0 0.0 0.0 0.024 0.063 0.093 0.009 0.06 0.117 2 2 1 2 2 2
1976-08-17T16:30:00 1976 8 17 16 30 0 -3.6 -1.8 343.0 8.4 1.78 1.01 1.7 1.33 2 2 2 2 2 2 2 2 1.7 0.82 1.0 -1.8 -1.8 -1.8 -1.8 -1.8 -1.8 0.125 0.29 0.095 0.092 0.303 0.496 2 2 1 2 2 2
1976-08-17T17:30:00 1976 8 17 17 30 0 -2.6 0.1 341.0 11.4 2.3 1.02 1.33 1.26 2 2 2 2 2 2 2 2 1.7 0.99 3.0 0.1 0.1 0.1 0.1 0.1 0.1 0.145 0.288 0.095 0.09 0.229 0.498 2 2 1 2 2 2
1976-08-17T18:30:00 1976 8 17 18 30 0 -3.5 1.0 351.0 14.8 3.14 0.52 0.0 0.0 2 2 2 2 2 2 2 2 1.0 1.07 6.0 1.0 1.0 1.0 1.0 1.0 1.0 0.098 0.143 0.092 0.051 0.072 0.207 2 2 1 2 2 2
1976-08-17T19:30:00 1976 8 17 19 30 0 -0.9 2.9 352.0 13.5 2.95 0.16 0.0 0.0 2 2 2 2 2 2 2 2 1.0 1.16 6.0 2.9 2.9 2.9 2.9 2.9 2.9 0.066 0.071 0.089 0.028 0.023 0.086 2 2 1 2 2 2
1976-08-17T20:30:00 1976 8 17 20 30 0 -0.3 2.8 353.0 11.3 2.46 0.0 0.0 0.0 2 2 2 2 2 2 2 2 1.0 1.19 6.0 2.8 2.8 2.8 2.8 2.8 2.8 0.045 0.035 0.087 0.016 0.007 0.036 2 2 1 2 2 2
1976-08-17T21:30:00 1976 8 17 21 30 0 -1.5 1.8 348.0 12.1 2.7 0.01 0.0 0.0 2 2 2 2 2 2 2 2 1.7 1.31 3.0 1.8 1.8 1.8 1.8 1.8 1.8 0.03 0.018 0.084 0.009 0.002 0.015 2 2 1 2 2 2
1976-08-17T22:30:00 1976 8 17 22 30 0 -3.2 0.4 345.0 14.9 3.27 0.27 0.0 0.0 2 2 2 2 2 2 2 2 1.7 1.44 5.0 0.4 0.4 0.4 0.4 0.4 0.4 0.021 0.009 0.081 0.005 0.001 0.006 2 2 1 2 2 2
1976-08-17T23:30:00 1976 8 17 23 30 0 -2.5 0.6 370.0 8.7 2.22 0.46 0.0 0.0 2 2 2 2 2 2 2 2 1.7 1.44 0.0 0.6 0.6 0.6 0.6 0.6 0.6 0.014 0.004 0.079 0.003 0.0 0.003 2 2 1 2 2 2
