1976-10-12T00:30:00 1976 10 12 0 30 0 -0.5 -1.2 383.0 12.2 3.23 0.37 2.13 2.71 2 2 2 2 2 2 2 2 2.7 2.21 -15.0 -1.2 -1.2 -1.2 -1.2 -1.2 -1.2 0.452 0.632 0.206 0.272 0.542 1.738 2 2 2 2 2 2
1976-10-12T01:30:00 1976 10 12 1 30 0 1.3 -1.6 380.0 11.4 2.91 0.53 2.7 3.17 2 2 2 2 2 2 2 2 2.7 2.34 -12.0 -1.6 -1.6 -1.6 -1.6 -1.6 -1.6 0.472 0.676 0.209 0.296 0.606 1.745 2 2 2 2 2 2
1976-10-12T02:30:00 1976 10 12 2 30 0 2.8 -2.1 369.0 11.7 2.94 1.34 3.5 4.04 2 2 2 2 2 2 2 2 2.7 2.46 -12.0 -2.1 -2.1 -2.1 -2.1 -2.1 -2.1 0.527 0.769 0.216 0.365 0.697 1.843 2 2 2 2 2 2
1976-10-12T03:30:00 1976 10 12 3 30 0 2.4 -2.2 372.0 13.3 3.21 1.8 3.99 5.02 2 2 2 2 2 2 2 2 3.0 2.62 -8.0 -2.2 -2.2 -2.2 -2.2 -2.2 -2.2 0.595 0.87 0.224 0.443 0.785 2.101 2 2 2 2 2 2
1976-10-12T04:30:00 1976 10 12 4 30 0 -5.2 0.3 372.0 12.4 3.05 0.9 1.63 2.13 2 2 2 2 2 2 2 2 3.0 2.78 -6.0 0.3 0.3 0.3 0.3 0.3 0.3 0.481 0.607 0.222 0.305 0.427 1.394 2 2 2 2 2 2
1976-10-12T05:30:00 1976 10 12 5 30 0 -6.4 1.7 373.0 14.2 3.46 1.89 0.0 0.0 2 2 2 2 2 2 2 2 3.0 2.82 -3.0 1.7 1.7 1.7 1.7 1.7 1.7 0.326 0.301 0.215 0.171 0.135 0.578 2 2 2 2 2 2
1976-10-12T06:30:00 1976 10 12 6 30 0 -6.3 3.5 373.0 17.5 4.21 1.61 0.0 0.0 2 2 2 2 2 2 2 2 1.0 2.59 2.0 3.5 3.5 3.5 3.5 3.5 3.5 0.221 0.15 0.208 0.095 0.043 0.24 2 2 2 2 2 2
1976-10-12T07:30:00 1976 10 12 7 30 0 -5.0 5.1 374.0 21.1 5.11 0.86 0.0 0.0 2 2 2 2 2 2 2 2 1.0 2.37 10.0 5.1 5.1 5.1 5.1 5.1 5.1 0.149 0.074 0.202 0.053 0.014 0.1 2 2 2 2 2 2
1976-10-12T08:30:00 1976 10 12 8 30 0 -5.7 6.4 372.0 17.3 4.19 0.59 0.0 0.0 2 2 2 2 2 2 2 2 1.0 2.15 9.0 6.4 6.4 6.4 6.4 6.4 6.4 0.101 0.037 0.196 0.03 0.004 0.041 2 2 2 2 2 2
1976-10-12T09:30:00 1976 10 12 9 30 0 -6.0 6.6 368.0 13.4 3.24 0.67 0.0 0.0 2 2 2 2 2 2 2 2 0.3 1.84 7.0 6.6 6.6 6.6 6.6 6.6 6.6 0.068 0.018 0.19 0.017 0.001 0.017 2 2 2 2 2 2
1976-10-12T10:30:00 1976 10 12 10 30 0 -5.3 6.2 369.0 14.7 3.53 0.61 0.0 0.0 2 2 2 2 2 2 2 2 0.3 1.54 4.0 6.2 6.2 6.2 6.2 6.2 6.2 0.046 0.009 0.184 0.009 0.0 0.007 2 2 2 2 2 2
1976-10-12T11:30:00 1976 10 12 11 30 0 -4.1 6.3 365.0 16.2 3.76 0.37 0.0 0.0 2 2 2 2 2 2 2 2 0.3 1.21 5.0 6.3 6.3 6.3 6.3 6.3 6.3 0.031 0.005 0.178 0.005 0.0 0.003 2 2 2 2 2 2
1976-10-12T12:30:00 1976 10 12 12 30 0 -3.6 5.4 360.0 18.9 4.27 0.22 0.0 0.0 2 2 2 2 2 2 2 2 1.7 1.06 5.0 5.4 5.4 5.4 5.4 5.4 5.4 0.021 0.002 0.173 0.003 0.0 0.001 2 2 2 2 2 2
1976-10-12T13:30:00 1976 10 12 13 30 0 -5.1 3.5 356.0 20.6 4.69 0.45 0.0 0.0 2 2 2 2 2 2 2 2 1.7 0.92 7.0 3.5 3.5 3.5 3.5 3.5 3.5 0.014 0.001 0.168 0.002 0.0 0.001 2 2 2 2 2 2
1976-10-12T14:30:00 1976 10 12 14 30 0 -0.6 6.2 356.0 22.3 5.02 0.17 0.0 0.0 2 2 2 2 2 2 2 2 1.7 1.01 8.0 6.2 6.2 6.2 6.2 6.2 6.2 0.01 0.001 0.163 0.001 0.0 0.0 2 2 2 2 2 2
1976-10-12T15:30:00 1976 10 12 15 30 0 -1.4 4.4 358.0 22.6 5.13 0.01 0.0 0.0 2 2 2 2 2 2 2 2 2.0 1.14 11.0 4.4 4.4 4.4 4.4 4.4 4.4 0.007 0.0 0.158 0.001 0.0 0.0 2 2 2 2 2 2
1976-10-12T16:30:00 1976 10 12 16 30 0 -1.4 1.8 346.0 27.3 5.79 0.02 0.0 0.0 2 2 2 2 2 2 2 2 2.0 1.27 16.0 1.8 1.8 1.8 1.8 1.8 1.8 0.004 0.0 0.153 0.0 0.0 0.0 2 2 2 2 2 2
1976-10-12T17:30:00 1976 10 12 17 30 0 0.5 -1.9 363.0 22.8 5.5 0.19 1.03 2.4 2 2 2 2 2 2 2 2 2.0 1.48 18.0 -1.9 -1.9 -1.9 -1.9 -1.9 -1.9 0.119 0.299 0.154 0.106 0.349 1.411 2 2 2 2 2 2
1976-10-12T18:30:00 1976 10 12 18 30 0 -1.5 -3.6 365.0 17.4 4.52 1.82 5.14 10.07 2 2 2 2 2 2 2 2 4.0 1.95 8.0 -3.6 -3.6 -3.6 -3.6 -3.6 -3.6 0.445 0.88 0.175 0.487 0.929 3.129 2 2 2 2 2 2
1976-10-12T19:30:00 1976 10 12 19 30 0 2.3 -2.6 362.0 18.1 4.5 2.17 5.56 9.87 2 2 2 2 2 2 2 2 4.0 2.41 -3.0 -2.6 -2.6 -2.6 -2.6 -2.6 -2.6 0.649 1.129 0.195 0.668 1.052 3.569 2 2 2 2 2 2
1976-10-12T20:30:00 1976 10 12 20 30 0 2.3 -2.17 383.0 16.7 4.36 1.87 4.42 7.66 1 1 2 1 1 1 2 1 4.0 2.7 -23.0 -2.28 -2.24 -2.34 -2.34 -2.25 -2.21 0.733 1.153 0.21 0.692 1.02 3.569 2 1 2 2 1 1
1976-10-12T21:30:00 1976 10 12 21 30 0 2.09 -0.59 377.0 15.3 4.22 1.0 2.5 4.02 1 1 1 1 1 1 1 1 4.7 3.08 -34.0 -1.08 -0.92 -1.38 -1.36 -0.93 -0.78 0.686 0.962 0.217 0.582 0.767 2.821 1 1 2 1 1 1
1976-10-12T22:30:00 1976 10 12 22 30 0 1.7 -0.28 371.0 13.9 4.08 0.4 0.79 1.15 1 0 2 1 1 1 1 1 4.7 3.46 -30.0 -0.86 -0.67 -1.19 -1.17 -0.69 -0.51 0.585 0.731 0.218 0.448 0.53 1.957 1 1 2 1 1 1
1976-10-12T23:30:00 1976 10 12 23 30 0 1.31 -0.28 394.0 12.5 3.94 0.24 0.54 0.71 1 0 2 2 2 1 1 1 4.7 3.79 -20.0 -0.86 -0.67 -1.19 -1.17 -0.69 -0.51 0.507 0.588 0.219 0.365 0.442 1.505 1 1 2 1 0 0
