1976-12-12T00:30:00 1976 12 12 0 30 0 5.0 1.2 504.0 6.7 3.52 0.7 0.0 0.0 2 2 2 2 2 2 2 2 3.7 2.38 -22.0 1.2 1.2 1.2 1.2 1.2 1.2 0.025 0.029 0.388 0.007 0.023 0.092 2 2 2 2 2 2
1976-12-12T01:30:00 1976 12 12 1 30 0 6.6 1.6 514.0 5.7 2.88 2.4 0.0 0.0 2 2 2 2 2 2 2 2 3.7 2.6 -21.0 1.6 1.6 1.6 1.6 1.6 1.6 0.017 0.014 0.376 0.004 0.007 0.038 2 2 2 2 2 2
1976-12-12T02:30:00 1976 12 12 2 30 0 5.61 1.3 545.0 4.4 2.46 2.66 0.0 0.0 1 1 2 2 2 1 2 2 3.7 2.85 -23.0 1.14 1.19 1.05 1.06 1.18 1.22 0.011 0.007 0.364 0.002 0.002 0.016 2 2 2 2 2 2
1976-12-12T03:30:00 1976 12 12 3 30 0 3.45 0.19 554.0 3.9 2.31 1.73 0.0 0.0 1 1 2 2 2 1 2 2 2.3 2.91 -23.0 -0.46 -0.27 -0.81 -0.79 -0.29 -0.14 0.026 0.028 0.355 0.027 0.061 0.066 1 1 2 1 1 1
1976-12-12T04:30:00 1976 12 12 4 30 0 1.29 -0.08 562.0 3.5 2.06 0.62 0.04 0.02 1 1 2 2 2 1 2 2 2.3 2.97 -25.0 -0.25 -0.2 -0.33 -0.33 -0.2 -0.16 0.056 0.078 0.348 0.049 0.155 0.2 1 1 2 1 1 1
1976-12-12T05:30:00 1976 12 12 5 30 0 0.3 -0.1 554.0 3.6 2.13 0.09 0.25 0.09 2 2 2 2 2 2 2 2 2.3 2.92 -22.0 -0.1 -0.1 -0.1 -0.1 -0.1 -0.1 0.057 0.083 0.339 0.037 0.139 0.228 1 2 2 1 2 2
1976-12-12T06:30:00 1976 12 12 6 30 0 1.9 -0.9 561.0 3.3 2.04 0.38 1.49 0.51 2 2 2 2 2 2 2 2 2.7 2.91 -25.0 -0.9 -0.9 -0.9 -0.9 -0.9 -0.9 0.105 0.166 0.333 0.069 0.32 0.428 2 2 2 2 2 2
1976-12-12T07:30:00 1976 12 12 7 30 0 1.6 -0.9 565.0 3.3 2.04 0.8 2.53 0.84 2 2 2 2 2 2 2 2 2.7 2.91 -27.0 -0.9 -0.9 -0.9 -0.9 -0.9 -0.9 0.162 0.239 0.33 0.112 0.445 0.575 2 2 2 2 2 2
1976-12-12T08:30:00 1976 12 12 8 30 0 2.2 0.4 554.0 3.1 1.82 0.53 0.77 0.25 2 2 2 2 2 2 2 2 2.7 2.79 -26.0 0.4 0.4 0.4 0.4 0.4 0.4 0.13 0.155 0.321 0.074 0.208 0.333 2 2 2 2 2 2
1976-12-12T09:30:00 1976 12 12 9 30 0 2.3 2.2 548.0 3.4 2.18 0.28 0.0 0.0 2 2 2 2 2 2 2 2 2.7 2.67 -25.0 2.2 2.2 2.2 2.2 2.2 2.2 0.088 0.077 0.312 0.041 0.066 0.138 2 2 2 2 2 2
1976-12-12T10:30:00 1976 12 12 10 30 0 -0.3 -1.4 515.0 4.1 2.19 0.18 0.86 0.35 2 2 2 2 2 2 2 2 2.7 2.56 -24.0 -1.4 -1.4 -1.4 -1.4 -1.4 -1.4 0.113 0.141 0.306 0.071 0.242 0.32 2 2 2 2 2 2
1976-12-12T11:30:00 1976 12 12 11 30 0 1.1 -1.2 484.0 5.1 2.38 0.57 3.22 1.49 2 2 2 2 2 2 2 2 2.7 2.6 -24.0 -1.2 -1.2 -1.2 -1.2 -1.2 -1.2 0.204 0.298 0.307 0.153 0.484 0.69 2 2 2 2 2 2
1976-12-12T12:30:00 1976 12 12 12 30 0 0.4 -2.8 534.0 3.5 2.06 1.47 5.31 2.19 2 2 2 2 2 2 2 2 3.7 2.78 -19.0 -2.8 -2.8 -2.8 -2.8 -2.8 -2.8 0.341 0.459 0.319 0.323 0.777 0.959 2 2 2 2 2 2
1976-12-12T13:30:00 1976 12 12 13 30 0 1.9 -4.3 550.0 3.5 2.1 4.41 9.81 3.43 2 2 2 2 2 2 2 2 3.7 2.96 -26.0 -4.3 -4.3 -4.3 -4.3 -4.3 -4.3 0.548 0.649 0.356 0.646 1.159 1.251 2 2 2 2 2 2
1976-12-12T14:30:00 1976 12 12 14 30 0 2.4 -3.1 548.0 4.3 2.62 5.05 10.02 3.92 2 2 2 2 2 2 2 2 3.7 3.09 -35.0 -3.1 -3.1 -3.1 -3.1 -3.1 -3.1 0.686 0.745 0.391 0.806 1.27 1.507 2 2 2 2 2 2
1976-12-12T15:30:00 1976 12 12 15 30 0 3.8 -2.7 535.0 3.8 2.29 4.3 7.8 3.15 2 2 2 2 2 2 2 2 4.0 3.25 -40.0 -2.7 -2.7 -2.7 -2.7 -2.7 -2.7 0.722 0.734 0.413 0.781 1.157 1.453 2 2 2 2 2 2
1976-12-12T16:30:00 1976 12 12 16 30 0 2.8 -2.5 524.0 4.3 2.48 3.81 6.86 2.79 2 2 2 2 2 2 2 2 4.0 3.42 -40.0 -2.5 -2.5 -2.5 -2.5 -2.5 -2.5 0.724 0.711 0.428 0.724 1.064 1.393 2 2 2 2 2 2
1976-12-12T17:30:00 1976 12 12 17 30 0 3.5 -0.1 512.0 4.5 2.43 2.01 3.12 1.36 2 2 2 2 2 2 2 2 4.0 3.58 -35.0 -0.1 -0.1 -0.1 -0.1 -0.1 -0.1 0.584 0.511 0.424 0.488 0.618 0.985 2 2 2 2 2 2
1976-12-12T18:30:00 1976 12 12 18 30 0 4.1 0.8 507.0 4.3 2.28 1.3 0.01 0.0 2 2 2 2 2 2 2 2 2.3 3.51 -29.0 0.8 0.8 0.8 0.8 0.8 0.8 0.396 0.254 0.411 0.273 0.196 0.409 2 2 2 2 2 2
1976-12-12T19:30:00 1976 12 12 19 30 0 3.8 1.7 507.0 4.3 2.24 1.01 0.0 0.0 2 2 2 2 2 2 2 2 2.3 3.45 -24.0 1.7 1.7 1.7 1.7 1.7 1.7 0.268 0.126 0.399 0.153 0.062 0.169 2 2 2 2 2 2
1976-12-12T20:30:00 1976 12 12 20 30 0 3.9 0.5 515.0 4.9 2.67 1.05 0.0 0.0 2 2 2 2 2 2 2 2 2.3 3.27 -21.0 0.5 0.5 0.5 0.5 0.5 0.5 0.181 0.063 0.386 0.086 0.02 0.07 2 2 2 2 2 2
1976-12-12T21:30:00 1976 12 12 21 30 0 2.0 1.6 500.0 4.9 2.5 0.57 0.0 0.0 2 2 2 2 2 2 2 2 1.3 2.96 -25.0 1.6 1.6 1.6 1.6 1.6 1.6 0.123 0.031 0.375 0.048 0.006 0.029 2 2 2 2 2 2
1976-12-12T22:30:00 1976 12 12 22 30 0 2.3 0.6 496.0 5.3 2.61 0.26 0.0 0.0 2 2 2 2 2 2 2 2 1.3 2.65 -26.0 0.6 0.6 0.6 0.6 0.6 0.6 0.083 0.015 0.363 0.027 0.002 0.012 2 2 2 2 2 2
1976-12-12T23:30:00 1976 12 12 23 30 0 -0.3 -0.3 491.0 5.4 2.6 0.11 0.15 0.08 2 2 2 2 2 2 2 2 1.3 2.32 -25.0 -0.3 -0.3 -0.3 -0.3 -0.3 -0.3 0.07 0.047 0.352 0.021 0.075 0.146 2 2 2 2 2 2
