1976-02-23T00:30:00 1976 2 23 0 30 0 -1.02 -0.08 470.0 7.27 3.05 0.12 0.19 0.14 0 0 1 0 0 0 1 0 2.0 2.26 -5.0 -0.75 -0.57 -1.1 -1.08 -0.58 -0.42 0.284 0.319 0.349 0.235 0.384 0.813 0 0 0 0 0 0
1976-02-23T01:30:00 1976 2 23 1 30 0 -1.02 -0.08 470.0 6.8 3.05 0.12 0.19 0.13 0 0 1 1 0 0 1 1 2.0 2.25 -6.0 -0.75 -0.57 -1.1 -1.08 -0.58 -0.42 0.282 0.316 0.347 0.233 0.379 0.785 0 0 0 0 0 0
1976-02-23T02:30:00 1976 2 23 2 30 0 -1.02 -0.08 470.0 5.94 3.03 0.12 0.19 0.12 0 0 1 1 1 0 1 1 2.0 2.17 -8.0 -0.75 -0.57 -1.1 -1.08 -0.58 -0.42 0.277 0.306 0.344 0.227 0.365 0.713 0 0 0 0 0 0
1976-02-23T03:30:00 1976 2 23 3 30 0 -0.56 -0.08 470.0 5.07 2.59 0.07 0.19 0.1 1 0 1 1 1 1 1 1 2.0 2.08 -8.0 -0.75 -0.57 -1.1 -1.08 -0.58 -0.42 0.269 0.291 0.341 0.218 0.346 0.615 0 0 0 0 0 0
1976-02-23T04:30:00 1976 2 23 4 30 0 0.65 -0.08 470.0 4.21 2.14 0.02 0.19 0.09 1 0 1 1 1 1 1 1 2.0 2.0 -8.0 -0.75 -0.56 -1.1 -1.08 -0.58 -0.42 0.258 0.272 0.338 0.206 0.324 0.509 0 0 0 0 0 0
1976-02-23T05:30:00 1976 2 23 5 30 0 1.85 0.0 470.0 3.5 1.69 0.19 0.09 0.03 1 1 1 1 1 1 1 1 2.0 2.0 -6.0 -0.59 -0.43 -0.9 -0.88 -0.45 -0.3 0.237 0.239 0.334 0.181 0.279 0.39 0 0 0 0 1 0
1976-02-23T06:30:00 1976 2 23 6 30 0 2.5 0.39 470.0 3.5 1.55 0.42 0.0 0.0 1 1 1 1 1 1 1 1 1.7 1.96 -3.0 0.27 0.3 0.2 0.2 0.3 0.33 0.173 0.137 0.325 0.113 0.115 0.18 0 1 0 0 1 1
1976-02-23T07:30:00 1976 2 23 7 30 0 2.5 0.5 470.0 3.5 1.55 0.47 0.0 0.0 2 2 2 2 2 2 2 2 1.7 1.92 0.0 0.5 0.5 0.5 0.5 0.5 0.5 0.117 0.068 0.315 0.063 0.037 0.075 0 1 0 0 1 1
1976-02-23T08:30:00 1976 2 23 8 30 0 0.4 -0.3 466.0 4.0 1.74 0.19 0.16 0.06 2 2 2 2 2 2 2 2 1.7 1.88 -1.0 -0.3 -0.3 -0.3 -0.3 -0.3 -0.3 0.092 0.069 0.306 0.041 0.075 0.118 1 1 0 1 2 2
1976-02-23T09:30:00 1976 2 23 9 30 0 -0.1 -1.1 474.0 3.3 1.4 0.18 1.73 0.61 2 2 2 2 2 2 2 2 1.3 1.79 -3.0 -1.1 -1.1 -1.1 -1.1 -1.1 -1.1 0.137 0.182 0.301 0.078 0.28 0.317 1 2 0 2 2 2
1976-02-23T10:30:00 1976 2 23 10 30 0 0.7 -0.9 462.0 3.6 1.49 0.31 2.32 0.8 2 2 2 2 2 2 2 2 1.3 1.7 -4.0 -0.9 -0.9 -0.9 -0.9 -0.9 -0.9 0.178 0.253 0.297 0.109 0.359 0.413 2 2 0 2 2 2
1976-02-23T11:30:00 1976 2 23 11 30 0 0.7 -0.75 460.2 3.59 1.49 0.27 1.89 0.68 1 1 1 1 1 1 1 1 1.3 1.62 -4.0 -0.87 -0.84 -0.94 -0.93 -0.84 -0.81 0.199 0.278 0.293 0.122 0.363 0.434 1 1 0 1 1 1
1976-02-23T12:30:00 1976 2 23 12 30 0 0.86 -0.19 458.3 3.55 1.47 0.15 1.03 0.37 1 1 1 1 1 1 1 1 1.7 1.58 -4.0 -0.77 -0.61 -1.08 -1.06 -0.62 -0.48 0.207 0.268 0.29 0.137 0.326 0.392 1 1 0 1 1 1
1976-02-23T13:30:00 1976 2 23 13 30 0 1.2 -0.08 456.5 3.5 1.43 0.13 0.3 0.11 1 0 1 1 1 1 1 1 1.7 1.55 -5.0 -0.75 -0.56 -1.11 -1.08 -0.58 -0.42 0.208 0.248 0.287 0.15 0.292 0.341 1 1 0 1 0 1
1976-02-23T14:30:00 1976 2 23 14 30 0 1.54 0.08 454.7 3.45 1.4 0.19 0.04 0.01 1 1 1 1 1 1 1 1 1.7 1.55 -6.0 -0.5 -0.34 -0.81 -0.79 -0.36 -0.21 0.195 0.214 0.283 0.14 0.24 0.276 1 1 0 1 1 1
1976-02-23T15:30:00 1976 2 23 15 30 0 1.7 0.96 452.8 3.41 1.38 0.16 0.0 0.0 1 1 1 1 1 1 1 1 0.7 1.42 -5.0 0.83 0.87 0.77 0.77 0.87 0.9 0.136 0.11 0.275 0.082 0.081 0.114 1 1 0 1 1 1
1976-02-23T16:30:00 1976 2 23 16 30 0 1.7 1.2 451.0 3.4 1.38 0.12 0.0 0.0 2 2 2 2 2 2 2 2 0.7 1.29 -5.0 1.2 1.2 1.2 1.2 1.2 1.2 0.092 0.055 0.266 0.046 0.026 0.047 1 1 0 1 1 1
1976-02-23T17:30:00 1976 2 23 17 30 0 2.2 1.6 450.0 3.3 1.21 0.15 0.0 0.0 2 2 2 2 2 2 2 2 0.7 1.22 -6.0 1.6 1.6 1.6 1.6 1.6 1.6 0.062 0.027 0.258 0.026 0.008 0.02 1 1 0 1 1 1
1976-02-23T18:30:00 1976 2 23 18 30 0 2.3 1.6 443.0 3.7 1.35 0.19 0.0 0.0 2 2 2 2 2 2 2 2 0.0 1.05 -5.0 1.6 1.6 1.6 1.6 1.6 1.6 0.042 0.013 0.25 0.014 0.003 0.008 1 1 0 1 1 1
1976-02-23T19:30:00 1976 2 23 19 30 0 2.3 1.29 435.5 3.6 1.3 0.22 0.0 0.0 1 1 1 1 1 1 1 1 0.0 0.88 -4.0 1.17 1.2 1.1 1.1 1.2 1.23 0.029 0.007 0.243 0.008 0.001 0.003 1 1 0 1 1 1
1976-02-23T20:30:00 1976 2 23 20 30 0 1.69 0.14 428.0 3.5 1.25 0.22 0.0 0.0 1 1 2 2 2 1 2 2 0.0 0.67 -4.0 -0.45 -0.28 -0.75 -0.74 -0.3 -0.15 0.033 0.026 0.236 0.02 0.039 0.03 1 1 0 1 1 1
1976-02-23T21:30:00 1976 2 23 21 30 0 0.55 -0.08 428.0 4.3 1.46 0.11 0.04 0.02 1 0 2 2 2 1 1 1 0.0 0.46 -3.0 -0.75 -0.56 -1.11 -1.09 -0.58 -0.42 0.081 0.119 0.234 0.074 0.173 0.172 0 0 0 0 0 0
1976-02-23T22:30:00 1976 2 23 22 30 0 -0.59 -0.08 421.5 4.75 1.58 0.01 0.17 0.08 1 0 1 1 1 1 1 1 0.0 0.25 1.0 -0.75 -0.56 -1.11 -1.09 -0.58 -0.42 0.126 0.185 0.233 0.117 0.239 0.277 0 0 0 0 0 0
1976-02-23T23:30:00 1976 2 23 23 30 0 -1.02 -0.08 415.0 5.2 1.69 0.07 0.17 0.08 0 0 2 2 2 1 1 1 0.0 0.17 2.0 -0.75 -0.56 -1.11 -1.09 -0.58 -0.42 0.157 0.223 0.231 0.143 0.262 0.338 0 0 0 0 0 0
