1976-01-06T00:30:00 1976 1 6 0 30 0 -3.0 -0.3 438.0 5.3 1.94 1.01 0.19 0.1 2 2 2 2 2 2 2 2 1.7 2.04 -5.0 -0.3 -0.3 -0.3 -0.3 -0.3 -0.3 0.051 0.064 0.19 0.017 0.076 0.145 2 2 1 2 2 2
1976-01-06T01:30:00 1976 1 6 1 30 0 -4.7 -1.3 439.0 6.5 2.36 1.93 1.85 1.12 2 2 2 2 2 2 2 2 1.7 2.03 -2.0 -1.3 -1.3 -1.3 -1.3 -1.3 -1.3 0.134 0.241 0.19 0.088 0.345 0.571 2 2 1 2 2 2
1976-01-06T02:30:00 1976 1 6 2 30 0 -5.1 -1.6 441.0 6.5 2.53 3.31 3.22 2.09 2 2 2 2 2 2 2 2 1.7 1.96 -1.0 -1.6 -1.6 -1.6 -1.6 -1.6 -1.6 0.243 0.408 0.195 0.188 0.547 0.929 2 2 1 2 2 2
1976-01-06T03:30:00 1976 1 6 3 30 0 -5.1 -1.1 439.0 8.0 3.08 3.35 2.92 2.12 2 2 2 2 2 2 2 2 2.7 2.01 0.0 -1.1 -1.1 -1.1 -1.1 -1.1 -1.1 0.303 0.476 0.198 0.223 0.577 1.139 2 2 1 2 2 2
1976-01-06T04:30:00 1976 1 6 4 30 0 -4.8 -1.4 438.0 7.2 2.76 3.11 2.77 2.09 2 2 2 2 2 2 2 2 2.7 2.07 1.0 -1.4 -1.4 -1.4 -1.4 -1.4 -1.4 0.346 0.515 0.201 0.246 0.598 1.228 2 2 1 2 2 2
1976-01-06T05:30:00 1976 1 6 5 30 0 -4.85 -1.9 427.0 7.0 2.47 3.38 3.61 2.56 1 1 2 2 2 1 2 2 2.7 2.16 2.0 -1.9 -1.9 -1.9 -1.9 -1.9 -1.9 0.409 0.585 0.208 0.306 0.672 1.296 2 1 1 1 1 1
1976-01-06T06:30:00 1976 1 6 6 30 0 -4.9 -2.4 426.5 7.5 2.63 3.96 4.63 3.37 2 2 1 1 1 2 2 1 2.0 2.16 -2.0 -2.4 -2.4 -2.4 -2.4 -2.4 -2.4 0.496 0.687 0.219 0.406 0.789 1.466 1 1 1 1 1 1
1976-01-06T07:30:00 1976 1 6 7 30 0 -2.4 0.3 426.0 8.0 2.8 1.82 2.07 1.58 2 2 2 2 2 2 2 2 2.0 2.16 -5.0 0.3 0.3 0.3 0.3 0.3 0.3 0.414 0.493 0.217 0.288 0.443 1.006 1 1 1 1 1 1
1976-01-06T08:30:00 1976 1 6 8 30 0 -2.7 0.7 411.0 9.4 2.97 0.43 0.0 0.0 2 2 2 2 2 2 2 2 2.0 2.19 -3.0 0.7 0.7 0.7 0.7 0.7 0.7 0.28 0.245 0.211 0.162 0.14 0.417 1 1 1 1 1 1
1976-01-06T09:30:00 1976 1 6 9 30 0 -3.05 1.0 418.0 9.9 3.25 0.47 0.0 0.0 1 1 2 2 2 1 2 2 1.0 2.09 -1.0 1.0 1.0 1.0 1.0 1.0 1.0 0.19 0.122 0.204 0.09 0.044 0.173 1 1 1 1 1 1
1976-01-06T10:30:00 1976 1 6 10 30 0 -3.4 1.3 414.0 9.9 3.16 0.54 0.0 0.0 2 2 2 2 2 2 2 2 1.0 1.99 1.0 1.3 1.3 1.3 1.3 1.3 1.3 0.129 0.06 0.198 0.051 0.014 0.072 1 1 1 1 1 1
1976-01-06T11:30:00 1976 1 6 11 30 0 -2.3 1.6 411.0 10.6 3.36 0.34 0.0 0.0 2 2 2 2 2 2 2 2 1.0 1.78 5.0 1.6 1.6 1.6 1.6 1.6 1.6 0.087 0.03 0.192 0.028 0.004 0.03 1 1 1 1 1 1
1976-01-06T12:30:00 1976 1 6 12 30 0 -4.9 1.6 429.0 14.3 5.26 0.69 0.0 0.0 2 2 2 2 2 2 2 2 2.0 1.7 8.0 1.6 1.6 1.6 1.6 1.6 1.6 0.059 0.015 0.186 0.016 0.001 0.012 1 1 1 1 1 1
1976-01-06T13:30:00 1976 1 6 13 30 0 -5.1 3.4 423.0 14.7 5.01 1.06 0.0 0.0 2 2 2 2 2 2 2 2 2.0 1.62 9.0 3.4 3.4 3.4 3.4 3.4 3.4 0.04 0.007 0.181 0.009 0.0 0.005 1 1 1 1 1 1
1976-01-06T14:30:00 1976 1 6 14 30 0 -2.3 0.5 430.0 16.9 5.82 0.57 0.0 0.0 2 2 2 2 2 2 2 2 2.0 1.63 17.0 0.5 0.5 0.5 0.5 0.5 0.5 0.027 0.004 0.175 0.005 0.0 0.002 1 1 1 1 1 1
1976-01-06T15:30:00 1976 1 6 15 30 0 -2.3 0.37 450.0 18.5 6.96 0.37 0.0 0.0 1 1 2 2 2 1 2 2 3.0 1.76 20.0 0.21 0.27 0.05 0.06 0.27 0.32 0.018 0.002 0.17 0.003 0.0 0.001 1 1 1 1 1 1
1976-01-06T16:30:00 1976 1 6 16 30 0 -1.51 -0.1 485.0 10.8 4.79 0.32 0.04 0.04 1 1 2 2 2 1 2 2 3.0 1.9 3.0 -0.87 -0.56 -1.62 -1.57 -0.59 -0.36 0.09 0.122 0.175 0.13 0.218 0.496 1 1 1 1 1 1
1976-01-06T17:30:00 1976 1 6 17 30 0 -0.69 -0.34 497.3 9.37 4.35 0.17 0.57 0.56 1 1 1 1 1 1 1 1 3.0 2.15 -9.0 -1.12 -0.81 -1.88 -1.82 -0.84 -0.6 0.202 0.28 0.19 0.302 0.457 1.087 1 1 1 1 1 1
1976-01-06T18:30:00 1976 1 6 18 30 0 0.1 -1.17 509.7 7.93 3.92 0.23 1.99 1.69 1 1 1 1 1 1 1 1 3.7 2.49 -7.0 -1.34 -1.27 -1.5 -1.49 -1.28 -1.23 0.299 0.412 0.203 0.369 0.646 1.54 1 1 1 1 1 1
1976-01-06T19:30:00 1976 1 6 19 30 0 0.1 -1.4 522.0 6.5 3.48 0.53 3.34 2.38 2 2 2 2 2 2 2 2 3.7 2.82 -3.0 -1.4 -1.4 -1.4 -1.4 -1.4 -1.4 0.368 0.491 0.212 0.371 0.746 1.686 1 2 1 1 2 2
1976-01-06T20:30:00 1976 1 6 20 30 0 -4.0 -1.1 537.0 6.3 3.64 1.38 3.28 2.1 2 2 2 2 2 2 2 2 3.7 3.03 -11.0 -1.1 -1.1 -1.1 -1.1 -1.1 -1.1 0.394 0.497 0.218 0.338 0.733 1.636 2 2 1 2 2 2
1976-01-06T21:30:00 1976 1 6 21 30 0 -5.8 -1.0 522.0 5.8 3.15 3.56 2.77 1.67 2 2 2 2 2 2 2 2 4.3 3.32 -16.0 -1.0 -1.0 -1.0 -1.0 -1.0 -1.0 0.39 0.47 0.221 0.293 0.662 1.456 2 2 1 2 2 2
1976-01-06T22:30:00 1976 1 6 22 30 0 -4.8 -2.5 515.0 5.8 3.03 4.78 4.69 2.72 2 2 2 2 2 2 2 2 4.3 3.6 -15.0 -2.5 -2.5 -2.5 -2.5 -2.5 -2.5 0.474 0.575 0.236 0.4 0.876 1.629 2 2 1 2 2 2
1976-01-06T23:30:00 1976 1 6 23 30 0 -4.8 -2.07 558.0 5.2 3.24 5.04 6.09 3.34 1 1 2 2 2 1 2 2 4.3 3.77 -16.0 -2.24 -2.17 -2.4 -2.39 -2.18 -2.13 0.567 0.649 0.259 0.534 1.031 1.791 1 1 1 1 1 1
