1976-03-27T00:30:00 1976 3 27 0 30 0 -1.05 -0.16 577.0 5.2 3.41 0.17 0.46 0.24 0 0 2 2 2 1 1 1 6.0 6.49 -125.0 -0.88 -0.63 -1.4 -1.36 -0.66 -0.45 0.338 0.302 0.899 0.35 0.501 0.876 0 0 1 0 0 0
1976-03-27T01:30:00 1976 3 27 1 30 0 -1.05 -0.16 568.0 5.7 3.64 0.17 0.46 0.25 0 0 2 2 2 1 1 1 6.0 6.25 -109.0 -0.88 -0.63 -1.4 -1.36 -0.66 -0.45 0.34 0.307 0.889 0.354 0.509 0.917 0 0 1 0 0 0
1976-03-27T02:30:00 1976 3 27 2 30 0 -1.05 -0.16 552.0 5.6 3.5 0.17 0.45 0.25 0 0 2 2 2 1 1 1 6.0 6.13 -97.0 -0.88 -0.63 -1.4 -1.36 -0.66 -0.45 0.339 0.31 0.878 0.353 0.499 0.913 0 0 1 0 0 0
1976-03-27T03:30:00 1976 3 27 3 30 0 -1.05 -0.16 570.0 5.5 3.62 0.17 0.45 0.25 0 0 2 2 2 1 1 1 4.3 5.79 -92.0 -0.88 -0.63 -1.4 -1.37 -0.66 -0.45 0.339 0.31 0.867 0.354 0.502 0.916 0 0 1 0 0 0
1976-03-27T04:30:00 1976 3 27 4 30 0 -1.05 -0.16 579.0 4.9 3.26 0.17 0.46 0.24 0 0 2 2 2 1 1 1 4.3 5.45 -91.0 -0.88 -0.63 -1.4 -1.37 -0.66 -0.45 0.338 0.305 0.858 0.354 0.502 0.887 0 0 1 0 0 0
1976-03-27T05:30:00 1976 3 27 5 30 0 -1.05 -0.16 578.2 4.96 3.27 0.17 0.46 0.23 0 0 1 1 1 0 1 1 4.3 5.27 -89.0 -0.88 -0.63 -1.4 -1.37 -0.66 -0.45 0.336 0.301 0.848 0.353 0.5 0.861 0 0 1 0 0 0
1976-03-27T06:30:00 1976 3 27 6 30 0 -1.05 -0.16 577.4 5.02 3.35 0.17 0.46 0.23 0 0 1 1 1 0 1 1 3.7 5.01 -88.0 -0.88 -0.63 -1.4 -1.37 -0.66 -0.45 0.334 0.299 0.839 0.352 0.5 0.856 0 0 1 0 0 0
1976-03-27T07:30:00 1976 3 27 7 30 0 -1.05 -0.16 576.6 5.08 3.44 0.17 0.46 0.23 0 0 1 1 1 0 1 1 3.7 4.76 -83.0 -0.88 -0.63 -1.4 -1.37 -0.66 -0.45 0.334 0.299 0.83 0.353 0.501 0.86 0 0 1 0 0 0
1976-03-27T08:30:00 1976 3 27 8 30 0 -1.05 -0.16 575.8 5.14 3.52 0.17 0.46 0.24 0 0 1 1 1 0 1 1 3.7 4.47 -77.0 -0.88 -0.63 -1.4 -1.37 -0.66 -0.45 0.334 0.3 0.822 0.354 0.503 0.868 0 0 1 0 0 0
1976-03-27T09:30:00 1976 3 27 9 30 0 -1.05 -0.16 575.0 5.2 3.53 0.17 0.46 0.24 0 0 2 2 2 1 1 1 2.3 4.01 -71.0 -0.88 -0.63 -1.4 -1.37 -0.66 -0.45 0.335 0.301 0.813 0.355 0.504 0.877 0 0 1 0 0 0
1976-03-27T10:30:00 1976 3 27 10 30 0 -1.05 -0.16 569.0 4.9 3.23 0.17 0.46 0.23 0 0 2 2 2 1 1 1 2.3 3.55 -65.0 -0.88 -0.63 -1.4 -1.37 -0.66 -0.45 0.333 0.299 0.805 0.351 0.495 0.848 0 0 1 0 0 0
1976-03-27T11:30:00 1976 3 27 11 30 0 -1.05 -0.16 562.0 4.3 2.8 0.17 0.45 0.21 0 0 2 2 2 1 1 1 2.3 3.3 -62.0 -0.88 -0.63 -1.4 -1.37 -0.66 -0.45 0.327 0.291 0.795 0.341 0.471 0.761 0 0 1 0 0 0
1976-03-27T12:30:00 1976 3 27 12 30 0 -1.05 -0.16 571.0 4.2 2.72 0.17 0.45 0.19 0 0 2 2 2 1 1 1 4.0 3.27 -64.0 -0.88 -0.63 -1.4 -1.37 -0.66 -0.45 0.32 0.283 0.786 0.332 0.46 0.702 0 0 1 0 0 0
1976-03-27T13:30:00 1976 3 27 13 30 0 -1.05 -0.16 589.0 4.4 2.99 0.17 0.46 0.2 0 0 2 2 2 1 1 1 4.0 3.25 -59.0 -0.88 -0.63 -1.41 -1.37 -0.66 -0.45 0.319 0.281 0.778 0.334 0.474 0.717 0 0 1 0 0 0
1976-03-27T14:30:00 1976 3 27 14 30 0 -1.05 -0.16 603.0 4.7 3.38 0.18 0.48 0.22 0 0 2 2 2 1 1 1 4.0 3.3 -54.0 -0.88 -0.63 -1.41 -1.37 -0.66 -0.45 0.323 0.285 0.772 0.343 0.501 0.787 0 0 1 0 0 0
1976-03-27T15:30:00 1976 3 27 15 30 0 -1.05 -0.17 605.0 4.6 3.31 0.18 0.5 0.23 0 0 2 2 2 1 1 1 4.3 3.38 -50.0 -0.88 -0.63 -1.41 -1.37 -0.66 -0.45 0.327 0.288 0.767 0.351 0.515 0.83 0 0 1 0 0 0
1976-03-27T16:30:00 1976 3 27 16 30 0 -1.05 -0.17 581.0 5.2 3.48 0.18 0.5 0.25 0 0 2 2 2 1 1 1 4.3 3.46 -52.0 -0.88 -0.63 -1.41 -1.37 -0.66 -0.45 0.33 0.293 0.761 0.355 0.515 0.867 0 0 1 0 0 0
1976-03-27T17:30:00 1976 3 27 17 30 0 -1.05 -0.17 582.7 4.77 3.18 0.18 0.49 0.25 0 0 1 1 1 0 1 1 4.3 3.71 -61.0 -0.88 -0.63 -1.41 -1.37 -0.66 -0.45 0.331 0.295 0.755 0.354 0.506 0.855 0 0 1 0 0 0
1976-03-27T18:30:00 1976 3 27 18 30 0 -1.05 -0.17 584.3 4.33 2.87 0.18 0.5 0.22 0 0 1 1 1 0 1 1 5.0 4.04 -67.0 -0.89 -0.63 -1.41 -1.38 -0.66 -0.45 0.328 0.289 0.748 0.349 0.492 0.797 0 0 1 0 0 0
1976-03-27T19:30:00 1976 3 27 19 30 0 -1.05 -0.17 586.0 3.9 2.57 0.18 0.5 0.2 0 0 2 2 2 1 1 1 5.0 4.37 -72.0 -0.89 -0.64 -1.41 -1.38 -0.66 -0.45 0.323 0.281 0.742 0.341 0.475 0.721 0 0 1 0 0 0
1976-03-27T20:30:00 1976 3 27 20 30 0 -1.05 -0.17 578.6 3.94 2.55 0.18 0.49 0.19 0 0 1 1 1 0 1 1 5.0 4.5 -70.0 -0.89 -0.64 -1.41 -1.38 -0.66 -0.45 0.318 0.275 0.735 0.333 0.463 0.669 0 0 1 0 0 0
1976-03-27T21:30:00 1976 3 27 21 30 0 -1.05 -0.17 571.2 3.98 2.46 0.17 0.49 0.19 0 0 1 1 1 0 1 1 4.3 4.53 -69.0 -0.89 -0.64 -1.41 -1.38 -0.66 -0.45 0.314 0.273 0.727 0.327 0.454 0.641 0 0 1 0 0 0
1976-03-27T22:30:00 1976 3 27 22 30 0 -1.05 -0.17 563.8 4.02 2.36 0.17 0.48 0.19 0 0 1 1 1 0 1 1 4.3 4.56 -72.0 -0.89 -0.64 -1.41 -1.38 -0.66 -0.45 0.31 0.272 0.72 0.322 0.446 0.623 0 0 1 0 0 0
1976-03-27T23:30:00 1976 3 27 23 30 0 -1.05 -0.17 556.4 4.06 2.27 0.17 0.48 0.19 0 0 1 1 1 0 1 1 4.3 4.56 -75.0 -0.89 -0.64 -1.41 -1.38 -0.66 -0.45 0.307 0.272 0.712 0.318 0.438 0.609 0 0 1 0 0 0
