1976-12-04T00:30:00 1976 12 4 0 30 0 1.15 -0.07 337.0 17.2 3.63 0.11 0.12 0.2 0 0 2 2 2 1 1 1 1.0 1.07 8.0 -0.98 -0.71 -1.48 -1.45 -0.74 -0.51 0.397 0.523 0.226 0.335 0.385 1.281 0 0 0 0 0 0
1976-12-04T01:30:00 1976 12 4 1 30 0 1.15 -0.07 324.0 16.2 3.17 0.1 0.12 0.19 0 0 2 2 2 1 1 1 1.0 1.11 7.0 -0.97 -0.71 -1.48 -1.45 -0.74 -0.51 0.388 0.514 0.226 0.324 0.366 1.171 0 0 0 0 0 0
1976-12-04T02:30:00 1976 12 4 2 30 0 1.15 -0.07 324.0 16.0 3.09 0.1 0.11 0.18 0 0 2 2 2 1 1 1 1.0 1.07 6.0 -0.97 -0.71 -1.48 -1.45 -0.74 -0.51 0.378 0.506 0.227 0.313 0.352 1.085 0 0 0 0 0 0
1976-12-04T03:30:00 1976 12 4 3 30 0 1.15 -0.07 326.0 18.6 3.58 0.1 0.11 0.2 0 0 2 2 2 1 1 1 1.7 1.13 3.0 -0.97 -0.71 -1.48 -1.45 -0.74 -0.51 0.377 0.514 0.228 0.314 0.361 1.142 0 0 0 0 0 0
1976-12-04T04:30:00 1976 12 4 4 30 0 1.15 -0.07 320.0 20.3 3.71 0.1 0.11 0.22 0 0 2 2 2 1 1 1 1.7 1.18 5.0 -0.97 -0.71 -1.48 -1.45 -0.74 -0.51 0.38 0.53 0.229 0.319 0.369 1.245 0 0 0 0 0 0
1976-12-04T05:30:00 1976 12 4 5 30 0 1.15 -0.07 318.0 20.3 3.69 0.1 0.11 0.23 0 0 2 2 2 1 1 1 1.7 1.27 6.0 -0.97 -0.71 -1.48 -1.45 -0.74 -0.51 0.383 0.541 0.23 0.321 0.371 1.296 0 0 0 0 0 0
1976-12-04T06:30:00 1976 12 4 6 30 0 1.14 -0.07 322.0 33.2 6.25 0.1 0.11 0.31 0 0 2 2 2 1 1 1 3.7 1.62 13.0 -0.97 -0.71 -1.48 -1.45 -0.74 -0.51 0.403 0.597 0.232 0.347 0.416 1.81 0 0 0 0 0 0
1976-12-04T07:30:00 1976 12 4 7 30 0 1.14 -0.07 333.0 35.5 6.97 0.1 0.11 0.4 0 0 2 2 2 1 1 1 3.7 1.97 17.0 -0.97 -0.71 -1.48 -1.44 -0.74 -0.51 0.432 0.655 0.235 0.38 0.466 2.446 0 0 0 0 0 0
1976-12-04T08:30:00 1976 12 4 8 30 0 1.14 -0.07 430.0 22.4 7.25 0.12 0.13 0.38 0 0 2 2 2 1 1 1 3.7 2.31 12.0 -0.97 -0.71 -1.47 -1.44 -0.73 -0.51 0.458 0.652 0.242 0.421 0.551 2.875 0 0 0 0 0 0
1976-12-04T09:30:00 1976 12 4 9 30 0 1.14 -0.07 443.0 21.78 7.25 0.13 0.15 0.34 0 0 1 1 1 0 1 1 3.3 2.59 4.0 -0.97 -0.71 -1.47 -1.44 -0.73 -0.51 0.477 0.629 0.251 0.454 0.608 3.054 0 0 0 0 0 0
1976-12-04T10:30:00 1976 12 4 10 30 0 1.14 -0.07 456.0 18.37 6.52 0.14 0.16 0.31 0 0 1 1 1 0 1 1 3.3 2.87 10.0 -0.97 -0.71 -1.47 -1.44 -0.73 -0.5 0.486 0.603 0.261 0.469 0.624 2.957 0 0 0 0 0 0
1976-12-04T11:30:00 1976 12 4 11 30 0 1.14 -0.07 469.0 14.95 5.45 0.14 0.16 0.27 0 0 1 1 1 0 1 1 3.3 3.07 5.0 -0.97 -0.71 -1.47 -1.44 -0.73 -0.5 0.484 0.566 0.27 0.468 0.614 2.631 0 0 0 0 0 0
1976-12-04T12:30:00 1976 12 4 12 30 0 1.14 -0.07 482.0 11.53 4.38 0.15 0.17 0.22 0 0 1 1 1 0 1 1 4.0 3.35 -4.0 -0.97 -0.71 -1.47 -1.44 -0.73 -0.5 0.472 0.522 0.278 0.455 0.589 2.191 0 0 0 0 0 0
1976-12-04T13:30:00 1976 12 4 13 30 0 1.13 -0.06 495.0 8.12 3.65 0.15 0.16 0.15 0 0 1 1 1 0 1 1 4.0 3.63 -6.0 -0.97 -0.71 -1.47 -1.44 -0.73 -0.5 0.45 0.468 0.285 0.429 0.547 1.689 0 0 0 0 0 0
1976-12-04T14:30:00 1976 12 4 14 30 0 1.13 -0.06 508.0 7.5 3.65 0.15 0.15 0.12 0 0 2 2 2 1 1 1 4.0 3.67 -11.0 -0.97 -0.71 -1.47 -1.44 -0.73 -0.5 0.428 0.426 0.292 0.407 0.525 1.363 0 0 0 0 0 0
1976-12-04T15:30:00 1976 12 4 15 30 0 1.13 -0.06 509.0 6.6 3.32 0.15 0.15 0.11 0 0 2 2 2 1 1 1 4.0 3.71 -22.0 -0.97 -0.7 -1.47 -1.44 -0.73 -0.5 0.41 0.394 0.298 0.389 0.507 1.152 0 0 0 0 0 0
1976-12-04T16:30:00 1976 12 4 16 30 0 1.13 -0.06 508.3 6.13 3.08 0.15 0.15 0.1 0 0 1 1 1 0 1 1 4.0 3.75 -30.0 -0.97 -0.7 -1.47 -1.44 -0.73 -0.5 0.393 0.37 0.303 0.373 0.488 0.998 0 0 0 0 0 0
1976-12-04T17:30:00 1976 12 4 17 30 0 1.13 -0.06 507.7 5.67 2.83 0.15 0.15 0.09 0 0 1 1 1 0 1 1 4.0 3.83 -29.0 -0.97 -0.7 -1.47 -1.44 -0.73 -0.5 0.378 0.353 0.308 0.359 0.472 0.884 0 0 0 0 0 0
1976-12-04T18:30:00 1976 12 4 18 30 0 1.13 -0.06 507.0 5.2 2.59 0.15 0.15 0.08 0 0 2 2 2 1 1 1 2.0 3.65 -23.0 -0.97 -0.7 -1.47 -1.44 -0.73 -0.5 0.364 0.337 0.312 0.346 0.455 0.788 0 0 0 0 0 0
1976-12-04T19:30:00 1976 12 4 19 30 0 1.13 -0.06 510.0 5.4 2.63 0.15 0.15 0.08 0 0 2 2 2 1 1 1 2.0 3.48 -20.0 -0.97 -0.7 -1.47 -1.44 -0.73 -0.5 0.355 0.33 0.316 0.339 0.452 0.751 0 0 0 0 0 0
1976-12-04T20:30:00 1976 12 4 20 30 0 1.12 -0.06 512.0 4.1 2.06 0.15 0.15 0.07 0 0 2 2 2 1 1 1 2.0 3.22 -17.0 -0.97 -0.7 -1.47 -1.44 -0.73 -0.5 0.342 0.314 0.32 0.326 0.431 0.655 0 0 0 0 0 0
1976-12-04T21:30:00 1976 12 4 21 30 0 1.12 -0.06 504.0 4.1 2.08 0.15 0.15 0.06 0 0 2 2 2 1 1 1 2.0 2.97 -18.0 -0.96 -0.7 -1.47 -1.44 -0.73 -0.5 0.328 0.299 0.322 0.311 0.41 0.57 0 0 0 0 0 0
1976-12-04T22:30:00 1976 12 4 22 30 0 1.12 -0.06 506.0 4.1 2.08 0.15 0.15 0.06 0 0 2 2 2 1 1 1 2.0 2.72 -21.0 -0.96 -0.7 -1.47 -1.43 -0.73 -0.5 0.319 0.292 0.324 0.302 0.403 0.533 0 0 0 0 0 0
1976-12-04T23:30:00 1976 12 4 23 30 0 1.12 -0.06 495.0 5.2 2.5 0.15 0.15 0.07 0 0 2 2 2 1 1 1 2.0 2.48 -21.0 -0.96 -0.7 -1.46 -1.43 -0.73 -0.5 0.317 0.299 0.327 0.304 0.414 0.578 0 0 0 0 0 0
