1976-08-24T00:30:00 1976 8 24 0 30 0 4.1 -0.1 598.0 6.6 4.49 2.07 0.31 0.23 2 2 2 2 2 2 2 2 4.0 4.66 -21.0 -0.1 -0.1 -0.1 -0.1 -0.1 -0.1 0.228 0.198 0.338 0.124 0.251 0.968 1 1 1 1 1 1
1976-08-24T01:30:00 1976 8 24 1 30 0 3.0 -1.6 616.0 6.6 4.72 2.29 2.78 1.84 2 2 2 2 2 2 2 2 4.0 4.53 -26.0 -1.6 -1.6 -1.6 -1.6 -1.6 -1.6 0.303 0.347 0.342 0.216 0.694 1.715 1 2 1 2 2 2
1976-08-24T02:30:00 1976 8 24 2 30 0 2.0 2.8 601.0 5.8 3.93 0.72 0.7 0.45 2 2 2 2 2 2 2 2 4.0 4.56 -33.0 2.8 2.8 2.8 2.8 2.8 2.8 0.221 0.2 0.333 0.131 0.273 0.857 1 2 1 2 2 2
1976-08-24T03:30:00 1976 8 24 3 30 0 2.3 -1.8 611.0 5.6 3.84 0.75 1.31 0.74 2 2 2 2 2 2 2 2 3.7 4.55 -32.0 -1.8 -1.8 -1.8 -1.8 -1.8 -1.8 0.236 0.246 0.332 0.167 0.479 1.038 2 2 1 2 2 2
1976-08-24T04:30:00 1976 8 24 4 30 0 2.3 -1.5 587.0 4.8 3.09 1.96 4.9 2.54 1 1 2 2 2 1 2 2 3.7 4.54 -35.0 -1.59 -1.56 -1.65 -1.65 -1.56 -1.54 0.352 0.41 0.345 0.307 0.821 1.5 1 1 1 1 1 1
1976-08-24T05:30:00 1976 8 24 5 30 0 2.1 -0.38 574.0 4.5 2.82 1.13 2.6 1.21 1 1 2 2 2 1 2 2 3.7 4.29 -29.0 -0.82 -0.67 -1.1 -1.08 -0.69 -0.56 0.363 0.393 0.349 0.308 0.68 1.25 1 1 1 1 1 1
1976-08-24T06:30:00 1976 8 24 6 30 0 1.73 -0.17 589.0 4.1 2.86 0.55 0.77 0.33 1 0 2 2 2 1 1 1 3.3 4.0 -27.0 -0.67 -0.5 -0.99 -0.97 -0.52 -0.37 0.331 0.323 0.349 0.271 0.508 0.92 1 1 1 1 0 1
1976-08-24T07:30:00 1976 8 24 7 30 0 1.35 -0.17 596.0 4.4 2.98 0.35 0.5 0.21 1 0 2 2 2 1 1 1 3.3 3.7 -25.0 -0.67 -0.5 -0.99 -0.97 -0.52 -0.37 0.306 0.281 0.349 0.248 0.446 0.778 1 0 1 0 0 0
1976-08-24T08:30:00 1976 8 24 8 30 0 1.21 -0.17 600.0 4.7 3.23 0.26 0.51 0.23 0 0 2 2 2 1 1 1 3.3 3.62 -19.0 -0.67 -0.5 -0.99 -0.98 -0.52 -0.37 0.291 0.264 0.35 0.24 0.439 0.764 0 0 1 0 0 0
1976-08-24T09:30:00 1976 8 24 9 30 0 1.22 -0.17 584.0 4.9 3.19 0.23 0.5 0.24 0 0 2 2 2 1 1 1 5.7 3.84 -16.0 -0.67 -0.5 -0.99 -0.98 -0.52 -0.37 0.282 0.258 0.35 0.236 0.434 0.768 0 0 1 0 0 0
1976-08-24T10:30:00 1976 8 24 10 30 0 1.22 -0.17 593.0 4.7 3.12 0.23 0.5 0.24 0 0 2 2 2 1 1 1 5.7 4.07 -23.0 -0.67 -0.5 -1.0 -0.98 -0.52 -0.37 0.276 0.254 0.35 0.234 0.432 0.763 0 0 1 0 0 0
1976-08-24T11:30:00 1976 8 24 11 30 0 1.22 -0.17 626.0 5.0 3.85 0.24 0.52 0.25 0 0 2 2 2 1 1 1 5.7 4.33 -23.0 -0.67 -0.5 -1.0 -0.98 -0.52 -0.37 0.275 0.255 0.352 0.239 0.456 0.829 0 0 1 0 0 0
1976-08-24T12:30:00 1976 8 24 12 30 0 1.22 -0.17 630.5 4.6 3.6 0.25 0.53 0.26 0 0 1 1 1 0 1 1 3.7 4.32 -21.0 -0.67 -0.5 -1.0 -0.98 -0.52 -0.37 0.275 0.254 0.354 0.243 0.469 0.857 0 0 1 0 0 0
1976-08-24T13:30:00 1976 8 24 13 30 0 1.22 -0.17 635.0 4.2 3.35 0.25 0.54 0.24 0 0 2 2 2 1 1 1 3.7 4.31 -19.0 -0.67 -0.5 -1.0 -0.98 -0.52 -0.37 0.272 0.248 0.356 0.242 0.465 0.821 0 0 1 0 0 0
1976-08-24T14:30:00 1976 8 24 14 30 0 1.22 -0.17 629.0 3.9 3.0 0.25 0.54 0.22 0 0 2 2 2 1 1 1 3.7 4.35 -18.0 -0.67 -0.5 -1.0 -0.98 -0.52 -0.37 0.268 0.241 0.357 0.238 0.452 0.756 0 0 1 0 0 0
1976-08-24T15:30:00 1976 8 24 15 30 0 1.22 -0.17 633.0 3.35 2.61 0.25 0.54 0.19 0 0 2 1 1 1 1 1 3.7 4.39 -23.0 -0.67 -0.5 -1.0 -0.98 -0.52 -0.37 0.261 0.231 0.358 0.23 0.432 0.668 0 0 1 0 0 0
1976-08-24T16:30:00 1976 8 24 16 30 0 1.22 -0.17 636.0 2.8 2.22 0.25 0.54 0.16 0 0 2 2 2 1 1 1 3.7 4.42 -24.0 -0.67 -0.5 -1.0 -0.98 -0.52 -0.37 0.251 0.218 0.358 0.22 0.409 0.565 0 0 1 0 0 0
1976-08-24T17:30:00 1976 8 24 17 30 0 1.23 -0.17 625.0 3.0 2.34 0.25 0.54 0.16 0 0 2 2 2 1 1 1 3.7 4.18 -24.0 -0.68 -0.51 -1.0 -0.98 -0.52 -0.37 0.244 0.211 0.357 0.213 0.396 0.512 0 0 1 0 0 0
1976-08-24T18:30:00 1976 8 24 18 30 0 1.23 -0.17 666.0 3.5 2.89 0.26 0.55 0.18 0 0 2 2 2 1 1 1 3.0 3.85 -23.0 -0.68 -0.51 -1.0 -0.98 -0.52 -0.37 0.246 0.215 0.358 0.218 0.426 0.573 0 0 1 0 0 0
1976-08-24T19:30:00 1976 8 24 19 30 0 1.23 -0.17 662.0 3.4 2.85 0.27 0.56 0.19 0 0 2 2 2 1 1 1 3.0 3.52 -15.0 -0.68 -0.51 -1.0 -0.98 -0.52 -0.37 0.249 0.219 0.36 0.224 0.445 0.623 0 0 1 0 0 0
1976-08-24T20:30:00 1976 8 24 20 30 0 1.23 -0.17 664.0 3.4 2.84 0.27 0.56 0.19 0 0 2 2 2 1 1 1 3.0 3.43 -18.0 -0.68 -0.51 -1.0 -0.98 -0.52 -0.37 0.251 0.221 0.362 0.227 0.45 0.64 0 0 1 0 0 0
1976-08-24T21:30:00 1976 8 24 21 30 0 1.23 -0.17 667.0 3.0 2.67 0.27 0.57 0.18 0 0 2 2 2 1 1 1 2.0 3.21 -18.0 -0.68 -0.51 -1.0 -0.98 -0.52 -0.37 0.25 0.217 0.363 0.226 0.443 0.61 0 0 1 0 0 0
1976-08-24T22:30:00 1976 8 24 22 30 0 1.23 -0.17 600.0 3.1 2.09 0.25 0.54 0.16 0 0 2 2 2 1 1 1 2.0 2.99 -17.0 -0.68 -0.51 -1.0 -0.98 -0.52 -0.37 0.245 0.213 0.363 0.216 0.406 0.538 0 0 1 0 0 0
1976-08-24T23:30:00 1976 8 24 23 30 0 1.23 -0.17 591.0 3.6 2.35 0.24 0.51 0.17 0 0 2 2 2 1 1 1 2.0 2.78 -12.0 -0.68 -0.51 -1.0 -0.98 -0.52 -0.37 0.241 0.216 0.362 0.21 0.389 0.52 0 0 1 0 0 0
