1976-06-30T00:30:00 1976 6 30 0 30 0 -2.2 -0.7 378.0 7.5 2.07 0.37 0.33 0.25 2 2 2 2 2 2 2 2 2.0 1.5 -1.0 -0.7 -0.7 -0.7 -0.7 -0.7 -0.7 0.032 0.084 0.085 0.018 0.109 0.194 2 2 2 2 2 2
1976-06-30T01:30:00 1976 6 30 1 30 0 -2.3 1.1 386.0 6.6 1.94 0.36 0.21 0.15 2 2 2 2 2 2 2 2 2.0 1.51 -3.0 1.1 1.1 1.1 1.1 1.1 1.1 0.028 0.059 0.083 0.012 0.051 0.118 2 2 2 2 2 2
1976-06-30T02:30:00 1976 6 30 2 30 0 -3.4 0.7 402.0 8.7 2.56 0.46 0.0 0.0 2 2 2 2 2 2 2 2 2.0 1.52 3.0 0.7 0.7 0.7 0.7 0.7 0.7 0.019 0.029 0.08 0.007 0.016 0.049 2 2 2 2 2 2
1976-06-30T03:30:00 1976 6 30 3 30 0 -4.3 1.1 410.0 14.7 4.36 0.88 0.0 0.0 2 2 2 2 2 2 2 2 2.7 1.61 14.0 1.1 1.1 1.1 1.1 1.1 1.1 0.013 0.014 0.078 0.004 0.005 0.02 2 2 2 2 2 2
1976-06-30T04:30:00 1976 6 30 4 30 0 -4.7 -2.8 411.0 14.3 4.61 2.53 2.31 3.32 2 2 2 2 2 2 2 2 2.7 1.71 15.0 -2.8 -2.8 -2.8 -2.8 -2.8 -2.8 0.195 0.394 0.088 0.204 0.548 1.523 2 2 2 2 2 2
1976-06-30T05:30:00 1976 6 30 5 30 0 -6.0 0.5 411.0 14.1 4.53 3.2 2.2 3.14 2 2 2 2 2 2 2 2 2.7 1.96 9.0 0.5 0.5 0.5 0.5 0.5 0.5 0.235 0.404 0.092 0.199 0.417 1.451 2 2 2 2 2 2
1976-06-30T06:30:00 1976 6 30 6 30 0 -4.4 1.4 411.0 16.9 5.28 1.64 0.0 0.0 2 2 2 2 2 2 2 2 4.3 2.41 9.0 1.4 1.4 1.4 1.4 1.4 1.4 0.159 0.201 0.089 0.112 0.132 0.602 2 2 2 2 2 2
1976-06-30T07:30:00 1976 6 30 7 30 0 -6.7 -3.1 419.0 20.5 6.59 3.72 2.5 4.95 2 2 2 2 2 2 2 2 4.3 2.86 15.0 -3.1 -3.1 -3.1 -3.1 -3.1 -3.1 0.338 0.575 0.104 0.328 0.722 2.752 2 2 2 2 2 2
1976-06-30T08:30:00 1976 6 30 8 30 0 13.3 -4.5 451.0 14.5 5.18 9.03 8.44 14.37 2 2 2 2 2 2 2 2 4.3 3.15 5.0 -4.5 -4.5 -4.5 -4.5 -4.5 -4.5 0.742 1.14 0.157 0.917 1.496 4.974 2 2 2 2 2 2
1976-06-30T09:30:00 1976 6 30 9 30 0 -3.1 -4.7 486.0 18.7 8.7 10.28 10.83 18.21 2 2 2 2 2 2 2 2 6.7 3.75 4.0 -4.7 -4.7 -4.7 -4.7 -4.7 -4.7 1.133 1.543 0.234 1.498 2.086 7.474 2 2 2 2 2 2
1976-06-30T10:30:00 1976 6 30 10 30 0 4.8 -16.1 482.0 16.7 6.79 30.41 26.29 45.86 2 2 2 2 2 2 2 2 6.7 4.35 -19.0 -16.1 -16.1 -16.1 -16.1 -16.1 -16.1 2.243 2.646 0.532 4.429 3.938 12.401 2 2 2 2 2 2
1976-06-30T11:30:00 1976 6 30 11 30 0 8.1 3.6 520.0 10.3 5.45 19.06 14.6 21.55 2 2 2 2 2 2 2 2 6.7 4.85 -25.0 3.6 3.6 3.6 3.6 3.6 3.6 2.038 1.966 0.619 3.448 2.273 8.155 2 2 2 2 2 2
1976-06-30T12:30:00 1976 6 30 12 30 0 5.9 -1.0 558.0 9.0 5.6 3.96 0.43 0.39 2 2 2 2 2 2 2 2 2.3 4.77 -14.0 -1.0 -1.0 -1.0 -1.0 -1.0 -1.0 1.422 1.061 0.603 1.97 0.92 3.888 2 2 2 2 2 2
1976-06-30T13:30:00 1976 6 30 13 30 0 9.3 4.0 551.0 9.0 5.46 4.55 0.17 0.16 2 2 2 2 2 2 2 2 2.3 4.68 -7.0 4.0 4.0 4.0 4.0 4.0 4.0 0.963 0.527 0.585 1.103 0.291 1.613 2 2 2 2 2 2
1976-06-30T14:30:00 1976 6 30 14 30 0 9.3 4.3 525.0 8.3 4.26 4.47 0.0 0.0 2 2 2 2 2 2 2 2 2.3 4.42 -9.0 4.3 4.3 4.3 4.3 4.3 4.3 0.652 0.262 0.567 0.617 0.092 0.669 2 2 2 2 2 2
1976-06-30T15:30:00 1976 6 30 15 30 0 9.08 3.55 510.0 9.1 4.73 4.33 0.0 0.0 1 1 2 2 2 1 2 2 3.0 4.25 -9.0 3.42 3.45 3.36 3.37 3.44 3.47 0.441 0.13 0.55 0.346 0.029 0.277 2 2 2 2 2 2
1976-06-30T16:30:00 1976 6 30 16 30 0 8.6 0.87 525.0 8.6 5.21 5.21 0.0 0.0 1 1 2 2 2 1 2 2 3.0 4.08 -17.0 0.36 0.46 0.13 0.14 0.45 0.54 0.299 0.065 0.533 0.194 0.009 0.115 2 2 2 2 2 2
1976-06-30T17:30:00 1976 6 30 17 30 0 8.12 0.94 543.0 7.4 4.36 5.79 0.0 0.0 1 1 2 2 2 1 2 2 3.0 3.63 -21.0 0.81 0.83 0.75 0.75 0.83 0.85 0.202 0.032 0.517 0.108 0.003 0.048 2 2 2 2 2 2
1976-06-30T18:30:00 1976 6 30 18 30 0 7.9 1.1 559.0 6.7 4.14 5.38 0.0 0.0 2 2 2 2 2 2 2 2 3.7 3.28 -28.0 1.1 1.1 1.1 1.1 1.1 1.1 0.137 0.016 0.501 0.061 0.001 0.02 2 2 2 2 2 2
1976-06-30T19:30:00 1976 6 30 19 30 0 7.2 2.4 582.0 5.9 3.84 4.27 0.0 0.0 2 2 2 2 2 2 2 2 3.7 2.93 -26.0 2.4 2.4 2.4 2.4 2.4 2.4 0.093 0.008 0.486 0.034 0.0 0.008 2 2 2 2 2 2
1976-06-30T20:30:00 1976 6 30 20 30 0 7.7 1.6 583.0 6.0 4.03 4.16 0.0 0.0 2 2 2 2 2 2 2 2 3.7 3.1 -19.0 1.6 1.6 1.6 1.6 1.6 1.6 0.063 0.004 0.471 0.019 0.0 0.003 2 2 2 2 2 2
1976-06-30T21:30:00 1976 6 30 21 30 0 2.1 3.5 583.0 5.8 3.92 1.53 0.0 0.0 2 2 2 2 2 2 2 2 3.7 3.28 -22.0 3.5 3.5 3.5 3.5 3.5 3.5 0.043 0.002 0.457 0.011 0.0 0.001 2 2 2 2 2 2
1976-06-30T22:30:00 1976 6 30 22 30 0 -0.4 4.0 599.0 6.1 4.36 0.02 0.0 0.0 2 2 2 2 2 2 2 2 3.7 3.45 -18.0 4.0 4.0 4.0 4.0 4.0 4.0 0.029 0.001 0.443 0.006 0.0 0.001 2 2 2 2 2 2
1976-06-30T23:30:00 1976 6 30 23 30 0 2.4 1.3 623.0 6.0 4.71 0.08 0.0 0.0 2 2 2 2 2 2 2 2 3.7 3.53 -17.0 1.3 1.3 1.3 1.3 1.3 1.3 0.019 0.0 0.429 0.003 0.0 0.0 2 2 2 2 2 2
