1976-09-22T00:30:00 1976 9 22 0 30 0 3.3 0.8 643.0 2.5 2.0 1.28 0.0 0.0 2 2 2 2 2 2 2 2 3.0 3.58 -14.0 0.8 0.8 0.8 0.8 0.8 0.8 0.043 0.008 0.416 0.011 0.001 0.011 1 1 0 1 1 1
1976-09-22T01:30:00 1976 9 22 1 30 0 2.8 1.4 647.5 2.65 2.16 0.73 0.0 0.0 1 1 1 1 1 1 1 1 3.0 3.37 -15.0 1.4 1.4 1.4 1.4 1.4 1.4 0.029 0.004 0.403 0.006 0.0 0.004 1 1 0 1 1 1
1976-09-22T02:30:00 1976 9 22 2 30 0 2.3 2.0 652.0 2.8 2.32 0.37 0.0 0.0 2 2 2 2 2 2 2 2 3.0 3.33 -16.0 2.0 2.0 2.0 2.0 2.0 2.0 0.02 0.002 0.391 0.004 0.0 0.002 1 1 0 1 1 1
1976-09-22T03:30:00 1976 9 22 3 30 0 1.7 0.3 664.0 2.5 2.25 0.27 0.0 0.0 2 2 2 2 2 2 2 2 3.7 3.38 -17.0 0.3 0.3 0.3 0.3 0.3 0.3 0.013 0.001 0.379 0.002 0.0 0.001 1 1 0 1 1 1
1976-09-22T04:30:00 1976 9 22 4 30 0 1.3 0.8 658.0 2.6 2.23 0.19 0.0 0.0 2 2 2 2 2 2 2 2 3.7 3.44 -14.0 0.8 0.8 0.8 0.8 0.8 0.8 0.009 0.0 0.368 0.001 0.0 0.0 1 1 0 1 1 1
1976-09-22T05:30:00 1976 9 22 5 30 0 0.0 1.3 637.0 2.7 2.12 0.02 0.0 0.0 2 2 2 2 2 2 2 2 3.7 3.44 -15.0 1.3 1.3 1.3 1.3 1.3 1.3 0.006 0.0 0.356 0.001 0.0 0.0 1 1 0 1 1 1
1976-09-22T06:30:00 1976 9 22 6 30 0 -0.8 0.7 645.0 3.0 2.43 0.01 0.0 0.0 2 2 2 2 2 2 2 2 3.3 3.39 -14.0 0.7 0.7 0.7 0.7 0.7 0.7 0.004 0.0 0.345 0.0 0.0 0.0 1 1 0 1 1 1
1976-09-22T07:30:00 1976 9 22 7 30 0 0.2 0.3 597.0 4.3 2.97 0.01 0.0 0.0 2 2 2 2 2 2 2 2 3.3 3.34 -16.0 0.3 0.3 0.3 0.3 0.3 0.3 0.003 0.0 0.335 0.0 0.0 0.0 1 1 0 1 1 1
1976-09-22T08:30:00 1976 9 22 8 30 0 -0.6 -1.2 635.0 2.8 2.17 0.2 1.66 0.52 2 2 2 2 2 2 2 2 3.3 3.38 -18.0 -1.2 -1.2 -1.2 -1.2 -1.2 -1.2 0.076 0.126 0.331 0.064 0.34 0.403 2 2 0 2 2 2
1976-09-22T09:30:00 1976 9 22 9 30 0 0.4 -1.1 611.0 3.3 2.37 0.52 3.56 1.09 2 2 2 2 2 2 2 2 3.0 3.37 -23.0 -1.1 -1.1 -1.1 -1.1 -1.1 -1.1 0.169 0.244 0.334 0.144 0.564 0.693 2 2 0 2 2 2
1976-09-22T10:30:00 1976 9 22 10 30 0 0.9 -1.6 605.0 3.3 2.34 0.8 4.16 1.37 2 2 2 2 2 2 2 2 3.0 3.37 -21.0 -1.6 -1.6 -1.6 -1.6 -1.6 -1.6 0.259 0.339 0.34 0.228 0.717 0.896 2 2 0 2 2 2
1976-09-22T11:30:00 1976 9 22 11 30 0 1.1 -1.9 599.0 3.6 2.49 1.33 5.3 1.84 2 2 2 2 2 2 2 2 3.0 3.28 -16.0 -1.9 -1.9 -1.9 -1.9 -1.9 -1.9 0.355 0.428 0.351 0.327 0.86 1.097 2 2 0 2 2 2
1976-09-22T12:30:00 1976 9 22 12 30 0 0.7 -2.3 592.0 3.5 2.37 1.75 6.3 2.23 2 2 2 2 2 2 2 2 3.0 3.19 -19.0 -2.3 -2.3 -2.3 -2.3 -2.3 -2.3 0.45 0.507 0.368 0.434 0.98 1.24 2 2 1 2 2 2
1976-09-22T13:30:00 1976 9 22 13 30 0 -0.8 -2.6 583.0 3.1 2.15 2.14 7.23 2.37 2 2 2 2 2 2 2 2 3.0 3.11 -22.0 -2.6 -2.6 -2.6 -2.6 -2.6 -2.6 0.531 0.561 0.388 0.529 1.044 1.242 2 2 1 2 2 2
1976-09-22T14:30:00 1976 9 22 14 30 0 0.4 0.2 567.0 3.3 2.12 0.66 3.18 1.01 2 2 2 2 2 2 2 2 3.0 3.07 -27.0 0.2 0.2 0.2 0.2 0.2 0.2 0.44 0.397 0.385 0.369 0.573 0.8 2 2 1 2 2 2
1976-09-22T15:30:00 1976 9 22 15 30 0 1.0 0.6 559.0 3.3 2.06 0.03 0.0 0.0 2 2 2 2 2 2 2 2 3.7 3.13 -24.0 0.6 0.6 0.6 0.6 0.6 0.6 0.298 0.197 0.373 0.206 0.181 0.332 2 2 1 2 2 2
1976-09-22T16:30:00 1976 9 22 16 30 0 0.9 -1.4 560.0 3.0 1.85 0.32 1.54 0.47 2 2 2 2 2 2 2 2 3.7 3.18 -23.0 -1.4 -1.4 -1.4 -1.4 -1.4 -1.4 0.272 0.223 0.368 0.178 0.349 0.434 2 2 1 2 2 2
1976-09-22T17:30:00 1976 9 22 17 30 0 1.3 -1.1 565.0 3.3 2.05 0.77 3.48 1.1 2 2 2 2 2 2 2 2 3.7 3.27 -20.0 -1.1 -1.1 -1.1 -1.1 -1.1 -1.1 0.3 0.297 0.367 0.205 0.521 0.623 2 2 1 2 2 2
1976-09-22T18:30:00 1976 9 22 18 30 0 1.7 0.5 550.0 3.0 1.76 0.38 0.94 0.3 2 2 2 2 2 2 2 2 3.0 3.27 -20.0 0.5 0.5 0.5 0.5 0.5 0.5 0.227 0.189 0.358 0.129 0.241 0.361 2 2 1 2 2 2
1976-09-22T19:30:00 1976 9 22 19 30 0 0.8 -1.7 547.0 3.1 1.8 0.51 2.0 0.61 2 2 2 2 2 2 2 2 3.0 3.26 -23.0 -1.7 -1.7 -1.7 -1.7 -1.7 -1.7 0.241 0.245 0.354 0.155 0.417 0.487 2 2 1 2 2 2
1976-09-22T20:30:00 1976 9 22 20 30 0 0.6 -0.9 543.0 2.9 1.61 0.64 3.45 1.04 2 2 2 2 2 2 2 2 3.0 3.26 -26.0 -0.9 -0.9 -0.9 -0.9 -0.9 -0.9 0.271 0.296 0.353 0.181 0.494 0.562 2 2 1 2 2 2
1976-09-22T21:30:00 1976 9 22 21 30 0 3.1 -0.3 555.0 3.3 1.94 0.74 1.58 0.49 2 2 2 2 2 2 2 2 3.0 3.26 -24.0 -0.3 -0.3 -0.3 -0.3 -0.3 -0.3 0.236 0.248 0.346 0.135 0.362 0.485 2 2 1 2 2 2
1976-09-22T22:30:00 1976 9 22 22 30 0 3.2 0.1 544.0 3.1 1.8 1.17 0.28 0.09 2 2 2 2 2 2 2 2 3.0 3.25 -24.0 0.1 0.1 0.1 0.1 0.1 0.1 0.168 0.142 0.336 0.078 0.147 0.255 2 2 1 2 2 2
1976-09-22T23:30:00 1976 9 22 23 30 0 2.3 -0.4 533.0 3.3 1.8 0.91 0.47 0.15 2 2 2 2 2 2 2 2 3.0 3.17 -20.0 -0.4 -0.4 -0.4 -0.4 -0.4 -0.4 0.139 0.131 0.326 0.057 0.173 0.269 2 2 1 2 2 2
