1976-10-02T00:30:00 1976 10 2 0 30 0 1.28 -0.22 497.6 4.95 2.54 0.23 0.54 0.27 0 0 1 1 1 0 1 1 3.3 2.47 -9.0 -0.86 -0.66 -1.21 -1.19 -0.68 -0.5 0.277 0.293 0.262 0.234 0.393 0.589 0 0 0 0 0 0
1976-10-02T01:30:00 1976 10 2 1 30 0 1.28 -0.22 503.0 5.06 2.67 0.23 0.55 0.28 0 0 2 1 1 1 1 1 3.3 2.72 -18.0 -0.86 -0.66 -1.21 -1.19 -0.68 -0.5 0.281 0.296 0.264 0.24 0.403 0.622 0 0 0 0 0 0
1976-10-02T02:30:00 1976 10 2 2 30 0 1.28 -0.22 504.0 5.18 2.71 0.23 0.55 0.28 0 0 2 1 1 1 1 1 3.3 2.92 -21.0 -0.86 -0.66 -1.21 -1.19 -0.68 -0.5 0.286 0.3 0.266 0.244 0.411 0.652 0 0 0 0 0 0
1976-10-02T03:30:00 1976 10 2 3 30 0 1.28 -0.22 502.5 5.2 2.72 0.23 0.55 0.29 0 0 1 1 1 0 1 1 5.3 3.37 -28.0 -0.86 -0.66 -1.21 -1.19 -0.68 -0.5 0.289 0.303 0.268 0.247 0.414 0.668 0 0 0 0 0 0
1976-10-02T04:30:00 1976 10 2 4 30 0 1.28 -0.22 501.0 5.2 2.72 0.23 0.55 0.29 0 0 2 2 2 1 1 1 5.3 3.82 -35.0 -0.86 -0.66 -1.21 -1.19 -0.68 -0.5 0.291 0.304 0.27 0.249 0.414 0.672 0 0 0 0 0 0
1976-10-02T05:30:00 1976 10 2 5 30 0 1.28 -0.22 517.0 5.7 3.18 0.23 0.56 0.31 0 0 2 2 2 1 1 1 5.3 4.08 -40.0 -0.86 -0.66 -1.21 -1.19 -0.68 -0.5 0.296 0.31 0.273 0.255 0.432 0.731 0 0 0 0 0 0
1976-10-02T06:30:00 1976 10 2 6 30 0 1.28 -0.22 524.0 6.0 3.42 0.24 0.57 0.34 0 0 2 2 2 1 1 1 4.3 4.2 -41.0 -0.86 -0.66 -1.21 -1.19 -0.68 -0.5 0.304 0.318 0.276 0.265 0.455 0.816 0 0 0 0 0 0
1976-10-02T07:30:00 1976 10 2 7 30 0 1.28 -0.22 524.0 5.0 2.98 0.24 0.58 0.31 0 0 2 2 2 1 1 1 4.3 4.32 -35.0 -0.86 -0.66 -1.21 -1.19 -0.68 -0.5 0.306 0.314 0.279 0.266 0.45 0.789 0 0 0 0 0 0
1976-10-02T08:30:00 1976 10 2 8 30 0 1.28 -0.22 534.3 5.0 2.98 0.24 0.58 0.29 0 0 1 1 1 0 1 1 4.3 4.43 -32.0 -0.86 -0.66 -1.21 -1.19 -0.68 -0.5 0.305 0.308 0.282 0.265 0.448 0.759 0 0 0 0 0 0
1976-10-02T09:30:00 1976 10 2 9 30 0 1.28 -0.22 544.7 4.83 2.93 0.25 0.59 0.29 0 0 1 1 1 0 1 1 3.3 4.42 -24.0 -0.86 -0.66 -1.21 -1.19 -0.68 -0.5 0.306 0.304 0.285 0.266 0.454 0.753 0 0 0 0 0 0
1976-10-02T10:30:00 1976 10 2 10 30 0 1.28 -0.22 555.0 4.58 2.67 0.25 0.61 0.28 0 0 2 1 1 1 1 1 3.3 4.4 -28.0 -0.86 -0.66 -1.21 -1.19 -0.68 -0.5 0.306 0.3 0.288 0.268 0.459 0.743 0 0 0 0 0 0
1976-10-02T11:30:00 1976 10 2 11 30 0 1.28 -0.22 527.0 4.32 2.41 0.25 0.59 0.26 0 0 2 1 1 1 1 1 3.3 4.15 -31.0 -0.86 -0.66 -1.21 -1.19 -0.68 -0.5 0.301 0.293 0.291 0.262 0.438 0.682 0 0 0 0 0 0
1976-10-02T12:30:00 1976 10 2 12 30 0 1.28 -0.22 524.3 4.07 2.15 0.24 0.58 0.24 0 0 1 1 1 0 1 1 3.0 3.87 -36.0 -0.86 -0.66 -1.21 -1.19 -0.68 -0.5 0.295 0.285 0.292 0.253 0.416 0.612 0 0 0 0 0 0
1976-10-02T13:30:00 1976 10 2 13 30 0 1.28 -0.23 521.7 3.9 2.1 0.24 0.59 0.23 0 0 1 1 1 0 1 1 3.0 3.58 -38.0 -0.86 -0.66 -1.21 -1.19 -0.68 -0.5 0.288 0.278 0.293 0.245 0.402 0.56 0 0 0 0 0 0
1976-10-02T14:30:00 1976 10 2 14 30 0 1.28 -0.23 519.0 3.9 2.1 0.24 0.6 0.23 0 0 2 2 2 1 1 1 3.0 3.42 -37.0 -0.86 -0.66 -1.21 -1.19 -0.68 -0.5 0.283 0.273 0.294 0.239 0.393 0.53 0 0 0 0 0 0
1976-10-02T15:30:00 1976 10 2 15 30 0 1.28 -0.23 514.0 3.43 1.81 0.24 0.59 0.22 0 0 1 1 1 0 1 1 3.0 3.26 -34.0 -0.86 -0.66 -1.21 -1.19 -0.68 -0.5 0.276 0.266 0.294 0.231 0.378 0.48 0 0 0 0 0 0
1976-10-02T16:30:00 1976 10 2 16 30 0 1.28 -0.23 509.0 2.97 1.53 0.24 0.59 0.19 0 0 1 1 1 0 1 1 3.0 3.11 -29.0 -0.86 -0.66 -1.21 -1.19 -0.68 -0.5 0.266 0.254 0.294 0.22 0.355 0.412 0 0 0 0 0 0
1976-10-02T17:30:00 1976 10 2 17 30 0 1.28 -0.23 504.0 2.5 1.24 0.23 0.58 0.16 0 0 2 2 2 1 1 1 3.0 3.07 -26.0 -0.86 -0.66 -1.21 -1.19 -0.68 -0.5 0.254 0.239 0.293 0.207 0.329 0.339 0 0 0 0 0 0
1976-10-02T18:30:00 1976 10 2 18 30 0 1.28 -0.23 497.0 2.9 1.5 0.23 0.58 0.16 0 0 2 2 2 1 1 1 2.0 2.9 -26.0 -0.86 -0.66 -1.21 -1.19 -0.68 -0.5 0.246 0.233 0.292 0.2 0.321 0.315 0 0 0 0 0 0
1976-10-02T19:30:00 1976 10 2 19 30 0 1.28 -0.23 497.0 2.9 1.5 0.23 0.57 0.17 0 0 1 1 1 0 1 1 2.0 2.74 -28.0 -0.86 -0.66 -1.21 -1.19 -0.68 -0.5 0.242 0.233 0.291 0.197 0.321 0.313 0 0 0 0 0 0
1976-10-02T20:30:00 1976 10 2 20 30 0 1.28 -0.23 497.0 2.9 1.61 0.23 0.57 0.17 0 0 1 1 1 0 1 1 2.0 2.61 -28.0 -0.86 -0.66 -1.21 -1.19 -0.68 -0.5 0.239 0.233 0.29 0.196 0.321 0.312 0 0 0 0 0 0
1976-10-02T21:30:00 1976 10 2 21 30 0 1.28 -0.23 497.0 3.95 1.94 0.23 0.57 0.2 0 0 1 1 1 0 1 1 1.0 2.35 -25.0 -0.86 -0.66 -1.21 -1.19 -0.68 -0.5 0.244 0.245 0.289 0.203 0.343 0.373 0 0 0 0 0 0
1976-10-02T22:30:00 1976 10 2 22 30 0 1.27 -0.23 497.0 5.24 2.27 0.23 0.57 0.27 0 0 1 1 1 0 1 1 1.0 2.1 -24.0 -0.86 -0.66 -1.21 -1.19 -0.68 -0.5 0.257 0.27 0.29 0.219 0.38 0.508 0 0 0 0 0 0
1976-10-02T23:30:00 1976 10 2 23 30 0 1.27 -0.23 497.0 6.53 2.6 0.23 0.57 0.34 0 0 1 1 1 0 1 1 1.0 1.85 -25.0 -0.86 -0.66 -1.21 -1.19 -0.68 -0.5 0.275 0.299 0.292 0.239 0.419 0.689 0 0 0 0 0 0
