1976-08-04T00:30:00 1976 8 4 0 30 0 2.0 -0.5 385.0 8.3 2.27 0.48 0.61 0.46 2 2 2 2 2 2 2 2 2.3 2.13 -8.0 -0.5 -0.5 -0.5 -0.5 -0.5 -0.5 0.119 0.159 0.21 0.045 0.161 0.345 2 2 0 2 2 2
1976-08-04T01:30:00 1976 8 4 1 30 0 1.4 -0.3 384.0 10.0 2.6 0.33 0.75 0.69 2 2 2 2 2 2 2 2 2.3 1.97 -6.0 -0.3 -0.3 -0.3 -0.3 -0.3 -0.3 0.127 0.207 0.205 0.047 0.202 0.522 2 2 0 2 2 2
1976-08-04T02:30:00 1976 8 4 2 30 0 1.07 -0.41 377.3 11.93 3.13 0.19 0.68 0.76 1 1 1 1 1 1 1 1 2.3 2.04 -6.0 -0.41 -0.41 -0.41 -0.41 -0.41 -0.41 0.136 0.246 0.2 0.051 0.23 0.692 2 1 0 1 1 1
1976-08-04T03:30:00 1976 8 4 3 30 0 0.73 -0.89 370.7 13.87 3.66 0.2 1.25 1.64 1 1 1 1 1 1 1 1 1.3 1.99 -8.0 -0.89 -0.89 -0.89 -0.89 -0.89 -0.89 0.185 0.363 0.198 0.089 0.349 1.088 1 1 0 1 1 1
1976-08-04T04:30:00 1976 8 4 4 30 0 0.4 -1.0 364.0 15.8 4.19 0.24 1.74 2.6 2 2 2 2 2 2 2 2 1.3 1.93 -5.0 -1.0 -1.0 -1.0 -1.0 -1.0 -1.0 0.25 0.486 0.197 0.139 0.45 1.502 2 2 0 2 2 2
1976-08-04T05:30:00 1976 8 4 5 30 0 1.8 -1.1 364.0 15.8 3.62 0.43 1.92 3.03 2 2 2 2 2 2 2 2 1.3 1.84 -4.0 -1.1 -1.1 -1.1 -1.1 -1.1 -1.1 0.306 0.575 0.197 0.18 0.508 1.772 2 2 0 2 2 2
1976-08-04T06:30:00 1976 8 4 6 30 0 1.9 -1.5 358.0 14.8 3.31 0.78 2.37 3.62 2 2 2 2 2 2 2 2 1.0 1.71 -5.0 -1.5 -1.5 -1.5 -1.5 -1.5 -1.5 0.373 0.671 0.199 0.237 0.581 1.939 2 2 1 2 2 2
1976-08-04T07:30:00 1976 8 4 7 30 0 2.0 -1.2 353.0 16.3 3.73 0.81 2.38 3.7 2 2 2 2 2 2 2 2 1.0 1.58 -3.0 -1.2 -1.2 -1.2 -1.2 -1.2 -1.2 0.412 0.711 0.201 0.26 0.582 1.999 2 2 1 2 2 2
1976-08-04T08:30:00 1976 8 4 8 30 0 1.3 1.6 351.0 17.6 3.91 0.22 0.37 0.61 2 2 2 2 2 2 2 2 1.0 1.42 0.0 1.6 1.6 1.6 1.6 1.6 1.6 0.294 0.392 0.195 0.153 0.217 0.962 2 2 1 2 2 2
1976-08-04T09:30:00 1976 8 4 9 30 0 3.1 -0.2 358.0 16.7 3.89 0.32 0.04 0.06 2 2 2 2 2 2 2 2 1.0 1.26 5.0 -0.2 -0.2 -0.2 -0.2 -0.2 -0.2 0.209 0.23 0.19 0.089 0.11 0.563 2 2 1 2 2 2
1976-08-04T10:30:00 1976 8 4 10 30 0 3.5 0.5 370.0 14.0 3.62 0.76 0.04 0.06 2 2 2 2 2 2 2 2 1.0 1.11 6.0 0.5 0.5 0.5 0.5 0.5 0.5 0.142 0.119 0.184 0.05 0.039 0.261 2 2 1 2 2 2
1976-08-04T11:30:00 1976 8 4 11 30 0 2.5 -0.7 375.0 13.6 3.68 0.73 0.44 0.6 2 2 2 2 2 2 2 2 1.0 1.07 6.0 -0.7 -0.7 -0.7 -0.7 -0.7 -0.7 0.142 0.193 0.18 0.054 0.175 0.609 2 2 1 2 2 2
1976-08-04T12:30:00 1976 8 4 12 30 0 3.2 -1.8 375.0 11.5 3.33 1.31 2.43 2.99 2 2 2 2 2 2 2 2 1.3 1.08 4.0 -1.8 -1.8 -1.8 -1.8 -1.8 -1.8 0.258 0.457 0.183 0.171 0.483 1.278 2 2 1 2 2 2
1976-08-04T13:30:00 1976 8 4 13 30 0 2.8 -0.1 373.0 11.3 3.2 1.12 1.65 1.88 2 2 2 2 2 2 2 2 1.3 1.08 2.0 -0.1 -0.1 -0.1 -0.1 -0.1 -0.1 0.256 0.418 0.181 0.15 0.357 1.08 2 2 1 2 2 2
1976-08-04T14:30:00 1976 8 4 14 30 0 2.0 1.0 367.0 11.2 3.05 0.34 0.0 0.0 2 2 2 2 2 2 2 2 1.3 1.12 3.0 1.0 1.0 1.0 1.0 1.0 1.0 0.173 0.208 0.176 0.084 0.113 0.448 2 2 1 2 2 2
1976-08-04T15:30:00 1976 8 4 15 30 0 3.3 1.7 366.0 12.7 3.22 0.28 0.0 0.0 2 2 2 2 2 2 2 2 1.0 1.11 6.0 1.7 1.7 1.7 1.7 1.7 1.7 0.117 0.103 0.17 0.047 0.036 0.186 2 2 1 2 2 2
1976-08-04T16:30:00 1976 8 4 16 30 0 3.1 -0.7 365.0 14.4 3.64 0.67 0.24 0.35 2 2 2 2 2 2 2 2 1.0 1.11 5.0 -0.7 -0.7 -0.7 -0.7 -0.7 -0.7 0.11 0.145 0.166 0.045 0.126 0.43 2 2 1 2 2 2
1976-08-04T17:30:00 1976 8 4 17 30 0 -0.8 1.1 363.0 15.1 3.73 0.2 0.2 0.29 2 2 2 2 2 2 2 2 1.0 1.11 1.0 1.1 1.1 1.1 1.1 1.1 1.1 0.083 0.095 0.161 0.028 0.06 0.262 2 2 1 2 2 2
1976-08-04T18:30:00 1976 8 4 18 30 0 -0.9 2.1 367.0 12.8 3.24 0.01 0.0 0.0 2 2 2 2 2 2 2 2 1.0 1.11 2.0 2.1 2.1 2.1 2.1 2.1 2.1 0.056 0.047 0.156 0.016 0.019 0.109 2 2 1 2 2 2
1976-08-04T19:30:00 1976 8 4 19 30 0 -0.5 3.1 371.0 13.8 3.63 0.0 0.0 0.0 2 2 2 2 2 2 2 2 1.0 1.11 6.0 3.1 3.1 3.1 3.1 3.1 3.1 0.038 0.023 0.152 0.009 0.006 0.045 2 2 1 2 2 2
1976-08-04T20:30:00 1976 8 4 20 30 0 -2.6 2.9 365.0 11.9 3.02 0.05 0.0 0.0 2 2 2 2 2 2 2 2 1.0 1.07 5.0 2.9 2.9 2.9 2.9 2.9 2.9 0.026 0.012 0.147 0.005 0.002 0.019 2 2 1 2 2 2
1976-08-04T21:30:00 1976 8 4 21 30 0 -2.2 3.9 367.0 11.8 2.99 0.1 0.0 0.0 2 2 2 2 2 2 2 2 1.3 1.08 5.0 3.9 3.9 3.9 3.9 3.9 3.9 0.017 0.006 0.142 0.003 0.001 0.008 2 2 1 2 2 2
1976-08-04T22:30:00 1976 8 4 22 30 0 2.2 1.6 386.0 12.0 3.46 0.03 0.0 0.0 2 2 2 2 2 2 2 2 1.3 1.08 10.0 1.6 1.6 1.6 1.6 1.6 1.6 0.012 0.003 0.138 0.002 0.0 0.003 2 2 1 2 2 2
1976-08-04T23:30:00 1976 8 4 23 30 0 -1.1 3.4 406.0 10.3 3.36 0.02 0.0 0.0 2 2 2 2 2 2 2 2 1.3 1.12 12.0 3.4 3.4 3.4 3.4 3.4 3.4 0.008 0.001 0.134 0.001 0.0 0.001 2 2 1 2 2 2
