2001-02-23T00:30:00 2001 2 23 0 30 0 -0.8 -4.9 343.0 5.7 1.27 5.14 8.88 5.02 2 2 2 2 2 2 2 2 3.0 1.79 -21.0 -4.9 -4.9 -4.9 -4.9 -4.9 -4.9 1.037 1.179 0.302 1.088 0.961 1.072 2 2 2 2 2 2
2001-02-23T01:30:00 2001 2 23 1 30 0 -2.9 -2.0 323.0 5.6 1.12 2.69 5.55 3.14 2 2 2 2 2 2 2 2 3.0 2.01 -16.0 -2.0 -2.0 -2.0 -2.0 -2.0 -2.0 0.911 0.984 0.307 0.832 0.701 0.848 2 2 2 2 2 2
2001-02-23T02:30:00 2001 2 23 2 30 0 -3.4 -2.6 334.0 8.5 1.78 2.06 3.83 2.77 2 2 2 2 2 2 2 2 3.0 2.22 -4.0 -2.6 -2.6 -2.6 -2.6 -2.6 -2.6 0.809 0.892 0.308 0.656 0.633 0.905 2 2 2 2 2 2
2001-02-23T03:30:00 2001 2 23 3 30 0 -5.4 -5.8 342.0 14.0 3.05 5.71 7.34 8.68 2 2 2 2 2 2 2 2 3.0 2.43 -5.0 -5.8 -5.8 -5.8 -5.8 -5.8 -5.8 0.975 1.243 0.333 0.954 1.047 1.968 2 2 2 2 2 2
2001-02-23T04:30:00 2001 2 23 4 30 0 -5.6 -3.8 351.0 16.1 3.67 7.27 8.17 12.32 2 2 2 2 2 2 2 2 3.0 2.64 -8.0 -3.8 -3.8 -3.8 -3.8 -3.8 -3.8 1.116 1.465 0.36 1.139 1.221 2.935 2 2 2 2 2 2
2001-02-23T05:30:00 2001 2 23 5 30 0 -4.6 0.0 354.0 17.6 4.08 3.18 3.07 5.1 2 2 2 2 2 2 2 2 3.0 2.76 -12.0 0.0 0.0 0.0 0.0 0.0 0.0 0.911 1.049 0.359 0.78 0.694 2.19 2 2 2 2 2 2
2001-02-23T06:30:00 2001 2 23 6 30 0 -3.5 -4.9 345.0 17.0 3.88 3.34 4.61 7.93 2 2 2 2 2 2 2 2 2.7 2.84 -12.0 -4.9 -4.9 -4.9 -4.9 -4.9 -4.9 0.969 1.241 0.372 0.875 0.996 2.963 2 2 2 2 2 2
2001-02-23T07:30:00 2001 2 23 7 30 0 -2.1 -5.6 339.0 14.8 3.4 6.05 9.02 14.24 2 2 2 2 2 2 2 2 2.7 2.92 -16.0 -5.6 -5.6 -5.6 -5.6 -5.6 -5.6 1.183 1.581 0.406 1.241 1.309 3.479 2 2 2 2 2 2
2001-02-23T08:30:00 2001 2 23 8 30 0 -2.3 -4.7 344.0 12.3 2.82 5.47 8.73 11.77 2 2 2 2 2 2 2 2 2.7 2.88 -26.0 -4.7 -4.7 -4.7 -4.7 -4.7 -4.7 1.269 1.636 0.433 1.337 1.297 3.201 2 2 2 2 2 2
2001-02-23T09:30:00 2001 2 23 9 30 0 -2.0 -4.5 364.0 9.6 2.36 4.7 8.14 8.82 2 2 2 2 2 2 2 2 2.0 2.75 -28.0 -4.5 -4.5 -4.5 -4.5 -4.5 -4.5 1.268 1.54 0.454 1.297 1.224 2.718 2 2 2 2 2 2
2001-02-23T10:30:00 2001 2 23 10 30 0 -5.4 -4.9 356.0 6.1 1.51 6.11 8.48 6.52 2 2 2 2 2 2 2 2 2.0 2.63 -32.0 -4.9 -4.9 -4.9 -4.9 -4.9 -4.9 1.227 1.396 0.473 1.224 1.107 2.015 2 2 2 2 2 2
2001-02-23T11:30:00 2001 2 23 11 30 0 -8.4 -3.1 356.0 2.6 0.66 7.75 6.99 3.03 2 2 2 2 2 2 2 2 2.0 2.5 -31.0 -3.1 -3.1 -3.1 -3.1 -3.1 -3.1 1.061 1.085 0.477 0.959 0.796 1.165 2 2 2 2 2 2
2001-02-23T12:30:00 2001 2 23 12 30 0 -8.0 -0.9 363.0 4.2 1.11 6.35 3.43 1.14 2 2 2 2 2 2 2 2 2.3 2.42 -23.0 -0.9 -0.9 -0.9 -0.9 -0.9 -0.9 0.828 0.756 0.469 0.631 0.5 0.686 2 2 2 2 2 2
2001-02-23T13:30:00 2001 2 23 13 30 0 -6.6 -0.4 358.0 6.5 1.67 4.05 1.13 0.6 2 2 2 2 2 2 2 2 2.3 2.33 -13.0 -0.4 -0.4 -0.4 -0.4 -0.4 -0.4 0.613 0.509 0.456 0.382 0.305 0.495 2 2 2 2 2 2
2001-02-23T14:30:00 2001 2 23 14 30 0 -7.4 -3.0 375.0 2.1 0.59 5.15 3.34 1.19 2 2 2 2 2 2 2 2 2.3 2.28 -17.0 -3.0 -3.0 -3.0 -3.0 -3.0 -3.0 0.548 0.504 0.451 0.344 0.411 0.431 2 2 2 2 2 2
2001-02-23T15:30:00 2001 2 23 15 30 0 -7.7 -3.6 379.0 1.0 0.29 7.84 6.27 0.93 2 2 2 2 2 2 2 2 2.0 2.2 -20.0 -3.6 -3.6 -3.6 -3.6 -3.6 -3.6 0.519 0.484 0.449 0.361 0.44 0.275 2 2 2 2 2 2
2001-02-23T16:30:00 2001 2 23 16 30 0 -7.1 -2.7 409.0 2.8 0.94 7.63 6.14 1.19 2 2 2 2 2 2 2 2 2.0 2.11 -15.0 -2.7 -2.7 -2.7 -2.7 -2.7 -2.7 0.517 0.511 0.449 0.389 0.524 0.316 2 2 2 2 2 2
2001-02-23T17:30:00 2001 2 23 17 30 0 -4.8 -1.2 383.0 8.1 2.38 4.37 3.74 1.98 2 2 2 2 2 2 2 2 2.0 2.11 -8.0 -1.2 -1.2 -1.2 -1.2 -1.2 -1.2 0.5 0.547 0.445 0.354 0.537 0.653 2 2 2 2 2 2
2001-02-23T18:30:00 2001 2 23 18 30 0 -5.4 -0.6 386.0 7.3 1.93 2.57 1.68 1.3 2 2 2 2 2 2 2 2 1.3 2.02 -3.0 -0.6 -0.6 -0.6 -0.6 -0.6 -0.6 0.423 0.468 0.435 0.254 0.405 0.7 2 2 2 2 2 2
2001-02-23T19:30:00 2001 2 23 19 30 0 -5.7 -2.7 375.0 6.4 1.61 3.73 3.29 2.21 2 2 2 2 2 2 2 2 1.3 1.93 -1.0 -2.7 -2.7 -2.7 -2.7 -2.7 -2.7 0.458 0.575 0.433 0.312 0.556 0.866 2 2 2 2 2 2
2001-02-23T20:30:00 2001 2 23 20 30 0 -3.4 -3.3 388.0 7.3 1.92 4.24 5.78 3.99 2 2 2 2 2 2 2 2 1.3 1.8 -6.0 -3.3 -3.3 -3.3 -3.3 -3.3 -3.3 0.573 0.76 0.44 0.483 0.776 1.171 2 2 2 2 2 2
2001-02-23T21:30:00 2001 2 23 21 30 0 1.6 -2.3 403.0 7.8 2.19 2.1 5.46 4.12 2 2 2 2 2 2 2 2 2.0 1.77 -9.0 -2.3 -2.3 -2.3 -2.3 -2.3 -2.3 0.632 0.82 0.446 0.54 0.822 1.38 2 2 2 2 2 2
2001-02-23T22:30:00 2001 2 23 22 30 0 3.0 -2.1 401.0 6.9 1.96 1.87 4.4 3.22 2 2 2 2 2 2 2 2 2.0 1.74 -7.0 -2.1 -2.1 -2.1 -2.1 -2.1 -2.1 0.631 0.787 0.448 0.51 0.762 1.337 2 2 2 2 2 2
2001-02-23T23:30:00 2001 2 23 23 30 0 -1.4 -0.4 378.0 7.0 1.84 0.63 2.31 1.6 2 2 2 2 2 2 2 2 2.0 1.74 -4.0 -0.4 -0.4 -0.4 -0.4 -0.4 -0.4 0.524 0.598 0.439 0.357 0.487 0.967 2 2 2 2 2 2
