2001-04-28T00:30:00 2001 4 28 0 30 0 5.4 2.7 459.0 1.8 0.67 0.62 0.0 0.0 2 2 2 2 2 2 2 2 1.7 1.12 -1.0 2.7 2.7 2.7 2.7 2.7 2.7 0.006 0.001 0.066 0.001 0.0 0.0 2 2 2 2 2 2
2001-04-28T01:30:00 2001 4 28 1 30 0 5.0 3.3 457.0 2.1 0.77 1.11 0.0 0.0 2 2 2 2 2 2 2 2 1.7 1.18 -3.0 3.3 3.3 3.3 3.3 3.3 3.3 0.004 0.001 0.064 0.001 0.0 0.0 2 2 2 2 2 2
2001-04-28T02:30:00 2001 4 28 2 30 0 5.6 2.0 448.0 2.2 0.78 1.3 0.0 0.0 2 2 2 2 2 2 2 2 1.7 1.23 -1.0 2.0 2.0 2.0 2.0 2.0 2.0 0.003 0.0 0.062 0.0 0.0 0.0 2 2 2 2 2 2
2001-04-28T03:30:00 2001 4 28 3 30 0 3.4 4.0 441.0 2.2 0.77 0.77 0.0 0.0 2 2 2 2 2 2 2 2 5.7 1.81 2.0 4.0 4.0 4.0 4.0 4.0 4.0 0.002 0.0 0.06 0.0 0.0 0.0 2 2 2 2 2 2
2001-04-28T04:30:00 2001 4 28 4 30 0 2.6 2.4 448.0 2.1 0.8 0.24 0.0 0.0 2 2 2 2 2 2 2 2 5.7 2.38 5.0 2.4 2.4 2.4 2.4 2.4 2.4 0.001 0.0 0.059 0.0 0.0 0.0 2 2 2 2 2 2
2001-04-28T05:30:00 2001 4 28 5 30 0 14.1 9.5 660.0 7.0 5.78 3.7 0.0 0.0 2 2 2 2 2 2 2 2 5.7 3.01 41.0 9.5 9.5 9.5 9.5 9.5 9.5 0.001 0.0 0.057 0.0 0.0 0.0 2 2 2 2 2 2
2001-04-28T06:30:00 2001 4 28 6 30 0 2.0 6.7 724.0 8.6 9.02 2.74 0.0 0.0 2 2 2 2 2 2 2 2 4.0 3.41 39.0 6.7 6.7 6.7 6.7 6.7 6.7 0.001 0.0 0.055 0.0 0.0 0.0 2 2 2 2 2 2
2001-04-28T07:30:00 2001 4 28 7 30 0 -1.8 7.0 705.0 9.1 9.05 0.01 0.0 0.0 2 2 2 2 2 2 2 2 4.0 3.81 33.0 7.0 7.0 7.0 7.0 7.0 7.0 0.0 0.0 0.053 0.0 0.0 0.0 2 2 2 2 2 2
2001-04-28T08:30:00 2001 4 28 8 30 0 -10.8 3.9 669.0 8.3 7.43 2.91 0.0 0.0 2 2 2 2 2 2 2 2 4.0 4.08 32.0 3.9 3.9 3.9 3.9 3.9 3.9 0.0 0.0 0.052 0.0 0.0 0.0 2 2 2 2 2 2
2001-04-28T09:30:00 2001 4 28 9 30 0 -2.9 6.6 640.0 7.1 5.82 2.51 0.0 0.0 2 2 2 2 2 2 2 2 4.0 4.35 20.0 6.6 6.6 6.6 6.6 6.6 6.6 0.0 0.0 0.05 0.0 0.0 0.0 2 2 2 2 2 2
2001-04-28T10:30:00 2001 4 28 10 30 0 7.0 -3.9 631.0 5.7 4.54 3.09 2.83 1.65 2 2 2 2 2 2 2 2 4.0 4.62 6.0 -3.9 -3.9 -3.9 -3.9 -3.9 -3.9 0.172 0.247 0.075 0.262 0.703 1.148 2 2 2 2 2 2
2001-04-28T11:30:00 2001 4 28 11 30 0 9.6 6.7 672.0 4.8 4.34 6.87 1.8 1.0 2 2 2 2 2 2 2 2 4.0 4.41 -6.0 6.7 6.7 6.7 6.7 6.7 6.7 0.152 0.17 0.077 0.179 0.323 0.692 2 2 2 2 2 2
2001-04-28T12:30:00 2001 4 28 12 30 0 14.2 2.3 658.0 5.7 4.94 10.36 0.0 0.0 2 2 2 2 2 2 2 2 6.0 4.46 -1.0 2.3 2.3 2.3 2.3 2.3 2.3 0.103 0.084 0.075 0.1 0.102 0.287 2 2 2 2 2 2
2001-04-28T13:30:00 2001 4 28 13 30 0 16.8 -4.4 655.0 7.9 6.78 29.58 5.34 4.0 2 2 2 2 2 2 2 2 6.0 4.52 1.0 -4.4 -4.4 -4.4 -4.4 -4.4 -4.4 0.368 0.451 0.123 0.531 1.208 2.619 2 2 2 2 2 2
2001-04-28T14:30:00 2001 4 28 14 30 0 19.3 0.0 687.0 5.9 5.57 39.95 6.72 4.82 2 2 2 2 2 2 2 2 6.0 4.78 -18.0 0.0 0.0 0.0 0.0 0.0 0.0 0.459 0.489 0.157 0.564 1.043 2.649 2 2 2 2 2 2
2001-04-28T15:30:00 2001 4 28 15 30 0 8.1 11.7 673.0 6.4 6.02 12.87 0.0 0.0 2 2 2 2 2 2 2 2 5.7 4.99 -26.0 11.7 11.7 11.7 11.7 11.7 11.7 0.311 0.243 0.152 0.316 0.33 1.099 2 2 2 2 2 2
2001-04-28T16:30:00 2001 4 28 16 30 0 14.8 -7.6 645.0 6.0 5.3 18.23 5.92 3.58 2 2 2 2 2 2 2 2 5.7 5.2 -20.0 -7.6 -7.6 -7.6 -7.6 -7.6 -7.6 0.537 0.524 0.217 0.843 1.305 2.309 2 2 2 2 2 2
2001-04-28T17:30:00 2001 4 28 17 30 0 13.4 -7.2 621.0 7.2 5.81 44.68 23.34 15.5 2 2 2 2 2 2 2 2 5.7 5.4 -18.0 -7.2 -7.2 -7.2 -7.2 -7.2 -7.2 1.183 1.168 0.415 2.179 2.75 4.958 2 2 2 2 2 2
2001-04-28T18:30:00 2001 4 28 18 30 0 13.5 -7.5 633.0 2.8 2.29 42.45 23.1 11.08 2 2 2 2 2 2 2 2 4.0 5.38 -33.0 -7.5 -7.5 -7.5 -7.5 -7.5 -7.5 1.484 1.305 0.575 2.622 2.761 4.202 2 2 2 2 2 2
2001-04-28T19:30:00 2001 4 28 19 30 0 11.4 -7.3 680.0 2.4 2.25 41.29 24.33 6.28 2 2 2 2 2 2 2 2 4.0 5.37 -30.0 -7.3 -7.3 -7.3 -7.3 -7.3 -7.3 1.589 1.232 0.715 2.683 2.585 3.016 2 2 2 2 2 2
2001-04-28T20:30:00 2001 4 28 20 30 0 10.6 -5.6 684.0 2.6 2.53 33.99 21.76 5.45 2 2 2 2 2 2 2 2 4.0 5.11 -23.0 -5.6 -5.6 -5.6 -5.6 -5.6 -5.6 1.589 1.131 0.829 2.501 2.386 2.489 2 2 2 2 2 2
2001-04-28T21:30:00 2001 4 28 21 30 0 9.1 -5.1 707.0 1.2 1.17 26.87 18.55 3.43 2 2 2 2 2 2 2 2 3.3 4.77 -27.0 -5.1 -5.1 -5.1 -5.1 -5.1 -5.1 1.462 0.946 0.902 2.101 1.967 1.723 2 2 2 2 2 2
2001-04-28T22:30:00 2001 4 28 22 30 0 8.6 -4.2 707.0 2.2 2.22 21.98 16.31 2.81 2 2 2 2 2 2 2 2 3.3 4.43 -20.0 -4.2 -4.2 -4.2 -4.2 -4.2 -4.2 1.343 0.837 0.959 1.784 1.807 1.495 2 2 2 2 2 2
2001-04-28T23:30:00 2001 4 28 23 30 0 8.9 -4.0 687.0 2.0 2.08 19.67 14.24 2.98 2 2 2 2 2 2 2 2 3.3 4.14 -19.0 -4.0 -4.0 -4.0 -4.0 -4.0 -4.0 1.243 0.776 1.004 1.546 1.685 1.412 2 2 2 2 2 2
