2001-09-17T00:30:00 2001 9 17 0 30 0 -3.6 2.2 479.0 3.4 1.51 0.21 0.0 0.0 2 2 2 2 2 2 2 2 1.0 2.32 -3.0 2.2 2.2 2.2 2.2 2.2 2.2 0.044 0.016 0.136 0.011 0.003 0.014 2 2 2 2 2 2
2001-09-17T01:30:00 2001 9 17 1 30 0 -2.2 1.5 481.0 3.6 1.6 0.36 0.0 0.0 2 2 2 2 2 2 2 2 1.0 2.11 -3.0 1.5 1.5 1.5 1.5 1.5 1.5 0.03 0.008 0.132 0.006 0.001 0.006 2 2 2 2 2 2
2001-09-17T02:30:00 2001 9 17 2 30 0 -2.4 2.0 473.0 3.8 1.65 0.2 0.0 0.0 2 2 2 2 2 2 2 2 1.0 1.89 -3.0 2.0 2.0 2.0 2.0 2.0 2.0 0.02 0.004 0.128 0.004 0.0 0.002 2 2 2 2 2 2
2001-09-17T03:30:00 2001 9 17 3 30 0 -3.5 -0.8 475.0 3.1 1.36 0.8 0.36 0.11 2 2 2 2 2 2 2 2 1.7 1.77 -3.0 -0.8 -0.8 -0.8 -0.8 -0.8 -0.8 0.037 0.055 0.125 0.018 0.102 0.1 2 2 2 2 2 2
2001-09-17T04:30:00 2001 9 17 4 30 0 -2.5 -0.1 463.0 3.2 1.36 1.07 0.99 0.31 2 2 2 2 2 2 2 2 1.7 1.65 -7.0 -0.1 -0.1 -0.1 -0.1 -0.1 -0.1 0.058 0.099 0.123 0.027 0.145 0.172 2 2 2 2 2 2
2001-09-17T05:30:00 2001 9 17 5 30 0 -1.7 -0.2 456.0 3.5 1.45 0.47 0.35 0.12 2 2 2 2 2 2 2 2 1.7 1.58 -7.0 -0.2 -0.2 -0.2 -0.2 -0.2 -0.2 0.057 0.099 0.119 0.022 0.125 0.175 2 2 2 2 2 2
2001-09-17T06:30:00 2001 9 17 6 30 0 -0.7 -2.2 454.0 3.3 1.42 0.74 2.92 0.98 2 2 2 2 2 2 2 2 2.7 1.65 -4.0 -2.2 -2.2 -2.2 -2.2 -2.2 -2.2 0.159 0.265 0.125 0.128 0.403 0.393 2 2 2 2 2 2
2001-09-17T07:30:00 2001 9 17 7 30 0 0.8 -1.5 447.0 3.8 1.54 0.93 4.1 1.46 2 2 2 2 2 2 2 2 2.7 1.71 -9.0 -1.5 -1.5 -1.5 -1.5 -1.5 -1.5 0.248 0.374 0.132 0.206 0.513 0.531 2 2 2 2 2 2
2001-09-17T08:30:00 2001 9 17 8 30 0 1.5 0.3 451.0 3.7 1.47 0.31 1.26 0.48 2 2 2 2 2 2 2 2 2.7 1.92 -11.0 0.3 0.3 0.3 0.3 0.3 0.3 0.205 0.259 0.13 0.139 0.265 0.348 2 2 2 2 2 2
2001-09-17T09:30:00 2001 9 17 9 30 0 3.9 0.6 458.0 4.1 1.73 0.61 0.0 0.0 2 2 2 2 2 2 2 2 1.7 2.0 -8.0 0.6 0.6 0.6 0.6 0.6 0.6 0.139 0.129 0.126 0.078 0.084 0.144 2 2 2 2 2 2
2001-09-17T10:30:00 2001 9 17 10 30 0 2.9 -1.0 444.0 4.2 1.64 1.19 0.79 0.33 2 2 2 2 2 2 2 2 1.7 2.08 -6.0 -1.0 -1.0 -1.0 -1.0 -1.0 -1.0 0.141 0.169 0.125 0.076 0.202 0.267 2 2 2 2 2 2
2001-09-17T11:30:00 2001 9 17 11 30 0 1.2 -1.4 436.0 3.5 1.32 0.95 2.67 1.02 2 2 2 2 2 2 2 2 1.7 2.07 -9.0 -1.4 -1.4 -1.4 -1.4 -1.4 -1.4 0.2 0.283 0.128 0.13 0.371 0.415 2 2 2 2 2 2
2001-09-17T12:30:00 2001 9 17 12 30 0 1.2 0.0 430.0 3.5 1.29 0.34 1.39 0.49 2 2 2 2 2 2 2 2 1.3 2.01 -9.0 0.0 0.0 0.0 0.0 0.0 0.0 0.177 0.224 0.126 0.099 0.23 0.296 2 2 2 2 2 2
2001-09-17T13:30:00 2001 9 17 13 30 0 -0.4 1.2 440.0 3.5 1.39 0.02 0.0 0.0 2 2 2 2 2 2 2 2 1.3 1.96 -13.0 1.2 1.2 1.2 1.2 1.2 1.2 0.12 0.111 0.122 0.056 0.073 0.123 2 2 2 2 2 2
2001-09-17T14:30:00 2001 9 17 14 30 0 -0.3 1.0 433.0 3.3 1.25 0.0 0.0 0.0 2 2 2 2 2 2 2 2 1.3 1.78 -12.0 1.0 1.0 1.0 1.0 1.0 1.0 0.081 0.055 0.118 0.031 0.023 0.051 2 2 2 2 2 2
2001-09-17T15:30:00 2001 9 17 15 30 0 -1.3 0.1 438.0 3.4 1.36 0.05 0.0 0.0 2 2 2 2 2 2 2 2 1.0 1.57 -7.0 0.1 0.1 0.1 0.1 0.1 0.1 0.055 0.027 0.115 0.017 0.007 0.021 2 2 2 2 2 2
2001-09-17T16:30:00 2001 9 17 16 30 0 0.3 0.1 426.0 3.4 1.27 0.03 0.0 0.0 2 2 2 2 2 2 2 2 1.0 1.37 -7.0 0.1 0.1 0.1 0.1 0.1 0.1 0.037 0.014 0.111 0.01 0.002 0.009 2 2 2 2 2 2
2001-09-17T17:30:00 2001 9 17 17 30 0 0.1 1.5 424.0 3.6 1.34 0.0 0.0 0.0 2 2 2 2 2 2 2 2 1.0 1.28 -8.0 1.5 1.5 1.5 1.5 1.5 1.5 0.025 0.007 0.108 0.005 0.001 0.004 2 2 2 2 2 2
2001-09-17T18:30:00 2001 9 17 18 30 0 -0.2 1.3 428.0 3.7 1.39 0.0 0.0 0.0 2 2 2 2 2 2 2 2 1.0 1.19 -3.0 1.3 1.3 1.3 1.3 1.3 1.3 0.017 0.003 0.105 0.003 0.0 0.002 2 2 2 2 2 2
2001-09-17T19:30:00 2001 9 17 19 30 0 -1.4 2.0 426.0 3.5 1.33 0.02 0.0 0.0 2 2 2 2 2 2 2 2 1.0 1.11 2.0 2.0 2.0 2.0 2.0 2.0 2.0 0.012 0.002 0.101 0.002 0.0 0.001 2 2 2 2 2 2
2001-09-17T20:30:00 2001 9 17 20 30 0 -2.3 -0.2 424.0 3.7 1.4 0.22 0.04 0.01 2 2 2 2 2 2 2 2 1.0 1.07 4.0 -0.2 -0.2 -0.2 -0.2 -0.2 -0.2 0.014 0.019 0.098 0.003 0.03 0.036 2 2 2 2 2 2
2001-09-17T21:30:00 2001 9 17 21 30 0 -2.1 0.1 434.0 3.9 1.5 0.44 0.12 0.05 2 2 2 2 2 2 2 2 2.0 1.17 6.0 0.1 0.1 0.1 0.1 0.1 0.1 0.014 0.023 0.096 0.003 0.025 0.041 2 2 2 2 2 2
2001-09-17T22:30:00 2001 9 17 22 30 0 -0.9 -0.1 427.0 3.9 1.45 0.2 0.06 0.02 2 2 2 2 2 2 2 2 2.0 1.26 7.0 -0.1 -0.1 -0.1 -0.1 -0.1 -0.1 0.014 0.029 0.093 0.003 0.036 0.059 2 2 2 2 2 2
2001-09-17T23:30:00 2001 9 17 23 30 0 -3.0 2.6 428.0 4.0 1.49 0.17 0.0 0.0 2 2 2 2 2 2 2 2 2.0 1.39 10.0 2.6 2.6 2.6 2.6 2.6 2.6 0.01 0.015 0.09 0.002 0.011 0.024 2 2 2 2 2 2
