2001-05-07T00:30:00 2001 5 7 0 30 0 -0.5 -6.9 361.0 2.7 0.66 6.18 9.67 3.28 2 2 2 2 2 2 2 2 2.7 1.86 0.0 -6.9 -6.9 -6.9 -6.9 -6.9 -6.9 0.467 0.664 0.091 0.559 0.737 0.554 2 2 2 2 2 2
2001-05-07T01:30:00 2001 5 7 1 30 0 2.0 -7.9 369.0 3.4 0.86 10.81 13.6 4.2 2 2 2 2 2 2 2 2 2.7 2.07 -8.0 -7.9 -7.9 -7.9 -7.9 -7.9 -7.9 0.721 0.923 0.133 0.971 0.978 0.649 2 2 2 2 2 2
2001-05-07T02:30:00 2001 5 7 2 30 0 1.5 -8.6 373.0 4.0 1.0 13.49 15.37 5.73 2 2 2 2 2 2 2 2 2.7 2.2 -17.0 -8.6 -8.6 -8.6 -8.6 -8.6 -8.6 0.968 1.15 0.185 1.367 1.186 0.846 2 2 2 2 2 2
2001-05-07T03:30:00 2001 5 7 3 30 0 2.2 -7.6 380.0 4.8 1.25 13.11 15.18 6.72 2 2 2 2 2 2 2 2 4.0 2.49 -31.0 -7.6 -7.6 -7.6 -7.6 -7.6 -7.6 1.153 1.296 0.239 1.607 1.301 1.08 2 2 2 2 2 2
2001-05-07T04:30:00 2001 5 7 4 30 0 1.8 -2.8 383.0 5.6 1.49 6.08 9.53 4.93 2 2 2 2 2 2 2 2 4.0 2.79 -36.0 -2.8 -2.8 -2.8 -2.8 -2.8 -2.8 1.101 1.159 0.263 1.33 1.052 1.101 2 2 2 2 2 2
2001-05-07T05:30:00 2001 5 7 5 30 0 -1.1 -4.9 372.0 5.5 1.38 3.48 7.41 4.11 2 2 2 2 2 2 2 2 4.0 3.04 -35.0 -4.9 -4.9 -4.9 -4.9 -4.9 -4.9 1.052 1.095 0.282 1.147 0.982 1.118 2 2 2 2 2 2
2001-05-07T06:30:00 2001 5 7 6 30 0 -1.7 -5.2 378.0 5.5 1.44 5.58 9.5 5.22 2 2 2 2 2 2 2 2 3.3 3.19 -22.0 -5.2 -5.2 -5.2 -5.2 -5.2 -5.2 1.076 1.133 0.309 1.156 1.047 1.194 2 2 2 2 2 2
2001-05-07T07:30:00 2001 5 7 7 30 0 -1.7 -6.6 382.0 4.1 1.1 7.7 11.33 5.34 2 2 2 2 2 2 2 2 3.3 3.35 -19.0 -6.6 -6.6 -6.6 -6.6 -6.6 -6.6 1.129 1.174 0.342 1.259 1.118 1.14 2 2 2 2 2 2
2001-05-07T08:30:00 2001 5 7 8 30 0 -2.5 -4.7 392.0 4.9 1.38 7.18 10.78 4.87 2 2 2 2 2 2 2 2 3.3 3.42 -21.0 -4.7 -4.7 -4.7 -4.7 -4.7 -4.7 1.128 1.144 0.37 1.231 1.091 1.12 2 2 2 2 2 2
2001-05-07T09:30:00 2001 5 7 9 30 0 -2.9 -0.7 394.0 5.9 1.66 2.63 4.98 2.64 2 2 2 2 2 2 2 2 2.0 3.32 -25.0 -0.7 -0.7 -0.7 -0.7 -0.7 -0.7 0.933 0.871 0.372 0.862 0.722 0.929 2 2 2 2 2 2
2001-05-07T10:30:00 2001 5 7 10 30 0 -2.8 0.5 406.0 7.7 2.24 0.7 0.35 0.22 2 2 2 2 2 2 2 2 2.0 3.21 -15.0 0.5 0.5 0.5 0.5 0.5 0.5 0.644 0.465 0.361 0.488 0.263 0.461 2 2 2 2 2 2
2001-05-07T11:30:00 2001 5 7 11 30 0 -2.6 -1.8 404.0 9.2 2.62 0.99 1.58 1.4 2 2 2 2 2 2 2 2 2.0 2.96 -7.0 -1.8 -1.8 -1.8 -1.8 -1.8 -1.8 0.546 0.476 0.356 0.369 0.424 0.858 2 2 2 2 2 2
2001-05-07T12:30:00 2001 5 7 12 30 0 -3.5 -2.6 394.0 8.1 2.23 2.35 4.45 3.81 2 2 2 2 2 2 2 2 2.7 2.81 -8.0 -2.6 -2.6 -2.6 -2.6 -2.6 -2.6 0.597 0.666 0.362 0.448 0.694 1.311 2 2 2 2 2 2
2001-05-07T13:30:00 2001 5 7 13 30 0 -3.3 -2.3 389.0 6.9 1.89 2.72 4.77 3.56 2 2 2 2 2 2 2 2 2.7 2.65 -13.0 -2.3 -2.3 -2.3 -2.3 -2.3 -2.3 0.623 0.738 0.367 0.48 0.736 1.311 2 2 2 2 2 2
2001-05-07T14:30:00 2001 5 7 14 30 0 -3.6 -4.1 398.0 7.0 2.06 3.93 6.46 4.49 2 2 2 2 2 2 2 2 2.7 2.58 -13.0 -4.1 -4.1 -4.1 -4.1 -4.1 -4.1 0.719 0.882 0.381 0.644 0.919 1.463 2 2 2 2 2 2
2001-05-07T15:30:00 2001 5 7 15 30 0 -4.3 -3.2 391.0 6.4 1.84 4.81 7.12 4.76 2 2 2 2 2 2 2 2 2.0 2.42 -19.0 -3.2 -3.2 -3.2 -3.2 -3.2 -3.2 0.78 0.938 0.396 0.722 0.939 1.443 2 2 2 2 2 2
2001-05-07T16:30:00 2001 5 7 16 30 0 -4.0 -2.4 384.0 5.8 1.61 3.67 5.36 3.26 2 2 2 2 2 2 2 2 2.0 2.26 -24.0 -2.4 -2.4 -2.4 -2.4 -2.4 -2.4 0.748 0.864 0.401 0.644 0.798 1.211 2 2 2 2 2 2
2001-05-07T17:30:00 2001 5 7 17 30 0 -4.1 -3.8 375.0 5.5 1.48 4.05 5.98 3.37 2 2 2 2 2 2 2 2 2.0 2.26 -21.0 -3.8 -3.8 -3.8 -3.8 -3.8 -3.8 0.76 0.876 0.408 0.662 0.813 1.105 2 2 2 2 2 2
2001-05-07T18:30:00 2001 5 7 18 30 0 -2.5 -3.7 368.0 5.5 1.44 4.18 6.95 3.82 2 2 2 2 2 2 2 2 2.7 2.35 -21.0 -3.7 -3.7 -3.7 -3.7 -3.7 -3.7 0.789 0.912 0.419 0.708 0.833 1.053 2 2 2 2 2 2
2001-05-07T19:30:00 2001 5 7 19 30 0 -2.8 2.1 378.0 5.0 1.56 1.09 1.91 1.03 2 2 2 2 2 2 2 2 2.7 2.44 -18.0 2.1 2.1 2.1 2.1 2.1 2.1 0.589 0.553 0.409 0.442 0.367 0.569 2 2 2 2 2 2
2001-05-07T20:30:00 2001 5 7 20 30 0 -2.9 0.6 371.0 5.0 1.49 0.35 0.0 0.0 2 2 2 2 2 2 2 2 2.7 2.44 -15.0 0.6 0.6 0.6 0.6 0.6 0.6 0.399 0.275 0.397 0.247 0.116 0.236 2 2 2 2 2 2
2001-05-07T21:30:00 2001 5 7 21 30 0 -3.3 1.0 374.0 4.6 1.41 0.51 0.0 0.0 2 2 2 2 2 2 2 2 0.7 2.18 -14.0 1.0 1.0 1.0 1.0 1.0 1.0 0.27 0.136 0.385 0.138 0.037 0.098 2 2 2 2 2 2
2001-05-07T22:30:00 2001 5 7 22 30 0 -3.7 -0.1 372.0 4.6 1.43 0.8 0.02 0.01 2 2 2 2 2 2 2 2 0.7 1.93 -17.0 -0.1 -0.1 -0.1 -0.1 -0.1 -0.1 0.186 0.08 0.373 0.078 0.028 0.064 2 2 2 2 2 2
2001-05-07T23:30:00 2001 5 7 23 30 0 -3.9 -1.2 369.0 4.3 1.44 1.45 1.29 0.57 2 2 2 2 2 2 2 2 0.7 1.76 -18.0 -1.2 -1.2 -1.2 -1.2 -1.2 -1.2 0.192 0.196 0.364 0.089 0.2 0.226 2 2 2 2 2 2
