2001-09-11T00:30:00 2001 9 11 0 30 0 -1.7 -1.8 281.0 5.79 2.02 0.95 2.64 1.53 2 2 2 0 0 2 2 1 1.3 1.04 3.0 -1.8 -1.8 -1.8 -1.8 -1.8 -1.8 0.393 0.612 0.099 0.254 0.354 0.398 0 0 1 0 0 0
2001-09-11T01:30:00 2001 9 11 1 30 0 -1.7 -0.5 282.0 5.79 2.02 0.48 1.54 0.89 2 2 2 0 0 2 2 1 1.3 1.08 4.0 -0.5 -0.5 -0.5 -0.5 -0.5 -0.5 0.334 0.482 0.098 0.184 0.249 0.317 0 0 1 0 0 0
2001-09-11T02:30:00 2001 9 11 2 30 0 -1.1 1.3 280.0 5.79 2.02 0.09 0.07 0.04 2 2 2 0 0 2 2 1 1.3 1.12 11.0 1.3 1.3 1.3 1.3 1.3 1.3 0.227 0.244 0.095 0.103 0.082 0.137 0 0 1 0 0 0
2001-09-11T03:30:00 2001 9 11 3 30 0 -2.1 0.7 273.0 5.79 2.02 0.08 0.0 0.0 2 2 2 0 0 2 2 1 1.0 1.11 12.0 0.7 0.7 0.7 0.7 0.7 0.7 0.154 0.121 0.092 0.058 0.026 0.057 0 0 1 0 0 0
2001-09-11T04:30:00 2001 9 11 4 30 0 -3.0 0.1 283.0 5.79 2.02 0.32 0.0 0.0 2 2 2 0 0 2 2 1 1.0 1.11 17.0 0.1 0.1 0.1 0.1 0.1 0.1 0.104 0.06 0.089 0.032 0.008 0.024 0 0 1 0 0 0
2001-09-11T05:30:00 2001 9 11 5 30 0 -3.1 -0.2 286.0 5.79 2.02 0.56 0.11 0.06 2 2 2 0 0 2 2 1 1.0 1.11 13.0 -0.2 -0.2 -0.2 -0.2 -0.2 -0.2 0.08 0.069 0.086 0.021 0.036 0.057 0 0 1 0 0 0
2001-09-11T06:30:00 2001 9 11 6 30 0 -2.1 1.6 279.0 5.8 2.02 0.28 0.01 0.0 2 2 2 0 0 2 2 1 0.3 1.02 12.0 1.6 1.6 1.6 1.6 1.6 1.6 0.054 0.034 0.084 0.012 0.011 0.024 0 0 1 0 0 0
2001-09-11T07:30:00 2001 9 11 7 30 0 0.3 2.3 275.0 5.92 2.02 0.02 0.0 0.0 2 2 2 1 0 2 2 2 0.3 0.93 15.0 2.3 2.3 2.3 2.3 2.3 2.3 0.037 0.017 0.081 0.007 0.004 0.01 0 0 1 0 0 0
2001-09-11T08:30:00 2001 9 11 8 30 0 0.4 2.7 277.0 6.15 2.01 0.0 0.0 0.0 2 2 2 1 1 2 2 2 0.3 0.8 14.0 2.7 2.7 2.7 2.7 2.7 2.7 0.025 0.009 0.079 0.004 0.001 0.004 0 0 1 0 0 0
2001-09-11T09:30:00 2001 9 11 9 30 0 0.3 1.8 276.0 6.38 1.84 0.0 0.0 0.0 2 2 2 1 1 2 2 2 1.0 0.77 13.0 1.8 1.8 1.8 1.8 1.8 1.8 0.017 0.004 0.076 0.002 0.0 0.002 0 0 1 0 0 0
2001-09-11T10:30:00 2001 9 11 10 30 0 2.0 0.7 290.0 6.61 1.67 0.05 0.0 0.0 2 2 2 1 1 2 2 2 1.0 0.74 11.0 0.7 0.7 0.7 0.7 0.7 0.7 0.011 0.002 0.074 0.001 0.0 0.001 0 0 1 0 0 0
2001-09-11T11:30:00 2001 9 11 11 30 0 2.7 0.1 298.0 6.8 1.5 0.28 0.0 0.0 2 2 2 1 1 2 2 2 1.0 0.74 8.0 0.1 0.1 0.1 0.1 0.1 0.1 0.008 0.001 0.072 0.001 0.0 0.0 0 0 1 0 0 0
2001-09-11T12:30:00 2001 9 11 12 30 0 1.4 1.3 295.0 6.8 1.45 0.17 0.0 0.0 2 2 2 1 1 2 2 2 2.7 0.97 12.0 1.3 1.3 1.3 1.3 1.3 1.3 0.005 0.001 0.07 0.0 0.0 0.0 0 0 1 0 0 0
2001-09-11T13:30:00 2001 9 11 13 30 0 1.5 -3.3 326.0 6.8 1.45 0.76 2.12 1.44 2 2 2 2 2 2 2 2 2.7 1.19 12.0 -3.3 -3.3 -3.3 -3.3 -3.3 -3.3 0.135 0.293 0.074 0.135 0.304 0.348 2 2 1 2 2 2
2001-09-11T14:30:00 2001 9 11 14 30 0 -2.7 -0.5 371.0 14.3 3.83 0.99 3.07 3.06 2 2 2 2 2 2 2 2 2.7 1.49 17.0 -0.5 -0.5 -0.5 -0.5 -0.5 -0.5 0.239 0.47 0.08 0.2 0.431 0.923 2 2 1 2 2 2
2001-09-11T15:30:00 2001 9 11 15 30 0 -7.8 -3.6 371.0 21.4 5.77 4.27 4.04 7.67 2 2 2 2 2 2 2 2 3.0 1.83 24.0 -3.6 -3.6 -3.6 -3.6 -3.6 -3.6 0.481 0.895 0.099 0.479 0.911 2.914 2 2 1 2 2 2
2001-09-11T16:30:00 2001 9 11 16 30 0 -9.1 -2.7 369.0 19.8 5.29 8.52 5.76 11.84 2 2 2 2 2 2 2 2 3.0 2.16 16.0 -2.7 -2.7 -2.7 -2.7 -2.7 -2.7 0.704 1.193 0.125 0.708 1.125 4.043 2 2 2 2 2 2
2001-09-11T17:30:00 2001 9 11 17 30 0 -6.8 -6.3 350.0 20.9 5.03 10.09 8.31 17.01 2 2 2 2 2 2 2 2 3.0 2.41 9.0 -6.3 -6.3 -6.3 -6.3 -6.3 -6.3 1.054 1.664 0.172 1.238 1.526 5.187 2 2 2 2 2 2
2001-09-11T18:30:00 2001 9 11 18 30 0 1.9 -8.3 343.0 15.1 3.35 11.01 12.78 22.53 2 2 2 2 2 2 2 2 3.3 2.69 -8.0 -8.3 -8.3 -8.3 -8.3 -8.3 -8.3 1.462 2.1 0.242 1.939 1.823 5.277 2 2 2 2 2 2
2001-09-11T19:30:00 2001 9 11 19 30 0 9.9 -3.9 343.0 7.1 1.65 10.6 10.15 11.42 2 2 2 2 2 2 2 2 3.3 2.97 -23.0 -3.9 -3.9 -3.9 -3.9 -3.9 -3.9 1.441 1.817 0.276 1.725 1.375 3.447 2 2 2 2 2 2
2001-09-11T20:30:00 2001 9 11 20 30 0 8.8 -1.3 373.0 9.4 2.55 8.42 4.44 3.63 2 2 2 2 2 2 2 2 3.3 3.04 -13.0 -1.3 -1.3 -1.3 -1.3 -1.3 -1.3 1.174 1.296 0.281 1.161 0.872 2.163 2 2 2 2 2 2
2001-09-11T21:30:00 2001 9 11 21 30 0 8.8 -5.1 388.0 4.7 1.36 9.72 6.42 4.11 2 2 2 2 2 2 2 2 2.7 3.04 -11.0 -5.1 -5.1 -5.1 -5.1 -5.1 -5.1 1.088 1.148 0.297 1.029 0.926 1.631 2 2 2 2 2 2
2001-09-11T22:30:00 2001 9 11 22 30 0 8.5 -5.7 397.0 4.1 1.26 13.65 10.66 4.66 2 2 2 2 2 2 2 2 2.7 3.04 -11.0 -5.7 -5.7 -5.7 -5.7 -5.7 -5.7 1.103 1.127 0.328 1.118 1.047 1.293 2 2 2 2 2 2
2001-09-11T23:30:00 2001 9 11 23 30 0 7.3 -4.0 404.0 3.9 1.23 11.44 9.57 3.83 2 2 2 2 2 2 2 2 2.7 3.0 -9.0 -4.0 -4.0 -4.0 -4.0 -4.0 -4.0 1.055 1.034 0.349 1.048 0.984 1.061 2 2 2 2 2 2
