2001-03-29T00:30:00 2001 3 29 0 30 0 1.8 -2.1 566.0 3.0 1.72 1.6 4.89 1.38 2 2 2 2 2 2 2 2 3.7 3.68 -53.0 -2.1 -2.1 -2.1 -2.1 -2.1 -2.1 0.311 0.364 0.491 0.261 0.697 0.696 2 2 2 2 2 2
2001-03-29T01:30:00 2001 3 29 1 30 0 1.0 -2.3 560.0 3.2 1.84 1.99 6.21 1.93 2 2 2 2 2 2 2 2 3.7 3.45 -53.0 -2.3 -2.3 -2.3 -2.3 -2.3 -2.3 0.407 0.462 0.5 0.377 0.849 0.888 2 2 2 2 2 2
2001-03-29T02:30:00 2001 3 29 2 30 0 0.3 -0.6 547.0 4.1 2.25 0.8 3.82 1.37 2 2 2 2 2 2 2 2 3.7 3.53 -45.0 -0.6 -0.6 -0.6 -0.6 -0.6 -0.6 0.394 0.42 0.497 0.319 0.661 0.86 2 2 2 2 2 2
2001-03-29T03:30:00 2001 3 29 3 30 0 0.3 -1.7 544.0 3.0 1.64 0.52 3.26 1.12 2 2 2 2 2 2 2 2 4.0 3.66 -45.0 -1.7 -1.7 -1.7 -1.7 -1.7 -1.7 0.39 0.411 0.493 0.296 0.643 0.811 2 2 2 2 2 2
2001-03-29T04:30:00 2001 3 29 4 30 0 0.3 -2.9 533.0 2.5 1.3 1.8 6.32 1.71 2 2 2 2 2 2 2 2 4.0 3.78 -51.0 -2.9 -2.9 -2.9 -2.9 -2.9 -2.9 0.459 0.483 0.501 0.402 0.796 0.794 2 2 2 2 2 2
2001-03-29T05:30:00 2001 3 29 5 30 0 1.7 -2.5 550.0 4.3 2.39 2.52 7.27 2.51 2 2 2 2 2 2 2 2 4.0 3.82 -47.0 -2.5 -2.5 -2.5 -2.5 -2.5 -2.5 0.546 0.576 0.515 0.518 0.968 1.092 2 2 2 2 2 2
2001-03-29T06:30:00 2001 3 29 6 30 0 0.4 -1.1 552.0 7.1 4.77 1.26 4.8 2.7 2 2 2 2 2 2 2 2 4.7 3.95 -31.0 -1.1 -1.1 -1.1 -1.1 -1.1 -1.1 0.553 0.58 0.519 0.478 0.911 1.559 2 2 2 2 2 2
2001-03-29T07:30:00 2001 3 29 7 30 0 1.7 -0.3 547.0 6.6 4.66 0.39 1.83 1.26 2 2 2 2 2 2 2 2 4.7 4.07 -33.0 -0.3 -0.3 -0.3 -0.3 -0.3 -0.3 0.454 0.443 0.509 0.322 0.59 1.356 2 2 2 2 2 2
2001-03-29T08:30:00 2001 3 29 8 30 0 0.7 1.1 560.0 7.2 4.66 0.13 0.06 0.04 2 2 2 2 2 2 2 2 4.7 4.2 -32.0 1.1 1.1 1.1 1.1 1.1 1.1 0.308 0.22 0.493 0.18 0.187 0.563 2 2 2 2 2 2
2001-03-29T09:30:00 2001 3 29 9 30 0 0.2 2.3 553.0 7.6 4.75 0.0 0.0 0.0 2 2 2 2 2 2 2 2 3.7 4.19 -30.0 2.3 2.3 2.3 2.3 2.3 2.3 0.208 0.109 0.478 0.101 0.059 0.233 2 2 2 2 2 2
2001-03-29T10:30:00 2001 3 29 10 30 0 0.5 1.0 542.0 7.5 4.5 0.0 0.0 0.0 2 2 2 2 2 2 2 2 3.7 4.19 -23.0 1.0 1.0 1.0 1.0 1.0 1.0 0.141 0.054 0.463 0.057 0.019 0.097 2 2 2 2 2 2
2001-03-29T11:30:00 2001 3 29 11 30 0 0.1 1.5 531.0 5.5 3.22 0.0 0.0 0.0 2 2 2 2 2 2 2 2 3.7 4.14 -28.0 1.5 1.5 1.5 1.5 1.5 1.5 0.095 0.027 0.449 0.032 0.006 0.04 2 2 2 2 2 2
2001-03-29T12:30:00 2001 3 29 12 30 0 -1.1 0.6 521.0 5.9 3.47 0.02 0.0 0.0 2 2 2 2 2 2 2 2 3.3 4.05 -27.0 0.6 0.6 0.6 0.6 0.6 0.6 0.065 0.013 0.436 0.018 0.002 0.017 2 2 2 2 2 2
2001-03-29T13:30:00 2001 3 29 13 30 0 -0.3 0.2 520.0 5.0 2.83 0.03 0.0 0.0 2 2 2 2 2 2 2 2 3.3 3.96 -28.0 0.2 0.2 0.2 0.2 0.2 0.2 0.044 0.007 0.422 0.01 0.001 0.007 2 2 2 2 2 2
2001-03-29T14:30:00 2001 3 29 14 30 0 0.6 0.1 511.0 3.5 1.86 0.01 0.0 0.0 2 2 2 2 2 2 2 2 3.3 3.78 -28.0 0.1 0.1 0.1 0.1 0.1 0.1 0.03 0.003 0.409 0.006 0.0 0.003 2 2 2 2 2 2
2001-03-29T15:30:00 2001 3 29 15 30 0 1.7 0.1 502.0 5.3 3.08 0.15 0.0 0.0 2 2 2 2 2 2 2 2 4.0 3.71 -20.0 0.1 0.1 0.1 0.1 0.1 0.1 0.02 0.002 0.397 0.003 0.0 0.001 2 2 2 2 2 2
2001-03-29T16:30:00 2001 3 29 16 30 0 -0.1 -0.3 496.0 4.6 2.66 0.1 0.31 0.15 2 2 2 2 2 2 2 2 4.0 3.63 -30.0 -0.3 -0.3 -0.3 -0.3 -0.3 -0.3 0.034 0.055 0.385 0.011 0.102 0.177 2 2 2 2 2 2
2001-03-29T17:30:00 2001 3 29 17 30 0 -1.4 -0.5 488.0 2.2 1.12 0.17 1.0 0.32 2 2 2 2 2 2 2 2 4.0 3.67 -28.0 -0.5 -0.5 -0.5 -0.5 -0.5 -0.5 0.064 0.116 0.376 0.029 0.189 0.239 2 2 2 2 2 2
2001-03-29T18:30:00 2001 3 29 18 30 0 -0.5 -0.5 480.0 4.1 1.87 0.21 1.21 0.39 2 2 2 2 2 2 2 2 2.0 3.45 -23.0 -0.5 -0.5 -0.5 -0.5 -0.5 -0.5 0.092 0.162 0.367 0.045 0.243 0.317 2 2 2 2 2 2
2001-03-29T19:30:00 2001 3 29 19 30 0 2.2 -0.6 486.0 4.2 2.02 0.31 1.34 0.56 2 2 2 2 2 2 2 2 2.0 3.23 -21.0 -0.6 -0.6 -0.6 -0.6 -0.6 -0.6 0.122 0.205 0.359 0.062 0.294 0.424 2 2 2 2 2 2
2001-03-29T20:30:00 2001 3 29 20 30 0 1.6 0.5 483.0 4.3 2.22 0.39 0.34 0.14 2 2 2 2 2 2 2 2 2.0 3.06 -22.0 0.5 0.5 0.5 0.5 0.5 0.5 0.092 0.124 0.348 0.039 0.124 0.233 2 2 2 2 2 2
2001-03-29T21:30:00 2001 3 29 21 30 0 0.8 0.9 474.0 3.8 1.76 0.07 0.0 0.0 2 2 2 2 2 2 2 2 2.7 2.98 -26.0 0.9 0.9 0.9 0.9 0.9 0.9 0.062 0.061 0.337 0.022 0.039 0.097 2 2 2 2 2 2
2001-03-29T22:30:00 2001 3 29 22 30 0 1.4 -0.1 476.0 2.8 1.31 0.1 0.02 0.01 2 2 2 2 2 2 2 2 2.7 2.91 -31.0 -0.1 -0.1 -0.1 -0.1 -0.1 -0.1 0.045 0.041 0.327 0.013 0.032 0.063 2 2 2 2 2 2
2001-03-29T23:30:00 2001 3 29 23 30 0 1.7 -0.3 466.0 3.8 1.71 0.3 0.49 0.17 2 2 2 2 2 2 2 2 2.7 2.75 -31.0 -0.3 -0.3 -0.3 -0.3 -0.3 -0.3 0.055 0.083 0.318 0.018 0.116 0.163 2 2 2 2 2 2
