2001-04-15T00:30:00 2001 4 15 0 30 0 0.6 -1.2 585.0 1.8 1.23 0.73 3.94 0.67 2 2 2 2 2 2 2 2 2.7 2.5 -36.0 -1.2 -1.2 -1.2 -1.2 -1.2 -1.2 0.216 0.255 0.966 0.171 0.51 0.356 2 2 2 2 2 2
2001-04-15T01:30:00 2001 4 15 1 30 0 2.5 -0.2 580.0 2.0 1.14 0.65 1.92 0.36 2 2 2 2 2 2 2 2 2.7 2.44 -36.0 -0.2 -0.2 -0.2 -0.2 -0.2 -0.2 0.195 0.209 0.94 0.128 0.345 0.299 2 2 2 2 2 2
2001-04-15T02:30:00 2001 4 15 2 30 0 0.5 -1.4 566.0 2.1 1.14 0.67 2.43 0.5 2 2 2 2 2 2 2 2 2.7 2.44 -37.0 -1.4 -1.4 -1.4 -1.4 -1.4 -1.4 0.214 0.239 0.919 0.144 0.428 0.361 2 2 2 2 2 2
2001-04-15T03:30:00 2001 4 15 3 30 0 -1.6 -1.8 552.0 1.8 0.94 1.03 4.51 0.87 2 2 2 2 2 2 2 2 3.3 2.52 -34.0 -1.8 -1.8 -1.8 -1.8 -1.8 -1.8 0.269 0.302 0.904 0.207 0.547 0.411 2 2 2 2 2 2
2001-04-15T04:30:00 2001 4 15 4 30 0 -2.7 -1.6 564.0 1.8 0.98 1.82 4.72 0.85 2 2 2 2 2 2 2 2 3.3 2.6 -35.0 -1.6 -1.6 -1.6 -1.6 -1.6 -1.6 0.305 0.329 0.889 0.241 0.578 0.418 2 2 2 2 2 2
2001-04-15T05:30:00 2001 4 15 5 30 0 -2.1 -1.7 558.0 1.6 0.86 1.91 4.64 0.78 2 2 2 2 2 2 2 2 3.3 2.77 -33.0 -1.7 -1.7 -1.7 -1.7 -1.7 -1.7 0.325 0.336 0.875 0.256 0.575 0.397 2 2 2 2 2 2
2001-04-15T06:30:00 2001 4 15 6 30 0 -0.7 -2.7 555.0 1.2 0.64 2.04 6.23 0.85 2 2 2 2 2 2 2 2 2.7 2.85 -35.0 -2.7 -2.7 -2.7 -2.7 -2.7 -2.7 0.366 0.363 0.866 0.315 0.635 0.362 2 2 2 2 2 2
2001-04-15T07:30:00 2001 4 15 7 30 0 -0.1 -2.2 550.0 1.2 0.64 1.96 6.71 0.81 2 2 2 2 2 2 2 2 2.7 2.93 -34.0 -2.2 -2.2 -2.2 -2.2 -2.2 -2.2 0.388 0.367 0.857 0.339 0.625 0.32 2 2 2 2 2 2
2001-04-15T08:30:00 2001 4 15 8 30 0 1.5 -2.3 565.0 0.7 0.4 1.83 6.29 0.58 2 2 2 2 2 2 2 2 2.7 2.92 -37.0 -2.3 -2.3 -2.3 -2.3 -2.3 -2.3 0.383 0.338 0.846 0.326 0.565 0.245 2 2 2 2 2 2
2001-04-15T09:30:00 2001 4 15 9 30 0 1.5 -0.1 535.0 1.1 0.56 0.93 3.07 0.26 2 2 2 2 2 2 2 2 1.7 2.79 -37.0 -0.1 -0.1 -0.1 -0.1 -0.1 -0.1 0.309 0.242 0.825 0.223 0.333 0.161 2 2 2 2 2 2
2001-04-15T10:30:00 2001 4 15 10 30 0 -0.3 -1.9 504.0 1.2 0.55 0.53 2.76 0.32 2 2 2 2 2 2 2 2 1.7 2.66 -38.0 -1.9 -1.9 -1.9 -1.9 -1.9 -1.9 0.285 0.242 0.806 0.195 0.36 0.168 2 2 2 2 2 2
2001-04-15T11:30:00 2001 4 15 11 30 0 0.9 -1.9 496.0 1.2 0.54 1.12 4.75 0.57 2 2 2 2 2 2 2 2 1.7 2.46 -38.0 -1.9 -1.9 -1.9 -1.9 -1.9 -1.9 0.3 0.279 0.791 0.217 0.426 0.189 2 2 2 2 2 2
2001-04-15T12:30:00 2001 4 15 12 30 0 0.5 -2.0 499.0 1.1 0.51 1.22 4.86 0.56 2 2 2 2 2 2 2 2 4.3 2.6 -35.0 -2.0 -2.0 -2.0 -2.0 -2.0 -2.0 0.311 0.297 0.778 0.232 0.447 0.191 2 2 2 2 2 2
2001-04-15T13:30:00 2001 4 15 13 30 0 0.7 -2.1 496.0 1.2 0.55 1.31 5.11 0.59 2 2 2 2 2 2 2 2 4.3 2.74 -30.0 -2.1 -2.1 -2.1 -2.1 -2.1 -2.1 0.324 0.313 0.765 0.248 0.468 0.199 2 2 2 2 2 2
2001-04-15T14:30:00 2001 4 15 14 30 0 -0.6 -2.1 499.0 1.3 0.61 1.33 5.23 0.66 2 2 2 2 2 2 2 2 4.3 2.95 -29.0 -2.1 -2.1 -2.1 -2.1 -2.1 -2.1 0.338 0.33 0.753 0.265 0.49 0.217 2 2 2 2 2 2
2001-04-15T15:30:00 2001 4 15 15 30 0 -1.5 -1.3 503.0 1.5 0.78 1.06 4.18 0.58 2 2 2 2 2 2 2 2 2.3 2.89 -29.0 -1.3 -1.3 -1.3 -1.3 -1.3 -1.3 0.326 0.314 0.739 0.239 0.447 0.227 2 2 2 2 2 2
2001-04-15T16:30:00 2001 4 15 16 30 0 0.5 0.3 505.0 1.7 0.87 0.2 1.2 0.19 2 2 2 2 2 2 2 2 2.3 2.84 -30.0 0.3 0.3 0.3 0.3 0.3 0.3 0.246 0.2 0.718 0.149 0.216 0.143 2 2 2 2 2 2
2001-04-15T17:30:00 2001 4 15 17 30 0 0.1 -0.5 503.0 1.9 0.96 0.03 0.45 0.08 2 2 2 2 2 2 2 2 2.3 2.9 -25.0 -0.5 -0.5 -0.5 -0.5 -0.5 -0.5 0.187 0.146 0.697 0.095 0.163 0.127 2 2 2 2 2 2
2001-04-15T18:30:00 2001 4 15 18 30 0 -2.2 -1.6 508.0 2.2 1.14 0.69 2.77 0.58 2 2 2 2 2 2 2 2 2.0 2.92 -22.0 -1.6 -1.6 -1.6 -1.6 -1.6 -1.6 0.218 0.227 0.683 0.134 0.359 0.259 2 2 2 2 2 2
2001-04-15T19:30:00 2001 4 15 19 30 0 -3.1 -2.0 496.0 1.9 0.93 2.11 4.55 0.93 2 2 2 2 2 2 2 2 2.0 2.95 -21.0 -2.0 -2.0 -2.0 -2.0 -2.0 -2.0 0.276 0.311 0.674 0.206 0.496 0.336 2 2 2 2 2 2
2001-04-15T20:30:00 2001 4 15 20 30 0 -3.5 -2.2 487.0 2.2 1.04 2.91 5.18 1.07 2 2 2 2 2 2 2 2 2.0 2.66 -20.0 -2.2 -2.2 -2.2 -2.2 -2.2 -2.2 0.332 0.376 0.668 0.271 0.572 0.391 2 2 2 2 2 2
2001-04-15T21:30:00 2001 4 15 21 30 0 -3.0 -2.8 492.0 1.7 0.82 3.4 6.18 1.19 2 2 2 2 2 2 2 2 2.3 2.42 -21.0 -2.8 -2.8 -2.8 -2.8 -2.8 -2.8 0.388 0.426 0.665 0.342 0.634 0.4 2 2 2 2 2 2
2001-04-15T22:30:00 2001 4 15 22 30 0 -2.6 -2.9 508.0 1.6 0.83 3.6 7.15 1.18 2 2 2 2 2 2 2 2 2.3 2.19 -25.0 -2.9 -2.9 -2.9 -2.9 -2.9 -2.9 0.436 0.453 0.665 0.403 0.679 0.391 2 2 2 2 2 2
2001-04-15T23:30:00 2001 4 15 23 30 0 -3.3 -3.3 502.0 1.8 0.91 4.24 7.86 1.35 2 2 2 2 2 2 2 2 2.3 2.19 -30.0 -3.3 -3.3 -3.3 -3.3 -3.3 -3.3 0.489 0.49 0.668 0.473 0.743 0.421 2 2 2 2 2 2
