2001-09-15T00:30:00 2001 9 15 0 30 0 -1.3 -2.0 452.0 17.4 7.1 6.01 9.3 12.03 2 2 2 2 2 2 2 2 4.0 2.31 -7.0 -2.0 -2.0 -2.0 -2.0 -2.0 -2.0 0.696 1.015 0.298 0.935 1.391 3.901 2 2 2 2 2 2
2001-09-15T01:30:00 2001 9 15 1 30 0 -0.6 2.4 456.0 17.2 7.17 0.21 0.85 1.47 2 2 2 2 2 2 2 2 4.0 2.65 -10.0 2.4 2.4 2.4 2.4 2.4 2.4 0.503 0.565 0.291 0.546 0.514 1.967 2 2 2 2 2 2
2001-09-15T02:30:00 2001 9 15 2 30 0 -2.0 2.9 467.0 15.5 6.53 0.04 0.0 0.0 2 2 2 2 2 2 2 2 4.0 3.02 -5.0 2.9 2.9 2.9 2.9 2.9 2.9 0.34 0.281 0.282 0.306 0.163 0.816 2 2 2 2 2 2
2001-09-15T03:30:00 2001 9 15 3 30 0 -3.5 4.9 500.0 9.7 4.55 0.18 0.0 0.0 2 2 2 2 2 2 2 2 2.7 3.22 -7.0 4.9 4.9 4.9 4.9 4.9 4.9 0.23 0.139 0.273 0.171 0.052 0.338 2 2 2 2 2 2
2001-09-15T04:30:00 2001 9 15 4 30 0 -4.4 5.8 516.0 6.7 3.47 0.38 0.0 0.0 2 2 2 2 2 2 2 2 2.7 3.41 -9.0 5.8 5.8 5.8 5.8 5.8 5.8 0.156 0.069 0.265 0.096 0.016 0.14 2 2 2 2 2 2
2001-09-15T05:30:00 2001 9 15 5 30 0 -6.9 4.3 508.0 6.9 3.5 1.18 0.0 0.0 2 2 2 2 2 2 2 2 2.7 3.33 -5.0 4.3 4.3 4.3 4.3 4.3 4.3 0.106 0.034 0.257 0.054 0.005 0.058 2 2 2 2 2 2
2001-09-15T06:30:00 2001 9 15 6 30 0 -6.1 5.2 522.0 6.6 3.51 1.59 0.0 0.0 2 2 2 2 2 2 2 2 2.7 3.25 -3.0 5.2 5.2 5.2 5.2 5.2 5.2 0.072 0.017 0.249 0.03 0.002 0.024 2 2 2 2 2 2
2001-09-15T07:30:00 2001 9 15 7 30 0 -6.1 5.3 511.0 7.0 3.49 1.26 0.0 0.0 2 2 2 2 2 2 2 2 2.7 3.17 -2.0 5.3 5.3 5.3 5.3 5.3 5.3 0.048 0.008 0.241 0.017 0.001 0.01 2 2 2 2 2 2
2001-09-15T08:30:00 2001 9 15 8 30 0 -6.3 0.9 511.0 7.9 3.86 2.08 0.0 0.0 2 2 2 2 2 2 2 2 2.7 3.01 0.0 0.9 0.9 0.9 0.9 0.9 0.9 0.033 0.004 0.234 0.009 0.0 0.004 2 2 2 2 2 2
2001-09-15T09:30:00 2001 9 15 9 30 0 -2.6 4.1 528.0 8.2 4.15 1.07 0.0 0.0 2 2 2 2 2 2 2 2 3.7 2.99 -3.0 4.1 4.1 4.1 4.1 4.1 4.1 0.022 0.002 0.227 0.005 0.0 0.002 2 2 2 2 2 2
2001-09-15T10:30:00 2001 9 15 10 30 0 -3.2 9.1 554.0 6.5 3.69 0.13 0.0 0.0 2 2 2 2 2 2 2 2 3.7 2.96 0.0 9.1 9.1 9.1 9.1 9.1 9.1 0.015 0.001 0.22 0.003 0.0 0.001 2 2 2 2 2 2
2001-09-15T11:30:00 2001 9 15 11 30 0 -7.3 -0.8 545.0 6.6 3.65 2.06 0.18 0.12 2 2 2 2 2 2 2 2 3.7 3.09 2.0 -0.8 -0.8 -0.8 -0.8 -0.8 -0.8 0.04 0.064 0.215 0.026 0.146 0.284 2 2 2 2 2 2
2001-09-15T12:30:00 2001 9 15 12 30 0 -2.9 2.8 566.0 5.8 3.5 2.3 0.16 0.1 2 2 2 2 2 2 2 2 3.7 3.21 -12.0 2.8 2.8 2.8 2.8 2.8 2.8 0.027 0.032 0.209 0.015 0.046 0.118 2 2 2 2 2 2
2001-09-15T13:30:00 2001 9 15 13 30 0 -2.7 4.3 570.0 5.2 3.25 0.23 0.0 0.0 2 2 2 2 2 2 2 2 3.7 3.34 -19.0 4.3 4.3 4.3 4.3 4.3 4.3 0.019 0.016 0.202 0.008 0.015 0.049 2 2 2 2 2 2
2001-09-15T14:30:00 2001 9 15 14 30 0 -4.6 1.6 578.0 4.7 2.99 0.71 0.0 0.0 2 2 2 2 2 2 2 2 3.7 3.46 -18.0 1.6 1.6 1.6 1.6 1.6 1.6 0.013 0.008 0.196 0.005 0.005 0.02 2 2 2 2 2 2
2001-09-15T15:30:00 2001 9 15 15 30 0 2.6 -2.6 603.0 4.6 3.23 1.15 2.74 1.27 2 2 2 2 2 2 2 2 3.7 3.58 -17.0 -2.6 -2.6 -2.6 -2.6 -2.6 -2.6 0.149 0.223 0.206 0.172 0.566 0.797 2 2 2 2 2 2
2001-09-15T16:30:00 2001 9 15 16 30 0 0.0 -0.3 585.0 5.1 3.29 1.2 4.03 1.94 2 2 2 2 2 2 2 2 3.7 3.7 -21.0 -0.3 -0.3 -0.3 -0.3 -0.3 -0.3 0.229 0.309 0.215 0.218 0.615 1.077 2 2 2 2 2 2
2001-09-15T17:30:00 2001 9 15 17 30 0 -4.1 -0.3 583.0 5.2 3.29 0.89 0.88 0.45 2 2 2 2 2 2 2 2 3.7 3.7 -20.0 -0.3 -0.3 -0.3 -0.3 -0.3 -0.3 0.198 0.246 0.21 0.144 0.399 0.877 2 2 2 2 2 2
2001-09-15T18:30:00 2001 9 15 18 30 0 -5.2 -2.0 573.0 4.7 2.88 3.82 3.52 1.71 2 2 2 2 2 2 2 2 4.3 3.78 -20.0 -2.0 -2.0 -2.0 -2.0 -2.0 -2.0 0.292 0.378 0.22 0.246 0.712 1.24 2 2 2 2 2 2
2001-09-15T19:30:00 2001 9 15 19 30 0 -1.7 -0.6 581.0 5.1 3.22 2.48 3.58 1.75 2 2 2 2 2 2 2 2 4.3 3.86 -22.0 -0.6 -0.6 -0.6 -0.6 -0.6 -0.6 0.325 0.394 0.226 0.251 0.674 1.267 2 2 2 2 2 2
2001-09-15T20:30:00 2001 9 15 20 30 0 -1.7 -2.0 576.0 5.5 3.4 1.23 3.92 2.1 2 2 2 2 2 2 2 2 4.3 3.93 -16.0 -2.0 -2.0 -2.0 -2.0 -2.0 -2.0 0.397 0.478 0.238 0.329 0.858 1.582 2 2 2 2 2 2
2001-09-15T21:30:00 2001 9 15 21 30 0 -2.0 0.9 559.0 5.5 3.13 0.73 1.74 0.96 2 2 2 2 2 2 2 2 2.7 3.8 -19.0 0.9 0.9 0.9 0.9 0.9 0.9 0.319 0.317 0.236 0.224 0.419 0.954 2 2 2 2 2 2
2001-09-15T22:30:00 2001 9 15 22 30 0 -2.9 0.8 554.0 5.1 2.91 0.45 0.0 0.0 2 2 2 2 2 2 2 2 2.7 3.67 -15.0 0.8 0.8 0.8 0.8 0.8 0.8 0.216 0.157 0.229 0.125 0.133 0.396 2 2 2 2 2 2
2001-09-15T23:30:00 2001 9 15 23 30 0 -3.8 -0.4 575.0 4.8 2.99 1.28 0.24 0.12 2 2 2 2 2 2 2 2 2.7 3.54 -9.0 -0.4 -0.4 -0.4 -0.4 -0.4 -0.4 0.165 0.124 0.222 0.081 0.153 0.369 2 2 2 2 2 2
