2001-12-27T00:30:00 2001 12 27 0 30 0 -4.3 -3.7 391.0 5.8 1.8 3.7 5.65 3.16 2 2 2 2 2 2 2 2 2.3 2.23 -27.0 -3.7 -3.7 -3.7 -3.7 -3.7 -3.7 0.455 0.622 0.339 0.407 0.674 0.836 2 2 2 2 2 2
2001-12-27T01:30:00 2001 12 27 1 30 0 -5.4 -1.9 388.0 6.0 1.83 4.33 5.31 3.13 2 2 2 2 2 2 2 2 2.3 2.3 -33.0 -1.9 -1.9 -1.9 -1.9 -1.9 -1.9 0.516 0.685 0.344 0.45 0.689 0.935 2 2 2 2 2 2
2001-12-27T02:30:00 2001 12 27 2 30 0 -4.0 0.5 370.0 5.3 1.48 2.06 1.29 0.75 2 2 2 2 2 2 2 2 2.3 2.3 -30.0 0.5 0.5 0.5 0.5 0.5 0.5 0.393 0.433 0.336 0.28 0.317 0.54 2 2 2 2 2 2
2001-12-27T03:30:00 2001 12 27 3 30 0 -3.5 0.3 367.0 5.0 1.36 0.89 0.0 0.0 2 2 2 2 2 2 2 2 1.0 2.13 -24.0 0.3 0.3 0.3 0.3 0.3 0.3 0.266 0.215 0.326 0.157 0.1 0.224 2 2 2 2 2 2
2001-12-27T04:30:00 2001 12 27 4 30 0 -0.6 1.5 368.0 6.2 1.6 0.22 0.0 0.0 2 2 2 2 2 2 2 2 1.0 1.96 -20.0 1.5 1.5 1.5 1.5 1.5 1.5 0.18 0.107 0.316 0.088 0.032 0.093 2 2 2 2 2 2
2001-12-27T05:30:00 2001 12 27 5 30 0 -2.4 1.5 368.0 5.9 1.49 0.08 0.0 0.0 2 2 2 2 2 2 2 2 1.0 1.8 -16.0 1.5 1.5 1.5 1.5 1.5 1.5 0.122 0.053 0.306 0.049 0.01 0.039 2 2 2 2 2 2
2001-12-27T06:30:00 2001 12 27 6 30 0 -6.3 -0.4 373.0 6.3 1.71 1.45 0.11 0.07 2 2 2 2 2 2 2 2 1.0 1.63 -13.0 -0.4 -0.4 -0.4 -0.4 -0.4 -0.4 0.095 0.063 0.297 0.034 0.052 0.091 2 2 2 2 2 2
2001-12-27T07:30:00 2001 12 27 7 30 0 -6.7 0.0 374.0 5.5 1.5 3.15 0.34 0.21 2 2 2 2 2 2 2 2 1.0 1.47 -14.0 0.0 0.0 0.0 0.0 0.0 0.0 0.079 0.076 0.289 0.024 0.063 0.125 2 2 2 2 2 2
2001-12-27T08:30:00 2001 12 27 8 30 0 -6.0 0.7 391.0 5.5 1.6 2.68 0.0 0.0 2 2 2 2 2 2 2 2 1.0 1.31 -18.0 0.7 0.7 0.7 0.7 0.7 0.7 0.054 0.038 0.28 0.014 0.02 0.052 2 2 2 2 2 2
2001-12-27T09:30:00 2001 12 27 9 30 0 -6.2 1.8 381.0 6.0 1.7 2.03 0.0 0.0 2 2 2 2 2 2 2 2 1.3 1.19 -18.0 1.8 1.8 1.8 1.8 1.8 1.8 0.036 0.019 0.271 0.008 0.006 0.022 2 2 2 2 2 2
2001-12-27T10:30:00 2001 12 27 10 30 0 -6.1 -1.7 393.0 6.1 1.82 2.97 0.95 0.58 2 2 2 2 2 2 2 2 1.3 1.08 -16.0 -1.7 -1.7 -1.7 -1.7 -1.7 -1.7 0.089 0.153 0.266 0.061 0.206 0.277 2 2 2 2 2 2
2001-12-27T11:30:00 2001 12 27 11 30 0 -7.1 -0.9 387.0 5.8 1.64 4.36 2.47 1.47 2 2 2 2 2 2 2 2 1.3 1.12 -17.0 -0.9 -0.9 -0.9 -0.9 -0.9 -0.9 0.168 0.302 0.264 0.117 0.346 0.506 2 2 2 2 2 2
2001-12-27T12:30:00 2001 12 27 12 30 0 -6.6 -1.6 382.0 6.1 1.7 4.5 2.46 1.47 2 2 2 2 2 2 2 2 1.7 1.21 -17.0 -1.6 -1.6 -1.6 -1.6 -1.6 -1.6 0.235 0.405 0.263 0.166 0.43 0.638 2 2 2 2 2 2
2001-12-27T13:30:00 2001 12 27 13 30 0 -6.8 -0.6 372.0 5.6 1.5 4.09 2.0 1.17 2 2 2 2 2 2 2 2 1.7 1.3 -15.0 -0.6 -0.6 -0.6 -0.6 -0.6 -0.6 0.244 0.391 0.259 0.153 0.357 0.571 2 2 2 2 2 2
2001-12-27T14:30:00 2001 12 27 14 30 0 -6.0 -2.7 364.0 4.7 1.19 4.35 3.19 1.6 2 2 2 2 2 2 2 2 1.7 1.38 -9.0 -2.7 -2.7 -2.7 -2.7 -2.7 -2.7 0.315 0.492 0.26 0.23 0.473 0.601 2 2 2 2 2 2
2001-12-27T15:30:00 2001 12 27 15 30 0 -5.1 -3.3 363.0 4.8 1.17 4.95 5.5 2.61 2 2 2 2 2 2 2 2 2.0 1.51 -5.0 -3.3 -3.3 -3.3 -3.3 -3.3 -3.3 0.43 0.637 0.268 0.373 0.617 0.679 2 2 2 2 2 2
2001-12-27T16:30:00 2001 12 27 16 30 0 -4.8 -2.9 346.0 4.8 1.08 4.38 5.46 2.62 2 2 2 2 2 2 2 2 2.0 1.63 -7.0 -2.9 -2.9 -2.9 -2.9 -2.9 -2.9 0.5 0.702 0.274 0.438 0.628 0.675 2 2 2 2 2 2
2001-12-27T17:30:00 2001 12 27 17 30 0 -5.2 -4.6 377.0 4.7 1.24 5.66 6.95 3.3 2 2 2 2 2 2 2 2 2.0 1.72 -7.0 -4.6 -4.6 -4.6 -4.6 -4.6 -4.6 0.612 0.817 0.288 0.594 0.774 0.785 2 2 2 2 2 2
2001-12-27T18:30:00 2001 12 27 18 30 0 -5.4 -4.4 354.0 4.4 1.05 7.01 8.19 3.72 2 2 2 2 2 2 2 2 2.7 1.9 -15.0 -4.4 -4.4 -4.4 -4.4 -4.4 -4.4 0.706 0.893 0.305 0.712 0.82 0.801 2 2 2 2 2 2
2001-12-27T19:30:00 2001 12 27 19 30 0 -6.1 -3.9 352.0 5.8 1.33 6.65 7.29 3.75 2 2 2 2 2 2 2 2 2.7 2.07 -18.0 -3.9 -3.9 -3.9 -3.9 -3.9 -3.9 0.758 0.936 0.318 0.748 0.818 0.868 2 2 2 2 2 2
2001-12-27T20:30:00 2001 12 27 20 30 0 -6.9 -1.3 351.0 6.1 1.38 5.17 4.38 2.6 2 2 2 2 2 2 2 2 2.7 2.2 -16.0 -1.3 -1.3 -1.3 -1.3 -1.3 -1.3 0.684 0.798 0.319 0.583 0.618 0.786 2 2 2 2 2 2
2001-12-27T21:30:00 2001 12 27 21 30 0 -6.2 0.1 353.0 6.7 1.54 3.25 0.97 0.61 2 2 2 2 2 2 2 2 1.7 2.19 -11.0 0.1 0.1 0.1 0.1 0.1 0.1 0.501 0.49 0.311 0.348 0.286 0.474 2 2 2 2 2 2
2001-12-27T22:30:00 2001 12 27 22 30 0 -5.7 2.8 346.0 6.8 1.51 1.67 0.0 0.0 2 2 2 2 2 2 2 2 1.7 2.19 -7.0 2.8 2.8 2.8 2.8 2.8 2.8 0.339 0.243 0.301 0.195 0.091 0.197 2 2 2 2 2 2
2001-12-27T23:30:00 2001 12 27 23 30 0 -7.6 0.9 359.0 5.7 1.39 2.13 0.0 0.0 2 2 2 2 2 2 2 2 1.7 2.14 -6.0 0.9 0.9 0.9 0.9 0.9 0.9 0.23 0.121 0.292 0.109 0.029 0.082 2 2 2 2 2 2
