2001-11-10T00:30:00 2001 11 10 0 30 0 -1.2 0.9 455.0 2.0 0.73 0.02 0.0 0.0 2 2 2 2 2 2 2 2 1.7 1.76 -37.0 0.9 0.9 0.9 0.9 0.9 0.9 0.066 0.042 0.694 0.025 0.021 0.028 2 2 1 2 2 2
2001-11-10T01:30:00 2001 11 10 1 30 0 -1.1 1.1 453.0 2.0 0.72 0.04 0.0 0.0 2 2 2 2 2 2 2 2 1.7 1.81 -39.0 1.1 1.1 1.1 1.1 1.1 1.1 0.045 0.021 0.673 0.014 0.007 0.011 2 2 1 2 2 2
2001-11-10T02:30:00 2001 11 10 2 30 0 -2.2 0.0 454.0 2.1 0.76 0.21 0.0 0.0 2 2 2 2 2 2 2 2 1.7 1.77 -36.0 0.0 0.0 0.0 0.0 0.0 0.0 0.03 0.01 0.652 0.008 0.002 0.005 2 2 1 2 2 2
2001-11-10T03:30:00 2001 11 10 3 30 0 -2.9 1.3 486.0 2.1 0.86 0.45 0.0 0.0 2 2 2 2 2 2 2 2 1.7 1.74 -33.0 1.3 1.3 1.3 1.3 1.3 1.3 0.021 0.005 0.632 0.004 0.001 0.002 2 2 1 2 2 2
2001-11-10T04:30:00 2001 11 10 4 30 0 -1.6 2.3 467.0 2.2 0.84 0.19 0.0 0.0 2 2 2 2 2 2 2 2 1.7 1.7 -31.0 2.3 2.3 2.3 2.3 2.3 2.3 0.014 0.003 0.613 0.002 0.0 0.001 2 2 1 2 2 2
2001-11-10T05:30:00 2001 11 10 5 30 0 -0.3 2.6 449.0 2.2 0.77 0.02 0.0 0.0 2 2 2 2 2 2 2 2 1.7 1.7 -30.0 2.6 2.6 2.6 2.6 2.6 2.6 0.009 0.001 0.594 0.001 0.0 0.0 2 2 1 2 2 2
2001-11-10T06:30:00 2001 11 10 6 30 0 -1.2 1.7 441.0 2.3 0.78 0.01 0.0 0.0 2 2 2 2 2 2 2 2 0.7 1.57 -28.0 1.7 1.7 1.7 1.7 1.7 1.7 0.006 0.001 0.576 0.001 0.0 0.0 2 2 1 2 2 2
2001-11-10T07:30:00 2001 11 10 7 30 0 -0.6 1.6 442.0 2.3 0.79 0.01 0.0 0.0 2 2 2 2 2 2 2 2 0.7 1.44 -30.0 1.6 1.6 1.6 1.6 1.6 1.6 0.004 0.0 0.558 0.0 0.0 0.0 2 2 1 2 2 2
2001-11-10T08:30:00 2001 11 10 8 30 0 -1.8 1.0 435.0 2.2 0.74 0.06 0.0 0.0 2 2 2 2 2 2 2 2 0.7 1.31 -27.0 1.0 1.0 1.0 1.0 1.0 1.0 0.003 0.0 0.541 0.0 0.0 0.0 2 2 1 2 2 2
2001-11-10T09:30:00 2001 11 10 9 30 0 -2.2 0.5 442.0 2.3 0.8 0.23 0.0 0.0 2 2 2 2 2 2 2 2 1.3 1.26 -27.0 0.5 0.5 0.5 0.5 0.5 0.5 0.002 0.0 0.525 0.0 0.0 0.0 2 2 1 2 2 2
2001-11-10T10:30:00 2001 11 10 10 30 0 -3.0 1.2 451.0 2.3 0.83 0.4 0.0 0.0 2 2 2 2 2 2 2 2 1.3 1.22 -28.0 1.2 1.2 1.2 1.2 1.2 1.2 0.001 0.0 0.509 0.0 0.0 0.0 2 2 1 2 2 2
2001-11-10T11:30:00 2001 11 10 11 30 0 -0.3 0.3 420.0 2.4 0.75 0.15 0.0 0.0 2 2 2 2 2 2 2 2 1.3 1.17 -29.0 0.3 0.3 0.3 0.3 0.3 0.3 0.001 0.0 0.493 0.0 0.0 0.0 2 2 1 2 2 2
2001-11-10T12:30:00 2001 11 10 12 30 0 -0.9 1.9 434.0 2.3 0.78 0.01 0.0 0.0 2 2 2 2 2 2 2 2 1.3 1.13 -32.0 1.9 1.9 1.9 1.9 1.9 1.9 0.001 0.0 0.478 0.0 0.0 0.0 2 2 1 2 2 2
2001-11-10T13:30:00 2001 11 10 13 30 0 -1.8 1.7 461.0 2.3 0.89 0.05 0.0 0.0 2 2 2 2 2 2 2 2 1.3 1.08 -30.0 1.7 1.7 1.7 1.7 1.7 1.7 0.0 0.0 0.464 0.0 0.0 0.0 2 2 1 2 2 2
2001-11-10T14:30:00 2001 11 10 14 30 0 -2.1 0.7 428.0 2.4 0.8 0.17 0.0 0.0 2 2 2 2 2 2 2 2 1.3 1.16 -32.0 0.7 0.7 0.7 0.7 0.7 0.7 0.0 0.0 0.449 0.0 0.0 0.0 2 2 1 2 2 2
2001-11-10T15:30:00 2001 11 10 15 30 0 -2.3 3.0 417.0 2.3 0.75 0.16 0.0 0.0 2 2 2 2 2 2 2 2 1.3 1.23 -32.0 3.0 3.0 3.0 3.0 3.0 3.0 0.0 0.0 0.436 0.0 0.0 0.0 2 2 1 2 2 2
2001-11-10T16:30:00 2001 11 10 16 30 0 -3.0 2.0 417.0 2.4 0.79 0.21 0.0 0.0 2 2 2 2 2 2 2 2 1.3 1.3 -31.0 2.0 2.0 2.0 2.0 2.0 2.0 0.0 0.0 0.422 0.0 0.0 0.0 2 2 1 2 2 2
2001-11-10T17:30:00 2001 11 10 17 30 0 -2.7 0.7 415.0 2.5 0.83 0.38 0.0 0.0 2 2 2 2 2 2 2 2 1.3 1.3 -30.0 0.7 0.7 0.7 0.7 0.7 0.7 0.0 0.0 0.41 0.0 0.0 0.0 2 2 1 2 2 2
2001-11-10T18:30:00 2001 11 10 18 30 0 -4.4 0.8 412.0 2.3 0.75 0.83 0.0 0.0 2 2 2 2 2 2 2 2 1.7 1.35 -32.0 0.8 0.8 0.8 0.8 0.8 0.8 0.0 0.0 0.397 0.0 0.0 0.0 2 2 1 2 2 2
2001-11-10T19:30:00 2001 11 10 19 30 0 -3.9 1.6 418.0 2.4 0.79 0.94 0.0 0.0 2 2 2 2 2 2 2 2 1.7 1.4 -30.0 1.6 1.6 1.6 1.6 1.6 1.6 0.0 0.0 0.385 0.0 0.0 0.0 2 2 1 2 2 2
2001-11-10T20:30:00 2001 11 10 20 30 0 2.8 -4.5 420.0 2.6 0.85 1.77 3.88 0.99 2 2 2 2 2 2 2 2 1.7 1.46 -27.0 -4.5 -4.5 -4.5 -4.5 -4.5 -4.5 0.148 0.244 0.386 0.188 0.391 0.224 2 2 1 2 2 2
2001-11-10T21:30:00 2001 11 10 21 30 0 0.2 -5.3 414.0 2.4 0.76 5.98 10.28 2.56 2 2 2 2 2 2 2 2 3.3 1.72 -35.0 -5.3 -5.3 -5.3 -5.3 -5.3 -5.3 0.385 0.532 0.406 0.515 0.74 0.42 2 2 1 2 2 2
2001-11-10T22:30:00 2001 11 10 22 30 0 0.2 -4.6 410.0 2.7 0.85 5.56 10.13 2.59 2 2 2 2 2 2 2 2 3.3 1.97 -38.0 -4.6 -4.6 -4.6 -4.6 -4.6 -4.6 0.54 0.673 0.424 0.68 0.832 0.509 2 2 1 2 2 2
2001-11-10T23:30:00 2001 11 10 23 30 0 -0.1 -4.5 402.0 2.7 0.8 4.71 9.22 2.49 2 2 2 2 2 2 2 2 3.3 2.23 -40.0 -4.5 -4.5 -4.5 -4.5 -4.5 -4.5 0.63 0.732 0.439 0.74 0.83 0.537 2 2 1 2 2 2
