2001-04-04T00:30:00 2001 4 4 0 30 0 3.6 0.4 450.0 4.1 1.59 1.15 0.19 0.08 2 2 2 2 2 2 2 2 2.3 1.87 -27.0 0.4 0.4 0.4 0.4 0.4 0.4 0.03 0.036 1.446 0.009 0.04 0.07 2 2 2 2 2 2
2001-04-04T01:30:00 2001 4 4 1 30 0 5.4 0.2 460.0 4.0 1.6 1.75 0.0 0.0 2 2 2 2 2 2 2 2 2.3 1.82 -25.0 0.2 0.2 0.2 0.2 0.2 0.2 0.021 0.018 1.402 0.005 0.013 0.029 2 2 2 2 2 2
2001-04-04T02:30:00 2001 4 4 2 30 0 1.2 1.4 449.0 4.4 1.72 0.8 0.0 0.0 2 2 2 2 2 2 2 2 2.3 1.95 -26.0 1.4 1.4 1.4 1.4 1.4 1.4 0.014 0.009 1.359 0.003 0.004 0.012 2 2 2 2 2 2
2001-04-04T03:30:00 2001 4 4 3 30 0 3.6 -1.4 452.0 4.7 1.85 0.82 0.92 0.43 2 2 2 2 2 2 2 2 2.3 2.07 -25.0 -1.4 -1.4 -1.4 -1.4 -1.4 -1.4 0.065 0.12 1.321 0.049 0.203 0.248 2 2 2 2 2 2
2001-04-04T04:30:00 2001 4 4 4 30 0 3.1 4.1 461.0 4.5 1.83 0.71 0.27 0.13 2 2 2 2 2 2 2 2 2.3 2.19 -28.0 4.1 4.1 4.1 4.1 4.1 4.1 0.045 0.063 1.28 0.028 0.068 0.112 2 2 2 2 2 2
2001-04-04T05:30:00 2001 4 4 5 30 0 3.2 1.8 439.0 4.2 1.56 0.32 0.0 0.0 2 2 2 2 2 2 2 2 2.3 2.23 -25.0 1.8 1.8 1.8 1.8 1.8 1.8 0.03 0.031 1.241 0.015 0.022 0.047 2 2 2 2 2 2
2001-04-04T06:30:00 2001 4 4 6 30 0 3.3 3.9 463.0 4.8 1.94 0.33 0.0 0.0 2 2 2 2 2 2 2 2 2.0 2.22 -19.0 3.9 3.9 3.9 3.9 3.9 3.9 0.02 0.015 1.203 0.009 0.007 0.019 2 2 2 2 2 2
2001-04-04T07:30:00 2001 4 4 7 30 0 4.8 1.5 492.0 6.3 2.83 0.78 0.0 0.0 2 2 2 2 2 2 2 2 2.0 2.22 -13.0 1.5 1.5 1.5 1.5 1.5 1.5 0.014 0.008 1.167 0.005 0.002 0.008 2 2 2 2 2 2
2001-04-04T08:30:00 2001 4 4 8 30 0 2.2 2.4 478.0 6.9 2.94 0.59 0.0 0.0 2 2 2 2 2 2 2 2 2.0 2.18 -11.0 2.4 2.4 2.4 2.4 2.4 2.4 0.009 0.004 1.131 0.003 0.001 0.003 2 2 2 2 2 2
2001-04-04T09:30:00 2001 4 4 9 30 0 -2.0 5.5 501.0 5.8 2.67 0.02 0.0 0.0 2 2 2 2 2 2 2 2 1.7 2.11 -7.0 5.5 5.5 5.5 5.5 5.5 5.5 0.006 0.002 1.096 0.002 0.0 0.001 2 2 2 2 2 2
2001-04-04T10:30:00 2001 4 4 10 30 0 1.8 5.5 490.0 5.9 2.56 0.01 0.0 0.0 2 2 2 2 2 2 2 2 1.7 2.03 -7.0 5.5 5.5 5.5 5.5 5.5 5.5 0.004 0.001 1.063 0.001 0.0 0.001 2 2 2 2 2 2
2001-04-04T11:30:00 2001 4 4 11 30 0 3.5 5.6 497.0 5.6 2.49 0.13 0.0 0.0 2 2 2 2 2 2 2 2 1.7 1.96 -8.0 5.6 5.6 5.6 5.6 5.6 5.6 0.003 0.0 1.03 0.0 0.0 0.0 2 2 2 2 2 2
2001-04-04T12:30:00 2001 4 4 12 30 0 6.8 2.6 499.0 3.6 1.63 1.2 0.0 0.0 2 2 2 2 2 2 2 2 4.7 2.28 -11.0 2.6 2.6 2.6 2.6 2.6 2.6 0.002 0.0 0.999 0.0 0.0 0.0 2 2 2 2 2 2
2001-04-04T13:30:00 2001 4 4 13 30 0 4.2 3.6 492.0 4.4 1.94 1.36 0.0 0.0 2 2 2 2 2 2 2 2 4.7 2.59 -9.0 3.6 3.6 3.6 3.6 3.6 3.6 0.001 0.0 0.969 0.0 0.0 0.0 2 2 2 2 2 2
2001-04-04T14:30:00 2001 4 4 14 30 0 3.3 3.2 485.0 3.6 1.54 0.45 0.0 0.0 2 2 2 2 2 2 2 2 4.7 2.94 -9.0 3.2 3.2 3.2 3.2 3.2 3.2 0.001 0.0 0.939 0.0 0.0 0.0 2 2 2 2 2 2
2001-04-04T15:30:00 2001 4 4 15 30 0 13.1 5.3 633.0 6.8 4.93 4.44 0.0 0.0 2 2 2 2 2 2 2 2 5.0 3.32 15.0 5.3 5.3 5.3 5.3 5.3 5.3 0.001 0.0 0.91 0.0 0.0 0.0 2 2 2 2 2 2
2001-04-04T16:30:00 2001 4 4 16 30 0 12.9 1.5 708.0 5.9 5.91 13.35 0.0 0.0 2 2 2 2 2 2 2 2 5.0 3.69 7.0 1.5 1.5 1.5 1.5 1.5 1.5 0.0 0.0 0.883 0.0 0.0 0.0 2 2 2 2 2 2
2001-04-04T17:30:00 2001 4 4 17 30 0 -10.0 7.9 669.0 6.4 5.73 2.73 0.0 0.0 2 2 2 2 2 2 2 2 5.0 4.1 -3.0 7.9 7.9 7.9 7.9 7.9 7.9 0.0 0.0 0.856 0.0 0.0 0.0 2 2 2 2 2 2
2001-04-04T18:30:00 2001 4 4 18 30 0 9.2 -0.2 764.0 6.5 7.59 2.64 0.06 0.04 2 2 2 2 2 2 2 2 5.3 4.54 -6.0 -0.2 -0.2 -0.2 -0.2 -0.2 -0.2 0.012 0.026 0.83 0.006 0.096 0.301 2 2 2 2 2 2
2001-04-04T19:30:00 2001 4 4 19 30 0 1.1 9.8 767.0 4.8 5.65 2.36 0.0 0.0 2 2 2 2 2 2 2 2 5.3 4.97 -20.0 9.8 9.8 9.8 9.8 9.8 9.8 0.008 0.013 0.805 0.004 0.03 0.125 2 2 2 2 2 2
2001-04-04T20:30:00 2001 4 4 20 30 0 -0.4 7.7 712.0 5.1 5.17 0.0 0.0 0.0 2 2 2 2 2 2 2 2 5.3 5.04 -14.0 7.7 7.7 7.7 7.7 7.7 7.7 0.005 0.006 0.78 0.002 0.01 0.052 2 2 2 2 2 2
2001-04-04T21:30:00 2001 4 4 21 30 0 -2.2 6.3 715.0 2.7 2.76 0.03 0.0 0.0 2 2 2 2 2 2 2 2 2.0 4.69 -22.0 6.3 6.3 6.3 6.3 6.3 6.3 0.004 0.003 0.756 0.001 0.003 0.021 2 2 2 2 2 2
2001-04-04T22:30:00 2001 4 4 22 30 0 0.0 4.7 725.0 2.2 2.31 0.02 0.0 0.0 2 2 2 2 2 2 2 2 2.0 4.33 -30.0 4.7 4.7 4.7 4.7 4.7 4.7 0.003 0.002 0.733 0.001 0.001 0.009 2 2 2 2 2 2
2001-04-04T23:30:00 2001 4 4 23 30 0 0.0 3.6 685.0 2.6 2.44 0.0 0.0 0.0 2 2 2 2 2 2 2 2 2.0 3.95 -31.0 3.6 3.6 3.6 3.6 3.6 3.6 0.002 0.001 0.711 0.0 0.0 0.004 2 2 2 2 2 2
