2001-10-08T00:30:00 2001 10 8 0 30 0 -2.8 0.5 320.0 8.9 1.69 0.36 0.41 0.35 2 2 2 2 2 2 2 2 2.0 1.17 -6.0 0.5 0.5 0.5 0.5 0.5 0.5 0.171 0.266 0.192 0.091 0.148 0.357 2 2 2 2 2 2
2001-10-08T01:30:00 2001 10 8 1 30 0 0.6 -3.2 336.0 15.3 3.39 0.82 2.52 3.44 2 2 2 2 2 2 2 2 2.0 1.38 5.0 -3.2 -3.2 -3.2 -3.2 -3.2 -3.2 0.315 0.588 0.196 0.256 0.519 1.218 2 2 2 2 2 2
2001-10-08T02:30:00 2001 10 8 2 30 0 4.6 -2.4 346.0 19.8 4.73 2.45 4.72 8.33 2 2 2 2 2 2 2 2 2.0 1.59 2.0 -2.4 -2.4 -2.4 -2.4 -2.4 -2.4 0.52 0.941 0.21 0.471 0.822 2.461 2 2 2 2 2 2
2001-10-08T03:30:00 2001 10 8 3 30 0 1.8 -2.4 347.0 19.8 4.67 2.23 4.16 8.23 2 2 2 2 2 2 2 2 2.7 1.89 -5.0 -2.4 -2.4 -2.4 -2.4 -2.4 -2.4 0.644 1.099 0.221 0.565 0.908 3.121 2 2 2 2 2 2
2001-10-08T04:30:00 2001 10 8 4 30 0 0.9 -1.7 346.0 21.8 4.99 1.06 3.5 7.29 2 2 2 2 2 2 2 2 2.7 2.18 -6.0 -1.7 -1.7 -1.7 -1.7 -1.7 -1.7 0.685 1.106 0.228 0.55 0.852 3.316 2 2 2 2 2 2
2001-10-08T05:30:00 2001 10 8 5 30 0 -0.2 -1.1 343.0 21.6 4.8 0.42 2.37 5.14 2 2 2 2 2 2 2 2 2.7 2.27 -6.0 -1.1 -1.1 -1.1 -1.1 -1.1 -1.1 0.641 0.983 0.23 0.448 0.697 3.033 2 2 2 2 2 2
2001-10-08T06:30:00 2001 10 8 6 30 0 -1.3 -0.2 348.0 22.5 5.17 0.17 1.06 2.32 2 2 2 2 2 2 2 2 2.3 2.31 0.0 -0.2 -0.2 -0.2 -0.2 -0.2 -0.2 0.512 0.71 0.225 0.294 0.43 2.248 2 2 2 2 2 2
2001-10-08T07:30:00 2001 10 8 7 30 0 -1.4 -0.9 349.0 25.6 6.1 0.27 1.01 2.47 2 2 2 2 2 2 2 2 2.3 2.34 1.0 -0.9 -0.9 -0.9 -0.9 -0.9 -0.9 0.45 0.649 0.222 0.23 0.44 2.381 2 2 2 2 2 2
2001-10-08T08:30:00 2001 10 8 8 30 0 -4.4 -4.0 344.0 12.9 3.12 2.52 4.46 7.79 2 2 2 2 2 2 2 2 2.3 2.38 -2.0 -4.0 -4.0 -4.0 -4.0 -4.0 -4.0 0.623 0.983 0.236 0.493 0.833 2.817 2 2 2 2 2 2
2001-10-08T09:30:00 2001 10 8 9 30 0 4.6 -3.4 362.0 13.2 3.54 3.48 6.5 8.48 2 2 2 2 2 2 2 2 2.3 2.41 -3.0 -3.4 -3.4 -3.4 -3.4 -3.4 -3.4 0.783 1.175 0.256 0.716 1.016 2.798 2 2 2 2 2 2
2001-10-08T10:30:00 2001 10 8 10 30 0 5.3 -3.0 368.0 12.0 3.12 4.69 5.81 7.3 2 2 2 2 2 2 2 2 2.3 2.44 -16.0 -3.0 -3.0 -3.0 -3.0 -3.0 -3.0 0.851 1.197 0.273 0.774 1.019 2.661 2 2 2 2 2 2
2001-10-08T11:30:00 2001 10 8 11 30 0 5.8 -2.1 372.0 11.7 3.04 4.45 4.65 5.51 2 2 2 2 2 2 2 2 2.3 2.4 -26.0 -2.1 -2.1 -2.1 -2.1 -2.1 -2.1 0.829 1.096 0.282 0.697 0.898 2.36 2 2 2 2 2 2
2001-10-08T12:30:00 2001 10 8 12 30 0 6.5 -1.8 368.0 8.4 2.12 4.37 3.58 3.57 2 2 2 2 2 2 2 2 3.7 2.53 -35.0 -1.8 -1.8 -1.8 -1.8 -1.8 -1.8 0.75 0.933 0.285 0.567 0.73 1.808 2 2 2 2 2 2
2001-10-08T13:30:00 2001 10 8 13 30 0 9.7 -3.3 378.0 7.5 2.02 7.62 4.88 3.84 2 2 2 2 2 2 2 2 3.7 2.66 -26.0 -3.3 -3.3 -3.3 -3.3 -3.3 -3.3 0.753 0.926 0.294 0.593 0.795 1.575 2 2 2 2 2 2
2001-10-08T14:30:00 2001 10 8 14 30 0 7.8 -2.9 412.0 10.7 3.46 9.3 6.11 5.63 2 2 2 2 2 2 2 2 3.7 2.84 -30.0 -2.9 -2.9 -2.9 -2.9 -2.9 -2.9 0.813 1.003 0.31 0.691 0.971 2.009 2 2 2 2 2 2
2001-10-08T15:30:00 2001 10 8 15 30 0 7.9 -3.9 416.0 10.6 3.55 9.21 7.13 7.59 2 2 2 2 2 2 2 2 3.7 3.02 -35.0 -3.9 -3.9 -3.9 -3.9 -3.9 -3.9 0.922 1.138 0.336 0.872 1.193 2.624 2 2 2 2 2 2
2001-10-08T16:30:00 2001 10 8 16 30 0 7.5 -0.7 416.0 9.4 3.13 7.12 4.51 4.55 2 2 2 2 2 2 2 2 3.7 3.19 -32.0 -0.7 -0.7 -0.7 -0.7 -0.7 -0.7 0.823 0.934 0.342 0.687 0.859 2.146 2 2 2 2 2 2
2001-10-08T17:30:00 2001 10 8 17 30 0 5.2 1.4 410.0 9.2 2.99 2.89 0.18 0.17 2 2 2 2 2 2 2 2 3.7 3.36 -29.0 1.4 1.4 1.4 1.4 1.4 1.4 0.563 0.479 0.331 0.386 0.288 0.944 2 2 2 2 2 2
2001-10-08T18:30:00 2001 10 8 18 30 0 6.2 -0.3 410.0 9.2 3.01 2.35 0.08 0.07 2 2 2 2 2 2 2 2 2.3 3.35 -23.0 -0.3 -0.3 -0.3 -0.3 -0.3 -0.3 0.393 0.274 0.322 0.222 0.145 0.522 2 2 2 2 2 2
2001-10-08T19:30:00 2001 10 8 19 30 0 9.7 3.1 415.0 8.4 2.77 3.8 0.0 0.0 2 2 2 2 2 2 2 2 2.3 3.34 -21.0 3.1 3.1 3.1 3.1 3.1 3.1 0.266 0.136 0.312 0.124 0.046 0.217 2 2 2 2 2 2
2001-10-08T20:30:00 2001 10 8 20 30 0 8.6 2.6 416.0 7.8 2.61 3.98 0.0 0.0 2 2 2 2 2 2 2 2 2.3 3.16 -19.0 2.6 2.6 2.6 2.6 2.6 2.6 0.18 0.068 0.302 0.07 0.015 0.09 2 2 2 2 2 2
2001-10-08T21:30:00 2001 10 8 21 30 0 -1.7 -9.6 436.0 7.6 2.73 7.95 9.03 6.91 2 2 2 2 2 2 2 2 4.7 3.3 -20.0 -9.6 -9.6 -9.6 -9.6 -9.6 -9.6 0.594 0.747 0.354 0.891 1.138 1.602 2 2 2 2 2 2
2001-10-08T22:30:00 2001 10 8 22 30 0 -1.2 -7.1 428.0 8.8 3.1 15.55 17.81 14.63 2 2 2 2 2 2 2 2 4.7 3.43 -38.0 -7.1 -7.1 -7.1 -7.1 -7.1 -7.1 1.107 1.353 0.447 1.784 1.816 2.86 2 2 2 2 2 2
2001-10-08T23:30:00 2001 10 8 23 30 0 2.3 -4.3 425.0 8.5 2.98 7.61 11.91 10.3 2 2 2 2 2 2 2 2 4.7 3.57 -48.0 -4.3 -4.3 -4.3 -4.3 -4.3 -4.3 1.242 1.42 0.493 1.751 1.648 2.942 2 2 2 2 2 2
