2001-07-31T00:30:00 2001 7 31 0 30 0 -10.8 -3.6 333.0 25.2 4.91 8.38 3.15 7.72 2 2 2 2 2 2 2 2 3.7 2.83 8.0 -3.6 -3.6 -3.6 -3.6 -3.6 -3.6 0.867 1.045 0.302 0.689 0.749 3.133 2 2 2 2 2 2
2001-07-31T01:30:00 2001 7 31 1 30 0 -8.4 -4.6 340.0 34.4 7.15 10.53 6.98 21.2 2 2 2 2 2 2 2 2 3.7 3.07 15.0 -4.6 -4.6 -4.6 -4.6 -4.6 -4.6 1.15 1.665 0.335 1.131 1.369 6.233 2 2 2 2 2 2
2001-07-31T02:30:00 2001 7 31 2 30 0 -8.3 -4.2 345.0 46.8 10.05 9.66 7.51 30.82 2 2 2 2 2 2 2 2 3.7 3.2 12.0 -4.2 -4.2 -4.2 -4.2 -4.2 -4.2 1.431 2.159 0.376 1.511 1.749 10.214 2 2 2 2 2 2
2001-07-31T03:30:00 2001 7 31 3 30 0 -8.5 -4.9 351.0 65.6 14.85 10.24 7.98 45.66 2 2 2 2 2 2 2 2 4.3 3.4 13.0 -4.9 -4.9 -4.9 -4.9 -4.9 -4.9 1.77 2.712 0.43 1.984 2.198 16.977 2 2 2 2 2 2
2001-07-31T04:30:00 2001 7 31 4 30 0 -6.3 -3.0 375.0 41.5 10.95 8.15 7.03 37.52 2 2 2 2 2 2 2 2 4.3 3.6 -5.0 -3.0 -3.0 -3.0 -3.0 -3.0 -3.0 1.83 2.623 0.469 1.925 2.037 16.674 2 2 2 2 2 2
2001-07-31T05:30:00 2001 7 31 5 30 0 -11.5 -6.4 394.0 19.4 5.91 13.17 9.35 26.34 2 2 2 2 2 2 2 2 4.3 3.77 -22.0 -6.4 -6.4 -6.4 -6.4 -6.4 -6.4 1.933 2.528 0.525 2.14 2.133 12.789 2 2 2 2 2 2
2001-07-31T06:30:00 2001 7 31 6 30 0 -6.9 7.6 386.0 16.5 4.88 6.43 2.37 4.48 2 2 2 2 2 2 2 2 4.0 3.89 -35.0 7.6 7.6 7.6 7.6 7.6 7.6 1.389 1.39 0.516 1.285 0.811 5.809 2 2 2 2 2 2
2001-07-31T07:30:00 2001 7 31 7 30 0 -1.1 10.7 385.0 15.8 4.71 0.23 0.0 0.0 2 2 2 2 2 2 2 2 4.0 4.0 -27.0 10.7 10.7 10.7 10.7 10.7 10.7 0.94 0.69 0.5 0.719 0.257 2.409 2 2 2 2 2 2
2001-07-31T08:30:00 2001 7 31 8 30 0 -2.2 11.5 380.0 15.0 4.38 0.01 0.0 0.0 2 2 2 2 2 2 2 2 4.0 4.04 -22.0 11.5 11.5 11.5 11.5 11.5 11.5 0.637 0.343 0.485 0.403 0.081 0.999 2 2 2 2 2 2
2001-07-31T09:30:00 2001 7 31 9 30 0 -6.7 8.1 389.0 14.1 4.08 0.31 0.0 0.0 2 2 2 2 2 2 2 2 2.7 3.9 -19.0 8.1 8.1 8.1 8.1 8.1 8.1 0.431 0.17 0.47 0.226 0.026 0.415 2 2 2 2 2 2
2001-07-31T10:30:00 2001 7 31 10 30 0 -8.0 6.7 394.0 14.7 4.36 1.22 0.0 0.0 2 2 2 2 2 2 2 2 2.7 3.77 -17.0 6.7 6.7 6.7 6.7 6.7 6.7 0.292 0.085 0.456 0.126 0.008 0.172 2 2 2 2 2 2
2001-07-31T11:30:00 2001 7 31 11 30 0 -11.2 3.2 426.0 16.2 5.36 3.69 0.0 0.0 2 2 2 2 2 2 2 2 2.7 3.57 -8.0 3.2 3.2 3.2 3.2 3.2 3.2 0.198 0.042 0.442 0.071 0.003 0.071 2 2 2 2 2 2
2001-07-31T12:30:00 2001 7 31 12 30 0 -13.8 -4.6 444.0 15.2 5.4 13.87 3.42 5.25 2 2 2 2 2 2 2 2 5.0 3.67 -6.0 -4.6 -4.6 -4.6 -4.6 -4.6 -4.6 0.414 0.535 0.455 0.427 0.821 2.39 2 2 2 2 2 2
2001-07-31T13:30:00 2001 7 31 13 30 0 -7.9 8.3 472.0 13.1 5.84 8.12 1.43 2.13 2 2 2 2 2 2 2 2 5.0 3.77 -11.0 8.3 8.3 8.3 8.3 8.3 8.3 0.322 0.341 0.444 0.275 0.351 1.339 2 2 2 2 2 2
2001-07-31T14:30:00 2001 7 31 14 30 0 -8.2 1.8 480.0 11.7 5.39 2.73 0.0 0.0 2 2 2 2 2 2 2 2 5.0 3.9 -4.0 1.8 1.8 1.8 1.8 1.8 1.8 0.218 0.169 0.431 0.154 0.111 0.556 2 2 2 2 2 2
2001-07-31T15:30:00 2001 7 31 15 30 0 -7.4 -2.4 513.0 10.3 4.83 6.28 2.0 2.1 2 2 2 2 2 2 2 2 4.7 4.0 -6.0 -2.4 -2.4 -2.4 -2.4 -2.4 -2.4 0.298 0.365 0.431 0.253 0.587 1.643 2 2 2 2 2 2
2001-07-31T16:30:00 2001 7 31 16 30 0 -7.7 -4.7 528.0 8.3 4.13 11.62 9.51 8.66 2 2 2 2 2 2 2 2 4.7 4.09 -11.0 -4.7 -4.7 -4.7 -4.7 -4.7 -4.7 0.655 0.837 0.481 0.826 1.471 3.298 2 2 2 2 2 2
2001-07-31T17:30:00 2001 7 31 17 30 0 -3.6 -2.0 528.0 7.0 3.57 7.85 8.55 6.57 2 2 2 2 2 2 2 2 4.7 4.33 -22.0 -2.0 -2.0 -2.0 -2.0 -2.0 -2.0 0.776 0.902 0.511 0.899 1.398 3.135 2 2 2 2 2 2
2001-07-31T18:30:00 2001 7 31 18 30 0 -2.8 3.9 546.0 6.5 3.49 0.94 0.68 0.47 2 2 2 2 2 2 2 2 2.7 4.31 -18.0 3.9 3.9 3.9 3.9 3.9 3.9 0.541 0.477 0.496 0.513 0.488 1.417 2 2 2 2 2 2
2001-07-31T19:30:00 2001 7 31 19 30 0 -4.5 3.7 555.0 6.0 3.35 0.49 0.0 0.0 2 2 2 2 2 2 2 2 2.7 4.29 -18.0 3.7 3.7 3.7 3.7 3.7 3.7 0.366 0.237 0.481 0.287 0.154 0.588 2 2 2 2 2 2
2001-07-31T20:30:00 2001 7 31 20 30 0 0.6 4.0 575.0 6.4 3.83 0.15 0.0 0.0 2 2 2 2 2 2 2 2 2.7 4.0 -13.0 4.0 4.0 4.0 4.0 4.0 4.0 0.248 0.118 0.466 0.161 0.049 0.244 2 2 2 2 2 2
2001-07-31T21:30:00 2001 7 31 21 30 0 -3.1 2.5 574.0 5.2 3.08 0.1 0.0 0.0 2 2 2 2 2 2 2 2 3.3 3.79 -18.0 2.5 2.5 2.5 2.5 2.5 2.5 0.168 0.058 0.452 0.09 0.015 0.101 2 2 2 2 2 2
2001-07-31T22:30:00 2001 7 31 22 30 0 -2.4 1.1 577.0 4.6 2.7 0.39 0.0 0.0 2 2 2 2 2 2 2 2 3.3 3.58 -20.0 1.1 1.1 1.1 1.1 1.1 1.1 0.114 0.029 0.438 0.05 0.005 0.042 2 2 2 2 2 2
2001-07-31T23:30:00 2001 7 31 23 30 0 -5.1 -1.7 581.0 4.6 2.75 2.32 1.71 0.79 2 2 2 2 2 2 2 2 3.3 3.41 -18.0 -1.7 -1.7 -1.7 -1.7 -1.7 -1.7 0.17 0.176 0.434 0.121 0.397 0.593 2 2 2 2 2 2
