2001-05-24T00:30:00 2001 5 24 0 30 0 1.9 -0.4 420.0 5.9 1.94 1.9 0.76 0.45 2 2 2 2 2 2 2 2 2.3 2.42 11.0 -0.4 -0.4 -0.4 -0.4 -0.4 -0.4 0.062 0.128 0.042 0.027 0.168 0.312 2 2 2 2 2 2
2001-05-24T01:30:00 2001 5 24 1 30 0 2.4 2.0 424.0 5.8 1.95 0.26 0.04 0.02 2 2 2 2 2 2 2 2 2.3 2.3 5.0 2.0 2.0 2.0 2.0 2.0 2.0 0.042 0.064 0.04 0.015 0.053 0.129 2 2 2 2 2 2
2001-05-24T02:30:00 2001 5 24 2 30 0 5.6 0.7 432.0 4.5 1.53 1.05 0.0 0.0 2 2 2 2 2 2 2 2 2.3 2.3 4.0 0.7 0.7 0.7 0.7 0.7 0.7 0.029 0.032 0.039 0.008 0.017 0.054 2 2 2 2 2 2
2001-05-24T03:30:00 2001 5 24 3 30 0 9.1 1.8 453.0 1.4 0.52 3.65 0.0 0.0 2 2 2 2 2 2 2 2 2.0 2.26 -1.0 1.8 1.8 1.8 1.8 1.8 1.8 0.019 0.016 0.038 0.005 0.005 0.022 2 2 2 2 2 2
2001-05-24T04:30:00 2001 5 24 4 30 0 7.9 3.0 442.0 1.2 0.47 3.87 0.0 0.0 2 2 2 2 2 2 2 2 2.0 2.22 -1.0 3.0 3.0 3.0 3.0 3.0 3.0 0.013 0.008 0.037 0.003 0.002 0.009 2 2 2 2 2 2
2001-05-24T05:30:00 2001 5 24 5 30 0 7.3 3.2 448.0 1.2 0.48 2.68 0.0 0.0 2 2 2 2 2 2 2 2 2.0 2.18 3.0 3.2 3.2 3.2 3.2 3.2 3.2 0.009 0.004 0.036 0.001 0.001 0.004 2 2 2 2 2 2
2001-05-24T06:30:00 2001 5 24 6 30 0 7.5 1.9 469.0 1.3 0.5 2.93 0.0 0.0 2 2 2 2 2 2 2 2 0.7 1.98 6.0 1.9 1.9 1.9 1.9 1.9 1.9 0.006 0.002 0.035 0.001 0.0 0.002 2 2 2 2 2 2
2001-05-24T07:30:00 2001 5 24 7 30 0 7.1 2.0 484.0 1.5 0.65 3.22 0.0 0.0 2 2 2 2 2 2 2 2 0.7 1.77 8.0 2.0 2.0 2.0 2.0 2.0 2.0 0.004 0.001 0.033 0.0 0.0 0.001 2 2 2 2 2 2
2001-05-24T08:30:00 2001 5 24 8 30 0 8.3 -0.3 468.0 1.2 0.47 4.64 0.08 0.01 2 2 2 2 2 2 2 2 0.7 1.57 7.0 -0.3 -0.3 -0.3 -0.3 -0.3 -0.3 0.009 0.015 0.033 0.003 0.029 0.013 2 2 2 2 2 2
2001-05-24T09:30:00 2001 5 24 9 30 0 8.3 -0.3 471.0 1.2 0.48 6.25 0.7 0.08 2 2 2 2 2 2 2 2 1.0 1.41 6.0 -0.3 -0.3 -0.3 -0.3 -0.3 -0.3 0.026 0.053 0.032 0.011 0.089 0.044 2 2 2 2 2 2
2001-05-24T10:30:00 2001 5 24 10 30 0 8.9 0.2 484.0 1.3 0.55 6.5 0.18 0.02 2 2 2 2 2 2 2 2 1.0 1.25 5.0 0.2 0.2 0.2 0.2 0.2 0.2 0.022 0.036 0.032 0.007 0.042 0.027 2 2 2 2 2 2
2001-05-24T11:30:00 2001 5 24 11 30 0 8.0 0.4 463.0 1.2 0.47 5.79 0.0 0.0 2 2 2 2 2 2 2 2 1.0 1.13 6.0 0.4 0.4 0.4 0.4 0.4 0.4 0.015 0.018 0.031 0.004 0.013 0.011 2 2 2 2 2 2
2001-05-24T12:30:00 2001 5 24 12 30 0 7.8 0.6 465.0 1.0 0.39 4.85 0.0 0.0 2 2 2 2 2 2 2 2 1.0 1.01 6.0 0.6 0.6 0.6 0.6 0.6 0.6 0.01 0.009 0.03 0.002 0.004 0.005 2 2 2 2 2 2
2001-05-24T13:30:00 2001 5 24 13 30 0 7.2 0.7 463.0 1.0 0.39 4.24 0.0 0.0 2 2 2 2 2 2 2 2 1.0 0.89 6.0 0.7 0.7 0.7 0.7 0.7 0.7 0.007 0.004 0.029 0.001 0.001 0.002 2 2 2 2 2 2
2001-05-24T14:30:00 2001 5 24 14 30 0 7.5 0.9 463.0 1.0 0.39 3.98 0.0 0.0 2 2 2 2 2 2 2 2 1.0 0.93 8.0 0.9 0.9 0.9 0.9 0.9 0.9 0.005 0.002 0.028 0.001 0.0 0.001 2 2 2 2 2 2
2001-05-24T15:30:00 2001 5 24 15 30 0 7.4 1.0 465.0 1.2 0.49 3.97 0.0 0.0 2 2 2 2 2 2 2 2 1.0 0.96 9.0 1.0 1.0 1.0 1.0 1.0 1.0 0.003 0.001 0.027 0.0 0.0 0.0 2 2 2 2 2 2
2001-05-24T16:30:00 2001 5 24 16 30 0 5.6 2.4 475.0 1.0 0.42 2.55 0.0 0.0 2 2 2 2 2 2 2 2 1.0 1.0 6.0 2.4 2.4 2.4 2.4 2.4 2.4 0.002 0.001 0.026 0.0 0.0 0.0 2 2 2 2 2 2
2001-05-24T17:30:00 2001 5 24 17 30 0 5.6 1.9 497.0 0.7 0.35 1.74 0.0 0.0 2 2 2 2 2 2 2 2 1.0 1.0 3.0 1.9 1.9 1.9 1.9 1.9 1.9 0.001 0.0 0.025 0.0 0.0 0.0 2 2 2 2 2 2
2001-05-24T18:30:00 2001 5 24 18 30 0 6.6 0.7 513.0 0.7 0.37 2.75 0.0 0.0 2 2 2 2 2 2 2 2 1.0 1.0 5.0 0.7 0.7 0.7 0.7 0.7 0.7 0.001 0.0 0.025 0.0 0.0 0.0 2 2 2 2 2 2
2001-05-24T19:30:00 2001 5 24 19 30 0 5.9 1.9 452.0 1.3 0.49 2.63 0.0 0.0 2 2 2 2 2 2 2 2 1.0 1.0 5.0 1.9 1.9 1.9 1.9 1.9 1.9 0.001 0.0 0.024 0.0 0.0 0.0 2 2 2 2 2 2
2001-05-24T20:30:00 2001 5 24 20 30 0 5.0 2.8 468.0 1.4 0.57 1.44 0.0 0.0 2 2 2 2 2 2 2 2 1.0 1.0 2.0 2.8 2.8 2.8 2.8 2.8 2.8 0.0 0.0 0.023 0.0 0.0 0.0 2 2 2 2 2 2
2001-05-24T21:30:00 2001 5 24 21 30 0 7.5 1.6 526.0 0.8 0.44 2.48 0.0 0.0 2 2 2 2 2 2 2 2 1.0 1.0 -3.0 1.6 1.6 1.6 1.6 1.6 1.6 0.0 0.0 0.022 0.0 0.0 0.0 2 2 2 2 2 2
2001-05-24T22:30:00 2001 5 24 22 30 0 5.4 2.2 522.0 0.8 0.4 2.67 0.0 0.0 2 2 2 2 2 2 2 2 1.0 1.0 -5.0 2.2 2.2 2.2 2.2 2.2 2.2 0.0 0.0 0.022 0.0 0.0 0.0 2 2 2 2 2 2
2001-05-24T23:30:00 2001 5 24 23 30 0 4.4 2.0 503.0 0.8 0.37 1.32 0.0 0.0 2 2 2 2 2 2 2 2 1.0 1.0 -3.0 2.0 2.0 2.0 2.0 2.0 2.0 0.0 0.0 0.021 0.0 0.0 0.0 2 2 2 2 2 2
