2001-07-01T00:30:00 2001 7 1 0 30 0 -1.8 -3.6 352.0 6.4 1.59 3.66 6.62 4.11 2 2 2 2 2 2 2 2 2.7 2.2 -9.0 -3.6 -3.6 -3.6 -3.6 -3.6 -3.6 0.636 0.856 0.219 0.579 0.779 1.007 2 2 2 2 2 2
2001-07-01T01:30:00 2001 7 1 1 30 0 -0.8 -4.3 357.0 6.3 1.56 3.39 7.06 4.48 2 2 2 2 2 2 2 2 2.7 2.4 -6.0 -4.3 -4.3 -4.3 -4.3 -4.3 -4.3 0.732 0.96 0.237 0.704 0.858 1.096 2 2 2 2 2 2
2001-07-01T02:30:00 2001 7 1 2 30 0 -4.9 -2.1 355.0 6.0 1.42 3.16 5.53 3.41 2 2 2 2 2 2 2 2 2.7 2.46 -3.0 -2.1 -2.1 -2.1 -2.1 -2.1 -2.1 0.715 0.885 0.245 0.631 0.724 0.98 2 2 2 2 2 2
2001-07-01T03:30:00 2001 7 1 3 30 0 -6.2 -1.7 353.0 5.8 1.28 3.61 3.33 1.96 2 2 2 2 2 2 2 2 1.7 2.37 -4.0 -1.7 -1.7 -1.7 -1.7 -1.7 -1.7 0.63 0.741 0.246 0.484 0.564 0.802 2 2 2 2 2 2
2001-07-01T04:30:00 2001 7 1 4 30 0 -5.4 -2.4 356.0 5.5 1.23 3.96 3.69 2.08 2 2 2 2 2 2 2 2 1.7 2.29 -5.0 -2.4 -2.4 -2.4 -2.4 -2.4 -2.4 0.593 0.7 0.248 0.431 0.555 0.746 2 2 2 2 2 2
2001-07-01T05:30:00 2001 7 1 5 30 0 -7.0 1.5 353.0 6.0 1.42 2.94 1.14 0.64 2 2 2 2 2 2 2 2 1.7 2.22 -5.0 1.5 1.5 1.5 1.5 1.5 1.5 0.436 0.421 0.242 0.265 0.245 0.408 2 2 2 2 2 2
2001-07-01T06:30:00 2001 7 1 6 30 0 -6.9 1.2 352.0 5.6 1.27 2.42 0.0 0.0 2 2 2 2 2 2 2 2 1.0 2.05 -4.0 1.2 1.2 1.2 1.2 1.2 1.2 0.295 0.209 0.235 0.148 0.078 0.169 2 2 2 2 2 2
2001-07-01T07:30:00 2001 7 1 7 30 0 -5.1 2.2 349.0 5.3 1.14 1.59 0.0 0.0 2 2 2 2 2 2 2 2 1.0 1.88 -2.0 2.2 2.2 2.2 2.2 2.2 2.2 0.2 0.104 0.228 0.083 0.025 0.07 2 2 2 2 2 2
2001-07-01T08:30:00 2001 7 1 8 30 0 -6.1 1.2 349.0 5.9 1.29 1.43 0.0 0.0 2 2 2 2 2 2 2 2 1.0 1.67 2.0 1.2 1.2 1.2 1.2 1.2 1.2 0.135 0.052 0.221 0.046 0.008 0.029 2 2 2 2 2 2
2001-07-01T09:30:00 2001 7 1 9 30 0 -5.5 0.9 344.0 5.3 1.14 1.72 0.0 0.0 2 2 2 2 2 2 2 2 0.7 1.42 4.0 0.9 0.9 0.9 0.9 0.9 0.9 0.092 0.026 0.214 0.026 0.002 0.012 2 2 2 2 2 2
2001-07-01T10:30:00 2001 7 1 10 30 0 -5.3 0.4 341.0 4.7 1.09 1.63 0.0 0.0 2 2 2 2 2 2 2 2 0.7 1.18 4.0 0.4 0.4 0.4 0.4 0.4 0.4 0.062 0.013 0.208 0.015 0.001 0.005 2 2 2 2 2 2
2001-07-01T11:30:00 2001 7 1 11 30 0 -4.6 1.4 344.0 6.1 1.35 1.25 0.0 0.0 2 2 2 2 2 2 2 2 0.7 1.05 4.0 1.4 1.4 1.4 1.4 1.4 1.4 0.042 0.006 0.201 0.008 0.0 0.002 2 2 2 2 2 2
2001-07-01T12:30:00 2001 7 1 12 30 0 -7.2 2.0 352.0 7.1 1.56 1.63 0.0 0.0 2 2 2 2 2 2 2 2 1.0 0.97 7.0 2.0 2.0 2.0 2.0 2.0 2.0 0.028 0.003 0.195 0.005 0.0 0.001 2 2 2 2 2 2
2001-07-01T13:30:00 2001 7 1 13 30 0 -7.5 0.1 350.0 7.7 1.73 2.95 0.0 0.0 2 2 2 2 2 2 2 2 1.0 0.89 11.0 0.1 0.1 0.1 0.1 0.1 0.1 0.019 0.002 0.189 0.003 0.0 0.0 2 2 2 2 2 2
2001-07-01T14:30:00 2001 7 1 14 30 0 -6.7 -0.7 355.0 9.0 2.07 3.55 0.59 0.51 2 2 2 2 2 2 2 2 1.0 0.89 11.0 -0.7 -0.7 -0.7 -0.7 -0.7 -0.7 0.06 0.136 0.185 0.027 0.151 0.305 2 2 2 2 2 2
2001-07-01T15:30:00 2001 7 1 15 30 0 -5.8 -1.8 354.0 10.6 2.48 3.61 2.3 2.29 2 2 2 2 2 2 2 2 1.3 0.93 10.0 -1.8 -1.8 -1.8 -1.8 -1.8 -1.8 0.185 0.398 0.186 0.137 0.413 0.841 2 2 2 2 2 2
2001-07-01T16:30:00 2001 7 1 16 30 0 -6.1 -2.1 355.0 10.6 2.53 4.01 3.48 3.69 2 2 2 2 2 2 2 2 1.3 0.97 10.0 -2.1 -2.1 -2.1 -2.1 -2.1 -2.1 0.324 0.619 0.192 0.265 0.591 1.25 2 2 2 2 2 2
2001-07-01T17:30:00 2001 7 1 17 30 0 -5.3 -3.6 353.0 11.4 2.68 4.84 5.15 5.7 2 2 2 2 2 2 2 2 1.3 1.04 9.0 -3.6 -3.6 -3.6 -3.6 -3.6 -3.6 0.514 0.886 0.207 0.488 0.826 1.728 2 2 2 2 2 2
2001-07-01T18:30:00 2001 7 1 18 30 0 -6.6 -3.1 348.0 8.5 1.92 5.64 5.83 5.76 2 2 2 2 2 2 2 2 2.7 1.3 1.0 -3.1 -3.1 -3.1 -3.1 -3.1 -3.1 0.637 0.992 0.221 0.605 0.855 1.683 2 2 2 2 2 2
2001-07-01T19:30:00 2001 7 1 19 30 0 -3.1 0.5 338.0 7.9 1.63 2.45 2.08 1.73 2 2 2 2 2 2 2 2 2.7 1.56 -9.0 0.5 0.5 0.5 0.5 0.5 0.5 0.513 0.664 0.219 0.403 0.431 0.981 2 2 2 2 2 2
2001-07-01T20:30:00 2001 7 1 20 30 0 -3.8 -3.8 336.0 6.5 1.42 2.09 3.1 2.13 2 2 2 2 2 2 2 2 2.7 1.77 -4.0 -3.8 -3.8 -3.8 -3.8 -3.8 -3.8 0.526 0.704 0.222 0.417 0.541 0.891 2 2 2 2 2 2
2001-07-01T21:30:00 2001 7 1 21 30 0 -6.0 -3.7 335.0 7.5 1.62 5.08 6.28 4.42 2 2 2 2 2 2 2 2 2.7 1.98 -5.0 -3.7 -3.7 -3.7 -3.7 -3.7 -3.7 0.637 0.878 0.235 0.566 0.721 1.033 2 2 2 2 2 2
2001-07-01T22:30:00 2001 7 1 22 30 0 -6.0 -2.5 331.0 7.8 1.6 5.01 5.08 3.89 2 2 2 2 2 2 2 2 2.7 2.19 -5.0 -2.5 -2.5 -2.5 -2.5 -2.5 -2.5 0.662 0.894 0.243 0.562 0.689 1.044 2 2 2 2 2 2
2001-07-01T23:30:00 2001 7 1 23 30 0 -5.6 -3.1 356.0 8.9 2.08 4.7 4.87 4.1 2 2 2 2 2 2 2 2 2.7 2.36 -2.0 -3.1 -3.1 -3.1 -3.1 -3.1 -3.1 0.697 0.932 0.252 0.587 0.752 1.236 2 2 2 2 2 2
