2001-02-01T00:30:00 2001 2 1 0 30 0 3.4 -1.3 396.0 11.0 3.3 0.55 0.45 0.5 2 2 2 2 2 2 2 2 2.0 3.32 -32.0 -1.3 -1.3 -1.3 -1.3 -1.3 -1.3 0.462 0.365 0.59 0.263 0.267 0.766 2 2 2 2 2 2
2001-02-01T01:30:00 2001 2 1 1 30 0 3.0 0.1 401.0 10.6 3.38 1.1 1.09 1.19 2 2 2 2 2 2 2 2 2.0 3.1 -29.0 0.1 0.1 0.1 0.1 0.1 0.1 0.365 0.303 0.574 0.179 0.222 0.71 2 2 2 2 2 2
2001-02-01T02:30:00 2001 2 1 2 30 0 1.8 -1.2 404.0 9.7 3.14 0.71 1.22 1.21 2 2 2 2 2 2 2 2 2.0 2.85 -29.0 -1.2 -1.2 -1.2 -1.2 -1.2 -1.2 0.338 0.367 0.561 0.165 0.361 0.964 2 2 2 2 2 2
2001-02-01T03:30:00 2001 2 1 3 30 0 0.2 -4.6 404.0 9.0 2.88 2.51 6.14 5.69 2 2 2 2 2 2 2 2 3.3 2.78 -32.0 -4.6 -4.6 -4.6 -4.6 -4.6 -4.6 0.561 0.765 0.573 0.524 0.909 1.773 2 2 2 2 2 2
2001-02-01T04:30:00 2001 2 1 4 30 0 1.5 -4.7 411.0 9.5 3.13 5.07 9.49 8.8 2 2 2 2 2 2 2 2 3.3 2.7 -37.0 -4.7 -4.7 -4.7 -4.7 -4.7 -4.7 0.823 1.099 0.602 0.929 1.27 2.421 2 2 2 2 2 2
2001-02-01T05:30:00 2001 2 1 5 30 0 0.6 -5.4 408.0 9.0 2.91 6.0 10.4 9.59 2 2 2 2 2 2 2 2 3.3 2.74 -38.0 -5.4 -5.4 -5.4 -5.4 -5.4 -5.4 1.037 1.309 0.637 1.24 1.448 2.738 2 2 2 2 2 2
2001-02-01T06:30:00 2001 2 1 6 30 0 -1.8 -4.8 408.0 8.0 2.59 5.96 10.35 8.77 2 2 2 2 2 2 2 2 2.7 2.71 -40.0 -4.8 -4.8 -4.8 -4.8 -4.8 -4.8 1.153 1.363 0.667 1.355 1.43 2.628 2 2 2 2 2 2
2001-02-01T07:30:00 2001 2 1 7 30 0 -6.4 -1.8 403.0 7.5 2.34 4.75 6.44 5.0 2 2 2 2 2 2 2 2 2.7 2.67 -41.0 -1.8 -1.8 -1.8 -1.8 -1.8 -1.8 1.044 1.134 0.67 1.063 1.051 2.038 2 2 2 2 2 2
2001-02-01T08:30:00 2001 2 1 8 30 0 -3.1 6.2 399.0 7.2 2.21 1.27 0.27 0.2 2 2 2 2 2 2 2 2 2.7 2.76 -40.0 6.2 6.2 6.2 6.2 6.2 6.2 0.707 0.563 0.649 0.595 0.333 0.845 2 2 2 2 2 2
2001-02-01T09:30:00 2001 2 1 9 30 0 -4.9 1.6 406.0 6.4 1.99 0.54 0.0 0.0 2 2 2 2 2 2 2 2 2.0 2.75 -34.0 1.6 1.6 1.6 1.6 1.6 1.6 0.478 0.28 0.629 0.333 0.105 0.351 2 2 2 2 2 2
2001-02-01T10:30:00 2001 2 1 10 30 0 -4.5 1.1 419.0 7.4 2.45 1.2 0.0 0.0 2 2 2 2 2 2 2 2 2.0 2.73 -28.0 1.1 1.1 1.1 1.1 1.1 1.1 0.324 0.139 0.61 0.187 0.033 0.145 2 2 2 2 2 2
2001-02-01T11:30:00 2001 2 1 11 30 0 -4.8 2.7 421.0 6.0 2.02 1.02 0.0 0.0 2 2 2 2 2 2 2 2 2.0 2.57 -29.0 2.7 2.7 2.7 2.7 2.7 2.7 0.219 0.069 0.591 0.104 0.011 0.06 2 2 2 2 2 2
2001-02-01T12:30:00 2001 2 1 12 30 0 3.4 2.6 403.0 7.0 2.19 0.17 0.0 0.0 2 2 2 2 2 2 2 2 1.3 2.32 -26.0 2.6 2.6 2.6 2.6 2.6 2.6 0.148 0.034 0.573 0.058 0.003 0.025 2 2 2 2 2 2
2001-02-01T13:30:00 2001 2 1 13 30 0 2.1 2.6 410.0 8.6 2.7 0.2 0.0 0.0 2 2 2 2 2 2 2 2 1.3 2.07 -25.0 2.6 2.6 2.6 2.6 2.6 2.6 0.101 0.017 0.556 0.033 0.001 0.01 2 2 2 2 2 2
2001-02-01T14:30:00 2001 2 1 14 30 0 1.0 1.0 413.0 7.5 2.32 0.06 0.0 0.0 2 2 2 2 2 2 2 2 1.3 1.9 -26.0 1.0 1.0 1.0 1.0 1.0 1.0 0.068 0.008 0.539 0.018 0.0 0.004 2 2 2 2 2 2
2001-02-01T15:30:00 2001 2 1 15 30 0 2.3 -0.5 405.0 7.1 2.15 0.26 0.21 0.15 2 2 2 2 2 2 2 2 1.0 1.68 -21.0 -0.5 -0.5 -0.5 -0.5 -0.5 -0.5 0.067 0.064 0.523 0.021 0.087 0.168 2 2 2 2 2 2
2001-02-01T16:30:00 2001 2 1 16 30 0 2.1 -0.7 407.0 6.9 2.08 0.63 1.24 0.86 2 2 2 2 2 2 2 2 1.0 1.48 -16.0 -0.7 -0.7 -0.7 -0.7 -0.7 -0.7 0.114 0.197 0.51 0.054 0.247 0.465 2 2 2 2 2 2
2001-02-01T17:30:00 2001 2 1 17 30 0 3.1 -0.4 407.0 6.9 2.08 0.81 1.09 0.75 2 2 2 2 2 2 2 2 1.0 1.35 -12.0 -0.4 -0.4 -0.4 -0.4 -0.4 -0.4 0.134 0.236 0.497 0.062 0.258 0.534 2 2 2 2 2 2
2001-02-01T18:30:00 2001 2 1 18 30 0 4.0 -0.7 405.0 6.3 1.91 1.35 1.14 0.75 2 2 2 2 2 2 2 2 2.0 1.36 -11.0 -0.7 -0.7 -0.7 -0.7 -0.7 -0.7 0.154 0.271 0.484 0.073 0.286 0.57 2 2 2 2 2 2
2001-02-01T19:30:00 2001 2 1 19 30 0 2.8 2.6 403.0 7.2 2.17 0.68 0.1 0.06 2 2 2 2 2 2 2 2 2.0 1.37 -9.0 2.6 2.6 2.6 2.6 2.6 2.6 0.105 0.135 0.469 0.041 0.091 0.236 2 2 2 2 2 2
2001-02-01T20:30:00 2001 2 1 20 30 0 5.2 1.4 404.0 5.5 1.73 0.77 0.0 0.0 2 2 2 2 2 2 2 2 2.0 1.46 -11.0 1.4 1.4 1.4 1.4 1.4 1.4 0.071 0.067 0.455 0.023 0.029 0.098 2 2 2 2 2 2
2001-02-01T21:30:00 2001 2 1 21 30 0 4.9 -0.2 426.0 4.5 1.73 1.79 0.05 0.02 2 2 2 2 2 2 2 2 2.0 1.55 -12.0 -0.2 -0.2 -0.2 -0.2 -0.2 -0.2 0.054 0.053 0.441 0.015 0.041 0.087 2 2 2 2 2 2
2001-02-01T22:30:00 2001 2 1 22 30 0 3.3 -1.6 428.0 4.3 1.7 2.03 2.05 0.89 2 2 2 2 2 2 2 2 2.0 1.64 -13.0 -1.6 -1.6 -1.6 -1.6 -1.6 -1.6 0.134 0.223 0.434 0.089 0.31 0.367 2 2 2 2 2 2
2001-02-01T23:30:00 2001 2 1 23 30 0 2.8 -1.5 432.0 4.3 1.69 1.78 3.32 1.43 2 2 2 2 2 2 2 2 2.0 1.76 -14.0 -1.5 -1.5 -1.5 -1.5 -1.5 -1.5 0.221 0.352 0.429 0.167 0.457 0.541 2 2 2 2 2 2
