2001-10-07T00:30:00 2001 10 7 0 30 0 -3.0 2.2 379.0 3.1 0.97 0.53 0.0 0.0 2 2 2 2 2 2 2 2 0.3 0.97 -14.0 2.2 2.2 2.2 2.2 2.2 2.2 0.024 0.012 0.365 0.006 0.002 0.005 2 2 2 2 2 2
2001-10-07T01:30:00 2001 10 7 1 30 0 -3.9 2.4 382.0 3.4 1.04 0.4 0.0 0.0 2 2 2 2 2 2 2 2 0.3 0.96 -13.0 2.4 2.4 2.4 2.4 2.4 2.4 0.016 0.006 0.354 0.003 0.001 0.002 2 2 2 2 2 2
2001-10-07T02:30:00 2001 10 7 2 30 0 -2.4 3.7 385.0 3.7 1.1 0.25 0.0 0.0 2 2 2 2 2 2 2 2 0.3 0.78 -12.0 3.7 3.7 3.7 3.7 3.7 3.7 0.011 0.003 0.343 0.002 0.0 0.001 2 2 2 2 2 2
2001-10-07T03:30:00 2001 10 7 3 30 0 0.8 4.9 396.0 4.4 1.33 0.01 0.0 0.0 2 2 2 2 2 2 2 2 0.0 0.57 -11.0 4.9 4.9 4.9 4.9 4.9 4.9 0.007 0.001 0.333 0.001 0.0 0.0 2 2 2 2 2 2
2001-10-07T04:30:00 2001 10 7 4 30 0 -1.9 4.6 382.0 3.5 1.0 0.01 0.0 0.0 2 2 2 2 2 2 2 2 0.0 0.37 -9.0 4.6 4.6 4.6 4.6 4.6 4.6 0.005 0.001 0.323 0.001 0.0 0.0 2 2 2 2 2 2
2001-10-07T05:30:00 2001 10 7 5 30 0 -2.6 2.7 364.0 3.1 0.82 0.09 0.0 0.0 2 2 2 2 2 2 2 2 0.0 0.28 -6.0 2.7 2.7 2.7 2.7 2.7 2.7 0.003 0.0 0.313 0.0 0.0 0.0 2 2 2 2 2 2
2001-10-07T06:30:00 2001 10 7 6 30 0 -3.3 3.1 364.0 3.2 0.83 0.21 0.0 0.0 2 2 2 2 2 2 2 2 0.7 0.29 -3.0 3.1 3.1 3.1 3.1 3.1 3.1 0.002 0.0 0.303 0.0 0.0 0.0 2 2 2 2 2 2
2001-10-07T07:30:00 2001 10 7 7 30 0 -2.7 2.1 364.0 3.3 0.83 0.23 0.0 0.0 2 2 2 2 2 2 2 2 0.7 0.29 -2.0 2.1 2.1 2.1 2.1 2.1 2.1 0.002 0.0 0.294 0.0 0.0 0.0 2 2 2 2 2 2
2001-10-07T08:30:00 2001 10 7 8 30 0 -3.5 -2.4 369.0 4.9 1.31 1.09 1.37 0.64 2 2 2 2 2 2 2 2 0.7 0.34 0.0 -2.4 -2.4 -2.4 -2.4 -2.4 -2.4 0.082 0.175 0.289 0.077 0.227 0.221 2 2 2 2 2 2
2001-10-07T09:30:00 2001 10 7 9 30 0 -3.5 0.9 363.0 3.9 0.99 1.3 1.42 0.66 2 2 2 2 2 2 2 2 0.7 0.4 -7.0 0.9 0.9 0.9 0.9 0.9 0.9 0.096 0.166 0.283 0.072 0.152 0.184 2 2 2 2 2 2
2001-10-07T10:30:00 2001 10 7 10 30 0 -2.4 3.0 351.0 5.4 1.24 0.28 0.0 0.0 2 2 2 2 2 2 2 2 0.7 0.45 -9.0 3.0 3.0 3.0 3.0 3.0 3.0 0.065 0.083 0.274 0.04 0.048 0.076 2 2 2 2 2 2
2001-10-07T11:30:00 2001 10 7 11 30 0 -1.8 4.0 351.0 5.6 1.26 0.06 0.0 0.0 2 2 2 2 2 2 2 2 0.7 0.53 -5.0 4.0 4.0 4.0 4.0 4.0 4.0 0.044 0.041 0.266 0.023 0.015 0.032 2 2 2 2 2 2
2001-10-07T12:30:00 2001 10 7 12 30 0 -2.5 -0.7 351.0 5.8 1.34 0.23 0.15 0.09 2 2 2 2 2 2 2 2 1.7 0.75 -6.0 -0.7 -0.7 -0.7 -0.7 -0.7 -0.7 0.048 0.071 0.258 0.024 0.067 0.091 2 2 2 2 2 2
2001-10-07T13:30:00 2001 10 7 13 30 0 -2.6 2.0 361.0 3.9 1.01 0.35 0.11 0.06 2 2 2 2 2 2 2 2 1.7 0.96 -9.0 2.0 2.0 2.0 2.0 2.0 2.0 0.033 0.038 0.25 0.014 0.024 0.044 2 2 2 2 2 2
2001-10-07T14:30:00 2001 10 7 14 30 0 -2.9 3.4 360.0 3.9 1.07 0.18 0.0 0.0 2 2 2 2 2 2 2 2 1.7 1.09 -1.0 3.4 3.4 3.4 3.4 3.4 3.4 0.022 0.019 0.243 0.008 0.008 0.018 2 2 2 2 2 2
2001-10-07T15:30:00 2001 10 7 15 30 0 -2.3 4.7 360.0 3.7 1.01 0.1 0.0 0.0 2 2 2 2 2 2 2 2 0.3 1.03 1.0 4.7 4.7 4.7 4.7 4.7 4.7 0.015 0.009 0.235 0.004 0.002 0.008 2 2 2 2 2 2
2001-10-07T16:30:00 2001 10 7 16 30 0 -1.9 4.4 356.0 3.6 0.97 0.05 0.0 0.0 2 2 2 2 2 2 2 2 0.3 0.97 1.0 4.4 4.4 4.4 4.4 4.4 4.4 0.01 0.005 0.228 0.002 0.001 0.003 2 2 2 2 2 2
2001-10-07T17:30:00 2001 10 7 17 30 0 -2.2 3.6 355.0 6.8 1.67 0.05 0.0 0.0 2 2 2 2 2 2 2 2 0.3 0.92 -4.0 3.6 3.6 3.6 3.6 3.6 3.6 0.007 0.002 0.221 0.001 0.0 0.001 2 2 2 2 2 2
2001-10-07T18:30:00 2001 10 7 18 30 0 -2.5 2.8 339.0 5.4 1.14 0.1 0.0 0.0 2 2 2 2 2 2 2 2 0.3 0.86 -3.0 2.8 2.8 2.8 2.8 2.8 2.8 0.005 0.001 0.214 0.001 0.0 0.001 2 2 2 2 2 2
2001-10-07T19:30:00 2001 10 7 19 30 0 -3.4 3.0 344.0 6.8 1.46 0.2 0.0 0.0 2 2 2 2 2 2 2 2 0.3 0.81 0.0 3.0 3.0 3.0 3.0 3.0 3.0 0.003 0.001 0.208 0.0 0.0 0.0 2 2 2 2 2 2
2001-10-07T20:30:00 2001 10 7 20 30 0 -3.9 1.7 342.0 7.2 1.54 0.42 0.0 0.0 2 2 2 2 2 2 2 2 0.3 0.64 -2.0 1.7 1.7 1.7 1.7 1.7 1.7 0.002 0.0 0.201 0.0 0.0 0.0 2 2 2 2 2 2
2001-10-07T21:30:00 2001 10 7 21 30 0 -3.3 -2.1 341.0 7.8 1.65 1.14 1.14 0.88 2 2 2 2 2 2 2 2 2.0 0.69 -1.0 -2.1 -2.1 -2.1 -2.1 -2.1 -2.1 0.086 0.203 0.199 0.074 0.23 0.333 2 2 2 2 2 2
2001-10-07T22:30:00 2001 10 7 22 30 0 -3.7 -1.2 338.0 8.7 1.8 1.73 2.74 2.26 2 2 2 2 2 2 2 2 2.0 0.74 -3.0 -1.2 -1.2 -1.2 -1.2 -1.2 -1.2 0.195 0.408 0.2 0.153 0.384 0.645 2 2 2 2 2 2
2001-10-07T23:30:00 2001 10 7 23 30 0 -1.4 -0.9 322.0 8.6 1.67 0.83 1.71 1.48 2 2 2 2 2 2 2 2 2.0 0.96 -6.0 -0.9 -0.9 -0.9 -0.9 -0.9 -0.9 0.226 0.439 0.197 0.149 0.348 0.659 2 2 2 2 2 2
