2001-10-29T00:30:00 2001 10 29 0 30 0 7.8 0.5 462.0 7.0 2.73 4.44 0.0 0.0 2 2 2 2 2 2 2 2 3.3 3.82 -83.0 0.5 0.5 0.5 0.5 0.5 0.5 0.242 0.095 1.456 0.099 0.028 0.124 2 2 2 2 2 2
2001-10-29T01:30:00 2001 10 29 1 30 0 5.0 -1.3 454.0 8.6 3.24 3.9 1.2 0.99 2 2 2 2 2 2 2 2 3.3 3.82 -79.0 -1.3 -1.3 -1.3 -1.3 -1.3 -1.3 0.248 0.231 1.416 0.123 0.313 0.692 2 2 2 2 2 2
2001-10-29T02:30:00 2001 10 29 2 30 0 5.8 3.2 433.0 8.8 3.05 1.99 0.31 0.27 2 2 2 2 2 2 2 2 3.3 3.73 -73.0 3.2 3.2 3.2 3.2 3.2 3.2 0.173 0.129 1.373 0.071 0.117 0.345 2 2 2 2 2 2
2001-10-29T03:30:00 2001 10 29 3 30 0 7.4 2.6 427.0 6.6 2.21 2.01 0.0 0.0 2 2 2 2 2 2 2 2 3.0 3.6 -66.0 2.6 2.6 2.6 2.6 2.6 2.6 0.117 0.064 1.331 0.04 0.037 0.143 2 2 2 2 2 2
2001-10-29T04:30:00 2001 10 29 4 30 0 7.6 -1.4 430.0 6.6 2.24 4.26 0.66 0.43 2 2 2 2 2 2 2 2 3.0 3.48 -67.0 -1.4 -1.4 -1.4 -1.4 -1.4 -1.4 0.133 0.152 1.293 0.067 0.205 0.365 2 2 2 2 2 2
2001-10-29T05:30:00 2001 10 29 5 30 0 4.4 -5.6 442.0 9.4 3.53 7.73 8.04 6.74 2 2 2 2 2 2 2 2 3.0 3.35 -75.0 -5.6 -5.6 -5.6 -5.6 -5.6 -5.6 0.498 0.729 1.299 0.639 1.082 1.873 2 2 2 2 2 2
2001-10-29T06:30:00 2001 10 29 6 30 0 8.1 0.9 432.0 8.1 2.87 6.05 4.79 4.31 2 2 2 2 2 2 2 2 3.0 3.23 -82.0 0.9 0.9 0.9 0.9 0.9 0.9 0.507 0.637 1.277 0.548 0.707 1.532 2 2 2 2 2 2
2001-10-29T07:30:00 2001 10 29 7 30 0 7.6 1.4 422.0 8.4 2.9 3.89 0.0 0.0 2 2 2 2 2 2 2 2 3.0 3.11 -73.0 1.4 1.4 1.4 1.4 1.4 1.4 0.343 0.316 1.238 0.307 0.224 0.636 2 2 2 2 2 2
2001-10-29T08:30:00 2001 10 29 8 30 0 8.1 1.7 421.0 7.4 2.56 3.61 0.0 0.0 2 2 2 2 2 2 2 2 3.0 3.07 -70.0 1.7 1.7 1.7 1.7 1.7 1.7 0.232 0.157 1.2 0.172 0.071 0.264 2 2 2 2 2 2
2001-10-29T09:30:00 2001 10 29 9 30 0 7.8 1.4 418.0 7.4 2.57 3.67 0.0 0.0 2 2 2 2 2 2 2 2 2.7 3.0 -66.0 1.4 1.4 1.4 1.4 1.4 1.4 0.157 0.078 1.163 0.096 0.022 0.109 2 2 2 2 2 2
2001-10-29T10:30:00 2001 10 29 10 30 0 6.6 -0.9 417.0 9.5 3.34 3.9 0.45 0.42 2 2 2 2 2 2 2 2 2.7 2.92 -60.0 -0.9 -0.9 -0.9 -0.9 -0.9 -0.9 0.149 0.148 1.13 0.083 0.17 0.411 2 2 2 2 2 2
2001-10-29T11:30:00 2001 10 29 11 30 0 5.8 -1.6 415.0 10.6 3.76 4.16 2.66 2.7 2 2 2 2 2 2 2 2 2.7 2.88 -60.0 -1.6 -1.6 -1.6 -1.6 -1.6 -1.6 0.26 0.405 1.105 0.186 0.509 1.209 2 2 2 2 2 2
2001-10-29T12:30:00 2001 10 29 12 30 0 4.1 -3.6 405.0 8.9 2.98 4.5 5.49 5.26 2 2 2 2 2 2 2 2 2.7 2.85 -61.0 -3.6 -3.6 -3.6 -3.6 -3.6 -3.6 0.47 0.729 1.096 0.456 0.881 1.824 2 2 2 2 2 2
2001-10-29T13:30:00 2001 10 29 13 30 0 1.9 -4.7 400.0 9.5 3.18 5.11 8.44 7.79 2 2 2 2 2 2 2 2 2.7 2.81 -60.0 -4.7 -4.7 -4.7 -4.7 -4.7 -4.7 0.726 1.044 1.103 0.821 1.19 2.306 2 2 2 2 2 2
2001-10-29T14:30:00 2001 10 29 14 30 0 2.8 -1.4 403.0 8.4 2.77 2.89 5.84 5.26 2 2 2 2 2 2 2 2 2.7 2.77 -66.0 -1.4 -1.4 -1.4 -1.4 -1.4 -1.4 0.742 0.966 1.09 0.737 0.947 1.993 2 2 2 2 2 2
2001-10-29T15:30:00 2001 10 29 15 30 0 1.2 -0.5 400.0 6.1 1.98 0.7 1.83 1.35 2 2 2 2 2 2 2 2 3.0 2.78 -67.0 -0.5 -0.5 -0.5 -0.5 -0.5 -0.5 0.587 0.668 1.061 0.47 0.537 1.244 2 2 2 2 2 2
2001-10-29T16:30:00 2001 10 29 16 30 0 -3.1 -3.6 408.0 4.0 1.4 1.68 4.42 2.08 2 2 2 2 2 2 2 2 3.0 2.78 -67.0 -3.6 -3.6 -3.6 -3.6 -3.6 -3.6 0.591 0.675 1.044 0.483 0.656 0.992 2 2 2 2 2 2
2001-10-29T17:30:00 2001 10 29 17 30 0 -3.6 -2.6 397.0 2.4 0.97 3.59 6.15 1.96 2 2 2 2 2 2 2 2 3.0 2.82 -69.0 -2.6 -2.6 -2.6 -2.6 -2.6 -2.6 0.587 0.641 1.028 0.481 0.627 0.691 2 2 2 2 2 2
2001-10-29T18:30:00 2001 10 29 18 30 0 -4.8 -1.9 393.0 2.8 1.04 3.18 4.39 1.14 2 2 2 2 2 2 2 2 2.7 2.81 -69.0 -1.9 -1.9 -1.9 -1.9 -1.9 -1.9 0.532 0.555 1.006 0.4 0.518 0.488 2 2 2 2 2 2
2001-10-29T19:30:00 2001 10 29 19 30 0 -6.9 1.5 399.0 3.2 1.21 2.79 0.9 0.26 2 2 2 2 2 2 2 2 2.7 2.81 -67.0 1.5 1.5 1.5 1.5 1.5 1.5 0.38 0.316 0.977 0.236 0.209 0.244 2 2 2 2 2 2
2001-10-29T20:30:00 2001 10 29 20 30 0 -7.9 0.3 376.0 0.7 0.23 3.38 0.0 0.0 2 2 2 2 2 2 2 2 2.7 2.81 -68.0 0.3 0.3 0.3 0.3 0.3 0.3 0.257 0.157 0.947 0.132 0.066 0.101 2 2 2 2 2 2
2001-10-29T21:30:00 2001 10 29 21 30 0 -7.8 0.4 383.0 0.6 0.2 4.04 0.0 0.0 2 2 2 2 2 2 2 2 3.0 2.85 -64.0 0.4 0.4 0.4 0.4 0.4 0.4 0.174 0.078 0.918 0.074 0.021 0.042 2 2 2 2 2 2
2001-10-29T22:30:00 2001 10 29 22 30 0 -1.4 -0.5 385.0 3.7 1.12 1.65 0.31 0.1 2 2 2 2 2 2 2 2 3.0 2.89 -54.0 -0.5 -0.5 -0.5 -0.5 -0.5 -0.5 0.137 0.092 0.89 0.051 0.08 0.087 2 2 2 2 2 2
2001-10-29T23:30:00 2001 10 29 23 30 0 4.3 -2.2 379.0 6.2 1.86 1.14 2.71 1.43 2 2 2 2 2 2 2 2 3.0 2.89 -48.0 -2.2 -2.2 -2.2 -2.2 -2.2 -2.2 0.227 0.321 0.871 0.152 0.376 0.452 2 2 2 2 2 2
