2001-01-18T00:30:00 2001 1 18 0 30 0 4.9 3.8 360.0 7.4 1.75 0.3 0.0 0.0 2 2 2 2 2 2 2 2 0.0 1.51 8.0 3.8 3.8 3.8 3.8 3.8 3.8 0.117 0.061 0.201 0.049 0.011 0.129 2 2 2 2 2 2
2001-01-18T01:30:00 2001 1 18 1 30 0 0.2 4.1 355.0 8.5 1.98 0.15 0.0 0.0 2 2 2 2 2 2 2 2 0.0 1.21 5.0 4.1 4.1 4.1 4.1 4.1 4.1 0.079 0.03 0.195 0.028 0.004 0.054 2 2 2 2 2 2
2001-01-18T02:30:00 2001 1 18 2 30 0 -0.1 5.0 351.0 8.0 1.84 0.0 0.0 0.0 2 2 2 2 2 2 2 2 0.0 0.96 3.0 5.0 5.0 5.0 5.0 5.0 5.0 0.054 0.015 0.189 0.015 0.001 0.022 2 2 2 2 2 2
2001-01-18T03:30:00 2001 1 18 3 30 0 0.7 4.6 350.0 7.4 1.68 0.0 0.0 0.0 2 2 2 2 2 2 2 2 0.0 0.72 1.0 4.6 4.6 4.6 4.6 4.6 4.6 0.036 0.007 0.184 0.009 0.0 0.009 2 2 2 2 2 2
2001-01-18T04:30:00 2001 1 18 4 30 0 4.9 2.8 341.0 5.4 1.21 0.25 0.0 0.0 2 2 2 2 2 2 2 2 0.0 0.47 -2.0 2.8 2.8 2.8 2.8 2.8 2.8 0.025 0.004 0.178 0.005 0.0 0.004 2 2 2 2 2 2
2001-01-18T05:30:00 2001 1 18 5 30 0 4.4 2.9 338.0 5.6 1.28 0.64 0.0 0.0 2 2 2 2 2 2 2 2 0.0 0.31 -3.0 2.9 2.9 2.9 2.9 2.9 2.9 0.017 0.002 0.173 0.003 0.0 0.002 2 2 2 2 2 2
2001-01-18T06:30:00 2001 1 18 6 30 0 5.2 0.7 344.0 6.7 1.44 0.99 0.0 0.0 2 2 2 2 2 2 2 2 1.3 0.33 0.0 0.7 0.7 0.7 0.7 0.7 0.7 0.011 0.001 0.167 0.002 0.0 0.001 2 2 2 2 2 2
2001-01-18T07:30:00 2001 1 18 7 30 0 4.7 0.3 349.0 6.0 1.34 1.43 0.0 0.0 2 2 2 2 2 2 2 2 1.3 0.34 2.0 0.3 0.3 0.3 0.3 0.3 0.3 0.008 0.0 0.162 0.001 0.0 0.0 2 2 2 2 2 2
2001-01-18T08:30:00 2001 1 18 8 30 0 5.9 1.5 350.0 4.4 0.98 1.51 0.0 0.0 2 2 2 2 2 2 2 2 1.3 0.5 -2.0 1.5 1.5 1.5 1.5 1.5 1.5 0.005 0.0 0.157 0.0 0.0 0.0 2 2 2 2 2 2
2001-01-18T09:30:00 2001 1 18 9 30 0 5.7 -0.4 348.0 4.5 0.99 2.02 0.11 0.05 2 2 2 2 2 2 2 2 2.0 0.76 5.0 -0.4 -0.4 -0.4 -0.4 -0.4 -0.4 0.013 0.031 0.153 0.005 0.038 0.041 2 2 2 2 2 2
2001-01-18T10:30:00 2001 1 18 10 30 0 2.3 1.9 366.0 10.0 2.51 0.92 0.03 0.02 2 2 2 2 2 2 2 2 2.0 1.01 12.0 1.9 1.9 1.9 1.9 1.9 1.9 0.009 0.015 0.148 0.003 0.012 0.017 2 2 2 2 2 2
2001-01-18T11:30:00 2001 1 18 11 30 0 4.7 2.2 347.0 4.6 1.06 0.46 0.0 0.0 2 2 2 2 2 2 2 2 2.0 1.26 17.0 2.2 2.2 2.2 2.2 2.2 2.2 0.006 0.008 0.143 0.002 0.004 0.007 2 2 2 2 2 2
2001-01-18T12:30:00 2001 1 18 12 30 0 4.9 2.3 339.0 4.6 1.02 0.82 0.0 0.0 2 2 2 2 2 2 2 2 1.3 1.41 20.0 2.3 2.3 2.3 2.3 2.3 2.3 0.004 0.004 0.139 0.001 0.001 0.003 2 2 2 2 2 2
2001-01-18T13:30:00 2001 1 18 13 30 0 3.1 2.3 357.0 7.3 1.75 0.51 0.0 0.0 2 2 2 2 2 2 2 2 1.3 1.56 21.0 2.3 2.3 2.3 2.3 2.3 2.3 0.003 0.002 0.135 0.001 0.0 0.001 2 2 2 2 2 2
2001-01-18T14:30:00 2001 1 18 14 30 0 2.6 1.1 366.0 7.5 1.89 0.28 0.0 0.0 2 2 2 2 2 2 2 2 1.3 1.56 7.0 1.1 1.1 1.1 1.1 1.1 1.1 0.002 0.001 0.131 0.0 0.0 0.001 2 2 2 2 2 2
2001-01-18T15:30:00 2001 1 18 15 30 0 2.3 1.8 372.0 8.3 2.17 0.21 0.0 0.0 2 2 2 2 2 2 2 2 0.7 1.48 4.0 1.8 1.8 1.8 1.8 1.8 1.8 0.001 0.0 0.127 0.0 0.0 0.0 2 2 2 2 2 2
2001-01-18T16:30:00 2001 1 18 16 30 0 2.7 1.5 370.0 7.8 1.99 0.21 0.0 0.0 2 2 2 2 2 2 2 2 0.7 1.4 4.0 1.5 1.5 1.5 1.5 1.5 1.5 0.001 0.0 0.123 0.0 0.0 0.0 2 2 2 2 2 2
2001-01-18T17:30:00 2001 1 18 17 30 0 2.5 1.5 365.0 7.7 1.88 0.24 0.0 0.0 2 2 2 2 2 2 2 2 0.7 1.23 2.0 1.5 1.5 1.5 1.5 1.5 1.5 0.001 0.0 0.119 0.0 0.0 0.0 2 2 2 2 2 2
2001-01-18T18:30:00 2001 1 18 18 30 0 2.4 1.0 356.0 8.7 2.0 0.23 0.0 0.0 2 2 2 2 2 2 2 2 1.0 1.11 2.0 1.0 1.0 1.0 1.0 1.0 1.0 0.0 0.0 0.115 0.0 0.0 0.0 2 2 2 2 2 2
2001-01-18T19:30:00 2001 1 18 19 30 0 2.8 0.8 353.0 7.6 1.7 0.31 0.0 0.0 2 2 2 2 2 2 2 2 1.0 1.0 5.0 0.8 0.8 0.8 0.8 0.8 0.8 0.0 0.0 0.112 0.0 0.0 0.0 2 2 2 2 2 2
2001-01-18T20:30:00 2001 1 18 20 30 0 5.0 -0.2 344.0 3.6 0.79 1.06 0.05 0.02 2 2 2 2 2 2 2 2 1.0 0.96 0.0 -0.2 -0.2 -0.2 -0.2 -0.2 -0.2 0.005 0.017 0.109 0.002 0.021 0.021 2 2 2 2 2 2
2001-01-18T21:30:00 2001 1 18 21 30 0 4.6 -2.8 352.0 4.9 1.11 2.71 2.81 1.26 2 2 2 2 2 2 2 2 2.0 1.06 1.0 -2.8 -2.8 -2.8 -2.8 -2.8 -2.8 0.138 0.286 0.113 0.13 0.327 0.298 2 2 2 2 2 2
2001-01-18T22:30:00 2001 1 18 22 30 0 5.3 -1.8 350.0 4.7 1.06 3.44 3.96 1.9 2 2 2 2 2 2 2 2 2.0 1.15 -1.0 -1.8 -1.8 -1.8 -1.8 -1.8 -1.8 0.247 0.444 0.119 0.218 0.437 0.444 2 2 2 2 2 2
2001-01-18T23:30:00 2001 1 18 23 30 0 5.8 -1.4 354.0 4.4 1.03 3.28 2.79 1.27 2 2 2 2 2 2 2 2 2.0 1.32 0.0 -1.4 -1.4 -1.4 -1.4 -1.4 -1.4 0.28 0.457 0.121 0.214 0.402 0.438 2 2 2 2 2 2
