2001-07-16T00:30:00 2001 7 16 0 30 0 1.1 -1.3 412.0 9.2 3.08 0.45 0.72 0.66 2 2 2 2 2 2 2 2 2.7 3.03 -5.0 -1.3 -1.3 -1.3 -1.3 -1.3 -1.3 0.325 0.267 0.409 0.167 0.251 0.62 2 2 2 2 2 2
2001-07-16T01:30:00 2001 7 16 1 30 0 1.3 -3.5 411.0 8.9 2.95 1.79 5.13 4.62 2 2 2 2 2 2 2 2 2.7 2.91 -11.0 -3.5 -3.5 -3.5 -3.5 -3.5 -3.5 0.495 0.631 0.42 0.418 0.771 1.494 2 2 2 2 2 2
2001-07-16T02:30:00 2001 7 16 2 30 0 0.2 -3.7 406.0 8.7 2.8 3.13 7.37 6.48 2 2 2 2 2 2 2 2 2.7 2.79 -13.0 -3.7 -3.7 -3.7 -3.7 -3.7 -3.7 0.682 0.903 0.439 0.681 1.044 1.967 2 2 2 2 2 2
2001-07-16T03:30:00 2001 7 16 3 30 0 6.6 -0.8 412.0 8.1 2.71 3.01 4.35 3.67 2 2 2 2 2 2 2 2 3.0 2.71 -16.0 -0.8 -0.8 -0.8 -0.8 -0.8 -0.8 0.645 0.791 0.44 0.561 0.774 1.644 2 2 2 2 2 2
2001-07-16T04:30:00 2001 7 16 4 30 0 3.5 -3.2 396.0 8.4 2.55 3.78 4.22 3.5 2 2 2 2 2 2 2 2 3.0 2.63 -10.0 -3.2 -3.2 -3.2 -3.2 -3.2 -3.2 0.667 0.827 0.444 0.569 0.829 1.654 2 2 2 2 2 2
2001-07-16T05:30:00 2001 7 16 5 30 0 4.4 -1.6 393.0 8.0 2.43 3.11 4.6 3.78 2 2 2 2 2 2 2 2 3.0 2.72 0.0 -1.6 -1.6 -1.6 -1.6 -1.6 -1.6 0.659 0.803 0.446 0.529 0.756 1.524 2 2 2 2 2 2
2001-07-16T06:30:00 2001 7 16 6 30 0 3.4 -2.8 395.0 7.6 2.32 2.9 4.43 3.44 2 2 2 2 2 2 2 2 1.7 2.64 -1.0 -2.8 -2.8 -2.8 -2.8 -2.8 -2.8 0.669 0.819 0.448 0.535 0.787 1.484 2 2 2 2 2 2
2001-07-16T07:30:00 2001 7 16 7 30 0 4.1 -2.6 396.0 6.6 2.08 3.35 5.32 3.76 2 2 2 2 2 2 2 2 1.7 2.55 -3.0 -2.6 -2.6 -2.6 -2.6 -2.6 -2.6 0.69 0.834 0.453 0.561 0.806 1.399 2 2 2 2 2 2
2001-07-16T08:30:00 2001 7 16 8 30 0 5.3 -0.4 400.0 6.5 2.08 2.84 2.8 1.84 2 2 2 2 2 2 2 2 1.7 2.42 -2.0 -0.4 -0.4 -0.4 -0.4 -0.4 -0.4 0.578 0.637 0.446 0.404 0.531 1.02 2 2 2 2 2 2
2001-07-16T09:30:00 2001 7 16 9 30 0 3.2 -4.6 398.0 8.1 2.51 3.91 5.33 4.04 2 2 2 2 2 2 2 2 3.0 2.47 1.0 -4.6 -4.6 -4.6 -4.6 -4.6 -4.6 0.675 0.822 0.457 0.587 0.858 1.433 2 2 2 2 2 2
2001-07-16T10:30:00 2001 7 16 10 30 0 4.7 -2.1 406.0 7.7 2.48 4.45 6.52 5.16 2 2 2 2 2 2 2 2 3.0 2.51 -1.0 -2.1 -2.1 -2.1 -2.1 -2.1 -2.1 0.732 0.887 0.467 0.65 0.898 1.591 2 2 2 2 2 2
2001-07-16T11:30:00 2001 7 16 11 30 0 8.7 2.9 416.0 9.3 3.24 3.31 0.72 0.58 2 2 2 2 2 2 2 2 3.0 2.52 1.0 2.9 2.9 2.9 2.9 2.9 2.9 0.516 0.481 0.454 0.377 0.328 0.759 2 2 2 2 2 2
2001-07-16T12:30:00 2001 7 16 12 30 0 8.4 -0.7 425.0 12.9 4.5 4.83 0.21 0.27 2 2 2 2 2 2 2 2 2.7 2.48 10.0 -0.7 -0.7 -0.7 -0.7 -0.7 -0.7 0.378 0.314 0.441 0.231 0.221 0.661 2 2 2 2 2 2
2001-07-16T13:30:00 2001 7 16 13 30 0 7.1 -3.2 420.0 12.5 4.09 7.02 4.33 5.48 2 2 2 2 2 2 2 2 2.7 2.45 10.0 -3.2 -3.2 -3.2 -3.2 -3.2 -3.2 0.534 0.682 0.45 0.448 0.815 2.139 2 2 2 2 2 2
2001-07-16T14:30:00 2001 7 16 14 30 0 5.1 -5.8 426.0 8.3 2.77 9.32 9.76 9.78 2 2 2 2 2 2 2 2 2.7 2.57 7.0 -5.8 -5.8 -5.8 -5.8 -5.8 -5.8 0.842 1.097 0.49 0.974 1.355 2.836 2 2 2 2 2 2
2001-07-16T15:30:00 2001 7 16 15 30 0 7.5 -3.5 446.0 6.4 2.25 9.97 9.93 7.29 2 2 2 2 2 2 2 2 3.3 2.77 1.0 -3.5 -3.5 -3.5 -3.5 -3.5 -3.5 0.962 1.143 0.521 1.097 1.33 2.482 2 2 2 2 2 2
2001-07-16T16:30:00 2001 7 16 16 30 0 9.1 4.8 487.0 5.5 2.27 5.42 1.34 0.84 2 2 2 2 2 2 2 2 3.3 2.96 3.0 4.8 4.8 4.8 4.8 4.8 4.8 0.683 0.619 0.507 0.641 0.488 1.149 2 2 2 2 2 2
2001-07-16T17:30:00 2001 7 16 17 30 0 8.0 3.7 484.0 6.1 2.52 3.24 0.0 0.0 2 2 2 2 2 2 2 2 3.3 3.0 8.0 3.7 3.7 3.7 3.7 3.7 3.7 0.462 0.307 0.492 0.359 0.155 0.477 2 2 2 2 2 2
2001-07-16T18:30:00 2001 7 16 18 30 0 5.7 -1.1 469.0 7.3 2.81 3.33 0.41 0.3 2 2 2 2 2 2 2 2 2.3 2.91 9.0 -1.1 -1.1 -1.1 -1.1 -1.1 -1.1 0.35 0.232 0.479 0.233 0.198 0.465 2 2 2 2 2 2
2001-07-16T19:30:00 2001 7 16 19 30 0 6.6 2.6 453.0 10.2 3.79 2.8 0.28 0.22 2 2 2 2 2 2 2 2 2.3 2.82 7.0 2.6 2.6 2.6 2.6 2.6 2.6 0.242 0.13 0.465 0.133 0.081 0.25 2 2 2 2 2 2
2001-07-16T20:30:00 2001 7 16 20 30 0 8.1 3.0 470.0 6.5 2.64 2.79 0.0 0.0 2 2 2 2 2 2 2 2 2.3 2.77 5.0 3.0 3.0 3.0 3.0 3.0 3.0 0.164 0.064 0.451 0.074 0.026 0.104 2 2 2 2 2 2
2001-07-16T21:30:00 2001 7 16 21 30 0 8.7 -4.2 492.0 3.9 1.72 7.96 3.42 1.48 2 2 2 2 2 2 2 2 3.3 2.85 -4.0 -4.2 -4.2 -4.2 -4.2 -4.2 -4.2 0.279 0.303 0.454 0.266 0.538 0.593 2 2 2 2 2 2
2001-07-16T22:30:00 2001 7 16 22 30 0 8.1 -4.8 503.0 3.6 1.65 14.44 11.27 4.21 2 2 2 2 2 2 2 2 3.3 2.92 -5.0 -4.8 -4.8 -4.8 -4.8 -4.8 -4.8 0.547 0.633 0.491 0.692 1.088 1.063 2 2 2 2 2 2
2001-07-16T23:30:00 2001 7 16 23 30 0 8.7 -2.7 524.0 3.1 1.6 12.95 9.4 3.15 2 2 2 2 2 2 2 2 3.3 2.93 -12.0 -2.7 -2.7 -2.7 -2.7 -2.7 -2.7 0.641 0.685 0.513 0.753 1.073 1.077 2 2 2 2 2 2
