1980-03-19T00:30:00 1980 3 19 0 30 0 4.1 2.5 303.0 8.7 1.47 0.37 0.0 0.0 2 2 2 2 2 2 2 2 0.3 0.68 14.0 2.5 2.5 2.5 2.5 2.5 2.5 0.002 0.003 0.033 0.0 0.001 0.003 2 2 2 2 2 2
1980-03-19T01:30:00 1980 3 19 1 30 0 3.7 0.9 301.0 8.4 1.41 0.52 0.0 0.0 2 2 2 2 2 2 2 2 0.3 0.6 13.0 0.9 0.9 0.9 0.9 0.9 0.9 0.001 0.002 0.032 0.0 0.0 0.001 2 2 2 2 2 2
1980-03-19T02:30:00 1980 3 19 2 30 0 4.8 1.8 308.0 8.2 1.4 0.71 0.0 0.0 2 2 2 2 2 2 2 2 0.3 0.54 12.0 1.8 1.8 1.8 1.8 1.8 1.8 0.001 0.001 0.031 0.0 0.0 0.001 2 2 2 2 2 2
1980-03-19T03:30:00 1980 3 19 3 30 0 5.4 0.1 312.0 8.2 1.38 1.27 0.0 0.0 2 2 2 2 2 2 2 2 0.7 0.55 15.0 0.1 0.1 0.1 0.1 0.1 0.1 0.001 0.0 0.03 0.0 0.0 0.0 2 2 2 2 2 2
1980-03-19T04:30:00 1980 3 19 4 30 0 2.6 2.2 305.0 8.9 1.51 0.69 0.0 0.0 2 2 2 2 2 2 2 2 0.7 0.55 17.0 2.2 2.2 2.2 2.2 2.2 2.2 0.0 0.0 0.029 0.0 0.0 0.0 2 2 2 2 2 2
1980-03-19T05:30:00 1980 3 19 5 30 0 2.8 0.5 300.0 8.5 1.36 0.25 0.0 0.0 2 2 2 2 2 2 2 2 0.7 0.55 18.0 0.5 0.5 0.5 0.5 0.5 0.5 0.0 0.0 0.028 0.0 0.0 0.0 2 2 2 2 2 2
1980-03-19T06:30:00 1980 3 19 6 30 0 8.0 -0.1 351.0 19.8 4.22 2.09 0.02 0.04 2 2 2 2 2 2 2 2 3.3 0.89 29.0 -0.1 -0.1 -0.1 -0.1 -0.1 -0.1 0.006 0.024 0.027 0.002 0.027 0.135 2 2 2 2 2 2
1980-03-19T07:30:00 1980 3 19 7 30 0 0.3 -2.4 382.0 33.0 8.75 2.12 2.5 7.23 2 2 2 2 2 2 2 2 3.3 1.23 32.0 -2.4 -2.4 -2.4 -2.4 -2.4 -2.4 0.258 0.604 0.041 0.252 0.697 3.564 2 2 2 2 2 2
1980-03-19T08:30:00 1980 3 19 8 30 0 -0.5 7.4 384.0 38.9 10.35 0.06 0.37 1.26 2 2 2 2 2 2 2 2 3.3 1.61 22.0 7.4 7.4 7.4 7.4 7.4 7.4 0.175 0.3 0.04 0.141 0.221 1.478 2 2 2 2 2 2
1980-03-19T09:30:00 1980 3 19 9 30 0 4.0 5.0 387.0 31.7 9.5 0.08 0.0 0.0 2 2 2 2 2 2 2 2 3.0 1.95 26.0 5.0 5.0 5.0 5.0 5.0 5.0 0.118 0.149 0.039 0.079 0.07 0.613 2 2 2 2 2 2
1980-03-19T10:30:00 1980 3 19 10 30 0 7.0 -0.5 389.0 33.3 10.08 1.74 0.09 0.29 2 2 2 2 2 2 2 2 3.0 2.28 24.0 -0.5 -0.5 -0.5 -0.5 -0.5 -0.5 0.109 0.165 0.038 0.062 0.141 1.05 2 2 2 2 2 2
1980-03-19T11:30:00 1980 3 19 11 30 0 11.1 -0.2 373.0 13.4 3.73 6.17 0.64 1.55 2 2 2 2 2 2 2 2 3.0 2.56 11.0 -0.2 -0.2 -0.2 -0.2 -0.2 -0.2 0.127 0.241 0.039 0.059 0.215 1.326 2 2 2 2 2 2
1980-03-19T12:30:00 1980 3 19 12 30 0 9.7 5.3 363.0 15.5 4.08 4.89 0.0 0.0 2 2 2 2 2 2 2 2 3.0 2.84 8.0 5.3 5.3 5.3 5.3 5.3 5.3 0.086 0.12 0.038 0.033 0.068 0.55 2 2 2 2 2 2
1980-03-19T13:30:00 1980 3 19 13 30 0 8.1 3.1 370.0 16.9 4.63 2.72 0.0 0.0 2 2 2 2 2 2 2 2 3.0 3.11 16.0 3.1 3.1 3.1 3.1 3.1 3.1 0.058 0.059 0.037 0.018 0.022 0.228 2 2 2 2 2 2
1980-03-19T14:30:00 1980 3 19 14 30 0 7.4 3.5 379.0 17.8 5.11 2.28 0.0 0.0 2 2 2 2 2 2 2 2 3.0 3.07 22.0 3.5 3.5 3.5 3.5 3.5 3.5 0.039 0.029 0.035 0.01 0.007 0.095 2 2 2 2 2 2
1980-03-19T15:30:00 1980 3 19 15 30 0 0.2 5.9 381.0 25.4 7.02 0.45 0.0 0.0 2 2 2 2 2 2 2 2 3.0 3.04 26.0 5.9 5.9 5.9 5.9 5.9 5.9 0.027 0.015 0.034 0.006 0.002 0.039 2 2 2 2 2 2
1980-03-19T16:30:00 1980 3 19 16 30 0 3.4 10.9 378.0 13.6 3.53 0.03 0.0 0.0 2 2 2 2 2 2 2 2 3.0 3.0 20.0 10.9 10.9 10.9 10.9 10.9 10.9 0.018 0.007 0.033 0.003 0.001 0.016 2 2 2 2 2 2
1980-03-19T17:30:00 1980 3 19 17 30 0 -1.4 12.3 365.0 8.2 1.93 0.01 0.0 0.0 2 2 2 2 2 2 2 2 3.0 3.0 18.0 12.3 12.3 12.3 12.3 12.3 12.3 0.012 0.004 0.032 0.002 0.0 0.007 2 2 2 2 2 2
1980-03-19T18:30:00 1980 3 19 18 30 0 -2.9 12.6 354.0 5.0 1.25 0.02 0.0 0.0 2 2 2 2 2 2 2 2 1.7 2.83 15.0 12.6 12.6 12.6 12.6 12.6 12.6 0.008 0.002 0.031 0.001 0.0 0.003 2 2 2 2 2 2
1980-03-19T19:30:00 1980 3 19 19 30 0 -3.6 12.4 359.5 6.9 1.72 0.06 0.0 0.0 1 1 1 1 1 1 1 1 1.7 2.66 12.0 12.4 12.4 12.4 12.4 12.4 12.4 0.006 0.001 0.03 0.001 0.0 0.001 2 2 2 2 2 2
1980-03-19T20:30:00 1980 3 19 20 30 0 -4.3 12.2 365.0 8.8 2.19 0.11 0.0 0.0 2 2 2 2 2 2 2 2 1.7 2.5 14.0 12.2 12.2 12.2 12.2 12.2 12.2 0.004 0.0 0.029 0.0 0.0 0.0 2 2 2 2 2 2
1980-03-19T21:30:00 1980 3 19 21 30 0 -5.6 12.4 363.0 8.1 2.07 0.22 0.0 0.0 2 2 2 2 2 2 2 2 1.0 2.24 13.0 12.4 12.4 12.4 12.4 12.4 12.4 0.003 0.0 0.029 0.0 0.0 0.0 2 2 2 2 2 2
1980-03-19T22:30:00 1980 3 19 22 30 0 -4.5 13.2 359.0 8.3 2.08 0.2 0.0 0.0 2 2 2 2 2 2 2 2 1.0 1.99 15.0 13.2 13.2 13.2 13.2 13.2 13.2 0.002 0.0 0.028 0.0 0.0 0.0 2 2 2 2 2 2
1980-03-19T23:30:00 1980 3 19 23 30 0 -2.1 14.5 348.0 4.7 1.14 0.06 0.0 0.0 2 2 2 2 2 2 2 2 1.0 1.74 14.0 14.5 14.5 14.5 14.5 14.5 14.5 0.001 0.0 0.027 0.0 0.0 0.0 2 2 2 2 2 2
