1980-03-06T00:30:00 1980 3 6 0 30 0 -3.4 1.6 332.0 6.5 1.43 0.37 1.11 0.69 2 2 2 2 2 2 2 2 2.0 0.87 4.0 1.6 1.6 1.6 1.6 1.6 1.6 0.14 0.229 0.193 0.093 0.169 0.257 2 2 2 2 2 2
1980-03-06T01:30:00 1980 3 6 1 30 0 -2.0 6.3 374.0 8.7 2.43 0.13 0.0 0.0 2 2 2 2 2 2 2 2 2.0 1.04 9.0 6.3 6.3 6.3 6.3 6.3 6.3 0.095 0.114 0.187 0.052 0.054 0.107 2 2 2 2 2 2
1980-03-06T02:30:00 1980 3 6 2 30 0 -6.1 9.9 402.0 4.8 1.55 0.25 0.0 0.0 2 2 2 2 2 2 2 2 2.0 1.2 11.0 9.9 9.9 9.9 9.9 9.9 9.9 0.064 0.057 0.181 0.029 0.017 0.044 2 2 2 2 2 2
1980-03-06T03:30:00 1980 3 6 3 30 0 1.4 10.3 436.0 4.5 1.71 0.09 0.0 0.0 2 2 2 2 2 2 2 2 2.0 1.37 14.0 10.3 10.3 10.3 10.3 10.3 10.3 0.043 0.028 0.176 0.016 0.005 0.018 2 2 2 2 2 2
1980-03-06T04:30:00 1980 3 6 4 30 0 6.4 -2.1 408.0 5.1 1.7 1.3 0.55 0.28 2 2 2 2 2 2 2 2 2.0 1.53 10.0 -2.1 -2.1 -2.1 -2.1 -2.1 -2.1 0.08 0.116 0.173 0.063 0.162 0.177 2 2 2 2 2 2
1980-03-06T05:30:00 1980 3 6 5 30 0 4.1 5.2 415.0 4.7 1.62 1.71 0.45 0.23 2 2 2 2 2 2 2 2 2.0 1.69 2.0 5.2 5.2 5.2 5.2 5.2 5.2 0.06 0.073 0.168 0.038 0.068 0.103 2 2 2 2 2 2
1980-03-06T06:30:00 1980 3 6 6 30 0 1.6 6.0 379.0 5.3 1.72 0.12 0.0 0.0 2 2 2 2 2 2 2 2 2.3 1.88 2.0 6.0 6.0 6.0 6.0 6.0 6.0 0.041 0.036 0.163 0.021 0.022 0.043 2 2 2 2 2 2
1980-03-06T07:30:00 1980 3 6 7 30 0 5.3 2.2 382.0 6.0 1.92 0.41 0.0 0.0 2 2 2 2 2 2 2 2 2.3 2.08 2.0 2.2 2.2 2.2 2.2 2.2 2.2 0.028 0.018 0.158 0.012 0.007 0.018 2 2 2 2 2 2
1980-03-06T08:30:00 1980 3 6 8 30 0 2.6 8.2 381.0 6.1 1.85 0.34 0.0 0.0 2 2 2 2 2 2 2 2 2.3 2.12 3.0 8.2 8.2 8.2 8.2 8.2 8.2 0.019 0.009 0.153 0.007 0.002 0.007 2 2 2 2 2 2
1980-03-06T09:30:00 1980 3 6 9 30 0 7.5 -0.8 376.0 6.5 1.96 1.46 0.13 0.09 2 2 2 2 2 2 2 2 3.0 2.25 4.0 -0.8 -0.8 -0.8 -0.8 -0.8 -0.8 0.035 0.063 0.15 0.019 0.081 0.117 2 2 2 2 2 2
1980-03-06T10:30:00 1980 3 6 10 30 0 7.0 -1.3 377.0 6.8 2.01 4.61 2.02 1.35 2 2 2 2 2 2 2 2 3.0 2.37 -4.0 -1.3 -1.3 -1.3 -1.3 -1.3 -1.3 0.13 0.267 0.15 0.092 0.312 0.477 2 2 2 2 2 2
1980-03-06T11:30:00 1980 3 6 11 30 0 7.4 1.3 398.0 4.6 1.58 3.74 0.52 0.33 2 2 2 2 2 2 2 2 3.0 2.5 -12.0 1.3 1.3 1.3 1.3 1.3 1.3 0.102 0.163 0.146 0.059 0.128 0.25 2 2 2 2 2 2
1980-03-06T12:30:00 1980 3 6 12 30 0 7.3 1.4 405.0 5.5 1.8 3.09 0.0 0.0 2 2 2 2 2 2 2 2 2.3 2.53 -3.0 1.4 1.4 1.4 1.4 1.4 1.4 0.069 0.081 0.142 0.033 0.041 0.104 2 2 2 2 2 2
1980-03-06T13:30:00 1980 3 6 13 30 0 5.5 1.1 404.0 6.3 2.06 2.33 0.0 0.0 2 2 2 2 2 2 2 2 2.3 2.56 2.0 1.1 1.1 1.1 1.1 1.1 1.1 0.047 0.04 0.137 0.019 0.013 0.043 2 2 2 2 2 2
1980-03-06T14:30:00 1980 3 6 14 30 0 4.0 1.1 407.0 6.5 2.24 1.27 0.0 0.0 2 2 2 2 2 2 2 2 2.3 2.56 2.0 1.1 1.1 1.1 1.1 1.1 1.1 0.032 0.02 0.133 0.01 0.004 0.018 2 2 2 2 2 2
1980-03-06T15:30:00 1980 3 6 15 30 0 2.0 2.9 417.0 6.2 2.3 0.34 0.0 0.0 2 2 2 2 2 2 2 2 2.3 2.56 0.0 2.9 2.9 2.9 2.9 2.9 2.9 0.021 0.01 0.129 0.006 0.001 0.007 2 2 2 2 2 2
1980-03-06T16:30:00 1980 3 6 16 30 0 3.5 -2.8 418.0 5.6 1.96 1.17 1.68 0.96 2 2 2 2 2 2 2 2 2.3 2.55 1.0 -2.8 -2.8 -2.8 -2.8 -2.8 -2.8 0.116 0.202 0.132 0.116 0.31 0.374 2 2 2 2 2 2
1980-03-06T17:30:00 1980 3 6 17 30 0 5.2 4.5 426.0 5.4 1.96 1.38 0.89 0.5 2 2 2 2 2 2 2 2 2.3 2.47 -1.0 4.5 4.5 4.5 4.5 4.5 4.5 0.099 0.138 0.13 0.079 0.141 0.225 2 2 2 2 2 2
1980-03-06T18:30:00 1980 3 6 18 30 0 4.5 3.9 417.0 5.4 1.93 0.66 0.0 0.0 2 2 2 2 2 2 2 2 2.0 2.34 4.0 3.9 3.9 3.9 3.9 3.9 3.9 0.067 0.069 0.126 0.044 0.045 0.093 2 2 2 2 2 2
1980-03-06T19:30:00 1980 3 6 19 30 0 3.0 0.9 398.0 5.3 1.77 0.51 0.0 0.0 2 2 2 2 2 2 2 2 2.0 2.22 5.0 0.9 0.9 0.9 0.9 0.9 0.9 0.045 0.034 0.122 0.025 0.014 0.039 2 2 2 2 2 2
1980-03-06T20:30:00 1980 3 6 20 30 0 -0.1 1.3 409.0 5.1 1.8 0.11 0.0 0.0 2 2 2 2 2 2 2 2 2.0 2.18 4.0 1.3 1.3 1.3 1.3 1.3 1.3 0.031 0.017 0.118 0.014 0.004 0.016 2 2 2 2 2 2
1980-03-06T21:30:00 1980 3 6 21 30 0 -2.2 -0.8 415.0 5.1 1.76 0.22 0.39 0.2 2 2 2 2 2 2 2 2 1.7 2.11 0.0 -0.8 -0.8 -0.8 -0.8 -0.8 -0.8 0.051 0.084 0.116 0.027 0.117 0.16 2 2 2 2 2 2
1980-03-06T22:30:00 1980 3 6 22 30 0 2.0 0.6 400.0 5.0 1.6 0.15 0.4 0.2 2 2 2 2 2 2 2 2 1.7 2.03 -5.0 0.6 0.6 0.6 0.6 0.6 0.6 0.047 0.072 0.113 0.021 0.072 0.127 2 2 2 2 2 2
1980-03-06T23:30:00 1980 3 6 23 30 0 4.3 1.0 444.0 5.6 2.26 0.67 0.0 0.0 2 2 2 2 2 2 2 2 1.7 1.96 -5.0 1.0 1.0 1.0 1.0 1.0 1.0 0.032 0.036 0.109 0.012 0.023 0.053 2 2 2 2 2 2
