1980-11-12T00:30:00 1980 11 12 0 30 0 -4.9 -0.9 644.0 2.9 2.43 3.09 3.69 1.0 2 2 2 2 2 2 2 2 4.0 4.17 -27.0 -0.9 -0.9 -0.9 -0.9 -0.9 -0.9 0.445 0.393 0.273 0.361 0.705 0.815 2 2 2 2 2 2
1980-11-12T01:30:00 1980 11 12 1 30 0 -4.0 -0.5 649.0 2.8 2.34 3.19 2.21 0.63 2 2 2 2 2 2 2 2 4.0 4.25 -25.0 -0.5 -0.5 -0.5 -0.5 -0.5 -0.5 0.373 0.312 0.271 0.254 0.532 0.711 2 2 2 2 2 2
1980-11-12T02:30:00 1980 11 12 2 30 0 -2.6 -1.4 609.0 2.8 2.14 2.17 3.08 0.86 2 2 2 2 2 2 2 2 4.0 4.17 -22.0 -1.4 -1.4 -1.4 -1.4 -1.4 -1.4 0.361 0.324 0.274 0.244 0.606 0.746 2 2 2 2 2 2
1980-11-12T03:30:00 1980 11 12 3 30 0 1.1 -0.4 581.0 2.5 1.79 0.58 2.56 0.68 2 2 2 2 2 2 2 2 2.7 3.91 -24.0 -0.4 -0.4 -0.4 -0.4 -0.4 -0.4 0.318 0.281 0.272 0.192 0.467 0.594 2 2 2 2 2 2
1980-11-12T04:30:00 1980 11 12 4 30 0 -0.5 -0.4 576.0 2.5 1.77 0.11 1.16 0.29 2 2 2 2 2 2 2 2 2.7 3.66 -29.0 -0.4 -0.4 -0.4 -0.4 -0.4 -0.4 0.256 0.22 0.266 0.131 0.33 0.438 2 2 2 2 2 2
1980-11-12T05:30:00 1980 11 12 5 30 0 -0.3 -0.23 574.5 2.4 1.67 0.07 0.89 0.22 1 1 1 1 1 1 1 1 2.7 3.5 -32.0 -0.49 -0.44 -0.58 -0.57 -0.44 -0.4 0.219 0.192 0.261 0.106 0.292 0.364 2 2 2 2 1 1
1980-11-12T06:30:00 1980 11 12 6 30 0 0.15 0.39 573.0 2.3 1.57 0.0 0.1 0.02 1 1 1 1 1 1 1 1 2.7 3.33 -31.0 -0.64 -0.45 -1.01 -0.99 -0.46 -0.3 0.204 0.179 0.26 0.12 0.283 0.307 2 1 2 1 1 1
1980-11-12T07:30:00 1980 11 12 7 30 0 0.6 0.42 571.5 2.2 1.46 0.01 0.0 0.0 1 1 1 1 1 1 1 1 2.7 3.17 -34.0 0.17 0.22 0.08 0.08 0.21 0.25 0.155 0.108 0.254 0.085 0.127 0.153 2 1 2 1 1 1
1980-11-12T08:30:00 1980 11 12 8 30 0 0.8 0.4 570.0 2.1 1.36 0.03 0.0 0.0 2 2 2 2 2 2 2 2 2.7 3.01 -32.0 0.4 0.4 0.4 0.4 0.4 0.4 0.105 0.054 0.246 0.048 0.04 0.064 2 1 2 1 1 1
1980-11-12T09:30:00 1980 11 12 9 30 0 -0.1 0.0 569.0 2.2 1.42 0.01 0.0 0.0 2 2 2 2 2 2 2 2 3.0 2.89 -34.0 0.0 0.0 0.0 0.0 0.0 0.0 0.071 0.027 0.239 0.027 0.013 0.026 2 1 2 1 1 1
1980-11-12T10:30:00 1980 11 12 10 30 0 -0.7 -1.4 566.0 2.1 1.35 0.3 2.15 0.46 2 2 2 2 2 2 2 2 3.0 2.78 -31.0 -1.4 -1.4 -1.4 -1.4 -1.4 -1.4 0.126 0.143 0.238 0.082 0.309 0.243 2 2 2 2 2 2
1980-11-12T11:30:00 1980 11 12 11 30 0 -1.6 -1.0 562.0 2.3 1.45 0.76 3.34 0.73 2 2 2 2 2 2 2 2 3.0 2.82 -36.0 -1.0 -1.0 -1.0 -1.0 -1.0 -1.0 0.181 0.223 0.239 0.13 0.437 0.37 2 2 2 2 2 2
1980-11-12T12:30:00 1980 11 12 12 30 0 1.2 1.3 559.0 2.2 1.37 0.11 0.5 0.11 2 2 2 2 2 2 2 2 2.3 2.76 -29.0 1.3 1.3 1.3 1.3 1.3 1.3 0.131 0.126 0.233 0.077 0.165 0.182 2 2 2 2 2 2
1980-11-12T13:30:00 1980 11 12 13 30 0 0.0 0.3 545.0 2.2 1.31 0.01 0.0 0.0 2 2 2 2 2 2 2 2 2.3 2.71 -25.0 0.3 0.3 0.3 0.3 0.3 0.3 0.089 0.063 0.225 0.043 0.052 0.076 2 2 2 2 2 2
1980-11-12T14:30:00 1980 11 12 14 30 0 -0.6 0.2 533.0 2.1 1.19 0.01 0.0 0.0 2 2 2 2 2 2 2 2 2.3 2.66 -26.0 0.2 0.2 0.2 0.2 0.2 0.2 0.06 0.031 0.219 0.024 0.017 0.031 2 2 2 2 2 2
1980-11-12T15:30:00 1980 11 12 15 30 0 0.4 0.6 543.0 2.1 1.24 0.0 0.0 0.0 2 2 2 2 2 2 2 2 1.3 2.47 -23.0 0.6 0.6 0.6 0.6 0.6 0.6 0.041 0.015 0.212 0.014 0.005 0.013 2 2 2 2 2 2
1980-11-12T16:30:00 1980 11 12 16 30 0 1.3 0.9 533.0 2.1 1.19 0.04 0.0 0.0 2 2 2 2 2 2 2 2 1.3 2.29 -20.0 0.9 0.9 0.9 0.9 0.9 0.9 0.028 0.008 0.205 0.008 0.002 0.005 2 2 2 2 2 2
1980-11-12T17:30:00 1980 11 12 17 30 0 -1.2 2.7 543.0 2.3 1.36 0.01 0.0 0.0 2 2 2 2 2 2 2 2 1.3 2.08 -20.0 2.7 2.7 2.7 2.7 2.7 2.7 0.019 0.004 0.199 0.004 0.001 0.002 2 2 2 2 2 2
1980-11-12T18:30:00 1980 11 12 18 30 0 -1.5 1.8 539.0 2.4 1.39 0.05 0.0 0.0 2 2 2 2 2 2 2 2 1.7 1.92 -18.0 1.8 1.8 1.8 1.8 1.8 1.8 0.013 0.002 0.193 0.002 0.0 0.001 2 2 2 2 2 2
1980-11-12T19:30:00 1980 11 12 19 30 0 -2.1 1.7 492.0 3.5 1.99 0.12 0.0 0.0 2 2 2 2 2 2 2 2 1.7 1.77 -14.0 1.7 1.7 1.7 1.7 1.7 1.7 0.009 0.001 0.187 0.001 0.0 0.0 2 2 2 2 2 2
1980-11-12T20:30:00 1980 11 12 20 30 0 -3.7 0.5 520.0 3.7 2.18 0.61 0.0 0.0 2 2 2 2 2 2 2 2 1.7 1.69 -12.0 0.5 0.5 0.5 0.5 0.5 0.5 0.006 0.0 0.182 0.001 0.0 0.0 2 2 2 2 2 2
1980-11-12T21:30:00 1980 11 12 21 30 0 -4.0 -0.4 567.0 5.0 3.22 1.65 0.3 0.14 2 2 2 2 2 2 2 2 2.0 1.66 -11.0 -0.4 -0.4 -0.4 -0.4 -0.4 -0.4 0.026 0.052 0.177 0.013 0.12 0.22 2 2 2 2 2 2
1980-11-12T22:30:00 1980 11 12 22 30 0 -4.2 0.8 543.0 4.9 2.78 1.73 0.14 0.07 2 2 2 2 2 2 2 2 2.0 1.63 -11.0 0.8 0.8 0.8 0.8 0.8 0.8 0.021 0.034 0.172 0.008 0.052 0.127 2 2 2 2 2 2
1980-11-12T23:30:00 1980 11 12 23 30 0 -4.3 -0.2 548.0 4.6 2.67 1.82 0.08 0.04 2 2 2 2 2 2 2 2 2.0 1.72 -7.0 -0.2 -0.2 -0.2 -0.2 -0.2 -0.2 0.022 0.038 0.167 0.008 0.065 0.14 2 2 2 2 2 2
