1980-09-14T00:30:00 1980 9 14 0 30 0 -5.8 2.4 342.0 8.8 2.06 1.26 0.0 0.0 2 2 2 2 2 2 2 2 2.3 1.85 -23.0 2.4 2.4 2.4 2.4 2.4 2.4 0.065 0.016 0.884 0.015 0.001 0.011 2 2 2 2 2 2
1980-09-14T01:30:00 1980 9 14 1 30 0 -3.9 -1.5 352.0 9.0 2.23 1.5 0.62 0.56 2 2 2 2 2 2 2 2 2.3 1.81 -22.0 -1.5 -1.5 -1.5 -1.5 -1.5 -1.5 0.101 0.153 0.859 0.054 0.173 0.305 2 2 2 2 2 2
1980-09-14T02:30:00 1980 9 14 2 30 0 -4.0 -4.3 353.0 9.5 2.37 3.59 5.32 4.95 2 2 2 2 2 2 2 2 2.3 1.86 -23.0 -4.3 -4.3 -4.3 -4.3 -4.3 -4.3 0.362 0.639 0.854 0.382 0.686 1.128 2 2 2 2 2 2
1980-09-14T03:30:00 1980 9 14 3 30 0 -3.6 -4.1 343.0 10.2 2.4 4.94 7.29 7.19 2 2 2 2 2 2 2 2 2.7 1.95 -27.0 -4.1 -4.1 -4.1 -4.1 -4.1 -4.1 0.606 0.984 0.856 0.673 0.929 1.625 2 2 2 2 2 2
1980-09-14T04:30:00 1980 9 14 4 30 0 -3.2 2.3 352.0 8.7 2.16 1.47 1.98 1.95 2 2 2 2 2 2 2 2 2.7 2.04 -33.0 2.3 2.3 2.3 2.3 2.3 2.3 0.482 0.629 0.835 0.438 0.421 0.929 2 2 2 2 2 2
1980-09-14T05:30:00 1980 9 14 5 30 0 -4.2 5.9 359.0 7.9 2.04 0.28 0.0 0.0 2 2 2 2 2 2 2 2 2.7 2.22 -29.0 5.9 5.9 5.9 5.9 5.9 5.9 0.326 0.313 0.809 0.245 0.133 0.385 2 2 2 2 2 2
1980-09-14T06:30:00 1980 9 14 6 30 0 -5.0 6.5 366.0 7.5 2.01 0.36 0.0 0.0 2 2 2 2 2 2 2 2 1.0 2.16 -23.0 6.5 6.5 6.5 6.5 6.5 6.5 0.221 0.155 0.784 0.137 0.042 0.16 2 2 2 2 2 2
1980-09-14T07:30:00 1980 9 14 7 30 0 -3.2 5.3 352.0 7.3 1.81 0.26 0.0 0.0 2 2 2 2 2 2 2 2 1.0 2.11 -22.0 5.3 5.3 5.3 5.3 5.3 5.3 0.149 0.077 0.76 0.077 0.013 0.066 2 2 2 2 2 2
1980-09-14T08:30:00 1980 9 14 8 30 0 -6.4 -0.3 357.0 8.7 2.22 1.18 0.04 0.04 2 2 2 2 2 2 2 2 1.0 1.94 -21.0 -0.3 -0.3 -0.3 -0.3 -0.3 -0.3 0.111 0.073 0.737 0.048 0.046 0.115 2 2 2 2 2 2
1980-09-14T09:30:00 1980 9 14 9 30 0 -5.4 1.6 349.0 8.7 2.46 1.99 0.02 0.02 2 2 2 2 2 2 2 2 2.3 1.95 -22.0 1.6 1.6 1.6 1.6 1.6 1.6 0.075 0.036 0.715 0.027 0.015 0.048 2 2 2 2 2 2
1980-09-14T10:30:00 1980 9 14 10 30 0 -3.8 -3.5 347.0 10.1 2.75 2.32 2.34 2.3 2 2 2 2 2 2 2 2 2.3 1.95 -23.0 -3.5 -3.5 -3.5 -3.5 -3.5 -3.5 0.218 0.378 0.703 0.198 0.417 0.712 2 2 2 2 2 2
1980-09-14T11:30:00 1980 9 14 11 30 0 -5.1 2.3 341.0 9.6 2.65 1.8 1.58 1.58 2 2 2 2 2 2 2 2 2.3 1.91 -22.0 2.3 2.3 2.3 2.3 2.3 2.3 0.205 0.307 0.685 0.155 0.237 0.52 2 2 2 2 2 2
1980-09-14T12:30:00 1980 9 14 12 30 0 -0.8 3.2 329.0 8.9 2.29 0.25 0.0 0.0 2 2 2 2 2 2 2 2 1.3 1.74 -19.0 3.2 3.2 3.2 3.2 3.2 3.2 0.139 0.152 0.664 0.087 0.075 0.216 2 2 2 2 2 2
1980-09-14T13:30:00 1980 9 14 13 30 0 -2.9 4.8 332.0 9.2 2.4 0.05 0.0 0.0 2 2 2 2 2 2 2 2 1.3 1.57 -18.0 4.8 4.8 4.8 4.8 4.8 4.8 0.094 0.076 0.643 0.049 0.024 0.09 2 2 2 2 2 2
1980-09-14T14:30:00 1980 9 14 14 30 0 -3.7 3.9 324.0 8.9 2.13 0.18 0.0 0.0 2 2 2 2 2 2 2 2 1.3 1.6 -16.0 3.9 3.9 3.9 3.9 3.9 3.9 0.064 0.038 0.624 0.027 0.008 0.037 2 2 2 2 2 2
1980-09-14T15:30:00 1980 9 14 15 30 0 -2.9 3.9 344.0 10.5 3.16 0.19 0.0 0.0 2 2 2 2 2 2 2 2 0.7 1.55 -13.0 3.9 3.9 3.9 3.9 3.9 3.9 0.043 0.019 0.605 0.015 0.002 0.015 2 2 2 2 2 2
1980-09-14T16:30:00 1980 9 14 16 30 0 -1.9 4.7 348.0 9.4 2.68 0.07 0.0 0.0 2 2 2 2 2 2 2 2 0.7 1.51 -9.0 4.7 4.7 4.7 4.7 4.7 4.7 0.029 0.009 0.586 0.009 0.001 0.006 2 2 2 2 2 2
1980-09-14T17:30:00 1980 9 14 17 30 0 -2.0 5.8 345.0 9.9 2.36 0.03 0.0 0.0 2 2 2 2 2 2 2 2 0.7 1.31 -5.0 5.8 5.8 5.8 5.8 5.8 5.8 0.02 0.005 0.568 0.005 0.0 0.003 2 2 2 2 2 2
1980-09-14T18:30:00 1980 9 14 18 30 0 -1.7 6.2 360.0 9.1 2.36 0.02 0.0 0.0 2 2 2 2 2 2 2 2 1.0 1.15 -3.0 6.2 6.2 6.2 6.2 6.2 6.2 0.013 0.002 0.551 0.003 0.0 0.001 2 2 2 2 2 2
1980-09-14T19:30:00 1980 9 14 19 30 0 -2.9 4.0 354.0 9.6 2.41 0.07 0.0 0.0 2 2 2 2 2 2 2 2 1.0 1.0 -3.0 4.0 4.0 4.0 4.0 4.0 4.0 0.009 0.001 0.534 0.002 0.0 0.0 2 2 2 2 2 2
1980-09-14T20:30:00 1980 9 14 20 30 0 -3.8 4.0 352.0 9.9 2.45 0.22 0.0 0.0 2 2 2 2 2 2 2 2 1.0 0.96 -3.0 4.0 4.0 4.0 4.0 4.0 4.0 0.006 0.001 0.518 0.001 0.0 0.0 2 2 2 2 2 2
1980-09-14T21:30:00 1980 9 14 21 30 0 -3.8 1.8 352.0 9.3 2.3 0.41 0.0 0.0 2 2 2 2 2 2 2 2 3.7 1.28 -7.0 1.8 1.8 1.8 1.8 1.8 1.8 0.004 0.0 0.502 0.0 0.0 0.0 2 2 2 2 2 2
1980-09-14T22:30:00 1980 9 14 22 30 0 -4.1 -5.8 361.0 7.8 2.03 3.46 4.41 3.59 2 2 2 2 2 2 2 2 3.7 1.59 -13.0 -5.8 -5.8 -5.8 -5.8 -5.8 -5.8 0.264 0.491 0.507 0.353 0.595 0.805 2 2 2 2 2 2
1980-09-14T23:30:00 1980 9 14 23 30 0 -5.7 -2.8 366.0 7.1 1.9 6.25 7.59 5.66 2 2 2 2 2 2 2 2 3.7 1.98 -22.0 -2.8 -2.8 -2.8 -2.8 -2.8 -2.8 0.488 0.787 0.518 0.582 0.809 1.158 2 2 2 2 2 2
