1980-02-14T00:30:00 1980 2 14 0 30 0 6.9 0.9 303.0 12.2 2.24 2.59 0.0 0.0 2 2 2 2 2 2 2 2 1.3 1.0 8.0 0.9 0.9 0.9 0.9 0.9 0.9 0.0 0.0 0.025 0.0 0.0 0.0 2 2 2 2 2 2
1980-02-14T01:30:00 1980 2 14 1 30 0 6.9 -0.2 300.0 12.6 2.27 2.54 0.04 0.05 2 2 2 2 2 2 2 2 1.3 1.08 8.0 -0.2 -0.2 -0.2 -0.2 -0.2 -0.2 0.007 0.03 0.024 0.003 0.028 0.075 2 2 2 2 2 2
1980-02-14T02:30:00 1980 2 14 2 30 0 7.1 1.1 302.0 11.9 2.17 2.51 0.01 0.01 2 2 2 2 2 2 2 2 1.3 1.12 3.0 1.1 1.1 1.1 1.1 1.1 1.1 0.005 0.015 0.023 0.001 0.009 0.031 2 2 2 2 2 2
1980-02-14T03:30:00 1980 2 14 3 30 0 11.9 1.3 333.0 15.4 3.42 4.54 0.0 0.0 2 2 2 2 2 2 2 2 3.3 1.42 11.0 1.3 1.3 1.3 1.3 1.3 1.3 0.003 0.007 0.023 0.001 0.003 0.013 2 2 2 2 2 2
1980-02-14T04:30:00 1980 2 14 4 30 0 13.0 2.9 361.0 27.2 7.09 7.1 0.0 0.0 2 2 2 2 2 2 2 2 3.3 1.71 6.0 2.9 2.9 2.9 2.9 2.9 2.9 0.002 0.004 0.022 0.0 0.001 0.005 2 2 2 2 2 2
1980-02-14T05:30:00 1980 2 14 5 30 0 14.8 3.4 367.0 16.3 4.39 8.37 0.0 0.0 2 2 2 2 2 2 2 2 3.3 2.0 -1.0 3.4 3.4 3.4 3.4 3.4 3.4 0.002 0.002 0.021 0.0 0.0 0.002 2 2 2 2 2 2
1980-02-14T06:30:00 1980 2 14 6 30 0 13.6 3.2 368.0 15.1 4.09 8.56 0.0 0.0 2 2 2 2 2 2 2 2 3.0 2.25 -3.0 3.2 3.2 3.2 3.2 3.2 3.2 0.001 0.001 0.021 0.0 0.0 0.001 2 2 2 2 2 2
1980-02-14T07:30:00 1980 2 14 7 30 0 13.3 0.1 369.0 14.2 3.87 9.35 0.0 0.0 2 2 2 2 2 2 2 2 3.0 2.5 -1.0 0.1 0.1 0.1 0.1 0.1 0.1 0.001 0.0 0.02 0.0 0.0 0.0 2 2 2 2 2 2
1980-02-14T08:30:00 1980 2 14 8 30 0 14.0 -5.9 368.0 14.6 3.95 16.38 5.8 8.4 2 2 2 2 2 2 2 2 3.0 2.7 4.0 -5.9 -5.9 -5.9 -5.9 -5.9 -5.9 0.404 0.759 0.053 0.556 0.902 2.092 2 2 2 2 2 2
1980-02-14T09:30:00 1980 2 14 9 30 0 14.0 -4.78 368.7 14.55 3.95 20.91 9.75 14.21 1 1 1 1 1 1 1 1 4.7 3.13 -1.0 -5.02 -4.95 -5.14 -5.13 -4.96 -4.91 0.817 1.313 0.104 1.121 1.363 3.335 1 1 1 1 1 1
1980-02-14T10:30:00 1980 2 14 10 30 0 12.09 -0.64 369.3 14.28 3.9 14.1 4.68 6.76 1 1 1 1 1 1 1 1 4.7 3.55 -22.0 -1.74 -1.45 -2.33 -2.3 -1.48 -1.24 0.868 1.221 0.13 1.05 1.064 2.95 1 1 1 1 1 1
1980-02-14T11:30:00 1980 2 14 11 30 0 7.95 0.15 370.0 14.0 3.83 6.65 0.43 0.61 1 0 1 1 1 1 1 1 4.7 3.73 -37.0 -1.11 -0.78 -1.8 -1.76 -0.82 -0.54 0.749 0.908 0.14 0.803 0.679 2.073 1 1 1 1 1 1
1980-02-14T12:30:00 1980 2 14 12 30 0 3.81 -0.8 370.7 13.72 3.76 2.62 0.69 0.95 1 1 1 1 1 1 1 1 3.3 3.73 -35.0 -1.9 -1.61 -2.49 -2.45 -1.64 -1.4 0.698 0.817 0.152 0.704 0.643 1.893 1 1 1 1 1 1
1980-02-14T13:30:00 1980 2 14 13 30 0 1.9 -5.7 371.3 13.45 3.71 3.8 6.41 8.68 1 1 1 1 1 1 1 1 3.3 3.72 -27.0 -5.93 -5.87 -6.05 -6.05 -5.87 -5.82 0.934 1.217 0.192 1.094 1.172 2.864 1 1 1 1 1 1
1980-02-14T14:30:00 1980 2 14 14 30 0 1.9 -7.0 372.0 13.4 3.71 8.63 11.9 15.97 2 2 2 2 2 2 2 2 3.3 3.75 -25.0 -7.0 -7.0 -7.0 -7.0 -7.0 -7.0 1.275 1.661 0.255 1.658 1.621 3.764 1 2 1 2 2 2
1980-02-14T15:30:00 1980 2 14 15 30 0 5.7 -7.4 363.0 12.8 3.37 11.81 13.25 17.32 2 2 2 2 2 2 2 2 4.0 3.87 -33.0 -7.4 -7.4 -7.4 -7.4 -7.4 -7.4 1.541 1.928 0.321 2.055 1.788 4.055 2 2 2 2 2 2
1980-02-14T16:30:00 1980 2 14 16 30 0 8.5 -5.2 358.0 13.8 3.54 12.46 11.19 14.89 2 2 2 2 2 2 2 2 4.0 3.99 -38.0 -5.2 -5.2 -5.2 -5.2 -5.2 -5.2 1.614 1.929 0.368 2.012 1.647 3.922 2 2 2 2 2 2
1980-02-14T17:30:00 1980 2 14 17 30 0 10.1 -1.2 351.0 12.0 2.96 9.24 5.38 7.01 2 2 2 2 2 2 2 2 4.0 3.91 -43.0 -1.2 -1.2 -1.2 -1.2 -1.2 -1.2 1.356 1.475 0.376 1.411 1.057 2.842 2 2 2 2 2 2
1980-02-14T18:30:00 1980 2 14 18 30 0 10.5 -1.7 353.0 10.1 2.52 8.17 2.59 2.83 2 2 2 2 2 2 2 2 2.7 3.66 -37.0 -1.7 -1.7 -1.7 -1.7 -1.7 -1.7 1.075 1.086 0.372 0.923 0.716 1.956 2 2 2 2 2 2
1980-02-14T19:30:00 1980 2 14 19 30 0 11.8 -1.2 353.0 8.1 2.02 9.28 2.52 2.29 2 2 2 2 2 2 2 2 2.7 3.41 -36.0 -1.2 -1.2 -1.2 -1.2 -1.2 -1.2 0.861 0.837 0.368 0.623 0.545 1.375 2 2 2 2 2 2
1980-02-14T20:30:00 1980 2 14 20 30 0 10.6 3.9 353.0 7.0 1.74 6.35 0.17 0.13 2 2 2 2 2 2 2 2 2.7 3.33 -38.0 3.9 3.9 3.9 3.9 3.9 3.9 0.583 0.416 0.356 0.349 0.173 0.57 2 2 2 2 2 2
1980-02-14T21:30:00 1980 2 14 21 30 0 8.2 6.2 349.0 7.5 1.83 2.63 0.0 0.0 2 2 2 2 2 2 2 2 1.7 3.12 -31.0 6.2 6.2 6.2 6.2 6.2 6.2 0.395 0.206 0.345 0.195 0.055 0.237 2 2 2 2 2 2
1980-02-14T22:30:00 1980 2 14 22 30 0 6.2 7.3 354.0 8.4 2.11 1.06 0.0 0.0 2 2 2 2 2 2 2 2 1.7 2.91 -27.0 7.3 7.3 7.3 7.3 7.3 7.3 0.267 0.102 0.335 0.109 0.017 0.098 2 2 2 2 2 2
1980-02-14T23:30:00 1980 2 14 23 30 0 6.6 7.5 353.0 6.3 1.57 0.73 0.0 0.0 2 2 2 2 2 2 2 2 1.7 2.62 -25.0 7.5 7.5 7.5 7.5 7.5 7.5 0.181 0.051 0.325 0.061 0.005 0.041 2 2 2 2 2 2
