1980-12-20T00:30:00 1980 12 20 0 30 0 26.0 6.4 456.0 5.5 2.29 35.05 0.0 0.0 2 2 2 2 2 2 2 2 4.0 5.81 -171.0 6.4 6.4 6.4 6.4 6.4 6.4 1.361 0.396 5.206 1.263 0.22 0.335 2 2 2 2 2 2
1980-12-20T01:30:00 1980 12 20 1 30 0 24.8 7.9 476.0 6.7 3.79 26.75 0.0 0.0 2 2 2 2 2 2 2 2 4.0 5.35 -158.0 7.9 7.9 7.9 7.9 7.9 7.9 0.921 0.197 5.047 0.707 0.07 0.139 2 2 2 2 2 2
1980-12-20T02:30:00 1980 12 20 2 30 0 25.5 9.6 495.0 8.0 4.5 25.13 0.0 0.0 2 2 2 2 2 2 2 2 4.0 4.98 -148.0 9.6 9.6 9.6 9.6 9.6 9.6 0.624 0.098 4.893 0.396 0.022 0.058 2 2 2 2 2 2
1980-12-20T03:30:00 1980 12 20 3 30 0 26.0 12.5 505.0 9.1 4.64 23.97 0.0 0.0 2 2 2 2 2 2 2 2 3.7 4.57 -140.0 12.5 12.5 12.5 12.5 12.5 12.5 0.422 0.049 4.744 0.222 0.007 0.024 2 2 2 2 2 2
1980-12-20T04:30:00 1980 12 20 4 30 0 26.8 12.7 494.0 8.5 6.48 23.46 0.0 0.0 2 2 2 2 2 2 2 2 3.7 4.18 -136.0 12.7 12.7 12.7 12.7 12.7 12.7 0.286 0.024 4.599 0.124 0.002 0.01 2 2 2 2 2 2
1980-12-20T05:30:00 1980 12 20 5 30 0 25.0 15.4 480.0 3.8 2.62 20.16 0.0 0.0 2 2 2 2 2 2 2 2 3.7 4.05 -134.0 15.4 15.4 15.4 15.4 15.4 15.4 0.194 0.012 4.458 0.069 0.001 0.004 2 2 2 2 2 2
1980-12-20T06:30:00 1980 12 20 6 30 0 24.7 15.4 539.0 2.5 1.45 18.16 0.0 0.0 2 2 2 2 2 2 2 2 4.0 3.97 -128.0 15.4 15.4 15.4 15.4 15.4 15.4 0.131 0.006 4.322 0.039 0.0 0.002 2 2 2 2 2 2
1980-12-20T07:30:00 1980 12 20 7 30 0 25.8 11.3 468.0 5.3 2.32 20.73 0.0 0.0 2 2 2 2 2 2 2 2 4.0 3.89 -128.0 11.3 11.3 11.3 11.3 11.3 11.3 0.089 0.003 4.19 0.022 0.0 0.001 2 2 2 2 2 2
1980-12-20T08:30:00 1980 12 20 8 30 0 20.4 20.1 484.0 5.5 2.58 13.86 0.0 0.0 2 2 2 2 2 2 2 2 4.0 3.89 -124.0 20.1 20.1 20.1 20.1 20.1 20.1 0.06 0.001 4.062 0.012 0.0 0.0 2 2 2 2 2 2
1980-12-20T09:30:00 1980 12 20 9 30 0 18.3 23.4 482.0 7.3 3.84 6.58 0.0 0.0 2 2 2 2 2 2 2 2 2.7 3.72 -114.0 23.4 23.4 23.4 23.4 23.4 23.4 0.041 0.001 3.938 0.007 0.0 0.0 2 2 2 2 2 2
1980-12-20T10:30:00 1980 12 20 10 30 0 17.9 23.1 479.0 6.7 3.34 5.13 0.0 0.0 2 2 2 2 2 2 2 2 2.7 3.55 -105.0 23.1 23.1 23.1 23.1 23.1 23.1 0.028 0.0 3.818 0.004 0.0 0.0 2 2 2 2 2 2
1980-12-20T11:30:00 1980 12 20 11 30 0 12.4 23.0 461.0 4.3 2.03 3.07 0.0 0.0 2 2 2 2 2 2 2 2 2.7 3.42 -104.0 23.0 23.0 23.0 23.0 23.0 23.0 0.019 0.0 3.702 0.002 0.0 0.0 2 2 2 2 2 2
1980-12-20T12:30:00 1980 12 20 12 30 0 1.8 25.7 458.0 2.2 1.2 0.43 0.0 0.0 2 2 2 2 2 2 2 2 3.0 3.34 -103.0 25.7 25.7 25.7 25.7 25.7 25.7 0.013 0.0 3.589 0.001 0.0 0.0 2 2 2 2 2 2
1980-12-20T13:30:00 1980 12 20 13 30 0 1.4 22.7 431.0 6.4 3.05 0.0 0.0 0.0 2 2 2 2 2 2 2 2 3.0 3.25 -93.0 22.7 22.7 22.7 22.7 22.7 22.7 0.009 0.0 3.479 0.001 0.0 0.0 2 2 2 2 2 2
1980-12-20T14:30:00 1980 12 20 14 30 0 3.2 15.4 438.0 6.3 3.31 0.02 0.0 0.0 2 2 2 2 2 2 2 2 3.0 3.13 -86.0 15.4 15.4 15.4 15.4 15.4 15.4 0.006 0.0 3.373 0.0 0.0 0.0 2 2 2 2 2 2
1980-12-20T15:30:00 1980 12 20 15 30 0 4.2 -1.6 471.0 19.9 10.68 0.64 0.35 0.69 2 2 2 2 2 2 2 2 3.3 3.05 -69.0 -1.6 -1.6 -1.6 -1.6 -1.6 -1.6 0.08 0.163 3.275 0.081 0.293 1.2 2 2 2 2 2 2
1980-12-20T16:30:00 1980 12 20 16 30 0 10.1 8.7 491.0 15.3 8.25 2.52 0.15 0.29 2 2 2 2 2 2 2 2 3.3 2.97 -69.0 8.7 8.7 8.7 8.7 8.7 8.7 0.054 0.081 3.175 0.045 0.093 0.498 2 2 2 2 2 2
1980-12-20T17:30:00 1980 12 20 17 30 0 11.7 6.8 476.0 11.1 5.31 4.03 0.0 0.0 2 2 2 2 2 2 2 2 3.3 3.04 -76.0 6.8 6.8 6.8 6.8 6.8 6.8 0.036 0.04 3.078 0.025 0.029 0.206 2 2 2 2 2 2
1980-12-20T18:30:00 1980 12 20 18 30 0 2.0 6.8 493.0 9.7 4.88 1.51 0.0 0.0 2 2 2 2 2 2 2 2 4.3 3.25 -73.0 6.8 6.8 6.8 6.8 6.8 6.8 0.025 0.02 2.984 0.014 0.009 0.086 2 2 2 2 2 2
1980-12-20T19:30:00 1980 12 20 19 30 0 7.0 6.7 542.0 2.6 1.53 0.62 0.0 0.0 2 2 2 2 2 2 2 2 4.3 3.45 -79.0 6.7 6.7 6.7 6.7 6.7 6.7 0.017 0.01 2.893 0.008 0.003 0.036 2 2 2 2 2 2
1980-12-20T20:30:00 1980 12 20 20 30 0 4.7 4.6 583.0 7.3 6.05 1.13 0.0 0.0 2 2 2 2 2 2 2 2 4.3 3.62 -69.0 4.6 4.6 4.6 4.6 4.6 4.6 0.011 0.005 2.805 0.004 0.001 0.015 2 2 2 2 2 2
1980-12-20T21:30:00 1980 12 20 21 30 0 3.0 4.2 597.0 9.0 6.43 0.47 0.0 0.0 2 2 2 2 2 2 2 2 3.0 3.61 -61.0 4.2 4.2 4.2 4.2 4.2 4.2 0.008 0.002 2.719 0.002 0.0 0.006 2 2 2 2 2 2
1980-12-20T22:30:00 1980 12 20 22 30 0 4.2 2.6 594.0 10.9 8.3 0.56 0.0 0.0 2 2 2 2 2 2 2 2 3.0 3.6 -54.0 2.6 2.6 2.6 2.6 2.6 2.6 0.005 0.001 2.636 0.001 0.0 0.003 2 2 2 2 2 2
1980-12-20T23:30:00 1980 12 20 23 30 0 2.3 2.2 619.0 17.4 12.92 0.5 0.0 0.0 2 2 2 2 2 2 2 2 3.0 3.56 -38.0 2.2 2.2 2.2 2.2 2.2 2.2 0.004 0.001 2.556 0.001 0.0 0.001 2 2 2 2 2 2
