1980-01-17T00:30:00 1980 1 17 0 30 0 0.1 6.9 473.0 2.1 0.94 0.03 0.0 0.0 2 2 2 2 2 2 2 2 1.0 0.39 -3.0 6.9 6.9 6.9 6.9 6.9 6.9 0.001 0.0 0.244 0.0 0.0 0.0 2 2 2 2 2 2
1980-01-17T01:30:00 1980 1 17 1 30 0 1.8 5.4 457.0 1.9 0.79 0.01 0.0 0.0 2 2 2 2 2 2 2 2 1.0 0.48 -3.0 5.4 5.4 5.4 5.4 5.4 5.4 0.001 0.0 0.237 0.0 0.0 0.0 2 2 2 2 2 2
1980-01-17T02:30:00 1980 1 17 2 30 0 4.4 -2.2 462.0 2.9 1.24 1.1 0.96 0.27 2 2 2 2 2 2 2 2 1.0 0.57 -3.0 -2.2 -2.2 -2.2 -2.2 -2.2 -2.2 0.054 0.1 0.233 0.056 0.19 0.141 2 2 2 2 2 2
1980-01-17T03:30:00 1980 1 17 3 30 0 2.8 5.5 440.0 1.7 0.66 0.92 0.53 0.14 2 2 2 2 2 2 2 2 2.0 0.79 -7.0 5.5 5.5 5.5 5.5 5.5 5.5 0.042 0.061 0.226 0.034 0.075 0.075 2 2 2 2 2 2
1980-01-17T04:30:00 1980 1 17 4 30 0 3.5 3.67 457.0 2.5 1.1 0.22 0.0 0.0 1 1 1 1 1 1 1 1 2.0 1.01 -11.0 3.67 3.67 3.67 3.67 3.67 3.67 0.028 0.03 0.219 0.019 0.024 0.031 2 2 2 2 2 2
1980-01-17T05:30:00 1980 1 17 5 30 0 4.2 -4.27 474.0 3.3 1.54 2.64 3.14 1.0 1 1 1 1 1 1 1 1 2.0 1.22 -8.0 -4.27 -4.27 -4.27 -4.27 -4.27 -4.27 0.16 0.242 0.227 0.199 0.44 0.346 1 1 2 1 1 1
1980-01-17T06:30:00 1980 1 17 6 30 0 4.9 -6.1 491.0 4.1 1.98 10.35 12.72 4.78 2 2 2 2 2 2 2 2 4.3 1.73 -9.0 -6.1 -6.1 -6.1 -6.1 -6.1 -6.1 0.521 0.671 0.28 0.785 1.159 1.039 2 2 2 2 2 2
1980-01-17T07:30:00 1980 1 17 7 30 0 7.4 -0.5 490.0 4.7 2.26 8.17 7.52 3.26 2 2 2 2 2 2 2 2 4.3 2.24 -16.0 -0.5 -0.5 -0.5 -0.5 -0.5 -0.5 0.564 0.642 0.298 0.699 0.892 1.058 2 2 2 2 2 2
1980-01-17T08:30:00 1980 1 17 8 30 0 1.9 0.6 472.0 4.7 2.09 2.1 0.23 0.11 2 2 2 2 2 2 2 2 4.3 2.65 -12.0 0.6 0.6 0.6 0.6 0.6 0.6 0.388 0.332 0.289 0.394 0.301 0.476 2 2 2 2 2 2
1980-01-17T09:30:00 1980 1 17 9 30 0 3.3 -0.8 466.0 4.6 2.0 0.81 0.61 0.28 2 2 2 2 2 2 2 2 3.0 2.89 -8.0 -0.8 -0.8 -0.8 -0.8 -0.8 -0.8 0.302 0.256 0.282 0.246 0.256 0.42 2 2 2 2 2 2
1980-01-17T10:30:00 1980 1 17 10 30 0 3.9 0.1 463.0 5.5 2.36 1.42 0.75 0.37 2 2 2 2 2 2 2 2 3.0 3.13 -7.0 0.1 0.1 0.1 0.1 0.1 0.1 0.231 0.188 0.275 0.152 0.168 0.331 2 2 2 2 2 2
1980-01-17T11:30:00 1980 1 17 11 30 0 4.7 0.0 465.0 5.7 2.46 1.72 0.0 0.0 2 2 2 2 2 2 2 2 3.0 3.24 -1.0 0.0 0.0 0.0 0.0 0.0 0.0 0.157 0.093 0.266 0.085 0.053 0.137 2 2 2 2 2 2
1980-01-17T12:30:00 1980 1 17 12 30 0 6.0 1.7 460.0 6.0 2.54 2.06 0.0 0.0 2 2 2 2 2 2 2 2 3.3 3.4 0.0 1.7 1.7 1.7 1.7 1.7 1.7 0.106 0.046 0.258 0.048 0.017 0.057 2 2 2 2 2 2
1980-01-17T13:30:00 1980 1 17 13 30 0 1.6 -2.2 452.0 5.9 2.41 1.59 1.62 0.96 2 2 2 2 2 2 2 2 3.3 3.55 1.0 -2.2 -2.2 -2.2 -2.2 -2.2 -2.2 0.172 0.221 0.257 0.127 0.344 0.509 2 2 2 2 2 2
1980-01-17T14:30:00 1980 1 17 14 30 0 1.6 1.4 442.0 5.6 2.19 0.47 1.31 0.76 2 2 2 2 2 2 2 2 3.3 3.43 -6.0 1.4 1.4 1.4 1.4 1.4 1.4 0.156 0.182 0.252 0.099 0.204 0.379 2 2 2 2 2 2
1980-01-17T15:30:00 1980 1 17 15 30 0 3.3 3.1 457.0 5.65 2.37 0.2 0.0 0.0 2 2 1 1 1 2 2 1 3.0 3.27 -4.0 3.1 3.1 3.1 3.1 3.1 3.1 0.105 0.09 0.245 0.056 0.065 0.157 2 2 2 2 2 2
1980-01-17T16:30:00 1980 1 17 16 30 0 4.1 -1.1 472.0 5.7 2.54 1.13 0.45 0.26 2 2 2 2 2 2 2 2 3.0 3.11 -4.0 -1.1 -1.1 -1.1 -1.1 -1.1 -1.1 0.107 0.124 0.239 0.061 0.168 0.292 2 2 2 2 2 2
1980-01-17T17:30:00 1980 1 17 17 30 0 6.3 1.7 464.0 5.0 2.15 2.31 0.41 0.23 2 2 2 2 2 2 2 2 3.0 3.11 -11.0 1.7 1.7 1.7 1.7 1.7 1.7 0.083 0.082 0.232 0.039 0.081 0.178 2 2 2 2 2 2
1980-01-17T18:30:00 1980 1 17 18 30 0 4.6 4.4 466.0 4.8 2.08 1.27 0.0 0.0 2 2 2 2 2 2 2 2 2.0 2.98 -10.0 4.4 4.4 4.4 4.4 4.4 4.4 0.056 0.041 0.225 0.022 0.026 0.074 2 2 2 2 2 2
1980-01-17T19:30:00 1980 1 17 19 30 0 2.3 0.3 457.0 4.7 1.96 0.47 0.0 0.0 2 2 2 2 2 2 2 2 2.0 2.85 -9.0 0.3 0.3 0.3 0.3 0.3 0.3 0.038 0.02 0.218 0.012 0.008 0.031 2 2 2 2 2 2
1980-01-17T20:30:00 1980 1 17 20 30 0 3.8 2.9 437.0 3.5 1.34 0.43 0.0 0.0 2 2 2 2 2 2 2 2 2.0 2.68 -12.0 2.9 2.9 2.9 2.9 2.9 2.9 0.026 0.01 0.212 0.007 0.003 0.013 2 2 2 2 2 2
1980-01-17T21:30:00 1980 1 17 21 30 0 4.7 3.8 447.0 3.0 1.2 0.6 0.0 0.0 2 2 2 2 2 2 2 2 1.3 2.43 -14.0 3.8 3.8 3.8 3.8 3.8 3.8 0.017 0.005 0.205 0.004 0.001 0.005 2 2 2 2 2 2
1980-01-17T22:30:00 1980 1 17 22 30 0 4.4 4.0 477.0 2.9 1.32 0.65 0.0 0.0 2 2 2 2 2 2 2 2 1.3 2.18 -13.0 4.0 4.0 4.0 4.0 4.0 4.0 0.012 0.002 0.199 0.002 0.0 0.002 2 2 2 2 2 2
1980-01-17T23:30:00 1980 1 17 23 30 0 2.7 4.0 504.0 3.6 1.83 0.34 0.0 0.0 2 2 2 2 2 2 2 2 1.3 1.97 -6.0 4.0 4.0 4.0 4.0 4.0 4.0 0.008 0.001 0.193 0.001 0.0 0.001 2 2 2 2 2 2
