1980-10-14T00:30:00 1980 10 14 0 30 0 -2.1 3.1 494.0 3.2 1.56 0.04 0.0 0.0 2 2 2 2 2 2 2 2 1.7 1.35 -8.0 3.1 3.1 3.1 3.1 3.1 3.1 0.0 0.0 0.217 0.0 0.0 0.0 2 2 2 2 2 2
1980-10-14T01:30:00 1980 10 14 1 30 0 -2.1 -1.3 472.0 3.3 1.47 0.41 0.59 0.19 2 2 2 2 2 2 2 2 1.7 1.4 -10.0 -1.3 -1.3 -1.3 -1.3 -1.3 -1.3 0.037 0.077 0.213 0.031 0.147 0.139 2 2 2 2 2 2
1980-10-14T02:30:00 1980 10 14 2 30 0 -0.5 2.0 464.0 3.3 1.42 0.22 0.48 0.16 2 2 2 2 2 2 2 2 1.7 1.46 -9.0 2.0 2.0 2.0 2.0 2.0 2.0 0.035 0.057 0.207 0.023 0.072 0.089 2 2 2 2 2 2
1980-10-14T03:30:00 1980 10 14 3 30 0 -1.1 2.3 473.0 3.3 1.48 0.01 0.0 0.0 2 2 2 2 2 2 2 2 1.7 1.51 -10.0 2.3 2.3 2.3 2.3 2.3 2.3 0.024 0.028 0.2 0.013 0.023 0.037 2 2 2 2 2 2
1980-10-14T04:30:00 1980 10 14 4 30 0 -1.4 2.3 466.0 3.0 1.3 0.03 0.0 0.0 2 2 2 2 2 2 2 2 1.7 1.56 -10.0 2.3 2.3 2.3 2.3 2.3 2.3 0.016 0.014 0.194 0.007 0.007 0.015 2 2 2 2 2 2
1980-10-14T05:30:00 1980 10 14 5 30 0 -3.2 1.6 471.0 3.0 1.33 0.23 0.0 0.0 2 2 2 2 2 2 2 2 1.7 1.6 -9.0 1.6 1.6 1.6 1.6 1.6 1.6 0.011 0.007 0.188 0.004 0.002 0.006 2 2 2 2 2 2
1980-10-14T06:30:00 1980 10 14 6 30 0 -0.6 2.9 455.0 3.2 1.32 0.13 0.0 0.0 2 2 2 2 2 2 2 2 2.0 1.69 -3.0 2.9 2.9 2.9 2.9 2.9 2.9 0.007 0.003 0.183 0.002 0.001 0.003 2 2 2 2 2 2
1980-10-14T07:30:00 1980 10 14 7 30 0 1.5 4.0 447.0 3.7 1.48 0.01 0.0 0.0 2 2 2 2 2 2 2 2 2.0 1.78 -3.0 4.0 4.0 4.0 4.0 4.0 4.0 0.005 0.002 0.177 0.001 0.0 0.001 2 2 2 2 2 2
1980-10-14T08:30:00 1980 10 14 8 30 0 -0.3 3.6 438.0 4.0 1.53 0.0 0.0 0.0 2 2 2 2 2 2 2 2 2.0 1.82 -3.0 3.6 3.6 3.6 3.6 3.6 3.6 0.003 0.001 0.172 0.001 0.0 0.0 2 2 2 2 2 2
1980-10-14T09:30:00 1980 10 14 9 30 0 4.3 1.3 466.0 3.0 1.3 0.3 0.0 0.0 2 2 2 2 2 2 2 2 1.7 1.81 -2.0 1.3 1.3 1.3 1.3 1.3 1.3 0.002 0.0 0.166 0.0 0.0 0.0 2 2 2 2 2 2
1980-10-14T10:30:00 1980 10 14 10 30 0 -0.7 0.8 454.0 3.2 1.32 0.25 0.0 0.0 2 2 2 2 2 2 2 2 1.7 1.81 -6.0 0.8 0.8 0.8 0.8 0.8 0.8 0.002 0.0 0.161 0.0 0.0 0.0 2 2 2 2 2 2
1980-10-14T11:30:00 1980 10 14 11 30 0 4.1 2.0 436.0 3.5 1.33 0.23 0.0 0.0 2 2 2 2 2 2 2 2 1.7 1.81 -4.0 2.0 2.0 2.0 2.0 2.0 2.0 0.001 0.0 0.156 0.0 0.0 0.0 2 2 2 2 2 2
1980-10-14T12:30:00 1980 10 14 12 30 0 3.9 2.7 459.0 3.3 1.39 0.66 0.0 0.0 2 2 2 2 2 2 2 2 1.3 1.76 -5.0 2.7 2.7 2.7 2.7 2.7 2.7 0.001 0.0 0.152 0.0 0.0 0.0 2 2 2 2 2 2
1980-10-14T13:30:00 1980 10 14 13 30 0 -0.8 3.2 455.0 3.7 1.53 0.1 0.0 0.0 2 2 2 2 2 2 2 2 1.3 1.7 -4.0 3.2 3.2 3.2 3.2 3.2 3.2 0.0 0.0 0.147 0.0 0.0 0.0 2 2 2 2 2 2
1980-10-14T14:30:00 1980 10 14 14 30 0 -3.1 1.9 453.0 3.7 1.52 0.14 0.0 0.0 2 2 2 2 2 2 2 2 1.3 1.62 -4.0 1.9 1.9 1.9 1.9 1.9 1.9 0.0 0.0 0.142 0.0 0.0 0.0 2 2 2 2 2 2
1980-10-14T15:30:00 1980 10 14 15 30 0 -3.3 1.3 442.0 3.9 1.52 0.49 0.0 0.0 2 2 2 2 2 2 2 2 3.0 1.75 -1.0 1.3 1.3 1.3 1.3 1.3 1.3 0.0 0.0 0.138 0.0 0.0 0.0 2 2 2 2 2 2
1980-10-14T16:30:00 1980 10 14 16 30 0 -2.2 -2.0 444.0 3.6 1.42 1.0 1.53 0.56 2 2 2 2 2 2 2 2 3.0 1.89 -1.0 -2.0 -2.0 -2.0 -2.0 -2.0 -2.0 0.079 0.154 0.139 0.074 0.261 0.244 2 2 2 2 2 2
1980-10-14T17:30:00 1980 10 14 17 30 0 -3.9 -0.3 449.0 3.5 1.41 1.56 2.41 0.86 2 2 2 2 2 2 2 2 3.0 2.06 -8.0 -0.3 -0.3 -0.3 -0.3 -0.3 -0.3 0.129 0.22 0.14 0.098 0.297 0.329 2 2 2 2 2 2
1980-10-14T18:30:00 1980 10 14 18 30 0 -2.0 0.1 447.0 3.4 1.36 0.83 0.22 0.08 2 2 2 2 2 2 2 2 4.0 2.35 -12.0 0.1 0.1 0.1 0.1 0.1 0.1 0.095 0.128 0.136 0.057 0.118 0.172 2 2 2 2 2 2
1980-10-14T19:30:00 1980 10 14 19 30 0 -2.7 1.0 452.0 3.1 1.27 0.38 0.0 0.0 2 2 2 2 2 2 2 2 4.0 2.65 -7.0 1.0 1.0 1.0 1.0 1.0 1.0 0.064 0.063 0.132 0.032 0.037 0.071 2 2 2 2 2 2
1980-10-14T20:30:00 1980 10 14 20 30 0 -4.9 3.8 531.0 7.9 4.45 0.67 0.0 0.0 2 2 2 2 2 2 2 2 4.0 2.98 7.0 3.8 3.8 3.8 3.8 3.8 3.8 0.043 0.032 0.128 0.018 0.012 0.03 2 2 2 2 2 2
1980-10-14T21:30:00 1980 10 14 21 30 0 -4.8 0.1 542.0 10.9 6.4 1.56 0.0 0.0 2 2 2 2 2 2 2 2 3.0 3.18 9.0 0.1 0.1 0.1 0.1 0.1 0.1 0.029 0.016 0.124 0.01 0.004 0.012 2 2 2 2 2 2
1980-10-14T22:30:00 1980 10 14 22 30 0 -3.4 4.8 510.0 10.2 5.31 0.89 0.0 0.0 2 2 2 2 2 2 2 2 3.0 3.38 4.0 4.8 4.8 4.8 4.8 4.8 4.8 0.02 0.008 0.12 0.006 0.001 0.005 2 2 2 2 2 2
1980-10-14T23:30:00 1980 10 14 23 30 0 -4.8 4.4 505.0 9.3 4.74 0.5 0.0 0.0 2 2 2 2 2 2 2 2 3.0 3.37 5.0 4.4 4.4 4.4 4.4 4.4 4.4 0.013 0.004 0.116 0.003 0.0 0.002 2 2 2 2 2 2
