1980-04-09T00:30:00 1980 4 9 0 30 0 -2.1 -2.1 478.0 3.2 1.46 1.21 2.85 0.83 2 2 2 2 2 2 2 2 3.0 2.37 -12.0 -2.1 -2.1 -2.1 -2.1 -2.1 -2.1 0.118 0.202 0.167 0.11 0.368 0.311 2 2 2 2 2 2
1980-04-09T01:30:00 1980 4 9 1 30 0 -2.3 -3.9 433.0 2.6 0.97 3.24 6.94 1.98 2 2 2 2 2 2 2 2 3.0 2.42 -17.0 -3.9 -3.9 -3.9 -3.9 -3.9 -3.9 0.298 0.432 0.184 0.335 0.66 0.493 2 2 2 2 2 2
1980-04-09T02:30:00 1980 4 9 2 30 0 -2.91 -3.12 465.5 7.62 4.19 4.12 7.82 4.11 1 1 1 1 1 1 1 1 3.0 2.58 -14.0 -3.37 -3.32 -3.47 -3.47 -3.32 -3.28 0.517 0.703 0.213 0.616 1.009 1.292 1 1 2 1 1 1
1980-04-09T03:30:00 1980 4 9 3 30 0 -4.25 -0.74 498.0 12.65 7.41 2.88 4.39 4.31 1 1 1 1 1 1 1 1 4.3 2.91 -12.0 -1.73 -1.52 -2.15 -2.12 -1.54 -1.36 0.638 0.81 0.241 0.732 1.101 2.507 1 1 2 1 1 1
1980-04-09T04:30:00 1980 4 9 4 30 0 -5.59 -2.81 530.5 17.68 10.62 4.58 4.83 7.65 1 1 1 1 1 1 1 1 4.3 3.23 -15.0 -3.05 -3.0 -3.15 -3.15 -3.0 -2.96 0.83 1.041 0.285 0.975 1.558 5.452 1 1 2 1 1 1
1980-04-09T05:30:00 1980 4 9 5 30 0 -6.2 -3.5 563.0 22.7 13.84 8.41 8.73 17.92 2 2 2 2 2 2 2 2 4.3 3.43 3.0 -3.5 -3.5 -3.5 -3.5 -3.5 -3.5 1.141 1.399 0.36 1.408 2.273 10.67 2 2 2 2 2 2
1980-04-09T06:30:00 1980 4 9 6 30 0 7.8 2.5 543.0 21.9 12.51 2.29 2.44 5.5 2 2 2 2 2 2 2 2 3.7 3.55 -7.0 2.5 2.5 2.5 2.5 2.5 2.5 0.882 0.874 0.361 0.896 1.018 6.365 2 2 2 2 2 2
1980-04-09T07:30:00 1980 4 9 7 30 0 8.8 1.5 540.0 15.0 8.77 4.92 0.0 0.0 2 2 2 2 2 2 2 2 3.7 3.67 -1.0 1.5 1.5 1.5 1.5 1.5 1.5 0.597 0.434 0.35 0.502 0.322 2.64 2 2 2 2 2 2
1980-04-09T08:30:00 1980 4 9 8 30 0 4.2 -2.7 530.0 19.5 11.01 5.06 2.62 4.88 2 2 2 2 2 2 2 2 3.7 3.76 7.0 -2.7 -2.7 -2.7 -2.7 -2.7 -2.7 0.637 0.643 0.363 0.563 0.966 4.848 2 2 2 2 2 2
1980-04-09T09:30:00 1980 4 9 9 30 0 4.5 -8.6 524.0 13.1 7.14 13.41 15.51 24.06 2 2 2 2 2 2 2 2 4.7 3.97 -9.0 -8.6 -8.6 -8.6 -8.6 -8.6 -8.6 1.303 1.496 0.506 1.994 2.597 8.798 2 2 2 2 2 2
1980-04-09T10:30:00 1980 4 9 10 30 0 4.3 -9.8 517.0 6.6 3.58 25.21 24.06 22.89 2 2 2 2 2 2 2 2 4.7 4.18 -35.0 -9.8 -9.8 -9.8 -9.8 -9.8 -9.8 1.84 1.896 0.691 3.158 3.051 7.564 2 2 2 2 2 2
1980-04-09T11:30:00 1980 4 9 11 30 0 8.9 -7.7 532.0 6.5 3.68 26.57 22.73 14.88 2 2 2 2 2 2 2 2 4.7 4.23 -56.0 -7.7 -7.7 -7.7 -7.7 -7.7 -7.7 2.035 1.885 0.831 3.372 2.859 5.795 2 2 2 2 2 2
1980-04-09T12:30:00 1980 4 9 12 30 0 9.9 -6.9 499.0 4.6 2.32 25.4 18.69 10.28 2 2 2 2 2 2 2 2 4.0 4.19 -46.0 -6.9 -6.9 -6.9 -6.9 -6.9 -6.9 1.994 1.697 0.918 3.032 2.365 4.092 2 2 2 2 2 2
1980-04-09T13:30:00 1980 4 9 13 30 0 10.9 -1.5 500.0 4.2 2.56 17.34 9.93 4.4 2 2 2 2 2 2 2 2 4.0 4.16 -33.0 -1.5 -1.5 -1.5 -1.5 -1.5 -1.5 1.638 1.243 0.93 2.091 1.467 2.501 2 2 2 2 2 2
1980-04-09T14:30:00 1980 4 9 14 30 0 10.6 -0.5 492.0 4.4 2.62 11.41 2.38 1.02 2 2 2 2 2 2 2 2 4.0 4.19 -30.0 -0.5 -0.5 -0.5 -0.5 -0.5 -0.5 1.195 0.778 0.908 1.235 0.745 1.421 2 2 2 2 2 2
1980-04-09T15:30:00 1980 4 9 15 30 0 10.3 -3.4 493.0 4.2 2.26 12.8 5.1 2.18 2 2 2 2 2 2 2 2 3.3 4.13 -30.0 -3.4 -3.4 -3.4 -3.4 -3.4 -3.4 1.02 0.72 0.901 0.947 0.862 1.267 2 2 2 2 2 2
1980-04-09T16:30:00 1980 4 9 16 30 0 7.3 4.2 485.0 4.5 2.31 6.65 1.54 0.65 2 2 2 2 2 2 2 2 3.3 4.07 -31.0 4.2 4.2 4.2 4.2 4.2 4.2 0.721 0.403 0.877 0.557 0.34 0.617 2 2 2 2 2 2
1980-04-09T17:30:00 1980 4 9 17 30 0 6.2 7.6 476.0 4.6 2.56 1.39 0.0 0.0 2 2 2 2 2 2 2 2 3.3 3.9 -31.0 7.6 7.6 7.6 7.6 7.6 7.6 0.488 0.2 0.85 0.312 0.108 0.256 2 2 2 2 2 2
1980-04-09T18:30:00 1980 4 9 18 30 0 6.7 6.8 466.0 4.8 2.46 1.03 0.0 0.0 2 2 2 2 2 2 2 2 1.7 3.51 -30.0 6.8 6.8 6.8 6.8 6.8 6.8 0.33 0.099 0.824 0.174 0.034 0.106 2 2 2 2 2 2
1980-04-09T19:30:00 1980 4 9 19 30 0 5.5 6.3 458.0 3.7 1.82 0.91 0.0 0.0 2 2 2 2 2 2 2 2 1.7 3.14 -36.0 6.3 6.3 6.3 6.3 6.3 6.3 0.224 0.049 0.799 0.098 0.011 0.044 2 2 2 2 2 2
1980-04-09T20:30:00 1980 4 9 20 30 0 6.7 5.1 466.0 3.3 1.62 1.1 0.0 0.0 2 2 2 2 2 2 2 2 1.7 2.85 -39.0 5.1 5.1 5.1 5.1 5.1 5.1 0.151 0.025 0.775 0.055 0.003 0.018 2 2 2 2 2 2
1980-04-09T21:30:00 1980 4 9 21 30 0 4.6 5.7 453.0 4.2 1.99 0.88 0.0 0.0 2 2 2 2 2 2 2 2 1.3 2.51 -37.0 5.7 5.7 5.7 5.7 5.7 5.7 0.103 0.012 0.751 0.031 0.001 0.008 2 2 2 2 2 2
1980-04-09T22:30:00 1980 4 9 22 30 0 1.6 7.4 453.0 3.0 1.41 0.15 0.0 0.0 2 2 2 2 2 2 2 2 1.3 2.18 -34.0 7.4 7.4 7.4 7.4 7.4 7.4 0.069 0.006 0.728 0.017 0.0 0.003 2 2 2 2 2 2
1980-04-09T23:30:00 1980 4 9 23 30 0 6.0 0.7 439.0 3.9 1.84 0.78 0.0 0.0 2 2 2 2 2 2 2 2 1.3 1.93 -29.0 0.7 0.7 0.7 0.7 0.7 0.7 0.047 0.003 0.706 0.01 0.0 0.001 2 2 2 2 2 2
