1980-10-17T00:30:00 1980 10 17 0 30 0 -1.3 3.3 360.0 3.7 0.96 0.06 0.0 0.0 2 2 2 2 2 2 2 2 0.0 0.56 -8.0 3.3 3.3 3.3 3.3 3.3 3.3 0.004 0.005 0.145 0.001 0.002 0.004 2 2 2 2 2 2
1980-10-17T01:30:00 1980 10 17 1 30 0 -0.3 2.0 356.0 3.5 0.89 0.01 0.0 0.0 2 2 2 2 2 2 2 2 0.0 0.52 -9.0 2.0 2.0 2.0 2.0 2.0 2.0 0.003 0.002 0.141 0.001 0.0 0.001 2 2 2 2 2 2
1980-10-17T02:30:00 1980 10 17 2 30 0 -1.2 0.5 360.0 3.5 0.91 0.02 0.0 0.0 2 2 2 2 2 2 2 2 0.0 0.43 -8.0 0.5 0.5 0.5 0.5 0.5 0.5 0.002 0.001 0.136 0.0 0.0 0.001 2 2 2 2 2 2
1980-10-17T03:30:00 1980 10 17 3 30 0 -2.0 0.9 357.0 3.6 0.92 0.11 0.0 0.0 2 2 2 2 2 2 2 2 1.3 0.51 -8.0 0.9 0.9 0.9 0.9 0.9 0.9 0.001 0.001 0.132 0.0 0.0 0.0 2 2 2 2 2 2
1980-10-17T04:30:00 1980 10 17 4 30 0 -0.8 1.1 355.0 3.9 0.98 0.06 0.0 0.0 2 2 2 2 2 2 2 2 1.3 0.59 -8.0 1.1 1.1 1.1 1.1 1.1 1.1 0.001 0.0 0.128 0.0 0.0 0.0 2 2 2 2 2 2
1980-10-17T05:30:00 1980 10 17 5 30 0 1.6 1.8 356.0 4.2 1.06 0.01 0.0 0.0 2 2 2 2 2 2 2 2 1.3 0.67 -7.0 1.8 1.8 1.8 1.8 1.8 1.8 0.001 0.0 0.124 0.0 0.0 0.0 2 2 2 2 2 2
1980-10-17T06:30:00 1980 10 17 6 30 0 0.6 1.5 351.0 4.3 1.06 0.02 0.0 0.0 2 2 2 2 2 2 2 2 1.7 0.8 -8.0 1.5 1.5 1.5 1.5 1.5 1.5 0.0 0.0 0.12 0.0 0.0 0.0 2 2 2 2 2 2
1980-10-17T07:30:00 1980 10 17 7 30 0 4.1 -1.2 353.0 4.2 1.05 0.64 0.56 0.24 2 2 2 2 2 2 2 2 1.7 0.93 -9.0 -1.2 -1.2 -1.2 -1.2 -1.2 -1.2 0.037 0.092 0.118 0.026 0.114 0.105 2 2 2 2 2 2
1980-10-17T08:30:00 1980 10 17 8 30 0 -1.9 -1.7 350.0 4.1 1.0 0.85 2.58 1.07 2 2 2 2 2 2 2 2 1.7 1.14 -15.0 -1.7 -1.7 -1.7 -1.7 -1.7 -1.7 0.133 0.274 0.12 0.104 0.293 0.27 2 2 2 2 2 2
1980-10-17T09:30:00 1980 10 17 9 30 0 -2.4 -0.8 351.0 4.1 1.01 0.83 2.12 0.87 2 2 2 2 2 2 2 2 1.7 1.35 -17.0 -0.8 -0.8 -0.8 -0.8 -0.8 -0.8 0.171 0.316 0.12 0.116 0.288 0.296 2 2 2 2 2 2
1980-10-17T10:30:00 1980 10 17 10 30 0 -0.6 0.7 344.0 4.1 0.97 0.21 0.32 0.13 2 2 2 2 2 2 2 2 1.7 1.56 -15.0 0.7 0.7 0.7 0.7 0.7 0.7 0.125 0.18 0.117 0.068 0.112 0.15 2 2 2 2 2 2
1980-10-17T11:30:00 1980 10 17 11 30 0 -2.8 0.6 359.0 4.1 1.06 0.18 0.0 0.0 2 2 2 2 2 2 2 2 1.7 1.6 -13.0 0.6 0.6 0.6 0.6 0.6 0.6 0.085 0.089 0.113 0.038 0.036 0.062 2 2 2 2 2 2
1980-10-17T12:30:00 1980 10 17 12 30 0 -1.3 -3.1 341.0 4.0 0.93 1.02 2.47 0.99 2 2 2 2 2 2 2 2 1.7 1.65 -14.0 -3.1 -3.1 -3.1 -3.1 -3.1 -3.1 0.178 0.294 0.116 0.139 0.298 0.253 2 2 2 2 2 2
1980-10-17T13:30:00 1980 10 17 13 30 0 -3.7 0.8 345.0 4.1 0.98 1.01 1.89 0.76 2 2 2 2 2 2 2 2 1.7 1.7 -15.0 0.8 0.8 0.8 0.8 0.8 0.8 0.174 0.254 0.115 0.119 0.197 0.205 2 2 2 2 2 2
1980-10-17T14:30:00 1980 10 17 14 30 0 -0.8 -0.7 333.0 4.2 0.93 0.35 0.32 0.14 2 2 2 2 2 2 2 2 1.7 1.7 -13.0 -0.7 -0.7 -0.7 -0.7 -0.7 -0.7 0.14 0.191 0.113 0.079 0.135 0.155 2 2 2 2 2 2
1980-10-17T15:30:00 1980 10 17 15 30 0 -0.4 -1.8 333.0 5.3 1.26 0.4 2.16 1.05 2 2 2 2 2 2 2 2 1.0 1.61 -13.0 -1.8 -1.8 -1.8 -1.8 -1.8 -1.8 0.199 0.33 0.114 0.128 0.29 0.311 2 2 2 2 2 2
1980-10-17T16:30:00 1980 10 17 16 30 0 -0.8 -2.1 340.0 5.7 1.43 0.82 3.31 1.83 2 2 2 2 2 2 2 2 1.0 1.52 -13.0 -2.1 -2.1 -2.1 -2.1 -2.1 -2.1 0.283 0.475 0.118 0.207 0.42 0.48 2 2 2 2 2 2
1980-10-17T17:30:00 1980 10 17 17 30 0 -4.3 -0.8 361.0 6.5 1.66 1.25 2.44 1.48 2 2 2 2 2 2 2 2 1.0 1.43 -14.0 -0.8 -0.8 -0.8 -0.8 -0.8 -0.8 0.298 0.469 0.12 0.196 0.385 0.538 2 2 2 2 2 2
1980-10-17T18:30:00 1980 10 17 18 30 0 -6.0 2.3 384.0 6.5 1.88 1.59 0.13 0.08 2 2 2 2 2 2 2 2 1.7 1.43 -13.0 2.3 2.3 2.3 2.3 2.3 2.3 0.202 0.236 0.116 0.11 0.125 0.232 2 2 2 2 2 2
1980-10-17T19:30:00 1980 10 17 19 30 0 -5.9 4.0 380.0 7.0 2.0 1.26 0.0 0.0 2 2 2 2 2 2 2 2 1.7 1.44 -9.0 4.0 4.0 4.0 4.0 4.0 4.0 0.137 0.117 0.113 0.062 0.039 0.096 2 2 2 2 2 2
1980-10-17T20:30:00 1980 10 17 20 30 0 -5.0 1.3 364.0 7.0 1.98 1.13 0.0 0.0 2 2 2 2 2 2 2 2 1.7 1.44 -6.0 1.3 1.3 1.3 1.3 1.3 1.3 0.093 0.058 0.109 0.034 0.013 0.04 2 2 2 2 2 2
1980-10-17T21:30:00 1980 10 17 21 30 0 -3.8 -0.9 370.0 7.0 1.92 1.36 0.41 0.29 2 2 2 2 2 2 2 2 2.0 1.48 -4.0 -0.9 -0.9 -0.9 -0.9 -0.9 -0.9 0.098 0.124 0.107 0.042 0.125 0.207 2 2 2 2 2 2
1980-10-17T22:30:00 1980 10 17 22 30 0 -1.3 -0.1 386.0 14.7 4.38 0.69 0.88 0.89 2 2 2 2 2 2 2 2 2.0 1.52 1.0 -0.1 -0.1 -0.1 -0.1 -0.1 -0.1 0.114 0.192 0.105 0.048 0.184 0.532 2 2 2 2 2 2
1980-10-17T23:30:00 1980 10 17 23 30 0 1.1 -5.3 381.0 12.5 3.63 2.39 5.58 7.36 2 2 2 2 2 2 2 2 2.0 1.65 -6.0 -5.3 -5.3 -5.3 -5.3 -5.3 -5.3 0.447 0.781 0.133 0.518 0.917 2.128 2 2 2 2 2 2
