1980-07-12T00:30:00 1980 7 12 0 30 0 2.0 -1.2 436.0 3.9 1.48 0.59 0.74 0.29 2 2 2 2 2 2 2 2 2.0 2.38 8.0 -1.2 -1.2 -1.2 -1.2 -1.2 -1.2 0.187 0.224 0.112 0.143 0.258 0.313 2 2 2 2 2 2
1980-07-12T01:30:00 1980 7 12 1 30 0 1.2 -3.2 439.0 4.6 1.81 1.79 5.0 2.16 2 2 2 2 2 2 2 2 2.0 2.37 7.0 -3.2 -3.2 -3.2 -3.2 -3.2 -3.2 0.33 0.454 0.127 0.313 0.621 0.679 2 2 2 2 2 2
1980-07-12T02:30:00 1980 7 12 2 30 0 2.3 1.2 438.0 5.2 2.01 0.87 2.27 1.08 2 2 2 2 2 2 2 2 2.0 2.33 4.0 1.2 1.2 1.2 1.2 1.2 1.2 0.284 0.327 0.128 0.229 0.33 0.46 2 2 2 2 2 2
1980-07-12T03:30:00 1980 7 12 3 30 0 2.6 2.8 449.0 6.2 2.5 0.2 0.0 0.0 2 2 2 2 2 2 2 2 1.0 2.16 5.0 2.8 2.8 2.8 2.8 2.8 2.8 0.193 0.163 0.124 0.128 0.105 0.191 2 2 2 2 2 2
1980-07-12T04:30:00 1980 7 12 4 30 0 2.8 3.0 432.0 5.6 1.96 0.19 0.0 0.0 2 2 2 2 2 2 2 2 1.0 1.99 7.0 3.0 3.0 3.0 3.0 3.0 3.0 0.13 0.081 0.12 0.072 0.033 0.079 2 2 2 2 2 2
1980-07-12T05:30:00 1980 7 12 5 30 0 3.1 2.4 400.0 5.2 1.56 0.25 0.0 0.0 2 2 2 2 2 2 2 2 1.0 1.78 9.0 2.4 2.4 2.4 2.4 2.4 2.4 0.088 0.04 0.117 0.04 0.01 0.033 2 2 2 2 2 2
1980-07-12T06:30:00 1980 7 12 6 30 0 3.3 -0.2 401.0 5.3 1.66 0.59 0.03 0.02 2 2 2 2 2 2 2 2 1.0 1.57 12.0 -0.2 -0.2 -0.2 -0.2 -0.2 -0.2 0.066 0.041 0.113 0.025 0.035 0.063 2 2 2 2 2 2
1980-07-12T07:30:00 1980 7 12 7 30 0 4.5 0.3 402.0 5.3 1.65 1.23 0.06 0.03 2 2 2 2 2 2 2 2 1.0 1.36 13.0 0.3 0.3 0.3 0.3 0.3 0.3 0.047 0.027 0.11 0.015 0.018 0.041 2 2 2 2 2 2
1980-07-12T08:30:00 1980 7 12 8 30 0 4.3 1.5 402.0 5.2 1.58 1.14 0.0 0.0 2 2 2 2 2 2 2 2 1.0 1.24 13.0 1.5 1.5 1.5 1.5 1.5 1.5 0.032 0.013 0.106 0.008 0.006 0.017 2 2 2 2 2 2
1980-07-12T09:30:00 1980 7 12 9 30 0 2.5 2.7 402.0 5.3 1.62 0.43 0.0 0.0 2 2 2 2 2 2 2 2 1.0 1.12 12.0 2.7 2.7 2.7 2.7 2.7 2.7 0.022 0.007 0.103 0.005 0.002 0.007 2 2 2 2 2 2
1980-07-12T10:30:00 1980 7 12 10 30 0 3.5 2.2 398.0 6.2 1.86 0.29 0.0 0.0 2 2 2 2 2 2 2 2 1.0 1.0 14.0 2.2 2.2 2.2 2.2 2.2 2.2 0.015 0.003 0.1 0.003 0.001 0.003 2 2 2 2 2 2
1980-07-12T11:30:00 1980 7 12 11 30 0 3.2 2.4 415.0 6.0 1.95 0.38 0.0 0.0 2 2 2 2 2 2 2 2 1.0 1.0 13.0 2.4 2.4 2.4 2.4 2.4 2.4 0.01 0.002 0.097 0.001 0.0 0.001 2 2 2 2 2 2
1980-07-12T12:30:00 1980 7 12 12 30 0 3.0 2.7 412.0 6.6 2.07 0.29 0.0 0.0 2 2 2 2 2 2 2 2 0.7 0.96 10.0 2.7 2.7 2.7 2.7 2.7 2.7 0.007 0.001 0.094 0.001 0.0 0.001 2 2 2 2 2 2
1980-07-12T13:30:00 1980 7 12 13 30 0 3.2 -1.8 400.0 6.4 2.05 0.88 0.88 0.56 2 2 2 2 2 2 2 2 0.7 0.92 13.0 -1.8 -1.8 -1.8 -1.8 -1.8 -1.8 0.07 0.146 0.095 0.06 0.213 0.298 2 2 2 2 2 2
1980-07-12T14:30:00 1980 7 12 14 30 0 3.4 -0.7 395.0 6.2 1.93 1.57 2.39 1.51 2 2 2 2 2 2 2 2 0.7 0.88 14.0 -0.7 -0.7 -0.7 -0.7 -0.7 -0.7 0.151 0.29 0.098 0.112 0.342 0.541 2 2 2 2 2 2
1980-07-12T15:30:00 1980 7 12 15 30 0 3.0 -1.7 396.0 6.2 1.94 1.51 2.46 1.52 2 2 2 2 2 2 2 2 2.3 1.06 16.0 -1.7 -1.7 -1.7 -1.7 -1.7 -1.7 0.227 0.404 0.102 0.169 0.452 0.705 2 2 2 2 2 2
1980-07-12T16:30:00 1980 7 12 16 30 0 2.7 -1.3 394.0 6.4 1.99 1.47 2.93 1.85 2 2 2 2 2 2 2 2 2.3 1.23 12.0 -1.3 -1.3 -1.3 -1.3 -1.3 -1.3 0.287 0.471 0.106 0.207 0.489 0.792 2 2 2 2 2 2
1980-07-12T17:30:00 1980 7 12 17 30 0 4.1 3.0 366.0 4.5 1.21 0.67 0.28 0.17 2 2 2 2 2 2 2 2 2.3 1.39 8.0 3.0 3.0 3.0 3.0 3.0 3.0 0.2 0.248 0.103 0.118 0.169 0.357 2 2 2 2 2 2
1980-07-12T18:30:00 1980 7 12 18 30 0 4.9 2.6 363.0 4.4 1.16 0.67 0.0 0.0 2 2 2 2 2 2 2 2 1.0 1.39 7.0 2.6 2.6 2.6 2.6 2.6 2.6 0.135 0.123 0.1 0.066 0.054 0.148 2 2 2 2 2 2
1980-07-12T19:30:00 1980 7 12 19 30 0 3.7 1.2 358.0 3.4 0.88 0.72 0.0 0.0 2 2 2 2 2 2 2 2 1.0 1.38 8.0 1.2 1.2 1.2 1.2 1.2 1.2 0.092 0.061 0.097 0.037 0.017 0.061 2 2 2 2 2 2
1980-07-12T20:30:00 1980 7 12 20 30 0 2.7 1.6 346.0 4.7 1.13 0.4 0.0 0.0 2 2 2 2 2 2 2 2 1.0 1.41 8.0 1.6 1.6 1.6 1.6 1.6 1.6 0.062 0.03 0.094 0.021 0.005 0.025 2 2 2 2 2 2
1980-07-12T21:30:00 1980 7 12 21 30 0 4.7 0.4 359.0 4.8 1.24 0.76 0.0 0.0 2 2 2 2 2 2 2 2 1.3 1.48 7.0 0.4 0.4 0.4 0.4 0.4 0.4 0.042 0.015 0.091 0.012 0.002 0.011 2 2 2 2 2 2
1980-07-12T22:30:00 1980 7 12 22 30 0 4.5 -1.0 357.0 4.7 1.2 1.7 0.71 0.34 2 2 2 2 2 2 2 2 1.3 1.55 4.0 -1.0 -1.0 -1.0 -1.0 -1.0 -1.0 0.072 0.121 0.09 0.035 0.136 0.153 2 2 2 2 2 2
1980-07-12T23:30:00 1980 7 12 23 30 0 3.9 -0.5 359.0 4.3 1.09 1.64 1.31 0.59 2 2 2 2 2 2 2 2 1.3 1.43 7.0 -0.5 -0.5 -0.5 -0.5 -0.5 -0.5 0.104 0.194 0.089 0.052 0.191 0.228 2 2 2 2 2 2
