1980-01-14T00:30:00 1980 1 14 0 30 0 7.9 -0.7 417.0 5.8 2.02 6.86 4.25 2.51 2 2 2 2 2 2 2 2 3.7 4.1 -54.0 -0.7 -0.7 -0.7 -0.7 -0.7 -0.7 1.024 0.847 0.917 0.898 0.748 1.174 2 2 2 2 2 2
1980-01-14T01:30:00 1980 1 14 1 30 0 5.9 -1.3 412.0 7.6 2.58 4.58 2.12 1.46 2 2 2 2 2 2 2 2 3.7 4.06 -47.0 -1.3 -1.3 -1.3 -1.3 -1.3 -1.3 0.806 0.662 0.895 0.592 0.571 1.053 2 2 2 2 2 2
1980-01-14T02:30:00 1980 1 14 2 30 0 5.1 -1.7 410.0 6.6 2.22 3.65 3.12 2.19 2 2 2 2 2 2 2 2 3.7 3.94 -43.0 -1.7 -1.7 -1.7 -1.7 -1.7 -1.7 0.699 0.63 0.877 0.47 0.594 1.084 2 2 2 2 2 2
1980-01-14T03:30:00 1980 1 14 3 30 0 5.2 0.5 412.0 5.2 1.77 2.53 1.21 0.75 2 2 2 2 2 2 2 2 3.0 3.73 -43.0 0.5 0.5 0.5 0.5 0.5 0.5 0.514 0.398 0.853 0.29 0.288 0.624 2 2 2 2 2 2
1980-01-14T04:30:00 1980 1 14 4 30 0 4.9 -0.1 425.0 4.9 1.77 1.98 0.03 0.01 2 2 2 2 2 2 2 2 3.0 3.52 -45.0 -0.1 -0.1 -0.1 -0.1 -0.1 -0.1 0.351 0.21 0.827 0.163 0.112 0.294 2 2 2 2 2 2
1980-01-14T05:30:00 1980 1 14 5 30 0 5.0 1.8 420.0 5.1 1.8 1.57 0.0 0.0 2 2 2 2 2 2 2 2 3.0 3.43 -46.0 1.8 1.8 1.8 1.8 1.8 1.8 0.238 0.105 0.802 0.091 0.035 0.122 2 2 2 2 2 2
1980-01-14T06:30:00 1980 1 14 6 30 0 5.1 1.9 394.0 5.4 1.68 1.22 0.0 0.0 2 2 2 2 2 2 2 2 2.0 3.21 -47.0 1.9 1.9 1.9 1.9 1.9 1.9 0.161 0.052 0.777 0.051 0.011 0.051 2 2 2 2 2 2
1980-01-14T07:30:00 1980 1 14 7 30 0 3.9 -0.7 391.0 6.9 2.11 1.34 0.24 0.17 2 2 2 2 2 2 2 2 2.0 2.99 -47.0 -0.7 -0.7 -0.7 -0.7 -0.7 -0.7 0.132 0.089 0.754 0.043 0.093 0.171 2 2 2 2 2 2
1980-01-14T08:30:00 1980 1 14 8 30 0 -0.1 -1.6 381.0 6.0 1.74 0.81 2.29 1.45 2 2 2 2 2 2 2 2 2.0 2.78 -42.0 -1.6 -1.6 -1.6 -1.6 -1.6 -1.6 0.207 0.296 0.738 0.12 0.345 0.511 2 2 2 2 2 2
1980-01-14T09:30:00 1980 1 14 9 30 0 1.5 -1.5 391.0 5.9 1.8 0.66 2.99 1.78 2 2 2 2 2 2 2 2 2.0 2.57 -33.0 -1.5 -1.5 -1.5 -1.5 -1.5 -1.5 0.275 0.421 0.723 0.184 0.456 0.669 2 2 2 2 2 2
1980-01-14T10:30:00 1980 1 14 10 30 0 1.9 -1.0 390.0 6.9 2.1 0.73 2.4 1.54 2 2 2 2 2 2 2 2 2.0 2.36 -28.0 -1.0 -1.0 -1.0 -1.0 -1.0 -1.0 0.298 0.447 0.707 0.19 0.443 0.734 2 2 2 2 2 2
1980-01-14T11:30:00 1980 1 14 11 30 0 0.9 -1.2 401.0 8.5 2.73 0.54 2.2 1.71 2 2 2 2 2 2 2 2 2.0 2.24 -26.0 -1.2 -1.2 -1.2 -1.2 -1.2 -1.2 0.32 0.48 0.692 0.199 0.475 0.918 2 2 2 2 2 2
1980-01-14T12:30:00 1980 1 14 12 30 0 0.1 -1.3 383.0 7.6 2.23 0.41 2.45 1.96 2 2 2 2 2 2 2 2 1.7 2.08 -24.0 -1.3 -1.3 -1.3 -1.3 -1.3 -1.3 0.345 0.514 0.678 0.215 0.493 0.981 2 2 2 2 2 2
1980-01-14T13:30:00 1980 1 14 13 30 0 1.6 -1.6 391.0 6.4 1.96 0.64 2.83 1.96 2 2 2 2 2 2 2 2 1.7 1.92 -27.0 -1.6 -1.6 -1.6 -1.6 -1.6 -1.6 0.373 0.542 0.665 0.241 0.519 0.946 2 2 2 2 2 2
1980-01-14T14:30:00 1980 1 14 14 30 0 1.6 -1.7 391.0 4.5 1.38 0.98 3.23 1.73 2 2 2 2 2 2 2 2 1.7 1.88 -27.0 -1.7 -1.7 -1.7 -1.7 -1.7 -1.7 0.391 0.54 0.653 0.259 0.513 0.793 2 2 2 2 2 2
1980-01-14T15:30:00 1980 1 14 15 30 0 -1.5 -1.7 388.0 5.8 1.75 0.78 3.31 1.72 2 2 2 2 2 2 2 2 2.0 1.89 -30.0 -1.7 -1.7 -1.7 -1.7 -1.7 -1.7 0.407 0.549 0.642 0.273 0.523 0.76 2 2 2 2 2 2
1980-01-14T16:30:00 1980 1 14 16 30 0 -0.4 -0.9 385.0 5.9 1.75 0.51 2.45 1.43 2 2 2 2 2 2 2 2 2.0 1.89 -28.0 -0.9 -0.9 -0.9 -0.9 -0.9 -0.9 0.382 0.497 0.628 0.235 0.442 0.696 2 2 2 2 2 2
1980-01-14T17:30:00 1980 1 14 17 30 0 0.5 0.1 386.0 5.5 1.64 0.06 0.71 0.41 2 2 2 2 2 2 2 2 2.0 1.89 -26.0 0.1 0.1 0.1 0.1 0.1 0.1 0.286 0.315 0.61 0.145 0.215 0.416 2 2 2 2 2 2
1980-01-14T18:30:00 1980 1 14 18 30 0 2.3 1.6 388.0 6.0 1.81 0.09 0.0 0.0 2 2 2 2 2 2 2 2 1.3 1.8 -24.0 1.6 1.6 1.6 1.6 1.6 1.6 0.194 0.157 0.592 0.081 0.068 0.173 2 2 2 2 2 2
1980-01-14T19:30:00 1980 1 14 19 30 0 3.6 1.6 384.0 6.8 2.01 0.36 0.0 0.0 2 2 2 2 2 2 2 2 1.3 1.71 -21.0 1.6 1.6 1.6 1.6 1.6 1.6 0.131 0.078 0.574 0.046 0.022 0.072 2 2 2 2 2 2
1980-01-14T20:30:00 1980 1 14 20 30 0 6.0 1.9 395.0 7.3 2.28 1.14 0.0 0.0 2 2 2 2 2 2 2 2 1.3 1.66 -18.0 1.9 1.9 1.9 1.9 1.9 1.9 0.089 0.039 0.556 0.025 0.007 0.03 2 2 2 2 2 2
1980-01-14T21:30:00 1980 1 14 21 30 0 6.3 1.5 390.0 7.8 2.37 1.93 0.0 0.0 2 2 2 2 2 2 2 2 1.7 1.66 -15.0 1.5 1.5 1.5 1.5 1.5 1.5 0.06 0.019 0.539 0.014 0.002 0.012 2 2 2 2 2 2
1980-01-14T22:30:00 1980 1 14 22 30 0 5.4 2.2 388.0 6.5 1.96 1.61 0.0 0.0 2 2 2 2 2 2 2 2 1.7 1.66 -17.0 2.2 2.2 2.2 2.2 2.2 2.2 0.041 0.01 0.523 0.008 0.001 0.005 2 2 2 2 2 2
1980-01-14T23:30:00 1980 1 14 23 30 0 4.9 4.8 391.0 6.4 1.96 0.83 0.0 0.0 2 2 2 2 2 2 2 2 1.7 1.62 -17.0 4.8 4.8 4.8 4.8 4.8 4.8 0.028 0.005 0.507 0.004 0.0 0.002 2 2 2 2 2 2
