1980-02-08T00:30:00 1980 2 8 0 30 0 0.0 -1.6 512.0 4.6 2.41 1.48 5.22 2.48 2 2 2 2 2 2 2 2 3.3 3.15 -32.0 -1.6 -1.6 -1.6 -1.6 -1.6 -1.6 0.348 0.432 0.692 0.312 0.706 0.966 2 2 2 2 2 2
1980-02-08T01:30:00 1980 2 8 1 30 0 2.3 -1.3 492.0 4.0 1.94 0.95 3.6 1.55 2 2 2 2 2 2 2 2 3.3 3.3 -32.0 -1.3 -1.3 -1.3 -1.3 -1.3 -1.3 0.37 0.444 0.683 0.298 0.642 0.908 2 2 2 2 2 2
1980-02-08T02:30:00 1980 2 8 2 30 0 2.7 -1.8 493.0 3.0 1.46 1.69 3.87 1.33 2 2 2 2 2 2 2 2 3.3 3.3 -43.0 -1.8 -1.8 -1.8 -1.8 -1.8 -1.8 0.388 0.449 0.674 0.301 0.623 0.772 2 2 2 2 2 2
1980-02-08T03:30:00 1980 2 8 3 30 0 1.7 -5.0 486.0 3.1 1.46 4.44 8.63 2.64 2 2 2 2 2 2 2 2 3.7 3.35 -37.0 -5.0 -5.0 -5.0 -5.0 -5.0 -5.0 0.545 0.62 0.689 0.573 0.945 0.883 2 2 2 2 2 2
1980-02-08T04:30:00 1980 2 8 4 30 0 1.4 -5.0 482.0 4.7 2.18 7.08 12.1 4.8 2 2 2 2 2 2 2 2 3.7 3.4 -39.0 -5.0 -5.0 -5.0 -5.0 -5.0 -5.0 0.76 0.843 0.722 0.931 1.269 1.3 2 2 2 2 2 2
1980-02-08T05:30:00 1980 2 8 5 30 0 0.8 -4.8 478.0 5.3 2.42 6.57 11.74 5.89 2 2 2 2 2 2 2 2 3.7 3.46 -39.0 -4.8 -4.8 -4.8 -4.8 -4.8 -4.8 0.927 0.995 0.757 1.156 1.417 1.697 2 2 2 2 2 2
1980-02-08T06:30:00 1980 2 8 6 30 0 1.0 -4.9 470.0 5.5 2.43 6.34 11.5 6.22 2 2 2 2 2 2 2 2 3.3 3.45 -41.0 -4.9 -4.9 -4.9 -4.9 -4.9 -4.9 1.046 1.086 0.79 1.288 1.468 1.916 2 2 2 2 2 2
1980-02-08T07:30:00 1980 2 8 7 30 0 2.1 -4.1 469.0 5.3 2.33 5.67 10.48 5.66 2 2 2 2 2 2 2 2 3.3 3.45 -45.0 -4.1 -4.1 -4.1 -4.1 -4.1 -4.1 1.085 1.084 0.814 1.271 1.388 1.898 2 2 2 2 2 2
1980-02-08T08:30:00 1980 2 8 8 30 0 1.5 -3.9 464.0 5.8 2.5 4.7 9.31 5.18 2 2 2 2 2 2 2 2 3.3 3.45 -49.0 -3.9 -3.9 -3.9 -3.9 -3.9 -3.9 1.086 1.061 0.831 1.202 1.316 1.888 2 2 2 2 2 2
1980-02-08T09:30:00 1980 2 8 9 30 0 0.7 -3.6 458.2 5.64 2.5 3.86 8.61 4.92 2 2 1 1 1 2 2 1 3.0 3.41 -47.0 -3.6 -3.6 -3.6 -3.6 -3.6 -3.6 1.064 1.027 0.843 1.117 1.237 1.824 2 2 2 2 1 1
1980-02-08T10:30:00 1980 2 8 10 30 0 0.7 -2.93 452.3 4.74 2.14 2.84 7.37 3.81 1 1 1 1 1 1 1 1 3.0 3.37 -49.0 -3.15 -3.08 -3.28 -3.27 -3.09 -3.04 1.001 0.942 0.849 0.995 1.089 1.555 1 1 2 1 1 1
1980-02-08T11:30:00 1980 2 8 11 30 0 1.23 -0.45 446.5 3.85 1.6 0.96 3.57 1.56 1 1 1 1 1 1 1 1 3.0 3.28 -44.0 -1.47 -1.17 -2.08 -2.04 -1.2 -0.96 0.848 0.73 0.842 0.779 0.754 1.06 1 1 2 1 1 1
1980-02-08T12:30:00 1980 2 8 12 30 0 1.77 -0.51 440.7 2.96 1.06 0.36 1.07 0.36 1 1 1 1 1 1 1 1 3.7 3.29 -35.0 -1.53 -1.24 -2.14 -2.1 -1.27 -1.02 0.692 0.545 0.829 0.595 0.528 0.669 1 1 2 1 1 1
1980-02-08T13:30:00 1980 2 8 13 30 0 2.3 -3.27 434.8 2.06 0.7 1.79 4.38 1.04 1 1 1 1 1 1 1 1 3.7 3.29 -41.0 -3.48 -3.42 -3.61 -3.6 -3.43 -3.37 0.643 0.535 0.822 0.561 0.595 0.516 1 1 2 1 1 1
1980-02-08T14:30:00 1980 2 8 14 30 0 2.3 -4.0 429.0 1.9 0.7 4.05 7.91 1.56 2 2 2 2 2 2 2 2 3.7 3.34 -42.0 -4.0 -4.0 -4.0 -4.0 -4.0 -4.0 0.646 0.574 0.82 0.59 0.677 0.441 1 2 2 2 2 2
1980-02-08T15:30:00 1980 2 8 15 30 0 3.2 -3.2 426.0 1.7 0.62 4.17 7.62 1.37 2 2 2 2 2 2 2 2 3.3 3.34 -41.0 -3.2 -3.2 -3.2 -3.2 -3.2 -3.2 0.623 0.56 0.813 0.558 0.642 0.368 2 2 2 2 2 2
1980-02-08T16:30:00 1980 2 8 16 30 0 3.1 -1.5 414.0 1.8 0.62 2.6 4.79 0.84 2 2 2 2 2 2 2 2 3.3 3.34 -36.0 -1.5 -1.5 -1.5 -1.5 -1.5 -1.5 0.539 0.47 0.798 0.427 0.487 0.285 2 2 2 2 2 2
1980-02-08T17:30:00 1980 2 8 17 30 0 2.5 -1.7 419.0 2.1 0.74 1.62 3.35 0.66 2 2 2 2 2 2 2 2 3.3 3.38 -35.0 -1.7 -1.7 -1.7 -1.7 -1.7 -1.7 0.464 0.409 0.78 0.327 0.417 0.258 2 2 2 2 2 2
1980-02-08T18:30:00 1980 2 8 18 30 0 2.5 -1.0 425.0 2.1 0.76 1.25 2.79 0.59 2 2 2 2 2 2 2 2 1.7 3.2 -34.0 -1.0 -1.0 -1.0 -1.0 -1.0 -1.0 0.394 0.351 0.761 0.247 0.352 0.237 2 2 2 2 2 2
1980-02-08T19:30:00 1980 2 8 19 30 0 2.6 -0.9 425.0 2.2 0.79 1.02 2.01 0.43 2 2 2 2 2 2 2 2 1.7 3.03 -35.0 -0.9 -0.9 -0.9 -0.9 -0.9 -0.9 0.331 0.3 0.742 0.184 0.299 0.218 2 2 2 2 2 2
1980-02-08T20:30:00 1980 2 8 20 30 0 2.6 -0.3 431.0 2.0 0.74 0.85 1.23 0.26 2 2 2 2 2 2 2 2 1.7 2.77 -35.0 -0.3 -0.3 -0.3 -0.3 -0.3 -0.3 0.261 0.228 0.721 0.123 0.211 0.171 2 2 2 2 2 2
1980-02-08T21:30:00 1980 2 8 21 30 0 1.8 -0.6 463.0 2.2 0.94 0.61 1.04 0.22 2 2 2 2 2 2 2 2 3.0 2.7 -34.0 -0.6 -0.6 -0.6 -0.6 -0.6 -0.6 0.215 0.197 0.7 0.091 0.205 0.171 2 2 2 2 2 2
1980-02-08T22:30:00 1980 2 8 22 30 0 1.8 0.7 464.0 2.2 0.95 0.31 0.27 0.06 2 2 2 2 2 2 2 2 3.0 2.62 -35.0 0.7 0.7 0.7 0.7 0.7 0.7 0.151 0.108 0.679 0.053 0.079 0.084 2 2 2 2 2 2
1980-02-08T23:30:00 1980 2 8 23 30 0 3.5 1.0 477.0 2.2 1.0 0.48 0.0 0.0 2 2 2 2 2 2 2 2 3.0 2.59 -36.0 1.0 1.0 1.0 1.0 1.0 1.0 0.102 0.054 0.658 0.03 0.025 0.035 2 2 2 2 2 2
