1980-06-30T00:30:00 1980 6 30 0 30 0 -3.4 -4.7 340.0 6.5 1.64 5.82 8.98 6.05 2 2 2 2 2 2 2 2 2.7 1.72 -15.0 -4.7 -4.7 -4.7 -4.7 -4.7 -4.7 0.876 1.181 0.19 1.009 0.999 1.268 2 2 2 2 2 2
1980-06-30T01:30:00 1980 6 30 1 30 0 -5.4 0.0 329.0 6.7 1.71 3.01 3.62 2.38 2 2 2 2 2 2 2 2 2.7 1.93 -23.0 0.0 0.0 0.0 0.0 0.0 0.0 0.717 0.825 0.192 0.684 0.539 0.813 2 2 2 2 2 2
1980-06-30T02:30:00 1980 6 30 2 30 0 -6.4 1.6 336.0 6.6 1.54 1.83 0.0 0.0 2 2 2 2 2 2 2 2 2.7 2.14 -17.0 1.6 1.6 1.6 1.6 1.6 1.6 0.486 0.41 0.186 0.383 0.171 0.337 2 2 2 2 2 2
1980-06-30T03:30:00 1980 6 30 3 30 0 -6.5 1.7 339.0 6.6 1.6 1.85 0.0 0.0 2 2 2 2 2 2 2 2 1.3 2.17 -9.0 1.7 1.7 1.7 1.7 1.7 1.7 0.329 0.204 0.181 0.214 0.054 0.14 2 2 2 2 2 2
1980-06-30T04:30:00 1980 6 30 4 30 0 -6.0 4.3 326.0 5.7 1.32 1.28 0.0 0.0 2 2 2 2 2 2 2 2 1.3 2.19 -6.0 4.3 4.3 4.3 4.3 4.3 4.3 0.223 0.101 0.175 0.12 0.017 0.058 2 2 2 2 2 2
1980-06-30T05:30:00 1980 6 30 5 30 0 -6.1 4.7 354.0 6.8 1.7 0.92 0.0 0.0 2 2 2 2 2 2 2 2 1.3 2.06 -6.0 4.7 4.7 4.7 4.7 4.7 4.7 0.151 0.05 0.17 0.067 0.005 0.024 2 2 2 2 2 2
1980-06-30T06:30:00 1980 6 30 6 30 0 -5.8 -1.1 338.0 6.7 1.62 1.75 0.26 0.17 2 2 2 2 2 2 2 2 1.3 1.93 -1.0 -1.1 -1.1 -1.1 -1.1 -1.1 -1.1 0.129 0.097 0.166 0.058 0.087 0.119 2 2 2 2 2 2
1980-06-30T07:30:00 1980 6 30 7 30 0 -5.1 3.4 332.0 6.2 1.37 1.47 0.15 0.1 2 2 2 2 2 2 2 2 1.3 1.81 1.0 3.4 3.4 3.4 3.4 3.4 3.4 0.088 0.048 0.161 0.033 0.027 0.049 2 2 2 2 2 2
1980-06-30T08:30:00 1980 6 30 8 30 0 -2.9 4.6 347.0 7.6 1.83 0.34 0.0 0.0 2 2 2 2 2 2 2 2 1.3 1.64 2.0 4.6 4.6 4.6 4.6 4.6 4.6 0.059 0.024 0.156 0.018 0.009 0.02 2 2 2 2 2 2
1980-06-30T09:30:00 1980 6 30 9 30 0 -2.5 1.9 347.2 7.56 1.83 0.14 0.0 0.0 2 2 1 1 1 2 2 1 2.0 1.56 4.0 1.9 1.9 1.9 1.9 1.9 1.9 0.04 0.012 0.151 0.01 0.003 0.008 2 2 2 2 2 2
1980-06-30T10:30:00 1980 6 30 10 30 0 -2.5 1.62 347.3 7.33 1.78 0.19 0.0 0.0 1 1 1 1 1 1 1 1 2.0 1.48 4.0 1.39 1.44 1.28 1.29 1.43 1.48 0.027 0.006 0.146 0.006 0.001 0.004 2 2 2 2 2 2
1980-06-30T11:30:00 1980 6 30 11 30 0 -2.04 0.56 347.5 7.1 1.72 0.2 0.0 0.0 1 1 1 1 1 1 1 1 2.0 1.57 0.0 -0.51 -0.27 -1.0 -0.97 -0.3 -0.1 0.034 0.032 0.143 0.027 0.037 0.037 2 1 2 1 1 1
1980-06-30T12:30:00 1980 6 30 12 30 0 -1.56 -0.05 347.7 6.87 1.65 0.19 0.01 0.0 1 1 1 1 1 1 1 1 2.7 1.75 -6.0 -1.12 -0.88 -1.6 -1.57 -0.9 -0.7 0.107 0.183 0.144 0.11 0.196 0.253 1 1 2 1 1 1
1980-06-30T13:30:00 1980 6 30 13 30 0 -1.1 -2.14 347.8 6.64 1.6 0.56 2.06 1.38 1 1 1 1 1 1 1 1 2.7 1.93 -9.0 -2.37 -2.32 -2.47 -2.46 -2.32 -2.28 0.231 0.412 0.15 0.23 0.417 0.55 1 1 2 1 1 1
1980-06-30T14:30:00 1980 6 30 14 30 0 -1.1 -2.7 348.0 6.6 1.6 1.37 4.25 2.81 2 2 2 2 2 2 2 2 2.7 2.1 -11.0 -2.7 -2.7 -2.7 -2.7 -2.7 -2.7 0.361 0.605 0.159 0.342 0.57 0.762 2 2 2 2 2 2
1980-06-30T15:30:00 1980 6 30 15 30 0 -3.4 -0.7 343.0 6.2 1.46 1.2 2.8 1.8 2 2 2 2 2 2 2 2 2.3 2.22 -16.0 -0.7 -0.7 -0.7 -0.7 -0.7 -0.7 0.359 0.549 0.16 0.284 0.436 0.656 2 2 2 2 2 2
1980-06-30T16:30:00 1980 6 30 16 30 0 -3.2 1.1 351.0 6.1 1.5 0.7 0.19 0.12 2 2 2 2 2 2 2 2 2.3 2.34 -11.0 1.1 1.1 1.1 1.1 1.1 1.1 0.249 0.288 0.155 0.161 0.151 0.296 2 2 2 2 2 2
1980-06-30T17:30:00 1980 6 30 17 30 0 -3.1 -1.3 349.0 5.8 1.41 0.83 0.71 0.42 2 2 2 2 2 2 2 2 2.3 2.38 -14.0 -1.3 -1.3 -1.3 -1.3 -1.3 -1.3 0.218 0.271 0.152 0.126 0.198 0.311 2 2 2 2 2 2
1980-06-30T18:30:00 1980 6 30 18 30 0 -1.2 -0.2 344.0 5.7 1.35 0.58 1.22 0.7 2 2 2 2 2 2 2 2 1.7 2.33 -11.0 -0.2 -0.2 -0.2 -0.2 -0.2 -0.2 0.199 0.263 0.15 0.1 0.192 0.312 2 2 2 2 2 2
1980-06-30T19:30:00 1980 6 30 19 30 0 -1.7 -0.7 345.0 5.2 1.24 0.27 0.81 0.44 2 2 2 2 2 2 2 2 1.7 2.29 -8.0 -0.7 -0.7 -0.7 -0.7 -0.7 -0.7 0.181 0.257 0.146 0.081 0.197 0.302 2 2 2 2 2 2
1980-06-30T20:30:00 1980 6 30 20 30 0 0.8 -0.4 340.0 5.2 1.2 0.13 0.92 0.48 2 2 2 2 2 2 2 2 1.7 2.16 -8.0 -0.4 -0.4 -0.4 -0.4 -0.4 -0.4 0.167 0.246 0.143 0.068 0.183 0.281 2 2 2 2 2 2
1980-06-30T21:30:00 1980 6 30 21 30 0 -2.2 0.1 343.0 5.0 1.18 0.11 0.25 0.13 2 2 2 2 2 2 2 2 2.0 2.08 -8.0 0.1 0.1 0.1 0.1 0.1 0.1 0.123 0.153 0.139 0.041 0.086 0.162 2 2 2 2 2 2
1980-06-30T22:30:00 1980 6 30 22 30 0 -1.0 -3.9 344.0 4.5 1.07 1.38 3.55 1.65 2 2 2 2 2 2 2 2 2.0 2.0 -10.0 -3.9 -3.9 -3.9 -3.9 -3.9 -3.9 0.253 0.41 0.145 0.206 0.405 0.392 2 2 2 2 2 2
1980-06-30T23:30:00 1980 6 30 23 30 0 -3.6 -1.1 333.0 4.9 1.09 1.89 4.04 1.89 2 2 2 2 2 2 2 2 2.0 1.96 -15.0 -1.1 -1.1 -1.1 -1.1 -1.1 -1.1 0.313 0.487 0.149 0.247 0.417 0.437 2 2 2 2 2 2
