1980-04-15T00:30:00 1980 4 15 0 30 0 -2.2 -2.2 434.0 7.4 3.1 3.06 7.16 5.33 2 2 2 2 2 2 2 2 4.7 3.57 -35.0 -2.2 -2.2 -2.2 -2.2 -2.2 -2.2 1.017 1.104 0.513 1.049 1.136 2.053 2 2 2 2 2 2
1980-04-15T01:30:00 1980 4 15 1 30 0 3.7 -5.6 439.0 7.5 3.03 4.77 8.83 6.59 2 2 2 2 2 2 2 2 4.7 3.82 -32.0 -5.6 -5.6 -5.6 -5.6 -5.6 -5.6 1.098 1.187 0.543 1.191 1.347 2.311 2 2 2 2 2 2
1980-04-15T02:30:00 1980 4 15 2 30 0 -2.4 -5.0 444.0 7.2 3.17 7.22 11.65 8.55 2 2 2 2 2 2 2 2 4.7 4.03 -42.0 -5.0 -5.0 -5.0 -5.0 -5.0 -5.0 1.215 1.288 0.586 1.394 1.505 2.522 2 2 2 2 2 2
1980-04-15T03:30:00 1980 4 15 3 30 0 0.6 -1.6 447.0 6.6 2.85 2.98 7.03 4.87 2 2 2 2 2 2 2 2 3.7 4.11 -43.0 -1.6 -1.6 -1.6 -1.6 -1.6 -1.6 1.088 1.071 0.595 1.098 1.124 2.052 2 2 2 2 2 2
1980-04-15T04:30:00 1980 4 15 4 30 0 -0.6 -3.9 450.0 5.9 2.8 2.24 6.39 3.94 2 2 2 2 2 2 2 2 3.7 4.19 -45.0 -3.9 -3.9 -3.9 -3.9 -3.9 -3.9 1.021 0.992 0.605 0.976 1.095 1.841 2 2 2 2 2 2
1980-04-15T05:30:00 1980 4 15 5 30 0 -4.6 -0.8 444.0 5.5 2.34 2.61 4.97 2.85 2 2 2 2 2 2 2 2 3.7 4.14 -42.0 -0.8 -0.8 -0.8 -0.8 -0.8 -0.8 0.866 0.791 0.603 0.725 0.79 1.39 2 2 2 2 2 2
1980-04-15T06:30:00 1980 4 15 6 30 0 -5.2 -0.9 453.0 5.4 2.47 2.79 1.92 1.04 2 2 2 2 2 2 2 2 3.3 4.05 -42.0 -0.9 -0.9 -0.9 -0.9 -0.9 -0.9 0.675 0.577 0.589 0.471 0.538 1.009 2 2 2 2 2 2
1980-04-15T07:30:00 1980 4 15 7 30 0 -5.3 1.6 458.0 5.3 2.22 2.21 0.29 0.15 2 2 2 2 2 2 2 2 3.3 3.96 -41.0 1.6 1.6 1.6 1.6 1.6 1.6 0.464 0.303 0.572 0.267 0.191 0.46 2 2 2 2 2 2
1980-04-15T08:30:00 1980 4 15 8 30 0 -5.7 0.2 439.0 4.9 2.08 2.13 0.0 0.0 2 2 2 2 2 2 2 2 3.3 3.78 -30.0 0.2 0.2 0.2 0.2 0.2 0.2 0.314 0.15 0.554 0.149 0.06 0.191 2 2 2 2 2 2
1980-04-15T09:30:00 1980 4 15 9 30 0 -5.1 1.0 436.0 5.0 2.1 2.08 0.0 0.0 2 2 2 2 2 2 2 2 2.3 3.48 -25.0 1.0 1.0 1.0 1.0 1.0 1.0 0.213 0.075 0.537 0.084 0.019 0.079 2 2 2 2 2 2
1980-04-15T10:30:00 1980 4 15 10 30 0 -5.3 3.1 422.0 5.2 1.85 1.3 0.0 0.0 2 2 2 2 2 2 2 2 2.3 3.18 -23.0 3.1 3.1 3.1 3.1 3.1 3.1 0.144 0.037 0.521 0.047 0.006 0.033 2 2 2 2 2 2
1980-04-15T11:30:00 1980 4 15 11 30 0 -5.3 2.7 421.0 4.8 1.7 1.11 0.0 0.0 2 2 2 2 2 2 2 2 2.3 3.01 -21.0 2.7 2.7 2.7 2.7 2.7 2.7 0.098 0.018 0.505 0.026 0.002 0.014 2 2 2 2 2 2
1980-04-15T12:30:00 1980 4 15 12 30 0 -3.4 3.3 418.0 6.4 2.24 0.64 0.0 0.0 2 2 2 2 2 2 2 2 2.3 2.83 -20.0 3.3 3.3 3.3 3.3 3.3 3.3 0.066 0.009 0.489 0.015 0.001 0.006 2 2 2 2 2 2
1980-04-15T13:30:00 1980 4 15 13 30 0 -1.6 3.5 412.0 6.4 2.17 0.13 0.0 0.0 2 2 2 2 2 2 2 2 2.3 2.66 -19.0 3.5 3.5 3.5 3.5 3.5 3.5 0.045 0.005 0.475 0.008 0.0 0.002 2 2 2 2 2 2
1980-04-15T14:30:00 1980 4 15 14 30 0 -5.3 -1.0 419.0 6.5 2.28 1.06 0.33 0.21 2 2 2 2 2 2 2 2 2.3 2.54 -18.0 -1.0 -1.0 -1.0 -1.0 -1.0 -1.0 0.06 0.072 0.461 0.028 0.111 0.168 2 2 2 2 2 2
1980-04-15T15:30:00 1980 4 15 15 30 0 -4.7 -3.7 423.0 6.7 2.4 4.46 5.19 3.44 2 2 2 2 2 2 2 2 3.3 2.55 -18.0 -3.7 -3.7 -3.7 -3.7 -3.7 -3.7 0.292 0.474 0.469 0.318 0.68 0.966 2 2 2 2 2 2
1980-04-15T16:30:00 1980 4 15 16 30 0 -4.1 -4.8 415.0 6.1 2.1 6.71 8.99 5.72 2 2 2 2 2 2 2 2 3.3 2.56 -24.0 -4.8 -4.8 -4.8 -4.8 -4.8 -4.8 0.567 0.817 0.494 0.696 1.051 1.435 2 2 2 2 2 2
1980-04-15T17:30:00 1980 4 15 17 30 0 -2.3 -4.4 418.0 6.4 2.24 6.17 9.55 5.98 2 2 2 2 2 2 2 2 3.3 2.69 -31.0 -4.4 -4.4 -4.4 -4.4 -4.4 -4.4 0.761 0.996 0.519 0.922 1.175 1.642 2 2 2 2 2 2
1980-04-15T18:30:00 1980 4 15 18 30 0 -2.3 -3.8 419.0 6.6 2.32 4.64 8.53 5.55 2 2 2 2 2 2 2 2 3.7 2.87 -35.0 -3.8 -3.8 -3.8 -3.8 -3.8 -3.8 0.859 1.046 0.539 0.978 1.159 1.715 2 2 2 2 2 2
1980-04-15T19:30:00 1980 4 15 19 30 0 -4.6 -1.5 409.0 6.4 2.14 3.24 5.29 3.44 2 2 2 2 2 2 2 2 3.7 3.04 -34.0 -1.5 -1.5 -1.5 -1.5 -1.5 -1.5 0.79 0.888 0.54 0.768 0.865 1.424 2 2 2 2 2 2
1980-04-15T20:30:00 1980 4 15 20 30 0 -2.8 -2.1 404.0 6.3 2.06 2.36 3.71 2.35 2 2 2 2 2 2 2 2 3.7 3.22 -33.0 -2.1 -2.1 -2.1 -2.1 -2.1 -2.1 0.707 0.77 0.535 0.598 0.721 1.213 2 2 2 2 2 2
1980-04-15T21:30:00 1980 4 15 21 30 0 -3.6 -3.1 413.0 6.0 2.05 3.0 5.4 3.31 2 2 2 2 2 2 2 2 4.0 3.43 -36.0 -3.1 -3.1 -3.1 -3.1 -3.1 -3.1 0.717 0.799 0.538 0.608 0.811 1.247 2 2 2 2 2 2
1980-04-15T22:30:00 1980 4 15 22 30 0 -2.3 -0.4 408.0 6.4 2.13 1.83 3.36 2.07 2 2 2 2 2 2 2 2 4.0 3.63 -41.0 -0.4 -0.4 -0.4 -0.4 -0.4 -0.4 0.61 0.636 0.531 0.449 0.565 0.989 2 2 2 2 2 2
1980-04-15T23:30:00 1980 4 15 23 30 0 -1.2 -1.9 412.0 5.0 1.7 0.79 2.49 1.37 2 2 2 2 2 2 2 2 4.0 3.72 -36.0 -1.9 -1.9 -1.9 -1.9 -1.9 -1.9 0.537 0.564 0.522 0.361 0.529 0.853 2 2 2 2 2 2
