1980-02-24T00:30:00 1980 2 24 0 30 0 3.4 -2.1 320.0 15.1 3.09 2.26 3.44 5.11 2 2 2 2 2 2 2 2 2.3 2.79 -18.0 -2.1 -2.1 -2.1 -2.1 -2.1 -2.1 0.794 1.037 0.295 0.554 0.687 1.811 2 2 2 2 2 2
1980-02-24T01:30:00 1980 2 24 1 30 0 3.2 -2.2 311.0 10.2 1.97 1.89 3.39 4.22 2 2 2 2 2 2 2 2 2.3 2.66 -18.0 -2.2 -2.2 -2.2 -2.2 -2.2 -2.2 0.74 0.97 0.296 0.497 0.63 1.549 2 2 2 2 2 2
1980-02-24T02:30:00 1980 2 24 2 30 0 3.5 -1.5 306.0 11.8 2.21 1.64 2.81 3.09 2 2 2 2 2 2 2 2 2.3 2.54 -19.0 -1.5 -1.5 -1.5 -1.5 -1.5 -1.5 0.661 0.863 0.294 0.413 0.534 1.28 2 2 2 2 2 2
1980-02-24T03:30:00 1980 2 24 3 30 0 4.6 -1.9 307.0 11.4 2.15 1.97 2.63 3.05 2 2 2 2 2 2 2 2 2.3 2.42 -23.0 -1.9 -1.9 -1.9 -1.9 -1.9 -1.9 0.612 0.821 0.292 0.37 0.516 1.194 2 2 2 2 2 2
1980-02-24T04:30:00 1980 2 24 4 30 0 4.1 -1.3 302.0 8.9 1.62 2.0 2.4 2.43 2 2 2 2 2 2 2 2 2.3 2.3 -28.0 -1.3 -1.3 -1.3 -1.3 -1.3 -1.3 0.547 0.731 0.289 0.311 0.441 0.967 2 2 2 2 2 2
1980-02-24T05:30:00 1980 2 24 5 30 0 5.1 -0.7 296.0 6.8 1.19 1.76 1.46 1.15 2 2 2 2 2 2 2 2 2.3 2.3 -30.0 -0.7 -0.7 -0.7 -0.7 -0.7 -0.7 0.447 0.565 0.283 0.221 0.309 0.647 2 2 2 2 2 2
1980-02-24T06:30:00 1980 2 24 6 30 0 5.1 -1.1 290.0 6.3 1.06 1.96 1.34 0.87 2 2 2 2 2 2 2 2 1.3 2.17 -27.0 -1.1 -1.1 -1.1 -1.1 -1.1 -1.1 0.377 0.48 0.276 0.171 0.265 0.471 2 2 2 2 2 2
1980-02-24T07:30:00 1980 2 24 7 30 0 5.1 -1.6 293.0 5.7 0.98 2.25 2.0 1.19 2 2 2 2 2 2 2 2 1.3 2.04 -23.0 -1.6 -1.6 -1.6 -1.6 -1.6 -1.6 0.356 0.487 0.272 0.171 0.295 0.417 2 2 2 2 2 2
1980-02-24T08:30:00 1980 2 24 8 30 0 4.4 -1.6 296.0 6.1 1.07 2.19 2.36 1.39 2 2 2 2 2 2 2 2 1.3 1.91 -18.0 -1.6 -1.6 -1.6 -1.6 -1.6 -1.6 0.354 0.511 0.268 0.184 0.325 0.418 2 2 2 2 2 2
1980-02-24T09:30:00 1980 2 24 9 30 0 4.3 -1.9 301.0 7.1 1.29 2.1 2.63 1.75 2 2 2 2 2 2 2 2 2.0 1.88 -15.0 -1.9 -1.9 -1.9 -1.9 -1.9 -1.9 0.372 0.564 0.265 0.213 0.376 0.494 2 2 2 2 2 2
1980-02-24T10:30:00 1980 2 24 10 30 0 4.2 -1.6 298.0 9.6 1.71 2.02 2.6 2.19 2 2 2 2 2 2 2 2 2.0 1.84 -11.0 -1.6 -1.6 -1.6 -1.6 -1.6 -1.6 0.392 0.615 0.263 0.233 0.406 0.635 2 2 2 2 2 2
1980-02-24T11:30:00 1980 2 24 11 30 0 4.6 -1.0 304.0 10.4 1.92 1.82 1.92 1.92 2 2 2 2 2 2 2 2 2.0 1.81 -4.0 -1.0 -1.0 -1.0 -1.0 -1.0 -1.0 0.376 0.588 0.259 0.208 0.369 0.7 2 2 2 2 2 2
1980-02-24T12:30:00 1980 2 24 12 30 0 2.9 0.6 311.0 11.0 2.13 0.94 0.42 0.44 2 2 2 2 2 2 2 2 2.3 1.82 1.0 0.6 0.6 0.6 0.6 0.6 0.6 0.273 0.346 0.252 0.125 0.157 0.389 2 2 2 2 2 2
1980-02-24T13:30:00 1980 2 24 13 30 0 1.9 -4.9 315.0 11.0 2.18 1.97 3.75 4.13 2 2 2 2 2 2 2 2 2.3 1.82 1.0 -4.9 -4.9 -4.9 -4.9 -4.9 -4.9 0.442 0.72 0.259 0.372 0.579 1.035 2 2 2 2 2 2
1980-02-24T14:30:00 1980 2 24 14 30 0 4.7 -3.5 316.0 9.1 1.82 4.24 6.53 6.55 2 2 2 2 2 2 2 2 2.3 1.95 -4.0 -3.5 -3.5 -3.5 -3.5 -3.5 -3.5 0.619 0.982 0.273 0.589 0.764 1.297 2 2 2 2 2 2
1980-02-24T15:30:00 1980 2 24 15 30 0 4.3 0.5 317.0 10.9 2.19 2.15 2.2 2.13 2 2 2 2 2 2 2 2 2.3 2.07 -4.0 0.5 0.5 0.5 0.5 0.5 0.5 0.511 0.692 0.269 0.403 0.411 0.861 2 2 2 2 2 2
1980-02-24T16:30:00 1980 2 24 16 30 0 -1.2 4.9 309.0 13.7 2.53 0.14 0.0 0.0 2 2 2 2 2 2 2 2 2.3 2.19 -5.0 4.9 4.9 4.9 4.9 4.9 4.9 0.346 0.343 0.261 0.226 0.13 0.357 2 2 2 2 2 2
1980-02-24T17:30:00 1980 2 24 17 30 0 -0.74 4.05 308.0 13.55 2.49 0.0 0.0 0.0 1 1 1 1 1 1 1 1 2.3 2.23 -5.0 3.81 3.86 3.69 3.7 3.86 3.9 0.234 0.171 0.253 0.126 0.041 0.148 2 2 2 2 2 2
1980-02-24T18:30:00 1980 2 24 18 30 0 0.25 1.29 307.0 13.4 2.46 0.0 0.0 0.0 1 1 1 1 1 1 1 1 0.3 2.0 -6.0 0.3 0.53 -0.17 -0.14 0.51 0.69 0.159 0.085 0.245 0.073 0.013 0.061 2 2 2 2 2 2
1980-02-24T19:30:00 1980 2 24 19 30 0 1.24 2.59 306.0 13.25 2.43 0.01 0.0 0.0 1 1 1 1 1 1 1 1 0.3 1.78 -7.0 2.35 2.41 2.24 2.24 2.4 2.45 0.107 0.042 0.238 0.041 0.004 0.025 2 2 2 2 2 2
1980-02-24T20:30:00 1980 2 24 20 30 0 1.7 3.1 305.0 13.1 2.39 0.02 0.0 0.0 2 2 2 2 2 2 2 2 0.3 1.52 -6.0 3.1 3.1 3.1 3.1 3.1 3.1 0.073 0.021 0.231 0.023 0.001 0.011 2 2 2 2 2 2
1980-02-24T21:30:00 1980 2 24 21 30 0 2.7 2.5 306.0 11.9 2.23 0.09 0.0 0.0 2 2 2 2 2 2 2 2 0.3 1.27 -6.0 2.5 2.5 2.5 2.5 2.5 2.5 0.049 0.01 0.223 0.013 0.0 0.004 2 2 2 2 2 2
1980-02-24T22:30:00 1980 2 24 22 30 0 3.2 1.6 301.0 13.5 2.39 0.23 0.0 0.0 2 2 2 2 2 2 2 2 0.3 1.02 -2.0 1.6 1.6 1.6 1.6 1.6 1.6 0.033 0.005 0.217 0.007 0.0 0.002 2 2 2 2 2 2
1980-02-24T23:30:00 1980 2 24 23 30 0 3.2 2.6 310.0 12.0 2.33 0.27 0.0 0.0 2 2 2 2 2 2 2 2 0.3 0.78 2.0 2.6 2.6 2.6 2.6 2.6 2.6 0.023 0.003 0.21 0.004 0.0 0.001 2 2 2 2 2 2
