1980-12-24T00:30:00 1980 12 24 0 30 0 -1.9 0.3 320.0 11.0 2.25 0.16 0.0 0.0 2 2 2 2 2 2 2 2 0.7 1.22 -6.0 0.3 0.3 0.3 0.3 0.3 0.3 0.101 0.052 0.447 0.027 0.008 0.043 2 2 2 2 2 2
1980-12-24T01:30:00 1980 12 24 1 30 0 -1.6 1.4 320.0 10.9 2.23 0.11 0.0 0.0 2 2 2 2 2 2 2 2 0.7 1.18 -7.0 1.4 1.4 1.4 1.4 1.4 1.4 0.068 0.026 0.433 0.015 0.003 0.018 2 2 2 2 2 2
1980-12-24T02:30:00 1980 12 24 2 30 0 -0.8 1.8 314.0 7.7 1.52 0.02 0.0 0.0 2 2 2 2 2 2 2 2 0.7 1.05 -8.0 1.8 1.8 1.8 1.8 1.8 1.8 0.046 0.013 0.42 0.008 0.001 0.007 2 2 2 2 2 2
1980-12-24T03:30:00 1980 12 24 3 30 0 -0.7 1.8 302.0 9.1 1.66 0.01 0.0 0.0 2 2 2 2 2 2 2 2 0.3 0.88 -9.0 1.8 1.8 1.8 1.8 1.8 1.8 0.031 0.006 0.407 0.005 0.0 0.003 2 2 2 2 2 2
1980-12-24T04:30:00 1980 12 24 4 30 0 -0.45 2.3 301.0 9.5 1.72 0.0 0.0 0.0 1 1 2 2 2 1 2 2 0.3 0.7 -9.0 2.3 2.3 2.3 2.3 2.3 2.3 0.021 0.003 0.395 0.003 0.0 0.001 2 2 2 2 2 2
1980-12-24T05:30:00 1980 12 24 5 30 0 -0.2 2.8 303.0 9.4 1.73 0.0 0.0 0.0 2 2 2 2 2 2 2 2 0.3 0.62 -6.0 2.8 2.8 2.8 2.8 2.8 2.8 0.014 0.002 0.382 0.001 0.0 0.001 2 2 2 2 2 2
1980-12-24T06:30:00 1980 12 24 6 30 0 0.4 2.6 301.0 8.5 1.54 0.0 0.0 0.0 2 2 2 2 2 2 2 2 0.3 0.53 -6.0 2.6 2.6 2.6 2.6 2.6 2.6 0.01 0.001 0.371 0.001 0.0 0.0 2 2 2 2 2 2
1980-12-24T07:30:00 1980 12 24 7 30 0 1.5 0.2 302.0 8.8 1.61 0.03 0.0 0.0 2 2 2 2 2 2 2 2 0.3 0.44 -6.0 0.2 0.2 0.2 0.2 0.2 0.2 0.007 0.0 0.359 0.0 0.0 0.0 2 2 2 2 2 2
1980-12-24T08:30:00 1980 12 24 8 30 0 0.9 2.4 298.0 8.4 1.49 0.03 0.0 0.0 2 2 2 2 2 2 2 2 0.3 0.4 -8.0 2.4 2.4 2.4 2.4 2.4 2.4 0.004 0.0 0.349 0.0 0.0 0.0 2 2 2 2 2 2
1980-12-24T09:30:00 1980 12 24 9 30 0 0.6 1.9 308.0 10.8 2.05 0.0 0.0 0.0 2 2 2 2 2 2 2 2 0.7 0.4 -7.0 1.9 1.9 1.9 1.9 1.9 1.9 0.003 0.0 0.338 0.0 0.0 0.0 2 2 2 2 2 2
1980-12-24T10:30:00 1980 12 24 10 30 0 1.0 3.0 314.0 14.2 2.8 0.01 0.0 0.0 2 2 2 2 2 2 2 2 0.7 0.4 -6.0 3.0 3.0 3.0 3.0 3.0 3.0 0.002 0.0 0.328 0.0 0.0 0.0 2 2 2 2 2 2
1980-12-24T11:30:00 1980 12 24 11 30 0 1.8 3.7 324.0 16.8 3.53 0.02 0.0 0.0 2 2 2 2 2 2 2 2 0.7 0.46 -1.0 3.7 3.7 3.7 3.7 3.7 3.7 0.001 0.0 0.318 0.0 0.0 0.0 2 2 2 2 2 2
1980-12-24T12:30:00 1980 12 24 12 30 0 3.1 1.8 323.0 19.4 4.05 0.14 0.0 0.0 2 2 2 2 2 2 2 2 0.7 0.51 -4.0 1.8 1.8 1.8 1.8 1.8 1.8 0.001 0.0 0.308 0.0 0.0 0.0 2 2 2 2 2 2
1980-12-24T13:30:00 1980 12 24 13 30 0 4.5 1.4 322.0 15.5 3.07 0.56 0.0 0.0 2 2 2 2 2 2 2 2 0.7 0.56 -3.0 1.4 1.4 1.4 1.4 1.4 1.4 0.001 0.0 0.298 0.0 0.0 0.0 2 2 2 2 2 2
1980-12-24T14:30:00 1980 12 24 14 30 0 4.7 1.2 324.0 16.2 3.27 0.91 0.0 0.0 2 2 2 2 2 2 2 2 0.7 0.6 -2.0 1.2 1.2 1.2 1.2 1.2 1.2 0.0 0.0 0.289 0.0 0.0 0.0 2 2 2 2 2 2
1980-12-24T15:30:00 1980 12 24 15 30 0 4.55 1.55 318.0 16.25 3.18 0.89 0.0 0.0 1 1 1 1 1 1 1 1 0.7 0.65 0.0 1.55 1.55 1.55 1.55 1.55 1.55 0.0 0.0 0.281 0.0 0.0 0.0 2 2 2 2 2 2
1980-12-24T16:30:00 1980 12 24 16 30 0 4.4 1.9 312.0 16.3 3.09 0.73 0.0 0.0 2 2 2 2 2 2 2 2 0.7 0.7 -5.0 1.9 1.9 1.9 1.9 1.9 1.9 0.0 0.0 0.272 0.0 0.0 0.0 2 2 2 2 2 2
1980-12-24T17:30:00 1980 12 24 17 30 0 3.4 2.0 311.0 16.8 3.57 0.48 0.0 0.0 2 2 2 2 2 2 2 2 0.7 0.7 -1.0 2.0 2.0 2.0 2.0 2.0 2.0 0.0 0.0 0.264 0.0 0.0 0.0 2 2 2 2 2 2
1980-12-24T18:30:00 1980 12 24 18 30 0 1.5 1.3 307.0 12.0 2.26 0.16 0.0 0.0 2 2 2 2 2 2 2 2 0.7 0.7 -1.0 1.3 1.3 1.3 1.3 1.3 1.3 0.0 0.0 0.256 0.0 0.0 0.0 2 2 2 2 2 2
1980-12-24T19:30:00 1980 12 24 19 30 0 0.4 0.4 306.0 12.5 2.34 0.02 0.0 0.0 2 2 2 2 2 2 2 2 0.7 0.7 0.0 0.4 0.4 0.4 0.4 0.4 0.4 0.0 0.0 0.248 0.0 0.0 0.0 2 2 2 2 2 2
1980-12-24T20:30:00 1980 12 24 20 30 0 0.2 -1.0 302.0 12.3 2.24 0.06 0.61 0.75 2 2 2 2 2 2 2 2 0.7 0.7 3.0 -1.0 -1.0 -1.0 -1.0 -1.0 -1.0 0.056 0.171 0.242 0.034 0.154 0.346 2 2 2 2 2 2
1980-12-24T21:30:00 1980 12 24 21 30 0 1.5 -1.7 305.0 12.7 2.36 0.46 2.09 2.63 2 2 2 2 2 2 2 2 0.3 0.65 5.0 -1.7 -1.7 -1.7 -1.7 -1.7 -1.7 0.181 0.445 0.24 0.132 0.364 0.805 2 2 2 2 2 2
1980-12-24T22:30:00 1980 12 24 22 30 0 3.1 -1.3 302.0 13.7 2.5 0.94 2.25 2.97 2 2 2 2 2 2 2 2 0.3 0.6 9.0 -1.3 -1.3 -1.3 -1.3 -1.3 -1.3 0.266 0.584 0.238 0.184 0.424 1.028 2 2 2 2 2 2
1980-12-24T23:30:00 1980 12 24 23 30 0 0.4 1.0 300.0 13.8 2.48 0.3 0.47 0.65 2 2 2 2 2 2 2 2 0.3 0.54 10.0 1.0 1.0 1.0 1.0 1.0 1.0 0.202 0.352 0.232 0.114 0.178 0.56 2 2 2 2 2 2
