1980-08-13T00:30:00 1980 8 13 0 30 0 4.2 -0.8 321.0 5.5 1.13 1.57 0.99 0.48 2 2 2 2 2 2 2 2 1.7 1.32 -8.0 -0.8 -0.8 -0.8 -0.8 -0.8 -0.8 0.172 0.307 0.102 0.092 0.217 0.28 2 2 2 2 2 2
1980-08-13T01:30:00 1980 8 13 1 30 0 2.6 1.2 343.0 11.1 2.61 0.72 0.21 0.13 2 2 2 2 2 2 2 2 1.7 1.4 4.0 1.2 1.2 1.2 1.2 1.2 1.2 0.123 0.17 0.099 0.054 0.083 0.143 2 2 2 2 2 2
1980-08-13T02:30:00 1980 8 13 2 30 0 1.3 1.5 328.0 14.4 3.1 0.11 0.0 0.0 2 2 2 2 2 2 2 2 1.7 1.46 12.0 1.5 1.5 1.5 1.5 1.5 1.5 0.083 0.085 0.096 0.03 0.026 0.059 2 2 2 2 2 2
1980-08-13T03:30:00 1980 8 13 3 30 0 2.3 0.6 324.0 12.7 2.67 0.13 0.0 0.0 2 2 2 2 2 2 2 2 1.0 1.41 18.0 0.6 0.6 0.6 0.6 0.6 0.6 0.056 0.042 0.093 0.017 0.008 0.025 2 2 2 2 2 2
1980-08-13T04:30:00 1980 8 13 4 30 0 2.1 1.1 318.0 26.3 5.32 0.19 0.0 0.0 2 2 2 2 2 2 2 2 1.0 1.37 17.0 1.1 1.1 1.1 1.1 1.1 1.1 0.038 0.021 0.091 0.009 0.003 0.01 2 2 2 2 2 2
1980-08-13T05:30:00 1980 8 13 5 30 0 2.8 0.8 331.0 12.2 2.67 0.25 0.0 0.0 2 2 2 2 2 2 2 2 1.0 1.33 13.0 0.8 0.8 0.8 0.8 0.8 0.8 0.026 0.01 0.088 0.005 0.001 0.004 2 2 2 2 2 2
1980-08-13T06:30:00 1980 8 13 6 30 0 -0.6 5.2 330.0 6.1 1.33 0.05 0.0 0.0 2 2 2 2 2 2 2 2 1.0 1.29 8.0 5.2 5.2 5.2 5.2 5.2 5.2 0.017 0.005 0.085 0.003 0.0 0.002 2 2 2 2 2 2
1980-08-13T07:30:00 1980 8 13 7 30 0 2.1 5.5 331.0 5.9 1.29 0.01 0.0 0.0 2 2 2 2 2 2 2 2 1.0 1.25 5.0 5.5 5.5 5.5 5.5 5.5 5.5 0.012 0.003 0.083 0.002 0.0 0.001 2 2 2 2 2 2
1980-08-13T08:30:00 1980 8 13 8 30 0 5.1 3.0 328.0 6.1 1.31 0.32 0.0 0.0 2 2 2 2 2 2 2 2 1.0 1.17 4.0 3.0 3.0 3.0 3.0 3.0 3.0 0.008 0.001 0.08 0.001 0.0 0.0 2 2 2 2 2 2
1980-08-13T09:30:00 1980 8 13 9 30 0 5.2 2.0 330.0 6.3 1.37 0.9 0.0 0.0 2 2 2 2 2 2 2 2 1.0 1.08 6.0 2.0 2.0 2.0 2.0 2.0 2.0 0.005 0.001 0.078 0.001 0.0 0.0 2 2 2 2 2 2
1980-08-13T10:30:00 1980 8 13 10 30 0 6.3 0.6 324.0 5.6 1.18 1.58 0.0 0.0 2 2 2 2 2 2 2 2 1.0 1.0 7.0 0.6 0.6 0.6 0.6 0.6 0.6 0.004 0.0 0.075 0.0 0.0 0.0 2 2 2 2 2 2
1980-08-13T11:30:00 1980 8 13 11 30 0 5.5 -0.5 325.0 6.8 1.44 2.16 0.22 0.15 2 2 2 2 2 2 2 2 1.0 1.0 7.0 -0.5 -0.5 -0.5 -0.5 -0.5 -0.5 0.022 0.063 0.073 0.01 0.066 0.1 2 2 2 2 2 2
1980-08-13T12:30:00 1980 8 13 12 30 0 6.1 -1.9 323.0 7.4 1.54 2.97 2.04 1.46 2 2 2 2 2 2 2 2 2.0 1.13 5.0 -1.9 -1.9 -1.9 -1.9 -1.9 -1.9 0.132 0.309 0.076 0.1 0.296 0.412 2 2 2 2 2 2
1980-08-13T13:30:00 1980 8 13 13 30 0 6.4 -1.1 321.0 7.3 1.5 3.45 2.36 1.74 2 2 2 2 2 2 2 2 2.0 1.26 5.0 -1.1 -1.1 -1.1 -1.1 -1.1 -1.1 0.205 0.422 0.079 0.144 0.347 0.528 2 2 2 2 2 2
1980-08-13T14:30:00 1980 8 13 14 30 0 4.7 -1.5 320.0 8.2 1.68 2.71 2.11 1.65 2 2 2 2 2 2 2 2 2.0 1.39 9.0 -1.5 -1.5 -1.5 -1.5 -1.5 -1.5 0.256 0.49 0.081 0.17 0.378 0.616 2 2 2 2 2 2
1980-08-13T15:30:00 1980 8 13 15 30 0 4.7 -2.6 319.0 8.5 2.21 2.78 3.35 2.8 2 2 2 2 2 2 2 2 2.0 1.51 11.0 -2.6 -2.6 -2.6 -2.6 -2.6 -2.6 0.356 0.644 0.088 0.269 0.505 0.808 2 2 2 2 2 2
1980-08-13T16:30:00 1980 8 13 16 30 0 3.6 -3.6 327.0 8.5 2.3 3.46 5.08 4.32 2 2 2 2 2 2 2 2 2.0 1.64 11.0 -3.6 -3.6 -3.6 -3.6 -3.6 -3.6 0.5 0.841 0.102 0.441 0.675 1.047 2 2 2 2 2 2
1980-08-13T17:30:00 1980 8 13 17 30 0 4.7 1.9 316.0 7.7 1.99 1.64 1.67 1.39 2 2 2 2 2 2 2 2 2.0 1.76 5.0 1.9 1.9 1.9 1.9 1.9 1.9 0.397 0.539 0.102 0.293 0.313 0.601 2 2 2 2 2 2
1980-08-13T18:30:00 1980 8 13 18 30 0 3.4 3.9 316.0 7.4 1.73 0.42 0.0 0.0 2 2 2 2 2 2 2 2 1.3 1.79 6.0 3.9 3.9 3.9 3.9 3.9 3.9 0.269 0.268 0.099 0.164 0.099 0.249 2 2 2 2 2 2
1980-08-13T19:30:00 1980 8 13 19 30 0 3.6 2.6 313.0 7.4 1.75 0.26 0.0 0.0 2 2 2 2 2 2 2 2 1.3 1.82 9.0 2.6 2.6 2.6 2.6 2.6 2.6 0.182 0.133 0.096 0.092 0.031 0.103 2 2 2 2 2 2
1980-08-13T20:30:00 1980 8 13 20 30 0 5.2 2.0 309.0 7.6 1.84 0.64 0.0 0.0 2 2 2 2 2 2 2 2 1.3 1.73 14.0 2.0 2.0 2.0 2.0 2.0 2.0 0.123 0.066 0.093 0.051 0.01 0.043 2 2 2 2 2 2
1980-08-13T21:30:00 1980 8 13 21 30 0 5.8 -2.8 316.0 7.2 1.7 2.38 1.47 1.07 2 2 2 2 2 2 2 2 2.0 1.73 12.0 -2.8 -2.8 -2.8 -2.8 -2.8 -2.8 0.186 0.277 0.094 0.126 0.251 0.323 2 2 2 2 2 2
1980-08-13T22:30:00 1980 8 13 22 30 0 4.7 -0.7 316.0 6.9 1.62 2.79 2.63 1.86 2 2 2 2 2 2 2 2 2.0 1.74 6.0 -0.7 -0.7 -0.7 -0.7 -0.7 -0.7 0.24 0.397 0.097 0.159 0.314 0.451 2 2 2 2 2 2
1980-08-13T23:30:00 1980 8 13 23 30 0 4.1 -1.7 325.0 6.5 1.62 1.9 2.0 1.33 2 2 2 2 2 2 2 2 2.0 1.74 3.0 -1.7 -1.7 -1.7 -1.7 -1.7 -1.7 0.272 0.456 0.098 0.174 0.354 0.507 2 2 2 2 2 2
