1980-12-08T00:30:00 1980 12 8 0 30 0 -4.2 0.9 362.0 7.0 1.83 2.92 1.51 0.93 2 2 2 2 2 2 2 2 2.3 1.77 -2.0 0.9 0.9 0.9 0.9 0.9 0.9 0.158 0.245 0.065 0.111 0.202 0.322 2 2 2 2 2 2
1980-12-08T01:30:00 1980 12 8 1 30 0 0.1 -0.3 364.0 8.0 2.12 0.29 0.09 0.07 2 2 2 2 2 2 2 2 2.3 1.97 0.0 -0.3 -0.3 -0.3 -0.3 -0.3 -0.3 0.117 0.155 0.064 0.067 0.106 0.216 2 2 2 2 2 2
1980-12-08T02:30:00 1980 12 8 2 30 0 -0.9 -1.5 361.0 7.9 2.06 0.26 1.72 1.36 2 2 2 2 2 2 2 2 2.3 2.04 -2.0 -1.5 -1.5 -1.5 -1.5 -1.5 -1.5 0.185 0.324 0.066 0.118 0.318 0.563 2 2 2 2 2 2
1980-12-08T03:30:00 1980 12 8 3 30 0 -2.7 0.8 354.0 8.9 2.85 0.37 0.77 0.63 2 2 2 2 2 2 2 2 3.0 2.21 -3.0 0.8 0.8 0.8 0.8 0.8 0.8 0.155 0.23 0.066 0.083 0.165 0.369 2 2 2 2 2 2
1980-12-08T04:30:00 1980 12 8 4 30 0 1.4 2.5 370.0 9.2 2.88 0.05 0.0 0.0 2 2 2 2 2 2 2 2 3.0 2.37 2.0 2.5 2.5 2.5 2.5 2.5 2.5 0.105 0.114 0.064 0.046 0.052 0.153 2 2 2 2 2 2
1980-12-08T05:30:00 1980 12 8 5 30 0 8.1 0.7 414.0 9.0 3.42 1.65 0.0 0.0 2 2 2 2 2 2 2 2 3.0 2.5 2.0 0.7 0.7 0.7 0.7 0.7 0.7 0.071 0.057 0.062 0.026 0.017 0.063 2 2 2 2 2 2
1980-12-08T06:30:00 1980 12 8 6 30 0 1.6 7.5 407.0 9.6 3.18 1.0 0.0 0.0 2 2 2 2 2 2 2 2 2.3 2.53 -9.0 7.5 7.5 7.5 7.5 7.5 7.5 0.048 0.028 0.06 0.015 0.005 0.026 2 2 2 2 2 2
1980-12-08T07:30:00 1980 12 8 7 30 0 -7.2 -1.6 384.0 7.3 2.39 1.22 0.4 0.3 2 2 2 2 2 2 2 2 2.3 2.56 -7.0 -1.6 -1.6 -1.6 -1.6 -1.6 -1.6 0.076 0.113 0.06 0.049 0.142 0.213 2 2 2 2 2 2
1980-12-08T08:30:00 1980 12 8 8 30 0 -8.0 2.3 369.0 7.0 2.24 3.77 0.5 0.36 2 2 2 2 2 2 2 2 2.3 2.56 -9.0 2.3 2.3 2.3 2.3 2.3 2.3 0.066 0.087 0.059 0.035 0.075 0.149 2 2 2 2 2 2
1980-12-08T09:30:00 1980 12 8 9 30 0 -1.8 3.3 387.0 6.7 1.99 0.93 0.0 0.0 2 2 2 2 2 2 2 2 1.0 2.39 -8.0 3.3 3.3 3.3 3.3 3.3 3.3 0.044 0.043 0.057 0.02 0.024 0.062 2 2 2 2 2 2
1980-12-08T10:30:00 1980 12 8 10 30 0 -2.5 1.3 393.0 7.5 2.67 0.13 0.0 0.0 2 2 2 2 2 2 2 2 1.0 2.21 -8.0 1.3 1.3 1.3 1.3 1.3 1.3 0.03 0.021 0.055 0.011 0.008 0.026 2 2 2 2 2 2
1980-12-08T11:30:00 1980 12 8 11 30 0 -2.7 -0.5 391.5 7.75 2.67 0.49 0.18 0.14 2 2 1 1 1 2 2 1 1.0 1.96 -7.0 -0.5 -0.5 -0.5 -0.5 -0.5 -0.5 0.039 0.066 0.054 0.016 0.079 0.163 2 1 2 1 1 1
1980-12-08T12:30:00 1980 12 8 12 30 0 -1.4 0.7 390.0 8.0 2.67 0.33 0.16 0.13 2 2 2 2 2 2 2 2 0.7 1.68 -6.0 0.7 0.7 0.7 0.7 0.7 0.7 0.032 0.048 0.053 0.011 0.04 0.107 2 1 2 1 1 1
1980-12-08T13:30:00 1980 12 8 13 30 0 -1.4 4.6 401.0 8.4 2.99 0.03 0.0 0.0 2 2 2 2 2 2 2 2 0.7 1.39 -6.0 4.6 4.6 4.6 4.6 4.6 4.6 0.022 0.024 0.051 0.006 0.013 0.044 2 1 2 1 1 1
1980-12-08T14:30:00 1980 12 8 14 30 0 -0.7 6.5 405.0 8.3 3.21 0.01 0.0 0.0 2 2 2 2 2 2 2 2 0.7 1.2 3.0 6.5 6.5 6.5 6.5 6.5 6.5 0.015 0.012 0.05 0.003 0.004 0.018 2 1 2 1 1 1
1980-12-08T15:30:00 1980 12 8 15 30 0 -2.5 2.4 423.0 6.7 2.56 0.05 0.0 0.0 2 2 2 2 2 2 2 2 1.7 1.13 4.0 2.4 2.4 2.4 2.4 2.4 2.4 0.01 0.006 0.048 0.002 0.001 0.008 2 1 2 1 1 1
1980-12-08T16:30:00 1980 12 8 16 30 0 -4.8 5.9 421.0 7.2 2.89 0.33 0.0 0.0 2 2 2 2 2 2 2 2 1.7 1.07 5.0 5.9 5.9 5.9 5.9 5.9 5.9 0.007 0.003 0.047 0.001 0.0 0.003 2 1 2 1 1 1
1980-12-08T17:30:00 1980 12 8 17 30 0 -6.5 -2.2 432.0 6.9 2.58 2.38 0.85 0.59 2 2 2 2 2 2 2 2 1.7 1.16 4.0 -2.2 -2.2 -2.2 -2.2 -2.2 -2.2 0.072 0.142 0.05 0.073 0.233 0.357 2 2 2 2 2 2
1980-12-08T18:30:00 1980 12 8 18 30 0 -5.4 -2.9 436.0 6.1 2.32 5.69 5.6 3.61 2 2 2 2 2 2 2 2 2.3 1.33 1.0 -2.9 -2.9 -2.9 -2.9 -2.9 -2.9 0.295 0.489 0.07 0.325 0.705 1.03 2 2 2 2 2 2
1980-12-08T19:30:00 1980 12 8 19 30 0 -4.4 1.2 409.0 5.8 1.94 2.66 1.95 1.17 2 2 2 2 2 2 2 2 2.3 1.49 -5.0 1.2 1.2 1.2 1.2 1.2 1.2 0.258 0.346 0.072 0.23 0.351 0.633 2 2 2 2 2 2
1980-12-08T20:30:00 1980 12 8 20 30 0 -4.0 5.6 439.0 4.8 1.85 0.56 0.0 0.0 2 2 2 2 2 2 2 2 2.3 1.69 -13.0 5.6 5.6 5.6 5.6 5.6 5.6 0.174 0.172 0.07 0.129 0.111 0.262 2 2 2 2 2 2
1980-12-08T21:30:00 1980 12 8 21 30 0 -2.5 1.1 424.0 5.1 1.83 0.29 0.0 0.0 2 2 2 2 2 2 2 2 3.0 1.98 -8.0 1.1 1.1 1.1 1.1 1.1 1.1 0.118 0.085 0.068 0.072 0.035 0.109 2 2 2 2 2 2
1980-12-08T22:30:00 1980 12 8 22 30 0 -2.5 4.0 428.0 5.3 1.94 0.17 0.0 0.0 2 2 2 2 2 2 2 2 3.0 2.27 -4.0 4.0 4.0 4.0 4.0 4.0 4.0 0.08 0.042 0.066 0.04 0.011 0.045 2 2 2 2 2 2
1980-12-08T23:30:00 1980 12 8 23 30 0 -3.3 6.3 421.0 4.7 1.67 0.13 0.0 0.0 2 2 2 2 2 2 2 2 3.0 2.43 -11.0 6.3 6.3 6.3 6.3 6.3 6.3 0.054 0.021 0.064 0.023 0.004 0.019 2 2 2 2 2 2
