1980-04-05T00:30:00 1980 4 5 0 30 0 1.4 2.3 484.0 1.2 0.56 0.08 0.0 0.0 2 2 2 2 2 2 2 2 1.0 2.01 -13.0 2.3 2.3 2.3 2.3 2.3 2.3 0.053 0.012 0.105 0.015 0.002 0.004 2 2 2 2 2 2
1980-04-05T01:30:00 1980 4 5 1 30 0 4.4 1.1 517.0 1.1 0.59 0.56 0.0 0.0 2 2 2 2 2 2 2 2 1.0 1.72 -12.0 1.1 1.1 1.1 1.1 1.1 1.1 0.036 0.006 0.102 0.008 0.001 0.002 2 2 2 2 2 2
1980-04-05T02:30:00 1980 4 5 2 30 0 4.1 1.1 497.0 1.1 0.54 1.25 0.0 0.0 2 2 2 2 2 2 2 2 1.0 1.48 -12.0 1.1 1.1 1.1 1.1 1.1 1.1 0.024 0.003 0.099 0.005 0.0 0.001 2 2 2 2 2 2
1980-04-05T03:30:00 1980 4 5 3 30 0 3.9 0.6 521.0 1.1 0.6 1.21 0.0 0.0 2 2 2 2 2 2 2 2 1.7 1.33 -11.0 0.6 0.6 0.6 0.6 0.6 0.6 0.016 0.001 0.096 0.003 0.0 0.0 2 2 2 2 2 2
1980-04-05T04:30:00 1980 4 5 4 30 0 2.1 1.4 492.0 1.1 0.53 0.59 0.0 0.0 2 2 2 2 2 2 2 2 1.7 1.18 -10.0 1.4 1.4 1.4 1.4 1.4 1.4 0.011 0.001 0.093 0.001 0.0 0.0 2 2 2 2 2 2
1980-04-05T05:30:00 1980 4 5 5 30 0 0.3 1.9 487.0 1.0 0.47 0.05 0.0 0.0 2 2 2 2 2 2 2 2 1.7 1.27 -7.0 1.9 1.9 1.9 1.9 1.9 1.9 0.007 0.0 0.09 0.001 0.0 0.0 2 2 2 2 2 2
1980-04-05T06:30:00 1980 4 5 6 30 0 -0.8 1.7 499.0 1.1 0.55 0.0 0.0 0.0 2 2 2 2 2 2 2 2 1.0 1.27 -6.0 1.7 1.7 1.7 1.7 1.7 1.7 0.005 0.0 0.087 0.0 0.0 0.0 2 2 2 2 2 2
1980-04-05T07:30:00 1980 4 5 7 30 0 2.0 2.8 494.0 1.1 0.54 0.02 0.0 0.0 2 2 2 2 2 2 2 2 1.0 1.26 -6.0 2.8 2.8 2.8 2.8 2.8 2.8 0.003 0.0 0.085 0.0 0.0 0.0 2 2 2 2 2 2
1980-04-05T08:30:00 1980 4 5 8 30 0 2.7 1.6 501.0 1.1 0.55 0.21 0.0 0.0 2 2 2 2 2 2 2 2 1.0 1.26 -2.0 1.6 1.6 1.6 1.6 1.6 1.6 0.002 0.0 0.082 0.0 0.0 0.0 2 2 2 2 2 2
1980-04-05T09:30:00 1980 4 5 9 30 0 3.1 1.9 490.0 1.1 0.53 0.39 0.0 0.0 2 2 2 2 2 2 2 2 1.0 1.26 -1.0 1.9 1.9 1.9 1.9 1.9 1.9 0.002 0.0 0.08 0.0 0.0 0.0 2 2 2 2 2 2
1980-04-05T10:30:00 1980 4 5 10 30 0 0.5 1.6 474.0 1.0 0.45 0.13 0.0 0.0 2 2 2 2 2 2 2 2 1.0 1.25 -2.0 1.6 1.6 1.6 1.6 1.6 1.6 0.001 0.0 0.077 0.0 0.0 0.0 2 2 2 2 2 2
1980-04-05T11:30:00 1980 4 5 11 30 0 0.7 0.7 454.0 1.0 0.41 0.01 0.0 0.0 2 2 2 2 2 2 2 2 1.0 1.17 1.0 0.7 0.7 0.7 0.7 0.7 0.7 0.001 0.0 0.075 0.0 0.0 0.0 2 2 2 2 2 2
1980-04-05T12:30:00 1980 4 5 12 30 0 -0.8 2.1 518.0 1.1 0.59 0.0 0.0 0.0 2 2 2 2 2 2 2 2 2.3 1.25 3.0 2.1 2.1 2.1 2.1 2.1 2.1 0.0 0.0 0.072 0.0 0.0 0.0 2 2 2 2 2 2
1980-04-05T13:30:00 1980 4 5 13 30 0 2.2 -0.1 530.0 1.2 0.67 0.13 0.02 0.0 2 2 2 2 2 2 2 2 2.3 1.34 7.0 -0.1 -0.1 -0.1 -0.1 -0.1 -0.1 0.003 0.007 0.07 0.001 0.017 0.01 2 2 2 2 2 2
1980-04-05T14:30:00 1980 4 5 14 30 0 -0.7 1.0 586.0 1.8 1.24 0.1 0.0 0.0 2 2 2 2 2 2 2 2 2.3 1.5 9.0 1.0 1.0 1.0 1.0 1.0 1.0 0.002 0.004 0.068 0.0 0.005 0.004 2 2 2 2 2 2
1980-04-05T15:30:00 1980 4 5 15 30 0 -1.9 0.7 576.0 2.1 1.39 0.12 0.0 0.0 2 2 2 2 2 2 2 2 3.3 1.8 11.0 0.7 0.7 0.7 0.7 0.7 0.7 0.001 0.002 0.066 0.0 0.002 0.002 2 2 2 2 2 2
1980-04-05T16:30:00 1980 4 5 16 30 0 -1.4 -0.1 579.0 2.1 1.41 0.26 0.03 0.01 2 2 2 2 2 2 2 2 3.3 2.09 4.0 -0.1 -0.1 -0.1 -0.1 -0.1 -0.1 0.004 0.01 0.064 0.001 0.024 0.026 2 2 2 2 2 2
1980-04-05T17:30:00 1980 4 5 17 30 0 -0.7 6.0 614.0 2.0 1.51 0.03 0.0 0.0 2 2 2 2 2 2 2 2 3.3 2.38 1.0 6.0 6.0 6.0 6.0 6.0 6.0 0.003 0.005 0.062 0.001 0.008 0.011 2 2 2 2 2 2
1980-04-05T18:30:00 1980 4 5 18 30 0 1.8 7.1 636.0 1.7 1.38 0.01 0.0 0.0 2 2 2 2 2 2 2 2 2.0 2.49 7.0 7.1 7.1 7.1 7.1 7.1 7.1 0.002 0.003 0.06 0.0 0.002 0.004 2 2 2 2 2 2
1980-04-05T19:30:00 1980 4 5 19 30 0 2.9 6.4 583.0 1.7 1.16 0.09 0.0 0.0 2 2 2 2 2 2 2 2 2.0 2.6 7.0 6.4 6.4 6.4 6.4 6.4 6.4 0.001 0.001 0.058 0.0 0.001 0.002 2 2 2 2 2 2
1980-04-05T20:30:00 1980 4 5 20 30 0 2.9 5.9 571.0 1.6 1.04 0.15 0.0 0.0 2 2 2 2 2 2 2 2 2.0 2.56 6.0 5.9 5.9 5.9 5.9 5.9 5.9 0.001 0.001 0.057 0.0 0.0 0.001 2 2 2 2 2 2
1980-04-05T21:30:00 1980 4 5 21 30 0 3.0 5.1 555.0 1.5 0.92 0.17 0.0 0.0 2 2 2 2 2 2 2 2 0.7 2.34 3.0 5.1 5.1 5.1 5.1 5.1 5.1 0.001 0.0 0.055 0.0 0.0 0.0 2 2 2 2 2 2
1980-04-05T22:30:00 1980 4 5 22 30 0 3.2 3.9 555.0 1.5 0.92 0.25 0.0 0.0 2 2 2 2 2 2 2 2 0.7 2.13 2.0 3.9 3.9 3.9 3.9 3.9 3.9 0.0 0.0 0.053 0.0 0.0 0.0 2 2 2 2 2 2
1980-04-05T23:30:00 1980 4 5 23 30 0 1.8 4.3 526.0 1.5 0.83 0.14 0.0 0.0 2 2 2 2 2 2 2 2 0.7 1.81 1.0 4.3 4.3 4.3 4.3 4.3 4.3 0.0 0.0 0.052 0.0 0.0 0.0 2 2 2 2 2 2
