1980-01-22T00:30:00 1980 1 22 0 30 0 0.0 1.9 357.0 9.2 2.35 0.12 0.0 0.0 2 2 2 2 2 2 2 2 0.3 1.07 19.0 1.9 1.9 1.9 1.9 1.9 1.9 0.003 0.0 0.107 0.0 0.0 0.0 2 2 2 2 2 2
1980-01-22T01:30:00 1980 1 22 1 30 0 0.0 1.57 353.3 9.41 2.35 0.0 0.0 0.0 1 1 1 1 1 1 1 1 0.3 0.97 19.0 1.35 1.41 1.22 1.23 1.4 1.45 0.002 0.0 0.104 0.0 0.0 0.0 2 2 2 2 2 2
1980-01-22T02:30:00 1980 1 22 2 30 0 -0.41 0.32 349.7 10.58 2.52 0.0 0.0 0.0 1 1 1 1 1 1 1 1 0.3 0.92 16.0 -0.71 -0.42 -1.3 -1.26 -0.45 -0.21 0.031 0.047 0.103 0.043 0.058 0.089 1 1 2 1 1 1
1980-01-22T03:30:00 1980 1 22 3 30 0 -1.3 0.09 346.0 11.75 2.78 0.05 0.0 0.0 1 0 1 1 1 1 1 1 0.0 0.82 13.0 -1.1 -0.77 -1.78 -1.73 -0.8 -0.53 0.128 0.229 0.108 0.163 0.239 0.452 0 0 1 0 0 0
1980-01-22T04:30:00 1980 1 22 4 30 0 -2.19 0.02 342.3 12.92 3.04 0.23 0.0 0.0 1 1 1 1 1 1 1 1 0.0 0.73 12.0 -1.01 -0.72 -1.59 -1.56 -0.75 -0.51 0.204 0.345 0.114 0.238 0.316 0.693 1 1 1 1 1 1
1980-01-22T05:30:00 1980 1 22 5 30 0 -2.6 -0.31 338.7 14.09 3.21 0.46 0.27 0.37 1 1 1 1 1 1 1 1 0.0 0.52 13.0 -0.53 -0.47 -0.65 -0.64 -0.47 -0.42 0.222 0.369 0.115 0.21 0.295 0.799 1 1 1 1 1 1
1980-01-22T06:30:00 1980 1 22 6 30 0 -2.6 -0.4 335.0 14.3 3.21 0.58 0.6 0.86 2 2 2 2 2 2 2 2 1.0 0.44 14.0 -0.4 -0.4 -0.4 -0.4 -0.4 -0.4 0.208 0.352 0.113 0.149 0.255 0.828 1 1 1 1 2 2
1980-01-22T07:30:00 1980 1 22 7 30 0 -4.2 -0.3 339.0 11.6 2.67 0.97 0.58 0.75 2 2 2 2 2 2 2 2 1.0 0.37 12.0 -0.3 -0.3 -0.3 -0.3 -0.3 -0.3 0.184 0.31 0.111 0.102 0.211 0.723 1 2 1 1 2 2
1980-01-22T08:30:00 1980 1 22 8 30 0 -5.8 -1.1 343.0 11.2 2.64 2.17 1.25 1.42 2 2 2 2 2 2 2 2 1.0 0.46 11.0 -1.1 -1.1 -1.1 -1.1 -1.1 -1.1 0.216 0.393 0.111 0.118 0.315 0.865 2 2 1 2 2 2
1980-01-22T09:30:00 1980 1 22 9 30 0 0.9 -0.5 334.0 10.7 2.39 0.87 1.31 1.44 2 2 2 2 2 2 2 2 1.3 0.59 10.0 -0.5 -0.5 -0.5 -0.5 -0.5 -0.5 0.224 0.401 0.11 0.113 0.3 0.821 2 2 1 2 2 2
1980-01-22T10:30:00 1980 1 22 10 30 0 6.9 0.2 333.0 11.2 2.48 1.34 0.26 0.29 2 2 2 2 2 2 2 2 1.3 0.72 10.0 0.2 0.2 0.2 0.2 0.2 0.2 0.165 0.24 0.107 0.068 0.128 0.438 2 2 1 2 2 2
1980-01-22T11:30:00 1980 1 22 11 30 0 7.2 0.0 334.0 13.2 2.95 3.07 0.0 0.0 2 2 2 2 2 2 2 2 1.3 0.88 10.0 0.0 0.0 0.0 0.0 0.0 0.0 0.112 0.119 0.104 0.038 0.04 0.182 2 2 1 2 2 2
1980-01-22T12:30:00 1980 1 22 12 30 0 7.3 0.7 322.0 12.7 2.63 2.99 0.0 0.0 2 2 2 2 2 2 2 2 1.0 1.0 9.0 0.7 0.7 0.7 0.7 0.7 0.7 0.076 0.059 0.101 0.021 0.013 0.075 2 2 1 2 2 2
1980-01-22T13:30:00 1980 1 22 13 30 0 6.7 1.4 319.0 12.3 2.5 2.34 0.0 0.0 2 2 2 2 2 2 2 2 1.0 1.11 10.0 1.4 1.4 1.4 1.4 1.4 1.4 0.051 0.029 0.098 0.012 0.004 0.031 2 2 1 2 2 2
1980-01-22T14:30:00 1980 1 22 14 30 0 5.3 0.3 319.0 14.4 2.93 1.78 0.0 0.0 2 2 2 2 2 2 2 2 1.0 1.11 9.0 0.3 0.3 0.3 0.3 0.3 0.3 0.035 0.015 0.095 0.007 0.001 0.013 2 2 1 2 2 2
1980-01-22T15:30:00 1980 1 22 15 30 0 4.5 0.9 317.0 15.1 3.03 1.24 0.0 0.0 2 2 2 2 2 2 2 2 1.7 1.2 9.0 0.9 0.9 0.9 0.9 0.9 0.9 0.023 0.007 0.092 0.004 0.0 0.005 2 2 1 2 2 2
1980-01-22T16:30:00 1980 1 22 16 30 0 3.0 0.0 313.0 17.3 3.39 0.74 0.0 0.0 2 2 2 2 2 2 2 2 1.7 1.29 8.0 0.0 0.0 0.0 0.0 0.0 0.0 0.016 0.004 0.089 0.002 0.0 0.002 2 2 1 2 2 2
1980-01-22T17:30:00 1980 1 22 17 30 0 1.2 0.0 311.0 16.3 3.15 0.29 0.0 0.0 2 2 2 2 2 2 2 2 1.7 1.34 8.0 0.0 0.0 0.0 0.0 0.0 0.0 0.011 0.002 0.086 0.001 0.0 0.001 2 2 1 2 2 2
1980-01-22T18:30:00 1980 1 22 18 30 0 -5.1 -3.3 314.0 11.0 2.17 1.51 2.8 3.53 2 2 2 2 2 2 2 2 3.0 1.57 7.0 -3.3 -3.3 -3.3 -3.3 -3.3 -3.3 0.209 0.465 0.094 0.2 0.436 0.849 2 2 1 2 2 2
1980-01-22T19:30:00 1980 1 22 19 30 0 -0.8 -3.3 315.0 11.1 2.2 2.84 5.19 5.74 2 2 2 2 2 2 2 2 3.0 1.79 4.0 -3.3 -3.3 -3.3 -3.3 -3.3 -3.3 0.426 0.819 0.108 0.427 0.682 1.283 2 2 2 2 2 2
1980-01-22T20:30:00 1980 1 22 20 30 0 -1.4 -3.5 313.0 10.5 2.06 2.24 5.35 5.76 2 2 2 2 2 2 2 2 3.0 2.04 4.0 -3.5 -3.5 -3.5 -3.5 -3.5 -3.5 0.578 1.001 0.123 0.564 0.765 1.433 2 2 2 2 2 2
1980-01-22T21:30:00 1980 1 22 21 30 0 -3.9 0.0 312.0 10.0 1.95 1.33 2.51 2.59 2 2 2 2 2 2 2 2 1.7 2.11 0.0 0.0 0.0 0.0 0.0 0.0 0.0 0.499 0.734 0.124 0.406 0.437 0.962 2 2 2 2 2 2
1980-01-22T22:30:00 1980 1 22 22 30 0 -5.1 -0.9 313.0 9.5 1.86 1.53 0.76 0.74 2 2 2 2 2 2 2 2 1.7 2.19 1.0 -0.9 -0.9 -0.9 -0.9 -0.9 -0.9 0.397 0.539 0.122 0.261 0.3 0.708 2 2 2 2 2 2
1980-01-22T23:30:00 1980 1 22 23 30 0 -5.0 -0.3 314.0 9.7 1.91 1.87 0.9 0.86 2 2 2 2 2 2 2 2 1.7 2.18 3.0 -0.3 -0.3 -0.3 -0.3 -0.3 -0.3 0.321 0.42 0.12 0.173 0.227 0.569 2 2 2 2 2 2
