1980-08-17T00:30:00 1980 8 17 0 30 0 -5.4 6.8 356.0 18.5 4.78 0.15 0.0 0.0 2 2 2 2 2 2 2 2 1.3 3.42 -23.0 6.8 6.8 6.8 6.8 6.8 6.8 0.21 0.027 0.734 0.08 0.001 0.023 2 2 2 2 2 2
1980-08-17T01:30:00 1980 8 17 1 30 0 -2.0 8.4 343.0 13.6 3.38 0.16 0.0 0.0 2 2 2 2 2 2 2 2 1.3 2.81 -23.0 8.4 8.4 8.4 8.4 8.4 8.4 0.142 0.013 0.711 0.045 0.0 0.009 2 2 2 2 2 2
1980-08-17T02:30:00 1980 8 17 2 30 0 -3.2 9.0 333.0 11.4 2.53 0.05 0.0 0.0 2 2 2 2 2 2 2 2 1.3 2.47 -21.0 9.0 9.0 9.0 9.0 9.0 9.0 0.096 0.007 0.69 0.025 0.0 0.004 2 2 2 2 2 2
1980-08-17T03:30:00 1980 8 17 3 30 0 -2.0 8.4 332.0 12.5 3.05 0.04 0.0 0.0 2 2 2 2 2 2 2 2 1.0 2.1 -19.0 8.4 8.4 8.4 8.4 8.4 8.4 0.065 0.003 0.669 0.014 0.0 0.002 2 2 2 2 2 2
1980-08-17T04:30:00 1980 8 17 4 30 0 -6.7 4.4 329.0 12.0 3.31 0.42 0.0 0.0 2 2 2 2 2 2 2 2 1.0 1.73 -17.0 4.4 4.4 4.4 4.4 4.4 4.4 0.044 0.002 0.648 0.008 0.0 0.001 2 2 2 2 2 2
1980-08-17T05:30:00 1980 8 17 5 30 0 -6.4 3.7 328.0 10.9 2.59 1.18 0.0 0.0 2 2 2 2 2 2 2 2 1.0 1.52 -16.0 3.7 3.7 3.7 3.7 3.7 3.7 0.03 0.001 0.628 0.004 0.0 0.0 2 2 2 2 2 2
1980-08-17T06:30:00 1980 8 17 6 30 0 -3.2 2.6 332.0 10.2 2.67 0.63 0.0 0.0 2 2 2 2 2 2 2 2 1.7 1.4 -16.0 2.6 2.6 2.6 2.6 2.6 2.6 0.02 0.0 0.609 0.002 0.0 0.0 2 2 2 2 2 2
1980-08-17T07:30:00 1980 8 17 7 30 0 3.3 5.0 326.0 7.7 2.13 0.05 0.0 0.0 2 2 2 2 2 2 2 2 1.7 1.29 -20.0 5.0 5.0 5.0 5.0 5.0 5.0 0.014 0.0 0.591 0.001 0.0 0.0 2 2 2 2 2 2
1980-08-17T08:30:00 1980 8 17 8 30 0 -6.7 -3.5 343.0 7.1 1.86 1.5 1.48 1.06 2 2 2 2 2 2 2 2 1.7 1.34 -19.0 -3.5 -3.5 -3.5 -3.5 -3.5 -3.5 0.118 0.235 0.579 0.122 0.275 0.334 2 2 2 2 2 2
1980-08-17T09:30:00 1980 8 17 9 30 0 -7.2 -1.1 342.0 5.9 1.54 5.12 3.77 2.47 2 2 2 2 2 2 2 2 2.3 1.47 -23.0 -1.1 -1.1 -1.1 -1.1 -1.1 -1.1 0.233 0.428 0.57 0.207 0.407 0.539 2 2 2 2 2 2
1980-08-17T10:30:00 1980 8 17 10 30 0 -7.3 3.2 352.0 5.0 1.59 2.76 0.16 0.1 2 2 2 2 2 2 2 2 2.3 1.6 -22.0 3.2 3.2 3.2 3.2 3.2 3.2 0.158 0.216 0.553 0.116 0.131 0.23 2 2 2 2 2 2
1980-08-17T11:30:00 1980 8 17 11 30 0 -7.4 -0.2 367.0 7.1 1.91 2.85 0.03 0.02 1 1 2 2 2 1 2 2 2.3 1.77 -20.0 -0.2 -0.2 -0.2 -0.2 -0.2 -0.2 0.114 0.131 0.536 0.068 0.072 0.153 2 2 2 2 2 2
1980-08-17T12:30:00 1980 8 17 12 30 0 -7.5 -3.6 349.0 6.2 1.51 5.71 3.62 2.35 2 2 2 2 2 2 2 2 2.7 1.98 -25.0 -3.6 -3.6 -3.6 -3.6 -3.6 -3.6 0.269 0.447 0.532 0.243 0.462 0.587 2 2 2 2 2 2
1980-08-17T13:30:00 1980 8 17 13 30 0 -7.9 -3.1 336.0 5.6 1.26 7.28 5.69 3.35 2 2 2 2 2 2 2 2 2.7 2.19 -25.0 -3.1 -3.1 -3.1 -3.1 -3.1 -3.1 0.416 0.661 0.532 0.397 0.612 0.726 2 2 2 2 2 2
1980-08-17T14:30:00 1980 8 17 14 30 0 -8.3 -0.8 335.0 5.9 1.32 5.79 3.11 1.78 2 2 2 2 2 2 2 2 2.7 2.31 -23.0 -0.8 -0.8 -0.8 -0.8 -0.8 -0.8 0.403 0.588 0.522 0.324 0.452 0.604 2 2 2 2 2 2
1980-08-17T15:30:00 1980 8 17 15 30 0 -7.7 -2.0 347.0 6.6 1.59 5.29 2.48 1.57 2 2 2 2 2 2 2 2 2.0 2.34 -21.0 -2.0 -2.0 -2.0 -2.0 -2.0 -2.0 0.403 0.578 0.512 0.293 0.454 0.64 2 2 2 2 2 2
1980-08-17T16:30:00 1980 8 17 16 30 0 -5.6 -3.1 351.0 7.3 1.71 5.24 4.53 3.18 2 2 2 2 2 2 2 2 2.0 2.37 -20.0 -3.1 -3.1 -3.1 -3.1 -3.1 -3.1 0.492 0.718 0.511 0.399 0.621 0.88 2 2 2 2 2 2
1980-08-17T17:30:00 1980 8 17 17 30 0 -5.4 -3.5 336.0 5.7 1.46 5.02 5.68 3.65 2 2 2 2 2 2 2 2 2.0 2.33 -26.0 -3.5 -3.5 -3.5 -3.5 -3.5 -3.5 0.58 0.82 0.512 0.503 0.69 0.904 2 2 2 2 2 2
1980-08-17T18:30:00 1980 8 17 18 30 0 -4.1 -5.5 336.0 6.4 1.45 6.13 7.7 4.7 2 2 2 2 2 2 2 2 3.7 2.52 -31.0 -5.5 -5.5 -5.5 -5.5 -5.5 -5.5 0.723 0.996 0.523 0.722 0.846 1.008 2 2 2 2 2 2
1980-08-17T19:30:00 1980 8 17 19 30 0 -2.5 -2.0 340.0 16.5 3.81 3.77 6.09 6.74 2 2 2 2 2 2 2 2 3.7 2.7 -30.0 -2.0 -2.0 -2.0 -2.0 -2.0 -2.0 0.792 1.095 0.528 0.745 0.871 1.723 2 2 2 2 2 2
1980-08-17T20:30:00 1980 8 17 20 30 0 1.8 -2.0 345.0 16.0 3.46 0.99 3.43 5.56 2 2 2 2 2 2 2 2 3.7 2.83 -25.0 -2.0 -2.0 -2.0 -2.0 -2.0 -2.0 0.765 1.052 0.524 0.633 0.793 2.148 2 2 2 2 2 2
1980-08-17T21:30:00 1980 8 17 21 30 0 3.6 -2.8 339.0 11.6 2.67 2.04 4.16 5.61 2 2 2 2 2 2 2 2 3.3 2.9 -20.0 -2.8 -2.8 -2.8 -2.8 -2.8 -2.8 0.773 1.059 0.524 0.619 0.802 2.091 2 2 2 2 2 2
1980-08-17T22:30:00 1980 8 17 22 30 0 1.2 6.4 374.0 6.5 1.8 0.45 0.54 0.59 2 2 2 2 2 2 2 2 3.3 2.98 -25.0 6.4 6.4 6.4 6.4 6.4 6.4 0.536 0.557 0.508 0.353 0.28 0.937 2 2 2 2 2 2
1980-08-17T23:30:00 1980 8 17 23 30 0 1.7 4.8 376.0 6.6 2.02 0.02 0.0 0.0 2 2 2 2 2 2 2 2 3.3 3.14 -20.0 4.8 4.8 4.8 4.8 4.8 4.8 0.363 0.277 0.493 0.197 0.089 0.389 2 2 2 2 2 2
