1980-04-08T00:30:00 1980 4 8 0 30 0 -2.3 -0.7 480.0 4.3 1.98 0.82 2.97 1.15 2 2 2 2 2 2 2 2 3.3 4.01 -16.0 -0.7 -0.7 -0.7 -0.7 -0.7 -0.7 0.375 0.427 0.242 0.287 0.508 0.59 2 2 2 2 2 2
1980-04-08T01:30:00 1980 4 8 1 30 0 -0.6 -0.9 440.0 4.0 1.55 0.49 1.85 0.76 2 2 2 2 2 2 2 2 3.3 4.07 -15.0 -0.9 -0.9 -0.9 -0.9 -0.9 -0.9 0.332 0.37 0.239 0.216 0.412 0.542 2 2 2 2 2 2
1980-04-08T02:30:00 1980 4 8 2 30 0 3.4 7.8 457.0 4.8 2.0 0.05 0.03 0.01 2 2 2 2 2 2 2 2 3.3 3.9 -11.0 7.8 7.8 7.8 7.8 7.8 7.8 0.224 0.184 0.231 0.121 0.13 0.225 2 2 2 2 2 2
1980-04-08T03:30:00 1980 4 8 3 30 0 1.3 8.7 471.0 4.9 2.17 0.05 0.0 0.0 2 2 2 2 2 2 2 2 3.7 3.78 -19.0 8.7 8.7 8.7 8.7 8.7 8.7 0.152 0.091 0.224 0.068 0.041 0.093 2 2 2 2 2 2
1980-04-08T04:30:00 1980 4 8 4 30 0 2.1 8.4 487.0 6.2 2.94 0.02 0.0 0.0 2 2 2 2 2 2 2 2 3.7 3.66 -14.0 8.4 8.4 8.4 8.4 8.4 8.4 0.103 0.045 0.217 0.038 0.013 0.039 2 2 2 2 2 2
1980-04-08T05:30:00 1980 4 8 5 30 0 -1.4 7.0 495.0 6.3 3.09 0.01 0.0 0.0 2 2 2 2 2 2 2 2 3.7 3.62 -5.0 7.0 7.0 7.0 7.0 7.0 7.0 0.07 0.023 0.211 0.021 0.004 0.016 2 2 2 2 2 2
1980-04-08T06:30:00 1980 4 8 6 30 0 -1.5 6.9 493.0 4.7 2.28 0.01 0.0 0.0 2 2 2 2 2 2 2 2 2.7 3.46 -1.0 6.9 6.9 6.9 6.9 6.9 6.9 0.047 0.011 0.204 0.012 0.001 0.007 2 2 2 2 2 2
1980-04-08T07:30:00 1980 4 8 7 30 0 -2.8 5.1 458.0 3.9 1.64 0.06 0.0 0.0 2 2 2 2 2 2 2 2 2.7 3.29 -5.0 5.1 5.1 5.1 5.1 5.1 5.1 0.032 0.006 0.198 0.007 0.0 0.003 2 2 2 2 2 2
1980-04-08T08:30:00 1980 4 8 8 30 0 -5.0 1.3 515.0 4.3 2.28 0.74 0.0 0.0 2 2 2 2 2 2 2 2 2.7 3.22 2.0 1.3 1.3 1.3 1.3 1.3 1.3 0.022 0.003 0.192 0.004 0.0 0.001 2 2 2 2 2 2
1980-04-08T09:30:00 1980 4 8 9 30 0 -4.3 0.1 570.0 3.8 2.47 1.88 0.0 0.0 2 2 2 2 2 2 2 2 4.0 3.31 3.0 0.1 0.1 0.1 0.1 0.1 0.1 0.015 0.001 0.186 0.002 0.0 0.0 2 2 2 2 2 2
1980-04-08T10:30:00 1980 4 8 10 30 0 -3.1 -1.4 575.0 3.35 2.21 2.11 2.04 0.71 2 2 1 1 1 2 2 1 4.0 3.4 3.0 -1.4 -1.4 -1.4 -1.4 -1.4 -1.4 0.101 0.159 0.188 0.081 0.37 0.437 1 1 2 1 1 1
1980-04-08T11:30:00 1980 4 8 11 30 0 -2.3 -3.9 580.0 2.9 1.95 4.0 7.96 2.45 2 2 2 2 2 2 2 2 4.0 3.44 -5.0 -3.9 -3.9 -3.9 -3.9 -3.9 -3.9 0.327 0.423 0.22 0.405 0.938 0.909 2 2 2 2 2 2
1980-04-08T12:30:00 1980 4 8 12 30 0 -2.2 0.1 518.0 4.6 2.47 2.24 4.86 1.7 2 2 2 2 2 2 2 2 4.0 3.49 -6.0 0.1 0.1 0.1 0.1 0.1 0.1 0.344 0.383 0.229 0.358 0.631 0.777 2 2 2 2 2 2
1980-04-08T13:30:00 1980 4 8 13 30 0 -1.3 3.6 469.0 4.4 1.94 0.13 0.0 0.0 2 2 2 2 2 2 2 2 4.0 3.53 -9.0 3.6 3.6 3.6 3.6 3.6 3.6 0.233 0.19 0.222 0.201 0.2 0.322 2 2 2 2 2 2
1980-04-08T14:30:00 1980 4 8 14 30 0 -3.6 1.6 438.0 4.3 1.65 0.24 0.0 0.0 2 2 2 2 2 2 2 2 4.0 3.69 -4.0 1.6 1.6 1.6 1.6 1.6 1.6 0.158 0.094 0.215 0.112 0.063 0.134 2 2 2 2 2 2
1980-04-08T15:30:00 1980 4 8 15 30 0 -4.8 1.7 388.0 2.8 0.84 0.86 0.0 0.0 2 2 2 2 2 2 2 2 2.7 3.67 -6.0 1.7 1.7 1.7 1.7 1.7 1.7 0.107 0.047 0.208 0.063 0.02 0.055 2 2 2 2 2 2
1980-04-08T16:30:00 1980 4 8 16 30 0 -6.0 0.7 459.0 2.9 1.22 1.85 0.0 0.0 2 2 2 2 2 2 2 2 2.7 3.66 -4.0 0.7 0.7 0.7 0.7 0.7 0.7 0.072 0.023 0.202 0.035 0.006 0.023 2 2 2 2 2 2
1980-04-08T17:30:00 1980 4 8 17 30 0 -4.7 3.1 442.0 2.6 1.02 1.52 0.0 0.0 2 2 2 2 2 2 2 2 2.7 3.5 -8.0 3.1 3.1 3.1 3.1 3.1 3.1 0.049 0.012 0.196 0.02 0.002 0.01 2 2 2 2 2 2
1980-04-08T18:30:00 1980 4 8 18 30 0 -5.5 2.0 487.0 1.8 0.85 1.26 0.0 0.0 2 2 2 2 2 2 2 2 1.7 3.2 -8.0 2.0 2.0 2.0 2.0 2.0 2.0 0.033 0.006 0.19 0.011 0.001 0.004 2 2 2 2 2 2
1980-04-08T19:30:00 1980 4 8 19 30 0 -4.3 2.8 465.0 2.2 0.95 1.14 0.0 0.0 2 2 2 2 2 2 2 2 1.7 2.91 -8.0 2.8 2.8 2.8 2.8 2.8 2.8 0.022 0.003 0.184 0.006 0.0 0.002 2 2 2 2 2 2
1980-04-08T20:30:00 1980 4 8 20 30 0 -5.1 1.4 481.0 2.3 1.06 1.18 0.0 0.0 2 2 2 2 2 2 2 2 1.7 2.62 -10.0 1.4 1.4 1.4 1.4 1.4 1.4 0.015 0.001 0.179 0.003 0.0 0.001 2 2 2 2 2 2
1980-04-08T21:30:00 1980 4 8 21 30 0 -3.8 3.0 485.0 2.2 1.03 0.97 0.0 0.0 2 2 2 2 2 2 2 2 2.7 2.47 -11.0 3.0 3.0 3.0 3.0 3.0 3.0 0.01 0.001 0.173 0.002 0.0 0.0 2 2 2 2 2 2
1980-04-08T22:30:00 1980 4 8 22 30 0 -2.0 2.7 486.0 2.1 0.99 0.26 0.0 0.0 2 2 2 2 2 2 2 2 2.7 2.32 -10.0 2.7 2.7 2.7 2.7 2.7 2.7 0.007 0.0 0.168 0.001 0.0 0.0 2 2 2 2 2 2
1980-04-08T23:30:00 1980 4 8 23 30 0 -2.4 -0.1 488.0 2.3 1.1 0.29 0.02 0.0 2 2 2 2 2 2 2 2 2.7 2.33 -6.0 -0.1 -0.1 -0.1 -0.1 -0.1 -0.1 0.008 0.01 0.163 0.002 0.019 0.019 2 2 2 2 2 2
