1980-07-09T00:30:00 1980 7 9 0 30 0 -2.3 1.1 414.0 7.1 2.5 0.12 0.0 0.0 2 2 2 2 2 2 2 2 2.7 3.22 -7.0 1.1 1.1 1.1 1.1 1.1 1.1 0.213 0.096 0.23 0.104 0.027 0.07 2 2 2 2 2 2
1980-07-09T01:30:00 1980 7 9 1 30 0 -0.1 0.2 428.0 7.5 2.77 0.07 0.0 0.0 2 2 2 2 2 2 2 2 2.7 3.18 -3.0 0.2 0.2 0.2 0.2 0.2 0.2 0.144 0.048 0.223 0.058 0.009 0.029 2 2 2 2 2 2
1980-07-09T02:30:00 1980 7 9 2 30 0 -3.3 -1.1 441.0 6.7 2.57 0.61 1.12 0.77 2 2 2 2 2 2 2 2 2.7 3.05 0.0 -1.1 -1.1 -1.1 -1.1 -1.1 -1.1 0.171 0.191 0.22 0.086 0.261 0.48 2 2 2 2 2 2
1980-07-09T03:30:00 1980 7 9 3 30 0 -10.1 -0.4 448.0 6.8 2.73 4.97 1.6 1.08 2 2 2 2 2 2 2 2 2.7 2.93 1.0 -0.4 -0.4 -0.4 -0.4 -0.4 -0.4 0.19 0.257 0.217 0.095 0.32 0.66 2 2 2 2 2 2
1980-07-09T04:30:00 1980 7 9 4 30 0 -7.4 2.1 415.0 8.2 2.82 5.12 0.04 0.02 2 2 2 2 2 2 2 2 2.7 2.81 0.0 2.1 2.1 2.1 2.1 2.1 2.1 0.129 0.127 0.21 0.053 0.101 0.274 2 2 2 2 2 2
1980-07-09T05:30:00 1980 7 9 5 30 0 -7.6 2.8 419.0 6.6 2.32 2.74 0.0 0.0 2 2 2 2 2 2 2 2 2.7 2.77 2.0 2.8 2.8 2.8 2.8 2.8 2.8 0.087 0.063 0.204 0.03 0.032 0.114 2 2 2 2 2 2
1980-07-09T06:30:00 1980 7 9 6 30 0 -6.7 2.4 455.0 6.6 2.58 2.49 0.0 0.0 2 2 2 2 2 2 2 2 2.3 2.68 5.0 2.4 2.4 2.4 2.4 2.4 2.4 0.059 0.031 0.198 0.017 0.01 0.047 2 2 2 2 2 2
1980-07-09T07:30:00 1980 7 9 7 30 0 -6.3 1.9 432.0 6.8 2.5 2.22 0.0 0.0 2 2 2 2 2 2 2 2 2.3 2.6 7.0 1.9 1.9 1.9 1.9 1.9 1.9 0.04 0.016 0.192 0.009 0.003 0.02 2 2 2 2 2 2
1980-07-09T08:30:00 1980 7 9 8 30 0 -2.6 -2.0 415.0 5.9 2.11 1.78 1.25 0.75 2 2 2 2 2 2 2 2 2.3 2.54 3.0 -2.0 -2.0 -2.0 -2.0 -2.0 -2.0 0.107 0.177 0.191 0.081 0.261 0.364 2 2 2 2 2 2
1980-07-09T09:30:00 1980 7 9 9 30 0 -5.0 -1.9 412.0 5.6 1.87 2.75 4.02 2.31 2 2 2 2 2 2 2 2 2.3 2.49 -2.0 -1.9 -1.9 -1.9 -1.9 -1.9 -1.9 0.244 0.406 0.197 0.213 0.524 0.721 2 2 2 2 2 2
1980-07-09T10:30:00 1980 7 9 10 30 0 -5.3 -0.6 409.0 5.8 1.96 3.07 2.46 1.4 2 2 2 2 2 2 2 2 2.3 2.44 -1.0 -0.6 -0.6 -0.6 -0.6 -0.6 -0.6 0.265 0.405 0.197 0.195 0.435 0.691 2 2 2 2 2 2
1980-07-09T11:30:00 1980 7 9 11 30 0 -6.3 0.3 411.0 5.6 1.83 2.78 0.36 0.21 2 2 2 2 2 2 2 2 2.3 2.4 4.0 0.3 0.3 0.3 0.3 0.3 0.3 0.192 0.234 0.191 0.115 0.175 0.36 2 2 2 2 2 2
1980-07-09T12:30:00 1980 7 9 12 30 0 -6.2 1.6 425.0 6.1 2.13 2.48 0.0 0.0 2 2 2 2 2 2 2 2 1.7 2.27 6.0 1.6 1.6 1.6 1.6 1.6 1.6 0.13 0.116 0.186 0.064 0.055 0.149 2 2 2 2 2 2
1980-07-09T13:30:00 1980 7 9 13 30 0 -5.9 -0.2 435.0 5.7 2.05 2.61 0.05 0.03 2 2 2 2 2 2 2 2 1.7 2.14 2.0 -0.2 -0.2 -0.2 -0.2 -0.2 -0.2 0.095 0.08 0.18 0.039 0.054 0.128 2 2 2 2 2 2
1980-07-09T14:30:00 1980 7 9 14 30 0 -4.8 0.0 432.0 5.0 1.75 2.45 0.2 0.11 2 2 2 2 2 2 2 2 1.7 2.07 -3.0 0.0 0.0 0.0 0.0 0.0 0.0 0.074 0.067 0.175 0.024 0.052 0.13 2 2 2 2 2 2
1980-07-09T15:30:00 1980 7 9 15 30 0 -4.6 0.4 429.0 5.1 1.77 1.75 0.0 0.0 2 2 2 2 2 2 2 2 1.3 1.94 -6.0 0.4 0.4 0.4 0.4 0.4 0.4 0.05 0.033 0.169 0.014 0.017 0.054 2 2 2 2 2 2
1980-07-09T16:30:00 1980 7 9 16 30 0 -3.4 1.2 414.0 4.7 1.56 1.0 0.0 0.0 2 2 2 2 2 2 2 2 1.3 1.81 -9.0 1.2 1.2 1.2 1.2 1.2 1.2 0.034 0.017 0.164 0.008 0.005 0.022 2 2 2 2 2 2
1980-07-09T17:30:00 1980 7 9 17 30 0 -5.2 0.2 380.0 3.9 1.1 1.24 0.0 0.0 2 2 2 2 2 2 2 2 1.3 1.69 -12.0 0.2 0.2 0.2 0.2 0.2 0.2 0.023 0.008 0.159 0.004 0.002 0.009 2 2 2 2 2 2
1980-07-09T18:30:00 1980 7 9 18 30 0 -1.7 -1.1 391.0 3.9 1.19 1.13 0.99 0.39 2 2 2 2 2 2 2 2 2.0 1.66 -17.0 -1.1 -1.1 -1.1 -1.1 -1.1 -1.1 0.069 0.13 0.157 0.038 0.17 0.173 2 2 2 2 2 2
1980-07-09T19:30:00 1980 7 9 19 30 0 -2.3 -1.6 394.0 3.9 1.18 0.96 2.69 1.05 2 2 2 2 2 2 2 2 2.0 1.63 -15.0 -1.6 -1.6 -1.6 -1.6 -1.6 -1.6 0.156 0.282 0.158 0.113 0.342 0.338 2 2 2 2 2 2
1980-07-09T20:30:00 1980 7 9 20 30 0 -2.5 -2.1 405.0 3.2 1.02 1.57 3.74 1.31 2 2 2 2 2 2 2 2 2.0 1.67 -15.0 -2.1 -2.1 -2.1 -2.1 -2.1 -2.1 0.242 0.39 0.163 0.194 0.453 0.416 2 2 2 2 2 2
1980-07-09T21:30:00 1980 7 9 21 30 0 -1.3 -1.5 425.0 3.4 1.12 1.27 3.69 1.22 2 2 2 2 2 2 2 2 0.7 1.54 -12.0 -1.5 -1.5 -1.5 -1.5 -1.5 -1.5 0.29 0.421 0.167 0.224 0.472 0.448 2 2 2 2 2 2
1980-07-09T22:30:00 1980 7 9 22 30 0 -0.6 1.0 420.0 3.1 1.08 0.19 0.82 0.27 2 2 2 2 2 2 2 2 0.7 1.41 -7.0 1.0 1.0 1.0 1.0 1.0 1.0 0.217 0.251 0.163 0.138 0.201 0.242 2 2 2 2 2 2
1980-07-09T23:30:00 1980 7 9 23 30 0 -1.2 -0.9 408.0 3.2 1.05 0.13 0.52 0.16 2 2 2 2 2 2 2 2 0.7 1.33 -4.0 -0.9 -0.9 -0.9 -0.9 -0.9 -0.9 0.176 0.195 0.159 0.097 0.171 0.192 2 2 2 2 2 2
