1980-08-14T00:30:00 1980 8 14 0 30 0 3.0 -0.9 326.0 6.4 1.6 1.43 2.06 1.33 2 2 2 2 2 2 2 2 1.0 1.61 5.0 -0.9 -0.9 -0.9 -0.9 -0.9 -0.9 0.28 0.454 0.099 0.166 0.331 0.495 2 2 2 2 2 2
1980-08-14T01:30:00 1980 8 14 1 30 0 3.3 1.2 324.0 5.8 1.43 0.62 0.25 0.16 2 2 2 2 2 2 2 2 1.0 1.49 4.0 1.2 1.2 1.2 1.2 1.2 1.2 0.197 0.245 0.097 0.096 0.12 0.232 2 2 2 2 2 2
1980-08-14T02:30:00 1980 8 14 2 30 0 3.7 2.4 322.0 5.8 1.19 0.4 0.0 0.0 2 2 2 2 2 2 2 2 1.0 1.44 8.0 2.4 2.4 2.4 2.4 2.4 2.4 0.133 0.122 0.094 0.054 0.038 0.096 2 2 2 2 2 2
1980-08-14T03:30:00 1980 8 14 3 30 0 4.3 1.7 320.0 5.5 1.13 0.53 0.0 0.0 2 2 2 2 2 2 2 2 0.3 1.31 9.0 1.7 1.7 1.7 1.7 1.7 1.7 0.09 0.06 0.091 0.03 0.012 0.04 2 2 2 2 2 2
1980-08-14T04:30:00 1980 8 14 4 30 0 4.7 1.0 315.0 5.5 1.09 0.85 0.0 0.0 2 2 2 2 2 2 2 2 0.3 1.18 9.0 1.0 1.0 1.0 1.0 1.0 1.0 0.061 0.03 0.088 0.017 0.004 0.017 2 2 2 2 2 2
1980-08-14T05:30:00 1980 8 14 5 30 0 4.8 -1.3 317.0 5.8 1.17 1.57 0.67 0.39 2 2 2 2 2 2 2 2 0.3 0.97 9.0 -1.3 -1.3 -1.3 -1.3 -1.3 -1.3 0.089 0.144 0.087 0.042 0.133 0.157 2 2 2 2 2 2
1980-08-14T06:30:00 1980 8 14 6 30 0 4.6 -1.2 323.0 6.3 1.48 2.09 1.99 1.21 2 2 2 2 2 2 2 2 2.0 0.98 8.0 -1.2 -1.2 -1.2 -1.2 -1.2 -1.2 0.158 0.304 0.088 0.094 0.266 0.336 2 2 2 2 2 2
1980-08-14T07:30:00 1980 8 14 7 30 0 4.0 -3.3 326.0 6.8 1.51 2.78 3.8 2.51 2 2 2 2 2 2 2 2 2.0 1.0 6.0 -3.3 -3.3 -3.3 -3.3 -3.3 -3.3 0.299 0.55 0.096 0.25 0.488 0.603 2 2 2 2 2 2
1980-08-14T08:30:00 1980 8 14 8 30 0 4.2 -1.4 307.0 6.2 1.36 2.53 3.6 2.35 2 2 2 2 2 2 2 2 2.0 1.13 0.0 -1.4 -1.4 -1.4 -1.4 -1.4 -1.4 0.354 0.599 0.101 0.276 0.452 0.596 2 2 2 2 2 2
1980-08-14T09:30:00 1980 8 14 9 30 0 4.4 -1.4 309.0 5.9 1.27 1.88 2.16 1.3 2 2 2 2 2 2 2 2 2.0 1.26 4.0 -1.4 -1.4 -1.4 -1.4 -1.4 -1.4 0.344 0.546 0.102 0.233 0.37 0.502 2 2 2 2 2 2
1980-08-14T10:30:00 1980 8 14 10 30 0 2.1 -2.2 322.0 9.1 2.12 1.59 2.9 2.25 2 2 2 2 2 2 2 2 2.0 1.38 8.0 -2.2 -2.2 -2.2 -2.2 -2.2 -2.2 0.391 0.629 0.107 0.272 0.461 0.7 2 2 2 2 2 2
1980-08-14T11:30:00 1980 8 14 11 30 0 -0.8 -3.0 326.0 10.3 2.25 1.43 4.27 4.18 2 2 2 2 2 2 2 2 2.0 1.59 8.0 -3.0 -3.0 -3.0 -3.0 -3.0 -3.0 0.501 0.809 0.117 0.398 0.632 1.085 2 2 2 2 2 2
1980-08-14T12:30:00 1980 8 14 12 30 0 -3.6 0.9 321.0 11.1 2.26 0.8 1.67 1.76 2 2 2 2 2 2 2 2 2.0 1.8 5.0 0.9 0.9 0.9 0.9 0.9 0.9 0.407 0.553 0.117 0.274 0.325 0.724 2 2 2 2 2 2
1980-08-14T13:30:00 1980 8 14 13 30 0 -3.0 -1.9 317.0 10.5 2.23 0.99 1.15 1.22 2 2 2 2 2 2 2 2 2.0 2.0 8.0 -1.9 -1.9 -1.9 -1.9 -1.9 -1.9 0.369 0.517 0.117 0.229 0.343 0.741 2 2 2 2 2 2
1980-08-14T14:30:00 1980 8 14 14 30 0 0.2 -2.2 314.0 9.7 2.08 1.05 3.25 3.27 2 2 2 2 2 2 2 2 2.0 2.0 10.0 -2.2 -2.2 -2.2 -2.2 -2.2 -2.2 0.434 0.671 0.123 0.297 0.491 0.947 2 2 2 2 2 2
1980-08-14T15:30:00 1980 8 14 15 30 0 3.0 -0.9 312.0 8.4 1.79 0.78 2.34 2.13 2 2 2 2 2 2 2 2 2.3 2.04 11.0 -0.9 -0.9 -0.9 -0.9 -0.9 -0.9 0.413 0.617 0.124 0.256 0.408 0.808 2 2 2 2 2 2
1980-08-14T16:30:00 1980 8 14 16 30 0 -1.2 -3.3 317.0 7.6 1.64 1.18 3.47 2.74 2 2 2 2 2 2 2 2 2.3 2.08 11.0 -3.3 -3.3 -3.3 -3.3 -3.3 -3.3 0.472 0.723 0.13 0.337 0.529 0.854 2 2 2 2 2 2
1980-08-14T17:30:00 1980 8 14 17 30 0 0.1 -1.2 314.0 6.9 1.56 0.98 3.41 2.48 2 2 2 2 2 2 2 2 2.3 2.12 9.0 -1.2 -1.2 -1.2 -1.2 -1.2 -1.2 0.469 0.685 0.134 0.32 0.465 0.739 2 2 2 2 2 2
1980-08-14T18:30:00 1980 8 14 18 30 0 4.1 -0.3 326.0 5.2 1.26 0.63 1.14 0.7 2 2 2 2 2 2 2 2 1.7 2.08 5.0 -0.3 -0.3 -0.3 -0.3 -0.3 -0.3 0.369 0.476 0.131 0.207 0.272 0.473 2 2 2 2 2 2
1980-08-14T19:30:00 1980 8 14 19 30 0 4.0 0.1 320.0 5.2 1.06 1.1 0.16 0.08 2 2 2 2 2 2 2 2 1.7 2.04 9.0 0.1 0.1 0.1 0.1 0.1 0.1 0.257 0.257 0.128 0.118 0.103 0.224 2 2 2 2 2 2
1980-08-14T20:30:00 1980 8 14 20 30 0 3.7 1.5 310.0 6.4 1.23 0.69 0.0 0.0 2 2 2 2 2 2 2 2 1.7 2.0 15.0 1.5 1.5 1.5 1.5 1.5 1.5 0.174 0.128 0.124 0.066 0.033 0.093 2 2 2 2 2 2
1980-08-14T21:30:00 1980 8 14 21 30 0 2.6 1.1 313.0 6.9 1.35 0.35 0.0 0.0 2 2 2 2 2 2 2 2 1.0 1.86 17.0 1.1 1.1 1.1 1.1 1.1 1.1 0.118 0.063 0.12 0.037 0.01 0.038 2 2 2 2 2 2
1980-08-14T22:30:00 1980 8 14 22 30 0 -1.0 -2.2 302.0 6.4 1.17 0.32 1.25 0.82 2 2 2 2 2 2 2 2 1.0 1.73 14.0 -2.2 -2.2 -2.2 -2.2 -2.2 -2.2 0.163 0.241 0.119 0.09 0.204 0.242 2 2 2 2 2 2
1980-08-14T23:30:00 1980 8 14 23 30 0 -2.4 -1.5 325.0 5.7 1.2 0.96 2.86 1.72 2 2 2 2 2 2 2 2 1.0 1.57 7.0 -1.5 -1.5 -1.5 -1.5 -1.5 -1.5 0.239 0.406 0.122 0.157 0.335 0.4 2 2 2 2 2 2
