1985-04-08T00:30:00 1985 4 8 0 30 0 0.6 0.6 444.1 9.38 3.3 0.01 0.0 0.0 0 0 1 0 0 0 1 0 0.3 1.1 -5.0 -0.63 -0.42 -1.07 -1.05 -0.44 -0.27 0.258 0.289 0.293 0.234 0.323 0.787 0 0 0 0 0 0
1985-04-08T01:30:00 1985 4 8 1 30 0 0.6 0.6 442.2 9.38 3.3 0.01 0.0 0.0 0 0 1 0 0 0 1 0 0.3 0.81 -4.0 -0.63 -0.42 -1.07 -1.05 -0.44 -0.27 0.258 0.289 0.292 0.234 0.321 0.779 0 0 0 0 0 0
1985-04-08T02:30:00 1985 4 8 2 30 0 0.6 0.6 440.4 9.38 3.3 0.01 0.0 0.0 0 0 1 0 0 0 1 0 0.3 0.64 -3.0 -0.63 -0.42 -1.08 -1.05 -0.44 -0.27 0.257 0.289 0.291 0.233 0.319 0.771 0 0 0 0 0 0
1985-04-08T03:30:00 1985 4 8 3 30 0 0.6 0.6 438.6 9.38 3.3 0.01 0.0 0.0 0 0 1 0 0 0 1 0 0.7 0.52 -4.0 -0.63 -0.42 -1.08 -1.05 -0.44 -0.27 0.256 0.289 0.29 0.232 0.317 0.764 0 0 0 0 0 0
1985-04-08T04:30:00 1985 4 8 4 30 0 0.6 0.6 436.7 9.38 3.3 0.01 0.0 0.0 0 0 1 0 0 0 1 0 0.7 0.4 -3.0 -0.63 -0.42 -1.08 -1.05 -0.44 -0.27 0.256 0.289 0.289 0.231 0.315 0.756 0 0 0 0 0 0
1985-04-08T05:30:00 1985 4 8 5 30 0 0.6 0.6 434.9 9.38 3.3 0.01 0.0 0.0 0 0 1 0 0 0 1 0 0.7 0.46 -3.0 -0.63 -0.42 -1.08 -1.05 -0.44 -0.27 0.255 0.288 0.288 0.23 0.312 0.748 0 0 0 0 0 0
1985-04-08T06:30:00 1985 4 8 6 30 0 0.6 0.6 433.1 9.38 3.3 0.01 0.0 0.0 0 0 1 0 0 0 1 0 1.7 0.64 -1.0 -0.63 -0.42 -1.08 -1.05 -0.44 -0.27 0.254 0.288 0.287 0.229 0.31 0.741 0 0 0 0 0 0
1985-04-08T07:30:00 1985 4 8 7 30 0 0.6 0.59 431.3 9.37 3.3 0.01 0.0 0.0 0 0 1 0 0 0 1 0 1.7 0.82 0.0 -0.63 -0.42 -1.08 -1.05 -0.44 -0.27 0.253 0.288 0.286 0.228 0.308 0.733 0 0 0 0 0 0
1985-04-08T08:30:00 1985 4 8 8 30 0 0.6 0.59 429.5 9.37 3.3 0.01 0.0 0.0 0 0 1 0 0 0 1 0 1.7 0.99 -2.0 -0.63 -0.42 -1.08 -1.05 -0.44 -0.28 0.252 0.288 0.285 0.227 0.306 0.731 0 0 0 0 0 0
1985-04-08T09:30:00 1985 4 8 9 30 0 0.6 0.59 427.6 9.37 3.3 0.01 0.0 0.0 0 0 1 0 0 0 1 0 2.0 1.21 -2.0 -0.63 -0.42 -1.08 -1.05 -0.44 -0.28 0.252 0.287 0.284 0.225 0.304 0.728 0 0 0 0 0 0
1985-04-08T10:30:00 1985 4 8 10 30 0 0.6 0.59 425.8 9.37 3.3 0.01 0.0 0.0 0 0 1 0 0 0 1 0 2.0 1.42 -4.0 -0.63 -0.42 -1.08 -1.05 -0.44 -0.28 0.251 0.287 0.283 0.224 0.302 0.723 0 0 0 0 0 0
1985-04-08T11:30:00 1985 4 8 11 30 0 0.6 0.59 424.0 9.37 3.31 0.01 0.0 0.0 0 0 1 0 0 0 1 0 2.0 1.58 -1.0 -0.64 -0.42 -1.08 -1.06 -0.45 -0.28 0.251 0.287 0.282 0.224 0.302 0.716 0 0 0 0 0 0
1985-04-08T12:30:00 1985 4 8 12 30 0 0.6 0.59 422.2 9.37 3.31 0.01 0.0 0.0 0 0 1 0 0 0 1 0 1.7 1.7 0.0 -0.64 -0.42 -1.08 -1.06 -0.45 -0.28 0.251 0.287 0.28 0.223 0.302 0.709 0 0 0 0 0 0
1985-04-08T13:30:00 1985 4 8 13 30 0 0.6 0.59 420.4 9.37 3.31 0.01 0.0 0.0 0 0 1 0 0 0 1 0 1.7 1.81 2.0 -0.64 -0.43 -1.09 -1.06 -0.45 -0.28 0.25 0.288 0.279 0.223 0.3 0.702 0 0 0 0 0 0
1985-04-08T14:30:00 1985 4 8 14 30 0 0.6 0.58 418.5 9.37 3.31 0.01 0.0 0.0 0 0 1 0 0 0 1 0 1.7 1.81 4.0 -0.64 -0.43 -1.09 -1.06 -0.45 -0.28 0.25 0.289 0.278 0.222 0.298 0.695 0 0 0 0 0 0
1985-04-08T15:30:00 1985 4 8 15 30 0 0.6 0.58 416.7 9.37 3.31 0.01 0.0 0.0 0 0 1 0 0 0 1 0 3.0 1.98 -1.0 -0.64 -0.43 -1.09 -1.06 -0.45 -0.28 0.249 0.29 0.277 0.221 0.296 0.688 0 0 0 0 0 0
1985-04-08T16:30:00 1985 4 8 16 30 0 0.6 0.58 414.9 9.36 3.31 0.01 0.0 0.0 0 0 1 0 0 0 1 0 3.0 2.15 -1.0 -0.64 -0.43 -1.09 -1.06 -0.45 -0.28 0.249 0.29 0.275 0.22 0.294 0.68 0 0 0 0 0 0
1985-04-08T17:30:00 1985 4 8 17 30 0 0.59 0.58 414.0 9.36 3.31 0.01 0.0 0.0 0 0 1 0 0 0 1 0 3.0 2.28 4.0 -0.64 -0.43 -1.09 -1.06 -0.45 -0.28 0.248 0.29 0.274 0.219 0.293 0.674 0 0 0 0 0 0
1985-04-08T18:30:00 1985 4 8 18 30 0 0.59 0.58 414.0 9.36 3.31 0.01 0.0 0.0 0 0 1 0 0 0 1 0 4.0 2.53 -1.0 -0.64 -0.43 -1.09 -1.06 -0.45 -0.28 0.247 0.29 0.273 0.218 0.292 0.671 0 0 0 0 0 0
1985-04-08T19:30:00 1985 4 8 19 30 0 0.59 0.58 414.0 9.36 3.31 0.01 0.0 0.0 0 0 1 0 0 0 1 0 4.0 2.79 -5.0 -0.64 -0.43 -1.09 -1.06 -0.45 -0.28 0.247 0.29 0.271 0.218 0.292 0.67 0 0 0 0 0 0
1985-04-08T20:30:00 1985 4 8 20 30 0 0.59 0.58 414.0 9.36 3.31 0.01 0.0 0.0 0 0 1 0 0 0 1 0 4.0 3.08 -10.0 -0.64 -0.43 -1.09 -1.06 -0.45 -0.28 0.247 0.29 0.27 0.217 0.292 0.669 0 0 0 0 0 0
1985-04-08T21:30:00 1985 4 8 21 30 0 0.59 0.58 414.0 9.36 3.31 0.01 0.0 0.0 0 0 1 0 0 0 1 0 5.3 3.53 -25.0 -0.64 -0.43 -1.09 -1.06 -0.45 -0.28 0.247 0.29 0.269 0.217 0.292 0.669 0 0 0 0 0 0
1985-04-08T22:30:00 1985 4 8 22 30 0 0.59 0.57 414.0 9.36 3.31 0.01 0.0 0.0 0 0 1 0 0 0 1 0 5.3 3.98 -38.0 -0.64 -0.43 -1.09 -1.07 -0.45 -0.28 0.247 0.29 0.268 0.218 0.292 0.669 0 0 0 0 0 0
1985-04-08T23:30:00 1985 4 8 23 30 0 0.59 0.57 414.0 9.36 3.31 0.01 0.0 0.0 0 0 1 0 0 0 1 0 5.3 4.26 -33.0 -0.64 -0.43 -1.09 -1.07 -0.45 -0.28 0.247 0.29 0.267 0.219 0.292 0.669 0 0 0 0 0 0
