1985-12-05T00:30:00 1985 12 5 0 30 0 2.06 0.4 550.2 3.2 1.95 0.18 0.0 0.0 1 1 1 1 1 1 1 1 3.0 3.25 -46.0 -0.41 -0.29 -0.66 -0.64 -0.31 -0.21 0.16 0.157 0.149 0.122 0.236 0.35 0 0 0 0 1 0
1985-12-05T01:30:00 1985 12 5 1 30 0 2.8 -0.15 552.0 3.2 1.95 0.67 0.07 0.02 1 1 2 2 2 1 2 2 3.0 3.25 -40.0 -0.32 -0.3 -0.37 -0.37 -0.3 -0.28 0.148 0.151 0.147 0.098 0.229 0.332 0 1 0 1 1 1
1985-12-05T02:30:00 1985 12 5 2 30 0 2.8 -0.3 511.0 3.3 1.81 0.97 0.61 0.2 2 2 2 2 2 2 2 2 3.0 3.13 -39.0 -0.3 -0.3 -0.3 -0.3 -0.3 -0.3 0.134 0.149 0.144 0.073 0.215 0.319 1 1 0 1 2 1
1985-12-05T03:30:00 1985 12 5 3 30 0 3.4 -0.8 502.0 3.8 1.95 1.35 1.44 0.52 2 2 2 2 2 2 2 2 2.3 2.92 -39.0 -0.8 -0.8 -0.8 -0.8 -0.8 -0.8 0.154 0.201 0.144 0.084 0.308 0.423 1 2 0 1 2 2
1985-12-05T04:30:00 1985 12 5 4 30 0 2.4 -1.3 502.0 3.6 1.79 1.51 2.69 0.99 2 2 2 2 2 2 2 2 2.3 2.71 -40.0 -1.3 -1.3 -1.3 -1.3 -1.3 -1.3 0.209 0.288 0.147 0.137 0.451 0.565 2 2 0 2 2 2
1985-12-05T05:30:00 1985 12 5 5 30 0 2.9 0.6 493.0 2.8 1.34 0.9 0.98 0.33 2 2 2 2 2 2 2 2 2.3 2.66 -41.0 0.6 0.6 0.6 0.6 0.6 0.6 0.167 0.189 0.144 0.092 0.214 0.323 2 2 0 2 2 2
1985-12-05T06:30:00 1985 12 5 6 30 0 2.8 -1.2 492.0 3.1 1.42 1.05 1.11 0.34 2 2 2 2 2 2 2 2 1.3 2.47 -39.0 -1.2 -1.2 -1.2 -1.2 -1.2 -1.2 0.167 0.202 0.143 0.094 0.278 0.331 2 2 0 2 2 2
1985-12-05T07:30:00 1985 12 5 7 30 0 1.5 -1.3 493.0 3.6 1.74 1.15 3.09 1.04 2 2 2 2 2 2 2 2 1.3 2.29 -39.0 -1.3 -1.3 -1.3 -1.3 -1.3 -1.3 0.225 0.296 0.147 0.151 0.446 0.503 2 2 1 2 2 2
1985-12-05T08:30:00 1985 12 5 8 30 0 1.4 -1.5 493.0 3.7 1.78 0.94 3.47 1.27 2 2 2 2 2 2 2 2 1.3 2.08 -38.0 -1.5 -1.5 -1.5 -1.5 -1.5 -1.5 0.28 0.367 0.153 0.203 0.542 0.632 2 2 1 2 2 2
1985-12-05T09:30:00 1985 12 5 9 30 0 2.9 -0.5 486.0 3.8 1.81 1.0 2.35 0.88 2 2 2 2 2 2 2 2 2.0 1.96 -35.0 -0.5 -0.5 -0.5 -0.5 -0.5 -0.5 0.27 0.333 0.154 0.173 0.431 0.573 2 2 1 2 2 2
1985-12-05T10:30:00 1985 12 5 10 30 0 2.1 -0.1 488.0 4.2 1.94 0.74 0.69 0.27 2 2 2 2 2 2 2 2 2.0 1.84 -33.0 -0.1 -0.1 -0.1 -0.1 -0.1 -0.1 0.21 0.23 0.151 0.109 0.244 0.406 2 2 1 2 2 2
1985-12-05T11:30:00 1985 12 5 11 30 0 1.7 -0.2 494.0 4.9 2.2 0.42 0.38 0.17 2 2 2 2 2 2 2 2 2.0 1.81 -33.0 -0.2 -0.2 -0.2 -0.2 -0.2 -0.2 0.164 0.172 0.147 0.069 0.179 0.355 2 2 1 2 2 2
1985-12-05T12:30:00 1985 12 5 12 30 0 3.4 -2.0 462.0 5.1 2.06 1.44 2.78 1.4 2 2 2 2 2 2 2 2 2.3 1.82 -34.0 -2.0 -2.0 -2.0 -2.0 -2.0 -2.0 0.245 0.332 0.152 0.166 0.482 0.71 2 2 1 2 2 2
1985-12-05T13:30:00 1985 12 5 13 30 0 5.5 -2.1 465.0 5.9 2.36 3.82 4.76 2.64 2 2 2 2 2 2 2 2 2.3 1.82 -35.0 -2.1 -2.1 -2.1 -2.1 -2.1 -2.1 0.364 0.503 0.165 0.304 0.711 1.071 2 2 1 2 2 2
1985-12-05T14:30:00 1985 12 5 14 30 0 5.6 -1.3 451.0 6.1 2.32 4.35 3.82 2.29 2 2 2 2 2 2 2 2 2.3 1.95 -38.0 -1.3 -1.3 -1.3 -1.3 -1.3 -1.3 0.405 0.536 0.173 0.319 0.675 1.134 2 2 1 2 2 2
1985-12-05T15:30:00 1985 12 5 15 30 0 1.2 -1.4 472.0 6.1 2.47 1.99 3.13 1.91 2 2 2 2 2 2 2 2 2.0 2.03 -40.0 -1.4 -1.4 -1.4 -1.4 -1.4 -1.4 0.417 0.532 0.178 0.307 0.65 1.164 2 2 1 2 2 2
1985-12-05T16:30:00 1985 12 5 16 30 0 1.2 -1.05 468.0 6.1 2.47 0.65 2.84 1.73 1 1 1 1 1 1 1 1 2.0 2.11 -34.0 -1.22 -1.2 -1.27 -1.27 -1.2 -1.18 0.419 0.517 0.183 0.295 0.621 1.155 2 2 1 2 1 1
1985-12-05T17:30:00 1985 12 5 17 30 0 0.77 0.26 464.0 6.1 2.53 0.2 0.88 0.54 1 1 1 1 1 1 1 1 2.0 2.11 -32.0 -0.55 -0.44 -0.8 -0.78 -0.45 -0.35 0.371 0.422 0.184 0.245 0.458 0.92 2 1 1 1 1 1
1985-12-05T18:30:00 1985 12 5 18 30 0 -0.02 0.51 460.0 6.9 2.73 0.01 0.0 0.0 1 0 1 1 1 1 1 1 2.0 2.11 -29.0 -0.43 -0.29 -0.71 -0.69 -0.31 -0.2 0.309 0.317 0.183 0.194 0.318 0.685 1 1 1 1 1 1
1985-12-05T19:30:00 1985 12 5 19 30 0 -0.81 0.51 456.0 7.87 2.92 0.01 0.0 0.0 1 0 1 1 1 1 1 1 2.0 2.11 -28.0 -0.43 -0.29 -0.71 -0.69 -0.31 -0.2 0.265 0.261 0.182 0.166 0.266 0.6 1 1 1 1 0 0
1985-12-05T20:30:00 1985 12 5 20 30 0 -1.11 0.51 452.0 8.83 3.12 0.05 0.0 0.0 0 0 1 1 1 0 1 1 2.0 2.07 -28.0 -0.43 -0.29 -0.71 -0.69 -0.31 -0.2 0.238 0.239 0.181 0.152 0.256 0.61 1 0 1 0 0 0
1985-12-05T21:30:00 1985 12 5 21 30 0 -1.11 0.51 448.0 9.8 3.13 0.06 0.0 0.0 0 0 1 1 0 0 1 1 1.3 1.94 -30.0 -0.43 -0.29 -0.71 -0.69 -0.31 -0.2 0.222 0.233 0.181 0.146 0.258 0.66 1 0 1 0 0 0
1985-12-05T22:30:00 1985 12 5 22 30 0 -1.11 0.51 444.0 10.32 3.13 0.06 0.0 0.0 0 0 1 0 0 0 1 0 1.3 1.82 -29.0 -0.43 -0.29 -0.71 -0.69 -0.31 -0.2 0.212 0.234 0.18 0.144 0.261 0.707 0 0 1 0 0 0
1985-12-05T23:30:00 1985 12 5 23 30 0 -1.11 0.51 440.0 10.32 3.12 0.06 0.0 0.0 0 0 1 0 0 0 1 0 1.3 1.73 -30.0 -0.43 -0.29 -0.71 -0.69 -0.31 -0.2 0.205 0.235 0.179 0.143 0.26 0.726 0 0 1 0 0 0
