1985-09-27T00:30:00 1985 9 27 0 30 0 -1.87 -0.68 506.0 4.1 2.18 0.74 2.56 1.05 1 1 1 1 1 1 1 1 2.3 3.25 -11.0 -0.68 -0.68 -0.68 -0.68 -0.68 -0.68 0.274 0.346 0.168 0.198 0.491 0.702 1 1 1 1 1 1
1985-09-27T01:30:00 1985 9 27 1 30 0 -2.43 2.48 506.0 4.86 2.44 0.3 0.12 0.05 1 1 1 1 1 1 1 1 2.3 3.3 -9.0 2.48 2.48 2.48 2.48 2.48 2.48 0.186 0.172 0.163 0.111 0.156 0.291 1 1 1 1 1 1
1985-09-27T02:30:00 1985 9 27 2 30 0 -3.0 3.2 506.0 5.78 2.69 0.23 0.0 0.0 2 2 1 1 1 2 2 1 2.3 3.17 -6.0 3.2 3.2 3.2 3.2 3.2 3.2 0.126 0.085 0.158 0.062 0.049 0.121 1 1 1 1 1 1
1985-09-27T03:30:00 1985 9 27 3 30 0 -3.7 2.5 506.0 6.7 2.95 0.43 0.0 0.0 2 2 1 1 1 2 2 1 3.3 3.17 -9.0 2.5 2.5 2.5 2.5 2.5 2.5 0.085 0.042 0.153 0.035 0.016 0.05 1 1 1 1 1 1
1985-09-27T04:30:00 1985 9 27 4 30 0 -3.4 0.8 506.0 7.62 2.96 0.71 0.0 0.0 2 2 1 1 0 2 2 1 3.3 3.18 -11.0 0.8 0.8 0.8 0.8 0.8 0.8 0.058 0.021 0.148 0.019 0.005 0.021 1 1 1 1 1 1
1985-09-27T05:30:00 1985 9 27 5 30 0 -2.7 -1.7 506.0 8.12 2.96 1.33 1.64 1.32 2 2 1 0 0 2 2 1 3.3 3.1 -18.0 -1.7 -1.7 -1.7 -1.7 -1.7 -1.7 0.15 0.226 0.152 0.116 0.42 0.899 0 0 1 0 0 0
1985-09-27T06:30:00 1985 9 27 6 30 0 -1.3 -1.7 506.0 8.12 2.96 1.51 4.3 3.49 2 2 1 0 0 2 2 1 3.7 3.07 -25.0 -1.7 -1.7 -1.7 -1.7 -1.7 -1.7 0.308 0.468 0.167 0.278 0.781 1.745 0 0 1 0 0 0
1985-09-27T07:30:00 1985 9 27 7 30 0 -1.0 -1.1 506.0 8.12 2.96 0.81 3.48 2.82 2 2 1 0 0 2 2 1 3.7 3.04 -31.0 -1.1 -1.1 -1.1 -1.1 -1.1 -1.1 0.373 0.528 0.175 0.306 0.777 1.904 0 0 1 0 0 0
1985-09-27T08:30:00 1985 9 27 8 30 0 -2.0 -1.8 506.0 8.11 2.96 1.09 3.74 3.04 2 2 1 0 0 2 2 1 3.7 3.22 -31.0 -1.8 -1.8 -1.8 -1.8 -1.8 -1.8 0.444 0.6 0.187 0.364 0.867 2.108 0 0 1 0 0 0
1985-09-27T09:30:00 1985 9 27 9 30 0 -1.97 -1.01 506.0 8.11 2.96 1.22 3.47 2.82 1 1 1 0 0 1 1 1 3.7 3.39 -28.0 -1.01 -1.01 -1.01 -1.01 -1.01 -1.01 0.462 0.589 0.195 0.351 0.793 2.036 0 0 1 0 0 0
1985-09-27T10:30:00 1985 9 27 10 30 0 -1.93 2.41 506.0 8.11 2.96 0.3 0.28 0.23 1 1 1 0 0 1 1 1 3.7 3.56 -19.0 2.41 2.41 2.41 2.41 2.41 2.41 0.318 0.306 0.189 0.198 0.27 0.912 0 0 1 0 0 0
1985-09-27T11:30:00 1985 9 27 11 30 0 -1.9 3.2 506.0 8.11 2.96 0.09 0.0 0.0 2 2 1 0 0 2 2 1 3.7 3.6 -20.0 3.2 3.2 3.2 3.2 3.2 3.2 0.216 0.152 0.183 0.111 0.086 0.378 0 0 1 0 0 0
1985-09-27T12:30:00 1985 9 27 12 30 0 -0.3 2.6 505.8 8.11 2.96 0.02 0.0 0.0 2 2 1 0 0 2 2 1 2.0 3.43 -25.0 2.6 2.6 2.6 2.6 2.6 2.6 0.146 0.075 0.178 0.062 0.027 0.157 0 0 1 0 0 0
1985-09-27T13:30:00 1985 9 27 13 30 0 -0.5 3.1 505.3 8.11 2.96 0.0 0.0 0.0 2 2 1 0 0 2 2 1 2.0 3.26 -26.0 3.1 3.1 3.1 3.1 3.1 3.1 0.099 0.037 0.172 0.035 0.009 0.065 0 0 1 0 0 0
1985-09-27T14:30:00 1985 9 27 14 30 0 -2.3 1.0 504.9 8.11 2.96 0.1 0.0 0.0 2 2 1 0 0 2 2 1 2.0 3.04 -22.0 1.0 1.0 1.0 1.0 1.0 1.0 0.067 0.019 0.167 0.019 0.003 0.027 0 0 1 0 0 0
1985-09-27T15:30:00 1985 9 27 15 30 0 -0.3 0.0 504.5 8.11 2.96 0.11 0.0 0.0 2 2 1 0 0 2 2 1 1.3 2.73 -21.0 0.0 0.0 0.0 0.0 0.0 0.0 0.045 0.009 0.162 0.011 0.001 0.011 0 0 1 0 0 0
1985-09-27T16:30:00 1985 9 27 16 30 0 -0.2 -0.2 504.1 8.1 2.96 0.01 0.27 0.22 2 2 1 0 0 2 2 1 1.3 2.43 -20.0 -0.2 -0.2 -0.2 -0.2 -0.2 -0.2 0.053 0.069 0.158 0.014 0.115 0.356 0 0 1 0 0 0
1985-09-27T17:30:00 1985 9 27 17 30 0 -2.1 0.9 503.6 8.1 2.96 0.12 0.03 0.02 2 2 1 0 0 2 2 1 1.3 2.14 -18.0 0.9 0.9 0.9 0.9 0.9 0.9 0.036 0.034 0.153 0.008 0.036 0.148 0 0 1 0 0 0
1985-09-27T18:30:00 1985 9 27 18 30 0 -1.6 -1.1 503.2 8.1 2.96 0.46 0.88 0.71 2 2 1 0 0 2 2 1 3.0 2.07 -17.0 -1.1 -1.1 -1.1 -1.1 -1.1 -1.1 0.09 0.161 0.152 0.057 0.29 0.699 0 0 1 0 0 0
1985-09-27T19:30:00 1985 9 27 19 30 0 -3.5 -0.3 502.8 8.1 2.96 1.09 1.68 1.36 2 2 1 0 0 2 2 1 3.0 2.0 -18.0 -0.3 -0.3 -0.3 -0.3 -0.3 -0.3 0.141 0.245 0.152 0.084 0.374 1.013 0 0 1 0 0 0
1985-09-27T20:30:00 1985 9 27 20 30 0 -3.1 -2.2 502.4 8.1 2.96 2.12 3.34 2.71 2 2 1 0 0 2 2 1 3.0 2.13 -18.0 -2.2 -2.2 -2.2 -2.2 -2.2 -2.2 0.283 0.457 0.164 0.242 0.74 1.711 0 0 1 0 0 0
1985-09-27T21:30:00 1985 9 27 21 30 0 -2.5 -2.0 502.0 8.1 2.96 2.5 5.25 4.25 2 2 1 0 0 2 2 1 4.7 2.48 -18.0 -2.0 -2.0 -2.0 -2.0 -2.0 -2.0 0.435 0.631 0.184 0.406 0.964 2.197 0 0 1 0 0 0
1985-09-27T22:30:00 1985 9 27 22 30 0 -2.9 -0.4 501.6 8.1 2.96 1.5 2.84 2.3 2 2 1 0 0 2 2 1 4.7 2.83 -14.0 -0.4 -0.4 -0.4 -0.4 -0.4 -0.4 0.417 0.541 0.188 0.328 0.694 1.834 0 0 1 0 0 0
1985-09-27T23:30:00 1985 9 27 23 30 0 -2.2 2.8 501.3 8.1 2.96 0.4 0.03 0.02 2 2 1 0 0 2 2 1 4.7 3.25 -8.0 2.8 2.8 2.8 2.8 2.8 2.8 0.282 0.269 0.182 0.184 0.22 0.761 0 0 1 0 0 0
