1985-02-07T00:30:00 1985 2 7 0 30 0 -0.25 0.24 654.7 7.13 2.84 0.0 0.0 0.0 0 0 1 0 0 0 1 0 3.3 4.57 -33.0 -0.75 -0.53 -1.19 -1.16 -0.55 -0.36 0.359 0.319 0.4 0.377 0.615 1.573 0 0 0 0 0 0
1985-02-07T01:30:00 1985 2 7 1 30 0 -0.25 0.24 662.2 7.13 2.84 0.0 0.0 0.0 0 0 1 0 0 0 1 0 3.3 4.32 -30.0 -0.75 -0.53 -1.19 -1.16 -0.55 -0.36 0.362 0.319 0.408 0.383 0.626 1.616 0 0 0 0 0 0
1985-02-07T02:30:00 1985 2 7 2 30 0 -0.25 0.24 669.8 7.13 2.84 0.0 0.0 0.0 0 0 1 0 0 0 1 0 3.3 4.02 -27.0 -0.75 -0.53 -1.19 -1.16 -0.55 -0.36 0.366 0.32 0.418 0.388 0.638 1.661 0 0 0 0 0 0
1985-02-07T03:30:00 1985 2 7 3 30 0 -0.25 0.24 677.3 7.13 2.84 0.0 0.0 0.0 0 0 1 0 0 0 1 0 2.7 3.65 -26.0 -0.75 -0.53 -1.19 -1.16 -0.55 -0.36 0.369 0.321 0.427 0.394 0.65 1.707 0 0 0 0 0 0
1985-02-07T04:30:00 1985 2 7 4 30 0 -0.25 0.24 684.9 6.65 2.84 0.0 0.0 0.0 0 0 1 1 0 0 1 1 2.7 3.29 -27.0 -0.75 -0.53 -1.19 -1.16 -0.55 -0.36 0.37 0.318 0.436 0.396 0.652 1.691 0 0 0 0 0 0
1985-02-07T05:30:00 1985 2 7 5 30 0 -0.25 0.24 692.4 5.77 2.84 0.0 0.0 0.0 0 0 1 1 1 0 1 1 2.7 3.16 -25.0 -0.75 -0.53 -1.19 -1.16 -0.55 -0.36 0.367 0.308 0.445 0.391 0.639 1.568 0 0 0 0 0 0
1985-02-07T06:30:00 1985 2 7 6 30 0 0.32 0.25 700.0 4.89 2.96 0.0 0.0 0.0 1 0 1 1 1 1 1 1 3.7 3.17 -28.0 -0.75 -0.53 -1.19 -1.16 -0.55 -0.36 0.358 0.293 0.453 0.379 0.615 1.376 0 0 0 0 0 0
1985-02-07T07:30:00 1985 2 7 7 30 0 1.84 0.25 700.0 4.01 3.08 0.17 0.0 0.0 1 0 1 1 1 1 1 1 3.7 3.18 -26.0 -0.75 -0.53 -1.19 -1.16 -0.55 -0.36 0.345 0.275 0.459 0.362 0.579 1.146 0 0 0 0 0 0
1985-02-07T08:30:00 1985 2 7 8 30 0 3.37 0.67 700.0 3.3 3.19 0.81 0.0 0.0 1 1 1 1 1 1 1 1 3.7 3.23 -29.0 -0.2 -0.01 -0.58 -0.55 -0.03 0.14 0.288 0.188 0.456 0.282 0.336 0.599 0 0 0 0 0 0
1985-02-07T09:30:00 1985 2 7 9 30 0 4.2 2.83 700.0 3.3 3.23 1.08 0.0 0.0 1 1 1 1 1 1 1 1 4.0 3.32 -30.0 2.64 2.69 2.57 2.57 2.68 2.72 0.195 0.093 0.442 0.158 0.107 0.249 0 0 0 0 0 0
1985-02-07T10:30:00 1985 2 7 10 30 0 4.2 3.4 700.0 3.3 3.23 0.96 0.0 0.0 2 2 2 2 2 2 2 2 4.0 3.42 -31.0 3.4 3.4 3.4 3.4 3.4 3.4 0.132 0.046 0.429 0.088 0.034 0.103 0 0 0 0 0 0
1985-02-07T11:30:00 1985 2 7 11 30 0 6.0 -1.1 704.0 3.4 3.37 3.18 0.64 0.22 2 2 2 2 2 2 2 2 4.0 3.58 -30.0 -1.1 -1.1 -1.1 -1.1 -1.1 -1.1 0.127 0.083 0.42 0.089 0.219 0.307 1 2 0 1 2 2
1985-02-07T12:30:00 1985 2 7 12 30 0 4.1 -1.5 681.0 2.9 2.69 5.07 4.55 1.42 2 2 2 2 2 2 2 2 4.3 3.77 -33.0 -1.5 -1.5 -1.5 -1.5 -1.5 -1.5 0.235 0.249 0.427 0.206 0.683 0.852 2 2 0 2 2 2
1985-02-07T13:30:00 1985 2 7 13 30 0 3.9 0.5 666.0 2.9 2.57 2.6 1.69 0.49 2 2 2 2 2 2 2 2 4.3 3.97 -39.0 0.5 0.5 0.5 0.5 0.5 0.5 0.197 0.178 0.418 0.145 0.348 0.532 2 2 0 2 2 2
1985-02-07T14:30:00 1985 2 7 14 30 0 4.4 0.8 674.0 3.1 2.82 1.85 0.0 0.0 2 2 2 2 2 2 2 2 4.3 4.04 -35.0 0.8 0.8 0.8 0.8 0.8 0.8 0.133 0.088 0.405 0.081 0.11 0.221 2 2 0 2 2 2
1985-02-07T15:30:00 1985 2 7 15 30 0 3.6 0.0 646.0 2.9 2.42 1.82 0.0 0.0 2 2 2 2 2 2 2 2 3.3 3.99 -32.0 0.0 0.0 0.0 0.0 0.0 0.0 0.09 0.044 0.393 0.045 0.035 0.092 2 2 0 2 2 2
1985-02-07T16:30:00 1985 2 7 16 30 0 3.9 2.5 677.0 3.0 2.75 1.18 0.0 0.0 2 2 2 2 2 2 2 2 3.3 3.93 -28.0 2.5 2.5 2.5 2.5 2.5 2.5 0.061 0.022 0.381 0.025 0.011 0.038 2 2 0 2 2 2
1985-02-07T17:30:00 1985 2 7 17 30 0 -0.5 0.1 625.0 3.3 2.47 0.22 0.0 0.0 2 2 2 2 2 2 2 2 3.3 3.84 -27.0 0.1 0.1 0.1 0.1 0.1 0.1 0.041 0.011 0.369 0.014 0.003 0.016 2 2 0 2 2 2
1985-02-07T18:30:00 1985 2 7 18 30 0 2.8 2.4 600.0 3.9 2.72 0.11 0.0 0.0 2 2 2 2 2 2 2 2 2.3 3.62 -25.0 2.4 2.4 2.4 2.4 2.4 2.4 0.028 0.005 0.358 0.008 0.001 0.007 2 2 0 2 2 2
1985-02-07T19:30:00 1985 2 7 19 30 0 2.9 2.7 640.0 2.9 2.32 0.35 0.0 0.0 2 2 2 2 2 2 2 2 2.3 3.4 -25.0 2.7 2.7 2.7 2.7 2.7 2.7 0.019 0.003 0.347 0.004 0.0 0.003 2 2 0 2 2 2
1985-02-07T20:30:00 1985 2 7 20 30 0 2.8 1.75 652.0 2.9 2.44 0.41 0.0 0.0 1 1 1 1 1 1 1 1 2.3 3.15 -26.0 1.75 1.75 1.75 1.75 1.75 1.75 0.013 0.001 0.336 0.002 0.0 0.001 2 2 0 2 2 2
1985-02-07T21:30:00 1985 2 7 21 30 0 2.7 0.8 664.0 2.9 2.56 0.56 0.0 0.0 2 2 2 2 2 2 2 2 3.7 3.09 -28.0 0.8 0.8 0.8 0.8 0.8 0.8 0.009 0.001 0.326 0.001 0.0 0.0 2 2 0 2 2 2
1985-02-07T22:30:00 1985 2 7 22 30 0 2.7 0.7 664.2 2.92 2.56 0.68 0.0 0.0 1 1 1 1 1 1 1 1 3.7 3.03 -25.0 0.51 0.55 0.43 0.44 0.55 0.58 0.006 0.0 0.316 0.001 0.0 0.0 2 2 0 2 2 2
1985-02-07T23:30:00 1985 2 7 23 30 0 1.88 0.32 664.3 3.06 2.67 0.52 0.0 0.0 1 1 1 1 1 1 1 1 3.7 3.08 -24.0 -0.55 -0.36 -0.92 -0.9 -0.37 -0.21 0.033 0.039 0.311 0.043 0.119 0.098 1 1 0 1 1 1
