1985-09-08T00:30:00 1985 9 8 0 30 0 1.7 -1.9 325.0 26.3 5.1 1.01 3.24 8.84 2 2 2 2 2 2 2 2 1.3 2.05 3.0 -1.9 -1.9 -1.9 -1.9 -1.9 -1.9 0.573 1.103 0.249 0.486 0.832 3.92 2 2 1 2 2 2
1985-09-08T01:30:00 1985 9 8 1 30 0 2.4 -0.7 323.0 24.8 4.75 0.76 2.03 5.19 2 2 2 2 2 2 2 2 1.3 2.04 3.0 -0.7 -0.7 -0.7 -0.7 -0.7 -0.7 0.543 0.954 0.248 0.385 0.621 3.201 2 2 1 2 2 2
1985-09-08T02:30:00 1985 9 8 2 30 0 3.1 -0.9 322.0 22.9 4.28 0.81 1.3 3.09 2 2 2 2 2 2 2 2 1.3 1.91 4.0 -0.9 -0.9 -0.9 -0.9 -0.9 -0.9 0.485 0.806 0.244 0.291 0.496 2.584 2 2 1 2 2 2
1985-09-08T03:30:00 1985 9 8 3 30 0 3.3 -1.9 318.0 19.5 3.68 1.36 2.3 4.81 2 2 2 2 2 2 2 2 1.3 1.79 2.0 -1.9 -1.9 -1.9 -1.9 -1.9 -1.9 0.518 0.876 0.245 0.323 0.591 2.512 2 2 1 2 2 2
1985-09-08T04:30:00 1985 9 8 4 30 0 2.9 -2.7 310.0 14.9 2.76 1.93 3.66 6.18 2 2 2 2 2 2 2 2 1.3 1.66 -4.0 -2.7 -2.7 -2.7 -2.7 -2.7 -2.7 0.602 1.007 0.251 0.429 0.7 2.326 2 2 1 2 2 2
1985-09-08T05:30:00 1985 9 8 5 30 0 4.4 -2.8 309.0 14.7 2.71 2.65 4.26 6.3 2 2 2 2 2 2 2 2 1.3 1.54 -10.0 -2.8 -2.8 -2.8 -2.8 -2.8 -2.8 0.677 1.095 0.258 0.517 0.75 2.144 2 2 1 2 2 2
1985-09-08T06:30:00 1985 9 8 6 30 0 4.3 -1.7 307.0 16.0 2.87 2.53 3.39 5.21 2 2 2 2 2 2 2 2 2.3 1.55 -14.0 -1.7 -1.7 -1.7 -1.7 -1.7 -1.7 0.671 1.04 0.26 0.483 0.666 1.947 2 2 1 2 2 2
1985-09-08T07:30:00 1985 9 8 7 30 0 3.8 -3.7 310.0 16.1 2.95 2.91 4.3 6.9 2 2 2 2 2 2 2 2 2.3 1.56 -15.0 -3.7 -3.7 -3.7 -3.7 -3.7 -3.7 0.753 1.175 0.269 0.597 0.803 2.194 2 2 1 2 2 2
1985-09-08T08:30:00 1985 9 8 8 30 0 3.5 -2.5 316.0 17.1 3.18 2.95 4.77 7.93 2 2 2 2 2 2 2 2 2.3 1.69 -12.0 -2.5 -2.5 -2.5 -2.5 -2.5 -2.5 0.808 1.232 0.278 0.65 0.835 2.378 2 2 1 2 2 2
1985-09-08T09:30:00 1985 9 8 9 30 0 5.1 -3.1 331.0 19.9 3.82 3.31 4.58 8.56 2 2 2 2 2 2 2 2 1.7 1.74 -6.0 -3.1 -3.1 -3.1 -3.1 -3.1 -3.1 0.869 1.309 0.289 0.715 0.93 2.909 2 2 1 2 2 2
1985-09-08T10:30:00 1985 9 8 10 30 0 5.1 -2.2 330.0 20.3 3.9 3.69 4.32 8.68 2 2 2 2 2 2 2 2 1.7 1.78 -5.0 -2.2 -2.2 -2.2 -2.2 -2.2 -2.2 0.882 1.296 0.297 0.701 0.908 3.151 2 2 1 2 2 2
1985-09-08T11:30:00 1985 9 8 11 30 0 1.2 -3.5 340.0 18.3 3.82 2.68 4.88 9.33 2 2 2 2 2 2 2 2 1.7 1.83 -10.0 -3.5 -3.5 -3.5 -3.5 -3.5 -3.5 0.943 1.37 0.311 0.785 1.015 3.417 2 2 2 2 2 2
1985-09-08T12:30:00 1985 9 8 12 30 0 -2.2 -1.9 349.0 19.0 4.33 1.59 4.53 8.46 2 2 2 2 2 2 2 2 3.3 2.08 -14.0 -1.9 -1.9 -1.9 -1.9 -1.9 -1.9 0.928 1.296 0.319 0.738 0.944 3.356 2 2 2 2 2 2
1985-09-08T13:30:00 1985 9 8 13 30 0 -0.3 -2.5 346.0 17.4 3.84 1.22 3.86 6.99 2 2 2 2 2 2 2 2 3.3 2.33 -13.0 -2.5 -2.5 -2.5 -2.5 -2.5 -2.5 0.899 1.23 0.326 0.687 0.906 3.199 2 2 2 2 2 2
1985-09-08T14:30:00 1985 9 8 14 30 0 4.7 -3.3 340.0 15.2 3.31 2.53 5.03 8.12 2 2 2 2 2 2 2 2 3.3 2.46 -11.0 -3.3 -3.3 -3.3 -3.3 -3.3 -3.3 0.933 1.277 0.337 0.75 0.97 3.058 2 2 2 2 2 2
1985-09-08T15:30:00 1985 9 8 15 30 0 -2.5 -0.1 354.0 24.8 5.67 1.17 2.7 5.08 2 2 2 2 2 2 2 2 3.0 2.55 -5.0 -0.1 -0.1 -0.1 -0.1 -0.1 -0.1 0.785 0.983 0.335 0.549 0.636 2.56 2 2 2 2 2 2
1985-09-08T16:30:00 1985 9 8 16 30 0 2.6 -2.0 342.0 16.6 3.75 0.56 1.95 3.76 2 2 2 2 2 2 2 2 3.0 2.64 -8.0 -2.0 -2.0 -2.0 -2.0 -2.0 -2.0 0.701 0.905 0.333 0.452 0.634 2.493 2 2 2 2 2 2
1985-09-08T17:30:00 1985 9 8 17 30 0 5.5 3.3 362.0 14.1 3.67 1.0 0.52 0.84 2 2 2 2 2 2 2 2 3.0 2.8 -7.0 3.3 3.3 3.3 3.3 3.3 3.3 0.494 0.496 0.324 0.264 0.239 1.176 2 2 2 2 2 2
1985-09-08T18:30:00 1985 9 8 18 30 0 4.1 0.7 360.9 14.1 3.67 0.93 0.0 0.0 2 2 1 1 1 2 2 1 2.7 2.92 -6.0 0.7 0.7 0.7 0.7 0.7 0.7 0.334 0.246 0.314 0.148 0.076 0.488 2 2 2 2 2 2
1985-09-08T19:30:00 1985 9 8 19 30 0 3.8 -0.1 359.8 13.72 3.6 1.02 0.02 0.03 2 2 1 1 1 2 2 1 2.7 3.03 -10.0 -0.1 -0.1 -0.1 -0.1 -0.1 -0.1 0.231 0.143 0.304 0.084 0.048 0.292 2 2 2 2 1 2
1985-09-08T20:30:00 1985 9 8 20 30 0 4.2 -1.8 358.6 11.58 3.36 1.75 1.83 2.25 2 2 1 1 1 2 2 1 2.7 2.96 -15.0 -1.8 -1.8 -1.8 -1.8 -1.8 -1.8 0.292 0.393 0.301 0.159 0.377 0.972 2 1 2 1 1 1
1985-09-08T21:30:00 1985 9 8 21 30 0 2.9 -3.1 357.5 9.45 2.62 2.66 4.48 4.63 2 2 1 1 1 2 2 1 2.3 2.83 -15.0 -3.1 -3.1 -3.1 -3.1 -3.1 -3.1 0.449 0.696 0.309 0.36 0.68 1.409 1 1 2 1 1 1
1985-09-08T22:30:00 1985 9 8 22 30 0 1.3 -3.3 356.4 7.32 1.89 2.62 5.73 4.74 2 2 1 1 1 2 2 1 2.3 2.7 -18.0 -3.3 -3.3 -3.3 -3.3 -3.3 -3.3 0.576 0.856 0.319 0.515 0.788 1.4 1 1 2 1 1 1
1985-09-08T23:30:00 1985 9 8 23 30 0 1.2 -2.7 355.2 5.18 1.37 2.02 5.29 3.28 2 2 1 1 1 2 2 1 2.3 2.62 -17.0 -2.7 -2.7 -2.7 -2.7 -2.7 -2.7 0.61 0.836 0.325 0.527 0.711 1.092 1 1 2 1 1 1
