1985-08-07T00:30:00 1985 8 7 0 30 0 -2.8 -1.2 332.0 9.8 2.16 1.49 1.85 1.74 2 2 2 2 2 2 2 2 1.3 1.15 4.0 -1.2 -1.2 -1.2 -1.2 -1.2 -1.2 0.169 0.356 0.052 0.102 0.316 0.625 2 2 1 2 2 2
1985-08-07T01:30:00 1985 8 7 1 30 0 -1.6 -1.3 332.0 9.8 2.16 0.8 2.08 2.04 2 2 1 1 1 2 2 1 1.3 1.22 4.0 -1.3 -1.3 -1.3 -1.3 -1.3 -1.3 0.237 0.473 0.055 0.15 0.392 0.804 1 1 1 1 1 1
1985-08-07T02:30:00 1985 8 7 2 30 0 -4.7 1.5 332.0 9.8 2.22 0.7 0.41 0.41 2 2 1 1 1 2 2 1 1.3 1.17 6.0 1.5 1.5 1.5 1.5 1.5 1.5 0.175 0.268 0.054 0.091 0.151 0.397 1 1 1 1 1 1
1985-08-07T03:30:00 1985 8 7 3 30 0 -4.6 2.1 332.0 9.21 2.41 0.82 0.0 0.0 2 2 1 1 1 2 2 1 0.3 1.0 7.0 2.1 2.1 2.1 2.1 2.1 2.1 0.118 0.133 0.053 0.051 0.048 0.165 1 1 1 1 1 1
1985-08-07T04:30:00 1985 8 7 4 30 0 -4.6 2.2 332.0 8.49 2.61 0.73 0.0 0.0 2 2 1 1 1 2 2 1 0.3 0.82 8.0 2.2 2.2 2.2 2.2 2.2 2.2 0.08 0.066 0.051 0.029 0.015 0.068 1 1 1 1 1 1
1985-08-07T05:30:00 1985 8 7 5 30 0 -3.2 1.0 332.0 7.77 2.8 0.57 0.0 0.0 2 2 1 1 1 2 2 1 0.3 0.77 7.0 1.0 1.0 1.0 1.0 1.0 1.0 0.054 0.033 0.049 0.016 0.005 0.028 1 1 1 1 1 1
1985-08-07T06:30:00 1985 8 7 6 30 0 -2.4 -0.8 332.0 7.05 2.81 0.53 0.35 0.25 2 2 1 1 0 2 2 1 0.7 0.77 6.0 -0.8 -0.8 -0.8 -0.8 -0.8 -0.8 0.067 0.105 0.049 0.027 0.098 0.156 1 1 1 1 1 1
1985-08-07T07:30:00 1985 8 7 7 30 0 -4.2 0.7 332.0 6.67 2.81 0.78 0.3 0.21 2 2 1 0 0 2 2 1 0.7 0.77 3.0 0.7 0.7 0.7 0.7 0.7 0.7 0.056 0.081 0.048 0.019 0.055 0.112 1 1 1 1 1 1
1985-08-07T08:30:00 1985 8 7 8 30 0 -3.6 3.9 332.0 6.67 2.81 0.48 0.0 0.0 2 2 1 0 0 2 2 1 0.7 0.69 2.0 3.9 3.9 3.9 3.9 3.9 3.9 0.038 0.04 0.046 0.011 0.017 0.047 1 1 1 1 1 1
1985-08-07T09:30:00 1985 8 7 9 30 0 -3.5 4.2 332.0 6.67 2.81 0.23 0.0 0.0 2 2 1 0 0 2 2 1 0.3 0.57 3.0 4.2 4.2 4.2 4.2 4.2 4.2 0.026 0.02 0.045 0.006 0.006 0.019 1 1 1 1 1 1
1985-08-07T10:30:00 1985 8 7 10 30 0 -4.2 2.8 332.0 6.67 2.82 0.35 0.0 0.0 2 2 1 0 0 2 2 1 0.3 0.45 3.0 2.8 2.8 2.8 2.8 2.8 2.8 0.017 0.01 0.043 0.003 0.002 0.008 1 1 1 1 1 1
1985-08-07T11:30:00 1985 8 7 11 30 0 -3.5 0.5 332.0 6.68 2.82 0.57 0.0 0.0 2 2 1 0 0 2 2 1 0.3 0.45 4.0 0.5 0.5 0.5 0.5 0.5 0.5 0.012 0.005 0.042 0.002 0.001 0.003 1 1 1 1 1 1
1985-08-07T12:30:00 1985 8 7 12 30 0 -2.7 -0.8 332.0 6.68 2.82 0.72 0.47 0.31 2 2 1 0 0 2 2 1 0.3 0.45 3.0 -0.8 -0.8 -0.8 -0.8 -0.8 -0.8 0.044 0.108 0.042 0.022 0.113 0.166 0 0 1 0 0 0
1985-08-07T13:30:00 1985 8 7 13 30 0 -3.7 0.5 332.0 6.68 2.82 0.75 0.36 0.24 2 2 1 0 0 2 2 1 0.3 0.44 3.0 0.5 0.5 0.5 0.5 0.5 0.5 0.043 0.091 0.041 0.018 0.067 0.127 0 0 1 0 0 0
1985-08-07T14:30:00 1985 8 7 14 30 0 -4.1 1.9 334.9 6.68 2.82 0.66 0.0 0.0 2 2 1 0 0 2 2 1 0.3 0.4 2.0 1.9 1.9 1.9 1.9 1.9 1.9 0.029 0.045 0.04 0.01 0.021 0.052 0 0 1 0 0 0
1985-08-07T15:30:00 1985 8 7 15 30 0 -4.4 2.2 340.6 6.69 2.82 0.64 0.0 0.0 2 2 1 0 0 2 2 1 0.3 0.35 2.0 2.2 2.2 2.2 2.2 2.2 2.2 0.02 0.023 0.038 0.006 0.007 0.022 0 0 1 0 0 0
1985-08-07T16:30:00 1985 8 7 16 30 0 -4.8 2.2 346.3 6.69 2.82 0.76 0.0 0.0 2 2 1 0 0 2 2 1 0.3 0.3 3.0 2.2 2.2 2.2 2.2 2.2 2.2 0.013 0.011 0.037 0.003 0.002 0.009 0 0 1 0 0 0
1985-08-07T17:30:00 1985 8 7 17 30 0 -4.2 2.7 352.0 6.69 2.82 0.67 0.0 0.0 2 2 1 0 0 2 2 1 0.3 0.3 6.0 2.7 2.7 2.7 2.7 2.7 2.7 0.009 0.006 0.036 0.002 0.001 0.004 0 0 1 0 0 0
1985-08-07T18:30:00 1985 8 7 18 30 0 -4.5 3.4 357.7 6.69 2.83 0.54 0.0 0.0 2 2 1 0 0 2 2 1 1.0 0.39 9.0 3.4 3.4 3.4 3.4 3.4 3.4 0.006 0.003 0.035 0.001 0.0 0.002 0 0 1 0 0 0
1985-08-07T19:30:00 1985 8 7 19 30 0 -4.9 2.5 363.5 6.69 2.83 0.71 0.0 0.0 2 2 1 0 0 2 2 1 1.0 0.48 12.0 2.5 2.5 2.5 2.5 2.5 2.5 0.004 0.001 0.034 0.001 0.0 0.001 0 0 1 0 0 0
1985-08-07T20:30:00 1985 8 7 20 30 0 -5.3 0.7 369.2 6.7 2.83 1.25 0.0 0.0 2 2 1 0 0 2 2 1 1.0 0.57 12.0 0.7 0.7 0.7 0.7 0.7 0.7 0.003 0.001 0.033 0.0 0.0 0.0 0 0 1 0 0 0
1985-08-07T21:30:00 1985 8 7 21 30 0 -6.0 -0.3 374.9 6.7 2.83 2.25 0.11 0.07 2 2 1 0 0 2 2 1 2.3 0.83 9.0 -0.3 -0.3 -0.3 -0.3 -0.3 -0.3 0.013 0.039 0.032 0.005 0.05 0.092 0 0 1 0 0 0
1985-08-07T22:30:00 1985 8 7 22 30 0 -1.4 -4.0 380.7 6.7 2.83 2.82 4.36 2.92 2 2 1 0 0 2 2 1 2.3 1.09 2.0 -4.0 -4.0 -4.0 -4.0 -4.0 -4.0 0.237 0.446 0.048 0.268 0.559 0.732 0 0 1 0 0 0
1985-08-07T23:30:00 1985 8 7 23 30 0 -0.8 -3.9 386.4 6.7 2.83 3.55 7.57 5.07 2 2 1 0 0 2 2 1 2.3 1.34 -3.0 -3.9 -3.9 -3.9 -3.9 -3.9 -3.9 0.48 0.765 0.075 0.561 0.866 1.168 0 0 1 0 0 0
