1985-07-16T00:30:00 1985 7 16 0 30 0 -0.7 -0.2 500.2 6.29 2.62 0.08 0.5 0.31 0 0 0 0 0 0 0 0 1.0 1.0 -17.0 -0.84 -0.61 -1.32 -1.29 -0.63 -0.43 0.307 0.315 0.529 0.301 0.423 0.792 0 0 1 0 0 0
1985-07-16T01:30:00 1985 7 16 1 30 0 -0.7 -0.2 500.2 6.29 2.62 0.08 0.5 0.31 0 0 0 0 0 0 0 0 1.0 1.0 -19.0 -0.84 -0.61 -1.32 -1.29 -0.63 -0.43 0.309 0.315 0.525 0.3 0.423 0.792 0 0 1 0 0 0
1985-07-16T02:30:00 1985 7 16 2 30 0 0.05 -0.2 500.1 6.29 2.63 0.03 0.5 0.31 1 0 0 0 0 0 0 0 1.0 1.0 -20.0 -0.84 -0.61 -1.32 -1.29 -0.63 -0.43 0.309 0.316 0.521 0.3 0.423 0.792 0 0 1 0 0 0
1985-07-16T03:30:00 1985 7 16 3 30 0 2.07 -0.2 500.0 6.29 2.63 0.22 0.5 0.31 1 0 0 0 0 0 0 0 1.0 1.0 -18.0 -0.84 -0.61 -1.32 -1.29 -0.63 -0.43 0.31 0.316 0.517 0.3 0.423 0.791 0 0 1 0 0 0
1985-07-16T04:30:00 1985 7 16 4 30 0 4.09 0.0 500.0 6.29 2.63 1.1 0.23 0.14 1 1 0 0 0 1 1 0 1.0 1.0 -14.0 -0.56 -0.35 -0.97 -0.95 -0.37 -0.2 0.291 0.283 0.511 0.271 0.36 0.688 0 0 1 0 0 0
1985-07-16T05:30:00 1985 7 16 5 30 0 5.2 1.03 499.9 6.29 2.63 1.83 0.0 0.0 1 1 0 0 0 1 1 0 1.0 1.0 -11.0 0.91 0.95 0.82 0.83 0.95 0.98 0.203 0.144 0.496 0.16 0.121 0.285 0 0 1 0 0 0
1985-07-16T06:30:00 1985 7 16 6 30 0 5.2 1.3 499.9 6.29 2.63 1.91 0.0 0.0 2 2 0 0 0 1 1 1 1.0 1.0 -14.0 1.3 1.3 1.3 1.3 1.3 1.3 0.137 0.071 0.481 0.09 0.038 0.118 0 0 1 0 0 0
1985-07-16T07:30:00 1985 7 16 7 30 0 4.0 -0.4 499.8 6.29 2.63 1.83 0.16 0.1 2 2 0 0 0 1 1 1 1.0 1.0 -16.0 -0.4 -0.4 -0.4 -0.4 -0.4 -0.4 0.108 0.074 0.467 0.059 0.089 0.199 0 0 1 0 0 0
1985-07-16T08:30:00 1985 7 16 8 30 0 4.1 -1.0 499.8 6.29 2.63 2.17 1.81 1.14 2 2 0 0 0 1 1 1 1.0 1.0 -14.0 -1.0 -1.0 -1.0 -1.0 -1.0 -1.0 0.168 0.227 0.459 0.105 0.375 0.729 0 0 1 0 0 0
1985-07-16T09:30:00 1985 7 16 9 30 0 2.9 0.2 499.7 6.29 2.63 1.46 0.94 0.59 2 2 0 0 0 1 1 1 0.7 0.96 -12.0 0.2 0.2 0.2 0.2 0.2 0.2 0.149 0.185 0.447 0.079 0.232 0.561 0 0 1 0 0 0
1985-07-16T10:30:00 1985 7 16 10 30 0 2.0 1.0 499.0 6.29 2.63 0.44 0.0 0.0 2 2 1 0 0 2 2 1 0.7 0.92 -12.0 1.0 1.0 1.0 1.0 1.0 1.0 0.101 0.092 0.433 0.044 0.074 0.233 0 0 1 0 0 0
1985-07-16T11:30:00 1985 7 16 11 30 0 2.3 2.0 497.4 6.29 2.63 0.2 0.0 0.0 2 2 1 0 0 2 2 1 0.7 0.88 -13.0 2.0 2.0 2.0 2.0 2.0 2.0 0.068 0.046 0.42 0.025 0.023 0.097 0 0 1 0 0 0
1985-07-16T12:30:00 1985 7 16 12 30 0 3.3 1.2 495.9 6.29 2.63 0.41 0.0 0.0 2 2 1 0 0 2 2 1 1.3 0.92 -12.0 1.2 1.2 1.2 1.2 1.2 1.2 0.046 0.023 0.407 0.014 0.007 0.04 0 0 1 0 0 0
1985-07-16T13:30:00 1985 7 16 13 30 0 3.9 0.4 494.4 6.29 2.63 0.98 0.0 0.0 2 2 1 0 0 2 2 1 1.3 0.96 -12.0 0.4 0.4 0.4 0.4 0.4 0.4 0.031 0.011 0.395 0.008 0.002 0.017 0 0 1 0 0 0
1985-07-16T14:30:00 1985 7 16 14 30 0 3.4 -0.3 492.9 6.29 2.63 1.31 0.19 0.12 2 2 1 0 0 2 2 1 1.3 1.0 -14.0 -0.3 -0.3 -0.3 -0.3 -0.3 -0.3 0.038 0.052 0.383 0.012 0.088 0.195 0 0 1 0 0 0
1985-07-16T15:30:00 1985 7 16 15 30 0 3.2 -2.0 491.4 6.29 2.63 1.97 3.0 1.89 2 2 1 0 0 2 2 1 1.7 1.1 -15.0 -2.0 -2.0 -2.0 -2.0 -2.0 -2.0 0.18 0.306 0.384 0.159 0.537 0.925 0 0 1 0 0 0
1985-07-16T16:30:00 1985 7 16 16 30 0 2.3 -1.0 489.9 6.29 2.63 1.74 3.58 2.25 2 2 1 0 0 2 2 1 1.7 1.19 -17.0 -1.0 -1.0 -1.0 -1.0 -1.0 -1.0 0.271 0.416 0.385 0.224 0.626 1.176 0 0 1 0 0 0
1985-07-16T17:30:00 1985 7 16 17 30 0 2.2 -0.2 488.4 6.29 2.63 0.77 1.39 0.87 2 2 1 0 0 2 2 1 1.7 1.31 -18.0 -0.2 -0.2 -0.2 -0.2 -0.2 -0.2 0.243 0.334 0.376 0.161 0.406 0.921 0 0 0 0 0 0
1985-07-16T18:30:00 1985 7 16 18 30 0 2.5 0.1 486.9 6.29 2.63 0.58 0.14 0.09 2 2 1 0 0 2 2 1 1.3 1.38 -15.0 0.1 0.1 0.1 0.1 0.1 0.1 0.17 0.183 0.365 0.092 0.153 0.452 0 0 0 0 0 0
1985-07-16T19:30:00 1985 7 16 19 30 0 2.8 0.9 485.4 6.29 2.63 0.54 0.0 0.0 2 2 1 0 0 2 2 1 1.3 1.45 -13.0 0.9 0.9 0.9 0.9 0.9 0.9 0.115 0.091 0.354 0.051 0.048 0.187 0 0 0 0 0 0
1985-07-16T20:30:00 1985 7 16 20 30 0 3.2 0.6 483.9 6.29 2.63 0.64 0.0 0.0 2 2 1 0 0 2 2 1 1.3 1.45 -14.0 0.6 0.6 0.6 0.6 0.6 0.6 0.078 0.045 0.343 0.029 0.015 0.078 0 0 0 0 0 0
1985-07-16T21:30:00 1985 7 16 21 30 0 3.9 3.0 482.5 6.29 2.63 0.63 0.0 0.0 2 2 1 0 0 2 2 1 1.7 1.5 -7.0 3.0 3.0 3.0 3.0 3.0 3.0 0.053 0.022 0.332 0.016 0.005 0.032 0 0 0 0 0 0
1985-07-16T22:30:00 1985 7 16 22 30 0 0.9 4.1 481.0 6.29 2.63 0.16 0.0 0.0 2 2 1 0 0 2 2 1 1.7 1.55 -4.0 4.1 4.1 4.1 4.1 4.1 4.1 0.036 0.011 0.322 0.009 0.002 0.013 0 0 0 0 0 0
1985-07-16T23:30:00 1985 7 16 23 30 0 4.0 1.8 479.5 6.29 2.63 0.28 0.0 0.0 2 2 1 0 0 2 2 1 1.7 1.55 3.0 1.8 1.8 1.8 1.8 1.8 1.8 0.024 0.006 0.312 0.005 0.0 0.006 0 0 0 0 0 0
