1985-06-29T00:30:00 1985 6 29 0 30 0 1.1 -2.1 628.4 3.2 2.47 1.46 5.74 1.84 2 2 1 1 1 2 2 1 3.0 3.23 -18.0 -2.1 -2.1 -2.1 -2.1 -2.1 -2.1 0.523 0.52 0.363 0.535 1.029 1.302 1 1 1 1 1 1
1985-06-29T01:30:00 1985 6 29 1 30 0 0.0 -1.1 626.1 3.87 2.54 1.02 4.89 1.72 2 2 1 1 1 2 2 1 3.0 3.26 -15.0 -1.1 -1.1 -1.1 -1.1 -1.1 -1.1 0.509 0.484 0.371 0.459 0.896 1.276 1 1 1 1 1 1
1985-06-29T02:30:00 1985 6 29 2 30 0 -1.6 0.2 623.8 4.35 2.6 0.25 1.31 0.53 2 2 1 1 1 2 2 1 3.0 3.26 -15.0 0.2 0.2 0.2 0.2 0.2 0.2 0.384 0.308 0.363 0.282 0.433 0.802 1 1 1 1 1 1
1985-06-29T03:30:00 1985 6 29 3 30 0 -2.4 -0.3 621.5 4.56 2.67 0.59 0.32 0.14 2 2 1 1 1 2 2 1 2.0 3.13 -12.0 -0.3 -0.3 -0.3 -0.3 -0.3 -0.3 0.281 0.203 0.353 0.169 0.269 0.597 1 1 1 1 1 1
1985-06-29T04:30:00 1985 6 29 4 30 0 -2.7 0.2 619.2 4.77 2.77 0.86 0.24 0.11 2 2 1 1 1 2 2 1 2.0 2.99 -9.0 0.2 0.2 0.2 0.2 0.2 0.2 0.198 0.119 0.343 0.097 0.121 0.341 1 1 1 1 1 1
1985-06-29T05:30:00 1985 6 29 5 30 0 -3.6 -0.4 616.9 4.6 2.86 1.38 0.46 0.21 2 2 1 1 1 2 2 1 2.0 2.78 -7.0 -0.4 -0.4 -0.4 -0.4 -0.4 -0.4 0.164 0.124 0.334 0.071 0.206 0.466 1 1 1 1 1 1
1985-06-29T06:30:00 1985 6 29 6 30 0 -3.4 -1.6 614.6 4.1 2.96 2.45 3.23 1.38 2 2 1 1 1 2 2 1 2.7 2.66 -11.0 -1.6 -1.6 -1.6 -1.6 -1.6 -1.6 0.247 0.278 0.338 0.174 0.611 0.984 1 1 1 1 1 1
1985-06-29T07:30:00 1985 6 29 7 30 0 -3.9 -1.0 612.3 4.1 2.99 2.86 3.91 1.6 1 1 1 1 1 1 1 1 2.7 2.54 -8.0 -1.0 -1.0 -1.0 -1.0 -1.0 -1.0 0.305 0.35 0.343 0.227 0.708 1.15 1 1 1 1 1 1
1985-06-29T08:30:00 1985 6 29 8 30 0 -4.4 -0.4 610.0 4.1 2.99 2.73 2.06 0.85 2 2 2 2 2 2 2 2 2.7 2.51 -9.0 -0.4 -0.4 -0.4 -0.4 -0.4 -0.4 0.281 0.305 0.338 0.18 0.534 0.979 1 1 1 1 2 2
1985-06-29T09:30:00 1985 6 29 9 30 0 -1.9 -2.0 619.0 3.4 2.61 2.29 3.9 1.42 2 2 2 2 2 2 2 2 4.0 2.65 -11.0 -2.0 -2.0 -2.0 -2.0 -2.0 -2.0 0.343 0.381 0.345 0.264 0.757 1.119 2 2 1 2 2 2
1985-06-29T10:30:00 1985 6 29 10 30 0 -0.3 -0.8 613.0 3.8 2.73 0.99 4.16 1.49 2 2 2 2 2 2 2 2 4.0 2.79 -11.0 -0.8 -0.8 -0.8 -0.8 -0.8 -0.8 0.363 0.388 0.35 0.273 0.722 1.101 2 2 1 2 2 2
1985-06-29T11:30:00 1985 6 29 11 30 0 -2.6 -0.9 626.0 3.5 2.69 0.8 2.65 0.96 2 2 2 2 2 2 2 2 4.0 3.04 -8.0 -0.9 -0.9 -0.9 -0.9 -0.9 -0.9 0.345 0.354 0.348 0.235 0.636 1.008 2 2 1 2 2 2
1985-06-29T12:30:00 1985 6 29 12 30 0 -2.7 -0.5 649.0 4.1 3.44 1.39 2.18 0.83 2 2 2 2 2 2 2 2 2.7 3.11 -6.0 -0.5 -0.5 -0.5 -0.5 -0.5 -0.5 0.313 0.311 0.345 0.19 0.548 0.97 2 2 1 2 2 2
1985-06-29T13:30:00 1985 6 29 13 30 0 -3.5 0.0 631.0 4.1 3.26 1.44 0.74 0.3 2 2 2 2 2 2 2 2 2.7 3.19 -4.0 0.0 0.0 0.0 0.0 0.0 0.0 0.237 0.203 0.336 0.119 0.284 0.627 2 2 1 2 2 2
1985-06-29T14:30:00 1985 6 29 14 30 0 -0.6 -0.4 607.0 4.5 3.31 0.65 0.67 0.29 2 2 2 2 2 2 2 2 2.7 3.18 -3.0 -0.4 -0.4 -0.4 -0.4 -0.4 -0.4 0.197 0.18 0.327 0.086 0.286 0.628 2 2 1 2 2 2
1985-06-29T15:30:00 1985 6 29 15 30 0 2.0 -2.9 613.0 4.1 3.09 1.55 5.36 2.27 2 2 2 2 2 2 2 2 2.7 3.18 0.0 -2.9 -2.9 -2.9 -2.9 -2.9 -2.9 0.35 0.399 0.346 0.318 0.877 1.288 2 2 1 2 2 2
1985-06-29T16:30:00 1985 6 29 16 30 0 -4.0 1.2 629.0 3.6 2.74 1.11 2.8 1.11 2 2 2 2 2 2 2 2 2.7 3.17 -2.0 1.2 1.2 1.2 1.2 1.2 1.2 0.303 0.288 0.344 0.242 0.472 0.825 2 2 1 2 2 2
1985-06-29T17:30:00 1985 6 29 17 30 0 -4.0 -0.5 621.0 3.3 2.44 1.84 0.3 0.1 2 2 2 2 2 2 2 2 2.7 3.01 -3.0 -0.5 -0.5 -0.5 -0.5 -0.5 -0.5 0.225 0.186 0.335 0.149 0.267 0.504 2 2 1 2 2 2
1985-06-29T18:30:00 1985 6 29 18 30 0 -4.2 0.5 626.0 3.4 2.49 2.09 0.32 0.11 2 2 2 2 2 2 2 2 3.0 2.89 -5.0 0.5 0.5 0.5 0.5 0.5 0.5 0.16 0.105 0.325 0.086 0.11 0.254 2 2 1 2 2 2
1985-06-29T19:30:00 1985 6 29 19 30 0 -4.09 0.42 620.8 3.25 2.35 1.82 0.0 0.0 1 1 1 1 1 1 1 1 3.0 2.78 -8.0 0.28 0.32 0.2 0.21 0.31 0.34 0.108 0.052 0.315 0.048 0.035 0.105 2 2 1 2 2 2
1985-06-29T20:30:00 1985 6 29 20 30 0 -3.85 0.15 615.5 3.1 2.22 1.76 0.0 0.0 1 1 1 1 1 1 1 1 3.0 2.82 -9.0 -0.41 -0.26 -0.71 -0.69 -0.28 -0.15 0.097 0.058 0.309 0.057 0.102 0.122 2 1 1 1 1 1
1985-06-29T21:30:00 1985 6 29 21 30 0 -3.61 0.26 610.2 2.95 2.08 1.58 0.0 0.0 1 1 1 1 1 1 1 1 2.0 2.72 -9.0 0.12 0.15 0.04 0.05 0.15 0.18 0.078 0.043 0.301 0.046 0.064 0.07 2 1 1 1 1 1
1985-06-29T22:30:00 1985 6 29 22 30 0 -3.5 0.3 605.0 2.8 1.94 1.38 0.0 0.0 2 2 2 2 2 2 2 2 2.0 2.63 -10.0 0.3 0.3 0.3 0.3 0.3 0.3 0.053 0.021 0.292 0.026 0.02 0.029 2 1 1 1 1 1
1985-06-29T23:30:00 1985 6 29 23 30 0 -4.1 0.4 590.0 3.1 2.05 1.54 0.0 0.0 2 2 2 2 2 2 2 2 2.0 2.54 -9.0 0.4 0.4 0.4 0.4 0.4 0.4 0.036 0.011 0.283 0.014 0.006 0.012 2 1 1 1 1 1
