1985-07-14T00:30:00 1985 7 14 0 30 0 3.8 1.8 508.0 5.2 2.73 2.46 2.07 1.08 2 2 1 1 1 2 2 1 3.7 4.18 -39.0 1.8 1.8 1.8 1.8 1.8 1.8 0.665 0.51 0.915 0.504 0.5 0.983 2 2 1 2 2 2
1985-07-14T01:30:00 1985 7 14 1 30 0 4.7 -1.5 508.0 5.2 2.72 2.01 1.03 0.54 2 2 1 1 1 2 2 1 3.7 4.18 -33.0 -1.5 -1.5 -1.5 -1.5 -1.5 -1.5 0.516 0.38 0.892 0.343 0.42 0.783 1 1 1 2 1 1
1985-07-14T02:30:00 1985 7 14 2 30 0 4.5 -0.2 508.0 5.4 2.69 2.79 2.02 1.07 2 2 1 1 1 2 2 1 3.7 4.05 -31.0 -0.2 -0.2 -0.2 -0.2 -0.2 -0.2 0.424 0.331 0.87 0.244 0.381 0.765 1 1 1 1 1 1
1985-07-14T03:30:00 1985 7 14 3 30 0 3.0 -3.0 508.0 5.65 2.65 2.98 4.36 2.43 2 2 1 1 1 2 2 1 4.3 4.01 -28.0 -3.0 -3.0 -3.0 -3.0 -3.0 -3.0 0.495 0.505 0.864 0.38 0.779 1.266 1 1 1 1 1 1
1985-07-14T04:30:00 1985 7 14 4 30 0 3.7 -3.8 508.0 5.89 2.62 5.23 8.72 5.04 2 2 1 1 1 2 2 1 4.3 3.96 -29.0 -3.8 -3.8 -3.8 -3.8 -3.8 -3.8 0.678 0.75 0.882 0.691 1.196 1.857 1 1 1 1 1 1
1985-07-14T05:30:00 1985 7 14 5 30 0 5.1 -2.5 508.0 6.14 2.62 5.77 7.86 4.73 2 2 1 1 0 2 2 1 4.3 4.0 -38.0 -2.5 -2.5 -2.5 -2.5 -2.5 -2.5 0.757 0.819 0.891 0.769 1.209 2.028 1 1 1 1 1 1
1985-07-14T06:30:00 1985 7 14 6 30 0 4.2 -4.2 508.0 6.28 2.62 6.58 8.69 5.41 2 2 1 0 0 2 2 1 4.3 4.04 -42.0 -4.2 -4.2 -4.2 -4.2 -4.2 -4.2 0.873 0.933 0.911 0.943 1.385 2.323 1 0 1 0 0 0
1985-07-14T07:30:00 1985 7 14 7 30 0 2.6 -5.0 508.0 6.28 2.62 7.84 11.77 7.39 2 2 1 0 0 2 2 1 4.3 4.08 -44.0 -5.0 -5.0 -5.0 -5.0 -5.0 -5.0 1.048 1.092 0.95 1.248 1.635 2.678 0 0 1 0 0 0
1985-07-14T08:30:00 1985 7 14 8 30 0 4.4 -1.4 508.0 6.28 2.62 4.94 7.75 4.87 2 2 1 0 0 2 2 1 4.3 4.16 -45.0 -1.4 -1.4 -1.4 -1.4 -1.4 -1.4 0.982 0.951 0.955 1.038 1.257 2.309 0 0 1 0 0 0
1985-07-14T09:30:00 1985 7 14 9 30 0 3.6 -2.6 508.0 6.28 2.62 3.57 5.21 3.27 2 2 1 0 0 2 2 1 3.0 4.06 -41.0 -2.6 -2.6 -2.6 -2.6 -2.6 -2.6 0.899 0.849 0.95 0.851 1.11 2.103 0 0 1 0 0 0
1985-07-14T10:30:00 1985 7 14 10 30 0 1.5 -3.1 508.0 6.28 2.62 3.47 7.29 4.58 2 2 1 0 0 2 2 1 3.0 3.96 -36.0 -3.1 -3.1 -3.1 -3.1 -3.1 -3.1 0.909 0.878 0.957 0.865 1.212 2.203 0 0 1 0 0 0
1985-07-14T11:30:00 1985 7 14 11 30 0 1.8 -0.9 508.0 6.28 2.62 1.67 4.85 3.04 2 2 1 0 0 2 2 1 3.0 3.8 -37.0 -0.9 -0.9 -0.9 -0.9 -0.9 -0.9 0.798 0.736 0.946 0.67 0.921 1.852 0 0 1 0 0 0
1985-07-14T12:30:00 1985 7 14 12 30 0 2.2 0.1 508.0 6.28 2.62 0.58 0.93 0.59 2 2 1 0 0 2 2 1 2.7 3.59 -35.0 0.1 0.1 0.1 0.1 0.1 0.1 0.576 0.44 0.919 0.395 0.413 1.047 0 0 1 0 0 0
1985-07-14T13:30:00 1985 7 14 13 30 0 3.5 -1.1 507.9 6.28 2.62 1.23 1.4 0.88 2 2 1 0 0 2 2 1 2.7 3.39 -30.0 -1.1 -1.1 -1.1 -1.1 -1.1 -1.1 0.474 0.391 0.896 0.286 0.458 1.05 0 0 1 0 0 0
1985-07-14T14:30:00 1985 7 14 14 30 0 2.6 0.9 507.7 6.28 2.62 1.03 0.66 0.41 2 2 1 0 0 2 2 1 2.7 3.2 -30.0 0.9 0.9 0.9 0.9 0.9 0.9 0.341 0.234 0.87 0.171 0.206 0.583 0 0 1 0 0 0
1985-07-14T15:30:00 1985 7 14 15 30 0 1.3 -0.1 507.4 6.28 2.62 0.3 0.02 0.02 2 2 1 0 0 2 2 1 2.0 2.91 -30.0 -0.1 -0.1 -0.1 -0.1 -0.1 -0.1 0.236 0.132 0.843 0.097 0.096 0.317 0 0 1 0 0 0
1985-07-14T16:30:00 1985 7 14 16 30 0 0.6 -0.7 507.2 6.28 2.62 0.2 1.08 0.68 2 2 1 0 0 2 2 1 2.0 2.63 -32.0 -0.7 -0.7 -0.7 -0.7 -0.7 -0.7 0.223 0.204 0.821 0.095 0.289 0.65 0 0 1 0 0 0
1985-07-14T17:30:00 1985 7 14 17 30 0 0.2 0.3 507.0 6.28 2.62 0.05 0.55 0.35 2 2 1 0 0 2 2 1 2.0 2.5 -34.0 0.3 0.3 0.3 0.3 0.3 0.3 0.17 0.143 0.797 0.063 0.155 0.424 0 0 1 0 0 0
1985-07-14T18:30:00 1985 7 14 18 30 0 2.1 1.6 506.7 6.28 2.62 0.07 0.0 0.0 2 2 1 0 0 2 2 1 1.3 2.28 -31.0 1.6 1.6 1.6 1.6 1.6 1.6 0.115 0.071 0.773 0.035 0.049 0.176 0 0 1 0 0 0
1985-07-14T19:30:00 1985 7 14 19 30 0 0.3 0.5 506.5 6.28 2.62 0.06 0.0 0.0 2 2 1 0 0 2 2 1 1.3 2.07 -32.0 0.5 0.5 0.5 0.5 0.5 0.5 0.078 0.035 0.749 0.02 0.016 0.073 0 0 1 0 0 0
1985-07-14T20:30:00 1985 7 14 20 30 0 0.3 -0.2 506.2 6.28 2.62 0.01 0.09 0.06 2 2 1 0 0 2 2 1 1.3 1.9 -33.0 -0.2 -0.2 -0.2 -0.2 -0.2 -0.2 0.063 0.047 0.726 0.015 0.062 0.166 0 0 1 0 0 0
1985-07-14T21:30:00 1985 7 14 21 30 0 0.6 0.2 506.0 6.28 2.62 0.02 0.11 0.07 2 2 1 0 0 2 2 1 1.3 1.72 -33.0 0.2 0.2 0.2 0.2 0.2 0.2 0.046 0.032 0.704 0.009 0.033 0.107 0 0 1 0 0 0
1985-07-14T22:30:00 1985 7 14 22 30 0 0.7 0.4 505.7 6.28 2.62 0.03 0.0 0.0 2 2 1 0 0 2 2 1 1.3 1.55 -33.0 0.4 0.4 0.4 0.4 0.4 0.4 0.031 0.016 0.683 0.005 0.01 0.044 0 0 1 0 0 0
1985-07-14T23:30:00 1985 7 14 23 30 0 0.7 0.3 505.5 6.28 2.62 0.03 0.0 0.0 2 2 1 0 0 2 2 1 1.3 1.47 -30.0 0.3 0.3 0.3 0.3 0.3 0.3 0.021 0.008 0.662 0.003 0.003 0.018 0 0 1 0 0 0
