1985-02-03T00:30:00 1985 2 3 0 30 0 -0.27 0.24 484.6 7.18 2.85 0.0 0.0 0.0 0 0 0 0 0 0 0 0 1.7 2.37 -17.0 -0.77 -0.54 -1.22 -1.19 -0.56 -0.37 0.296 0.308 0.329 0.275 0.391 0.804 0 0 0 0 0 0
1985-02-03T01:30:00 1985 2 3 1 30 0 -0.27 0.24 484.6 7.18 2.85 0.0 0.0 0.0 0 0 0 0 0 0 0 0 1.7 2.29 -19.0 -0.77 -0.54 -1.22 -1.19 -0.56 -0.37 0.296 0.308 0.33 0.275 0.391 0.804 0 0 0 0 0 0
1985-02-03T02:30:00 1985 2 3 2 30 0 -0.27 0.24 484.6 7.18 2.85 0.0 0.0 0.0 0 0 0 0 0 0 0 0 1.7 2.16 -19.0 -0.77 -0.54 -1.22 -1.19 -0.56 -0.37 0.296 0.308 0.33 0.275 0.391 0.804 0 0 0 0 0 0
1985-02-03T03:30:00 1985 2 3 3 30 0 -0.27 0.24 484.6 7.18 2.85 0.0 0.0 0.0 0 0 0 0 0 0 0 0 1.7 2.04 -21.0 -0.77 -0.54 -1.22 -1.19 -0.56 -0.37 0.296 0.308 0.331 0.275 0.391 0.804 0 0 0 0 0 0
1985-02-03T04:30:00 1985 2 3 4 30 0 -0.27 0.24 484.6 7.18 2.85 0.0 0.0 0.0 0 0 0 0 0 0 0 0 1.7 1.92 -18.0 -0.77 -0.54 -1.22 -1.19 -0.56 -0.37 0.296 0.308 0.332 0.275 0.391 0.804 0 0 0 0 0 0
1985-02-03T05:30:00 1985 2 3 5 30 0 -0.27 0.24 484.6 7.18 2.85 0.0 0.0 0.0 0 0 0 0 0 0 0 0 1.7 1.84 -17.0 -0.77 -0.54 -1.22 -1.19 -0.56 -0.37 0.296 0.308 0.332 0.275 0.391 0.804 0 0 0 0 0 0
1985-02-03T06:30:00 1985 2 3 6 30 0 -0.27 0.24 484.6 7.18 2.85 0.0 0.0 0.0 0 0 0 0 0 0 0 0 1.0 1.68 -16.0 -0.77 -0.54 -1.22 -1.19 -0.56 -0.37 0.296 0.308 0.333 0.275 0.391 0.804 0 0 0 0 0 0
1985-02-03T07:30:00 1985 2 3 7 30 0 -0.27 0.24 484.6 7.18 2.85 0.0 0.0 0.0 0 0 0 0 0 0 0 0 1.0 1.52 -16.0 -0.77 -0.54 -1.22 -1.19 -0.56 -0.37 0.296 0.308 0.333 0.275 0.391 0.804 0 0 0 0 0 0
1985-02-03T08:30:00 1985 2 3 8 30 0 -0.27 0.24 484.6 7.18 2.85 0.0 0.0 0.0 0 0 0 0 0 0 0 0 1.0 1.43 -16.0 -0.77 -0.54 -1.22 -1.19 -0.56 -0.37 0.296 0.308 0.334 0.275 0.391 0.804 0 0 0 0 0 0
1985-02-03T09:30:00 1985 2 3 9 30 0 -0.27 0.24 484.6 7.18 2.85 0.0 0.0 0.0 0 0 0 0 0 0 0 0 1.0 1.34 -15.0 -0.77 -0.54 -1.22 -1.19 -0.56 -0.37 0.296 0.308 0.334 0.275 0.391 0.804 0 0 0 0 0 0
1985-02-03T10:30:00 1985 2 3 10 30 0 -0.27 0.24 484.6 7.18 2.85 0.0 0.0 0.0 0 0 0 0 0 0 0 0 1.0 1.25 -13.0 -0.77 -0.54 -1.22 -1.19 -0.56 -0.37 0.296 0.308 0.335 0.275 0.391 0.804 0 0 0 0 0 0
1985-02-03T11:30:00 1985 2 3 11 30 0 -0.27 0.24 484.6 7.18 2.85 0.0 0.0 0.0 0 0 0 0 0 0 0 0 1.0 1.17 -9.0 -0.77 -0.54 -1.22 -1.19 -0.56 -0.37 0.296 0.308 0.335 0.275 0.391 0.804 0 0 0 0 0 0
1985-02-03T12:30:00 1985 2 3 12 30 0 -0.27 0.24 484.6 7.18 2.85 0.0 0.0 0.0 0 0 0 0 0 0 0 0 3.3 1.38 -9.0 -0.77 -0.54 -1.22 -1.19 -0.56 -0.37 0.296 0.308 0.336 0.275 0.391 0.804 0 0 0 0 0 0
1985-02-03T13:30:00 1985 2 3 13 30 0 -0.27 0.24 484.6 7.18 2.85 0.0 0.0 0.0 0 0 0 0 0 0 0 0 3.3 1.6 -13.0 -0.77 -0.54 -1.22 -1.19 -0.56 -0.37 0.296 0.308 0.336 0.275 0.391 0.804 0 0 0 0 0 0
1985-02-03T14:30:00 1985 2 3 14 30 0 -0.27 0.24 484.6 7.18 2.85 0.0 0.0 0.0 0 0 0 0 0 0 0 0 3.3 1.89 -21.0 -0.77 -0.54 -1.22 -1.19 -0.56 -0.37 0.296 0.308 0.336 0.275 0.391 0.804 0 0 0 0 0 0
1985-02-03T15:30:00 1985 2 3 15 30 0 -0.27 0.24 484.6 7.18 2.85 0.0 0.0 0.0 0 0 0 0 0 0 0 0 2.7 2.1 -22.0 -0.77 -0.54 -1.21 -1.19 -0.56 -0.37 0.296 0.308 0.337 0.275 0.391 0.804 0 0 0 0 0 0
1985-02-03T16:30:00 1985 2 3 16 30 0 -0.27 0.24 484.6 7.17 2.85 0.0 0.0 0.0 0 0 0 0 0 0 0 0 2.7 2.31 -20.0 -0.76 -0.54 -1.21 -1.19 -0.56 -0.37 0.295 0.307 0.337 0.274 0.391 0.803 0 0 0 0 0 0
1985-02-03T17:30:00 1985 2 3 17 30 0 -0.27 0.24 484.6 7.17 2.85 0.0 0.0 0.0 0 0 0 0 0 0 0 0 2.7 2.52 -19.0 -0.76 -0.54 -1.21 -1.19 -0.56 -0.37 0.294 0.307 0.337 0.274 0.391 0.803 0 0 0 0 0 0
1985-02-03T18:30:00 1985 2 3 18 30 0 -0.27 0.24 484.6 7.17 2.85 0.0 0.0 0.0 0 0 0 0 0 0 0 0 2.7 2.72 -15.0 -0.76 -0.54 -1.21 -1.19 -0.56 -0.37 0.294 0.307 0.337 0.274 0.391 0.803 0 0 0 0 0 0
1985-02-03T19:30:00 1985 2 3 19 30 0 -0.27 0.24 483.2 7.17 2.85 0.0 0.0 0.0 0 0 1 0 0 0 1 0 2.7 2.92 -17.0 -0.76 -0.54 -1.21 -1.19 -0.56 -0.37 0.293 0.307 0.338 0.274 0.39 0.8 0 0 0 0 0 0
1985-02-03T20:30:00 1985 2 3 20 30 0 -0.27 0.24 480.4 7.17 2.85 0.0 0.0 0.0 0 0 1 0 0 0 1 0 2.7 2.84 -17.0 -0.76 -0.54 -1.21 -1.19 -0.56 -0.37 0.293 0.307 0.338 0.273 0.388 0.794 0 0 0 0 0 0
1985-02-03T21:30:00 1985 2 3 21 30 0 -0.27 0.24 477.6 7.17 2.85 0.0 0.0 0.0 0 0 1 0 0 0 1 0 0.3 2.46 -15.0 -0.76 -0.54 -1.21 -1.19 -0.56 -0.37 0.292 0.307 0.338 0.272 0.385 0.785 0 0 0 0 0 0
1985-02-03T22:30:00 1985 2 3 22 30 0 -0.26 0.24 474.8 7.17 2.85 0.0 0.0 0.0 0 0 1 0 0 0 1 0 0.3 2.07 -11.0 -0.76 -0.54 -1.21 -1.19 -0.56 -0.37 0.291 0.307 0.338 0.27 0.381 0.775 0 0 0 0 0 0
1985-02-03T23:30:00 1985 2 3 23 30 0 -0.26 0.24 472.0 7.17 2.85 0.0 0.0 0.0 0 0 1 0 0 0 1 0 0.3 1.77 -11.0 -0.76 -0.54 -1.21 -1.19 -0.56 -0.37 0.289 0.306 0.337 0.268 0.378 0.764 0 0 0 0 0 0
