1985-04-24T00:30:00 1985 4 24 0 30 0 0.41 0.11 546.7 7.41 3.38 0.01 0.0 0.0 0 0 1 1 1 0 1 1 4.0 2.64 -31.0 -0.88 -0.62 -1.39 -1.36 -0.65 -0.43 0.384 0.368 0.472 0.406 0.554 1.395 0 0 1 0 0 0
1985-04-24T01:30:00 1985 4 24 1 30 0 0.23 0.11 544.8 6.31 3.1 0.01 0.0 0.0 1 0 1 1 1 1 1 1 4.0 2.77 -34.0 -0.88 -0.62 -1.39 -1.36 -0.65 -0.43 0.375 0.35 0.474 0.389 0.522 1.192 0 0 1 0 0 0
1985-04-24T02:30:00 1985 4 24 2 30 0 -0.26 0.11 542.8 5.2 2.83 0.0 0.0 0.0 1 0 1 1 1 1 1 1 4.0 2.94 -31.0 -0.88 -0.62 -1.39 -1.36 -0.65 -0.43 0.361 0.328 0.474 0.366 0.485 0.975 0 0 1 0 0 0
1985-04-24T03:30:00 1985 4 24 3 30 0 -0.74 -0.34 540.9 4.3 2.56 0.06 0.39 0.17 1 1 1 1 1 1 1 1 4.3 3.15 -28.0 -1.2 -0.98 -1.64 -1.62 -1.0 -0.81 0.363 0.338 0.476 0.365 0.52 0.88 0 1 1 0 1 1
1985-04-24T04:30:00 1985 4 24 4 30 0 -1.0 -2.68 538.9 4.3 2.48 1.12 4.34 1.86 1 1 1 1 1 1 1 1 4.3 3.35 -27.0 -2.86 -2.81 -2.95 -2.95 -2.82 -2.78 0.465 0.488 0.49 0.497 0.842 1.161 1 1 1 1 1 1
1985-04-24T05:30:00 1985 4 24 5 30 0 -1.0 -3.3 537.0 4.3 2.48 3.03 8.11 3.49 2 2 2 2 2 2 2 2 4.3 3.64 -31.0 -3.3 -3.3 -3.3 -3.3 -3.3 -3.3 0.604 0.648 0.514 0.673 1.111 1.449 1 2 1 1 2 2
1985-04-24T06:30:00 1985 4 24 6 30 0 -2.0 -3.1 530.0 4.3 2.42 3.58 8.51 3.66 2 2 2 2 2 2 2 2 4.3 3.92 -43.0 -3.1 -3.1 -3.1 -3.1 -3.1 -3.1 0.698 0.728 0.537 0.764 1.182 1.549 2 2 1 2 2 2
1985-04-24T07:30:00 1985 4 24 7 30 0 -1.1 -1.0 539.0 3.5 2.03 1.75 5.24 2.06 2 2 2 2 2 2 2 2 4.3 4.19 -47.0 -1.0 -1.0 -1.0 -1.0 -1.0 -1.0 0.635 0.609 0.538 0.597 0.866 1.212 2 2 1 2 2 2
1985-04-24T08:30:00 1985 4 24 8 30 0 -3.7 2.6 543.0 4.3 2.54 0.46 0.27 0.1 2 2 2 2 2 2 2 2 4.3 4.23 -45.0 2.6 2.6 2.6 2.6 2.6 2.6 0.433 0.31 0.522 0.335 0.286 0.525 2 2 1 2 2 2
1985-04-24T09:30:00 1985 4 24 9 30 0 -1.5 0.3 501.0 4.0 2.01 0.35 0.0 0.0 2 2 2 2 2 2 2 2 3.3 4.13 -40.0 0.3 0.3 0.3 0.3 0.3 0.3 0.293 0.154 0.506 0.188 0.09 0.218 2 2 1 2 2 2
1985-04-24T10:30:00 1985 4 24 10 30 0 -0.13 0.32 515.0 2.8 1.5 0.05 0.0 0.0 1 1 2 2 2 1 2 2 3.3 4.04 -39.0 0.32 0.32 0.32 0.32 0.32 0.32 0.198 0.076 0.49 0.105 0.029 0.09 2 2 1 2 2 2
1985-04-24T11:30:00 1985 4 24 11 30 0 1.23 0.38 517.0 3.5 1.99 0.03 0.0 0.0 1 1 2 2 2 1 2 2 3.3 3.91 -38.0 0.38 0.38 0.38 0.38 0.38 0.38 0.134 0.038 0.475 0.059 0.009 0.037 2 2 1 2 2 2
1985-04-24T12:30:00 1985 4 24 12 30 0 2.6 0.4 514.0 3.5 1.89 0.33 0.0 0.0 2 2 2 2 2 2 2 2 2.3 3.65 -41.0 0.4 0.4 0.4 0.4 0.4 0.4 0.091 0.019 0.461 0.033 0.003 0.016 2 2 1 2 2 2
1985-04-24T13:30:00 1985 4 24 13 30 0 3.9 1.1 527.0 3.0 1.66 0.83 0.0 0.0 2 2 2 2 2 2 2 2 2.3 3.4 -39.0 1.1 1.1 1.1 1.1 1.1 1.1 0.062 0.009 0.447 0.018 0.001 0.006 2 2 1 2 2 2
1985-04-24T14:30:00 1985 4 24 14 30 0 2.5 0.9 510.0 3.4 1.8 0.68 0.0 0.0 2 2 2 2 2 2 2 2 2.3 3.15 -37.0 0.9 0.9 0.9 0.9 0.9 0.9 0.042 0.005 0.433 0.01 0.0 0.003 2 2 1 2 2 2
1985-04-24T15:30:00 1985 4 24 15 30 0 2.4 1.5 522.0 3.7 1.99 0.33 0.0 0.0 2 2 2 2 2 2 2 2 2.3 2.91 -35.0 1.5 1.5 1.5 1.5 1.5 1.5 0.028 0.002 0.42 0.006 0.0 0.001 2 2 1 2 2 2
1985-04-24T16:30:00 1985 4 24 16 30 0 2.6 0.2 517.0 3.7 2.07 0.45 0.0 0.0 2 2 2 2 2 2 2 2 2.3 2.66 -34.0 0.2 0.2 0.2 0.2 0.2 0.2 0.019 0.001 0.407 0.003 0.0 0.0 2 2 1 2 2 2
1985-04-24T17:30:00 1985 4 24 17 30 0 2.6 0.18 520.0 3.7 2.07 0.65 0.0 0.0 1 1 1 1 1 1 1 1 2.3 2.54 -30.0 0.0 0.05 -0.09 -0.09 0.04 0.08 0.013 0.001 0.395 0.003 0.0 0.0 2 2 1 1 2 2
1985-04-24T18:30:00 1985 4 24 18 30 0 2.18 0.12 523.0 3.7 2.19 0.56 0.0 0.0 1 1 1 1 1 1 1 1 1.3 2.29 -28.0 -0.74 -0.51 -1.18 -1.15 -0.54 -0.35 0.061 0.081 0.388 0.063 0.17 0.171 1 1 1 1 1 1
1985-04-24T19:30:00 1985 4 24 19 30 0 1.41 0.1 526.0 4.73 2.58 0.32 0.0 0.0 1 0 1 1 1 1 1 1 1.3 2.04 -27.0 -0.88 -0.62 -1.39 -1.36 -0.65 -0.43 0.131 0.173 0.388 0.156 0.321 0.392 0 0 1 0 0 0
1985-04-24T20:30:00 1985 4 24 20 30 0 0.64 0.1 529.0 5.27 2.96 0.1 0.0 0.0 1 0 1 1 1 1 1 1 1.3 1.91 -26.0 -0.88 -0.62 -1.39 -1.36 -0.65 -0.43 0.189 0.233 0.39 0.226 0.398 0.566 0 0 1 0 0 0
1985-04-24T21:30:00 1985 4 24 21 30 0 0.34 0.1 532.0 5.23 3.33 0.02 0.0 0.0 0 0 1 1 1 0 1 1 1.3 1.79 -25.0 -0.88 -0.62 -1.39 -1.36 -0.65 -0.43 0.23 0.265 0.392 0.267 0.428 0.658 0 0 1 0 0 0
1985-04-24T22:30:00 1985 4 24 22 30 0 0.64 0.1 535.0 5.18 2.96 0.02 0.0 0.0 1 0 1 1 1 1 1 1 1.3 1.66 -26.0 -0.88 -0.62 -1.39 -1.35 -0.65 -0.43 0.258 0.281 0.394 0.29 0.439 0.697 0 0 1 0 0 0
1985-04-24T23:30:00 1985 4 24 23 30 0 1.45 0.1 538.0 4.56 2.59 0.12 0.0 0.0 1 0 1 1 1 1 1 1 1.3 1.54 -24.0 -0.88 -0.62 -1.39 -1.35 -0.65 -0.43 0.274 0.282 0.395 0.299 0.433 0.672 0 0 1 0 0 0
