1985-05-29T00:30:00 1985 5 29 0 30 0 4.9 1.0 456.0 7.1 2.79 1.3 0.02 0.01 2 2 1 1 1 2 2 1 1.7 1.47 3.0 1.0 1.0 1.0 1.0 1.0 1.0 0.145 0.113 0.147 0.069 0.071 0.273 1 1 0 1 1 1
1985-05-29T01:30:00 1985 5 29 1 30 0 4.9 2.8 456.0 7.1 2.79 1.25 0.0 0.0 2 2 2 2 2 2 2 2 1.7 1.56 7.0 2.8 2.8 2.8 2.8 2.8 2.8 0.098 0.056 0.142 0.039 0.023 0.113 1 1 0 1 1 1
1985-05-29T02:30:00 1985 5 29 2 30 0 1.6 5.1 467.0 8.6 3.6 0.3 0.0 0.0 2 2 2 2 2 2 2 2 1.7 1.6 13.0 5.1 5.1 5.1 5.1 5.1 5.1 0.067 0.028 0.138 0.022 0.007 0.047 1 1 0 1 1 1
1985-05-29T03:30:00 1985 5 29 3 30 0 4.4 2.5 435.0 8.2 3.03 0.31 0.0 0.0 2 2 2 2 2 2 2 2 1.3 1.6 10.0 2.5 2.5 2.5 2.5 2.5 2.5 0.045 0.014 0.134 0.012 0.002 0.02 1 1 0 1 1 1
1985-05-29T04:30:00 1985 5 29 4 30 0 2.6 0.0 416.0 7.1 2.38 0.65 0.0 0.0 2 2 2 2 2 2 2 2 1.3 1.6 8.0 0.0 0.0 0.0 0.0 0.0 0.0 0.031 0.007 0.13 0.007 0.001 0.008 1 1 0 1 1 1
1985-05-29T05:30:00 1985 5 29 5 30 0 4.2 2.9 432.0 7.1 2.58 0.57 0.0 0.0 2 2 2 2 2 2 2 2 1.3 1.54 4.0 2.9 2.9 2.9 2.9 2.9 2.9 0.021 0.003 0.126 0.004 0.0 0.003 1 1 0 1 1 1
1985-05-29T06:30:00 1985 5 29 6 30 0 4.6 0.3 416.0 6.3 2.14 1.06 0.0 0.0 2 2 2 2 2 2 2 2 1.7 1.55 2.0 0.3 0.3 0.3 0.3 0.3 0.3 0.014 0.002 0.122 0.002 0.0 0.001 1 1 0 1 1 1
1985-05-29T07:30:00 1985 5 29 7 30 0 2.9 -1.0 412.0 5.4 1.79 1.35 0.88 0.49 2 2 2 2 2 2 2 2 1.7 1.55 -2.0 -1.0 -1.0 -1.0 -1.0 -1.0 -1.0 0.065 0.133 0.121 0.038 0.191 0.277 2 2 0 2 2 2
1985-05-29T08:30:00 1985 5 29 8 30 0 2.0 2.2 414.0 5.2 1.76 0.42 0.24 0.13 2 2 2 2 2 2 2 2 1.7 1.55 -3.0 2.2 2.2 2.2 2.2 2.2 2.2 0.049 0.079 0.117 0.023 0.074 0.142 2 2 0 2 2 2
1985-05-29T09:30:00 1985 5 29 9 30 0 1.7 2.3 407.0 5.2 1.72 0.08 0.0 0.0 2 2 2 2 2 2 2 2 0.3 1.37 -1.0 2.3 2.3 2.3 2.3 2.3 2.3 0.033 0.039 0.114 0.013 0.023 0.059 2 2 0 2 2 2
1985-05-29T10:30:00 1985 5 29 10 30 0 -0.7 5.4 419.0 4.3 1.43 0.01 0.0 0.0 2 2 2 2 2 2 2 2 0.3 1.19 2.0 5.4 5.4 5.4 5.4 5.4 5.4 0.022 0.019 0.11 0.007 0.007 0.025 2 2 0 2 2 2
1985-05-29T11:30:00 1985 5 29 11 30 0 1.35 3.9 412.0 3.9 1.32 0.0 0.0 0.0 1 1 2 2 2 1 2 2 0.3 1.06 4.0 3.9 3.9 3.9 3.9 3.9 3.9 0.015 0.01 0.107 0.004 0.002 0.01 2 2 0 2 2 2
1985-05-29T12:30:00 1985 5 29 12 30 0 3.4 2.4 408.3 3.9 1.32 0.16 0.0 0.0 2 2 1 1 1 2 2 1 0.3 0.93 4.0 2.4 2.4 2.4 2.4 2.4 2.4 0.01 0.005 0.103 0.002 0.001 0.004 2 2 0 2 2 2
1985-05-29T13:30:00 1985 5 29 13 30 0 4.3 1.0 404.5 3.9 1.46 0.71 0.0 0.0 2 2 1 1 1 2 2 1 0.3 0.81 4.0 1.0 1.0 1.0 1.0 1.0 1.0 0.007 0.002 0.1 0.001 0.0 0.002 2 2 0 2 2 2
1985-05-29T14:30:00 1985 5 29 14 30 0 3.5 0.3 400.8 5.33 1.89 0.96 0.0 0.0 2 2 1 1 1 2 2 1 0.3 0.64 4.0 0.3 0.3 0.3 0.3 0.3 0.3 0.005 0.001 0.097 0.001 0.0 0.001 2 2 0 2 2 2
1985-05-29T15:30:00 1985 5 29 15 30 0 3.3 -1.0 397.1 7.07 2.32 1.14 0.85 0.57 2 2 1 1 1 2 2 1 1.3 0.6 6.0 -1.0 -1.0 -1.0 -1.0 -1.0 -1.0 0.061 0.144 0.097 0.039 0.195 0.323 1 1 0 1 1 1
1985-05-29T16:30:00 1985 5 29 16 30 0 1.7 -1.5 393.4 7.97 2.76 1.1 2.51 1.9 2 2 1 1 1 2 2 1 1.3 0.56 4.0 -1.5 -1.5 -1.5 -1.5 -1.5 -1.5 0.175 0.354 0.101 0.134 0.426 0.757 1 1 0 1 1 1
1985-05-29T17:30:00 1985 5 29 17 30 0 1.1 -0.8 389.6 8.18 2.75 0.56 2.19 1.77 2 2 1 1 1 2 2 1 1.3 0.69 0.0 -0.8 -0.8 -0.8 -0.8 -0.8 -0.8 0.228 0.417 0.104 0.156 0.431 0.873 1 1 0 1 1 1
1985-05-29T18:30:00 1985 5 29 18 30 0 3.2 0.9 385.9 7.59 2.28 0.39 0.3 0.25 2 2 1 1 1 2 2 1 1.0 0.77 2.0 0.9 0.9 0.9 0.9 0.9 0.9 0.164 0.23 0.101 0.092 0.16 0.418 1 1 0 1 1 1
1985-05-29T19:30:00 1985 5 29 19 30 0 3.6 0.2 382.2 6.05 1.81 0.74 0.0 0.0 2 2 1 1 1 2 2 1 1.0 0.86 3.0 0.2 0.2 0.2 0.2 0.2 0.2 0.111 0.114 0.098 0.051 0.051 0.173 1 1 0 1 1 1
1985-05-29T20:30:00 1985 5 29 20 30 0 3.4 -0.4 378.5 4.8 1.34 1.0 0.28 0.14 2 2 1 1 1 2 2 1 1.0 0.94 2.0 -0.4 -0.4 -0.4 -0.4 -0.4 -0.4 0.096 0.119 0.095 0.038 0.095 0.183 1 1 0 1 1 1
1985-05-29T21:30:00 1985 5 29 21 30 0 2.8 0.4 374.7 4.8 1.19 0.73 0.16 0.08 2 2 1 1 1 2 2 1 1.0 1.03 0.0 0.4 0.4 0.4 0.4 0.4 0.4 0.069 0.071 0.093 0.023 0.042 0.095 1 1 0 1 1 1
1985-05-29T22:30:00 1985 5 29 22 30 0 1.8 2.3 371.0 4.8 1.19 0.2 0.0 0.0 2 2 2 2 2 2 2 2 1.0 1.11 -1.0 2.3 2.3 2.3 2.3 2.3 2.3 0.047 0.035 0.09 0.013 0.013 0.04 1 1 0 1 1 1
1985-05-29T23:30:00 1985 5 29 23 30 0 1.3 2.2 365.0 4.3 1.05 0.04 0.0 0.0 2 2 2 2 2 2 2 2 1.0 1.07 3.0 2.2 2.2 2.2 2.2 2.2 2.2 0.032 0.017 0.087 0.007 0.004 0.016 1 1 0 1 1 1
