1985-06-30T00:30:00 1985 6 30 0 30 0 -3.3 0.4 577.0 2.8 1.83 1.36 0.0 0.0 2 2 2 2 2 2 2 2 2.3 2.49 -7.0 0.4 0.4 0.4 0.4 0.4 0.4 0.024 0.005 0.274 0.008 0.002 0.005 2 1 1 1 1 1
1985-06-30T01:30:00 1985 6 30 1 30 0 -3.0 0.2 571.0 2.8 1.83 1.01 0.0 0.0 2 2 2 2 2 2 2 2 2.3 2.44 -8.0 0.2 0.2 0.2 0.2 0.2 0.2 0.016 0.003 0.266 0.005 0.001 0.002 2 1 1 1 1 1
1985-06-30T02:30:00 1985 6 30 2 30 0 0.4 1.5 559.0 2.8 1.71 0.19 0.0 0.0 2 2 2 2 2 2 2 2 2.3 2.36 -10.0 1.5 1.5 1.5 1.5 1.5 1.5 0.011 0.001 0.258 0.003 0.0 0.001 2 1 1 1 1 1
1985-06-30T03:30:00 1985 6 30 3 30 0 -0.1 1.9 566.0 2.6 1.64 0.0 0.0 0.0 2 2 2 2 2 2 2 2 0.7 2.06 -7.0 1.9 1.9 1.9 1.9 1.9 1.9 0.008 0.001 0.25 0.001 0.0 0.0 2 1 1 1 1 1
1985-06-30T04:30:00 1985 6 30 4 30 0 -1.3 1.6 557.0 2.7 1.66 0.02 0.0 0.0 2 2 2 2 2 2 2 2 0.7 1.77 -4.0 1.6 1.6 1.6 1.6 1.6 1.6 0.005 0.0 0.242 0.001 0.0 0.0 2 1 1 1 1 1
1985-06-30T05:30:00 1985 6 30 5 30 0 -2.2 0.6 563.0 2.7 1.67 0.19 0.0 0.0 2 2 2 2 2 2 2 2 0.7 1.61 -2.0 0.6 0.6 0.6 0.6 0.6 0.6 0.003 0.0 0.235 0.0 0.0 0.0 2 1 1 1 1 1
1985-06-30T06:30:00 1985 6 30 6 30 0 -2.4 -0.1 555.0 2.7 1.62 0.55 0.03 0.01 2 2 2 2 2 2 2 2 0.7 1.44 -4.0 -0.1 -0.1 -0.1 -0.1 -0.1 -0.1 0.006 0.011 0.228 0.001 0.025 0.031 2 2 1 2 2 2
1985-06-30T07:30:00 1985 6 30 7 30 0 -1.7 -0.3 554.0 2.4 1.47 0.56 0.58 0.15 2 2 2 2 2 2 2 2 0.7 1.28 -7.0 -0.3 -0.3 -0.3 -0.3 -0.3 -0.3 0.029 0.061 0.222 0.012 0.127 0.143 2 2 1 2 2 2
1985-06-30T08:30:00 1985 6 30 8 30 0 -1.7 0.0 548.0 2.5 1.5 0.38 0.38 0.09 2 2 2 2 2 2 2 2 0.7 1.08 -8.0 0.0 0.0 0.0 0.0 0.0 0.0 0.031 0.056 0.216 0.011 0.09 0.121 2 2 1 2 2 2
1985-06-30T09:30:00 1985 6 30 9 30 0 -1.9 0.7 532.0 2.7 1.47 0.28 0.0 0.0 2 2 2 2 2 2 2 2 1.3 0.97 -7.0 0.7 0.7 0.7 0.7 0.7 0.7 0.021 0.028 0.209 0.006 0.028 0.05 2 2 1 2 2 2
1985-06-30T10:30:00 1985 6 30 10 30 0 -3.3 0.4 530.0 3.6 1.98 0.6 0.0 0.0 2 2 2 2 2 2 2 2 1.3 0.86 -3.0 0.4 0.4 0.4 0.4 0.4 0.4 0.014 0.014 0.203 0.003 0.009 0.021 2 2 1 2 2 2
1985-06-30T11:30:00 1985 6 30 11 30 0 -2.8 0.6 528.0 3.9 2.1 0.78 0.0 0.0 2 2 1 1 1 2 2 1 1.3 0.93 0.0 0.6 0.6 0.6 0.6 0.6 0.6 0.01 0.007 0.197 0.002 0.003 0.009 2 2 1 2 2 2
1985-06-30T12:30:00 1985 6 30 12 30 0 -1.2 0.8 526.0 4.2 2.21 0.27 0.0 0.0 2 2 2 2 2 2 2 2 1.3 1.01 2.0 0.8 0.8 0.8 0.8 0.8 0.8 0.006 0.003 0.191 0.001 0.001 0.004 2 2 1 2 2 2
1985-06-30T13:30:00 1985 6 30 13 30 0 -1.2 0.9 532.0 5.5 2.96 0.07 0.0 0.0 2 2 2 2 2 2 2 2 1.3 1.08 5.0 0.9 0.9 0.9 0.9 0.9 0.9 0.004 0.002 0.185 0.001 0.0 0.001 2 2 1 2 2 2
1985-06-30T14:30:00 1985 6 30 14 30 0 -0.8 0.5 522.0 4.9 2.52 0.05 0.0 0.0 2 2 2 2 2 2 2 2 1.3 1.16 6.0 0.5 0.5 0.5 0.5 0.5 0.5 0.003 0.001 0.179 0.0 0.0 0.001 2 2 1 2 2 2
1985-06-30T15:30:00 1985 6 30 15 30 0 0.7 0.2 523.0 5.8 2.98 0.01 0.0 0.0 2 2 1 1 1 2 2 1 2.0 1.32 4.0 0.2 0.2 0.2 0.2 0.2 0.2 0.002 0.0 0.174 0.0 0.0 0.0 2 2 1 2 2 2
1985-06-30T16:30:00 1985 6 30 16 30 0 -2.7 1.7 524.0 6.7 3.44 0.1 0.0 0.0 2 2 2 2 2 2 2 2 2.0 1.48 5.0 1.7 1.7 1.7 1.7 1.7 1.7 0.001 0.0 0.168 0.0 0.0 0.0 2 2 1 2 2 2
1985-06-30T17:30:00 1985 6 30 17 30 0 -2.7 2.5 525.0 6.6 3.45 0.3 0.0 0.0 2 2 2 2 2 2 2 2 2.0 1.57 7.0 2.5 2.5 2.5 2.5 2.5 2.5 0.001 0.0 0.163 0.0 0.0 0.0 2 2 1 2 2 2
1985-06-30T18:30:00 1985 6 30 18 30 0 -4.6 -0.3 518.0 7.7 3.89 1.15 0.08 0.06 2 2 2 2 2 2 2 2 3.3 1.83 9.0 -0.3 -0.3 -0.3 -0.3 -0.3 -0.3 0.014 0.035 0.159 0.007 0.073 0.182 2 2 1 2 2 2
1985-06-30T19:30:00 1985 6 30 19 30 0 -3.3 -0.6 521.0 7.1 3.64 1.91 1.2 0.88 2 2 2 2 2 2 2 2 3.3 2.09 5.0 -0.6 -0.6 -0.6 -0.6 -0.6 -0.6 0.079 0.167 0.158 0.048 0.306 0.744 2 2 2 2 2 2
1985-06-30T20:30:00 1985 6 30 20 30 0 -2.8 -4.4 526.0 7.1 3.73 3.94 6.97 4.95 2 2 2 2 2 2 2 2 3.3 2.34 0.0 -4.4 -4.4 -4.4 -4.4 -4.4 -4.4 0.391 0.589 0.196 0.503 1.115 2.053 2 2 2 2 2 2
1985-06-30T21:30:00 1985 6 30 21 30 0 -2.3 -4.5 498.0 7.0 3.47 6.71 11.38 8.02 2 2 2 2 2 2 2 2 4.0 2.68 -18.0 -4.5 -4.5 -4.5 -4.5 -4.5 -4.5 0.719 0.929 0.255 0.98 1.544 2.76 2 2 2 2 2 2
1985-06-30T22:30:00 1985 6 30 22 30 0 -2.5 5.6 518.0 8.7 4.58 1.11 2.06 1.51 2 2 2 2 2 2 2 2 4.0 3.01 -14.0 5.6 5.6 5.6 5.6 5.6 5.6 0.535 0.533 0.253 0.598 0.595 1.372 2 2 2 2 2 2
1985-06-30T23:30:00 1985 6 30 23 30 0 -6.0 3.4 511.0 9.0 4.6 0.72 0.0 0.0 2 2 2 2 2 2 2 2 4.0 3.26 -3.0 3.4 3.4 3.4 3.4 3.4 3.4 0.362 0.264 0.245 0.335 0.188 0.569 2 2 2 2 2 2
