1985-03-17T00:30:00 1985 3 17 0 30 0 1.0 0.73 453.0 5.45 2.12 0.08 0.03 0.02 1 1 1 1 1 1 1 1 2.7 2.67 -6.0 -0.4 -0.27 -0.67 -0.65 -0.29 -0.19 0.127 0.202 0.142 0.078 0.241 0.473 1 1 1 1 1 1
1985-03-17T01:30:00 1985 3 17 1 30 0 0.86 0.27 453.0 5.03 1.88 0.04 0.0 0.0 1 1 1 1 1 1 1 1 2.7 2.67 -10.0 0.0 0.03 -0.07 -0.07 0.02 0.05 0.103 0.131 0.139 0.058 0.121 0.258 1 1 1 1 1 1
1985-03-17T02:30:00 1985 3 17 2 30 0 0.8 0.1 453.0 4.6 1.64 0.05 0.0 0.0 2 2 2 2 2 2 2 2 2.7 2.72 -8.0 0.1 0.1 0.1 0.1 0.1 0.1 0.07 0.065 0.135 0.033 0.038 0.107 1 1 1 1 1 1
1985-03-17T03:30:00 1985 3 17 3 30 0 0.7 0.3 446.9 4.6 1.64 0.04 0.0 0.0 2 2 1 1 1 2 2 1 1.0 2.54 -7.0 0.3 0.3 0.3 0.3 0.3 0.3 0.047 0.032 0.131 0.018 0.012 0.044 1 1 1 1 1 1
1985-03-17T04:30:00 1985 3 17 4 30 0 0.7 0.44 440.7 4.63 1.63 0.02 0.0 0.0 1 1 1 1 1 1 1 1 1.0 2.37 -5.0 0.16 0.19 0.09 0.09 0.19 0.21 0.032 0.016 0.127 0.01 0.004 0.018 1 1 1 1 1 1
1985-03-17T05:30:00 1985 3 17 5 30 0 0.9 0.96 434.6 4.68 1.6 0.02 0.0 0.0 1 1 1 1 1 1 1 1 1.0 2.11 -7.0 -0.37 -0.22 -0.69 -0.67 -0.24 -0.12 0.043 0.044 0.125 0.03 0.063 0.063 1 1 1 1 1 1
1985-03-17T06:30:00 1985 3 17 6 30 0 1.35 1.05 428.4 4.72 1.58 0.04 0.0 0.0 1 0 1 1 1 1 1 1 1.0 1.86 -7.0 -0.47 -0.3 -0.84 -0.81 -0.32 -0.18 0.074 0.101 0.125 0.066 0.14 0.158 0 0 1 0 0 0
1985-03-17T07:30:00 1985 3 17 7 30 0 1.8 1.07 422.3 4.77 1.55 0.1 0.0 0.0 1 1 1 1 1 1 1 1 1.0 1.62 -8.0 -0.25 -0.1 -0.57 -0.55 -0.12 0.0 0.085 0.106 0.124 0.075 0.126 0.125 1 1 1 1 1 1
1985-03-17T08:30:00 1985 3 17 8 30 0 2.0 1.17 416.1 4.8 1.54 0.15 0.0 0.0 1 1 1 1 1 1 1 1 1.0 1.41 -6.0 0.9 0.93 0.83 0.83 0.92 0.95 0.057 0.053 0.12 0.044 0.04 0.052 1 1 1 1 1 1
1985-03-17T09:30:00 1985 3 17 9 30 0 2.0 1.2 410.0 4.8 1.54 0.16 0.0 0.0 2 2 2 2 2 2 2 2 1.3 1.24 -6.0 1.2 1.2 1.2 1.2 1.2 1.2 0.039 0.026 0.117 0.025 0.013 0.021 1 1 1 1 1 1
1985-03-17T10:30:00 1985 3 17 10 30 0 1.87 1.59 407.3 5.5 1.77 0.13 0.0 0.0 1 1 1 1 1 1 1 1 1.3 1.08 -3.0 1.59 1.59 1.59 1.59 1.59 1.59 0.026 0.013 0.113 0.014 0.004 0.009 1 1 1 1 1 1
1985-03-17T11:30:00 1985 3 17 11 30 0 1.73 3.31 404.7 6.2 2.0 0.07 0.0 0.0 1 1 1 1 1 1 1 1 1.3 1.12 2.0 3.31 3.31 3.31 3.31 3.31 3.31 0.018 0.006 0.11 0.008 0.001 0.004 1 1 1 1 1 1
1985-03-17T12:30:00 1985 3 17 12 30 0 1.6 3.7 402.0 6.9 2.23 0.04 0.0 0.0 2 2 2 2 2 2 2 2 0.7 1.08 3.0 3.7 3.7 3.7 3.7 3.7 3.7 0.012 0.003 0.106 0.004 0.0 0.002 1 1 1 1 1 1
1985-03-17T13:30:00 1985 3 17 13 30 0 2.2 2.1 398.0 7.3 2.22 0.07 0.0 0.0 2 2 2 2 2 2 2 2 0.7 1.04 2.0 2.1 2.1 2.1 2.1 2.1 2.1 0.008 0.002 0.103 0.002 0.0 0.001 1 1 1 1 1 1
1985-03-17T14:30:00 1985 3 17 14 30 0 1.9 1.1 397.0 8.7 2.62 0.13 0.0 0.0 2 2 2 2 2 2 2 2 0.7 1.0 2.0 1.1 1.1 1.1 1.1 1.1 1.1 0.006 0.001 0.1 0.001 0.0 0.0 1 1 1 1 1 1
1985-03-17T15:30:00 1985 3 17 15 30 0 2.3 1.6 396.0 8.5 2.42 0.16 0.0 0.0 2 2 2 2 2 2 2 2 0.3 0.9 3.0 1.6 1.6 1.6 1.6 1.6 1.6 0.004 0.0 0.097 0.001 0.0 0.0 1 1 1 1 1 1
1985-03-17T16:30:00 1985 3 17 16 30 0 1.5 1.3 397.0 11.8 3.4 0.11 0.0 0.0 2 2 2 2 2 2 2 2 0.3 0.81 7.0 1.3 1.3 1.3 1.3 1.3 1.3 0.003 0.0 0.094 0.0 0.0 0.0 1 1 1 1 1 1
1985-03-17T17:30:00 1985 3 17 17 30 0 1.2 1.2 389.0 13.6 3.84 0.05 0.0 0.0 2 2 2 2 2 2 2 2 0.3 0.69 7.0 1.2 1.2 1.2 1.2 1.2 1.2 0.002 0.0 0.091 0.0 0.0 0.0 1 1 1 1 1 1
1985-03-17T18:30:00 1985 3 17 18 30 0 0.8 1.6 385.0 14.9 4.12 0.02 0.0 0.0 2 2 2 2 2 2 2 2 3.0 0.92 8.0 1.6 1.6 1.6 1.6 1.6 1.6 0.001 0.0 0.088 0.0 0.0 0.0 1 1 1 1 1 1
1985-03-17T19:30:00 1985 3 17 19 30 0 0.8 1.5 385.7 14.72 4.12 0.01 0.0 0.0 1 1 1 1 1 1 1 1 3.0 1.15 7.0 1.22 1.25 1.15 1.15 1.25 1.27 0.001 0.0 0.085 0.0 0.0 0.0 1 1 1 1 1 1
1985-03-17T20:30:00 1985 3 17 20 30 0 -0.02 1.12 386.3 13.74 3.94 0.0 0.0 0.0 1 1 1 1 1 1 1 1 3.0 1.44 4.0 -0.21 -0.06 -0.52 -0.5 -0.07 0.05 0.01 0.015 0.084 0.013 0.021 0.0 1 1 1 1 1 1
1985-03-17T21:30:00 1985 3 17 21 30 0 -1.8 1.04 387.0 12.75 3.66 0.04 0.0 0.0 1 0 1 1 1 1 1 1 3.0 1.74 -2.0 -0.48 -0.3 -0.84 -0.82 -0.32 -0.18 0.062 0.114 0.085 0.068 0.141 0.287 0 0 1 0 0 0
1985-03-17T22:30:00 1985 3 17 22 30 0 -3.58 0.41 387.7 11.76 3.39 0.46 0.0 0.0 1 1 1 1 1 1 1 1 3.0 2.02 -8.0 -0.91 -0.76 -1.22 -1.2 -0.77 -0.65 0.139 0.261 0.089 0.138 0.297 0.745 1 1 1 1 1 1
1985-03-17T23:30:00 1985 3 17 23 30 0 -4.4 -2.84 388.3 10.78 3.21 2.26 2.64 2.92 1 1 1 1 1 1 1 1 3.0 2.35 -4.0 -3.11 -3.08 -3.18 -3.18 -3.09 -3.06 0.343 0.609 0.106 0.369 0.703 1.567 1 1 1 1 1 1
