1985-12-06T00:30:00 1985 12 6 0 30 0 -1.11 0.51 436.0 9.84 3.12 0.06 0.0 0.0 0 0 1 1 0 0 1 1 2.3 1.77 -29.0 -0.43 -0.29 -0.71 -0.69 -0.31 -0.2 0.199 0.233 0.179 0.14 0.255 0.707 0 0 1 0 0 0
1985-12-06T01:30:00 1985 12 6 1 30 0 -1.1 0.51 432.0 8.96 3.11 0.06 0.0 0.0 0 0 1 1 1 0 1 1 2.3 1.81 -27.0 -0.43 -0.29 -0.71 -0.69 -0.31 -0.2 0.193 0.228 0.178 0.136 0.245 0.652 0 0 1 0 0 0
1985-12-06T02:30:00 1985 12 6 2 30 0 -0.83 0.51 428.0 8.09 2.79 0.04 0.0 0.0 1 0 1 1 1 1 1 1 2.3 1.86 -27.0 -0.43 -0.29 -0.71 -0.69 -0.31 -0.2 0.186 0.22 0.176 0.131 0.233 0.579 0 0 1 0 0 0
1985-12-06T03:30:00 1985 12 6 3 30 0 -0.11 0.51 424.0 7.21 2.48 0.01 0.0 0.0 1 0 1 1 1 1 1 1 1.7 1.82 -27.0 -0.43 -0.29 -0.71 -0.69 -0.31 -0.2 0.179 0.211 0.175 0.125 0.22 0.502 0 0 1 0 0 0
1985-12-06T04:30:00 1985 12 6 4 30 0 0.61 0.43 420.0 6.5 2.16 0.0 0.0 0.0 1 1 1 1 1 1 1 1 1.7 1.78 -25.0 -0.38 -0.27 -0.63 -0.61 -0.28 -0.18 0.168 0.198 0.173 0.114 0.201 0.423 0 0 1 0 1 1
1985-12-06T05:30:00 1985 12 6 5 30 0 1.0 0.01 416.0 6.5 2.06 0.05 0.0 0.0 1 1 1 1 1 1 1 1 1.7 1.83 -25.0 -0.16 -0.13 -0.21 -0.21 -0.14 -0.12 0.143 0.166 0.169 0.084 0.156 0.347 0 1 1 1 1 1
1985-12-06T06:30:00 1985 12 6 6 30 0 1.0 -0.1 412.0 6.5 2.06 0.1 0.1 0.07 2 2 2 2 2 2 2 2 2.3 1.95 -25.0 -0.1 -0.1 -0.1 -0.1 -0.1 -0.1 0.113 0.132 0.165 0.053 0.115 0.289 1 1 1 1 2 1
1985-12-06T07:30:00 1985 12 6 7 30 0 0.6 -0.5 412.0 6.4 1.99 0.1 0.65 0.42 2 2 2 2 2 2 2 2 2.3 2.07 -27.0 -0.5 -0.5 -0.5 -0.5 -0.5 -0.5 0.118 0.175 0.161 0.051 0.187 0.396 1 2 1 1 2 2
1985-12-06T08:30:00 1985 12 6 8 30 0 0.6 -0.31 409.8 7.08 2.1 0.09 0.82 0.55 1 1 1 1 1 1 1 1 2.3 2.08 -22.0 -0.49 -0.46 -0.54 -0.54 -0.46 -0.44 0.136 0.222 0.158 0.062 0.238 0.498 1 1 1 1 1 1
1985-12-06T09:30:00 1985 12 6 9 30 0 1.45 0.37 407.6 7.76 2.69 0.09 0.12 0.09 1 1 1 1 1 1 1 1 2.0 2.04 -23.0 -0.44 -0.32 -0.68 -0.67 -0.33 -0.24 0.146 0.228 0.157 0.078 0.23 0.503 1 1 1 1 1 1
1985-12-06T10:30:00 1985 12 6 10 30 0 2.35 0.24 405.4 8.44 3.28 0.26 0.0 0.0 1 1 1 1 1 1 1 1 2.0 2.0 -21.0 -0.57 -0.45 -0.81 -0.8 -0.46 -0.37 0.161 0.245 0.156 0.101 0.248 0.554 1 1 1 1 1 1
1985-12-06T11:30:00 1985 12 6 11 30 0 3.2 -1.14 403.2 9.12 3.87 0.91 1.05 0.94 1 1 1 1 1 1 1 1 2.0 2.04 -20.0 -1.3 -1.28 -1.36 -1.35 -1.28 -1.26 0.227 0.373 0.158 0.16 0.413 0.902 1 1 1 1 1 1
1985-12-06T12:30:00 1985 12 6 12 30 0 3.2 -1.5 401.0 9.8 3.98 1.6 2.68 2.55 2 2 2 2 2 2 2 2 2.0 2.07 -21.0 -1.5 -1.5 -1.5 -1.5 -1.5 -1.5 0.311 0.513 0.163 0.229 0.558 1.265 2 2 1 2 2 2
1985-12-06T13:30:00 1985 12 6 13 30 0 4.0 -1.0 396.0 8.3 2.5 1.8 2.45 2.21 2 2 2 2 2 2 2 2 2.0 2.11 -23.0 -1.0 -1.0 -1.0 -1.0 -1.0 -1.0 0.338 0.528 0.165 0.229 0.522 1.218 2 2 1 2 2 2
1985-12-06T14:30:00 1985 12 6 14 30 0 3.6 -1.4 386.0 8.4 2.47 1.85 2.37 1.98 2 2 2 2 2 2 2 2 2.0 2.07 -25.0 -1.4 -1.4 -1.4 -1.4 -1.4 -1.4 0.36 0.546 0.167 0.234 0.52 1.157 2 2 1 2 2 2
1985-12-06T15:30:00 1985 12 6 15 30 0 3.0 -0.6 378.0 9.9 2.75 1.33 1.85 1.68 2 2 2 2 2 2 2 2 1.3 1.94 -24.0 -0.6 -0.6 -0.6 -0.6 -0.6 -0.6 0.341 0.497 0.167 0.198 0.429 1.052 2 2 1 2 2 2
1985-12-06T16:30:00 1985 12 6 16 30 0 3.4 -0.5 382.0 10.7 2.85 1.04 1.04 1.07 2 2 2 2 2 2 2 2 1.3 1.82 -22.0 -0.5 -0.5 -0.5 -0.5 -0.5 -0.5 0.297 0.421 0.164 0.148 0.34 0.954 2 2 1 2 2 2
1985-12-06T17:30:00 1985 12 6 17 30 0 2.7 -0.7 379.0 11.8 3.03 0.97 1.16 1.31 2 2 2 2 2 2 2 2 1.3 1.73 -20.0 -0.7 -0.7 -0.7 -0.7 -0.7 -0.7 0.281 0.414 0.162 0.131 0.349 1.037 2 2 1 2 2 2
1985-12-06T18:30:00 1985 12 6 18 30 0 2.7 -0.48 378.7 11.8 3.03 0.8 1.1 1.3 1 1 1 1 1 1 1 1 1.3 1.64 -17.0 -0.65 -0.62 -0.7 -0.7 -0.63 -0.61 0.274 0.415 0.16 0.129 0.355 1.09 2 1 1 2 1 1
1985-12-06T19:30:00 1985 12 6 19 30 0 2.0 0.35 378.3 11.8 3.04 0.45 0.23 0.27 1 1 1 1 1 1 1 1 1.3 1.55 -16.0 -0.46 -0.34 -0.71 -0.69 -0.36 -0.26 0.254 0.365 0.159 0.126 0.298 0.939 1 1 1 1 1 1
1985-12-06T20:30:00 1985 12 6 20 30 0 0.71 0.5 378.0 11.51 3.06 0.1 0.0 0.0 1 0 1 1 1 1 1 1 1.3 1.47 -18.0 -0.43 -0.29 -0.71 -0.69 -0.3 -0.2 0.23 0.308 0.158 0.124 0.242 0.754 1 1 1 1 0 1
1985-12-06T21:30:00 1985 12 6 21 30 0 -0.58 0.5 377.7 11.16 3.09 0.0 0.0 0.0 1 0 1 1 1 1 1 1 1.3 1.38 -17.0 -0.43 -0.29 -0.71 -0.69 -0.3 -0.2 0.212 0.273 0.157 0.123 0.217 0.647 1 0 1 0 0 0
1985-12-06T22:30:00 1985 12 6 22 30 0 -1.07 0.5 377.3 10.81 3.11 0.03 0.0 0.0 0 0 1 1 1 0 1 1 1.3 1.3 -21.0 -0.43 -0.29 -0.71 -0.69 -0.3 -0.2 0.199 0.254 0.155 0.121 0.207 0.588 1 0 1 0 0 0
1985-12-06T23:30:00 1985 12 6 23 30 0 -1.07 0.5 377.0 10.46 3.11 0.05 0.0 0.0 0 0 1 1 0 0 1 1 1.3 1.3 -19.0 -0.43 -0.29 -0.71 -0.69 -0.3 -0.2 0.19 0.243 0.154 0.119 0.202 0.55 0 0 1 0 0 0
