1985-10-20T00:30:00 1985 10 20 0 30 0 -1.84 0.48 637.2 2.92 1.96 0.37 0.0 0.0 1 0 1 1 1 1 1 1 1.0 0.92 -20.0 -0.61 -0.4 -1.04 -1.02 -0.42 -0.26 0.048 0.053 0.258 0.072 0.153 0.117 0 0 1 0 0 0
1985-10-20T01:30:00 1985 10 20 1 30 0 -1.28 0.48 631.3 4.28 2.45 0.21 0.0 0.0 1 0 1 1 1 1 1 1 1.0 0.89 -21.0 -0.61 -0.4 -1.04 -1.02 -0.42 -0.26 0.108 0.126 0.262 0.146 0.31 0.382 0 0 1 0 0 0
1985-10-20T02:30:00 1985 10 20 2 30 0 -1.07 0.48 625.4 5.65 2.94 0.1 0.0 0.0 0 0 1 1 1 0 1 1 1.0 0.89 -21.0 -0.61 -0.4 -1.04 -1.02 -0.42 -0.26 0.157 0.177 0.268 0.201 0.389 0.64 0 0 1 0 0 0
1985-10-20T03:30:00 1985 10 20 3 30 0 -1.07 0.48 619.5 6.45 2.96 0.08 0.0 0.0 0 0 1 1 0 0 1 1 2.0 1.02 -21.0 -0.61 -0.4 -1.04 -1.01 -0.42 -0.26 0.196 0.211 0.274 0.239 0.431 0.852 0 0 1 0 0 0
1985-10-20T04:30:00 1985 10 20 4 30 0 -1.07 0.48 613.6 6.17 2.95 0.08 0.0 0.0 0 0 1 1 1 0 1 1 2.0 1.15 -19.0 -0.61 -0.4 -1.04 -1.01 -0.42 -0.26 0.223 0.229 0.28 0.258 0.44 0.933 0 0 1 0 0 0
1985-10-20T05:30:00 1985 10 20 5 30 0 -1.31 0.48 607.7 5.15 2.68 0.11 0.0 0.0 1 0 1 1 1 1 1 1 2.0 1.32 -16.0 -0.61 -0.4 -1.04 -1.01 -0.42 -0.26 0.235 0.23 0.285 0.261 0.422 0.863 0 0 1 0 0 0
1985-10-20T06:30:00 1985 10 20 6 30 0 -1.93 0.48 601.8 4.13 2.42 0.23 0.0 0.0 1 0 1 1 1 1 1 1 2.7 1.57 -17.0 -0.61 -0.4 -1.04 -1.01 -0.42 -0.26 0.237 0.22 0.288 0.251 0.389 0.714 0 0 1 0 0 0
1985-10-20T07:30:00 1985 10 20 7 30 0 -2.56 0.51 595.8 3.3 2.15 0.47 0.0 0.0 1 1 1 1 1 1 1 1 2.7 1.82 -20.0 -0.43 -0.25 -0.81 -0.78 -0.27 -0.13 0.219 0.188 0.288 0.218 0.31 0.506 0 0 1 0 1 0
1985-10-20T08:30:00 1985 10 20 8 30 0 -2.9 0.66 589.9 3.3 2.07 0.68 0.0 0.0 1 1 1 1 1 1 1 1 2.7 2.03 -22.0 0.46 0.5 0.38 0.39 0.5 0.53 0.154 0.098 0.281 0.131 0.109 0.21 0 0 1 0 1 0
1985-10-20T09:30:00 1985 10 20 9 30 0 -2.9 0.7 584.0 3.3 2.07 0.73 0.0 0.0 2 2 2 2 2 2 2 2 2.0 2.15 -20.0 0.7 0.7 0.7 0.7 0.7 0.7 0.104 0.049 0.272 0.074 0.034 0.087 0 0 1 0 1 0
1985-10-20T10:30:00 1985 10 20 10 30 0 -1.7 0.2 575.0 3.6 2.17 0.47 0.0 0.0 2 2 2 2 2 2 2 2 2.0 2.26 -20.0 0.2 0.2 0.2 0.2 0.2 0.2 0.071 0.024 0.264 0.041 0.011 0.036 0 0 1 0 1 0
1985-10-20T11:30:00 1985 10 20 11 30 0 -1.1 1.7 581.0 3.4 2.1 0.11 0.0 0.0 2 2 2 2 2 2 2 2 2.0 2.26 -18.0 1.7 1.7 1.7 1.7 1.7 1.7 0.048 0.012 0.256 0.023 0.003 0.015 0 0 1 0 1 0
1985-10-20T12:30:00 1985 10 20 12 30 0 -1.2 2.1 577.0 2.8 1.69 0.03 0.0 0.0 2 2 2 2 2 2 2 2 1.7 2.22 -18.0 2.1 2.1 2.1 2.1 2.1 2.1 0.032 0.006 0.248 0.013 0.001 0.006 0 0 1 0 1 0
1985-10-20T13:30:00 1985 10 20 13 30 0 -0.8 2.5 576.0 2.5 1.45 0.02 0.0 0.0 2 2 2 2 2 2 2 2 1.7 2.18 -19.0 2.5 2.5 2.5 2.5 2.5 2.5 0.022 0.003 0.241 0.007 0.0 0.003 0 0 1 0 1 0
1985-10-20T14:30:00 1985 10 20 14 30 0 -1.8 2.2 552.0 2.1 1.11 0.05 0.0 0.0 2 2 2 2 2 2 2 2 1.7 2.05 -21.0 2.2 2.2 2.2 2.2 2.2 2.2 0.015 0.001 0.233 0.004 0.0 0.001 0 0 1 0 1 0
1985-10-20T15:30:00 1985 10 20 15 30 0 -2.6 0.4 524.0 2.2 1.05 0.3 0.0 0.0 2 2 2 2 2 2 2 2 0.7 1.8 -22.0 0.4 0.4 0.4 0.4 0.4 0.4 0.01 0.001 0.226 0.002 0.0 0.0 0 0 1 0 1 0
1985-10-20T16:30:00 1985 10 20 16 30 0 -1.6 1.2 533.0 2.4 1.17 0.29 0.0 0.0 2 2 2 2 2 2 2 2 0.7 1.55 -22.0 1.2 1.2 1.2 1.2 1.2 1.2 0.007 0.0 0.219 0.001 0.0 0.0 0 0 1 0 1 0
1985-10-20T17:30:00 1985 10 20 17 30 0 -0.4 -0.5 510.0 2.7 1.21 0.08 0.25 0.07 2 2 2 2 2 2 2 2 0.7 1.38 -22.0 -0.5 -0.5 -0.5 -0.5 -0.5 -0.5 0.02 0.037 0.213 0.01 0.079 0.077 2 2 1 2 2 2
1985-10-20T18:30:00 1985 10 20 18 30 0 -1.1 0.5 500.0 2.4 1.06 0.07 0.26 0.07 2 2 2 2 2 2 2 2 2.0 1.39 -23.0 0.5 0.5 0.5 0.5 0.5 0.5 0.019 0.03 0.207 0.008 0.042 0.052 2 2 1 2 2 2
1985-10-20T19:30:00 1985 10 20 19 30 0 -1.8 2.1 523.0 2.3 1.07 0.08 0.0 0.0 2 2 2 2 2 2 2 2 2.0 1.4 -22.0 2.1 2.1 2.1 2.1 2.1 2.1 0.013 0.015 0.201 0.004 0.013 0.022 2 2 1 2 2 2
1985-10-20T20:30:00 1985 10 20 20 30 0 -1.6 1.7 516.0 2.3 1.04 0.09 0.0 0.0 2 2 2 2 2 2 2 2 2.0 1.44 -20.0 1.7 1.7 1.7 1.7 1.7 1.7 0.009 0.007 0.195 0.002 0.004 0.009 2 2 1 2 2 2
1985-10-20T21:30:00 1985 10 20 21 30 0 -2.8 1.5 492.0 1.6 0.67 0.23 0.0 0.0 2 2 2 2 2 2 2 2 0.3 1.26 -21.0 1.5 1.5 1.5 1.5 1.5 1.5 0.006 0.004 0.189 0.001 0.001 0.004 2 2 1 2 2 2
1985-10-20T22:30:00 1985 10 20 22 30 0 -3.7 0.4 488.0 2.3 0.98 0.75 0.0 0.0 2 2 2 2 2 2 2 2 0.3 1.09 -17.0 0.4 0.4 0.4 0.4 0.4 0.4 0.004 0.002 0.183 0.001 0.0 0.002 2 2 1 2 2 2
1985-10-20T23:30:00 1985 10 20 23 30 0 -3.3 1.7 479.0 3.5 1.4 0.78 0.0 0.0 2 2 2 2 2 2 2 2 0.3 1.03 -16.0 1.7 1.7 1.7 1.7 1.7 1.7 0.003 0.001 0.177 0.0 0.0 0.001 2 2 1 2 2 2
