1993-03-06T00:30:00 1993 3 6 0 30 0 -2.2 -1.7 368.0 5.1 1.38 1.5 3.54 1.77 2 2 2 2 2 2 2 2 1.3 1.28 -22.0 -1.7 -1.7 -1.7 -1.7 -1.7 -1.7 0.417 0.568 0.387 0.305 0.508 0.609 2 2 1 2 2 2
1993-03-06T01:30:00 1993 3 6 1 30 0 -1.5 -1.9 362.0 5.8 1.52 1.11 3.3 1.81 2 2 2 2 2 2 2 2 1.3 1.35 -20.0 -1.9 -1.9 -1.9 -1.9 -1.9 -1.9 0.429 0.579 0.384 0.304 0.508 0.653 2 2 1 2 2 2
1993-03-06T02:30:00 1993 3 6 2 30 0 -1.5 -1.51 362.0 5.8 1.52 0.89 3.06 1.77 1 1 1 1 1 1 1 1 1.3 1.42 -16.0 -1.73 -1.68 -1.84 -1.83 -1.68 -1.64 0.435 0.58 0.381 0.306 0.497 0.671 2 1 1 2 1 1
1993-03-06T03:30:00 1993 3 6 3 30 0 -1.29 -0.09 362.0 8.11 1.73 0.37 1.34 0.9 1 1 1 1 1 1 1 1 0.7 1.41 -14.0 -1.1 -0.85 -1.63 -1.59 -0.88 -0.67 0.416 0.527 0.378 0.302 0.428 0.673 1 1 1 1 1 1
1993-03-06T04:30:00 1993 3 6 4 30 0 -1.3 0.19 362.0 11.5 2.88 0.12 0.02 0.02 1 0 1 1 1 1 1 1 0.7 1.4 -13.0 -0.99 -0.7 -1.59 -1.55 -0.73 -0.48 0.393 0.478 0.375 0.308 0.38 0.74 1 1 1 1 0 0
1993-03-06T05:30:00 1993 3 6 5 30 0 -1.92 0.19 362.0 14.9 4.04 0.18 0.0 0.0 1 0 1 1 1 1 1 1 0.7 1.23 -12.0 -0.99 -0.7 -1.59 -1.55 -0.73 -0.48 0.388 0.473 0.374 0.328 0.384 0.934 1 0 1 0 0 0
1993-03-06T06:30:00 1993 3 6 6 30 0 -2.77 0.21 362.0 18.29 5.19 0.38 0.0 0.0 1 1 1 1 1 1 1 1 2.0 1.25 -12.0 -0.82 -0.56 -1.35 -1.31 -0.59 -0.38 0.381 0.472 0.372 0.331 0.382 1.15 1 1 1 1 1 1
1993-03-06T07:30:00 1993 3 6 7 30 0 -3.3 0.36 362.0 20.6 5.4 0.6 0.0 0.0 1 1 1 1 1 1 1 1 2.0 1.26 -18.0 0.13 0.19 0.02 0.02 0.18 0.23 0.295 0.293 0.363 0.224 0.182 0.665 1 1 1 1 1 1
1993-03-06T08:30:00 1993 3 6 8 30 0 -3.3 0.4 362.0 20.6 5.4 0.68 0.0 0.0 2 2 2 2 2 2 2 2 2.0 1.35 -17.0 0.4 0.4 0.4 0.4 0.4 0.4 0.2 0.146 0.352 0.125 0.058 0.276 1 1 1 1 1 1
1993-03-06T09:30:00 1993 3 6 9 30 0 -2.7 0.7 359.0 19.8 5.1 0.5 0.0 0.0 2 2 2 2 2 2 2 2 2.7 1.53 -11.0 0.7 0.7 0.7 0.7 0.7 0.7 0.135 0.072 0.341 0.07 0.018 0.114 1 1 1 1 1 1
1993-03-06T10:30:00 1993 3 6 10 30 0 -2.3 0.7 365.0 17.2 4.58 0.31 0.0 0.0 2 2 2 2 2 2 2 2 2.7 1.71 -6.0 0.7 0.7 0.7 0.7 0.7 0.7 0.092 0.036 0.331 0.039 0.006 0.047 1 1 1 1 1 1
1993-03-06T11:30:00 1993 3 6 11 30 0 -3.0 2.2 360.0 11.4 2.95 0.26 0.0 0.0 2 2 2 2 2 2 2 2 2.7 1.96 -7.0 2.2 2.2 2.2 2.2 2.2 2.2 0.062 0.018 0.321 0.022 0.002 0.02 1 1 1 1 1 1
1993-03-06T12:30:00 1993 3 6 12 30 0 -3.7 0.8 363.0 11.2 2.95 0.49 0.0 0.0 2 2 2 2 2 2 2 2 2.0 2.11 -5.0 0.8 0.8 0.8 0.8 0.8 0.8 0.042 0.009 0.311 0.012 0.001 0.008 1 1 1 1 1 1
1993-03-06T13:30:00 1993 3 6 13 30 0 -3.5 -1.4 362.0 10.7 2.8 1.16 0.92 0.99 2 2 2 2 2 2 2 2 2.0 2.26 -10.0 -1.4 -1.4 -1.4 -1.4 -1.4 -1.4 0.106 0.202 0.305 0.065 0.235 0.516 2 2 1 2 2 2
1993-03-06T14:30:00 1993 3 6 14 30 0 -3.9 -1.1 361.0 12.3 3.21 1.69 2.24 2.58 2 2 2 2 2 2 2 2 2.0 2.26 -11.0 -1.1 -1.1 -1.1 -1.1 -1.1 -1.1 0.207 0.414 0.302 0.141 0.418 1.034 2 2 1 2 2 2
1993-03-06T15:30:00 1993 3 6 15 30 0 -2.8 -1.1 356.0 16.1 4.08 1.34 1.97 2.83 2 2 2 2 2 2 2 2 2.0 2.26 -7.0 -1.1 -1.1 -1.1 -1.1 -1.1 -1.1 0.275 0.536 0.299 0.18 0.486 1.468 2 2 1 2 2 2
1993-03-06T16:30:00 1993 3 6 16 30 0 -2.8 -2.0 362.0 18.3 4.8 1.4 2.85 4.96 2 2 2 2 2 2 2 2 2.0 2.25 -8.0 -2.0 -2.0 -2.0 -2.0 -2.0 -2.0 0.398 0.746 0.301 0.295 0.681 2.274 2 2 1 2 2 2
1993-03-06T17:30:00 1993 3 6 17 30 0 -3.6 -3.7 367.0 17.7 4.77 3.03 5.33 9.56 2 2 2 2 2 2 2 2 2.0 2.17 -9.0 -3.7 -3.7 -3.7 -3.7 -3.7 -3.7 0.636 1.099 0.319 0.602 1.04 3.361 2 2 1 2 2 2
1993-03-06T18:30:00 1993 3 6 18 30 0 -4.4 -4.6 363.0 14.9 3.93 5.38 7.64 12.32 2 2 2 2 2 2 2 2 3.0 2.21 -19.0 -4.6 -4.6 -4.6 -4.6 -4.6 -4.6 0.892 1.394 0.348 0.955 1.286 3.796 2 2 1 2 2 2
1993-03-06T19:30:00 1993 3 6 19 30 0 -1.6 -2.7 359.0 16.9 4.36 3.68 6.45 10.24 2 2 2 2 2 2 2 2 3.0 2.26 -21.0 -2.7 -2.7 -2.7 -2.7 -2.7 -2.7 0.976 1.409 0.366 0.979 1.187 3.674 2 2 1 2 2 2
1993-03-06T20:30:00 1993 3 6 20 30 0 -2.8 -1.8 359.0 17.1 4.41 1.64 3.97 6.75 2 2 2 2 2 2 2 2 3.0 2.39 -20.0 -1.8 -1.8 -1.8 -1.8 -1.8 -1.8 0.914 1.239 0.371 0.796 0.954 3.262 2 2 1 2 2 2
1993-03-06T21:30:00 1993 3 6 21 30 0 0.2 -3.4 373.0 18.3 5.09 1.82 4.9 8.72 2 2 2 2 2 2 2 2 2.0 2.38 -17.0 -3.4 -3.4 -3.4 -3.4 -3.4 -3.4 0.961 1.304 0.384 0.842 1.093 3.729 2 2 2 2 2 2
1993-03-06T22:30:00 1993 3 6 22 30 0 1.9 0.9 363.0 19.9 5.24 0.69 2.23 4.19 2 2 2 2 2 2 2 2 2.0 2.38 -12.0 0.9 0.9 0.9 0.9 0.9 0.9 0.762 0.883 0.379 0.567 0.576 2.453 2 2 2 2 2 2
1993-03-06T23:30:00 1993 3 6 23 30 0 1.3 4.7 357.0 20.8 5.3 0.04 0.0 0.0 2 2 2 2 2 2 2 2 2.0 2.37 -8.0 4.7 4.7 4.7 4.7 4.7 4.7 0.516 0.438 0.368 0.317 0.182 1.017 2 2 2 2 2 2
