1993-01-04T00:30:00 1993 1 4 0 30 0 -0.4 0.3 776.0 3.7 4.72 3.71 8.14 2.8 2 2 2 2 2 2 2 2 5.3 4.09 -38.0 0.3 0.3 0.3 0.3 0.3 0.3 0.61 0.519 0.801 0.8 1.231 1.883 2 2 1 2 2 2
1993-01-04T01:30:00 1993 1 4 1 30 0 0.9 1.7 769.0 3.3 3.9 0.01 0.0 0.0 2 2 2 2 2 2 2 2 5.3 4.23 -42.0 1.7 1.7 1.7 1.7 1.7 1.7 0.413 0.258 0.776 0.448 0.39 0.781 2 2 1 2 2 2
1993-01-04T02:30:00 1993 1 4 2 30 0 -1.5 0.1 757.0 3.3 3.78 0.07 0.0 0.0 2 2 2 2 2 2 2 2 5.3 4.39 -37.0 0.1 0.1 0.1 0.1 0.1 0.1 0.28 0.128 0.752 0.251 0.123 0.324 2 2 1 2 2 2
1993-01-04T03:30:00 1993 1 4 3 30 0 -1.5 -0.03 756.5 3.3 3.78 0.35 0.02 0.01 1 1 1 1 1 1 1 1 3.3 4.3 -31.0 -0.16 -0.09 -0.28 -0.27 -0.1 -0.05 0.202 0.081 0.731 0.152 0.104 0.216 2 2 1 2 1 2
1993-01-04T04:30:00 1993 1 4 4 30 0 -1.23 -0.52 756.0 3.3 3.76 0.42 1.12 0.37 1 1 1 1 1 1 1 1 3.3 4.2 -30.0 -1.1 -0.81 -1.7 -1.66 -0.84 -0.59 0.238 0.161 0.73 0.242 0.456 0.62 2 1 1 1 1 1
1993-01-04T05:30:00 1993 1 4 5 30 0 -0.74 -0.61 755.5 4.02 3.69 0.38 2.15 0.8 1 0 1 1 1 1 1 1 3.3 4.14 -34.0 -1.28 -0.95 -1.96 -1.92 -0.98 -0.7 0.319 0.257 0.748 0.417 0.745 1.079 1 0 1 0 0 0
1993-01-04T06:30:00 1993 1 4 6 30 0 -0.25 -0.61 755.0 4.38 3.61 0.24 2.3 0.97 1 0 1 1 1 1 1 1 3.7 4.13 -32.0 -1.28 -0.95 -1.96 -1.92 -0.98 -0.7 0.389 0.32 0.771 0.547 0.883 1.426 0 0 1 0 0 0
1993-01-04T07:30:00 1993 1 4 7 30 0 -0.06 -0.61 754.5 4.31 3.54 0.18 2.3 1.0 0 0 1 1 1 0 1 1 3.7 4.13 -28.0 -1.28 -0.95 -1.96 -1.92 -0.98 -0.7 0.438 0.353 0.793 0.621 0.929 1.586 0 0 1 0 0 0
1993-01-04T08:30:00 1993 1 4 8 30 0 -0.66 -0.61 754.0 4.24 3.49 0.22 2.3 0.98 1 0 1 1 1 1 1 1 3.7 3.93 -24.0 -1.28 -0.95 -1.96 -1.92 -0.98 -0.7 0.469 0.368 0.815 0.661 0.939 1.631 0 0 1 0 0 0
1993-01-04T09:30:00 1993 1 4 9 30 0 -2.18 -0.61 753.5 3.77 3.45 0.7 2.3 0.92 1 0 1 1 1 1 1 1 4.3 3.82 -26.0 -1.28 -0.95 -1.96 -1.92 -0.98 -0.7 0.485 0.368 0.834 0.672 0.918 1.547 0 0 1 0 0 0
1993-01-04T10:30:00 1993 1 4 10 30 0 -3.7 -0.19 753.0 3.0 3.4 1.71 1.44 0.49 1 1 1 1 1 1 1 1 4.3 3.71 -26.0 -0.78 -0.49 -1.38 -1.34 -0.52 -0.27 0.449 0.313 0.84 0.585 0.723 1.15 0 0 1 0 1 0
1993-01-04T11:30:00 1993 1 4 11 30 0 -4.5 2.14 752.5 3.0 3.39 1.81 0.0 0.0 1 1 1 1 1 1 1 1 4.3 3.84 -19.0 2.01 2.08 1.88 1.89 2.07 2.13 0.307 0.155 0.816 0.338 0.229 0.477 0 0 1 0 1 0
1993-01-04T12:30:00 1993 1 4 12 30 0 -4.5 2.8 752.0 3.0 3.39 1.44 0.0 0.0 2 2 2 2 2 2 2 2 4.7 4.01 -20.0 2.8 2.8 2.8 2.8 2.8 2.8 0.208 0.077 0.791 0.189 0.073 0.198 0 0 1 0 1 0
1993-01-04T13:30:00 1993 1 4 13 30 0 -2.8 -1.6 752.0 3.0 3.39 1.83 1.36 0.41 2 2 2 2 2 2 2 2 4.7 4.19 -25.0 -1.6 -1.6 -1.6 -1.6 -1.6 -1.6 0.211 0.141 0.776 0.184 0.404 0.543 1 2 1 1 2 2
1993-01-04T14:30:00 1993 1 4 14 30 0 -0.3 0.7 738.0 3.0 3.27 0.78 1.84 0.55 2 2 2 2 2 2 2 2 4.7 4.31 -27.0 0.7 0.7 0.7 0.7 0.7 0.7 0.183 0.125 0.758 0.136 0.281 0.458 1 2 1 1 2 2
1993-01-04T15:30:00 1993 1 4 15 30 0 -4.6 -1.2 707.0 2.9 2.9 1.64 1.53 0.45 2 2 2 2 2 2 2 2 3.7 4.3 -31.0 -1.2 -1.2 -1.2 -1.2 -1.2 -1.2 0.194 0.172 0.742 0.14 0.452 0.632 1 2 1 2 2 2
1993-01-04T16:30:00 1993 1 4 16 30 0 -1.3 1.4 736.0 3.1 3.36 1.4 0.82 0.24 2 2 2 2 2 2 2 2 3.7 4.29 -31.0 1.4 1.4 1.4 1.4 1.4 1.4 0.146 0.106 0.721 0.088 0.196 0.344 2 2 1 2 2 2
1993-01-04T17:30:00 1993 1 4 17 30 0 0.9 3.6 778.0 3.5 4.24 0.01 0.0 0.0 2 2 2 2 2 2 2 2 3.7 4.22 -19.0 3.6 3.6 3.6 3.6 3.6 3.6 0.099 0.053 0.699 0.049 0.062 0.142 2 2 1 2 2 2
1993-01-04T18:30:00 1993 1 4 18 30 0 -5.2 0.1 777.0 3.5 4.21 1.04 0.0 0.0 2 2 2 2 2 2 2 2 4.0 4.18 -19.0 0.1 0.1 0.1 0.1 0.1 0.1 0.067 0.026 0.678 0.028 0.02 0.059 2 2 1 2 2 2
1993-01-04T19:30:00 1993 1 4 19 30 0 -3.2 0.2 792.0 3.7 4.64 2.56 0.0 0.0 2 2 2 2 2 2 2 2 4.0 4.14 -20.0 0.2 0.2 0.2 0.2 0.2 0.2 0.045 0.013 0.657 0.016 0.006 0.025 2 2 1 2 2 2
1993-01-04T20:30:00 1993 1 4 20 30 0 -4.1 1.5 773.0 3.5 4.18 1.52 0.0 0.0 2 2 2 2 2 2 2 2 4.0 4.06 -26.0 1.5 1.5 1.5 1.5 1.5 1.5 0.031 0.006 0.637 0.009 0.002 0.01 2 2 1 2 2 2
1993-01-04T21:30:00 1993 1 4 21 30 0 -2.1 -1.3 784.0 3.5 4.3 1.56 1.4 0.49 2 2 2 2 2 2 2 2 4.3 4.01 -23.0 -1.3 -1.3 -1.3 -1.3 -1.3 -1.3 0.091 0.108 0.627 0.079 0.405 0.597 2 2 1 2 2 2
1993-01-04T22:30:00 1993 1 4 22 30 0 -2.2 -2.0 772.0 3.6 4.29 2.48 6.52 2.32 2 2 2 2 2 2 2 2 4.3 3.97 -27.0 -2.0 -2.0 -2.0 -2.0 -2.0 -2.0 0.279 0.324 0.646 0.315 1.08 1.605 2 2 1 2 2 2
1993-01-04T23:30:00 1993 1 4 23 30 0 -4.6 0.3 778.0 3.4 4.12 2.78 3.05 1.08 2 2 2 2 2 2 2 2 4.3 4.04 -26.0 0.3 0.3 0.3 0.3 0.3 0.3 0.266 0.262 0.638 0.247 0.653 1.199 2 2 1 2 2 2
