1993-06-19T00:30:00 1993 6 19 0 30 0 2.4 1.31 418.8 9.16 2.99 0.24 0.0 0.0 0 0 1 0 0 0 1 0 0.3 0.8 4.0 -0.37 -0.22 -0.7 -0.68 -0.24 -0.13 0.151 0.183 0.087 0.121 0.189 0.438 0 0 0 0 0 0
1993-06-19T01:30:00 1993 6 19 1 30 0 2.4 1.32 421.7 9.17 2.99 0.24 0.0 0.0 0 0 1 0 0 0 1 0 0.3 0.6 5.0 -0.37 -0.22 -0.7 -0.68 -0.24 -0.13 0.152 0.184 0.088 0.122 0.191 0.446 0 0 0 0 0 0
1993-06-19T02:30:00 1993 6 19 2 30 0 2.4 1.32 424.7 9.17 2.99 0.24 0.0 0.0 0 0 1 0 0 0 1 0 0.3 0.54 4.0 -0.37 -0.22 -0.7 -0.67 -0.24 -0.13 0.153 0.184 0.09 0.123 0.194 0.453 0 0 0 0 0 0
1993-06-19T03:30:00 1993 6 19 3 30 0 2.4 1.32 426.2 9.17 2.99 0.25 0.0 0.0 0 0 0 0 0 0 0 0 1.7 0.68 5.0 -0.37 -0.22 -0.7 -0.67 -0.24 -0.13 0.154 0.184 0.091 0.123 0.195 0.46 0 0 0 0 0 0
1993-06-19T04:30:00 1993 6 19 4 30 0 2.4 1.32 426.1 9.17 2.99 0.25 0.0 0.0 0 0 0 0 0 0 0 0 1.7 0.81 5.0 -0.37 -0.22 -0.69 -0.67 -0.24 -0.13 0.154 0.184 0.092 0.123 0.196 0.463 0 0 0 0 0 0
1993-06-19T05:30:00 1993 6 19 5 30 0 2.4 1.32 426.1 9.18 2.99 0.25 0.0 0.0 0 0 0 0 0 0 0 0 1.7 0.94 1.0 -0.37 -0.22 -0.69 -0.67 -0.24 -0.13 0.155 0.184 0.094 0.123 0.196 0.464 0 0 0 0 0 0
1993-06-19T06:30:00 1993 6 19 6 30 0 2.41 1.32 426.1 9.18 2.99 0.25 0.0 0.0 0 0 0 0 0 0 0 0 1.7 1.07 -2.0 -0.37 -0.22 -0.69 -0.67 -0.24 -0.13 0.155 0.184 0.095 0.123 0.196 0.465 0 0 0 0 0 0
1993-06-19T07:30:00 1993 6 19 7 30 0 2.41 1.33 426.0 9.18 2.99 0.25 0.0 0.0 0 0 0 0 0 0 0 0 1.7 1.19 -1.0 -0.37 -0.22 -0.69 -0.67 -0.24 -0.13 0.155 0.184 0.096 0.123 0.196 0.465 0 0 0 0 0 0
1993-06-19T08:30:00 1993 6 19 8 30 0 2.41 1.33 426.0 9.18 2.99 0.25 0.0 0.0 0 0 0 0 0 0 0 0 1.7 1.36 -1.0 -0.37 -0.22 -0.69 -0.67 -0.23 -0.13 0.155 0.184 0.097 0.123 0.193 0.465 0 0 0 0 0 0
1993-06-19T09:30:00 1993 6 19 9 30 0 2.41 1.33 426.0 9.19 2.99 0.25 0.0 0.0 0 0 0 0 0 0 0 0 1.0 1.44 0.0 -0.37 -0.22 -0.69 -0.67 -0.23 -0.13 0.155 0.184 0.098 0.124 0.192 0.466 0 0 0 0 0 0
1993-06-19T10:30:00 1993 6 19 10 30 0 2.41 1.33 425.9 9.19 2.99 0.25 0.0 0.0 0 0 0 0 0 0 0 0 1.0 1.52 0.0 -0.37 -0.22 -0.69 -0.67 -0.23 -0.13 0.155 0.184 0.1 0.124 0.191 0.466 0 0 0 0 0 0
1993-06-19T11:30:00 1993 6 19 11 30 0 2.42 1.33 425.9 9.19 2.99 0.25 0.0 0.0 0 0 0 0 0 0 0 0 1.0 1.43 -2.0 -0.37 -0.22 -0.69 -0.67 -0.23 -0.13 0.155 0.184 0.101 0.124 0.191 0.466 0 0 0 0 0 0
1993-06-19T12:30:00 1993 6 19 12 30 0 2.42 1.33 425.9 9.19 2.99 0.25 0.0 0.0 0 0 0 0 0 0 0 0 1.7 1.43 -4.0 -0.37 -0.22 -0.69 -0.67 -0.23 -0.13 0.155 0.184 0.102 0.124 0.191 0.466 0 0 0 0 0 0
1993-06-19T13:30:00 1993 6 19 13 30 0 2.42 1.34 425.8 9.2 2.99 0.25 0.0 0.0 0 0 0 0 0 0 0 0 1.7 1.44 -7.0 -0.37 -0.22 -0.69 -0.67 -0.23 -0.13 0.155 0.184 0.103 0.124 0.191 0.466 0 0 0 0 0 0
1993-06-19T14:30:00 1993 6 19 14 30 0 2.42 1.34 425.8 9.2 2.99 0.25 0.0 0.0 0 0 0 0 0 0 0 0 1.7 1.44 -6.0 -0.37 -0.22 -0.69 -0.67 -0.23 -0.12 0.155 0.184 0.104 0.124 0.191 0.458 0 0 0 0 0 0
1993-06-19T15:30:00 1993 6 19 15 30 0 2.42 1.34 425.7 9.2 2.99 0.25 0.0 0.0 0 0 0 0 0 0 0 0 1.3 1.39 -5.0 -0.37 -0.22 -0.69 -0.67 -0.23 -0.12 0.155 0.184 0.105 0.124 0.191 0.451 0 0 0 0 0 0
1993-06-19T16:30:00 1993 6 19 16 30 0 2.42 1.34 425.7 9.2 3.0 0.25 0.0 0.0 0 0 0 0 0 0 0 0 1.3 1.34 -6.0 -0.37 -0.22 -0.69 -0.67 -0.23 -0.12 0.155 0.184 0.105 0.124 0.191 0.449 0 0 0 0 0 0
1993-06-19T17:30:00 1993 6 19 17 30 0 2.43 1.34 425.7 9.21 3.0 0.25 0.0 0.0 0 0 0 0 0 0 0 0 1.3 1.38 -7.0 -0.37 -0.22 -0.69 -0.67 -0.23 -0.12 0.155 0.185 0.106 0.124 0.191 0.448 0 0 0 0 0 0
1993-06-19T18:30:00 1993 6 19 18 30 0 2.43 1.34 425.6 9.21 3.0 0.25 0.0 0.0 0 0 0 0 0 0 0 0 1.7 1.46 -12.0 -0.37 -0.22 -0.69 -0.67 -0.23 -0.12 0.155 0.185 0.107 0.124 0.191 0.447 0 0 0 0 0 0
1993-06-19T19:30:00 1993 6 19 19 30 0 2.43 1.35 425.6 9.21 3.0 0.25 0.0 0.0 0 0 0 0 0 0 0 0 1.7 1.55 -16.0 -0.37 -0.22 -0.69 -0.67 -0.23 -0.12 0.155 0.185 0.108 0.124 0.191 0.447 0 0 0 0 0 0
1993-06-19T20:30:00 1993 6 19 20 30 0 2.43 1.35 425.6 9.21 3.0 0.25 0.0 0.0 0 0 0 0 0 0 0 0 1.7 1.55 -14.0 -0.36 -0.22 -0.69 -0.67 -0.23 -0.12 0.155 0.185 0.109 0.124 0.191 0.447 0 0 0 0 0 0
1993-06-19T21:30:00 1993 6 19 21 30 0 2.43 1.35 425.5 9.22 3.0 0.25 0.0 0.0 0 0 0 0 0 0 0 0 1.7 1.55 -10.0 -0.36 -0.22 -0.69 -0.67 -0.23 -0.12 0.154 0.185 0.11 0.124 0.191 0.447 0 0 0 0 0 0
1993-06-19T22:30:00 1993 6 19 22 30 0 2.44 1.35 425.5 9.22 3.0 0.25 0.0 0.0 0 0 0 0 0 0 0 0 1.7 1.56 -8.0 -0.36 -0.22 -0.69 -0.67 -0.23 -0.12 0.153 0.185 0.11 0.124 0.191 0.447 0 0 0 0 0 0
1993-06-19T23:30:00 1993 6 19 23 30 0 2.44 1.35 425.5 9.22 3.0 0.25 0.0 0.0 0 0 0 0 0 0 0 0 1.7 1.6 -9.0 -0.36 -0.22 -0.69 -0.67 -0.23 -0.12 0.153 0.185 0.111 0.124 0.191 0.447 0 0 0 0 0 0
