1993-12-06T00:30:00 1993 12 6 0 30 0 1.3 0.01 501.9 6.94 3.13 0.16 0.0 0.0 1 1 1 0 0 1 1 1 2.0 2.79 -31.0 -0.2 -0.13 -0.33 -0.32 -0.14 -0.09 0.315 0.272 0.728 0.297 0.319 0.71 0 0 1 0 0 0
1993-12-06T01:30:00 1993 12 6 1 30 0 1.3 0.0 501.7 6.95 3.13 0.18 0.0 0.0 2 2 1 0 0 2 2 1 2.0 2.58 -33.0 0.0 0.0 0.0 0.0 0.0 0.0 0.225 0.159 0.707 0.173 0.14 0.394 0 0 1 0 0 0
1993-12-06T02:30:00 1993 12 6 2 30 0 2.3 1.2 501.4 6.95 3.13 0.22 0.0 0.0 2 2 1 0 0 2 2 1 2.0 2.42 -30.0 1.2 1.2 1.2 1.2 1.2 1.2 0.152 0.079 0.685 0.097 0.044 0.163 0 0 1 0 0 0
1993-12-06T03:30:00 1993 12 6 3 30 0 1.2 1.2 501.2 6.95 3.13 0.14 0.0 0.0 2 2 1 0 0 2 2 1 1.3 2.17 -28.0 1.2 1.2 1.2 1.2 1.2 1.2 0.103 0.039 0.664 0.054 0.014 0.068 0 0 1 0 0 0
1993-12-06T04:30:00 1993 12 6 4 30 0 1.0 0.4 501.0 6.95 3.13 0.05 0.0 0.0 2 2 1 0 0 2 2 1 1.3 1.93 -26.0 0.4 0.4 0.4 0.4 0.4 0.4 0.07 0.019 0.644 0.03 0.004 0.028 0 0 1 0 0 0
1993-12-06T05:30:00 1993 12 6 5 30 0 1.0 0.34 501.0 6.95 3.13 0.06 0.0 0.0 1 1 1 0 0 1 1 1 1.3 1.8 -24.0 0.14 0.2 0.01 0.02 0.19 0.24 0.047 0.01 0.624 0.017 0.001 0.012 0 0 1 0 0 0
1993-12-06T06:30:00 1993 12 6 6 30 0 0.92 0.12 501.0 6.95 3.13 0.07 0.0 0.0 1 1 1 0 0 1 1 1 1.7 1.73 -20.0 -0.83 -0.55 -1.42 -1.38 -0.58 -0.34 0.097 0.102 0.613 0.102 0.193 0.293 0 0 1 0 0 0
1993-12-06T07:30:00 1993 12 6 7 30 0 0.76 0.08 501.0 6.49 3.13 0.06 0.0 0.0 1 0 1 1 0 1 1 1 1.7 1.66 -19.0 -1.02 -0.69 -1.69 -1.65 -0.72 -0.45 0.18 0.22 0.61 0.23 0.373 0.611 0 0 1 0 0 0
1993-12-06T08:30:00 1993 12 6 8 30 0 0.6 0.08 501.0 5.65 3.11 0.04 0.0 0.0 1 0 1 1 1 1 1 1 1.7 1.62 -18.0 -1.02 -0.69 -1.69 -1.64 -0.72 -0.45 0.239 0.277 0.608 0.305 0.427 0.693 0 0 1 0 0 0
1993-12-06T09:30:00 1993 12 6 9 30 0 0.75 0.08 501.0 4.82 2.67 0.04 0.0 0.0 1 0 1 1 1 1 1 1 1.3 1.54 -19.0 -1.02 -0.69 -1.68 -1.64 -0.72 -0.45 0.271 0.294 0.605 0.336 0.426 0.649 0 0 1 0 0 0
1993-12-06T10:30:00 1993 12 6 10 30 0 1.28 0.08 501.0 3.98 2.23 0.11 0.0 0.0 1 0 1 1 1 1 1 1 1.3 1.45 -21.0 -1.02 -0.69 -1.68 -1.64 -0.72 -0.45 0.286 0.29 0.601 0.341 0.404 0.556 0 0 1 0 0 0
1993-12-06T11:30:00 1993 12 6 11 30 0 1.82 0.05 501.0 3.3 1.8 0.25 0.0 0.0 1 1 1 1 1 1 1 1 1.3 1.45 -20.0 -0.91 -0.63 -1.5 -1.46 -0.65 -0.42 0.283 0.271 0.595 0.319 0.366 0.45 0 0 1 0 1 0
1993-12-06T12:30:00 1993 12 6 12 30 0 2.1 -0.15 501.0 3.3 1.66 0.43 0.16 0.05 1 1 1 1 1 1 1 1 2.0 1.54 -19.0 -0.36 -0.29 -0.48 -0.48 -0.3 -0.25 0.245 0.223 0.582 0.234 0.278 0.354 0 1 1 1 1 1
1993-12-06T13:30:00 1993 12 6 13 30 0 2.1 -0.2 501.0 3.3 1.66 0.53 0.44 0.15 2 2 2 2 2 2 2 2 2.0 1.63 -20.0 -0.2 -0.2 -0.2 -0.2 -0.2 -0.2 0.194 0.172 0.566 0.146 0.198 0.287 1 1 1 1 1 1
1993-12-06T14:30:00 1993 12 6 14 30 0 -1.1 0.9 503.0 3.1 1.57 0.09 0.03 0.01 2 2 2 2 2 2 2 2 2.0 1.67 -21.0 0.9 0.9 0.9 0.9 0.9 0.9 0.131 0.085 0.549 0.082 0.063 0.119 1 1 1 1 1 1
1993-12-06T15:30:00 1993 12 6 15 30 0 0.8 3.4 511.0 3.1 1.62 0.0 0.0 0.0 2 2 2 2 2 2 2 2 1.7 1.67 -19.0 3.4 3.4 3.4 3.4 3.4 3.4 0.089 0.042 0.532 0.046 0.02 0.049 1 1 1 1 1 1
1993-12-06T16:30:00 1993 12 6 16 30 0 3.2 0.4 506.0 3.4 1.74 0.28 0.0 0.0 2 2 2 2 2 2 2 2 1.7 1.67 -17.0 0.4 0.4 0.4 0.4 0.4 0.4 0.06 0.021 0.516 0.026 0.006 0.02 1 1 1 1 1 1
1993-12-06T17:30:00 1993 12 6 17 30 0 0.4 0.5 480.0 3.3 1.55 0.27 0.0 0.0 2 2 2 2 2 2 2 2 1.7 1.72 -18.0 0.5 0.5 0.5 0.5 0.5 0.5 0.041 0.01 0.5 0.014 0.002 0.008 1 1 1 1 1 1
1993-12-06T18:30:00 1993 12 6 18 30 0 0.8 2.0 492.0 3.3 1.58 0.01 0.0 0.0 2 2 2 2 2 2 2 2 2.0 1.8 -19.0 2.0 2.0 2.0 2.0 2.0 2.0 0.028 0.005 0.485 0.008 0.001 0.004 1 1 1 1 1 1
1993-12-06T19:30:00 1993 12 6 19 30 0 0.8 1.65 486.0 3.3 1.58 0.01 0.0 0.0 1 1 1 1 1 1 1 1 2.0 1.89 -21.0 1.44 1.5 1.32 1.33 1.5 1.55 0.019 0.003 0.47 0.005 0.0 0.001 1 1 1 1 1 1
1993-12-06T20:30:00 1993 12 6 20 30 0 0.75 0.34 480.0 3.38 1.58 0.02 0.0 0.0 1 1 1 1 1 1 1 1 2.0 1.89 -22.0 -0.61 -0.33 -1.19 -1.15 -0.36 -0.13 0.032 0.026 0.458 0.036 0.052 0.034 1 1 1 1 1 1
1993-12-06T21:30:00 1993 12 6 21 30 0 0.64 0.1 474.0 3.49 1.57 0.03 0.0 0.0 1 0 1 1 1 1 1 1 2.0 1.89 -24.0 -1.0 -0.68 -1.67 -1.62 -0.71 -0.45 0.1 0.127 0.454 0.134 0.22 0.184 0 0 1 0 0 0
1993-12-06T22:30:00 1993 12 6 22 30 0 0.54 0.1 468.0 3.61 1.55 0.03 0.0 0.0 1 0 1 1 1 1 1 1 2.0 1.89 -26.0 -1.0 -0.68 -1.66 -1.62 -0.71 -0.44 0.157 0.193 0.452 0.204 0.295 0.271 0 0 1 0 0 0
1993-12-06T23:30:00 1993 12 6 23 30 0 0.5 0.1 462.0 3.72 1.54 0.02 0.0 0.0 0 0 1 1 1 0 1 1 2.0 1.93 -30.0 -1.0 -0.68 -1.66 -1.62 -0.71 -0.44 0.196 0.228 0.449 0.243 0.317 0.309 0 0 1 0 0 0
