1993-11-08T00:30:00 1993 11 8 0 30 0 1.93 -0.31 621.9 3.5 2.3 0.39 0.97 0.36 1 0 1 1 1 1 1 1 3.7 4.0 -49.0 -0.89 -0.66 -1.31 -1.29 -0.69 -0.49 0.282 0.267 0.441 0.304 0.517 0.735 0 0 0 0 0 0
1993-11-08T01:30:00 1993 11 8 1 30 0 3.02 -0.31 617.6 2.7 2.06 1.0 0.96 0.29 1 1 1 1 1 1 1 1 3.7 3.93 -48.0 -0.82 -0.62 -1.19 -1.17 -0.64 -0.47 0.28 0.252 0.442 0.286 0.468 0.612 0 0 0 0 1 1
1993-11-08T02:30:00 1993 11 8 2 30 0 3.6 -0.3 613.3 2.7 1.98 1.61 0.94 0.25 1 1 1 1 1 1 1 1 3.7 3.92 -45.0 -0.41 -0.37 -0.49 -0.49 -0.37 -0.34 0.249 0.216 0.435 0.217 0.372 0.493 0 1 0 1 1 1
1993-11-08T03:30:00 1993 11 8 3 30 0 3.6 -0.3 609.0 2.7 1.98 1.82 0.92 0.25 2 2 2 2 2 2 2 2 2.7 3.79 -42.0 -0.3 -0.3 -0.3 -0.3 -0.3 -0.3 0.207 0.18 0.424 0.144 0.294 0.416 1 1 0 1 2 1
1993-11-08T04:30:00 1993 11 8 4 30 0 2.4 -0.7 602.0 2.4 1.74 1.43 1.56 0.39 2 2 2 2 2 2 2 2 2.7 3.66 -44.0 -0.7 -0.7 -0.7 -0.7 -0.7 -0.7 0.197 0.192 0.415 0.12 0.345 0.428 1 2 0 1 2 2
1993-11-08T05:30:00 1993 11 8 5 30 0 0.8 0.4 587.0 2.7 1.87 0.4 0.58 0.14 2 2 2 2 2 2 2 2 2.7 3.46 -43.0 0.4 0.4 0.4 0.4 0.4 0.4 0.147 0.121 0.404 0.074 0.16 0.242 1 2 0 1 2 2
1993-11-08T06:30:00 1993 11 8 6 30 0 0.9 -0.2 581.0 3.4 2.32 0.09 0.12 0.04 2 2 2 2 2 2 2 2 2.3 3.21 -39.0 -0.2 -0.2 -0.2 -0.2 -0.2 -0.2 0.109 0.084 0.392 0.045 0.111 0.192 1 2 0 1 2 2
1993-11-08T07:30:00 1993 11 8 7 30 0 3.0 3.5 613.0 2.4 1.8 0.19 0.0 0.0 2 2 2 2 2 2 2 2 2.3 2.96 -35.0 3.5 3.5 3.5 3.5 3.5 3.5 0.074 0.042 0.38 0.025 0.035 0.08 1 2 0 1 2 2
1993-11-08T08:30:00 1993 11 8 8 30 0 4.6 1.8 606.0 2.5 1.85 0.83 0.0 0.0 2 2 2 2 2 2 2 2 2.3 2.78 -31.0 1.8 1.8 1.8 1.8 1.8 1.8 0.05 0.021 0.368 0.014 0.011 0.033 1 2 0 1 2 2
1993-11-08T09:30:00 1993 11 8 9 30 0 3.5 1.1 589.0 2.8 1.97 1.17 0.0 0.0 2 2 2 2 2 2 2 2 3.0 2.71 -32.0 1.1 1.1 1.1 1.1 1.1 1.1 0.034 0.01 0.357 0.008 0.004 0.014 1 2 0 1 2 2
1993-11-08T10:30:00 1993 11 8 10 30 0 2.6 0.5 593.0 2.8 2.03 0.77 0.0 0.0 2 2 2 2 2 2 2 2 3.0 2.63 -33.0 0.5 0.5 0.5 0.5 0.5 0.5 0.023 0.005 0.346 0.004 0.001 0.006 1 2 0 1 2 2
1993-11-08T11:30:00 1993 11 8 11 30 0 2.1 0.9 582.0 3.0 2.16 0.44 0.0 0.0 2 2 2 2 2 2 2 2 3.0 2.67 -31.0 0.9 0.9 0.9 0.9 0.9 0.9 0.016 0.003 0.335 0.003 0.0 0.002 1 2 0 1 2 2
1993-11-08T12:30:00 1993 11 8 12 30 0 0.7 -0.2 560.0 3.4 2.27 0.17 0.08 0.03 2 2 2 2 2 2 2 2 2.7 2.67 -35.0 -0.2 -0.2 -0.2 -0.2 -0.2 -0.2 0.018 0.02 0.325 0.005 0.045 0.063 2 2 0 2 2 2
1993-11-08T13:30:00 1993 11 8 13 30 0 2.0 -2.2 557.0 3.1 1.95 1.05 3.58 1.15 2 2 2 2 2 2 2 2 2.7 2.67 -34.0 -2.2 -2.2 -2.2 -2.2 -2.2 -2.2 0.151 0.228 0.329 0.149 0.507 0.515 2 2 0 2 2 2
1993-11-08T14:30:00 1993 11 8 14 30 0 2.0 -1.3 553.0 2.7 1.62 1.71 4.75 1.38 2 2 2 2 2 2 2 2 2.7 2.72 -36.0 -1.3 -1.3 -1.3 -1.3 -1.3 -1.3 0.243 0.326 0.335 0.226 0.618 0.634 2 2 0 2 2 2
1993-11-08T15:30:00 1993 11 8 15 30 0 2.8 -1.2 562.0 2.5 1.56 1.52 3.47 0.9 2 2 2 2 2 2 2 2 3.3 2.84 -36.0 -1.2 -1.2 -1.2 -1.2 -1.2 -1.2 0.273 0.334 0.334 0.225 0.574 0.595 2 2 0 2 2 2
1993-11-08T16:30:00 1993 11 8 16 30 0 0.8 -1.7 543.0 2.7 1.6 1.3 4.05 1.06 2 2 2 2 2 2 2 2 3.3 2.96 -36.0 -1.7 -1.7 -1.7 -1.7 -1.7 -1.7 0.314 0.367 0.337 0.255 0.619 0.618 2 2 0 2 2 2
1993-11-08T17:30:00 1993 11 8 17 30 0 2.8 -2.2 551.0 2.7 1.68 1.96 5.4 1.46 2 2 2 2 2 2 2 2 3.3 3.0 -38.0 -2.2 -2.2 -2.2 -2.2 -2.2 -2.2 0.38 0.428 0.346 0.33 0.732 0.701 2 2 0 2 2 2
1993-11-08T18:30:00 1993 11 8 18 30 0 3.6 -2.8 570.0 2.7 1.83 3.91 7.09 1.91 2 2 2 2 2 2 2 2 4.3 3.18 -40.0 -2.8 -2.8 -2.8 -2.8 -2.8 -2.8 0.469 0.504 0.363 0.451 0.896 0.832 2 2 1 2 2 2
1993-11-08T19:30:00 1993 11 8 19 30 0 4.2 0.6 565.0 2.7 1.73 2.73 2.95 0.8 2 2 2 2 2 2 2 2 4.3 3.34 -37.0 0.6 0.6 0.6 0.6 0.6 0.6 0.385 0.348 0.359 0.313 0.48 0.545 2 2 1 2 2 2
1993-11-08T20:30:00 1993 11 8 20 30 0 2.4 0.9 549.0 2.7 1.66 0.88 0.0 0.0 2 2 2 2 2 2 2 2 4.3 3.54 -33.0 0.9 0.9 0.9 0.9 0.9 0.9 0.26 0.173 0.348 0.175 0.152 0.226 2 2 1 2 2 2
1993-11-08T21:30:00 1993 11 8 21 30 0 1.1 -2.6 552.0 2.9 1.88 1.06 2.96 0.85 2 2 2 2 2 2 2 2 3.3 3.61 -29.0 -2.6 -2.6 -2.6 -2.6 -2.6 -2.6 0.296 0.273 0.35 0.235 0.483 0.466 2 2 1 2 2 2
1993-11-08T22:30:00 1993 11 8 22 30 0 -0.1 -3.1 555.0 2.9 1.84 2.73 7.95 2.3 2 2 2 2 2 2 2 2 3.3 3.68 -37.0 -3.1 -3.1 -3.1 -3.1 -3.1 -3.1 0.439 0.461 0.372 0.445 0.873 0.798 2 2 1 2 2 2
1993-11-08T23:30:00 1993 11 8 23 30 0 3.9 -1.0 542.0 3.4 1.97 2.25 5.39 1.68 2 2 2 2 2 2 2 2 3.3 3.67 -45.0 -1.0 -1.0 -1.0 -1.0 -1.0 -1.0 0.451 0.459 0.378 0.41 0.752 0.816 2 2 1 2 2 2
