1993-04-27T00:30:00 1993 4 27 0 30 0 -1.21 0.54 351.9 6.6 1.65 0.03 0.0 0.0 1 1 1 1 1 1 1 1 0.7 0.99 5.0 -0.67 -0.48 -1.06 -1.04 -0.5 -0.34 0.209 0.261 0.153 0.163 0.21 0.335 0 0 1 0 1 1
1993-04-27T01:30:00 1993 4 27 1 30 0 -1.6 -0.43 350.5 6.6 1.44 0.16 0.2 0.13 1 1 1 1 1 1 1 1 0.7 0.92 3.0 -0.69 -0.65 -0.78 -0.77 -0.66 -0.62 0.206 0.279 0.152 0.142 0.231 0.375 1 1 1 1 1 1
1993-04-27T02:30:00 1993 4 27 2 30 0 -1.6 -0.7 349.0 6.6 1.44 0.33 1.01 0.66 2 2 2 2 2 2 2 2 0.7 0.84 2.0 -0.7 -0.7 -0.7 -0.7 -0.7 -0.7 0.205 0.303 0.15 0.12 0.25 0.42 1 1 1 1 2 2
1993-04-27T03:30:00 1993 4 27 3 30 0 -1.71 -0.44 372.0 14.8 4.1 0.36 1.01 1.09 1 1 2 2 2 1 2 2 0.7 0.77 0.0 -0.69 -0.65 -0.78 -0.77 -0.66 -0.63 0.223 0.365 0.149 0.125 0.32 0.825 1 1 1 1 1 1
1993-04-27T04:30:00 1993 4 27 4 30 0 -1.95 0.25 342.0 6.8 1.56 0.27 0.22 0.29 1 1 2 2 2 1 2 2 0.7 0.7 0.0 -0.77 -0.61 -1.1 -1.08 -0.63 -0.5 0.231 0.362 0.148 0.139 0.293 0.726 1 1 1 1 1 1
1993-04-27T05:30:00 1993 4 27 5 30 0 -2.19 -1.08 342.0 6.8 1.56 0.46 0.83 0.56 1 1 1 1 1 1 1 1 0.7 0.7 -2.0 -1.34 -1.3 -1.42 -1.42 -1.3 -1.27 0.256 0.404 0.149 0.164 0.332 0.627 1 1 1 1 1 1
1993-04-27T06:30:00 1993 4 27 6 30 0 -2.3 -1.5 342.0 6.8 1.76 0.89 2.24 1.52 2 2 1 1 1 2 2 1 1.0 0.74 0.0 -1.5 -1.5 -1.5 -1.5 -1.5 -1.5 0.296 0.474 0.15 0.193 0.393 0.649 1 1 1 1 1 1
1993-04-27T07:30:00 1993 4 27 7 30 0 -2.3 -1.09 342.0 7.19 2.38 0.89 2.19 1.53 1 1 1 1 1 1 1 1 1.0 0.78 1.0 -1.35 -1.31 -1.43 -1.42 -1.31 -1.28 0.321 0.505 0.152 0.208 0.406 0.665 1 1 1 1 1 1
1993-04-27T08:30:00 1993 4 27 8 30 0 -1.77 0.41 342.0 7.66 3.0 0.39 0.6 0.44 1 1 1 1 1 1 1 1 1.0 0.82 0.0 -0.78 -0.59 -1.16 -1.14 -0.61 -0.45 0.308 0.446 0.152 0.2 0.329 0.575 1 1 1 1 1 1
1993-04-27T09:30:00 1993 4 27 9 30 0 -0.8 0.7 342.0 8.13 3.61 0.07 0.0 0.0 1 0 1 1 1 1 1 1 0.7 0.81 1.0 -0.67 -0.45 -1.11 -1.08 -0.47 -0.3 0.278 0.365 0.152 0.186 0.254 0.464 1 1 1 1 0 1
1993-04-27T10:30:00 1993 4 27 10 30 0 0.17 0.7 342.0 8.6 3.64 0.0 0.0 0.0 1 0 1 1 0 1 1 1 0.7 0.81 1.0 -0.67 -0.45 -1.11 -1.08 -0.47 -0.3 0.257 0.32 0.152 0.178 0.226 0.418 1 0 1 0 0 0
1993-04-27T11:30:00 1993 4 27 11 30 0 0.54 0.7 342.0 8.85 3.63 0.0 0.0 0.0 0 0 1 0 0 0 1 0 0.7 0.81 -1.0 -0.67 -0.45 -1.11 -1.08 -0.47 -0.3 0.243 0.3 0.152 0.174 0.219 0.409 0 0 1 0 0 0
1993-04-27T12:30:00 1993 4 27 12 30 0 0.54 0.7 342.0 8.85 3.63 0.01 0.0 0.0 0 0 1 0 0 0 1 0 1.3 0.89 -4.0 -0.67 -0.45 -1.11 -1.08 -0.47 -0.3 0.234 0.291 0.152 0.173 0.217 0.409 0 0 1 0 0 0
1993-04-27T13:30:00 1993 4 27 13 30 0 0.54 0.7 342.0 8.85 3.63 0.01 0.0 0.0 0 0 1 0 0 0 1 0 1.3 0.96 -5.0 -0.67 -0.45 -1.11 -1.08 -0.47 -0.3 0.228 0.286 0.151 0.172 0.217 0.408 0 0 1 0 0 0
1993-04-27T14:30:00 1993 4 27 14 30 0 0.54 0.7 342.0 8.85 3.63 0.01 0.0 0.0 0 0 1 0 0 0 1 0 1.3 1.0 -4.0 -0.67 -0.45 -1.11 -1.08 -0.47 -0.3 0.224 0.284 0.151 0.172 0.216 0.408 0 0 1 0 0 0
1993-04-27T15:30:00 1993 4 27 15 30 0 0.54 0.7 342.0 8.85 3.63 0.01 0.0 0.0 0 0 1 0 0 0 1 0 1.3 1.04 -3.0 -0.67 -0.45 -1.11 -1.08 -0.47 -0.3 0.221 0.283 0.151 0.171 0.216 0.408 0 0 1 0 0 0
1993-04-27T16:30:00 1993 4 27 16 30 0 0.54 0.7 342.0 8.85 3.63 0.01 0.0 0.0 0 0 1 0 0 0 1 0 1.3 1.08 -6.0 -0.67 -0.45 -1.11 -1.08 -0.47 -0.3 0.219 0.282 0.151 0.171 0.216 0.408 0 0 1 0 0 0
1993-04-27T17:30:00 1993 4 27 17 30 0 0.54 0.69 342.0 8.85 3.63 0.01 0.0 0.0 0 0 1 0 0 0 1 0 1.3 1.16 -5.0 -0.67 -0.45 -1.11 -1.08 -0.47 -0.3 0.218 0.282 0.151 0.171 0.216 0.408 0 0 1 0 0 0
1993-04-27T18:30:00 1993 4 27 18 30 0 0.54 0.69 344.4 8.85 3.63 0.01 0.0 0.0 0 0 1 0 0 0 1 0 0.7 1.15 -4.0 -0.67 -0.45 -1.11 -1.08 -0.47 -0.3 0.217 0.282 0.151 0.172 0.217 0.411 0 0 1 0 0 0
1993-04-27T19:30:00 1993 4 27 19 30 0 0.55 0.69 349.3 8.85 3.62 0.01 0.0 0.0 0 0 1 0 0 0 1 0 0.7 1.14 -4.0 -0.67 -0.45 -1.11 -1.08 -0.47 -0.3 0.218 0.282 0.151 0.173 0.221 0.419 0 0 1 0 0 0
1993-04-27T20:30:00 1993 4 27 20 30 0 0.55 0.69 354.2 8.85 3.62 0.01 0.0 0.0 0 0 1 0 0 0 1 0 0.7 1.07 -2.0 -0.67 -0.45 -1.11 -1.08 -0.47 -0.3 0.219 0.282 0.152 0.175 0.225 0.431 0 0 1 0 0 0
1993-04-27T21:30:00 1993 4 27 21 30 0 0.55 0.69 359.1 8.85 3.62 0.01 0.0 0.0 0 0 1 0 0 0 1 0 1.7 1.12 -1.0 -0.67 -0.45 -1.11 -1.08 -0.47 -0.3 0.22 0.283 0.152 0.178 0.23 0.445 0 0 1 0 0 0
1993-04-27T22:30:00 1993 4 27 22 30 0 0.55 0.69 364.0 8.85 3.62 0.01 0.0 0.0 0 0 1 0 0 0 1 0 1.7 1.18 -2.0 -0.67 -0.45 -1.11 -1.08 -0.47 -0.3 0.222 0.284 0.153 0.18 0.235 0.459 0 0 1 0 0 0
1993-04-27T23:30:00 1993 4 27 23 30 0 0.55 0.69 368.8 8.85 3.62 0.01 0.0 0.0 0 0 1 0 0 0 1 0 1.7 1.23 -3.0 -0.67 -0.45 -1.11 -1.08 -0.47 -0.3 0.224 0.284 0.153 0.183 0.24 0.474 0 0 1 0 0 0
