1993-01-21T00:30:00 1993 1 21 0 30 0 -0.43 -0.53 412.4 7.19 3.26 0.1 1.1 0.79 0 0 1 0 0 0 1 0 2.3 1.33 -21.0 -1.06 -0.81 -1.55 -1.52 -0.84 -0.62 0.352 0.393 0.405 0.314 0.405 0.736 0 0 0 0 0 0
1993-01-21T01:30:00 1993 1 21 1 30 0 -0.42 -0.53 408.5 7.19 3.26 0.1 1.09 0.78 0 0 1 0 0 0 1 0 2.3 1.23 -23.0 -1.06 -0.81 -1.55 -1.52 -0.84 -0.62 0.349 0.393 0.403 0.31 0.399 0.719 0 0 0 0 0 0
1993-01-21T02:30:00 1993 1 21 2 30 0 -0.42 -0.53 404.6 7.19 3.26 0.1 1.08 0.77 0 0 1 0 0 0 1 0 2.3 1.39 -23.0 -1.06 -0.81 -1.55 -1.52 -0.84 -0.62 0.346 0.392 0.4 0.307 0.393 0.703 0 0 0 0 0 0
1993-01-21T03:30:00 1993 1 21 3 30 0 -0.42 -0.52 400.8 7.19 3.26 0.09 1.06 0.76 0 0 1 0 0 0 1 0 3.3 1.69 -22.0 -1.06 -0.81 -1.55 -1.52 -0.84 -0.62 0.343 0.391 0.397 0.303 0.387 0.687 0 0 0 0 0 0
1993-01-21T04:30:00 1993 1 21 4 30 0 -0.42 -0.52 396.9 7.19 3.25 0.09 1.04 0.75 0 0 1 0 0 0 1 0 3.3 1.98 -20.0 -1.06 -0.81 -1.55 -1.52 -0.84 -0.62 0.34 0.39 0.395 0.299 0.381 0.672 0 0 0 0 0 0
1993-01-21T05:30:00 1993 1 21 5 30 0 -0.42 -0.52 395.0 7.19 3.25 0.09 1.03 0.74 0 0 1 0 0 0 1 0 3.3 2.3 -20.0 -1.06 -0.81 -1.54 -1.51 -0.84 -0.62 0.338 0.39 0.392 0.295 0.376 0.659 0 0 0 0 0 0
1993-01-21T06:30:00 1993 1 21 6 30 0 -0.42 -0.52 395.0 7.19 3.25 0.09 1.03 0.74 0 0 1 0 0 0 1 0 1.3 2.36 -20.0 -1.06 -0.81 -1.54 -1.51 -0.84 -0.61 0.336 0.389 0.389 0.293 0.374 0.651 0 0 0 0 0 0
1993-01-21T07:30:00 1993 1 21 7 30 0 -0.42 -0.52 395.0 7.19 3.25 0.09 1.03 0.74 0 0 1 0 0 0 1 0 1.3 2.42 -21.0 -1.06 -0.81 -1.54 -1.51 -0.84 -0.61 0.335 0.389 0.386 0.291 0.374 0.646 0 0 0 0 0 0
1993-01-21T08:30:00 1993 1 21 8 30 0 -0.42 -0.52 395.0 7.2 3.25 0.09 1.03 0.74 0 0 1 0 0 0 1 0 1.3 2.28 -21.0 -1.06 -0.81 -1.54 -1.51 -0.83 -0.61 0.334 0.389 0.383 0.29 0.372 0.644 0 0 0 0 0 0
1993-01-21T09:30:00 1993 1 21 9 30 0 -0.42 -0.52 395.0 7.2 3.25 0.09 1.03 0.74 0 0 1 0 0 0 1 0 1.7 2.21 -20.0 -1.06 -0.81 -1.54 -1.51 -0.83 -0.61 0.333 0.389 0.381 0.29 0.371 0.644 0 0 0 0 0 0
1993-01-21T10:30:00 1993 1 21 10 30 0 -0.42 -0.52 395.0 7.2 3.25 0.09 1.03 0.74 0 0 1 0 0 0 1 0 1.7 2.13 -19.0 -1.06 -0.81 -1.54 -1.51 -0.83 -0.61 0.333 0.389 0.378 0.29 0.371 0.644 0 0 0 0 0 0
1993-01-21T11:30:00 1993 1 21 11 30 0 -0.41 -0.52 395.0 7.2 3.25 0.09 1.03 0.74 0 0 1 0 0 0 1 0 1.7 1.93 -18.0 -1.06 -0.81 -1.54 -1.51 -0.83 -0.61 0.333 0.389 0.375 0.29 0.371 0.644 0 0 0 0 0 0
1993-01-21T12:30:00 1993 1 21 12 30 0 -0.41 -0.52 395.0 6.93 3.24 0.09 1.03 0.72 0 0 1 1 0 0 1 1 1.7 1.74 -18.0 -1.06 -0.81 -1.53 -1.51 -0.83 -0.61 0.332 0.387 0.373 0.288 0.368 0.631 0 0 0 0 0 0
1993-01-21T13:30:00 1993 1 21 13 30 0 -0.41 -0.52 395.0 6.45 3.22 0.09 1.03 0.69 0 0 1 1 1 0 1 1 1.7 1.56 -14.0 -1.05 -0.81 -1.53 -1.5 -0.83 -0.61 0.328 0.381 0.37 0.284 0.361 0.598 0 0 0 0 0 0
1993-01-21T14:30:00 1993 1 21 14 30 0 -0.41 -0.52 395.0 5.97 2.76 0.09 1.03 0.64 0 0 1 1 1 0 1 1 1.7 1.6 -15.0 -1.05 -0.81 -1.53 -1.5 -0.83 -0.61 0.322 0.371 0.367 0.277 0.351 0.554 0 0 0 0 0 0
1993-01-21T15:30:00 1993 1 21 15 30 0 -0.22 -0.52 395.0 5.49 2.31 0.08 1.03 0.59 1 0 1 1 1 1 1 1 1.3 1.6 -16.0 -1.05 -0.81 -1.53 -1.5 -0.83 -0.61 0.315 0.359 0.364 0.269 0.34 0.504 0 0 0 0 0 0
1993-01-21T16:30:00 1993 1 21 16 30 0 0.26 -0.52 395.0 5.1 1.85 0.07 1.03 0.54 1 0 1 1 1 1 1 1 1.3 1.6 -12.0 -1.05 -0.81 -1.53 -1.5 -0.83 -0.61 0.307 0.348 0.361 0.261 0.329 0.458 0 0 0 0 0 0
1993-01-21T17:30:00 1993 1 21 17 30 0 0.74 -0.5 395.0 5.1 1.71 0.1 1.01 0.51 1 1 1 1 1 1 1 1 1.3 1.54 -11.0 -0.97 -0.76 -1.39 -1.36 -0.78 -0.59 0.297 0.335 0.357 0.247 0.318 0.429 0 0 0 0 1 1
1993-01-21T18:30:00 1993 1 21 18 30 0 1.0 -0.42 395.0 5.1 1.71 0.15 0.9 0.46 1 1 2 2 2 1 2 2 0.7 1.42 -12.0 -0.53 -0.48 -0.62 -0.61 -0.48 -0.44 0.265 0.298 0.35 0.192 0.269 0.392 0 1 0 1 1 1
1993-01-21T19:30:00 1993 1 21 19 30 0 1.0 -0.4 396.0 5.2 1.79 0.16 0.81 0.42 2 2 2 2 2 2 2 2 0.7 1.29 -14.0 -0.4 -0.4 -0.4 -0.4 -0.4 -0.4 0.224 0.258 0.341 0.132 0.224 0.363 1 1 0 1 2 1
1993-01-21T20:30:00 1993 1 21 20 30 0 0.7 -0.5 399.0 4.9 1.56 0.14 0.9 0.45 2 2 2 2 2 2 2 2 0.7 1.16 -14.0 -0.5 -0.5 -0.5 -0.5 -0.5 -0.5 0.197 0.243 0.333 0.098 0.22 0.359 1 2 0 1 2 2
1993-01-21T21:30:00 1993 1 21 21 30 0 0.78 -0.5 394.8 5.43 1.69 0.13 0.99 0.51 1 1 1 1 1 1 1 1 0.7 1.04 -13.0 -0.6 -0.56 -0.69 -0.68 -0.56 -0.52 0.189 0.25 0.325 0.091 0.237 0.38 1 1 0 1 1 1
1993-01-21T22:30:00 1993 1 21 22 30 0 0.95 -0.64 390.5 5.95 1.82 0.18 1.13 0.65 1 1 1 1 1 1 1 1 0.7 0.92 -9.0 -1.03 -0.85 -1.39 -1.36 -0.87 -0.7 0.211 0.293 0.32 0.131 0.294 0.445 1 1 0 1 1 1
1993-01-21T23:30:00 1993 1 21 23 30 0 1.12 -1.31 386.2 6.47 1.96 0.39 1.95 1.22 1 1 1 1 1 1 1 1 0.7 0.84 -9.0 -1.41 -1.37 -1.5 -1.5 -1.37 -1.33 0.261 0.385 0.318 0.185 0.397 0.606 1 1 0 1 1 1
