1993-03-02T00:30:00 1993 3 2 0 30 0 6.9 4.53 424.3 7.6 2.67 1.49 0.0 0.0 1 1 1 1 1 1 1 1 1.7 3.03 -33.0 4.31 4.36 4.2 4.21 4.36 4.4 0.086 0.016 0.513 0.034 0.002 0.014 1 0 1 1 0 0
1993-03-02T01:30:00 1993 3 2 1 30 0 5.59 0.92 429.6 7.6 2.76 1.79 0.0 0.0 1 1 1 1 1 1 1 1 1.7 2.77 -30.0 -0.1 0.14 -0.6 -0.57 0.12 0.32 0.063 0.008 0.498 0.032 0.001 0.006 1 0 1 1 0 0
1993-03-02T02:30:00 1993 3 2 2 30 0 3.15 0.24 434.9 7.65 3.06 1.32 0.0 0.0 1 0 1 1 1 1 1 1 1.7 2.61 -28.0 -0.94 -0.66 -1.51 -1.47 -0.69 -0.46 0.119 0.127 0.491 0.125 0.194 0.275 0 0 1 0 0 0
1993-03-02T03:30:00 1993 3 2 3 30 0 0.72 0.24 440.2 7.7 3.35 0.3 0.0 0.0 1 0 1 1 1 1 1 1 3.3 2.65 -25.0 -0.94 -0.66 -1.51 -1.47 -0.69 -0.46 0.189 0.242 0.487 0.214 0.332 0.568 0 0 1 0 0 0
1993-03-02T04:30:00 1993 3 2 4 30 0 -0.21 0.24 445.5 7.76 3.65 0.01 0.0 0.0 0 0 1 1 1 0 1 1 3.3 2.7 -21.0 -0.94 -0.66 -1.51 -1.48 -0.69 -0.46 0.237 0.301 0.484 0.267 0.382 0.707 0 0 1 0 0 0
1993-03-02T05:30:00 1993 3 2 5 30 0 -0.21 0.24 450.8 7.82 3.66 0.0 0.0 0.0 0 0 1 1 0 0 1 1 3.3 2.7 -25.0 -0.94 -0.66 -1.51 -1.48 -0.69 -0.46 0.271 0.331 0.482 0.3 0.404 0.783 0 0 1 0 0 0
1993-03-02T06:30:00 1993 3 2 6 30 0 -0.21 0.24 456.1 7.86 3.67 0.0 0.0 0.0 0 0 1 0 0 0 1 0 4.7 2.9 -27.0 -0.94 -0.66 -1.51 -1.48 -0.69 -0.46 0.295 0.347 0.48 0.321 0.417 0.832 0 0 1 0 0 0
1993-03-02T07:30:00 1993 3 2 7 30 0 -0.21 0.24 461.4 7.86 3.67 0.0 0.0 0.0 0 0 1 0 0 0 1 0 4.7 3.09 -30.0 -0.94 -0.66 -1.52 -1.48 -0.69 -0.46 0.313 0.355 0.478 0.336 0.427 0.868 0 0 1 0 0 0
1993-03-02T08:30:00 1993 3 2 8 30 0 -0.21 0.24 466.6 7.87 3.67 0.0 0.0 0.0 0 0 1 0 0 0 1 0 4.7 3.46 -38.0 -0.94 -0.66 -1.52 -1.48 -0.69 -0.46 0.326 0.36 0.477 0.346 0.435 0.898 0 0 1 0 0 0
1993-03-02T09:30:00 1993 3 2 9 30 0 -0.22 0.24 471.9 7.87 3.67 0.0 0.0 0.0 0 0 1 0 0 0 1 0 3.3 3.65 -32.0 -0.94 -0.66 -1.52 -1.48 -0.69 -0.46 0.336 0.362 0.476 0.354 0.444 0.926 0 0 1 0 0 0
1993-03-02T10:30:00 1993 3 2 10 30 0 -0.22 0.24 477.2 7.88 3.67 0.0 0.0 0.0 0 0 1 1 0 0 1 1 3.3 3.83 -23.0 -0.94 -0.66 -1.52 -1.48 -0.69 -0.46 0.343 0.364 0.476 0.361 0.452 0.953 0 0 1 0 0 0
1993-03-02T11:30:00 1993 3 2 11 30 0 -0.22 0.23 482.5 7.89 3.68 0.0 0.0 0.0 0 0 1 1 1 0 1 1 3.3 3.82 -14.0 -0.94 -0.66 -1.52 -1.48 -0.69 -0.46 0.35 0.365 0.476 0.367 0.46 0.98 0 0 0 0 0 0
1993-03-02T12:30:00 1993 3 2 12 30 0 -0.64 0.23 487.8 7.9 3.8 0.01 0.0 0.0 1 0 1 1 1 1 1 1 3.0 3.77 -17.0 -0.94 -0.66 -1.52 -1.48 -0.69 -0.46 0.355 0.367 0.476 0.373 0.469 1.008 0 0 0 0 0 0
1993-03-02T13:30:00 1993 3 2 13 30 0 -1.73 0.23 493.1 7.9 3.93 0.13 0.0 0.0 1 0 1 1 1 1 1 1 3.0 3.73 -16.0 -0.94 -0.66 -1.52 -1.48 -0.69 -0.46 0.36 0.368 0.477 0.378 0.477 1.036 0 0 0 0 0 0
1993-03-02T14:30:00 1993 3 2 14 30 0 -2.82 -0.21 498.4 7.9 4.05 0.58 0.15 0.12 1 1 1 1 1 1 1 1 3.0 3.52 -15.0 -1.24 -1.0 -1.75 -1.72 -1.02 -0.82 0.386 0.409 0.48 0.408 0.56 1.226 0 1 0 0 1 1
1993-03-02T15:30:00 1993 3 2 15 30 0 -3.4 -2.7 503.7 7.9 4.09 2.29 3.91 3.09 1 1 1 1 1 1 1 1 4.0 3.44 -14.0 -2.93 -2.87 -3.04 -3.03 -2.88 -2.83 0.53 0.627 0.497 0.59 0.965 1.992 1 1 1 1 1 1
1993-03-02T16:30:00 1993 3 2 16 30 0 -3.4 -3.4 509.0 7.9 4.09 4.58 7.8 6.16 2 2 2 2 2 2 2 2 4.0 3.37 -21.0 -3.4 -3.4 -3.4 -3.4 -3.4 -3.4 0.718 0.852 0.527 0.823 1.313 2.698 1 2 1 2 2 2
1993-03-02T17:30:00 1993 3 2 17 30 0 -1.8 -2.7 507.0 7.5 3.84 3.76 7.67 5.9 2 2 2 2 2 2 2 2 4.0 3.46 -32.0 -2.7 -2.7 -2.7 -2.7 -2.7 -2.7 0.812 0.921 0.551 0.881 1.333 2.816 2 2 1 2 2 2
1993-03-02T18:30:00 1993 3 2 18 30 0 -1.85 -2.16 514.5 7.2 3.79 2.31 6.15 4.52 1 1 1 1 1 1 1 1 4.3 3.59 -35.0 -2.38 -2.32 -2.48 -2.48 -2.33 -2.29 0.829 0.89 0.566 0.842 1.233 2.65 1 1 1 1 1 1
1993-03-02T19:30:00 1993 3 2 19 30 0 -1.95 -0.52 522.0 6.9 3.74 1.15 3.29 2.33 1 1 1 1 1 1 1 1 4.3 3.72 -32.0 -1.4 -1.19 -1.83 -1.81 -1.21 -1.04 0.764 0.755 0.574 0.732 0.98 2.19 1 1 1 1 1 1
1993-03-02T20:30:00 1993 3 2 20 30 0 -2.05 -2.22 529.5 6.6 3.68 1.39 3.8 2.55 1 1 1 1 1 1 1 1 4.3 3.88 -39.0 -2.44 -2.39 -2.55 -2.55 -2.39 -2.35 0.754 0.74 0.585 0.716 1.037 2.17 1 1 1 1 1 1
1993-03-02T21:30:00 1993 3 2 21 30 0 -2.1 -2.8 537.0 6.3 3.63 2.77 6.76 4.35 2 2 2 2 2 2 2 2 4.7 4.09 -49.0 -2.8 -2.8 -2.8 -2.8 -2.8 -2.8 0.802 0.803 0.604 0.779 1.208 2.359 1 2 1 2 2 2
1993-03-02T22:30:00 1993 3 2 22 30 0 -2.4 -3.0 539.0 6.6 3.83 3.54 7.82 5.06 2 2 2 2 2 2 2 2 4.7 4.3 -47.0 -3.0 -3.0 -3.0 -3.0 -3.0 -3.0 0.863 0.868 0.627 0.859 1.338 2.579 2 2 1 2 2 2
1993-03-02T23:30:00 1993 3 2 23 30 0 -2.4 -2.4 511.0 6.6 3.45 3.17 7.01 4.63 1 1 2 2 2 1 2 2 4.7 4.38 -51.0 -2.62 -2.57 -2.73 -2.72 -2.57 -2.53 0.881 0.875 0.645 0.868 1.276 2.494 1 1 1 1 1 1
