1993-10-19T00:30:00 1993 10 19 0 30 0 0.74 -0.57 317.6 9.79 3.04 0.12 0.91 0.9 0 0 1 0 0 0 1 0 2.7 1.31 -15.0 -1.19 -0.94 -1.66 -1.63 -0.97 -0.74 0.421 0.503 0.285 0.304 0.334 0.665 0 0 1 0 0 0
1993-10-19T01:30:00 1993 10 19 1 30 0 0.74 -0.57 317.7 9.78 3.04 0.12 0.91 0.89 0 0 1 0 0 0 1 0 2.7 1.44 -14.0 -1.19 -0.94 -1.66 -1.63 -0.97 -0.74 0.397 0.49 0.283 0.292 0.332 0.643 0 0 1 0 0 0
1993-10-19T02:30:00 1993 10 19 2 30 0 0.74 -0.57 317.8 9.78 3.04 0.12 0.91 0.89 0 0 1 0 0 0 1 0 2.7 1.66 -15.0 -1.19 -0.94 -1.66 -1.63 -0.97 -0.74 0.381 0.483 0.281 0.285 0.331 0.634 0 0 1 0 0 0
1993-10-19T03:30:00 1993 10 19 3 30 0 0.74 -0.58 317.8 9.78 3.04 0.12 0.91 0.89 0 0 1 0 0 0 1 0 3.0 1.91 -17.0 -1.19 -0.94 -1.66 -1.63 -0.97 -0.74 0.371 0.48 0.28 0.282 0.33 0.631 0 0 1 0 0 0
1993-10-19T04:30:00 1993 10 19 4 30 0 0.74 -0.58 317.9 9.77 3.04 0.12 0.92 0.9 0 0 1 0 0 0 1 0 3.0 2.16 -16.0 -1.19 -0.94 -1.66 -1.63 -0.97 -0.74 0.363 0.478 0.278 0.279 0.33 0.629 0 0 1 0 0 0
1993-10-19T05:30:00 1993 10 19 5 30 0 0.74 -0.58 318.0 9.77 3.04 0.12 0.92 0.9 0 0 1 0 0 0 1 0 3.0 2.41 -18.0 -1.19 -0.94 -1.66 -1.63 -0.97 -0.74 0.358 0.477 0.276 0.278 0.33 0.629 0 0 1 0 0 0
1993-10-19T06:30:00 1993 10 19 6 30 0 0.74 -0.58 318.1 9.77 3.04 0.12 0.92 0.9 0 0 1 0 0 0 1 0 1.7 2.48 -22.0 -1.19 -0.94 -1.66 -1.63 -0.97 -0.74 0.355 0.477 0.274 0.278 0.331 0.629 0 0 1 0 0 0
1993-10-19T07:30:00 1993 10 19 7 30 0 0.75 -0.58 318.2 9.76 3.04 0.13 0.92 0.9 0 0 1 0 0 0 1 0 1.7 2.55 -26.0 -1.19 -0.95 -1.66 -1.63 -0.97 -0.74 0.353 0.477 0.273 0.277 0.331 0.629 0 0 1 0 0 0
1993-10-19T08:30:00 1993 10 19 8 30 0 0.75 -0.58 318.2 9.76 3.04 0.13 0.92 0.9 0 0 1 0 0 0 1 0 1.7 2.42 -27.0 -1.2 -0.95 -1.66 -1.63 -0.97 -0.74 0.352 0.478 0.271 0.277 0.331 0.629 0 0 1 0 0 0
1993-10-19T09:30:00 1993 10 19 9 30 0 0.75 -0.59 318.3 9.76 3.04 0.13 0.93 0.91 0 0 1 0 0 0 1 0 2.0 2.34 -21.0 -1.2 -0.95 -1.66 -1.63 -0.97 -0.74 0.351 0.479 0.27 0.277 0.331 0.629 0 0 1 0 0 0
1993-10-19T10:30:00 1993 10 19 10 30 0 0.75 -0.59 318.4 9.76 3.05 0.13 0.94 0.92 0 0 1 0 0 0 1 0 2.0 2.25 -20.0 -1.2 -0.95 -1.66 -1.63 -0.97 -0.74 0.351 0.479 0.268 0.277 0.331 0.629 0 0 1 0 0 0
1993-10-19T11:30:00 1993 10 19 11 30 0 0.75 -0.59 318.5 10.24 3.05 0.13 0.94 0.94 0 0 1 1 0 0 1 1 2.0 2.13 -21.0 -1.2 -0.95 -1.66 -1.63 -0.97 -0.75 0.353 0.483 0.267 0.279 0.334 0.648 0 0 1 0 0 0
1993-10-19T12:30:00 1993 10 19 12 30 0 0.75 -0.59 318.6 11.12 3.04 0.13 0.94 1.01 0 0 1 1 1 0 1 1 1.0 1.88 -20.0 -1.2 -0.95 -1.66 -1.63 -0.97 -0.75 0.357 0.493 0.266 0.284 0.342 0.695 0 0 1 0 0 0
1993-10-19T13:30:00 1993 10 19 13 30 0 1.41 -0.59 318.7 12.0 2.88 0.19 0.94 1.09 1 0 1 1 1 1 1 1 1.0 1.63 -19.0 -1.2 -0.95 -1.66 -1.63 -0.97 -0.75 0.363 0.507 0.265 0.291 0.353 0.759 0 0 1 0 0 0
1993-10-19T14:30:00 1993 10 19 14 30 0 3.11 -0.59 318.8 12.88 2.72 0.55 0.94 1.17 1 0 1 1 1 1 1 1 1.0 1.54 -16.0 -1.2 -0.95 -1.66 -1.63 -0.97 -0.75 0.371 0.523 0.265 0.299 0.364 0.833 0 0 1 0 0 0
1993-10-19T15:30:00 1993 10 19 15 30 0 4.8 -0.46 318.8 13.6 2.56 1.27 0.83 1.1 1 1 1 1 1 1 1 1 1.0 1.45 -14.0 -0.99 -0.77 -1.4 -1.37 -0.79 -0.59 0.366 0.514 0.263 0.288 0.349 0.858 0 0 1 0 1 1
1993-10-19T16:30:00 1993 10 19 16 30 0 5.7 0.29 318.9 13.6 2.51 1.77 0.2 0.27 1 1 1 1 1 1 1 1 1.0 1.36 -15.0 0.17 0.22 0.08 0.09 0.22 0.26 0.282 0.325 0.257 0.189 0.167 0.481 0 1 1 1 1 1
1993-10-19T17:30:00 1993 10 19 17 30 0 5.7 0.5 319.0 13.6 2.51 1.8 0.0 0.0 2 2 2 2 2 2 2 2 1.0 1.24 -17.0 0.5 0.5 0.5 0.5 0.5 0.5 0.191 0.162 0.249 0.106 0.053 0.199 0 1 1 1 1 1
1993-10-19T18:30:00 1993 10 19 18 30 0 -0.7 -2.3 310.0 13.7 2.48 0.9 1.63 2.22 2 2 2 2 2 2 2 2 2.3 1.29 -18.0 -2.3 -2.3 -2.3 -2.3 -2.3 -2.3 0.265 0.428 0.247 0.177 0.343 0.815 1 2 1 1 2 2
1993-10-19T19:30:00 1993 10 19 19 30 0 -0.2 -2.5 309.0 12.8 2.27 1.08 3.73 4.92 2 2 2 2 2 2 2 2 2.3 1.34 -18.0 -2.5 -2.5 -2.5 -2.5 -2.5 -2.5 0.409 0.729 0.252 0.322 0.569 1.281 2 2 1 2 2 2
1993-10-19T20:30:00 1993 10 19 20 30 0 2.9 -1.7 310.0 15.6 2.75 1.09 3.2 4.55 2 2 2 2 2 2 2 2 2.3 1.5 -16.0 -1.7 -1.7 -1.7 -1.7 -1.7 -1.7 0.477 0.831 0.253 0.358 0.591 1.506 2 2 1 2 2 2
1993-10-19T21:30:00 1993 10 19 21 30 0 5.7 -0.4 306.0 16.5 2.81 1.71 1.53 2.45 2 2 2 2 2 2 2 2 2.7 1.72 -14.0 -0.4 -0.4 -0.4 -0.4 -0.4 -0.4 0.421 0.68 0.249 0.263 0.407 1.284 2 2 1 2 2 2
1993-10-19T22:30:00 1993 10 19 22 30 0 5.2 -0.5 304.0 15.1 2.79 1.99 0.69 1.09 2 2 2 2 2 2 2 2 2.7 1.93 -13.0 -0.5 -0.5 -0.5 -0.5 -0.5 -0.5 0.342 0.522 0.243 0.175 0.284 1.006 2 2 1 2 2 2
1993-10-19T23:30:00 1993 10 19 23 30 0 4.98 -0.52 302.0 14.3 2.58 1.79 0.77 1.13 1 1 1 1 1 1 1 1 2.7 2.14 -14.0 -0.63 -0.58 -0.72 -0.71 -0.59 -0.55 0.3 0.459 0.237 0.139 0.259 0.876 2 2 1 2 1 1
