1993-07-30T00:30:00 1993 7 30 0 30 0 -5.0 -0.13 390.3 9.61 2.59 1.07 0.25 0.27 1 0 1 1 1 1 1 1 3.0 3.77 -8.0 -0.9 -0.63 -1.53 -1.49 -0.66 -0.44 0.364 0.413 0.357 0.355 0.372 0.99 0 0 0 0 0 0
1993-07-30T01:30:00 1993 7 30 1 30 0 -8.4 -0.2 386.9 8.3 2.4 3.61 0.33 0.29 1 1 1 1 1 1 1 1 3.0 3.61 -13.0 -0.88 -0.64 -1.43 -1.39 -0.66 -0.47 0.345 0.387 0.355 0.324 0.345 0.808 0 0 0 0 1 0
1993-07-30T02:30:00 1993 7 30 2 30 0 -10.2 -0.59 383.4 8.3 2.34 6.49 0.79 0.66 1 1 1 1 1 1 1 1 3.0 3.37 -11.0 -0.74 -0.69 -0.86 -0.85 -0.69 -0.65 0.319 0.376 0.35 0.261 0.333 0.753 0 1 0 1 1 1
1993-07-30T03:30:00 1993 7 30 3 30 0 -10.2 -0.7 380.0 8.3 2.34 7.69 1.24 1.03 2 2 2 2 2 2 2 2 2.3 3.04 -12.0 -0.7 -0.7 -0.7 -0.7 -0.7 -0.7 0.294 0.375 0.343 0.199 0.33 0.754 1 1 0 1 2 1
1993-07-30T04:30:00 1993 7 30 4 30 0 -8.85 -0.6 392.2 9.1 2.81 6.87 1.25 1.09 1 1 1 1 1 1 1 1 2.3 2.71 -8.0 -0.74 -0.69 -0.86 -0.85 -0.69 -0.65 0.282 0.38 0.336 0.171 0.342 0.808 1 1 0 1 1 1
1993-07-30T05:30:00 1993 7 30 5 30 0 -5.9 0.44 404.5 9.9 3.28 4.02 0.29 0.27 1 1 1 1 1 1 1 1 2.3 2.66 -9.0 -0.13 0.07 -0.61 -0.57 0.05 0.22 0.235 0.262 0.33 0.146 0.193 0.48 1 1 0 1 1 1
1993-07-30T06:30:00 1993 7 30 6 30 0 -2.95 4.17 416.8 10.7 3.76 0.87 0.0 0.0 1 1 1 1 1 1 1 1 1.3 2.47 -8.0 4.02 4.08 3.9 3.91 4.07 4.11 0.159 0.13 0.319 0.082 0.061 0.199 1 1 0 1 1 1
1993-07-30T07:30:00 1993 7 30 7 30 0 -1.6 5.2 429.0 11.5 4.23 0.07 0.0 0.0 2 2 2 2 2 2 2 2 1.3 2.29 -3.0 5.2 5.2 5.2 5.2 5.2 5.2 0.108 0.065 0.31 0.046 0.019 0.083 1 1 0 1 1 1
1993-07-30T08:30:00 1993 7 30 8 30 0 -1.0 3.5 430.0 12.4 4.04 0.01 0.0 0.0 2 2 2 2 2 2 2 2 1.3 2.08 -1.0 3.5 3.5 3.5 3.5 3.5 3.5 0.073 0.032 0.3 0.026 0.006 0.034 1 1 0 1 1 1
1993-07-30T09:30:00 1993 7 30 9 30 0 0.9 4.2 428.0 11.6 3.83 0.0 0.0 0.0 2 2 2 2 2 2 2 2 1.0 1.83 1.0 4.2 4.2 4.2 4.2 4.2 4.2 0.049 0.016 0.291 0.014 0.002 0.014 1 1 0 1 1 1
1993-07-30T10:30:00 1993 7 30 10 30 0 -2.3 4.0 426.0 9.4 3.32 0.02 0.0 0.0 2 2 2 2 2 2 2 2 1.0 1.58 2.0 4.0 4.0 4.0 4.0 4.0 4.0 0.033 0.008 0.282 0.008 0.001 0.006 1 1 0 1 1 1
1993-07-30T11:30:00 1993 7 30 11 30 0 0.4 1.1 420.0 8.0 2.86 0.02 0.0 0.0 2 2 2 2 2 2 2 2 1.0 1.42 -1.0 1.1 1.1 1.1 1.1 1.1 1.1 0.023 0.004 0.274 0.005 0.0 0.002 1 1 0 1 1 1
1993-07-30T12:30:00 1993 7 30 12 30 0 -1.5 -0.5 428.0 6.3 2.25 0.08 0.21 0.14 2 2 2 2 2 2 2 2 1.3 1.3 -7.0 -0.5 -0.5 -0.5 -0.5 -0.5 -0.5 0.035 0.058 0.266 0.013 0.088 0.161 2 2 0 2 2 2
1993-07-30T13:30:00 1993 7 30 13 30 0 -2.3 -1.0 426.0 5.3 1.9 0.63 1.64 0.94 2 2 2 2 2 2 2 2 1.3 1.19 -10.0 -1.0 -1.0 -1.0 -1.0 -1.0 -1.0 0.107 0.209 0.262 0.066 0.29 0.454 2 2 0 2 2 2
1993-07-30T14:30:00 1993 7 30 14 30 0 -2.5 -0.1 432.0 4.7 1.73 0.73 1.1 0.56 2 2 2 2 2 2 2 2 1.3 1.19 -11.0 -0.1 -0.1 -0.1 -0.1 -0.1 -0.1 0.115 0.201 0.256 0.061 0.224 0.395 2 2 0 2 2 2
1993-07-30T15:30:00 1993 7 30 15 30 0 -1.1 -1.1 433.0 5.4 1.96 0.51 1.39 0.72 2 2 2 2 2 2 2 2 1.0 1.15 -15.0 -1.1 -1.1 -1.1 -1.1 -1.1 -1.1 0.153 0.265 0.252 0.088 0.321 0.514 2 2 0 2 2 2
1993-07-30T16:30:00 1993 7 30 16 30 0 -1.3 -1.0 435.5 4.55 1.61 0.5 2.27 1.12 1 1 1 1 1 1 1 1 1.0 1.11 -19.0 -1.0 -1.0 -1.0 -1.0 -1.0 -1.0 0.201 0.327 0.25 0.124 0.391 0.586 1 1 0 1 1 1
1993-07-30T17:30:00 1993 7 30 17 30 0 -1.5 -0.9 438.0 3.7 1.25 0.52 2.07 0.85 2 2 2 2 2 2 2 2 1.0 1.11 -15.0 -0.9 -0.9 -0.9 -0.9 -0.9 -0.9 0.219 0.329 0.247 0.13 0.375 0.522 2 2 0 2 2 2
1993-07-30T18:30:00 1993 7 30 18 30 0 -2.0 -0.6 442.0 3.2 1.25 0.56 1.62 0.56 2 2 2 2 2 2 2 2 1.3 1.15 -12.0 -0.6 -0.6 -0.6 -0.6 -0.6 -0.6 0.209 0.291 0.243 0.112 0.312 0.412 2 2 0 2 2 2
1993-07-30T19:30:00 1993 7 30 19 30 0 -1.84 -0.52 445.0 3.0 1.18 0.54 1.23 0.38 1 1 1 1 1 1 1 1 1.3 1.19 -8.0 -0.66 -0.61 -0.78 -0.77 -0.61 -0.57 0.196 0.256 0.238 0.102 0.272 0.332 2 1 0 1 1 1
1993-07-30T20:30:00 1993 7 30 20 30 0 -1.5 -0.05 448.0 2.8 1.12 0.34 0.59 0.17 1 1 2 2 2 1 2 2 1.3 1.19 -7.0 -0.61 -0.4 -1.09 -1.06 -0.42 -0.25 0.185 0.218 0.236 0.114 0.23 0.252 1 1 0 1 1 1
1993-07-30T21:30:00 1993 7 30 21 30 0 -1.16 1.01 442.0 3.05 1.2 0.11 0.0 0.0 1 1 1 1 1 1 1 1 1.0 1.15 -8.0 0.87 0.93 0.75 0.76 0.92 0.96 0.13 0.113 0.229 0.071 0.08 0.104 1 1 0 1 1 1
1993-07-30T22:30:00 1993 7 30 22 30 0 -1.0 1.3 436.0 3.3 1.29 0.03 0.0 0.0 2 2 2 2 2 2 2 2 1.0 1.11 -8.0 1.3 1.3 1.3 1.3 1.3 1.3 0.088 0.056 0.222 0.04 0.025 0.043 1 1 0 1 1 1
1993-07-30T23:30:00 1993 7 30 23 30 0 -2.9 0.4 436.0 3.1 1.24 0.26 0.0 0.0 2 2 2 2 2 2 2 2 1.0 1.11 -1.0 0.4 0.4 0.4 0.4 0.4 0.4 0.06 0.028 0.215 0.022 0.008 0.018 1 1 0 1 1 1
