1993-04-29T00:30:00 1993 4 29 0 30 0 0.55 0.67 471.5 8.84 3.59 0.01 0.0 0.0 0 0 0 0 0 0 0 0 0.7 1.19 13.0 -0.67 -0.45 -1.11 -1.08 -0.48 -0.3 0.277 0.298 0.213 0.255 0.367 0.88 0 0 0 0 0 0
1993-04-29T01:30:00 1993 4 29 1 30 0 0.55 0.67 471.4 8.84 3.58 0.01 0.0 0.0 0 0 0 0 0 0 0 0 0.7 1.06 19.0 -0.67 -0.45 -1.11 -1.08 -0.48 -0.3 0.277 0.298 0.216 0.255 0.367 0.88 0 0 0 0 0 0
1993-04-29T02:30:00 1993 4 29 2 30 0 0.55 0.67 471.3 8.84 3.58 0.01 0.0 0.0 0 0 0 0 0 0 0 0 0.7 0.94 21.0 -0.67 -0.45 -1.11 -1.08 -0.48 -0.3 0.278 0.298 0.219 0.255 0.367 0.88 0 0 0 0 0 0
1993-04-29T03:30:00 1993 4 29 3 30 0 0.55 0.67 471.2 8.84 3.58 0.01 0.0 0.0 0 0 0 0 0 0 0 0 1.0 0.86 21.0 -0.67 -0.45 -1.11 -1.08 -0.48 -0.3 0.278 0.298 0.222 0.255 0.366 0.88 0 0 0 0 0 0
1993-04-29T04:30:00 1993 4 29 4 30 0 0.55 0.67 471.2 8.84 3.58 0.01 0.0 0.0 0 0 0 0 0 0 0 0 1.0 0.78 22.0 -0.67 -0.45 -1.11 -1.08 -0.48 -0.3 0.278 0.298 0.224 0.255 0.366 0.88 0 0 0 0 0 0
1993-04-29T05:30:00 1993 4 29 5 30 0 0.55 0.67 471.1 8.84 3.58 0.01 0.0 0.0 0 0 0 0 0 0 0 0 1.0 0.82 22.0 -0.67 -0.45 -1.11 -1.08 -0.48 -0.3 0.278 0.298 0.227 0.255 0.366 0.879 0 0 0 0 0 0
1993-04-29T06:30:00 1993 4 29 6 30 0 0.55 0.66 471.0 8.84 3.58 0.01 0.0 0.0 0 0 0 0 0 0 0 0 1.0 0.85 23.0 -0.67 -0.45 -1.11 -1.08 -0.48 -0.3 0.278 0.298 0.23 0.255 0.366 0.879 0 0 0 0 0 0
1993-04-29T07:30:00 1993 4 29 7 30 0 0.55 0.66 470.9 8.84 3.58 0.01 0.0 0.0 0 0 0 0 0 0 0 0 1.0 0.89 22.0 -0.67 -0.46 -1.11 -1.08 -0.48 -0.3 0.278 0.299 0.232 0.255 0.366 0.879 0 0 0 0 0 0
1993-04-29T08:30:00 1993 4 29 8 30 0 0.55 0.66 470.8 8.84 3.57 0.01 0.0 0.0 0 0 0 0 0 0 0 0 1.0 0.93 22.0 -0.67 -0.46 -1.11 -1.08 -0.48 -0.3 0.278 0.301 0.235 0.255 0.366 0.878 0 0 0 0 0 0
1993-04-29T09:30:00 1993 4 29 9 30 0 0.55 0.66 470.7 8.84 3.57 0.01 0.0 0.0 0 0 0 0 0 0 0 0 1.7 1.06 20.0 -0.67 -0.46 -1.11 -1.08 -0.48 -0.3 0.278 0.302 0.237 0.255 0.366 0.878 0 0 0 0 0 0
1993-04-29T10:30:00 1993 4 29 10 30 0 0.55 0.66 470.6 8.84 3.57 0.01 0.0 0.0 0 0 0 0 0 0 0 0 1.7 1.18 17.0 -0.67 -0.46 -1.11 -1.08 -0.48 -0.3 0.278 0.302 0.239 0.255 0.366 0.877 0 0 0 0 0 0
1993-04-29T11:30:00 1993 4 29 11 30 0 0.55 0.66 470.5 8.84 3.57 0.01 0.0 0.0 0 0 0 0 0 0 0 0 1.7 1.27 20.0 -0.67 -0.46 -1.11 -1.08 -0.48 -0.3 0.278 0.302 0.242 0.255 0.366 0.877 0 0 0 0 0 0
1993-04-29T12:30:00 1993 4 29 12 30 0 0.55 0.66 470.5 8.84 3.57 0.01 0.0 0.0 0 0 0 0 0 0 0 0 3.0 1.53 26.0 -0.67 -0.46 -1.11 -1.08 -0.48 -0.3 0.278 0.302 0.244 0.255 0.365 0.877 0 0 0 0 0 0
1993-04-29T13:30:00 1993 4 29 13 30 0 0.55 0.66 470.4 8.84 3.57 0.01 0.0 0.0 0 0 0 0 0 0 0 0 3.0 1.79 23.0 -0.67 -0.46 -1.11 -1.08 -0.48 -0.3 0.278 0.302 0.246 0.255 0.365 0.876 0 0 0 0 0 0
1993-04-29T14:30:00 1993 4 29 14 30 0 0.55 0.66 470.3 8.84 3.57 0.01 0.0 0.0 0 0 0 0 0 0 0 0 3.0 2.04 22.0 -0.67 -0.46 -1.11 -1.08 -0.48 -0.3 0.278 0.302 0.248 0.255 0.365 0.876 0 0 0 0 0 0
1993-04-29T15:30:00 1993 4 29 15 30 0 0.55 0.66 470.2 8.84 3.57 0.01 0.0 0.0 0 0 0 0 0 0 0 0 3.0 2.28 17.0 -0.67 -0.46 -1.11 -1.08 -0.48 -0.3 0.278 0.302 0.25 0.255 0.365 0.875 0 0 0 0 0 0
1993-04-29T16:30:00 1993 4 29 16 30 0 0.55 0.66 470.1 8.84 3.56 0.01 0.0 0.0 0 0 0 0 0 0 0 0 3.0 2.53 10.0 -0.67 -0.46 -1.11 -1.08 -0.48 -0.3 0.278 0.302 0.252 0.255 0.365 0.875 0 0 0 0 0 0
1993-04-29T17:30:00 1993 4 29 17 30 0 0.55 0.66 470.0 8.84 3.56 0.01 0.0 0.0 0 0 0 0 0 0 0 0 3.0 2.69 9.0 -0.67 -0.46 -1.11 -1.08 -0.48 -0.3 0.278 0.302 0.254 0.255 0.365 0.875 0 0 0 0 0 0
1993-04-29T18:30:00 1993 4 29 18 30 0 0.55 0.66 469.9 8.84 3.56 0.01 0.0 0.0 0 0 0 0 0 0 0 0 3.7 2.94 3.0 -0.67 -0.46 -1.11 -1.08 -0.48 -0.3 0.278 0.302 0.255 0.254 0.365 0.874 0 0 0 0 0 0
1993-04-29T19:30:00 1993 4 29 19 30 0 0.55 0.65 469.8 8.84 3.56 0.01 0.0 0.0 0 0 0 0 0 0 0 0 3.7 3.18 -1.0 -0.67 -0.46 -1.11 -1.08 -0.48 -0.3 0.278 0.302 0.257 0.254 0.365 0.874 0 0 0 0 0 0
1993-04-29T20:30:00 1993 4 29 20 30 0 0.55 0.65 469.7 8.84 3.56 0.01 0.0 0.0 0 0 0 0 0 0 0 0 3.7 3.27 -2.0 -0.67 -0.46 -1.11 -1.08 -0.48 -0.3 0.278 0.302 0.259 0.254 0.365 0.873 0 0 0 0 0 0
1993-04-29T21:30:00 1993 4 29 21 30 0 0.55 0.65 469.7 8.84 3.56 0.01 0.0 0.0 0 0 0 0 0 0 0 0 4.0 3.4 -7.0 -0.67 -0.46 -1.11 -1.08 -0.48 -0.3 0.278 0.302 0.26 0.254 0.364 0.873 0 0 0 0 0 0
1993-04-29T22:30:00 1993 4 29 22 30 0 0.55 0.65 469.6 8.84 3.56 0.01 0.0 0.0 0 0 0 0 0 0 0 0 4.0 3.52 2.0 -0.67 -0.46 -1.11 -1.08 -0.48 -0.3 0.277 0.302 0.262 0.254 0.364 0.873 0 0 0 0 0 0
1993-04-29T23:30:00 1993 4 29 23 30 0 0.55 0.65 469.5 8.84 3.55 0.01 0.0 0.0 0 0 0 0 0 0 0 0 4.0 3.65 -6.0 -0.67 -0.46 -1.11 -1.08 -0.48 -0.3 0.277 0.302 0.263 0.254 0.364 0.872 0 0 0 0 0 0
