1993-06-04T00:30:00 1993 6 4 0 30 0 -8.9 -2.8 453.0 13.1 5.38 9.9 5.61 7.36 2 2 2 2 2 2 2 2 4.0 2.99 6.0 -2.8 -2.8 -2.8 -2.8 -2.8 -2.8 0.602 0.883 0.346 0.618 1.151 3.472 1 2 2 2 2 2
1993-06-04T01:30:00 1993 6 4 1 30 0 -8.5 0.6 512.0 14.8 7.76 7.93 2.44 3.33 2 2 2 2 2 2 2 2 4.0 3.04 -6.0 0.6 0.6 0.6 0.6 0.6 0.6 0.518 0.641 0.344 0.442 0.656 2.546 2 2 2 2 2 2
1993-06-04T02:30:00 1993 6 4 2 30 0 -12.5 -0.8 560.0 12.0 7.53 11.14 0.72 0.9 2 2 2 2 2 2 2 2 4.0 3.2 -15.0 -0.8 -0.8 -0.8 -0.8 -0.8 -0.8 0.416 0.466 0.338 0.295 0.525 2.253 2 2 2 2 2 2
1993-06-04T03:30:00 1993 6 4 3 30 0 -5.9 -2.8 657.0 8.3 7.17 12.23 5.85 5.63 2 2 2 2 2 2 2 2 5.3 3.54 -22.0 -2.8 -2.8 -2.8 -2.8 -2.8 -2.8 0.594 0.69 0.371 0.569 1.332 4.052 2 2 2 2 2 2
1993-06-04T04:30:00 1993 6 4 4 30 0 1.0 -2.2 700.0 7.9 7.74 4.13 8.41 6.8 2 2 2 2 2 2 2 2 5.3 3.87 -38.0 -2.2 -2.2 -2.2 -2.2 -2.2 -2.2 0.757 0.813 0.421 0.801 1.746 5.04 2 2 2 2 2 2
1993-06-04T05:30:00 1993 6 4 5 30 0 1.0 -1.66 704.0 8.2 8.13 1.78 6.7 5.39 1 1 2 2 2 1 2 2 5.3 4.19 -40.0 -1.88 -1.85 -1.94 -1.94 -1.85 -1.83 0.821 0.819 0.461 0.85 1.758 5.323 2 1 2 2 1 1
1993-06-04T06:30:00 1993 6 4 6 30 0 1.14 0.36 712.9 8.2 8.13 0.5 2.17 1.78 1 1 1 1 1 1 1 1 5.7 4.57 -42.0 -0.69 -0.55 -0.99 -0.97 -0.56 -0.45 0.741 0.663 0.478 0.706 1.284 4.355 1 1 2 1 1 1
1993-06-04T07:30:00 1993 6 4 7 30 0 1.4 0.75 721.7 7.62 7.98 0.14 0.0 0.0 1 0 1 1 1 1 1 1 5.7 4.93 -33.0 -0.46 -0.3 -0.81 -0.78 -0.32 -0.19 0.601 0.465 0.481 0.527 0.81 2.941 1 1 2 1 1 1
1993-06-04T08:30:00 1993 6 4 8 30 0 1.18 0.75 730.6 6.77 7.13 0.12 0.0 0.0 1 0 1 1 1 1 1 1 5.7 5.14 -38.0 -0.46 -0.3 -0.81 -0.78 -0.32 -0.19 0.491 0.342 0.482 0.41 0.602 2.073 1 1 2 1 0 0
1993-06-04T09:30:00 1993 6 4 9 30 0 0.07 0.75 739.4 5.93 6.28 0.02 0.0 0.0 1 0 1 1 1 1 1 1 6.0 5.39 -52.0 -0.46 -0.3 -0.81 -0.78 -0.32 -0.19 0.413 0.275 0.483 0.341 0.524 1.605 1 0 1 0 0 0
1993-06-04T10:30:00 1993 6 4 10 30 0 -1.15 0.46 748.3 5.08 5.43 0.04 0.0 0.0 1 1 1 1 1 1 1 1 6.0 5.63 -52.0 -0.6 -0.46 -0.9 -0.88 -0.47 -0.36 0.37 0.258 0.485 0.309 0.556 1.479 1 1 1 1 1 1
1993-06-04T11:30:00 1993 6 4 11 30 0 -1.8 -1.15 757.1 4.5 5.28 0.64 1.74 0.8 1 1 1 1 1 1 1 1 6.0 5.72 -62.0 -1.38 -1.35 -1.45 -1.44 -1.35 -1.33 0.408 0.343 0.496 0.361 0.895 1.943 1 1 1 1 1 1
1993-06-04T12:30:00 1993 6 4 12 30 0 -1.8 -1.6 766.0 4.5 5.28 1.7 5.31 2.39 2 2 2 2 2 2 2 2 4.7 5.64 -55.0 -1.6 -1.6 -1.6 -1.6 -1.6 -1.6 0.484 0.441 0.515 0.448 1.197 2.424 1 2 1 1 2 2
1993-06-04T13:30:00 1993 6 4 13 30 0 -4.1 0.1 765.0 4.7 5.5 2.12 2.63 1.2 2 2 2 2 2 2 2 2 4.7 5.55 -60.0 0.1 0.1 0.1 0.1 0.1 0.1 0.405 0.327 0.51 0.317 0.702 1.712 1 2 1 2 2 2
1993-06-04T14:30:00 1993 6 4 14 30 0 -3.9 0.7 776.0 4.0 4.82 2.12 0.0 0.0 2 2 2 2 2 2 2 2 4.7 5.42 -61.0 0.7 0.7 0.7 0.7 0.7 0.7 0.274 0.162 0.495 0.177 0.222 0.71 1 2 1 2 2 2
1993-06-04T15:30:00 1993 6 4 15 30 0 -3.9 -0.7 772.0 3.8 4.53 2.46 0.79 0.3 2 2 2 2 2 2 2 2 4.0 5.2 -59.0 -0.7 -0.7 -0.7 -0.7 -0.7 -0.7 0.228 0.154 0.484 0.134 0.342 0.764 2 2 1 2 2 2
1993-06-04T16:30:00 1993 6 4 16 30 0 -1.6 2.9 767.0 4.4 5.18 0.87 0.16 0.06 2 2 2 2 2 2 2 2 4.0 4.99 -60.0 2.9 2.9 2.9 2.9 2.9 2.9 0.155 0.076 0.469 0.075 0.108 0.317 2 2 1 2 2 2
1993-06-04T17:30:00 1993 6 4 17 30 0 -3.0 1.9 771.0 4.7 5.59 0.31 0.0 0.0 2 2 2 2 2 2 2 2 4.0 4.74 -52.0 1.9 1.9 1.9 1.9 1.9 1.9 0.105 0.038 0.455 0.042 0.034 0.131 2 2 1 2 2 2
1993-06-04T18:30:00 1993 6 4 18 30 0 -4.1 -1.9 775.0 4.9 5.89 2.51 2.15 1.05 2 2 2 2 2 2 2 2 5.7 4.72 -53.0 -1.9 -1.9 -1.9 -1.9 -1.9 -1.9 0.184 0.178 0.458 0.164 0.613 1.156 2 2 2 2 2 2
1993-06-04T19:30:00 1993 6 4 19 30 0 -4.1 -1.41 775.0 4.9 5.89 4.83 6.33 3.1 1 1 1 1 1 1 1 1 5.7 4.7 -54.0 -1.63 -1.6 -1.7 -1.69 -1.61 -1.58 0.366 0.393 0.489 0.398 1.234 2.456 1 1 1 1 1 1
1993-06-04T20:30:00 1993 6 4 20 30 0 -3.01 0.42 775.0 4.9 5.6 2.44 1.88 0.92 1 1 1 1 1 1 1 1 5.7 4.83 -59.0 -0.65 -0.51 -0.94 -0.93 -0.52 -0.41 0.396 0.385 0.502 0.407 1.02 2.297 1 1 1 1 1 1
1993-06-04T21:30:00 1993 6 4 21 30 0 -1.0 0.77 775.0 5.54 4.7 0.45 0.0 0.0 1 0 1 1 1 1 1 1 5.7 4.96 -61.0 -0.46 -0.3 -0.8 -0.78 -0.31 -0.19 0.357 0.304 0.504 0.348 0.699 1.762 1 1 1 1 0 1
1993-06-04T22:30:00 1993 6 4 22 30 0 1.02 0.77 775.0 6.33 3.8 0.02 0.0 0.0 1 0 1 1 1 1 1 1 5.7 5.08 -45.0 -0.46 -0.3 -0.8 -0.78 -0.31 -0.19 0.325 0.256 0.505 0.312 0.574 1.555 1 0 1 0 0 0
1993-06-04T23:30:00 1993 6 4 23 30 0 1.78 0.77 775.0 7.11 2.89 0.17 0.0 0.0 0 0 1 1 1 0 1 1 5.7 5.29 -39.0 -0.46 -0.3 -0.8 -0.78 -0.31 -0.19 0.307 0.239 0.508 0.298 0.552 1.609 0 0 1 0 0 0
