1993-04-07T00:30:00 1993 4 7 0 30 0 -0.83 0.29 440.4 8.29 3.03 0.04 0.0 0.0 0 0 1 0 0 0 1 0 2.0 3.26 -48.0 -0.91 -0.67 -1.37 -1.34 -0.7 -0.49 0.336 0.373 0.317 0.303 0.415 0.892 0 0 0 0 0 0
1993-04-07T01:30:00 1993 4 7 1 30 0 -0.83 0.3 440.8 8.3 3.03 0.04 0.0 0.0 0 0 1 0 0 0 1 0 2.0 3.13 -48.0 -0.91 -0.67 -1.37 -1.34 -0.7 -0.49 0.336 0.373 0.318 0.303 0.416 0.894 0 0 0 0 0 0
1993-04-07T02:30:00 1993 4 7 2 30 0 -0.83 0.3 441.2 8.3 3.03 0.04 0.0 0.0 0 0 1 0 0 0 1 0 2.0 3.08 -46.0 -0.91 -0.67 -1.37 -1.34 -0.7 -0.49 0.336 0.373 0.319 0.303 0.416 0.896 0 0 0 0 0 0
1993-04-07T03:30:00 1993 4 7 3 30 0 -0.82 0.3 441.7 8.3 3.03 0.04 0.0 0.0 0 0 1 0 0 0 1 0 3.0 3.16 -44.0 -0.91 -0.67 -1.37 -1.34 -0.7 -0.49 0.336 0.373 0.32 0.303 0.417 0.898 0 0 0 0 0 0
1993-04-07T04:30:00 1993 4 7 4 30 0 -0.82 0.3 442.1 8.3 3.04 0.04 0.0 0.0 0 0 1 0 0 0 1 0 3.0 3.24 -44.0 -0.91 -0.67 -1.37 -1.34 -0.7 -0.49 0.336 0.374 0.321 0.303 0.418 0.9 0 0 0 0 0 0
1993-04-07T05:30:00 1993 4 7 5 30 0 -0.82 0.3 442.5 8.3 3.04 0.04 0.0 0.0 0 0 1 0 0 0 1 0 3.0 3.04 -44.0 -0.91 -0.67 -1.37 -1.34 -0.69 -0.49 0.336 0.374 0.322 0.303 0.416 0.902 0 0 0 0 0 0
1993-04-07T06:30:00 1993 4 7 6 30 0 -0.81 0.3 442.9 8.3 3.04 0.04 0.0 0.0 0 0 1 0 0 0 1 0 2.3 2.74 -41.0 -0.91 -0.67 -1.37 -1.34 -0.69 -0.49 0.337 0.374 0.322 0.303 0.415 0.904 0 0 0 0 0 0
1993-04-07T07:30:00 1993 4 7 7 30 0 -0.81 0.3 443.3 8.3 3.04 0.04 0.0 0.0 0 0 1 0 0 0 1 0 2.3 2.46 -36.0 -0.91 -0.67 -1.37 -1.34 -0.69 -0.49 0.337 0.374 0.323 0.304 0.416 0.906 0 0 0 0 0 0
1993-04-07T08:30:00 1993 4 7 8 30 0 -0.8 0.3 443.6 8.31 3.04 0.04 0.0 0.0 0 0 1 0 0 0 1 0 2.3 2.49 -32.0 -0.91 -0.67 -1.37 -1.34 -0.69 -0.49 0.337 0.374 0.324 0.304 0.416 0.909 0 0 0 0 0 0
1993-04-07T09:30:00 1993 4 7 9 30 0 -0.8 0.31 444.0 8.31 3.05 0.04 0.0 0.0 0 0 1 0 0 0 1 0 2.0 2.48 -32.0 -0.91 -0.67 -1.37 -1.34 -0.69 -0.49 0.337 0.374 0.325 0.304 0.417 0.911 0 0 0 0 0 0
1993-04-07T10:30:00 1993 4 7 10 30 0 -0.8 0.31 444.4 8.31 3.05 0.04 0.0 0.0 0 0 1 0 0 0 1 0 2.0 2.48 -32.0 -0.91 -0.67 -1.37 -1.34 -0.69 -0.48 0.338 0.374 0.326 0.305 0.417 0.909 0 0 0 0 0 0
1993-04-07T11:30:00 1993 4 7 11 30 0 -0.79 0.31 444.7 8.31 3.05 0.04 0.0 0.0 0 0 1 0 0 0 1 0 2.0 2.35 -32.0 -0.9 -0.67 -1.36 -1.34 -0.69 -0.48 0.337 0.374 0.327 0.305 0.418 0.907 0 0 0 0 0 0
1993-04-07T12:30:00 1993 4 7 12 30 0 -0.79 0.31 445.1 8.31 3.05 0.04 0.0 0.0 0 0 1 0 0 0 1 0 1.7 2.19 -31.0 -0.9 -0.67 -1.36 -1.34 -0.69 -0.48 0.337 0.374 0.327 0.305 0.418 0.908 0 0 0 0 0 0
1993-04-07T13:30:00 1993 4 7 13 30 0 -0.79 0.31 445.4 8.31 3.05 0.04 0.0 0.0 0 0 1 0 0 0 1 0 1.7 2.03 -30.0 -0.9 -0.67 -1.36 -1.34 -0.69 -0.48 0.336 0.374 0.328 0.306 0.419 0.909 0 0 0 0 0 0
1993-04-07T14:30:00 1993 4 7 14 30 0 -0.78 0.31 445.7 8.32 3.06 0.03 0.0 0.0 0 0 1 0 0 0 1 0 1.7 1.96 -31.0 -0.9 -0.66 -1.36 -1.33 -0.69 -0.48 0.336 0.373 0.329 0.305 0.419 0.911 0 0 0 0 0 0
1993-04-07T15:30:00 1993 4 7 15 30 0 -0.78 0.31 446.0 8.32 3.06 0.03 0.0 0.0 0 0 1 0 0 0 1 0 3.0 2.05 -32.0 -0.9 -0.66 -1.36 -1.33 -0.69 -0.48 0.336 0.372 0.329 0.305 0.42 0.913 0 0 0 0 0 0
1993-04-07T16:30:00 1993 4 7 16 30 0 -0.78 0.32 446.3 8.32 3.06 0.03 0.0 0.0 0 0 1 0 0 0 1 0 3.0 2.15 -35.0 -0.9 -0.66 -1.36 -1.33 -0.69 -0.48 0.336 0.371 0.33 0.304 0.42 0.914 0 0 0 0 0 0
1993-04-07T17:30:00 1993 4 7 17 30 0 -0.77 0.32 446.6 8.32 3.06 0.03 0.0 0.0 0 0 1 0 0 0 1 0 3.0 2.28 -32.0 -0.9 -0.66 -1.36 -1.33 -0.69 -0.48 0.336 0.371 0.331 0.304 0.421 0.916 0 0 0 0 0 0
1993-04-07T18:30:00 1993 4 7 18 30 0 -0.77 0.32 446.9 8.32 3.07 0.03 0.0 0.0 0 0 1 0 0 0 1 0 2.3 2.31 -32.0 -0.9 -0.66 -1.36 -1.33 -0.69 -0.48 0.336 0.371 0.332 0.304 0.421 0.917 0 0 0 0 0 0
1993-04-07T19:30:00 1993 4 7 19 30 0 -0.76 0.32 447.2 8.32 3.07 0.03 0.0 0.0 0 0 1 0 0 0 1 0 2.3 2.35 -33.0 -0.9 -0.66 -1.36 -1.33 -0.69 -0.48 0.336 0.371 0.332 0.305 0.422 0.919 0 0 0 0 0 0
1993-04-07T20:30:00 1993 4 7 20 30 0 -0.76 0.32 447.5 8.33 3.07 0.03 0.0 0.0 0 0 1 0 0 0 1 0 2.3 2.42 -31.0 -0.9 -0.66 -1.36 -1.33 -0.69 -0.48 0.337 0.371 0.333 0.305 0.422 0.921 0 0 0 0 0 0
1993-04-07T21:30:00 1993 4 7 21 30 0 -0.76 0.32 447.7 8.33 3.07 0.03 0.0 0.0 0 0 1 0 0 0 1 0 4.0 2.71 -34.0 -0.9 -0.66 -1.36 -1.33 -0.68 -0.48 0.337 0.371 0.334 0.305 0.421 0.923 0 0 0 0 0 0
1993-04-07T22:30:00 1993 4 7 22 30 0 -0.75 0.32 448.0 8.33 3.07 0.03 0.0 0.0 0 0 1 0 0 0 1 0 4.0 3.0 -37.0 -0.9 -0.66 -1.36 -1.33 -0.68 -0.48 0.337 0.371 0.334 0.305 0.42 0.924 0 0 0 0 0 0
1993-04-07T23:30:00 1993 4 7 23 30 0 -0.75 0.32 448.2 8.33 3.08 0.03 0.0 0.0 0 0 1 0 0 0 1 0 4.0 3.13 -41.0 -0.9 -0.66 -1.36 -1.33 -0.68 -0.48 0.337 0.371 0.335 0.306 0.42 0.926 0 0 0 0 0 0
