1993-01-22T00:30:00 1993 1 22 0 30 0 1.2 -1.5 382.0 7.0 2.09 0.64 2.71 1.83 2 2 2 2 2 2 2 2 0.7 0.77 -9.0 -1.5 -1.5 -1.5 -1.5 -1.5 -1.5 0.313 0.473 0.317 0.223 0.475 0.77 1 2 0 2 2 2
1993-01-22T01:30:00 1993 1 22 1 30 0 0.6 -1.6 380.0 8.0 2.37 0.66 2.96 2.23 2 2 2 2 2 2 2 2 0.7 0.7 -10.0 -1.6 -1.6 -1.6 -1.6 -1.6 -1.6 0.362 0.547 0.316 0.256 0.532 0.939 2 2 0 2 2 2
1993-01-22T02:30:00 1993 1 22 2 30 0 0.4 -1.9 372.0 6.2 1.78 0.73 3.31 2.32 2 2 2 2 2 2 2 2 0.7 0.7 -12.0 -1.9 -1.9 -1.9 -1.9 -1.9 -1.9 0.404 0.594 0.316 0.289 0.555 0.932 2 2 0 2 2 2
1993-01-22T03:30:00 1993 1 22 3 30 0 0.4 -1.9 372.0 7.5 2.05 0.82 3.53 2.44 2 2 2 2 2 2 2 2 1.7 0.83 -12.0 -1.9 -1.9 -1.9 -1.9 -1.9 -1.9 0.442 0.636 0.316 0.319 0.581 0.972 2 2 0 2 2 2
1993-01-22T04:30:00 1993 1 22 4 30 0 0.8 -1.8 371.0 7.4 2.14 0.81 3.43 2.55 2 2 2 2 2 2 2 2 1.7 0.96 -12.0 -1.8 -1.8 -1.8 -1.8 -1.8 -1.8 0.466 0.656 0.317 0.332 0.585 1.009 2 2 0 2 2 2
1993-01-22T05:30:00 1993 1 22 5 30 0 0.6 -1.7 371.0 8.5 2.35 0.74 3.24 2.59 2 2 2 2 2 2 2 2 1.7 1.09 -10.0 -1.7 -1.7 -1.7 -1.7 -1.7 -1.7 0.48 0.667 0.316 0.334 0.585 1.081 2 2 0 2 2 2
1993-01-22T06:30:00 1993 1 22 6 30 0 0.4 -2.3 365.0 7.2 1.88 0.93 3.72 2.89 2 2 2 2 2 2 2 2 1.3 1.16 -9.0 -2.3 -2.3 -2.3 -2.3 -2.3 -2.3 0.512 0.707 0.318 0.369 0.624 1.1 2 2 1 2 2 2
1993-01-22T07:30:00 1993 1 22 7 30 0 -0.1 -2.2 361.0 7.0 1.94 1.09 4.07 2.89 2 2 2 2 2 2 2 2 1.3 1.23 -10.0 -2.2 -2.2 -2.2 -2.2 -2.2 -2.2 0.537 0.728 0.321 0.395 0.63 1.05 2 2 1 2 2 2
1993-01-22T08:30:00 1993 1 22 8 30 0 0.6 -1.3 360.0 6.5 1.85 0.66 3.09 2.08 2 2 2 2 2 2 2 2 1.3 1.31 -11.0 -1.3 -1.3 -1.3 -1.3 -1.3 -1.3 0.503 0.653 0.319 0.34 0.525 0.887 2 2 1 2 2 2
1993-01-22T09:30:00 1993 1 22 9 30 0 -0.1 -3.0 361.0 7.9 2.1 1.11 4.0 2.94 2 2 2 2 2 2 2 2 1.0 1.34 -9.0 -3.0 -3.0 -3.0 -3.0 -3.0 -3.0 0.547 0.736 0.322 0.407 0.644 1.037 2 2 1 2 2 2
1993-01-22T10:30:00 1993 1 22 10 30 0 -3.0 -2.8 363.0 7.5 1.98 2.17 5.23 4.02 2 2 2 2 2 2 2 2 1.0 1.37 -6.0 -2.8 -2.8 -2.8 -2.8 -2.8 -2.8 0.614 0.827 0.33 0.496 0.734 1.179 2 2 1 2 2 2
1993-01-22T11:30:00 1993 1 22 11 30 0 -1.9 -2.6 361.0 8.0 2.21 2.21 4.87 3.78 2 2 2 2 2 2 2 2 1.0 1.28 -4.0 -2.6 -2.6 -2.6 -2.6 -2.6 -2.6 0.647 0.856 0.335 0.524 0.741 1.232 2 2 1 2 2 2
1993-01-22T12:30:00 1993 1 22 12 30 0 -4.0 0.3 361.0 8.8 2.34 1.24 1.91 1.58 2 2 2 2 2 2 2 2 1.0 1.19 -4.0 0.3 0.3 0.3 0.3 0.3 0.3 0.514 0.588 0.329 0.351 0.398 0.823 2 2 1 2 2 2
1993-01-22T13:30:00 1993 1 22 13 30 0 -2.3 -2.5 367.0 8.8 2.49 1.39 2.23 1.96 2 2 2 2 2 2 2 2 1.0 1.11 -1.0 -2.5 -2.5 -2.5 -2.5 -2.5 -2.5 0.496 0.616 0.327 0.336 0.514 1.002 2 2 1 2 2 2
1993-01-22T14:30:00 1993 1 22 14 30 0 -1.5 -1.0 353.0 8.4 2.13 1.07 3.04 2.62 2 2 2 2 2 2 2 2 1.0 1.07 -2.0 -1.0 -1.0 -1.0 -1.0 -1.0 -1.0 0.481 0.616 0.325 0.31 0.497 0.999 2 2 1 2 2 2
1993-01-22T15:30:00 1993 1 22 15 30 0 -0.6 -1.1 350.0 8.5 2.14 0.37 1.85 1.57 2 2 2 2 2 2 2 2 1.3 1.08 -1.0 -1.1 -1.1 -1.1 -1.1 -1.1 -1.1 0.43 0.555 0.32 0.249 0.424 0.885 2 2 1 2 2 2
1993-01-22T16:30:00 1993 1 22 16 30 0 -0.3 -0.6 343.0 9.6 2.36 0.18 1.44 1.3 2 2 2 2 2 2 2 2 1.3 1.08 -4.0 -0.6 -0.6 -0.6 -0.6 -0.6 -0.6 0.371 0.48 0.313 0.189 0.343 0.786 2 2 1 2 2 2
1993-01-22T17:30:00 1993 1 22 17 30 0 0.6 1.7 351.0 9.5 2.43 0.01 0.09 0.09 2 2 2 2 2 2 2 2 1.3 1.12 -5.0 1.7 1.7 1.7 1.7 1.7 1.7 0.252 0.242 0.304 0.106 0.112 0.339 2 2 1 2 2 2
1993-01-22T18:30:00 1993 1 22 18 30 0 3.0 -0.7 356.0 10.4 2.7 0.31 0.24 0.25 2 2 2 2 2 2 2 2 2.7 1.34 -5.0 -0.7 -0.7 -0.7 -0.7 -0.7 -0.7 0.197 0.201 0.295 0.075 0.132 0.359 2 2 1 2 2 2
1993-01-22T19:30:00 1993 1 22 19 30 0 1.1 -2.7 362.0 12.0 3.19 1.21 3.21 3.66 2 2 2 2 2 2 2 2 2.7 1.56 -2.0 -2.7 -2.7 -2.7 -2.7 -2.7 -2.7 0.342 0.544 0.298 0.25 0.547 1.21 2 2 1 2 2 2
1993-01-22T20:30:00 1993 1 22 20 30 0 0.6 -3.0 351.0 12.1 2.97 1.79 5.09 6.14 2 2 2 2 2 2 2 2 2.7 1.77 -6.0 -3.0 -3.0 -3.0 -3.0 -3.0 -3.0 0.52 0.844 0.309 0.461 0.798 1.795 2 2 1 2 2 2
1993-01-22T21:30:00 1993 1 22 21 30 0 0.6 -2.54 351.6 12.1 2.97 1.6 4.83 5.85 1 1 1 1 1 1 1 1 3.0 2.02 -14.0 -2.64 -2.59 -2.72 -2.72 -2.6 -2.56 0.628 0.968 0.318 0.563 0.841 1.966 2 1 1 1 1 1
1993-01-22T22:30:00 1993 1 22 22 30 0 0.42 -0.83 352.2 12.08 2.99 0.63 2.84 3.43 1 1 1 1 1 1 1 1 3.0 2.27 -13.0 -1.29 -1.08 -1.69 -1.66 -1.1 -0.91 0.61 0.856 0.321 0.514 0.661 1.676 1 1 1 1 1 1
1993-01-22T23:30:00 1993 1 22 23 30 0 0.08 -0.51 352.9 11.96 3.06 0.1 1.16 1.39 1 0 1 1 1 1 1 1 3.0 2.48 -14.0 -1.03 -0.79 -1.49 -1.46 -0.81 -0.6 0.539 0.682 0.32 0.427 0.483 1.288 1 1 1 1 0 1
