1993-03-16T00:30:00 1993 3 16 0 30 0 7.8 -3.7 464.0 15.3 6.67 10.01 7.76 11.14 2 2 2 2 2 2 2 2 4.3 4.73 -56.0 -3.7 -3.7 -3.7 -3.7 -3.7 -3.7 0.777 1.089 0.662 0.954 1.504 4.573 2 2 0 2 2 2
1993-03-16T01:30:00 1993 3 16 1 30 0 8.5 -0.15 480.0 14.6 6.76 8.19 4.18 6.28 1 1 1 1 1 1 1 1 4.3 4.68 -63.0 -0.15 -0.15 -0.15 -0.15 -0.15 -0.15 0.725 0.896 0.661 0.736 1.003 3.842 1 1 0 1 1 1
1993-03-16T02:30:00 1993 3 16 2 30 0 9.2 3.4 496.0 13.9 6.84 5.27 0.0 0.0 2 2 2 2 2 2 2 2 4.3 4.67 -61.0 3.4 3.4 3.4 3.4 3.4 3.4 0.491 0.445 0.641 0.412 0.318 1.594 1 1 0 1 1 1
1993-03-16T03:30:00 1993 3 16 3 30 0 5.9 7.7 502.0 13.8 6.96 2.09 0.0 0.0 2 2 2 2 2 2 2 2 5.0 4.76 -49.0 7.7 7.7 7.7 7.7 7.7 7.7 0.332 0.221 0.621 0.231 0.101 0.661 1 1 0 1 1 1
1993-03-16T04:30:00 1993 3 16 4 30 0 1.0 4.0 493.0 12.2 5.93 0.25 0.0 0.0 2 2 2 2 2 2 2 2 5.0 4.84 -45.0 4.0 4.0 4.0 4.0 4.0 4.0 0.225 0.11 0.602 0.129 0.032 0.274 1 1 0 1 1 1
1993-03-16T05:30:00 1993 3 16 5 30 0 -2.8 0.95 487.0 10.3 4.89 0.1 0.0 0.0 1 1 2 2 2 1 2 2 5.0 4.81 -53.0 0.95 0.95 0.95 0.95 0.95 0.95 0.152 0.055 0.584 0.072 0.01 0.114 1 1 0 1 1 1
1993-03-16T06:30:00 1993 3 16 6 30 0 -6.6 -2.1 477.0 9.9 4.51 3.09 1.95 1.94 2 2 2 2 2 2 2 2 5.3 4.82 -62.0 -2.1 -2.1 -2.1 -2.1 -2.1 -2.1 0.242 0.3 0.576 0.182 0.488 1.202 2 2 0 2 2 2
1993-03-16T07:30:00 1993 3 16 7 30 0 -6.6 -1.69 483.4 9.9 4.51 6.14 4.51 4.47 1 1 1 1 1 1 1 1 5.3 4.82 -49.0 -1.91 -1.85 -2.02 -2.01 -1.86 -1.81 0.409 0.57 0.582 0.376 0.863 2.166 1 1 0 1 1 1
1993-03-16T08:30:00 1993 3 16 8 30 0 -5.52 -0.18 489.9 9.71 4.52 4.26 2.12 2.08 1 1 1 1 1 1 1 1 5.3 4.95 -40.0 -1.19 -0.93 -1.73 -1.69 -0.96 -0.74 0.463 0.591 0.586 0.447 0.795 2.134 1 1 0 1 1 1
1993-03-16T09:30:00 1993 3 16 9 30 0 -2.54 0.1 496.3 9.44 4.59 1.6 0.12 0.12 1 0 1 1 1 1 1 1 4.7 4.99 -46.0 -1.06 -0.76 -1.67 -1.63 -0.79 -0.53 0.462 0.526 0.587 0.463 0.661 1.798 1 1 0 1 0 1
1993-03-16T10:30:00 1993 3 16 10 30 0 2.02 0.1 502.7 9.16 4.66 0.17 0.0 0.0 1 0 1 1 1 1 1 1 4.7 5.04 -39.0 -1.06 -0.76 -1.67 -1.63 -0.79 -0.53 0.456 0.481 0.588 0.469 0.606 1.599 1 0 0 0 0 0
1993-03-16T11:30:00 1993 3 16 11 30 0 5.34 -0.02 509.1 8.89 4.73 1.55 0.01 0.01 1 1 1 1 1 1 1 1 4.7 5.0 -42.0 -1.04 -0.77 -1.57 -1.54 -0.8 -0.58 0.45 0.458 0.589 0.463 0.594 1.538 1 1 0 1 1 1
1993-03-16T12:30:00 1993 3 16 12 30 0 6.7 -0.71 515.6 8.7 4.74 4.03 1.01 0.89 1 1 1 1 1 1 1 1 2.7 4.69 -43.0 -0.93 -0.87 -1.05 -1.04 -0.88 -0.83 0.437 0.457 0.584 0.403 0.615 1.656 1 1 0 1 1 1
1993-03-16T13:30:00 1993 3 16 13 30 0 6.7 -0.9 522.0 8.7 4.74 5.3 2.11 1.84 2 2 2 2 2 2 2 2 2.7 4.4 -37.0 -0.9 -0.9 -0.9 -0.9 -0.9 -0.9 0.422 0.467 0.576 0.332 0.642 1.816 1 1 0 1 2 2
1993-03-16T14:30:00 1993 3 16 14 30 0 -3.7 -2.1 531.0 7.4 4.17 2.2 4.09 3.23 2 2 2 2 2 2 2 2 2.7 4.07 -36.0 -2.1 -2.1 -2.1 -2.1 -2.1 -2.1 0.494 0.584 0.579 0.408 0.897 2.197 2 2 1 2 2 2
1993-03-16T15:30:00 1993 3 16 15 30 0 -0.3 1.8 566.0 4.8 3.14 0.81 1.3 0.89 2 2 2 2 2 2 2 2 5.7 4.14 -40.0 1.8 1.8 1.8 1.8 1.8 1.8 0.371 0.351 0.565 0.256 0.387 1.158 2 2 1 2 2 2
1993-03-16T16:30:00 1993 3 16 16 30 0 -1.6 -4.3 564.0 4.7 2.94 1.88 4.8 2.26 2 2 2 2 2 2 2 2 5.7 4.21 -39.0 -4.3 -4.3 -4.3 -4.3 -4.3 -4.3 0.475 0.499 0.577 0.467 0.891 1.442 2 2 1 2 2 2
1993-03-16T17:30:00 1993 3 16 17 30 0 -1.6 -4.1 557.0 4.6 2.79 6.03 11.74 5.46 2 2 2 2 2 2 2 2 5.7 4.34 -55.0 -4.1 -4.1 -4.1 -4.1 -4.1 -4.1 0.714 0.758 0.624 0.867 1.402 1.957 2 2 1 2 2 2
1993-03-16T18:30:00 1993 3 16 18 30 0 -1.0 -1.5 537.0 4.6 2.61 2.79 7.37 3.39 2 2 2 2 2 2 2 2 5.0 4.39 -53.0 -1.5 -1.5 -1.5 -1.5 -1.5 -1.5 0.72 0.716 0.635 0.771 1.136 1.722 2 2 1 2 2 2
1993-03-16T19:30:00 1993 3 16 19 30 0 0.4 1.0 565.0 4.4 2.71 0.16 1.06 0.48 2 2 2 2 2 2 2 2 5.0 4.43 -48.0 1.0 1.0 1.0 1.0 1.0 1.0 0.516 0.406 0.618 0.451 0.448 0.871 2 2 1 2 2 2
1993-03-16T20:30:00 1993 3 16 20 30 0 2.9 4.2 556.0 4.6 2.7 0.09 0.0 0.0 2 2 2 2 2 2 2 2 5.0 4.71 -41.0 4.2 4.2 4.2 4.2 4.2 4.2 0.349 0.202 0.599 0.252 0.142 0.361 2 2 1 2 2 2
1993-03-16T21:30:00 1993 3 16 21 30 0 -1.6 0.0 542.0 4.5 2.54 0.07 0.0 0.0 2 2 2 2 2 2 2 2 2.3 4.63 -40.0 0.0 0.0 0.0 0.0 0.0 0.0 0.237 0.1 0.581 0.141 0.045 0.15 2 2 1 2 2 2
1993-03-16T22:30:00 1993 3 16 22 30 0 0.8 1.8 540.0 4.6 2.64 0.04 0.0 0.0 2 2 2 2 2 2 2 2 2.3 4.55 -39.0 1.8 1.8 1.8 1.8 1.8 1.8 0.16 0.05 0.563 0.079 0.014 0.062 2 2 1 2 2 2
1993-03-16T23:30:00 1993 3 16 23 30 0 -2.3 -3.6 541.0 4.3 2.44 1.36 3.65 1.59 2 2 2 2 2 2 2 2 2.3 4.12 -38.0 -3.6 -3.6 -3.6 -3.6 -3.6 -3.6 0.283 0.294 0.566 0.273 0.607 0.725 2 2 1 2 2 2
