1993-04-10T00:30:00 1993 4 10 0 30 0 -0.57 0.39 525.6 8.41 3.18 0.02 0.0 0.0 0 0 1 0 0 0 1 0 4.3 4.95 -45.0 -0.86 -0.63 -1.32 -1.29 -0.65 -0.45 0.36 0.371 0.45 0.352 0.52 1.292 0 0 0 0 0 0
1993-04-10T01:30:00 1993 4 10 1 30 0 -0.57 0.39 531.6 8.41 3.18 0.02 0.0 0.0 0 0 1 0 0 0 1 0 4.3 4.83 -45.0 -0.86 -0.63 -1.32 -1.29 -0.65 -0.45 0.364 0.372 0.452 0.357 0.529 1.328 0 0 0 0 0 0
1993-04-10T02:30:00 1993 4 10 2 30 0 -0.56 0.39 537.7 7.67 3.18 0.02 0.0 0.0 0 0 1 1 0 0 1 1 4.3 4.82 -53.0 -0.86 -0.63 -1.32 -1.29 -0.65 -0.45 0.365 0.367 0.454 0.358 0.529 1.302 0 0 0 0 0 0
1993-04-10T03:30:00 1993 4 10 3 30 0 -0.56 0.39 543.7 6.31 3.16 0.02 0.0 0.0 0 0 1 1 1 0 1 1 3.7 4.74 -59.0 -0.86 -0.63 -1.32 -1.29 -0.65 -0.45 0.359 0.352 0.455 0.351 0.512 1.167 0 0 0 0 0 0
1993-04-10T04:30:00 1993 4 10 4 30 0 -0.87 0.4 549.8 4.96 2.71 0.03 0.0 0.0 1 0 1 1 1 1 1 1 3.7 4.65 -60.0 -0.86 -0.63 -1.32 -1.29 -0.65 -0.45 0.347 0.329 0.455 0.335 0.482 0.967 0 0 0 0 0 0
1993-04-10T05:30:00 1993 4 10 5 30 0 -1.67 0.4 555.8 3.6 2.25 0.14 0.0 0.0 1 0 1 1 1 1 1 1 3.7 4.4 -57.0 -0.86 -0.63 -1.32 -1.29 -0.65 -0.45 0.329 0.298 0.454 0.312 0.441 0.741 0 0 0 0 0 0
1993-04-10T06:30:00 1993 4 10 6 30 0 -2.47 0.18 561.9 2.5 1.79 0.44 0.0 0.0 1 1 1 1 1 1 1 1 4.0 4.2 -55.0 -0.93 -0.72 -1.33 -1.3 -0.74 -0.56 0.309 0.27 0.452 0.284 0.411 0.549 0 0 0 0 1 0
1993-04-10T07:30:00 1993 4 10 7 30 0 -2.9 -1.05 567.9 2.5 1.65 1.16 1.4 0.35 1 1 1 1 1 1 1 1 4.0 4.0 -52.0 -1.3 -1.25 -1.38 -1.38 -1.26 -1.22 0.313 0.29 0.45 0.27 0.486 0.526 1 1 0 1 1 1
1993-04-10T08:30:00 1993 4 10 8 30 0 -2.9 -1.4 574.0 2.5 1.65 1.92 3.54 0.89 2 2 2 2 2 2 2 2 4.0 3.96 -46.0 -1.4 -1.4 -1.4 -1.4 -1.4 -1.4 0.331 0.325 0.448 0.268 0.572 0.574 1 1 0 1 2 2
1993-04-10T09:30:00 1993 4 10 9 30 0 -1.87 -1.13 570.3 2.3 1.5 1.51 3.59 0.86 1 1 1 1 1 1 1 1 2.3 3.7 -42.0 -1.13 -1.13 -1.13 -1.13 -1.13 -1.13 0.33 0.326 0.445 0.247 0.556 0.551 1 1 0 1 1 1
1993-04-10T10:30:00 1993 4 10 10 30 0 -0.83 0.03 566.7 2.1 1.35 0.43 1.43 0.32 1 1 1 1 1 1 1 1 2.3 3.45 -40.0 0.03 0.03 0.03 0.03 0.03 0.03 0.258 0.222 0.434 0.16 0.297 0.343 1 1 0 1 1 1
1993-04-10T11:30:00 1993 4 10 11 30 0 0.2 0.3 563.0 1.9 1.2 0.02 0.0 0.0 2 2 2 2 2 2 2 2 2.3 3.27 -38.0 0.3 0.3 0.3 0.3 0.3 0.3 0.175 0.11 0.421 0.09 0.094 0.142 1 1 0 1 1 1
1993-04-10T12:30:00 1993 4 10 12 30 0 -1.6 -1.5 550.0 2.7 1.63 0.4 1.9 0.48 2 2 2 2 2 2 2 2 3.0 3.18 -33.0 -1.5 -1.5 -1.5 -1.5 -1.5 -1.5 0.196 0.189 0.414 0.119 0.337 0.322 1 2 0 2 2 2
1993-04-10T13:30:00 1993 4 10 13 30 0 -2.1 -1.3 527.0 2.9 1.61 1.23 3.74 1.05 2 2 2 2 2 2 2 2 3.0 3.1 -36.0 -1.3 -1.3 -1.3 -1.3 -1.3 -1.3 0.251 0.285 0.413 0.177 0.5 0.491 2 2 1 2 2 2
1993-04-10T14:30:00 1993 4 10 14 30 0 -1.9 -1.7 526.0 3.2 1.77 1.4 3.99 1.23 2 2 2 2 2 2 2 2 3.0 2.98 -37.0 -1.7 -1.7 -1.7 -1.7 -1.7 -1.7 0.306 0.36 0.413 0.234 0.602 0.624 2 2 1 2 2 2
1993-04-10T15:30:00 1993 4 10 15 30 0 -1.8 -2.9 519.0 2.9 1.56 2.32 6.13 1.86 2 2 2 2 2 2 2 2 3.0 2.86 -37.0 -2.9 -2.9 -2.9 -2.9 -2.9 -2.9 0.407 0.472 0.423 0.371 0.786 0.758 2 2 1 2 2 2
1993-04-10T16:30:00 1993 4 10 16 30 0 -1.8 1.0 517.0 2.2 1.18 0.97 2.48 0.67 2 2 2 2 2 2 2 2 3.0 2.75 -43.0 1.0 1.0 1.0 1.0 1.0 1.0 0.328 0.311 0.415 0.254 0.379 0.433 2 2 1 2 2 2
1993-04-10T17:30:00 1993 4 10 17 30 0 -2.55 -0.35 512.5 2.75 1.47 0.47 0.15 0.04 1 1 1 1 1 1 1 1 3.0 2.83 -37.0 -0.35 -0.35 -0.35 -0.35 -0.35 -0.35 0.232 0.18 0.403 0.148 0.176 0.237 2 2 1 2 2 2
1993-04-10T18:30:00 1993 4 10 18 30 0 -3.3 -1.7 508.0 3.3 1.76 1.66 2.76 0.86 2 2 2 2 2 2 2 2 3.0 2.92 -34.0 -1.7 -1.7 -1.7 -1.7 -1.7 -1.7 0.265 0.277 0.399 0.182 0.425 0.449 2 2 1 2 2 2
1993-04-10T19:30:00 1993 4 10 19 30 0 -3.3 -1.31 499.8 3.3 1.76 2.25 3.75 1.24 1 1 1 1 1 1 1 1 3.0 3.0 -31.0 -1.54 -1.5 -1.63 -1.62 -1.5 -1.47 0.317 0.36 0.4 0.241 0.551 0.587 2 1 1 1 1 1
1993-04-10T20:30:00 1993 4 10 20 30 0 -2.78 0.14 491.5 3.3 1.9 1.25 1.34 0.44 1 1 1 1 1 1 1 1 3.0 3.0 -30.0 -0.96 -0.76 -1.36 -1.33 -0.78 -0.6 0.317 0.342 0.398 0.248 0.47 0.525 1 1 1 1 1 1
1993-04-10T21:30:00 1993 4 10 21 30 0 -1.82 0.42 483.3 4.27 2.33 0.44 0.0 0.0 1 0 1 1 1 1 1 1 2.7 2.96 -30.0 -0.85 -0.62 -1.31 -1.28 -0.64 -0.44 0.3 0.305 0.396 0.244 0.39 0.472 1 1 1 1 0 1
1993-04-10T22:30:00 1993 4 10 22 30 0 -0.86 0.42 475.1 5.45 2.77 0.12 0.0 0.0 1 0 1 1 1 1 1 1 2.7 2.92 -26.0 -0.85 -0.61 -1.31 -1.28 -0.64 -0.44 0.293 0.295 0.394 0.249 0.372 0.515 1 0 1 0 0 0
1993-04-10T23:30:00 1993 4 10 23 30 0 -0.49 0.42 466.8 6.63 3.21 0.02 0.0 0.0 0 0 1 1 1 0 1 1 2.7 2.88 -24.0 -0.85 -0.61 -1.3 -1.28 -0.64 -0.44 0.294 0.303 0.392 0.26 0.381 0.614 0 0 1 0 0 0
