1993-05-28T00:30:00 1993 5 28 0 30 0 1.4 0.6 557.0 8.3 2.91 0.13 0.0 0.0 0 0 1 0 0 0 1 0 3.3 3.15 0.0 -0.53 -0.35 -0.9 -0.87 -0.37 -0.23 0.252 0.255 0.252 0.233 0.39 1.051 0 0 0 0 0 0
1993-05-28T01:30:00 1993 5 28 1 30 0 1.4 0.6 557.0 8.3 2.91 0.13 0.0 0.0 0 0 1 0 0 0 1 0 3.3 3.3 -10.0 -0.53 -0.35 -0.9 -0.87 -0.37 -0.23 0.253 0.254 0.254 0.232 0.39 1.052 0 0 0 0 0 0
1993-05-28T02:30:00 1993 5 28 2 30 0 1.4 0.6 557.0 8.29 2.91 0.13 0.0 0.0 0 0 1 0 0 0 1 0 3.3 3.3 -16.0 -0.53 -0.35 -0.9 -0.87 -0.37 -0.23 0.253 0.253 0.257 0.232 0.39 1.051 0 0 0 0 0 0
1993-05-28T03:30:00 1993 5 28 3 30 0 1.4 0.6 557.0 8.29 2.91 0.13 0.0 0.0 0 0 1 0 0 0 1 0 4.3 3.43 -21.0 -0.53 -0.35 -0.89 -0.87 -0.37 -0.23 0.253 0.252 0.259 0.232 0.39 1.051 0 0 0 0 0 0
1993-05-28T04:30:00 1993 5 28 4 30 0 1.4 0.6 557.0 8.51 2.91 0.13 0.0 0.0 0 0 1 1 0 0 1 1 4.3 3.56 -26.0 -0.53 -0.35 -0.89 -0.87 -0.37 -0.23 0.253 0.253 0.262 0.233 0.392 1.065 0 0 0 0 0 0
1993-05-28T05:30:00 1993 5 28 5 30 0 1.41 0.6 557.0 8.9 2.95 0.13 0.0 0.0 0 0 1 1 1 0 1 1 4.3 3.69 -15.0 -0.53 -0.35 -0.89 -0.87 -0.37 -0.23 0.255 0.256 0.264 0.235 0.397 1.104 0 0 0 0 0 0
1993-05-28T06:30:00 1993 5 28 6 30 0 1.65 0.6 557.0 9.29 3.94 0.16 0.0 0.0 1 0 1 1 1 1 1 1 2.7 3.6 -12.0 -0.53 -0.35 -0.89 -0.87 -0.37 -0.23 0.258 0.26 0.267 0.238 0.403 1.158 0 0 0 0 0 0
1993-05-28T07:30:00 1993 5 28 7 30 0 2.26 0.6 557.0 9.68 4.94 0.3 0.0 0.0 1 0 1 1 1 1 1 1 2.7 3.52 -13.0 -0.53 -0.35 -0.89 -0.87 -0.37 -0.23 0.261 0.264 0.27 0.241 0.41 1.219 0 0 0 0 0 0
1993-05-28T08:30:00 1993 5 28 8 30 0 2.87 0.4 557.0 10.0 5.93 0.59 0.0 0.0 1 1 1 1 1 1 1 1 2.7 3.44 -8.0 -0.59 -0.43 -0.9 -0.89 -0.45 -0.32 0.27 0.283 0.273 0.247 0.446 1.384 0 1 0 0 1 1
1993-05-28T09:30:00 1993 5 28 9 30 0 3.2 -0.69 557.0 10.0 6.24 1.19 0.69 0.69 1 1 1 1 1 1 1 1 3.7 3.49 -3.0 -0.91 -0.88 -0.98 -0.97 -0.88 -0.85 0.308 0.367 0.276 0.261 0.611 1.964 1 1 0 1 1 1
1993-05-28T10:30:00 1993 5 28 10 30 0 3.2 -1.0 557.0 10.0 6.24 1.76 2.39 2.39 2 2 2 2 2 2 2 2 3.7 3.54 -12.0 -1.0 -1.0 -1.0 -1.0 -1.0 -1.0 0.357 0.454 0.281 0.276 0.751 2.479 1 2 0 1 2 2
1993-05-28T11:30:00 1993 5 28 11 30 0 -2.6 3.4 578.0 7.6 4.92 0.23 0.21 0.2 2 2 2 2 2 2 2 2 3.7 3.47 -7.0 3.4 3.4 3.4 3.4 3.4 3.4 0.242 0.226 0.272 0.155 0.238 1.028 1 2 0 1 2 2
1993-05-28T12:30:00 1993 5 28 12 30 0 -2.15 2.65 594.0 6.95 4.83 0.17 0.0 0.0 1 1 1 1 1 1 1 1 3.0 3.31 -6.0 2.65 2.65 2.65 2.65 2.65 2.65 0.164 0.112 0.264 0.087 0.075 0.426 1 2 0 1 2 2
1993-05-28T13:30:00 1993 5 28 13 30 0 -1.7 1.9 610.0 6.3 4.74 0.13 0.0 0.0 2 2 2 2 2 2 2 2 3.0 3.16 -9.0 1.9 1.9 1.9 1.9 1.9 1.9 0.111 0.056 0.256 0.049 0.024 0.177 1 2 0 1 2 2
1993-05-28T14:30:00 1993 5 28 14 30 0 -1.7 1.66 609.8 6.3 4.74 0.11 0.0 0.0 1 1 1 1 1 1 1 1 3.0 3.19 -10.0 1.45 1.48 1.38 1.39 1.48 1.51 0.075 0.028 0.248 0.027 0.008 0.073 1 2 0 1 2 2
1993-05-28T15:30:00 1993 5 28 15 30 0 -1.12 0.77 609.6 6.3 4.56 0.09 0.0 0.0 1 1 1 1 1 1 1 1 4.3 3.39 -8.0 -0.21 -0.06 -0.52 -0.51 -0.07 0.05 0.061 0.025 0.242 0.031 0.034 0.03 1 1 0 1 1 2
1993-05-28T16:30:00 1993 5 28 16 30 0 -0.05 0.6 609.4 6.67 4.02 0.02 0.0 0.0 1 0 1 1 1 1 1 1 4.3 3.59 -13.0 -0.52 -0.35 -0.89 -0.86 -0.37 -0.23 0.106 0.105 0.244 0.102 0.242 0.433 0 0 0 0 0 0
1993-05-28T17:30:00 1993 5 28 17 30 0 1.02 0.6 609.1 7.12 3.47 0.02 0.0 0.0 1 0 1 1 1 1 1 1 4.3 3.67 -22.0 -0.52 -0.35 -0.89 -0.86 -0.37 -0.22 0.152 0.171 0.248 0.162 0.363 0.781 0 0 0 0 0 0
1993-05-28T18:30:00 1993 5 28 18 30 0 1.43 0.6 608.9 7.58 2.92 0.11 0.0 0.0 0 0 1 1 1 0 1 1 4.3 3.75 -24.0 -0.52 -0.35 -0.89 -0.86 -0.37 -0.22 0.186 0.208 0.253 0.198 0.409 0.971 0 0 0 0 0 0
1993-05-28T19:30:00 1993 5 28 19 30 0 1.44 0.61 608.7 8.03 2.9 0.15 0.0 0.0 0 0 1 1 0 0 1 1 4.3 3.83 -24.0 -0.52 -0.35 -0.88 -0.86 -0.37 -0.22 0.21 0.229 0.257 0.221 0.43 1.1 0 0 0 0 0 0
1993-05-28T20:30:00 1993 5 28 20 30 0 1.44 0.61 608.5 8.27 2.9 0.15 0.0 0.0 0 0 1 0 0 0 1 0 4.3 3.99 -17.0 -0.52 -0.35 -0.88 -0.86 -0.37 -0.22 0.228 0.242 0.262 0.235 0.442 1.188 0 0 0 0 0 0
1993-05-28T21:30:00 1993 5 28 21 30 0 1.44 0.61 608.3 7.56 2.89 0.15 0.0 0.0 0 0 1 1 0 0 1 1 3.7 4.07 -12.0 -0.52 -0.35 -0.88 -0.86 -0.36 -0.22 0.239 0.245 0.266 0.241 0.434 1.176 0 0 0 0 0 0
1993-05-28T22:30:00 1993 5 28 22 30 0 1.44 0.61 608.1 6.26 2.88 0.15 0.0 0.0 0 0 1 1 1 0 1 1 3.7 4.14 -13.0 -0.52 -0.35 -0.88 -0.86 -0.36 -0.22 0.241 0.238 0.269 0.237 0.412 1.047 0 0 0 0 0 0
1993-05-28T23:30:00 1993 5 28 23 30 0 1.72 0.61 607.9 4.96 2.57 0.19 0.0 0.0 1 0 1 1 1 1 1 1 3.7 4.07 -21.0 -0.52 -0.35 -0.88 -0.86 -0.36 -0.22 0.236 0.224 0.272 0.226 0.381 0.857 0 0 0 0 0 0
