1993-06-10T00:30:00 1993 6 10 0 30 0 1.72 0.97 417.0 5.59 2.21 0.14 0.0 0.0 1 0 1 1 1 1 1 1 0.0 1.51 -14.0 -0.43 -0.27 -0.76 -0.74 -0.29 -0.16 0.169 0.182 0.257 0.124 0.187 0.33 0 0 0 0 0 0
1993-06-10T01:30:00 1993 6 10 1 30 0 1.51 1.22 412.0 4.9 1.88 0.1 0.0 0.0 1 1 1 1 1 1 1 1 0.0 1.34 -13.0 -0.01 0.13 -0.3 -0.28 0.12 0.22 0.132 0.109 0.251 0.093 0.083 0.153 0 0 0 0 0 0
1993-06-10T02:30:00 1993 6 10 2 30 0 1.4 2.61 407.0 4.9 1.77 0.05 0.0 0.0 1 1 1 1 1 1 1 1 0.0 1.17 -13.0 2.34 2.37 2.28 2.28 2.37 2.39 0.089 0.054 0.244 0.052 0.026 0.063 0 0 0 0 0 0
1993-06-10T03:30:00 1993 6 10 3 30 0 1.4 3.0 402.0 4.9 1.77 0.03 0.0 0.0 2 2 2 2 2 2 2 2 1.3 1.17 -13.0 3.0 3.0 3.0 3.0 3.0 3.0 0.061 0.027 0.236 0.029 0.008 0.026 0 0 0 0 0 0
1993-06-10T04:30:00 1993 6 10 4 30 0 1.6 1.4 403.0 4.6 1.55 0.05 0.0 0.0 2 2 2 2 2 2 2 2 1.3 1.17 -10.0 1.4 1.4 1.4 1.4 1.4 1.4 0.041 0.013 0.229 0.016 0.003 0.011 0 0 0 0 0 0
1993-06-10T05:30:00 1993 6 10 5 30 0 1.6 0.3 425.0 4.8 1.73 0.12 0.0 0.0 2 2 2 2 2 2 2 2 1.3 1.06 -10.0 0.3 0.3 0.3 0.3 0.3 0.3 0.028 0.007 0.222 0.009 0.001 0.005 0 0 0 0 0 0
1993-06-10T06:30:00 1993 6 10 6 30 0 0.8 -1.7 429.0 5.6 2.11 0.42 1.7 0.92 2 2 2 2 2 2 2 2 1.7 0.99 -8.0 -1.7 -1.7 -1.7 -1.7 -1.7 -1.7 0.115 0.204 0.221 0.087 0.307 0.414 2 2 0 2 2 2
1993-06-10T07:30:00 1993 6 10 7 30 0 0.5 -0.9 432.0 7.1 2.8 0.5 2.73 1.73 2 2 2 2 2 2 2 2 1.7 0.93 -8.0 -0.9 -0.9 -0.9 -0.9 -0.9 -0.9 0.199 0.343 0.222 0.147 0.444 0.749 2 2 1 2 2 2
1993-06-10T08:30:00 1993 6 10 8 30 0 0.6 -1.8 432.0 7.0 2.62 0.57 3.0 2.11 2 2 2 2 2 2 2 2 1.7 1.14 -9.0 -1.8 -1.8 -1.8 -1.8 -1.8 -1.8 0.288 0.468 0.225 0.223 0.583 1.044 2 2 1 2 2 2
1993-06-10T09:30:00 1993 6 10 9 30 0 1.0 -2.3 424.0 5.5 1.98 1.2 4.43 2.73 2 2 2 2 2 2 2 2 1.7 1.35 -14.0 -2.3 -2.3 -2.3 -2.3 -2.3 -2.3 0.39 0.582 0.234 0.327 0.694 1.123 2 2 1 2 2 2
1993-06-10T10:30:00 1993 6 10 10 30 0 2.2 0.6 387.0 2.9 0.97 0.58 1.69 0.8 2 2 2 2 2 2 2 2 1.7 1.56 -18.0 0.6 0.6 0.6 0.6 0.6 0.6 0.313 0.384 0.23 0.22 0.334 0.609 2 2 1 2 2 2
1993-06-10T11:30:00 1993 6 10 11 30 0 3.5 -0.8 375.0 3.6 1.11 0.76 0.49 0.17 2 2 2 2 2 2 2 2 1.7 1.6 -18.0 -0.8 -0.8 -0.8 -0.8 -0.8 -0.8 0.242 0.268 0.224 0.141 0.208 0.346 2 2 1 2 2 2
1993-06-10T12:30:00 1993 6 10 12 30 0 3.2 1.0 372.0 2.5 0.69 0.82 0.27 0.09 2 2 2 2 2 2 2 2 1.0 1.56 -20.0 1.0 1.0 1.0 1.0 1.0 1.0 0.17 0.148 0.217 0.081 0.08 0.159 2 2 1 2 2 2
1993-06-10T13:30:00 1993 6 10 13 30 0 1.6 2.8 397.0 3.9 1.39 0.19 0.0 0.0 2 2 2 2 2 2 2 2 1.0 1.52 -14.0 2.8 2.8 2.8 2.8 2.8 2.8 0.115 0.073 0.21 0.046 0.025 0.066 2 2 1 2 2 2
1993-06-10T14:30:00 1993 6 10 14 30 0 2.3 1.1 393.0 5.0 1.82 0.12 0.0 0.0 2 2 2 2 2 2 2 2 1.0 1.43 -10.0 1.1 1.1 1.1 1.1 1.1 1.1 0.078 0.036 0.204 0.026 0.008 0.027 2 2 1 2 2 2
1993-06-10T15:30:00 1993 6 10 15 30 0 2.7 0.6 390.0 5.5 1.93 0.33 0.0 0.0 2 2 2 2 2 2 2 2 2.7 1.56 -7.0 0.6 0.6 0.6 0.6 0.6 0.6 0.053 0.018 0.198 0.014 0.003 0.011 2 2 1 2 2 2
1993-06-10T16:30:00 1993 6 10 16 30 0 -4.4 2.2 401.0 7.0 2.68 0.21 0.0 0.0 2 2 2 2 2 2 2 2 2.7 1.7 -4.0 2.2 2.2 2.2 2.2 2.2 2.2 0.036 0.009 0.192 0.008 0.001 0.005 2 2 1 2 2 2
1993-06-10T17:30:00 1993 6 10 17 30 0 -5.0 2.7 401.0 6.7 2.38 0.87 0.0 0.0 2 2 2 2 2 2 2 2 2.7 1.83 4.0 2.7 2.7 2.7 2.7 2.7 2.7 0.024 0.004 0.186 0.004 0.0 0.002 2 2 1 2 2 2
1993-06-10T18:30:00 1993 6 10 18 30 0 -0.6 1.7 470.0 19.3 10.05 0.3 0.0 0.0 2 2 2 2 2 2 2 2 5.3 2.3 19.0 1.7 1.7 1.7 1.7 1.7 1.7 0.016 0.002 0.18 0.003 0.0 0.001 2 2 1 2 2 2
1993-06-10T19:30:00 1993 6 10 19 30 0 -7.4 6.5 474.0 20.3 10.12 0.64 0.0 0.0 2 2 2 2 2 2 2 2 5.3 2.76 21.0 6.5 6.5 6.5 6.5 6.5 6.5 0.011 0.001 0.175 0.001 0.0 0.0 2 2 1 2 2 2
1993-06-10T20:30:00 1993 6 10 20 30 0 8.8 7.1 468.0 16.1 7.0 0.58 0.0 0.0 2 2 2 2 2 2 2 2 5.3 3.3 17.0 7.1 7.1 7.1 7.1 7.1 7.1 0.008 0.001 0.169 0.001 0.0 0.0 2 2 1 2 2 2
1993-06-10T21:30:00 1993 6 10 21 30 0 8.8 5.97 466.0 23.8 9.7 2.51 0.0 0.0 1 1 2 2 2 1 2 2 7.0 4.06 2.0 5.71 5.74 5.65 5.65 5.74 5.76 0.005 0.0 0.164 0.0 0.0 0.0 2 2 1 2 2 2
1993-06-10T22:30:00 1993 6 10 22 30 0 8.6 1.8 476.5 21.2 8.91 3.64 0.0 0.0 1 1 1 1 1 1 1 1 7.0 4.8 -29.0 0.56 0.69 0.27 0.28 0.68 0.78 0.003 0.0 0.159 0.0 0.0 0.0 2 2 1 2 2 2
1993-06-10T23:30:00 1993 6 10 23 30 0 8.4 0.97 487.0 18.6 8.13 5.02 0.0 0.0 1 1 1 1 1 1 1 1 7.0 5.34 -35.0 -0.28 -0.15 -0.58 -0.56 -0.16 -0.06 0.023 0.033 0.157 0.034 0.061 0.209 1 1 1 1 1 1
