1993-09-18T00:30:00 1993 9 18 0 30 0 0.56 -0.46 369.0 8.37 2.34 0.09 0.85 0.74 0 0 1 1 1 0 1 1 0.7 0.97 -25.0 -1.21 -0.93 -1.79 -1.75 -0.95 -0.71 0.395 0.472 0.393 0.359 0.398 0.796 0 0 0 0 0 0
1993-09-18T01:30:00 1993 9 18 1 30 0 0.89 -0.45 369.0 7.8 2.16 0.11 0.84 0.68 1 0 1 1 1 1 1 1 0.7 0.93 -20.0 -1.21 -0.92 -1.79 -1.75 -0.95 -0.71 0.386 0.456 0.391 0.349 0.386 0.726 0 0 0 0 0 0
1993-09-18T02:30:00 1993 9 18 2 30 0 1.72 -0.45 369.0 7.8 2.11 0.24 0.83 0.65 1 0 1 1 1 1 1 1 0.7 0.92 -18.0 -1.2 -0.92 -1.79 -1.75 -0.95 -0.71 0.379 0.445 0.389 0.341 0.38 0.686 0 0 0 0 0 0
1993-09-18T03:30:00 1993 9 18 3 30 0 2.56 -0.57 369.0 7.8 2.11 0.53 0.95 0.74 1 1 2 2 2 1 2 2 1.7 1.05 -15.0 -1.23 -0.98 -1.74 -1.71 -1.01 -0.79 0.375 0.446 0.387 0.335 0.386 0.684 0 1 0 0 1 1
1993-09-18T04:30:00 1993 9 18 4 30 0 3.0 -1.22 386.0 9.5 2.86 1.03 1.75 1.54 1 1 2 2 2 1 2 2 1.7 1.18 -13.0 -1.36 -1.31 -1.47 -1.47 -1.31 -1.27 0.39 0.503 0.384 0.325 0.465 0.922 1 1 0 1 1 1
1993-09-18T05:30:00 1993 9 18 5 30 0 3.0 -1.4 370.0 9.0 2.37 1.37 2.48 2.29 2 2 2 2 2 2 2 2 1.7 1.23 -13.0 -1.4 -1.4 -1.4 -1.4 -1.4 -1.4 0.407 0.558 0.38 0.304 0.511 1.075 1 1 0 1 2 2
1993-09-18T06:30:00 1993 9 18 6 30 0 3.6 -0.9 365.0 8.1 2.24 1.4 2.07 1.77 2 2 2 2 2 2 2 2 1.3 1.23 -12.0 -0.9 -0.9 -0.9 -0.9 -0.9 -0.9 0.384 0.526 0.374 0.25 0.441 0.958 1 2 0 1 2 2
1993-09-18T07:30:00 1993 9 18 7 30 0 3.6 -0.82 346.0 7.0 1.71 1.34 1.52 1.14 1 1 2 2 2 1 2 2 1.3 1.23 -13.0 -0.96 -0.9 -1.06 -1.06 -0.91 -0.86 0.349 0.469 0.366 0.206 0.365 0.752 1 1 0 1 1 1
1993-09-18T08:30:00 1993 9 18 8 30 0 3.04 -0.5 345.2 7.0 1.71 1.04 1.12 0.78 1 1 1 1 1 1 1 1 1.3 1.31 -13.0 -1.16 -0.92 -1.67 -1.63 -0.94 -0.73 0.334 0.438 0.361 0.216 0.334 0.61 1 1 0 1 1 1
1993-09-18T09:30:00 1993 9 18 9 30 0 1.99 -0.44 344.4 7.0 1.8 0.59 0.81 0.56 1 0 1 1 1 1 1 1 1.7 1.43 -12.0 -1.2 -0.92 -1.78 -1.74 -0.95 -0.71 0.331 0.423 0.358 0.245 0.326 0.538 1 1 0 1 0 1
1993-09-18T10:30:00 1993 9 18 10 30 0 0.95 -0.44 343.7 7.28 2.09 0.25 0.76 0.54 1 0 1 1 1 1 1 1 1.7 1.55 -11.0 -1.2 -0.92 -1.78 -1.74 -0.95 -0.71 0.331 0.418 0.355 0.266 0.326 0.516 1 0 0 0 0 0
1993-09-18T11:30:00 1993 9 18 11 30 0 0.55 -0.44 342.9 7.69 2.37 0.1 0.76 0.57 0 0 1 1 1 0 1 1 1.7 1.55 -15.0 -1.2 -0.92 -1.78 -1.74 -0.95 -0.71 0.333 0.421 0.352 0.28 0.33 0.524 0 0 0 0 0 0
1993-09-18T12:30:00 1993 9 18 12 30 0 0.55 -0.43 342.1 8.11 2.45 0.08 0.74 0.59 0 0 1 1 1 0 1 1 0.7 1.42 -16.0 -1.2 -0.92 -1.78 -1.74 -0.95 -0.71 0.336 0.427 0.35 0.29 0.335 0.548 0 0 0 0 0 0
1993-09-18T13:30:00 1993 9 18 13 30 0 0.55 -0.43 341.3 8.52 2.25 0.07 0.73 0.61 0 0 1 1 1 0 1 1 0.7 1.29 -16.0 -1.2 -0.92 -1.78 -1.74 -0.95 -0.71 0.341 0.435 0.347 0.298 0.341 0.579 0 0 0 0 0 0
1993-09-18T14:30:00 1993 9 18 14 30 0 0.51 -0.43 340.6 8.8 2.04 0.07 0.73 0.64 1 0 1 1 1 1 1 1 0.7 1.22 -16.0 -1.2 -0.92 -1.78 -1.74 -0.95 -0.7 0.345 0.443 0.345 0.305 0.345 0.605 0 0 0 0 0 0
1993-09-18T15:30:00 1993 9 18 15 30 0 0.43 -0.43 339.8 8.8 1.97 0.06 0.73 0.64 1 0 1 1 1 1 1 1 0.7 1.14 -15.0 -1.2 -0.92 -1.78 -1.74 -0.95 -0.7 0.348 0.448 0.343 0.309 0.347 0.617 0 0 0 0 0 0
1993-09-18T16:30:00 1993 9 18 16 30 0 0.34 -0.24 339.0 8.8 1.97 0.04 0.56 0.49 1 1 2 2 2 1 2 2 0.7 1.06 -15.0 -0.91 -0.67 -1.42 -1.39 -0.69 -0.48 0.334 0.421 0.339 0.287 0.313 0.576 0 0 0 0 1 1
1993-09-18T17:30:00 1993 9 18 17 30 0 0.3 0.81 338.0 8.75 1.94 0.0 0.03 0.03 1 1 1 1 1 1 1 1 0.7 0.94 -14.0 0.66 0.71 0.55 0.55 0.71 0.75 0.242 0.23 0.33 0.177 0.117 0.269 0 1 0 0 1 1
1993-09-18T18:30:00 1993 9 18 18 30 0 0.3 1.1 337.0 8.7 1.91 0.0 0.0 0.0 2 2 2 2 2 2 2 2 0.7 0.82 -15.0 1.1 1.1 1.1 1.1 1.1 1.1 0.164 0.114 0.32 0.099 0.037 0.111 0 1 0 0 1 1
1993-09-18T19:30:00 1993 9 18 19 30 0 0.7 0.0 335.0 8.0 1.8 0.01 0.0 0.0 2 2 2 2 2 2 2 2 0.7 0.7 -16.0 0.0 0.0 0.0 0.0 0.0 0.0 0.111 0.057 0.31 0.056 0.012 0.046 0 1 0 0 1 1
1993-09-18T20:30:00 1993 9 18 20 30 0 0.6 0.0 332.0 6.8 1.52 0.03 0.0 0.0 2 2 2 2 2 2 2 2 0.7 0.7 -16.0 0.0 0.0 0.0 0.0 0.0 0.0 0.075 0.028 0.301 0.031 0.004 0.019 0 1 0 0 1 1
1993-09-18T21:30:00 1993 9 18 21 30 0 1.3 0.3 331.0 8.1 1.77 0.06 0.0 0.0 2 2 2 2 2 2 2 2 0.7 0.7 -14.0 0.3 0.3 0.3 0.3 0.3 0.3 0.051 0.014 0.292 0.017 0.001 0.008 0 1 0 0 1 1
1993-09-18T22:30:00 1993 9 18 22 30 0 2.3 0.2 334.0 8.5 1.92 0.2 0.0 0.0 2 2 2 2 2 2 2 2 0.7 0.7 -12.0 0.2 0.2 0.2 0.2 0.2 0.2 0.034 0.007 0.283 0.01 0.0 0.003 0 1 0 0 1 1
1993-09-18T23:30:00 1993 9 18 23 30 0 1.9 -0.4 330.0 7.6 1.63 0.33 0.25 0.19 2 2 2 2 2 2 2 2 0.7 0.7 -12.0 -0.4 -0.4 -0.4 -0.4 -0.4 -0.4 0.045 0.077 0.275 0.015 0.076 0.142 1 2 0 1 2 2
