1973-01-16T00:30:00 1973 1 16 0 30 0 0.8 -1.2 416.0 5.9 2.11 0.59 3.07 1.83 2 2 2 2 2 2 2 2 2.3 2.39 -15.0 -1.2 -1.2 -1.2 -1.2 -1.2 -1.2 0.503 0.609 0.215 0.4 0.604 1.0 2 2 2 2 2 2
1973-01-16T01:30:00 1973 1 16 1 30 0 -1.3 -0.2 412.0 5.4 1.87 0.19 1.36 0.78 2 2 2 2 2 2 2 2 2.3 2.46 -15.0 -0.2 -0.2 -0.2 -0.2 -0.2 -0.2 0.397 0.429 0.211 0.257 0.356 0.68 2 2 2 2 2 2
1973-01-16T02:30:00 1973 1 16 2 30 0 0.1 -0.2 405.0 5.3 1.82 0.06 0.41 0.22 2 2 2 2 2 2 2 2 2.3 2.49 -12.0 -0.2 -0.2 -0.2 -0.2 -0.2 -0.2 0.291 0.28 0.205 0.153 0.201 0.434 2 2 2 2 2 2
1973-01-16T03:30:00 1973 1 16 3 30 0 3.2 -1.9 415.0 5.9 2.14 0.87 2.31 1.32 2 2 2 2 2 2 2 2 3.0 2.61 -12.0 -1.9 -1.9 -1.9 -1.9 -1.9 -1.9 0.319 0.387 0.206 0.193 0.417 0.654 2 2 2 2 2 2
1973-01-16T04:30:00 1973 1 16 4 30 0 2.6 -3.5 422.0 6.1 2.19 3.0 5.8 3.49 2 2 2 2 2 2 2 2 3.0 2.74 -11.0 -3.5 -3.5 -3.5 -3.5 -3.5 -3.5 0.472 0.629 0.222 0.416 0.768 1.08 2 2 2 2 2 2
1973-01-16T05:30:00 1973 1 16 5 30 0 1.2 -3.5 420.0 6.0 2.25 3.45 7.37 4.45 2 2 2 2 2 2 2 2 3.0 2.74 -13.0 -3.5 -3.5 -3.5 -3.5 -3.5 -3.5 0.617 0.8 0.244 0.611 0.946 1.328 2 2 2 2 2 2
1973-01-16T06:30:00 1973 1 16 6 30 0 4.1 -0.9 430.0 5.9 2.22 2.25 4.44 2.64 2 2 2 2 2 2 2 2 1.7 2.57 -13.0 -0.9 -0.9 -0.9 -0.9 -0.9 -0.9 0.584 0.694 0.25 0.504 0.715 1.144 2 2 2 2 2 2
1973-01-16T07:30:00 1973 1 16 7 30 0 4.1 2.7 430.0 6.1 2.27 1.09 0.16 0.1 2 2 2 2 2 2 2 2 1.7 2.41 -11.0 2.7 2.7 2.7 2.7 2.7 2.7 0.395 0.345 0.242 0.282 0.227 0.475 2 2 2 2 2 2
1973-01-16T08:30:00 1973 1 16 8 30 0 4.2 0.6 429.0 5.8 2.18 0.9 0.0 0.0 2 2 2 2 2 2 2 2 1.7 2.33 -8.0 0.6 0.6 0.6 0.6 0.6 0.6 0.268 0.171 0.235 0.158 0.072 0.197 2 2 2 2 2 2
1973-01-16T09:30:00 1973 1 16 9 30 0 2.7 0.8 421.0 4.8 1.75 0.75 0.0 0.0 2 2 2 2 2 2 2 2 1.3 2.2 -10.0 0.8 0.8 0.8 0.8 0.8 0.8 0.181 0.085 0.228 0.088 0.023 0.082 2 2 2 2 2 2
1973-01-16T10:30:00 1973 1 16 10 30 0 2.1 1.3 424.0 5.2 1.96 0.27 0.0 0.0 2 2 2 2 2 2 2 2 1.3 2.07 -6.0 1.3 1.3 1.3 1.3 1.3 1.3 0.123 0.042 0.221 0.05 0.007 0.034 2 2 2 2 2 2
1973-01-16T11:30:00 1973 1 16 11 30 0 2.7 1.2 421.0 5.5 2.0 0.26 0.0 0.0 2 2 2 2 2 2 2 2 1.3 1.86 -4.0 1.2 1.2 1.2 1.2 1.2 1.2 0.083 0.021 0.214 0.028 0.002 0.014 2 2 2 2 2 2
1973-01-16T12:30:00 1973 1 16 12 30 0 0.8 4.1 416.0 5.7 2.04 0.08 0.0 0.0 2 2 2 2 2 2 2 2 1.0 1.61 -1.0 4.1 4.1 4.1 4.1 4.1 4.1 0.056 0.01 0.208 0.016 0.001 0.006 2 2 2 2 2 2
1973-01-16T13:30:00 1973 1 16 13 30 0 1.9 2.3 413.0 5.7 2.01 0.03 0.0 0.0 2 2 2 2 2 2 2 2 1.0 1.37 -2.0 2.3 2.3 2.3 2.3 2.3 2.3 0.038 0.005 0.201 0.009 0.0 0.002 2 2 2 2 2 2
1973-01-16T14:30:00 1973 1 16 14 30 0 2.0 1.1 404.0 5.7 1.96 0.12 0.0 0.0 2 2 2 2 2 2 2 2 1.0 1.28 -2.0 1.1 1.1 1.1 1.1 1.1 1.1 0.026 0.003 0.195 0.005 0.0 0.001 2 2 2 2 2 2
1973-01-16T15:30:00 1973 1 16 15 30 0 2.0 4.6 429.0 5.0 1.92 0.08 0.0 0.0 2 2 2 2 2 2 2 2 0.7 1.15 -1.0 4.6 4.6 4.6 4.6 4.6 4.6 0.017 0.001 0.189 0.003 0.0 0.0 2 2 2 2 2 2
1973-01-16T16:30:00 1973 1 16 16 30 0 3.1 3.5 430.0 5.6 2.1 0.13 0.0 0.0 2 2 2 2 2 2 2 2 0.7 1.03 0.0 3.5 3.5 3.5 3.5 3.5 3.5 0.012 0.001 0.183 0.002 0.0 0.0 2 2 2 2 2 2
1973-01-16T17:30:00 1973 1 16 17 30 0 2.2 -1.5 408.0 6.3 2.16 0.51 0.6 0.37 2 2 2 2 2 2 2 2 0.7 0.96 -1.0 -1.5 -1.5 -1.5 -1.5 -1.5 -1.5 0.056 0.112 0.18 0.042 0.169 0.244 2 2 2 2 2 2
1973-01-16T18:30:00 1973 1 16 18 30 0 2.0 -3.1 410.0 6.3 2.19 1.98 4.84 3.05 2 2 2 2 2 2 2 2 2.7 1.14 -2.0 -3.1 -3.1 -3.1 -3.1 -3.1 -3.1 0.263 0.458 0.193 0.275 0.616 0.845 2 2 2 2 2 2
1973-01-16T19:30:00 1973 1 16 19 30 0 -0.1 -3.1 402.0 6.5 2.2 2.41 6.29 4.03 2 2 2 2 2 2 2 2 2.7 1.33 -7.0 -3.1 -3.1 -3.1 -3.1 -3.1 -3.1 0.444 0.687 0.21 0.471 0.818 1.168 2 2 2 2 2 2
1973-01-16T20:30:00 1973 1 16 20 30 0 -0.6 -2.4 407.0 6.3 2.16 1.78 5.5 3.52 2 2 2 2 2 2 2 2 2.7 1.55 -8.0 -2.4 -2.4 -2.4 -2.4 -2.4 -2.4 0.532 0.75 0.222 0.52 0.811 1.223 2 2 2 2 2 2
1973-01-16T21:30:00 1973 1 16 21 30 0 -1.8 -0.5 399.0 6.3 2.09 0.74 2.77 1.74 2 2 2 2 2 2 2 2 2.7 1.76 -8.0 -0.5 -0.5 -0.5 -0.5 -0.5 -0.5 0.47 0.595 0.222 0.379 0.538 0.943 2 2 2 2 2 2
1973-01-16T22:30:00 1973 1 16 22 30 0 -0.9 2.6 401.0 6.5 2.14 0.09 0.04 0.03 2 2 2 2 2 2 2 2 2.7 1.98 -5.0 2.6 2.6 2.6 2.6 2.6 2.6 0.318 0.295 0.215 0.212 0.17 0.391 2 2 2 2 2 2
1973-01-16T23:30:00 1973 1 16 23 30 0 -1.2 -1.2 406.0 6.7 2.26 0.14 0.49 0.33 2 2 2 2 2 2 2 2 2.7 2.22 -5.0 -1.2 -1.2 -1.2 -1.2 -1.2 -1.2 0.258 0.249 0.211 0.151 0.206 0.4 2 2 2 2 2 2
