1973-12-22T00:30:00 1973 12 22 0 30 0 -1.1 0.77 688.6 8.01 2.91 0.06 0.0 0.0 1 1 1 0 0 1 1 1 5.0 4.36 -14.0 0.07 0.23 -0.26 -0.24 0.22 0.36 0.287 0.182 0.527 0.264 0.277 0.914 0 0 1 0 0 0
1973-12-22T01:30:00 1973 12 22 1 30 0 -1.3 3.94 688.3 8.01 2.91 0.04 0.0 0.0 1 1 1 0 0 1 1 1 5.0 4.37 -14.0 3.78 3.82 3.71 3.72 3.82 3.85 0.195 0.09 0.511 0.148 0.088 0.379 0 0 1 0 0 0
1973-12-22T02:30:00 1973 12 22 2 30 0 -1.3 4.8 688.0 8.0 2.91 0.02 0.0 0.0 2 2 1 0 0 2 2 1 5.0 4.46 -13.0 4.8 4.8 4.8 4.8 4.8 4.8 0.132 0.045 0.495 0.083 0.028 0.157 0 0 1 0 0 0
1973-12-22T03:30:00 1973 12 22 3 30 0 -0.91 3.95 687.7 8.0 2.91 0.01 0.0 0.0 1 1 1 0 0 1 1 1 3.7 4.38 -12.0 3.8 3.83 3.73 3.73 3.83 3.86 0.089 0.022 0.48 0.046 0.009 0.065 0 0 1 0 0 0
1973-12-22T04:30:00 1973 12 22 4 30 0 -0.05 -0.03 687.4 8.0 2.91 0.0 0.01 0.01 1 1 1 0 0 1 1 1 3.7 4.3 -14.0 -0.63 -0.49 -0.91 -0.89 -0.5 -0.39 0.092 0.063 0.47 0.067 0.168 0.461 0 0 1 0 0 0
1973-12-22T05:30:00 1973 12 22 5 30 0 0.81 -5.0 687.1 7.99 2.91 3.75 9.35 7.48 1 1 1 0 0 1 1 1 3.7 4.26 -21.0 -5.16 -5.12 -5.23 -5.22 -5.12 -5.09 0.563 0.643 0.563 0.927 1.858 4.316 0 0 1 0 0 0
1973-12-22T06:30:00 1973 12 22 6 30 0 1.2 -6.2 686.8 7.99 2.91 12.27 19.41 15.51 2 2 1 0 0 2 2 1 3.7 4.21 -20.0 -6.2 -6.2 -6.2 -6.2 -6.2 -6.2 1.149 1.174 0.743 2.053 3.063 7.181 0 0 0 0 0 0
1973-12-22T07:30:00 1973 12 22 7 30 0 0.5 -1.8 686.5 7.99 2.91 6.39 13.1 10.47 2 2 1 0 0 2 2 1 3.7 4.17 -21.0 -1.8 -1.8 -1.8 -1.8 -1.8 -1.8 1.244 1.145 0.821 1.883 2.521 6.786 0 0 0 0 0 0
1973-12-22T08:30:00 1973 12 22 8 30 0 2.4 2.5 686.2 7.99 2.91 0.35 1.04 0.83 2 2 1 0 0 2 2 1 3.7 4.01 -22.0 2.5 2.5 2.5 2.5 2.5 2.5 0.869 0.609 0.799 1.075 0.888 3.125 0 0 0 0 0 0
1973-12-22T09:30:00 1973 12 22 9 30 0 1.3 0.4 685.9 7.98 2.91 0.19 0.0 0.0 2 2 1 0 0 2 2 1 3.3 3.8 -18.0 0.4 0.4 0.4 0.4 0.4 0.4 0.588 0.302 0.775 0.602 0.281 1.296 0 0 0 0 0 0
1973-12-22T10:30:00 1973 12 22 10 30 0 0.3 1.0 685.6 7.98 2.91 0.04 0.0 0.0 2 2 1 0 0 2 2 1 3.3 3.6 -15.0 1.0 1.0 1.0 1.0 1.0 1.0 0.398 0.15 0.751 0.337 0.089 0.538 0 0 0 0 0 0
1973-12-22T11:30:00 1973 12 22 11 30 0 -0.1 0.0 685.3 7.25 2.91 0.0 0.0 0.0 2 2 1 1 0 2 2 1 3.3 3.54 -10.0 0.0 0.0 0.0 0.0 0.0 0.0 0.27 0.075 0.728 0.189 0.028 0.223 0 0 0 0 0 0
1973-12-22T12:30:00 1973 12 22 12 30 0 0.1 -2.7 685.0 5.9 2.89 1.12 5.01 3.16 2 2 1 1 1 2 2 1 4.3 3.63 -9.0 -2.7 -2.7 -2.7 -2.7 -2.7 -2.7 0.426 0.38 0.742 0.415 1.016 2.167 1 1 0 1 1 1
1973-12-22T13:30:00 1973 12 22 13 30 0 0.5 3.0 685.0 4.55 2.6 0.36 1.82 1.03 2 2 1 1 1 2 2 1 4.3 3.71 -14.0 3.0 3.0 3.0 3.0 3.0 3.0 0.326 0.238 0.725 0.269 0.436 1.16 1 1 0 1 1 1
1973-12-22T14:30:00 1973 12 22 14 30 0 0.67 2.61 685.0 3.2 2.3 0.0 0.0 0.0 1 1 1 1 1 1 1 1 4.3 3.78 -17.0 2.61 2.61 2.61 2.61 2.61 2.61 0.221 0.118 0.703 0.151 0.138 0.481 1 1 0 1 1 1
1973-12-22T15:30:00 1973 12 22 15 30 0 0.83 0.89 685.0 2.1 2.0 0.01 0.0 0.0 1 1 1 1 1 1 1 1 3.3 3.73 -17.0 0.89 0.89 0.89 0.89 0.89 0.89 0.15 0.059 0.682 0.084 0.044 0.2 1 1 0 1 1 1
1973-12-22T16:30:00 1973 12 22 16 30 0 1.0 0.5 685.0 2.1 1.91 0.05 0.0 0.0 2 2 1 1 1 2 2 1 3.3 3.68 -20.0 0.5 0.5 0.5 0.5 0.5 0.5 0.101 0.029 0.661 0.047 0.014 0.083 1 1 0 1 1 1
1973-12-22T17:30:00 1973 12 22 17 30 0 2.5 1.0 685.0 2.1 1.91 0.28 0.0 0.0 2 2 2 2 2 2 2 2 3.3 3.67 -22.0 1.0 1.0 1.0 1.0 1.0 1.0 0.069 0.014 0.641 0.026 0.004 0.034 1 1 0 1 1 1
1973-12-22T18:30:00 1973 12 22 18 30 0 3.6 1.2 663.0 2.0 1.69 0.81 0.0 0.0 2 2 2 2 2 2 2 2 3.3 3.67 -17.0 1.2 1.2 1.2 1.2 1.2 1.2 0.046 0.007 0.621 0.015 0.001 0.014 1 1 0 1 1 1
1973-12-22T19:30:00 1973 12 22 19 30 0 1.6 -0.3 648.0 2.2 1.82 0.71 0.14 0.03 2 2 2 2 2 2 2 2 3.3 3.66 -14.0 -0.3 -0.3 -0.3 -0.3 -0.3 -0.3 0.041 0.024 0.603 0.014 0.063 0.068 1 2 0 1 2 2
1973-12-22T20:30:00 1973 12 22 20 30 0 1.5 0.7 655.0 2.5 2.11 0.28 0.11 0.02 2 2 2 2 2 2 2 2 3.3 3.54 -14.0 0.7 0.7 0.7 0.7 0.7 0.7 0.029 0.016 0.584 0.008 0.028 0.041 1 2 0 1 2 2
1973-12-22T21:30:00 1973 12 22 21 30 0 0.9 1.2 655.0 2.6 2.19 0.08 0.0 0.0 2 2 2 2 2 2 2 2 3.7 3.47 -17.0 1.2 1.2 1.2 1.2 1.2 1.2 0.02 0.008 0.567 0.005 0.009 0.017 1 2 0 1 2 2
1973-12-22T22:30:00 1973 12 22 22 30 0 3.3 -2.4 668.0 2.5 2.16 1.59 2.99 0.75 2 2 2 2 2 2 2 2 3.7 3.4 -14.0 -2.4 -2.4 -2.4 -2.4 -2.4 -2.4 0.131 0.17 0.565 0.143 0.511 0.466 2 2 0 2 2 2
1973-12-22T23:30:00 1973 12 22 23 30 0 3.03 -2.23 678.0 2.4 2.1 4.15 7.77 1.9 1 1 2 2 2 1 2 2 3.7 3.46 -12.0 -2.23 -2.23 -2.23 -2.23 -2.23 -2.23 0.299 0.347 0.582 0.349 0.929 0.869 1 1 0 1 1 1
