1973-11-23T00:30:00 1973 11 23 0 30 0 -2.0 0.2 349.0 9.5 2.11 0.32 0.14 0.12 2 2 2 2 2 2 2 2 1.0 0.89 -6.0 0.2 0.2 0.2 0.2 0.2 0.2 0.072 0.13 0.461 0.028 0.081 0.227 2 2 2 2 2 2
1973-11-23T01:30:00 1973 11 23 1 30 0 -1.4 -0.6 348.0 10.0 2.42 0.26 0.44 0.43 2 2 2 2 2 2 2 2 1.0 0.89 -6.0 -0.6 -0.6 -0.6 -0.6 -0.6 -0.6 0.086 0.179 0.448 0.035 0.152 0.377 2 2 2 2 2 2
1973-11-23T02:30:00 1973 11 23 2 30 0 -1.3 -1.5 347.0 11.5 2.59 0.47 1.89 2.06 2 2 2 2 2 2 2 2 1.0 0.93 -6.0 -1.5 -1.5 -1.5 -1.5 -1.5 -1.5 0.185 0.393 0.44 0.118 0.372 0.85 2 2 2 2 2 2
1973-11-23T03:30:00 1973 11 23 3 30 0 -4.2 -0.1 347.0 11.4 2.66 0.91 1.29 1.47 2 2 2 2 2 2 2 2 2.0 1.1 -9.0 -0.1 -0.1 -0.1 -0.1 -0.1 -0.1 0.192 0.366 0.429 0.106 0.282 0.782 2 2 2 2 2 2
1973-11-23T04:30:00 1973 11 23 4 30 0 -6.4 0.0 350.0 12.9 2.97 2.02 0.08 0.1 2 2 2 2 2 2 2 2 2.0 1.26 -9.0 0.0 0.0 0.0 0.0 0.0 0.0 0.136 0.206 0.416 0.061 0.111 0.414 2 2 2 2 2 2
1973-11-23T05:30:00 1973 11 23 5 30 0 -5.5 2.7 343.0 17.7 3.83 1.69 0.0 0.0 2 2 2 2 2 2 2 2 2.0 1.39 -6.0 2.7 2.7 2.7 2.7 2.7 2.7 0.092 0.102 0.404 0.034 0.035 0.172 2 2 2 2 2 2
1973-11-23T06:30:00 1973 11 23 6 30 0 -4.5 4.7 342.0 19.1 4.15 0.65 0.0 0.0 2 2 2 2 2 2 2 2 1.0 1.38 -6.0 4.7 4.7 4.7 4.7 4.7 4.7 0.062 0.051 0.391 0.019 0.011 0.071 2 2 2 2 2 2
1973-11-23T07:30:00 1973 11 23 7 30 0 -3.9 5.0 345.0 12.0 2.77 0.32 0.0 0.0 2 2 2 2 2 2 2 2 1.0 1.38 -6.0 5.0 5.0 5.0 5.0 5.0 5.0 0.042 0.025 0.379 0.011 0.004 0.03 2 2 2 2 2 2
1973-11-23T08:30:00 1973 11 23 8 30 0 -2.2 4.9 343.0 13.3 3.16 0.13 0.0 0.0 2 2 2 2 2 2 2 2 1.0 1.37 -7.0 4.9 4.9 4.9 4.9 4.9 4.9 0.029 0.013 0.368 0.006 0.001 0.012 2 2 2 2 2 2
1973-11-23T09:30:00 1973 11 23 9 30 0 -2.2 3.1 345.0 23.4 5.19 0.06 0.0 0.0 2 2 2 2 2 2 2 2 1.3 1.41 1.0 3.1 3.1 3.1 3.1 3.1 3.1 0.019 0.006 0.356 0.003 0.0 0.005 2 2 2 2 2 2
1973-11-23T10:30:00 1973 11 23 10 30 0 -3.4 -0.1 340.0 27.9 6.18 0.37 0.01 0.04 2 2 2 2 2 2 2 2 1.3 1.44 6.0 -0.1 -0.1 -0.1 -0.1 -0.1 -0.1 0.019 0.031 0.346 0.004 0.03 0.197 2 2 2 2 2 2
1973-11-23T11:30:00 1973 11 23 11 30 0 0.1 -2.2 356.0 27.4 6.33 0.71 2.17 5.98 2 2 2 2 2 2 2 2 1.3 1.36 8.0 -2.2 -2.2 -2.2 -2.2 -2.2 -2.2 0.231 0.55 0.346 0.201 0.575 2.676 2 2 2 2 2 2
1973-11-23T12:30:00 1973 11 23 12 30 0 0.5 -0.7 349.0 34.6 8.05 0.46 2.45 7.5 2 2 2 2 2 2 2 2 2.7 1.46 10.0 -0.7 -0.7 -0.7 -0.7 -0.7 -0.7 0.351 0.756 0.345 0.267 0.655 3.811 2 2 2 2 2 2
1973-11-23T13:30:00 1973 11 23 13 30 0 4.9 -1.5 352.0 23.3 6.21 1.23 1.99 5.53 2 2 2 2 2 2 2 2 2.7 1.56 8.0 -1.5 -1.5 -1.5 -1.5 -1.5 -1.5 0.422 0.839 0.343 0.297 0.683 3.809 2 2 2 2 2 2
1973-11-23T14:30:00 1973 11 23 14 30 0 3.1 -4.3 345.0 17.0 4.11 3.52 5.24 10.18 2 2 2 2 2 2 2 2 2.7 1.77 2.0 -4.3 -4.3 -4.3 -4.3 -4.3 -4.3 0.666 1.189 0.359 0.625 1.028 3.939 2 2 2 2 2 2
1973-11-23T15:30:00 1973 11 23 15 30 0 -2.0 -2.4 340.0 20.1 4.81 2.42 5.6 10.38 2 2 2 2 2 2 2 2 2.7 1.98 -6.0 -2.4 -2.4 -2.4 -2.4 -2.4 -2.4 0.8 1.307 0.372 0.743 1.041 3.793 2 2 2 2 2 2
1973-11-23T16:30:00 1973 11 23 16 30 0 -5.4 -1.3 368.0 15.1 4.37 2.24 3.19 5.62 2 2 2 2 2 2 2 2 2.7 2.19 -11.0 -1.3 -1.3 -1.3 -1.3 -1.3 -1.3 0.748 1.106 0.372 0.6 0.813 3.063 2 2 2 2 2 2
1973-11-23T17:30:00 1973 11 23 17 30 0 3.0 -2.9 369.0 24.3 7.18 1.77 3.99 8.24 2 2 2 2 2 2 2 2 2.7 2.36 -12.0 -2.9 -2.9 -2.9 -2.9 -2.9 -2.9 0.816 1.209 0.381 0.671 1.008 4.014 2 2 2 2 2 2
1973-11-23T18:30:00 1973 11 23 18 30 0 -4.3 -3.8 376.0 26.8 7.59 3.09 6.32 16.24 2 2 2 2 2 2 2 2 2.7 2.53 -7.0 -3.8 -3.8 -3.8 -3.8 -3.8 -3.8 1.03 1.536 0.408 0.981 1.39 6.062 2 2 2 2 2 2
1973-11-23T19:30:00 1973 11 23 19 30 0 -8.8 5.1 372.0 24.1 6.97 2.87 1.23 3.24 2 2 2 2 2 2 2 2 2.7 2.7 -11.0 5.1 5.1 5.1 5.1 5.1 5.1 0.749 0.866 0.398 0.592 0.535 3.02 2 2 2 2 2 2
1973-11-23T20:30:00 1973 11 23 20 30 0 -2.9 6.9 362.0 22.0 5.84 0.79 0.0 0.0 2 2 2 2 2 2 2 2 2.7 2.7 -9.0 6.9 6.9 6.9 6.9 6.9 6.9 0.507 0.43 0.386 0.331 0.169 1.253 2 2 2 2 2 2
1973-11-23T21:30:00 1973 11 23 21 30 0 0.5 5.4 365.0 19.7 5.61 0.02 0.0 0.0 2 2 2 2 2 2 2 2 1.0 2.48 -6.0 5.4 5.4 5.4 5.4 5.4 5.4 0.343 0.214 0.374 0.186 0.054 0.52 2 2 2 2 2 2
1973-11-23T22:30:00 1973 11 23 22 30 0 5.3 3.5 359.0 17.6 4.58 0.26 0.0 0.0 2 2 2 2 2 2 2 2 1.0 2.26 -3.0 3.5 3.5 3.5 3.5 3.5 3.5 0.232 0.106 0.363 0.104 0.017 0.216 2 2 2 2 2 2
1973-11-23T23:30:00 1973 11 23 23 30 0 4.8 7.2 348.0 16.1 3.96 0.51 0.0 0.0 2 2 2 2 2 2 2 2 1.0 2.04 -1.0 7.2 7.2 7.2 7.2 7.2 7.2 0.157 0.053 0.352 0.058 0.005 0.089 2 2 2 2 2 2
