1973-05-19T00:30:00 1973 5 19 0 30 0 -2.6 -1.9 649.0 2.9 2.37 2.36 5.73 1.71 2 2 2 2 2 2 2 2 3.7 3.29 -32.0 -1.9 -1.9 -1.9 -1.9 -1.9 -1.9 0.492 0.472 0.629 0.446 0.977 1.219 2 2 1 2 2 2
1973-05-19T01:30:00 1973 5 19 1 30 0 -2.7 1.2 652.0 2.8 2.33 1.23 1.64 0.47 2 2 2 2 2 2 2 2 3.7 3.34 -29.0 1.2 1.2 1.2 1.2 1.2 1.2 0.369 0.285 0.614 0.277 0.426 0.659 2 2 1 2 2 2
1973-05-19T02:30:00 1973 5 19 2 30 0 0.2 1.1 666.0 3.3 2.75 0.12 0.0 0.0 2 2 2 2 2 2 2 2 3.7 3.46 -21.0 1.1 1.1 1.1 1.1 1.1 1.1 0.25 0.142 0.595 0.155 0.135 0.273 2 2 1 2 2 2
1973-05-19T03:30:00 1973 5 19 3 30 0 0.6 0.9 674.0 1.4 1.2 0.0 0.0 0.0 2 2 2 2 2 2 2 2 3.3 3.53 -20.0 0.9 0.9 0.9 0.9 0.9 0.9 0.169 0.07 0.577 0.087 0.043 0.113 2 2 1 2 2 2
1973-05-19T04:30:00 1973 5 19 4 30 0 -1.9 -0.7 655.0 2.4 2.15 0.23 0.6 0.14 2 2 2 2 2 2 2 2 3.3 3.6 -19.0 -0.7 -0.7 -0.7 -0.7 -0.7 -0.7 0.144 0.089 0.562 0.071 0.179 0.209 2 2 1 2 2 2
1973-05-19T05:30:00 1973 5 19 5 30 0 -2.3 0.2 664.0 2.65 2.29 0.73 0.8 0.2 2 2 1 1 1 2 2 1 3.3 3.54 -18.0 0.2 0.2 0.2 0.2 0.2 0.2 0.117 0.079 0.546 0.05 0.138 0.198 2 2 1 2 1 1
1973-05-19T06:30:00 1973 5 19 6 30 0 -2.5 0.0 673.0 2.9 2.42 0.77 0.0 0.0 2 2 2 2 2 2 2 2 3.7 3.55 -21.0 0.0 0.0 0.0 0.0 0.0 0.0 0.079 0.039 0.529 0.028 0.044 0.082 2 2 1 2 1 1
1973-05-19T07:30:00 1973 5 19 7 30 0 1.7 1.2 694.5 3.0 2.61 0.14 0.0 0.0 2 2 1 1 1 2 2 1 3.7 3.55 -20.0 1.2 1.2 1.2 1.2 1.2 1.2 0.054 0.019 0.513 0.016 0.014 0.034 2 2 1 2 1 1
1973-05-19T08:30:00 1973 5 19 8 30 0 -1.5 0.5 716.0 3.1 2.8 0.06 0.0 0.0 2 2 2 2 2 2 2 2 3.7 3.55 -15.0 0.5 0.5 0.5 0.5 0.5 0.5 0.036 0.01 0.498 0.009 0.004 0.014 2 2 1 2 1 1
1973-05-19T09:30:00 1973 5 19 9 30 0 -0.3 -1.0 720.0 2.7 2.8 0.25 1.35 0.37 2 2 2 2 2 2 2 2 3.3 3.5 -16.0 -1.0 -1.0 -1.0 -1.0 -1.0 -1.0 0.085 0.102 0.488 0.057 0.327 0.398 2 2 1 2 2 2
1973-05-19T10:30:00 1973 5 19 10 30 0 -2.6 -2.5 734.0 2.8 2.8 2.18 6.6 1.82 2 2 2 2 2 2 2 2 3.3 3.45 -15.0 -2.5 -2.5 -2.5 -2.5 -2.5 -2.5 0.265 0.31 0.509 0.299 0.96 1.071 2 2 1 2 2 2
1973-05-19T11:30:00 1973 5 19 11 30 0 -1.8 -1.5 725.0 2.6 2.73 2.81 7.14 1.93 2 2 2 2 2 2 2 2 3.3 3.45 -23.0 -1.5 -1.5 -1.5 -1.5 -1.5 -1.5 0.372 0.392 0.527 0.4 1.062 1.249 2 2 1 2 2 2
1973-05-19T12:30:00 1973 5 19 12 30 0 -2.7 -0.2 662.0 2.9 2.54 1.33 2.78 0.76 2 2 2 2 2 2 2 2 4.3 3.58 -22.0 -0.2 -0.2 -0.2 -0.2 -0.2 -0.2 0.326 0.306 0.519 0.283 0.645 0.911 2 2 1 2 2 2
1973-05-19T13:30:00 1973 5 19 13 30 0 -3.4 -0.7 660.0 2.2 1.87 1.64 1.56 0.38 2 2 1 1 1 2 2 1 4.3 3.71 -23.0 -0.7 -0.7 -0.7 -0.7 -0.7 -0.7 0.278 0.25 0.508 0.199 0.479 0.67 2 2 1 2 1 2
1973-05-19T14:30:00 1973 5 19 14 30 0 -1.2 0.3 658.0 1.5 1.19 0.85 0.71 0.14 2 2 2 2 2 2 2 2 4.3 3.78 -25.0 0.3 0.3 0.3 0.3 0.3 0.3 0.203 0.149 0.494 0.12 0.212 0.342 2 2 1 2 2 2
1973-05-19T15:30:00 1973 5 19 15 30 0 -3.7 -1.2 655.5 1.55 1.19 1.37 1.74 0.27 2 2 1 1 1 2 2 1 4.0 3.82 -23.0 -1.2 -1.2 -1.2 -1.2 -1.2 -1.2 0.196 0.167 0.484 0.117 0.342 0.323 2 1 1 1 1 1
1973-05-19T16:30:00 1973 5 19 16 30 0 -1.9 -3.3 653.0 1.82 1.39 3.76 7.64 1.31 2 2 1 1 1 2 2 1 4.0 3.86 -26.0 -3.3 -3.3 -3.3 -3.3 -3.3 -3.3 0.332 0.327 0.502 0.335 0.821 0.574 1 1 1 1 1 1
1973-05-19T17:30:00 1973 5 19 17 30 0 0.0 0.9 650.5 2.1 1.68 1.16 3.79 0.72 2 2 1 1 1 2 2 1 4.0 3.94 -28.0 0.9 0.9 0.9 0.9 0.9 0.9 0.294 0.251 0.497 0.258 0.476 0.42 1 1 1 1 1 1
1973-05-19T18:30:00 1973 5 19 18 30 0 -2.3 2.0 648.0 2.38 1.96 0.08 0.0 0.0 2 2 1 1 1 2 2 1 3.0 3.9 -24.0 2.0 2.0 2.0 2.0 2.0 2.0 0.199 0.125 0.481 0.145 0.151 0.174 1 1 1 1 1 1
1973-05-19T19:30:00 1973 5 19 19 30 0 0.5 0.3 645.5 2.65 2.16 0.05 0.0 0.0 2 2 1 1 1 2 2 1 3.0 3.85 -24.0 0.3 0.3 0.3 0.3 0.3 0.3 0.135 0.062 0.467 0.081 0.048 0.072 1 1 1 1 1 1
1973-05-19T20:30:00 1973 5 19 20 30 0 -1.8 -1.6 643.0 2.7 2.16 0.54 2.38 0.64 2 2 2 2 2 2 2 2 3.0 3.68 -23.0 -1.6 -1.6 -1.6 -1.6 -1.6 -1.6 0.187 0.18 0.463 0.139 0.436 0.457 2 2 1 2 2 2
1973-05-19T21:30:00 1973 5 19 21 30 0 0.2 2.0 652.0 2.8 2.27 0.26 0.94 0.26 2 2 2 2 2 2 2 2 3.7 3.61 -22.0 2.0 2.0 2.0 2.0 2.0 2.0 0.143 0.113 0.45 0.089 0.189 0.255 2 2 1 2 2 2
1973-05-19T22:30:00 1973 5 19 22 30 0 -1.5 -0.5 656.0 3.1 2.74 0.12 0.24 0.07 2 2 2 2 2 2 2 2 3.7 3.54 -20.0 -0.5 -0.5 -0.5 -0.5 -0.5 -0.5 0.114 0.09 0.438 0.062 0.164 0.236 2 2 1 2 2 2
1973-05-19T23:30:00 1973 5 19 23 30 0 -2.3 -0.7 664.0 3.2 2.84 0.86 2.01 0.63 2 2 2 2 2 2 2 2 3.7 3.51 -24.0 -0.7 -0.7 -0.7 -0.7 -0.7 -0.7 0.152 0.17 0.431 0.091 0.398 0.56 2 2 1 2 2 2
