1973-05-15T00:30:00 1973 5 15 0 30 0 -1.0 -0.4 718.0 2.6 2.45 0.18 0.78 0.21 2 2 2 2 2 2 2 2 4.7 5.13 -43.0 -0.4 -0.4 -0.4 -0.4 -0.4 -0.4 0.311 0.198 0.605 0.21 0.353 0.611 2 2 2 2 2 2
1973-05-15T01:30:00 1973 5 15 1 30 0 -1.5 -1.7 732.0 2.9 2.9 0.99 4.01 1.12 2 2 2 2 2 2 2 2 4.7 5.17 -44.0 -1.7 -1.7 -1.7 -1.7 -1.7 -1.7 0.35 0.29 0.606 0.268 0.742 0.976 2 2 2 2 2 2
1973-05-15T02:30:00 1973 5 15 2 30 0 -1.2 -1.5 735.0 3.0 3.02 1.57 5.84 1.72 2 2 2 2 2 2 2 2 4.7 5.01 -50.0 -1.5 -1.5 -1.5 -1.5 -1.5 -1.5 0.412 0.37 0.615 0.35 0.968 1.28 2 2 2 2 2 2
1973-05-15T03:30:00 1973 5 15 3 30 0 0.4 -2.4 746.0 2.9 3.57 1.86 7.37 2.17 2 2 2 2 2 2 2 2 4.7 4.85 -44.0 -2.4 -2.4 -2.4 -2.4 -2.4 -2.4 0.505 0.459 0.637 0.491 1.231 1.57 2 2 2 2 2 2
1973-05-15T04:30:00 1973 5 15 4 30 0 -1.5 -1.7 750.0 3.0 3.63 2.01 7.56 2.23 2 2 2 2 2 2 2 2 4.7 4.7 -45.0 -1.7 -1.7 -1.7 -1.7 -1.7 -1.7 0.556 0.489 0.656 0.544 1.257 1.672 2 2 2 2 2 2
1973-05-15T05:30:00 1973 5 15 5 30 0 -2.2 -0.4 757.0 2.9 3.43 1.32 3.75 1.11 2 2 2 2 2 2 2 2 4.7 4.7 -46.0 -0.4 -0.4 -0.4 -0.4 -0.4 -0.4 0.48 0.386 0.65 0.398 0.858 1.323 2 2 2 2 2 2
1973-05-15T06:30:00 1973 5 15 6 30 0 -1.4 3.4 761.0 3.0 3.13 0.25 0.03 0.01 2 2 2 2 2 2 2 2 4.0 4.61 -36.0 3.4 3.4 3.4 3.4 3.4 3.4 0.325 0.192 0.631 0.223 0.272 0.549 2 2 2 2 2 2
1973-05-15T07:30:00 1973 5 15 7 30 0 -3.8 -1.0 754.0 2.7 2.96 1.08 0.6 0.16 2 2 2 2 2 2 2 2 4.0 4.52 -34.0 -1.0 -1.0 -1.0 -1.0 -1.0 -1.0 0.254 0.147 0.615 0.159 0.284 0.448 2 2 2 2 2 2
1973-05-15T08:30:00 1973 5 15 8 30 0 -1.6 -1.4 760.0 2.5 2.82 2.24 4.61 1.19 2 2 2 2 2 2 2 2 4.0 4.43 -44.0 -1.4 -1.4 -1.4 -1.4 -1.4 -1.4 0.312 0.258 0.617 0.238 0.725 0.887 2 2 2 2 2 2
1973-05-15T09:30:00 1973 5 15 9 30 0 -1.3 -1.9 756.0 2.5 2.86 1.81 6.33 1.58 2 2 2 2 2 2 2 2 3.3 4.25 -50.0 -1.9 -1.9 -1.9 -1.9 -1.9 -1.9 0.394 0.354 0.63 0.354 1.009 1.169 2 2 2 2 2 2
1973-05-15T10:30:00 1973 5 15 10 30 0 0.6 -0.3 750.0 2.4 2.65 0.68 3.89 0.96 2 2 2 2 2 2 2 2 3.3 4.07 -46.0 -0.3 -0.3 -0.3 -0.3 -0.3 -0.3 0.363 0.305 0.624 0.286 0.733 0.967 2 2 2 2 2 2
1973-05-15T11:30:00 1973 5 15 11 30 0 0.1 1.2 732.0 2.1 2.26 0.02 0.07 0.02 2 2 2 2 2 2 2 2 3.3 3.9 -43.0 1.2 1.2 1.2 1.2 1.2 1.2 0.246 0.152 0.605 0.16 0.232 0.401 2 2 2 2 2 2
1973-05-15T12:30:00 1973 5 15 12 30 0 -0.9 -0.4 728.0 2.0 2.41 0.06 0.24 0.05 2 2 2 2 2 2 2 2 4.3 3.85 -43.0 -0.4 -0.4 -0.4 -0.4 -0.4 -0.4 0.179 0.099 0.588 0.099 0.161 0.251 2 2 2 2 2 2
1973-05-15T13:30:00 1973 5 15 13 30 0 -1.4 -1.6 749.0 2.4 2.51 0.89 3.89 0.88 2 2 2 2 2 2 2 2 4.3 3.81 -37.0 -1.6 -1.6 -1.6 -1.6 -1.6 -1.6 0.246 0.218 0.587 0.187 0.628 0.669 2 2 2 2 2 2
1973-05-15T14:30:00 1973 5 15 14 30 0 0.8 -1.7 742.0 3.0 3.37 1.34 6.16 1.68 2 2 2 2 2 2 2 2 4.3 3.86 -35.0 -1.7 -1.7 -1.7 -1.7 -1.7 -1.7 0.349 0.339 0.599 0.32 0.969 1.153 2 2 2 2 2 2
1973-05-15T15:30:00 1973 5 15 15 30 0 0.7 -1.6 746.0 3.0 2.91 1.36 6.12 1.84 2 2 2 2 2 2 2 2 4.3 3.9 -38.0 -1.6 -1.6 -1.6 -1.6 -1.6 -1.6 0.421 0.403 0.611 0.395 1.084 1.418 2 2 2 2 2 2
1973-05-15T16:30:00 1973 5 15 16 30 0 0.4 -2.6 747.0 3.0 2.95 2.14 7.99 2.4 2 2 2 2 2 2 2 2 4.3 3.94 -41.0 -2.6 -2.6 -2.6 -2.6 -2.6 -2.6 0.53 0.494 0.639 0.553 1.335 1.719 2 2 2 2 2 2
1973-05-15T17:30:00 1973 5 15 17 30 0 -1.8 -1.9 731.0 2.9 2.69 2.43 8.2 2.42 2 2 2 2 2 2 2 2 4.3 4.06 -43.0 -1.9 -1.9 -1.9 -1.9 -1.9 -1.9 0.588 0.522 0.662 0.607 1.322 1.73 2 2 2 2 2 2
1973-05-15T18:30:00 1973 5 15 18 30 0 -3.3 -0.1 744.0 2.7 3.41 1.87 3.4 0.96 2 2 2 2 2 2 2 2 5.3 4.31 -42.0 -0.1 -0.1 -0.1 -0.1 -0.1 -0.1 0.483 0.376 0.653 0.416 0.77 1.187 2 2 2 2 2 2
1973-05-15T19:30:00 1973 5 15 19 30 0 -2.5 -3.2 751.0 2.9 2.85 3.53 6.66 1.89 2 2 2 2 2 2 2 2 5.3 4.56 -43.0 -3.2 -3.2 -3.2 -3.2 -3.2 -3.2 0.554 0.462 0.675 0.551 1.206 1.528 2 2 2 2 2 2
1973-05-15T20:30:00 1973 5 15 20 30 0 0.3 -2.4 737.0 3.0 3.26 3.75 10.29 3.04 2 2 2 2 2 2 2 2 5.3 4.69 -41.0 -2.4 -2.4 -2.4 -2.4 -2.4 -2.4 0.656 0.553 0.713 0.71 1.45 1.818 2 2 2 2 2 2
1973-05-15T21:30:00 1973 5 15 21 30 0 -3.1 -1.8 747.0 3.0 3.04 2.69 7.7 2.31 2 2 2 2 2 2 2 2 5.3 4.81 -45.0 -1.8 -1.8 -1.8 -1.8 -1.8 -1.8 0.665 0.543 0.731 0.677 1.343 1.793 2 2 2 2 2 2
1973-05-15T22:30:00 1973 5 15 22 30 0 0.4 -2.2 740.0 3.6 3.85 2.39 7.49 2.5 2 2 2 2 2 2 2 2 5.3 4.94 -42.0 -2.2 -2.2 -2.2 -2.2 -2.2 -2.2 0.687 0.562 0.751 0.686 1.392 1.997 2 2 2 2 2 2
1973-05-15T23:30:00 1973 5 15 23 30 0 0.9 -2.9 721.0 3.7 3.52 2.98 9.4 3.44 2 2 2 2 2 2 2 2 5.3 5.06 -39.0 -2.9 -2.9 -2.9 -2.9 -2.9 -2.9 0.764 0.636 0.787 0.814 1.589 2.324 2 2 2 2 2 2
