1973-11-07T00:30:00 1973 11 7 0 30 0 -2.3 2.1 551.0 5.55 3.34 0.81 0.0 0.0 2 2 1 1 1 2 2 1 3.3 2.88 -4.0 2.1 2.1 2.1 2.1 2.1 2.1 0.084 0.042 0.161 0.034 0.016 0.071 2 2 2 2 2 2
1973-11-07T01:30:00 1973 11 7 1 30 0 -1.9 5.4 565.0 5.9 3.72 0.1 0.0 0.0 2 2 2 2 2 2 2 2 3.3 3.08 -3.0 5.4 5.4 5.4 5.4 5.4 5.4 0.057 0.021 0.156 0.019 0.005 0.03 2 2 2 2 2 2
1973-11-07T02:30:00 1973 11 7 2 30 0 -2.2 4.38 578.0 6.6 4.45 0.07 0.0 0.0 1 1 2 2 2 1 2 2 3.3 3.12 -5.0 4.24 4.28 4.16 4.17 4.28 4.31 0.038 0.01 0.152 0.011 0.002 0.012 2 2 2 2 2 2
1973-11-07T03:30:00 1973 11 7 3 30 0 -2.85 0.61 578.0 6.2 4.37 0.32 0.0 0.0 1 1 2 2 2 1 2 2 3.7 3.21 -8.0 0.08 0.24 -0.24 -0.22 0.22 0.37 0.026 0.005 0.147 0.011 0.001 0.005 2 2 2 2 2 2
1973-11-07T04:30:00 1973 11 7 4 30 0 -3.5 0.06 568.0 6.0 4.1 1.05 0.0 0.0 1 1 2 2 2 1 2 2 3.7 3.3 -7.0 -0.08 -0.04 -0.16 -0.15 -0.04 -0.01 0.024 0.011 0.144 0.018 0.019 0.029 2 1 2 1 1 1
1973-11-07T05:30:00 1973 11 7 5 30 0 -3.8 0.1 565.0 6.0 3.86 1.49 0.0 0.0 2 2 2 2 2 2 2 2 3.7 3.38 -9.0 0.1 0.1 0.1 0.1 0.1 0.1 0.017 0.007 0.14 0.011 0.008 0.012 2 1 2 1 1 1
1973-11-07T06:30:00 1973 11 7 6 30 0 -2.75 -1.75 578.0 6.5 4.28 1.93 2.59 1.65 1 1 2 2 2 1 2 2 5.7 3.73 -8.0 -1.75 -1.75 -1.75 -1.75 -1.75 -1.75 0.154 0.249 0.149 0.147 0.564 1.101 1 1 2 1 1 1
1973-11-07T07:30:00 1973 11 7 7 30 0 -1.7 -3.6 592.0 7.0 4.88 3.59 8.07 5.49 2 2 2 2 2 2 2 2 5.7 4.08 -15.0 -3.6 -3.6 -3.6 -3.6 -3.6 -3.6 0.457 0.618 0.196 0.581 1.334 2.601 2 2 2 2 2 2
1973-11-07T08:30:00 1973 11 7 8 30 0 0.4 -3.4 589.0 6.62 4.53 4.27 10.31 7.0 2 2 1 1 1 2 2 1 5.7 4.38 -23.0 -3.4 -3.4 -3.4 -3.4 -3.4 -3.4 0.714 0.848 0.256 0.923 1.675 3.352 1 1 2 1 1 1
1973-11-07T09:30:00 1973 11 7 9 30 0 -4.8 2.8 586.0 6.25 4.19 1.21 2.34 1.53 2 2 1 1 1 2 2 1 3.7 4.42 -24.0 2.8 2.8 2.8 2.8 2.8 2.8 0.544 0.51 0.256 0.574 0.7 1.788 1 1 2 1 1 1
1973-11-07T10:30:00 1973 11 7 10 30 0 -4.7 3.9 583.0 5.88 3.85 1.04 0.0 0.0 2 2 1 1 1 2 2 1 3.7 4.45 -17.0 3.9 3.9 3.9 3.9 3.9 3.9 0.369 0.253 0.248 0.322 0.222 0.741 1 1 2 1 1 1
1973-11-07T11:30:00 1973 11 7 11 30 0 0.0 5.4 580.0 5.5 3.5 0.19 0.0 0.0 2 2 2 2 2 2 2 2 3.7 4.44 -9.0 5.4 5.4 5.4 5.4 5.4 5.4 0.25 0.126 0.24 0.18 0.07 0.308 1 1 2 1 1 1
1973-11-07T12:30:00 1973 11 7 12 30 0 -2.0 2.4 581.0 5.9 3.75 0.03 0.0 0.0 2 2 2 2 2 2 2 2 2.7 4.3 -10.0 2.4 2.4 2.4 2.4 2.4 2.4 0.169 0.062 0.233 0.101 0.022 0.128 1 1 2 1 1 1
1973-11-07T13:30:00 1973 11 7 13 30 0 -0.6 3.3 606.0 5.9 4.37 0.04 0.0 0.0 2 2 2 2 2 2 2 2 2.7 4.16 -9.0 3.3 3.3 3.3 3.3 3.3 3.3 0.114 0.031 0.226 0.056 0.007 0.053 1 1 2 1 1 1
1973-11-07T14:30:00 1973 11 7 14 30 0 -0.2 2.7 602.0 5.5 3.95 0.0 0.0 0.0 2 2 2 2 2 2 2 2 2.7 3.79 -8.0 2.7 2.7 2.7 2.7 2.7 2.7 0.077 0.015 0.219 0.032 0.002 0.022 1 1 2 1 1 1
1973-11-07T15:30:00 1973 11 7 15 30 0 -0.9 2.4 600.0 4.9 3.46 0.0 0.0 0.0 2 2 2 2 2 2 2 2 2.3 3.37 -9.0 2.4 2.4 2.4 2.4 2.4 2.4 0.052 0.008 0.212 0.018 0.001 0.009 1 1 2 1 1 1
1973-11-07T16:30:00 1973 11 7 16 30 0 -1.4 3.2 608.0 5.3 3.85 0.02 0.0 0.0 2 2 2 2 2 2 2 2 2.3 2.96 -5.0 3.2 3.2 3.2 3.2 3.2 3.2 0.036 0.004 0.206 0.01 0.0 0.004 1 1 2 1 1 1
1973-11-07T17:30:00 1973 11 7 17 30 0 -2.4 1.7 593.0 5.0 3.45 0.14 0.0 0.0 2 2 2 2 2 2 2 2 2.3 2.78 -1.0 1.7 1.7 1.7 1.7 1.7 1.7 0.024 0.002 0.199 0.006 0.0 0.002 1 1 2 1 1 1
1973-11-07T18:30:00 1973 11 7 18 30 0 -2.2 -1.8 596.0 5.2 3.53 0.92 1.61 0.83 2 2 2 2 2 2 2 2 5.0 2.97 -5.0 -1.8 -1.8 -1.8 -1.8 -1.8 -1.8 0.109 0.159 0.203 0.101 0.405 0.657 2 2 2 2 2 2
1973-11-07T19:30:00 1973 11 7 19 30 0 0.5 -3.5 595.0 5.5 3.68 2.88 8.1 4.36 2 2 2 2 2 2 2 2 5.0 3.15 -12.0 -3.5 -3.5 -3.5 -3.5 -3.5 -3.5 0.394 0.518 0.244 0.504 1.183 1.885 2 2 2 2 2 2
1973-11-07T20:30:00 1973 11 7 20 30 0 0.1 -1.0 601.0 5.7 3.93 1.82 6.41 3.58 2 2 2 2 2 2 2 2 5.0 3.44 -15.0 -1.0 -1.0 -1.0 -1.0 -1.0 -1.0 0.487 0.574 0.266 0.535 1.098 2.065 2 2 2 2 2 2
1973-11-07T21:30:00 1973 11 7 21 30 0 0.3 1.2 593.0 5.7 3.88 0.04 0.56 0.32 2 2 2 2 2 2 2 2 4.0 3.6 -14.0 1.2 1.2 1.2 1.2 1.2 1.2 0.344 0.309 0.259 0.308 0.393 0.969 2 2 2 2 2 2
1973-11-07T22:30:00 1973 11 7 22 30 0 0.2 2.6 598.0 5.1 3.57 0.0 0.0 0.0 2 2 2 2 2 2 2 2 4.0 3.76 -10.0 2.6 2.6 2.6 2.6 2.6 2.6 0.233 0.154 0.251 0.172 0.124 0.402 2 2 2 2 2 2
1973-11-07T23:30:00 1973 11 7 23 30 0 1.1 2.8 598.0 4.8 3.37 0.01 0.0 0.0 2 2 2 2 2 2 2 2 4.0 3.96 -7.0 2.8 2.8 2.8 2.8 2.8 2.8 0.157 0.076 0.244 0.096 0.039 0.167 2 2 2 2 2 2
