1973-02-27T00:30:00 1973 2 27 0 30 0 0.0 -0.1 736.0 3.0 3.3 0.02 0.04 0.01 2 2 2 2 2 2 2 2 4.3 4.64 -31.0 -0.1 -0.1 -0.1 -0.1 -0.1 -0.1 0.144 0.064 0.586 0.084 0.076 0.163 2 2 2 2 2 2
1973-02-27T01:30:00 1973 2 27 1 30 0 -2.9 -1.2 746.0 3.0 3.28 0.96 2.58 0.78 2 2 2 2 2 2 2 2 4.3 4.71 -33.0 -1.2 -1.2 -1.2 -1.2 -1.2 -1.2 0.198 0.181 0.58 0.14 0.526 0.723 2 2 2 2 2 2
1973-02-27T02:30:00 1973 2 27 2 30 0 -0.6 -5.3 746.0 3.0 3.25 6.29 12.76 3.83 2 2 2 2 2 2 2 2 4.3 4.66 -41.0 -5.3 -5.3 -5.3 -5.3 -5.3 -5.3 0.525 0.513 0.656 0.764 1.632 1.81 2 2 2 2 2 2
1973-02-27T03:30:00 1973 2 27 3 30 0 -3.4 -2.1 734.0 2.4 2.61 6.89 13.2 3.59 2 2 2 2 2 2 2 2 6.0 4.83 -52.0 -2.1 -2.1 -2.1 -2.1 -2.1 -2.1 0.668 0.592 0.709 0.909 1.613 1.818 2 2 2 2 2 2
1973-02-27T04:30:00 1973 2 27 4 30 0 -3.3 -2.1 724.0 2.4 2.47 4.33 7.65 1.84 2 2 2 2 2 2 2 2 6.0 5.0 -47.0 -2.1 -2.1 -2.1 -2.1 -2.1 -2.1 0.659 0.544 0.724 0.773 1.323 1.515 2 2 2 2 2 2
1973-02-27T05:30:00 1973 2 27 5 30 0 -2.6 -2.2 712.0 2.4 2.46 3.86 7.73 1.85 2 2 2 2 2 2 2 2 6.0 5.13 -46.0 -2.2 -2.2 -2.2 -2.2 -2.2 -2.2 0.656 0.525 0.738 0.702 1.23 1.373 2 2 2 2 2 2
1973-02-27T06:30:00 1973 2 27 6 30 0 -4.3 1.0 731.0 2.5 2.67 2.37 2.39 0.58 2 2 2 2 2 2 2 2 3.7 4.96 -37.0 1.0 1.0 1.0 1.0 1.0 1.0 0.491 0.321 0.723 0.435 0.553 0.76 2 2 2 2 2 2
1973-02-27T07:30:00 1973 2 27 7 30 0 -3.5 0.0 733.0 3.0 3.22 1.86 0.0 0.0 2 2 2 2 2 2 2 2 3.7 4.79 -31.0 0.0 0.0 0.0 0.0 0.0 0.0 0.333 0.159 0.701 0.244 0.175 0.315 2 2 2 2 2 2
1973-02-27T08:30:00 1973 2 27 8 30 0 -3.4 -0.9 728.0 2.6 2.74 2.2 1.78 0.48 2 2 2 2 2 2 2 2 3.7 4.7 -34.0 -0.9 -0.9 -0.9 -0.9 -0.9 -0.9 0.296 0.192 0.686 0.194 0.426 0.588 2 2 2 2 2 2
1973-02-27T09:30:00 1973 2 27 9 30 0 -2.3 -1.3 703.0 2.3 2.22 2.16 3.98 0.97 2 2 2 2 2 2 2 2 3.7 4.62 -39.0 -1.3 -1.3 -1.3 -1.3 -1.3 -1.3 0.322 0.263 0.681 0.229 0.66 0.77 2 2 2 2 2 2
1973-02-27T10:30:00 1973 2 27 10 30 0 -1.7 -2.0 700.0 2.2 2.09 2.08 5.89 1.32 2 2 2 2 2 2 2 2 3.7 4.53 -41.0 -2.0 -2.0 -2.0 -2.0 -2.0 -2.0 0.385 0.345 0.686 0.324 0.876 0.899 2 2 2 2 2 2
1973-02-27T11:30:00 1973 2 27 11 30 0 -1.9 -2.6 715.0 2.1 2.12 3.04 8.24 1.77 2 2 2 2 2 2 2 2 3.7 4.25 -45.0 -2.6 -2.6 -2.6 -2.6 -2.6 -2.6 0.477 0.429 0.704 0.471 1.102 1.037 2 2 2 2 2 2
1973-02-27T12:30:00 1973 2 27 12 30 0 -1.1 0.3 685.0 1.9 1.78 1.21 3.73 0.76 2 2 2 2 2 2 2 2 4.0 4.01 -42.0 0.3 0.3 0.3 0.3 0.3 0.3 0.398 0.309 0.694 0.337 0.612 0.672 2 2 2 2 2 2
1973-02-27T13:30:00 1973 2 27 13 30 0 -1.1 -0.6 665.0 1.9 1.68 0.24 0.75 0.14 2 2 2 2 2 2 2 2 4.0 3.78 -36.0 -0.6 -0.6 -0.6 -0.6 -0.6 -0.6 0.301 0.211 0.675 0.21 0.368 0.433 2 2 2 2 2 2
1973-02-27T14:30:00 1973 2 27 14 30 0 -0.1 0.4 649.0 1.9 1.67 0.1 0.51 0.1 2 2 2 2 2 2 2 2 4.0 3.82 -35.0 0.4 0.4 0.4 0.4 0.4 0.4 0.215 0.124 0.655 0.122 0.161 0.229 2 2 2 2 2 2
1973-02-27T15:30:00 1973 2 27 15 30 0 -1.4 -0.7 659.0 2.2 1.94 0.2 0.83 0.18 2 2 2 2 2 2 2 2 6.0 4.12 -35.0 -0.7 -0.7 -0.7 -0.7 -0.7 -0.7 0.182 0.127 0.637 0.094 0.247 0.281 2 2 2 2 2 2
1973-02-27T16:30:00 1973 2 27 16 30 0 -1.4 -2.8 676.0 2.0 1.95 1.93 6.15 1.28 2 2 2 2 2 2 2 2 6.0 4.41 -40.0 -2.8 -2.8 -2.8 -2.8 -2.8 -2.8 0.303 0.292 0.646 0.28 0.765 0.632 2 2 2 2 2 2
1973-02-27T17:30:00 1973 2 27 17 30 0 -1.9 -2.1 670.0 2.1 1.98 2.97 8.14 1.67 2 2 2 2 2 2 2 2 6.0 4.7 -46.0 -2.1 -2.1 -2.1 -2.1 -2.1 -2.1 0.406 0.391 0.659 0.414 0.96 0.809 2 2 2 2 2 2
1973-02-27T18:30:00 1973 2 27 18 30 0 -1.2 -2.7 668.0 2.2 2.04 2.85 8.11 1.75 2 2 2 2 2 2 2 2 5.0 4.86 -40.0 -2.7 -2.7 -2.7 -2.7 -2.7 -2.7 0.49 0.459 0.675 0.517 1.079 0.936 2 2 2 2 2 2
1973-02-27T19:30:00 1973 2 27 19 30 0 -1.8 -0.9 666.0 2.2 2.01 1.8 5.75 1.27 2 2 2 2 2 2 2 2 5.0 5.02 -47.0 -0.9 -0.9 -0.9 -0.9 -0.9 -0.9 0.472 0.412 0.675 0.439 0.856 0.836 2 2 2 2 2 2
1973-02-27T20:30:00 1973 2 27 20 30 0 -2.4 -0.6 682.0 2.6 2.63 1.1 2.49 0.6 2 2 2 2 2 2 2 2 5.0 5.13 -39.0 -0.6 -0.6 -0.6 -0.6 -0.6 -0.6 0.395 0.324 0.662 0.305 0.61 0.716 2 2 2 2 2 2
1973-02-27T21:30:00 1973 2 27 21 30 0 -0.6 3.2 699.0 2.9 2.92 0.22 0.08 0.02 2 2 2 2 2 2 2 2 4.7 5.21 -34.0 3.2 3.2 3.2 3.2 3.2 3.2 0.268 0.161 0.642 0.171 0.193 0.297 2 2 2 2 2 2
1973-02-27T22:30:00 1973 2 27 22 30 0 -2.4 0.4 708.0 3.3 3.39 0.2 0.0 0.0 2 2 2 2 2 2 2 2 4.7 5.28 -31.0 0.4 0.4 0.4 0.4 0.4 0.4 0.181 0.08 0.622 0.096 0.061 0.123 2 2 2 2 2 2
1973-02-27T23:30:00 1973 2 27 23 30 0 -1.3 -1.6 715.0 3.5 3.54 0.96 2.53 0.87 2 2 2 2 2 2 2 2 4.7 5.12 -32.0 -1.6 -1.6 -1.6 -1.6 -1.6 -1.6 0.233 0.205 0.617 0.168 0.555 0.786 2 2 2 2 2 2
