1973-05-22T00:30:00 1973 5 22 0 30 0 -8.42 -0.07 589.0 2.8 1.94 10.79 2.66 0.55 1 1 2 2 2 1 2 2 3.7 2.85 -54.0 -0.95 -0.77 -1.3 -1.28 -0.79 -0.64 0.289 0.31 1.267 0.286 0.581 0.482 1 1 2 1 1 1
1973-05-22T01:30:00 1973 5 22 1 30 0 -4.56 0.28 594.0 1.9 1.29 4.51 0.01 0.0 1 0 2 2 2 1 1 1 3.7 2.98 -56.0 -0.73 -0.53 -1.13 -1.11 -0.55 -0.37 0.269 0.254 1.238 0.252 0.425 0.384 1 1 2 1 0 1
1973-05-22T02:30:00 1973 5 22 2 30 0 -0.69 0.28 576.0 1.6 1.04 0.76 0.0 0.0 1 0 2 2 2 1 1 1 3.7 3.22 -61.0 -0.73 -0.53 -1.13 -1.11 -0.55 -0.37 0.243 0.208 1.209 0.217 0.33 0.272 1 0 2 0 0 0
1973-05-22T03:30:00 1973 5 22 3 30 0 0.77 0.28 580.2 1.6 1.04 0.01 0.0 0.0 0 0 1 1 1 0 1 1 5.0 3.63 -60.0 -0.73 -0.53 -1.13 -1.11 -0.55 -0.37 0.223 0.182 1.18 0.195 0.294 0.217 0 0 2 0 0 0
1973-05-22T04:30:00 1973 5 22 4 30 0 0.78 0.28 584.5 1.75 1.24 0.05 0.0 0.0 0 0 1 1 1 0 1 1 5.0 4.04 -50.0 -0.73 -0.53 -1.13 -1.11 -0.55 -0.37 0.211 0.172 1.153 0.185 0.29 0.205 0 0 2 0 0 0
1973-05-22T05:30:00 1973 5 22 5 30 0 0.78 0.28 588.8 2.57 1.86 0.05 0.0 0.0 0 0 1 1 1 0 1 1 5.0 4.2 -52.0 -0.73 -0.53 -1.13 -1.11 -0.55 -0.37 0.211 0.179 1.127 0.191 0.318 0.259 0 0 2 0 0 0
1973-05-22T06:30:00 1973 5 22 6 30 0 0.78 0.28 593.0 3.4 2.76 0.05 0.0 0.0 0 0 1 1 1 0 1 1 3.3 4.15 -51.0 -0.73 -0.53 -1.13 -1.11 -0.55 -0.37 0.22 0.197 1.104 0.207 0.36 0.37 0 0 2 0 0 0
1973-05-22T07:30:00 1973 5 22 7 30 0 0.78 0.28 597.2 4.23 3.66 0.05 0.0 0.0 0 0 1 1 1 0 1 1 3.3 4.09 -51.0 -0.73 -0.53 -1.13 -1.11 -0.55 -0.37 0.234 0.219 1.082 0.227 0.403 0.514 0 0 2 0 0 0
1973-05-22T08:30:00 1973 5 22 8 30 0 0.78 0.28 601.5 5.05 3.98 0.05 0.0 0.0 0 0 1 1 1 0 1 1 3.3 4.03 -53.0 -0.73 -0.53 -1.13 -1.11 -0.55 -0.37 0.251 0.24 1.063 0.249 0.443 0.681 0 0 2 0 0 0
1973-05-22T09:30:00 1973 5 22 9 30 0 0.79 0.28 605.8 5.2 4.07 0.05 0.0 0.0 0 0 1 1 1 0 1 1 3.7 4.02 -50.0 -0.73 -0.53 -1.13 -1.11 -0.55 -0.37 0.266 0.256 1.044 0.266 0.469 0.804 0 0 2 0 0 0
1973-05-22T10:30:00 1973 5 22 10 30 0 0.79 0.28 610.0 5.2 4.07 0.05 0.0 0.0 0 0 2 2 2 1 1 1 3.7 4.02 -41.0 -0.73 -0.53 -1.13 -1.11 -0.55 -0.37 0.276 0.264 1.027 0.277 0.482 0.87 0 0 2 0 0 0
1973-05-22T11:30:00 1973 5 22 11 30 0 0.79 0.28 595.0 5.7 4.66 0.05 0.0 0.0 0 0 2 2 2 1 1 1 3.7 3.86 -35.0 -0.73 -0.52 -1.13 -1.11 -0.55 -0.37 0.285 0.271 1.01 0.284 0.486 0.923 0 0 2 0 0 0
1973-05-22T12:30:00 1973 5 22 12 30 0 0.79 0.28 590.0 5.1 3.94 0.05 0.0 0.0 0 0 2 2 2 1 1 1 2.7 3.58 -30.0 -0.73 -0.52 -1.13 -1.11 -0.55 -0.37 0.288 0.271 0.993 0.284 0.474 0.894 0 0 2 0 0 0
1973-05-22T13:30:00 1973 5 22 13 30 0 0.79 0.28 583.0 4.9 3.47 0.05 0.0 0.0 0 0 2 2 2 1 1 1 2.7 3.29 -27.0 -0.73 -0.52 -1.13 -1.11 -0.55 -0.37 0.287 0.266 0.975 0.279 0.457 0.83 0 0 2 0 0 0
1973-05-22T14:30:00 1973 5 22 14 30 0 0.8 0.28 613.0 5.5 4.22 0.05 0.0 0.0 0 0 2 2 2 1 1 1 2.7 3.22 -28.0 -0.73 -0.52 -1.13 -1.11 -0.55 -0.37 0.291 0.269 0.96 0.284 0.477 0.886 0 0 2 0 0 0
1973-05-22T15:30:00 1973 5 22 15 30 0 0.8 0.28 602.0 5.2 3.86 0.05 0.0 0.0 0 0 2 2 2 1 1 1 3.3 3.22 -29.0 -0.73 -0.52 -1.13 -1.11 -0.54 -0.37 0.294 0.27 0.945 0.287 0.481 0.909 0 0 2 0 0 0
1973-05-22T16:30:00 1973 5 22 16 30 0 0.8 0.29 595.0 5.0 3.62 0.05 0.0 0.0 0 0 2 2 2 1 1 1 3.3 3.22 -30.0 -0.73 -0.52 -1.13 -1.11 -0.54 -0.37 0.293 0.268 0.93 0.285 0.468 0.872 0 0 2 0 0 0
1973-05-22T17:30:00 1973 5 22 17 30 0 0.8 0.29 615.0 5.7 4.26 0.05 0.0 0.0 0 0 2 2 2 1 1 1 3.3 3.17 -24.0 -0.73 -0.52 -1.13 -1.11 -0.54 -0.37 0.297 0.272 0.916 0.29 0.485 0.937 0 0 2 0 0 0
1973-05-22T18:30:00 1973 5 22 18 30 0 0.8 0.29 606.0 5.0 3.74 0.05 0.0 0.0 0 0 2 2 2 1 1 1 2.7 3.05 -23.0 -0.73 -0.52 -1.13 -1.11 -0.54 -0.37 0.298 0.271 0.903 0.291 0.483 0.928 0 0 2 0 0 0
1973-05-22T19:30:00 1973 5 22 19 30 0 0.81 0.29 600.0 5.2 3.75 0.05 0.0 0.0 0 0 2 2 2 1 1 1 2.7 2.93 -21.0 -0.73 -0.52 -1.13 -1.11 -0.54 -0.37 0.297 0.269 0.889 0.289 0.474 0.899 0 0 2 0 0 0
1973-05-22T20:30:00 1973 5 22 20 30 0 0.81 0.29 592.0 5.4 3.91 0.05 0.0 0.0 0 0 2 2 2 1 1 1 2.7 2.92 -19.0 -0.73 -0.52 -1.13 -1.1 -0.54 -0.37 0.297 0.27 0.876 0.287 0.47 0.897 0 0 1 0 0 0
1973-05-22T21:30:00 1973 5 22 21 30 0 0.89 0.29 586.0 5.8 4.02 0.06 0.0 0.0 1 0 2 2 2 1 1 1 3.0 2.96 -23.0 -0.73 -0.52 -1.13 -1.1 -0.54 -0.37 0.298 0.274 0.863 0.286 0.472 0.924 0 0 1 0 0 0
1973-05-22T22:30:00 1973 5 22 22 30 0 1.09 0.29 585.0 6.1 4.25 0.08 0.0 0.0 1 0 2 2 2 1 1 1 3.0 3.0 -21.0 -0.73 -0.52 -1.13 -1.1 -0.54 -0.37 0.301 0.28 0.85 0.289 0.477 0.972 0 0 1 0 0 0
1973-05-22T23:30:00 1973 5 22 23 30 0 1.29 -0.07 583.0 6.3 4.36 0.16 0.03 0.02 1 1 2 2 2 1 2 2 3.0 2.96 -23.0 -0.95 -0.77 -1.3 -1.28 -0.79 -0.64 0.321 0.316 0.84 0.31 0.554 1.163 0 1 1 0 1 1
