1973-04-29T00:30:00 1973 4 29 0 30 0 -1.1 -4.7 641.0 4.7 3.75 7.41 14.38 7.02 2 2 2 2 2 2 2 2 6.0 4.31 -61.0 -4.7 -4.7 -4.7 -4.7 -4.7 -4.7 1.444 1.248 0.743 2.05 2.308 4.188 2 2 2 2 2 2
1973-04-29T01:30:00 1973 4 29 1 30 0 0.1 -4.4 627.0 6.9 5.29 7.39 14.37 8.44 2 2 2 2 2 2 2 2 6.0 4.65 -63.0 -4.4 -4.4 -4.4 -4.4 -4.4 -4.4 1.494 1.246 0.824 2.024 2.349 4.506 2 2 2 2 2 2
1973-04-29T02:30:00 1973 4 29 2 30 0 0.1 -4.8 617.0 7.3 5.72 7.43 14.35 10.21 2 2 2 2 2 2 2 2 6.0 5.02 -61.0 -4.8 -4.8 -4.8 -4.8 -4.8 -4.8 1.569 1.305 0.91 2.092 2.461 5.129 2 2 2 2 2 2
1973-04-29T03:30:00 1973 4 29 3 30 0 0.9 -3.8 609.0 7.1 5.49 6.37 13.05 9.39 2 2 2 2 2 2 2 2 6.0 5.39 -64.0 -3.8 -3.8 -3.8 -3.8 -3.8 -3.8 1.56 1.277 0.975 1.977 2.305 5.062 2 2 2 2 2 2
1973-04-29T04:30:00 1973 4 29 4 30 0 3.6 -4.2 607.0 7.0 5.32 6.73 12.21 8.6 2 2 2 2 2 2 2 2 6.0 5.75 -67.0 -4.2 -4.2 -4.2 -4.2 -4.2 -4.2 1.539 1.252 1.033 1.883 2.229 4.91 2 2 2 2 2 2
1973-04-29T05:30:00 1973 4 29 5 30 0 1.9 -5.6 604.0 8.8 6.61 9.68 15.01 12.03 2 2 2 2 2 2 2 2 6.0 5.83 -66.0 -5.6 -5.6 -5.6 -5.6 -5.6 -5.6 1.667 1.399 1.125 2.17 2.587 5.922 2 2 2 2 2 2
1973-04-29T06:30:00 1973 4 29 6 30 0 4.6 5.2 639.0 9.0 7.35 2.53 3.74 3.31 2 2 2 2 2 2 2 2 5.7 5.88 -74.0 5.2 5.2 5.2 5.2 5.2 5.2 1.223 0.819 1.106 1.33 1.067 3.195 2 2 2 2 2 2
1973-04-29T07:30:00 1973 4 29 7 30 0 8.2 -0.8 652.0 5.7 4.99 4.11 0.3 0.17 2 2 2 2 2 2 2 2 5.7 5.92 -57.0 -0.8 -0.8 -0.8 -0.8 -0.8 -0.8 0.861 0.468 1.075 0.774 0.521 1.687 2 2 2 2 2 2
1973-04-29T08:30:00 1973 4 29 8 30 0 7.0 -2.5 661.0 5.7 4.91 9.89 5.66 3.23 2 2 2 2 2 2 2 2 5.7 5.88 -58.0 -2.5 -2.5 -2.5 -2.5 -2.5 -2.5 0.829 0.578 1.078 0.739 1.12 2.46 2 2 2 2 2 2
1973-04-29T09:30:00 1973 4 29 9 30 0 6.9 -1.3 689.0 5.9 5.6 9.24 6.24 3.62 2 2 2 2 2 2 2 2 4.7 5.71 -61.0 -1.3 -1.3 -1.3 -1.3 -1.3 -1.3 0.792 0.606 1.08 0.681 1.239 2.813 2 2 2 2 2 2
1973-04-29T10:30:00 1973 4 29 10 30 0 3.0 2.8 701.0 5.9 5.8 2.92 0.53 0.31 2 2 2 2 2 2 2 2 4.7 5.55 -57.0 2.8 2.8 2.8 2.8 2.8 2.8 0.546 0.319 1.047 0.387 0.434 1.295 2 2 2 2 2 2
1973-04-29T11:30:00 1973 4 29 11 30 0 2.2 2.0 744.0 5.1 5.65 0.33 0.0 0.0 2 2 2 2 2 2 2 2 4.7 5.38 -50.0 2.0 2.0 2.0 2.0 2.0 2.0 0.37 0.158 1.015 0.217 0.137 0.537 2 2 2 2 2 2
1973-04-29T12:30:00 1973 4 29 12 30 0 3.7 -4.3 731.0 4.9 5.24 3.9 6.05 2.99 2 2 2 2 2 2 2 2 6.0 5.39 -50.0 -4.3 -4.3 -4.3 -4.3 -4.3 -4.3 0.527 0.422 1.039 0.571 1.219 2.114 2 2 2 2 2 2
1973-04-29T13:30:00 1973 4 29 13 30 0 5.1 0.8 749.0 4.9 5.5 5.48 6.02 2.95 2 2 2 2 2 2 2 2 6.0 5.4 -53.0 0.8 0.8 0.8 0.8 0.8 0.8 0.514 0.397 1.039 0.514 0.921 1.934 2 2 2 2 2 2
1973-04-29T14:30:00 1973 4 29 14 30 0 3.3 1.2 733.0 4.7 5.05 1.82 0.0 0.0 2 2 2 2 2 2 2 2 6.0 5.44 -51.0 1.2 1.2 1.2 1.2 1.2 1.2 0.348 0.197 1.007 0.288 0.292 0.802 2 2 2 2 2 2
1973-04-29T15:30:00 1973 4 29 15 30 0 0.3 1.3 720.0 4.3 4.46 0.26 0.0 0.0 2 2 2 2 2 2 2 2 4.0 5.22 -52.0 1.3 1.3 1.3 1.3 1.3 1.3 0.235 0.098 0.977 0.161 0.092 0.333 2 2 2 2 2 2
1973-04-29T16:30:00 1973 4 29 16 30 0 3.0 0.1 711.0 4.4 4.45 0.42 0.0 0.0 2 2 2 2 2 2 2 2 4.0 5.01 -46.0 0.1 0.1 0.1 0.1 0.1 0.1 0.159 0.049 0.947 0.09 0.029 0.138 2 2 2 2 2 2
1973-04-29T17:30:00 1973 4 29 17 30 0 3.5 5.8 720.0 4.7 4.87 0.56 0.0 0.0 2 2 2 2 2 2 2 2 4.0 4.91 -42.0 5.8 5.8 5.8 5.8 5.8 5.8 0.108 0.024 0.918 0.051 0.009 0.057 2 2 2 2 2 2
1973-04-29T18:30:00 1973 4 29 18 30 0 3.3 3.4 700.0 4.7 4.61 0.4 0.0 0.0 2 2 2 2 2 2 2 2 5.7 5.04 -38.0 3.4 3.4 3.4 3.4 3.4 3.4 0.073 0.012 0.89 0.028 0.003 0.024 2 2 2 2 2 2
1973-04-29T19:30:00 1973 4 29 19 30 0 3.4 -1.0 663.0 5.5 4.84 1.2 0.53 0.29 2 2 2 2 2 2 2 2 5.7 5.17 -37.0 -1.0 -1.0 -1.0 -1.0 -1.0 -1.0 0.089 0.076 0.867 0.055 0.217 0.414 2 2 2 2 2 2
1973-04-29T20:30:00 1973 4 29 20 30 0 0.5 1.8 701.0 5.7 5.6 0.59 0.46 0.26 2 2 2 2 2 2 2 2 5.7 5.14 -43.0 1.8 1.8 1.8 1.8 1.8 1.8 0.071 0.056 0.841 0.036 0.109 0.288 2 2 2 2 2 2
1973-04-29T21:30:00 1973 4 29 21 30 0 0.7 3.3 631.0 5.1 4.06 0.0 0.0 0.0 2 2 2 2 2 2 2 2 4.3 4.93 -38.0 3.3 3.3 3.3 3.3 3.3 3.3 0.048 0.028 0.815 0.02 0.035 0.119 2 2 2 2 2 2
1973-04-29T22:30:00 1973 4 29 22 30 0 3.9 5.3 645.0 6.1 4.87 0.18 0.0 0.0 2 2 2 2 2 2 2 2 4.3 4.72 -37.0 5.3 5.3 5.3 5.3 5.3 5.3 0.033 0.014 0.79 0.011 0.011 0.049 2 2 2 2 2 2
1973-04-29T23:30:00 1973 4 29 23 30 0 5.0 7.4 633.0 4.7 3.77 0.56 0.0 0.0 2 2 2 2 2 2 2 2 4.3 4.75 -38.0 7.4 7.4 7.4 7.4 7.4 7.4 0.022 0.007 0.766 0.006 0.003 0.021 2 2 2 2 2 2
