1973-07-22T00:30:00 1973 7 22 0 30 0 1.9 -2.6 368.0 6.5 1.73 2.42 5.57 3.43 2 2 2 2 2 2 2 2 3.0 1.45 -1.0 -2.6 -2.6 -2.6 -2.6 -2.6 -2.6 0.468 0.716 0.256 0.444 0.705 0.926 2 2 1 2 2 2
1973-07-22T01:30:00 1973 7 22 1 30 0 2.3 -1.4 368.0 7.1 1.88 1.39 3.59 2.44 2 2 2 2 2 2 2 2 3.0 1.79 1.0 -1.4 -1.4 -1.4 -1.4 -1.4 -1.4 0.476 0.676 0.258 0.392 0.593 0.911 2 2 1 2 2 2
1973-07-22T02:30:00 1973 7 22 2 30 0 -0.8 1.4 388.0 7.4 2.14 0.18 0.54 0.39 2 2 2 2 2 2 2 2 3.0 2.08 5.0 1.4 1.4 1.4 1.4 1.4 1.4 0.337 0.369 0.251 0.228 0.219 0.439 2 2 1 2 2 2
1973-07-22T03:30:00 1973 7 22 3 30 0 -1.7 0.6 378.0 7.8 2.11 0.06 0.0 0.0 2 2 2 2 2 2 2 2 1.3 2.14 6.0 0.6 0.6 0.6 0.6 0.6 0.6 0.228 0.183 0.243 0.128 0.069 0.182 2 2 1 2 2 2
1973-07-22T04:30:00 1973 7 22 4 30 0 1.3 1.6 369.0 7.6 1.94 0.02 0.0 0.0 2 2 2 2 2 2 2 2 1.3 2.2 3.0 1.6 1.6 1.6 1.6 1.6 1.6 0.155 0.091 0.236 0.072 0.022 0.076 2 2 1 2 2 2
1973-07-22T05:30:00 1973 7 22 5 30 0 0.7 0.8 365.0 7.5 1.87 0.02 0.0 0.0 2 2 2 2 2 2 2 2 1.3 2.1 2.0 0.8 0.8 0.8 0.8 0.8 0.8 0.105 0.045 0.229 0.04 0.007 0.031 2 2 1 2 2 2
1973-07-22T06:30:00 1973 7 22 6 30 0 1.4 -1.5 362.0 6.9 1.7 0.25 1.0 0.7 2 2 2 2 2 2 2 2 0.7 1.93 4.0 -1.5 -1.5 -1.5 -1.5 -1.5 -1.5 0.141 0.194 0.225 0.077 0.211 0.321 2 2 1 2 2 2
1973-07-22T07:30:00 1973 7 22 7 30 0 1.5 1.2 358.0 7.4 1.76 0.23 0.64 0.45 2 2 2 2 2 2 2 2 0.7 1.76 7.0 1.2 1.2 1.2 1.2 1.2 1.2 0.117 0.147 0.219 0.054 0.114 0.224 2 2 1 2 2 2
1973-07-22T08:30:00 1973 7 22 8 30 0 -1.4 3.3 367.0 6.6 1.69 0.01 0.0 0.0 2 2 2 2 2 2 2 2 0.7 1.47 9.0 3.3 3.3 3.3 3.3 3.3 3.3 0.079 0.073 0.212 0.03 0.036 0.093 2 2 1 2 2 2
1973-07-22T09:30:00 1973 7 22 9 30 0 1.1 2.9 362.0 7.2 1.77 0.0 0.0 0.0 2 2 2 2 2 2 2 2 0.7 1.19 8.0 2.9 2.9 2.9 2.9 2.9 2.9 0.054 0.036 0.205 0.017 0.011 0.039 2 2 1 2 2 2
1973-07-22T10:30:00 1973 7 22 10 30 0 -1.1 2.4 362.0 7.1 1.77 0.0 0.0 0.0 2 2 2 2 2 2 2 2 0.7 0.92 7.0 2.4 2.4 2.4 2.4 2.4 2.4 0.036 0.018 0.199 0.01 0.004 0.016 2 2 1 2 2 2
1973-07-22T11:30:00 1973 7 22 11 30 0 0.1 0.9 358.0 7.7 1.89 0.0 0.0 0.0 2 2 2 2 2 2 2 2 0.7 0.84 5.0 0.9 0.9 0.9 0.9 0.9 0.9 0.025 0.009 0.193 0.005 0.001 0.007 2 2 1 2 2 2
1973-07-22T12:30:00 1973 7 22 12 30 0 1.8 -1.4 353.0 7.4 1.77 0.24 0.86 0.64 2 2 2 2 2 2 2 2 0.7 0.77 7.0 -1.4 -1.4 -1.4 -1.4 -1.4 -1.4 0.081 0.167 0.19 0.05 0.191 0.298 2 2 1 2 2 2
1973-07-22T13:30:00 1973 7 22 13 30 0 1.9 -0.6 357.0 7.2 1.75 0.58 1.72 1.25 2 2 2 2 2 2 2 2 0.7 0.7 7.0 -0.6 -0.6 -0.6 -0.6 -0.6 -0.6 0.138 0.282 0.187 0.083 0.274 0.473 2 2 1 2 2 2
1973-07-22T14:30:00 1973 7 22 14 30 0 1.0 0.6 356.0 8.4 2.01 0.17 0.22 0.17 2 2 2 2 2 2 2 2 0.7 0.7 7.0 0.6 0.6 0.6 0.6 0.6 0.6 0.101 0.159 0.182 0.05 0.103 0.233 2 2 1 2 2 2
1973-07-22T15:30:00 1973 7 22 15 30 0 1.2 -1.6 353.0 8.4 1.92 0.28 1.15 0.97 2 2 2 2 2 2 2 2 1.0 0.74 8.0 -1.6 -1.6 -1.6 -1.6 -1.6 -1.6 0.151 0.282 0.18 0.093 0.268 0.491 2 2 1 2 2 2
1973-07-22T16:30:00 1973 7 22 16 30 0 2.7 -2.0 366.0 8.1 2.04 1.2 3.27 2.69 2 2 2 2 2 2 2 2 1.0 0.78 13.0 -2.0 -2.0 -2.0 -2.0 -2.0 -2.0 0.274 0.499 0.184 0.211 0.494 0.858 2 2 1 2 2 2
1973-07-22T17:30:00 1973 7 22 17 30 0 3.0 -2.7 360.0 11.5 2.75 2.14 4.31 4.32 2 2 2 2 2 2 2 2 1.0 0.82 15.0 -2.7 -2.7 -2.7 -2.7 -2.7 -2.7 0.425 0.731 0.194 0.37 0.706 1.4 2 2 1 2 2 2
1973-07-22T18:30:00 1973 7 22 18 30 0 4.2 -1.0 356.0 12.7 3.08 2.07 3.19 3.84 2 2 2 2 2 2 2 2 2.3 1.02 16.0 -1.0 -1.0 -1.0 -1.0 -1.0 -1.0 0.46 0.738 0.198 0.356 0.621 1.527 2 2 1 2 2 2
1973-07-22T19:30:00 1973 7 22 19 30 0 5.2 2.2 361.0 12.1 2.96 1.31 0.21 0.26 2 2 2 2 2 2 2 2 2.3 1.23 17.0 2.2 2.2 2.2 2.2 2.2 2.2 0.318 0.385 0.192 0.201 0.212 0.692 2 2 1 2 2 2
1973-07-22T20:30:00 1973 7 22 20 30 0 5.9 0.2 359.0 12.2 2.9 1.66 0.0 0.0 2 2 2 2 2 2 2 2 2.3 1.43 19.0 0.2 0.2 0.2 0.2 0.2 0.2 0.215 0.191 0.186 0.113 0.067 0.287 2 2 1 2 2 2
1973-07-22T21:30:00 1973 7 22 21 30 0 2.2 2.2 344.0 12.4 2.67 0.82 0.0 0.0 2 2 2 2 2 2 2 2 1.3 1.5 17.0 2.2 2.2 2.2 2.2 2.2 2.2 0.146 0.095 0.181 0.063 0.021 0.119 2 2 1 2 2 2
1973-07-22T22:30:00 1973 7 22 22 30 0 0.8 1.6 351.0 15.6 3.53 0.04 0.0 0.0 2 2 2 2 2 2 2 2 1.3 1.57 21.0 1.6 1.6 1.6 1.6 1.6 1.6 0.099 0.047 0.175 0.035 0.007 0.049 2 2 1 2 2 2
1973-07-22T23:30:00 1973 7 22 23 30 0 -0.5 0.4 359.0 17.8 4.37 0.0 0.0 0.0 2 2 2 2 2 2 2 2 1.3 1.6 23.0 0.4 0.4 0.4 0.4 0.4 0.4 0.067 0.023 0.17 0.02 0.002 0.02 2 2 1 2 2 2
