1973-08-11T00:30:00 1973 8 11 0 30 0 1.5 1.3 313.0 10.3 1.84 0.04 0.0 0.0 2 2 2 2 2 2 2 2 0.3 0.54 12.0 1.3 1.3 1.3 1.3 1.3 1.3 0.023 0.022 0.165 0.005 0.005 0.029 2 2 2 1 2 2
1973-08-11T01:30:00 1973 8 11 1 30 0 0.73 1.08 321.0 11.9 2.2 0.03 0.0 0.0 1 1 2 2 2 1 2 2 0.3 0.45 12.0 1.08 1.08 1.08 1.08 1.08 1.08 0.016 0.011 0.16 0.003 0.002 0.012 2 2 2 1 2 2
1973-08-11T02:30:00 1973 8 11 2 30 0 -0.03 0.12 316.0 12.8 2.42 0.0 0.0 0.0 1 1 2 2 2 1 2 2 0.3 0.45 11.0 0.12 0.12 0.12 0.12 0.12 0.12 0.011 0.005 0.155 0.002 0.0 0.005 2 2 2 1 2 2
1973-08-11T03:30:00 1973 8 11 3 30 0 -0.8 -0.1 319.0 12.9 2.54 0.02 0.04 0.06 2 2 2 2 2 2 2 2 0.7 0.5 10.0 -0.1 -0.1 -0.1 -0.1 -0.1 -0.1 0.013 0.032 0.151 0.002 0.028 0.096 2 2 2 2 2 2
1973-08-11T04:30:00 1973 8 11 4 30 0 -0.8 0.5 318.0 13.4 2.61 0.03 0.01 0.01 2 2 2 2 2 2 2 2 0.7 0.55 9.0 0.5 0.5 0.5 0.5 0.5 0.5 0.009 0.016 0.146 0.001 0.009 0.04 2 2 2 2 2 2
1973-08-11T05:30:00 1973 8 11 5 30 0 0.0 0.2 322.0 15.6 3.09 0.01 0.0 0.0 2 2 2 2 2 2 2 2 0.7 0.55 10.0 0.2 0.2 0.2 0.2 0.2 0.2 0.006 0.008 0.142 0.001 0.003 0.017 2 2 2 2 2 2
1973-08-11T06:30:00 1973 8 11 6 30 0 1.4 -0.05 322.0 15.8 2.95 0.05 0.01 0.02 1 1 2 2 2 1 2 2 0.3 0.5 11.0 -0.05 -0.05 -0.05 -0.05 -0.05 -0.05 0.007 0.017 0.137 0.001 0.014 0.064 1 1 2 1 1 1
1973-08-11T07:30:00 1973 8 11 7 30 0 2.8 -0.3 324.0 16.7 3.13 0.37 0.3 0.49 2 2 2 2 2 2 2 2 0.3 0.45 14.0 -0.3 -0.3 -0.3 -0.3 -0.3 -0.3 0.036 0.123 0.134 0.012 0.109 0.419 2 2 2 2 2 2
1973-08-11T08:30:00 1973 8 11 8 30 0 0.5 1.2 324.0 16.3 3.05 0.16 0.03 0.05 2 2 2 2 2 2 2 2 0.3 0.45 15.0 1.2 1.2 1.2 1.2 1.2 1.2 0.024 0.061 0.13 0.007 0.035 0.174 2 2 2 2 2 2
1973-08-11T09:30:00 1973 8 11 9 30 0 -0.4 1.2 323.0 15.4 2.89 0.0 0.0 0.0 2 2 2 2 2 2 2 2 1.3 0.58 16.0 1.2 1.2 1.2 1.2 1.2 1.2 0.016 0.03 0.126 0.004 0.011 0.072 2 2 2 2 2 2
1973-08-11T10:30:00 1973 8 11 10 30 0 0.7 -1.1 320.0 15.9 2.96 0.06 0.5 0.79 2 2 2 2 2 2 2 2 1.3 0.71 13.0 -1.1 -1.1 -1.1 -1.1 -1.1 -1.1 0.065 0.176 0.123 0.039 0.165 0.478 2 2 2 2 2 2
1973-08-11T11:30:00 1973 8 11 11 30 0 0.2 0.1 321.0 15.4 3.05 0.09 0.73 1.15 2 2 2 2 2 2 2 2 1.3 0.78 11.0 0.1 0.1 0.1 0.1 0.1 0.1 0.088 0.21 0.121 0.044 0.151 0.538 2 2 2 2 2 2
1973-08-11T12:30:00 1973 8 11 12 30 0 -1.15 -1.45 324.0 11.6 2.21 0.2 1.19 1.52 1 1 2 2 2 1 2 2 1.7 0.91 8.0 -1.45 -1.45 -1.45 -1.45 -1.45 -1.45 0.157 0.368 0.121 0.095 0.304 0.814 1 1 2 1 1 1
1973-08-11T13:30:00 1973 8 11 13 30 0 -2.5 -3.0 322.0 12.6 2.36 1.42 3.7 4.51 2 2 2 2 2 2 2 2 1.7 1.04 7.0 -3.0 -3.0 -3.0 -3.0 -3.0 -3.0 0.341 0.696 0.13 0.29 0.591 1.317 2 2 2 2 2 2
1973-08-11T14:30:00 1973 8 11 14 30 0 -1.5 -0.7 310.0 13.8 2.43 1.06 2.78 3.64 2 2 2 2 2 2 2 2 1.7 1.22 6.0 -0.7 -0.7 -0.7 -0.7 -0.7 -0.7 0.382 0.704 0.133 0.286 0.498 1.279 2 2 2 2 2 2
1973-08-11T15:30:00 1973 8 11 15 30 0 0.2 -0.9 311.0 14.2 2.49 0.18 1.26 1.76 2 2 2 2 2 2 2 2 1.0 1.29 6.0 -0.9 -0.9 -0.9 -0.9 -0.9 -0.9 0.352 0.611 0.132 0.218 0.387 1.126 2 2 2 2 2 2
1973-08-11T16:30:00 1973 8 11 16 30 0 1.8 -2.1 312.0 14.9 2.68 0.61 2.41 3.53 2 2 2 2 2 2 2 2 1.0 1.37 8.0 -2.1 -2.1 -2.1 -2.1 -2.1 -2.1 0.413 0.733 0.136 0.273 0.511 1.395 2 2 2 2 2 2
1973-08-11T17:30:00 1973 8 11 17 30 0 1.67 -1.82 306.0 13.4 2.32 1.01 3.01 4.24 1 1 2 2 2 1 2 2 1.0 1.33 8.0 -1.82 -1.82 -1.82 -1.82 -1.82 -1.82 0.47 0.814 0.14 0.32 0.555 1.462 2 1 2 1 1 1
1973-08-11T18:30:00 1973 8 11 18 30 0 1.53 -0.58 305.0 11.9 2.0 0.52 1.75 2.23 1 1 2 2 2 1 2 2 1.3 1.33 7.0 -0.58 -0.58 -0.58 -0.58 -0.58 -0.58 0.422 0.674 0.14 0.248 0.401 1.122 1 1 2 1 1 1
1973-08-11T19:30:00 1973 8 11 19 30 0 1.4 -0.3 304.0 12.7 2.16 0.22 0.65 0.8 2 2 2 2 2 2 2 2 1.3 1.33 9.0 -0.3 -0.3 -0.3 -0.3 -0.3 -0.3 0.331 0.481 0.137 0.159 0.248 0.783 2 1 2 1 2 2
1973-08-11T20:30:00 1973 8 11 20 30 0 0.6 -1.0 300.0 12.2 2.09 0.19 1.02 1.27 2 2 2 2 2 2 2 2 1.3 1.28 12.0 -1.0 -1.0 -1.0 -1.0 -1.0 -1.0 0.304 0.47 0.135 0.137 0.276 0.771 2 2 2 2 2 2
1973-08-11T21:30:00 1973 8 11 21 30 0 0.6 -0.8 301.0 13.8 2.26 0.19 1.34 1.75 2 2 2 2 2 2 2 2 0.7 1.16 12.0 -0.8 -0.8 -0.8 -0.8 -0.8 -0.8 0.297 0.491 0.133 0.134 0.303 0.838 2 2 2 2 2 2
1973-08-11T22:30:00 1973 8 11 22 30 0 0.6 0.1 300.0 13.9 2.29 0.06 0.49 0.67 2 2 2 2 2 2 2 2 0.7 1.04 10.0 0.1 0.1 0.1 0.1 0.1 0.1 0.23 0.333 0.13 0.087 0.162 0.551 2 2 2 2 2 2
1973-08-11T23:30:00 1973 8 11 23 30 0 -1.0 0.5 298.0 12.4 2.03 0.01 0.0 0.0 2 2 2 2 2 2 2 2 0.7 1.0 16.0 0.5 0.5 0.5 0.5 0.5 0.5 0.156 0.166 0.126 0.049 0.051 0.229 2 2 2 2 2 2
