1973-05-29T00:30:00 1973 5 29 0 30 0 4.3 3.7 475.0 6.92 3.17 0.7 0.0 0.0 2 2 1 0 0 2 2 1 0.3 1.32 1.0 3.7 3.7 3.7 3.7 3.7 3.7 0.006 0.0 0.174 0.001 0.0 0.0 1 1 2 1 1 1
1973-05-29T01:30:00 1973 5 29 1 30 0 4.9 2.2 475.0 6.93 3.17 0.9 0.0 0.0 2 2 1 0 0 2 2 1 0.3 1.07 -1.0 2.2 2.2 2.2 2.2 2.2 2.2 0.004 0.0 0.169 0.0 0.0 0.0 1 1 2 1 1 1
1973-05-29T02:30:00 1973 5 29 2 30 0 4.3 2.5 476.0 6.93 3.17 0.99 0.0 0.0 2 2 1 0 0 2 2 1 0.3 0.9 -2.0 2.5 2.5 2.5 2.5 2.5 2.5 0.003 0.0 0.164 0.0 0.0 0.0 1 1 2 1 1 1
1973-05-29T03:30:00 1973 5 29 3 30 0 5.4 1.7 478.1 6.93 3.17 1.27 0.0 0.0 2 2 1 0 0 2 2 1 1.0 0.82 -1.0 1.7 1.7 1.7 1.7 1.7 1.7 0.002 0.0 0.159 0.0 0.0 0.0 1 1 2 1 1 1
1973-05-29T04:30:00 1973 5 29 4 30 0 4.2 1.8 480.2 6.94 3.17 1.28 0.0 0.0 2 2 1 0 0 2 2 1 1.0 0.74 0.0 1.8 1.8 1.8 1.8 1.8 1.8 0.001 0.0 0.154 0.0 0.0 0.0 1 1 2 1 1 1
1973-05-29T05:30:00 1973 5 29 5 30 0 3.5 1.7 482.2 6.94 3.17 0.76 0.0 0.0 2 2 1 0 0 2 2 1 1.0 0.74 -1.0 1.7 1.7 1.7 1.7 1.7 1.7 0.001 0.0 0.149 0.0 0.0 0.0 1 1 2 1 1 1
1973-05-29T06:30:00 1973 5 29 6 30 0 2.7 1.2 484.3 6.94 3.17 0.5 0.0 0.0 2 2 1 0 0 2 2 1 0.7 0.7 0.0 1.2 1.2 1.2 1.2 1.2 1.2 0.001 0.0 0.145 0.0 0.0 0.0 1 1 2 1 1 1
1973-05-29T07:30:00 1973 5 29 7 30 0 3.7 2.9 486.4 6.95 3.17 0.45 0.0 0.0 2 2 1 0 0 2 2 1 0.7 0.67 1.0 2.9 2.9 2.9 2.9 2.9 2.9 0.0 0.0 0.14 0.0 0.0 0.0 1 1 2 1 1 1
1973-05-29T08:30:00 1973 5 29 8 30 0 3.7 1.8 488.4 6.95 3.17 0.6 0.0 0.0 2 2 1 0 0 2 2 1 0.7 0.72 1.0 1.8 1.8 1.8 1.8 1.8 1.8 0.0 0.0 0.136 0.0 0.0 0.0 1 1 2 1 1 1
1973-05-29T09:30:00 1973 5 29 9 30 0 3.8 -0.1 490.5 6.95 3.17 1.07 0.02 0.01 2 2 1 0 0 2 2 1 1.0 0.8 0.0 -0.1 -0.1 -0.1 -0.1 -0.1 -0.1 0.005 0.016 0.132 0.002 0.03 0.078 0 0 2 0 0 0
1973-05-29T10:30:00 1973 5 29 10 30 0 3.3 0.5 492.5 6.96 3.17 1.14 0.01 0.01 2 2 1 0 0 2 2 1 1.0 0.89 -2.0 0.5 0.5 0.5 0.5 0.5 0.5 0.003 0.008 0.128 0.001 0.009 0.032 0 0 2 0 0 0
1973-05-29T11:30:00 1973 5 29 11 30 0 3.0 0.4 494.6 6.96 3.17 0.81 0.0 0.0 2 2 1 0 0 2 2 1 1.0 0.89 -3.0 0.4 0.4 0.4 0.4 0.4 0.4 0.002 0.004 0.124 0.0 0.003 0.013 0 0 2 0 0 0
1973-05-29T12:30:00 1973 5 29 12 30 0 3.7 1.2 496.6 6.96 3.17 0.81 0.0 0.0 2 2 1 0 0 2 2 1 1.0 0.89 -3.0 1.2 1.2 1.2 1.2 1.2 1.2 0.002 0.002 0.12 0.0 0.001 0.006 0 0 2 0 0 0
1973-05-29T13:30:00 1973 5 29 13 30 0 3.0 -0.8 498.7 6.97 3.17 1.09 0.48 0.34 2 2 1 0 0 2 2 1 1.0 0.89 -3.0 -0.8 -0.8 -0.8 -0.8 -0.8 -0.8 0.041 0.092 0.119 0.028 0.179 0.366 0 0 2 0 0 0
1973-05-29T14:30:00 1973 5 29 14 30 0 4.2 0.5 500.7 6.97 3.17 1.41 0.53 0.37 2 2 1 0 0 2 2 1 1.0 0.93 -3.0 0.5 0.5 0.5 0.5 0.5 0.5 0.047 0.087 0.116 0.025 0.118 0.314 0 0 2 0 0 0
1973-05-29T15:30:00 1973 5 29 15 30 0 4.0 1.1 502.7 6.97 3.17 1.26 0.0 0.0 2 2 1 0 0 2 2 1 0.7 0.92 -3.0 1.1 1.1 1.1 1.1 1.1 1.1 0.032 0.043 0.113 0.014 0.037 0.13 0 0 2 0 0 0
1973-05-29T16:30:00 1973 5 29 16 30 0 4.0 1.0 504.8 6.98 3.17 1.11 0.0 0.0 2 2 1 0 0 2 2 1 0.7 0.92 -1.0 1.0 1.0 1.0 1.0 1.0 1.0 0.021 0.021 0.109 0.008 0.012 0.054 0 0 2 0 0 0
1973-05-29T17:30:00 1973 5 29 17 30 0 3.5 0.0 506.8 6.98 3.17 1.19 0.0 0.0 2 2 1 0 0 2 2 1 0.7 0.88 3.0 0.0 0.0 0.0 0.0 0.0 0.0 0.015 0.011 0.106 0.004 0.004 0.022 0 0 2 0 0 0
1973-05-29T18:30:00 1973 5 29 18 30 0 1.1 1.0 508.8 6.98 3.18 0.44 0.0 0.0 2 2 1 0 0 2 2 1 1.0 0.89 1.0 1.0 1.0 1.0 1.0 1.0 1.0 0.01 0.005 0.103 0.002 0.001 0.009 0 0 2 0 0 0
1973-05-29T19:30:00 1973 5 29 19 30 0 0.3 1.4 510.8 6.99 3.18 0.01 0.0 0.0 2 2 1 0 0 2 2 1 1.0 0.89 1.0 1.4 1.4 1.4 1.4 1.4 1.4 0.007 0.003 0.099 0.001 0.0 0.004 0 0 2 0 0 0
1973-05-29T20:30:00 1973 5 29 20 30 0 0.8 2.6 512.8 6.99 3.18 0.0 0.0 0.0 2 2 1 0 0 2 2 1 1.0 0.89 2.0 2.6 2.6 2.6 2.6 2.6 2.6 0.005 0.001 0.096 0.001 0.0 0.002 0 0 2 0 0 0
1973-05-29T21:30:00 1973 5 29 21 30 0 3.4 2.2 514.9 6.99 3.18 0.2 0.0 0.0 2 2 1 0 0 2 2 1 0.7 0.85 3.0 2.2 2.2 2.2 2.2 2.2 2.2 0.003 0.001 0.093 0.0 0.0 0.001 0 0 2 0 0 0
1973-05-29T22:30:00 1973 5 29 22 30 0 4.7 1.3 516.9 7.0 3.18 1.01 0.0 0.0 2 2 1 0 0 2 2 1 0.7 0.81 3.0 1.3 1.3 1.3 1.3 1.3 1.3 0.002 0.0 0.091 0.0 0.0 0.0 0 0 2 0 0 0
1973-05-29T23:30:00 1973 5 29 23 30 0 4.6 2.2 518.9 7.0 3.18 1.3 0.0 0.0 2 2 1 0 0 2 2 1 0.7 0.81 4.0 2.2 2.2 2.2 2.2 2.2 2.2 0.001 0.0 0.088 0.0 0.0 0.0 0 0 2 0 0 0
