1973-01-01T00:30:00 1973 1 1 0 30 0 0.35 -1.55 511.0 6.3 3.2 1.48 5.54 3.62 1 1 1 1 1 1 1 1 4.0 2.88 -9.0 -1.55 -1.55 -1.55 -1.55 -1.55 -1.55 0.553 0.697 0.254 0.549 1.012 2.031 1 1 0 1 1 1
1973-01-01T01:30:00 1973 1 1 1 30 0 0.6 -0.2 511.0 6.3 3.22 0.3 2.09 1.32 2 2 1 1 1 2 2 1 4.0 3.16 -6.0 -0.2 -0.2 -0.2 -0.2 -0.2 -0.2 0.456 0.503 0.252 0.366 0.593 1.404 1 1 0 1 1 1
1973-01-01T02:30:00 1973 1 1 2 30 0 -3.8 -1.8 511.0 6.3 3.22 1.14 2.73 1.72 2 2 2 2 2 2 2 2 4.0 3.41 -6.0 -1.8 -1.8 -1.8 -1.8 -1.8 -1.8 0.452 0.509 0.256 0.341 0.685 1.45 1 2 0 1 2 2
1973-01-01T03:30:00 1973 1 1 3 30 0 -3.5 -1.6 502.0 7.0 3.52 2.78 4.28 2.86 2 2 2 2 2 2 2 2 3.3 3.56 -8.0 -1.6 -1.6 -1.6 -1.6 -1.6 -1.6 0.495 0.576 0.265 0.383 0.807 1.67 2 2 1 2 2 2
1973-01-01T04:30:00 1973 1 1 4 30 0 -2.6 -3.1 516.0 7.2 3.84 3.22 6.16 4.38 2 2 2 2 2 2 2 2 3.3 3.71 -15.0 -3.1 -3.1 -3.1 -3.1 -3.1 -3.1 0.62 0.734 0.289 0.571 1.11 2.199 2 2 1 2 2 2
1973-01-01T05:30:00 1973 1 1 5 30 0 -1.2 2.9 535.0 5.2 2.94 0.82 1.75 1.19 2 2 2 2 2 2 2 2 3.3 3.66 -13.0 2.9 2.9 2.9 2.9 2.9 2.9 0.464 0.434 0.285 0.358 0.462 1.157 2 2 1 2 2 2
1973-01-01T06:30:00 1973 1 1 6 30 0 -1.6 2.8 536.0 4.5 2.66 0.04 0.0 0.0 2 2 2 2 2 2 2 2 2.3 3.47 -13.0 2.8 2.8 2.8 2.8 2.8 2.8 0.314 0.216 0.276 0.201 0.146 0.48 2 2 1 2 2 2
1973-01-01T07:30:00 1973 1 1 7 30 0 -2.6 0.4 530.0 4.3 2.41 0.26 0.0 0.0 2 2 2 2 2 2 2 2 2.3 3.29 -13.0 0.4 0.4 0.4 0.4 0.4 0.4 0.213 0.107 0.268 0.112 0.046 0.199 2 2 1 2 2 2
1973-01-01T08:30:00 1973 1 1 8 30 0 -0.5 1.0 536.0 4.5 2.57 0.18 0.0 0.0 2 2 2 2 2 2 2 2 2.3 3.08 -15.0 1.0 1.0 1.0 1.0 1.0 1.0 0.144 0.053 0.26 0.063 0.015 0.083 2 2 1 2 2 2
1973-01-01T09:30:00 1973 1 1 9 30 0 0.1 -0.5 527.0 4.4 2.42 0.01 0.27 0.12 2 2 2 2 2 2 2 2 3.3 3.0 -13.0 -0.5 -0.5 -0.5 -0.5 -0.5 -0.5 0.119 0.077 0.253 0.048 0.114 0.203 2 2 1 2 2 2
1973-01-01T10:30:00 1973 1 1 10 30 0 -0.9 0.4 522.0 4.3 2.33 0.03 0.31 0.14 2 2 2 2 2 2 2 2 3.3 2.92 -12.0 0.4 0.4 0.4 0.4 0.4 0.4 0.09 0.059 0.245 0.03 0.069 0.152 2 2 1 2 2 2
1973-01-01T11:30:00 1973 1 1 11 30 0 -1.1 -0.5 522.0 3.8 2.03 0.14 0.42 0.16 2 2 2 2 2 2 2 2 3.3 2.93 -14.0 -0.5 -0.5 -0.5 -0.5 -0.5 -0.5 0.087 0.09 0.239 0.032 0.149 0.241 2 2 1 2 2 2
1973-01-01T12:30:00 1973 1 1 12 30 0 -0.27 0.08 520.0 4.1 2.16 0.09 0.51 0.2 1 1 2 2 2 1 2 2 2.0 2.76 -8.0 0.08 0.08 0.08 0.08 0.08 0.08 0.076 0.084 0.232 0.025 0.113 0.213 2 2 1 2 1 1
1973-01-01T13:30:00 1973 1 1 13 30 0 0.57 2.62 518.0 3.9 2.04 0.0 0.0 0.0 1 1 2 2 2 1 2 2 2.0 2.6 -7.0 2.62 2.62 2.62 2.62 2.62 2.62 0.051 0.042 0.225 0.014 0.036 0.088 2 2 1 2 1 1
1973-01-01T14:30:00 1973 1 1 14 30 0 1.4 3.2 523.0 3.9 2.07 0.02 0.0 0.0 2 2 2 2 2 2 2 2 2.0 2.56 -6.0 3.2 3.2 3.2 3.2 3.2 3.2 0.035 0.021 0.218 0.008 0.011 0.037 2 2 1 2 1 1
1973-01-01T15:30:00 1973 1 1 15 30 0 -0.8 1.3 528.0 3.8 2.05 0.01 0.0 0.0 2 2 2 2 2 2 2 2 1.3 2.42 -6.0 1.3 1.3 1.3 1.3 1.3 1.3 0.024 0.01 0.212 0.004 0.004 0.015 2 2 1 2 1 1
1973-01-01T16:30:00 1973 1 1 16 30 0 -1.3 1.4 509.0 3.3 1.66 0.03 0.0 0.0 2 2 2 2 2 2 2 2 1.3 2.29 -6.0 1.4 1.4 1.4 1.4 1.4 1.4 0.016 0.005 0.205 0.002 0.001 0.006 2 2 1 2 1 1
1973-01-01T17:30:00 1973 1 1 17 30 0 -1.6 0.3 509.0 2.8 1.43 0.12 0.0 0.0 2 2 2 2 2 2 2 2 1.3 2.04 -8.0 0.3 0.3 0.3 0.3 0.3 0.3 0.011 0.003 0.199 0.001 0.0 0.003 2 2 1 2 1 1
1973-01-01T18:30:00 1973 1 1 18 30 0 -0.2 1.3 495.0 3.0 1.4 0.05 0.0 0.0 2 2 2 2 2 2 2 2 0.7 1.72 -5.0 1.3 1.3 1.3 1.3 1.3 1.3 0.007 0.001 0.193 0.001 0.0 0.001 2 2 1 2 1 1
1973-01-01T19:30:00 1973 1 1 19 30 0 0.5 0.9 493.0 3.3 1.51 0.0 0.0 0.0 2 2 2 2 2 2 2 2 0.7 1.4 -4.0 0.9 0.9 0.9 0.9 0.9 0.9 0.005 0.001 0.187 0.0 0.0 0.0 2 2 1 2 1 1
1973-01-01T20:30:00 1973 1 1 20 30 0 0.9 0.2 494.0 3.3 1.52 0.03 0.0 0.0 2 2 2 2 2 2 2 2 0.7 1.23 -4.0 0.2 0.2 0.2 0.2 0.2 0.2 0.003 0.0 0.181 0.0 0.0 0.0 2 2 1 2 1 1
1973-01-01T21:30:00 1973 1 1 21 30 0 0.7 0.1 492.0 2.8 1.29 0.05 0.0 0.0 2 2 2 2 2 2 2 2 0.7 1.07 -8.0 0.1 0.1 0.1 0.1 0.1 0.1 0.002 0.0 0.176 0.0 0.0 0.0 2 2 1 2 1 1
1973-01-01T22:30:00 1973 1 1 22 30 0 0.17 0.05 492.0 3.0 1.37 0.02 0.0 0.0 1 1 2 2 2 1 2 2 0.7 0.92 -8.0 0.05 0.05 0.05 0.05 0.05 0.05 0.002 0.0 0.17 0.0 0.0 0.0 2 2 1 2 1 1
1973-01-01T23:30:00 1973 1 1 23 30 0 -0.37 -0.15 498.0 3.3 1.53 0.01 0.16 0.05 1 1 2 2 2 1 2 2 0.7 0.84 -7.0 -0.15 -0.15 -0.15 -0.15 -0.15 -0.15 0.011 0.029 0.166 0.003 0.054 0.075 1 1 1 1 1 1
