1973-03-15T00:30:00 1973 3 15 0 30 0 0.9 2.1 340.0 6.4 1.66 0.02 0.0 0.0 2 2 2 2 2 2 2 2 0.3 0.87 3.0 2.1 2.1 2.1 2.1 2.1 2.1 0.002 0.0 0.062 0.0 0.0 0.0 2 2 2 2 2 2
1973-03-15T01:30:00 1973 3 15 1 30 0 2.2 2.3 337.0 6.5 1.67 0.05 0.0 0.0 2 2 2 2 2 2 2 2 0.3 0.82 4.0 2.3 2.3 2.3 2.3 2.3 2.3 0.001 0.0 0.061 0.0 0.0 0.0 2 2 2 2 2 2
1973-03-15T02:30:00 1973 3 15 2 30 0 0.5 3.5 338.0 6.5 1.7 0.03 0.0 0.0 2 2 2 2 2 2 2 2 0.3 0.73 6.0 3.5 3.5 3.5 3.5 3.5 3.5 0.001 0.0 0.059 0.0 0.0 0.0 2 2 2 2 2 2
1973-03-15T03:30:00 1973 3 15 3 30 0 0.8 2.0 329.0 5.8 1.43 0.0 0.0 0.0 2 2 2 2 2 2 2 2 0.3 0.64 5.0 2.0 2.0 2.0 2.0 2.0 2.0 0.001 0.0 0.057 0.0 0.0 0.0 2 2 2 2 2 2
1973-03-15T04:30:00 1973 3 15 4 30 0 2.7 3.3 337.0 6.4 1.59 0.06 0.0 0.0 2 2 2 2 2 2 2 2 0.3 0.55 5.0 3.3 3.3 3.3 3.3 3.3 3.3 0.0 0.0 0.055 0.0 0.0 0.0 2 2 2 2 2 2
1973-03-15T05:30:00 1973 3 15 5 30 0 2.6 3.2 337.0 6.5 1.59 0.13 0.0 0.0 2 2 2 2 2 2 2 2 0.3 0.47 4.0 3.2 3.2 3.2 3.2 3.2 3.2 0.0 0.0 0.053 0.0 0.0 0.0 2 2 2 2 2 2
1973-03-15T06:30:00 1973 3 15 6 30 0 1.2 4.3 341.0 6.6 1.69 0.05 0.0 0.0 2 2 2 2 2 2 2 2 0.0 0.34 3.0 4.3 4.3 4.3 4.3 4.3 4.3 0.0 0.0 0.052 0.0 0.0 0.0 2 2 2 2 2 2
1973-03-15T07:30:00 1973 3 15 7 30 0 2.8 3.1 340.0 7.0 1.82 0.07 0.0 0.0 2 2 2 2 2 2 2 2 0.0 0.22 3.0 3.1 3.1 3.1 3.1 3.1 3.1 0.0 0.0 0.05 0.0 0.0 0.0 2 2 2 2 2 2
1973-03-15T08:30:00 1973 3 15 8 30 0 2.4 2.8 345.0 7.5 1.94 0.13 0.0 0.0 2 2 2 2 2 2 2 2 0.0 0.18 4.0 2.8 2.8 2.8 2.8 2.8 2.8 0.0 0.0 0.049 0.0 0.0 0.0 2 2 2 2 2 2
1973-03-15T09:30:00 1973 3 15 9 30 0 2.6 2.8 339.0 8.1 2.0 0.13 0.0 0.0 2 2 2 2 2 2 2 2 1.0 0.28 5.0 2.8 2.8 2.8 2.8 2.8 2.8 0.0 0.0 0.047 0.0 0.0 0.0 2 2 2 2 2 2
1973-03-15T10:30:00 1973 3 15 10 30 0 0.0 -1.0 326.0 8.0 1.9 0.08 0.29 0.23 2 2 2 2 2 2 2 2 1.0 0.37 5.0 -1.0 -1.0 -1.0 -1.0 -1.0 -1.0 0.028 0.081 0.047 0.019 0.089 0.14 2 2 2 2 2 2
1973-03-15T11:30:00 1973 3 15 11 30 0 0.0 -1.3 321.0 7.4 1.73 0.27 1.88 1.44 2 2 2 2 2 2 2 2 1.0 0.46 5.0 -1.3 -1.3 -1.3 -1.3 -1.3 -1.3 0.123 0.293 0.049 0.086 0.271 0.413 2 2 2 2 2 2
1973-03-15T12:30:00 1973 3 15 12 30 0 0.9 -0.8 322.0 7.1 1.71 0.25 1.65 1.2 2 2 2 2 2 2 2 2 1.7 0.64 5.0 -0.8 -0.8 -0.8 -0.8 -0.8 -0.8 0.167 0.357 0.051 0.104 0.284 0.462 2 2 2 2 2 2
1973-03-15T13:30:00 1973 3 15 13 30 0 2.1 -1.3 323.0 8.1 1.89 0.49 1.73 1.33 2 2 2 2 2 2 2 2 1.7 0.82 6.0 -1.3 -1.3 -1.3 -1.3 -1.3 -1.3 0.213 0.423 0.053 0.129 0.328 0.551 2 2 2 2 2 2
1973-03-15T14:30:00 1973 3 15 14 30 0 2.9 -0.8 334.0 8.6 2.05 0.83 1.69 1.41 2 2 2 2 2 2 2 2 1.7 1.03 8.0 -0.8 -0.8 -0.8 -0.8 -0.8 -0.8 0.235 0.438 0.055 0.133 0.326 0.609 2 2 2 2 2 2
1973-03-15T15:30:00 1973 3 15 15 30 0 0.4 0.7 325.0 9.4 2.29 0.25 0.3 0.26 2 2 2 2 2 2 2 2 1.0 1.15 6.0 0.7 0.7 0.7 0.7 0.7 0.7 0.171 0.251 0.054 0.079 0.129 0.318 2 2 2 2 2 2
1973-03-15T16:30:00 1973 3 15 16 30 0 4.1 0.1 332.0 9.55 2.31 0.41 0.0 0.0 2 2 1 1 1 2 2 1 1.0 1.26 6.0 0.1 0.1 0.1 0.1 0.1 0.1 0.116 0.124 0.052 0.044 0.041 0.132 2 2 2 2 2 2
1973-03-15T17:30:00 1973 3 15 17 30 0 4.1 1.8 339.0 9.7 2.33 0.8 0.0 0.0 2 2 2 2 2 2 2 2 1.0 1.26 5.0 1.8 1.8 1.8 1.8 1.8 1.8 0.078 0.062 0.051 0.025 0.013 0.055 2 2 2 2 2 2
1973-03-15T18:30:00 1973 3 15 18 30 0 4.6 0.2 334.0 9.2 2.16 0.96 0.0 0.0 2 2 2 2 2 2 2 2 0.3 1.17 4.0 0.2 0.2 0.2 0.2 0.2 0.2 0.053 0.031 0.049 0.014 0.004 0.023 2 2 2 2 2 2
1973-03-15T19:30:00 1973 3 15 19 30 0 4.3 1.9 339.0 9.6 2.32 0.94 0.0 0.0 2 2 2 2 2 2 2 2 0.3 1.07 5.0 1.9 1.9 1.9 1.9 1.9 1.9 0.036 0.015 0.047 0.008 0.001 0.009 2 2 2 2 2 2
1973-03-15T20:30:00 1973 3 15 20 30 0 3.0 2.6 325.0 9.4 2.08 0.39 0.0 0.0 2 2 2 2 2 2 2 2 0.3 0.9 7.0 2.6 2.6 2.6 2.6 2.6 2.6 0.024 0.008 0.046 0.004 0.0 0.004 2 2 2 2 2 2
1973-03-15T21:30:00 1973 3 15 21 30 0 1.3 2.8 318.0 9.4 1.97 0.08 0.0 0.0 2 2 2 2 2 2 2 2 0.3 0.72 8.0 2.8 2.8 2.8 2.8 2.8 2.8 0.016 0.004 0.045 0.002 0.0 0.002 2 2 2 2 2 2
1973-03-15T22:30:00 1973 3 15 22 30 0 -0.7 1.0 317.0 8.8 1.8 0.0 0.0 0.0 2 2 2 2 2 2 2 2 0.3 0.55 8.0 1.0 1.0 1.0 1.0 1.0 1.0 0.011 0.002 0.043 0.001 0.0 0.001 2 2 2 2 2 2
1973-03-15T23:30:00 1973 3 15 23 30 0 0.3 0.7 312.0 9.2 1.83 0.0 0.0 0.0 2 2 2 2 2 2 2 2 0.3 0.47 8.0 0.7 0.7 0.7 0.7 0.7 0.7 0.008 0.001 0.042 0.001 0.0 0.0 2 2 2 2 2 2
