1973-09-06T00:30:00 1973 9 6 0 30 0 2.6 -4.8 363.0 8.39 2.76 3.27 6.05 5.08 2 2 1 0 0 2 2 1 2.3 3.19 -7.0 -4.8 -4.8 -4.8 -4.8 -4.8 -4.8 0.703 0.876 0.512 0.602 0.818 1.369 0 0 1 0 0 0
1973-09-06T01:30:00 1973 9 6 1 30 0 1.9 -4.2 363.0 8.39 2.76 4.65 8.12 6.81 2 2 1 0 0 2 2 1 2.3 3.18 -12.0 -4.2 -4.2 -4.2 -4.2 -4.2 -4.2 0.844 1.078 0.528 0.822 1.0 1.633 0 0 1 0 0 0
1973-09-06T02:30:00 1973 9 6 2 30 0 4.6 -2.4 363.0 8.39 2.76 3.51 5.85 4.91 2 2 1 0 0 2 2 1 2.3 2.93 -18.0 -2.4 -2.4 -2.4 -2.4 -2.4 -2.4 0.835 1.029 0.531 0.758 0.876 1.539 0 0 1 0 0 0
1973-09-06T03:30:00 1973 9 6 3 30 0 5.4 -0.6 364.2 8.38 2.76 2.82 2.59 2.17 2 2 1 0 0 2 2 1 2.7 2.74 -19.0 -0.6 -0.6 -0.6 -0.6 -0.6 -0.6 0.685 0.772 0.522 0.518 0.561 1.153 0 0 1 0 0 0
1973-09-06T04:30:00 1973 9 6 4 30 0 5.0 0.0 366.6 8.38 2.76 2.09 0.5 0.42 2 2 1 0 0 2 2 1 2.7 2.55 -18.0 0.0 0.0 0.0 0.0 0.0 0.0 0.488 0.452 0.506 0.3 0.246 0.64 0 0 1 0 0 0
1973-09-06T05:30:00 1973 9 6 5 30 0 3.5 -2.1 369.0 8.38 2.76 2.0 2.09 1.76 2 2 1 0 0 2 2 1 2.7 2.55 -16.0 -2.1 -2.1 -2.1 -2.1 -2.1 -2.1 0.464 0.521 0.498 0.286 0.434 0.866 0 0 1 0 0 0
1973-09-06T06:30:00 1973 9 6 6 30 0 -1.6 -1.1 371.4 8.38 2.76 0.87 2.88 2.42 2 2 1 0 0 2 2 1 2.3 2.5 -18.0 -1.1 -1.1 -1.1 -1.1 -1.1 -1.1 0.456 0.56 0.49 0.277 0.483 0.969 0 0 1 0 0 0
1973-09-06T07:30:00 1973 9 6 7 30 0 1.8 -2.0 373.8 8.38 2.76 0.71 2.96 2.48 2 2 1 0 0 2 2 1 2.3 2.45 -17.0 -2.0 -2.0 -2.0 -2.0 -2.0 -2.0 0.471 0.621 0.485 0.304 0.562 1.093 0 0 1 0 0 0
1973-09-06T08:30:00 1973 9 6 8 30 0 2.0 -3.2 376.2 8.37 2.76 2.02 4.97 4.16 2 2 1 0 0 2 2 1 2.3 2.45 -13.0 -3.2 -3.2 -3.2 -3.2 -3.2 -3.2 0.572 0.787 0.488 0.454 0.76 1.366 0 0 1 0 0 0
1973-09-06T09:30:00 1973 9 6 9 30 0 -0.3 -4.0 378.6 8.37 2.76 2.99 6.86 5.74 2 2 1 0 0 2 2 1 2.0 2.41 -9.0 -4.0 -4.0 -4.0 -4.0 -4.0 -4.0 0.715 0.972 0.501 0.667 0.953 1.644 0 0 1 0 0 0
1973-09-06T10:30:00 1973 9 6 10 30 0 -1.9 -5.1 381.0 8.37 2.76 4.7 8.73 7.31 2 2 1 0 0 2 2 1 2.0 2.37 -13.0 -5.1 -5.1 -5.1 -5.1 -5.1 -5.1 0.889 1.165 0.524 0.94 1.151 1.923 0 0 1 0 0 0
1973-09-06T11:30:00 1973 9 6 11 30 0 -0.6 -5.1 383.4 8.37 2.76 5.7 9.75 8.16 2 2 1 0 0 2 2 1 2.0 2.28 -19.0 -5.1 -5.1 -5.1 -5.1 -5.1 -5.1 1.037 1.295 0.551 1.153 1.26 2.104 0 0 1 0 0 0
1973-09-06T12:30:00 1973 9 6 12 30 0 -0.9 -5.1 385.8 8.36 2.76 5.62 9.81 8.21 2 2 1 0 0 2 2 1 2.0 2.19 -22.0 -5.1 -5.1 -5.1 -5.1 -5.1 -5.1 1.139 1.36 0.578 1.277 1.304 2.198 0 0 1 0 0 0
1973-09-06T13:30:00 1973 9 6 13 30 0 -0.6 -4.8 388.3 8.36 2.76 5.32 9.56 7.99 2 2 1 0 0 2 2 1 2.0 2.11 -24.0 -4.8 -4.8 -4.8 -4.8 -4.8 -4.8 1.196 1.374 0.603 1.319 1.3 2.227 0 0 1 0 0 0
1973-09-06T14:30:00 1973 9 6 14 30 0 1.1 -5.0 390.7 8.36 2.76 5.27 9.56 7.99 2 2 1 0 0 2 2 1 2.0 2.07 -20.0 -5.0 -5.0 -5.0 -5.0 -5.0 -5.0 1.239 1.385 0.628 1.353 1.315 2.266 0 0 1 0 0 0
1973-09-06T15:30:00 1973 9 6 15 30 0 -0.9 -5.8 393.1 8.36 2.76 6.42 10.65 8.9 2 2 1 0 0 2 2 1 3.0 2.17 -25.0 -5.8 -5.8 -5.8 -5.8 -5.8 -5.8 1.314 1.449 0.659 1.477 1.407 2.389 0 0 1 0 0 0
1973-09-06T16:30:00 1973 9 6 16 30 0 5.5 -2.6 395.5 8.36 2.76 4.99 8.02 6.7 2 2 1 0 0 2 2 1 3.0 2.26 -27.0 -2.6 -2.6 -2.6 -2.6 -2.6 -2.6 1.226 1.289 0.671 1.255 1.169 2.148 0 0 1 0 0 0
1973-09-06T17:30:00 1973 9 6 17 30 0 6.6 -0.8 398.0 8.35 2.76 4.28 3.22 2.69 2 2 1 0 0 2 2 1 3.0 2.39 -25.0 -0.8 -0.8 -0.8 -0.8 -0.8 -0.8 0.976 0.935 0.66 0.829 0.738 1.584 0 0 1 0 0 0
1973-09-06T18:30:00 1973 9 6 18 30 0 4.7 0.75 400.4 8.35 2.76 2.44 0.35 0.29 1 1 1 0 0 1 1 1 1.7 2.34 -19.0 0.75 0.75 0.75 0.75 0.75 0.75 0.673 0.494 0.64 0.469 0.265 0.742 0 0 1 0 0 0
1973-09-06T19:30:00 1973 9 6 19 30 0 2.8 2.3 402.9 8.35 2.76 0.66 0.0 0.0 2 2 1 0 0 2 2 1 1.7 2.3 -15.0 2.3 2.3 2.3 2.3 2.3 2.3 0.456 0.246 0.62 0.263 0.084 0.308 0 0 1 0 0 0
1973-09-06T20:30:00 1973 9 6 20 30 0 4.1 1.1 405.3 8.35 2.76 0.56 0.0 0.0 2 2 1 0 0 2 2 1 1.7 2.26 -14.0 1.1 1.1 1.1 1.1 1.1 1.1 0.308 0.122 0.602 0.147 0.027 0.128 0 0 1 0 0 0
1973-09-06T21:30:00 1973 9 6 21 30 0 5.1 1.9 407.7 8.35 2.76 1.09 0.0 0.0 2 2 1 0 0 2 2 1 1.0 2.12 -14.0 1.9 1.9 1.9 1.9 1.9 1.9 0.209 0.061 0.583 0.082 0.008 0.053 0 0 1 0 0 0
1973-09-06T22:30:00 1973 9 6 22 30 0 2.1 -0.3 410.2 8.34 2.76 0.77 0.07 0.06 2 2 1 0 0 2 2 1 1.0 1.99 -13.0 -0.3 -0.3 -0.3 -0.3 -0.3 -0.3 0.153 0.065 0.566 0.052 0.054 0.137 0 0 1 0 0 0
1973-09-06T23:30:00 1973 9 6 23 30 0 5.1 0.8 412.6 8.34 2.76 1.06 0.06 0.05 2 2 1 0 0 2 2 1 1.0 1.74 -11.0 0.8 0.8 0.8 0.8 0.8 0.8 0.104 0.036 0.548 0.029 0.021 0.073 0 0 1 0 0 0
