1973-01-05T00:30:00 1973 1 5 0 30 0 -5.2 -3.2 438.0 15.7 5.98 2.59 3.32 5.38 2 2 2 2 2 2 2 2 3.7 3.09 0.0 -3.2 -3.2 -3.2 -3.2 -3.2 -3.2 0.369 0.536 0.209 0.338 0.771 2.509 2 2 2 2 2 2
1973-01-05T01:30:00 1973 1 5 1 30 0 -8.3 -4.9 430.0 14.6 5.32 9.65 8.93 13.46 2 2 2 2 2 2 2 2 3.7 3.18 -7.0 -4.9 -4.9 -4.9 -4.9 -4.9 -4.9 0.77 1.125 0.259 0.947 1.49 4.442 2 2 2 2 2 2
1973-01-05T02:30:00 1973 1 5 2 30 0 -7.6 0.0 414.0 14.2 4.78 7.82 4.76 6.89 2 2 2 2 2 2 2 2 3.7 3.27 -7.0 0.0 0.0 0.0 0.0 0.0 0.0 0.732 0.926 0.271 0.764 0.93 3.246 2 2 2 2 2 2
1973-01-05T03:30:00 1973 1 5 3 30 0 -2.5 3.7 399.0 12.3 3.9 1.4 0.0 0.0 2 2 2 2 2 2 2 2 3.3 3.31 -6.0 3.7 3.7 3.7 3.7 3.7 3.7 0.496 0.46 0.263 0.428 0.294 1.346 2 2 2 2 2 2
1973-01-05T04:30:00 1973 1 5 4 30 0 -3.1 3.8 404.0 12.2 3.99 0.16 0.0 0.0 2 2 2 2 2 2 2 2 3.3 3.34 -4.0 3.8 3.8 3.8 3.8 3.8 3.8 0.336 0.228 0.255 0.239 0.093 0.558 2 2 2 2 2 2
1973-01-05T05:30:00 1973 1 5 5 30 0 -5.1 0.5 403.0 11.9 3.95 0.84 0.0 0.0 2 2 2 2 2 2 2 2 3.3 3.38 -2.0 0.5 0.5 0.5 0.5 0.5 0.5 0.227 0.113 0.247 0.134 0.03 0.232 2 2 2 2 2 2
1973-01-05T06:30:00 1973 1 5 6 30 0 -1.2 -0.1 393.0 11.2 3.49 0.74 0.02 0.03 2 2 2 2 2 2 2 2 1.7 3.2 -6.0 -0.1 -0.1 -0.1 -0.1 -0.1 -0.1 0.159 0.075 0.24 0.076 0.035 0.181 2 2 2 2 2 2
1973-01-05T07:30:00 1973 1 5 7 30 0 2.0 2.5 399.0 8.5 2.98 0.03 0.0 0.0 2 2 2 2 2 2 2 2 1.7 3.03 -7.0 2.5 2.5 2.5 2.5 2.5 2.5 0.107 0.037 0.232 0.043 0.011 0.075 2 2 2 2 2 2
1973-01-05T08:30:00 1973 1 5 8 30 0 1.1 -1.0 404.0 9.4 3.23 0.16 0.38 0.35 2 2 2 2 2 2 2 2 1.7 2.77 -6.0 -1.0 -1.0 -1.0 -1.0 -1.0 -1.0 0.111 0.117 0.227 0.052 0.147 0.34 2 2 2 2 2 2
1973-01-05T09:30:00 1973 1 5 9 30 0 -5.5 -0.1 404.0 8.5 2.83 0.95 1.04 0.94 2 2 2 2 2 2 2 2 2.3 2.6 -10.0 -0.1 -0.1 -0.1 -0.1 -0.1 -0.1 0.126 0.184 0.222 0.057 0.198 0.52 2 2 2 2 2 2
1973-01-05T10:30:00 1973 1 5 10 30 0 -6.2 -3.2 408.0 9.1 3.01 4.43 3.62 3.22 2 2 2 2 2 2 2 2 2.3 2.44 -12.0 -3.2 -3.2 -3.2 -3.2 -3.2 -3.2 0.303 0.51 0.231 0.272 0.642 1.264 2 2 2 2 2 2
1973-01-05T11:30:00 1973 1 5 11 30 0 -5.8 1.3 408.0 6.7 2.16 3.62 2.06 1.74 2 2 2 2 2 2 2 2 2.3 2.32 -15.0 1.3 1.3 1.3 1.3 1.3 1.3 0.275 0.38 0.229 0.212 0.349 0.819 2 2 2 2 2 2
1973-01-05T12:30:00 1973 1 5 12 30 0 -2.4 1.1 420.0 7.7 2.76 0.91 0.0 0.0 2 2 2 2 2 2 2 2 1.7 2.12 -11.0 1.1 1.1 1.1 1.1 1.1 1.1 0.186 0.189 0.222 0.119 0.11 0.34 2 2 2 2 2 2
1973-01-05T13:30:00 1973 1 5 13 30 0 -0.8 6.8 446.0 8.0 3.16 0.05 0.0 0.0 2 2 2 2 2 2 2 2 1.7 1.93 -6.0 6.8 6.8 6.8 6.8 6.8 6.8 0.126 0.094 0.216 0.066 0.035 0.141 2 2 2 2 2 2
1973-01-05T14:30:00 1973 1 5 14 30 0 -3.6 1.9 450.0 10.2 4.3 0.17 0.0 0.0 2 2 2 2 2 2 2 2 1.7 1.92 0.0 1.9 1.9 1.9 1.9 1.9 1.9 0.085 0.047 0.209 0.037 0.011 0.058 2 2 2 2 2 2
1973-01-05T15:30:00 1973 1 5 15 30 0 -5.8 -0.9 436.0 10.3 3.86 1.93 0.4 0.41 2 2 2 2 2 2 2 2 4.0 2.22 -2.0 -0.9 -0.9 -0.9 -0.9 -0.9 -0.9 0.099 0.128 0.205 0.05 0.172 0.454 2 2 2 2 2 2
1973-01-05T16:30:00 1973 1 5 16 30 0 -4.9 -5.6 449.0 10.8 4.25 6.83 7.66 8.14 2 2 2 2 2 2 2 2 4.0 2.52 -5.0 -5.6 -5.6 -5.6 -5.6 -5.6 -5.6 0.5 0.766 0.246 0.666 1.159 2.47 2 2 2 2 2 2
1973-01-05T17:30:00 1973 1 5 17 30 0 -4.1 -7.0 472.0 10.2 4.37 12.69 14.68 15.36 2 2 2 2 2 2 2 2 4.0 2.74 -17.0 -7.0 -7.0 -7.0 -7.0 -7.0 -7.0 1.023 1.349 0.34 1.58 1.965 4.173 2 2 2 2 2 2
1973-01-05T18:30:00 1973 1 5 18 30 0 -3.2 -8.8 479.0 12.7 5.63 17.53 18.98 22.02 2 2 2 2 2 2 2 2 4.3 2.99 -33.0 -8.8 -8.8 -8.8 -8.8 -8.8 -8.8 1.589 1.878 0.482 2.654 2.687 6.263 2 2 2 2 2 2
1973-01-05T19:30:00 1973 1 5 19 30 0 -9.2 -2.6 469.0 13.0 5.67 13.73 12.91 16.57 2 2 2 2 2 2 2 2 4.3 3.25 -46.0 -2.6 -2.6 -2.6 -2.6 -2.6 -2.6 1.644 1.765 0.549 2.378 2.18 6.079 2 2 2 2 2 2
1973-01-05T20:30:00 1973 1 5 20 30 0 -3.3 2.6 499.0 11.4 5.61 3.89 1.29 1.63 2 2 2 2 2 2 2 2 4.3 3.57 -41.0 2.6 2.6 2.6 2.6 2.6 2.6 1.153 0.944 0.536 1.365 0.781 2.838 2 2 2 2 2 2
1973-01-05T21:30:00 1973 1 5 21 30 0 -3.6 2.9 520.0 10.3 5.6 0.46 0.0 0.0 2 2 2 2 2 2 2 2 5.0 3.97 -35.0 2.9 2.9 2.9 2.9 2.9 2.9 0.78 0.469 0.52 0.764 0.247 1.177 2 2 2 2 2 2
1973-01-05T22:30:00 1973 1 5 22 30 0 -4.4 2.1 544.0 9.7 5.83 0.79 0.0 0.0 2 2 2 2 2 2 2 2 5.0 4.37 -28.0 2.1 2.1 2.1 2.1 2.1 2.1 0.528 0.233 0.504 0.428 0.078 0.488 2 2 2 2 2 2
1973-01-05T23:30:00 1973 1 5 23 30 0 -1.5 0.7 554.0 9.2 5.66 0.51 0.0 0.0 2 2 2 2 2 2 2 2 5.0 4.5 -37.0 0.7 0.7 0.7 0.7 0.7 0.7 0.358 0.116 0.488 0.24 0.025 0.203 2 2 2 2 2 2
