1971-01-13T00:30:00 1971 1 13 0 30 0 -2.5 0.4 351.0 3.0 0.74 0.33 0.0 0.0 2 2 2 2 2 2 2 2 1.3 0.7 1.0 0.4 0.4 0.4 0.4 0.4 0.4 0.017 0.013 0.079 0.003 0.004 0.005 2 2 1 2 2 2
1971-01-13T01:30:00 1971 1 13 1 30 0 -3.8 -1.9 361.0 4.85 1.16 1.21 1.55 0.68 2 2 2 1 1 2 2 2 1.3 0.71 6.0 -1.9 -1.9 -1.9 -1.9 -1.9 -1.9 0.095 0.195 0.08 0.071 0.229 0.222 1 1 1 1 1 1
1971-01-13T02:30:00 1971 1 13 2 30 0 -3.9 -2.5 344.0 6.7 1.59 2.55 3.91 2.3 2 2 2 2 2 2 2 2 1.3 0.78 10.0 -2.5 -2.5 -2.5 -2.5 -2.5 -2.5 0.243 0.455 0.089 0.216 0.469 0.554 2 2 1 2 2 2
1971-01-13T03:30:00 1971 1 13 3 30 0 -3.9 -1.95 343.0 7.0 1.65 2.5 3.78 2.59 1 1 2 2 2 1 2 2 1.7 0.91 10.0 -2.16 -2.12 -2.24 -2.23 -2.12 -2.09 0.348 0.597 0.097 0.303 0.542 0.735 1 1 1 1 1 1
1971-01-13T04:30:00 1971 1 13 4 30 0 -3.13 0.06 340.0 6.9 1.6 1.29 1.48 1.03 1 1 2 2 2 1 2 2 1.7 1.04 10.0 -0.89 -0.71 -1.27 -1.24 -0.73 -0.58 0.349 0.532 0.101 0.28 0.412 0.634 1 1 1 1 1 1
1971-01-13T05:30:00 1971 1 13 5 30 0 -1.69 0.45 357.0 8.15 1.96 0.35 0.0 0.0 1 0 2 1 1 1 1 1 1.7 1.22 7.0 -0.65 -0.45 -1.08 -1.05 -0.47 -0.3 0.309 0.414 0.103 0.233 0.293 0.507 1 1 1 1 0 1
1971-01-13T06:30:00 1971 1 13 6 30 0 0.56 0.45 355.0 9.4 2.31 0.03 0.0 0.0 1 0 2 1 1 1 1 1 1.3 1.33 0.0 -0.65 -0.45 -1.08 -1.06 -0.47 -0.3 0.28 0.349 0.104 0.208 0.251 0.479 1 0 1 1 0 0
1971-01-13T07:30:00 1971 1 13 7 30 0 3.27 0.44 355.0 10.65 2.66 0.27 0.0 0.0 1 0 2 1 1 1 1 1 1.3 1.45 1.0 -0.65 -0.45 -1.08 -1.06 -0.47 -0.3 0.263 0.326 0.106 0.198 0.246 0.515 1 0 1 0 0 0
1971-01-13T08:30:00 1971 1 13 8 30 0 5.43 0.36 356.0 11.9 3.02 1.25 0.0 0.0 1 1 2 2 2 1 2 2 1.3 1.45 2.0 -0.6 -0.42 -0.97 -0.95 -0.43 -0.29 0.252 0.318 0.108 0.189 0.246 0.578 1 1 1 1 1 1
1971-01-13T09:30:00 1971 1 13 9 30 0 6.6 -0.08 353.0 9.7 2.47 2.44 0.02 0.02 1 1 2 1 1 1 2 1 2.0 1.54 3.0 -0.29 -0.25 -0.37 -0.36 -0.25 -0.22 0.219 0.276 0.107 0.143 0.2 0.525 1 1 1 1 1 1
1971-01-13T10:30:00 1971 1 13 10 30 0 6.6 -0.2 353.0 7.5 1.92 3.01 0.26 0.21 2 2 2 1 1 2 2 2 2.0 1.63 5.0 -0.2 -0.2 -0.2 -0.2 -0.2 -0.2 0.176 0.221 0.104 0.092 0.151 0.409 1 1 1 1 1 1
1971-01-13T11:30:00 1971 1 13 11 30 0 3.4 4.4 359.0 5.3 1.37 1.08 0.0 0.0 2 2 2 2 2 2 2 2 2.0 1.67 9.0 4.4 4.4 4.4 4.4 4.4 4.4 0.119 0.11 0.101 0.051 0.048 0.17 1 1 1 1 1 1
1971-01-13T12:30:00 1971 1 13 12 30 0 -1.3 8.7 362.0 6.5 1.7 0.03 0.0 0.0 2 2 2 2 2 2 2 2 2.3 1.75 6.0 8.7 8.7 8.7 8.7 8.7 8.7 0.081 0.055 0.098 0.029 0.015 0.07 1 1 1 1 1 1
1971-01-13T13:30:00 1971 1 13 13 30 0 -2.5 11.2 402.0 6.5 1.7 0.02 0.0 0.0 2 2 2 1 1 2 2 2 2.3 1.82 1.0 11.2 11.2 11.2 11.2 11.2 11.2 0.055 0.027 0.095 0.016 0.005 0.029 1 1 1 1 1 1
1971-01-13T14:30:00 1971 1 13 14 30 0 0.8 11.2 402.0 6.5 1.71 0.01 0.0 0.0 2 2 2 1 1 2 2 2 2.3 1.95 19.0 11.2 11.2 11.2 11.2 11.2 11.2 0.037 0.013 0.092 0.009 0.002 0.012 1 1 1 1 1 1
1971-01-13T15:30:00 1971 1 13 15 30 0 5.3 13.8 404.0 6.25 1.73 0.09 0.0 0.0 2 2 2 1 1 2 2 2 1.0 1.9 10.0 13.8 13.8 13.8 13.8 13.8 13.8 0.025 0.007 0.089 0.005 0.0 0.005 1 1 1 1 1 1
1971-01-13T16:30:00 1971 1 13 16 30 0 8.1 12.0 404.0 5.94 1.75 0.58 0.0 0.0 2 2 2 1 1 2 2 2 1.0 1.85 12.0 12.0 12.0 12.0 12.0 12.0 12.0 0.017 0.003 0.087 0.003 0.0 0.002 1 1 1 1 1 1
1971-01-13T17:30:00 1971 1 13 17 30 0 8.85 11.05 404.0 5.63 1.77 1.17 0.0 0.0 1 1 2 1 1 1 2 1 1.0 1.72 12.0 11.05 11.05 11.05 11.05 11.05 11.05 0.011 0.002 0.084 0.002 0.0 0.001 1 1 1 1 1 1
1971-01-13T18:30:00 1971 1 13 18 30 0 9.6 10.1 404.0 5.32 1.77 1.62 0.0 0.0 2 2 1 1 0 2 2 1 1.0 1.6 11.0 10.1 10.1 10.1 10.1 10.1 10.1 0.008 0.001 0.081 0.001 0.0 0.0 1 1 1 1 1 1
1971-01-13T19:30:00 1971 1 13 19 30 0 13.0 7.0 404.0 5.15 1.77 3.57 0.0 0.0 2 2 1 0 0 2 2 1 1.0 1.47 7.0 7.0 7.0 7.0 7.0 7.0 7.0 0.005 0.0 0.079 0.0 0.0 0.0 1 1 1 1 1 1
1971-01-13T20:30:00 1971 1 13 20 30 0 15.6 3.5 404.0 5.15 1.77 8.33 0.0 0.0 2 2 1 0 0 2 2 1 1.0 1.31 8.0 3.5 3.5 3.5 3.5 3.5 3.5 0.004 0.0 0.077 0.0 0.0 0.0 1 1 1 1 1 1
1971-01-13T21:30:00 1971 1 13 21 30 0 15.8 -0.7 404.0 5.15 1.77 14.19 0.18 0.09 2 2 1 0 0 2 2 1 2.0 1.29 8.0 -0.7 -0.7 -0.7 -0.7 -0.7 -0.7 0.022 0.049 0.075 0.013 0.074 0.094 0 0 1 0 0 0
1971-01-13T22:30:00 1971 1 13 22 30 0 15.3 0.7 404.0 5.15 1.77 15.44 0.29 0.15 2 2 1 0 0 2 2 1 2.0 1.26 2.0 0.7 0.7 0.7 0.7 0.7 0.7 0.023 0.042 0.073 0.011 0.043 0.072 0 0 1 0 0 0
1971-01-13T23:30:00 1971 1 13 23 30 0 14.1 1.1 404.0 5.15 1.77 12.78 0.0 0.0 2 2 1 0 0 2 2 1 2.0 1.39 2.0 1.1 1.1 1.1 1.1 1.1 1.1 0.015 0.021 0.071 0.006 0.014 0.03 0 0 1 0 0 0
