1971-08-29T00:30:00 1971 8 29 0 30 0 2.5 -1.0 431.0 6.95 2.38 2.98 4.43 3.08 2 2 0 0 0 1 1 1 2.7 1.94 -12.0 -1.0 -1.0 -1.0 -1.0 -1.0 -1.0 0.265 0.426 0.27 0.251 0.563 0.957 0 0 0 0 0 0
1971-08-29T01:30:00 1971 8 29 1 30 0 -0.5 5.0 431.0 6.95 2.38 0.11 0.09 0.06 2 2 0 0 0 1 1 1 2.7 1.92 -11.0 5.0 5.0 5.0 5.0 5.0 5.0 0.18 0.211 0.262 0.141 0.178 0.397 0 0 0 0 0 0
1971-08-29T02:30:00 1971 8 29 2 30 0 -0.5 5.4 431.0 6.95 2.38 0.0 0.0 0.0 2 2 0 0 0 1 1 1 2.7 2.01 -5.0 5.4 5.4 5.4 5.4 5.4 5.4 0.122 0.105 0.254 0.079 0.056 0.165 0 0 0 0 0 0
1971-08-29T03:30:00 1971 8 29 3 30 0 -2.8 5.0 431.0 6.95 2.38 0.04 0.0 0.0 2 2 0 0 0 1 1 1 1.0 1.88 0.0 5.0 5.0 5.0 5.0 5.0 5.0 0.082 0.052 0.246 0.044 0.018 0.068 0 0 0 0 0 0
1971-08-29T04:30:00 1971 8 29 4 30 0 -3.3 6.2 431.0 6.95 2.38 0.14 0.0 0.0 2 2 0 0 0 1 1 1 1.0 1.75 1.0 6.2 6.2 6.2 6.2 6.2 6.2 0.056 0.026 0.238 0.025 0.006 0.028 0 0 0 0 0 0
1971-08-29T05:30:00 1971 8 29 5 30 0 -4.9 7.3 431.0 6.95 2.38 0.29 0.0 0.0 2 2 0 0 0 1 1 1 1.0 1.7 1.0 7.3 7.3 7.3 7.3 7.3 7.3 0.038 0.013 0.231 0.014 0.002 0.012 0 0 0 0 0 0
1971-08-29T06:30:00 1971 8 29 6 30 0 1.9 8.1 430.9 6.95 2.39 0.06 0.0 0.0 2 2 0 0 0 1 1 1 1.3 1.7 5.0 8.1 8.1 8.1 8.1 8.1 8.1 0.026 0.006 0.224 0.008 0.001 0.005 0 0 0 0 0 0
1971-08-29T07:30:00 1971 8 29 7 30 0 7.7 3.1 430.9 6.95 2.39 0.91 0.0 0.0 2 2 0 0 0 1 1 1 1.3 1.69 7.0 3.1 3.1 3.1 3.1 3.1 3.1 0.017 0.003 0.217 0.004 0.0 0.002 0 0 0 0 0 0
1971-08-29T08:30:00 1971 8 29 8 30 0 -2.5 1.9 430.9 6.95 2.39 0.53 0.0 0.0 2 2 0 0 0 1 1 1 1.3 1.52 8.0 1.9 1.9 1.9 1.9 1.9 1.9 0.012 0.002 0.211 0.002 0.0 0.001 0 0 0 0 0 0
1971-08-29T09:30:00 1971 8 29 9 30 0 -8.5 3.5 430.9 6.95 2.39 1.56 0.0 0.0 2 2 0 0 0 1 1 1 0.7 1.28 6.0 3.5 3.5 3.5 3.5 3.5 3.5 0.008 0.001 0.204 0.001 0.0 0.0 0 0 0 0 0 0
1971-08-29T10:30:00 1971 8 29 10 30 0 -6.1 6.1 430.9 6.95 2.39 1.8 0.0 0.0 2 2 0 0 0 1 1 1 0.7 1.04 6.0 6.1 6.1 6.1 6.1 6.1 6.1 0.005 0.0 0.198 0.001 0.0 0.0 0 0 0 0 0 0
1971-08-29T11:30:00 1971 8 29 11 30 0 -0.4 8.8 430.9 6.95 2.39 0.2 0.0 0.0 2 2 0 0 0 1 1 1 0.7 1.0 6.0 8.8 8.8 8.8 8.8 8.8 8.8 0.004 0.0 0.192 0.0 0.0 0.0 0 0 0 0 0 0
1971-08-29T12:30:00 1971 8 29 12 30 0 -1.6 9.3 430.9 6.95 2.39 0.0 0.0 0.0 2 2 0 0 0 1 1 1 2.3 1.17 1.0 9.3 9.3 9.3 9.3 9.3 9.3 0.002 0.0 0.186 0.0 0.0 0.0 0 0 0 0 0 0
1971-08-29T13:30:00 1971 8 29 13 30 0 -3.4 9.5 430.9 6.95 2.39 0.05 0.0 0.0 2 2 0 0 0 1 1 1 2.3 1.33 -1.0 9.5 9.5 9.5 9.5 9.5 9.5 0.002 0.0 0.18 0.0 0.0 0.0 0 0 0 0 0 0
1971-08-29T14:30:00 1971 8 29 14 30 0 -6.3 7.2 430.9 6.95 2.39 0.43 0.0 0.0 2 2 0 0 0 1 1 1 2.3 1.46 1.0 7.2 7.2 7.2 7.2 7.2 7.2 0.001 0.0 0.175 0.0 0.0 0.0 0 0 0 0 0 0
1971-08-29T15:30:00 1971 8 29 15 30 0 -8.0 4.0 430.9 6.95 2.39 1.65 0.0 0.0 2 2 0 0 0 1 1 1 2.0 1.55 0.0 4.0 4.0 4.0 4.0 4.0 4.0 0.001 0.0 0.169 0.0 0.0 0.0 0 0 0 0 0 0
1971-08-29T16:30:00 1971 8 29 16 30 0 -6.7 1.0 430.9 6.95 2.39 2.72 0.0 0.0 2 2 0 0 0 1 1 1 2.0 1.64 -1.0 1.0 1.0 1.0 1.0 1.0 1.0 0.001 0.0 0.164 0.0 0.0 0.0 0 0 0 0 0 0
1971-08-29T17:30:00 1971 8 29 17 30 0 -5.7 4.1 430.9 6.95 2.39 1.78 0.0 0.0 2 2 0 0 0 1 1 1 2.0 1.8 -1.0 4.1 4.1 4.1 4.1 4.1 4.1 0.0 0.0 0.159 0.0 0.0 0.0 0 0 0 0 0 0
1971-08-29T18:30:00 1971 8 29 18 30 0 -5.2 5.4 430.9 6.95 2.39 0.84 0.0 0.0 2 2 0 0 0 1 1 1 0.7 1.78 0.0 5.4 5.4 5.4 5.4 5.4 5.4 0.0 0.0 0.154 0.0 0.0 0.0 0 0 0 0 0 0
1971-08-29T19:30:00 1971 8 29 19 30 0 -4.9 3.1 430.9 6.95 2.39 0.77 0.0 0.0 2 2 0 0 0 1 1 1 0.7 1.77 -1.0 3.1 3.1 3.1 3.1 3.1 3.1 0.0 0.0 0.15 0.0 0.0 0.0 0 0 0 0 0 0
1971-08-29T20:30:00 1971 8 29 20 30 0 -5.4 -0.7 430.9 6.95 2.39 1.8 0.21 0.14 2 2 0 0 0 1 1 1 0.7 1.57 -4.0 -0.7 -0.7 -0.7 -0.7 -0.7 -0.7 0.023 0.057 0.146 0.016 0.093 0.161 0 0 0 0 0 0
1971-08-29T21:30:00 1971 8 29 21 30 0 -6.5 1.9 430.9 6.95 2.39 2.53 0.14 0.1 2 2 0 0 0 1 1 1 1.3 1.45 -6.0 1.9 1.9 1.9 1.9 1.9 1.9 0.017 0.034 0.142 0.009 0.036 0.087 0 0 0 0 0 0
1971-08-29T22:30:00 1971 8 29 22 30 0 -5.1 -1.9 430.9 6.95 2.39 2.96 1.19 0.83 2 2 0 0 0 1 1 1 1.3 1.33 -2.0 -1.9 -1.9 -1.9 -1.9 -1.9 -1.9 0.093 0.186 0.142 0.083 0.283 0.461 0 0 0 0 0 0
1971-08-29T23:30:00 1971 8 29 23 30 0 -3.2 -4.9 430.9 6.95 2.39 5.33 7.59 5.28 2 2 0 0 0 1 1 1 1.3 1.24 -6.0 -4.9 -4.9 -4.9 -4.9 -4.9 -4.9 0.412 0.655 0.174 0.528 0.94 1.383 0 0 0 0 0 0
