1971-06-02T00:30:00 1971 6 2 0 30 0 -1.2 -2.0 572.0 7.4 5.16 3.01 8.01 6.21 2 2 2 2 2 2 2 2 4.0 4.04 -13.0 -2.0 -2.0 -2.0 -2.0 -2.0 -2.0 0.826 0.834 0.668 0.841 1.353 3.114 2 2 2 2 2 2
1971-06-02T01:30:00 1971 6 2 1 30 0 -5.7 0.0 602.0 6.5 4.89 2.47 2.67 1.89 2 2 2 2 2 2 2 2 4.0 4.0 -11.0 0.0 0.0 0.0 0.0 0.0 0.0 0.654 0.567 0.657 0.553 0.738 2.043 2 2 2 2 2 2
1971-06-02T02:30:00 1971 6 2 2 30 0 -4.4 -1.1 610.0 6.6 5.09 3.58 1.81 1.19 2 2 2 2 2 2 2 2 4.0 4.0 -9.0 -1.1 -1.1 -1.1 -1.1 -1.1 -1.1 0.546 0.47 0.646 0.396 0.694 1.885 2 2 2 2 2 2
1971-06-02T03:30:00 1971 6 2 3 30 0 -6.9 -1.1 608.0 7.0 5.18 5.26 3.35 2.28 2 2 2 2 2 2 2 2 4.3 4.04 -21.0 -1.1 -1.1 -1.1 -1.1 -1.1 -1.1 0.524 0.488 0.642 0.364 0.823 2.152 2 2 2 2 2 2
1971-06-02T04:30:00 1971 6 2 4 30 0 -7.2 -1.4 602.0 6.1 4.64 7.44 3.82 2.48 2 2 2 2 2 2 2 2 4.3 4.08 -20.0 -1.4 -1.4 -1.4 -1.4 -1.4 -1.4 0.526 0.517 0.64 0.374 0.911 2.227 2 2 2 2 2 2
1971-06-02T05:30:00 1971 6 2 5 30 0 -6.3 -2.9 599.0 6.1 4.69 8.5 6.64 4.05 2 2 2 2 2 2 2 2 4.3 4.12 -19.0 -2.9 -2.9 -2.9 -2.9 -2.9 -2.9 0.64 0.663 0.66 0.576 1.265 2.646 2 2 2 2 2 2
1971-06-02T06:30:00 1971 6 2 6 30 0 -6.6 0.4 586.0 6.3 4.54 6.27 3.44 2.12 2 2 2 2 2 2 2 2 3.7 4.08 -16.0 0.4 0.4 0.4 0.4 0.4 0.4 0.542 0.492 0.653 0.428 0.736 1.817 2 2 2 2 2 2
1971-06-02T07:30:00 1971 6 2 7 30 0 -4.3 -0.8 586.0 6.6 4.86 3.54 0.88 0.58 2 2 2 2 2 2 2 2 3.7 4.04 -14.0 -0.8 -0.8 -0.8 -0.8 -0.8 -0.8 0.426 0.365 0.637 0.283 0.52 1.402 2 2 2 2 2 2
1971-06-02T08:30:00 1971 6 2 8 30 0 -4.49 -0.74 586.0 8.7 5.98 2.95 2.25 1.74 1 1 2 2 2 1 2 2 3.7 4.0 -18.0 -0.84 -0.8 -0.92 -0.91 -0.8 -0.76 0.412 0.401 0.629 0.266 0.651 1.853 2 1 2 2 1 1
1971-06-02T09:30:00 1971 6 2 9 30 0 -4.9 0.15 590.8 8.1 5.62 2.81 0.81 0.69 1 1 1 1 1 1 1 1 4.3 4.03 -28.0 -0.26 -0.09 -0.58 -0.56 -0.11 0.04 0.354 0.314 0.618 0.228 0.453 1.325 2 1 2 1 1 1
1971-06-02T10:30:00 1971 6 2 10 30 0 -5.31 3.65 595.5 7.5 5.27 1.81 0.0 0.0 1 1 1 1 1 1 1 1 4.3 4.07 -23.0 3.55 3.59 3.47 3.47 3.59 3.63 0.24 0.156 0.599 0.128 0.143 0.55 2 1 2 1 1 1
1971-06-02T11:30:00 1971 6 2 11 30 0 -5.5 4.6 600.2 6.9 4.91 1.28 0.0 0.0 2 2 1 1 1 2 2 1 4.3 4.08 -26.0 4.6 4.6 4.6 4.6 4.6 4.6 0.162 0.077 0.581 0.072 0.045 0.228 2 1 2 1 1 1
1971-06-02T12:30:00 1971 6 2 12 30 0 -4.0 -2.6 605.0 6.3 4.56 2.55 1.76 1.12 2 2 2 2 2 2 2 2 4.0 4.04 -19.0 -2.6 -2.6 -2.6 -2.6 -2.6 -2.6 0.229 0.231 0.577 0.191 0.523 1.02 2 2 2 2 2 2
1971-06-02T13:30:00 1971 6 2 13 30 0 -2.9 -1.8 605.0 8.6 6.3 3.8 6.55 4.9 2 2 2 2 2 2 2 2 4.0 4.0 -29.0 -1.8 -1.8 -1.8 -1.8 -1.8 -1.8 0.434 0.524 0.597 0.443 1.128 2.651 2 2 2 2 2 2
1971-06-02T14:30:00 1971 6 2 14 30 0 -5.3 -1.5 605.0 8.6 6.3 3.93 4.95 4.26 2 2 2 2 2 2 2 2 4.0 4.04 -30.0 -1.5 -1.5 -1.5 -1.5 -1.5 -1.5 0.525 0.622 0.607 0.5 1.199 3.291 2 2 2 2 2 2
1971-06-02T15:30:00 1971 6 2 15 30 0 -3.7 -3.1 669.0 3.3 2.84 5.72 7.61 4.1 2 2 2 2 2 2 2 2 3.7 4.04 -30.0 -3.1 -3.1 -3.1 -3.1 -3.1 -3.1 0.647 0.692 0.635 0.673 1.412 2.946 2 2 2 2 2 2
1971-06-02T16:30:00 1971 6 2 16 30 0 -2.9 -1.5 669.0 4.4 3.94 4.2 7.47 2.86 2 2 2 2 2 2 2 2 3.7 4.03 -33.0 -1.5 -1.5 -1.5 -1.5 -1.5 -1.5 0.667 0.644 0.652 0.659 1.282 2.397 2 2 2 2 2 2
1971-06-02T17:30:00 1971 6 2 17 30 0 -1.1 -1.2 669.0 4.4 3.94 1.56 4.47 1.97 2 2 2 2 2 2 2 2 3.7 3.96 -31.0 -1.2 -1.2 -1.2 -1.2 -1.2 -1.2 0.613 0.555 0.653 0.534 1.056 2.046 2 2 2 2 2 2
1971-06-02T18:30:00 1971 6 2 18 30 0 -0.4 -0.1 646.0 3.8 3.36 0.31 1.99 0.83 2 2 2 2 2 2 2 2 5.3 4.09 -32.0 -0.1 -0.1 -0.1 -0.1 -0.1 -0.1 0.478 0.381 0.639 0.344 0.597 1.322 2 2 2 2 2 2
1971-06-02T19:30:00 1971 6 2 19 30 0 -1.9 -1.4 645.0 3.1 2.7 0.65 2.59 0.86 2 2 2 2 2 2 2 2 5.3 4.23 -32.0 -1.4 -1.4 -1.4 -1.4 -1.4 -1.4 0.429 0.356 0.63 0.29 0.647 1.114 2 2 2 2 2 2
1971-06-02T20:30:00 1971 6 2 20 30 0 -0.5 -2.8 649.0 3.3 2.82 2.16 6.99 2.25 2 2 2 2 2 2 2 2 5.3 4.39 -32.0 -2.8 -2.8 -2.8 -2.8 -2.8 -2.8 0.521 0.479 0.646 0.462 1.041 1.366 2 2 2 2 2 2
1971-06-02T21:30:00 1971 6 2 21 30 0 -2.3 -1.3 659.0 3.2 2.82 2.12 6.5 2.11 2 2 2 2 2 2 2 2 4.0 4.39 -35.0 -1.3 -1.3 -1.3 -1.3 -1.3 -1.3 0.54 0.488 0.654 0.475 1.007 1.355 2 2 2 2 2 2
1971-06-02T22:30:00 1971 6 2 22 30 0 -1.4 -1.8 667.0 3.5 3.08 1.71 5.21 1.76 2 2 2 2 2 2 2 2 4.0 4.38 -32.0 -1.8 -1.8 -1.8 -1.8 -1.8 -1.8 0.542 0.487 0.658 0.464 1.01 1.41 2 2 2 2 2 2
1971-06-02T23:30:00 1971 6 2 23 30 0 -2.9 -1.3 662.0 2.7 2.37 1.98 5.08 1.57 2 2 2 2 2 2 2 2 4.0 4.41 -27.0 -1.3 -1.3 -1.3 -1.3 -1.3 -1.3 0.521 0.454 0.658 0.422 0.908 1.243 2 2 2 2 2 2
