1971-08-14T00:30:00 1971 8 14 0 30 0 -0.66 0.03 432.6 6.77 2.36 0.04 0.0 0.0 0 0 0 0 0 0 0 0 1.7 1.29 -17.0 -1.06 -0.78 -1.59 -1.55 -0.81 -0.57 0.326 0.37 0.273 0.318 0.411 0.706 0 0 0 0 0 0
1971-08-14T01:30:00 1971 8 14 1 30 0 -0.66 0.03 432.6 6.77 2.36 0.04 0.0 0.0 0 0 0 0 0 0 0 0 1.7 1.34 -17.0 -1.06 -0.78 -1.59 -1.56 -0.81 -0.57 0.334 0.373 0.276 0.323 0.411 0.711 0 0 0 0 0 0
1971-08-14T02:30:00 1971 8 14 2 30 0 -0.66 0.03 432.6 6.78 2.36 0.04 0.0 0.0 0 0 0 0 0 0 0 0 1.7 1.46 -16.0 -1.06 -0.78 -1.59 -1.56 -0.81 -0.57 0.339 0.374 0.279 0.326 0.411 0.713 0 0 0 0 0 0
1971-08-14T03:30:00 1971 8 14 3 30 0 -0.66 0.02 432.6 6.78 2.36 0.04 0.0 0.0 0 0 0 0 0 0 0 0 1.0 1.49 -12.0 -1.06 -0.78 -1.59 -1.56 -0.81 -0.57 0.342 0.375 0.282 0.328 0.411 0.714 0 0 0 0 0 0
1971-08-14T04:30:00 1971 8 14 4 30 0 -0.65 0.02 432.6 6.78 2.36 0.04 0.0 0.0 0 0 0 0 0 0 0 0 1.0 1.52 -8.0 -1.06 -0.78 -1.59 -1.56 -0.81 -0.57 0.344 0.375 0.285 0.329 0.411 0.715 0 0 0 0 0 0
1971-08-14T05:30:00 1971 8 14 5 30 0 -0.65 0.02 432.6 6.78 2.36 0.04 0.0 0.0 0 0 0 0 0 0 0 0 1.0 1.43 -3.0 -1.06 -0.78 -1.59 -1.56 -0.81 -0.57 0.346 0.375 0.288 0.329 0.411 0.715 0 0 0 0 0 0
1971-08-14T06:30:00 1971 8 14 6 30 0 -0.65 0.02 432.6 6.78 2.36 0.04 0.0 0.0 0 0 0 0 0 0 0 0 0.3 1.25 0.0 -1.06 -0.78 -1.59 -1.56 -0.81 -0.57 0.347 0.375 0.29 0.329 0.411 0.715 0 0 0 0 0 0
1971-08-14T07:30:00 1971 8 14 7 30 0 -0.65 0.02 432.6 6.78 2.36 0.04 0.0 0.0 0 0 0 0 0 0 0 0 0.3 1.07 0.0 -1.07 -0.79 -1.59 -1.56 -0.81 -0.57 0.348 0.376 0.293 0.33 0.411 0.715 0 0 0 0 0 0
1971-08-14T08:30:00 1971 8 14 8 30 0 -0.64 0.02 432.6 6.78 2.36 0.04 0.0 0.0 0 0 0 0 0 0 0 0 0.3 0.9 -1.0 -1.07 -0.79 -1.59 -1.56 -0.81 -0.57 0.349 0.378 0.295 0.33 0.411 0.715 0 0 0 0 0 0
1971-08-14T09:30:00 1971 8 14 9 30 0 -0.64 0.02 432.6 6.78 2.36 0.04 0.0 0.0 0 0 0 0 0 0 0 0 0.7 0.78 -1.0 -1.07 -0.79 -1.59 -1.56 -0.82 -0.57 0.35 0.378 0.298 0.33 0.413 0.715 0 0 0 0 0 0
1971-08-14T10:30:00 1971 8 14 10 30 0 -0.35 0.02 432.6 6.78 2.36 0.02 0.0 0.0 1 0 0 0 0 0 0 0 0.7 0.66 -3.0 -1.07 -0.79 -1.59 -1.56 -0.82 -0.57 0.351 0.378 0.3 0.33 0.414 0.715 0 0 0 0 0 0
1971-08-14T11:30:00 1971 8 14 11 30 0 0.42 0.02 432.6 6.78 2.36 0.0 0.0 0.0 1 0 0 0 0 0 0 0 0.7 0.62 -4.0 -1.07 -0.79 -1.59 -1.56 -0.82 -0.57 0.351 0.379 0.302 0.33 0.414 0.715 0 0 0 0 0 0
1971-08-14T12:30:00 1971 8 14 12 30 0 1.19 -0.31 432.6 6.78 2.36 0.1 0.34 0.23 1 1 0 0 0 1 1 0 1.0 0.63 -3.0 -1.25 -1.01 -1.71 -1.68 -1.03 -0.82 0.362 0.402 0.305 0.339 0.449 0.778 0 0 0 0 0 0
1971-08-14T13:30:00 1971 8 14 13 30 0 1.6 -2.03 432.6 6.78 2.36 0.75 2.69 1.82 1 1 0 0 0 1 1 0 1.0 0.63 -1.0 -2.23 -2.18 -2.33 -2.32 -2.18 -2.14 0.432 0.53 0.312 0.404 0.637 1.073 0 0 0 0 0 0
1971-08-14T14:30:00 1971 8 14 14 30 0 1.6 -2.5 432.6 6.78 2.36 1.71 4.94 3.35 2 2 0 0 0 1 1 1 1.0 0.72 -1.0 -2.5 -2.5 -2.5 -2.5 -2.5 -2.5 0.522 0.664 0.323 0.485 0.798 1.339 0 0 0 0 0 0
1971-08-14T15:30:00 1971 8 14 15 30 0 1.9 -2.5 432.6 6.78 2.36 2.04 5.41 3.67 2 2 0 0 0 1 1 1 1.3 0.85 -3.0 -2.5 -2.5 -2.5 -2.5 -2.5 -2.5 0.592 0.742 0.333 0.538 0.864 1.471 0 0 0 0 0 0
1971-08-14T16:30:00 1971 8 14 16 30 0 0.6 -0.7 432.6 6.79 2.36 0.9 3.3 2.24 2 2 0 0 0 1 1 1 1.3 0.97 -6.0 -0.7 -0.7 -0.7 -0.7 -0.7 -0.7 0.536 0.627 0.333 0.419 0.64 1.234 0 0 0 0 0 0
1971-08-14T17:30:00 1971 8 14 17 30 0 1.0 0.1 432.5 6.79 2.36 0.11 0.6 0.41 2 2 0 0 0 1 1 1 1.3 1.04 -7.0 0.1 0.1 0.1 0.1 0.1 0.1 0.388 0.373 0.324 0.246 0.281 0.69 0 0 0 0 0 0
1971-08-14T18:30:00 1971 8 14 18 30 0 0.9 1.1 432.5 6.79 2.36 0.04 0.0 0.0 2 2 0 0 0 1 1 1 0.7 1.04 -7.0 1.1 1.1 1.1 1.1 1.1 1.1 0.263 0.185 0.314 0.138 0.089 0.286 0 0 0 0 0 0
1971-08-14T19:30:00 1971 8 14 19 30 0 0.6 1.4 432.5 6.79 2.36 0.01 0.0 0.0 2 2 0 0 0 1 1 1 0.7 1.04 -8.0 1.4 1.4 1.4 1.4 1.4 1.4 0.178 0.092 0.304 0.077 0.028 0.119 0 0 0 0 0 0
1971-08-14T20:30:00 1971 8 14 20 30 0 1.4 -0.5 432.5 6.79 2.36 0.1 0.19 0.13 2 2 0 0 0 1 1 1 0.7 1.0 -9.0 -0.5 -0.5 -0.5 -0.5 -0.5 -0.5 0.138 0.096 0.296 0.054 0.09 0.203 0 0 0 0 0 0
1971-08-14T21:30:00 1971 8 14 21 30 0 0.9 -2.0 432.5 6.79 2.36 0.68 2.84 1.93 2 2 0 0 0 1 1 1 1.3 1.03 -11.0 -2.0 -2.0 -2.0 -2.0 -2.0 -2.0 0.244 0.34 0.297 0.171 0.468 0.786 0 0 0 0 0 0
1971-08-14T22:30:00 1971 8 14 22 30 0 0.6 0.5 432.5 6.79 2.36 0.31 1.55 1.06 2 2 0 0 0 1 1 1 1.3 1.07 -13.0 0.5 0.5 0.5 0.5 0.5 0.5 0.22 0.277 0.291 0.134 0.287 0.599 0 0 0 0 0 0
1971-08-14T23:30:00 1971 8 14 23 30 0 0.7 1.05 432.5 6.79 2.36 0.01 0.0 0.0 1 1 0 0 0 1 1 0 1.3 1.08 -9.0 1.05 1.05 1.05 1.05 1.05 1.05 0.149 0.138 0.282 0.075 0.091 0.248 0 0 0 0 0 0
