1971-11-27T00:30:00 1971 11 27 0 30 0 -1.3 1.8 431.4 7.22 2.48 0.03 0.0 0.0 1 1 0 0 0 1 1 0 2.0 1.8 -26.0 1.62 1.67 1.54 1.55 1.66 1.7 0.046 0.007 0.417 0.011 0.0 0.004 0 0 0 0 0 0
1971-11-27T01:30:00 1971 11 27 1 30 0 -1.14 0.34 431.4 7.22 2.48 0.05 0.0 0.0 1 1 0 0 0 1 1 0 2.0 1.72 -25.0 -0.51 -0.31 -0.9 -0.87 -0.33 -0.15 0.049 0.037 0.406 0.032 0.057 0.077 0 0 0 0 0 0
1971-11-27T02:30:00 1971 11 27 2 30 0 -0.84 0.06 431.4 7.22 2.48 0.07 0.0 0.0 1 0 0 0 0 0 0 0 2.0 1.61 -25.0 -0.92 -0.69 -1.36 -1.33 -0.71 -0.51 0.121 0.175 0.402 0.121 0.251 0.402 0 0 0 0 0 0
1971-11-27T03:30:00 1971 11 27 3 30 0 -0.54 0.06 431.4 7.22 2.48 0.04 0.0 0.0 1 0 0 0 0 0 0 0 2.3 1.53 -26.0 -0.92 -0.69 -1.36 -1.33 -0.71 -0.51 0.184 0.266 0.399 0.189 0.341 0.592 0 0 0 0 0 0
1971-11-27T04:30:00 1971 11 27 4 30 0 -0.43 0.06 431.4 7.22 2.48 0.02 0.0 0.0 0 0 0 0 0 0 0 0 2.3 1.46 -26.0 -0.92 -0.69 -1.36 -1.33 -0.71 -0.51 0.226 0.311 0.396 0.227 0.37 0.67 0 0 0 0 0 0
1971-11-27T05:30:00 1971 11 27 5 30 0 -0.43 0.06 431.4 7.22 2.48 0.01 0.0 0.0 0 0 0 0 0 0 0 0 2.3 1.71 -25.0 -0.92 -0.69 -1.36 -1.33 -0.71 -0.51 0.255 0.334 0.393 0.248 0.379 0.703 0 0 0 0 0 0
1971-11-27T06:30:00 1971 11 27 6 30 0 -0.43 0.05 431.5 7.22 2.48 0.01 0.0 0.0 0 0 0 0 0 0 0 0 1.3 1.82 -26.0 -0.92 -0.69 -1.36 -1.33 -0.71 -0.51 0.275 0.345 0.391 0.26 0.382 0.717 0 0 0 0 0 0
1971-11-27T07:30:00 1971 11 27 7 30 0 -0.43 0.05 431.5 7.22 2.48 0.01 0.0 0.0 0 0 0 0 0 0 0 0 1.3 1.93 -26.0 -0.92 -0.69 -1.36 -1.33 -0.71 -0.51 0.288 0.35 0.388 0.266 0.383 0.722 0 0 0 0 0 0
1971-11-27T08:30:00 1971 11 27 8 30 0 -0.43 0.05 431.5 7.22 2.48 0.01 0.0 0.0 0 0 0 0 0 0 0 0 1.3 1.84 -24.0 -0.92 -0.69 -1.36 -1.33 -0.71 -0.51 0.297 0.353 0.386 0.27 0.384 0.725 0 0 0 0 0 0
1971-11-27T09:30:00 1971 11 27 9 30 0 -0.43 0.05 431.5 7.22 2.48 0.01 0.0 0.0 0 0 0 0 0 0 0 0 1.7 1.8 -22.0 -0.92 -0.69 -1.36 -1.33 -0.71 -0.51 0.303 0.354 0.384 0.272 0.384 0.726 0 0 0 0 0 0
1971-11-27T10:30:00 1971 11 27 10 30 0 -0.43 0.05 431.5 7.22 2.48 0.01 0.0 0.0 0 0 0 0 0 0 0 0 1.7 1.77 -21.0 -0.92 -0.69 -1.36 -1.33 -0.71 -0.51 0.307 0.355 0.381 0.273 0.384 0.726 0 0 0 0 0 0
1971-11-27T11:30:00 1971 11 27 11 30 0 -0.42 0.05 431.5 7.22 2.48 0.01 0.0 0.0 0 0 0 0 0 0 0 0 1.7 1.69 -22.0 -0.92 -0.69 -1.36 -1.33 -0.71 -0.51 0.31 0.355 0.379 0.274 0.384 0.726 0 0 0 0 0 0
1971-11-27T12:30:00 1971 11 27 12 30 0 -0.42 0.05 431.5 7.22 2.48 0.01 0.0 0.0 0 0 0 0 0 0 0 0 1.7 1.62 -22.0 -0.92 -0.69 -1.36 -1.33 -0.71 -0.51 0.312 0.356 0.377 0.274 0.384 0.726 0 0 0 0 0 0
1971-11-27T13:30:00 1971 11 27 13 30 0 -0.42 0.05 431.5 7.22 2.48 0.01 0.0 0.0 0 0 0 0 0 0 0 0 1.7 1.56 -22.0 -0.92 -0.69 -1.36 -1.33 -0.71 -0.51 0.313 0.356 0.375 0.274 0.384 0.726 0 0 0 0 0 0
1971-11-27T14:30:00 1971 11 27 14 30 0 -0.42 0.05 431.5 7.22 2.48 0.01 0.0 0.0 0 0 0 0 0 0 0 0 1.7 1.6 -24.0 -0.92 -0.69 -1.36 -1.33 -0.71 -0.51 0.314 0.356 0.373 0.275 0.384 0.726 0 0 0 0 0 0
1971-11-27T15:30:00 1971 11 27 15 30 0 -0.42 0.05 431.5 7.22 2.48 0.01 0.0 0.0 0 0 0 0 0 0 0 0 2.7 1.78 -27.0 -0.92 -0.69 -1.36 -1.33 -0.71 -0.51 0.314 0.356 0.371 0.275 0.384 0.726 0 0 0 0 0 0
1971-11-27T16:30:00 1971 11 27 16 30 0 -0.42 0.05 431.5 7.22 2.48 0.01 0.0 0.0 0 0 0 0 0 0 0 0 2.7 1.96 -28.0 -0.92 -0.69 -1.36 -1.33 -0.71 -0.51 0.315 0.356 0.369 0.275 0.384 0.726 0 0 0 0 0 0
1971-11-27T17:30:00 1971 11 27 17 30 0 -0.42 0.05 431.5 7.22 2.48 0.01 0.0 0.0 0 0 0 0 0 0 0 0 2.7 2.09 -26.0 -0.92 -0.69 -1.36 -1.33 -0.71 -0.51 0.315 0.356 0.367 0.275 0.384 0.726 0 0 0 0 0 0
1971-11-27T18:30:00 1971 11 27 18 30 0 -0.42 0.05 431.5 7.22 2.48 0.01 0.0 0.0 0 0 0 0 0 0 0 0 2.0 2.12 -21.0 -0.92 -0.69 -1.36 -1.33 -0.71 -0.51 0.315 0.356 0.365 0.275 0.384 0.726 0 0 0 0 0 0
1971-11-27T19:30:00 1971 11 27 19 30 0 -0.42 0.05 431.5 7.22 2.48 0.01 0.0 0.0 0 0 0 0 0 0 0 0 2.0 2.16 -18.0 -0.92 -0.69 -1.36 -1.33 -0.71 -0.51 0.315 0.356 0.364 0.275 0.384 0.726 0 0 0 0 0 0
1971-11-27T20:30:00 1971 11 27 20 30 0 -0.42 0.05 431.5 7.22 2.48 0.01 0.0 0.0 0 0 0 0 0 0 0 0 2.0 2.19 -20.0 -0.92 -0.69 -1.36 -1.33 -0.71 -0.51 0.316 0.356 0.362 0.275 0.384 0.726 0 0 0 0 0 0
1971-11-27T21:30:00 1971 11 27 21 30 0 -0.42 0.05 431.5 7.22 2.48 0.01 0.0 0.0 0 0 0 0 0 0 0 0 2.3 2.26 -27.0 -0.92 -0.69 -1.36 -1.34 -0.71 -0.51 0.316 0.356 0.36 0.276 0.384 0.726 0 0 0 0 0 0
1971-11-27T22:30:00 1971 11 27 22 30 0 -0.42 0.05 431.5 7.22 2.48 0.01 0.0 0.0 0 0 0 0 0 0 0 0 2.3 2.33 -33.0 -0.92 -0.69 -1.36 -1.34 -0.71 -0.51 0.316 0.356 0.359 0.276 0.384 0.726 0 0 0 0 0 0
1971-11-27T23:30:00 1971 11 27 23 30 0 -0.42 0.05 431.5 7.22 2.48 0.01 0.0 0.0 0 0 0 0 0 0 0 0 2.3 2.28 -35.0 -0.92 -0.69 -1.36 -1.34 -0.71 -0.51 0.316 0.356 0.357 0.277 0.384 0.726 0 0 0 0 0 0
