1971-12-27T00:30:00 1971 12 27 0 30 0 0.07 0.44 436.5 7.07 2.51 0.0 0.0 0.0 0 0 0 0 0 0 0 0 2.0 2.38 -36.0 -1.03 -0.75 -1.61 -1.57 -0.78 -0.54 0.349 0.373 0.361 0.342 0.413 0.749 0 0 0 0 0 0
1971-12-27T01:30:00 1971 12 27 1 30 0 0.06 0.44 436.5 7.07 2.51 0.0 0.0 0.0 0 0 0 0 0 0 0 0 2.0 2.38 -37.0 -1.03 -0.75 -1.61 -1.57 -0.78 -0.54 0.349 0.373 0.362 0.342 0.413 0.749 0 0 0 0 0 0
1971-12-27T02:30:00 1971 12 27 2 30 0 0.06 0.44 436.5 7.07 2.51 0.0 0.0 0.0 0 0 0 0 0 0 0 0 2.0 2.37 -36.0 -1.03 -0.75 -1.61 -1.57 -0.78 -0.54 0.349 0.373 0.363 0.342 0.413 0.749 0 0 0 0 0 0
1971-12-27T03:30:00 1971 12 27 3 30 0 0.06 0.44 436.5 7.07 2.51 0.0 0.0 0.0 0 0 0 0 0 0 0 0 2.3 2.41 -34.0 -1.03 -0.75 -1.61 -1.57 -0.78 -0.54 0.349 0.373 0.364 0.342 0.413 0.749 0 0 0 0 0 0
1971-12-27T04:30:00 1971 12 27 4 30 0 0.3 0.44 436.5 7.07 2.51 0.0 0.0 0.0 1 0 0 0 0 0 0 0 2.3 2.44 -32.0 -1.03 -0.75 -1.61 -1.57 -0.78 -0.54 0.349 0.373 0.365 0.342 0.413 0.749 0 0 0 0 0 0
1971-12-27T05:30:00 1971 12 27 5 30 0 0.93 0.43 436.5 7.07 2.51 0.02 0.0 0.0 1 0 0 0 0 0 0 0 2.3 2.36 -33.0 -1.03 -0.75 -1.61 -1.57 -0.78 -0.54 0.349 0.373 0.366 0.342 0.413 0.749 0 0 0 0 0 0
1971-12-27T06:30:00 1971 12 27 6 30 0 1.56 0.01 436.5 7.07 2.51 0.13 0.0 0.0 1 1 0 0 0 1 1 0 2.3 2.27 -32.0 -1.27 -1.03 -1.78 -1.74 -1.05 -0.84 0.363 0.404 0.368 0.356 0.46 0.831 0 0 0 0 0 0
1971-12-27T07:30:00 1971 12 27 7 30 0 1.9 -2.28 436.5 7.07 2.51 0.92 2.69 1.9 1 1 0 0 0 1 1 0 2.3 2.19 -31.0 -2.55 -2.5 -2.66 -2.65 -2.5 -2.46 0.456 0.565 0.376 0.454 0.7 1.208 0 0 0 0 0 0
1971-12-27T08:30:00 1971 12 27 8 30 0 1.9 -2.9 436.5 7.07 2.51 2.28 5.71 4.04 2 2 0 0 0 1 1 1 2.3 2.23 -29.0 -2.9 -2.9 -2.9 -2.9 -2.9 -2.9 0.576 0.732 0.39 0.574 0.901 1.543 0 0 0 0 0 0
1971-12-27T09:30:00 1971 12 27 9 30 0 1.0 -2.6 436.5 7.07 2.51 2.22 5.97 4.22 2 2 0 0 0 1 1 1 1.0 2.09 -29.0 -2.6 -2.6 -2.6 -2.6 -2.6 -2.6 0.65 0.806 0.402 0.625 0.948 1.667 0 0 0 0 0 0
1971-12-27T10:30:00 1971 12 27 10 30 0 0.2 -2.4 436.5 7.07 2.51 1.65 5.44 3.84 2 2 0 0 0 1 1 1 1.0 1.96 -30.0 -2.4 -2.4 -2.4 -2.4 -2.4 -2.4 0.681 0.818 0.411 0.619 0.924 1.671 0 0 0 0 0 0
1971-12-27T11:30:00 1971 12 27 11 30 0 0.95 -1.85 436.5 7.07 2.51 1.21 4.59 3.24 1 1 0 0 0 1 1 0 1.0 1.8 -26.0 -1.85 -1.85 -1.85 -1.85 -1.85 -1.85 0.665 0.772 0.415 0.557 0.835 1.575 0 0 0 0 0 0
1971-12-27T12:30:00 1971 12 27 12 30 0 1.7 -1.3 436.5 7.07 2.51 0.91 3.39 2.39 2 2 0 0 0 1 1 1 0.0 1.5 -23.0 -1.3 -1.3 -1.3 -1.3 -1.3 -1.3 0.605 0.679 0.413 0.452 0.699 1.397 0 0 0 0 0 0
1971-12-27T13:30:00 1971 12 27 13 30 0 2.4 0.3 436.5 7.07 2.51 0.57 1.04 0.73 2 2 0 0 0 1 1 1 0.0 1.21 -24.0 0.3 0.3 0.3 0.3 0.3 0.3 0.449 0.422 0.403 0.277 0.331 0.82 0 0 0 0 0 0
1971-12-27T14:30:00 1971 12 27 14 30 0 2.4 0.32 436.5 7.07 2.51 0.43 0.0 0.0 1 1 0 0 0 1 1 0 0.0 0.92 -27.0 0.05 0.1 -0.05 -0.05 0.1 0.14 0.304 0.21 0.39 0.155 0.105 0.34 0 0 0 0 0 0
1971-12-27T15:30:00 1971 12 27 15 30 0 2.3 0.4 436.5 7.07 2.51 0.4 0.0 0.0 1 1 0 0 0 1 1 0 0.0 0.64 -27.0 -0.86 -0.62 -1.37 -1.34 -0.64 -0.43 0.27 0.221 0.384 0.164 0.214 0.409 0 0 0 0 0 0
1971-12-27T16:30:00 1971 12 27 16 30 0 2.2 0.56 436.5 7.07 2.51 0.34 0.0 0.0 1 1 0 0 0 1 1 0 0.0 0.36 -27.0 -0.7 -0.46 -1.21 -1.17 -0.48 -0.27 0.269 0.255 0.381 0.201 0.283 0.501 0 0 0 0 0 0
1971-12-27T17:30:00 1971 12 27 17 30 0 2.1 1.38 436.5 7.07 2.51 0.23 0.0 0.0 1 1 0 0 0 1 1 0 0.0 0.24 -26.0 1.11 1.16 1.0 1.0 1.15 1.2 0.189 0.133 0.371 0.123 0.098 0.208 0 0 0 0 0 0
1971-12-27T18:30:00 1971 12 27 18 30 0 2.1 1.6 436.5 7.07 2.51 0.16 0.0 0.0 2 2 0 0 0 1 1 1 0.0 0.12 -26.0 1.6 1.6 1.6 1.6 1.6 1.6 0.128 0.066 0.359 0.069 0.031 0.086 0 0 0 0 0 0
1971-12-27T19:30:00 1971 12 27 19 30 0 1.5 0.8 436.5 7.07 2.51 0.13 0.0 0.0 2 2 0 0 0 1 1 1 0.0 0.0 -23.0 0.8 0.8 0.8 0.8 0.8 0.8 0.087 0.033 0.348 0.038 0.01 0.036 0 0 0 0 0 0
1971-12-27T20:30:00 1971 12 27 20 30 0 0.0 0.4 436.5 7.07 2.51 0.03 0.0 0.0 2 2 0 0 0 1 1 1 0.0 0.0 -22.0 0.4 0.4 0.4 0.4 0.4 0.4 0.059 0.016 0.338 0.022 0.003 0.015 0 0 0 0 0 0
1971-12-27T21:30:00 1971 12 27 21 30 0 -0.1 1.15 436.5 7.07 2.51 0.0 0.0 0.0 1 1 0 0 0 1 1 0 0.0 0.0 -18.0 1.15 1.15 1.15 1.15 1.15 1.15 0.04 0.008 0.327 0.012 0.001 0.006 0 0 0 0 0 0
1971-12-27T22:30:00 1971 12 27 22 30 0 -0.2 1.9 436.5 7.07 2.51 0.0 0.0 0.0 2 2 0 0 0 1 1 1 0.0 0.0 -17.0 1.9 1.9 1.9 1.9 1.9 1.9 0.027 0.004 0.317 0.007 0.0 0.003 0 0 0 0 0 0
1971-12-27T23:30:00 1971 12 27 23 30 0 -1.3 1.2 436.5 7.07 2.51 0.02 0.0 0.0 2 2 0 0 0 1 1 1 0.0 0.0 -19.0 1.2 1.2 1.2 1.2 1.2 1.2 0.018 0.002 0.308 0.004 0.0 0.001 0 0 0 0 0 0
