1971-07-25T00:30:00 1971 7 25 0 30 0 -1.12 0.42 404.2 6.54 2.33 0.06 0.0 0.0 0 0 1 0 0 0 1 0 0.7 0.77 -9.0 -0.78 -0.54 -1.27 -1.24 -0.56 -0.36 0.246 0.285 0.108 0.22 0.282 0.453 0 0 0 0 0 0
1971-07-25T01:30:00 1971 7 25 1 30 0 -1.12 0.42 403.9 6.54 2.33 0.06 0.0 0.0 0 0 1 0 0 0 1 0 0.7 0.7 -6.0 -0.78 -0.54 -1.27 -1.24 -0.56 -0.36 0.247 0.285 0.112 0.221 0.281 0.454 0 0 0 0 0 0
1971-07-25T02:30:00 1971 7 25 2 30 0 -1.12 0.42 403.6 6.54 2.33 0.06 0.0 0.0 0 0 1 0 0 0 1 0 0.7 0.7 -4.0 -0.78 -0.54 -1.27 -1.24 -0.56 -0.36 0.248 0.285 0.116 0.221 0.281 0.453 0 0 0 0 0 0
1971-07-25T03:30:00 1971 7 25 3 30 0 -1.12 0.42 403.3 6.54 2.33 0.06 0.0 0.0 0 0 1 0 0 0 1 0 0.7 0.7 -2.0 -0.78 -0.54 -1.27 -1.24 -0.56 -0.36 0.248 0.285 0.12 0.221 0.281 0.453 0 0 0 0 0 0
1971-07-25T04:30:00 1971 7 25 4 30 0 -1.12 0.42 403.0 6.54 2.33 0.06 0.0 0.0 0 0 1 0 0 0 1 0 0.7 0.7 1.0 -0.78 -0.54 -1.27 -1.24 -0.57 -0.36 0.249 0.285 0.123 0.221 0.282 0.452 0 0 0 0 0 0
1971-07-25T05:30:00 1971 7 25 5 30 0 -0.6 0.42 402.7 6.54 2.33 0.03 0.0 0.0 1 0 1 0 0 1 1 0 0.7 0.7 2.0 -0.78 -0.54 -1.27 -1.24 -0.57 -0.36 0.249 0.285 0.126 0.221 0.283 0.451 0 0 0 0 0 0
1971-07-25T06:30:00 1971 7 25 6 30 0 0.78 0.42 402.4 6.54 2.33 0.01 0.0 0.0 1 0 1 0 0 1 1 0 0.3 0.65 1.0 -0.78 -0.54 -1.27 -1.24 -0.57 -0.36 0.249 0.285 0.129 0.221 0.283 0.45 0 0 0 0 0 0
1971-07-25T07:30:00 1971 7 25 7 30 0 2.16 0.42 402.1 6.54 2.33 0.15 0.0 0.0 1 1 1 0 0 1 1 1 0.3 0.6 0.0 -0.63 -0.42 -1.06 -1.03 -0.44 -0.27 0.24 0.27 0.132 0.207 0.261 0.424 0 0 0 0 0 0
1971-07-25T08:30:00 1971 7 25 8 30 0 2.9 0.4 401.8 6.54 2.33 0.44 0.0 0.0 1 1 1 0 0 1 1 1 0.3 0.54 -1.0 0.18 0.22 0.09 0.09 0.22 0.26 0.18 0.161 0.129 0.135 0.113 0.209 0 0 0 0 0 0
1971-07-25T09:30:00 1971 7 25 9 30 0 2.9 0.4 401.5 6.54 2.33 0.57 0.0 0.0 2 2 1 0 0 2 2 1 0.3 0.49 -2.0 0.4 0.4 0.4 0.4 0.4 0.4 0.122 0.08 0.125 0.075 0.036 0.087 0 0 0 0 0 0
1971-07-25T10:30:00 1971 7 25 10 30 0 2.2 -0.2 401.2 6.54 2.33 0.51 0.08 0.05 2 2 1 0 0 2 2 1 0.3 0.44 0.0 -0.2 -0.2 -0.2 -0.2 -0.2 -0.2 0.091 0.071 0.122 0.045 0.055 0.125 0 0 0 0 0 0
1971-07-25T11:30:00 1971 7 25 11 30 0 3.6 0.8 400.9 6.54 2.33 0.62 0.03 0.02 2 2 1 0 0 2 2 1 0.3 0.4 0.0 0.8 0.8 0.8 0.8 0.8 0.8 0.062 0.035 0.118 0.025 0.018 0.052 0 0 0 0 0 0
1971-07-25T12:30:00 1971 7 25 12 30 0 2.5 -2.2 400.6 6.54 2.33 1.23 1.8 1.18 2 2 1 0 0 2 2 1 1.7 0.53 1.0 -2.2 -2.2 -2.2 -2.2 -2.2 -2.2 0.152 0.247 0.121 0.118 0.33 0.479 0 0 0 0 0 0
1971-07-25T13:30:00 1971 7 25 13 30 0 1.2 -2.1 399.3 6.54 2.33 1.53 4.29 2.81 2 2 1 0 0 2 2 1 1.7 0.66 -3.0 -2.1 -2.1 -2.1 -2.1 -2.1 -2.1 0.295 0.482 0.131 0.26 0.58 0.863 0 0 0 0 0 0
1971-07-25T14:30:00 1971 7 25 14 30 0 1.8 1.6 396.8 6.54 2.33 0.34 1.02 0.67 2 2 1 0 0 2 2 1 1.7 0.84 -5.0 1.6 1.6 1.6 1.6 1.6 1.6 0.231 0.304 0.129 0.166 0.254 0.488 0 0 0 0 0 0
1971-07-25T15:30:00 1971 7 25 15 30 0 1.2 -1.1 394.4 6.54 2.33 0.21 0.53 0.35 2 2 1 0 0 2 2 1 1.0 0.93 -3.0 -1.1 -1.1 -1.1 -1.1 -1.1 -1.1 0.199 0.257 0.127 0.124 0.23 0.43 0 0 0 0 0 0
1971-07-25T16:30:00 1971 7 25 16 30 0 1.8 -1.1 392.0 6.54 2.33 0.59 2.16 1.41 2 2 1 0 0 2 2 1 1.0 1.01 -1.0 -1.1 -1.1 -1.1 -1.1 -1.1 -1.1 0.241 0.358 0.128 0.15 0.366 0.627 0 0 0 0 0 0
1971-07-25T17:30:00 1971 7 25 17 30 0 2.9 -0.1 389.6 6.54 2.33 0.68 1.09 0.71 2 2 1 0 0 2 2 1 1.0 1.09 -2.0 -0.1 -0.1 -0.1 -0.1 -0.1 -0.1 0.21 0.292 0.126 0.11 0.249 0.505 0 0 0 0 0 0
1971-07-25T18:30:00 1971 7 25 18 30 0 0.5 1.0 387.2 6.54 2.33 0.2 0.0 0.0 2 2 1 0 0 2 2 1 0.7 1.13 -6.0 1.0 1.0 1.0 1.0 1.0 1.0 0.142 0.145 0.122 0.062 0.079 0.209 0 0 0 0 0 0
1971-07-25T19:30:00 1971 7 25 19 30 0 2.2 -1.1 384.7 6.54 2.33 0.29 0.65 0.42 2 2 1 0 0 2 2 1 0.7 1.18 -8.0 -1.1 -1.1 -1.1 -1.1 -1.1 -1.1 0.144 0.191 0.121 0.068 0.185 0.331 0 0 0 0 0 0
1971-07-25T20:30:00 1971 7 25 20 30 0 1.5 0.9 382.3 6.54 2.33 0.32 0.5 0.32 2 2 1 0 0 2 2 1 0.7 1.05 -9.0 0.9 0.9 0.9 0.9 0.9 0.9 0.114 0.134 0.117 0.046 0.099 0.217 0 0 0 0 0 0
1971-07-25T21:30:00 1971 7 25 21 30 0 2.5 -1.6 379.9 6.54 2.33 0.57 1.1 0.72 2 2 1 0 0 2 2 1 0.7 0.93 -4.0 -1.6 -1.6 -1.6 -1.6 -1.6 -1.6 0.152 0.241 0.117 0.086 0.259 0.416 0 0 0 0 0 0
1971-07-25T22:30:00 1971 7 25 22 30 0 2.5 0.5 377.5 6.54 2.33 0.7 1.03 0.67 2 2 1 0 0 2 2 1 0.7 0.81 -1.0 0.5 0.5 0.5 0.5 0.5 0.5 0.139 0.199 0.116 0.07 0.165 0.32 0 0 0 0 0 0
1971-07-25T23:30:00 1971 7 25 23 30 0 2.6 0.0 375.1 6.54 2.33 0.45 0.0 0.0 2 2 1 0 0 2 2 1 0.7 0.77 -1.0 0.0 0.0 0.0 0.0 0.0 0.0 0.094 0.099 0.112 0.039 0.052 0.133 0 0 0 0 0 0
