1971-08-05T00:30:00 1971 8 5 0 30 0 -0.7 -5.9 433.8 6.62 2.34 6.33 9.12 6.04 2 2 0 0 0 1 1 1 4.0 2.02 -2.0 -5.9 -5.9 -5.9 -5.9 -5.9 -5.9 0.469 0.702 0.234 0.646 1.036 1.413 0 0 0 0 0 0
1971-08-05T01:30:00 1971 8 5 1 30 0 -5.4 -4.9 433.8 6.62 2.34 8.43 11.62 7.69 2 2 0 0 0 1 1 1 4.0 2.37 -17.0 -4.9 -4.9 -4.9 -4.9 -4.9 -4.9 0.767 1.017 0.282 1.048 1.334 1.905 0 0 0 0 0 0
1971-08-05T02:30:00 1971 8 5 2 30 0 -4.8 -6.0 433.8 6.62 2.34 10.34 11.92 7.89 2 2 0 0 0 1 1 1 4.0 2.59 -23.0 -6.0 -6.0 -6.0 -6.0 -6.0 -6.0 0.997 1.209 0.333 1.344 1.494 2.169 0 0 0 0 0 0
1971-08-05T03:30:00 1971 8 5 3 30 0 -3.3 -5.9 433.8 6.62 2.34 10.34 12.9 8.54 2 2 0 0 0 1 1 1 4.3 2.85 -28.0 -5.9 -5.9 -5.9 -5.9 -5.9 -5.9 1.176 1.329 0.387 1.56 1.577 2.313 0 0 0 0 0 0
1971-08-05T04:30:00 1971 8 5 4 30 0 -1.8 -6.0 433.8 6.62 2.34 9.18 12.91 8.55 2 2 0 0 0 1 1 1 4.3 3.1 -23.0 -6.0 -6.0 -6.0 -6.0 -6.0 -6.0 1.3 1.391 0.44 1.687 1.608 2.377 0 0 0 0 0 0
1971-08-05T05:30:00 1971 8 5 5 30 0 0.5 -6.9 433.8 6.63 2.34 9.93 14.07 9.32 2 2 0 0 0 1 1 1 4.3 3.47 -30.0 -6.9 -6.9 -6.9 -6.9 -6.9 -6.9 1.429 1.474 0.501 1.873 1.703 2.486 0 0 0 0 0 0
1971-08-05T06:30:00 1971 8 5 6 30 0 -6.8 -0.7 433.8 6.63 2.34 5.61 7.68 5.09 2 2 0 0 0 1 1 1 4.3 3.83 -37.0 -0.7 -0.7 -0.7 -0.7 -0.7 -0.7 1.225 1.139 0.514 1.37 1.113 1.892 0 0 0 0 0 0
1971-08-05T07:30:00 1971 8 5 7 30 0 -6.5 -0.5 433.8 6.63 2.34 4.15 1.28 0.85 2 2 0 0 0 1 1 1 4.3 4.19 -35.0 -0.5 -0.5 -0.5 -0.5 -0.5 -0.5 0.895 0.716 0.501 0.806 0.568 1.19 0 0 0 0 0 0
1971-08-05T08:30:00 1971 8 5 8 30 0 -6.9 -0.5 433.8 6.63 2.34 4.14 1.08 0.72 2 2 0 0 0 1 1 1 4.3 4.23 -32.0 -0.5 -0.5 -0.5 -0.5 -0.5 -0.5 0.664 0.495 0.488 0.485 0.38 0.875 0 0 0 0 0 0
1971-08-05T09:30:00 1971 8 5 9 30 0 -6.3 0.3 433.8 6.63 2.34 3.63 0.3 0.2 2 2 0 0 0 1 1 1 1.3 3.87 -31.0 0.3 0.3 0.3 0.3 0.3 0.3 0.461 0.275 0.474 0.276 0.156 0.449 0 0 0 0 0 0
1971-08-05T10:30:00 1971 8 5 10 30 0 -5.6 0.1 433.8 6.63 2.34 2.79 0.0 0.0 2 2 0 0 0 1 1 1 1.3 3.52 -29.0 0.1 0.1 0.1 0.1 0.1 0.1 0.312 0.136 0.459 0.154 0.049 0.186 0 0 0 0 0 0
1971-08-05T11:30:00 1971 8 5 11 30 0 -5.3 1.8 433.8 6.63 2.34 1.92 0.0 0.0 2 2 0 0 0 1 1 1 1.3 3.14 -27.0 1.8 1.8 1.8 1.8 1.8 1.8 0.211 0.068 0.445 0.086 0.016 0.077 0 0 0 0 0 0
1971-08-05T12:30:00 1971 8 5 12 30 0 -5.2 1.3 433.8 6.63 2.34 1.54 0.0 0.0 2 2 0 0 0 1 1 1 0.7 2.68 -24.0 1.3 1.3 1.3 1.3 1.3 1.3 0.143 0.034 0.432 0.048 0.005 0.032 0 0 0 0 0 0
1971-08-05T13:30:00 1971 8 5 13 30 0 -4.5 2.2 433.8 6.63 2.34 1.2 0.0 0.0 2 2 0 0 0 1 1 1 0.7 2.23 -22.0 2.2 2.2 2.2 2.2 2.2 2.2 0.097 0.017 0.419 0.027 0.002 0.013 0 0 0 0 0 0
1971-08-05T14:30:00 1971 8 5 14 30 0 -5.0 2.1 433.8 6.63 2.34 1.05 0.0 0.0 2 2 0 0 0 1 1 1 0.7 1.79 -22.0 2.1 2.1 2.1 2.1 2.1 2.1 0.066 0.008 0.406 0.015 0.0 0.006 0 0 0 0 0 0
1971-08-05T15:30:00 1971 8 5 15 30 0 -4.5 2.4 433.7 6.63 2.34 1.0 0.0 0.0 2 2 0 0 0 1 1 1 0.3 1.3 -22.0 2.4 2.4 2.4 2.4 2.4 2.4 0.044 0.004 0.393 0.008 0.0 0.002 0 0 0 0 0 0
1971-08-05T16:30:00 1971 8 5 16 30 0 -4.7 2.2 433.7 6.63 2.34 0.93 0.0 0.0 2 2 0 0 0 1 1 1 0.3 0.81 -21.0 2.2 2.2 2.2 2.2 2.2 2.2 0.03 0.002 0.381 0.005 0.0 0.001 0 0 0 0 0 0
1971-08-05T17:30:00 1971 8 5 17 30 0 -4.9 2.1 433.7 6.63 2.34 1.07 0.0 0.0 2 2 0 0 0 1 1 1 0.3 0.69 -20.0 2.1 2.1 2.1 2.1 2.1 2.1 0.02 0.001 0.37 0.003 0.0 0.0 0 0 0 0 0 0
1971-08-05T18:30:00 1971 8 5 18 30 0 -5.1 1.9 433.7 6.63 2.34 1.23 0.0 0.0 2 2 0 0 0 1 1 1 0.7 0.62 -21.0 1.9 1.9 1.9 1.9 1.9 1.9 0.014 0.001 0.358 0.001 0.0 0.0 0 0 0 0 0 0
1971-08-05T19:30:00 1971 8 5 19 30 0 -4.6 1.8 433.7 6.64 2.34 1.17 0.0 0.0 2 2 0 0 0 1 1 1 0.7 0.55 -21.0 1.8 1.8 1.8 1.8 1.8 1.8 0.009 0.0 0.348 0.001 0.0 0.0 0 0 0 0 0 0
1971-08-05T20:30:00 1971 8 5 20 30 0 -5.1 1.5 433.7 6.64 2.34 1.26 0.0 0.0 2 2 0 0 0 1 1 1 0.7 0.55 -21.0 1.5 1.5 1.5 1.5 1.5 1.5 0.006 0.0 0.337 0.0 0.0 0.0 0 0 0 0 0 0
1971-08-05T21:30:00 1971 8 5 21 30 0 -5.6 -1.0 433.7 6.64 2.34 2.41 0.53 0.35 2 2 0 0 0 1 1 1 2.0 0.72 -20.0 -1.0 -1.0 -1.0 -1.0 -1.0 -1.0 0.047 0.101 0.329 0.031 0.163 0.275 0 0 0 0 0 0
1971-08-05T22:30:00 1971 8 5 22 30 0 -4.0 2.0 433.7 6.64 2.34 1.71 0.27 0.18 2 2 0 0 0 1 1 1 2.0 0.89 -20.0 2.0 2.0 2.0 2.0 2.0 2.0 0.039 0.067 0.319 0.02 0.071 0.16 0 0 0 0 0 0
1971-08-05T23:30:00 1971 8 5 23 30 0 -3.9 2.5 433.7 6.64 2.34 0.63 0.0 0.0 2 2 0 0 0 1 1 1 2.0 1.11 -15.0 2.5 2.5 2.5 2.5 2.5 2.5 0.026 0.033 0.309 0.011 0.022 0.066 0 0 0 0 0 0
