1971-11-26T00:30:00 1971 11 26 0 30 0 3.1 1.6 431.3 7.21 2.48 0.14 0.0 0.0 2 2 0 0 0 1 1 1 3.7 4.0 -43.0 1.6 1.6 1.6 1.6 1.6 1.6 0.167 0.126 0.505 0.071 0.07 0.225 0 0 0 0 0 0
1971-11-26T01:30:00 1971 11 26 1 30 0 3.4 -0.1 431.3 7.21 2.48 0.72 0.02 0.01 2 2 0 0 0 1 1 1 3.7 3.92 -36.0 -0.1 -0.1 -0.1 -0.1 -0.1 -0.1 0.117 0.078 0.49 0.041 0.047 0.154 0 0 0 0 0 0
1971-11-26T02:30:00 1971 11 26 2 30 0 1.9 -0.8 431.3 7.21 2.48 0.81 1.03 0.75 2 2 0 0 0 1 1 1 3.7 3.88 -35.0 -0.8 -0.8 -0.8 -0.8 -0.8 -0.8 0.145 0.195 0.478 0.064 0.245 0.513 0 0 0 0 0 0
1971-11-26T03:30:00 1971 11 26 3 30 0 -0.8 -1.2 431.3 7.21 2.48 0.39 2.19 1.58 2 2 0 0 0 1 1 1 4.0 3.89 -33.0 -1.2 -1.2 -1.2 -1.2 -1.2 -1.2 0.214 0.337 0.47 0.127 0.428 0.842 0 0 0 0 0 0
1971-11-26T04:30:00 1971 11 26 4 30 0 0.3 -2.0 431.3 7.21 2.48 0.73 3.52 2.54 2 2 0 0 0 1 1 1 4.0 3.89 -34.0 -2.0 -2.0 -2.0 -2.0 -2.0 -2.0 0.32 0.5 0.468 0.242 0.627 1.163 0 0 0 0 0 0
1971-11-26T05:30:00 1971 11 26 5 30 0 2.8 -2.4 431.3 7.21 2.48 1.71 4.78 3.45 2 2 0 0 0 1 1 1 4.0 3.89 -36.0 -2.4 -2.4 -2.4 -2.4 -2.4 -2.4 0.44 0.646 0.472 0.376 0.785 1.419 0 0 0 0 0 0
1971-11-26T06:30:00 1971 11 26 6 30 0 -1.0 -1.7 431.3 7.21 2.48 1.3 4.36 3.14 2 2 0 0 0 1 1 1 4.3 3.93 -33.0 -1.7 -1.7 -1.7 -1.7 -1.7 -1.7 0.493 0.676 0.473 0.406 0.765 1.442 0 0 0 0 0 0
1971-11-26T07:30:00 1971 11 26 7 30 0 2.6 -3.9 431.3 7.22 2.48 2.46 6.24 4.5 2 2 0 0 0 1 1 1 4.3 3.97 -41.0 -3.9 -3.9 -3.9 -3.9 -3.9 -3.9 0.629 0.834 0.487 0.601 0.99 1.721 0 0 0 0 0 0
1971-11-26T08:30:00 1971 11 26 8 30 0 2.6 -3.17 431.3 7.22 2.48 3.97 7.56 5.46 1 1 0 0 0 1 1 0 4.3 4.04 -41.0 -3.35 -3.31 -3.43 -3.42 -3.31 -3.27 0.755 0.945 0.506 0.77 1.098 1.886 0 0 0 0 0 0
1971-11-26T09:30:00 1971 11 26 9 30 0 2.04 -0.45 431.3 7.22 2.48 1.59 3.66 2.64 1 1 0 0 0 1 1 0 4.0 4.08 -41.0 -1.3 -1.1 -1.69 -1.67 -1.12 -0.95 0.711 0.807 0.51 0.671 0.83 1.562 0 0 0 0 0 0
1971-11-26T10:30:00 1971 11 26 10 30 0 0.99 0.06 431.3 7.22 2.48 0.25 0.39 0.28 1 0 0 0 0 0 0 0 4.0 4.11 -38.0 -0.92 -0.68 -1.36 -1.33 -0.71 -0.5 0.596 0.6 0.505 0.51 0.553 1.124 0 0 0 0 0 0
1971-11-26T11:30:00 1971 11 26 11 30 0 -0.05 0.06 431.4 7.22 2.48 0.02 0.0 0.0 1 0 0 0 0 0 0 0 4.0 4.11 -30.0 -0.92 -0.68 -1.36 -1.33 -0.71 -0.5 0.505 0.476 0.499 0.406 0.437 0.887 0 0 0 0 0 0
1971-11-26T12:30:00 1971 11 26 12 30 0 -0.42 0.06 431.4 7.22 2.48 0.01 0.0 0.0 1 0 0 0 0 0 0 0 3.0 3.98 -33.0 -0.92 -0.68 -1.36 -1.33 -0.71 -0.5 0.444 0.413 0.493 0.348 0.401 0.788 0 0 0 0 0 0
1971-11-26T13:30:00 1971 11 26 13 30 0 -0.37 0.06 431.4 7.22 2.48 0.01 0.0 0.0 1 0 0 0 0 0 0 0 3.0 3.85 -37.0 -0.92 -0.68 -1.36 -1.33 -0.71 -0.5 0.403 0.383 0.487 0.316 0.389 0.747 0 0 0 0 0 0
1971-11-26T14:30:00 1971 11 26 14 30 0 -0.33 -0.46 431.4 7.22 2.48 0.04 0.48 0.35 1 1 0 0 0 1 1 0 3.0 3.68 -36.0 -1.31 -1.11 -1.7 -1.67 -1.13 -0.95 0.399 0.415 0.484 0.325 0.457 0.852 0 0 0 0 0 0
1971-11-26T15:30:00 1971 11 26 15 30 0 -0.3 -3.24 431.4 7.22 2.48 1.16 4.24 3.06 1 1 0 0 0 1 1 0 2.7 3.48 -36.0 -3.42 -3.38 -3.51 -3.5 -3.38 -3.35 0.529 0.645 0.494 0.514 0.805 1.355 0 0 0 0 0 0
1971-11-26T16:30:00 1971 11 26 16 30 0 -0.3 -4.0 431.4 7.22 2.48 3.32 7.88 5.69 2 2 0 0 0 1 1 1 2.7 3.28 -34.0 -4.0 -4.0 -4.0 -4.0 -4.0 -4.0 0.708 0.882 0.516 0.762 1.092 1.794 0 0 0 0 0 0
1971-11-26T17:30:00 1971 11 26 17 30 0 2.5 -0.9 431.4 7.22 2.48 1.84 5.01 3.61 2 2 0 0 0 1 1 1 2.7 3.12 -35.0 -0.9 -0.9 -0.9 -0.9 -0.9 -0.9 0.675 0.782 0.517 0.628 0.83 1.563 0 0 0 0 0 0
1971-11-26T18:30:00 1971 11 26 18 30 0 1.0 0.3 431.4 7.22 2.48 0.38 0.65 0.47 2 2 0 0 0 1 1 1 3.0 3.0 -35.0 0.3 0.3 0.3 0.3 0.3 0.3 0.481 0.442 0.502 0.364 0.329 0.799 0 0 0 0 0 0
1971-11-26T19:30:00 1971 11 26 19 30 0 0.8 2.1 431.4 7.22 2.48 0.02 0.0 0.0 2 2 0 0 0 1 1 1 3.0 2.89 -29.0 2.1 2.1 2.1 2.1 2.1 2.1 0.326 0.22 0.487 0.204 0.104 0.331 0 0 0 0 0 0
1971-11-26T20:30:00 1971 11 26 20 30 0 -0.7 1.8 431.4 7.22 2.48 0.0 0.0 0.0 2 2 0 0 0 1 1 1 3.0 2.89 -28.0 1.8 1.8 1.8 1.8 1.8 1.8 0.22 0.109 0.472 0.114 0.033 0.137 0 0 0 0 0 0
1971-11-26T21:30:00 1971 11 26 21 30 0 -0.25 2.3 431.4 7.22 2.48 0.0 0.0 0.0 1 1 0 0 0 1 1 0 0.3 2.54 -30.0 2.3 2.3 2.3 2.3 2.3 2.3 0.149 0.054 0.458 0.064 0.01 0.057 0 0 0 0 0 0
1971-11-26T22:30:00 1971 11 26 22 30 0 0.2 2.8 431.4 7.22 2.48 0.0 0.0 0.0 2 2 0 0 0 1 1 1 0.3 2.19 -31.0 2.8 2.8 2.8 2.8 2.8 2.8 0.101 0.027 0.444 0.036 0.003 0.024 0 0 0 0 0 0
1971-11-26T23:30:00 1971 11 26 23 30 0 -1.3 2.2 431.4 7.22 2.48 0.01 0.0 0.0 2 2 0 0 0 1 1 1 0.3 1.88 -30.0 2.2 2.2 2.2 2.2 2.2 2.2 0.068 0.013 0.43 0.02 0.001 0.01 0 0 0 0 0 0
