1971-12-09T00:30:00 1971 12 9 0 30 0 -2.5 6.6 433.6 7.17 2.49 0.11 0.0 0.0 2 2 0 0 0 1 1 1 1.7 0.72 20.0 6.6 6.6 6.6 6.6 6.6 6.6 0.008 0.001 0.196 0.001 0.0 0.0 0 0 0 0 0 0
1971-12-09T01:30:00 1971 12 9 1 30 0 -4.8 4.1 433.6 7.17 2.49 0.32 0.0 0.0 2 2 0 0 0 1 1 1 1.7 0.82 11.0 4.1 4.1 4.1 4.1 4.1 4.1 0.005 0.0 0.19 0.0 0.0 0.0 0 0 0 0 0 0
1971-12-09T02:30:00 1971 12 9 2 30 0 -11.8 0.9 433.6 7.17 2.49 4.38 0.0 0.0 2 2 0 0 0 1 1 1 1.7 0.99 4.0 0.9 0.9 0.9 0.9 0.9 0.9 0.004 0.0 0.184 0.0 0.0 0.0 0 0 0 0 0 0
1971-12-09T03:30:00 1971 12 9 3 30 0 -7.1 -0.8 433.6 7.17 2.49 6.74 0.48 0.35 2 2 0 0 0 1 1 1 2.7 1.3 14.0 -0.8 -0.8 -0.8 -0.8 -0.8 -0.8 0.041 0.095 0.18 0.026 0.151 0.281 0 0 0 0 0 0
1971-12-09T04:30:00 1971 12 9 4 30 0 -1.8 7.7 433.6 7.17 2.49 1.04 0.02 0.01 2 2 0 0 0 1 1 1 2.7 1.6 17.0 7.7 7.7 7.7 7.7 7.7 7.7 0.027 0.047 0.174 0.014 0.048 0.116 0 0 0 0 0 0
1971-12-09T05:30:00 1971 12 9 5 30 0 -0.9 6.0 433.6 7.17 2.49 0.01 0.0 0.0 2 2 0 0 0 1 1 1 2.7 1.85 17.0 6.0 6.0 6.0 6.0 6.0 6.0 0.019 0.023 0.169 0.008 0.015 0.048 0 0 0 0 0 0
1971-12-09T06:30:00 1971 12 9 6 30 0 -2.35 2.45 433.6 7.17 2.49 0.05 0.0 0.0 1 1 0 0 0 1 1 0 1.0 1.87 15.0 2.45 2.45 2.45 2.45 2.45 2.45 0.013 0.012 0.164 0.005 0.005 0.02 0 0 0 0 0 0
1971-12-09T07:30:00 1971 12 9 7 30 0 -3.8 -1.1 433.6 7.17 2.49 0.84 0.47 0.34 2 2 0 0 0 1 1 1 1.0 1.9 14.0 -1.1 -1.1 -1.1 -1.1 -1.1 -1.1 0.05 0.105 0.161 0.035 0.163 0.297 0 0 0 0 0 0
1971-12-09T08:30:00 1971 12 9 8 30 0 1.3 -0.8 433.6 7.17 2.49 0.64 2.03 1.46 2 2 0 0 0 1 1 1 1.0 1.8 7.0 -0.8 -0.8 -0.8 -0.8 -0.8 -0.8 0.134 0.265 0.162 0.093 0.358 0.696 0 0 0 0 0 0
1971-12-09T09:30:00 1971 12 9 9 30 0 4.8 -2.7 433.7 7.17 2.49 2.35 3.97 2.84 2 2 0 0 0 1 1 1 2.3 1.88 9.0 -2.7 -2.7 -2.7 -2.7 -2.7 -2.7 0.295 0.504 0.173 0.27 0.677 1.188 0 0 0 0 0 0
1971-12-09T10:30:00 1971 12 9 10 30 0 2.6 2.8 433.7 7.17 2.49 1.42 1.2 0.86 2 2 0 0 0 1 1 1 2.3 1.95 2.0 2.8 2.8 2.8 2.8 2.8 2.8 0.23 0.303 0.17 0.175 0.277 0.616 0 0 0 0 0 0
1971-12-09T11:30:00 1971 12 9 11 30 0 -8.8 5.5 433.7 7.17 2.49 0.72 0.0 0.0 2 2 0 0 0 1 1 1 2.3 1.91 -1.0 5.5 5.5 5.5 5.5 5.5 5.5 0.156 0.15 0.165 0.098 0.088 0.256 0 0 0 0 0 0
1971-12-09T12:30:00 1971 12 9 12 30 0 -6.95 4.95 433.7 7.17 2.49 2.04 0.0 0.0 1 1 0 0 0 1 1 0 0.7 1.66 2.0 4.95 4.95 4.95 4.95 4.95 4.95 0.105 0.075 0.159 0.055 0.028 0.106 0 0 0 0 0 0
1971-12-09T13:30:00 1971 12 9 13 30 0 -5.1 4.4 433.7 7.17 2.49 1.11 0.0 0.0 2 2 0 0 0 1 1 1 0.7 1.41 2.0 4.4 4.4 4.4 4.4 4.4 4.4 0.071 0.037 0.155 0.031 0.009 0.044 0 0 0 0 0 0
1971-12-09T14:30:00 1971 12 9 14 30 0 -5.7 4.4 433.7 7.17 2.49 0.9 0.0 0.0 1 1 0 0 0 1 1 0 0.7 1.37 -1.0 4.4 4.4 4.4 4.4 4.4 4.4 0.048 0.018 0.15 0.017 0.003 0.018 0 0 0 0 0 0
1971-12-09T15:30:00 1971 12 9 15 30 0 -6.3 4.4 433.7 7.17 2.49 1.18 0.0 0.0 2 2 0 0 0 1 1 1 2.0 1.49 -3.0 4.4 4.4 4.4 4.4 4.4 4.4 0.033 0.009 0.145 0.01 0.001 0.008 0 0 0 0 0 0
1971-12-09T16:30:00 1971 12 9 16 30 0 -2.4 5.5 433.7 7.17 2.49 0.48 0.0 0.0 2 2 0 0 0 1 1 1 2.0 1.62 -5.0 5.5 5.5 5.5 5.5 5.5 5.5 0.022 0.005 0.141 0.005 0.0 0.003 0 0 0 0 0 0
1971-12-09T17:30:00 1971 12 9 17 30 0 -4.5 -2.3 433.7 7.17 2.49 1.17 0.96 0.69 2 2 0 0 0 1 1 1 2.0 1.59 -8.0 -2.3 -2.3 -2.3 -2.3 -2.3 -2.3 0.092 0.16 0.142 0.084 0.261 0.416 0 0 0 0 0 0
1971-12-09T18:30:00 1971 12 9 18 30 0 -1.2 1.9 433.7 7.17 2.49 1.04 1.17 0.84 2 2 0 0 0 1 1 1 2.3 1.6 -12.0 1.9 1.9 1.9 1.9 1.9 1.9 0.097 0.147 0.14 0.072 0.165 0.349 0 0 0 0 0 0
1971-12-09T19:30:00 1971 12 9 19 30 0 -4.2 0.5 433.7 7.17 2.49 0.51 0.0 0.0 2 2 0 0 0 1 1 1 2.3 1.61 -7.0 0.5 0.5 0.5 0.5 0.5 0.5 0.066 0.073 0.135 0.04 0.052 0.145 0 0 0 0 0 0
1971-12-09T20:30:00 1971 12 9 20 30 0 -2.8 0.2 433.8 7.17 2.49 0.91 0.0 0.0 2 2 0 0 0 1 1 1 2.3 1.8 -6.0 0.2 0.2 0.2 0.2 0.2 0.2 0.044 0.036 0.131 0.023 0.017 0.06 0 0 0 0 0 0
1971-12-09T21:30:00 1971 12 9 21 30 0 -1.6 0.0 433.8 7.17 2.49 0.4 0.0 0.0 2 2 0 0 0 1 1 1 2.3 2.0 -7.0 0.0 0.0 0.0 0.0 0.0 0.0 0.03 0.018 0.127 0.013 0.005 0.025 0 0 0 0 0 0
1971-12-09T22:30:00 1971 12 9 22 30 0 -1.3 -1.6 433.8 7.17 2.49 0.53 1.88 1.35 2 2 0 0 0 1 1 1 2.3 2.19 -11.0 -1.6 -1.6 -1.6 -1.6 -1.6 -1.6 0.134 0.246 0.13 0.102 0.361 0.639 0 0 0 0 0 0
1971-12-09T23:30:00 1971 12 9 23 30 0 -2.0 -0.6 433.8 7.17 2.49 0.7 2.3 1.65 2 2 0 0 0 1 1 1 2.3 2.23 -14.0 -0.6 -0.6 -0.6 -0.6 -0.6 -0.6 0.194 0.337 0.132 0.135 0.419 0.838 0 0 0 0 0 0
