1971-08-26T00:30:00 1971 8 26 0 30 0 -3.2 -2.1 431.2 6.93 2.38 3.53 7.39 5.12 2 2 0 0 0 1 1 1 3.3 2.3 -40.0 -2.1 -2.1 -2.1 -2.1 -2.1 -2.1 0.912 1.035 0.454 0.998 1.115 1.899 0 0 0 0 0 0
1971-08-26T01:30:00 1971 8 26 1 30 0 -3.5 1.4 431.2 6.93 2.38 1.21 1.17 0.81 2 2 0 0 0 1 1 1 3.3 2.46 -33.0 1.4 1.4 1.4 1.4 1.4 1.4 0.655 0.588 0.443 0.585 0.443 0.971 0 0 0 0 0 0
1971-08-26T02:30:00 1971 8 26 2 30 0 -3.1 2.5 431.2 6.93 2.38 0.44 0.0 0.0 2 2 0 0 0 1 1 1 3.3 2.71 -26.0 2.5 2.5 2.5 2.5 2.5 2.5 0.444 0.292 0.429 0.327 0.14 0.403 0 0 0 0 0 0
1971-08-26T03:30:00 1971 8 26 3 30 0 -1.5 1.6 431.2 6.93 2.38 0.16 0.0 0.0 2 2 0 0 0 1 1 1 1.7 2.74 -23.0 1.6 1.6 1.6 1.6 1.6 1.6 0.3 0.145 0.416 0.183 0.044 0.167 0 0 0 0 0 0
1971-08-26T04:30:00 1971 8 26 4 30 0 -3.3 -0.6 431.2 6.93 2.38 0.53 0.23 0.16 2 2 0 0 0 1 1 1 1.7 2.77 -18.0 -0.6 -0.6 -0.6 -0.6 -0.6 -0.6 0.225 0.131 0.404 0.116 0.109 0.249 0 0 0 0 0 0
1971-08-26T05:30:00 1971 8 26 5 30 0 -1.0 -2.8 431.2 6.93 2.38 1.52 3.86 2.68 2 2 0 0 0 1 1 1 1.7 2.61 -18.0 -2.8 -2.8 -2.8 -2.8 -2.8 -2.8 0.352 0.431 0.408 0.279 0.586 0.951 0 0 0 0 0 0
1971-08-26T06:30:00 1971 8 26 6 30 0 0.7 -2.0 431.2 6.93 2.38 1.47 5.1 3.54 2 2 0 0 0 1 1 1 3.3 2.65 -22.0 -2.0 -2.0 -2.0 -2.0 -2.0 -2.0 0.459 0.602 0.414 0.393 0.752 1.277 0 0 0 0 0 0
1971-08-26T07:30:00 1971 8 26 7 30 0 0.1 -2.2 431.2 6.93 2.38 1.16 4.55 3.15 2 2 0 0 0 1 1 1 3.3 2.7 -23.0 -2.2 -2.2 -2.2 -2.2 -2.2 -2.2 0.519 0.674 0.418 0.438 0.79 1.39 0 0 0 0 0 0
1971-08-26T08:30:00 1971 8 26 8 30 0 -0.4 -4.3 431.2 6.94 2.38 2.86 7.2 4.99 2 2 0 0 0 1 1 1 3.3 2.7 -21.0 -4.3 -4.3 -4.3 -4.3 -4.3 -4.3 0.678 0.868 0.438 0.678 1.052 1.718 0 0 0 0 0 0
1971-08-26T09:30:00 1971 8 26 9 30 0 -0.9 -4.3 431.2 6.94 2.38 4.57 9.27 6.43 2 2 0 0 0 1 1 1 2.7 2.63 -23.0 -4.3 -4.3 -4.3 -4.3 -4.3 -4.3 0.843 1.03 0.467 0.919 1.226 1.961 0 0 0 0 0 0
1971-08-26T10:30:00 1971 8 26 10 30 0 -1.4 -4.2 431.2 6.94 2.38 4.59 9.15 6.35 2 2 0 0 0 1 1 1 2.7 2.56 -26.0 -4.2 -4.2 -4.2 -4.2 -4.2 -4.2 0.949 1.104 0.494 1.044 1.271 2.051 0 0 0 0 0 0
1971-08-26T11:30:00 1971 8 26 11 30 0 -1.3 -4.0 431.2 6.94 2.38 4.35 8.82 6.12 2 2 0 0 0 1 1 1 2.7 2.68 -28.0 -4.0 -4.0 -4.0 -4.0 -4.0 -4.0 1.008 1.125 0.518 1.087 1.26 2.062 0 0 0 0 0 0
1971-08-26T12:30:00 1971 8 26 12 30 0 -1.3 -4.2 431.2 6.94 2.38 4.36 8.86 6.15 2 2 0 0 0 1 1 1 1.3 2.62 -29.0 -4.2 -4.2 -4.2 -4.2 -4.2 -4.2 1.053 1.143 0.543 1.122 1.269 2.079 0 0 0 0 0 0
1971-08-26T13:30:00 1971 8 26 13 30 0 -0.7 -4.6 431.2 6.94 2.38 4.87 9.52 6.61 2 2 0 0 0 1 1 1 1.3 2.55 -28.0 -4.6 -4.6 -4.6 -4.6 -4.6 -4.6 1.109 1.183 0.571 1.195 1.321 2.138 0 0 0 0 0 0
1971-08-26T14:30:00 1971 8 26 14 30 0 0.6 -3.9 431.2 6.94 2.38 4.37 9.1 6.32 2 2 0 0 0 1 1 1 1.3 2.3 -27.0 -3.9 -3.9 -3.9 -3.9 -3.9 -3.9 1.123 1.17 0.594 1.182 1.282 2.106 0 0 0 0 0 0
1971-08-26T15:30:00 1971 8 26 15 30 0 2.4 -2.6 431.2 6.94 2.38 2.96 6.89 4.78 2 2 0 0 0 1 1 1 1.3 2.05 -27.0 -2.6 -2.6 -2.6 -2.6 -2.6 -2.6 1.044 1.053 0.603 1.006 1.097 1.903 0 0 0 0 0 0
1971-08-26T16:30:00 1971 8 26 16 30 0 1.5 -2.4 431.2 6.94 2.38 2.1 5.37 3.73 2 2 0 0 0 1 1 1 1.3 1.81 -27.0 -2.4 -2.4 -2.4 -2.4 -2.4 -2.4 0.944 0.935 0.605 0.827 0.954 1.718 0 0 0 0 0 0
1971-08-26T17:30:00 1971 8 26 17 30 0 1.6 -3.2 431.2 6.94 2.38 2.38 6.11 4.24 2 2 0 0 0 1 1 1 1.3 1.64 -29.0 -3.2 -3.2 -3.2 -3.2 -3.2 -3.2 0.913 0.929 0.612 0.793 0.993 1.735 0 0 0 0 0 0
1971-08-26T18:30:00 1971 8 26 18 30 0 1.6 -2.7 431.2 6.94 2.38 2.53 6.32 4.38 2 2 0 0 0 1 1 1 2.7 1.65 -34.0 -2.7 -2.7 -2.7 -2.7 -2.7 -2.7 0.888 0.917 0.618 0.764 0.986 1.724 0 0 0 0 0 0
1971-08-26T19:30:00 1971 8 26 19 30 0 1.4 -3.4 431.2 6.94 2.38 2.7 6.64 4.61 2 2 0 0 0 1 1 1 2.7 1.66 -35.0 -3.4 -3.4 -3.4 -3.4 -3.4 -3.4 0.895 0.944 0.627 0.792 1.04 1.779 0 0 0 0 0 0
1971-08-26T20:30:00 1971 8 26 20 30 0 1.3 -3.2 431.2 6.94 2.38 2.96 7.1 4.93 2 2 0 0 0 1 1 1 2.7 1.84 -35.0 -3.2 -3.2 -3.2 -3.2 -3.2 -3.2 0.908 0.967 0.638 0.822 1.066 1.816 0 0 0 0 0 0
1971-08-26T21:30:00 1971 8 26 21 30 0 1.9 -2.8 431.2 6.94 2.38 2.62 6.43 4.46 2 2 0 0 0 1 1 1 1.7 1.89 -29.0 -2.8 -2.8 -2.8 -2.8 -2.8 -2.8 0.89 0.943 0.644 0.79 1.02 1.771 0 0 0 0 0 0
1971-08-26T22:30:00 1971 8 26 22 30 0 1.9 -1.3 431.2 6.94 2.38 1.56 4.29 2.97 2 2 0 0 0 1 1 1 1.7 1.93 -25.0 -1.3 -1.3 -1.3 -1.3 -1.3 -1.3 0.784 0.798 0.639 0.619 0.797 1.507 0 0 0 0 0 0
1971-08-26T23:30:00 1971 8 26 23 30 0 -2.1 -0.9 431.1 6.94 2.38 0.5 2.34 1.62 2 2 0 0 0 1 1 1 1.7 1.98 -23.0 -0.9 -0.9 -0.9 -0.9 -0.9 -0.9 0.642 0.626 0.626 0.432 0.582 1.207 0 0 0 0 0 0
