1971-04-25T00:30:00 1971 4 25 0 30 0 2.5 1.7 368.0 3.8 1.0 0.25 0.0 0.0 2 2 2 2 2 2 2 2 0.0 0.26 -24.0 1.7 1.7 1.7 1.7 1.7 1.7 0.021 0.002 0.323 0.005 0.0 0.001 0 0 1 0 1 0
1971-04-25T01:30:00 1971 4 25 1 30 0 2.6 1.3 366.0 3.2 0.83 0.23 0.0 0.0 2 2 2 2 2 2 2 2 0.0 0.22 -24.0 1.3 1.3 1.3 1.3 1.3 1.3 0.014 0.001 0.313 0.003 0.0 0.0 0 0 1 0 1 0
1971-04-25T02:30:00 1971 4 25 2 30 0 3.6 0.0 363.0 3.1 0.79 0.59 0.0 0.0 2 2 2 2 2 2 2 2 0.0 0.18 -22.0 0.0 0.0 0.0 0.0 0.0 0.0 0.01 0.001 0.303 0.002 0.0 0.0 0 0 1 0 1 0
1971-04-25T03:30:00 1971 4 25 3 30 0 3.25 -0.25 362.0 3.0 0.76 0.91 0.25 0.07 1 1 2 2 2 1 2 2 0.3 0.19 -21.0 -0.25 -0.25 -0.25 -0.25 -0.25 -0.25 0.02 0.045 0.294 0.006 0.052 0.05 1 1 1 1 1 1
1971-04-25T04:30:00 1971 4 25 4 30 0 2.9 -0.5 360.0 3.1 0.8 0.84 0.7 0.21 2 2 2 2 2 2 2 2 0.3 0.19 -23.0 -0.5 -0.5 -0.5 -0.5 -0.5 -0.5 0.045 0.106 0.286 0.018 0.114 0.104 2 2 1 2 2 2
1971-04-25T05:30:00 1971 4 25 5 30 0 3.8 -0.6 370.0 3.1 0.81 1.1 1.01 0.31 2 2 2 2 2 2 2 2 0.3 0.19 -23.0 -0.6 -0.6 -0.6 -0.6 -0.6 -0.6 0.073 0.156 0.279 0.033 0.159 0.146 2 2 1 2 2 2
1971-04-25T06:30:00 1971 4 25 6 30 0 3.8 -0.6 367.0 2.9 0.74 1.37 1.11 0.33 2 2 2 2 2 2 2 2 0.0 0.15 -22.0 -0.6 -0.6 -0.6 -0.6 -0.6 -0.6 0.093 0.183 0.272 0.043 0.176 0.161 2 2 1 2 2 2
1971-04-25T07:30:00 1971 4 25 7 30 0 3.6 0.6 360.0 3.5 0.87 1.0 0.23 0.07 2 2 2 2 2 2 2 2 0.0 0.11 -18.0 0.6 0.6 0.6 0.6 0.6 0.6 0.068 0.103 0.264 0.026 0.068 0.079 2 2 1 2 2 2
1971-04-25T08:30:00 1971 4 25 8 30 0 2.2 1.0 357.0 3.2 0.78 0.41 0.0 0.0 2 2 2 2 2 2 2 2 0.0 0.11 -16.0 1.0 1.0 1.0 1.0 1.0 1.0 0.046 0.051 0.256 0.015 0.021 0.033 2 2 1 2 2 2
1971-04-25T09:30:00 1971 4 25 9 30 0 3.0 -0.2 362.0 3.2 0.8 0.45 0.05 0.01 2 2 2 2 2 2 2 2 0.0 0.11 -13.0 -0.2 -0.2 -0.2 -0.2 -0.2 -0.2 0.036 0.042 0.248 0.01 0.028 0.034 2 2 1 2 2 2
1971-04-25T10:30:00 1971 4 25 10 30 0 3.0 -0.2 362.0 3.8 1.0 0.74 0.36 0.13 1 1 2 2 2 1 2 2 0.0 0.11 -14.0 -0.39 -0.33 -0.5 -0.49 -0.33 -0.28 0.052 0.091 0.241 0.021 0.09 0.093 1 1 1 1 1 1
1971-04-25T11:30:00 1971 4 25 11 30 0 2.42 -0.19 362.0 3.8 1.0 0.61 0.35 0.13 1 1 2 2 2 1 2 2 0.0 0.07 -14.0 -1.07 -0.8 -1.62 -1.58 -0.83 -0.6 0.098 0.169 0.238 0.079 0.176 0.159 1 1 1 1 1 1
1971-04-25T12:30:00 1971 4 25 12 30 0 1.35 -0.19 362.0 3.8 0.93 0.31 0.34 0.13 1 0 2 2 2 1 1 1 0.3 0.08 -10.0 -1.2 -0.89 -1.83 -1.79 -0.92 -0.66 0.151 0.234 0.238 0.148 0.234 0.204 1 0 1 0 0 0
1971-04-25T13:30:00 1971 4 25 13 30 0 0.27 -0.19 360.0 4.5 1.17 0.07 0.34 0.14 1 0 2 2 2 1 1 1 0.3 0.08 -7.0 -1.2 -0.89 -1.83 -1.79 -0.93 -0.66 0.193 0.278 0.238 0.196 0.265 0.246 0 0 1 0 0 0
1971-04-25T14:30:00 1971 4 25 14 30 0 -0.14 -0.19 358.0 3.8 0.95 0.01 0.34 0.14 0 0 2 2 2 1 1 1 0.3 0.12 -3.0 -1.2 -0.89 -1.83 -1.79 -0.93 -0.66 0.219 0.295 0.238 0.22 0.268 0.249 0 0 1 0 0 0
1971-04-25T15:30:00 1971 4 25 15 30 0 -0.14 -0.19 354.0 3.7 0.89 0.01 0.34 0.13 0 0 2 2 2 1 1 1 0.3 0.15 -3.0 -1.2 -0.89 -1.83 -1.79 -0.93 -0.66 0.233 0.298 0.238 0.229 0.261 0.234 0 0 1 0 0 0
1971-04-25T16:30:00 1971 4 25 16 30 0 -0.14 -0.19 354.0 4.4 1.1 0.01 0.34 0.14 0 0 2 2 2 1 1 1 0.3 0.19 -4.0 -1.2 -0.89 -1.83 -1.79 -0.93 -0.66 0.246 0.307 0.237 0.238 0.267 0.247 0 0 1 0 0 0
1971-04-25T17:30:00 1971 4 25 17 30 0 0.24 -0.2 354.0 4.4 1.1 0.01 0.35 0.15 1 0 2 2 2 1 1 1 0.3 0.23 -5.0 -1.2 -0.89 -1.83 -1.79 -0.93 -0.66 0.257 0.316 0.238 0.246 0.272 0.262 0 0 1 0 0 0
1971-04-25T18:30:00 1971 4 25 18 30 0 1.25 -0.2 344.0 5.6 1.33 0.08 0.35 0.18 1 0 2 2 2 1 1 1 0.7 0.32 -5.0 -1.2 -0.89 -1.83 -1.79 -0.93 -0.66 0.269 0.333 0.238 0.255 0.282 0.299 0 0 1 0 0 0
1971-04-25T19:30:00 1971 4 25 19 30 0 2.26 -0.02 344.0 5.6 1.33 0.26 0.18 0.1 1 1 2 2 2 1 2 2 0.7 0.4 -6.0 -0.9 -0.63 -1.44 -1.41 -0.65 -0.42 0.265 0.321 0.237 0.242 0.257 0.299 0 0 1 0 1 1
1971-04-25T20:30:00 1971 4 25 20 30 0 2.8 0.94 344.0 4.8 1.1 0.35 0.0 0.0 1 1 2 2 2 1 2 2 0.7 0.46 -10.0 0.75 0.81 0.63 0.64 0.8 0.85 0.191 0.175 0.23 0.149 0.095 0.137 0 1 1 0 1 1
1971-04-25T21:30:00 1971 4 25 21 30 0 2.8 1.2 344.0 4.5 1.01 0.33 0.0 0.0 2 2 2 2 2 2 2 2 0.0 0.41 -14.0 1.2 1.2 1.2 1.2 1.2 1.2 0.129 0.087 0.223 0.083 0.03 0.057 0 1 1 0 1 1
1971-04-25T22:30:00 1971 4 25 22 30 0 1.6 2.0 346.0 5.1 1.18 0.14 0.0 0.0 2 2 2 2 2 2 2 2 0.0 0.37 -17.0 2.0 2.0 2.0 2.0 2.0 2.0 0.088 0.043 0.217 0.047 0.009 0.023 0 1 1 0 1 1
1971-04-25T23:30:00 1971 4 25 23 30 0 3.0 -0.2 345.0 5.7 1.31 0.3 0.03 0.02 2 2 2 2 2 2 2 2 0.0 0.33 -18.0 -0.2 -0.2 -0.2 -0.2 -0.2 -0.2 0.065 0.043 0.21 0.028 0.028 0.047 1 1 1 1 2 2
