1971-05-26T00:30:00 1971 5 26 0 30 0 -1.2 1.1 426.0 5.2 1.99 0.56 1.64 0.87 2 2 2 2 2 2 2 2 3.0 2.32 -11.0 1.1 1.1 1.1 1.1 1.1 1.1 0.231 0.283 0.206 0.153 0.268 0.445 2 2 2 2 2 2
1971-05-26T01:30:00 1971 5 26 1 30 0 -3.2 -2.4 451.0 4.8 1.99 1.09 2.06 1.01 2 2 2 2 2 2 2 2 3.0 2.48 -6.0 -2.4 -2.4 -2.4 -2.4 -2.4 -2.4 0.268 0.352 0.208 0.2 0.44 0.601 2 2 2 2 2 2
1971-05-26T02:30:00 1971 5 26 2 30 0 -3.2 -3.5 443.0 4.9 1.98 3.75 6.69 3.25 2 2 2 2 2 2 2 2 3.0 2.57 -8.0 -3.5 -3.5 -3.5 -3.5 -3.5 -3.5 0.441 0.59 0.227 0.435 0.799 0.974 2 2 2 2 2 2
1971-05-26T03:30:00 1971 5 26 3 30 0 -4.0 -2.5 433.0 5.0 1.92 3.98 6.48 3.21 2 2 2 2 2 2 2 2 2.7 2.62 -12.0 -2.5 -2.5 -2.5 -2.5 -2.5 -2.5 0.536 0.681 0.243 0.522 0.84 1.069 2 2 2 2 2 2
1971-05-26T04:30:00 1971 5 26 4 30 0 -2.7 -0.8 426.0 5.2 1.93 2.06 3.39 1.73 2 2 2 2 2 2 2 2 2.7 2.67 -14.0 -0.8 -0.8 -0.8 -0.8 -0.8 -0.8 0.489 0.574 0.244 0.401 0.601 0.882 2 2 2 2 2 2
1971-05-26T05:30:00 1971 5 26 5 30 0 -4.4 -2.0 430.0 5.1 1.91 2.16 3.11 1.6 2 2 2 2 2 2 2 2 2.7 2.72 -15.0 -2.0 -2.0 -2.0 -2.0 -2.0 -2.0 0.473 0.554 0.247 0.358 0.593 0.862 2 2 2 2 2 2
1971-05-26T06:30:00 1971 5 26 6 30 0 -4.8 -1.5 430.0 5.2 1.94 3.23 3.72 1.92 2 2 2 2 2 2 2 2 2.7 2.76 -12.0 -1.5 -1.5 -1.5 -1.5 -1.5 -1.5 0.47 0.551 0.25 0.34 0.593 0.868 2 2 2 2 2 2
1971-05-26T07:30:00 1971 5 26 7 30 0 -4.5 -1.7 416.0 5.2 1.84 3.07 3.4 1.77 2 2 2 2 2 2 2 2 2.7 2.81 -10.0 -1.7 -1.7 -1.7 -1.7 -1.7 -1.7 0.463 0.547 0.252 0.324 0.579 0.845 2 2 2 2 2 2
1971-05-26T08:30:00 1971 5 26 8 30 0 -2.7 0.2 406.0 5.6 1.89 1.48 1.43 0.76 2 2 2 2 2 2 2 2 2.7 2.77 -11.0 0.2 0.2 0.2 0.2 0.2 0.2 0.363 0.374 0.247 0.214 0.309 0.543 2 2 2 2 2 2
1971-05-26T09:30:00 1971 5 26 9 30 0 -4.3 -0.6 413.0 5.0 1.73 1.2 0.51 0.26 2 2 2 2 2 2 2 2 1.7 2.6 -11.0 -0.6 -0.6 -0.6 -0.6 -0.6 -0.6 0.279 0.273 0.241 0.138 0.223 0.404 2 2 2 2 2 2
1971-05-26T10:30:00 1971 5 26 10 30 0 -4.2 0.1 412.0 5.4 1.86 1.61 0.48 0.25 2 2 2 2 2 2 2 2 1.7 2.44 -10.0 0.1 0.1 0.1 0.1 0.1 0.1 0.207 0.183 0.234 0.085 0.128 0.269 2 2 2 2 2 2
1971-05-26T11:30:00 1971 5 26 11 30 0 -4.2 -1.3 410.0 5.0 1.68 1.86 1.35 0.69 2 2 2 2 2 2 2 2 1.7 2.31 -9.0 -1.3 -1.3 -1.3 -1.3 -1.3 -1.3 0.216 0.26 0.231 0.104 0.281 0.421 2 2 2 2 2 2
1971-05-26T12:30:00 1971 5 26 12 30 0 -4.8 0.3 412.0 4.2 1.38 1.95 0.98 0.46 2 2 2 2 2 2 2 2 1.7 2.19 -9.0 0.3 0.3 0.3 0.3 0.3 0.3 0.179 0.199 0.225 0.077 0.173 0.295 2 2 2 2 2 2
1971-05-26T13:30:00 1971 5 26 13 30 0 -5.3 -1.7 418.0 4.2 1.37 2.7 1.65 0.69 2 2 2 2 2 2 2 2 1.7 2.06 -9.0 -1.7 -1.7 -1.7 -1.7 -1.7 -1.7 0.206 0.276 0.223 0.114 0.319 0.4 2 2 2 2 2 2
1971-05-26T14:30:00 1971 5 26 14 30 0 -3.8 -2.3 422.0 4.2 1.42 3.37 4.26 1.79 2 2 2 2 2 2 2 2 1.7 1.94 -10.0 -2.3 -2.3 -2.3 -2.3 -2.3 -2.3 0.305 0.431 0.229 0.233 0.531 0.589 2 2 2 2 2 2
1971-05-26T15:30:00 1971 5 26 15 30 0 -4.5 -0.7 409.0 4.1 1.3 2.49 2.98 1.24 2 2 2 2 2 2 2 2 2.0 1.86 -13.0 -0.7 -0.7 -0.7 -0.7 -0.7 -0.7 0.31 0.412 0.229 0.214 0.438 0.533 2 2 2 2 2 2
1971-05-26T16:30:00 1971 5 26 16 30 0 -2.9 -1.8 413.0 4.4 1.46 1.92 2.67 1.14 2 2 2 2 2 2 2 2 2.0 1.78 -11.0 -1.8 -1.8 -1.8 -1.8 -1.8 -1.8 0.327 0.434 0.229 0.223 0.465 0.561 2 2 2 2 2 2
1971-05-26T17:30:00 1971 5 26 17 30 0 -3.3 -0.5 408.0 4.4 1.41 1.43 2.25 0.99 2 2 2 2 2 2 2 2 2.0 1.82 -12.0 -0.5 -0.5 -0.5 -0.5 -0.5 -0.5 0.303 0.383 0.227 0.184 0.371 0.495 2 2 2 2 2 2
1971-05-26T18:30:00 1971 5 26 18 30 0 -2.4 -0.9 409.0 4.3 1.41 0.99 1.46 0.64 2 2 2 2 2 2 2 2 1.7 1.81 -14.0 -0.9 -0.9 -0.9 -0.9 -0.9 -0.9 0.273 0.341 0.223 0.148 0.326 0.446 2 2 2 2 2 2
1971-05-26T19:30:00 1971 5 26 19 30 0 -2.6 -1.6 413.0 4.4 1.45 1.19 2.63 1.15 2 2 2 2 2 2 2 2 1.7 1.81 -17.0 -1.6 -1.6 -1.6 -1.6 -1.6 -1.6 0.298 0.393 0.223 0.179 0.419 0.522 2 2 2 2 2 2
1971-05-26T20:30:00 1971 5 26 20 30 0 -3.3 -1.2 403.0 4.3 1.35 1.52 2.82 1.23 2 2 2 2 2 2 2 2 1.7 1.81 -21.0 -1.2 -1.2 -1.2 -1.2 -1.2 -1.2 0.312 0.412 0.223 0.191 0.428 0.532 2 2 2 2 2 2
1971-05-26T21:30:00 1971 5 26 21 30 0 -3.2 -0.9 383.0 4.1 1.16 1.38 2.04 0.85 2 2 2 2 2 2 2 2 2.0 1.85 -24.0 -0.9 -0.9 -0.9 -0.9 -0.9 -0.9 0.293 0.379 0.22 0.166 0.358 0.453 2 2 2 2 2 2
1971-05-26T22:30:00 1971 5 26 22 30 0 -3.3 -1.2 380.0 4.0 1.13 1.37 2.03 0.82 2 2 2 2 2 2 2 2 2.0 1.89 -24.0 -1.2 -1.2 -1.2 -1.2 -1.2 -1.2 0.284 0.372 0.218 0.156 0.344 0.412 2 2 2 2 2 2
1971-05-26T23:30:00 1971 5 26 23 30 0 -2.3 -1.0 364.0 4.4 1.1 1.09 2.03 0.85 2 2 2 2 2 2 2 2 2.0 1.89 -20.0 -1.0 -1.0 -1.0 -1.0 -1.0 -1.0 0.276 0.367 0.215 0.148 0.325 0.39 2 2 2 2 2 2
