1971-05-27T00:30:00 1971 5 27 0 30 0 -1.9 -0.1 364.0 4.4 1.1 0.5 0.93 0.41 2 2 1 1 1 2 2 1 0.7 1.72 -16.0 -0.1 -0.1 -0.1 -0.1 -0.1 -0.1 0.222 0.272 0.21 0.101 0.199 0.281 2 2 2 2 2 2
1971-05-27T01:30:00 1971 5 27 1 30 0 -2.1 -0.4 364.0 4.4 1.23 0.38 0.48 0.21 2 2 1 1 1 2 2 1 0.7 1.55 -12.0 -0.4 -0.4 -0.4 -0.4 -0.4 -0.4 0.178 0.214 0.204 0.068 0.155 0.23 2 1 2 2 1 1
1971-05-27T02:30:00 1971 5 27 2 30 0 -2.2 -0.4 362.6 4.95 1.64 0.47 0.73 0.34 2 2 1 1 1 2 2 1 0.7 1.42 -9.0 -0.4 -0.4 -0.4 -0.4 -0.4 -0.4 0.157 0.206 0.199 0.056 0.162 0.24 2 1 2 1 1 1
1971-05-27T03:30:00 1971 5 27 3 30 0 -1.2 0.4 361.2 5.62 2.04 0.22 0.15 0.08 2 2 1 1 1 2 2 1 0.0 1.2 -7.0 0.4 0.4 0.4 0.4 0.4 0.4 0.111 0.114 0.193 0.033 0.062 0.119 2 1 2 1 1 1
1971-05-27T04:30:00 1971 5 27 4 30 0 -1.4 1.6 359.8 6.3 2.45 0.05 0.0 0.0 2 2 1 1 1 2 2 1 0.0 0.99 -5.0 1.6 1.6 1.6 1.6 1.6 1.6 0.075 0.057 0.187 0.018 0.02 0.049 2 1 2 1 1 1
1971-05-27T05:30:00 1971 5 27 5 30 0 -0.7 0.9 358.4 6.97 2.47 0.02 0.0 0.0 2 2 1 1 0 2 2 1 0.0 0.74 -5.0 0.9 0.9 0.9 0.9 0.9 0.9 0.051 0.028 0.181 0.01 0.006 0.02 2 1 2 1 1 1
1971-05-27T06:30:00 1971 5 27 6 30 0 -0.9 0.3 357.0 7.34 2.47 0.02 0.0 0.0 2 2 1 0 0 2 2 1 0.3 0.53 -6.0 0.3 0.3 0.3 0.3 0.3 0.3 0.034 0.014 0.176 0.006 0.002 0.008 2 1 2 1 1 1
1971-05-27T07:30:00 1971 5 27 7 30 0 -2.1 -1.5 355.6 7.34 2.47 0.42 1.22 0.9 2 2 1 0 0 2 2 1 0.3 0.33 -5.0 -1.5 -1.5 -1.5 -1.5 -1.5 -1.5 0.106 0.21 0.174 0.065 0.235 0.365 0 0 2 0 0 0
1971-05-27T08:30:00 1971 5 27 8 30 0 -0.6 0.2 354.1 7.34 2.47 0.32 1.07 0.78 2 2 1 0 0 2 2 1 0.3 0.28 -5.0 0.2 0.2 0.2 0.2 0.2 0.2 0.115 0.208 0.17 0.062 0.175 0.337 0 0 2 0 0 0
1971-05-27T09:30:00 1971 5 27 9 30 0 -1.0 0.8 352.7 7.34 2.47 0.02 0.0 0.0 2 2 1 0 0 2 2 1 0.7 0.29 -4.0 0.8 0.8 0.8 0.8 0.8 0.8 0.078 0.103 0.165 0.035 0.056 0.14 0 0 2 0 0 0
1971-05-27T10:30:00 1971 5 27 10 30 0 -1.6 0.3 351.3 7.35 2.47 0.08 0.0 0.0 2 2 1 0 0 2 2 1 0.7 0.3 -2.0 0.3 0.3 0.3 0.3 0.3 0.3 0.053 0.051 0.16 0.019 0.018 0.058 0 0 2 0 0 0
1971-05-27T11:30:00 1971 5 27 11 30 0 -1.6 -0.4 349.9 7.35 2.47 0.21 0.23 0.17 2 2 1 0 0 2 2 1 0.7 0.38 -2.0 -0.4 -0.4 -0.4 -0.4 -0.4 -0.4 0.056 0.093 0.156 0.02 0.082 0.165 0 0 2 0 0 0
1971-05-27T12:30:00 1971 5 27 12 30 0 -1.1 -0.7 348.5 7.35 2.47 0.26 0.98 0.72 2 2 1 0 0 2 2 1 0.3 0.42 -4.0 -0.7 -0.7 -0.7 -0.7 -0.7 -0.7 0.097 0.205 0.153 0.045 0.196 0.355 0 0 2 0 0 0
1971-05-27T13:30:00 1971 5 27 13 30 0 -1.4 -0.2 347.1 7.35 2.47 0.2 0.75 0.55 2 2 1 0 0 2 2 1 0.3 0.45 -3.0 -0.2 -0.2 -0.2 -0.2 -0.2 -0.2 0.105 0.212 0.149 0.043 0.173 0.356 0 0 2 0 0 0
1971-05-27T14:30:00 1971 5 27 14 30 0 -0.7 -0.4 345.7 7.35 2.47 0.13 0.53 0.39 2 2 1 0 0 2 2 1 0.3 0.45 0.0 -0.4 -0.4 -0.4 -0.4 -0.4 -0.4 0.106 0.212 0.145 0.04 0.167 0.353 0 0 2 0 0 0
1971-05-27T15:30:00 1971 5 27 15 30 0 -1.0 0.1 344.3 7.36 2.47 0.07 0.25 0.18 2 2 1 0 0 2 2 1 0.3 0.45 1.0 0.1 0.1 0.1 0.1 0.1 0.1 0.084 0.142 0.141 0.026 0.086 0.221 0 0 2 0 0 0
1971-05-27T16:30:00 1971 5 27 16 30 0 -0.8 -0.4 342.9 7.36 2.47 0.08 0.3 0.22 2 2 1 0 0 2 2 1 0.3 0.44 1.0 -0.4 -0.4 -0.4 -0.4 -0.4 -0.4 0.081 0.152 0.138 0.025 0.114 0.253 0 0 2 0 0 0
1971-05-27T17:30:00 1971 5 27 17 30 0 -1.3 0.0 341.5 7.36 2.47 0.11 0.31 0.23 2 2 1 0 0 2 2 1 0.3 0.4 -1.0 0.0 0.0 0.0 0.0 0.0 0.0 0.071 0.124 0.134 0.019 0.08 0.199 0 0 2 0 0 0
1971-05-27T18:30:00 1971 5 27 18 30 0 -1.3 -0.1 340.1 7.36 2.47 0.13 0.09 0.07 2 2 1 0 0 2 2 1 0.3 0.35 -6.0 -0.1 -0.1 -0.1 -0.1 -0.1 -0.1 0.056 0.097 0.13 0.013 0.062 0.166 0 0 2 0 0 0
1971-05-27T19:30:00 1971 5 27 19 30 0 -0.9 -0.2 338.7 7.36 2.47 0.11 0.26 0.19 2 2 1 0 0 2 2 1 0.3 0.3 -11.0 -0.2 -0.2 -0.2 -0.2 -0.2 -0.2 0.057 0.115 0.126 0.013 0.087 0.205 0 0 2 0 0 0
1971-05-27T20:30:00 1971 5 27 20 30 0 -1.2 -0.7 337.3 7.37 2.47 0.17 0.8 0.59 2 2 1 0 0 2 2 1 0.3 0.3 -13.0 -0.7 -0.7 -0.7 -0.7 -0.7 -0.7 0.09 0.203 0.124 0.036 0.177 0.334 0 0 2 0 0 0
1971-05-27T21:30:00 1971 5 27 21 30 0 -2.1 -0.6 335.9 7.37 2.47 0.37 1.09 0.8 2 2 1 0 0 2 2 1 0.7 0.35 -14.0 -0.6 -0.6 -0.6 -0.6 -0.6 -0.6 0.122 0.264 0.122 0.054 0.219 0.407 0 0 2 0 0 0
1971-05-27T22:30:00 1971 5 27 22 30 0 -2.3 -0.4 334.4 7.37 2.47 0.48 0.82 0.61 2 2 1 0 0 2 2 1 0.7 0.4 -13.0 -0.4 -0.4 -0.4 -0.4 -0.4 -0.4 0.129 0.263 0.119 0.053 0.199 0.394 0 0 2 0 0 0
1971-05-27T23:30:00 1971 5 27 23 30 0 -2.2 -0.5 333.0 7.37 2.47 0.48 0.76 0.56 2 2 1 0 0 2 2 1 0.7 0.46 -13.0 -0.5 -0.5 -0.5 -0.5 -0.5 -0.5 0.134 0.264 0.117 0.053 0.195 0.388 0 0 2 0 0 0
