1971-10-30T00:30:00 1971 10 30 0 30 0 0.9 -2.6 429.5 7.16 2.45 1.89 5.78 4.14 2 2 0 0 0 1 1 1 4.3 4.11 -20.0 -2.6 -2.6 -2.6 -2.6 -2.6 -2.6 0.559 0.733 0.219 0.492 0.861 1.52 0 0 0 0 0 0
1971-10-30T01:30:00 1971 10 30 1 30 0 2.6 -1.8 429.5 7.16 2.45 1.7 4.65 3.33 2 2 0 0 0 1 1 1 4.3 4.19 -23.0 -1.8 -1.8 -1.8 -1.8 -1.8 -1.8 0.584 0.734 0.229 0.487 0.807 1.498 0 0 0 0 0 0
1971-10-30T02:30:00 1971 10 30 2 30 0 2.6 -1.42 429.5 7.16 2.45 1.54 3.42 2.45 1 1 0 0 0 1 1 0 4.3 4.19 -21.0 -1.61 -1.57 -1.69 -1.68 -1.57 -1.54 0.566 0.683 0.235 0.44 0.717 1.388 0 0 0 0 0 0
1971-10-30T03:30:00 1971 10 30 3 30 0 2.02 -0.03 429.5 7.16 2.45 0.77 1.43 1.03 1 1 0 0 0 1 1 0 4.3 4.19 -24.0 -0.91 -0.72 -1.28 -1.26 -0.74 -0.58 0.506 0.565 0.237 0.374 0.549 1.123 0 0 0 0 0 0
1971-10-30T04:30:00 1971 10 30 4 30 0 0.95 0.23 429.5 7.16 2.45 0.18 0.0 0.0 1 0 0 0 0 0 0 0 4.3 4.19 -34.0 -0.78 -0.56 -1.2 -1.18 -0.58 -0.4 0.435 0.445 0.238 0.315 0.411 0.857 0 0 0 0 0 0
1971-10-30T05:30:00 1971 10 30 5 30 0 -0.12 0.23 429.5 7.16 2.45 0.01 0.0 0.0 1 0 0 0 0 0 0 0 4.3 4.23 -34.0 -0.78 -0.56 -1.2 -1.18 -0.58 -0.4 0.382 0.376 0.239 0.279 0.356 0.721 0 0 0 0 0 0
1971-10-30T06:30:00 1971 10 30 6 30 0 -0.53 0.23 429.5 7.16 2.45 0.01 0.0 0.0 0 0 0 0 0 0 0 0 3.7 4.19 -28.0 -0.78 -0.56 -1.2 -1.18 -0.58 -0.4 0.346 0.342 0.24 0.259 0.338 0.665 0 0 0 0 0 0
1971-10-30T07:30:00 1971 10 30 7 30 0 -0.53 0.23 429.5 7.16 2.45 0.01 0.0 0.0 0 0 0 0 0 0 0 0 3.7 4.14 -26.0 -0.78 -0.56 -1.2 -1.18 -0.58 -0.4 0.322 0.325 0.24 0.248 0.333 0.641 0 0 0 0 0 0
1971-10-30T08:30:00 1971 10 30 8 30 0 -0.53 0.23 429.5 7.16 2.45 0.01 0.0 0.0 0 0 0 0 0 0 0 0 3.7 4.07 -27.0 -0.78 -0.56 -1.2 -1.18 -0.58 -0.4 0.306 0.316 0.241 0.241 0.331 0.632 0 0 0 0 0 0
1971-10-30T09:30:00 1971 10 30 9 30 0 -0.53 0.23 429.5 7.16 2.45 0.01 0.0 0.0 0 0 0 0 0 0 0 0 2.0 3.77 -32.0 -0.78 -0.56 -1.21 -1.18 -0.58 -0.4 0.295 0.312 0.241 0.238 0.33 0.628 0 0 0 0 0 0
1971-10-30T10:30:00 1971 10 30 10 30 0 -0.53 0.23 429.5 7.16 2.45 0.01 0.0 0.0 0 0 0 0 0 0 0 0 2.0 3.47 -31.0 -0.78 -0.56 -1.21 -1.18 -0.58 -0.4 0.287 0.31 0.242 0.236 0.33 0.626 0 0 0 0 0 0
1971-10-30T11:30:00 1971 10 30 11 30 0 -0.53 0.23 429.5 7.16 2.45 0.01 0.0 0.0 0 0 0 0 0 0 0 0 2.0 3.18 -27.0 -0.78 -0.56 -1.21 -1.18 -0.58 -0.4 0.282 0.309 0.242 0.235 0.33 0.625 0 0 0 0 0 0
1971-10-30T12:30:00 1971 10 30 12 30 0 -0.53 0.23 429.5 7.16 2.45 0.01 0.0 0.0 0 0 0 0 0 0 0 0 1.7 2.86 -28.0 -0.78 -0.56 -1.21 -1.18 -0.58 -0.4 0.279 0.308 0.243 0.234 0.33 0.625 0 0 0 0 0 0
1971-10-30T13:30:00 1971 10 30 13 30 0 -0.53 0.23 429.5 7.16 2.45 0.01 0.0 0.0 0 0 0 0 0 0 0 0 1.7 2.54 -30.0 -0.78 -0.56 -1.21 -1.18 -0.58 -0.4 0.276 0.308 0.244 0.234 0.33 0.625 0 0 0 0 0 0
1971-10-30T14:30:00 1971 10 30 14 30 0 -0.53 0.23 429.5 7.16 2.45 0.01 0.0 0.0 0 0 0 0 0 0 0 0 1.7 2.29 -30.0 -0.78 -0.56 -1.21 -1.18 -0.58 -0.4 0.275 0.308 0.244 0.234 0.33 0.625 0 0 0 0 0 0
1971-10-30T15:30:00 1971 10 30 15 30 0 -0.53 0.23 429.5 7.16 2.45 0.01 0.0 0.0 0 0 0 0 0 0 0 0 2.3 2.13 -27.0 -0.78 -0.56 -1.21 -1.18 -0.58 -0.4 0.274 0.308 0.245 0.233 0.33 0.625 0 0 0 0 0 0
1971-10-30T16:30:00 1971 10 30 16 30 0 -0.53 0.23 429.5 7.16 2.45 0.01 0.0 0.0 0 0 0 0 0 0 0 0 2.3 1.96 -27.0 -0.78 -0.56 -1.21 -1.18 -0.58 -0.4 0.273 0.308 0.245 0.233 0.33 0.625 0 0 0 0 0 0
1971-10-30T17:30:00 1971 10 30 17 30 0 -0.53 0.23 429.5 7.16 2.45 0.01 0.0 0.0 0 0 0 0 0 0 0 0 2.3 2.0 -29.0 -0.78 -0.56 -1.21 -1.18 -0.59 -0.4 0.273 0.308 0.246 0.233 0.332 0.625 0 0 0 0 0 0
1971-10-30T18:30:00 1971 10 30 18 30 0 -0.53 0.23 429.5 7.16 2.45 0.01 0.0 0.0 0 0 0 0 0 0 0 0 0.7 1.83 -29.0 -0.78 -0.56 -1.21 -1.18 -0.59 -0.4 0.272 0.308 0.246 0.233 0.333 0.625 0 0 0 0 0 0
1971-10-30T19:30:00 1971 10 30 19 30 0 -0.54 0.23 429.5 7.16 2.45 0.01 0.0 0.0 0 0 0 0 0 0 0 0 0.7 1.67 -30.0 -0.78 -0.56 -1.21 -1.18 -0.59 -0.4 0.272 0.308 0.247 0.233 0.334 0.625 0 0 0 0 0 0
1971-10-30T20:30:00 1971 10 30 20 30 0 -0.54 0.23 429.5 7.16 2.45 0.02 0.0 0.0 0 0 0 0 0 0 0 0 0.7 1.54 -29.0 -0.78 -0.56 -1.21 -1.18 -0.59 -0.4 0.272 0.308 0.247 0.233 0.334 0.625 0 0 0 0 0 0
1971-10-30T21:30:00 1971 10 30 21 30 0 -0.54 0.23 429.5 7.16 2.45 0.02 0.0 0.0 0 0 0 0 0 0 0 0 0.3 1.35 -27.0 -0.78 -0.56 -1.21 -1.18 -0.59 -0.4 0.272 0.308 0.247 0.233 0.334 0.625 0 0 0 0 0 0
1971-10-30T22:30:00 1971 10 30 22 30 0 -0.54 0.23 429.5 7.16 2.45 0.02 0.0 0.0 0 0 0 0 0 0 0 0 0.3 1.18 -23.0 -0.78 -0.56 -1.21 -1.18 -0.59 -0.4 0.272 0.308 0.248 0.233 0.334 0.625 0 0 0 0 0 0
1971-10-30T23:30:00 1971 10 30 23 30 0 -0.54 0.23 429.5 7.16 2.45 0.02 0.0 0.0 0 0 0 0 0 0 0 0 0.3 0.93 -18.0 -0.78 -0.56 -1.21 -1.18 -0.59 -0.4 0.272 0.308 0.248 0.233 0.334 0.625 0 0 0 0 0 0
