1971-11-20T00:30:00 1971 11 20 0 30 0 -5.4 -0.2 430.6 7.21 2.47 2.24 0.05 0.04 2 2 0 0 0 1 1 1 0.7 1.58 -8.0 -0.2 -0.2 -0.2 -0.2 -0.2 -0.2 0.095 0.103 0.212 0.035 0.079 0.23 0 0 0 0 0 0
1971-11-20T01:30:00 1971 11 20 1 30 0 -7.1 -3.1 430.6 7.21 2.47 5.19 3.81 2.75 2 2 0 0 0 1 1 1 0.7 1.29 -6.0 -3.1 -3.1 -3.1 -3.1 -3.1 -3.1 0.271 0.43 0.222 0.249 0.598 0.997 0 0 0 0 0 0
1971-11-20T02:30:00 1971 11 20 2 30 0 -6.7 -2.93 430.6 7.21 2.47 7.49 6.48 4.67 1 1 0 0 0 1 1 0 0.7 1.22 -5.0 -2.93 -2.93 -2.93 -2.93 -2.93 -2.93 0.467 0.691 0.241 0.482 0.892 1.49 0 0 0 0 0 0
1971-11-20T03:30:00 1971 11 20 3 30 0 -6.3 -2.17 430.6 7.21 2.47 6.24 5.42 3.91 1 1 0 0 0 1 1 0 1.7 1.27 -4.0 -2.17 -2.17 -2.17 -2.17 -2.17 -2.17 0.553 0.757 0.254 0.531 0.885 1.577 0 0 0 0 0 0
1971-11-20T04:30:00 1971 11 20 4 30 0 -5.9 -2.0 430.6 7.21 2.47 5.16 4.47 3.23 2 2 0 0 0 1 1 1 1.7 1.32 0.0 -2.0 -2.0 -2.0 -2.0 -2.0 -2.0 0.58 0.747 0.263 0.509 0.823 1.537 0 0 0 0 0 0
1971-11-20T05:30:00 1971 11 20 5 30 0 -4.4 0.7 430.6 7.21 2.47 2.69 1.42 1.02 2 2 0 0 0 1 1 1 1.7 1.33 0.0 0.7 0.7 0.7 0.7 0.7 0.7 0.44 0.462 0.258 0.32 0.373 0.864 0 0 0 0 0 0
1971-11-20T06:30:00 1971 11 20 6 30 0 -6.5 -0.9 430.6 7.21 2.47 2.76 0.63 0.45 2 2 0 0 0 1 1 1 1.3 1.28 0.0 -0.9 -0.9 -0.9 -0.9 -0.9 -0.9 0.346 0.347 0.252 0.211 0.301 0.703 0 0 0 0 0 0
1971-11-20T07:30:00 1971 11 20 7 30 0 -5.9 -3.2 430.6 7.21 2.47 5.41 4.62 3.33 2 2 0 0 0 1 1 1 1.3 1.23 -2.0 -3.2 -3.2 -3.2 -3.2 -3.2 -3.2 0.468 0.589 0.264 0.386 0.72 1.262 0 0 0 0 0 0
1971-11-20T08:30:00 1971 11 20 8 30 0 -5.3 -5.0 430.6 7.21 2.47 8.0 8.99 6.48 2 2 0 0 0 1 1 1 1.3 1.31 -8.0 -5.0 -5.0 -5.0 -5.0 -5.0 -5.0 0.712 0.913 0.299 0.782 1.158 1.852 0 0 0 0 0 0
1971-11-20T09:30:00 1971 11 20 9 30 0 -5.5 -2.5 430.6 7.21 2.47 6.86 7.85 5.66 2 2 0 0 0 1 1 1 2.3 1.51 -17.0 -2.5 -2.5 -2.5 -2.5 -2.5 -2.5 0.795 0.962 0.322 0.834 1.104 1.892 0 0 0 0 0 0
1971-11-20T10:30:00 1971 11 20 10 30 0 -5.1 1.6 430.6 7.21 2.47 2.72 1.42 1.03 2 2 0 0 0 1 1 1 2.3 1.71 -18.0 1.6 1.6 1.6 1.6 1.6 1.6 0.584 0.564 0.316 0.501 0.456 1.0 0 0 0 0 0 0
1971-11-20T11:30:00 1971 11 20 11 30 0 -4.2 2.4 430.6 7.21 2.47 1.0 0.0 0.0 2 2 0 0 0 1 1 1 2.3 1.78 -14.0 2.4 2.4 2.4 2.4 2.4 2.4 0.396 0.28 0.306 0.281 0.144 0.415 0 0 0 0 0 0
1971-11-20T12:30:00 1971 11 20 12 30 0 -2.1 6.0 430.6 7.21 2.47 0.24 0.0 0.0 2 2 0 0 0 1 1 1 0.7 1.65 -9.0 6.0 6.0 6.0 6.0 6.0 6.0 0.268 0.139 0.297 0.157 0.046 0.172 0 0 0 0 0 0
1971-11-20T13:30:00 1971 11 20 13 30 0 -2.4 6.5 430.6 7.21 2.47 0.05 0.0 0.0 1 1 0 0 0 1 1 0 0.7 1.52 -4.0 6.5 6.5 6.5 6.5 6.5 6.5 0.181 0.069 0.288 0.088 0.014 0.071 0 0 0 0 0 0
1971-11-20T14:30:00 1971 11 20 14 30 0 -2.7 7.0 430.6 7.21 2.47 0.07 0.0 0.0 2 2 0 0 0 1 1 1 0.7 1.44 -5.0 7.0 7.0 7.0 7.0 7.0 7.0 0.123 0.034 0.279 0.049 0.005 0.03 0 0 0 0 0 0
1971-11-20T15:30:00 1971 11 20 15 30 0 -6.9 2.6 430.6 7.21 2.47 0.88 0.0 0.0 2 2 0 0 0 1 1 1 2.0 1.53 -5.0 2.6 2.6 2.6 2.6 2.6 2.6 0.083 0.017 0.27 0.028 0.001 0.012 0 0 0 0 0 0
1971-11-20T16:30:00 1971 11 20 16 30 0 -5.55 -0.6 430.6 7.21 2.47 2.6 0.18 0.13 1 1 0 0 0 1 1 0 2.0 1.62 -7.0 -0.6 -0.6 -0.6 -0.6 -0.6 -0.6 0.076 0.06 0.263 0.029 0.085 0.16 0 0 0 0 0 0
1971-11-20T17:30:00 1971 11 20 17 30 0 -4.2 -3.8 430.6 7.21 2.47 4.27 5.02 3.62 2 2 0 0 0 1 1 1 2.0 1.59 -10.0 -3.8 -3.8 -3.8 -3.8 -3.8 -3.8 0.309 0.479 0.278 0.329 0.706 1.097 0 0 0 0 0 0
1971-11-20T18:30:00 1971 11 20 18 30 0 -6.3 -3.4 430.6 7.21 2.47 6.61 7.71 5.56 2 2 0 0 0 1 1 1 2.3 1.6 -9.0 -3.4 -3.4 -3.4 -3.4 -3.4 -3.4 0.538 0.772 0.302 0.609 1.011 1.631 0 0 0 0 0 0
1971-11-20T19:30:00 1971 11 20 19 30 0 -6.1 -1.8 430.6 7.21 2.47 5.94 5.45 3.93 2 2 0 0 0 1 1 1 2.3 1.61 -10.0 -1.8 -1.8 -1.8 -1.8 -1.8 -1.8 0.594 0.784 0.313 0.591 0.898 1.609 0 0 0 0 0 0
1971-11-20T20:30:00 1971 11 20 20 30 0 -4.6 0.3 430.7 7.21 2.47 2.93 1.5 1.08 2 2 0 0 0 1 1 1 2.3 1.8 -12.0 0.3 0.3 0.3 0.3 0.3 0.3 0.459 0.505 0.307 0.37 0.433 0.974 0 0 0 0 0 0
1971-11-20T21:30:00 1971 11 20 21 30 0 -5.8 -3.1 430.7 7.21 2.47 3.82 3.32 2.4 2 2 0 0 0 1 1 1 2.0 1.96 -13.0 -3.1 -3.1 -3.1 -3.1 -3.1 -3.1 0.501 0.607 0.312 0.418 0.68 1.26 0 0 0 0 0 0
1971-11-20T22:30:00 1971 11 20 22 30 0 -2.7 3.9 430.7 7.21 2.47 1.75 1.21 0.87 2 2 0 0 0 1 1 1 2.0 2.11 -19.0 3.9 3.9 3.9 3.9 3.9 3.9 0.37 0.354 0.305 0.258 0.278 0.646 0 0 0 0 0 0
1971-11-20T23:30:00 1971 11 20 23 30 0 -1.4 5.5 430.7 7.21 2.47 0.06 0.0 0.0 2 2 0 0 0 1 1 1 2.0 2.11 -17.0 5.5 5.5 5.5 5.5 5.5 5.5 0.251 0.176 0.296 0.145 0.088 0.268 0 0 0 0 0 0
