1971-04-11T00:30:00 1971 4 11 0 30 0 -1.7 2.0 560.0 3.2 2.1 0.05 0.0 0.0 2 2 2 2 2 2 2 2 3.0 3.94 -49.0 2.0 2.0 2.0 2.0 2.0 2.0 0.169 0.075 0.947 0.075 0.041 0.094 2 2 2 2 2 2
1971-04-11T01:30:00 1971 4 11 1 30 0 -0.5 -1.6 546.0 3.2 2.01 0.26 1.16 0.37 2 2 2 2 2 2 2 2 3.0 3.85 -49.0 -1.6 -1.6 -1.6 -1.6 -1.6 -1.6 0.174 0.144 0.923 0.1 0.264 0.286 2 2 2 2 2 2
1971-04-11T02:30:00 1971 4 11 2 30 0 -1.5 0.1 530.0 3.3 1.98 0.4 1.86 0.6 2 2 2 2 2 2 2 2 3.0 3.68 -51.0 0.1 0.1 0.1 0.1 0.1 0.1 0.169 0.158 0.899 0.093 0.243 0.312 2 2 2 2 2 2
1971-04-11T03:30:00 1971 4 11 3 30 0 -2.3 -4.3 556.0 3.2 2.03 2.82 6.26 2.02 2 2 2 2 2 2 2 2 5.0 3.78 -49.0 -4.3 -4.3 -4.3 -4.3 -4.3 -4.3 0.348 0.408 0.903 0.376 0.82 0.793 2 2 2 2 2 2
1971-04-11T04:30:00 1971 4 11 4 30 0 -2.3 -4.5 561.0 3.9 2.57 7.04 12.32 4.41 2 2 2 2 2 2 2 2 5.0 3.88 -52.0 -4.5 -4.5 -4.5 -4.5 -4.5 -4.5 0.614 0.681 0.938 0.805 1.33 1.379 2 2 2 2 2 2
1971-04-11T05:30:00 1971 4 11 5 30 0 -2.7 -3.2 558.0 4.3 2.78 5.75 10.62 4.36 2 2 2 2 2 2 2 2 5.0 4.02 -50.0 -3.2 -3.2 -3.2 -3.2 -3.2 -3.2 0.75 0.78 0.961 0.936 1.387 1.669 2 2 2 2 2 2
1971-04-11T06:30:00 1971 4 11 6 30 0 2.0 2.6 562.0 4.8 3.07 0.71 2.11 0.93 2 2 2 2 2 2 2 2 4.3 4.05 -47.0 2.6 2.6 2.6 2.6 2.6 2.6 0.556 0.459 0.937 0.567 0.57 0.905 2 2 2 2 2 2
1971-04-11T07:30:00 1971 4 11 7 30 0 -1.1 1.3 551.0 5.4 3.32 0.02 0.0 0.0 2 2 2 2 2 2 2 2 4.3 4.09 -30.0 1.3 1.3 1.3 1.3 1.3 1.3 0.377 0.228 0.908 0.317 0.18 0.375 2 2 2 2 2 2
1971-04-11T08:30:00 1971 4 11 8 30 0 -3.8 -4.7 568.0 4.6 3.05 3.36 5.76 2.76 2 2 2 2 2 2 2 2 4.3 4.25 -27.0 -4.7 -4.7 -4.7 -4.7 -4.7 -4.7 0.515 0.485 0.917 0.563 0.927 1.258 2 2 2 2 2 2
1971-04-11T09:30:00 1971 4 11 9 30 0 -2.9 -3.4 556.0 4.1 2.6 7.02 11.22 4.88 2 2 2 2 2 2 2 2 4.7 4.45 -39.0 -3.4 -3.4 -3.4 -3.4 -3.4 -3.4 0.704 0.704 0.945 0.843 1.306 1.688 2 2 2 2 2 2
1971-04-11T10:30:00 1971 4 11 10 30 0 -3.4 -4.9 586.0 3.9 2.66 7.56 12.07 4.81 2 2 2 2 2 2 2 2 4.7 4.66 -46.0 -4.9 -4.9 -4.9 -4.9 -4.9 -4.9 0.872 0.846 0.984 1.106 1.576 1.938 2 2 2 2 2 2
1971-04-11T11:30:00 1971 4 11 11 30 0 -3.4 -4.06 574.0 4.2 2.75 8.47 12.88 5.23 1 1 2 2 2 1 2 2 4.7 4.62 -49.0 -4.21 -4.15 -4.32 -4.31 -4.16 -4.11 0.997 0.923 1.027 1.282 1.662 2.091 2 1 2 1 1 1
1971-04-11T12:30:00 1971 4 11 12 30 0 -2.82 -0.94 576.7 4.2 2.75 3.8 6.82 2.86 1 1 1 1 1 1 1 1 3.3 4.41 -34.0 -1.65 -1.39 -2.17 -2.13 -1.42 -1.2 0.925 0.781 1.038 1.09 1.246 1.744 1 1 2 1 1 1
1971-04-11T13:30:00 1971 4 11 13 30 0 -1.73 -0.35 579.3 4.2 2.73 0.95 1.79 0.75 1 0 1 1 1 1 1 1 3.3 4.19 -30.0 -1.16 -0.87 -1.76 -1.72 -0.9 -0.64 0.77 0.581 1.03 0.824 0.833 1.267 1 1 2 1 1 1
1971-04-11T14:30:00 1971 4 11 14 30 0 -0.65 -0.35 582.0 4.71 2.65 0.27 1.02 0.45 1 0 1 1 1 1 1 1 3.3 4.06 -36.0 -1.16 -0.87 -1.76 -1.72 -0.9 -0.64 0.653 0.467 1.021 0.662 0.676 1.066 1 1 2 1 0 0
1971-04-11T15:30:00 1971 4 11 15 30 0 -0.24 -0.35 584.7 5.33 2.58 0.08 1.02 0.52 0 0 1 1 1 0 1 1 4.0 4.02 -39.0 -1.16 -0.87 -1.76 -1.72 -0.9 -0.64 0.581 0.421 1.013 0.584 0.65 1.082 1 0 2 0 0 0
1971-04-11T16:30:00 1971 4 11 16 30 0 -0.24 -0.35 587.3 5.95 2.51 0.06 1.03 0.58 0 0 1 1 1 0 1 1 4.0 3.99 -41.0 -1.16 -0.87 -1.76 -1.72 -0.9 -0.64 0.539 0.408 1.007 0.551 0.666 1.197 1 0 2 0 0 0
1971-04-11T17:30:00 1971 4 11 17 30 0 -0.24 -0.35 590.0 5.94 2.51 0.06 1.03 0.61 0 0 1 1 0 0 1 1 4.0 3.91 -39.0 -1.16 -0.87 -1.76 -1.72 -0.9 -0.64 0.513 0.405 1.001 0.538 0.68 1.284 0 0 2 0 0 0
1971-04-11T18:30:00 1971 4 11 18 30 0 -0.24 -0.35 592.7 5.1 2.49 0.06 1.04 0.57 0 0 1 1 1 0 1 1 3.7 3.79 -39.0 -1.16 -0.87 -1.76 -1.72 -0.9 -0.64 0.491 0.394 0.995 0.522 0.668 1.23 0 0 2 0 0 0
1971-04-11T19:30:00 1971 4 11 19 30 0 -0.24 -0.35 595.3 3.93 2.14 0.06 1.04 0.46 0 0 1 1 1 0 1 1 3.7 3.67 -44.0 -1.16 -0.87 -1.76 -1.72 -0.9 -0.64 0.464 0.37 0.988 0.495 0.627 1.039 0 0 2 0 0 0
1971-04-11T20:30:00 1971 4 11 20 30 0 -0.24 -0.35 598.0 2.76 1.79 0.06 1.04 0.34 0 0 1 1 1 0 1 1 3.7 3.72 -45.0 -1.16 -0.87 -1.76 -1.72 -0.9 -0.64 0.431 0.335 0.978 0.455 0.565 0.786 0 0 2 0 0 0
1971-04-11T21:30:00 1971 4 11 21 30 0 -0.24 -0.35 600.7 1.8 1.43 0.06 1.05 0.23 0 0 1 1 1 0 1 1 2.7 3.63 -50.0 -1.17 -0.87 -1.76 -1.72 -0.9 -0.64 0.393 0.292 0.966 0.406 0.492 0.541 0 0 2 0 0 0
1971-04-11T22:30:00 1971 4 11 22 30 0 -0.23 -0.34 603.3 1.8 1.32 0.06 1.04 0.19 0 0 1 1 1 0 1 1 2.7 3.55 -54.0 -1.17 -0.87 -1.76 -1.72 -0.9 -0.64 0.362 0.262 0.953 0.37 0.454 0.402 0 0 1 0 0 0
1971-04-11T23:30:00 1971 4 11 23 30 0 -0.23 -0.34 606.0 1.8 1.32 0.06 1.03 0.19 0 0 2 2 2 1 1 1 2.7 3.38 -55.0 -1.17 -0.87 -1.76 -1.72 -0.9 -0.64 0.341 0.248 0.941 0.351 0.444 0.347 0 0 1 0 0 0
