1971-01-22T00:30:00 1971 1 22 0 30 0 -2.4 -1.6 545.9 5.16 1.78 1.1 3.5 1.81 2 2 1 0 0 2 2 1 3.0 2.25 -9.0 -1.6 -1.6 -1.6 -1.6 -1.6 -1.6 0.189 0.293 0.367 0.165 0.589 0.95 0 0 0 0 0 0
1971-01-22T01:30:00 1971 1 22 1 30 0 0.7 -0.8 541.3 5.16 1.78 0.7 3.17 1.64 2 2 1 0 0 2 2 1 3.0 2.26 -11.0 -0.8 -0.8 -0.8 -0.8 -0.8 -0.8 0.251 0.358 0.366 0.198 0.611 1.09 0 0 0 0 0 0
1971-01-22T02:30:00 1971 1 22 2 30 0 -0.4 -0.4 536.6 5.16 1.78 0.14 1.57 0.81 2 2 1 0 0 2 2 1 3.0 2.39 -11.0 -0.4 -0.4 -0.4 -0.4 -0.4 -0.4 0.236 0.31 0.359 0.154 0.453 0.924 0 0 0 0 0 0
1971-01-22T03:30:00 1971 1 22 3 30 0 -0.4 -0.28 532.0 5.16 1.78 0.07 0.89 0.46 1 1 2 0 0 1 2 1 3.0 2.51 -14.0 -0.48 -0.43 -0.57 -0.56 -0.44 -0.4 0.217 0.269 0.352 0.126 0.37 0.786 0 0 0 0 0 0
1971-01-22T04:30:00 1971 1 22 4 30 0 -0.04 0.18 532.0 5.16 1.78 0.01 0.2 0.1 1 1 2 0 0 1 2 1 3.0 2.64 -17.0 -0.76 -0.55 -1.19 -1.16 -0.57 -0.39 0.227 0.264 0.35 0.161 0.379 0.723 0 0 0 0 0 0
1971-01-22T05:30:00 1971 1 22 5 30 0 0.34 -0.2 532.0 5.16 1.78 0.01 0.16 0.08 1 1 2 0 0 1 2 1 3.0 2.76 -16.0 -1.15 -0.93 -1.58 -1.55 -0.96 -0.78 0.269 0.308 0.353 0.239 0.48 0.821 0 0 0 0 0 0
1971-01-22T06:30:00 1971 1 22 6 30 0 0.7 -2.71 537.0 5.16 1.78 1.0 4.17 2.15 1 1 2 0 0 1 2 1 3.0 2.88 -15.0 -2.92 -2.87 -3.01 -3.0 -2.88 -2.84 0.418 0.503 0.373 0.449 0.881 1.338 0 0 0 0 0 0
1971-01-22T07:30:00 1971 1 22 7 30 0 0.7 -3.4 537.0 5.16 1.78 3.06 8.28 4.27 2 2 2 0 0 2 2 1 3.0 3.0 -10.0 -3.4 -3.4 -3.4 -3.4 -3.4 -3.4 0.601 0.698 0.405 0.692 1.205 1.794 0 0 0 0 0 0
1971-01-22T08:30:00 1971 1 22 8 30 0 -1.0 -2.1 537.0 5.16 1.78 2.38 7.24 3.73 2 2 2 0 0 2 2 1 3.0 3.0 -8.0 -2.1 -2.1 -2.1 -2.1 -2.1 -2.1 0.665 0.726 0.425 0.705 1.147 1.823 0 0 0 0 0 0
1971-01-22T09:30:00 1971 1 22 9 30 0 -0.8 1.0 534.0 5.16 1.78 0.38 1.68 0.86 2 2 2 0 0 2 2 1 1.7 2.83 -8.0 1.0 1.0 1.0 1.0 1.0 1.0 0.498 0.438 0.416 0.432 0.496 0.995 0 0 0 0 0 0
1971-01-22T10:30:00 1971 1 22 10 30 0 -0.5 1.65 534.0 5.16 1.78 0.01 0.0 0.0 1 1 2 0 0 1 2 1 1.7 2.66 -3.0 1.65 1.65 1.65 1.65 1.65 1.65 0.337 0.217 0.404 0.242 0.157 0.413 0 0 0 0 0 0
1971-01-22T11:30:00 1971 1 22 11 30 0 -0.2 2.3 534.0 4.89 1.78 0.0 0.0 0.0 2 2 2 1 0 2 2 2 1.7 2.5 0.0 2.3 2.3 2.3 2.3 2.3 2.3 0.228 0.108 0.391 0.135 0.05 0.171 0 0 0 0 0 0
1971-01-22T12:30:00 1971 1 22 12 30 0 -1.5 2.5 515.0 4.4 1.78 0.02 0.0 0.0 2 2 2 1 1 2 2 2 0.3 2.15 0.0 2.5 2.5 2.5 2.5 2.5 2.5 0.154 0.054 0.379 0.076 0.016 0.071 0 0 0 0 0 0
1971-01-22T13:30:00 1971 1 22 13 30 0 -1.57 2.53 515.0 3.9 1.7 0.05 0.0 0.0 1 1 2 1 1 1 2 1 0.3 1.81 -2.0 2.53 2.53 2.53 2.53 2.53 2.53 0.105 0.027 0.368 0.042 0.005 0.029 0 0 0 0 0 0
1971-01-22T14:30:00 1971 1 22 14 30 0 -1.63 2.67 515.0 3.41 1.62 0.06 0.0 0.0 1 1 2 1 1 1 2 1 0.3 1.47 -3.0 2.67 2.67 2.67 2.67 2.67 2.67 0.071 0.013 0.356 0.024 0.002 0.012 0 0 0 0 0 0
1971-01-22T15:30:00 1971 1 22 15 30 0 -1.7 2.7 492.0 3.0 1.54 0.06 0.0 0.0 2 2 2 1 1 2 2 2 0.3 1.14 -3.0 2.7 2.7 2.7 2.7 2.7 2.7 0.048 0.007 0.346 0.013 0.0 0.005 0 0 0 0 0 0
1971-01-22T16:30:00 1971 1 22 16 30 0 -2.57 2.21 492.0 3.0 1.51 0.14 0.0 0.0 1 1 2 1 1 1 2 1 0.3 0.81 -1.0 2.21 2.21 2.21 2.21 2.21 2.21 0.032 0.003 0.335 0.007 0.0 0.002 0 0 0 0 0 0
1971-01-22T17:30:00 1971 1 22 17 30 0 -3.43 0.09 501.0 3.0 1.51 0.63 0.0 0.0 1 1 2 2 2 1 2 2 0.3 0.64 -2.0 0.09 0.09 0.09 0.09 0.09 0.09 0.022 0.002 0.325 0.004 0.0 0.001 0 0 0 0 0 0
1971-01-22T18:30:00 1971 1 22 18 30 0 -4.3 -0.4 506.0 2.6 1.33 1.67 0.45 0.12 2 2 2 2 2 2 2 2 1.7 0.65 -8.0 -0.4 -0.4 -0.4 -0.4 -0.4 -0.4 0.038 0.056 0.316 0.014 0.108 0.113 1 2 0 2 2 2
1971-01-22T19:30:00 1971 1 22 19 30 0 -3.4 -0.2 480.0 2.8 1.29 1.63 0.72 0.19 2 2 2 2 2 2 2 2 1.7 0.66 -18.0 -0.2 -0.2 -0.2 -0.2 -0.2 -0.2 0.052 0.089 0.307 0.02 0.14 0.161 2 2 0 2 2 2
1971-01-22T20:30:00 1971 1 22 20 30 0 -3.6 -1.7 498.0 2.4 1.19 1.95 2.49 0.63 2 2 2 2 2 2 2 2 1.7 0.84 -23.0 -1.7 -1.7 -1.7 -1.7 -1.7 -1.7 0.128 0.207 0.305 0.093 0.354 0.302 2 2 0 2 2 2
1971-01-22T21:30:00 1971 1 22 21 30 0 -3.8 -1.0 475.0 2.55 1.27 2.34 3.21 0.79 2 2 2 1 1 2 2 2 3.0 1.19 -24.0 -1.0 -1.0 -1.0 -1.0 -1.0 -1.0 0.182 0.267 0.303 0.133 0.403 0.349 1 1 0 1 1 1
1971-01-22T22:30:00 1971 1 22 22 30 0 -3.3 -1.9 498.0 2.7 1.34 2.37 3.63 0.96 2 2 2 2 2 2 2 2 3.0 1.53 -17.0 -1.9 -1.9 -1.9 -1.9 -1.9 -1.9 0.246 0.336 0.304 0.194 0.51 0.44 2 2 0 2 2 2
1971-01-22T23:30:00 1971 1 22 23 30 0 -2.7 -2.2 488.0 2.6 1.24 2.58 5.08 1.34 2 2 2 2 2 2 2 2 3.0 1.87 -15.0 -2.2 -2.2 -2.2 -2.2 -2.2 -2.2 0.323 0.41 0.31 0.277 0.613 0.517 2 2 0 2 2 2
