1971-09-18T00:30:00 1971 9 18 0 30 0 0.5 -13.0 429.8 7.04 2.41 19.63 19.96 14.05 2 2 0 0 0 1 1 1 6.0 3.81 -23.0 -13.0 -13.0 -13.0 -13.0 -13.0 -13.0 1.327 1.572 0.367 2.27 2.079 2.803 0 0 0 0 0 0
1971-09-18T01:30:00 1971 9 18 1 30 0 2.7 -10.9 429.8 7.04 2.41 29.55 25.49 17.95 2 2 0 0 0 1 1 1 6.0 4.43 -50.0 -10.9 -10.9 -10.9 -10.9 -10.9 -10.9 1.813 1.951 0.514 3.216 2.419 3.292 0 0 0 0 0 0
1971-09-18T02:30:00 1971 9 18 2 30 0 3.4 -10.2 429.8 7.04 2.41 24.59 22.61 15.92 2 2 0 0 0 1 1 1 6.0 4.84 -43.0 -10.2 -10.2 -10.2 -10.2 -10.2 -10.2 2.06 2.06 0.635 3.498 2.41 3.382 0 0 0 0 0 0
1971-09-18T03:30:00 1971 9 18 3 30 0 5.8 -9.2 429.8 7.04 2.41 22.67 20.76 14.61 2 2 0 0 0 1 1 1 6.7 5.33 -59.0 -9.2 -9.2 -9.2 -9.2 -9.2 -9.2 2.165 2.05 0.737 3.469 2.305 3.324 0 0 0 0 0 0
1971-09-18T04:30:00 1971 9 18 4 30 0 -0.5 -6.3 429.8 7.04 2.41 14.27 16.4 11.54 2 2 0 0 0 1 1 1 6.7 5.82 -69.0 -6.3 -6.3 -6.3 -6.3 -6.3 -6.3 2.075 1.87 0.801 3.007 1.995 3.033 0 0 0 0 0 0
1971-09-18T05:30:00 1971 9 18 5 30 0 2.4 -3.2 429.8 7.04 2.41 5.55 9.93 6.99 2 2 0 0 0 1 1 1 6.7 6.03 -73.0 -3.2 -3.2 -3.2 -3.2 -3.2 -3.2 1.787 1.519 0.82 2.216 1.491 2.491 0 0 0 0 0 0
1971-09-18T06:30:00 1971 9 18 6 30 0 -2.2 -7.9 429.8 7.04 2.41 8.31 12.35 8.69 2 2 0 0 0 1 1 1 5.3 6.06 -76.0 -7.9 -7.9 -7.9 -7.9 -7.9 -7.9 1.743 1.537 0.864 2.142 1.662 2.59 0 0 0 0 0 0
1971-09-18T07:30:00 1971 9 18 7 30 0 -3.0 -6.3 429.8 7.04 2.41 12.2 15.11 10.64 2 2 0 0 0 1 1 1 5.3 6.08 -75.0 -6.3 -6.3 -6.3 -6.3 -6.3 -6.3 1.758 1.583 0.916 2.182 1.746 2.681 0 0 0 0 0 0
1971-09-18T08:30:00 1971 9 18 8 30 0 2.6 -2.6 429.8 7.04 2.41 5.05 9.23 6.5 2 2 0 0 0 1 1 1 5.3 5.99 -72.0 -2.6 -2.6 -2.6 -2.6 -2.6 -2.6 1.54 1.335 0.927 1.693 1.347 2.273 0 0 0 0 0 0
1971-09-18T09:30:00 1971 9 18 9 30 0 2.35 -2.17 429.8 7.04 2.41 2.25 5.09 3.58 1 1 0 0 0 1 1 0 5.7 5.95 -63.0 -2.29 -2.25 -2.38 -2.37 -2.25 -2.22 1.274 1.067 0.919 1.209 1.015 1.856 0 0 0 0 0 0
1971-09-18T10:30:00 1971 9 18 10 30 0 1.8 -0.82 429.8 7.04 2.41 1.15 3.09 2.18 1 1 0 0 0 1 1 0 5.7 5.91 -60.0 -1.31 -1.13 -1.65 -1.63 -1.15 -1.0 1.03 0.825 0.905 0.863 0.745 1.454 0 0 0 0 0 0
1971-09-18T11:30:00 1971 9 18 11 30 0 1.25 -1.76 429.8 7.04 2.41 0.8 2.86 2.01 1 1 0 0 0 1 1 0 5.7 5.79 -62.0 -1.88 -1.84 -1.97 -1.97 -1.84 -1.81 0.867 0.721 0.892 0.666 0.695 1.339 0 0 0 0 0 0
1971-09-18T12:30:00 1971 9 18 12 30 0 1.0 -2.1 429.8 7.04 2.41 1.16 4.18 2.94 2 2 0 0 0 1 1 1 3.0 5.32 -61.0 -2.1 -2.1 -2.1 -2.1 -2.1 -2.1 0.787 0.721 0.88 0.582 0.751 1.399 0 0 0 0 0 0
1971-09-18T13:30:00 1971 9 18 13 30 0 0.8 -2.0 429.8 7.04 2.41 1.19 4.4 3.1 2 2 0 0 0 1 1 1 3.0 4.85 -56.0 -2.0 -2.0 -2.0 -2.0 -2.0 -2.0 0.734 0.723 0.869 0.532 0.77 1.428 0 0 0 0 0 0
1971-09-18T14:30:00 1971 9 18 14 30 0 4.6 0.8 429.8 7.04 2.41 1.03 1.36 0.96 2 2 0 0 0 1 1 1 3.0 4.56 -48.0 0.8 0.8 0.8 0.8 0.8 0.8 0.542 0.446 0.846 0.33 0.351 0.806 0 0 0 0 0 0
1971-09-18T15:30:00 1971 9 18 15 30 0 5.8 -2.0 429.8 7.04 2.41 2.97 1.72 1.21 2 2 0 0 0 1 1 1 3.7 4.36 -41.0 -2.0 -2.0 -2.0 -2.0 -2.0 -2.0 0.476 0.445 0.827 0.287 0.459 0.896 0 0 0 0 0 0
1971-09-18T16:30:00 1971 9 18 16 30 0 4.3 -2.4 429.8 7.04 2.41 4.16 4.76 3.35 2 2 0 0 0 1 1 1 3.7 4.16 -41.0 -2.4 -2.4 -2.4 -2.4 -2.4 -2.4 0.542 0.614 0.82 0.398 0.723 1.272 0 0 0 0 0 0
1971-09-18T17:30:00 1971 9 18 17 30 0 2.5 0.0 429.8 7.04 2.41 1.75 2.36 1.66 2 2 0 0 0 1 1 1 3.7 3.92 -43.0 0.0 0.0 0.0 0.0 0.0 0.0 0.454 0.469 0.801 0.293 0.444 0.926 0 0 0 0 0 0
1971-09-18T18:30:00 1971 9 18 18 30 0 4.7 3.8 429.8 7.04 2.41 0.58 0.0 0.0 2 2 0 0 0 1 1 1 3.0 3.59 -38.0 3.8 3.8 3.8 3.8 3.8 3.8 0.307 0.233 0.776 0.164 0.14 0.384 0 0 0 0 0 0
1971-09-18T19:30:00 1971 9 18 19 30 0 -2.3 4.3 429.8 7.04 2.41 0.1 0.0 0.0 2 2 0 0 0 1 1 1 3.0 3.26 -36.0 4.3 4.3 4.3 4.3 4.3 4.3 0.208 0.116 0.752 0.092 0.044 0.159 0 0 0 0 0 0
1971-09-18T20:30:00 1971 9 18 20 30 0 -1.2 -0.2 429.8 7.04 2.41 0.09 0.04 0.03 2 2 0 0 0 1 1 1 3.0 3.26 -34.0 -0.2 -0.2 -0.2 -0.2 -0.2 -0.2 0.149 0.082 0.73 0.055 0.053 0.15 0 0 0 0 0 0
1971-09-18T21:30:00 1971 9 18 21 30 0 2.2 3.7 429.8 7.04 2.41 0.03 0.0 0.0 2 2 0 0 0 1 1 1 2.0 3.13 -39.0 3.7 3.7 3.7 3.7 3.7 3.7 0.101 0.041 0.707 0.031 0.017 0.062 0 0 0 0 0 0
1971-09-18T22:30:00 1971 9 18 22 30 0 1.1 5.5 429.8 7.04 2.41 0.03 0.0 0.0 2 2 0 0 0 1 1 1 2.0 2.99 -38.0 5.5 5.5 5.5 5.5 5.5 5.5 0.068 0.02 0.686 0.017 0.005 0.026 0 0 0 0 0 0
1971-09-18T23:30:00 1971 9 18 23 30 0 0.4 5.4 429.8 7.04 2.41 0.0 0.0 0.0 2 2 0 0 0 1 1 1 2.0 2.78 -35.0 5.4 5.4 5.4 5.4 5.4 5.4 0.046 0.01 0.665 0.01 0.002 0.011 0 0 0 0 0 0
