1983-12-23T00:30:00 1983 12 23 0 30 0 7.77 4.02 402.3 6.57 2.17 1.6 0.0 0.0 1 1 1 1 1 1 1 1 2.7 2.47 -14.0 4.02 4.02 4.02 4.02 4.02 4.02 0.076 0.014 0.26 0.02 0.001 0.012 2 2 2 2 2 2
1983-12-23T01:30:00 1983 12 23 1 30 0 9.3 3.7 413.0 5.8 2.07 2.96 0.0 0.0 2 2 2 2 2 2 2 2 2.7 2.4 -12.0 3.7 3.7 3.7 3.7 3.7 3.7 0.052 0.007 0.252 0.011 0.0 0.005 2 2 2 2 2 2
1983-12-23T02:30:00 1983 12 23 2 30 0 5.3 4.5 410.0 8.0 2.87 1.9 0.0 0.0 2 2 2 2 2 2 2 2 2.7 2.46 -4.0 4.5 4.5 4.5 4.5 4.5 4.5 0.035 0.004 0.244 0.006 0.0 0.002 2 2 2 2 2 2
1983-12-23T03:30:00 1983 12 23 3 30 0 8.3 0.6 413.0 6.0 2.09 2.49 0.0 0.0 2 2 2 2 2 2 2 2 3.0 2.54 -2.0 0.6 0.6 0.6 0.6 0.6 0.6 0.024 0.002 0.237 0.004 0.0 0.001 2 2 2 2 2 2
1983-12-23T04:30:00 1983 12 23 4 30 0 7.4 -2.9 408.0 5.5 1.91 6.06 2.71 1.52 2 2 2 2 2 2 2 2 3.0 2.63 -6.0 -2.9 -2.9 -2.9 -2.9 -2.9 -2.9 0.163 0.286 0.24 0.155 0.411 0.505 2 2 2 2 2 2
1983-12-23T05:30:00 1983 12 23 5 30 0 4.3 -3.8 423.0 6.5 2.33 6.51 7.05 4.28 2 2 2 2 2 2 2 2 3.0 2.72 -12.0 -3.8 -3.8 -3.8 -3.8 -3.8 -3.8 0.409 0.635 0.261 0.468 0.843 1.116 2 2 2 2 2 2
1983-12-23T06:30:00 1983 12 23 6 30 0 2.5 -1.0 407.0 5.9 2.02 2.83 4.75 2.96 2 2 2 2 2 2 2 2 2.7 2.77 -19.0 -1.0 -1.0 -1.0 -1.0 -1.0 -1.0 0.454 0.634 0.267 0.441 0.693 1.064 2 2 2 2 2 2
1983-12-23T07:30:00 1983 12 23 7 30 0 2.3 -1.9 407.0 5.5 1.95 1.27 3.03 1.71 2 2 2 2 2 2 2 2 2.7 2.81 -17.0 -1.9 -1.9 -1.9 -1.9 -1.9 -1.9 0.449 0.593 0.268 0.376 0.602 0.933 2 2 2 2 2 2
1983-12-23T08:30:00 1983 12 23 8 30 0 0.9 1.9 406.0 5.5 1.87 0.35 0.81 0.44 2 2 2 2 2 2 2 2 2.7 2.81 -10.0 1.9 1.9 1.9 1.9 1.9 1.9 0.324 0.331 0.261 0.223 0.231 0.45 2 2 2 2 2 2
1983-12-23T09:30:00 1983 12 23 9 30 0 2.6 1.1 414.0 5.3 2.0 0.13 0.0 0.0 2 2 2 2 2 2 2 2 2.0 2.72 -2.0 1.1 1.1 1.1 1.1 1.1 1.1 0.219 0.164 0.253 0.125 0.073 0.187 2 2 2 2 2 2
1983-12-23T10:30:00 1983 12 23 10 30 0 1.0 3.2 416.0 5.4 1.98 0.09 0.0 0.0 2 2 1 1 1 2 2 1 2.0 2.63 -3.0 3.2 3.2 3.2 3.2 3.2 3.2 0.148 0.082 0.245 0.07 0.023 0.077 2 2 2 2 2 2
1983-12-23T11:30:00 1983 12 23 11 30 0 2.7 -0.7 418.0 5.5 1.96 0.28 0.2 0.11 2 2 2 2 2 2 2 2 2.0 2.5 -2.0 -0.7 -0.7 -0.7 -0.7 -0.7 -0.7 0.121 0.091 0.238 0.053 0.088 0.143 2 2 2 2 2 2
1983-12-23T12:30:00 1983 12 23 12 30 0 2.1 -2.7 426.0 5.3 1.96 1.62 3.77 2.03 2 2 2 2 2 2 2 2 3.0 2.51 -1.0 -2.7 -2.7 -2.7 -2.7 -2.7 -2.7 0.258 0.366 0.244 0.213 0.505 0.638 2 2 2 2 2 2
1983-12-23T13:30:00 1983 12 23 13 30 0 3.3 -2.3 422.0 5.4 1.97 2.55 5.26 2.82 2 2 2 2 2 2 2 2 3.0 2.51 -1.0 -2.3 -2.3 -2.3 -2.3 -2.3 -2.3 0.383 0.544 0.254 0.347 0.684 0.897 2 2 2 2 2 2
1983-12-23T14:30:00 1983 12 23 14 30 0 3.7 -2.8 403.0 5.4 1.74 3.12 5.29 2.86 2 2 2 2 2 2 2 2 3.0 2.56 1.0 -2.8 -2.8 -2.8 -2.8 -2.8 -2.8 0.477 0.651 0.264 0.436 0.746 0.986 2 2 2 2 2 2
1983-12-23T15:30:00 1983 12 23 15 30 0 5.3 -0.4 398.0 5.9 1.87 2.8 3.01 1.69 2 2 2 2 2 2 2 2 2.3 2.51 1.0 -0.4 -0.4 -0.4 -0.4 -0.4 -0.4 0.433 0.54 0.263 0.335 0.508 0.791 2 2 2 2 2 2
1983-12-23T16:30:00 1983 12 23 16 30 0 5.5 -0.7 396.0 6.7 2.08 2.65 1.12 0.71 2 2 2 2 2 2 2 2 2.3 2.46 2.0 -0.7 -0.7 -0.7 -0.7 -0.7 -0.7 0.356 0.421 0.258 0.225 0.359 0.658 2 2 2 2 2 2
1983-12-23T17:30:00 1983 12 23 17 30 0 4.4 2.2 385.0 6.8 2.08 1.52 0.11 0.07 2 2 2 2 2 2 2 2 2.3 2.49 2.0 2.2 2.2 2.2 2.2 2.2 2.2 0.241 0.209 0.25 0.126 0.114 0.273 2 2 2 2 2 2
1983-12-23T18:30:00 1983 12 23 18 30 0 3.8 -2.0 371.0 5.8 1.63 1.42 1.05 0.62 2 2 2 2 2 2 2 2 2.7 2.57 -3.0 -2.0 -2.0 -2.0 -2.0 -2.0 -2.0 0.233 0.26 0.246 0.134 0.242 0.359 2 2 2 2 2 2
1983-12-23T19:30:00 1983 12 23 19 30 0 2.7 -2.6 374.0 6.5 1.81 2.36 4.33 2.68 2 2 2 2 2 2 2 2 2.7 2.66 -8.0 -2.6 -2.6 -2.6 -2.6 -2.6 -2.6 0.355 0.507 0.252 0.279 0.536 0.722 2 2 2 2 2 2
1983-12-23T20:30:00 1983 12 23 20 30 0 2.7 -2.11 372.3 6.5 1.81 2.05 4.36 2.83 1 1 1 1 1 1 1 1 2.7 2.62 -9.0 -2.33 -2.28 -2.43 -2.43 -2.28 -2.23 0.442 0.633 0.258 0.372 0.626 0.886 2 1 2 1 1 1
1983-12-23T21:30:00 1983 12 23 21 30 0 2.2 -0.31 370.7 6.53 1.79 0.99 2.11 1.37 1 1 1 1 1 1 1 1 1.7 2.46 -11.0 -1.33 -1.08 -1.81 -1.79 -1.1 -0.88 0.446 0.588 0.261 0.371 0.518 0.789 1 1 2 1 1 1
1983-12-23T22:30:00 1983 12 23 22 30 0 1.1 0.03 369.0 6.55 1.77 0.24 0.24 0.16 1 0 1 1 1 1 1 1 1.7 2.29 -15.0 -1.14 -0.85 -1.7 -1.66 -0.88 -0.62 0.411 0.494 0.262 0.339 0.403 0.632 1 1 2 1 0 1
1983-12-23T23:30:00 1983 12 23 23 30 0 0.0 0.97 367.3 6.57 1.75 0.02 0.0 0.0 1 1 1 1 1 1 1 1 1.7 2.22 -14.0 -0.05 0.21 -0.53 -0.5 0.18 0.41 0.321 0.304 0.258 0.248 0.192 0.324 1 1 2 1 1 1
