1983-04-11T00:30:00 1983 4 11 0 30 0 3.6 2.0 661.0 2.7 2.28 0.57 0.0 0.0 2 2 2 2 2 2 2 2 2.3 3.17 -11.0 2.0 2.0 2.0 2.0 2.0 2.0 0.006 0.001 0.482 0.001 0.0 0.001 2 2 0 2 2 2
1983-04-11T01:30:00 1983 4 11 1 30 0 -0.9 1.5 599.0 4.1 2.83 0.15 0.0 0.0 2 2 2 2 2 2 2 2 2.3 3.04 -7.0 1.5 1.5 1.5 1.5 1.5 1.5 0.004 0.0 0.468 0.001 0.0 0.0 2 2 0 2 2 2
1983-04-11T02:30:00 1983 4 11 2 30 0 1.0 1.6 615.0 2.6 1.86 0.01 0.0 0.0 2 2 2 2 2 2 2 2 2.3 2.91 -2.0 1.6 1.6 1.6 1.6 1.6 1.6 0.003 0.0 0.453 0.0 0.0 0.0 2 2 0 2 2 2
1983-04-11T03:30:00 1983 4 11 3 30 0 1.53 1.47 609.7 2.6 1.86 0.06 0.0 0.0 1 1 1 1 1 1 1 1 3.0 2.88 -3.0 1.47 1.47 1.47 1.47 1.47 1.47 0.002 0.0 0.439 0.0 0.0 0.0 2 2 0 2 2 2
1983-04-11T04:30:00 1983 4 11 4 30 0 2.07 0.93 604.3 2.6 2.0 0.19 0.0 0.0 1 1 1 1 1 1 1 1 3.0 2.84 -5.0 0.93 0.93 0.93 0.93 0.93 0.93 0.001 0.0 0.426 0.0 0.0 0.0 2 2 0 2 2 2
1983-04-11T05:30:00 1983 4 11 5 30 0 2.6 0.8 599.0 2.71 2.43 0.42 0.0 0.0 2 2 1 1 1 2 2 1 3.0 2.81 -2.0 0.8 0.8 0.8 0.8 0.8 0.8 0.001 0.0 0.413 0.0 0.0 0.0 2 2 0 2 2 2
1983-04-11T06:30:00 1983 4 11 6 30 0 2.6 0.57 593.7 2.87 2.85 0.58 0.0 0.0 1 1 1 1 1 1 1 1 3.0 2.78 -1.0 0.42 0.47 0.32 0.33 0.46 0.51 0.001 0.0 0.4 0.0 0.0 0.0 2 2 0 2 2 2
1983-04-11T07:30:00 1983 4 11 7 30 0 2.58 -0.27 588.3 3.03 2.9 0.78 0.16 0.05 1 1 1 1 1 1 1 1 3.0 2.75 -2.0 -1.0 -0.75 -1.44 -1.42 -0.78 -0.55 0.055 0.078 0.395 0.073 0.202 0.171 1 1 0 1 1 1
1983-04-11T08:30:00 1983 4 11 8 30 0 2.55 -0.43 583.0 3.19 2.53 0.99 1.04 0.33 1 0 1 1 1 1 1 1 3.0 2.83 -2.0 -1.27 -0.98 -1.78 -1.75 -1.02 -0.75 0.154 0.193 0.401 0.205 0.434 0.424 0 0 0 0 0 0
1983-04-11T09:30:00 1983 4 11 9 30 0 2.52 -0.21 577.7 3.3 2.14 0.93 0.9 0.29 1 1 1 1 1 1 1 1 1.7 2.75 -1.0 -0.94 -0.69 -1.38 -1.36 -0.72 -0.49 0.21 0.239 0.405 0.259 0.468 0.504 1 1 0 1 1 1
1983-04-11T10:30:00 1983 4 11 10 30 0 2.5 0.9 572.3 3.3 2.02 0.61 0.03 0.01 1 1 1 1 1 1 1 1 1.7 2.66 -4.0 0.75 0.8 0.66 0.66 0.8 0.85 0.158 0.133 0.395 0.164 0.176 0.238 1 1 0 1 1 1
1983-04-11T11:30:00 1983 4 11 11 30 0 2.5 1.2 567.0 3.3 2.02 0.41 0.0 0.0 2 2 2 2 2 2 2 2 1.7 2.5 -5.0 1.2 1.2 1.2 1.2 1.2 1.2 0.107 0.066 0.383 0.092 0.056 0.099 1 1 0 1 1 1
1983-04-11T12:30:00 1983 4 11 12 30 0 1.0 2.6 543.0 3.3 1.82 0.12 0.0 0.0 2 2 2 2 2 2 2 2 0.7 2.2 -5.0 2.6 2.6 2.6 2.6 2.6 2.6 0.072 0.033 0.371 0.052 0.018 0.041 1 1 0 1 1 1
1983-04-11T13:30:00 1983 4 11 13 30 0 1.5 2.9 553.0 3.3 1.91 0.03 0.0 0.0 2 2 2 2 2 2 2 2 0.7 1.91 -3.0 2.9 2.9 2.9 2.9 2.9 2.9 0.049 0.016 0.36 0.029 0.006 0.017 1 1 0 1 1 1
1983-04-11T14:30:00 1983 4 11 14 30 0 0.95 2.55 545.5 3.1 1.79 0.03 0.0 0.0 1 1 1 1 1 1 1 1 0.7 1.62 -2.0 2.55 2.55 2.55 2.55 2.55 2.55 0.033 0.008 0.349 0.016 0.002 0.007 1 1 0 1 1 1
1983-04-11T15:30:00 1983 4 11 15 30 0 0.4 2.2 538.0 2.9 1.68 0.01 0.0 0.0 2 2 2 2 2 2 2 2 0.7 1.34 -2.0 2.2 2.2 2.2 2.2 2.2 2.2 0.022 0.004 0.338 0.009 0.001 0.003 1 1 0 1 1 1
1983-04-11T16:30:00 1983 4 11 16 30 0 -0.3 0.9 538.0 2.5 1.45 0.0 0.0 0.0 2 2 2 2 2 2 2 2 0.7 1.06 -2.0 0.9 0.9 0.9 0.9 0.9 0.9 0.015 0.002 0.328 0.005 0.0 0.001 1 1 0 1 1 1
1983-04-11T17:30:00 1983 4 11 17 30 0 0.2 1.9 528.5 2.8 1.56 0.0 0.0 0.0 1 1 1 1 1 1 1 1 0.7 0.94 -2.0 1.9 1.9 1.9 1.9 1.9 1.9 0.01 0.001 0.318 0.003 0.0 0.001 1 1 0 1 1 1
1983-04-11T18:30:00 1983 4 11 18 30 0 0.7 2.9 519.0 3.1 1.67 0.0 0.0 0.0 2 2 2 2 2 2 2 2 1.7 0.95 -6.0 2.9 2.9 2.9 2.9 2.9 2.9 0.007 0.0 0.308 0.002 0.0 0.0 1 1 0 1 1 1
1983-04-11T19:30:00 1983 4 11 19 30 0 -0.6 0.0 529.0 3.4 1.9 0.01 0.0 0.0 2 2 2 2 2 2 2 2 1.7 0.96 -5.0 0.0 0.0 0.0 0.0 0.0 0.0 0.005 0.0 0.299 0.001 0.0 0.0 1 1 0 1 1 1
1983-04-11T20:30:00 1983 4 11 20 30 0 0.3 2.3 508.0 4.7 2.43 0.0 0.0 0.0 2 2 2 2 2 2 2 2 1.7 1.09 -5.0 2.3 2.3 2.3 2.3 2.3 2.3 0.003 0.0 0.29 0.0 0.0 0.0 1 1 0 1 1 1
1983-04-11T21:30:00 1983 4 11 21 30 0 2.0 2.8 534.0 3.7 2.11 0.04 0.0 0.0 2 2 2 2 2 2 2 2 1.3 1.16 -4.0 2.8 2.8 2.8 2.8 2.8 2.8 0.002 0.0 0.281 0.0 0.0 0.0 1 1 0 1 1 1
1983-04-11T22:30:00 1983 4 11 22 30 0 1.3 1.6 497.0 3.8 1.88 0.07 0.0 0.0 2 2 2 2 2 2 2 2 1.3 1.23 -3.0 1.6 1.6 1.6 1.6 1.6 1.6 0.001 0.0 0.272 0.0 0.0 0.0 1 1 0 1 1 1
1983-04-11T23:30:00 1983 4 11 23 30 0 2.2 3.5 515.0 3.2 1.7 0.08 0.0 0.0 2 2 2 2 2 2 2 2 1.3 1.31 0.0 3.5 3.5 3.5 3.5 3.5 3.5 0.001 0.0 0.264 0.0 0.0 0.0 1 1 0 1 1 1
