1983-02-01T00:30:00 1983 2 1 0 30 0 -0.7 -0.31 473.7 7.94 3.23 0.1 0.73 0.58 0 0 0 0 0 0 0 0 2.7 2.61 -29.0 -1.19 -0.91 -1.68 -1.65 -0.94 -0.69 0.438 0.455 0.429 0.424 0.562 1.206 0 0 0 0 0 0
1983-02-01T01:30:00 1983 2 1 1 30 0 -0.7 -0.31 473.7 7.94 3.23 0.1 0.73 0.58 0 0 0 0 0 0 0 0 2.7 2.66 -25.0 -1.19 -0.91 -1.68 -1.65 -0.94 -0.69 0.439 0.455 0.432 0.424 0.562 1.206 0 0 0 0 0 0
1983-02-01T02:30:00 1983 2 1 2 30 0 -0.7 -0.31 473.7 7.94 3.23 0.1 0.73 0.58 0 0 0 0 0 0 0 0 2.7 2.62 -19.0 -1.19 -0.91 -1.68 -1.65 -0.94 -0.69 0.44 0.455 0.435 0.424 0.562 1.206 0 0 0 0 0 0
1983-02-01T03:30:00 1983 2 1 3 30 0 -0.7 -0.31 473.8 7.94 3.23 0.1 0.73 0.58 0 0 0 0 0 0 0 0 3.0 2.63 -17.0 -1.19 -0.91 -1.68 -1.65 -0.94 -0.69 0.441 0.455 0.438 0.424 0.562 1.206 0 0 0 0 0 0
1983-02-01T04:30:00 1983 2 1 4 30 0 -0.7 -0.31 473.8 7.94 3.23 0.1 0.73 0.58 0 0 0 0 0 0 0 0 3.0 2.63 -14.0 -1.19 -0.91 -1.68 -1.65 -0.94 -0.69 0.441 0.455 0.44 0.424 0.562 1.206 0 0 0 0 0 0
1983-02-01T05:30:00 1983 2 1 5 30 0 -0.7 -0.31 473.8 7.93 3.23 0.1 0.73 0.58 0 0 0 0 0 0 0 0 3.0 2.72 -14.0 -1.19 -0.91 -1.68 -1.65 -0.94 -0.69 0.441 0.455 0.443 0.424 0.562 1.206 0 0 0 0 0 0
1983-02-01T06:30:00 1983 2 1 6 30 0 -0.7 -0.31 473.8 7.93 3.23 0.1 0.73 0.58 0 0 0 0 0 0 0 0 2.7 2.77 -20.0 -1.19 -0.91 -1.68 -1.65 -0.94 -0.69 0.441 0.455 0.445 0.424 0.562 1.205 0 0 0 0 0 0
1983-02-01T07:30:00 1983 2 1 7 30 0 -0.7 -0.31 473.9 7.93 3.23 0.1 0.73 0.58 0 0 0 0 0 0 0 0 2.7 2.81 -23.0 -1.19 -0.91 -1.68 -1.65 -0.94 -0.69 0.441 0.455 0.448 0.424 0.562 1.205 0 0 0 0 0 0
1983-02-01T08:30:00 1983 2 1 8 30 0 -0.7 -0.31 473.9 7.93 3.23 0.1 0.73 0.58 0 0 0 0 0 0 0 0 2.7 2.81 -20.0 -1.19 -0.91 -1.68 -1.65 -0.94 -0.69 0.441 0.455 0.45 0.424 0.562 1.205 0 0 0 0 0 0
1983-02-01T09:30:00 1983 2 1 9 30 0 -0.7 -0.31 473.9 7.93 3.23 0.1 0.73 0.58 0 0 0 0 0 0 0 0 2.3 2.76 -24.0 -1.19 -0.91 -1.68 -1.65 -0.94 -0.69 0.441 0.455 0.453 0.424 0.562 1.205 0 0 0 0 0 0
1983-02-01T10:30:00 1983 2 1 10 30 0 -0.7 -0.31 473.9 7.93 3.23 0.1 0.73 0.58 0 0 0 0 0 0 0 0 2.3 2.7 -29.0 -1.19 -0.91 -1.68 -1.65 -0.94 -0.69 0.441 0.455 0.455 0.424 0.562 1.205 0 0 0 0 0 0
1983-02-01T11:30:00 1983 2 1 11 30 0 -0.7 -0.31 473.9 7.93 3.23 0.1 0.73 0.58 0 0 0 0 0 0 0 0 2.3 2.62 -30.0 -1.19 -0.91 -1.68 -1.65 -0.94 -0.69 0.441 0.455 0.457 0.424 0.562 1.205 0 0 0 0 0 0
1983-02-01T12:30:00 1983 2 1 12 30 0 -0.7 -0.31 474.0 7.92 3.23 0.1 0.73 0.58 0 0 0 0 0 0 0 0 3.0 2.62 -24.0 -1.19 -0.91 -1.68 -1.65 -0.94 -0.69 0.441 0.455 0.459 0.424 0.562 1.205 0 0 0 0 0 0
1983-02-01T13:30:00 1983 2 1 13 30 0 -0.7 -0.31 474.0 7.92 3.23 0.1 0.73 0.58 0 0 0 0 0 0 0 0 3.0 2.63 -22.0 -1.19 -0.91 -1.68 -1.65 -0.94 -0.69 0.441 0.455 0.461 0.424 0.562 1.204 0 0 0 0 0 0
1983-02-01T14:30:00 1983 2 1 14 30 0 -0.7 -0.31 474.0 7.92 3.23 0.1 0.73 0.58 0 0 0 0 0 0 0 0 3.0 2.67 -23.0 -1.19 -0.91 -1.68 -1.65 -0.94 -0.69 0.441 0.455 0.463 0.424 0.562 1.204 0 0 0 0 0 0
1983-02-01T15:30:00 1983 2 1 15 30 0 -0.7 -0.31 474.0 7.92 3.23 0.1 0.73 0.58 0 0 0 0 0 0 0 0 2.7 2.67 -24.0 -1.19 -0.91 -1.68 -1.65 -0.94 -0.69 0.441 0.455 0.465 0.424 0.562 1.204 0 0 0 0 0 0
1983-02-01T16:30:00 1983 2 1 16 30 0 -0.7 -0.31 474.1 7.92 3.22 0.1 0.73 0.58 0 0 0 0 0 0 0 0 2.7 2.67 -24.0 -1.19 -0.91 -1.68 -1.65 -0.94 -0.69 0.441 0.455 0.467 0.424 0.562 1.204 0 0 0 0 0 0
1983-02-01T17:30:00 1983 2 1 17 30 0 -0.7 -0.31 474.1 7.92 3.22 0.1 0.73 0.58 0 0 0 0 0 0 0 0 2.7 2.72 -25.0 -1.19 -0.91 -1.68 -1.66 -0.94 -0.69 0.441 0.455 0.469 0.425 0.562 1.204 0 0 0 0 0 0
1983-02-01T18:30:00 1983 2 1 18 30 0 -0.7 -0.31 474.1 7.92 3.22 0.1 0.73 0.58 0 0 0 0 0 0 0 0 2.3 2.71 -20.0 -1.19 -0.91 -1.68 -1.66 -0.94 -0.69 0.441 0.455 0.471 0.426 0.562 1.204 0 0 0 0 0 0
1983-02-01T19:30:00 1983 2 1 19 30 0 -0.7 -0.3 474.1 7.91 3.22 0.1 0.72 0.57 0 0 0 0 0 0 0 0 2.3 2.7 -18.0 -1.19 -0.91 -1.69 -1.66 -0.94 -0.69 0.441 0.454 0.472 0.427 0.562 1.204 0 0 0 0 0 0
1983-02-01T20:30:00 1983 2 1 20 30 0 -0.7 -0.3 474.2 7.91 3.22 0.1 0.71 0.56 0 0 0 0 0 0 0 0 2.3 2.62 -16.0 -1.19 -0.91 -1.69 -1.66 -0.94 -0.69 0.441 0.454 0.474 0.427 0.562 1.203 0 0 0 0 0 0
1983-02-01T21:30:00 1983 2 1 21 30 0 -0.7 -0.3 474.2 7.91 3.22 0.1 0.71 0.56 0 0 0 0 0 0 0 0 1.0 2.36 -18.0 -1.19 -0.91 -1.69 -1.66 -0.94 -0.69 0.441 0.454 0.476 0.427 0.562 1.203 0 0 0 0 0 0
1983-02-01T22:30:00 1983 2 1 22 30 0 -0.7 -0.3 474.2 7.91 3.22 0.1 0.71 0.56 0 0 0 0 0 0 0 0 1.0 2.11 -17.0 -1.19 -0.91 -1.69 -1.66 -0.94 -0.69 0.441 0.454 0.478 0.427 0.562 1.203 0 0 0 0 0 0
1983-02-01T23:30:00 1983 2 1 23 30 0 -0.7 -0.3 474.2 7.91 3.22 0.1 0.71 0.56 0 0 0 0 0 0 0 0 1.0 1.89 -19.0 -1.19 -0.91 -1.69 -1.66 -0.94 -0.69 0.441 0.454 0.479 0.427 0.562 1.203 0 0 0 0 0 0
