1983-05-19T00:30:00 1983 5 19 0 30 0 0.9 1.8 423.0 7.3 3.36 0.02 0.0 0.0 2 2 2 2 2 2 2 2 1.0 1.79 -18.0 1.8 1.8 1.8 1.8 1.8 1.8 0.0 0.0 0.438 0.0 0.0 0.0 0 0 1 0 1 0
1983-05-19T01:30:00 1983 5 19 1 30 0 4.0 -0.7 416.0 6.8 3.04 0.63 0.27 0.18 2 2 2 2 2 2 2 2 1.0 1.63 -20.0 -0.7 -0.7 -0.7 -0.7 -0.7 -0.7 0.025 0.066 0.426 0.016 0.102 0.18 2 2 1 2 2 2
1983-05-19T02:30:00 1983 5 19 2 30 0 3.2 -0.9 418.0 6.9 3.11 1.53 1.69 1.16 2 2 2 2 2 2 2 2 1.0 1.5 -21.0 -0.9 -0.9 -0.9 -0.9 -0.9 -0.9 0.106 0.231 0.417 0.071 0.306 0.554 2 2 1 2 2 2
1983-05-19T03:30:00 1983 5 19 3 30 0 3.2 -0.55 416.7 6.9 3.11 1.23 1.48 1.02 1 1 1 1 1 1 1 1 2.0 1.51 -20.0 -0.91 -0.85 -1.03 -1.02 -0.86 -0.81 0.168 0.318 0.41 0.117 0.378 0.71 1 1 1 1 1 1
1983-05-19T04:30:00 1983 5 19 4 30 0 2.72 0.72 415.3 6.9 3.17 0.71 0.2 0.14 1 1 1 1 1 1 1 1 2.0 1.51 -19.0 -0.94 -0.66 -1.51 -1.47 -0.69 -0.47 0.212 0.337 0.406 0.178 0.369 0.684 1 1 1 1 1 1
1983-05-19T05:30:00 1983 5 19 5 30 0 1.83 0.96 414.0 6.96 3.37 0.26 0.0 0.0 1 0 1 1 1 1 1 1 2.0 1.56 -23.0 -0.94 -0.63 -1.6 -1.56 -0.66 -0.41 0.242 0.333 0.404 0.235 0.349 0.618 1 1 1 0 0 1
1983-05-19T06:30:00 1983 5 19 6 30 0 0.95 0.96 412.7 7.05 3.56 0.07 0.0 0.0 1 0 1 1 1 1 1 1 2.3 1.64 -21.0 -0.94 -0.63 -1.6 -1.56 -0.66 -0.41 0.263 0.331 0.402 0.271 0.34 0.585 0 0 1 0 0 0
1983-05-19T07:30:00 1983 5 19 7 30 0 0.96 0.96 411.3 7.15 3.43 0.03 0.0 0.0 1 0 1 1 1 1 1 1 2.3 1.72 -21.0 -0.94 -0.63 -1.6 -1.56 -0.66 -0.41 0.278 0.33 0.4 0.291 0.338 0.575 0 0 1 0 0 0
1983-05-19T08:30:00 1983 5 19 8 30 0 1.88 0.96 410.0 7.24 3.12 0.09 0.0 0.0 1 0 1 1 1 1 1 1 2.3 1.88 -22.0 -0.94 -0.63 -1.6 -1.56 -0.66 -0.41 0.288 0.331 0.398 0.302 0.337 0.574 0 0 1 0 0 0
1983-05-19T09:30:00 1983 5 19 9 30 0 2.8 1.08 408.7 7.3 2.79 0.27 0.0 0.0 1 1 1 1 1 1 1 1 1.7 1.96 -14.0 -0.56 -0.29 -1.13 -1.1 -0.32 -0.1 0.271 0.287 0.394 0.274 0.273 0.46 0 0 1 0 1 1
1983-05-19T10:30:00 1983 5 19 10 30 0 3.3 1.73 407.3 7.3 2.69 0.42 0.0 0.0 1 1 1 1 1 1 1 1 1.7 2.04 -11.0 1.38 1.44 1.26 1.27 1.43 1.48 0.186 0.142 0.383 0.16 0.087 0.191 0 0 1 0 1 1
1983-05-19T11:30:00 1983 5 19 11 30 0 3.3 1.9 406.0 7.3 2.69 0.43 0.0 0.0 2 2 2 2 2 2 2 2 1.7 2.0 -12.0 1.9 1.9 1.9 1.9 1.9 1.9 0.126 0.071 0.371 0.09 0.027 0.079 0 0 1 0 1 1
1983-05-19T12:30:00 1983 5 19 12 30 0 4.6 1.1 417.0 6.9 2.68 0.82 0.0 0.0 2 2 2 2 2 2 2 2 0.7 1.82 -10.0 1.1 1.1 1.1 1.1 1.1 1.1 0.085 0.035 0.36 0.05 0.009 0.033 0 0 1 0 1 1
1983-05-19T13:30:00 1983 5 19 13 30 0 3.4 3.8 412.0 6.9 2.64 0.61 0.0 0.0 2 2 2 2 2 2 2 2 0.7 1.66 -9.0 3.8 3.8 3.8 3.8 3.8 3.8 0.058 0.017 0.349 0.028 0.003 0.014 0 0 1 0 1 1
1983-05-19T14:30:00 1983 5 19 14 30 0 1.5 5.7 409.0 7.2 2.41 0.09 0.0 0.0 2 2 2 2 2 2 2 2 0.7 1.46 -9.0 5.7 5.7 5.7 5.7 5.7 5.7 0.039 0.009 0.338 0.016 0.001 0.006 0 0 1 0 1 1
1983-05-19T15:30:00 1983 5 19 15 30 0 4.2 1.9 399.0 7.5 2.39 0.27 0.0 0.0 2 2 2 2 2 2 2 2 0.7 1.26 -9.0 1.9 1.9 1.9 1.9 1.9 1.9 0.026 0.004 0.328 0.009 0.0 0.002 0 0 1 0 1 1
1983-05-19T16:30:00 1983 5 19 16 30 0 3.3 4.0 398.0 8.0 2.53 0.42 0.0 0.0 2 2 2 2 2 2 2 2 0.7 1.06 -7.0 4.0 4.0 4.0 4.0 4.0 4.0 0.018 0.002 0.318 0.005 0.0 0.001 0 0 1 0 1 1
1983-05-19T17:30:00 1983 5 19 17 30 0 2.5 5.1 401.0 7.8 2.51 0.14 0.0 0.0 2 2 2 2 2 2 2 2 0.7 0.94 -8.0 5.1 5.1 5.1 5.1 5.1 5.1 0.012 0.001 0.308 0.003 0.0 0.0 0 0 1 0 1 1
1983-05-19T18:30:00 1983 5 19 18 30 0 2.5 3.7 390.0 8.5 2.59 0.1 0.0 0.0 2 2 2 2 2 2 2 2 1.0 0.86 -10.0 3.7 3.7 3.7 3.7 3.7 3.7 0.008 0.001 0.299 0.002 0.0 0.0 0 0 1 0 1 1
1983-05-19T19:30:00 1983 5 19 19 30 0 2.5 3.19 387.4 8.5 2.59 0.12 0.0 0.0 1 1 1 1 1 1 1 1 1.0 0.78 -11.0 2.84 2.9 2.72 2.73 2.89 2.94 0.006 0.0 0.289 0.001 0.0 0.0 0 0 1 0 1 1
1983-05-19T20:30:00 1983 5 19 20 30 0 2.16 1.3 384.8 8.5 2.7 0.14 0.0 0.0 1 1 1 1 1 1 1 1 1.0 0.82 -11.0 -0.34 -0.06 -0.91 -0.87 -0.09 0.13 0.016 0.012 0.282 0.02 0.021 0.0 1 1 1 1 1 1
1983-05-19T21:30:00 1983 5 19 21 30 0 1.54 0.94 382.2 8.27 3.05 0.12 0.0 0.0 1 0 1 1 1 1 1 1 0.7 0.81 -9.0 -0.94 -0.63 -1.59 -1.55 -0.66 -0.41 0.091 0.144 0.281 0.122 0.184 0.237 0 0 1 0 0 0
1983-05-19T22:30:00 1983 5 19 22 30 0 0.92 0.94 379.5 7.98 3.4 0.05 0.0 0.0 1 0 1 1 1 1 1 1 0.7 0.81 -8.0 -0.94 -0.63 -1.59 -1.55 -0.66 -0.41 0.16 0.245 0.281 0.2 0.271 0.421 0 0 1 0 0 0
1983-05-19T23:30:00 1983 5 19 23 30 0 0.68 0.94 376.9 7.7 3.74 0.01 0.0 0.0 0 0 1 1 1 0 1 1 0.7 0.81 -8.0 -0.94 -0.63 -1.59 -1.55 -0.66 -0.41 0.204 0.292 0.281 0.241 0.294 0.478 0 0 1 0 0 0
