1983-10-17T00:30:00 1983 10 17 0 30 0 7.2 1.2 385.0 10.4 3.08 2.15 0.0 0.0 2 2 2 2 2 2 2 2 2.3 2.91 -5.0 1.2 1.2 1.2 1.2 1.2 1.2 0.04 0.014 0.331 0.007 0.002 0.016 2 2 1 2 2 2
1983-10-17T01:30:00 1983 10 17 1 30 0 6.5 -0.6 391.0 12.5 3.82 3.26 0.24 0.3 2 2 2 2 2 2 2 2 2.3 2.82 -2.0 -0.6 -0.6 -0.6 -0.6 -0.6 -0.6 0.056 0.094 0.322 0.021 0.118 0.348 2 2 1 2 2 2
1983-10-17T02:30:00 1983 10 17 2 30 0 7.6 -1.5 388.0 13.2 3.97 4.66 2.12 2.74 2 2 2 2 2 2 2 2 2.3 2.73 -8.0 -1.5 -1.5 -1.5 -1.5 -1.5 -1.5 0.185 0.381 0.32 0.132 0.451 1.263 2 2 1 2 2 2
1983-10-17T03:30:00 1983 10 17 3 30 0 6.5 -2.7 386.0 13.1 3.9 5.72 4.16 5.46 2 2 2 2 2 2 2 2 3.3 2.77 -7.0 -2.7 -2.7 -2.7 -2.7 -2.7 -2.7 0.385 0.708 0.328 0.35 0.784 2.1 2 2 1 2 2 2
1983-10-17T04:30:00 1983 10 17 4 30 0 6.9 2.3 406.0 16.0 5.27 3.55 1.21 1.66 2 2 2 2 2 2 2 2 3.3 2.81 -6.0 2.3 2.3 2.3 2.3 2.3 2.3 0.308 0.449 0.321 0.23 0.348 1.22 2 2 1 2 2 2
1983-10-17T05:30:00 1983 10 17 5 30 0 9.0 1.2 408.0 24.0 7.99 3.6 0.0 0.0 2 2 2 2 2 2 2 2 3.3 2.86 -1.0 1.2 1.2 1.2 1.2 1.2 1.2 0.208 0.223 0.311 0.129 0.11 0.506 2 2 1 2 2 2
1983-10-17T06:30:00 1983 10 17 6 30 0 10.5 0.0 412.0 25.8 8.76 6.48 0.0 0.0 2 2 2 2 2 2 2 2 5.0 3.12 2.0 0.0 0.0 0.0 0.0 0.0 0.0 0.141 0.111 0.302 0.072 0.035 0.21 2 2 1 2 2 2
1983-10-17T07:30:00 1983 10 17 7 30 0 8.5 -8.1 413.0 18.9 6.45 13.92 9.05 19.02 2 2 2 2 2 2 2 2 5.0 3.38 -12.0 -8.1 -8.1 -8.1 -8.1 -8.1 -8.1 0.767 1.185 0.368 1.158 1.568 5.233 2 2 1 2 2 2
1983-10-17T08:30:00 1983 10 17 8 30 0 4.8 -8.5 414.0 22.9 7.85 19.34 17.2 36.26 2 2 2 2 2 2 2 2 5.0 3.72 -31.0 -8.5 -8.5 -8.5 -8.5 -8.5 -8.5 1.549 2.156 0.501 2.597 2.612 9.17 2 2 1 2 2 2
1983-10-17T09:30:00 1983 10 17 9 30 0 10.7 7.2 416.0 10.7 3.7 6.44 4.06 8.26 2 2 2 2 2 2 2 2 5.0 4.05 -47.0 7.2 7.2 7.2 7.2 7.2 7.2 1.2 1.317 0.502 1.641 1.102 4.882 2 2 1 2 2 2
1983-10-17T10:30:00 1983 10 17 10 30 0 9.35 -1.0 433.5 12.35 4.7 5.31 0.24 0.29 1 1 1 1 1 1 1 1 5.0 4.38 -37.0 -1.0 -1.0 -1.0 -1.0 -1.0 -1.0 0.851 0.748 0.489 0.951 0.501 2.439 2 2 1 2 2 2
1983-10-17T11:30:00 1983 10 17 11 30 0 8.0 -9.2 451.0 14.0 5.7 16.26 12.11 16.3 2 2 2 2 2 2 2 2 5.0 4.59 -50.0 -9.2 -9.2 -9.2 -9.2 -9.2 -9.2 1.293 1.446 0.573 1.841 1.857 5.029 2 2 2 2 2 2
1983-10-17T12:30:00 1983 10 17 12 30 0 11.5 -5.7 456.0 14.1 5.25 23.53 16.56 23.27 2 2 2 2 2 2 2 2 5.3 4.84 -58.0 -5.7 -5.7 -5.7 -5.7 -5.7 -5.7 1.67 1.856 0.675 2.45 2.347 6.556 2 2 2 2 2 2
1983-10-17T13:30:00 1983 10 17 13 30 0 11.3 -7.4 469.0 8.0 3.4 24.65 15.34 16.34 2 2 2 2 2 2 2 2 5.3 5.08 -60.0 -7.4 -7.4 -7.4 -7.4 -7.4 -7.4 1.829 1.894 0.76 2.619 2.34 5.725 2 2 2 2 2 2
1983-10-17T14:30:00 1983 10 17 14 30 0 9.7 -8.6 466.0 5.2 2.29 27.61 18.81 12.13 2 2 2 2 2 2 2 2 5.3 5.12 -59.0 -8.6 -8.6 -8.6 -8.6 -8.6 -8.6 1.92 1.821 0.851 2.763 2.234 4.164 2 2 2 2 2 2
1983-10-17T15:30:00 1983 10 17 15 30 0 7.8 -6.8 439.0 4.7 2.12 22.18 17.23 8.51 2 2 2 2 2 2 2 2 5.3 5.15 -67.0 -6.8 -6.8 -6.8 -6.8 -6.8 -6.8 1.855 1.64 0.909 2.532 1.886 2.874 2 2 2 2 2 2
1983-10-17T16:30:00 1983 10 17 16 30 0 8.4 -5.4 439.0 5.9 2.43 16.04 13.26 7.06 2 2 2 2 2 2 2 2 5.3 5.19 -58.0 -5.4 -5.4 -5.4 -5.4 -5.4 -5.4 1.721 1.477 0.943 2.163 1.627 2.332 2 2 2 2 2 2
1983-10-17T17:30:00 1983 10 17 17 30 0 8.6 -4.6 437.0 6.1 2.6 13.91 10.88 6.53 2 2 2 2 2 2 2 2 5.3 5.23 -56.0 -4.6 -4.6 -4.6 -4.6 -4.6 -4.6 1.576 1.345 0.963 1.819 1.451 2.119 2 2 2 2 2 2
1983-10-17T18:30:00 1983 10 17 18 30 0 7.6 -4.7 430.0 9.8 3.96 12.36 10.08 8.17 2 2 2 2 2 2 2 2 5.3 5.26 -55.0 -4.7 -4.7 -4.7 -4.7 -4.7 -4.7 1.513 1.366 0.985 1.676 1.5 2.627 2 2 2 2 2 2
1983-10-17T19:30:00 1983 10 17 19 30 0 8.0 -4.9 426.0 12.1 4.49 12.18 10.29 11.37 2 2 2 2 2 2 2 2 5.3 5.3 -57.0 -4.9 -4.9 -4.9 -4.9 -4.9 -4.9 1.535 1.49 1.013 1.701 1.646 3.555 2 2 2 2 2 2
1983-10-17T20:30:00 1983 10 17 20 30 0 5.2 -4.1 436.0 11.4 4.33 9.73 9.63 11.3 2 2 2 2 2 2 2 2 5.3 5.3 -55.0 -4.1 -4.1 -4.1 -4.1 -4.1 -4.1 1.517 1.507 1.036 1.639 1.636 3.937 2 2 2 2 2 2
1983-10-17T21:30:00 1983 10 17 21 30 0 6.9 -6.8 423.0 14.9 5.02 11.72 11.92 16.0 2 2 2 2 2 2 2 2 6.3 5.43 -53.0 -6.8 -6.8 -6.8 -6.8 -6.8 -6.8 1.679 1.766 1.085 1.995 1.989 5.17 2 2 2 2 2 2
1983-10-17T22:30:00 1983 10 17 22 30 0 4.1 -7.6 415.0 16.4 5.04 14.91 15.14 23.8 2 2 2 2 2 2 2 2 6.3 5.56 -58.0 -7.6 -7.6 -7.6 -7.6 -7.6 -7.6 1.958 2.126 1.161 2.581 2.359 6.632 2 2 2 2 2 2
1983-10-17T23:30:00 1983 10 17 23 30 0 6.0 -7.7 414.0 11.0 3.8 15.68 15.86 21.37 2 2 2 2 2 2 2 2 6.3 5.69 -52.0 -7.7 -7.7 -7.7 -7.7 -7.7 -7.7 2.106 2.213 1.232 2.842 2.336 6.106 2 2 2 2 2 2
