1983-01-10T00:30:00 1983 1 10 0 30 0 2.27 0.59 465.9 8.08 3.32 0.34 0.0 0.0 0 0 0 0 0 0 0 0 7.3 4.34 -16.0 -0.86 -0.61 -1.36 -1.33 -0.64 -0.42 0.334 0.35 0.407 0.318 0.423 0.911 0 0 0 0 0 0
1983-01-10T01:30:00 1983 1 10 1 30 0 2.27 0.59 465.9 8.08 3.32 0.35 0.0 0.0 0 0 0 0 0 0 0 0 7.3 4.61 -79.0 -0.86 -0.61 -1.35 -1.33 -0.63 -0.42 0.333 0.35 0.407 0.317 0.421 0.911 0 0 0 0 0 0
1983-01-10T02:30:00 1983 1 10 2 30 0 2.27 0.59 465.9 8.08 3.32 0.35 0.0 0.0 0 0 0 0 0 0 0 0 7.3 5.15 -132.0 -0.86 -0.61 -1.35 -1.32 -0.63 -0.42 0.332 0.35 0.406 0.316 0.419 0.911 0 0 0 0 0 0
1983-01-10T03:30:00 1983 1 10 3 30 0 2.28 0.59 465.9 8.08 3.32 0.35 0.0 0.0 0 0 0 0 0 0 0 0 8.3 5.82 -158.0 -0.86 -0.6 -1.35 -1.32 -0.63 -0.42 0.332 0.349 0.405 0.315 0.419 0.911 0 0 0 0 0 0
1983-01-10T04:30:00 1983 1 10 4 30 0 2.28 0.59 465.9 8.08 3.32 0.35 0.0 0.0 0 0 0 0 0 0 0 0 8.3 6.47 -187.0 -0.86 -0.6 -1.35 -1.32 -0.63 -0.41 0.331 0.347 0.405 0.315 0.418 0.906 0 0 0 0 0 0
1983-01-10T05:30:00 1983 1 10 5 30 0 2.28 0.59 465.9 8.08 3.32 0.35 0.0 0.0 0 0 0 0 0 0 0 0 8.3 6.97 -171.0 -0.85 -0.6 -1.34 -1.31 -0.63 -0.41 0.33 0.347 0.404 0.313 0.418 0.902 0 0 0 0 0 0
1983-01-10T06:30:00 1983 1 10 6 30 0 2.28 0.59 465.9 8.08 3.32 0.35 0.0 0.0 0 0 0 0 0 0 0 0 7.0 7.29 -191.0 -0.85 -0.6 -1.34 -1.31 -0.62 -0.41 0.329 0.346 0.403 0.312 0.416 0.901 0 0 0 0 0 0
1983-01-10T07:30:00 1983 1 10 7 30 0 2.29 0.59 465.9 8.08 3.32 0.35 0.0 0.0 0 0 0 0 0 0 0 0 7.0 7.6 -213.0 -0.85 -0.6 -1.34 -1.31 -0.62 -0.41 0.329 0.346 0.402 0.312 0.414 0.9 0 0 0 0 0 0
1983-01-10T08:30:00 1983 1 10 8 30 0 2.29 0.59 465.9 8.08 3.32 0.35 0.0 0.0 0 0 0 0 0 0 0 0 7.0 7.56 -201.0 -0.85 -0.6 -1.33 -1.3 -0.62 -0.41 0.328 0.346 0.401 0.31 0.414 0.9 0 0 0 0 0 0
1983-01-10T09:30:00 1983 1 10 9 30 0 2.29 0.6 465.9 8.08 3.32 0.35 0.0 0.0 0 0 0 0 0 0 0 0 5.0 7.25 -203.0 -0.84 -0.59 -1.33 -1.3 -0.62 -0.41 0.327 0.345 0.401 0.309 0.414 0.9 0 0 0 0 0 0
1983-01-10T10:30:00 1983 1 10 10 30 0 2.29 0.6 465.9 8.08 3.32 0.35 0.0 0.0 0 0 0 0 0 0 0 0 5.0 6.95 -181.0 -0.84 -0.59 -1.33 -1.3 -0.62 -0.41 0.326 0.343 0.4 0.309 0.414 0.899 0 0 0 0 0 0
1983-01-10T11:30:00 1983 1 10 11 30 0 2.3 0.6 465.9 8.08 3.32 0.35 0.0 0.0 0 0 0 0 0 0 0 0 5.0 6.54 -173.0 -0.84 -0.59 -1.32 -1.29 -0.62 -0.41 0.326 0.343 0.399 0.307 0.414 0.899 0 0 0 0 0 0
1983-01-10T12:30:00 1983 1 10 12 30 0 2.3 0.6 465.9 8.08 3.32 0.35 0.0 0.0 0 0 0 0 0 0 0 0 3.3 5.9 -155.0 -0.84 -0.59 -1.32 -1.29 -0.61 -0.4 0.325 0.342 0.398 0.306 0.411 0.895 0 0 0 0 0 0
1983-01-10T13:30:00 1983 1 10 13 30 0 2.3 0.6 465.9 8.08 3.32 0.35 0.0 0.0 0 0 0 0 0 0 0 0 3.3 5.28 -131.0 -0.84 -0.59 -1.32 -1.29 -0.61 -0.4 0.325 0.342 0.397 0.306 0.41 0.891 0 0 0 0 0 0
1983-01-10T14:30:00 1983 1 10 14 30 0 2.3 0.6 465.9 8.08 3.32 0.35 0.0 0.0 0 0 0 0 0 0 0 0 3.3 4.82 -118.0 -0.83 -0.58 -1.31 -1.28 -0.61 -0.4 0.324 0.341 0.396 0.304 0.409 0.889 0 0 0 0 0 0
1983-01-10T15:30:00 1983 1 10 15 30 0 2.31 0.6 465.9 8.08 3.32 0.36 0.0 0.0 0 0 0 0 0 0 0 0 2.7 4.29 -117.0 -0.83 -0.58 -1.31 -1.28 -0.61 -0.4 0.323 0.34 0.396 0.303 0.409 0.888 0 0 0 0 0 0
1983-01-10T16:30:00 1983 1 10 16 30 0 2.31 0.6 465.9 8.08 3.32 0.36 0.0 0.0 0 0 0 0 0 0 0 0 2.7 3.76 -105.0 -0.83 -0.58 -1.31 -1.28 -0.61 -0.4 0.322 0.339 0.395 0.303 0.409 0.888 0 0 0 0 0 0
1983-01-10T17:30:00 1983 1 10 17 30 0 2.31 0.6 465.9 8.08 3.32 0.36 0.0 0.0 0 0 0 0 0 0 0 0 2.7 3.47 -92.0 -0.83 -0.58 -1.3 -1.27 -0.6 -0.4 0.322 0.339 0.394 0.301 0.407 0.888 0 0 0 0 0 0
1983-01-10T18:30:00 1983 1 10 18 30 0 2.32 0.6 465.9 8.08 3.32 0.36 0.0 0.0 0 0 0 0 0 0 0 0 2.3 3.14 -84.0 -0.82 -0.58 -1.3 -1.27 -0.6 -0.4 0.321 0.338 0.393 0.3 0.405 0.888 0 0 0 0 0 0
1983-01-10T19:30:00 1983 1 10 19 30 0 2.32 0.61 465.9 8.08 3.32 0.36 0.0 0.0 0 0 0 0 0 0 0 0 2.3 2.81 -76.0 -0.82 -0.58 -1.3 -1.27 -0.6 -0.39 0.32 0.338 0.392 0.3 0.405 0.883 0 0 0 0 0 0
1983-01-10T20:30:00 1983 1 10 20 30 0 2.32 0.61 465.9 8.08 3.32 0.36 0.0 0.0 0 0 0 0 0 0 0 0 2.3 2.69 -69.0 -0.82 -0.57 -1.29 -1.27 -0.6 -0.39 0.319 0.337 0.391 0.299 0.405 0.879 0 0 0 0 0 0
1983-01-10T21:30:00 1983 1 10 21 30 0 2.32 0.61 465.9 8.08 3.32 0.36 0.0 0.0 0 0 0 0 0 0 0 0 3.0 2.66 -65.0 -0.82 -0.57 -1.29 -1.26 -0.6 -0.39 0.318 0.336 0.39 0.298 0.404 0.877 0 0 0 0 0 0
1983-01-10T22:30:00 1983 1 10 22 30 0 2.33 0.61 465.9 8.08 3.32 0.36 0.0 0.0 0 0 0 0 0 0 0 0 3.0 2.63 -58.0 -0.81 -0.57 -1.29 -1.26 -0.6 -0.39 0.317 0.335 0.389 0.297 0.404 0.876 0 0 0 0 0 0
1983-01-10T23:30:00 1983 1 10 23 30 0 2.33 0.61 465.9 8.08 3.32 0.36 0.0 0.0 0 0 0 0 0 0 0 0 3.0 2.67 -48.0 -0.81 -0.57 -1.28 -1.26 -0.59 -0.39 0.316 0.335 0.388 0.296 0.402 0.876 0 0 0 0 0 0
