1983-03-22T00:30:00 1983 3 22 0 30 0 -0.57 -0.39 466.2 6.54 2.84 0.09 0.91 0.6 0 0 1 0 0 0 1 0 3.0 2.53 -20.0 -1.37 -1.06 -1.91 -1.88 -1.1 -0.81 0.461 0.461 0.672 0.462 0.571 1.008 0 0 1 0 0 0
1983-03-22T01:30:00 1983 3 22 1 30 0 -0.57 -0.39 461.5 6.54 2.84 0.09 0.9 0.59 0 0 1 0 0 0 1 0 3.0 2.62 -28.0 -1.37 -1.06 -1.91 -1.88 -1.1 -0.81 0.459 0.46 0.668 0.457 0.562 0.984 0 0 1 0 0 0
1983-03-22T02:30:00 1983 3 22 2 30 0 -0.57 -0.39 456.8 6.53 2.84 0.09 0.89 0.58 0 0 1 0 0 0 1 0 3.0 2.63 -34.0 -1.37 -1.06 -1.91 -1.88 -1.1 -0.81 0.456 0.459 0.664 0.451 0.553 0.96 0 0 1 0 0 0
1983-03-22T03:30:00 1983 3 22 3 30 0 -0.57 -0.39 452.0 6.53 2.84 0.09 0.89 0.58 0 0 1 0 0 0 1 0 3.0 2.63 -31.0 -1.38 -1.06 -1.91 -1.88 -1.1 -0.81 0.454 0.458 0.66 0.445 0.543 0.936 0 0 1 0 0 0
1983-03-22T04:30:00 1983 3 22 4 30 0 -0.57 -0.39 447.2 6.53 2.84 0.09 0.88 0.57 0 0 1 0 0 0 1 0 3.0 2.64 -29.0 -1.38 -1.06 -1.91 -1.88 -1.1 -0.81 0.451 0.457 0.655 0.44 0.534 0.912 0 0 1 0 0 0
1983-03-22T05:30:00 1983 3 22 5 30 0 -0.57 -0.39 442.5 6.53 2.84 0.09 0.87 0.57 0 0 1 0 0 0 1 0 3.0 2.76 -31.0 -1.38 -1.06 -1.91 -1.88 -1.1 -0.81 0.448 0.456 0.651 0.434 0.525 0.889 0 0 1 0 0 0
1983-03-22T06:30:00 1983 3 22 6 30 0 -0.57 -0.4 437.8 6.52 2.84 0.09 0.87 0.57 0 0 1 0 0 0 1 0 2.0 2.75 -33.0 -1.38 -1.06 -1.91 -1.88 -1.1 -0.81 0.445 0.455 0.645 0.428 0.516 0.866 0 0 1 0 0 0
1983-03-22T07:30:00 1983 3 22 7 30 0 -0.57 -0.4 433.0 6.52 2.84 0.09 0.87 0.57 0 0 1 0 0 0 1 0 2.0 2.74 -33.0 -1.38 -1.06 -1.91 -1.88 -1.1 -0.81 0.441 0.454 0.64 0.422 0.507 0.844 0 0 1 0 0 0
1983-03-22T08:30:00 1983 3 22 8 30 0 -0.57 -0.4 428.2 6.52 2.84 0.09 0.86 0.56 0 0 1 0 0 0 1 0 2.0 2.61 -27.0 -1.38 -1.07 -1.91 -1.88 -1.1 -0.81 0.438 0.454 0.635 0.417 0.498 0.821 0 0 1 0 0 0
1983-03-22T09:30:00 1983 3 22 9 30 0 -0.57 -0.4 423.5 6.45 2.84 0.09 0.85 0.55 0 0 1 1 0 0 1 1 1.0 2.35 -24.0 -1.38 -1.07 -1.91 -1.88 -1.1 -0.81 0.434 0.453 0.629 0.41 0.489 0.795 0 0 1 0 0 0
1983-03-22T10:30:00 1983 3 22 10 30 0 -0.57 -0.4 418.8 6.33 2.82 0.09 0.84 0.54 0 0 1 1 1 0 1 1 1.0 2.1 -19.0 -1.38 -1.07 -1.91 -1.88 -1.1 -0.81 0.429 0.451 0.623 0.403 0.477 0.764 0 0 1 0 0 0
1983-03-22T11:30:00 1983 3 22 11 30 0 -0.86 -0.4 414.0 6.21 2.47 0.11 0.83 0.52 1 0 1 1 1 1 1 1 1.0 1.85 -19.0 -1.38 -1.07 -1.91 -1.88 -1.1 -0.81 0.424 0.447 0.617 0.395 0.466 0.728 0 0 1 0 0 0
1983-03-22T12:30:00 1983 3 22 12 30 0 -1.62 -0.4 409.2 6.09 2.11 0.24 0.82 0.51 1 0 1 1 1 1 1 1 1.7 1.7 -17.0 -1.38 -1.07 -1.91 -1.88 -1.1 -0.81 0.418 0.443 0.61 0.387 0.454 0.693 0 0 1 0 0 0
1983-03-22T13:30:00 1983 3 22 13 30 0 -2.38 -0.51 404.5 6.0 1.76 0.5 0.93 0.56 1 1 1 1 1 1 1 1 1.7 1.54 -18.0 -1.35 -1.08 -1.82 -1.79 -1.11 -0.86 0.41 0.44 0.603 0.373 0.444 0.667 0 0 1 0 1 1
1983-03-22T14:30:00 1983 3 22 14 30 0 -2.8 -1.06 399.8 6.0 1.65 0.92 1.62 0.97 1 1 1 1 1 1 1 1 1.7 1.51 -22.0 -1.23 -1.18 -1.33 -1.32 -1.18 -1.13 0.396 0.447 0.593 0.326 0.444 0.688 1 1 1 1 1 1
1983-03-22T15:30:00 1983 3 22 15 30 0 -2.8 -1.2 395.0 6.0 1.65 1.2 2.26 1.35 2 2 2 2 2 2 2 2 1.3 1.43 -22.0 -1.2 -1.2 -1.2 -1.2 -1.2 -1.2 0.381 0.456 0.582 0.274 0.444 0.711 1 1 1 1 2 2
1983-03-22T16:30:00 1983 3 22 16 30 0 -2.9 -0.6 388.0 6.1 1.98 1.06 1.71 1.04 2 2 2 2 2 2 2 2 1.3 1.34 -24.0 -0.6 -0.6 -0.6 -0.6 -0.6 -0.6 0.336 0.404 0.568 0.205 0.36 0.629 1 2 1 1 2 2
1983-03-22T17:30:00 1983 3 22 17 30 0 -4.5 0.1 397.0 5.8 1.93 1.24 0.45 0.27 2 2 2 2 2 2 2 2 1.3 1.38 -22.0 0.1 0.1 0.1 0.1 0.1 0.1 0.246 0.251 0.551 0.123 0.169 0.368 1 2 1 1 2 2
1983-03-22T18:30:00 1983 3 22 18 30 0 -1.8 -1.8 384.0 6.4 1.98 1.23 1.8 1.12 2 2 2 2 2 2 2 2 2.3 1.54 -17.0 -1.8 -1.8 -1.8 -1.8 -1.8 -1.8 0.272 0.355 0.54 0.157 0.355 0.572 2 2 1 2 2 2
1983-03-22T19:30:00 1983 3 22 19 30 0 -1.8 -2.8 383.0 6.4 1.98 1.67 4.49 2.87 2 2 2 2 2 2 2 2 2.3 1.71 -11.0 -2.8 -2.8 -2.8 -2.8 -2.8 -2.8 0.392 0.567 0.538 0.309 0.605 0.871 2 2 1 2 2 2
1983-03-22T20:30:00 1983 3 22 20 30 0 -4.1 -2.8 401.0 5.4 1.75 2.96 5.5 3.22 2 2 2 2 2 2 2 2 2.3 1.78 -12.0 -2.8 -2.8 -2.8 -2.8 -2.8 -2.8 0.494 0.686 0.54 0.429 0.725 0.989 2 2 1 2 2 2
1983-03-22T21:30:00 1983 3 22 21 30 0 -3.7 -3.4 388.0 5.3 1.61 4.0 6.15 3.29 2 2 2 2 2 2 2 2 2.3 1.86 -21.0 -3.4 -3.4 -3.4 -3.4 -3.4 -3.4 0.582 0.769 0.544 0.534 0.793 1.015 2 2 1 2 2 2
1983-03-22T22:30:00 1983 3 22 22 30 0 -3.7 -2.85 324.0 5.3 1.13 3.43 5.49 2.91 1 1 2 2 2 1 2 2 2.3 1.94 -28.0 -3.03 -2.97 -3.13 -3.12 -2.98 -2.92 0.616 0.791 0.543 0.55 0.694 0.852 2 1 1 2 1 1
1983-03-22T23:30:00 1983 3 22 23 30 0 -3.12 -0.81 357.0 5.2 1.38 1.8 2.96 1.55 1 1 2 2 2 1 2 2 2.3 2.06 -23.0 -1.64 -1.37 -2.11 -2.08 -1.4 -1.15 0.572 0.682 0.538 0.481 0.531 0.662 1 1 1 1 1 1
