1983-12-20T00:30:00 1983 12 20 0 30 0 -8.1 -2.3 414.0 4.2 1.39 8.16 5.27 2.26 2 2 2 2 2 2 2 2 3.0 2.13 -7.0 -2.3 -2.3 -2.3 -2.3 -2.3 -2.3 0.45 0.6 0.258 0.408 0.681 0.768 2 2 1 2 2 2
1983-12-20T01:30:00 1983 12 20 1 30 0 -6.4 0.1 418.0 5.0 1.69 5.06 2.09 0.94 2 2 2 2 2 2 2 2 3.0 2.26 -7.0 0.1 0.1 0.1 0.1 0.1 0.1 0.371 0.423 0.254 0.278 0.375 0.519 2 2 1 2 2 2
1983-12-20T02:30:00 1983 12 20 2 30 0 -6.3 -1.0 433.0 5.6 1.97 3.7 1.06 0.58 2 2 2 2 2 2 2 2 3.0 2.39 -3.0 -1.0 -1.0 -1.0 -1.0 -1.0 -1.0 0.315 0.356 0.249 0.199 0.34 0.541 2 2 1 2 2 2
1983-12-20T03:30:00 1983 12 20 3 30 0 -4.4 1.9 413.0 4.5 1.51 2.1 0.28 0.15 2 2 2 2 2 2 2 2 2.0 2.38 -4.0 1.9 1.9 1.9 1.9 1.9 1.9 0.22 0.193 0.242 0.114 0.126 0.26 2 2 1 2 2 2
1983-12-20T04:30:00 1983 12 20 4 30 0 -3.1 1.8 458.0 2.0 0.82 0.62 0.0 0.0 2 2 2 2 2 2 2 2 2.0 2.38 -5.0 1.8 1.8 1.8 1.8 1.8 1.8 0.149 0.096 0.234 0.064 0.04 0.108 2 2 1 2 2 2
1983-12-20T05:30:00 1983 12 20 5 30 0 -2.1 2.0 471.0 1.8 0.77 0.25 0.0 0.0 2 2 2 2 2 2 2 2 2.0 2.37 -7.0 2.0 2.0 2.0 2.0 2.0 2.0 0.101 0.048 0.227 0.036 0.013 0.045 2 2 1 2 2 2
1983-12-20T06:30:00 1983 12 20 6 30 0 -2.2 1.8 475.0 2.1 0.92 0.16 0.0 0.0 2 2 2 2 2 2 2 2 0.3 2.14 -7.0 1.8 1.8 1.8 1.8 1.8 1.8 0.068 0.024 0.22 0.02 0.004 0.019 2 2 1 2 2 2
1983-12-20T07:30:00 1983 12 20 7 30 0 -2.4 1.8 470.0 2.3 1.07 0.2 0.0 0.0 2 2 2 2 2 2 2 2 0.3 1.92 -5.0 1.8 1.8 1.8 1.8 1.8 1.8 0.046 0.012 0.214 0.011 0.001 0.008 2 2 1 2 2 2
1983-12-20T08:30:00 1983 12 20 8 30 0 -2.4 1.49 468.0 2.36 1.07 0.24 0.0 0.0 1 1 1 1 1 1 1 1 0.3 1.58 -2.0 1.26 1.32 1.16 1.17 1.31 1.36 0.031 0.006 0.207 0.006 0.0 0.003 2 2 1 2 2 2
1983-12-20T09:30:00 1983 12 20 9 30 0 -2.33 0.35 466.0 2.42 1.07 0.33 0.0 0.0 1 1 1 1 1 1 1 1 0.3 1.25 1.0 -0.72 -0.46 -1.19 -1.16 -0.49 -0.27 0.043 0.032 0.203 0.033 0.061 0.031 1 1 1 1 1 1
1983-12-20T10:30:00 1983 12 20 10 30 0 -2.27 0.36 464.0 2.48 1.06 0.41 0.0 0.0 1 1 1 1 1 1 1 1 0.3 0.92 0.0 -0.7 -0.44 -1.17 -1.14 -0.47 -0.25 0.086 0.098 0.203 0.088 0.163 0.101 1 1 1 1 1 1
1983-12-20T11:30:00 1983 12 20 11 30 0 -2.2 1.58 462.0 2.54 1.06 0.27 0.0 0.0 1 1 1 1 1 1 1 1 0.3 0.71 -1.0 1.36 1.41 1.26 1.26 1.4 1.45 0.062 0.049 0.197 0.055 0.052 0.042 1 1 1 1 1 1
1983-12-20T12:30:00 1983 12 20 12 30 0 -2.2 1.9 460.0 2.6 1.06 0.17 0.0 0.0 2 2 2 2 2 2 2 2 0.3 0.5 0.0 1.9 1.9 1.9 1.9 1.9 1.9 0.042 0.024 0.191 0.031 0.017 0.017 1 1 1 1 1 1
1983-12-20T13:30:00 1983 12 20 13 30 0 -1.6 2.9 465.0 2.5 1.0 0.09 0.0 0.0 2 2 2 2 2 2 2 2 0.3 0.3 0.0 2.9 2.9 2.9 2.9 2.9 2.9 0.028 0.012 0.185 0.017 0.005 0.007 1 1 1 1 1 1
1983-12-20T14:30:00 1983 12 20 14 30 0 -1.7 1.2 455.0 2.8 1.06 0.08 0.0 0.0 2 2 2 2 2 2 2 2 0.3 0.3 2.0 1.2 1.2 1.2 1.2 1.2 1.2 0.019 0.006 0.18 0.01 0.002 0.003 1 1 1 1 1 1
1983-12-20T15:30:00 1983 12 20 15 30 0 -2.1 1.2 449.0 2.8 1.02 0.16 0.0 0.0 2 2 2 2 2 2 2 2 0.3 0.3 2.0 1.2 1.2 1.2 1.2 1.2 1.2 0.013 0.003 0.174 0.005 0.001 0.001 1 1 1 1 1 1
1983-12-20T16:30:00 1983 12 20 16 30 0 -2.4 1.5 450.0 2.5 1.12 0.22 0.0 0.0 2 2 2 2 2 2 2 2 0.3 0.3 2.0 1.5 1.5 1.5 1.5 1.5 1.5 0.009 0.001 0.169 0.003 0.0 0.001 1 1 1 1 1 1
1983-12-20T17:30:00 1983 12 20 17 30 0 -2.1 1.7 443.0 2.8 1.1 0.19 0.0 0.0 2 2 2 2 2 2 2 2 0.3 0.3 4.0 1.7 1.7 1.7 1.7 1.7 1.7 0.006 0.001 0.164 0.002 0.0 0.0 1 1 1 1 1 1
1983-12-20T18:30:00 1983 12 20 18 30 0 -3.4 1.4 424.0 4.1 1.38 0.35 0.0 0.0 2 2 2 2 2 2 2 2 0.7 0.35 3.0 1.4 1.4 1.4 1.4 1.4 1.4 0.004 0.0 0.159 0.001 0.0 0.0 1 1 1 1 1 1
1983-12-20T19:30:00 1983 12 20 19 30 0 -1.9 -2.4 427.0 3.2 1.17 1.03 1.84 0.62 2 2 2 2 2 2 2 2 0.7 0.4 -1.0 -2.4 -2.4 -2.4 -2.4 -2.4 -2.4 0.092 0.17 0.16 0.088 0.273 0.222 2 2 1 2 2 2
1983-12-20T20:30:00 1983 12 20 20 30 0 -3.0 -0.8 429.0 3.1 1.06 1.46 3.28 1.03 2 2 2 2 2 2 2 2 0.7 0.46 -4.0 -0.8 -0.8 -0.8 -0.8 -0.8 -0.8 0.164 0.27 0.162 0.135 0.356 0.322 2 2 1 2 2 2
1983-12-20T21:30:00 1983 12 20 21 30 0 -3.0 0.2 410.0 3.9 1.16 0.9 0.61 0.2 2 2 2 2 2 2 2 2 1.3 0.58 -3.0 0.2 0.2 0.2 0.2 0.2 0.2 0.129 0.177 0.158 0.084 0.166 0.199 2 2 1 2 2 2
1983-12-20T22:30:00 1983 12 20 22 30 0 -2.2 1.6 412.0 3.9 1.13 0.36 0.0 0.0 2 2 2 2 2 2 2 2 1.3 0.71 -4.0 1.6 1.6 1.6 1.6 1.6 1.6 0.088 0.088 0.153 0.047 0.053 0.083 2 2 1 2 2 2
1983-12-20T23:30:00 1983 12 20 23 30 0 -3.1 0.4 409.0 3.6 1.2 0.4 0.0 0.0 2 2 2 2 2 2 2 2 1.3 0.84 -2.0 0.4 0.4 0.4 0.4 0.4 0.4 0.059 0.044 0.148 0.026 0.017 0.034 2 2 1 2 2 2
