1983-09-04T00:30:00 1983 9 4 0 30 0 -1.35 0.56 455.7 6.97 2.5 0.1 0.0 0.0 0 0 0 0 0 0 0 0 0.7 0.73 5.0 -0.64 -0.44 -1.01 -0.99 -0.46 -0.3 0.236 0.262 0.258 0.198 0.306 0.597 0 0 0 0 0 0
1983-09-04T01:30:00 1983 9 4 1 30 0 -1.35 0.55 455.7 6.97 2.5 0.1 0.0 0.0 0 0 0 0 0 0 0 0 0.7 0.66 8.0 -0.64 -0.44 -1.01 -0.99 -0.46 -0.3 0.236 0.262 0.257 0.198 0.306 0.597 0 0 0 0 0 0
1983-09-04T02:30:00 1983 9 4 2 30 0 -1.35 0.55 455.8 6.97 2.5 0.1 0.0 0.0 0 0 0 0 0 0 0 0 0.7 0.62 9.0 -0.64 -0.44 -1.02 -0.99 -0.46 -0.3 0.237 0.262 0.256 0.198 0.306 0.597 0 0 0 0 0 0
1983-09-04T03:30:00 1983 9 4 3 30 0 -1.35 0.55 455.8 6.97 2.5 0.1 0.0 0.0 0 0 0 0 0 0 0 0 0.0 0.5 10.0 -0.64 -0.44 -1.02 -0.99 -0.46 -0.3 0.237 0.262 0.256 0.198 0.306 0.598 0 0 0 0 0 0
1983-09-04T04:30:00 1983 9 4 4 30 0 -1.35 0.55 455.9 6.97 2.5 0.1 0.0 0.0 0 0 0 0 0 0 0 0 0.0 0.37 11.0 -0.64 -0.44 -1.02 -0.99 -0.46 -0.3 0.237 0.262 0.255 0.198 0.306 0.598 0 0 0 0 0 0
1983-09-04T05:30:00 1983 9 4 5 30 0 -1.35 0.55 455.9 6.97 2.5 0.1 0.0 0.0 0 0 0 0 0 0 0 0 0.0 0.33 10.0 -0.64 -0.44 -1.02 -0.99 -0.46 -0.3 0.237 0.262 0.254 0.198 0.306 0.598 0 0 0 0 0 0
1983-09-04T06:30:00 1983 9 4 6 30 0 -1.35 0.55 455.9 6.97 2.5 0.1 0.0 0.0 0 0 0 0 0 0 0 0 0.3 0.33 11.0 -0.64 -0.44 -1.02 -0.99 -0.46 -0.3 0.237 0.262 0.254 0.198 0.306 0.598 0 0 0 0 0 0
1983-09-04T07:30:00 1983 9 4 7 30 0 -1.35 0.55 456.0 6.96 2.5 0.1 0.0 0.0 0 0 0 0 0 0 0 0 0.3 0.33 12.0 -0.64 -0.44 -1.02 -0.99 -0.46 -0.3 0.237 0.261 0.253 0.198 0.306 0.598 0 0 0 0 0 0
1983-09-04T08:30:00 1983 9 4 8 30 0 -1.35 0.55 456.0 6.96 2.5 0.1 0.0 0.0 0 0 0 0 0 0 0 0 0.3 0.28 13.0 -0.64 -0.44 -1.02 -0.99 -0.46 -0.3 0.237 0.261 0.253 0.198 0.306 0.597 0 0 0 0 0 0
1983-09-04T09:30:00 1983 9 4 9 30 0 -1.35 0.55 456.1 6.96 2.5 0.1 0.0 0.0 0 0 0 0 0 0 0 0 0.7 0.29 13.0 -0.64 -0.44 -1.02 -1.0 -0.46 -0.3 0.237 0.261 0.252 0.199 0.306 0.597 0 0 0 0 0 0
1983-09-04T10:30:00 1983 9 4 10 30 0 -1.35 0.55 456.1 6.96 2.5 0.1 0.0 0.0 0 0 0 0 0 0 0 0 0.7 0.3 11.0 -0.64 -0.44 -1.02 -1.0 -0.46 -0.3 0.237 0.261 0.252 0.2 0.306 0.597 0 0 0 0 0 0
1983-09-04T11:30:00 1983 9 4 11 30 0 -1.35 0.55 456.2 6.96 2.5 0.1 0.0 0.0 0 0 0 0 0 0 0 0 0.7 0.38 12.0 -0.64 -0.44 -1.02 -1.0 -0.46 -0.3 0.237 0.261 0.251 0.2 0.306 0.598 0 0 0 0 0 0
1983-09-04T12:30:00 1983 9 4 12 30 0 -1.35 0.55 456.2 6.96 2.5 0.1 0.0 0.0 0 0 0 0 0 0 0 0 0.3 0.42 13.0 -0.64 -0.44 -1.02 -1.0 -0.46 -0.3 0.237 0.261 0.251 0.2 0.306 0.598 0 0 0 0 0 0
1983-09-04T13:30:00 1983 9 4 13 30 0 -1.35 0.55 456.2 6.96 2.5 0.1 0.0 0.0 0 0 0 0 0 0 0 0 0.3 0.45 13.0 -0.64 -0.44 -1.02 -1.0 -0.46 -0.3 0.237 0.261 0.251 0.201 0.306 0.598 0 0 0 0 0 0
1983-09-04T14:30:00 1983 9 4 14 30 0 -1.35 0.55 456.3 6.96 2.5 0.1 0.0 0.0 0 0 0 0 0 0 0 0 0.3 0.45 13.0 -0.64 -0.44 -1.02 -1.0 -0.46 -0.3 0.237 0.261 0.25 0.201 0.306 0.598 0 0 0 0 0 0
1983-09-04T15:30:00 1983 9 4 15 30 0 -1.35 0.55 456.3 6.95 2.5 0.1 0.0 0.0 0 0 0 0 0 0 0 0 0.3 0.45 12.0 -0.64 -0.44 -1.02 -1.0 -0.46 -0.3 0.237 0.261 0.25 0.201 0.306 0.598 0 0 0 0 0 0
1983-09-04T16:30:00 1983 9 4 16 30 0 -1.35 0.55 456.4 6.95 2.5 0.1 0.0 0.0 0 0 0 0 0 0 0 0 0.3 0.44 11.0 -0.64 -0.44 -1.02 -1.0 -0.46 -0.3 0.237 0.261 0.249 0.201 0.306 0.597 0 0 0 0 0 0
1983-09-04T17:30:00 1983 9 4 17 30 0 -1.35 0.55 456.4 6.95 2.5 0.1 0.0 0.0 0 0 0 0 0 0 0 0 0.3 0.4 10.0 -0.64 -0.44 -1.02 -1.0 -0.46 -0.3 0.237 0.261 0.249 0.201 0.306 0.597 0 0 0 0 0 0
1983-09-04T18:30:00 1983 9 4 18 30 0 -1.35 0.55 456.4 6.95 2.5 0.1 0.0 0.0 0 0 0 0 0 0 0 0 1.3 0.48 6.0 -0.64 -0.44 -1.02 -1.0 -0.46 -0.3 0.237 0.261 0.249 0.201 0.306 0.597 0 0 0 0 0 0
1983-09-04T19:30:00 1983 9 4 19 30 0 -1.35 0.55 456.5 6.95 2.5 0.1 0.0 0.0 0 0 0 0 0 0 0 0 1.3 0.56 4.0 -0.64 -0.44 -1.02 -1.0 -0.46 -0.3 0.237 0.261 0.248 0.201 0.306 0.597 0 0 0 0 0 0
1983-09-04T20:30:00 1983 9 4 20 30 0 -1.35 0.55 456.5 6.95 2.5 0.1 0.0 0.0 0 0 0 0 0 0 0 0 1.3 0.69 5.0 -0.64 -0.44 -1.02 -1.0 -0.46 -0.3 0.237 0.261 0.248 0.201 0.306 0.598 0 0 0 0 0 0
1983-09-04T21:30:00 1983 9 4 21 30 0 -1.35 0.55 456.6 6.95 2.5 0.1 0.0 0.0 0 0 0 0 0 0 0 0 1.7 0.87 4.0 -0.64 -0.45 -1.02 -1.0 -0.47 -0.3 0.237 0.263 0.248 0.201 0.309 0.598 0 0 0 0 0 0
1983-09-04T22:30:00 1983 9 4 22 30 0 -1.35 0.55 456.6 6.95 2.5 0.1 0.0 0.0 0 0 0 0 0 0 0 0 1.7 1.04 6.0 -0.64 -0.45 -1.02 -1.0 -0.47 -0.3 0.237 0.264 0.247 0.201 0.31 0.598 0 0 0 0 0 0
1983-09-04T23:30:00 1983 9 4 23 30 0 -1.35 0.55 456.7 6.95 2.5 0.1 0.0 0.0 0 0 0 0 0 0 0 0 1.7 1.22 7.0 -0.64 -0.45 -1.02 -1.0 -0.47 -0.3 0.237 0.265 0.247 0.201 0.311 0.598 0 0 0 0 0 0
