1983-04-14T00:30:00 1983 4 14 0 30 0 -1.63 -0.34 542.0 6.15 3.62 1.12 0.92 0.58 1 0 1 1 1 1 1 1 4.0 3.44 -13.0 -1.23 -0.94 -1.73 -1.7 -0.97 -0.71 0.263 0.32 0.423 0.326 0.579 1.026 0 0 1 0 0 0
1983-04-14T01:30:00 1983 4 14 1 30 0 -0.65 -0.34 538.7 5.99 3.42 0.24 0.92 0.56 0 0 1 1 1 0 1 1 4.0 3.48 -12.0 -1.22 -0.94 -1.73 -1.7 -0.97 -0.71 0.324 0.37 0.43 0.386 0.615 1.114 0 0 1 0 0 0
1983-04-14T02:30:00 1983 4 14 2 30 0 -0.65 -0.33 535.3 5.83 3.28 0.11 0.9 0.53 0 0 1 1 1 0 1 1 4.0 3.57 -22.0 -1.22 -0.94 -1.73 -1.7 -0.97 -0.71 0.363 0.392 0.437 0.416 0.618 1.117 0 0 1 0 0 0
1983-04-14T03:30:00 1983 4 14 3 30 0 -0.65 -0.33 532.0 5.8 3.28 0.11 0.88 0.51 0 0 2 2 2 1 1 1 4.7 3.75 -23.0 -1.22 -0.94 -1.73 -1.7 -0.97 -0.71 0.387 0.402 0.443 0.43 0.613 1.099 0 0 1 0 0 0
1983-04-14T04:30:00 1983 4 14 4 30 0 -0.65 -0.33 549.7 6.23 3.81 0.11 0.89 0.54 0 0 1 1 1 0 1 1 4.7 3.93 -24.0 -1.22 -0.94 -1.73 -1.7 -0.97 -0.71 0.409 0.412 0.45 0.447 0.635 1.168 0 0 1 0 0 0
1983-04-14T05:30:00 1983 4 14 5 30 0 -0.65 -0.33 567.3 6.67 4.33 0.11 0.92 0.6 0 0 1 1 1 0 1 1 4.7 4.1 -27.0 -1.22 -0.94 -1.73 -1.7 -0.97 -0.7 0.431 0.425 0.459 0.471 0.678 1.32 0 0 1 0 0 0
1983-04-14T06:30:00 1983 4 14 6 30 0 -0.65 -0.33 585.0 7.1 4.86 0.12 0.95 0.66 0 0 2 2 2 1 1 1 4.7 4.28 -31.0 -1.22 -0.94 -1.73 -1.7 -0.97 -0.7 0.454 0.44 0.47 0.5 0.729 1.523 0 0 1 0 0 0
1983-04-14T07:30:00 1983 4 14 7 30 0 -0.65 -0.33 591.9 7.1 4.86 0.12 0.97 0.69 0 0 1 1 1 0 1 1 4.7 4.45 -34.0 -1.22 -0.93 -1.73 -1.7 -0.96 -0.7 0.474 0.448 0.483 0.523 0.761 1.673 0 0 1 0 0 0
1983-04-14T08:30:00 1983 4 14 8 30 0 -0.65 -0.33 598.9 7.1 4.73 0.12 0.98 0.7 0 0 1 1 1 0 1 1 4.7 4.53 -31.0 -1.22 -0.93 -1.73 -1.7 -0.96 -0.7 0.489 0.453 0.495 0.54 0.78 1.766 0 0 1 0 0 0
1983-04-14T09:30:00 1983 4 14 9 30 0 -0.65 -0.32 605.8 7.25 4.33 0.12 0.98 0.7 0 0 1 1 1 0 1 1 4.3 4.56 -35.0 -1.22 -0.93 -1.73 -1.7 -0.96 -0.7 0.501 0.457 0.508 0.555 0.799 1.855 0 0 1 0 0 0
1983-04-14T10:30:00 1983 4 14 10 30 0 -0.65 -0.32 612.8 7.44 3.94 0.12 0.98 0.72 0 0 1 1 1 0 1 1 4.3 4.6 -42.0 -1.22 -0.93 -1.72 -1.7 -0.96 -0.7 0.513 0.462 0.522 0.569 0.821 1.96 0 0 1 0 0 0
1983-04-14T11:30:00 1983 4 14 11 30 0 -0.65 -0.32 619.7 7.63 3.54 0.12 0.99 0.74 0 0 1 1 1 0 1 1 4.3 4.54 -37.0 -1.22 -0.93 -1.72 -1.69 -0.96 -0.7 0.524 0.468 0.536 0.582 0.845 2.077 0 0 1 0 0 0
1983-04-14T12:30:00 1983 4 14 12 30 0 -0.65 -0.32 626.6 7.82 3.53 0.12 1.0 0.77 0 0 1 1 0 0 1 1 4.3 4.49 -40.0 -1.22 -0.93 -1.72 -1.69 -0.96 -0.7 0.535 0.474 0.55 0.595 0.869 2.202 0 0 1 0 0 0
1983-04-14T13:30:00 1983 4 14 13 30 0 -0.65 -0.32 633.6 7.93 3.53 0.12 1.01 0.79 0 0 1 0 0 0 1 0 4.3 4.44 -42.0 -1.22 -0.93 -1.72 -1.69 -0.96 -0.7 0.545 0.48 0.566 0.608 0.891 2.321 0 0 1 0 0 0
1983-04-14T14:30:00 1983 4 14 14 30 0 -0.65 -0.32 640.5 7.94 3.54 0.13 1.02 0.81 0 0 1 0 0 0 1 0 4.3 4.4 -45.0 -1.21 -0.93 -1.72 -1.69 -0.96 -0.7 0.553 0.483 0.582 0.62 0.91 2.417 0 0 1 0 0 0
1983-04-14T15:30:00 1983 4 14 15 30 0 -0.65 -0.32 647.4 7.94 3.54 0.13 1.03 0.82 0 0 1 0 0 0 1 0 5.3 4.48 -44.0 -1.21 -0.93 -1.72 -1.69 -0.96 -0.7 0.56 0.486 0.598 0.631 0.928 2.496 0 0 1 0 0 0
1983-04-14T16:30:00 1983 4 14 16 30 0 -0.65 -0.31 654.4 7.37 3.54 0.13 1.02 0.78 0 0 1 1 0 0 1 1 5.3 4.56 -37.0 -1.21 -0.93 -1.72 -1.69 -0.96 -0.7 0.562 0.482 0.614 0.634 0.93 2.47 0 0 1 0 0 0
1983-04-14T17:30:00 1983 4 14 17 30 0 -0.65 -0.31 661.3 6.3 3.54 0.13 1.02 0.69 0 0 1 1 1 0 1 1 5.3 4.69 -27.0 -1.21 -0.93 -1.72 -1.69 -0.96 -0.7 0.557 0.466 0.628 0.625 0.908 2.27 0 0 1 0 0 0
1983-04-14T18:30:00 1983 4 14 18 30 0 -0.57 -0.31 668.2 5.24 3.44 0.12 1.03 0.59 1 0 1 1 1 1 1 1 6.0 4.91 -27.0 -1.21 -0.93 -1.72 -1.69 -0.96 -0.7 0.543 0.442 0.641 0.604 0.868 1.96 0 0 1 0 0 0
1983-04-14T19:30:00 1983 4 14 19 30 0 -0.35 -0.31 675.2 4.17 3.34 0.09 1.04 0.49 1 0 1 1 1 1 1 1 6.0 5.12 -30.0 -1.21 -0.93 -1.72 -1.69 -0.96 -0.7 0.521 0.41 0.651 0.574 0.815 1.607 0 0 0 0 0 0
1983-04-14T20:30:00 1983 4 14 20 30 0 -0.12 -0.03 682.1 3.3 3.23 0.03 0.54 0.21 1 1 1 1 1 1 1 1 6.0 5.33 -30.0 -0.81 -0.56 -1.25 -1.22 -0.59 -0.36 0.468 0.343 0.654 0.488 0.658 1.154 0 0 1 0 1 0
1983-04-14T21:30:00 1983 4 14 21 30 0 0.0 1.42 689.1 3.3 3.2 0.0 0.0 0.0 1 1 1 1 1 1 1 1 5.3 5.45 -25.0 1.25 1.3 1.16 1.17 1.3 1.35 0.325 0.177 0.636 0.285 0.226 0.479 0 0 1 0 1 0
1983-04-14T22:30:00 1983 4 14 22 30 0 0.0 1.8 696.0 3.3 3.2 0.0 0.0 0.0 2 2 2 2 2 2 2 2 5.3 5.56 -30.0 1.8 1.8 1.8 1.8 1.8 1.8 0.22 0.088 0.616 0.16 0.072 0.198 0 0 1 0 1 0
1983-04-14T23:30:00 1983 4 14 23 30 0 -2.4 -7.6 746.0 4.2 4.67 7.73 12.46 4.96 2 2 2 2 2 2 2 2 5.3 5.56 -28.0 -7.6 -7.6 -7.6 -7.6 -7.6 -7.6 0.619 0.553 0.72 1.049 1.796 2.291 2 2 1 2 2 2
