1983-06-16T00:30:00 1983 6 16 0 30 0 3.0 -0.7 364.7 2.43 0.64 0.26 0.24 0.06 2 2 1 1 1 2 2 1 2.3 2.78 -28.0 -0.7 -0.7 -0.7 -0.7 -0.7 -0.7 0.246 0.152 0.717 0.143 0.09 0.075 1 1 1 1 1 1
1983-06-16T01:30:00 1983 6 16 1 30 0 1.7 3.5 361.3 2.77 0.72 0.25 0.05 0.01 2 2 1 1 1 2 2 1 2.3 2.69 -27.0 3.5 3.5 3.5 3.5 3.5 3.5 0.167 0.076 0.695 0.08 0.029 0.031 1 1 1 1 1 1
1983-06-16T02:30:00 1983 6 16 2 30 0 1.5 -0.2 358.0 3.1 0.79 0.08 0.03 0.01 2 2 2 2 2 2 2 2 2.3 2.48 -26.0 -0.2 -0.2 -0.2 -0.2 -0.2 -0.2 0.118 0.054 0.674 0.047 0.03 0.032 1 1 1 1 2 2
1983-06-16T03:30:00 1983 6 16 3 30 0 0.3 0.5 359.0 2.2 0.57 0.06 0.04 0.01 2 2 2 2 2 2 2 2 1.3 2.15 -26.0 0.5 0.5 0.5 0.5 0.5 0.5 0.08 0.029 0.654 0.026 0.012 0.016 1 1 1 1 2 2
1983-06-16T04:30:00 1983 6 16 4 30 0 0.1 -1.3 354.0 4.7 1.18 0.11 0.93 0.39 2 2 2 2 2 2 2 2 1.3 1.82 -26.0 -1.3 -1.3 -1.3 -1.3 -1.3 -1.3 0.107 0.144 0.636 0.053 0.16 0.156 2 2 1 2 2 2
1983-06-16T05:30:00 1983 6 16 5 30 0 1.3 -0.8 349.3 5.23 1.27 0.31 1.81 0.9 1 1 1 1 1 1 1 1 1.3 1.77 -22.0 -0.8 -0.8 -0.8 -0.8 -0.8 -0.8 0.151 0.254 0.62 0.083 0.248 0.292 1 1 1 1 1 1
1983-06-16T06:30:00 1983 6 16 6 30 0 2.5 1.4 344.7 5.77 1.37 0.22 0.2 0.11 1 1 1 1 1 1 1 1 1.3 1.71 -21.0 1.4 1.4 1.4 1.4 1.4 1.4 0.108 0.14 0.601 0.048 0.091 0.142 1 1 1 1 1 1
1983-06-16T07:30:00 1983 6 16 7 30 0 3.7 1.9 340.0 6.3 1.46 0.35 0.0 0.0 2 2 2 2 2 2 2 2 1.3 1.66 -19.0 1.9 1.9 1.9 1.9 1.9 1.9 0.073 0.07 0.583 0.027 0.029 0.059 1 1 1 1 1 1
1983-06-16T08:30:00 1983 6 16 8 30 0 3.7 1.56 352.0 4.7 1.16 0.51 0.0 0.0 1 1 2 2 2 1 2 2 1.3 1.54 -13.0 1.37 1.42 1.27 1.28 1.42 1.46 0.049 0.035 0.565 0.015 0.009 0.024 1 1 1 1 1 1
1983-06-16T09:30:00 1983 6 16 9 30 0 3.25 0.29 365.0 3.1 0.83 0.61 0.0 0.0 1 1 2 2 2 1 2 2 2.0 1.51 -14.0 -0.59 -0.35 -1.07 -1.04 -0.37 -0.17 0.049 0.041 0.549 0.029 0.036 0.028 1 1 1 1 1 1
1983-06-16T10:30:00 1983 6 16 10 30 0 2.41 0.04 368.8 3.1 0.83 0.55 0.0 0.0 1 0 1 1 1 1 1 1 2.0 1.48 -19.0 -0.96 -0.68 -1.51 -1.48 -0.71 -0.48 0.092 0.124 0.537 0.086 0.141 0.095 0 0 1 0 0 0
1983-06-16T11:30:00 1983 6 16 11 30 0 1.57 0.04 372.5 3.17 1.04 0.29 0.0 0.0 1 0 1 1 1 1 1 1 2.0 1.57 -20.0 -0.96 -0.68 -1.51 -1.48 -0.71 -0.48 0.13 0.18 0.526 0.129 0.191 0.138 0 0 1 0 0 0
1983-06-16T12:30:00 1983 6 16 12 30 0 1.25 0.04 376.2 3.53 1.69 0.15 0.0 0.0 0 0 1 1 1 0 1 1 2.3 1.7 -21.0 -0.96 -0.68 -1.51 -1.48 -0.71 -0.48 0.159 0.212 0.515 0.157 0.215 0.169 0 0 1 0 0 0
1983-06-16T13:30:00 1983 6 16 13 30 0 1.18 0.04 380.0 3.9 1.88 0.11 0.0 0.0 1 0 1 1 1 1 1 1 2.3 1.82 -21.0 -0.96 -0.68 -1.51 -1.48 -0.71 -0.48 0.181 0.234 0.506 0.178 0.232 0.201 0 0 1 0 0 0
1983-06-16T14:30:00 1983 6 16 14 30 0 0.99 0.04 383.8 4.27 2.07 0.09 0.0 0.0 1 0 1 1 1 1 1 1 2.3 1.95 -22.0 -0.96 -0.68 -1.51 -1.48 -0.71 -0.48 0.2 0.251 0.497 0.194 0.246 0.235 0 0 1 0 0 0
1983-06-16T15:30:00 1983 6 16 15 30 0 0.8 0.66 387.5 4.63 1.62 0.04 0.0 0.0 1 1 1 1 1 1 1 1 3.3 2.2 -22.0 -0.21 0.03 -0.68 -0.65 0.01 0.21 0.178 0.178 0.486 0.163 0.142 0.139 0 0 1 0 0 0
1983-06-16T16:30:00 1983 6 16 16 30 0 0.7 3.85 391.2 4.7 1.47 0.01 0.0 0.0 1 1 1 1 1 1 1 1 3.3 2.45 -24.0 3.67 3.72 3.57 3.58 3.72 3.76 0.12 0.089 0.471 0.091 0.045 0.057 0 0 1 0 0 0
1983-06-16T17:30:00 1983 6 16 17 30 0 0.7 4.7 395.0 4.7 1.47 0.0 0.0 0.0 2 2 2 2 2 2 2 2 3.3 2.62 -21.0 4.7 4.7 4.7 4.7 4.7 4.7 0.082 0.044 0.457 0.051 0.014 0.024 0 0 1 0 0 0
1983-06-16T18:30:00 1983 6 16 18 30 0 1.9 0.9 376.0 4.9 1.39 0.04 0.0 0.0 2 2 2 2 2 2 2 2 1.7 2.57 -19.0 0.9 0.9 0.9 0.9 0.9 0.9 0.055 0.022 0.443 0.029 0.004 0.01 0 0 1 0 0 0
1983-06-16T19:30:00 1983 6 16 19 30 0 0.4 2.0 368.0 3.9 1.06 0.04 0.0 0.0 2 2 2 2 2 2 2 2 1.7 2.52 -19.0 2.0 2.0 2.0 2.0 2.0 2.0 0.037 0.011 0.429 0.016 0.001 0.004 0 0 1 0 0 0
1983-06-16T20:30:00 1983 6 16 20 30 0 1.03 1.64 378.0 4.25 1.23 0.01 0.0 0.0 1 1 1 1 1 1 1 1 1.7 2.44 -16.0 1.45 1.5 1.35 1.36 1.5 1.54 0.025 0.005 0.416 0.009 0.0 0.002 0 0 1 0 0 0
1983-06-16T21:30:00 1983 6 16 21 30 0 2.4 0.22 388.0 4.6 1.41 0.17 0.0 0.0 1 1 1 1 1 1 1 1 2.3 2.44 -17.0 -0.51 -0.31 -0.92 -0.89 -0.33 -0.16 0.031 0.029 0.405 0.025 0.04 0.034 1 1 1 1 1 1
1983-06-16T22:30:00 1983 6 16 22 30 0 3.77 -0.4 398.0 4.95 1.59 0.87 0.29 0.14 1 1 1 1 1 1 1 1 2.3 2.44 -20.0 -0.58 -0.53 -0.68 -0.68 -0.54 -0.5 0.074 0.126 0.395 0.057 0.16 0.193 1 1 1 1 1 1
1983-06-16T23:30:00 1983 6 16 23 30 0 4.4 -0.5 408.0 5.3 1.76 1.62 0.92 0.47 2 2 2 2 2 2 2 2 2.3 2.32 -18.0 -0.5 -0.5 -0.5 -0.5 -0.5 -0.5 0.102 0.187 0.386 0.064 0.216 0.316 1 2 1 1 2 2
