1983-05-04T00:30:00 1983 5 4 0 30 0 -6.1 1.6 565.6 8.21 4.03 2.81 0.0 0.0 2 2 1 0 0 2 2 1 3.0 2.4 8.0 1.6 1.6 1.6 1.6 1.6 1.6 0.195 0.089 0.614 0.149 0.055 0.229 0 0 0 0 0 0
1983-05-04T01:30:00 1983 5 4 1 30 0 -6.1 1.43 567.2 8.2 4.03 2.83 0.0 0.0 1 1 1 0 0 1 1 1 3.0 2.52 -2.0 1.12 1.17 1.01 1.01 1.17 1.22 0.132 0.044 0.595 0.083 0.017 0.095 0 0 0 0 0 0
1983-05-04T02:30:00 1983 5 4 2 30 0 -5.04 0.78 568.0 8.2 4.03 2.54 0.0 0.0 1 1 1 0 0 1 1 1 3.0 2.65 2.0 -0.67 -0.4 -1.2 -1.16 -0.43 -0.21 0.129 0.069 0.583 0.112 0.13 0.244 0 0 0 0 0 0
1983-05-04T03:30:00 1983 5 4 3 30 0 -3.06 0.67 568.0 8.2 4.03 1.41 0.0 0.0 1 0 1 0 0 1 1 0 4.3 2.94 -5.0 -1.0 -0.7 -1.61 -1.58 -0.73 -0.48 0.216 0.216 0.585 0.262 0.441 0.946 0 0 0 0 0 0
1983-05-04T04:30:00 1983 5 4 4 30 0 -1.09 0.67 568.0 8.19 4.03 0.33 0.0 0.0 1 0 1 0 0 1 1 0 4.3 3.23 -21.0 -1.0 -0.7 -1.61 -1.58 -0.73 -0.48 0.29 0.309 0.591 0.371 0.577 1.33 0 0 0 0 0 0
1983-05-04T05:30:00 1983 5 4 5 30 0 -0.34 0.67 568.0 8.19 4.03 0.02 0.0 0.0 0 0 1 0 0 0 1 0 4.3 3.43 -12.0 -1.0 -0.7 -1.62 -1.58 -0.73 -0.48 0.34 0.355 0.596 0.432 0.619 1.488 0 0 0 0 0 0
1983-05-04T06:30:00 1983 5 4 6 30 0 -0.34 0.67 568.0 8.19 4.03 0.0 0.0 0.0 0 0 1 0 0 0 1 0 3.7 3.55 -17.0 -1.0 -0.7 -1.62 -1.58 -0.73 -0.48 0.373 0.378 0.602 0.467 0.633 1.554 0 0 0 0 0 0
1983-05-04T07:30:00 1983 5 4 7 30 0 -0.34 0.68 568.0 8.18 4.03 0.0 0.0 0.0 0 0 1 0 0 0 1 0 3.7 3.67 -24.0 -1.0 -0.7 -1.62 -1.58 -0.73 -0.48 0.396 0.389 0.607 0.486 0.637 1.581 0 0 0 0 0 0
1983-05-04T08:30:00 1983 5 4 8 30 0 -0.33 0.68 568.0 8.18 4.03 0.0 0.0 0.0 0 0 1 0 0 0 1 0 3.7 3.76 -19.0 -1.0 -0.7 -1.62 -1.58 -0.73 -0.48 0.412 0.394 0.612 0.496 0.638 1.591 0 0 0 0 0 0
1983-05-04T09:30:00 1983 5 4 9 30 0 -0.33 0.68 568.0 8.09 4.03 0.0 0.0 0.0 0 0 1 1 0 0 1 1 3.7 3.84 -23.0 -1.0 -0.7 -1.62 -1.58 -0.73 -0.48 0.422 0.396 0.617 0.502 0.637 1.586 0 0 0 0 0 0
1983-05-04T10:30:00 1983 5 4 10 30 0 -0.33 0.68 568.0 7.93 4.04 0.0 0.0 0.0 0 0 1 1 1 0 1 1 3.7 3.92 -14.0 -1.0 -0.7 -1.62 -1.58 -0.73 -0.48 0.428 0.396 0.622 0.503 0.634 1.564 0 0 0 0 0 0
1983-05-04T11:30:00 1983 5 4 11 30 0 0.12 0.69 568.0 7.78 4.27 0.0 0.0 0.0 1 0 1 1 1 1 1 1 3.7 3.84 -19.0 -1.0 -0.7 -1.62 -1.58 -0.73 -0.48 0.43 0.394 0.626 0.502 0.629 1.532 0 0 0 0 0 0
1983-05-04T12:30:00 1983 5 4 12 30 0 1.33 0.69 568.0 7.62 4.51 0.04 0.0 0.0 1 0 1 1 1 1 1 1 4.7 3.9 -26.0 -1.0 -0.7 -1.62 -1.58 -0.73 -0.48 0.431 0.391 0.63 0.499 0.625 1.496 0 0 0 0 0 0
1983-05-04T13:30:00 1983 5 4 13 30 0 2.54 0.96 568.0 7.5 4.75 0.27 0.0 0.0 1 1 1 1 1 1 1 1 4.7 3.96 -33.0 -0.51 -0.25 -1.04 -1.01 -0.27 -0.05 0.391 0.325 0.627 0.432 0.475 1.095 0 0 0 0 1 0
1983-05-04T14:30:00 1983 5 4 14 30 0 3.2 2.33 568.0 7.5 4.82 0.46 0.0 0.0 1 1 1 1 1 1 1 1 4.7 4.09 -53.0 2.03 2.08 1.91 1.92 2.08 2.12 0.265 0.161 0.608 0.246 0.15 0.454 0 0 0 0 1 0
1983-05-04T15:30:00 1983 5 4 15 30 0 3.2 2.7 568.0 7.5 4.82 0.44 0.0 0.0 2 2 2 2 2 2 2 2 4.7 4.21 -52.0 2.7 2.7 2.7 2.7 2.7 2.7 0.179 0.08 0.59 0.138 0.048 0.188 0 0 0 0 1 0
1983-05-04T16:30:00 1983 5 4 16 30 0 2.5 2.8 534.0 8.7 4.96 0.29 0.0 0.0 2 2 2 2 2 2 2 2 4.7 4.34 -45.0 2.8 2.8 2.8 2.8 2.8 2.8 0.121 0.04 0.572 0.077 0.015 0.078 0 0 0 0 1 0
1983-05-04T17:30:00 1983 5 4 17 30 0 1.4 2.5 527.0 7.8 4.33 0.1 0.0 0.0 2 2 1 1 1 2 2 1 4.7 4.46 -41.0 2.5 2.5 2.5 2.5 2.5 2.5 0.082 0.02 0.554 0.043 0.005 0.032 0 0 0 0 1 0
1983-05-04T18:30:00 1983 5 4 18 30 0 2.4 1.5 520.0 6.9 3.7 0.14 0.0 0.0 2 2 2 2 2 2 2 2 3.7 4.45 -43.0 1.5 1.5 1.5 1.5 1.5 1.5 0.056 0.01 0.537 0.024 0.002 0.013 0 0 0 0 1 0
1983-05-04T19:30:00 1983 5 4 19 30 0 6.4 2.1 520.0 6.3 3.47 1.32 0.0 0.0 2 2 2 2 2 2 2 2 3.7 4.44 -45.0 2.1 2.1 2.1 2.1 2.1 2.1 0.038 0.005 0.521 0.014 0.0 0.006 0 0 0 0 1 0
1983-05-04T20:30:00 1983 5 4 20 30 0 4.4 -1.9 515.0 7.0 3.92 3.03 1.38 0.95 2 2 2 2 2 2 2 2 3.7 4.31 -40.0 -1.9 -1.9 -1.9 -1.9 -1.9 -1.9 0.118 0.175 0.513 0.104 0.358 0.648 2 2 0 2 2 2
1983-05-04T21:30:00 1983 5 4 21 30 0 0.7 0.0 527.0 7.0 3.9 1.33 2.26 1.58 2 2 2 2 2 2 2 2 3.3 4.13 -33.0 0.0 0.0 0.0 0.0 0.0 0.0 0.162 0.232 0.504 0.124 0.361 0.823 2 2 0 2 2 2
1983-05-04T22:30:00 1983 5 4 22 30 0 2.7 0.9 508.0 6.3 3.28 0.25 0.0 0.0 2 2 2 2 2 2 2 2 3.3 3.96 -26.0 0.9 0.9 0.9 0.9 0.9 0.9 0.11 0.115 0.489 0.069 0.114 0.341 2 2 0 2 2 2
1983-05-04T23:30:00 1983 5 4 23 30 0 2.0 4.6 533.0 5.9 3.38 0.18 0.0 0.0 2 2 2 2 2 2 2 2 3.3 3.78 -25.0 4.6 4.6 4.6 4.6 4.6 4.6 0.074 0.057 0.474 0.039 0.036 0.142 2 2 0 2 2 2
