1983-06-12T00:30:00 1983 6 12 0 30 0 -6.4 -2.9 366.0 11.9 4.8 2.8 4.09 5.8 2 2 2 2 2 2 2 2 3.0 2.41 -4.0 -2.9 -2.9 -2.9 -2.9 -2.9 -2.9 0.441 0.796 0.259 0.367 0.756 2.049 2 2 0 2 2 2
1983-06-12T01:30:00 1983 6 12 1 30 0 -7.2 -1.9 365.0 19.2 5.88 5.47 4.31 6.72 2 2 2 2 2 2 2 2 3.0 2.62 -2.0 -1.9 -1.9 -1.9 -1.9 -1.9 -1.9 0.566 0.953 0.268 0.476 0.857 2.697 2 2 0 2 2 2
1983-06-12T02:30:00 1983 6 12 2 30 0 -7.0 -0.5 370.0 20.1 6.12 4.45 2.1 4.11 2 2 2 2 2 2 2 2 3.0 2.63 -2.0 -0.5 -0.5 -0.5 -0.5 -0.5 -0.5 0.522 0.809 0.267 0.369 0.627 2.552 2 2 0 2 2 2
1983-06-12T03:30:00 1983 6 12 3 30 0 -6.2 -3.6 364.0 20.0 6.12 5.07 3.99 7.99 2 2 2 2 2 2 2 2 3.3 2.67 -7.0 -3.6 -3.6 -3.6 -3.6 -3.6 -3.6 0.672 1.07 0.28 0.568 0.959 3.57 2 2 1 2 2 2
1983-06-12T04:30:00 1983 6 12 4 30 0 -7.6 -3.4 357.0 14.3 3.73 7.05 6.29 10.66 2 2 2 2 2 2 2 2 3.3 2.72 -14.0 -3.4 -3.4 -3.4 -3.4 -3.4 -3.4 0.838 1.27 0.301 0.782 1.109 3.607 2 2 1 2 2 2
1983-06-12T05:30:00 1983 6 12 5 30 0 -9.0 1.0 357.0 16.2 4.69 5.61 2.1 3.11 2 2 2 2 2 2 2 2 3.3 2.88 -15.0 1.0 1.0 1.0 1.0 1.0 1.0 0.662 0.83 0.297 0.517 0.538 2.086 2 2 1 2 2 2
1983-06-12T06:30:00 1983 6 12 6 30 0 -10.2 3.0 354.0 13.7 4.0 4.31 0.0 0.0 2 2 2 2 2 2 2 2 2.3 2.9 -14.0 3.0 3.0 3.0 3.0 3.0 3.0 0.448 0.412 0.288 0.29 0.17 0.865 2 2 1 2 2 2
1983-06-12T07:30:00 1983 6 12 7 30 0 -8.3 3.2 351.0 15.1 4.18 3.31 0.0 0.0 2 2 2 2 2 2 2 2 2.3 2.93 -2.0 3.2 3.2 3.2 3.2 3.2 3.2 0.304 0.205 0.279 0.162 0.054 0.359 2 2 1 2 2 2
1983-06-12T08:30:00 1983 6 12 8 30 0 -2.4 5.9 353.0 22.7 6.14 0.79 0.0 0.0 2 2 2 2 2 2 2 2 2.3 2.84 5.0 5.9 5.9 5.9 5.9 5.9 5.9 0.206 0.102 0.271 0.091 0.017 0.149 2 2 1 2 2 2
1983-06-12T09:30:00 1983 6 12 9 30 0 -3.3 6.5 354.0 24.0 7.8 0.09 0.0 0.0 2 2 2 2 2 2 2 2 3.3 2.88 15.0 6.5 6.5 6.5 6.5 6.5 6.5 0.139 0.05 0.263 0.051 0.005 0.062 2 2 1 2 2 2
1983-06-12T10:30:00 1983 6 12 10 30 0 -10.9 4.0 372.0 27.2 9.55 1.86 0.0 0.0 2 2 2 2 2 2 2 2 3.3 2.92 21.0 4.0 4.0 4.0 4.0 4.0 4.0 0.094 0.025 0.255 0.028 0.002 0.026 2 2 1 2 2 2
1983-06-12T11:30:00 1983 6 12 11 30 0 -8.1 9.9 380.0 24.4 9.08 2.36 0.0 0.0 2 2 2 2 2 2 2 2 3.3 2.93 15.0 9.9 9.9 9.9 9.9 9.9 9.9 0.064 0.012 0.247 0.016 0.001 0.011 2 2 1 2 2 2
1983-06-12T12:30:00 1983 6 12 12 30 0 -3.4 11.5 375.0 28.6 10.53 0.42 0.0 0.0 2 2 2 2 2 2 2 2 3.0 2.89 18.0 11.5 11.5 11.5 11.5 11.5 11.5 0.043 0.006 0.239 0.009 0.0 0.004 2 2 1 2 2 2
1983-06-12T13:30:00 1983 6 12 13 30 0 -3.4 9.4 387.0 28.6 10.53 0.09 0.0 0.0 1 1 1 1 1 1 1 1 3.0 2.86 24.0 9.2 9.25 9.09 9.1 9.25 9.29 0.029 0.003 0.232 0.005 0.0 0.002 2 2 1 2 2 2
1983-06-12T14:30:00 1983 6 12 14 30 0 -2.5 1.63 399.0 28.6 9.83 0.14 0.0 0.0 1 1 1 1 1 1 1 1 3.0 2.94 30.0 0.67 0.92 0.18 0.21 0.89 1.1 0.02 0.002 0.225 0.003 0.0 0.001 2 2 1 2 2 2
1983-06-12T15:30:00 1983 6 12 15 30 0 -0.83 0.16 411.0 24.56 7.62 0.12 0.0 0.0 1 0 1 1 1 1 1 1 3.3 3.07 33.0 -0.95 -0.67 -1.51 -1.48 -0.69 -0.46 0.094 0.144 0.226 0.127 0.204 0.766 0 0 1 0 0 0
1983-06-12T16:30:00 1983 6 12 16 30 0 0.83 0.16 423.0 19.64 5.42 0.01 0.0 0.0 1 0 1 1 1 1 1 1 3.3 3.19 25.0 -0.95 -0.67 -1.51 -1.48 -0.69 -0.46 0.22 0.358 0.235 0.282 0.445 1.82 0 0 1 0 0 0
1983-06-12T17:30:00 1983 6 12 17 30 0 1.46 0.16 435.0 14.72 3.22 0.11 0.0 0.0 0 0 1 1 1 0 1 1 3.3 3.19 25.0 -0.95 -0.67 -1.51 -1.48 -0.69 -0.46 0.293 0.433 0.242 0.353 0.498 1.898 0 0 1 0 0 0
1983-06-12T18:30:00 1983 6 12 18 30 0 1.46 0.15 447.0 9.8 3.13 0.17 0.0 0.0 0 0 1 1 0 0 1 1 3.0 3.15 22.0 -0.95 -0.67 -1.51 -1.48 -0.69 -0.46 0.326 0.432 0.249 0.371 0.479 1.554 0 0 1 0 0 0
1983-06-12T19:30:00 1983 6 12 19 30 0 1.45 0.15 459.0 7.14 3.13 0.18 0.0 0.0 0 0 1 0 0 0 1 0 3.0 3.11 25.0 -0.95 -0.67 -1.51 -1.48 -0.69 -0.46 0.335 0.4 0.254 0.363 0.442 1.163 0 0 1 0 0 0
1983-06-12T20:30:00 1983 6 12 20 30 0 1.45 0.15 471.0 7.14 3.13 0.18 0.0 0.0 0 0 1 0 0 0 1 0 3.0 3.11 29.0 -0.95 -0.67 -1.51 -1.48 -0.69 -0.46 0.338 0.376 0.259 0.355 0.431 0.963 0 0 1 0 0 0
1983-06-12T21:30:00 1983 6 12 21 30 0 1.45 0.15 483.0 7.14 3.13 0.18 0.0 0.0 0 0 1 0 0 0 1 0 3.7 3.2 31.0 -0.95 -0.67 -1.51 -1.48 -0.7 -0.46 0.342 0.365 0.265 0.356 0.442 0.91 0 0 0 0 0 0
1983-06-12T22:30:00 1983 6 12 22 30 0 1.45 0.15 495.0 11.22 3.13 0.19 0.0 0.0 0 0 1 1 0 0 1 1 3.7 3.29 17.0 -0.95 -0.67 -1.51 -1.48 -0.7 -0.46 0.363 0.389 0.273 0.385 0.506 1.215 0 0 0 0 0 0
1983-06-12T23:30:00 1983 6 12 23 30 0 -0.81 0.15 507.0 18.66 3.44 0.04 0.0 0.0 1 0 1 1 1 1 1 1 3.7 3.34 12.0 -0.95 -0.67 -1.51 -1.48 -0.7 -0.46 0.407 0.455 0.286 0.452 0.626 2.188 0 0 0 0 0 0
