1983-12-07T00:30:00 1983 12 7 0 30 0 0.9 -1.8 608.0 4.5 3.24 3.95 7.23 2.96 2 2 2 2 2 2 2 2 3.7 3.65 -24.0 -1.8 -1.8 -1.8 -1.8 -1.8 -1.8 0.659 0.613 0.7 0.672 1.183 1.723 2 2 1 2 2 2
1983-12-07T01:30:00 1983 12 7 1 30 0 2.8 2.6 613.0 4.1 2.96 0.43 0.9 0.4 2 2 2 2 2 2 2 2 3.7 3.7 -23.0 2.6 2.6 2.6 2.6 2.6 2.6 0.465 0.333 0.681 0.39 0.431 0.821 2 2 1 2 2 2
1983-12-07T02:30:00 1983 12 7 2 30 0 4.8 -2.0 604.0 3.5 2.41 2.19 1.58 0.56 2 2 2 2 2 2 2 2 3.7 3.7 -26.0 -2.0 -2.0 -2.0 -2.0 -2.0 -2.0 0.396 0.297 0.669 0.309 0.492 0.743 2 2 1 2 2 2
1983-12-07T03:30:00 1983 12 7 3 30 0 6.0 -1.2 639.0 3.3 2.47 5.6 4.87 1.65 2 2 2 2 2 2 2 2 4.3 3.78 -27.0 -1.2 -1.2 -1.2 -1.2 -1.2 -1.2 0.422 0.37 0.667 0.332 0.721 0.984 2 2 1 2 2 2
1983-12-07T04:30:00 1983 12 7 4 30 0 6.0 -0.91 630.8 3.4 2.48 5.72 3.31 1.11 1 1 1 1 1 1 1 1 4.3 3.86 -24.0 -1.15 -1.1 -1.24 -1.23 -1.1 -1.06 0.412 0.372 0.662 0.313 0.716 1.009 2 1 1 2 1 1
1983-12-07T05:30:00 1983 12 7 5 30 0 4.16 0.19 622.6 3.5 2.52 3.46 1.06 0.37 1 1 1 1 1 1 1 1 4.3 3.93 -14.0 -0.95 -0.72 -1.38 -1.36 -0.75 -0.55 0.392 0.34 0.658 0.315 0.624 0.894 1 1 1 1 1 1
1983-12-07T06:30:00 1983 12 7 6 30 0 2.24 -0.03 614.4 3.6 2.55 1.22 0.01 0.0 1 1 1 1 1 1 1 1 4.0 3.97 -9.0 -1.16 -0.94 -1.6 -1.57 -0.96 -0.77 0.385 0.33 0.657 0.341 0.607 0.849 1 1 1 1 1 1
1983-12-07T07:30:00 1983 12 7 7 30 0 0.4 -2.22 606.2 3.7 2.59 1.01 3.7 1.36 1 1 1 1 1 1 1 1 4.0 4.0 -10.0 -2.46 -2.41 -2.55 -2.54 -2.41 -2.37 0.464 0.442 0.667 0.462 0.891 1.156 1 1 1 1 1 1
1983-12-07T08:30:00 1983 12 7 8 30 0 0.4 -2.8 598.0 3.8 2.6 2.31 7.62 2.86 2 2 2 2 2 2 2 2 4.0 4.04 -16.0 -2.8 -2.8 -2.8 -2.8 -2.8 -2.8 0.575 0.569 0.686 0.608 1.136 1.456 2 2 1 2 2 2
1983-12-07T09:30:00 1983 12 7 9 30 0 0.9 -4.3 606.0 3.7 2.58 4.66 10.88 4.07 2 2 2 2 2 2 2 2 4.0 4.07 -23.0 -4.3 -4.3 -4.3 -4.3 -4.3 -4.3 0.742 0.724 0.725 0.883 1.461 1.785 2 2 1 2 2 2
1983-12-07T10:30:00 1983 12 7 10 30 0 0.9 -3.43 602.0 3.7 2.58 5.23 11.56 4.28 1 1 1 1 1 1 1 1 4.0 4.11 -29.0 -3.67 -3.63 -3.77 -3.76 -3.63 -3.59 0.862 0.801 0.768 1.058 1.551 1.904 1 1 1 1 1 1
1983-12-07T11:30:00 1983 12 7 11 30 0 0.85 -0.22 598.0 3.7 2.69 1.47 5.08 1.88 1 1 1 1 1 1 1 1 4.0 4.07 -26.0 -1.36 -1.13 -1.79 -1.76 -1.15 -0.96 0.797 0.673 0.78 0.893 1.138 1.537 1 1 1 1 1 1
1983-12-07T12:30:00 1983 12 7 12 30 0 0.76 0.39 594.0 4.75 3.02 0.07 0.09 0.04 1 0 1 1 1 1 1 1 4.0 4.04 -21.0 -0.92 -0.65 -1.41 -1.38 -0.68 -0.46 0.663 0.501 0.776 0.672 0.754 1.17 1 1 1 1 1 1
1983-12-07T13:30:00 1983 12 7 13 30 0 0.67 0.39 590.0 6.03 3.36 0.03 0.0 0.0 1 0 1 1 1 1 1 1 4.0 4.0 -25.0 -0.92 -0.65 -1.42 -1.39 -0.68 -0.46 0.568 0.411 0.771 0.546 0.62 1.108 1 0 1 1 0 0
1983-12-07T14:30:00 1983 12 7 14 30 0 0.63 0.39 586.0 7.3 3.7 0.02 0.0 0.0 0 0 1 1 1 0 1 1 4.0 4.0 -20.0 -0.92 -0.65 -1.42 -1.39 -0.68 -0.46 0.512 0.382 0.768 0.49 0.606 1.257 1 0 1 0 0 0
1983-12-07T15:30:00 1983 12 7 15 30 0 0.63 0.39 582.0 8.58 3.71 0.02 0.0 0.0 0 0 1 1 0 0 1 1 4.3 4.04 -26.0 -0.92 -0.66 -1.42 -1.39 -0.68 -0.46 0.483 0.383 0.765 0.471 0.626 1.497 0 0 1 0 0 0
1983-12-07T16:30:00 1983 12 7 16 30 0 0.63 0.38 578.0 9.27 3.71 0.02 0.0 0.0 0 0 1 0 0 0 1 0 4.3 4.08 -25.0 -0.92 -0.66 -1.42 -1.39 -0.68 -0.46 0.468 0.394 0.763 0.467 0.646 1.714 0 0 1 0 0 0
1983-12-07T17:30:00 1983 12 7 17 30 0 0.63 0.38 574.0 8.64 3.7 0.02 0.0 0.0 0 0 1 1 0 0 1 1 4.3 4.12 -27.0 -0.92 -0.66 -1.42 -1.39 -0.68 -0.46 0.456 0.396 0.761 0.461 0.642 1.752 0 0 1 0 0 0
1983-12-07T18:30:00 1983 12 7 18 30 0 0.63 0.38 570.0 7.5 3.69 0.02 0.0 0.0 0 0 1 1 1 0 1 1 4.0 4.11 -32.0 -0.92 -0.66 -1.42 -1.39 -0.68 -0.46 0.441 0.387 0.758 0.447 0.615 1.606 0 0 1 0 0 0
1983-12-07T19:30:00 1983 12 7 19 30 0 0.62 0.38 566.0 6.36 3.36 0.02 0.0 0.0 0 0 1 1 1 0 1 1 4.0 4.11 -29.0 -0.92 -0.66 -1.42 -1.39 -0.68 -0.46 0.422 0.369 0.753 0.425 0.577 1.373 0 0 1 0 0 0
1983-12-07T20:30:00 1983 12 7 20 30 0 0.93 0.38 562.0 5.22 3.03 0.04 0.0 0.0 1 0 1 1 1 1 1 1 4.0 4.11 -28.0 -0.92 -0.66 -1.42 -1.39 -0.68 -0.46 0.4 0.345 0.747 0.398 0.532 1.116 0 0 1 0 0 0
1983-12-07T21:30:00 1983 12 7 21 30 0 1.74 0.38 558.0 4.3 2.7 0.16 0.0 0.0 1 0 1 1 1 1 1 1 3.7 4.07 -29.0 -0.92 -0.66 -1.42 -1.39 -0.68 -0.46 0.376 0.319 0.739 0.37 0.488 0.88 0 0 1 0 0 0
1983-12-07T22:30:00 1983 12 7 22 30 0 2.55 0.1 554.0 4.3 2.6 0.48 0.0 0.0 1 1 1 1 1 1 1 1 3.7 4.03 -33.0 -1.02 -0.8 -1.46 -1.43 -0.82 -0.62 0.363 0.315 0.732 0.352 0.493 0.788 0 0 1 0 1 1
1983-12-07T23:30:00 1983 12 7 23 30 0 3.0 -1.32 550.0 4.3 2.6 1.33 1.84 0.79 1 1 2 2 2 1 2 2 3.7 3.96 -34.0 -1.56 -1.51 -1.65 -1.64 -1.52 -1.47 0.389 0.379 0.726 0.361 0.636 0.943 1 1 1 1 1 1
