1983-11-24T00:30:00 1983 11 24 0 30 0 -0.6 -1.1 351.0 12.2 2.69 0.2 1.3 1.55 2 2 2 2 2 2 2 2 1.3 0.54 0.0 -1.1 -1.1 -1.1 -1.1 -1.1 -1.1 0.104 0.267 0.187 0.068 0.282 0.71 2 2 0 2 2 2
1983-11-24T01:30:00 1983 11 24 1 30 0 -0.7 -1.1 349.0 13.1 3.04 0.31 1.92 2.44 2 2 2 2 2 2 2 2 1.3 0.71 1.0 -1.1 -1.1 -1.1 -1.1 -1.1 -1.1 0.196 0.44 0.187 0.13 0.41 1.103 2 2 0 2 2 2
1983-11-24T02:30:00 1983 11 24 2 30 0 -0.7 -1.8 350.0 14.1 3.14 0.53 2.59 3.54 2 2 2 2 2 2 2 2 1.3 0.78 3.0 -1.8 -1.8 -1.8 -1.8 -1.8 -1.8 0.308 0.622 0.19 0.225 0.557 1.537 2 2 0 2 2 2
1983-11-24T03:30:00 1983 11 24 3 30 0 -1.5 -2.4 351.0 14.2 3.4 1.11 3.72 5.27 2 2 2 2 2 2 2 2 2.7 1.05 6.0 -2.4 -2.4 -2.4 -2.4 -2.4 -2.4 0.448 0.821 0.198 0.363 0.722 1.98 2 2 1 2 2 2
1983-11-24T04:30:00 1983 11 24 4 30 0 -2.5 -0.8 347.0 14.4 3.25 0.99 2.68 3.83 2 2 2 2 2 2 2 2 2.7 1.3 7.0 -0.8 -0.8 -0.8 -0.8 -0.8 -0.8 0.459 0.767 0.2 0.329 0.59 1.815 2 2 1 2 2 2
1983-11-24T05:30:00 1983 11 24 5 30 0 -2.5 -0.59 346.7 14.78 3.25 0.69 1.19 1.74 1 1 1 1 1 1 1 1 2.7 1.6 10.0 -0.83 -0.78 -0.93 -0.92 -0.79 -0.74 0.413 0.641 0.198 0.257 0.454 1.527 2 2 1 2 1 1
1983-11-24T06:30:00 1983 11 24 6 30 0 -1.86 0.21 346.3 16.89 3.75 0.39 0.34 0.51 1 1 1 1 1 1 1 1 2.7 1.9 10.0 -0.96 -0.72 -1.41 -1.38 -0.74 -0.53 0.396 0.58 0.199 0.261 0.412 1.406 2 1 1 1 1 1
1983-11-24T07:30:00 1983 11 24 7 30 0 -0.37 0.36 346.0 19.0 4.49 0.07 0.0 0.0 1 0 1 1 1 1 1 1 2.7 2.19 5.0 -0.98 -0.7 -1.5 -1.47 -0.73 -0.49 0.397 0.556 0.202 0.296 0.407 1.41 1 1 1 1 0 1
1983-11-24T08:30:00 1983 11 24 8 30 0 1.62 0.36 345.7 21.11 5.24 0.04 0.0 0.0 1 0 1 1 1 1 1 1 2.7 2.36 0.0 -0.98 -0.7 -1.5 -1.46 -0.73 -0.49 0.404 0.557 0.205 0.326 0.416 1.523 1 0 1 0 0 0
1983-11-24T09:30:00 1983 11 24 9 30 0 2.86 0.36 345.3 23.22 5.74 0.31 0.0 0.0 1 1 1 1 1 1 1 1 3.0 2.57 -5.0 -0.79 -0.55 -1.24 -1.22 -0.58 -0.37 0.398 0.54 0.208 0.326 0.4 1.592 1 1 1 1 1 1
1983-11-24T10:30:00 1983 11 24 10 30 0 3.3 0.39 345.0 23.6 5.74 0.57 0.0 0.0 1 1 2 2 2 1 2 2 3.0 2.78 6.0 0.15 0.2 0.06 0.06 0.19 0.24 0.305 0.331 0.204 0.217 0.183 0.868 1 1 1 1 1 1
1983-11-24T11:30:00 1983 11 24 11 30 0 3.3 0.4 348.0 26.3 6.6 0.65 0.0 0.0 2 2 2 2 2 2 2 2 3.0 2.82 18.0 0.4 0.4 0.4 0.4 0.4 0.4 0.207 0.164 0.197 0.122 0.058 0.36 1 1 1 1 1 1
1983-11-24T12:30:00 1983 11 24 12 30 0 6.7 -1.3 351.0 20.5 4.96 2.23 0.97 2.11 2 2 2 2 2 2 2 2 2.3 2.76 16.0 -1.3 -1.3 -1.3 -1.3 -1.3 -1.3 0.242 0.364 0.195 0.143 0.323 1.373 1 2 1 1 2 2
1983-11-24T13:30:00 1983 11 24 13 30 0 7.6 -1.0 350.0 21.2 4.91 4.32 1.99 4.16 2 2 2 2 2 2 2 2 2.3 2.71 11.0 -1.0 -1.0 -1.0 -1.0 -1.0 -1.0 0.317 0.565 0.196 0.194 0.492 2.096 2 2 1 2 2 2
1983-11-24T14:30:00 1983 11 24 14 30 0 4.0 -4.4 355.0 21.7 5.06 4.84 5.02 10.8 2 2 2 2 2 2 2 2 2.3 2.66 10.0 -4.4 -4.4 -4.4 -4.4 -4.4 -4.4 0.61 1.09 0.218 0.595 1.034 3.776 2 2 1 2 2 2
1983-11-24T15:30:00 1983 11 24 15 30 0 5.3 0.4 350.0 21.9 4.96 3.0 3.24 7.05 2 2 2 2 2 2 2 2 3.0 2.7 7.0 0.4 0.4 0.4 0.4 0.4 0.4 0.591 0.909 0.223 0.504 0.672 2.932 2 2 1 2 2 2
1983-11-24T16:30:00 1983 11 24 16 30 0 8.6 1.0 365.0 15.8 4.21 2.94 0.0 0.0 2 2 2 2 2 2 2 2 3.0 2.74 5.0 1.0 1.0 1.0 1.0 1.0 1.0 0.4 0.451 0.216 0.282 0.213 1.216 2 2 1 2 2 2
1983-11-24T17:30:00 1983 11 24 17 30 0 7.1 -3.4 372.0 11.1 3.22 5.57 2.7 3.29 2 2 2 2 2 2 2 2 3.0 2.74 5.0 -3.4 -3.4 -3.4 -3.4 -3.4 -3.4 0.469 0.643 0.222 0.376 0.579 1.609 2 2 1 2 2 2
1983-11-24T18:30:00 1983 11 24 18 30 0 6.5 -5.4 389.0 9.4 2.78 8.99 8.56 8.65 2 2 2 2 2 2 2 2 3.3 2.78 -2.0 -5.4 -5.4 -5.4 -5.4 -5.4 -5.4 0.752 1.058 0.257 0.826 1.111 2.244 2 2 1 2 2 2
1983-11-24T19:30:00 1983 11 24 19 30 0 6.7 1.9 401.0 10.1 3.3 5.08 3.48 3.34 2 2 2 2 2 2 2 2 3.3 2.82 -6.0 1.9 1.9 1.9 1.9 1.9 1.9 0.627 0.724 0.26 0.589 0.569 1.38 2 2 1 2 2 2
1983-11-24T20:30:00 1983 11 24 20 30 0 8.4 2.3 406.0 8.4 2.83 2.93 0.0 0.0 2 2 2 2 2 2 2 2 3.3 2.95 -6.0 2.3 2.3 2.3 2.3 2.3 2.3 0.425 0.359 0.252 0.33 0.18 0.573 2 2 1 2 2 2
1983-11-24T21:30:00 1983 11 24 21 30 0 8.1 0.8 400.0 7.8 2.57 3.85 0.0 0.0 2 2 2 2 2 2 2 2 1.7 2.86 -4.0 0.8 0.8 0.8 0.8 0.8 0.8 0.287 0.179 0.244 0.185 0.057 0.237 2 2 1 2 2 2
1983-11-24T22:30:00 1983 11 24 22 30 0 7.3 2.8 405.0 8.1 2.73 3.11 0.0 0.0 2 2 2 2 2 2 2 2 1.7 2.77 -4.0 2.8 2.8 2.8 2.8 2.8 2.8 0.195 0.089 0.237 0.103 0.018 0.099 2 2 1 2 2 2
1983-11-24T23:30:00 1983 11 24 23 30 0 7.0 3.2 402.0 8.4 2.75 2.14 0.0 0.0 2 2 2 2 2 2 2 2 1.7 2.61 -3.0 3.2 3.2 3.2 3.2 3.2 3.2 0.132 0.044 0.229 0.058 0.006 0.041 2 2 1 2 2 2
