1983-12-03T00:30:00 1983 12 3 0 30 0 0.83 0.48 466.4 9.44 3.86 0.03 0.0 0.0 0 0 0 0 0 0 0 0 0.7 1.48 -2.0 -0.85 -0.6 -1.34 -1.31 -0.63 -0.41 0.348 0.372 0.418 0.332 0.447 1.102 0 0 0 0 0 0
1983-12-03T01:30:00 1983 12 3 1 30 0 0.83 0.48 466.3 9.44 3.86 0.03 0.0 0.0 0 0 0 0 0 0 0 0 0.7 1.28 -2.0 -0.85 -0.6 -1.34 -1.31 -0.63 -0.41 0.348 0.372 0.418 0.332 0.446 1.102 0 0 0 0 0 0
1983-12-03T02:30:00 1983 12 3 2 30 0 0.82 0.48 466.3 9.43 3.85 0.03 0.0 0.0 0 0 0 0 0 0 0 0 0.7 1.12 -4.0 -0.85 -0.6 -1.34 -1.31 -0.63 -0.41 0.348 0.372 0.417 0.332 0.446 1.101 0 0 0 0 0 0
1983-12-03T03:30:00 1983 12 3 3 30 0 0.82 0.48 466.2 9.43 3.85 0.03 0.0 0.0 0 0 0 0 0 0 0 0 0.7 0.96 -5.0 -0.85 -0.6 -1.34 -1.31 -0.63 -0.41 0.348 0.372 0.417 0.332 0.446 1.1 0 0 0 0 0 0
1983-12-03T04:30:00 1983 12 3 4 30 0 0.82 0.48 466.1 9.43 3.85 0.03 0.0 0.0 0 0 0 0 0 0 0 0 0.7 0.81 -4.0 -0.86 -0.6 -1.34 -1.31 -0.63 -0.41 0.349 0.372 0.416 0.332 0.446 1.1 0 0 0 0 0 0
1983-12-03T05:30:00 1983 12 3 5 30 0 0.82 0.47 466.1 9.43 3.85 0.03 0.0 0.0 0 0 0 0 0 0 0 0 0.7 0.77 -1.0 -0.86 -0.6 -1.34 -1.31 -0.63 -0.41 0.35 0.371 0.416 0.332 0.446 1.099 0 0 0 0 0 0
1983-12-03T06:30:00 1983 12 3 6 30 0 0.82 0.47 466.0 9.43 3.85 0.03 0.0 0.0 0 0 0 0 0 0 0 0 0.3 0.68 -1.0 -0.86 -0.6 -1.34 -1.31 -0.63 -0.42 0.35 0.371 0.415 0.332 0.446 1.105 0 0 0 0 0 0
1983-12-03T07:30:00 1983 12 3 7 30 0 0.82 0.47 466.0 9.43 3.85 0.03 0.0 0.0 0 0 0 0 0 0 0 0 0.3 0.6 0.0 -0.86 -0.6 -1.34 -1.31 -0.63 -0.42 0.351 0.371 0.415 0.332 0.446 1.109 0 0 0 0 0 0
1983-12-03T08:30:00 1983 12 3 8 30 0 0.81 0.47 464.4 9.43 3.85 0.03 0.0 0.0 0 0 1 0 0 0 1 0 0.3 0.54 3.0 -0.86 -0.61 -1.34 -1.31 -0.63 -0.42 0.351 0.373 0.415 0.331 0.445 1.107 0 0 0 0 0 0
1983-12-03T09:30:00 1983 12 3 9 30 0 0.81 0.47 461.4 9.42 3.84 0.03 0.0 0.0 0 0 1 0 0 0 1 0 0.3 0.49 4.0 -0.86 -0.61 -1.34 -1.31 -0.63 -0.42 0.35 0.374 0.414 0.33 0.441 1.098 0 0 0 0 0 0
1983-12-03T10:30:00 1983 12 3 10 30 0 0.81 0.47 458.3 9.42 3.84 0.03 0.0 0.0 0 0 1 0 0 0 1 0 0.3 0.44 5.0 -0.86 -0.61 -1.34 -1.31 -0.63 -0.42 0.349 0.374 0.413 0.328 0.437 1.083 0 0 0 0 0 0
1983-12-03T11:30:00 1983 12 3 11 30 0 0.81 0.47 455.3 9.42 3.84 0.03 0.0 0.0 0 0 1 0 0 0 1 0 0.3 0.4 6.0 -0.86 -0.61 -1.34 -1.31 -0.63 -0.42 0.348 0.374 0.412 0.326 0.433 1.067 0 0 0 0 0 0
1983-12-03T12:30:00 1983 12 3 12 30 0 0.81 0.47 452.2 9.42 3.84 0.03 0.0 0.0 0 0 1 0 0 0 1 0 1.0 0.44 3.0 -0.86 -0.61 -1.34 -1.32 -0.63 -0.42 0.346 0.374 0.411 0.324 0.428 1.051 0 0 0 0 0 0
1983-12-03T13:30:00 1983 12 3 13 30 0 0.81 0.47 449.2 9.42 3.84 0.03 0.0 0.0 0 0 1 0 0 0 1 0 1.0 0.48 -3.0 -0.86 -0.61 -1.35 -1.32 -0.63 -0.42 0.345 0.373 0.41 0.323 0.424 1.034 0 0 0 0 0 0
1983-12-03T14:30:00 1983 12 3 14 30 0 0.8 0.47 446.2 9.42 3.84 0.03 0.0 0.0 0 0 1 0 0 0 1 0 1.0 0.57 -3.0 -0.86 -0.61 -1.35 -1.32 -0.63 -0.42 0.343 0.373 0.409 0.321 0.419 1.018 0 0 0 0 0 0
1983-12-03T15:30:00 1983 12 3 15 30 0 0.8 0.47 443.1 9.41 3.84 0.03 0.0 0.0 0 0 1 0 0 0 1 0 1.0 0.66 1.0 -0.86 -0.61 -1.35 -1.32 -0.63 -0.42 0.342 0.373 0.407 0.318 0.414 1.001 0 0 0 0 0 0
1983-12-03T16:30:00 1983 12 3 16 30 0 0.8 0.47 440.1 9.41 3.84 0.03 0.0 0.0 0 0 1 0 0 0 1 0 1.0 0.75 1.0 -0.86 -0.61 -1.35 -1.32 -0.63 -0.42 0.34 0.372 0.406 0.316 0.41 0.984 0 0 0 0 0 0
1983-12-03T17:30:00 1983 12 3 17 30 0 0.8 0.46 437.1 9.41 3.83 0.03 0.0 0.0 0 0 1 0 0 0 1 0 1.0 0.83 4.0 -0.86 -0.61 -1.35 -1.32 -0.64 -0.42 0.338 0.372 0.404 0.313 0.408 0.968 0 0 0 0 0 0
1983-12-03T18:30:00 1983 12 3 18 30 0 0.8 0.46 434.1 9.41 3.83 0.03 0.0 0.0 0 0 1 0 0 0 1 0 1.0 0.92 4.0 -0.86 -0.61 -1.35 -1.32 -0.64 -0.42 0.336 0.371 0.402 0.311 0.405 0.952 0 0 0 0 0 0
1983-12-03T19:30:00 1983 12 3 19 30 0 0.79 0.46 431.1 9.41 3.83 0.03 0.0 0.0 0 0 1 0 0 0 1 0 1.0 1.0 1.0 -0.86 -0.61 -1.35 -1.32 -0.64 -0.42 0.334 0.371 0.401 0.308 0.401 0.936 0 0 0 0 0 0
1983-12-03T20:30:00 1983 12 3 20 30 0 0.79 0.46 428.1 9.41 3.83 0.03 0.0 0.0 0 0 1 0 0 0 1 0 1.0 1.0 3.0 -0.86 -0.61 -1.35 -1.32 -0.64 -0.42 0.332 0.37 0.399 0.305 0.396 0.921 0 0 0 0 0 0
1983-12-03T21:30:00 1983 12 3 21 30 0 0.79 0.46 425.1 9.41 3.83 0.03 0.0 0.0 0 0 1 0 0 0 1 0 2.0 1.13 3.0 -0.87 -0.61 -1.35 -1.32 -0.64 -0.42 0.331 0.37 0.396 0.303 0.392 0.905 0 0 0 0 0 0
1983-12-03T22:30:00 1983 12 3 22 30 0 0.79 0.46 422.1 9.4 3.83 0.03 0.0 0.0 0 0 1 0 0 0 1 0 2.0 1.26 7.0 -0.87 -0.61 -1.35 -1.32 -0.64 -0.42 0.33 0.369 0.394 0.3 0.388 0.89 0 0 0 0 0 0
1983-12-03T23:30:00 1983 12 3 23 30 0 0.79 0.46 419.1 9.4 3.83 0.03 0.0 0.0 0 0 1 0 0 0 1 0 2.0 1.39 7.0 -0.87 -0.61 -1.35 -1.32 -0.64 -0.42 0.329 0.369 0.392 0.297 0.383 0.874 0 0 0 0 0 0
