1983-12-04T00:30:00 1983 12 4 0 30 0 0.79 0.46 416.1 9.4 3.82 0.03 0.0 0.0 0 0 1 0 0 0 1 0 0.0 1.25 7.0 -0.87 -0.61 -1.35 -1.32 -0.64 -0.42 0.328 0.368 0.39 0.295 0.379 0.859 0 0 0 0 0 0
1983-12-04T01:30:00 1983 12 4 1 30 0 0.78 0.46 413.1 9.4 3.82 0.03 0.0 0.0 0 0 1 0 0 0 1 0 0.0 1.12 6.0 -0.87 -0.61 -1.35 -1.32 -0.64 -0.42 0.326 0.368 0.387 0.292 0.374 0.845 0 0 0 0 0 0
1983-12-04T02:30:00 1983 12 4 2 30 0 0.78 0.46 410.1 9.4 3.82 0.03 0.0 0.0 0 0 1 0 0 0 1 0 0.0 0.98 2.0 -0.87 -0.61 -1.35 -1.33 -0.64 -0.42 0.324 0.367 0.385 0.29 0.37 0.83 0 0 0 0 0 0
1983-12-04T03:30:00 1983 12 4 3 30 0 0.78 0.46 407.2 9.4 3.82 0.02 0.0 0.0 0 0 1 0 0 0 1 0 1.3 1.02 0.0 -0.87 -0.61 -1.36 -1.33 -0.64 -0.42 0.322 0.367 0.382 0.289 0.366 0.816 0 0 0 0 0 0
1983-12-04T04:30:00 1983 12 4 4 30 0 0.78 0.45 404.2 9.39 3.82 0.02 0.0 0.0 0 0 1 0 0 0 1 0 1.3 1.06 -3.0 -0.87 -0.62 -1.36 -1.33 -0.64 -0.42 0.321 0.367 0.379 0.286 0.362 0.801 0 0 0 0 0 0
1983-12-04T05:30:00 1983 12 4 5 30 0 0.78 0.45 401.2 9.39 3.82 0.02 0.0 0.0 0 0 1 0 0 0 1 0 1.3 0.98 -2.0 -0.87 -0.62 -1.36 -1.33 -0.64 -0.42 0.319 0.368 0.377 0.284 0.357 0.787 0 0 0 0 0 0
1983-12-04T06:30:00 1983 12 4 6 30 0 0.78 0.45 398.3 9.39 3.82 0.02 0.0 0.0 0 0 1 0 0 0 1 0 1.3 0.91 1.0 -0.87 -0.62 -1.36 -1.33 -0.64 -0.42 0.317 0.368 0.374 0.282 0.353 0.773 0 0 0 0 0 0
1983-12-04T07:30:00 1983 12 4 7 30 0 0.77 0.45 395.3 9.39 3.81 0.02 0.0 0.0 0 0 1 0 0 0 1 0 1.3 0.83 3.0 -0.87 -0.62 -1.36 -1.33 -0.64 -0.43 0.315 0.368 0.371 0.279 0.349 0.763 0 0 0 0 0 0
1983-12-04T08:30:00 1983 12 4 8 30 0 0.77 0.45 392.4 9.39 3.81 0.02 0.0 0.0 0 0 1 0 0 0 1 0 1.3 0.99 8.0 -0.87 -0.62 -1.36 -1.33 -0.64 -0.43 0.313 0.368 0.368 0.277 0.345 0.753 0 0 0 0 0 0
1983-12-04T09:30:00 1983 12 4 9 30 0 0.77 0.45 389.4 9.39 3.81 0.02 0.0 0.0 0 0 1 0 0 0 1 0 1.0 1.11 8.0 -0.87 -0.62 -1.36 -1.33 -0.64 -0.43 0.311 0.367 0.365 0.274 0.341 0.741 0 0 0 0 0 0
1983-12-04T10:30:00 1983 12 4 10 30 0 0.77 0.45 386.5 9.39 3.81 0.02 0.0 0.0 0 0 1 0 0 0 1 0 1.0 1.22 10.0 -0.87 -0.62 -1.36 -1.33 -0.64 -0.43 0.31 0.367 0.362 0.271 0.337 0.728 0 0 0 0 0 0
1983-12-04T11:30:00 1983 12 4 11 30 0 0.77 0.45 385.0 9.38 3.81 0.02 0.0 0.0 0 0 1 0 0 0 1 0 1.0 1.18 10.0 -0.87 -0.62 -1.36 -1.33 -0.64 -0.43 0.308 0.367 0.359 0.269 0.333 0.717 0 0 0 0 0 0
1983-12-04T12:30:00 1983 12 4 12 30 0 0.76 0.45 385.0 9.38 3.81 0.02 0.0 0.0 0 0 1 0 0 0 1 0 0.7 1.11 9.0 -0.87 -0.62 -1.36 -1.33 -0.64 -0.43 0.307 0.366 0.356 0.268 0.332 0.712 0 0 0 0 0 0
1983-12-04T13:30:00 1983 12 4 13 30 0 0.76 0.45 385.0 9.38 3.81 0.02 0.0 0.0 0 0 1 0 0 0 1 0 0.7 1.03 8.0 -0.87 -0.62 -1.36 -1.33 -0.65 -0.43 0.306 0.366 0.353 0.267 0.333 0.709 0 0 0 0 0 0
1983-12-04T14:30:00 1983 12 4 14 30 0 0.76 0.45 385.0 9.38 3.81 0.02 0.0 0.0 0 0 1 0 0 0 1 0 0.7 0.96 8.0 -0.87 -0.62 -1.36 -1.33 -0.65 -0.43 0.305 0.366 0.351 0.267 0.334 0.708 0 0 0 0 0 0
1983-12-04T15:30:00 1983 12 4 15 30 0 0.76 0.45 385.0 9.38 3.8 0.02 0.0 0.0 0 0 1 0 0 0 1 0 2.3 1.09 9.0 -0.88 -0.62 -1.36 -1.33 -0.65 -0.43 0.305 0.366 0.348 0.266 0.335 0.708 0 0 0 0 0 0
1983-12-04T16:30:00 1983 12 4 16 30 0 0.76 0.44 385.0 9.38 3.8 0.02 0.0 0.0 0 0 1 0 0 0 1 0 2.3 1.23 6.0 -0.88 -0.62 -1.36 -1.34 -0.65 -0.43 0.306 0.366 0.345 0.267 0.335 0.708 0 0 0 0 0 0
1983-12-04T17:30:00 1983 12 4 17 30 0 0.76 0.44 385.0 9.37 3.8 0.02 0.0 0.0 0 0 1 0 0 0 1 0 2.3 1.39 3.0 -0.88 -0.62 -1.37 -1.34 -0.65 -0.43 0.306 0.366 0.343 0.268 0.335 0.707 0 0 0 0 0 0
1983-12-04T18:30:00 1983 12 4 18 30 0 0.75 0.44 385.0 9.6 3.8 0.02 0.0 0.0 0 0 1 1 0 0 1 1 1.0 1.39 6.0 -0.88 -0.62 -1.37 -1.34 -0.65 -0.43 0.307 0.367 0.341 0.269 0.336 0.716 0 0 0 0 0 0
1983-12-04T19:30:00 1983 12 4 19 30 0 0.75 0.44 385.0 10.02 3.79 0.02 0.0 0.0 0 0 1 1 1 0 1 1 1.0 1.38 10.0 -0.88 -0.62 -1.37 -1.34 -0.65 -0.43 0.309 0.371 0.338 0.271 0.34 0.74 0 0 0 0 0 0
1983-12-04T20:30:00 1983 12 4 20 30 0 1.64 0.44 385.0 10.44 3.69 0.08 0.0 0.0 1 0 1 1 1 1 1 1 1.0 1.41 16.0 -0.88 -0.62 -1.37 -1.34 -0.65 -0.43 0.312 0.377 0.336 0.275 0.346 0.775 0 0 0 0 0 0
1983-12-04T21:30:00 1983 12 4 21 30 0 4.02 0.44 385.0 10.86 3.59 0.58 0.0 0.0 1 0 1 1 1 1 1 1 1.3 1.48 22.0 -0.88 -0.62 -1.37 -1.34 -0.65 -0.43 0.316 0.383 0.335 0.279 0.351 0.814 0 0 0 0 0 0
1983-12-04T22:30:00 1983 12 4 22 30 0 6.4 0.37 385.0 11.2 3.49 1.92 0.0 0.0 1 1 1 1 1 1 1 1 1.3 1.55 24.0 -0.78 -0.55 -1.2 -1.17 -0.58 -0.39 0.313 0.379 0.332 0.269 0.343 0.834 0 0 0 0 1 1
1983-12-04T23:30:00 1983 12 4 23 30 0 7.7 0.0 385.0 11.2 3.46 3.53 0.0 0.0 1 1 1 1 1 1 1 1 1.3 1.43 25.0 -0.24 -0.2 -0.33 -0.33 -0.2 -0.16 0.268 0.313 0.325 0.198 0.254 0.717 0 1 0 1 1 1
