1983-11-16T00:30:00 1983 11 16 0 30 0 -4.3 1.5 639.0 4.8 3.98 1.55 0.0 0.0 2 2 2 2 2 2 2 2 5.0 4.5 -32.0 1.5 1.5 1.5 1.5 1.5 1.5 0.081 0.043 0.523 0.03 0.026 0.147 2 2 2 2 1 2
1983-11-16T01:30:00 1983 11 16 1 30 0 -4.3 1.26 634.9 4.8 3.98 1.5 0.0 0.0 1 1 1 1 1 1 1 1 5.0 4.63 -23.0 1.01 1.07 0.91 0.91 1.06 1.11 0.055 0.022 0.507 0.017 0.008 0.061 2 2 2 2 1 2
1983-11-16T02:30:00 1983 11 16 2 30 0 -3.31 0.36 630.7 4.86 3.98 1.35 0.0 0.0 1 1 1 1 1 1 1 1 5.0 4.67 -29.0 -0.8 -0.53 -1.29 -1.26 -0.56 -0.33 0.08 0.067 0.499 0.079 0.169 0.195 1 1 2 1 1 1
1983-11-16T03:30:00 1983 11 16 3 30 0 -2.11 0.19 626.6 4.95 3.95 0.81 0.0 0.0 1 0 1 1 1 1 1 1 3.3 4.48 -34.0 -1.14 -0.84 -1.71 -1.67 -0.87 -0.6 0.184 0.202 0.507 0.242 0.489 0.722 0 0 2 0 0 0
1983-11-16T04:30:00 1983 11 16 4 30 0 -2.01 0.19 622.4 5.05 3.93 0.48 0.0 0.0 1 0 1 1 1 1 1 1 3.3 4.3 -30.0 -1.14 -0.84 -1.71 -1.67 -0.87 -0.6 0.268 0.285 0.518 0.356 0.623 1.001 0 0 2 0 0 0
1983-11-16T05:30:00 1983 11 16 5 30 0 -3.05 0.28 618.3 5.14 3.9 0.75 0.0 0.0 1 1 1 1 1 1 1 1 3.3 4.17 -30.0 -0.87 -0.6 -1.36 -1.33 -0.63 -0.4 0.305 0.302 0.523 0.382 0.599 1.03 1 1 2 1 1 1
1983-11-16T06:30:00 1983 11 16 6 30 0 -4.0 0.77 614.1 5.2 3.9 1.27 0.0 0.0 1 1 1 1 1 1 1 1 3.7 4.1 -25.0 0.53 0.58 0.43 0.43 0.58 0.63 0.229 0.17 0.511 0.243 0.234 0.485 1 1 2 1 1 1
1983-11-16T07:30:00 1983 11 16 7 30 0 -4.0 0.9 610.0 5.2 3.9 1.45 0.0 0.0 2 2 2 2 2 2 2 2 3.7 4.02 -33.0 0.9 0.9 0.9 0.9 0.9 0.9 0.155 0.084 0.496 0.136 0.074 0.201 1 1 2 1 1 1
1983-11-16T08:30:00 1983 11 16 8 30 0 -3.0 0.7 607.0 5.0 3.8 1.07 0.0 0.0 2 2 2 2 2 2 2 2 3.7 3.86 -29.0 0.7 0.7 0.7 0.7 0.7 0.7 0.105 0.042 0.481 0.076 0.024 0.083 1 1 2 1 1 1
1983-11-16T09:30:00 1983 11 16 9 30 0 -3.2 2.4 608.0 5.0 3.78 0.61 0.0 0.0 2 2 2 2 2 2 2 2 2.7 3.58 -24.0 2.4 2.4 2.4 2.4 2.4 2.4 0.071 0.021 0.466 0.043 0.007 0.035 1 1 2 1 1 1
1983-11-16T10:30:00 1983 11 16 10 30 0 -4.8 0.8 608.0 5.2 4.01 1.26 0.0 0.0 2 2 2 2 2 2 2 2 2.7 3.29 -17.0 0.8 0.8 0.8 0.8 0.8 0.8 0.048 0.01 0.452 0.024 0.002 0.014 1 1 2 1 1 1
1983-11-16T11:30:00 1983 11 16 11 30 0 -0.4 1.15 620.0 5.4 4.26 0.62 0.0 0.0 1 1 1 1 1 1 1 1 2.7 3.22 -16.0 1.15 1.15 1.15 1.15 1.15 1.15 0.033 0.005 0.438 0.013 0.001 0.006 1 1 2 1 1 1
1983-11-16T12:30:00 1983 11 16 12 30 0 4.0 1.5 632.0 5.6 4.51 0.37 0.0 0.0 2 2 2 2 2 2 2 2 3.3 3.22 -15.0 1.5 1.5 1.5 1.5 1.5 1.5 0.022 0.003 0.425 0.007 0.0 0.002 1 1 2 1 1 1
1983-11-16T13:30:00 1983 11 16 13 30 0 2.3 4.6 623.0 5.6 4.4 0.44 0.0 0.0 2 2 2 2 2 2 2 2 3.3 3.22 -14.0 4.6 4.6 4.6 4.6 4.6 4.6 0.015 0.001 0.412 0.004 0.0 0.001 1 1 2 1 1 1
1983-11-16T14:30:00 1983 11 16 14 30 0 2.3 3.79 618.4 5.54 4.36 0.12 0.0 0.0 1 1 1 1 1 1 1 1 3.3 3.17 -20.0 3.54 3.6 3.44 3.44 3.59 3.64 0.01 0.001 0.399 0.002 0.0 0.0 1 1 2 1 1 1
1983-11-16T15:30:00 1983 11 16 15 30 0 -0.03 0.77 613.8 5.48 4.14 0.04 0.0 0.0 1 1 1 1 1 1 1 1 4.7 3.31 -18.0 -0.39 -0.12 -0.87 -0.85 -0.15 0.08 0.023 0.017 0.39 0.03 0.051 0.0 1 1 2 1 1 1
1983-11-16T16:30:00 1983 11 16 16 30 0 -2.47 0.45 609.2 5.42 3.93 0.2 0.0 0.0 1 1 1 1 1 1 1 1 4.7 3.45 -30.0 -0.7 -0.44 -1.19 -1.16 -0.46 -0.23 0.098 0.111 0.391 0.14 0.274 0.299 1 1 2 1 1 1
1983-11-16T17:30:00 1983 11 16 17 30 0 -4.8 1.75 604.6 5.36 3.71 1.12 0.0 0.0 1 1 1 1 1 1 1 1 4.7 3.7 -39.0 1.51 1.57 1.41 1.42 1.56 1.61 0.072 0.055 0.381 0.088 0.087 0.124 1 1 2 1 1 1
1983-11-16T18:30:00 1983 11 16 18 30 0 -4.8 2.1 600.0 5.3 3.67 1.56 0.0 0.0 2 2 2 2 2 2 2 2 4.0 3.86 -35.0 2.1 2.1 2.1 2.1 2.1 2.1 0.048 0.027 0.369 0.049 0.028 0.051 1 1 2 1 1 1
1983-11-16T19:30:00 1983 11 16 19 30 0 -6.2 2.1 611.0 5.1 3.69 2.16 0.0 0.0 2 2 2 2 2 2 2 2 4.0 4.01 -29.0 2.1 2.1 2.1 2.1 2.1 2.1 0.033 0.014 0.358 0.028 0.009 0.021 1 1 2 1 1 1
1983-11-16T20:30:00 1983 11 16 20 30 0 -3.3 -1.6 620.0 5.7 4.29 2.64 1.28 0.72 2 2 2 2 2 2 2 2 4.0 4.09 -27.0 -1.6 -1.6 -1.6 -1.6 -1.6 -1.6 0.104 0.148 0.355 0.101 0.386 0.697 2 2 2 2 2 2
1983-11-16T21:30:00 1983 11 16 21 30 0 -4.1 -2.6 632.0 6.6 5.14 4.28 6.71 4.18 2 2 2 2 2 2 2 2 5.3 4.34 -23.0 -2.6 -2.6 -2.6 -2.6 -2.6 -2.6 0.356 0.474 0.386 0.423 1.148 2.254 2 2 2 2 2 2
1983-11-16T22:30:00 1983 11 16 22 30 0 -3.8 -4.4 631.0 7.0 5.57 7.61 11.29 7.71 2 2 2 2 2 2 2 2 5.3 4.59 -28.0 -4.4 -4.4 -4.4 -4.4 -4.4 -4.4 0.704 0.825 0.459 0.98 1.888 3.837 2 2 2 2 2 2
1983-11-16T23:30:00 1983 11 16 23 30 0 -4.3 -1.9 645.0 5.8 4.83 6.67 9.71 6.24 2 2 2 2 2 2 2 2 5.3 4.67 -37.0 -1.9 -1.9 -1.9 -1.9 -1.9 -1.9 0.819 0.855 0.504 1.025 1.729 3.743 2 2 2 2 2 2
