1983-04-07T00:30:00 1983 4 7 0 30 0 -0.58 -0.58 516.7 6.66 3.04 0.17 1.5 1.0 0 0 0 0 0 0 0 0 3.7 4.14 -9.0 -1.35 -1.06 -1.85 -1.82 -1.09 -0.81 0.493 0.472 0.644 0.501 0.665 1.287 0 0 0 0 0 0
1983-04-07T01:30:00 1983 4 7 1 30 0 -0.58 -0.58 516.7 6.66 3.04 0.17 1.5 1.0 0 0 0 0 0 0 0 0 3.7 4.06 -10.0 -1.35 -1.06 -1.85 -1.82 -1.09 -0.81 0.493 0.472 0.645 0.5 0.666 1.288 0 0 0 0 0 0
1983-04-07T02:30:00 1983 4 7 2 30 0 -0.58 -0.58 516.7 6.67 3.05 0.17 1.5 1.0 0 0 0 0 0 0 0 0 3.7 3.94 -13.0 -1.35 -1.06 -1.85 -1.82 -1.09 -0.81 0.493 0.472 0.647 0.499 0.666 1.29 0 0 0 0 0 0
1983-04-07T03:30:00 1983 4 7 3 30 0 -0.58 -0.58 516.7 6.68 3.05 0.17 1.5 1.0 0 0 0 0 0 0 0 0 4.3 3.9 -15.0 -1.35 -1.06 -1.85 -1.82 -1.09 -0.81 0.493 0.472 0.648 0.499 0.666 1.292 0 0 0 0 0 0
1983-04-07T04:30:00 1983 4 7 4 30 0 -0.58 -0.58 516.8 6.69 3.05 0.17 1.5 1.0 0 0 0 0 0 0 0 0 4.3 3.86 -17.0 -1.35 -1.06 -1.85 -1.82 -1.09 -0.81 0.494 0.473 0.649 0.499 0.667 1.294 0 0 0 0 0 0
1983-04-07T05:30:00 1983 4 7 5 30 0 -0.58 -0.57 519.8 6.69 3.06 0.17 1.49 1.0 0 0 1 0 0 0 1 0 4.3 3.93 -22.0 -1.35 -1.05 -1.85 -1.82 -1.09 -0.81 0.494 0.472 0.65 0.501 0.67 1.303 0 0 0 0 0 0
1983-04-07T06:30:00 1983 4 7 6 30 0 -0.58 -0.57 525.8 6.7 3.06 0.17 1.49 1.0 0 0 1 0 0 0 1 0 3.7 3.93 -19.0 -1.35 -1.05 -1.85 -1.82 -1.09 -0.81 0.496 0.472 0.652 0.504 0.679 1.326 0 0 0 0 0 0
1983-04-07T07:30:00 1983 4 7 7 30 0 -0.58 -0.57 531.9 6.71 3.06 0.17 1.51 1.01 0 0 1 0 0 0 1 0 3.7 3.93 -12.0 -1.35 -1.05 -1.85 -1.82 -1.08 -0.81 0.499 0.472 0.654 0.509 0.688 1.359 0 0 0 0 0 0
1983-04-07T08:30:00 1983 4 7 8 30 0 -0.59 -0.57 537.9 6.71 3.06 0.17 1.53 1.02 0 0 1 0 0 0 1 0 3.7 3.92 -10.0 -1.35 -1.05 -1.85 -1.82 -1.08 -0.81 0.502 0.473 0.657 0.516 0.699 1.396 0 0 0 0 0 0
1983-04-07T09:30:00 1983 4 7 9 30 0 -0.59 -0.57 543.9 6.72 3.07 0.17 1.54 1.04 0 0 1 0 0 0 1 0 5.3 4.13 -6.0 -1.34 -1.05 -1.85 -1.82 -1.08 -0.81 0.505 0.474 0.66 0.522 0.711 1.435 0 0 0 0 0 0
1983-04-07T10:30:00 1983 4 7 10 30 0 -0.59 -0.57 549.9 6.73 3.07 0.18 1.56 1.05 0 0 1 0 0 0 1 0 5.3 4.33 -15.0 -1.34 -1.05 -1.85 -1.82 -1.08 -0.81 0.509 0.475 0.664 0.53 0.724 1.475 0 0 0 0 0 0
1983-04-07T11:30:00 1983 4 7 11 30 0 -0.59 -0.57 555.9 6.74 3.07 0.18 1.58 1.06 0 0 1 0 0 0 1 0 5.3 4.46 -21.0 -1.34 -1.05 -1.84 -1.82 -1.08 -0.81 0.512 0.476 0.668 0.537 0.737 1.517 0 0 0 0 0 0
1983-04-07T12:30:00 1983 4 7 12 30 0 -0.59 -0.56 562.0 6.74 3.07 0.18 1.58 1.06 0 0 1 0 0 0 1 0 5.3 4.59 -27.0 -1.34 -1.05 -1.84 -1.82 -1.08 -0.81 0.516 0.478 0.673 0.545 0.75 1.559 0 0 0 0 0 0
1983-04-07T13:30:00 1983 4 7 13 30 0 -0.59 -0.56 568.0 6.75 3.08 0.18 1.58 1.07 0 0 1 0 0 0 1 0 5.3 4.72 -25.0 -1.34 -1.05 -1.84 -1.81 -1.08 -0.8 0.521 0.479 0.678 0.551 0.764 1.598 0 0 0 0 0 0
1983-04-07T14:30:00 1983 4 7 14 30 0 -0.59 -0.56 574.0 6.76 3.08 0.18 1.6 1.08 0 0 1 0 0 0 1 0 5.3 4.92 -19.0 -1.34 -1.05 -1.84 -1.81 -1.08 -0.8 0.525 0.48 0.683 0.557 0.777 1.638 0 0 0 0 0 0
1983-04-07T15:30:00 1983 4 7 15 30 0 -0.59 -0.56 580.0 6.76 3.08 0.18 1.62 1.09 0 0 1 0 0 0 1 0 4.0 4.94 -22.0 -1.34 -1.05 -1.84 -1.81 -1.08 -0.8 0.53 0.481 0.69 0.564 0.791 1.68 0 0 0 0 0 0
1983-04-07T16:30:00 1983 4 7 16 30 0 -0.59 -0.56 586.0 6.77 3.08 0.18 1.63 1.1 0 0 1 0 0 0 1 0 4.0 4.96 -24.0 -1.34 -1.05 -1.84 -1.81 -1.08 -0.8 0.534 0.482 0.696 0.572 0.804 1.724 0 0 0 0 0 0
1983-04-07T17:30:00 1983 4 7 17 30 0 -0.59 -0.56 592.0 6.78 3.09 0.19 1.65 1.12 0 0 1 0 0 0 1 0 4.0 4.8 -28.0 -1.34 -1.05 -1.84 -1.81 -1.08 -0.8 0.539 0.483 0.703 0.579 0.818 1.77 0 0 0 0 0 0
1983-04-07T18:30:00 1983 4 7 18 30 0 -0.59 -0.55 598.0 6.78 3.09 0.18 1.65 1.12 0 0 1 0 0 0 1 0 4.0 4.63 -32.0 -1.34 -1.05 -1.84 -1.81 -1.08 -0.8 0.543 0.484 0.711 0.587 0.832 1.815 0 0 0 0 0 0
1983-04-07T19:30:00 1983 4 7 19 30 0 -0.59 -0.55 604.1 6.79 3.09 0.18 1.65 1.12 0 0 1 0 0 0 1 0 4.0 4.47 -24.0 -1.34 -1.04 -1.84 -1.81 -1.08 -0.8 0.548 0.484 0.719 0.594 0.846 1.862 0 0 0 0 0 0
1983-04-07T20:30:00 1983 4 7 20 30 0 -0.59 -0.55 610.1 6.8 3.1 0.19 1.67 1.13 0 0 1 0 0 0 1 0 4.0 4.31 -19.0 -1.34 -1.04 -1.84 -1.81 -1.08 -0.8 0.553 0.484 0.727 0.602 0.86 1.91 0 0 0 0 0 0
1983-04-07T21:30:00 1983 4 7 21 30 0 -0.59 -0.55 616.1 6.81 3.1 0.19 1.69 1.15 0 0 1 0 0 0 1 0 4.3 4.19 -20.0 -1.34 -1.04 -1.84 -1.81 -1.07 -0.8 0.558 0.485 0.736 0.61 0.871 1.96 0 0 0 0 0 0
1983-04-07T22:30:00 1983 4 7 22 30 0 -0.59 -0.55 622.1 6.81 3.1 0.19 1.7 1.16 0 0 1 0 0 0 1 0 4.3 4.08 -19.0 -1.34 -1.04 -1.84 -1.81 -1.07 -0.8 0.562 0.486 0.745 0.618 0.883 2.009 0 0 0 0 0 0
1983-04-07T23:30:00 1983 4 7 23 30 0 -0.59 -0.55 628.1 6.82 3.1 0.19 1.72 1.17 0 0 1 0 0 0 1 0 4.3 4.12 -22.0 -1.33 -1.04 -1.84 -1.81 -1.07 -0.8 0.566 0.487 0.755 0.626 0.897 2.058 0 0 0 0 0 0
