1983-09-03T00:30:00 1983 9 3 0 30 0 -1.35 0.56 497.0 7.0 2.49 0.11 0.0 0.0 0 0 1 0 0 0 1 0 2.0 2.11 -2.0 -0.63 -0.43 -1.0 -0.98 -0.45 -0.29 0.253 0.262 0.268 0.22 0.349 0.735 0 0 1 0 0 0
1983-09-03T01:30:00 1983 9 3 1 30 0 -1.35 0.56 494.6 7.0 2.5 0.11 0.0 0.0 0 0 1 0 0 0 1 0 2.0 2.11 3.0 -0.63 -0.43 -1.0 -0.98 -0.45 -0.29 0.253 0.262 0.268 0.219 0.346 0.727 0 0 0 0 0 0
1983-09-03T02:30:00 1983 9 3 2 30 0 -1.35 0.56 492.2 7.0 2.5 0.11 0.0 0.0 0 0 1 0 0 0 1 0 2.0 2.11 4.0 -0.63 -0.44 -1.0 -0.98 -0.45 -0.29 0.252 0.263 0.269 0.218 0.343 0.718 0 0 0 0 0 0
1983-09-03T03:30:00 1983 9 3 3 30 0 -1.35 0.56 489.8 7.0 2.5 0.11 0.0 0.0 0 0 1 0 0 0 1 0 2.3 2.15 2.0 -0.63 -0.44 -1.01 -0.98 -0.46 -0.29 0.251 0.264 0.269 0.216 0.343 0.71 0 0 0 0 0 0
1983-09-03T04:30:00 1983 9 3 4 30 0 -1.35 0.56 487.4 7.0 2.5 0.11 0.0 0.0 0 0 1 0 0 0 1 0 2.3 2.19 -1.0 -0.63 -0.44 -1.01 -0.98 -0.46 -0.29 0.25 0.265 0.269 0.215 0.342 0.702 0 0 0 0 0 0
1983-09-03T05:30:00 1983 9 3 5 30 0 -1.35 0.56 485.0 7.0 2.5 0.11 0.0 0.0 0 0 1 0 0 0 1 0 2.3 2.19 0.0 -0.63 -0.44 -1.01 -0.98 -0.46 -0.29 0.249 0.265 0.269 0.214 0.34 0.693 0 0 0 0 0 0
1983-09-03T06:30:00 1983 9 3 6 30 0 -1.35 0.56 482.6 6.99 2.5 0.11 0.0 0.0 0 0 1 0 0 0 1 0 2.3 2.19 -1.0 -0.63 -0.44 -1.01 -0.98 -0.46 -0.29 0.248 0.265 0.269 0.212 0.338 0.685 0 0 0 0 0 0
1983-09-03T07:30:00 1983 9 3 7 30 0 -1.35 0.56 480.3 6.99 2.5 0.11 0.0 0.0 0 0 1 0 0 0 1 0 2.3 2.19 -2.0 -0.63 -0.44 -1.01 -0.98 -0.46 -0.29 0.247 0.265 0.269 0.211 0.335 0.676 0 0 0 0 0 0
1983-09-03T08:30:00 1983 9 3 8 30 0 -1.35 0.56 477.9 6.99 2.5 0.11 0.0 0.0 0 0 1 0 0 0 1 0 2.3 2.23 0.0 -0.63 -0.44 -1.01 -0.98 -0.46 -0.29 0.246 0.264 0.269 0.21 0.332 0.668 0 0 0 0 0 0
1983-09-03T09:30:00 1983 9 3 9 30 0 -1.35 0.56 475.5 6.99 2.5 0.11 0.0 0.0 0 0 1 0 0 0 1 0 0.7 2.05 3.0 -0.63 -0.44 -1.01 -0.99 -0.46 -0.29 0.245 0.264 0.268 0.209 0.33 0.66 0 0 0 0 0 0
1983-09-03T10:30:00 1983 9 3 10 30 0 -1.35 0.56 473.1 6.99 2.5 0.1 0.0 0.0 0 0 1 0 0 0 1 0 0.7 1.88 5.0 -0.63 -0.44 -1.01 -0.99 -0.46 -0.29 0.244 0.264 0.268 0.209 0.327 0.652 0 0 0 0 0 0
1983-09-03T11:30:00 1983 9 3 11 30 0 -1.35 0.56 470.8 6.99 2.5 0.1 0.0 0.0 0 0 1 0 0 0 1 0 0.7 1.68 5.0 -0.63 -0.44 -1.01 -0.99 -0.46 -0.29 0.243 0.264 0.268 0.208 0.325 0.645 0 0 0 0 0 0
1983-09-03T12:30:00 1983 9 3 12 30 0 -1.35 0.56 468.4 6.99 2.5 0.1 0.0 0.0 0 0 1 0 0 0 1 0 1.3 1.56 10.0 -0.63 -0.44 -1.01 -0.99 -0.46 -0.29 0.242 0.263 0.267 0.207 0.322 0.637 0 0 0 0 0 0
1983-09-03T13:30:00 1983 9 3 13 30 0 -1.35 0.56 466.0 6.99 2.5 0.1 0.0 0.0 0 0 1 0 0 0 1 0 1.3 1.44 11.0 -0.63 -0.44 -1.01 -0.99 -0.46 -0.29 0.241 0.263 0.267 0.206 0.319 0.629 0 0 0 0 0 0
1983-09-03T14:30:00 1983 9 3 14 30 0 -1.35 0.56 463.7 6.98 2.5 0.1 0.0 0.0 0 0 1 0 0 0 1 0 1.3 1.32 11.0 -0.63 -0.44 -1.01 -0.99 -0.46 -0.29 0.24 0.263 0.266 0.205 0.317 0.621 0 0 0 0 0 0
1983-09-03T15:30:00 1983 9 3 15 30 0 -1.35 0.56 461.3 6.98 2.5 0.1 0.0 0.0 0 0 1 0 0 0 1 0 1.3 1.2 10.0 -0.63 -0.44 -1.01 -0.99 -0.46 -0.29 0.239 0.263 0.265 0.203 0.314 0.613 0 0 0 0 0 0
1983-09-03T16:30:00 1983 9 3 16 30 0 -1.35 0.56 458.9 6.98 2.5 0.1 0.0 0.0 0 0 1 0 0 0 1 0 1.3 1.08 9.0 -0.63 -0.44 -1.01 -0.99 -0.46 -0.29 0.238 0.262 0.264 0.202 0.311 0.606 0 0 0 0 0 0
1983-09-03T17:30:00 1983 9 3 17 30 0 -1.35 0.56 456.6 6.98 2.5 0.1 0.0 0.0 0 0 1 0 0 0 1 0 1.3 1.16 8.0 -0.63 -0.44 -1.01 -0.99 -0.46 -0.29 0.237 0.262 0.263 0.201 0.309 0.598 0 0 0 0 0 0
1983-09-03T18:30:00 1983 9 3 18 30 0 -1.35 0.56 455.4 6.98 2.5 0.1 0.0 0.0 0 0 0 0 0 0 0 0 1.0 1.19 6.0 -0.63 -0.44 -1.01 -0.99 -0.46 -0.3 0.236 0.262 0.263 0.2 0.307 0.596 0 0 0 0 0 0
1983-09-03T19:30:00 1983 9 3 19 30 0 -1.35 0.56 455.5 6.98 2.5 0.1 0.0 0.0 0 0 0 0 0 0 0 0 1.0 1.22 6.0 -0.63 -0.44 -1.01 -0.99 -0.46 -0.3 0.235 0.262 0.262 0.199 0.306 0.597 0 0 0 0 0 0
1983-09-03T20:30:00 1983 9 3 20 30 0 -1.35 0.56 455.5 6.98 2.5 0.1 0.0 0.0 0 0 0 0 0 0 0 0 1.0 1.18 7.0 -0.63 -0.44 -1.01 -0.99 -0.46 -0.3 0.235 0.262 0.261 0.199 0.306 0.598 0 0 0 0 0 0
1983-09-03T21:30:00 1983 9 3 21 30 0 -1.35 0.56 455.6 6.98 2.5 0.1 0.0 0.0 0 0 0 0 0 0 0 0 0.3 1.05 6.0 -0.63 -0.44 -1.01 -0.99 -0.46 -0.3 0.235 0.262 0.26 0.198 0.306 0.598 0 0 0 0 0 0
1983-09-03T22:30:00 1983 9 3 22 30 0 -1.35 0.56 455.6 6.98 2.5 0.1 0.0 0.0 0 0 0 0 0 0 0 0 0.3 0.93 4.0 -0.63 -0.44 -1.01 -0.99 -0.46 -0.3 0.234 0.262 0.259 0.198 0.306 0.598 0 0 0 0 0 0
1983-09-03T23:30:00 1983 9 3 23 30 0 -1.35 0.56 455.6 6.97 2.5 0.1 0.0 0.0 0 0 0 0 0 0 0 0 0.3 0.8 1.0 -0.64 -0.44 -1.01 -0.99 -0.46 -0.3 0.235 0.262 0.258 0.198 0.306 0.598 0 0 0 0 0 0
