1983-03-11T00:30:00 1983 3 11 0 30 0 4.78 -0.43 419.0 10.89 3.66 3.35 2.54 2.99 1 1 1 1 1 1 1 1 2.7 2.65 2.0 -1.48 -1.21 -1.98 -1.95 -1.24 -0.98 0.496 0.73 0.266 0.502 0.795 2.205 1 1 1 1 1 1
1983-03-11T01:30:00 1983 3 11 1 30 0 2.52 -0.11 419.0 9.4 2.97 1.24 0.54 0.55 1 0 1 1 1 1 1 1 2.7 2.77 2.0 -1.32 -1.0 -1.88 -1.85 -1.03 -0.74 0.496 0.638 0.273 0.489 0.633 1.674 1 1 1 1 0 1
1983-03-11T02:30:00 1983 3 11 2 30 0 0.26 -0.11 419.0 7.91 2.94 0.21 0.23 0.2 1 0 1 1 0 1 1 1 2.7 2.69 5.0 -1.32 -1.0 -1.88 -1.85 -1.03 -0.74 0.48 0.562 0.279 0.464 0.543 1.278 0 0 1 0 0 0
1983-03-11T03:30:00 1983 3 11 3 30 0 -0.6 -0.11 419.0 7.11 2.94 0.02 0.23 0.17 0 0 1 0 0 0 1 0 1.7 2.49 8.0 -1.32 -1.0 -1.88 -1.85 -1.03 -0.74 0.463 0.509 0.284 0.44 0.498 1.025 0 0 1 0 0 0
1983-03-11T04:30:00 1983 3 11 4 30 0 -0.6 -0.11 419.0 7.11 2.94 0.04 0.23 0.16 0 0 1 0 0 0 1 0 1.7 2.29 7.0 -1.32 -1.0 -1.88 -1.85 -1.03 -0.74 0.449 0.48 0.289 0.424 0.479 0.898 0 0 1 0 0 0
1983-03-11T05:30:00 1983 3 11 5 30 0 -0.6 -0.11 419.0 7.11 2.94 0.04 0.23 0.16 0 0 1 0 0 0 1 0 1.7 2.22 4.0 -1.32 -1.0 -1.88 -1.85 -1.03 -0.74 0.439 0.465 0.294 0.414 0.473 0.846 0 0 1 0 0 0
1983-03-11T06:30:00 1983 3 11 6 30 0 -0.6 -0.11 419.0 7.11 2.94 0.04 0.23 0.16 0 0 1 0 0 0 1 0 2.0 2.18 5.0 -1.32 -1.0 -1.88 -1.85 -1.03 -0.74 0.433 0.458 0.298 0.409 0.471 0.824 0 0 1 0 0 0
1983-03-11T07:30:00 1983 3 11 7 30 0 -0.6 -0.11 419.0 7.11 2.94 0.04 0.23 0.16 0 0 1 0 0 0 1 0 2.0 2.14 7.0 -1.32 -1.0 -1.88 -1.85 -1.03 -0.74 0.429 0.454 0.302 0.406 0.47 0.815 0 0 1 0 0 0
1983-03-11T08:30:00 1983 3 11 8 30 0 -0.6 -0.11 419.0 7.11 2.94 0.04 0.23 0.16 0 0 1 0 0 0 1 0 2.0 2.06 12.0 -1.32 -1.0 -1.88 -1.85 -1.03 -0.74 0.426 0.452 0.307 0.405 0.47 0.811 0 0 1 0 0 0
1983-03-11T09:30:00 1983 3 11 9 30 0 -0.6 -0.11 419.0 7.11 2.94 0.04 0.23 0.16 0 0 1 0 0 0 1 0 3.3 2.14 6.0 -1.32 -1.0 -1.88 -1.85 -1.03 -0.74 0.424 0.452 0.311 0.404 0.47 0.81 0 0 1 0 0 0
1983-03-11T10:30:00 1983 3 11 10 30 0 -0.6 -0.11 420.2 7.11 2.94 0.04 0.23 0.16 0 0 1 0 0 0 1 0 3.3 2.23 -14.0 -1.32 -1.0 -1.88 -1.85 -1.03 -0.74 0.423 0.451 0.315 0.404 0.471 0.811 0 0 1 0 0 0
1983-03-11T11:30:00 1983 3 11 11 30 0 -0.6 -0.1 422.7 7.11 2.94 0.04 0.22 0.16 0 0 1 0 0 0 1 0 3.3 2.43 -16.0 -1.32 -1.0 -1.89 -1.85 -1.03 -0.74 0.422 0.451 0.319 0.405 0.474 0.818 0 0 0 0 0 0
1983-03-11T12:30:00 1983 3 11 12 30 0 -0.6 -0.1 425.2 7.11 2.94 0.04 0.21 0.15 0 0 1 0 0 0 1 0 4.0 2.72 -13.0 -1.32 -1.0 -1.89 -1.85 -1.03 -0.74 0.423 0.451 0.323 0.407 0.478 0.827 0 0 0 0 0 0
1983-03-11T13:30:00 1983 3 11 13 30 0 -0.6 -0.1 427.7 7.11 2.94 0.04 0.21 0.15 0 0 1 0 0 0 1 0 4.0 3.01 -8.0 -1.32 -1.0 -1.89 -1.85 -1.03 -0.74 0.424 0.452 0.327 0.409 0.483 0.838 0 0 0 0 0 0
1983-03-11T14:30:00 1983 3 11 14 30 0 -0.6 -0.1 430.2 7.11 2.94 0.04 0.21 0.15 0 0 1 0 0 0 1 0 4.0 3.26 -6.0 -1.32 -1.0 -1.89 -1.85 -1.03 -0.74 0.425 0.452 0.332 0.412 0.487 0.849 0 0 0 0 0 0
1983-03-11T15:30:00 1983 3 11 15 30 0 -0.6 -0.1 432.7 7.11 2.94 0.04 0.22 0.15 0 0 1 0 0 0 1 0 2.3 3.28 -5.0 -1.32 -1.0 -1.89 -1.85 -1.03 -0.74 0.427 0.453 0.336 0.415 0.492 0.861 0 0 0 0 0 0
1983-03-11T16:30:00 1983 3 11 16 30 0 -0.6 -0.1 435.1 7.1 2.94 0.04 0.22 0.15 0 0 1 0 0 0 1 0 2.3 3.3 -8.0 -1.32 -1.0 -1.89 -1.85 -1.03 -0.74 0.428 0.453 0.34 0.418 0.496 0.872 0 0 0 0 0 0
1983-03-11T17:30:00 1983 3 11 17 30 0 -0.6 -0.1 437.6 7.1 2.94 0.04 0.22 0.15 0 0 1 0 0 0 1 0 2.3 3.17 -12.0 -1.32 -1.0 -1.89 -1.85 -1.03 -0.74 0.43 0.453 0.345 0.42 0.5 0.884 0 0 0 0 0 0
1983-03-11T18:30:00 1983 3 11 18 30 0 -0.6 -0.1 440.1 7.1 2.94 0.04 0.22 0.16 0 0 1 0 0 0 1 0 4.3 3.31 -22.0 -1.32 -1.0 -1.89 -1.85 -1.03 -0.74 0.432 0.454 0.349 0.423 0.505 0.896 0 0 0 0 0 0
1983-03-11T19:30:00 1983 3 11 19 30 0 -0.6 -0.1 442.6 7.1 2.94 0.04 0.22 0.16 0 0 1 0 0 0 1 0 4.3 3.44 -33.0 -1.32 -1.0 -1.89 -1.85 -1.03 -0.74 0.434 0.454 0.354 0.426 0.51 0.908 0 0 0 0 0 0
1983-03-11T20:30:00 1983 3 11 20 30 0 -0.6 -0.1 445.1 7.1 2.94 0.04 0.22 0.16 0 0 1 0 0 0 1 0 4.3 3.48 -43.0 -1.32 -1.0 -1.89 -1.85 -1.03 -0.74 0.435 0.455 0.359 0.429 0.514 0.92 0 0 0 0 0 0
1983-03-11T21:30:00 1983 3 11 21 30 0 -0.6 -0.1 447.6 7.1 2.94 0.05 0.22 0.16 0 0 1 0 0 0 1 0 6.0 3.75 -38.0 -1.32 -1.0 -1.89 -1.85 -1.03 -0.74 0.437 0.455 0.363 0.432 0.519 0.933 0 0 0 0 0 0
1983-03-11T22:30:00 1983 3 11 22 30 0 -0.6 -0.1 450.0 7.1 2.94 0.05 0.22 0.16 0 0 1 0 0 0 1 0 6.0 4.02 -49.0 -1.32 -1.0 -1.89 -1.85 -1.03 -0.74 0.439 0.456 0.368 0.435 0.523 0.945 0 0 0 0 0 0
1983-03-11T23:30:00 1983 3 11 23 30 0 -0.6 -0.1 452.5 7.1 2.94 0.05 0.23 0.16 0 0 1 0 0 0 1 0 6.0 4.48 -73.0 -1.32 -1.0 -1.89 -1.85 -1.03 -0.74 0.441 0.456 0.373 0.438 0.528 0.958 0 0 0 0 0 0
