2000-02-07T00:30:00 2000 2 7 0 30 0 -0.1 -1.2 620.0 4.0 2.81 4.13 9.03 4.17 2 2 2 2 2 2 2 2 5.3 4.73 -39.0 -1.2 -1.2 -1.2 -1.2 -1.2 -1.2 1.007 0.844 0.874 1.142 1.464 2.525 2 2 2 2 2 2
2000-02-07T01:30:00 2000 2 7 1 30 0 2.2 -0.1 634.0 4.1 3.03 0.47 1.89 0.76 2 2 2 2 2 2 2 2 5.3 4.97 -39.0 -0.1 -0.1 -0.1 -0.1 -0.1 -0.1 0.742 0.523 0.853 0.681 0.709 1.475 2 2 2 2 2 2
2000-02-07T02:30:00 2000 2 7 2 30 0 2.0 1.4 637.0 3.9 2.95 0.39 0.0 0.0 2 2 2 2 2 2 2 2 5.3 5.04 -44.0 1.4 1.4 1.4 1.4 1.4 1.4 0.503 0.26 0.827 0.382 0.224 0.612 2 2 2 2 2 2
2000-02-07T03:30:00 2000 2 7 3 30 0 0.6 -0.1 630.0 4.0 2.95 0.12 0.03 0.01 2 2 2 2 2 2 2 2 3.7 4.91 -40.0 -0.1 -0.1 -0.1 -0.1 -0.1 -0.1 0.345 0.142 0.801 0.215 0.107 0.324 2 2 2 2 2 2
2000-02-07T04:30:00 2000 2 7 4 30 0 0.8 1.1 641.0 3.6 2.77 0.03 0.0 0.0 2 2 2 2 2 2 2 2 3.7 4.77 -40.0 1.1 1.1 1.1 1.1 1.1 1.1 0.233 0.07 0.777 0.121 0.034 0.134 2 2 2 2 2 2
2000-02-07T05:30:00 2000 2 7 5 30 0 2.9 3.0 639.0 3.2 2.45 0.16 0.0 0.0 2 2 2 2 2 2 2 2 3.7 4.61 -36.0 3.0 3.0 3.0 3.0 3.0 3.0 0.158 0.035 0.753 0.067 0.011 0.056 2 2 2 2 2 2
2000-02-07T06:30:00 2000 2 7 6 30 0 -0.6 -1.2 624.0 3.4 2.45 0.17 0.7 0.24 2 2 2 2 2 2 2 2 3.7 4.44 -38.0 -1.2 -1.2 -1.2 -1.2 -1.2 -1.2 0.15 0.093 0.734 0.078 0.219 0.285 2 2 2 2 2 2
2000-02-07T07:30:00 2000 2 7 7 30 0 -3.6 -1.2 631.0 3.2 2.36 1.59 3.77 1.24 2 2 2 2 2 2 2 2 3.7 4.28 -37.0 -1.2 -1.2 -1.2 -1.2 -1.2 -1.2 0.229 0.239 0.726 0.165 0.566 0.711 2 2 2 2 2 2
2000-02-07T08:30:00 2000 2 7 8 30 0 -3.3 -2.4 637.0 3.1 2.34 3.51 5.87 1.84 2 2 2 2 2 2 2 2 3.7 4.08 -35.0 -2.4 -2.4 -2.4 -2.4 -2.4 -2.4 0.35 0.386 0.731 0.328 0.897 1.053 2 2 2 2 2 2
2000-02-07T09:30:00 2000 2 7 9 30 0 -1.6 -0.5 634.0 2.9 2.18 1.96 4.36 1.31 2 2 2 2 2 2 2 2 4.0 3.93 -38.0 -0.5 -0.5 -0.5 -0.5 -0.5 -0.5 0.356 0.363 0.723 0.298 0.714 0.933 2 2 2 2 2 2
2000-02-07T10:30:00 2000 2 7 10 30 0 -1.1 1.9 629.0 3.1 2.29 0.16 0.11 0.03 2 2 2 2 2 2 2 2 4.0 3.78 -31.0 1.9 1.9 1.9 1.9 1.9 1.9 0.241 0.18 0.701 0.167 0.226 0.387 2 2 2 2 2 2
2000-02-07T11:30:00 2000 2 7 11 30 0 0.5 1.8 631.0 3.0 2.28 0.0 0.0 0.0 2 2 2 2 2 2 2 2 4.0 3.82 -30.0 1.8 1.8 1.8 1.8 1.8 1.8 0.163 0.089 0.68 0.093 0.072 0.16 2 2 2 2 2 2
2000-02-07T12:30:00 2000 2 7 12 30 0 -3.6 -0.9 632.0 3.1 2.37 0.68 0.59 0.18 2 2 2 2 2 2 2 2 4.7 3.95 -28.0 -0.9 -0.9 -0.9 -0.9 -0.9 -0.9 0.146 0.11 0.662 0.081 0.212 0.291 2 2 2 2 2 2
2000-02-07T13:30:00 2000 2 7 13 30 0 -1.2 -4.9 634.0 3.6 2.69 4.99 9.71 3.33 2 2 2 2 2 2 2 2 4.7 4.07 -28.0 -4.9 -4.9 -4.9 -4.9 -4.9 -4.9 0.432 0.466 0.701 0.571 1.19 1.288 2 2 2 2 2 2
2000-02-07T14:30:00 2000 2 7 14 30 0 -3.2 -4.1 643.0 3.1 2.39 8.28 14.27 4.76 2 2 2 2 2 2 2 2 4.7 4.2 -33.0 -4.1 -4.1 -4.1 -4.1 -4.1 -4.1 0.691 0.69 0.761 0.977 1.613 1.755 2 2 2 2 2 2
2000-02-07T15:30:00 2000 2 7 15 30 0 -1.8 -2.5 630.0 3.2 2.37 5.15 10.29 3.24 2 2 2 2 2 2 2 2 4.0 4.23 -39.0 -2.5 -2.5 -2.5 -2.5 -2.5 -2.5 0.753 0.694 0.788 0.949 1.436 1.671 2 2 2 2 2 2
2000-02-07T16:30:00 2000 2 7 16 30 0 -3.9 -2.0 647.0 2.6 2.0 3.62 7.12 2.05 2 2 2 2 2 2 2 2 4.0 4.26 -40.0 -2.0 -2.0 -2.0 -2.0 -2.0 -2.0 0.714 0.612 0.794 0.782 1.171 1.386 2 2 2 2 2 2
2000-02-07T17:30:00 2000 2 7 17 30 0 -3.5 -3.4 632.0 2.6 1.88 5.46 8.8 2.29 2 2 2 2 2 2 2 2 4.0 4.26 -40.0 -3.4 -3.4 -3.4 -3.4 -3.4 -3.4 0.738 0.621 0.812 0.795 1.236 1.309 2 2 2 2 2 2
2000-02-07T18:30:00 2000 2 7 18 30 0 -3.9 0.0 621.0 2.7 1.9 3.56 4.89 1.29 2 2 2 2 2 2 2 2 4.0 4.26 -36.0 0.0 0.0 0.0 0.0 0.0 0.0 0.609 0.45 0.803 0.562 0.726 0.879 2 2 2 2 2 2
2000-02-07T19:30:00 2000 2 7 19 30 0 -2.8 -2.1 626.0 2.6 1.85 2.44 3.55 0.93 2 2 2 2 2 2 2 2 4.0 4.25 -29.0 -2.1 -2.1 -2.1 -2.1 -2.1 -2.1 0.542 0.415 0.794 0.454 0.744 0.841 2 2 2 2 2 2
2000-02-07T20:30:00 2000 2 7 20 30 0 -2.6 -2.2 614.0 2.6 1.79 3.1 6.67 1.73 2 2 2 2 2 2 2 2 4.0 4.17 -38.0 -2.2 -2.2 -2.2 -2.2 -2.2 -2.2 0.559 0.463 0.796 0.486 0.897 0.929 2 2 2 2 2 2
2000-02-07T21:30:00 2000 2 7 21 30 0 0.3 1.2 611.0 2.5 1.75 0.65 1.91 0.49 2 2 2 2 2 2 2 2 4.0 4.08 -39.0 1.2 1.2 1.2 1.2 1.2 1.2 0.418 0.287 0.776 0.304 0.405 0.517 2 2 2 2 2 2
2000-02-07T22:30:00 2000 2 7 22 30 0 -0.3 -2.0 609.0 2.9 1.98 0.37 2.17 0.61 2 2 2 2 2 2 2 2 4.0 4.0 -37.0 -2.0 -2.0 -2.0 -2.0 -2.0 -2.0 0.377 0.291 0.763 0.271 0.526 0.598 2 2 2 2 2 2
2000-02-07T23:30:00 2000 2 7 23 30 0 -3.2 -1.1 606.0 2.6 1.75 1.62 4.59 1.26 2 2 2 2 2 2 2 2 4.0 4.0 -35.0 -1.1 -1.1 -1.1 -1.1 -1.1 -1.1 0.388 0.337 0.755 0.284 0.638 0.705 2 2 2 2 2 2
