2000-08-12T00:30:00 2000 8 12 0 30 0 10.2 10.0 613.0 10.7 8.04 5.36 0.0 0.0 2 2 2 2 2 2 2 2 5.0 4.99 -24.0 10.0 10.0 10.0 10.0 10.0 10.0 0.395 0.15 1.471 0.293 0.076 0.166 2 2 2 2 2 2
2000-08-12T01:30:00 2000 8 12 1 30 0 11.3 7.3 621.0 11.4 7.75 4.55 0.0 0.0 2 2 2 2 2 2 2 2 5.0 5.26 -21.0 7.3 7.3 7.3 7.3 7.3 7.3 0.267 0.075 1.426 0.164 0.024 0.069 2 2 2 2 2 2
2000-08-12T02:30:00 2000 8 12 2 30 0 4.5 -9.6 652.0 5.9 4.71 13.85 10.14 6.89 2 2 2 2 2 2 2 2 5.0 5.26 -30.0 -9.6 -9.6 -9.6 -9.6 -9.6 -9.6 0.685 0.635 1.5 1.185 1.742 2.956 2 2 2 2 2 2
2000-08-12T03:30:00 2000 8 12 3 30 0 12.8 -11.9 654.0 6.7 5.73 50.48 35.42 22.48 2 2 2 2 2 2 2 2 7.3 5.56 -72.0 -11.9 -11.9 -11.9 -11.9 -11.9 -11.9 1.65 1.498 1.829 3.671 3.826 6.351 2 2 2 2 2 2
2000-08-12T04:30:00 2000 8 12 4 30 0 21.6 1.1 671.0 12.5 10.34 49.45 16.33 14.11 2 2 2 2 2 2 2 2 7.3 5.85 -93.0 1.1 1.1 1.1 1.1 1.1 1.1 1.613 1.285 1.906 2.983 2.538 6.224 2 2 2 2 2 2
2000-08-12T05:30:00 2000 8 12 5 30 0 11.2 -6.0 644.0 9.5 7.34 34.84 9.07 9.32 2 2 2 2 2 2 2 2 7.3 6.06 -87.0 -6.0 -6.0 -6.0 -6.0 -6.0 -6.0 1.604 1.307 1.946 2.57 2.631 7.501 2 2 2 2 2 2
2000-08-12T06:30:00 2000 8 12 6 30 0 -8.7 -25.0 619.0 7.0 6.0 82.5 51.16 40.48 2 2 2 2 2 2 2 2 7.7 6.32 -117.0 -25.0 -25.0 -25.0 -25.0 -25.0 -25.0 2.986 2.441 2.587 7.473 5.561 10.722 2 2 2 2 2 2
2000-08-12T07:30:00 2000 8 12 7 30 0 1.2 -27.5 596.0 6.5 5.17 160.59 79.9 53.75 2 2 2 2 2 2 2 2 7.7 6.57 -197.0 -27.5 -27.5 -27.5 -27.5 -27.5 -27.5 4.439 3.334 3.519 12.691 7.052 11.415 2 2 2 2 2 2
2000-08-12T08:30:00 2000 8 12 8 30 0 7.9 -28.7 604.0 7.0 5.42 176.99 84.5 57.23 2 2 2 2 2 2 2 2 7.7 6.9 -204.0 -28.7 -28.7 -28.7 -28.7 -28.7 -28.7 5.567 3.89 4.503 16.35 7.798 12.147 2 2 2 2 2 2
2000-08-12T09:30:00 2000 8 12 9 30 0 20.0 -26.6 613.0 4.7 3.5 190.71 83.9 48.38 2 2 2 2 2 2 2 2 7.7 7.23 -235.0 -26.6 -26.6 -26.6 -26.6 -26.6 -26.6 6.077 3.895 5.364 17.319 7.464 10.592 2 2 2 2 2 2
2000-08-12T10:30:00 2000 8 12 10 30 0 25.2 -19.1 595.0 4.7 3.23 169.84 68.03 31.98 2 2 2 2 2 2 2 2 7.7 7.56 -225.0 -19.1 -19.1 -19.1 -19.1 -19.1 -19.1 5.872 3.496 5.879 15.273 6.253 8.308 2 2 2 2 2 2
2000-08-12T11:30:00 2000 8 12 11 30 0 26.3 -17.1 606.0 4.4 3.12 145.14 54.13 24.57 2 2 2 2 2 2 2 2 7.7 7.6 -193.0 -17.1 -17.1 -17.1 -17.1 -17.1 -17.1 5.432 3.083 6.208 12.811 5.364 6.814 2 2 2 2 2 2
2000-08-12T12:30:00 2000 8 12 12 30 0 28.1 -11.5 618.0 6.9 5.51 127.28 43.05 24.44 2 2 2 2 2 2 2 2 7.3 7.6 -178.0 -11.5 -11.5 -11.5 -11.5 -11.5 -11.5 4.967 2.804 6.429 10.573 4.916 7.308 2 2 2 2 2 2
2000-08-12T13:30:00 2000 8 12 13 30 0 20.4 -14.6 606.0 13.4 9.86 108.41 40.28 42.44 2 2 2 2 2 2 2 2 7.3 7.6 -161.0 -14.6 -14.6 -14.6 -14.6 -14.6 -14.6 5.015 3.119 6.744 10.426 5.807 13.144 2 2 2 2 2 2
2000-08-12T14:30:00 2000 8 12 14 30 0 21.2 -15.1 591.0 12.7 8.18 104.91 44.45 57.88 2 2 2 2 2 2 2 2 7.3 7.54 -163.0 -15.1 -15.1 -15.1 -15.1 -15.1 -15.1 5.268 3.496 7.131 11.073 6.397 17.144 2 2 2 2 2 2
2000-08-12T15:30:00 2000 8 12 15 30 0 21.3 -10.8 578.0 15.1 10.08 91.56 37.31 51.97 2 2 2 2 2 2 2 2 7.3 7.49 -152.0 -10.8 -10.8 -10.8 -10.8 -10.8 -10.8 5.175 3.505 7.37 10.296 5.975 18.417 2 2 2 2 2 2
2000-08-12T16:30:00 2000 8 12 16 30 0 21.9 -7.0 569.0 10.0 6.32 70.32 25.06 31.4 2 2 2 2 2 2 2 2 7.3 7.44 -155.0 -7.0 -7.0 -7.0 -7.0 -7.0 -7.0 4.555 2.976 7.393 8.007 4.56 14.403 2 2 2 2 2 2
2000-08-12T17:30:00 2000 8 12 17 30 0 23.0 -1.9 561.0 8.9 5.37 53.88 11.98 11.4 2 2 2 2 2 2 2 2 7.3 7.4 -143.0 -1.9 -1.9 -1.9 -1.9 -1.9 -1.9 3.545 2.099 7.246 5.182 2.726 9.008 2 2 2 2 2 2
2000-08-12T18:30:00 2000 8 12 18 30 0 21.0 7.2 558.0 6.3 3.64 31.94 0.36 0.31 2 2 2 2 2 2 2 2 6.3 7.22 -137.0 7.2 7.2 7.2 7.2 7.2 7.2 2.4 1.042 7.024 2.902 0.863 3.736 2 2 2 2 2 2
2000-08-12T19:30:00 2000 8 12 19 30 0 20.9 2.9 554.0 9.1 5.73 25.23 0.0 0.0 2 2 2 2 2 2 2 2 6.3 7.04 -107.0 2.9 2.9 2.9 2.9 2.9 2.9 1.625 0.518 6.81 1.625 0.273 1.55 2 2 2 2 2 2
2000-08-12T20:30:00 2000 8 12 20 30 0 20.7 3.5 563.0 9.3 6.18 27.91 0.0 0.0 2 2 2 2 2 2 2 2 6.3 6.91 -102.0 3.5 3.5 3.5 3.5 3.5 3.5 1.1 0.257 6.602 0.91 0.087 0.643 2 2 2 2 2 2
2000-08-12T21:30:00 2000 8 12 21 30 0 19.6 5.2 564.0 8.3 5.34 24.28 0.0 0.0 2 2 2 2 2 2 2 2 3.7 6.45 -104.0 5.2 5.2 5.2 5.2 5.2 5.2 0.745 0.128 6.401 0.509 0.027 0.267 2 2 2 2 2 2
2000-08-12T22:30:00 2000 8 12 22 30 0 18.1 9.7 558.0 6.8 4.57 16.8 0.0 0.0 2 2 2 2 2 2 2 2 3.7 5.98 -103.0 9.7 9.7 9.7 9.7 9.7 9.7 0.504 0.063 6.205 0.285 0.009 0.111 2 2 2 2 2 2
2000-08-12T23:30:00 2000 8 12 23 30 0 16.0 11.2 558.0 6.9 4.51 10.71 0.0 0.0 2 2 2 2 2 2 2 2 3.7 5.53 -92.0 11.2 11.2 11.2 11.2 11.2 11.2 0.341 0.031 6.016 0.16 0.003 0.046 2 2 2 2 2 2
