2000-05-19T00:30:00 2000 5 19 0 30 0 8.4 0.4 481.0 2.5 1.03 4.21 0.0 0.0 2 2 2 2 2 2 2 2 2.0 1.1 -9.0 0.4 0.4 0.4 0.4 0.4 0.4 0.0 0.0 0.293 0.0 0.0 0.0 2 2 2 2 2 2
2000-05-19T01:30:00 2000 5 19 1 30 0 7.8 1.0 478.0 2.4 0.98 5.04 0.0 0.0 2 2 2 2 2 2 2 2 2.0 1.27 -9.0 1.0 1.0 1.0 1.0 1.0 1.0 0.0 0.0 0.284 0.0 0.0 0.0 2 2 2 2 2 2
2000-05-19T02:30:00 2000 5 19 2 30 0 6.6 -1.2 469.0 2.4 0.96 4.75 0.89 0.21 2 2 2 2 2 2 2 2 2.0 1.43 -12.0 -1.2 -1.2 -1.2 -1.2 -1.2 -1.2 0.042 0.086 0.278 0.032 0.16 0.117 2 2 2 2 2 2
2000-05-19T03:30:00 2000 5 19 3 30 0 6.1 2.5 473.0 2.7 1.09 3.11 0.34 0.08 2 2 2 2 2 2 2 2 2.0 1.59 -13.0 2.5 2.5 2.5 2.5 2.5 2.5 0.034 0.054 0.269 0.02 0.066 0.065 2 2 2 2 2 2
2000-05-19T04:30:00 2000 5 19 4 30 0 1.7 2.2 480.0 2.7 1.12 0.7 0.0 0.0 2 2 2 2 2 2 2 2 2.0 1.75 -9.0 2.2 2.2 2.2 2.2 2.2 2.2 0.023 0.027 0.261 0.011 0.021 0.027 2 2 2 2 2 2
2000-05-19T05:30:00 2000 5 19 5 30 0 -4.5 5.7 481.0 3.2 1.3 0.12 0.0 0.0 2 2 2 2 2 2 2 2 2.0 1.83 -1.0 5.7 5.7 5.7 5.7 5.7 5.7 0.016 0.013 0.253 0.006 0.007 0.011 2 2 2 2 2 2
2000-05-19T06:30:00 2000 5 19 6 30 0 4.5 3.6 479.0 2.6 1.06 0.17 0.0 0.0 2 2 2 2 2 2 2 2 2.0 1.92 -4.0 3.6 3.6 3.6 3.6 3.6 3.6 0.011 0.007 0.245 0.004 0.002 0.005 2 2 2 2 2 2
2000-05-19T07:30:00 2000 5 19 7 30 0 6.9 2.6 489.0 2.2 0.95 1.6 0.0 0.0 2 2 2 2 2 2 2 2 2.0 2.0 -8.0 2.6 2.6 2.6 2.6 2.6 2.6 0.007 0.003 0.238 0.002 0.001 0.002 2 2 2 2 2 2
2000-05-19T08:30:00 2000 5 19 8 30 0 5.2 0.2 497.0 2.3 1.02 2.49 0.0 0.0 2 2 2 2 2 2 2 2 2.0 2.0 -10.0 0.2 0.2 0.2 0.2 0.2 0.2 0.005 0.002 0.231 0.001 0.0 0.001 2 2 2 2 2 2
2000-05-19T09:30:00 2000 5 19 9 30 0 5.7 -1.0 503.0 2.4 1.08 3.32 1.15 0.27 2 2 2 2 2 2 2 2 2.3 2.04 -12.0 -1.0 -1.0 -1.0 -1.0 -1.0 -1.0 0.053 0.099 0.227 0.036 0.194 0.156 2 2 2 2 2 2
2000-05-19T10:30:00 2000 5 19 10 30 0 4.0 2.1 508.0 2.4 1.1 2.01 0.3 0.07 2 2 2 2 2 2 2 2 2.3 2.08 -10.0 2.1 2.1 2.1 2.1 2.1 2.1 0.04 0.059 0.22 0.022 0.076 0.082 2 2 2 2 2 2
2000-05-19T11:30:00 2000 5 19 11 30 0 1.8 1.8 517.0 2.5 1.18 0.37 0.0 0.0 2 2 2 2 2 2 2 2 2.3 2.12 -4.0 1.8 1.8 1.8 1.8 1.8 1.8 0.027 0.029 0.213 0.012 0.024 0.034 2 2 2 2 2 2
2000-05-19T12:30:00 2000 5 19 12 30 0 2.0 1.5 522.0 2.4 1.14 0.14 0.0 0.0 2 2 2 2 2 2 2 2 2.3 2.15 -4.0 1.5 1.5 1.5 1.5 1.5 1.5 0.018 0.015 0.207 0.007 0.008 0.014 2 2 2 2 2 2
2000-05-19T13:30:00 2000 5 19 13 30 0 1.1 -1.5 544.0 2.6 1.34 0.4 1.18 0.3 2 2 2 2 2 2 2 2 2.3 2.19 -6.0 -1.5 -1.5 -1.5 -1.5 -1.5 -1.5 0.066 0.103 0.205 0.055 0.225 0.187 2 2 2 2 2 2
2000-05-19T14:30:00 2000 5 19 14 30 0 -1.3 2.0 552.0 2.6 1.38 0.11 0.71 0.18 2 2 2 2 2 2 2 2 2.3 2.23 -7.0 2.0 2.0 2.0 2.0 2.0 2.0 0.058 0.072 0.199 0.038 0.107 0.117 2 2 2 2 2 2
2000-05-19T15:30:00 2000 5 19 15 30 0 -1.3 3.1 561.0 2.2 1.21 0.03 0.0 0.0 2 2 2 2 2 2 2 2 1.7 2.19 -7.0 3.1 3.1 3.1 3.1 3.1 3.1 0.039 0.036 0.193 0.022 0.034 0.048 2 2 2 2 2 2
2000-05-19T16:30:00 2000 5 19 16 30 0 -0.2 3.2 545.0 2.0 1.04 0.01 0.0 0.0 2 2 2 2 2 2 2 2 1.7 2.14 -8.0 3.2 3.2 3.2 3.2 3.2 3.2 0.026 0.018 0.187 0.012 0.011 0.02 2 2 2 2 2 2
2000-05-19T17:30:00 2000 5 19 17 30 0 1.0 2.8 535.0 1.9 0.95 0.0 0.0 0.0 2 2 2 2 2 2 2 2 1.7 2.07 -8.0 2.8 2.8 2.8 2.8 2.8 2.8 0.018 0.009 0.182 0.007 0.003 0.008 2 2 2 2 2 2
2000-05-19T18:30:00 2000 5 19 18 30 0 -0.1 2.8 533.0 1.9 0.94 0.0 0.0 0.0 2 2 2 2 2 2 2 2 1.3 1.94 -8.0 2.8 2.8 2.8 2.8 2.8 2.8 0.012 0.004 0.176 0.004 0.001 0.003 2 2 2 2 2 2
2000-05-19T19:30:00 2000 5 19 19 30 0 -0.5 2.2 535.0 1.7 0.85 0.0 0.0 0.0 2 2 2 2 2 2 2 2 1.3 1.81 -7.0 2.2 2.2 2.2 2.2 2.2 2.2 0.008 0.002 0.171 0.002 0.0 0.001 2 2 2 2 2 2
2000-05-19T20:30:00 2000 5 19 20 30 0 0.5 1.2 520.0 1.7 0.8 0.0 0.0 0.0 2 2 2 2 2 2 2 2 1.3 1.69 -5.0 1.2 1.2 1.2 1.2 1.2 1.2 0.006 0.001 0.166 0.001 0.0 0.001 2 2 2 2 2 2
2000-05-19T21:30:00 2000 5 19 21 30 0 -0.1 -1.2 529.0 1.7 0.83 0.1 0.92 0.16 2 2 2 2 2 2 2 2 1.3 1.57 -4.0 -1.2 -1.2 -1.2 -1.2 -1.2 -1.2 0.041 0.068 0.163 0.032 0.154 0.089 2 2 2 2 2 2
2000-05-19T22:30:00 2000 5 19 22 30 0 0.9 0.0 528.0 1.5 0.73 0.18 1.45 0.24 2 2 2 2 2 2 2 2 1.3 1.44 -5.0 0.0 0.0 0.0 0.0 0.0 0.0 0.059 0.088 0.16 0.038 0.15 0.104 2 2 2 2 2 2
2000-05-19T23:30:00 2000 5 19 23 30 0 1.1 0.7 524.0 1.5 0.72 0.07 0.0 0.0 2 2 2 2 2 2 2 2 1.3 1.4 -6.0 0.7 0.7 0.7 0.7 0.7 0.7 0.04 0.044 0.155 0.021 0.047 0.043 2 2 2 2 2 2
