2000-09-06T00:30:00 2000 9 6 0 30 0 7.5 3.5 360.0 6.7 1.69 1.64 0.0 0.0 2 2 2 2 2 2 2 2 1.3 2.43 -7.0 3.5 3.5 3.5 3.5 3.5 3.5 0.129 0.047 0.333 0.048 0.007 0.026 2 2 2 2 2 2
2000-09-06T01:30:00 2000 9 6 1 30 0 4.0 2.6 367.0 5.5 1.41 1.11 0.0 0.0 2 2 2 2 2 2 2 2 1.3 2.29 -8.0 2.6 2.6 2.6 2.6 2.6 2.6 0.087 0.023 0.323 0.027 0.002 0.011 2 2 2 2 2 2
2000-09-06T02:30:00 2000 9 6 2 30 0 -1.4 -1.3 379.0 3.5 1.01 0.21 0.51 0.19 2 2 2 2 2 2 2 2 1.3 2.08 -10.0 -1.3 -1.3 -1.3 -1.3 -1.3 -1.3 0.094 0.094 0.315 0.041 0.115 0.103 2 2 2 2 2 2
2000-09-06T03:30:00 2000 9 6 3 30 0 2.8 2.3 380.0 3.9 1.14 0.11 0.35 0.12 2 2 2 2 2 2 2 2 0.7 1.79 -10.0 2.3 2.3 2.3 2.3 2.3 2.3 0.071 0.063 0.305 0.026 0.053 0.062 2 2 2 2 2 2
2000-09-06T04:30:00 2000 9 6 4 30 0 -2.8 0.8 373.0 4.1 1.18 0.09 0.0 0.0 2 2 2 2 2 2 2 2 0.7 1.51 -7.0 0.8 0.8 0.8 0.8 0.8 0.8 0.048 0.032 0.296 0.015 0.017 0.026 2 2 2 2 2 2
2000-09-06T05:30:00 2000 9 6 5 30 0 -5.1 -1.4 376.0 3.9 1.09 1.54 0.95 0.37 2 2 2 2 2 2 2 2 0.7 1.31 -4.0 -1.4 -1.4 -1.4 -1.4 -1.4 -1.4 0.086 0.141 0.289 0.048 0.17 0.163 2 2 2 2 2 2
2000-09-06T06:30:00 2000 9 6 6 30 0 -4.6 0.6 364.0 5.1 1.37 1.92 0.81 0.34 2 2 2 2 2 2 2 2 1.3 1.19 -7.0 0.6 0.6 0.6 0.6 0.6 0.6 0.082 0.123 0.282 0.041 0.108 0.133 2 2 2 2 2 2
2000-09-06T07:30:00 2000 9 6 7 30 0 1.9 0.9 367.0 5.4 1.54 0.24 0.0 0.0 2 2 2 2 2 2 2 2 1.3 1.07 -7.0 0.9 0.9 0.9 0.9 0.9 0.9 0.056 0.061 0.273 0.023 0.034 0.055 2 2 2 2 2 2
2000-09-06T08:30:00 2000 9 6 8 30 0 -0.7 0.2 362.0 5.5 1.56 0.03 0.0 0.0 2 2 2 2 2 2 2 2 1.3 1.08 -7.0 0.2 0.2 0.2 0.2 0.2 0.2 0.038 0.03 0.265 0.013 0.011 0.023 2 2 2 2 2 2
2000-09-06T09:30:00 2000 9 6 9 30 0 -0.5 2.1 364.0 5.7 1.63 0.01 0.0 0.0 2 2 2 2 2 2 2 2 0.3 0.95 -5.0 2.1 2.1 2.1 2.1 2.1 2.1 0.026 0.015 0.257 0.007 0.003 0.01 2 2 2 2 2 2
2000-09-06T10:30:00 2000 9 6 10 30 0 -1.2 3.3 357.0 5.8 1.59 0.01 0.0 0.0 2 2 2 2 2 2 2 2 0.3 0.82 -2.0 3.3 3.3 3.3 3.3 3.3 3.3 0.017 0.007 0.249 0.004 0.001 0.004 2 2 2 2 2 2
2000-09-06T11:30:00 2000 9 6 11 30 0 -2.3 4.2 356.0 5.7 1.55 0.04 0.0 0.0 2 2 2 2 2 2 2 2 0.3 0.77 0.0 4.2 4.2 4.2 4.2 4.2 4.2 0.012 0.004 0.241 0.002 0.0 0.002 2 2 2 2 2 2
2000-09-06T12:30:00 2000 9 6 12 30 0 3.5 1.6 359.0 5.2 1.45 0.1 0.0 0.0 2 2 2 2 2 2 2 2 2.3 0.98 1.0 1.6 1.6 1.6 1.6 1.6 1.6 0.008 0.002 0.234 0.001 0.0 0.001 2 2 2 2 2 2
2000-09-06T13:30:00 2000 9 6 13 30 0 7.4 -2.0 368.0 6.8 1.9 2.73 1.18 0.77 2 2 2 2 2 2 2 2 2.3 1.18 3.0 -2.0 -2.0 -2.0 -2.0 -2.0 -2.0 0.086 0.187 0.231 0.072 0.235 0.316 2 2 2 2 2 2
2000-09-06T14:30:00 2000 9 6 14 30 0 6.6 0.6 369.0 6.5 1.86 3.9 1.27 0.85 2 2 2 2 2 2 2 2 2.3 1.32 -3.0 0.6 0.6 0.6 0.6 0.6 0.6 0.103 0.188 0.226 0.07 0.171 0.296 2 2 2 2 2 2
2000-09-06T15:30:00 2000 9 6 15 30 0 6.3 2.4 369.0 6.9 1.98 2.07 0.0 0.0 2 2 2 2 2 2 2 2 4.0 1.67 -1.0 2.4 2.4 2.4 2.4 2.4 2.4 0.069 0.094 0.219 0.039 0.054 0.123 2 2 2 2 2 2
2000-09-06T16:30:00 2000 9 6 16 30 0 5.7 4.0 380.0 8.0 2.42 1.25 0.0 0.0 2 2 2 2 2 2 2 2 4.0 2.02 5.0 4.0 4.0 4.0 4.0 4.0 4.0 0.047 0.046 0.212 0.022 0.017 0.051 2 2 2 2 2 2
2000-09-06T17:30:00 2000 9 6 17 30 0 13.9 5.0 452.0 19.6 8.48 4.41 0.0 0.0 2 2 2 2 2 2 2 2 4.0 2.48 39.0 5.0 5.0 5.0 5.0 5.0 5.0 0.032 0.023 0.206 0.012 0.005 0.021 2 2 2 2 2 2
2000-09-06T18:30:00 2000 9 6 18 30 0 12.9 7.6 455.0 22.6 9.36 6.91 0.0 0.0 2 2 2 2 2 2 2 2 3.7 2.9 35.0 7.6 7.6 7.6 7.6 7.6 7.6 0.022 0.011 0.199 0.007 0.002 0.009 2 2 2 2 2 2
2000-09-06T19:30:00 2000 9 6 19 30 0 12.7 0.8 468.0 20.2 8.85 8.38 0.0 0.0 2 2 2 2 2 2 2 2 3.7 3.31 35.0 0.8 0.8 0.8 0.8 0.8 0.8 0.015 0.006 0.193 0.004 0.001 0.004 2 2 2 2 2 2
2000-09-06T20:30:00 2000 9 6 20 30 0 6.0 1.2 469.0 11.8 5.19 6.12 0.0 0.0 2 2 2 2 2 2 2 2 3.7 3.48 17.0 1.2 1.2 1.2 1.2 1.2 1.2 0.01 0.003 0.187 0.002 0.0 0.002 2 2 2 2 2 2
2000-09-06T21:30:00 2000 9 6 21 30 0 2.0 10.5 465.0 8.9 3.85 0.5 0.0 0.0 2 2 2 2 2 2 2 2 4.0 3.68 7.0 10.5 10.5 10.5 10.5 10.5 10.5 0.007 0.001 0.182 0.001 0.0 0.001 2 2 2 2 2 2
2000-09-06T22:30:00 2000 9 6 22 30 0 3.4 11.6 464.0 6.0 2.58 0.06 0.0 0.0 2 2 2 2 2 2 2 2 4.0 3.89 4.0 11.6 11.6 11.6 11.6 11.6 11.6 0.005 0.001 0.176 0.001 0.0 0.0 2 2 2 2 2 2
2000-09-06T23:30:00 2000 9 6 23 30 0 4.6 11.0 460.0 3.2 1.35 0.16 0.0 0.0 2 2 2 2 2 2 2 2 4.0 3.89 -2.0 11.0 11.0 11.0 11.0 11.0 11.0 0.003 0.0 0.171 0.0 0.0 0.0 2 2 2 2 2 2
