2000-07-17T00:30:00 2000 7 17 0 30 0 -1.7 2.7 684.0 0.8 0.96 0.12 0.0 0.0 2 2 2 2 2 2 2 2 3.0 2.14 -114.0 2.7 2.7 2.7 2.7 2.7 2.7 0.001 0.0 8.947 0.0 0.0 0.0 2 2 2 2 2 2
2000-07-17T01:30:00 2000 7 17 1 30 0 -2.5 0.3 675.0 1.2 1.35 0.33 0.0 0.0 2 2 2 2 2 2 2 2 3.0 2.15 -112.0 0.3 0.3 0.3 0.3 0.3 0.3 0.0 0.0 8.674 0.0 0.0 0.0 2 2 2 2 2 2
2000-07-17T02:30:00 2000 7 17 2 30 0 -2.2 2.6 677.0 0.9 1.08 0.36 0.0 0.0 2 2 2 2 2 2 2 2 3.0 2.28 -107.0 2.6 2.6 2.6 2.6 2.6 2.6 0.0 0.0 8.409 0.0 0.0 0.0 2 2 2 2 2 2
2000-07-17T03:30:00 2000 7 17 3 30 0 -1.7 2.3 670.0 1.0 1.22 0.13 0.0 0.0 2 2 2 2 2 2 2 2 2.7 2.36 -101.0 2.3 2.3 2.3 2.3 2.3 2.3 0.0 0.0 8.153 0.0 0.0 0.0 2 2 2 2 2 2
2000-07-17T04:30:00 2000 7 17 4 30 0 -1.2 2.7 679.0 0.9 1.1 0.06 0.0 0.0 2 2 2 2 2 2 2 2 2.7 2.45 -94.0 2.7 2.7 2.7 2.7 2.7 2.7 0.0 0.0 7.904 0.0 0.0 0.0 2 2 2 2 2 2
2000-07-17T05:30:00 2000 7 17 5 30 0 -1.5 3.2 677.0 0.9 1.11 0.04 0.0 0.0 2 2 2 2 2 2 2 2 2.7 2.57 -87.0 3.2 3.2 3.2 3.2 3.2 3.2 0.0 0.0 7.662 0.0 0.0 0.0 2 2 2 2 2 2
2000-07-17T06:30:00 2000 7 17 6 30 0 -1.9 3.2 668.0 0.8 1.0 0.07 0.0 0.0 2 2 2 2 2 2 2 2 2.3 2.64 -81.0 3.2 3.2 3.2 3.2 3.2 3.2 0.0 0.0 7.429 0.0 0.0 0.0 2 2 2 2 2 2
2000-07-17T07:30:00 2000 7 17 7 30 0 -1.0 3.3 659.0 0.7 0.87 0.04 0.0 0.0 2 2 2 2 2 2 2 2 2.3 2.7 -76.0 3.3 3.3 3.3 3.3 3.3 3.3 0.0 0.0 7.202 0.0 0.0 0.0 2 2 2 2 2 2
2000-07-17T08:30:00 2000 7 17 8 30 0 1.1 4.6 659.0 1.3 1.51 0.0 0.0 0.0 2 2 2 2 2 2 2 2 2.3 2.62 -68.0 4.6 4.6 4.6 4.6 4.6 4.6 0.0 0.0 6.982 0.0 0.0 0.0 2 2 2 2 2 2
2000-07-17T09:30:00 2000 7 17 9 30 0 0.8 0.4 662.0 1.2 1.27 0.02 0.0 0.0 2 2 2 2 2 2 2 2 2.3 2.53 -71.0 0.4 0.4 0.4 0.4 0.4 0.4 0.0 0.0 6.769 0.0 0.0 0.0 2 2 2 2 2 2
2000-07-17T10:30:00 2000 7 17 10 30 0 -1.1 3.9 684.0 1.3 1.44 0.01 0.0 0.0 2 2 2 2 2 2 2 2 2.3 2.44 -70.0 3.9 3.9 3.9 3.9 3.9 3.9 0.0 0.0 6.562 0.0 0.0 0.0 2 2 2 2 2 2
2000-07-17T11:30:00 2000 7 17 11 30 0 -2.3 4.3 649.0 1.2 1.26 0.06 0.0 0.0 2 2 2 2 2 2 2 2 2.3 2.4 -69.0 4.3 4.3 4.3 4.3 4.3 4.3 0.0 0.0 6.362 0.0 0.0 0.0 2 2 2 2 2 2
2000-07-17T12:30:00 2000 7 17 12 30 0 -1.8 3.1 631.0 1.2 1.18 0.1 0.0 0.0 2 2 2 2 2 2 2 2 2.3 2.35 -69.0 3.1 3.1 3.1 3.1 3.1 3.1 0.0 0.0 6.168 0.0 0.0 0.0 2 2 2 2 2 2
2000-07-17T13:30:00 2000 7 17 13 30 0 -1.3 2.8 624.0 1.2 1.13 0.05 0.0 0.0 2 2 2 2 2 2 2 2 2.3 2.3 -69.0 2.8 2.8 2.8 2.8 2.8 2.8 0.0 0.0 5.979 0.0 0.0 0.0 2 2 2 2 2 2
2000-07-17T14:30:00 2000 7 17 14 30 0 -1.8 3.5 637.0 1.2 1.17 0.05 0.0 0.0 2 2 2 2 2 2 2 2 2.3 2.3 -69.0 3.5 3.5 3.5 3.5 3.5 3.5 0.0 0.0 5.797 0.0 0.0 0.0 2 2 2 2 2 2
2000-07-17T15:30:00 2000 7 17 15 30 0 -2.0 3.5 625.0 1.1 1.01 0.09 0.0 0.0 2 2 2 2 2 2 2 2 1.3 2.17 -64.0 3.5 3.5 3.5 3.5 3.5 3.5 0.0 0.0 5.62 0.0 0.0 0.0 2 2 2 2 2 2
2000-07-17T16:30:00 2000 7 17 16 30 0 -2.2 3.2 625.0 1.2 1.07 0.12 0.0 0.0 2 2 2 2 2 2 2 2 1.3 2.04 -58.0 3.2 3.2 3.2 3.2 3.2 3.2 0.0 0.0 5.448 0.0 0.0 0.0 2 2 2 2 2 2
2000-07-17T17:30:00 2000 7 17 17 30 0 -1.4 3.2 616.0 1.2 1.01 0.08 0.0 0.0 2 2 2 2 2 2 2 2 1.3 1.91 -54.0 3.2 3.2 3.2 3.2 3.2 3.2 0.0 0.0 5.282 0.0 0.0 0.0 2 2 2 2 2 2
2000-07-17T18:30:00 2000 7 17 18 30 0 -2.8 2.5 604.0 1.2 0.96 0.16 0.0 0.0 2 2 2 2 2 2 2 2 1.0 1.75 -48.0 2.5 2.5 2.5 2.5 2.5 2.5 0.0 0.0 5.121 0.0 0.0 0.0 2 2 2 2 2 2
2000-07-17T19:30:00 2000 7 17 19 30 0 -2.6 2.3 595.0 1.2 0.93 0.31 0.0 0.0 2 2 2 2 2 2 2 2 1.0 1.58 -45.0 2.3 2.3 2.3 2.3 2.3 2.3 0.0 0.0 4.965 0.0 0.0 0.0 2 2 2 2 2 2
2000-07-17T20:30:00 2000 7 17 20 30 0 -0.3 3.4 588.0 1.2 0.9 0.07 0.0 0.0 2 2 2 2 2 2 2 2 1.0 1.42 -42.0 3.4 3.4 3.4 3.4 3.4 3.4 0.0 0.0 4.813 0.0 0.0 0.0 2 2 2 2 2 2
2000-07-17T21:30:00 2000 7 17 21 30 0 -2.8 3.5 612.0 1.4 1.12 0.08 0.0 0.0 2 2 2 2 2 2 2 2 1.3 1.3 -41.0 3.5 3.5 3.5 3.5 3.5 3.5 0.0 0.0 4.666 0.0 0.0 0.0 2 2 2 2 2 2
2000-07-17T22:30:00 2000 7 17 22 30 0 -3.3 3.5 619.0 1.3 1.05 0.33 0.0 0.0 2 2 2 2 2 2 2 2 1.3 1.19 -40.0 3.5 3.5 3.5 3.5 3.5 3.5 0.0 0.0 4.524 0.0 0.0 0.0 2 2 2 2 2 2
2000-07-17T23:30:00 2000 7 17 23 30 0 -3.9 1.8 595.0 1.2 0.93 0.67 0.0 0.0 2 2 2 2 2 2 2 2 1.3 1.19 -41.0 1.8 1.8 1.8 1.8 1.8 1.8 0.0 0.0 4.386 0.0 0.0 0.0 2 2 2 2 2 2
