2000-04-25T00:30:00 2000 4 25 0 30 0 4.4 3.4 522.0 1.4 0.76 1.01 0.0 0.0 2 2 2 2 2 2 2 2 1.7 2.19 -42.0 3.4 3.4 3.4 3.4 3.4 3.4 0.109 0.078 0.552 0.06 0.083 0.083 2 2 2 2 2 2
2000-04-25T01:30:00 2000 4 25 1 30 0 4.5 2.9 527.0 1.5 0.83 0.84 0.0 0.0 2 2 2 2 2 2 2 2 1.7 2.04 -39.0 2.9 2.9 2.9 2.9 2.9 2.9 0.074 0.039 0.535 0.034 0.026 0.035 2 2 2 2 2 2
2000-04-25T02:30:00 2000 4 25 2 30 0 3.9 3.4 518.0 1.6 0.86 0.7 0.0 0.0 2 2 2 2 2 2 2 2 1.7 2.0 -38.0 3.4 3.4 3.4 3.4 3.4 3.4 0.05 0.019 0.519 0.019 0.008 0.014 2 2 2 2 2 2
2000-04-25T03:30:00 2000 4 25 3 30 0 2.2 4.2 519.0 1.5 0.69 0.25 0.0 0.0 2 2 2 2 2 2 2 2 0.3 1.77 -36.0 4.2 4.2 4.2 4.2 4.2 4.2 0.034 0.01 0.503 0.011 0.003 0.006 2 2 2 2 2 2
2000-04-25T04:30:00 2000 4 25 4 30 0 3.3 2.7 512.0 1.8 0.81 0.23 0.0 0.0 2 2 2 2 2 2 2 2 0.3 1.55 -33.0 2.7 2.7 2.7 2.7 2.7 2.7 0.023 0.005 0.488 0.006 0.001 0.002 2 2 2 2 2 2
2000-04-25T05:30:00 2000 4 25 5 30 0 3.9 0.8 518.0 1.8 0.82 0.76 0.0 0.0 2 2 2 2 2 2 2 2 0.3 1.3 -32.0 0.8 0.8 0.8 0.8 0.8 0.8 0.016 0.002 0.473 0.003 0.0 0.001 2 2 2 2 2 2
2000-04-25T06:30:00 2000 4 25 6 30 0 2.4 2.0 495.0 1.7 0.71 0.57 0.0 0.0 2 2 2 2 2 2 2 2 0.7 1.1 -31.0 2.0 2.0 2.0 2.0 2.0 2.0 0.011 0.001 0.458 0.002 0.0 0.0 2 2 2 2 2 2
2000-04-25T07:30:00 2000 4 25 7 30 0 3.2 1.9 498.0 1.7 0.72 0.35 0.0 0.0 2 2 2 2 2 2 2 2 0.7 0.91 -29.0 1.9 1.9 1.9 1.9 1.9 1.9 0.007 0.001 0.444 0.001 0.0 0.0 2 2 2 2 2 2
2000-04-25T08:30:00 2000 4 25 8 30 0 0.5 1.1 519.0 1.7 0.78 0.15 0.0 0.0 2 2 2 2 2 2 2 2 0.7 0.79 -25.0 1.1 1.1 1.1 1.1 1.1 1.1 0.005 0.0 0.431 0.001 0.0 0.0 2 2 2 2 2 2
2000-04-25T09:30:00 2000 4 25 9 30 0 4.1 1.1 513.0 1.7 0.77 0.45 0.0 0.0 2 2 2 2 2 2 2 2 2.3 0.88 -23.0 1.1 1.1 1.1 1.1 1.1 1.1 0.003 0.0 0.418 0.0 0.0 0.0 2 2 2 2 2 2
2000-04-25T10:30:00 2000 4 25 10 30 0 2.3 0.4 490.0 1.7 0.7 0.74 0.0 0.0 2 2 2 2 2 2 2 2 2.3 0.97 -24.0 0.4 0.4 0.4 0.4 0.4 0.4 0.002 0.0 0.405 0.0 0.0 0.0 2 2 2 2 2 2
2000-04-25T11:30:00 2000 4 25 11 30 0 -3.4 0.8 493.0 1.6 0.67 0.22 0.0 0.0 2 2 2 2 2 2 2 2 2.3 1.23 -24.0 0.8 0.8 0.8 0.8 0.8 0.8 0.001 0.0 0.392 0.0 0.0 0.0 2 2 2 2 2 2
2000-04-25T12:30:00 2000 4 25 12 30 0 -2.5 0.2 485.0 1.7 0.69 0.68 0.0 0.0 2 2 2 2 2 2 2 2 1.7 1.4 -22.0 0.2 0.2 0.2 0.2 0.2 0.2 0.001 0.0 0.38 0.0 0.0 0.0 2 2 2 2 2 2
2000-04-25T13:30:00 2000 4 25 13 30 0 -0.5 -0.1 475.0 1.8 0.7 0.22 0.05 0.01 2 2 2 2 2 2 2 2 1.7 1.56 -20.0 -0.1 -0.1 -0.1 -0.1 -0.1 -0.1 0.004 0.011 0.369 0.001 0.021 0.018 2 2 2 2 2 2
2000-04-25T14:30:00 2000 4 25 14 30 0 1.0 2.1 489.0 1.7 0.7 0.01 0.0 0.0 2 2 2 2 2 2 2 2 1.7 1.68 -18.0 2.1 2.1 2.1 2.1 2.1 2.1 0.003 0.006 0.358 0.001 0.007 0.007 2 2 2 2 2 2
2000-04-25T15:30:00 2000 4 25 15 30 0 2.1 1.7 485.0 1.7 0.69 0.08 0.0 0.0 2 2 2 2 2 2 2 2 1.7 1.8 -18.0 1.7 1.7 1.7 1.7 1.7 1.7 0.002 0.003 0.347 0.0 0.002 0.003 2 2 2 2 2 2
2000-04-25T16:30:00 2000 4 25 16 30 0 1.1 0.6 473.0 1.7 0.65 0.1 0.0 0.0 2 2 2 2 2 2 2 2 1.7 1.92 -21.0 0.6 0.6 0.6 0.6 0.6 0.6 0.001 0.001 0.336 0.0 0.001 0.001 2 2 2 2 2 2
2000-04-25T17:30:00 2000 4 25 17 30 0 -0.6 -1.3 475.0 1.6 0.62 0.16 1.19 0.19 2 2 2 2 2 2 2 2 1.7 1.84 -23.0 -1.3 -1.3 -1.3 -1.3 -1.3 -1.3 0.046 0.086 0.329 0.035 0.163 0.084 2 2 2 2 2 2
2000-04-25T18:30:00 2000 4 25 18 30 0 0.1 -1.5 474.0 1.7 0.66 0.58 3.34 0.55 2 2 2 2 2 2 2 2 2.0 1.81 -24.0 -1.5 -1.5 -1.5 -1.5 -1.5 -1.5 0.122 0.194 0.326 0.101 0.325 0.175 2 2 2 2 2 2
2000-04-25T19:30:00 2000 4 25 19 30 0 0.2 1.1 459.0 1.7 0.72 0.1 0.87 0.15 2 2 2 2 2 2 2 2 2.0 1.78 -23.0 1.1 1.1 1.1 1.1 1.1 1.1 0.099 0.126 0.317 0.066 0.146 0.101 2 2 2 2 2 2
2000-04-25T20:30:00 2000 4 25 20 30 0 -0.8 1.4 458.0 1.4 0.59 0.0 0.0 0.0 2 2 2 2 2 2 2 2 2.0 1.82 -16.0 1.4 1.4 1.4 1.4 1.4 1.4 0.067 0.063 0.307 0.037 0.046 0.042 2 2 2 2 2 2
2000-04-25T21:30:00 2000 4 25 21 30 0 -0.6 1.0 448.0 1.4 0.56 0.01 0.0 0.0 2 2 2 2 2 2 2 2 1.0 1.72 -16.0 1.0 1.0 1.0 1.0 1.0 1.0 0.045 0.031 0.298 0.021 0.015 0.017 2 2 2 2 2 2
2000-04-25T22:30:00 2000 4 25 22 30 0 -0.6 1.3 448.0 1.5 0.6 0.01 0.0 0.0 2 2 2 2 2 2 2 2 1.0 1.63 -14.0 1.3 1.3 1.3 1.3 1.3 1.3 0.031 0.015 0.289 0.012 0.005 0.007 2 2 2 2 2 2
2000-04-25T23:30:00 2000 4 25 23 30 0 0.6 2.3 429.0 1.5 0.55 0.0 0.0 0.0 2 2 2 2 2 2 2 2 1.0 1.54 -12.0 2.3 2.3 2.3 2.3 2.3 2.3 0.021 0.008 0.28 0.006 0.001 0.003 2 2 2 2 2 2
