2000-01-10T00:30:00 2000 1 10 0 30 0 0.9 -3.1 322.0 9.7 1.96 1.05 2.83 2.61 2 2 2 2 2 2 2 2 1.3 0.97 3.0 -3.1 -3.1 -3.1 -3.1 -3.1 -3.1 0.319 0.595 0.124 0.241 0.48 0.844 2 2 2 2 2 2
2000-01-10T01:30:00 2000 1 10 1 30 0 -0.9 -3.0 321.0 9.1 1.68 1.76 4.9 4.59 2 2 2 2 2 2 2 2 1.3 1.09 -1.0 -3.0 -3.0 -3.0 -3.0 -3.0 -3.0 0.467 0.81 0.135 0.404 0.645 1.095 2 2 2 2 2 2
2000-01-10T02:30:00 2000 1 10 2 30 0 -0.1 -4.1 320.0 9.5 2.0 2.42 5.76 5.37 2 2 2 2 2 2 2 2 1.3 1.21 -4.0 -4.1 -4.1 -4.1 -4.1 -4.1 -4.1 0.616 0.997 0.15 0.579 0.779 1.294 2 2 2 2 2 2
2000-01-10T03:30:00 2000 1 10 3 30 0 -1.3 -2.5 323.0 11.6 2.47 2.05 5.2 5.49 2 2 2 2 2 2 2 2 2.0 1.42 -6.0 -2.5 -2.5 -2.5 -2.5 -2.5 -2.5 0.685 1.044 0.162 0.612 0.767 1.452 2 2 2 2 2 2
2000-01-10T04:30:00 2000 1 10 4 30 0 -2.9 -0.4 325.0 12.0 2.63 0.89 2.21 2.6 2 2 2 2 2 2 2 2 2.0 1.63 -4.0 -0.4 -0.4 -0.4 -0.4 -0.4 -0.4 0.578 0.796 0.163 0.428 0.492 1.171 2 2 2 2 2 2
2000-01-10T05:30:00 2000 1 10 5 30 0 -2.8 0.1 319.0 12.0 2.35 0.58 0.23 0.28 2 2 2 2 2 2 2 2 2.0 1.67 1.0 0.1 0.1 0.1 0.1 0.1 0.1 0.405 0.441 0.158 0.244 0.192 0.605 2 2 2 2 2 2
2000-01-10T06:30:00 2000 1 10 6 30 0 -2.7 -0.5 322.0 11.1 2.16 0.57 0.37 0.42 2 2 2 2 2 2 2 2 0.7 1.54 3.0 -0.5 -0.5 -0.5 -0.5 -0.5 -0.5 0.309 0.335 0.154 0.152 0.172 0.527 2 2 2 2 2 2
2000-01-10T07:30:00 2000 1 10 7 30 0 -3.7 -0.7 329.0 7.6 1.65 0.94 0.99 0.9 2 2 2 2 2 2 2 2 0.7 1.41 -1.0 -0.7 -0.7 -0.7 -0.7 -0.7 -0.7 0.272 0.341 0.151 0.121 0.222 0.528 2 2 2 2 2 2
2000-01-10T08:30:00 2000 1 10 8 30 0 -3.2 2.6 328.0 7.6 1.65 0.56 0.08 0.06 2 2 2 2 2 2 2 2 0.7 1.33 -1.0 2.6 2.6 2.6 2.6 2.6 2.6 0.184 0.17 0.146 0.068 0.07 0.219 2 2 2 2 2 2
2000-01-10T09:30:00 2000 1 10 9 30 0 -4.1 -1.4 324.0 7.2 1.53 0.88 0.5 0.36 2 2 2 2 2 2 2 2 0.7 1.25 0.0 -1.4 -1.4 -1.4 -1.4 -1.4 -1.4 0.169 0.203 0.143 0.07 0.15 0.266 2 2 2 2 2 2
2000-01-10T10:30:00 2000 1 10 10 30 0 -3.5 0.0 320.0 7.1 1.47 1.23 1.03 0.74 2 2 2 2 2 2 2 2 0.7 1.17 -3.0 0.0 0.0 0.0 0.0 0.0 0.0 0.158 0.21 0.141 0.064 0.141 0.263 2 2 2 2 2 2
2000-01-10T11:30:00 2000 1 10 11 30 0 -3.8 -0.1 316.0 7.4 1.51 0.88 0.09 0.06 2 2 2 2 2 2 2 2 0.7 1.01 -2.0 -0.1 -0.1 -0.1 -0.1 -0.1 -0.1 0.115 0.14 0.136 0.038 0.077 0.179 2 2 2 2 2 2
2000-01-10T12:30:00 2000 1 10 12 30 0 -0.5 2.7 315.0 7.6 1.51 0.22 0.0 0.0 2 2 2 2 2 2 2 2 1.0 0.89 -5.0 2.7 2.7 2.7 2.7 2.7 2.7 0.078 0.069 0.132 0.021 0.024 0.074 2 2 2 2 2 2
2000-01-10T13:30:00 2000 1 10 13 30 0 1.2 4.7 321.0 8.7 1.75 0.0 0.0 0.0 2 2 2 2 2 2 2 2 1.0 0.78 -4.0 4.7 4.7 4.7 4.7 4.7 4.7 0.053 0.034 0.128 0.012 0.008 0.031 2 2 2 2 2 2
2000-01-10T14:30:00 2000 1 10 14 30 0 -1.6 1.9 323.0 10.3 2.11 0.01 0.0 0.0 2 2 2 2 2 2 2 2 1.0 0.82 -1.0 1.9 1.9 1.9 1.9 1.9 1.9 0.036 0.017 0.124 0.007 0.002 0.013 2 2 2 2 2 2
2000-01-10T15:30:00 2000 1 10 15 30 0 -2.8 0.6 335.0 13.9 2.97 0.19 0.0 0.0 2 2 2 2 2 2 2 2 1.7 0.95 1.0 0.6 0.6 0.6 0.6 0.6 0.6 0.024 0.008 0.121 0.004 0.001 0.005 2 2 2 2 2 2
2000-01-10T16:30:00 2000 1 10 16 30 0 1.2 -0.2 337.0 19.0 3.99 0.1 0.06 0.11 2 2 2 2 2 2 2 2 1.7 1.07 5.0 -0.2 -0.2 -0.2 -0.2 -0.2 -0.2 0.026 0.041 0.117 0.006 0.04 0.17 2 2 2 2 2 2
2000-01-10T17:30:00 2000 1 10 17 30 0 3.3 -4.5 347.0 22.0 4.95 2.2 4.35 9.15 2 2 2 2 2 2 2 2 1.7 1.2 10.0 -4.5 -4.5 -4.5 -4.5 -4.5 -4.5 0.379 0.783 0.137 0.442 0.819 2.651 2 2 2 2 2 2
2000-01-10T18:30:00 2000 1 10 18 30 0 -4.6 -3.0 339.0 18.5 4.22 3.33 6.32 12.79 2 2 2 2 2 2 2 2 2.0 1.36 3.0 -3.0 -3.0 -3.0 -3.0 -3.0 -3.0 0.659 1.194 0.163 0.729 1.063 3.533 2 2 2 2 2 2
2000-01-10T19:30:00 2000 1 10 19 30 0 -5.7 -2.1 341.0 18.6 4.45 3.77 4.27 7.92 2 2 2 2 2 2 2 2 2.0 1.52 1.0 -2.1 -2.1 -2.1 -2.1 -2.1 -2.1 0.727 1.201 0.175 0.694 0.941 3.302 2 2 2 2 2 2
2000-01-10T20:30:00 2000 1 10 20 30 0 -1.9 -5.2 339.0 19.8 4.8 4.32 6.42 12.41 2 2 2 2 2 2 2 2 2.0 1.65 0.0 -5.2 -5.2 -5.2 -5.2 -5.2 -5.2 0.949 1.501 0.203 0.989 1.226 4.0 2 2 2 2 2 2
2000-01-10T21:30:00 2000 1 10 21 30 0 0.4 -1.9 357.0 15.4 4.09 2.57 5.93 10.52 2 2 2 2 2 2 2 2 3.0 1.9 -5.0 -1.9 -1.9 -1.9 -1.9 -1.9 -1.9 0.982 1.417 0.222 0.941 1.076 3.589 2 2 2 2 2 2
2000-01-10T22:30:00 2000 1 10 22 30 0 -8.4 -1.5 389.0 11.0 3.15 3.0 3.15 4.11 2 2 2 2 2 2 2 2 3.0 2.15 -8.0 -1.5 -1.5 -1.5 -1.5 -1.5 -1.5 0.853 1.103 0.226 0.695 0.808 2.637 2 2 2 2 2 2
2000-01-10T23:30:00 2000 1 10 23 30 0 -8.5 -2.4 404.0 11.2 3.48 7.42 3.95 4.39 2 2 2 2 2 2 2 2 3.0 2.32 -6.0 -2.4 -2.4 -2.4 -2.4 -2.4 -2.4 0.809 1.003 0.235 0.628 0.849 2.41 2 2 2 2 2 2
