2000-12-15T00:30:00 2000 12 15 0 30 0 -2.5 -0.6 372.0 3.1 0.79 0.69 0.38 0.12 2 2 2 2 2 2 2 2 0.7 0.74 9.0 -0.6 -0.6 -0.6 -0.6 -0.6 -0.6 0.141 0.185 0.055 0.075 0.148 0.152 2 2 2 2 2 2
2000-12-15T01:30:00 2000 12 15 1 30 0 -2.7 -2.3 374.0 3.0 0.78 1.33 2.84 0.86 2 2 2 2 2 2 2 2 0.7 0.78 10.0 -2.3 -2.3 -2.3 -2.3 -2.3 -2.3 0.206 0.309 0.06 0.142 0.323 0.251 2 2 2 2 2 2
2000-12-15T02:30:00 2000 12 15 2 30 0 -3.4 -0.1 371.0 3.5 0.91 1.31 2.07 0.66 2 2 2 2 2 2 2 2 0.7 0.83 8.0 -0.1 -0.1 -0.1 -0.1 -0.1 -0.1 0.2 0.277 0.062 0.123 0.242 0.226 2 2 2 2 2 2
2000-12-15T03:30:00 2000 12 15 3 30 0 -2.8 -0.9 363.0 3.2 0.79 0.93 0.98 0.32 2 2 2 2 2 2 2 2 0.0 0.78 5.0 -0.9 -0.9 -0.9 -0.9 -0.9 -0.9 0.182 0.251 0.061 0.096 0.214 0.209 2 2 2 2 2 2
2000-12-15T04:30:00 2000 12 15 4 30 0 -1.6 -0.7 357.0 3.3 0.78 0.63 1.42 0.46 2 2 2 2 2 2 2 2 0.0 0.73 4.0 -0.7 -0.7 -0.7 -0.7 -0.7 -0.7 0.178 0.253 0.062 0.088 0.215 0.208 2 2 2 2 2 2
2000-12-15T05:30:00 2000 12 15 5 30 0 -1.5 -0.7 355.0 3.3 0.77 0.36 1.25 0.41 2 2 2 2 2 2 2 2 0.0 0.57 5.0 -0.7 -0.7 -0.7 -0.7 -0.7 -0.7 0.171 0.248 0.062 0.079 0.206 0.201 2 2 2 2 2 2
2000-12-15T06:30:00 2000 12 15 6 30 0 -1.6 -0.7 353.0 3.3 0.76 0.37 1.24 0.41 2 2 2 2 2 2 2 2 0.3 0.45 5.0 -0.7 -0.7 -0.7 -0.7 -0.7 -0.7 0.167 0.245 0.062 0.074 0.202 0.197 2 2 2 2 2 2
2000-12-15T07:30:00 2000 12 15 7 30 0 -1.8 -0.2 353.0 3.4 0.79 0.32 0.76 0.25 2 2 2 2 2 2 2 2 0.3 0.33 6.0 -0.2 -0.2 -0.2 -0.2 -0.2 -0.2 0.142 0.199 0.06 0.055 0.147 0.161 2 2 2 2 2 2
2000-12-15T08:30:00 2000 12 15 8 30 0 -1.2 1.0 353.0 3.9 0.91 0.12 0.01 0.01 2 2 2 2 2 2 2 2 0.3 0.28 4.0 1.0 1.0 1.0 1.0 1.0 1.0 0.096 0.099 0.059 0.031 0.047 0.067 2 2 2 2 2 2
2000-12-15T09:30:00 2000 12 15 9 30 0 -0.2 0.6 344.0 4.4 0.97 0.01 0.0 0.0 2 2 2 2 2 2 2 2 0.7 0.29 3.0 0.6 0.6 0.6 0.6 0.6 0.6 0.065 0.049 0.057 0.017 0.015 0.028 2 2 2 2 2 2
2000-12-15T10:30:00 2000 12 15 10 30 0 -0.5 -1.4 344.0 4.3 0.94 0.13 0.95 0.41 2 2 2 2 2 2 2 2 0.7 0.3 1.0 -1.4 -1.4 -1.4 -1.4 -1.4 -1.4 0.099 0.158 0.057 0.049 0.159 0.156 2 2 2 2 2 2
2000-12-15T11:30:00 2000 12 15 11 30 0 -1.4 -1.0 348.0 4.1 0.91 0.42 2.05 0.86 2 2 2 2 2 2 2 2 0.7 0.38 3.0 -1.0 -1.0 -1.0 -1.0 -1.0 -1.0 0.15 0.264 0.059 0.087 0.251 0.252 2 2 2 2 2 2
2000-12-15T12:30:00 2000 12 15 12 30 0 -1.4 -1.1 360.0 4.7 1.13 0.47 1.87 0.83 2 2 2 2 2 2 2 2 0.7 0.47 5.0 -1.1 -1.1 -1.1 -1.1 -1.1 -1.1 0.184 0.318 0.061 0.107 0.292 0.322 2 2 2 2 2 2
2000-12-15T13:30:00 2000 12 15 13 30 0 -0.3 -0.7 366.0 6.4 1.6 0.27 1.6 0.89 2 2 2 2 2 2 2 2 0.7 0.56 8.0 -0.7 -0.7 -0.7 -0.7 -0.7 -0.7 0.2 0.335 0.062 0.109 0.294 0.411 2 2 2 2 2 2
2000-12-15T14:30:00 2000 12 15 14 30 0 0.5 -0.8 365.0 7.0 1.74 0.14 1.38 0.93 2 2 2 2 2 2 2 2 0.7 0.6 13.0 -0.8 -0.8 -0.8 -0.8 -0.8 -0.8 0.209 0.348 0.063 0.108 0.301 0.5 2 2 2 2 2 2
2000-12-15T15:30:00 2000 12 15 15 30 0 0.7 -0.7 361.0 6.9 1.66 0.17 1.35 0.94 2 2 2 2 2 2 2 2 0.3 0.6 13.0 -0.7 -0.7 -0.7 -0.7 -0.7 -0.7 0.213 0.35 0.064 0.105 0.294 0.528 2 2 2 2 2 2
2000-12-15T16:30:00 2000 12 15 16 30 0 0.5 -0.6 358.0 6.8 1.69 0.14 1.16 0.79 2 2 2 2 2 2 2 2 0.3 0.6 10.0 -0.6 -0.6 -0.6 -0.6 -0.6 -0.6 0.207 0.333 0.064 0.095 0.268 0.504 2 2 2 2 2 2
2000-12-15T17:30:00 2000 12 15 17 30 0 0.5 -0.8 351.0 6.6 1.5 0.14 1.25 0.84 2 2 2 2 2 2 2 2 0.3 0.54 11.0 -0.8 -0.8 -0.8 -0.8 -0.8 -0.8 0.209 0.339 0.065 0.095 0.274 0.497 2 2 2 2 2 2
2000-12-15T18:30:00 2000 12 15 18 30 0 0.9 -0.2 351.0 6.3 1.43 0.11 0.83 0.54 2 2 2 2 2 2 2 2 0.7 0.55 13.0 -0.2 -0.2 -0.2 -0.2 -0.2 -0.2 0.182 0.278 0.064 0.073 0.2 0.393 2 2 2 2 2 2
2000-12-15T19:30:00 2000 12 15 19 30 0 0.6 0.1 352.0 7.0 1.65 0.05 0.1 0.07 2 2 2 2 2 2 2 2 0.7 0.55 12.0 0.1 0.1 0.1 0.1 0.1 0.1 0.128 0.154 0.062 0.042 0.078 0.196 2 2 2 2 2 2
2000-12-15T20:30:00 2000 12 15 20 30 0 0.9 0.3 352.0 7.5 1.82 0.03 0.0 0.0 2 2 2 2 2 2 2 2 0.7 0.55 11.0 0.3 0.3 0.3 0.3 0.3 0.3 0.086 0.077 0.06 0.023 0.025 0.081 2 2 2 2 2 2
2000-12-15T21:30:00 2000 12 15 21 30 0 1.4 -0.1 349.0 7.9 1.81 0.1 0.03 0.02 2 2 2 2 2 2 2 2 0.3 0.5 12.0 -0.1 -0.1 -0.1 -0.1 -0.1 -0.1 0.062 0.054 0.059 0.014 0.026 0.075 2 2 2 2 2 2
2000-12-15T22:30:00 2000 12 15 22 30 0 1.7 0.3 345.0 7.3 1.6 0.16 0.01 0.01 2 2 2 2 2 2 2 2 0.3 0.45 11.0 0.3 0.3 0.3 0.3 0.3 0.3 0.042 0.027 0.057 0.008 0.008 0.031 2 2 2 2 2 2
2000-12-15T23:30:00 2000 12 15 23 30 0 -1.4 1.7 348.0 6.5 1.49 0.02 0.0 0.0 2 2 2 2 2 2 2 2 0.3 0.45 12.0 1.7 1.7 1.7 1.7 1.7 1.7 0.029 0.013 0.055 0.004 0.003 0.013 2 2 2 2 2 2
