2000-01-17T00:30:00 2000 1 17 0 30 0 2.1 -1.8 368.0 3.4 0.85 1.53 4.6 1.35 2 2 2 2 2 2 2 2 1.3 1.76 -10.0 -1.8 -1.8 -1.8 -1.8 -1.8 -1.8 0.441 0.536 0.187 0.358 0.494 0.363 2 2 2 2 2 2
2000-01-17T01:30:00 2000 1 17 1 30 0 -3.7 -0.2 397.0 2.9 0.85 0.63 1.77 0.57 2 2 2 2 2 2 2 2 1.3 1.71 -8.0 -0.2 -0.2 -0.2 -0.2 -0.2 -0.2 0.353 0.382 0.184 0.237 0.296 0.271 2 2 2 2 2 2
2000-01-17T02:30:00 2000 1 17 2 30 0 -3.4 -0.9 397.0 2.8 0.83 1.3 1.15 0.33 2 2 2 2 2 2 2 2 1.3 1.66 -4.0 -0.9 -0.9 -0.9 -0.9 -0.9 -0.9 0.288 0.302 0.181 0.163 0.247 0.233 2 2 2 2 2 2
2000-01-17T03:30:00 2000 1 17 3 30 0 -3.7 -1.0 403.0 2.8 0.86 1.56 1.91 0.53 2 2 2 2 2 2 2 2 0.3 1.47 -2.0 -1.0 -1.0 -1.0 -1.0 -1.0 -1.0 0.265 0.293 0.179 0.141 0.275 0.244 2 2 2 2 2 2
2000-01-17T04:30:00 2000 1 17 4 30 0 -3.9 -1.3 399.0 2.8 0.84 1.88 2.33 0.65 2 2 2 2 2 2 2 2 0.3 1.29 -5.0 -1.3 -1.3 -1.3 -1.3 -1.3 -1.3 0.263 0.311 0.178 0.144 0.315 0.266 2 2 2 2 2 2
2000-01-17T05:30:00 2000 1 17 5 30 0 -3.2 -1.0 413.0 3.1 0.98 1.69 2.31 0.68 2 2 2 2 2 2 2 2 0.3 1.08 -7.0 -1.0 -1.0 -1.0 -1.0 -1.0 -1.0 0.259 0.316 0.177 0.141 0.325 0.291 2 2 2 2 2 2
2000-01-17T06:30:00 2000 1 17 6 30 0 -3.5 -1.9 402.0 2.9 0.89 1.86 3.02 0.9 2 2 2 2 2 2 2 2 1.0 0.96 -6.0 -1.9 -1.9 -1.9 -1.9 -1.9 -1.9 0.285 0.364 0.178 0.177 0.395 0.333 2 2 2 2 2 2
2000-01-17T07:30:00 2000 1 17 7 30 0 -4.2 -1.8 382.0 2.8 0.78 2.46 3.61 1.03 2 2 2 2 2 2 2 2 1.0 0.84 -8.0 -1.8 -1.8 -1.8 -1.8 -1.8 -1.8 0.312 0.4 0.181 0.208 0.414 0.333 2 2 2 2 2 2
2000-01-17T08:30:00 2000 1 17 8 30 0 -3.5 0.0 359.0 2.9 0.71 1.57 1.54 0.44 2 2 2 2 2 2 2 2 1.0 0.81 -8.0 0.0 0.0 0.0 0.0 0.0 0.0 0.253 0.286 0.177 0.144 0.227 0.213 2 2 2 2 2 2
2000-01-17T09:30:00 2000 1 17 9 30 0 -4.3 -0.2 376.0 3.0 0.81 1.2 0.2 0.06 2 2 2 2 2 2 2 2 0.3 0.69 -5.0 -0.2 -0.2 -0.2 -0.2 -0.2 -0.2 0.183 0.18 0.172 0.084 0.119 0.135 2 2 2 2 2 2
2000-01-17T10:30:00 2000 1 17 10 30 0 -4.1 0.3 370.0 2.8 0.73 1.28 0.06 0.02 2 2 2 2 2 2 2 2 0.3 0.56 -4.0 0.3 0.3 0.3 0.3 0.3 0.3 0.126 0.094 0.167 0.048 0.042 0.062 2 2 2 2 2 2
2000-01-17T11:30:00 2000 1 17 11 30 0 -2.4 2.2 365.0 3.1 0.78 0.48 0.0 0.0 2 2 2 2 2 2 2 2 0.3 0.56 0.0 2.2 2.2 2.2 2.2 2.2 2.2 0.085 0.047 0.162 0.027 0.013 0.026 2 2 2 2 2 2
2000-01-17T12:30:00 2000 1 17 12 30 0 -0.4 2.6 354.0 3.6 0.83 0.04 0.0 0.0 2 2 2 2 2 2 2 2 0.7 0.61 1.0 2.6 2.6 2.6 2.6 2.6 2.6 0.058 0.023 0.157 0.015 0.004 0.011 2 2 2 2 2 2
2000-01-17T13:30:00 2000 1 17 13 30 0 0.7 2.0 346.0 3.9 0.85 0.0 0.0 0.0 2 2 2 2 2 2 2 2 0.7 0.66 0.0 2.0 2.0 2.0 2.0 2.0 2.0 0.039 0.012 0.152 0.008 0.001 0.004 2 2 2 2 2 2
2000-01-17T14:30:00 2000 1 17 14 30 0 0.5 0.1 340.0 3.8 0.8 0.01 0.0 0.0 2 2 2 2 2 2 2 2 0.7 0.62 -1.0 0.1 0.1 0.1 0.1 0.1 0.1 0.026 0.006 0.147 0.005 0.0 0.002 2 2 2 2 2 2
2000-01-17T15:30:00 2000 1 17 15 30 0 -0.7 -0.6 339.0 3.4 0.73 0.04 0.48 0.17 2 2 2 2 2 2 2 2 0.3 0.54 -2.0 -0.6 -0.6 -0.6 -0.6 -0.6 -0.6 0.045 0.081 0.144 0.016 0.086 0.078 2 2 2 2 2 2
2000-01-17T16:30:00 2000 1 17 16 30 0 -1.4 0.6 338.0 3.3 0.7 0.09 0.21 0.07 2 2 2 2 2 2 2 2 0.3 0.45 -2.0 0.6 0.6 0.6 0.6 0.6 0.6 0.036 0.053 0.139 0.011 0.038 0.044 2 2 2 2 2 2
2000-01-17T17:30:00 2000 1 17 17 30 0 -2.0 0.4 336.0 3.2 0.68 0.14 0.0 0.0 2 2 2 2 2 2 2 2 0.3 0.45 -2.0 0.4 0.4 0.4 0.4 0.4 0.4 0.024 0.027 0.135 0.006 0.012 0.018 2 2 2 2 2 2
2000-01-17T18:30:00 2000 1 17 18 30 0 -2.4 -0.2 345.0 3.5 0.77 0.34 0.07 0.02 2 2 2 2 2 2 2 2 0.7 0.5 -1.0 -0.2 -0.2 -0.2 -0.2 -0.2 -0.2 0.023 0.036 0.131 0.005 0.03 0.035 2 2 2 2 2 2
2000-01-17T19:30:00 2000 1 17 19 30 0 -4.2 -1.6 353.0 3.5 0.8 1.31 1.68 0.59 2 2 2 2 2 2 2 2 0.7 0.55 -5.0 -1.6 -1.6 -1.6 -1.6 -1.6 -1.6 0.092 0.19 0.13 0.061 0.208 0.17 2 2 2 2 2 2
2000-01-17T20:30:00 2000 1 17 20 30 0 -2.1 0.3 339.0 3.8 0.81 0.98 1.06 0.38 2 2 2 2 2 2 2 2 0.7 0.55 -8.0 0.3 0.3 0.3 0.3 0.3 0.3 0.094 0.168 0.128 0.053 0.137 0.14 2 2 2 2 2 2
2000-01-17T21:30:00 2000 1 17 21 30 0 -3.3 -1.5 341.0 3.3 0.73 0.83 1.17 0.4 2 2 2 2 2 2 2 2 0.0 0.46 -6.0 -1.5 -1.5 -1.5 -1.5 -1.5 -1.5 0.123 0.225 0.126 0.072 0.203 0.179 2 2 2 2 2 2
2000-01-17T22:30:00 2000 1 17 22 30 0 -3.5 -1.1 341.0 3.3 0.74 1.44 2.19 0.72 2 2 2 2 2 2 2 2 0.0 0.37 -5.0 -1.1 -1.1 -1.1 -1.1 -1.1 -1.1 0.164 0.288 0.126 0.099 0.253 0.214 2 2 2 2 2 2
2000-01-17T23:30:00 2000 1 17 23 30 0 -2.4 -0.9 335.0 3.5 0.75 1.0 1.68 0.57 2 2 2 2 2 2 2 2 0.0 0.33 -8.0 -0.9 -0.9 -0.9 -0.9 -0.9 -0.9 0.176 0.295 0.125 0.099 0.24 0.215 2 2 2 2 2 2
