2000-03-04T00:30:00 2000 3 4 0 30 0 2.5 2.6 379.0 4.6 1.35 0.18 0.0 0.0 2 2 2 2 2 2 2 2 0.0 1.65 -3.0 2.6 2.6 2.6 2.6 2.6 2.6 0.143 0.099 0.198 0.064 0.033 0.081 2 2 2 2 2 2
2000-03-04T01:30:00 2000 3 4 1 30 0 2.7 1.1 375.0 4.6 1.31 0.23 0.0 0.0 2 2 2 2 2 2 2 2 0.0 1.47 -1.0 1.1 1.1 1.1 1.1 1.1 1.1 0.097 0.049 0.192 0.036 0.01 0.033 2 2 2 2 2 2
2000-03-04T02:30:00 2000 3 4 2 30 0 1.7 1.9 371.0 4.2 1.18 0.16 0.0 0.0 2 2 2 2 2 2 2 2 0.0 1.18 -3.0 1.9 1.9 1.9 1.9 1.9 1.9 0.065 0.024 0.186 0.02 0.003 0.014 2 2 2 2 2 2
2000-03-04T03:30:00 2000 3 4 3 30 0 0.4 2.7 369.0 4.0 1.11 0.02 0.0 0.0 2 2 2 2 2 2 2 2 0.0 0.9 -3.0 2.7 2.7 2.7 2.7 2.7 2.7 0.044 0.012 0.18 0.011 0.001 0.006 2 2 2 2 2 2
2000-03-04T04:30:00 2000 3 4 4 30 0 0.7 2.1 366.0 3.9 1.06 0.0 0.0 0.0 2 2 2 2 2 2 2 2 0.0 0.62 -4.0 2.1 2.1 2.1 2.1 2.1 2.1 0.03 0.006 0.175 0.006 0.0 0.002 2 2 2 2 2 2
2000-03-04T05:30:00 2000 3 4 5 30 0 0.8 0.9 361.0 3.7 0.98 0.01 0.0 0.0 2 2 2 2 2 2 2 2 0.0 0.41 -4.0 0.9 0.9 0.9 0.9 0.9 0.9 0.02 0.003 0.169 0.004 0.0 0.001 2 2 2 2 2 2
2000-03-04T06:30:00 2000 3 4 6 30 0 0.3 0.8 359.0 3.4 0.9 0.01 0.0 0.0 2 2 2 2 2 2 2 2 0.3 0.24 -3.0 0.8 0.8 0.8 0.8 0.8 0.8 0.014 0.001 0.164 0.002 0.0 0.0 2 2 2 2 2 2
2000-03-04T07:30:00 2000 3 4 7 30 0 -0.5 0.2 358.0 3.5 0.92 0.0 0.0 0.0 2 2 2 2 2 2 2 2 0.3 0.08 -3.0 0.2 0.2 0.2 0.2 0.2 0.2 0.009 0.001 0.159 0.001 0.0 0.0 2 2 2 2 2 2
2000-03-04T08:30:00 2000 3 4 8 30 0 -1.1 1.8 355.0 3.6 0.95 0.01 0.0 0.0 2 2 2 2 2 2 2 2 0.3 0.12 -2.0 1.8 1.8 1.8 1.8 1.8 1.8 0.006 0.0 0.154 0.001 0.0 0.0 2 2 2 2 2 2
2000-03-04T09:30:00 2000 3 4 9 30 0 -0.8 2.4 357.0 3.8 1.01 0.01 0.0 0.0 2 2 2 2 2 2 2 2 0.7 0.21 -1.0 2.4 2.4 2.4 2.4 2.4 2.4 0.004 0.0 0.15 0.0 0.0 0.0 2 2 2 2 2 2
2000-03-04T10:30:00 2000 3 4 10 30 0 -1.1 1.9 355.0 3.9 1.04 0.01 0.0 0.0 2 2 2 2 2 2 2 2 0.7 0.3 1.0 1.9 1.9 1.9 1.9 1.9 1.9 0.003 0.0 0.145 0.0 0.0 0.0 2 2 2 2 2 2
2000-03-04T11:30:00 2000 3 4 11 30 0 -1.1 0.2 352.0 3.7 0.98 0.04 0.0 0.0 2 2 2 2 2 2 2 2 0.7 0.38 3.0 0.2 0.2 0.2 0.2 0.2 0.2 0.002 0.0 0.141 0.0 0.0 0.0 2 2 2 2 2 2
2000-03-04T12:30:00 2000 3 4 12 30 0 0.5 0.9 354.0 3.7 0.99 0.01 0.0 0.0 2 2 2 2 2 2 2 2 1.7 0.6 1.0 0.9 0.9 0.9 0.9 0.9 0.9 0.001 0.0 0.136 0.0 0.0 0.0 2 2 2 2 2 2
2000-03-04T13:30:00 2000 3 4 13 30 0 0.5 1.8 356.0 4.3 1.15 0.0 0.0 0.0 2 2 2 2 2 2 2 2 1.7 0.82 0.0 1.8 1.8 1.8 1.8 1.8 1.8 0.001 0.0 0.132 0.0 0.0 0.0 2 2 2 2 2 2
2000-03-04T14:30:00 2000 3 4 14 30 0 1.8 -1.5 356.0 5.4 1.43 0.24 0.72 0.38 2 2 2 2 2 2 2 2 1.7 0.99 1.0 -1.5 -1.5 -1.5 -1.5 -1.5 -1.5 0.05 0.12 0.13 0.039 0.149 0.164 2 2 2 2 2 2
2000-03-04T15:30:00 2000 3 4 15 30 0 2.5 -3.6 362.0 6.3 1.67 2.09 4.74 2.82 2 2 2 2 2 2 2 2 2.0 1.21 -3.0 -3.6 -3.6 -3.6 -3.6 -3.6 -3.6 0.255 0.478 0.141 0.27 0.54 0.623 2 2 2 2 2 2
2000-03-04T16:30:00 2000 3 4 16 30 0 0.4 1.4 362.0 5.6 1.52 0.8 2.08 1.27 2 2 2 2 2 2 2 2 2.0 1.42 -7.0 1.4 1.4 1.4 1.4 1.4 1.4 0.236 0.355 0.141 0.205 0.287 0.418 2 2 2 2 2 2
2000-03-04T17:30:00 2000 3 4 17 30 0 -0.3 0.1 358.0 5.5 1.5 0.0 0.0 0.0 2 2 2 2 2 2 2 2 2.0 1.58 -5.0 0.1 0.1 0.1 0.1 0.1 0.1 0.16 0.176 0.137 0.115 0.091 0.173 2 2 2 2 2 2
2000-03-04T18:30:00 2000 3 4 18 30 0 1.8 3.6 362.0 5.7 1.56 0.01 0.0 0.0 2 2 2 2 2 2 2 2 0.7 1.56 0.0 3.6 3.6 3.6 3.6 3.6 3.6 0.108 0.088 0.133 0.064 0.029 0.072 2 2 2 2 2 2
2000-03-04T19:30:00 2000 3 4 19 30 0 -0.2 3.3 356.0 5.3 1.46 0.01 0.0 0.0 2 2 2 2 2 2 2 2 0.7 1.55 -2.0 3.3 3.3 3.3 3.3 3.3 3.3 0.073 0.044 0.129 0.036 0.009 0.03 2 2 2 2 2 2
2000-03-04T20:30:00 2000 3 4 20 30 0 2.1 -1.7 358.0 6.3 1.68 0.24 0.65 0.4 2 2 2 2 2 2 2 2 0.7 1.42 1.0 -1.7 -1.7 -1.7 -1.7 -1.7 -1.7 0.102 0.149 0.127 0.064 0.162 0.212 2 2 2 2 2 2
2000-03-04T21:30:00 2000 3 4 21 30 0 3.0 4.0 362.0 6.0 1.63 0.34 0.34 0.21 2 2 2 2 2 2 2 2 0.7 1.3 3.0 4.0 4.0 4.0 4.0 4.0 4.0 0.075 0.09 0.123 0.038 0.066 0.117 2 2 2 2 2 2
2000-03-04T22:30:00 2000 3 4 22 30 0 1.0 3.5 352.0 5.1 1.38 0.06 0.0 0.0 2 2 2 2 2 2 2 2 0.7 1.17 4.0 3.5 3.5 3.5 3.5 3.5 3.5 0.051 0.045 0.12 0.021 0.021 0.048 2 2 2 2 2 2
2000-03-04T23:30:00 2000 3 4 23 30 0 1.0 3.8 349.0 5.0 1.34 0.01 0.0 0.0 2 2 2 2 2 2 2 2 0.7 1.01 9.0 3.8 3.8 3.8 3.8 3.8 3.8 0.034 0.022 0.116 0.012 0.007 0.02 2 2 2 2 2 2
