2000-04-27T00:30:00 2000 4 27 0 30 0 4.5 -0.4 403.0 7.6 2.33 0.95 0.07 0.05 2 2 2 2 2 2 2 2 3.0 0.92 8.0 -0.4 -0.4 -0.4 -0.4 -0.4 -0.4 0.014 0.04 0.129 0.007 0.059 0.114 2 2 2 2 2 2
2000-04-27T01:30:00 2000 4 27 1 30 0 0.4 3.4 411.0 14.4 4.61 0.39 0.01 0.01 2 2 2 2 2 2 2 2 3.0 1.3 12.0 3.4 3.4 3.4 3.4 3.4 3.4 0.009 0.02 0.125 0.004 0.019 0.047 2 2 2 2 2 2
2000-04-27T02:30:00 2000 4 27 2 30 0 1.9 3.4 412.0 12.4 3.96 0.02 0.0 0.0 2 2 2 2 2 2 2 2 3.0 1.59 10.0 3.4 3.4 3.4 3.4 3.4 3.4 0.006 0.01 0.122 0.002 0.006 0.02 2 2 2 2 2 2
2000-04-27T03:30:00 2000 4 27 3 30 0 4.9 4.1 415.0 6.4 1.98 0.33 0.0 0.0 2 2 2 2 2 2 2 2 1.7 1.71 1.0 4.1 4.1 4.1 4.1 4.1 4.1 0.004 0.005 0.118 0.001 0.002 0.008 2 2 2 2 2 2
2000-04-27T04:30:00 2000 4 27 4 30 0 4.6 3.4 411.0 8.6 2.7 0.68 0.0 0.0 2 2 2 2 2 2 2 2 1.7 1.83 6.0 3.4 3.4 3.4 3.4 3.4 3.4 0.003 0.002 0.114 0.001 0.001 0.003 2 2 2 2 2 2
2000-04-27T05:30:00 2000 4 27 5 30 0 3.2 3.7 406.0 10.7 3.33 0.41 0.0 0.0 2 2 2 2 2 2 2 2 1.7 1.94 9.0 3.7 3.7 3.7 3.7 3.7 3.7 0.002 0.001 0.111 0.0 0.0 0.001 2 2 2 2 2 2
2000-04-27T06:30:00 2000 4 27 6 30 0 0.9 4.8 415.0 11.1 3.74 0.07 0.0 0.0 2 2 2 2 2 2 2 2 2.0 2.1 13.0 4.8 4.8 4.8 4.8 4.8 4.8 0.001 0.001 0.107 0.0 0.0 0.001 2 2 2 2 2 2
2000-04-27T07:30:00 2000 4 27 7 30 0 4.1 4.4 430.0 6.8 2.4 0.15 0.0 0.0 2 2 2 2 2 2 2 2 2.0 2.25 9.0 4.4 4.4 4.4 4.4 4.4 4.4 0.001 0.0 0.104 0.0 0.0 0.0 2 2 2 2 2 2
2000-04-27T08:30:00 2000 4 27 8 30 0 -0.3 0.7 442.0 8.8 3.26 0.11 0.0 0.0 2 2 2 2 2 2 2 2 2.0 2.13 13.0 0.7 0.7 0.7 0.7 0.7 0.7 0.001 0.0 0.101 0.0 0.0 0.0 2 2 2 2 2 2
2000-04-27T09:30:00 2000 4 27 9 30 0 -2.6 -5.5 418.0 4.8 1.54 2.82 5.67 3.34 2 2 2 2 2 2 2 2 2.7 2.1 6.0 -5.5 -5.5 -5.5 -5.5 -5.5 -5.5 0.277 0.459 0.124 0.376 0.695 0.826 2 2 2 2 2 2
2000-04-27T10:30:00 2000 4 27 10 30 0 -2.3 -4.7 410.0 7.4 2.38 6.65 10.48 6.47 2 2 2 2 2 2 2 2 2.7 2.07 -3.0 -4.7 -4.7 -4.7 -4.7 -4.7 -4.7 0.596 0.863 0.166 0.808 1.115 1.473 2 2 2 2 2 2
2000-04-27T11:30:00 2000 4 27 11 30 0 -3.7 -4.5 425.0 8.9 3.18 6.15 9.6 7.88 2 2 2 2 2 2 2 2 2.7 2.2 -5.0 -4.5 -4.5 -4.5 -4.5 -4.5 -4.5 0.83 1.107 0.207 1.064 1.322 2.173 2 2 2 2 2 2
2000-04-27T12:30:00 2000 4 27 12 30 0 -2.8 -4.7 405.0 7.3 2.32 6.23 9.54 7.67 2 2 2 2 2 2 2 2 2.3 2.27 -13.0 -4.7 -4.7 -4.7 -4.7 -4.7 -4.7 0.976 1.209 0.245 1.185 1.33 2.251 2 2 2 2 2 2
2000-04-27T13:30:00 2000 4 27 13 30 0 -3.1 -5.3 400.0 7.4 2.33 6.71 10.11 7.43 2 2 2 2 2 2 2 2 2.3 2.34 -17.0 -5.3 -5.3 -5.3 -5.3 -5.3 -5.3 1.091 1.283 0.283 1.295 1.343 2.18 2 2 2 2 2 2
2000-04-27T14:30:00 2000 4 27 14 30 0 -3.8 -4.0 390.0 6.5 1.9 6.13 9.07 6.29 2 2 2 2 2 2 2 2 2.3 2.38 -24.0 -4.0 -4.0 -4.0 -4.0 -4.0 -4.0 1.103 1.231 0.311 1.223 1.196 1.888 2 2 2 2 2 2
2000-04-27T15:30:00 2000 4 27 15 30 0 -6.2 -2.3 398.0 7.8 2.45 5.08 6.07 4.33 2 2 2 2 2 2 2 2 3.0 2.5 -28.0 -2.3 -2.3 -2.3 -2.3 -2.3 -2.3 1.004 1.069 0.323 0.978 0.968 1.658 2 2 2 2 2 2
2000-04-27T16:30:00 2000 4 27 16 30 0 -5.8 2.3 398.0 9.2 2.94 2.79 0.95 0.77 2 2 2 2 2 2 2 2 3.0 2.63 -28.0 2.3 2.3 2.3 2.3 2.3 2.3 0.706 0.58 0.315 0.567 0.359 0.798 2 2 2 2 2 2
2000-04-27T17:30:00 2000 4 27 17 30 0 -1.6 5.9 407.0 11.2 3.71 0.4 0.0 0.0 2 2 2 2 2 2 2 2 3.0 2.67 -18.0 5.9 5.9 5.9 5.9 5.9 5.9 0.478 0.288 0.305 0.317 0.114 0.331 2 2 2 2 2 2
2000-04-27T18:30:00 2000 4 27 18 30 0 4.1 3.7 405.0 10.6 3.46 0.1 0.0 0.0 2 2 2 2 2 2 2 2 2.7 2.67 -14.0 3.7 3.7 3.7 3.7 3.7 3.7 0.324 0.143 0.296 0.178 0.036 0.137 2 2 2 2 2 2
2000-04-27T19:30:00 2000 4 27 19 30 0 6.5 2.9 402.0 15.2 5.12 1.07 0.0 0.0 2 2 2 2 2 2 2 2 2.7 2.67 -4.0 2.9 2.9 2.9 2.9 2.9 2.9 0.219 0.071 0.287 0.099 0.011 0.057 2 2 2 2 2 2
2000-04-27T20:30:00 2000 4 27 20 30 0 -1.7 10.2 397.0 11.5 3.29 0.24 0.0 0.0 2 2 2 2 2 2 2 2 2.7 2.72 -11.0 10.2 10.2 10.2 10.2 10.2 10.2 0.148 0.035 0.278 0.056 0.004 0.024 2 2 2 2 2 2
2000-04-27T21:30:00 2000 4 27 21 30 0 -9.3 2.0 387.0 11.6 3.61 1.34 0.0 0.0 2 2 2 2 2 2 2 2 4.0 2.93 -8.0 2.0 2.0 2.0 2.0 2.0 2.0 0.1 0.018 0.269 0.031 0.001 0.01 2 2 2 2 2 2
2000-04-27T22:30:00 2000 4 27 22 30 0 -8.3 -4.4 393.0 10.9 3.33 7.34 3.33 3.68 2 2 2 2 2 2 2 2 4.0 3.15 -11.0 -4.4 -4.4 -4.4 -4.4 -4.4 -4.4 0.303 0.46 0.279 0.316 0.613 1.208 2 2 2 2 2 2
2000-04-27T23:30:00 2000 4 27 23 30 0 -5.2 -5.5 395.0 9.9 3.29 10.12 9.84 10.18 2 2 2 2 2 2 2 2 4.0 3.28 -14.0 -5.5 -5.5 -5.5 -5.5 -5.5 -5.5 0.689 1.023 0.321 0.891 1.224 2.325 2 2 2 2 2 2
