2000-11-12T00:30:00 2000 11 12 0 30 0 1.6 -1.4 697.0 1.1 1.01 1.83 6.87 0.76 2 2 2 2 2 2 2 2 3.0 3.49 -34.0 -1.4 -1.4 -1.4 -1.4 -1.4 -1.4 0.38 0.313 0.644 0.348 0.751 0.415 2 2 2 2 2 2
2000-11-12T01:30:00 2000 11 12 1 30 0 -0.4 -0.6 684.0 1.2 1.05 0.56 3.34 0.38 2 2 2 2 2 2 2 2 3.0 3.36 -35.0 -0.6 -0.6 -0.6 -0.6 -0.6 -0.6 0.327 0.252 0.632 0.253 0.528 0.333 2 2 2 2 2 2
2000-11-12T02:30:00 2000 11 12 2 30 0 -0.4 0.2 676.0 1.4 1.19 0.06 0.68 0.09 2 2 2 2 2 2 2 2 3.0 3.24 -34.0 0.2 0.2 0.2 0.2 0.2 0.2 0.234 0.145 0.614 0.148 0.218 0.177 2 2 2 2 2 2
2000-11-12T03:30:00 2000 11 12 3 30 0 0.2 -0.5 678.0 1.4 1.19 0.03 0.68 0.09 2 2 2 2 2 2 2 2 4.0 3.25 -40.0 -0.5 -0.5 -0.5 -0.5 -0.5 -0.5 0.183 0.118 0.597 0.098 0.212 0.173 2 2 2 2 2 2
2000-11-12T04:30:00 2000 11 12 4 30 0 -2.0 -2.0 677.0 1.5 1.28 1.09 4.45 0.65 2 2 2 2 2 2 2 2 4.0 3.26 -42.0 -2.0 -2.0 -2.0 -2.0 -2.0 -2.0 0.243 0.216 0.594 0.185 0.549 0.359 2 2 2 2 2 2
2000-11-12T05:30:00 2000 11 12 5 30 0 -2.0 -1.8 680.0 1.5 1.31 2.33 6.42 0.96 2 2 2 2 2 2 2 2 4.0 3.39 -41.0 -1.8 -1.8 -1.8 -1.8 -1.8 -1.8 0.311 0.291 0.598 0.274 0.726 0.479 2 2 2 2 2 2
2000-11-12T06:30:00 2000 11 12 6 30 0 0.5 -2.9 672.0 1.6 1.38 2.53 8.09 1.26 2 2 2 2 2 2 2 2 4.0 3.51 -42.0 -2.9 -2.9 -2.9 -2.9 -2.9 -2.9 0.404 0.375 0.613 0.41 0.928 0.606 2 2 2 2 2 2
2000-11-12T07:30:00 2000 11 12 7 30 0 0.3 -0.5 651.0 1.8 1.44 1.24 5.31 0.89 2 2 2 2 2 2 2 2 4.0 3.64 -39.0 -0.5 -0.5 -0.5 -0.5 -0.5 -0.5 0.384 0.332 0.61 0.343 0.69 0.536 2 2 2 2 2 2
2000-11-12T08:30:00 2000 11 12 8 30 0 -1.5 -0.4 657.0 1.8 1.47 0.22 1.46 0.26 2 2 2 2 2 2 2 2 4.0 3.76 -34.0 -0.4 -0.4 -0.4 -0.4 -0.4 -0.4 0.303 0.239 0.594 0.219 0.423 0.399 2 2 2 2 2 2
2000-11-12T09:30:00 2000 11 12 9 30 0 -2.3 -0.9 664.0 1.8 1.48 0.91 2.22 0.4 2 2 2 2 2 2 2 2 3.7 3.84 -33.0 -0.9 -0.9 -0.9 -0.9 -0.9 -0.9 0.273 0.225 0.583 0.177 0.44 0.407 2 2 2 2 2 2
2000-11-12T10:30:00 2000 11 12 10 30 0 -1.2 0.0 650.0 2.0 1.57 0.63 1.36 0.25 2 2 2 2 2 2 2 2 3.7 3.92 -32.0 0.0 0.0 0.0 0.0 0.0 0.0 0.216 0.162 0.568 0.118 0.265 0.29 2 2 2 2 2 2
2000-11-12T11:30:00 2000 11 12 11 30 0 -1.6 1.9 673.0 1.7 1.47 0.12 0.0 0.0 2 2 2 2 2 2 2 2 3.7 3.88 -31.0 1.9 1.9 1.9 1.9 1.9 1.9 0.146 0.08 0.55 0.066 0.084 0.12 2 2 2 2 2 2
2000-11-12T12:30:00 2000 11 12 12 30 0 -0.7 3.1 678.0 1.7 1.51 0.03 0.0 0.0 2 2 2 2 2 2 2 2 3.3 3.79 -25.0 3.1 3.1 3.1 3.1 3.1 3.1 0.099 0.04 0.533 0.037 0.027 0.05 2 2 2 2 2 2
2000-11-12T13:30:00 2000 11 12 13 30 0 0.4 -0.6 656.0 2.1 1.7 0.02 0.24 0.05 2 2 2 2 2 2 2 2 3.3 3.7 -24.0 -0.6 -0.6 -0.6 -0.6 -0.6 -0.6 0.085 0.052 0.519 0.034 0.109 0.108 2 2 2 2 2 2
2000-11-12T14:30:00 2000 11 12 14 30 0 0.1 -1.1 655.0 2.0 1.63 0.33 2.85 0.58 2 2 2 2 2 2 2 2 3.3 3.62 -26.0 -1.1 -1.1 -1.1 -1.1 -1.1 -1.1 0.145 0.158 0.512 0.095 0.407 0.356 2 2 2 2 2 2
2000-11-12T15:30:00 2000 11 12 15 30 0 0.7 0.4 654.0 2.0 1.64 0.13 1.17 0.23 2 2 2 2 2 2 2 2 4.0 3.62 -26.0 0.4 0.4 0.4 0.4 0.4 0.4 0.122 0.114 0.498 0.069 0.214 0.234 2 2 2 2 2 2
2000-11-12T16:30:00 2000 11 12 16 30 0 0.8 1.4 650.0 2.2 1.76 0.02 0.0 0.0 2 2 2 2 2 2 2 2 4.0 3.63 -29.0 1.4 1.4 1.4 1.4 1.4 1.4 0.082 0.057 0.483 0.039 0.068 0.097 2 2 2 2 2 2
2000-11-12T17:30:00 2000 11 12 17 30 0 -2.1 0.9 647.0 2.2 1.74 0.08 0.0 0.0 2 2 2 2 2 2 2 2 4.0 3.67 -24.0 0.9 0.9 0.9 0.9 0.9 0.9 0.056 0.028 0.468 0.022 0.021 0.04 2 2 2 2 2 2
2000-11-12T18:30:00 2000 11 12 18 30 0 -3.0 0.1 648.0 2.1 1.67 0.72 0.0 0.0 2 2 2 2 2 2 2 2 2.3 3.48 -24.0 0.1 0.1 0.1 0.1 0.1 0.1 0.038 0.014 0.454 0.012 0.007 0.017 2 2 2 2 2 2
2000-11-12T19:30:00 2000 11 12 19 30 0 -1.2 -0.6 619.0 2.3 1.61 0.7 0.89 0.2 2 2 2 2 2 2 2 2 2.3 3.3 -28.0 -0.6 -0.6 -0.6 -0.6 -0.6 -0.6 0.063 0.079 0.443 0.031 0.194 0.198 2 2 2 2 2 2
2000-11-12T20:30:00 2000 11 12 20 30 0 -2.7 -0.3 627.0 2.0 1.46 0.76 1.36 0.29 2 2 2 2 2 2 2 2 2.3 3.17 -30.0 -0.3 -0.3 -0.3 -0.3 -0.3 -0.3 0.084 0.114 0.432 0.042 0.248 0.264 2 2 2 2 2 2
2000-11-12T21:30:00 2000 11 12 21 30 0 -3.6 1.1 635.0 2.0 1.56 1.07 0.07 0.01 2 2 2 2 2 2 2 2 2.7 3.1 -24.0 1.1 1.1 1.1 1.1 1.1 1.1 0.057 0.056 0.419 0.023 0.078 0.109 2 2 2 2 2 2
2000-11-12T22:30:00 2000 11 12 22 30 0 -2.7 0.6 616.0 2.1 1.55 0.85 0.0 0.0 2 2 2 2 2 2 2 2 2.7 3.02 -22.0 0.6 0.6 0.6 0.6 0.6 0.6 0.039 0.028 0.406 0.013 0.025 0.045 2 2 2 2 2 2
2000-11-12T23:30:00 2000 11 12 23 30 0 0.4 0.4 616.0 2.3 1.69 0.15 0.0 0.0 2 2 2 2 2 2 2 2 2.7 2.86 -23.0 0.4 0.4 0.4 0.4 0.4 0.4 0.026 0.014 0.394 0.007 0.008 0.019 2 2 2 2 2 2
