2000-12-26T00:30:00 2000 12 26 0 30 0 -5.6 4.7 390.0 14.2 4.21 1.29 0.0 0.0 2 2 2 2 2 2 2 2 1.7 1.49 9.0 4.7 4.7 4.7 4.7 4.7 4.7 0.043 0.052 0.286 0.014 0.024 0.142 2 2 2 2 2 2
2000-12-26T01:30:00 2000 12 26 1 30 0 -3.6 -1.8 405.0 11.7 3.65 1.28 0.66 0.79 2 2 2 2 2 2 2 2 1.7 1.42 9.0 -1.8 -1.8 -1.8 -1.8 -1.8 -1.8 0.097 0.184 0.281 0.072 0.238 0.616 2 2 2 2 2 2
2000-12-26T02:30:00 2000 12 26 2 30 0 -0.4 -3.6 411.0 9.3 2.99 2.45 5.67 5.82 2 2 2 2 2 2 2 2 1.7 1.59 4.0 -3.6 -3.6 -3.6 -3.6 -3.6 -3.6 0.374 0.644 0.299 0.413 0.829 1.717 2 2 2 2 2 2
2000-12-26T03:30:00 2000 12 26 3 30 0 3.5 -0.8 409.0 9.6 3.07 1.7 4.27 4.03 2 2 2 2 2 2 2 2 1.3 1.7 -1.0 -0.8 -0.8 -0.8 -0.8 -0.8 -0.8 0.442 0.679 0.304 0.416 0.725 1.683 2 2 2 2 2 2
2000-12-26T04:30:00 2000 12 26 4 30 0 5.6 3.1 415.0 9.2 3.02 1.21 0.11 0.1 2 2 2 2 2 2 2 2 1.3 1.81 -4.0 3.1 3.1 3.1 3.1 3.1 3.1 0.299 0.337 0.295 0.233 0.23 0.698 2 2 2 2 2 2
2000-12-26T05:30:00 2000 12 26 5 30 0 -0.1 4.6 425.0 7.6 2.58 0.26 0.0 0.0 2 2 2 2 2 2 2 2 1.3 1.69 -6.0 4.6 4.6 4.6 4.6 4.6 4.6 0.203 0.167 0.286 0.13 0.073 0.29 2 2 2 2 2 2
2000-12-26T06:30:00 2000 12 26 6 30 0 -3.2 3.9 430.0 5.7 1.91 0.07 0.0 0.0 2 2 2 2 2 2 2 2 1.0 1.53 -8.0 3.9 3.9 3.9 3.9 3.9 3.9 0.137 0.083 0.277 0.073 0.023 0.12 2 2 2 2 2 2
2000-12-26T07:30:00 2000 12 26 7 30 0 -6.4 -1.0 447.0 3.8 1.39 1.82 0.33 0.13 2 2 2 2 2 2 2 2 1.0 1.37 -9.0 -1.0 -1.0 -1.0 -1.0 -1.0 -1.0 0.118 0.096 0.27 0.061 0.106 0.147 2 2 2 2 2 2
2000-12-26T08:30:00 2000 12 26 8 30 0 -5.2 2.7 445.0 4.3 1.54 2.36 0.21 0.08 2 2 2 2 2 2 2 2 1.0 1.28 -10.0 2.7 2.7 2.7 2.7 2.7 2.7 0.082 0.054 0.262 0.035 0.041 0.074 2 2 2 2 2 2
2000-12-26T09:30:00 2000 12 26 9 30 0 -4.2 1.7 439.0 4.4 1.55 1.01 0.0 0.0 2 2 2 2 2 2 2 2 1.0 1.19 -14.0 1.7 1.7 1.7 1.7 1.7 1.7 0.056 0.027 0.254 0.019 0.013 0.031 2 2 2 2 2 2
2000-12-26T10:30:00 2000 12 26 10 30 0 -3.7 3.7 442.0 4.2 1.48 0.57 0.0 0.0 2 2 2 2 2 2 2 2 1.0 1.11 -16.0 3.7 3.7 3.7 3.7 3.7 3.7 0.038 0.013 0.246 0.011 0.004 0.013 2 2 2 2 2 2
2000-12-26T11:30:00 2000 12 26 11 30 0 -4.2 3.8 430.0 4.3 1.43 0.44 0.0 0.0 2 2 2 2 2 2 2 2 1.0 1.07 -11.0 3.8 3.8 3.8 3.8 3.8 3.8 0.025 0.007 0.239 0.006 0.001 0.005 2 2 2 2 2 2
2000-12-26T12:30:00 2000 12 26 12 30 0 -3.6 4.5 423.0 4.5 1.44 0.37 0.0 0.0 2 2 2 2 2 2 2 2 0.3 0.94 -7.0 4.5 4.5 4.5 4.5 4.5 4.5 0.017 0.003 0.231 0.003 0.0 0.002 2 2 2 2 2 2
2000-12-26T13:30:00 2000 12 26 13 30 0 -3.3 3.7 420.0 5.2 1.69 0.27 0.0 0.0 2 2 2 2 2 2 2 2 0.3 0.82 -5.0 3.7 3.7 3.7 3.7 3.7 3.7 0.012 0.002 0.224 0.002 0.0 0.001 2 2 2 2 2 2
2000-12-26T14:30:00 2000 12 26 14 30 0 -3.8 3.5 418.0 5.8 1.87 0.33 0.0 0.0 2 2 2 2 2 2 2 2 0.3 0.73 -3.0 3.5 3.5 3.5 3.5 3.5 3.5 0.008 0.001 0.218 0.001 0.0 0.0 2 2 2 2 2 2
2000-12-26T15:30:00 2000 12 26 15 30 0 -2.2 4.2 420.0 6.2 2.06 0.19 0.0 0.0 2 2 2 2 2 2 2 2 1.0 0.73 2.0 4.2 4.2 4.2 4.2 4.2 4.2 0.005 0.0 0.211 0.001 0.0 0.0 2 2 2 2 2 2
2000-12-26T16:30:00 2000 12 26 16 30 0 -3.6 4.0 422.0 6.6 2.26 0.18 0.0 0.0 2 2 2 2 2 2 2 2 1.0 0.74 4.0 4.0 4.0 4.0 4.0 4.0 4.0 0.004 0.0 0.204 0.0 0.0 0.0 2 2 2 2 2 2
2000-12-26T17:30:00 2000 12 26 17 30 0 -6.0 -1.2 420.0 6.8 2.37 1.71 0.4 0.27 2 2 2 2 2 2 2 2 1.0 0.74 6.0 -1.2 -1.2 -1.2 -1.2 -1.2 -1.2 0.038 0.08 0.2 0.031 0.129 0.196 2 2 2 2 2 2
2000-12-26T18:30:00 2000 12 26 18 30 0 -5.6 2.5 413.0 8.4 2.8 2.3 0.31 0.21 2 2 2 2 2 2 2 2 2.0 0.87 4.0 2.5 2.5 2.5 2.5 2.5 2.5 0.033 0.058 0.194 0.02 0.061 0.131 2 2 2 2 2 2
2000-12-26T19:30:00 2000 12 26 19 30 0 -3.4 -3.5 404.0 7.8 2.54 2.36 2.37 1.87 2 2 2 2 2 2 2 2 2.0 1.01 4.0 -3.5 -3.5 -3.5 -3.5 -3.5 -3.5 0.18 0.337 0.2 0.194 0.466 0.756 2 2 2 2 2 2
2000-12-26T20:30:00 2000 12 26 20 30 0 -6.5 1.4 413.0 8.5 2.85 2.85 2.25 1.8 2 2 2 2 2 2 2 2 2.0 1.22 -3.0 1.4 1.4 1.4 1.4 1.4 1.4 0.197 0.301 0.199 0.175 0.301 0.613 2 2 2 2 2 2
2000-12-26T21:30:00 2000 12 26 21 30 0 -6.5 0.9 407.0 7.3 2.27 2.55 0.0 0.0 2 2 2 2 2 2 2 2 2.7 1.52 -1.0 0.9 0.9 0.9 0.9 0.9 0.9 0.133 0.15 0.193 0.098 0.095 0.254 2 2 2 2 2 2
2000-12-26T22:30:00 2000 12 26 22 30 0 -6.3 -1.0 396.0 5.9 1.66 3.24 0.61 0.37 2 2 2 2 2 2 2 2 2.7 1.82 3.0 -1.0 -1.0 -1.0 -1.0 -1.0 -1.0 0.134 0.183 0.189 0.085 0.184 0.335 2 2 2 2 2 2
2000-12-26T23:30:00 2000 12 26 23 30 0 -5.3 -0.2 375.0 5.9 1.47 2.88 1.1 0.65 2 2 2 2 2 2 2 2 2.7 2.03 5.0 -0.2 -0.2 -0.2 -0.2 -0.2 -0.2 0.138 0.209 0.185 0.073 0.195 0.361 2 2 2 2 2 2
