2000-10-12T00:30:00 2000 10 12 0 30 0 3.0 -0.7 354.0 3.0 0.73 1.36 1.48 0.42 2 2 2 2 2 2 2 2 2.3 2.05 -20.0 -0.7 -0.7 -0.7 -0.7 -0.7 -0.7 0.328 0.341 0.521 0.177 0.251 0.219 2 2 2 2 2 2
2000-10-12T01:30:00 2000 10 12 1 30 0 3.9 -0.6 355.0 3.7 0.91 1.17 1.14 0.39 2 2 2 2 2 2 2 2 2.3 2.17 -20.0 -0.6 -0.6 -0.6 -0.6 -0.6 -0.6 0.27 0.285 0.507 0.126 0.21 0.207 2 2 2 2 2 2
2000-10-12T02:30:00 2000 10 12 2 30 0 3.6 -0.6 350.0 2.4 0.59 1.27 1.06 0.32 2 2 2 2 2 2 2 2 2.3 2.06 -22.0 -0.6 -0.6 -0.6 -0.6 -0.6 -0.6 0.224 0.244 0.493 0.093 0.18 0.17 2 2 2 2 2 2
2000-10-12T03:30:00 2000 10 12 3 30 0 3.6 -0.4 353.0 2.8 0.66 1.14 0.86 0.22 2 2 2 2 2 2 2 2 1.0 1.77 -21.0 -0.4 -0.4 -0.4 -0.4 -0.4 -0.4 0.184 0.204 0.479 0.068 0.15 0.139 2 2 2 2 2 2
2000-10-12T04:30:00 2000 10 12 4 30 0 3.8 -1.1 347.0 2.9 0.7 1.35 1.36 0.39 2 2 2 2 2 2 2 2 1.0 1.49 -21.0 -1.1 -1.1 -1.1 -1.1 -1.1 -1.1 0.181 0.233 0.466 0.075 0.197 0.161 2 2 2 2 2 2
2000-10-12T05:30:00 2000 10 12 5 30 0 2.6 0.2 352.0 2.3 0.56 0.89 0.73 0.2 2 2 2 2 2 2 2 2 1.0 1.48 -22.0 0.2 0.2 0.2 0.2 0.2 0.2 0.143 0.165 0.453 0.052 0.111 0.105 2 2 2 2 2 2
2000-10-12T06:30:00 2000 10 12 6 30 0 1.9 -1.7 349.0 3.5 0.84 0.68 1.46 0.46 2 2 2 2 2 2 2 2 1.0 1.48 -21.0 -1.7 -1.7 -1.7 -1.7 -1.7 -1.7 0.166 0.239 0.442 0.082 0.219 0.176 2 2 2 2 2 2
2000-10-12T07:30:00 2000 10 12 7 30 0 2.7 -1.8 342.0 3.0 0.7 1.23 3.03 0.98 2 2 2 2 2 2 2 2 1.0 1.47 -22.0 -1.8 -1.8 -1.8 -1.8 -1.8 -1.8 0.221 0.339 0.434 0.139 0.313 0.237 2 2 2 2 2 2
2000-10-12T08:30:00 2000 10 12 8 30 0 3.3 -1.1 345.0 2.7 0.62 1.34 2.44 0.7 2 2 2 2 2 2 2 2 1.0 1.31 -22.0 -1.1 -1.1 -1.1 -1.1 -1.1 -1.1 0.232 0.34 0.425 0.139 0.286 0.218 2 2 2 2 2 2
2000-10-12T09:30:00 2000 10 12 9 30 0 1.8 -2.9 346.0 2.8 0.63 1.61 3.59 0.99 2 2 2 2 2 2 2 2 1.3 1.19 -20.0 -2.9 -2.9 -2.9 -2.9 -2.9 -2.9 0.286 0.418 0.419 0.204 0.376 0.253 2 2 2 2 2 2
2000-10-12T10:30:00 2000 10 12 10 30 0 1.9 -1.9 349.0 4.4 1.01 1.55 4.1 1.48 2 2 2 2 2 2 2 2 1.3 1.08 -22.0 -1.9 -1.9 -1.9 -1.9 -1.9 -1.9 0.338 0.489 0.415 0.252 0.432 0.353 2 2 2 2 2 2
2000-10-12T11:30:00 2000 10 12 11 30 0 0.9 0.5 336.0 4.4 0.99 0.36 1.17 0.51 2 2 2 2 2 2 2 2 1.3 1.12 -21.0 0.5 0.5 0.5 0.5 0.5 0.5 0.265 0.323 0.404 0.163 0.212 0.232 2 2 2 2 2 2
2000-10-12T12:30:00 2000 10 12 12 30 0 3.7 -1.7 332.0 4.5 0.99 0.76 1.21 0.54 2 2 2 2 2 2 2 2 1.7 1.21 -16.0 -1.7 -1.7 -1.7 -1.7 -1.7 -1.7 0.247 0.325 0.395 0.143 0.246 0.261 2 2 2 2 2 2
2000-10-12T13:30:00 2000 10 12 13 30 0 3.8 -2.8 313.0 3.9 0.8 2.34 3.68 1.53 2 2 2 2 2 2 2 2 1.7 1.3 -15.0 -2.8 -2.8 -2.8 -2.8 -2.8 -2.8 0.316 0.465 0.391 0.223 0.379 0.334 2 2 2 2 2 2
2000-10-12T14:30:00 2000 10 12 14 30 0 3.9 -1.8 340.0 4.7 1.06 2.41 3.69 1.59 2 2 2 2 2 2 2 2 1.7 1.38 -16.0 -1.8 -1.8 -1.8 -1.8 -1.8 -1.8 0.355 0.52 0.386 0.254 0.417 0.395 2 2 2 2 2 2
2000-10-12T15:30:00 2000 10 12 15 30 0 1.0 -3.2 326.0 4.1 0.86 1.93 4.24 1.85 2 2 2 2 2 2 2 2 1.0 1.38 -17.0 -3.2 -3.2 -3.2 -3.2 -3.2 -3.2 0.413 0.596 0.385 0.319 0.485 0.442 2 2 2 2 2 2
2000-10-12T16:30:00 2000 10 12 16 30 0 2.4 -0.1 314.0 3.9 0.78 0.9 2.44 0.98 2 2 2 2 2 2 2 2 1.0 1.37 -21.0 -0.1 -0.1 -0.1 -0.1 -0.1 -0.1 0.355 0.457 0.377 0.237 0.299 0.309 2 2 2 2 2 2
2000-10-12T17:30:00 2000 10 12 17 30 0 4.2 0.3 320.0 4.2 0.86 0.71 0.01 0.01 2 2 2 2 2 2 2 2 1.0 1.33 -17.0 0.3 0.3 0.3 0.3 0.3 0.3 0.24 0.227 0.365 0.133 0.095 0.128 2 2 2 2 2 2
2000-10-12T18:30:00 2000 10 12 18 30 0 4.6 0.3 334.0 5.1 1.11 1.15 0.0 0.0 2 2 2 2 2 2 2 2 1.0 1.29 -13.0 0.3 0.3 0.3 0.3 0.3 0.3 0.163 0.113 0.354 0.074 0.03 0.053 2 2 2 2 2 2
2000-10-12T19:30:00 2000 10 12 19 30 0 5.6 1.5 329.0 5.2 1.08 1.31 0.0 0.0 2 2 2 2 2 2 2 2 1.0 1.25 -10.0 1.5 1.5 1.5 1.5 1.5 1.5 0.11 0.056 0.343 0.042 0.009 0.022 2 2 2 2 2 2
2000-10-12T20:30:00 2000 10 12 20 30 0 4.7 2.2 332.0 5.0 1.03 1.02 0.0 0.0 2 2 2 2 2 2 2 2 1.0 1.17 -8.0 2.2 2.2 2.2 2.2 2.2 2.2 0.075 0.028 0.333 0.023 0.003 0.009 2 2 2 2 2 2
2000-10-12T21:30:00 2000 10 12 21 30 0 5.3 1.5 330.0 5.0 1.03 0.99 0.0 0.0 2 2 2 2 2 2 2 2 3.0 1.35 -6.0 1.5 1.5 1.5 1.5 1.5 1.5 0.051 0.014 0.323 0.013 0.001 0.004 2 2 2 2 2 2
2000-10-12T22:30:00 2000 10 12 22 30 0 8.8 4.8 367.0 12.9 3.47 1.83 0.0 0.0 2 2 2 2 2 2 2 2 3.0 1.52 5.0 4.8 4.8 4.8 4.8 4.8 4.8 0.034 0.007 0.313 0.007 0.0 0.002 2 2 2 2 2 2
2000-10-12T23:30:00 2000 10 12 23 30 0 15.6 4.9 454.0 10.5 4.33 6.57 0.0 0.0 2 2 2 2 2 2 2 2 3.0 1.78 16.0 4.9 4.9 4.9 4.9 4.9 4.9 0.023 0.003 0.303 0.004 0.0 0.001 2 2 2 2 2 2
