2000-09-07T00:30:00 2000 9 7 0 30 0 5.0 1.5 454.0 7.4 3.05 0.65 0.0 0.0 2 2 2 2 2 2 2 2 3.0 3.76 1.0 1.5 1.5 1.5 1.5 1.5 1.5 0.002 0.0 0.166 0.0 0.0 0.0 2 2 2 2 2 2
2000-09-07T01:30:00 2000 9 7 1 30 0 5.0 -2.8 462.0 6.6 2.82 3.12 2.37 1.6 2 2 2 2 2 2 2 2 3.0 3.63 0.0 -2.8 -2.8 -2.8 -2.8 -2.8 -2.8 0.146 0.268 0.172 0.161 0.464 0.725 2 2 2 2 2 2
2000-09-07T02:30:00 2000 9 7 2 30 0 5.6 -2.5 450.0 6.5 2.37 5.37 6.01 3.93 2 2 2 2 2 2 2 2 3.0 3.54 -8.0 -2.5 -2.5 -2.5 -2.5 -2.5 -2.5 0.351 0.552 0.191 0.383 0.812 1.298 2 2 2 2 2 2
2000-09-07T03:30:00 2000 9 7 3 30 0 8.9 -3.6 448.0 4.4 1.6 8.74 6.95 3.68 2 2 2 2 2 2 2 2 2.7 3.41 -15.0 -3.6 -3.6 -3.6 -3.6 -3.6 -3.6 0.51 0.705 0.213 0.558 0.944 1.32 2 2 2 2 2 2
2000-09-07T04:30:00 2000 9 7 4 30 0 8.9 -3.5 440.0 3.1 1.11 11.64 7.87 2.91 2 2 2 2 2 2 2 2 2.7 3.28 -23.0 -3.5 -3.5 -3.5 -3.5 -3.5 -3.5 0.6 0.736 0.234 0.638 0.909 1.044 2 2 2 2 2 2
2000-09-07T05:30:00 2000 9 7 5 30 0 7.4 -3.4 445.0 2.9 1.07 10.19 7.63 2.28 2 2 2 2 2 2 2 2 2.7 3.12 -23.0 -3.4 -3.4 -3.4 -3.4 -3.4 -3.4 0.638 0.715 0.251 0.65 0.851 0.828 2 2 2 2 2 2
2000-09-07T06:30:00 2000 9 7 6 30 0 6.2 -4.2 451.0 2.5 0.97 9.14 8.59 2.3 2 2 2 2 2 2 2 2 3.0 3.0 -27.0 -4.2 -4.2 -4.2 -4.2 -4.2 -4.2 0.682 0.719 0.271 0.701 0.874 0.718 2 2 2 2 2 2
2000-09-07T07:30:00 2000 9 7 7 30 0 5.4 -5.3 451.0 1.9 0.76 9.93 10.81 2.34 2 2 2 2 2 2 2 2 3.0 2.89 -31.0 -5.3 -5.3 -5.3 -5.3 -5.3 -5.3 0.742 0.738 0.298 0.804 0.922 0.615 2 2 2 2 2 2
2000-09-07T08:30:00 2000 9 7 8 30 0 5.0 -5.5 456.0 1.7 0.69 10.71 12.27 2.2 2 2 2 2 2 2 2 2 3.0 2.89 -33.0 -5.5 -5.5 -5.5 -5.5 -5.5 -5.5 0.79 0.744 0.327 0.889 0.943 0.529 2 2 2 2 2 2
2000-09-07T09:30:00 2000 9 7 9 30 0 8.4 -3.8 490.0 0.9 0.43 11.54 10.84 1.39 2 2 2 2 2 2 2 2 2.7 2.85 -30.0 -3.8 -3.8 -3.8 -3.8 -3.8 -3.8 0.747 0.639 0.345 0.795 0.799 0.378 2 2 2 2 2 2
2000-09-07T10:30:00 2000 9 7 10 30 0 9.1 -3.3 509.0 0.7 0.36 12.88 8.82 0.7 2 2 2 2 2 2 2 2 2.7 2.81 -30.0 -3.3 -3.3 -3.3 -3.3 -3.3 -3.3 0.658 0.51 0.354 0.641 0.649 0.25 2 2 2 2 2 2
2000-09-07T11:30:00 2000 9 7 11 30 0 7.7 -3.6 489.0 1.7 0.81 11.93 8.62 1.07 2 2 2 2 2 2 2 2 2.7 2.81 -19.0 -3.6 -3.6 -3.6 -3.6 -3.6 -3.6 0.635 0.507 0.366 0.607 0.707 0.301 2 2 2 2 2 2
2000-09-07T12:30:00 2000 9 7 12 30 0 5.0 -4.2 448.0 2.6 1.04 9.03 9.15 2.01 2 2 2 2 2 2 2 2 2.7 2.81 -18.0 -4.2 -4.2 -4.2 -4.2 -4.2 -4.2 0.676 0.6 0.384 0.677 0.828 0.468 2 2 2 2 2 2
2000-09-07T13:30:00 2000 9 7 13 30 0 6.4 -2.8 440.0 1.9 0.74 7.06 7.64 1.72 2 2 2 2 2 2 2 2 2.7 2.81 -22.0 -2.8 -2.8 -2.8 -2.8 -2.8 -2.8 0.654 0.588 0.393 0.619 0.728 0.443 2 2 2 2 2 2
2000-09-07T14:30:00 2000 9 7 14 30 0 6.3 -6.2 413.0 2.8 0.96 9.86 9.83 2.4 2 2 2 2 2 2 2 2 2.7 2.77 -23.0 -6.2 -6.2 -6.2 -6.2 -6.2 -6.2 0.733 0.712 0.414 0.775 0.878 0.536 2 2 2 2 2 2
2000-09-07T15:30:00 2000 9 7 15 30 0 3.9 -4.4 391.0 1.6 0.49 8.98 10.49 2.3 2 2 2 2 2 2 2 2 3.3 2.81 -28.0 -4.4 -4.4 -4.4 -4.4 -4.4 -4.4 0.752 0.72 0.429 0.789 0.79 0.446 2 2 2 2 2 2
2000-09-07T16:30:00 2000 9 7 16 30 0 6.3 -5.0 427.0 2.4 0.88 8.31 9.71 1.99 2 2 2 2 2 2 2 2 3.3 2.86 -24.0 -5.0 -5.0 -5.0 -5.0 -5.0 -5.0 0.767 0.731 0.444 0.805 0.82 0.458 2 2 2 2 2 2
2000-09-07T17:30:00 2000 9 7 17 30 0 6.6 -5.4 427.0 2.8 1.02 11.2 11.14 2.92 2 2 2 2 2 2 2 2 3.3 2.93 -28.0 -5.4 -5.4 -5.4 -5.4 -5.4 -5.4 0.832 0.805 0.467 0.915 0.946 0.588 2 2 2 2 2 2
2000-09-07T18:30:00 2000 9 7 18 30 0 6.1 -5.2 422.0 3.5 1.25 11.13 11.23 3.57 2 2 2 2 2 2 2 2 3.3 3.01 -29.0 -5.2 -5.2 -5.2 -5.2 -5.2 -5.2 0.899 0.884 0.492 1.012 1.034 0.751 2 2 2 2 2 2
2000-09-07T19:30:00 2000 9 7 19 30 0 5.1 -3.2 417.0 3.3 1.15 7.68 8.63 2.94 2 2 2 2 2 2 2 2 3.3 3.08 -27.0 -3.2 -3.2 -3.2 -3.2 -3.2 -3.2 0.868 0.834 0.504 0.902 0.904 0.74 2 2 2 2 2 2
2000-09-07T20:30:00 2000 9 7 20 30 0 9.0 -3.3 420.0 2.4 0.85 8.18 6.81 1.91 2 2 2 2 2 2 2 2 3.3 3.16 -24.0 -3.3 -3.3 -3.3 -3.3 -3.3 -3.3 0.792 0.735 0.508 0.751 0.762 0.602 2 2 2 2 2 2
2000-09-07T21:30:00 2000 9 7 21 30 0 8.5 -3.6 430.0 2.4 0.81 10.75 7.37 1.77 2 2 2 2 2 2 2 2 3.3 3.23 -20.0 -3.6 -3.6 -3.6 -3.6 -3.6 -3.6 0.746 0.685 0.513 0.682 0.737 0.528 2 2 2 2 2 2
2000-09-07T22:30:00 2000 9 7 22 30 0 5.1 -5.1 414.0 4.3 1.36 9.66 9.29 3.23 2 2 2 2 2 2 2 2 3.3 3.3 -18.0 -5.1 -5.1 -5.1 -5.1 -5.1 -5.1 0.814 0.808 0.531 0.819 0.933 0.764 2 2 2 2 2 2
2000-09-07T23:30:00 2000 9 7 23 30 0 6.4 -4.0 414.0 4.1 1.32 8.57 9.32 3.91 2 2 2 2 2 2 2 2 3.3 3.3 -23.0 -4.0 -4.0 -4.0 -4.0 -4.0 -4.0 0.86 0.875 0.547 0.881 0.975 0.905 2 2 2 2 2 2
