2000-08-01T00:30:00 2000 8 1 0 30 0 8.1 6.2 449.0 3.5 1.23 1.92 0.0 0.0 2 2 2 2 2 2 2 2 2.3 4.52 -30.0 6.2 6.2 6.2 6.2 6.2 6.2 0.488 0.298 0.595 0.348 0.117 0.744 2 2 2 2 2 2
2000-08-01T01:30:00 2000 8 1 1 30 0 7.6 3.2 455.0 4.1 1.47 2.36 0.0 0.0 2 2 2 2 2 2 2 2 2.3 4.41 -29.0 3.2 3.2 3.2 3.2 3.2 3.2 0.331 0.148 0.577 0.195 0.037 0.308 2 2 2 2 2 2
2000-08-01T02:30:00 2000 8 1 2 30 0 8.1 1.0 470.0 2.8 1.22 3.71 0.0 0.0 2 2 2 2 2 2 2 2 2.3 4.02 -31.0 1.0 1.0 1.0 1.0 1.0 1.0 0.224 0.074 0.559 0.109 0.012 0.128 2 2 2 2 2 2
2000-08-01T03:30:00 2000 8 1 3 30 0 7.3 -2.4 464.0 3.8 1.55 6.11 2.21 0.79 2 2 2 2 2 2 2 2 2.0 3.61 -32.0 -2.4 -2.4 -2.4 -2.4 -2.4 -2.4 0.256 0.225 0.55 0.169 0.343 0.37 2 2 2 2 2 2
2000-08-01T04:30:00 2000 8 1 4 30 0 6.9 -1.8 464.0 3.6 1.52 6.84 4.81 1.78 2 2 2 2 2 2 2 2 2.0 3.2 -33.0 -1.8 -1.8 -1.8 -1.8 -1.8 -1.8 0.337 0.382 0.548 0.263 0.56 0.587 2 2 2 2 2 2
2000-08-01T05:30:00 2000 8 1 5 30 0 6.9 -2.5 466.0 3.6 1.4 6.77 5.07 1.82 2 2 2 2 2 2 2 2 2.0 2.83 -33.0 -2.5 -2.5 -2.5 -2.5 -2.5 -2.5 0.408 0.483 0.548 0.345 0.677 0.703 2 2 2 2 2 2
2000-08-01T06:30:00 2000 8 1 6 30 0 7.0 -2.3 455.0 4.2 1.57 7.09 5.5 2.16 2 2 2 2 2 2 2 2 1.7 2.43 -29.0 -2.3 -2.3 -2.3 -2.3 -2.3 -2.3 0.47 0.555 0.549 0.407 0.734 0.811 2 2 2 2 2 2
2000-08-01T07:30:00 2000 8 1 7 30 0 8.2 -2.1 458.0 4.2 1.61 7.68 5.0 2.1 2 2 2 2 2 2 2 2 1.7 2.03 -25.0 -2.1 -2.1 -2.1 -2.1 -2.1 -2.1 0.5 0.579 0.548 0.422 0.728 0.858 2 2 2 2 2 2
2000-08-01T08:30:00 2000 8 1 8 30 0 7.7 -2.3 446.0 4.2 1.52 8.01 4.98 2.09 2 2 2 2 2 2 2 2 1.7 1.96 -23.0 -2.3 -2.3 -2.3 -2.3 -2.3 -2.3 0.523 0.597 0.548 0.434 0.726 0.867 2 2 2 2 2 2
2000-08-01T09:30:00 2000 8 1 9 30 0 7.1 -3.2 441.0 4.3 1.53 8.02 6.18 2.63 2 2 2 2 2 2 2 2 2.3 1.96 -20.0 -3.2 -3.2 -3.2 -3.2 -3.2 -3.2 0.584 0.667 0.553 0.518 0.816 0.938 2 2 2 2 2 2
2000-08-01T10:30:00 2000 8 1 10 30 0 6.5 -3.5 436.0 3.6 1.37 8.09 7.37 2.89 2 2 2 2 2 2 2 2 2.3 1.96 -18.0 -3.5 -3.5 -3.5 -3.5 -3.5 -3.5 0.646 0.721 0.562 0.606 0.867 0.917 2 2 2 2 2 2
2000-08-01T11:30:00 2000 8 1 11 30 0 -0.6 -4.3 455.0 4.9 1.8 5.37 8.78 3.8 2 2 2 2 2 2 2 2 2.3 2.0 -18.0 -4.3 -4.3 -4.3 -4.3 -4.3 -4.3 0.752 0.832 0.58 0.776 1.047 1.15 2 2 2 2 2 2
2000-08-01T12:30:00 2000 8 1 12 30 0 2.5 -5.1 456.0 4.7 1.74 5.99 10.78 5.16 2 2 2 2 2 2 2 2 2.0 2.0 -23.0 -5.1 -5.1 -5.1 -5.1 -5.1 -5.1 0.892 0.964 0.61 1.009 1.242 1.411 2 2 2 2 2 2
2000-08-01T13:30:00 2000 8 1 13 30 0 2.8 -4.3 475.0 4.8 1.9 6.7 10.87 5.17 2 2 2 2 2 2 2 2 2.0 2.0 -25.0 -4.3 -4.3 -4.3 -4.3 -4.3 -4.3 0.978 1.011 0.64 1.117 1.302 1.555 2 2 2 2 2 2
2000-08-01T14:30:00 2000 8 1 14 30 0 4.6 -4.7 471.0 5.5 2.14 7.44 10.68 5.54 2 2 2 2 2 2 2 2 2.0 2.04 -25.0 -4.7 -4.7 -4.7 -4.7 -4.7 -4.7 1.052 1.061 0.671 1.208 1.378 1.775 2 2 2 2 2 2
2000-08-01T15:30:00 2000 8 1 15 30 0 1.5 -5.5 453.0 5.6 2.05 8.02 11.83 6.57 2 2 2 2 2 2 2 2 3.7 2.3 -29.0 -5.5 -5.5 -5.5 -5.5 -5.5 -5.5 1.151 1.152 0.709 1.362 1.471 1.947 2 2 2 2 2 2
2000-08-01T16:30:00 2000 8 1 16 30 0 1.6 -7.1 446.0 4.8 1.72 10.17 14.3 7.36 2 2 2 2 2 2 2 2 3.7 2.55 -35.0 -7.1 -7.1 -7.1 -7.1 -7.1 -7.1 1.284 1.265 0.758 1.62 1.586 1.945 2 2 2 2 2 2
2000-08-01T17:30:00 2000 8 1 17 30 0 6.8 -2.8 472.0 4.3 1.71 8.89 10.93 4.99 2 2 2 2 2 2 2 2 3.7 2.73 -38.0 -2.8 -2.8 -2.8 -2.8 -2.8 -2.8 1.208 1.111 0.778 1.392 1.295 1.62 2 2 2 2 2 2
2000-08-01T18:30:00 2000 8 1 18 30 0 7.8 0.6 472.0 4.1 1.62 5.89 2.45 1.04 2 2 2 2 2 2 2 2 3.0 2.82 -31.0 0.6 0.6 0.6 0.6 0.6 0.6 0.887 0.668 0.76 0.837 0.585 0.9 2 2 2 2 2 2
2000-08-01T19:30:00 2000 8 1 19 30 0 7.6 2.2 471.0 4.7 1.84 3.93 0.0 0.0 2 2 2 2 2 2 2 2 3.0 2.9 -23.0 2.2 2.2 2.2 2.2 2.2 2.2 0.6 0.332 0.737 0.469 0.185 0.373 2 2 2 2 2 2
2000-08-01T20:30:00 2000 8 1 20 30 0 5.2 -0.9 468.0 5.2 2.02 3.19 0.4 0.21 2 2 2 2 2 2 2 2 3.0 3.02 -18.0 -0.9 -0.9 -0.9 -0.9 -0.9 -0.9 0.438 0.238 0.716 0.285 0.192 0.351 2 2 2 2 2 2
2000-08-01T21:30:00 2000 8 1 21 30 0 3.9 -3.4 460.0 4.6 1.72 4.1 5.22 2.52 2 2 2 2 2 2 2 2 3.3 3.18 -22.0 -3.4 -3.4 -3.4 -3.4 -3.4 -3.4 0.517 0.479 0.715 0.422 0.672 0.839 2 2 2 2 2 2
2000-08-01T22:30:00 2000 8 1 22 30 0 1.6 -2.9 456.0 4.3 1.58 3.67 7.16 3.18 2 2 2 2 2 2 2 2 3.3 3.33 -26.0 -2.9 -2.9 -2.9 -2.9 -2.9 -2.9 0.602 0.629 0.72 0.547 0.853 1.013 2 2 2 2 2 2
2000-08-01T23:30:00 2000 8 1 23 30 0 3.0 -3.9 468.0 4.1 1.6 4.01 7.96 3.33 2 2 2 2 2 2 2 2 3.3 3.28 -32.0 -3.9 -3.9 -3.9 -3.9 -3.9 -3.9 0.69 0.736 0.73 0.682 0.993 1.12 2 2 2 2 2 2
