2000-03-31T00:30:00 2000 3 31 0 30 0 5.8 0.8 400.0 10.2 3.75 0.79 0.0 0.0 2 2 2 2 2 2 2 2 3.3 3.43 -8.0 0.8 0.8 0.8 0.8 0.8 0.8 0.291 0.135 0.239 0.142 0.034 0.205 2 2 2 2 2 2
2000-03-31T01:30:00 2000 3 31 1 30 0 7.0 -1.9 403.0 10.3 3.9 3.82 1.51 1.55 2 2 2 2 2 2 2 2 3.3 3.55 -10.0 -1.9 -1.9 -1.9 -1.9 -1.9 -1.9 0.311 0.32 0.238 0.182 0.361 0.843 2 2 2 2 2 2
2000-03-31T02:30:00 2000 3 31 2 30 0 7.6 -3.0 406.0 11.7 4.57 6.84 5.05 5.61 2 2 2 2 2 2 2 2 3.3 3.43 -12.0 -3.0 -3.0 -3.0 -3.0 -3.0 -3.0 0.497 0.693 0.253 0.429 0.827 1.91 2 2 2 2 2 2
2000-03-31T03:30:00 2000 3 31 3 30 0 5.9 -4.2 404.0 12.2 4.91 7.86 7.39 8.85 2 2 2 2 2 2 2 2 4.7 3.49 -15.0 -4.2 -4.2 -4.2 -4.2 -4.2 -4.2 0.741 1.048 0.284 0.778 1.199 2.845 2 2 2 2 2 2
2000-03-31T04:30:00 2000 3 31 4 30 0 -6.5 -2.8 410.0 18.7 7.71 4.35 7.0 10.86 2 2 2 2 2 2 2 2 4.7 3.56 -13.0 -2.8 -2.8 -2.8 -2.8 -2.8 -2.8 0.905 1.25 0.312 0.94 1.333 4.078 2 2 2 2 2 2
2000-03-31T05:30:00 2000 3 31 5 30 0 -6.4 -4.2 409.0 14.0 6.07 7.51 7.28 11.66 2 2 2 2 2 2 2 2 4.7 3.77 -16.0 -4.2 -4.2 -4.2 -4.2 -4.2 -4.2 1.056 1.401 0.344 1.117 1.462 4.558 2 2 2 2 2 2
2000-03-31T06:30:00 2000 3 31 6 30 0 -6.0 -5.8 405.0 11.4 4.75 10.03 10.3 12.91 2 2 2 2 2 2 2 2 3.7 3.85 -29.0 -5.8 -5.8 -5.8 -5.8 -5.8 -5.8 1.258 1.577 0.393 1.452 1.645 4.387 2 2 2 2 2 2
2000-03-31T07:30:00 2000 3 31 7 30 0 -4.5 -6.6 404.0 11.5 4.74 11.52 12.61 14.44 2 2 2 2 2 2 2 2 3.7 3.93 -40.0 -6.6 -6.6 -6.6 -6.6 -6.6 -6.6 1.472 1.751 0.455 1.827 1.819 4.335 2 2 2 2 2 2
2000-03-31T08:30:00 2000 3 31 8 30 0 -3.9 -7.2 401.0 7.8 3.08 12.24 13.93 13.2 2 2 2 2 2 2 2 2 3.7 3.98 -48.0 -7.2 -7.2 -7.2 -7.2 -7.2 -7.2 1.61 1.792 0.517 2.056 1.811 3.694 2 2 2 2 2 2
2000-03-31T09:30:00 2000 3 31 9 30 0 -1.9 -7.0 400.0 8.9 3.66 11.63 14.2 11.92 2 2 2 2 2 2 2 2 3.7 4.02 -46.0 -7.0 -7.0 -7.0 -7.0 -7.0 -7.0 1.694 1.797 0.575 2.169 1.79 3.314 2 2 2 2 2 2
2000-03-31T10:30:00 2000 3 31 10 30 0 -3.9 -6.3 400.0 7.3 3.17 10.47 13.24 10.66 2 2 2 2 2 2 2 2 3.7 4.06 -56.0 -6.3 -6.3 -6.3 -6.3 -6.3 -6.3 1.693 1.718 0.623 2.102 1.669 2.885 2 2 2 2 2 2
2000-03-31T11:30:00 2000 3 31 11 30 0 -3.8 -5.9 396.0 7.6 3.1 9.68 12.1 9.03 2 2 2 2 2 2 2 2 3.7 3.94 -60.0 -5.9 -5.9 -5.9 -5.9 -5.9 -5.9 1.644 1.62 0.661 1.956 1.548 2.553 2 2 2 2 2 2
2000-03-31T12:30:00 2000 3 31 12 30 0 -4.1 -5.4 388.0 6.5 2.26 8.58 11.03 7.73 2 2 2 2 2 2 2 2 4.3 3.9 -55.0 -5.4 -5.4 -5.4 -5.4 -5.4 -5.4 1.556 1.5 0.688 1.758 1.391 2.167 2 2 2 2 2 2
2000-03-31T13:30:00 2000 3 31 13 30 0 -2.6 -6.0 391.0 5.8 2.03 8.24 11.15 6.82 2 2 2 2 2 2 2 2 4.3 3.86 -43.0 -6.0 -6.0 -6.0 -6.0 -6.0 -6.0 1.488 1.419 0.714 1.645 1.324 1.856 2 2 2 2 2 2
2000-03-31T14:30:00 2000 3 31 14 30 0 -3.3 -5.4 387.0 5.8 1.86 7.89 11.03 6.4 2 2 2 2 2 2 2 2 4.3 3.93 -44.0 -5.4 -5.4 -5.4 -5.4 -5.4 -5.4 1.422 1.35 0.737 1.538 1.258 1.654 2 2 2 2 2 2
2000-03-31T15:30:00 2000 3 31 15 30 0 -3.9 -5.0 387.0 6.9 2.24 7.26 10.03 6.41 2 2 2 2 2 2 2 2 2.7 3.8 -45.0 -5.0 -5.0 -5.0 -5.0 -5.0 -5.0 1.364 1.314 0.755 1.439 1.226 1.669 2 2 2 2 2 2
2000-03-31T16:30:00 2000 3 31 16 30 0 -3.2 -5.1 376.0 7.4 2.24 6.8 9.63 6.9 2 2 2 2 2 2 2 2 2.7 3.67 -48.0 -5.1 -5.1 -5.1 -5.1 -5.1 -5.1 1.329 1.319 0.772 1.385 1.218 1.751 2 2 2 2 2 2
2000-03-31T17:30:00 2000 3 31 17 30 0 -2.0 -5.2 373.0 6.5 1.95 6.26 9.65 6.67 2 2 2 2 2 2 2 2 2.7 3.54 -50.0 -5.2 -5.2 -5.2 -5.2 -5.2 -5.2 1.299 1.309 0.787 1.343 1.184 1.675 2 2 2 2 2 2
2000-03-31T18:30:00 2000 3 31 18 30 0 -2.4 -4.5 376.0 6.2 1.85 5.43 9.03 5.73 2 2 2 2 2 2 2 2 3.3 3.49 -50.0 -4.5 -4.5 -4.5 -4.5 -4.5 -4.5 1.239 1.245 0.796 1.244 1.104 1.521 2 2 2 2 2 2
2000-03-31T19:30:00 2000 3 31 19 30 0 -2.8 -4.4 373.0 6.0 1.74 4.96 8.32 5.07 2 2 2 2 2 2 2 2 3.3 3.44 -53.0 -4.4 -4.4 -4.4 -4.4 -4.4 -4.4 1.173 1.178 0.802 1.141 1.036 1.388 2 2 2 2 2 2
2000-03-31T20:30:00 2000 3 31 20 30 0 -4.8 -3.2 377.0 6.0 1.89 4.74 7.03 4.22 2 2 2 2 2 2 2 2 3.3 3.32 -54.0 -3.2 -3.2 -3.2 -3.2 -3.2 -3.2 1.073 1.069 0.801 0.979 0.918 1.248 2 2 2 2 2 2
2000-03-31T21:30:00 2000 3 31 21 30 0 -5.8 -2.1 374.0 6.9 2.14 4.41 4.89 3.16 2 2 2 2 2 2 2 2 3.7 3.25 -50.0 -2.1 -2.1 -2.1 -2.1 -2.1 -2.1 0.934 0.922 0.792 0.764 0.76 1.137 2 2 2 2 2 2
2000-03-31T22:30:00 2000 3 31 22 30 0 -5.8 -1.9 375.0 7.1 2.09 4.12 3.73 2.61 2 2 2 2 2 2 2 2 3.7 3.19 -47.0 -1.9 -1.9 -1.9 -1.9 -1.9 -1.9 0.807 0.805 0.778 0.594 0.658 1.07 2 2 2 2 2 2
2000-03-31T23:30:00 2000 3 31 23 30 0 -3.2 -2.1 364.0 6.2 1.82 2.89 3.7 2.45 2 2 2 2 2 2 2 2 3.7 3.31 -39.0 -2.1 -2.1 -2.1 -2.1 -2.1 -2.1 0.718 0.742 0.765 0.496 0.609 0.968 2 2 2 2 2 2
