2000-08-03T00:30:00 2000 8 3 0 30 0 0.5 0.8 421.0 6.0 2.07 0.99 2.35 1.29 2 2 2 2 2 2 2 2 2.3 2.56 -22.0 0.8 0.8 0.8 0.8 0.8 0.8 0.292 0.342 0.473 0.217 0.347 0.546 2 2 2 2 2 2
2000-08-03T01:30:00 2000 8 3 1 30 0 3.6 -0.9 426.0 6.2 2.18 0.61 0.59 0.36 2 2 2 2 2 2 2 2 2.3 2.55 -17.0 -0.9 -0.9 -0.9 -0.9 -0.9 -0.9 0.24 0.274 0.46 0.15 0.271 0.488 2 2 2 2 2 2
2000-08-03T02:30:00 2000 8 3 2 30 0 -2.3 -2.2 419.0 5.9 2.03 1.08 3.38 2.04 2 2 2 2 2 2 2 2 2.3 2.47 -18.0 -2.2 -2.2 -2.2 -2.2 -2.2 -2.2 0.325 0.444 0.458 0.242 0.531 0.813 2 2 2 2 2 2
2000-08-03T03:30:00 2000 8 3 3 30 0 -2.0 -1.6 416.0 5.8 1.97 1.5 3.91 2.29 2 2 2 2 2 2 2 2 2.3 2.38 -23.0 -1.6 -1.6 -1.6 -1.6 -1.6 -1.6 0.384 0.526 0.455 0.292 0.595 0.914 2 2 2 2 2 2
2000-08-03T04:30:00 2000 8 3 4 30 0 0.6 -1.8 414.0 6.0 2.03 0.85 3.54 2.09 2 2 2 2 2 2 2 2 2.3 2.3 -25.0 -1.8 -1.8 -1.8 -1.8 -1.8 -1.8 0.419 0.563 0.452 0.313 0.61 0.954 2 2 2 2 2 2
2000-08-03T05:30:00 2000 8 3 5 30 0 1.7 0.3 425.0 6.7 2.35 0.37 1.46 0.91 2 2 2 2 2 2 2 2 2.3 2.3 -21.0 0.3 0.3 0.3 0.3 0.3 0.3 0.336 0.388 0.442 0.211 0.328 0.638 2 2 2 2 2 2
2000-08-03T06:30:00 2000 8 3 6 30 0 3.2 3.7 435.0 8.2 2.94 0.21 0.0 0.0 2 2 2 2 2 2 2 2 2.0 2.26 -18.0 3.7 3.7 3.7 3.7 3.7 3.7 0.228 0.193 0.428 0.118 0.104 0.265 2 2 2 2 2 2
2000-08-03T07:30:00 2000 8 3 7 30 0 5.1 0.7 435.0 8.0 2.91 0.9 0.0 0.0 2 2 2 2 2 2 2 2 2.0 2.22 -14.0 0.7 0.7 0.7 0.7 0.7 0.7 0.154 0.096 0.415 0.066 0.033 0.11 2 2 2 2 2 2
2000-08-03T08:30:00 2000 8 3 8 30 0 2.9 -2.6 427.0 6.9 2.47 2.14 2.43 1.74 2 2 2 2 2 2 2 2 2.0 2.18 -11.0 -2.6 -2.6 -2.6 -2.6 -2.6 -2.6 0.251 0.335 0.413 0.188 0.45 0.749 2 2 2 2 2 2
2000-08-03T09:30:00 2000 8 3 9 30 0 4.4 -1.5 420.0 6.9 2.39 2.72 4.24 2.93 2 2 2 2 2 2 2 2 2.3 2.19 -13.0 -1.5 -1.5 -1.5 -1.5 -1.5 -1.5 0.353 0.504 0.414 0.285 0.616 1.059 2 2 2 2 2 2
2000-08-03T10:30:00 2000 8 3 10 30 0 -0.9 -1.2 410.0 6.1 2.06 1.02 2.77 1.8 2 2 2 2 2 2 2 2 2.3 2.19 -12.0 -1.2 -1.2 -1.2 -1.2 -1.2 -1.2 0.366 0.506 0.409 0.265 0.544 0.971 2 2 2 2 2 2
2000-08-03T11:30:00 2000 8 3 11 30 0 2.4 -0.3 413.0 6.7 2.24 0.33 1.47 0.93 2 2 2 2 2 2 2 2 2.3 2.19 -11.0 -0.3 -0.3 -0.3 -0.3 -0.3 -0.3 0.313 0.4 0.4 0.188 0.366 0.748 2 2 2 2 2 2
2000-08-03T12:30:00 2000 8 3 12 30 0 4.2 -1.3 423.0 7.1 2.45 1.47 1.76 1.23 2 2 2 2 2 2 2 2 2.0 2.15 -7.0 -1.3 -1.3 -1.3 -1.3 -1.3 -1.3 0.313 0.419 0.393 0.184 0.431 0.85 2 2 2 2 2 2
2000-08-03T13:30:00 2000 8 3 13 30 0 3.1 -2.3 425.0 6.7 2.33 2.46 3.91 2.68 2 2 2 2 2 2 2 2 2.0 2.11 -8.0 -2.3 -2.3 -2.3 -2.3 -2.3 -2.3 0.401 0.559 0.395 0.295 0.647 1.132 2 2 2 2 2 2
2000-08-03T14:30:00 2000 8 3 14 30 0 1.8 0.2 419.0 6.4 2.15 1.06 2.04 1.34 2 2 2 2 2 2 2 2 2.0 2.11 -13.0 0.2 0.2 0.2 0.2 0.2 0.2 0.345 0.42 0.388 0.222 0.385 0.787 2 2 2 2 2 2
2000-08-03T15:30:00 2000 8 3 15 30 0 5.1 -0.8 427.0 6.8 2.34 1.39 0.75 0.5 2 2 2 2 2 2 2 2 2.7 2.2 -13.0 -0.8 -0.8 -0.8 -0.8 -0.8 -0.8 0.286 0.337 0.378 0.157 0.313 0.673 2 2 2 2 2 2
2000-08-03T16:30:00 2000 8 3 16 30 0 4.5 -1.9 423.0 6.1 2.08 3.01 2.96 1.89 2 2 2 2 2 2 2 2 2.7 2.29 -12.0 -1.9 -1.9 -1.9 -1.9 -1.9 -1.9 0.341 0.454 0.376 0.223 0.516 0.895 2 2 2 2 2 2
2000-08-03T17:30:00 2000 8 3 17 30 0 4.4 -0.8 420.0 5.5 1.8 2.62 2.75 1.6 2 2 2 2 2 2 2 2 2.7 2.34 -10.0 -0.8 -0.8 -0.8 -0.8 -0.8 -0.8 0.344 0.45 0.372 0.216 0.474 0.82 2 2 2 2 2 2
2000-08-03T18:30:00 2000 8 3 18 30 0 4.2 -3.3 432.0 5.5 1.89 3.48 4.61 2.53 2 2 2 2 2 2 2 2 2.7 2.4 -10.0 -3.3 -3.3 -3.3 -3.3 -3.3 -3.3 0.445 0.594 0.378 0.363 0.712 1.023 2 2 2 2 2 2
2000-08-03T19:30:00 2000 8 3 19 30 0 4.4 -1.6 425.0 6.0 2.0 3.73 5.1 2.93 2 2 2 2 2 2 2 2 2.7 2.45 -6.0 -1.6 -1.6 -1.6 -1.6 -1.6 -1.6 0.498 0.639 0.383 0.409 0.721 1.091 2 2 2 2 2 2
2000-08-03T20:30:00 2000 8 3 20 30 0 3.7 1.3 431.0 6.1 2.07 1.51 0.8 0.48 2 2 2 2 2 2 2 2 2.7 2.53 -5.0 1.3 1.3 1.3 1.3 1.3 1.3 0.361 0.367 0.373 0.243 0.288 0.566 2 2 2 2 2 2
2000-08-03T21:30:00 2000 8 3 21 30 0 -1.7 3.1 441.0 5.6 1.99 0.11 0.0 0.0 2 2 2 2 2 2 2 2 2.0 2.52 -4.0 3.1 3.1 3.1 3.1 3.1 3.1 0.244 0.182 0.362 0.136 0.091 0.235 2 2 2 2 2 2
2000-08-03T22:30:00 2000 8 3 22 30 0 5.1 1.4 442.0 5.3 1.91 0.37 0.0 0.0 2 2 2 2 2 2 2 2 2.0 2.52 -11.0 1.4 1.4 1.4 1.4 1.4 1.4 0.166 0.091 0.35 0.076 0.029 0.097 2 2 2 2 2 2
2000-08-03T23:30:00 2000 8 3 23 30 0 4.2 1.9 442.0 5.3 1.92 1.13 0.0 0.0 2 2 2 2 2 2 2 2 2.0 2.43 -12.0 1.9 1.9 1.9 1.9 1.9 1.9 0.112 0.045 0.34 0.043 0.009 0.04 2 2 2 2 2 2
