2000-03-18T00:30:00 2000 3 18 0 30 0 4.7 4.5 314.0 3.6 0.71 0.3 0.0 0.0 2 2 2 2 2 2 2 2 0.0 0.15 1.0 4.5 4.5 4.5 4.5 4.5 4.5 0.001 0.0 0.042 0.0 0.0 0.0 2 2 2 2 2 2
2000-03-18T01:30:00 2000 3 18 1 30 0 2.3 3.4 309.0 6.6 1.22 0.21 0.0 0.0 2 2 2 2 2 2 2 2 0.0 0.11 5.0 3.4 3.4 3.4 3.4 3.4 3.4 0.0 0.0 0.04 0.0 0.0 0.0 2 2 2 2 2 2
2000-03-18T02:30:00 2000 3 18 2 30 0 0.6 4.2 309.0 7.5 1.43 0.02 0.0 0.0 2 2 2 2 2 2 2 2 0.0 0.07 8.0 4.2 4.2 4.2 4.2 4.2 4.2 0.0 0.0 0.039 0.0 0.0 0.0 2 2 2 2 2 2
2000-03-18T03:30:00 2000 3 18 3 30 0 4.6 3.1 305.0 6.9 1.28 0.18 0.0 0.0 2 2 2 2 2 2 2 2 0.3 0.08 9.0 3.1 3.1 3.1 3.1 3.1 3.1 0.0 0.0 0.038 0.0 0.0 0.0 2 2 2 2 2 2
2000-03-18T04:30:00 2000 3 18 4 30 0 3.5 2.8 305.0 8.0 1.49 0.39 0.0 0.0 2 2 2 2 2 2 2 2 0.3 0.08 10.0 2.8 2.8 2.8 2.8 2.8 2.8 0.0 0.0 0.037 0.0 0.0 0.0 2 2 2 2 2 2
2000-03-18T05:30:00 2000 3 18 5 30 0 3.8 3.8 303.0 7.6 1.4 0.27 0.0 0.0 2 2 2 2 2 2 2 2 0.3 0.12 11.0 3.8 3.8 3.8 3.8 3.8 3.8 0.0 0.0 0.036 0.0 0.0 0.0 2 2 2 2 2 2
2000-03-18T06:30:00 2000 3 18 6 30 0 3.1 3.2 307.0 9.2 1.56 0.22 0.0 0.0 2 2 2 2 2 2 2 2 0.3 0.15 14.0 3.2 3.2 3.2 3.2 3.2 3.2 0.0 0.0 0.035 0.0 0.0 0.0 2 2 2 2 2 2
2000-03-18T07:30:00 2000 3 18 7 30 0 -1.5 4.6 304.0 9.3 1.58 0.02 0.0 0.0 2 2 2 2 2 2 2 2 0.3 0.19 13.0 4.6 4.6 4.6 4.6 4.6 4.6 0.0 0.0 0.034 0.0 0.0 0.0 2 2 2 2 2 2
2000-03-18T08:30:00 2000 3 18 8 30 0 -1.8 1.3 301.0 10.2 1.85 0.04 0.0 0.0 2 2 2 2 2 2 2 2 0.3 0.23 13.0 1.3 1.3 1.3 1.3 1.3 1.3 0.0 0.0 0.033 0.0 0.0 0.0 2 2 2 2 2 2
2000-03-18T09:30:00 2000 3 18 9 30 0 -3.3 2.3 302.0 9.7 1.77 0.18 0.0 0.0 2 2 2 2 2 2 2 2 1.7 0.45 13.0 2.3 2.3 2.3 2.3 2.3 2.3 0.0 0.0 0.032 0.0 0.0 0.0 2 2 2 2 2 2
2000-03-18T10:30:00 2000 3 18 10 30 0 -2.9 2.4 303.0 9.8 1.78 0.23 0.0 0.0 2 2 2 2 2 2 2 2 1.7 0.66 14.0 2.4 2.4 2.4 2.4 2.4 2.4 0.0 0.0 0.031 0.0 0.0 0.0 2 2 2 2 2 2
2000-03-18T11:30:00 2000 3 18 11 30 0 1.5 1.6 303.0 8.8 1.53 0.03 0.0 0.0 2 2 2 2 2 2 2 2 1.7 0.84 13.0 1.6 1.6 1.6 1.6 1.6 1.6 0.0 0.0 0.03 0.0 0.0 0.0 2 2 2 2 2 2
2000-03-18T12:30:00 2000 3 18 12 30 0 -0.8 -0.9 303.0 8.8 1.62 0.04 0.31 0.27 2 2 2 2 2 2 2 2 1.7 1.02 13.0 -0.9 -0.9 -0.9 -0.9 -0.9 -0.9 0.031 0.097 0.03 0.019 0.093 0.153 2 2 2 2 2 2
2000-03-18T13:30:00 2000 3 18 13 30 0 -2.8 -0.4 305.0 8.9 1.66 0.4 0.96 0.85 2 2 2 2 2 2 2 2 1.7 1.19 12.0 -0.4 -0.4 -0.4 -0.4 -0.4 -0.4 0.076 0.208 0.03 0.039 0.164 0.312 2 2 2 2 2 2
2000-03-18T14:30:00 2000 3 18 14 30 0 -4.1 0.0 314.0 9.4 1.85 0.84 0.28 0.26 2 2 2 2 2 2 2 2 1.7 1.36 14.0 0.0 0.0 0.0 0.0 0.0 0.0 0.067 0.156 0.03 0.027 0.093 0.228 2 2 2 2 2 2
2000-03-18T15:30:00 2000 3 18 15 30 0 -4.4 -0.7 317.0 10.2 2.05 1.32 0.6 0.6 2 2 2 2 2 2 2 2 2.0 1.57 18.0 -0.7 -0.7 -0.7 -0.7 -0.7 -0.7 0.094 0.227 0.03 0.04 0.17 0.387 2 2 2 2 2 2
2000-03-18T16:30:00 2000 3 18 16 30 0 -3.3 1.5 332.0 10.2 2.06 0.83 0.13 0.14 2 2 2 2 2 2 2 2 2.0 1.78 15.0 1.5 1.5 1.5 1.5 1.5 1.5 0.068 0.126 0.029 0.024 0.064 0.19 2 2 2 2 2 2
2000-03-18T17:30:00 2000 3 18 17 30 0 -2.2 2.2 351.0 9.8 2.18 0.22 0.0 0.0 2 2 2 2 2 2 2 2 2.0 1.82 15.0 2.2 2.2 2.2 2.2 2.2 2.2 0.046 0.063 0.028 0.013 0.02 0.079 2 2 2 2 2 2
2000-03-18T18:30:00 2000 3 18 18 30 0 -0.8 -2.5 339.0 9.7 1.99 0.42 1.32 1.28 2 2 2 2 2 2 2 2 3.0 1.99 14.0 -2.5 -2.5 -2.5 -2.5 -2.5 -2.5 0.135 0.277 0.032 0.106 0.282 0.508 2 2 2 2 2 2
2000-03-18T19:30:00 2000 3 18 19 30 0 -0.2 -1.7 344.0 9.6 2.27 0.91 3.53 3.41 2 2 2 2 2 2 2 2 3.0 2.15 7.0 -1.7 -1.7 -1.7 -1.7 -1.7 -1.7 0.275 0.532 0.042 0.229 0.495 0.929 2 2 2 2 2 2
2000-03-18T20:30:00 2000 3 18 20 30 0 -5.9 -1.1 364.0 9.7 2.57 1.66 2.43 2.35 2 2 2 2 2 2 2 2 3.0 2.32 2.0 -1.1 -1.1 -1.1 -1.1 -1.1 -1.1 0.319 0.565 0.047 0.233 0.484 1.028 2 2 2 2 2 2
2000-03-18T21:30:00 2000 3 18 21 30 0 -3.8 -1.0 374.0 10.2 2.85 2.33 1.93 1.93 2 2 2 2 2 2 2 2 1.7 2.31 0.0 -1.0 -1.0 -1.0 -1.0 -1.0 -1.0 0.33 0.546 0.051 0.213 0.458 1.084 2 2 2 2 2 2
2000-03-18T22:30:00 2000 3 18 22 30 0 3.5 1.8 359.0 8.4 2.17 0.29 0.26 0.26 2 2 2 2 2 2 2 2 1.7 2.3 -3.0 1.8 1.8 1.8 1.8 1.8 1.8 0.231 0.293 0.049 0.123 0.165 0.507 2 2 2 2 2 2
2000-03-18T23:30:00 2000 3 18 23 30 0 6.6 -0.4 367.0 7.0 1.89 1.74 0.1 0.07 2 2 2 2 2 2 2 2 1.7 2.26 -2.0 -0.4 -0.4 -0.4 -0.4 -0.4 -0.4 0.169 0.183 0.048 0.075 0.101 0.292 2 2 2 2 2 2
