2000-02-01T00:30:00 2000 2 1 0 30 0 2.0 0.5 539.0 2.6 1.42 0.67 0.0 0.0 2 2 2 2 2 2 2 2 2.3 2.12 -11.0 0.5 0.5 0.5 0.5 0.5 0.5 0.003 0.002 0.124 0.001 0.001 0.003 2 2 2 2 2 2
2000-02-01T01:30:00 2000 2 1 1 30 0 1.8 1.7 543.0 2.7 1.5 0.19 0.0 0.0 2 2 2 2 2 2 2 2 2.3 2.08 -9.0 1.7 1.7 1.7 1.7 1.7 1.7 0.002 0.001 0.12 0.0 0.0 0.001 2 2 2 2 2 2
2000-02-01T02:30:00 2000 2 1 2 30 0 1.7 1.6 539.0 2.9 1.59 0.11 0.0 0.0 2 2 2 2 2 2 2 2 2.3 2.12 -6.0 1.6 1.6 1.6 1.6 1.6 1.6 0.001 0.001 0.117 0.0 0.0 0.001 2 2 2 2 2 2
2000-02-01T03:30:00 2000 2 1 3 30 0 1.2 0.7 537.0 3.0 1.62 0.09 0.0 0.0 2 2 2 2 2 2 2 2 1.3 2.02 -4.0 0.7 0.7 0.7 0.7 0.7 0.7 0.001 0.0 0.113 0.0 0.0 0.0 2 2 2 2 2 2
2000-02-01T04:30:00 2000 2 1 4 30 0 2.1 1.1 544.0 2.6 1.44 0.16 0.0 0.0 2 2 2 2 2 2 2 2 1.3 1.93 -8.0 1.1 1.1 1.1 1.1 1.1 1.1 0.001 0.0 0.11 0.0 0.0 0.0 2 2 2 2 2 2
2000-02-01T05:30:00 2000 2 1 5 30 0 0.4 1.2 549.0 2.9 1.64 0.07 0.0 0.0 2 2 2 2 2 2 2 2 1.3 1.84 -8.0 1.2 1.2 1.2 1.2 1.2 1.2 0.0 0.0 0.106 0.0 0.0 0.0 2 2 2 2 2 2
2000-02-01T06:30:00 2000 2 1 6 30 0 0.4 1.6 539.0 2.8 1.53 0.0 0.0 0.0 2 2 2 2 2 2 2 2 2.0 1.84 -10.0 1.6 1.6 1.6 1.6 1.6 1.6 0.0 0.0 0.103 0.0 0.0 0.0 2 2 2 2 2 2
2000-02-01T07:30:00 2000 2 1 7 30 0 1.3 0.2 525.0 2.6 1.35 0.05 0.0 0.0 2 2 2 2 2 2 2 2 2.0 1.84 -5.0 0.2 0.2 0.2 0.2 0.2 0.2 0.0 0.0 0.1 0.0 0.0 0.0 2 2 2 2 2 2
2000-02-01T08:30:00 2000 2 1 8 30 0 2.5 2.0 559.0 2.7 1.59 0.2 0.0 0.0 2 2 2 2 2 2 2 2 2.0 1.81 0.0 2.0 2.0 2.0 2.0 2.0 2.0 0.0 0.0 0.097 0.0 0.0 0.0 2 2 2 2 2 2
2000-02-01T09:30:00 2000 2 1 9 30 0 2.8 2.1 568.0 2.7 1.64 0.32 0.0 0.0 2 2 2 2 2 2 2 2 0.7 1.61 2.0 2.1 2.1 2.1 2.1 2.1 2.1 0.0 0.0 0.094 0.0 0.0 0.0 2 2 2 2 2 2
2000-02-01T10:30:00 2000 2 1 10 30 0 1.7 1.7 549.0 2.8 1.59 0.21 0.0 0.0 2 2 2 2 2 2 2 2 0.7 1.41 2.0 1.7 1.7 1.7 1.7 1.7 1.7 0.0 0.0 0.091 0.0 0.0 0.0 2 2 2 2 2 2
2000-02-01T11:30:00 2000 2 1 11 30 0 1.4 2.3 549.0 3.0 1.71 0.07 0.0 0.0 2 2 2 2 2 2 2 2 0.7 1.33 3.0 2.3 2.3 2.3 2.3 2.3 2.3 0.0 0.0 0.088 0.0 0.0 0.0 2 2 2 2 2 2
2000-02-01T12:30:00 2000 2 1 12 30 0 1.6 -1.2 544.0 3.4 1.88 0.3 0.7 0.24 2 2 2 2 2 2 2 2 3.0 1.55 0.0 -1.2 -1.2 -1.2 -1.2 -1.2 -1.2 0.043 0.082 0.089 0.037 0.191 0.207 2 2 2 2 2 2
2000-02-01T13:30:00 2000 2 1 13 30 0 1.1 -2.8 541.0 3.3 1.8 1.76 5.6 1.87 2 2 2 2 2 2 2 2 3.0 1.77 -6.0 -2.8 -2.8 -2.8 -2.8 -2.8 -2.8 0.225 0.331 0.109 0.254 0.683 0.685 2 2 2 2 2 2
2000-02-01T14:30:00 2000 2 1 14 30 0 2.9 0.8 535.0 2.9 1.57 1.13 2.63 0.84 2 2 2 2 2 2 2 2 3.0 1.9 -11.0 0.8 0.8 0.8 0.8 0.8 0.8 0.214 0.258 0.112 0.197 0.385 0.475 2 2 2 2 2 2
2000-02-01T15:30:00 2000 2 1 15 30 0 0.4 1.2 529.0 2.8 1.48 0.17 0.0 0.0 2 2 2 2 2 2 2 2 2.0 1.91 -8.0 1.2 1.2 1.2 1.2 1.2 1.2 0.145 0.128 0.108 0.11 0.122 0.197 2 2 2 2 2 2
2000-02-01T16:30:00 2000 2 1 16 30 0 3.4 -0.8 533.0 2.6 1.37 0.61 0.52 0.14 2 2 2 2 2 2 2 2 2.0 1.91 -3.0 -0.8 -0.8 -0.8 -0.8 -0.8 -0.8 0.127 0.122 0.107 0.082 0.171 0.202 2 2 2 2 2 2
2000-02-01T17:30:00 2000 2 1 17 30 0 0.6 3.0 526.0 2.5 1.29 0.37 0.14 0.04 2 2 2 2 2 2 2 2 2.0 2.06 -7.0 3.0 3.0 3.0 3.0 3.0 3.0 0.086 0.061 0.103 0.046 0.054 0.084 2 2 2 2 2 2
2000-02-01T18:30:00 2000 2 1 18 30 0 -0.5 2.4 509.0 2.3 1.13 0.0 0.0 0.0 2 2 2 2 2 2 2 2 2.3 2.25 -9.0 2.4 2.4 2.4 2.4 2.4 2.4 0.058 0.03 0.1 0.026 0.017 0.035 2 2 2 2 2 2
2000-02-01T19:30:00 2000 2 1 19 30 0 0.1 0.6 497.0 2.4 1.14 0.0 0.0 0.0 2 2 2 2 2 2 2 2 2.3 2.44 -8.0 0.6 0.6 0.6 0.6 0.6 0.6 0.039 0.015 0.097 0.014 0.005 0.014 2 2 2 2 2 2
2000-02-01T20:30:00 2000 2 1 20 30 0 1.6 -0.5 500.0 2.5 1.19 0.14 0.34 0.08 2 2 2 2 2 2 2 2 2.3 2.36 -8.0 -0.5 -0.5 -0.5 -0.5 -0.5 -0.5 0.045 0.051 0.095 0.019 0.09 0.084 2 2 2 2 2 2
2000-02-01T21:30:00 2000 2 1 21 30 0 1.2 -1.4 495.0 2.5 1.17 0.62 2.45 0.61 2 2 2 2 2 2 2 2 2.7 2.33 -13.0 -1.4 -1.4 -1.4 -1.4 -1.4 -1.4 0.118 0.179 0.098 0.084 0.322 0.264 2 2 2 2 2 2
2000-02-01T22:30:00 2000 2 1 22 30 0 -0.3 -1.8 487.0 2.7 1.21 0.83 3.96 1.04 2 2 2 2 2 2 2 2 2.7 2.3 -14.0 -1.8 -1.8 -1.8 -1.8 -1.8 -1.8 0.207 0.298 0.106 0.171 0.487 0.404 2 2 2 2 2 2
2000-02-01T23:30:00 2000 2 1 23 30 0 -0.3 -0.5 479.0 2.5 1.09 0.41 2.65 0.69 2 2 2 2 2 2 2 2 2.7 2.38 -19.0 -0.5 -0.5 -0.5 -0.5 -0.5 -0.5 0.216 0.283 0.109 0.154 0.387 0.362 2 2 2 2 2 2
