2000-10-10T00:30:00 2000 10 10 0 30 0 5.9 -1.4 325.0 15.1 3.13 3.29 2.36 3.26 2 2 2 2 2 2 2 2 2.0 1.77 -13.0 -1.4 -1.4 -1.4 -1.4 -1.4 -1.4 0.386 0.61 0.27 0.223 0.458 1.255 2 2 2 2 2 2
2000-10-10T01:30:00 2000 10 10 1 30 0 5.7 -2.8 324.0 15.4 3.14 3.74 3.5 5.35 2 2 2 2 2 2 2 2 2.0 1.89 -13.0 -2.8 -2.8 -2.8 -2.8 -2.8 -2.8 0.504 0.848 0.274 0.367 0.667 1.792 2 2 2 2 2 2
2000-10-10T02:30:00 2000 10 10 2 30 0 5.7 -3.1 326.0 16.2 3.35 4.51 4.82 7.63 2 2 2 2 2 2 2 2 2.0 1.93 -16.0 -3.1 -3.1 -3.1 -3.1 -3.1 -3.1 0.65 1.078 0.285 0.544 0.838 2.282 2 2 2 2 2 2
2000-10-10T03:30:00 2000 10 10 3 30 0 6.4 -1.4 321.0 15.2 3.17 3.99 3.53 5.54 2 2 2 2 2 2 2 2 2.3 2.0 -18.0 -1.4 -1.4 -1.4 -1.4 -1.4 -1.4 0.653 1.017 0.287 0.499 0.705 2.089 2 2 2 2 2 2
2000-10-10T04:30:00 2000 10 10 4 30 0 5.2 -2.4 323.0 12.9 2.83 3.46 3.13 4.33 2 2 2 2 2 2 2 2 2.3 2.08 -20.0 -2.4 -2.4 -2.4 -2.4 -2.4 -2.4 0.65 0.98 0.289 0.473 0.674 1.871 2 2 2 2 2 2
2000-10-10T05:30:00 2000 10 10 5 30 0 5.7 -3.3 322.0 11.6 2.51 4.21 4.66 5.66 2 2 2 2 2 2 2 2 2.3 2.12 -23.0 -3.3 -3.3 -3.3 -3.3 -3.3 -3.3 0.714 1.062 0.297 0.563 0.764 1.818 2 2 2 2 2 2
2000-10-10T06:30:00 2000 10 10 6 30 0 -4.2 -5.1 327.0 12.4 2.85 4.19 6.94 8.38 2 2 2 2 2 2 2 2 3.0 2.25 -24.0 -5.1 -5.1 -5.1 -5.1 -5.1 -5.1 0.878 1.289 0.316 0.827 0.991 2.104 2 2 2 2 2 2
2000-10-10T07:30:00 2000 10 10 7 30 0 -3.4 -4.1 332.0 9.1 2.16 5.24 7.51 8.01 2 2 2 2 2 2 2 2 3.0 2.37 -25.0 -4.1 -4.1 -4.1 -4.1 -4.1 -4.1 0.966 1.334 0.335 0.937 1.002 1.962 2 2 2 2 2 2
2000-10-10T08:30:00 2000 10 10 8 30 0 -4.6 -6.9 336.0 6.8 1.62 7.46 9.39 7.28 2 2 2 2 2 2 2 2 3.0 2.5 -30.0 -6.9 -6.9 -6.9 -6.9 -6.9 -6.9 1.081 1.401 0.361 1.146 1.094 1.707 2 2 2 2 2 2
2000-10-10T09:30:00 2000 10 10 9 30 0 -3.2 -7.9 331.0 7.3 1.75 11.11 12.4 8.77 2 2 2 2 2 2 2 2 2.3 2.53 -28.0 -7.9 -7.9 -7.9 -7.9 -7.9 -7.9 1.247 1.543 0.399 1.461 1.231 1.647 2 2 2 2 2 2
2000-10-10T10:30:00 2000 10 10 10 30 0 0.1 -7.1 330.0 9.3 2.23 9.98 12.34 10.32 2 2 2 2 2 2 2 2 2.3 2.56 -29.0 -7.1 -7.1 -7.1 -7.1 -7.1 -7.1 1.383 1.671 0.438 1.666 1.314 1.851 2 2 2 2 2 2
2000-10-10T11:30:00 2000 10 10 11 30 0 -2.9 -5.3 334.0 10.0 2.46 7.09 10.17 9.83 2 2 2 2 2 2 2 2 2.3 2.56 -31.0 -5.3 -5.3 -5.3 -5.3 -5.3 -5.3 1.406 1.654 0.465 1.61 1.252 1.995 2 2 2 2 2 2
2000-10-10T12:30:00 2000 10 10 12 30 0 -1.1 -2.9 334.0 11.0 2.66 3.53 6.68 7.01 2 2 2 2 2 2 2 2 1.7 2.48 -29.0 -2.9 -2.9 -2.9 -2.9 -2.9 -2.9 1.277 1.446 0.474 1.289 1.019 1.901 2 2 2 2 2 2
2000-10-10T13:30:00 2000 10 10 13 30 0 3.0 -3.6 331.0 11.4 2.74 2.35 5.45 6.12 2 2 2 2 2 2 2 2 1.7 2.4 -25.0 -3.6 -3.6 -3.6 -3.6 -3.6 -3.6 1.168 1.325 0.48 1.07 0.932 1.886 2 2 2 2 2 2
2000-10-10T14:30:00 2000 10 10 14 30 0 -2.2 -4.2 335.0 10.7 2.57 3.17 6.54 7.2 2 2 2 2 2 2 2 2 1.7 2.23 -25.0 -4.2 -4.2 -4.2 -4.2 -4.2 -4.2 1.141 1.33 0.49 1.031 0.977 1.949 2 2 2 2 2 2
2000-10-10T15:30:00 2000 10 10 15 30 0 -2.3 -4.4 335.0 10.3 2.41 4.04 7.22 7.56 2 2 2 2 2 2 2 2 2.0 2.11 -29.0 -4.4 -4.4 -4.4 -4.4 -4.4 -4.4 1.142 1.355 0.503 1.05 1.018 1.965 2 2 2 2 2 2
2000-10-10T16:30:00 2000 10 10 16 30 0 -0.4 -4.8 334.0 9.6 2.18 4.2 7.72 7.66 2 2 2 2 2 2 2 2 2.0 2.0 -28.0 -4.8 -4.8 -4.8 -4.8 -4.8 -4.8 1.158 1.383 0.518 1.093 1.048 1.923 2 2 2 2 2 2
2000-10-10T17:30:00 2000 10 10 17 30 0 3.0 3.6 333.0 9.6 2.21 0.78 1.96 1.88 2 2 2 2 2 2 2 2 2.0 1.96 -28.0 3.6 3.6 3.6 3.6 3.6 3.6 0.85 0.818 0.506 0.669 0.444 1.016 2 2 2 2 2 2
2000-10-10T18:30:00 2000 10 10 18 30 0 5.1 2.6 334.0 8.3 1.96 0.48 0.0 0.0 2 2 2 2 2 2 2 2 1.0 1.79 -18.0 2.6 2.6 2.6 2.6 2.6 2.6 0.576 0.406 0.491 0.375 0.14 0.421 2 2 2 2 2 2
2000-10-10T19:30:00 2000 10 10 19 30 0 5.0 0.5 335.0 9.0 2.14 1.12 0.0 0.0 2 2 2 2 2 2 2 2 1.0 1.63 -13.0 0.5 0.5 0.5 0.5 0.5 0.5 0.39 0.202 0.476 0.21 0.044 0.175 2 2 2 2 2 2
2000-10-10T20:30:00 2000 10 10 20 30 0 5.2 -1.5 335.0 9.0 2.18 2.07 1.05 0.94 2 2 2 2 2 2 2 2 1.0 1.54 -13.0 -1.5 -1.5 -1.5 -1.5 -1.5 -1.5 0.342 0.301 0.464 0.176 0.229 0.442 2 2 2 2 2 2
2000-10-10T21:30:00 2000 10 10 21 30 0 6.5 0.4 330.0 9.2 2.09 2.53 0.89 0.8 2 2 2 2 2 2 2 2 2.0 1.58 -14.0 0.4 0.4 0.4 0.4 0.4 0.4 0.269 0.244 0.451 0.12 0.154 0.36 2 2 2 2 2 2
2000-10-10T22:30:00 2000 10 10 22 30 0 7.3 1.7 329.0 8.7 1.84 2.37 0.0 0.0 2 2 2 2 2 2 2 2 2.0 1.62 -14.0 1.7 1.7 1.7 1.7 1.7 1.7 0.182 0.121 0.438 0.067 0.049 0.149 2 2 2 2 2 2
2000-10-10T23:30:00 2000 10 10 23 30 0 5.8 2.0 326.0 8.6 1.79 1.75 0.0 0.0 2 2 2 2 2 2 2 2 2.0 1.63 -10.0 2.0 2.0 2.0 2.0 2.0 2.0 0.123 0.06 0.424 0.038 0.015 0.062 2 2 2 2 2 2
