2000-01-11T00:30:00 2000 1 11 0 30 0 -8.8 -0.6 420.0 10.5 3.39 7.24 2.93 3.19 2 2 2 2 2 2 2 2 3.0 2.48 -9.0 -0.6 -0.6 -0.6 -0.6 -0.6 -0.6 0.693 0.798 0.238 0.473 0.656 1.969 2 2 2 2 2 2
2000-01-11T01:30:00 2000 1 11 1 30 0 -9.6 -0.1 423.0 9.8 3.26 6.81 0.69 0.71 2 2 2 2 2 2 2 2 3.0 2.64 -10.0 -0.1 -0.1 -0.1 -0.1 -0.1 -0.1 0.508 0.501 0.232 0.283 0.342 1.227 2 2 2 2 2 2
2000-01-11T02:30:00 2000 1 11 2 30 0 -7.5 5.4 428.0 9.3 3.18 3.68 0.0 0.0 2 2 2 2 2 2 2 2 3.0 2.76 -8.0 5.4 5.4 5.4 5.4 5.4 5.4 0.344 0.249 0.225 0.158 0.108 0.509 2 2 2 2 2 2
2000-01-11T03:30:00 2000 1 11 3 30 0 -8.2 4.6 429.0 9.3 3.24 2.13 0.0 0.0 2 2 2 2 2 2 2 2 2.3 2.79 -1.0 4.6 4.6 4.6 4.6 4.6 4.6 0.233 0.124 0.218 0.089 0.034 0.211 2 2 2 2 2 2
2000-01-11T04:30:00 2000 1 11 4 30 0 -9.9 2.6 440.0 9.2 3.37 3.84 0.0 0.0 2 2 2 2 2 2 2 2 2.3 2.82 4.0 2.6 2.6 2.6 2.6 2.6 2.6 0.158 0.061 0.211 0.05 0.011 0.088 2 2 2 2 2 2
2000-01-11T05:30:00 2000 1 11 5 30 0 -10.6 6.8 433.0 8.8 3.1 4.24 0.0 0.0 2 2 2 2 2 2 2 2 2.3 2.73 8.0 6.8 6.8 6.8 6.8 6.8 6.8 0.107 0.03 0.205 0.028 0.003 0.036 2 2 2 2 2 2
2000-01-11T06:30:00 2000 1 11 6 30 0 -9.9 5.4 432.0 9.2 3.25 3.58 0.0 0.0 2 2 2 2 2 2 2 2 1.7 2.56 10.0 5.4 5.4 5.4 5.4 5.4 5.4 0.072 0.015 0.198 0.016 0.001 0.015 2 2 2 2 2 2
2000-01-11T07:30:00 2000 1 11 7 30 0 -10.8 2.2 433.0 10.0 3.61 5.03 0.0 0.0 2 2 2 2 2 2 2 2 1.7 2.4 12.0 2.2 2.2 2.2 2.2 2.2 2.2 0.049 0.008 0.192 0.009 0.0 0.006 2 2 2 2 2 2
2000-01-11T08:30:00 2000 1 11 8 30 0 -9.9 -0.5 445.0 10.4 3.96 7.42 0.15 0.16 2 2 2 2 2 2 2 2 1.7 2.23 12.0 -0.5 -0.5 -0.5 -0.5 -0.5 -0.5 0.054 0.058 0.187 0.018 0.092 0.247 2 2 2 2 2 2
2000-01-11T09:30:00 2000 1 11 9 30 0 -6.7 3.7 429.0 11.7 3.96 4.18 0.03 0.03 2 2 2 2 2 2 2 2 2.3 2.15 9.0 3.7 3.7 3.7 3.7 3.7 3.7 0.036 0.029 0.182 0.01 0.029 0.103 2 2 2 2 2 2
2000-01-11T10:30:00 2000 1 11 10 30 0 -8.3 3.9 455.0 12.2 4.64 2.38 0.0 0.0 2 2 2 2 2 2 2 2 2.3 2.07 7.0 3.9 3.9 3.9 3.9 3.9 3.9 0.025 0.014 0.176 0.006 0.009 0.043 2 2 2 2 2 2
2000-01-11T11:30:00 2000 1 11 11 30 0 -7.0 -1.0 420.0 11.2 3.72 3.78 0.31 0.35 2 2 2 2 2 2 2 2 2.3 2.08 -1.0 -1.0 -1.0 -1.0 -1.0 -1.0 -1.0 0.053 0.096 0.172 0.033 0.142 0.356 2 2 2 2 2 2
2000-01-11T12:30:00 2000 1 11 12 30 0 -8.5 -0.7 409.0 10.0 3.15 5.5 1.74 1.84 2 2 2 2 2 2 2 2 3.7 2.26 -11.0 -0.7 -0.7 -0.7 -0.7 -0.7 -0.7 0.137 0.279 0.172 0.088 0.348 0.918 2 2 2 2 2 2
2000-01-11T13:30:00 2000 1 11 13 30 0 -10.2 -1.1 425.0 10.6 3.66 7.71 1.92 1.98 2 2 2 2 2 2 2 2 3.7 2.45 -15.0 -1.1 -1.1 -1.1 -1.1 -1.1 -1.1 0.212 0.404 0.173 0.14 0.477 1.285 2 2 2 2 2 2
2000-01-11T14:30:00 2000 1 11 14 30 0 -13.0 -1.6 442.0 13.6 5.04 12.22 2.98 3.67 2 2 2 2 2 2 2 2 3.7 2.7 -7.0 -1.6 -1.6 -1.6 -1.6 -1.6 -1.6 0.331 0.581 0.181 0.251 0.707 2.117 2 2 2 2 2 2
2000-01-11T15:30:00 2000 1 11 15 30 0 -12.4 -2.7 475.0 17.1 7.72 16.13 5.06 7.93 2 2 2 2 2 2 2 2 3.7 2.95 -4.0 -2.7 -2.7 -2.7 -2.7 -2.7 -2.7 0.554 0.883 0.206 0.527 1.176 4.118 2 2 2 2 2 2
2000-01-11T16:30:00 2000 1 11 16 30 0 -13.1 -2.9 493.0 15.2 6.71 18.51 6.81 10.93 2 2 2 2 2 2 2 2 3.7 3.19 -11.0 -2.9 -2.9 -2.9 -2.9 -2.9 -2.9 0.781 1.115 0.244 0.814 1.516 5.586 2 2 2 2 2 2
2000-01-11T17:30:00 2000 1 11 17 30 0 -14.7 -7.6 480.0 12.9 5.32 28.17 13.21 18.22 2 2 2 2 2 2 2 2 3.7 3.36 -20.0 -7.6 -7.6 -7.6 -7.6 -7.6 -7.6 1.255 1.599 0.345 1.745 2.292 7.003 2 2 2 2 2 2
2000-01-11T18:30:00 2000 1 11 18 30 0 -5.0 -9.6 460.0 12.8 4.85 28.63 20.35 26.14 2 2 2 2 2 2 2 2 5.3 3.74 -34.0 -9.6 -9.6 -9.6 -9.6 -9.6 -9.6 1.828 2.112 0.503 2.959 2.891 7.814 2 2 2 2 2 2
2000-01-11T19:30:00 2000 1 11 19 30 0 -6.4 -7.0 482.0 8.2 3.51 20.58 19.31 20.1 2 2 2 2 2 2 2 2 5.3 4.12 -65.0 -7.0 -7.0 -7.0 -7.0 -7.0 -7.0 2.042 2.111 0.625 3.188 2.697 6.545 2 2 2 2 2 2
2000-01-11T20:30:00 2000 1 11 20 30 0 0.1 -15.1 523.0 4.3 2.22 34.38 28.85 16.83 2 2 2 2 2 2 2 2 5.3 4.32 -73.0 -15.1 -15.1 -15.1 -15.1 -15.1 -15.1 2.374 2.166 0.829 4.142 3.065 5.097 2 2 2 2 2 2
2000-01-11T21:30:00 2000 1 11 21 30 0 -4.2 -10.6 524.0 4.3 2.22 40.92 33.14 14.25 2 2 2 2 2 2 2 2 5.3 4.52 -81.0 -10.6 -10.6 -10.6 -10.6 -10.6 -10.6 2.525 2.067 1.025 4.458 2.989 3.959 2 2 2 2 2 2
2000-01-11T22:30:00 2000 1 11 22 30 0 -5.5 -7.6 522.0 4.6 2.33 24.92 23.47 10.45 2 2 2 2 2 2 2 2 5.3 4.72 -81.0 -7.6 -7.6 -7.6 -7.6 -7.6 -7.6 2.402 1.832 1.136 3.895 2.568 3.27 2 2 2 2 2 2
2000-01-11T23:30:00 2000 1 11 23 30 0 -7.5 -1.4 538.0 4.9 2.59 12.09 11.21 5.3 2 2 2 2 2 2 2 2 5.3 4.92 -76.0 -1.4 -1.4 -1.4 -1.4 -1.4 -1.4 1.952 1.343 1.152 2.65 1.658 2.43 2 2 2 2 2 2
