2000-09-08T00:30:00 2000 9 8 0 30 0 6.2 -1.8 411.0 3.1 0.99 6.23 5.79 2.1 2 2 2 2 2 2 2 2 3.0 3.26 -22.0 -1.8 -1.8 -1.8 -1.8 -1.8 -1.8 0.762 0.733 0.546 0.689 0.726 0.712 2 2 2 2 2 2
2000-09-08T01:30:00 2000 9 8 1 30 0 4.6 -1.0 396.0 2.4 0.7 3.34 2.76 0.76 2 2 2 2 2 2 2 2 3.0 3.22 -20.0 -1.0 -1.0 -1.0 -1.0 -1.0 -1.0 0.603 0.53 0.535 0.454 0.454 0.451 2 2 2 2 2 2
2000-09-08T02:30:00 2000 9 8 2 30 0 3.1 -1.1 387.0 2.2 0.63 1.75 2.06 0.47 2 2 2 2 2 2 2 2 3.0 3.18 -18.0 -1.1 -1.1 -1.1 -1.1 -1.1 -1.1 0.476 0.401 0.522 0.304 0.327 0.297 2 2 2 2 2 2
2000-09-08T03:30:00 2000 9 8 3 30 0 5.4 -0.5 387.0 1.9 0.57 1.93 1.5 0.31 2 2 2 2 2 2 2 2 2.0 3.01 -19.0 -0.5 -0.5 -0.5 -0.5 -0.5 -0.5 0.367 0.296 0.508 0.197 0.228 0.196 2 2 2 2 2 2
2000-09-08T04:30:00 2000 9 8 4 30 0 6.6 -0.8 416.0 1.4 0.48 3.36 1.34 0.22 2 2 2 2 2 2 2 2 2.0 2.85 -20.0 -0.8 -0.8 -0.8 -0.8 -0.8 -0.8 0.291 0.235 0.494 0.136 0.199 0.141 2 2 2 2 2 2
2000-09-08T05:30:00 2000 9 8 5 30 0 6.1 -2.5 403.0 1.6 0.52 4.76 3.51 0.53 2 2 2 2 2 2 2 2 2.0 2.68 -22.0 -2.5 -2.5 -2.5 -2.5 -2.5 -2.5 0.297 0.291 0.486 0.173 0.321 0.161 2 2 2 2 2 2
2000-09-08T06:30:00 2000 9 8 6 30 0 6.4 -2.0 413.0 2.4 0.76 5.28 4.55 0.92 2 2 2 2 2 2 2 2 2.7 2.61 -22.0 -2.0 -2.0 -2.0 -2.0 -2.0 -2.0 0.329 0.362 0.481 0.224 0.417 0.236 2 2 2 2 2 2
2000-09-08T07:30:00 2000 9 8 7 30 0 3.2 -4.3 405.0 4.0 1.22 5.14 6.62 2.22 2 2 2 2 2 2 2 2 2.7 2.54 -20.0 -4.3 -4.3 -4.3 -4.3 -4.3 -4.3 0.457 0.561 0.487 0.422 0.683 0.513 2 2 2 2 2 2
2000-09-08T08:30:00 2000 9 8 8 30 0 8.4 -2.4 455.0 5.2 2.06 7.05 7.03 3.23 2 2 2 2 2 2 2 2 2.7 2.51 -24.0 -2.4 -2.4 -2.4 -2.4 -2.4 -2.4 0.557 0.675 0.497 0.534 0.825 0.882 2 2 2 2 2 2
2000-09-08T09:30:00 2000 9 8 9 30 0 7.8 -5.8 465.0 5.4 2.23 12.38 9.78 5.2 2 2 2 2 2 2 2 2 3.7 2.61 -24.0 -5.8 -5.8 -5.8 -5.8 -5.8 -5.8 0.766 0.905 0.53 0.892 1.229 1.471 2 2 2 2 2 2
2000-09-08T10:30:00 2000 9 8 10 30 0 6.9 -5.5 465.0 6.0 2.43 14.55 13.11 7.5 2 2 2 2 2 2 2 2 3.7 2.71 -31.0 -5.5 -5.5 -5.5 -5.5 -5.5 -5.5 0.997 1.117 0.581 1.273 1.512 1.979 2 2 2 2 2 2
2000-09-08T11:30:00 2000 9 8 11 30 0 7.9 -3.0 437.0 2.3 0.81 10.88 9.35 3.93 2 2 2 2 2 2 2 2 3.7 2.92 -35.0 -3.0 -3.0 -3.0 -3.0 -3.0 -3.0 0.955 0.96 0.596 1.089 1.115 1.365 2 2 2 2 2 2
2000-09-08T12:30:00 2000 9 8 12 30 0 7.2 -4.7 450.0 2.3 0.93 10.34 8.71 2.0 2 2 2 2 2 2 2 2 3.7 3.13 -31.0 -4.7 -4.7 -4.7 -4.7 -4.7 -4.7 0.893 0.831 0.606 0.948 0.944 0.887 2 2 2 2 2 2
2000-09-08T13:30:00 2000 9 8 13 30 0 6.3 -4.7 492.0 2.6 1.11 11.49 11.11 2.74 2 2 2 2 2 2 2 2 3.7 3.34 -36.0 -4.7 -4.7 -4.7 -4.7 -4.7 -4.7 0.907 0.818 0.628 0.98 1.043 0.823 2 2 2 2 2 2
2000-09-08T14:30:00 2000 9 8 14 30 0 4.0 -1.9 502.0 4.4 1.94 6.66 7.91 2.72 2 2 2 2 2 2 2 2 3.7 3.46 -40.0 -1.9 -1.9 -1.9 -1.9 -1.9 -1.9 0.848 0.749 0.636 0.838 0.962 0.976 2 2 2 2 2 2
2000-09-08T15:30:00 2000 9 8 15 30 0 3.9 -0.9 500.0 3.1 1.34 2.68 3.4 1.28 2 2 2 2 2 2 2 2 3.7 3.58 -48.0 -0.9 -0.9 -0.9 -0.9 -0.9 -0.9 0.688 0.566 0.626 0.569 0.656 0.786 2 2 2 2 2 2
2000-09-08T16:30:00 2000 9 8 16 30 0 3.2 -1.1 487.0 6.9 2.88 1.93 2.48 1.29 2 2 2 2 2 2 2 2 3.7 3.7 -37.0 -1.1 -1.1 -1.1 -1.1 -1.1 -1.1 0.579 0.496 0.615 0.411 0.591 0.959 2 2 2 2 2 2
2000-09-08T17:30:00 2000 9 8 17 30 0 3.5 -1.1 477.0 7.7 3.05 1.84 2.65 1.94 2 2 2 2 2 2 2 2 3.7 3.7 -32.0 -1.1 -1.1 -1.1 -1.1 -1.1 -1.1 0.523 0.499 0.606 0.34 0.613 1.257 2 2 2 2 2 2
2000-09-08T18:30:00 2000 9 8 18 30 0 -2.3 -0.6 467.0 10.7 4.15 0.61 1.96 1.79 2 2 2 2 2 2 2 2 3.0 3.61 -26.0 -0.6 -0.6 -0.6 -0.6 -0.6 -0.6 0.458 0.469 0.593 0.265 0.544 1.459 2 2 2 2 2 2
2000-09-08T19:30:00 2000 9 8 19 30 0 -3.2 -0.3 460.0 8.4 3.21 0.95 1.01 0.97 2 2 2 2 2 2 2 2 3.0 3.52 -24.0 -0.3 -0.3 -0.3 -0.3 -0.3 -0.3 0.368 0.372 0.578 0.18 0.383 1.198 2 2 2 2 2 2
2000-09-08T20:30:00 2000 9 8 20 30 0 1.3 -2.7 478.0 4.6 1.92 1.16 3.78 2.21 2 2 2 2 2 2 2 2 3.0 3.43 -25.0 -2.7 -2.7 -2.7 -2.7 -2.7 -2.7 0.431 0.501 0.576 0.296 0.669 1.261 2 2 2 2 2 2
2000-09-08T21:30:00 2000 9 8 21 30 0 -3.5 -1.8 452.0 5.7 2.14 1.87 5.14 2.65 2 2 2 2 2 2 2 2 3.7 3.43 -27.0 -1.8 -1.8 -1.8 -1.8 -1.8 -1.8 0.488 0.579 0.576 0.374 0.746 1.23 2 2 2 2 2 2
2000-09-08T22:30:00 2000 9 8 22 30 0 -5.0 -1.9 460.0 4.1 1.59 3.29 4.23 2.04 2 2 2 2 2 2 2 2 3.7 3.44 -28.0 -1.9 -1.9 -1.9 -1.9 -1.9 -1.9 0.497 0.574 0.572 0.376 0.701 1.053 2 2 2 2 2 2
2000-09-08T23:30:00 2000 9 8 23 30 0 -6.7 0.7 466.0 4.7 1.85 3.59 1.42 0.61 2 2 2 2 2 2 2 2 3.7 3.44 -25.0 0.7 0.7 0.7 0.7 0.7 0.7 0.375 0.355 0.558 0.239 0.319 0.57 2 2 2 2 2 2
