1988-05-27T00:30:00 1988 5 27 0 30 0 0.58 0.4 415.4 7.81 2.34 0.01 0.0 0.0 0 0 0 0 0 0 0 0 0.3 0.8 -10.0 -0.82 -0.55 -1.41 -1.37 -0.57 -0.36 0.286 0.315 0.28 0.282 0.321 0.611 0 0 0 0 0 0
1988-05-27T01:30:00 1988 5 27 1 30 0 0.58 0.4 415.3 7.8 2.34 0.01 0.0 0.0 0 0 0 0 0 0 0 0 0.3 0.6 -8.0 -0.82 -0.54 -1.41 -1.37 -0.57 -0.36 0.286 0.313 0.281 0.282 0.32 0.61 0 0 0 0 0 0
1988-05-27T02:30:00 1988 5 27 2 30 0 0.58 0.4 415.2 7.8 2.34 0.01 0.0 0.0 0 0 0 0 0 0 0 0 0.3 0.54 -7.0 -0.81 -0.54 -1.4 -1.37 -0.57 -0.36 0.285 0.312 0.282 0.281 0.32 0.609 0 0 0 0 0 0
1988-05-27T03:30:00 1988 5 27 3 30 0 0.58 0.4 415.0 7.8 2.34 0.01 0.0 0.0 0 0 0 0 0 0 0 0 1.0 0.59 -6.0 -0.81 -0.54 -1.4 -1.36 -0.57 -0.36 0.284 0.311 0.282 0.28 0.32 0.608 0 0 0 0 0 0
1988-05-27T04:30:00 1988 5 27 4 30 0 0.58 0.4 414.9 7.8 2.34 0.01 0.0 0.0 0 0 0 0 0 0 0 0 1.0 0.63 -7.0 -0.81 -0.54 -1.4 -1.36 -0.57 -0.36 0.284 0.311 0.283 0.279 0.32 0.608 0 0 0 0 0 0
1988-05-27T05:30:00 1988 5 27 5 30 0 0.58 0.4 414.8 7.79 2.33 0.01 0.0 0.0 0 0 0 0 0 0 0 0 1.0 0.67 -6.0 -0.81 -0.54 -1.4 -1.36 -0.57 -0.35 0.283 0.311 0.284 0.279 0.32 0.603 0 0 0 0 0 0
1988-05-27T06:30:00 1988 5 27 6 30 0 0.58 0.4 414.7 7.79 2.33 0.01 0.0 0.0 0 0 0 0 0 0 0 0 0.3 0.62 -5.0 -0.81 -0.54 -1.4 -1.36 -0.57 -0.35 0.283 0.311 0.284 0.278 0.319 0.6 0 0 0 0 0 0
1988-05-27T07:30:00 1988 5 27 7 30 0 0.57 0.4 414.6 7.79 2.33 0.01 0.0 0.0 0 0 0 0 0 0 0 0 0.3 0.56 -5.0 -0.81 -0.54 -1.39 -1.36 -0.57 -0.35 0.282 0.311 0.285 0.278 0.319 0.598 0 0 0 0 0 0
1988-05-27T08:30:00 1988 5 27 8 30 0 0.57 0.41 414.5 7.78 2.33 0.01 0.0 0.0 0 0 0 0 0 0 0 0 0.3 0.56 -5.0 -0.81 -0.54 -1.39 -1.35 -0.56 -0.35 0.282 0.31 0.285 0.277 0.317 0.596 0 0 0 0 0 0
1988-05-27T09:30:00 1988 5 27 9 30 0 0.57 0.41 414.4 7.78 2.33 0.01 0.0 0.0 0 0 0 0 0 0 0 0 0.3 0.56 -5.0 -0.81 -0.54 -1.39 -1.35 -0.56 -0.35 0.282 0.31 0.285 0.276 0.316 0.595 0 0 0 0 0 0
1988-05-27T10:30:00 1988 5 27 10 30 0 0.57 0.41 414.3 7.78 2.32 0.01 0.0 0.0 0 0 0 0 0 0 0 0 0.3 0.55 -7.0 -0.8 -0.54 -1.39 -1.35 -0.56 -0.35 0.281 0.31 0.286 0.275 0.315 0.595 0 0 0 0 0 0
1988-05-27T11:30:00 1988 5 27 11 30 0 0.57 0.41 414.2 7.77 2.32 0.01 0.0 0.0 0 0 0 0 0 0 0 0 0.3 0.47 -7.0 -0.8 -0.54 -1.39 -1.35 -0.56 -0.35 0.28 0.31 0.286 0.275 0.315 0.594 0 0 0 0 0 0
1988-05-27T12:30:00 1988 5 27 12 30 0 0.57 0.41 412.5 7.77 2.32 0.01 0.0 0.0 0 0 1 0 0 0 1 0 0.7 0.44 -5.0 -0.8 -0.53 -1.39 -1.35 -0.56 -0.35 0.28 0.309 0.286 0.274 0.313 0.591 0 0 0 0 0 0
1988-05-27T13:30:00 1988 5 27 13 30 0 0.56 0.41 409.1 7.77 2.32 0.01 0.0 0.0 0 0 1 0 0 0 1 0 0.7 0.4 -3.0 -0.8 -0.53 -1.38 -1.35 -0.56 -0.35 0.278 0.307 0.287 0.273 0.311 0.584 0 0 0 0 0 0
1988-05-27T14:30:00 1988 5 27 14 30 0 0.56 0.41 405.7 7.76 2.32 0.01 0.0 0.0 0 0 1 0 0 0 1 0 0.7 0.46 -2.0 -0.8 -0.53 -1.38 -1.34 -0.56 -0.35 0.277 0.306 0.286 0.27 0.307 0.574 0 0 0 0 0 0
1988-05-27T15:30:00 1988 5 27 15 30 0 0.56 0.41 402.3 7.76 2.31 0.01 0.0 0.0 0 0 1 0 0 0 1 0 0.7 0.51 0.0 -0.8 -0.53 -1.38 -1.34 -0.56 -0.35 0.276 0.305 0.286 0.267 0.303 0.563 0 0 0 0 0 0
1988-05-27T16:30:00 1988 5 27 16 30 0 0.56 0.42 398.9 7.76 2.31 0.01 0.0 0.0 0 0 1 0 0 0 1 0 0.7 0.56 2.0 -0.8 -0.53 -1.38 -1.34 -0.56 -0.35 0.274 0.305 0.286 0.264 0.299 0.552 0 0 0 0 0 0
1988-05-27T17:30:00 1988 5 27 17 30 0 0.56 0.42 395.6 7.75 2.31 0.01 0.0 0.0 0 0 1 0 0 0 1 0 0.7 0.6 1.0 -0.8 -0.53 -1.38 -1.34 -0.56 -0.35 0.272 0.304 0.285 0.261 0.295 0.541 0 0 0 0 0 0
1988-05-27T18:30:00 1988 5 27 18 30 0 0.56 0.42 392.2 7.75 2.31 0.01 0.0 0.0 0 0 1 0 0 0 1 0 0.7 0.65 0.0 -0.79 -0.53 -1.37 -1.34 -0.56 -0.35 0.27 0.303 0.284 0.258 0.291 0.53 0 0 0 0 0 0
1988-05-27T19:30:00 1988 5 27 19 30 0 0.56 0.42 388.8 7.75 2.31 0.01 0.0 0.0 0 0 1 0 0 0 1 0 0.7 0.7 -1.0 -0.79 -0.53 -1.37 -1.33 -0.55 -0.35 0.267 0.303 0.283 0.255 0.285 0.519 0 0 0 0 0 0
1988-05-27T20:30:00 1988 5 27 20 30 0 0.55 0.42 385.5 7.75 2.3 0.01 0.0 0.0 0 0 1 0 0 0 1 0 0.7 0.7 -3.0 -0.79 -0.53 -1.37 -1.33 -0.55 -0.34 0.265 0.302 0.282 0.251 0.28 0.505 0 0 0 0 0 0
1988-05-27T21:30:00 1988 5 27 21 30 0 0.55 0.42 382.2 7.74 2.3 0.01 0.0 0.0 0 0 1 0 0 0 1 0 1.0 0.74 -3.0 -0.79 -0.53 -1.37 -1.33 -0.55 -0.34 0.263 0.302 0.281 0.248 0.276 0.492 0 0 0 0 0 0
1988-05-27T22:30:00 1988 5 27 22 30 0 0.55 0.42 378.8 7.74 2.3 0.01 0.0 0.0 0 0 1 0 0 0 1 0 1.0 0.78 -2.0 -0.79 -0.53 -1.37 -1.33 -0.55 -0.34 0.261 0.301 0.28 0.245 0.272 0.48 0 0 0 0 0 0
1988-05-27T23:30:00 1988 5 27 23 30 0 0.55 0.42 375.5 7.74 2.3 0.01 0.0 0.0 0 0 1 0 0 0 1 0 1.0 0.82 1.0 -0.79 -0.52 -1.36 -1.33 -0.55 -0.34 0.259 0.3 0.278 0.242 0.268 0.47 0 0 0 0 0 0
