1988-07-14T00:30:00 1988 7 14 0 30 0 -8.6 -1.2 412.0 4.5 1.56 7.06 3.16 1.37 1 1 1 1 1 1 1 1 2.7 1.87 -9.0 -1.2 -1.2 -1.2 -1.2 -1.2 -1.2 0.191 0.33 0.193 0.152 0.413 0.479 1 1 1 1 1 1
1988-07-14T01:30:00 1988 7 14 1 30 0 -9.0 -0.5 406.0 4.8 1.59 6.63 1.68 0.78 2 2 2 2 2 2 2 2 2.7 2.04 -5.0 -0.5 -0.5 -0.5 -0.5 -0.5 -0.5 0.197 0.313 0.191 0.129 0.329 0.452 2 2 1 2 2 2
1988-07-14T02:30:00 1988 7 14 2 30 0 -7.5 -2.6 431.0 6.0 2.28 7.03 3.46 1.93 2 2 2 2 2 2 2 2 2.7 2.22 -2.0 -2.6 -2.6 -2.6 -2.6 -2.6 -2.6 0.303 0.47 0.197 0.247 0.575 0.794 2 2 1 2 2 2
1988-07-14T03:30:00 1988 7 14 3 30 0 -6.5 -1.1 437.0 5.9 2.42 5.9 3.88 2.31 2 2 2 2 2 2 2 2 2.3 2.33 -4.0 -1.1 -1.1 -1.1 -1.1 -1.1 -1.1 0.36 0.517 0.203 0.282 0.595 0.933 2 2 1 2 2 2
1988-07-14T04:30:00 1988 7 14 4 30 0 -7.1 -0.8 445.0 6.1 2.57 4.78 2.07 1.24 2 2 2 2 2 2 2 2 2.3 2.45 -4.0 -0.8 -0.8 -0.8 -0.8 -0.8 -0.8 0.339 0.454 0.202 0.228 0.484 0.868 2 2 1 2 2 2
1988-07-14T05:30:00 1988 7 14 5 30 0 -7.1 -0.72 445.0 6.1 2.57 4.95 1.68 1.03 1 1 1 1 1 1 1 1 2.3 2.45 -1.0 -0.87 -0.82 -0.96 -0.95 -0.83 -0.78 0.32 0.412 0.202 0.198 0.437 0.823 2 2 1 2 1 1
1988-07-14T06:30:00 1988 7 14 6 30 0 -6.07 -0.43 445.0 6.1 2.54 4.13 1.25 0.76 1 1 1 1 1 1 1 1 2.0 2.41 0.0 -1.14 -0.91 -1.55 -1.52 -0.94 -0.73 0.326 0.401 0.205 0.229 0.443 0.792 1 1 1 1 1 1
1988-07-14T07:30:00 1988 7 14 7 30 0 -4.16 -0.37 445.0 6.3 2.43 2.52 0.88 0.55 1 0 1 1 1 1 1 1 2.0 2.37 -4.0 -1.19 -0.93 -1.66 -1.63 -0.96 -0.71 0.343 0.404 0.21 0.277 0.459 0.782 1 1 1 1 0 0
1988-07-14T08:30:00 1988 7 14 8 30 0 -2.24 -0.37 445.0 6.55 2.32 1.09 0.82 0.53 1 0 1 1 1 1 1 1 2.0 2.28 -5.0 -1.19 -0.93 -1.66 -1.63 -0.96 -0.71 0.357 0.41 0.217 0.311 0.47 0.798 1 0 1 0 0 0
1988-07-14T09:30:00 1988 7 14 9 30 0 -1.52 -0.37 445.0 6.79 2.21 0.44 0.82 0.55 0 0 1 1 1 0 1 1 1.0 2.06 -3.0 -1.19 -0.93 -1.66 -1.63 -0.96 -0.71 0.369 0.416 0.223 0.333 0.478 0.828 0 0 1 0 0 0
1988-07-14T10:30:00 1988 7 14 10 30 0 -1.52 -0.36 445.0 7.03 2.2 0.32 0.81 0.56 0 0 1 1 0 0 1 1 1.0 1.85 -1.0 -1.19 -0.93 -1.66 -1.63 -0.96 -0.71 0.379 0.423 0.229 0.347 0.485 0.863 0 0 1 0 0 0
1988-07-14T11:30:00 1988 7 14 11 30 0 -1.52 -0.36 445.0 7.16 2.2 0.32 0.8 0.57 0 0 1 0 0 0 1 0 1.0 1.68 3.0 -1.19 -0.93 -1.65 -1.63 -0.95 -0.71 0.386 0.429 0.235 0.357 0.489 0.894 0 0 1 0 0 0
1988-07-14T12:30:00 1988 7 14 12 30 0 -1.52 -0.36 445.0 7.16 2.2 0.32 0.8 0.57 0 0 1 0 0 0 1 0 1.3 1.56 5.0 -1.19 -0.93 -1.65 -1.63 -0.95 -0.71 0.392 0.432 0.241 0.363 0.49 0.91 0 0 1 0 0 0
1988-07-14T13:30:00 1988 7 14 13 30 0 -1.52 -0.36 445.0 7.15 2.2 0.32 0.8 0.57 0 0 1 0 0 0 1 0 1.3 1.44 5.0 -1.19 -0.93 -1.65 -1.63 -0.95 -0.71 0.396 0.434 0.247 0.366 0.491 0.917 0 0 1 0 0 0
1988-07-14T14:30:00 1988 7 14 14 30 0 -1.52 -0.36 445.0 7.15 2.2 0.32 0.8 0.57 0 0 1 0 0 0 1 0 1.3 1.36 6.0 -1.19 -0.92 -1.65 -1.63 -0.95 -0.71 0.398 0.433 0.252 0.367 0.491 0.919 0 0 1 0 0 0
1988-07-14T15:30:00 1988 7 14 15 30 0 -1.52 -0.35 445.0 7.14 2.2 0.31 0.79 0.56 0 0 1 0 0 0 1 0 2.0 1.36 5.0 -1.19 -0.92 -1.65 -1.62 -0.95 -0.71 0.4 0.432 0.257 0.368 0.491 0.919 0 0 1 0 0 0
1988-07-14T16:30:00 1988 7 14 16 30 0 -1.52 -0.35 445.0 7.14 2.2 0.31 0.78 0.56 0 0 1 0 0 0 1 0 2.0 1.37 0.0 -1.19 -0.92 -1.65 -1.62 -0.95 -0.71 0.401 0.432 0.263 0.367 0.491 0.919 0 0 1 0 0 0
1988-07-14T17:30:00 1988 7 14 17 30 0 -1.52 -0.35 445.0 7.13 2.19 0.31 0.78 0.56 0 0 1 0 0 0 1 0 2.0 1.5 -2.0 -1.19 -0.92 -1.65 -1.62 -0.95 -0.71 0.401 0.432 0.268 0.367 0.49 0.918 0 0 1 0 0 0
1988-07-14T18:30:00 1988 7 14 18 30 0 -1.52 -0.35 444.4 7.13 2.19 0.31 0.78 0.55 0 0 1 0 0 0 1 0 1.7 1.58 -7.0 -1.18 -0.92 -1.65 -1.62 -0.95 -0.71 0.401 0.432 0.272 0.366 0.49 0.916 0 0 1 0 0 0
1988-07-14T19:30:00 1988 7 14 19 30 0 -1.53 -0.35 443.2 7.12 2.19 0.31 0.78 0.55 0 0 1 0 0 0 1 0 1.7 1.67 -12.0 -1.18 -0.92 -1.65 -1.62 -0.95 -0.7 0.4 0.431 0.277 0.366 0.488 0.909 0 0 0 0 0 0
1988-07-14T20:30:00 1988 7 14 20 30 0 -1.53 -0.34 442.0 7.12 2.19 0.31 0.76 0.54 0 0 1 0 0 0 1 0 1.7 1.72 -12.0 -1.18 -0.92 -1.65 -1.62 -0.95 -0.7 0.399 0.431 0.281 0.365 0.486 0.901 0 0 0 0 0 0
1988-07-14T21:30:00 1988 7 14 21 30 0 -1.53 -0.34 440.8 7.11 2.19 0.31 0.75 0.53 0 0 1 0 0 0 1 0 2.0 1.8 -13.0 -1.18 -0.92 -1.65 -1.62 -0.95 -0.7 0.399 0.431 0.285 0.364 0.484 0.894 0 0 0 0 0 0
1988-07-14T22:30:00 1988 7 14 22 30 0 -1.53 -0.34 439.6 7.11 2.19 0.31 0.75 0.53 0 0 1 0 0 0 1 0 2.0 1.89 -12.0 -1.18 -0.92 -1.64 -1.62 -0.95 -0.7 0.398 0.43 0.289 0.362 0.482 0.887 0 0 0 0 0 0
1988-07-14T23:30:00 1988 7 14 23 30 0 -1.53 -0.34 438.4 7.1 2.19 0.31 0.75 0.53 0 0 1 0 0 0 1 0 2.0 1.89 -8.0 -1.18 -0.92 -1.64 -1.62 -0.94 -0.7 0.397 0.43 0.293 0.361 0.478 0.881 0 0 0 0 0 0
