1988-10-19T00:30:00 1988 10 19 0 30 0 -0.3 4.3 660.0 3.5 3.05 0.65 0.0 0.0 2 2 2 2 2 2 2 2 3.3 4.14 -52.0 4.3 4.3 4.3 4.3 4.3 4.3 0.352 0.18 0.657 0.25 0.165 0.311 2 2 2 2 2 2
1988-10-19T01:30:00 1988 10 19 1 30 0 5.8 3.3 685.0 4.3 4.04 0.6 0.0 0.0 2 2 2 2 2 2 2 2 3.3 3.93 -43.0 3.3 3.3 3.3 3.3 3.3 3.3 0.238 0.089 0.637 0.14 0.052 0.129 2 2 2 2 2 2
1988-10-19T02:30:00 1988 10 19 2 30 0 -3.7 0.9 618.0 3.1 2.37 0.48 0.0 0.0 2 2 2 2 2 2 2 2 3.3 3.84 -46.0 0.9 0.9 0.9 0.9 0.9 0.9 0.161 0.044 0.617 0.078 0.017 0.054 2 2 2 2 2 2
1988-10-19T03:30:00 1988 10 19 3 30 0 -4.7 3.8 638.0 3.3 2.69 1.06 0.0 0.0 2 2 2 2 2 2 2 2 3.0 3.71 -45.0 3.8 3.8 3.8 3.8 3.8 3.8 0.109 0.022 0.599 0.044 0.005 0.022 2 2 2 2 2 2
1988-10-19T04:30:00 1988 10 19 4 30 0 -8.2 0.2 621.0 2.5 1.93 3.81 0.0 0.0 2 2 2 2 2 2 2 2 3.0 3.58 -43.0 0.2 0.2 0.2 0.2 0.2 0.2 0.074 0.011 0.58 0.025 0.002 0.009 2 2 2 2 2 2
1988-10-19T05:30:00 1988 10 19 5 30 0 -5.85 1.05 652.5 2.3 1.8 5.06 0.0 0.0 1 1 1 1 1 1 1 1 3.0 3.42 -44.0 1.05 1.05 1.05 1.05 1.05 1.05 0.05 0.005 0.563 0.014 0.001 0.004 2 2 2 2 2 2
1988-10-19T06:30:00 1988 10 19 6 30 0 -3.5 1.9 684.0 2.1 1.68 1.82 0.0 0.0 2 2 2 2 2 2 2 2 2.3 3.17 -45.0 1.9 1.9 1.9 1.9 1.9 1.9 0.034 0.003 0.545 0.008 0.0 0.002 2 2 2 2 2 2
1988-10-19T07:30:00 1988 10 19 7 30 0 -4.7 2.5 718.0 2.1 2.17 1.19 0.0 0.0 2 2 2 2 2 2 2 2 2.3 2.93 -43.0 2.5 2.5 2.5 2.5 2.5 2.5 0.023 0.001 0.529 0.004 0.0 0.001 2 2 2 2 2 2
1988-10-19T08:30:00 1988 10 19 8 30 0 -0.8 1.4 712.0 2.0 1.75 0.5 0.0 0.0 2 2 2 2 2 2 2 2 2.3 2.8 -41.0 1.4 1.4 1.4 1.4 1.4 1.4 0.016 0.001 0.513 0.002 0.0 0.0 2 2 2 2 2 2
1988-10-19T09:30:00 1988 10 19 9 30 0 -1.4 1.4 690.0 1.8 1.71 0.05 0.0 0.0 2 2 2 2 2 2 2 2 3.3 2.81 -44.0 1.4 1.4 1.4 1.4 1.4 1.4 0.011 0.0 0.497 0.001 0.0 0.0 2 2 2 2 2 2
1988-10-19T10:30:00 1988 10 19 10 30 0 2.1 0.1 684.0 1.7 1.34 0.13 0.0 0.0 2 2 2 2 2 2 2 2 3.3 2.81 -42.0 0.1 0.1 0.1 0.1 0.1 0.1 0.007 0.0 0.482 0.001 0.0 0.0 2 2 2 2 2 2
1988-10-19T11:30:00 1988 10 19 11 30 0 -4.8 1.1 701.0 1.4 1.18 0.65 0.0 0.0 2 2 2 2 2 2 2 2 3.3 2.86 -46.0 1.1 1.1 1.1 1.1 1.1 1.1 0.005 0.0 0.467 0.0 0.0 0.0 2 2 2 2 2 2
1988-10-19T12:30:00 1988 10 19 12 30 0 -3.4 0.3 701.0 1.3 1.28 1.82 0.0 0.0 2 2 2 2 2 2 2 2 2.3 2.77 -45.0 0.3 0.3 0.3 0.3 0.3 0.3 0.003 0.0 0.453 0.0 0.0 0.0 2 2 2 2 2 2
1988-10-19T13:30:00 1988 10 19 13 30 0 -2.4 1.5 681.0 1.3 1.21 0.77 0.0 0.0 2 2 2 2 2 2 2 2 2.3 2.68 -40.0 1.5 1.5 1.5 1.5 1.5 1.5 0.002 0.0 0.439 0.0 0.0 0.0 2 2 2 2 2 2
1988-10-19T14:30:00 1988 10 19 14 30 0 -1.2 -0.2 662.0 1.2 1.05 0.29 0.07 0.01 2 2 2 2 2 2 2 2 2.3 2.67 -40.0 -0.2 -0.2 -0.2 -0.2 -0.2 -0.2 0.007 0.012 0.426 0.003 0.038 0.024 2 2 2 2 2 2
1988-10-19T15:30:00 1988 10 19 15 30 0 -1.4 0.6 670.0 1.2 1.08 0.19 0.06 0.01 2 2 2 2 2 2 2 2 2.3 2.67 -40.0 0.6 0.6 0.6 0.6 0.6 0.6 0.005 0.006 0.413 0.001 0.012 0.01 2 2 2 2 2 2
1988-10-19T16:30:00 1988 10 19 16 30 0 -1.8 0.6 642.0 1.2 0.99 0.22 0.0 0.0 2 2 2 2 2 2 2 2 2.3 2.66 -33.0 0.6 0.6 0.6 0.6 0.6 0.6 0.003 0.003 0.4 0.001 0.004 0.004 2 2 2 2 2 2
1988-10-19T17:30:00 1988 10 19 17 30 0 -2.0 -0.4 641.0 1.3 1.07 0.49 0.31 0.04 2 2 2 2 2 2 2 2 2.3 2.54 -33.0 -0.4 -0.4 -0.4 -0.4 -0.4 -0.4 0.016 0.029 0.389 0.008 0.084 0.054 2 2 2 2 2 2
1988-10-19T18:30:00 1988 10 19 18 30 0 -2.8 -0.1 632.0 1.5 1.18 0.91 0.76 0.1 2 2 2 2 2 2 2 2 2.7 2.47 -35.0 -0.1 -0.1 -0.1 -0.1 -0.1 -0.1 0.03 0.053 0.378 0.013 0.124 0.1 2 2 2 2 2 2
1988-10-19T19:30:00 1988 10 19 19 30 0 -3.6 0.2 629.0 1.4 1.11 1.31 0.04 0.01 2 2 2 2 2 2 2 2 2.7 2.4 -31.0 0.2 0.2 0.2 0.2 0.2 0.2 0.021 0.028 0.367 0.008 0.043 0.046 2 2 2 2 2 2
1988-10-19T20:30:00 1988 10 19 20 30 0 -4.0 1.4 646.0 1.5 1.21 1.37 0.0 0.0 2 2 2 2 2 2 2 2 2.7 2.46 -30.0 1.4 1.4 1.4 1.4 1.4 1.4 0.014 0.014 0.355 0.004 0.014 0.019 2 2 2 2 2 2
1988-10-19T21:30:00 1988 10 19 21 30 0 -3.8 0.2 623.0 1.4 1.05 1.47 0.0 0.0 2 2 2 2 2 2 2 2 1.7 2.37 -30.0 0.2 0.2 0.2 0.2 0.2 0.2 0.01 0.007 0.345 0.002 0.004 0.008 2 2 2 2 2 2
1988-10-19T22:30:00 1988 10 19 22 30 0 -3.5 1.1 610.0 1.5 1.01 1.27 0.0 0.0 2 2 2 2 2 2 2 2 1.7 2.29 -29.0 1.1 1.1 1.1 1.1 1.1 1.1 0.007 0.003 0.334 0.001 0.001 0.003 2 2 2 2 2 2
1988-10-19T23:30:00 1988 10 19 23 30 0 -4.4 0.0 596.0 2.0 1.32 1.63 0.0 0.0 2 2 2 2 2 2 2 2 1.7 2.22 -28.0 0.0 0.0 0.0 0.0 0.0 0.0 0.004 0.002 0.324 0.001 0.0 0.001 2 2 2 2 2 2
