1988-04-19T00:30:00 1988 4 19 0 30 0 -0.22 -0.03 438.1 10.46 3.32 0.01 0.07 0.07 0 0 0 0 0 0 0 0 2.0 1.43 -6.0 -1.19 -0.83 -1.98 -1.93 -0.86 -0.56 0.462 0.479 0.556 0.529 0.522 1.276 0 0 0 0 0 0
1988-04-19T01:30:00 1988 4 19 1 30 0 -0.22 -0.03 438.1 10.46 3.32 0.01 0.07 0.07 0 0 0 0 0 0 0 0 2.0 1.52 -4.0 -1.19 -0.83 -1.98 -1.93 -0.86 -0.56 0.462 0.479 0.557 0.529 0.522 1.277 0 0 0 0 0 0
1988-04-19T02:30:00 1988 4 19 2 30 0 -0.22 -0.03 438.1 10.47 3.32 0.01 0.07 0.07 0 0 0 0 0 0 0 0 2.0 1.65 5.0 -1.2 -0.83 -1.98 -1.93 -0.86 -0.56 0.463 0.479 0.559 0.529 0.522 1.278 0 0 0 0 0 0
1988-04-19T03:30:00 1988 4 19 3 30 0 -0.22 -0.03 438.0 10.48 3.32 0.01 0.07 0.07 0 0 0 0 0 0 0 0 3.0 1.9 20.0 -1.2 -0.83 -1.98 -1.93 -0.86 -0.56 0.463 0.479 0.56 0.529 0.522 1.279 0 0 0 0 0 0
1988-04-19T04:30:00 1988 4 19 4 30 0 -0.22 -0.03 438.0 10.48 3.32 0.01 0.07 0.07 0 0 0 0 0 0 0 0 3.0 2.15 18.0 -1.2 -0.83 -1.98 -1.93 -0.86 -0.56 0.464 0.479 0.562 0.529 0.523 1.279 0 0 0 0 0 0
1988-04-19T05:30:00 1988 4 19 5 30 0 -0.22 -0.02 438.0 10.49 3.32 0.01 0.05 0.06 0 0 0 0 0 0 0 0 3.0 2.32 3.0 -1.2 -0.83 -1.98 -1.93 -0.86 -0.56 0.465 0.479 0.563 0.529 0.523 1.28 0 0 0 0 0 0
1988-04-19T06:30:00 1988 4 19 6 30 0 -0.22 -0.02 437.9 10.5 3.32 0.01 0.04 0.05 0 0 0 0 0 0 0 0 2.3 2.39 -2.0 -1.2 -0.83 -1.98 -1.93 -0.86 -0.56 0.465 0.479 0.565 0.529 0.523 1.281 0 0 0 0 0 0
1988-04-19T07:30:00 1988 4 19 7 30 0 -0.22 -0.02 437.9 10.5 3.32 0.01 0.04 0.05 0 0 0 0 0 0 0 0 2.3 2.46 -2.0 -1.2 -0.83 -1.98 -1.93 -0.86 -0.56 0.465 0.48 0.566 0.529 0.523 1.282 0 0 0 0 0 0
1988-04-19T08:30:00 1988 4 19 8 30 0 -0.22 -0.02 437.9 10.51 3.32 0.01 0.04 0.05 0 0 0 0 0 0 0 0 2.3 2.49 12.0 -1.2 -0.83 -1.98 -1.93 -0.86 -0.56 0.465 0.48 0.567 0.529 0.523 1.283 0 0 0 0 0 0
1988-04-19T09:30:00 1988 4 19 9 30 0 -0.21 -0.02 437.8 10.51 3.33 0.01 0.04 0.05 0 0 0 0 0 0 0 0 3.0 2.61 -1.0 -1.2 -0.83 -1.99 -1.93 -0.86 -0.56 0.466 0.48 0.569 0.53 0.523 1.283 0 0 0 0 0 0
1988-04-19T10:30:00 1988 4 19 10 30 0 -0.21 -0.02 437.8 10.52 3.33 0.0 0.04 0.05 0 0 0 0 0 0 0 0 3.0 2.74 1.0 -1.2 -0.83 -1.99 -1.94 -0.86 -0.56 0.466 0.48 0.57 0.531 0.523 1.284 0 0 0 0 0 0
1988-04-19T11:30:00 1988 4 19 11 30 0 -0.21 -0.02 437.7 10.53 3.33 0.0 0.04 0.05 0 0 0 0 0 0 0 0 3.0 2.74 -1.0 -1.2 -0.83 -1.99 -1.94 -0.86 -0.56 0.466 0.48 0.571 0.532 0.523 1.284 0 0 0 0 0 0
1988-04-19T12:30:00 1988 4 19 12 30 0 -0.21 -0.02 437.7 10.53 3.33 0.0 0.04 0.05 0 0 0 0 0 0 0 0 2.7 2.7 1.0 -1.2 -0.83 -1.99 -1.94 -0.86 -0.56 0.466 0.48 0.572 0.532 0.523 1.285 0 0 0 0 0 0
1988-04-19T13:30:00 1988 4 19 13 30 0 -0.21 -0.02 437.7 10.54 3.33 0.0 0.04 0.05 0 0 0 0 0 0 0 0 2.7 2.67 7.0 -1.2 -0.83 -1.99 -1.94 -0.86 -0.56 0.466 0.48 0.574 0.533 0.523 1.286 0 0 0 0 0 0
1988-04-19T14:30:00 1988 4 19 14 30 0 -0.21 -0.02 437.6 10.55 3.33 0.0 0.04 0.05 0 0 0 0 0 0 0 0 2.7 2.72 5.0 -1.2 -0.83 -1.99 -1.94 -0.86 -0.56 0.466 0.48 0.575 0.533 0.523 1.287 0 0 0 0 0 0
1988-04-19T15:30:00 1988 4 19 15 30 0 -0.21 -0.02 437.6 10.55 3.33 0.0 0.04 0.05 0 0 0 0 0 0 0 0 2.0 2.67 5.0 -1.2 -0.83 -1.99 -1.94 -0.86 -0.56 0.466 0.481 0.576 0.533 0.523 1.287 0 0 0 0 0 0
1988-04-19T16:30:00 1988 4 19 16 30 0 -0.21 -0.02 437.6 10.56 3.33 0.0 0.04 0.05 0 0 0 0 0 0 0 0 2.0 2.63 4.0 -1.2 -0.83 -1.99 -1.94 -0.86 -0.56 0.466 0.481 0.577 0.534 0.523 1.288 0 0 0 0 0 0
1988-04-19T17:30:00 1988 4 19 17 30 0 -0.21 -0.02 437.5 10.57 3.33 0.0 0.04 0.05 0 0 0 0 0 0 0 0 2.0 2.5 3.0 -1.2 -0.83 -1.99 -1.94 -0.86 -0.56 0.466 0.481 0.578 0.534 0.523 1.289 0 0 0 0 0 0
1988-04-19T18:30:00 1988 4 19 18 30 0 -0.21 -0.02 437.5 10.57 3.33 0.0 0.04 0.05 0 0 0 0 0 0 0 0 1.3 2.28 -3.0 -1.2 -0.83 -1.99 -1.94 -0.86 -0.56 0.466 0.481 0.579 0.534 0.523 1.29 0 0 0 0 0 0
1988-04-19T19:30:00 1988 4 19 19 30 0 -0.2 -0.02 437.5 10.58 3.33 0.0 0.04 0.05 0 0 0 0 0 0 0 0 1.3 2.07 -3.0 -1.2 -0.83 -1.99 -1.94 -0.86 -0.56 0.467 0.481 0.58 0.534 0.524 1.291 0 0 0 0 0 0
1988-04-19T20:30:00 1988 4 19 20 30 0 -0.2 -0.02 437.4 10.58 3.34 0.0 0.04 0.05 0 0 0 0 0 0 0 0 1.3 1.9 -4.0 -1.2 -0.83 -1.99 -1.94 -0.86 -0.56 0.467 0.481 0.581 0.534 0.523 1.291 0 0 0 0 0 0
1988-04-19T21:30:00 1988 4 19 21 30 0 -0.2 -0.02 437.4 10.59 3.34 0.0 0.04 0.05 0 0 0 0 0 0 0 0 1.3 1.72 -7.0 -1.2 -0.83 -1.99 -1.94 -0.86 -0.56 0.467 0.481 0.582 0.534 0.524 1.292 0 0 0 0 0 0
1988-04-19T22:30:00 1988 4 19 22 30 0 -0.2 -0.02 437.3 10.6 3.34 0.0 0.04 0.05 0 0 0 0 0 0 0 0 1.3 1.55 -8.0 -1.2 -0.83 -1.99 -1.94 -0.86 -0.56 0.467 0.481 0.583 0.534 0.524 1.293 0 0 0 0 0 0
1988-04-19T23:30:00 1988 4 19 23 30 0 -0.2 -0.02 437.3 10.6 3.34 0.0 0.04 0.05 0 0 0 0 0 0 0 0 1.3 1.47 -5.0 -1.2 -0.83 -1.99 -1.94 -0.86 -0.56 0.467 0.482 0.584 0.534 0.524 1.293 0 0 0 0 0 0
