1988-05-18T00:30:00 1988 5 18 0 30 0 -2.8 0.15 427.1 5.0 2.06 0.24 0.0 0.0 1 0 1 1 1 1 1 1 5.0 3.72 -50.0 -1.09 -0.75 -1.81 -1.76 -0.78 -0.5 0.388 0.357 0.742 0.373 0.363 0.558 0 0 1 0 0 0
1988-05-18T01:30:00 1988 5 18 1 30 0 -5.52 -0.78 430.7 4.2 1.72 1.85 0.77 0.34 1 1 1 1 1 1 1 1 5.0 3.89 -47.0 -1.85 -1.55 -2.47 -2.43 -1.58 -1.34 0.398 0.394 0.734 0.398 0.445 0.562 1 1 1 1 1 1
1988-05-18T02:30:00 1988 5 18 2 30 0 -7.0 -5.54 434.4 4.2 1.61 7.75 7.27 3.05 1 1 1 1 1 1 1 1 5.0 4.06 -43.0 -5.76 -5.7 -5.89 -5.88 -5.7 -5.65 0.592 0.673 0.751 0.726 0.894 0.89 1 1 1 1 1 1
1988-05-18T03:30:00 1988 5 18 3 30 0 -7.0 -6.8 438.0 4.2 1.61 14.74 13.58 5.7 2 2 2 2 2 2 2 2 3.0 3.96 -39.0 -6.8 -6.8 -6.8 -6.8 -6.8 -6.8 0.854 0.959 0.789 1.163 1.269 1.204 1 2 1 2 2 2
1988-05-18T04:30:00 1988 5 18 4 30 0 -5.8 -3.0 432.0 4.8 2.11 10.4 10.32 4.63 2 2 2 2 2 2 2 2 3.0 3.86 -38.0 -3.0 -3.0 -3.0 -3.0 -3.0 -3.0 0.905 0.962 0.804 1.107 1.133 1.227 2 2 1 2 2 2
1988-05-18T05:30:00 1988 5 18 5 30 0 -6.3 -4.2 440.0 4.2 1.65 7.69 7.97 3.55 2 2 2 2 2 2 2 2 3.0 3.82 -40.0 -4.2 -4.2 -4.2 -4.2 -4.2 -4.2 0.903 0.926 0.81 1.007 1.06 1.179 2 2 1 2 2 2
1988-05-18T06:30:00 1988 5 18 6 30 0 -6.4 -4.2 425.0 3.4 1.16 8.99 9.07 3.42 2 2 2 2 2 2 2 2 3.3 3.81 -42.0 -4.2 -4.2 -4.2 -4.2 -4.2 -4.2 0.905 0.899 0.817 0.963 1.004 1.023 2 2 1 2 2 2
1988-05-18T07:30:00 1988 5 18 7 30 0 -5.1 -5.2 443.0 3.6 1.38 9.37 10.31 3.62 2 2 2 2 2 2 2 2 3.3 3.8 -47.0 -5.2 -5.2 -5.2 -5.2 -5.2 -5.2 0.944 0.926 0.831 1.026 1.08 1.006 2 2 1 2 2 2
1988-05-18T08:30:00 1988 5 18 8 30 0 -6.1 -4.4 442.0 3.8 1.44 9.52 10.55 3.91 2 2 2 2 2 2 2 2 3.3 3.6 -54.0 -4.4 -4.4 -4.4 -4.4 -4.4 -4.4 0.97 0.937 0.846 1.051 1.101 1.039 2 2 1 2 2 2
1988-05-18T09:30:00 1988 5 18 9 30 0 -7.1 -1.9 456.0 3.3 1.33 7.63 6.83 2.43 2 2 2 2 2 2 2 2 3.0 3.35 -59.0 -1.9 -1.9 -1.9 -1.9 -1.9 -1.9 0.863 0.785 0.841 0.829 0.858 0.87 2 2 2 2 2 2
1988-05-18T10:30:00 1988 5 18 10 30 0 -7.1 -1.2 460.0 3.3 1.34 6.01 3.48 1.15 2 2 2 2 2 2 2 2 3.0 3.11 -54.0 -1.2 -1.2 -1.2 -1.2 -1.2 -1.2 0.7 0.595 0.824 0.568 0.606 0.668 2 2 2 2 2 2
1988-05-18T11:30:00 1988 5 18 11 30 0 -6.8 -3.2 465.0 3.6 1.51 6.99 5.29 1.84 2 2 2 2 2 2 2 2 3.0 3.11 -46.0 -3.2 -3.2 -3.2 -3.2 -3.2 -3.2 0.669 0.607 0.817 0.545 0.73 0.747 2 2 2 2 2 2
1988-05-18T12:30:00 1988 5 18 12 30 0 -6.8 0.1 462.0 3.3 1.33 5.69 3.3 1.15 2 2 2 2 2 2 2 2 3.3 3.15 -48.0 0.1 0.1 0.1 0.1 0.1 0.1 0.54 0.443 0.8 0.385 0.445 0.527 2 2 2 2 2 2
1988-05-18T13:30:00 1988 5 18 13 30 0 -5.3 -3.7 458.0 3.0 1.26 5.39 4.5 1.39 2 2 2 2 2 2 2 2 3.3 3.19 -47.0 -3.7 -3.7 -3.7 -3.7 -3.7 -3.7 0.54 0.502 0.792 0.423 0.631 0.592 2 2 2 2 2 2
1988-05-18T14:30:00 1988 5 18 14 30 0 -3.3 0.1 456.0 2.2 0.91 3.24 3.77 1.03 2 2 2 2 2 2 2 2 3.3 3.19 -49.0 0.1 0.1 0.1 0.1 0.1 0.1 0.454 0.387 0.776 0.322 0.407 0.404 2 2 2 2 2 2
1988-05-18T15:30:00 1988 5 18 15 30 0 -0.8 2.0 463.0 2.3 0.99 0.26 0.0 0.0 2 2 2 2 2 2 2 2 1.7 2.98 -45.0 2.0 2.0 2.0 2.0 2.0 2.0 0.307 0.192 0.752 0.18 0.129 0.168 2 2 2 2 2 2
1988-05-18T16:30:00 1988 5 18 16 30 0 -0.5 2.2 452.0 3.1 1.27 0.0 0.0 0.0 2 2 2 2 2 2 2 2 1.7 2.77 -41.0 2.2 2.2 2.2 2.2 2.2 2.2 0.208 0.095 0.729 0.101 0.041 0.07 2 2 2 2 2 2
1988-05-18T17:30:00 1988 5 18 17 30 0 1.4 3.5 459.0 2.7 1.14 0.01 0.0 0.0 2 2 2 2 2 2 2 2 1.7 2.61 -39.0 3.5 3.5 3.5 3.5 3.5 3.5 0.141 0.047 0.707 0.056 0.013 0.029 2 2 2 2 2 2
1988-05-18T18:30:00 1988 5 18 18 30 0 2.7 4.0 470.0 2.0 0.88 0.08 0.0 0.0 2 2 2 2 2 2 2 2 1.3 2.39 -42.0 4.0 4.0 4.0 4.0 4.0 4.0 0.095 0.024 0.685 0.032 0.004 0.012 2 2 2 2 2 2
1988-05-18T19:30:00 1988 5 18 19 30 0 2.7 3.29 468.3 2.0 0.88 0.17 0.0 0.0 1 1 1 1 1 1 1 1 1.3 2.18 -44.0 3.06 3.13 2.93 2.94 3.12 3.17 0.065 0.012 0.664 0.018 0.001 0.005 2 2 2 2 2 2
1988-05-18T20:30:00 1988 5 18 20 30 0 2.37 0.67 466.5 2.0 1.06 0.26 0.0 0.0 1 1 1 1 1 1 1 1 1.3 1.93 -45.0 -0.4 -0.11 -1.02 -0.98 -0.14 0.1 0.053 0.015 0.645 0.026 0.021 0.002 2 1 2 1 1 2
1988-05-18T21:30:00 1988 5 18 21 30 0 1.75 0.17 464.8 3.21 1.6 0.31 0.0 0.0 1 0 1 1 1 1 1 1 3.3 1.95 -43.0 -1.06 -0.73 -1.77 -1.73 -0.76 -0.49 0.105 0.106 0.634 0.119 0.183 0.118 1 0 2 0 0 0
1988-05-18T22:30:00 1988 5 18 22 30 0 1.12 0.17 463.1 4.68 2.15 0.17 0.0 0.0 1 0 1 1 1 1 1 1 3.3 1.97 -48.0 -1.06 -0.73 -1.77 -1.72 -0.76 -0.49 0.169 0.2 0.628 0.213 0.306 0.297 0 0 1 0 0 0
1988-05-18T23:30:00 1988 5 18 23 30 0 0.89 0.17 461.4 5.57 2.7 0.08 0.0 0.0 0 0 1 1 1 0 1 1 3.3 2.17 -48.0 -1.06 -0.72 -1.77 -1.72 -0.76 -0.49 0.222 0.261 0.622 0.28 0.367 0.452 0 0 1 0 0 0
