1988-02-16T00:30:00 1988 2 16 0 30 0 0.67 -0.45 403.8 8.92 2.57 0.11 0.91 0.81 0 0 0 0 0 0 0 0 1.3 2.29 -21.0 -1.54 -1.15 -2.34 -2.29 -1.19 -0.86 0.509 0.546 0.597 0.557 0.537 1.074 0 0 0 0 0 0
1988-02-16T01:30:00 1988 2 16 1 30 0 0.67 -0.45 404.0 8.91 2.57 0.11 0.91 0.81 0 0 0 0 0 0 0 0 1.3 1.96 -18.0 -1.54 -1.15 -2.34 -2.29 -1.19 -0.86 0.509 0.546 0.597 0.557 0.537 1.074 0 0 0 0 0 0
1988-02-16T02:30:00 1988 2 16 2 30 0 0.68 -0.45 404.1 8.9 2.57 0.11 0.91 0.81 0 0 0 0 0 0 0 0 1.3 1.78 -17.0 -1.54 -1.15 -2.34 -2.29 -1.19 -0.86 0.509 0.545 0.597 0.557 0.537 1.073 0 0 0 0 0 0
1988-02-16T03:30:00 1988 2 16 3 30 0 0.68 -0.45 404.3 8.89 2.57 0.11 0.91 0.81 0 0 0 0 0 0 0 0 1.0 1.57 -20.0 -1.54 -1.15 -2.34 -2.29 -1.19 -0.86 0.509 0.545 0.596 0.557 0.538 1.072 0 0 0 0 0 0
1988-02-16T04:30:00 1988 2 16 4 30 0 0.68 -0.45 404.4 8.88 2.57 0.11 0.91 0.81 0 0 0 0 0 0 0 0 1.0 1.37 -20.0 -1.54 -1.15 -2.34 -2.29 -1.19 -0.86 0.509 0.545 0.596 0.557 0.538 1.072 0 0 0 0 0 0
1988-02-16T05:30:00 1988 2 16 5 30 0 0.69 -0.45 404.5 8.87 2.57 0.11 0.91 0.81 0 0 0 0 0 0 0 0 1.0 1.28 -24.0 -1.54 -1.15 -2.34 -2.29 -1.19 -0.86 0.509 0.545 0.596 0.557 0.538 1.071 0 0 0 0 0 0
1988-02-16T06:30:00 1988 2 16 6 30 0 0.69 -0.45 404.7 8.86 2.57 0.11 0.91 0.81 0 0 0 0 0 0 0 0 2.0 1.32 -27.0 -1.54 -1.15 -2.35 -2.29 -1.19 -0.86 0.509 0.544 0.596 0.557 0.538 1.07 0 0 0 0 0 0
1988-02-16T07:30:00 1988 2 16 7 30 0 0.69 -0.44 404.8 8.85 2.57 0.11 0.9 0.8 0 0 0 0 0 0 0 0 2.0 1.37 -24.0 -1.54 -1.15 -2.35 -2.29 -1.19 -0.86 0.509 0.544 0.596 0.557 0.538 1.07 0 0 0 0 0 0
1988-02-16T08:30:00 1988 2 16 8 30 0 0.7 -0.44 404.9 8.84 2.57 0.11 0.89 0.79 0 0 0 0 0 0 0 0 2.0 1.46 -21.0 -1.54 -1.15 -2.35 -2.3 -1.19 -0.86 0.508 0.544 0.596 0.558 0.538 1.069 0 0 0 0 0 0
1988-02-16T09:30:00 1988 2 16 9 30 0 0.7 -0.44 405.1 8.83 2.57 0.11 0.89 0.79 0 0 0 0 0 0 0 0 2.0 1.55 -21.0 -1.54 -1.15 -2.35 -2.3 -1.19 -0.86 0.508 0.544 0.596 0.559 0.538 1.068 0 0 0 0 0 0
1988-02-16T10:30:00 1988 2 16 10 30 0 0.7 -0.44 405.2 8.83 2.57 0.11 0.89 0.79 0 0 0 0 0 0 0 0 2.0 1.64 -16.0 -1.54 -1.15 -2.35 -2.3 -1.19 -0.86 0.508 0.544 0.596 0.559 0.538 1.068 0 0 0 0 0 0
1988-02-16T11:30:00 1988 2 16 11 30 0 0.71 -0.44 405.4 8.82 2.57 0.11 0.89 0.79 0 0 0 0 0 0 0 0 2.0 1.76 -14.0 -1.54 -1.15 -2.35 -2.3 -1.19 -0.86 0.508 0.543 0.596 0.56 0.538 1.068 0 0 0 0 0 0
1988-02-16T12:30:00 1988 2 16 12 30 0 0.71 -0.44 405.5 8.81 2.57 0.12 0.89 0.79 0 0 0 0 0 0 0 0 3.7 2.1 -15.0 -1.54 -1.15 -2.35 -2.3 -1.19 -0.86 0.508 0.543 0.596 0.56 0.538 1.068 0 0 0 0 0 0
1988-02-16T13:30:00 1988 2 16 13 30 0 0.71 -0.44 405.6 8.8 2.57 0.12 0.89 0.79 0 0 0 0 0 0 0 0 3.7 2.44 -23.0 -1.54 -1.15 -2.35 -2.3 -1.19 -0.86 0.508 0.543 0.596 0.56 0.538 1.067 0 0 0 0 0 0
1988-02-16T14:30:00 1988 2 16 14 30 0 0.72 -0.44 405.8 8.79 2.57 0.12 0.89 0.78 0 0 0 0 0 0 0 0 3.7 2.66 -33.0 -1.54 -1.15 -2.35 -2.3 -1.19 -0.86 0.508 0.543 0.596 0.56 0.538 1.066 0 0 0 0 0 0
1988-02-16T15:30:00 1988 2 16 15 30 0 0.72 -0.44 405.9 8.78 2.57 0.12 0.89 0.78 0 0 0 0 0 0 0 0 4.7 3.0 -38.0 -1.54 -1.15 -2.35 -2.3 -1.19 -0.86 0.508 0.543 0.596 0.56 0.538 1.066 0 0 0 0 0 0
1988-02-16T16:30:00 1988 2 16 16 30 0 0.72 -0.44 406.0 8.77 2.57 0.12 0.89 0.78 0 0 0 0 0 0 0 0 4.7 3.35 -44.0 -1.54 -1.15 -2.35 -2.3 -1.19 -0.85 0.508 0.542 0.596 0.56 0.538 1.062 0 0 0 0 0 0
1988-02-16T17:30:00 1988 2 16 17 30 0 0.73 -0.44 406.2 8.76 2.57 0.12 0.89 0.78 0 0 0 0 0 0 0 0 4.7 3.68 -42.0 -1.54 -1.15 -2.35 -2.3 -1.19 -0.85 0.508 0.542 0.596 0.56 0.538 1.059 0 0 0 0 0 0
1988-02-16T18:30:00 1988 2 16 18 30 0 0.73 -0.44 406.3 8.75 2.57 0.12 0.89 0.78 0 0 0 0 0 0 0 0 4.0 3.92 -40.0 -1.54 -1.15 -2.36 -2.3 -1.19 -0.85 0.508 0.542 0.596 0.56 0.538 1.058 0 0 0 0 0 0
1988-02-16T19:30:00 1988 2 16 19 30 0 0.73 -0.44 406.5 8.74 2.57 0.12 0.89 0.78 0 0 0 0 0 0 0 0 4.0 4.16 -46.0 -1.54 -1.15 -2.36 -2.3 -1.19 -0.85 0.508 0.542 0.596 0.56 0.538 1.057 0 0 0 0 0 0
1988-02-16T20:30:00 1988 2 16 20 30 0 0.73 -0.44 406.6 8.73 2.57 0.12 0.89 0.78 0 0 0 0 0 0 0 0 4.0 4.19 -45.0 -1.55 -1.15 -2.36 -2.31 -1.19 -0.85 0.508 0.541 0.596 0.561 0.539 1.056 0 0 0 0 0 0
1988-02-16T21:30:00 1988 2 16 21 30 0 0.74 -0.44 406.7 8.72 2.57 0.12 0.89 0.78 0 0 0 0 0 0 0 0 1.7 3.92 -40.0 -1.55 -1.15 -2.36 -2.31 -1.19 -0.85 0.509 0.541 0.596 0.562 0.539 1.055 0 0 0 0 0 0
1988-02-16T22:30:00 1988 2 16 22 30 0 0.74 -0.44 406.9 8.71 2.57 0.12 0.89 0.78 0 0 0 0 0 0 0 0 1.7 3.65 -34.0 -1.55 -1.15 -2.36 -2.31 -1.19 -0.85 0.509 0.541 0.596 0.562 0.539 1.054 0 0 0 0 0 0
1988-02-16T23:30:00 1988 2 16 23 30 0 0.74 -0.44 407.0 8.7 2.57 0.12 0.9 0.78 0 0 0 0 0 0 0 0 1.7 3.28 -31.0 -1.55 -1.15 -2.36 -2.31 -1.19 -0.85 0.51 0.541 0.596 0.563 0.539 1.054 0 0 0 0 0 0
