1988-10-22T00:30:00 1988 10 22 0 30 0 -0.7 -0.29 439.9 2.0 0.73 0.11 0.85 0.17 1 1 1 1 1 1 1 1 1.3 1.5 -15.0 -0.54 -0.5 -0.64 -0.63 -0.5 -0.47 0.128 0.18 0.149 0.069 0.203 0.153 2 2 2 2 1 1
1988-10-22T01:30:00 1988 10 22 1 30 0 -0.9 0.5 436.9 2.0 0.88 0.05 0.09 0.02 1 1 1 1 1 1 1 1 1.3 1.56 -14.0 -0.7 -0.49 -1.14 -1.11 -0.51 -0.34 0.133 0.169 0.148 0.086 0.19 0.135 1 1 2 1 1 1
1988-10-22T02:30:00 1988 10 22 2 30 0 -1.28 0.64 433.8 2.74 1.34 0.06 0.0 0.0 1 0 1 1 1 1 1 1 1.3 1.56 -13.0 -0.73 -0.49 -1.24 -1.2 -0.52 -0.32 0.144 0.171 0.149 0.114 0.199 0.144 1 1 2 1 0 0
1988-10-22T03:30:00 1988 10 22 3 30 0 -1.66 0.64 430.7 3.64 1.81 0.11 0.0 0.0 1 0 1 1 1 1 1 1 1.0 1.52 -12.0 -0.73 -0.49 -1.24 -1.2 -0.52 -0.32 0.159 0.185 0.15 0.141 0.218 0.184 1 0 2 0 0 0
1988-10-22T04:30:00 1988 10 22 4 30 0 -1.8 0.64 427.6 4.54 2.27 0.16 0.0 0.0 0 0 1 1 1 0 1 1 1.0 1.48 -13.0 -0.73 -0.49 -1.24 -1.21 -0.52 -0.32 0.175 0.203 0.152 0.163 0.238 0.242 0 0 2 0 0 0
1988-10-22T05:30:00 1988 10 22 5 30 0 -1.8 0.64 424.6 5.45 2.29 0.18 0.0 0.0 0 0 1 1 0 0 1 1 1.0 1.35 -14.0 -0.73 -0.49 -1.24 -1.21 -0.52 -0.32 0.191 0.223 0.155 0.183 0.256 0.309 0 0 1 0 0 0
1988-10-22T06:30:00 1988 10 22 6 30 0 -1.8 0.64 421.5 5.94 2.29 0.18 0.0 0.0 0 0 1 0 0 0 1 0 0.3 1.14 -15.0 -0.73 -0.49 -1.24 -1.21 -0.52 -0.32 0.204 0.239 0.157 0.197 0.268 0.366 0 0 1 0 0 0
1988-10-22T07:30:00 1988 10 22 7 30 0 -1.8 0.64 418.4 5.65 2.29 0.18 0.0 0.0 0 0 1 1 0 0 1 1 0.3 0.93 -14.0 -0.73 -0.49 -1.24 -1.21 -0.52 -0.32 0.213 0.246 0.16 0.204 0.269 0.382 0 0 1 0 0 0
1988-10-22T08:30:00 1988 10 22 8 30 0 -1.8 0.64 415.4 5.11 2.28 0.17 0.0 0.0 0 0 1 1 1 0 1 1 0.3 0.8 -11.0 -0.74 -0.49 -1.24 -1.21 -0.52 -0.32 0.216 0.245 0.162 0.204 0.26 0.362 0 0 1 0 0 0
1988-10-22T09:30:00 1988 10 22 9 30 0 -1.62 0.64 412.3 4.57 1.93 0.15 0.0 0.0 1 0 1 1 1 1 1 1 0.3 0.68 -9.0 -0.74 -0.49 -1.24 -1.21 -0.52 -0.32 0.216 0.238 0.163 0.199 0.248 0.324 0 0 1 0 0 0
1988-10-22T10:30:00 1988 10 22 10 30 0 -1.14 0.64 409.2 4.04 1.58 0.09 0.0 0.0 1 0 1 1 1 1 1 1 0.3 0.55 -10.0 -0.74 -0.49 -1.24 -1.21 -0.52 -0.32 0.212 0.228 0.164 0.192 0.235 0.281 0 0 1 0 0 0
1988-10-22T11:30:00 1988 10 22 11 30 0 -0.66 1.02 406.1 3.6 1.23 0.02 0.0 0.0 1 1 1 1 1 1 1 1 0.3 0.47 -11.0 -0.17 0.04 -0.61 -0.58 0.02 0.19 0.177 0.153 0.163 0.151 0.126 0.146 0 0 1 0 0 0
1988-10-22T12:30:00 1988 10 22 12 30 0 -0.4 2.98 403.1 3.6 1.12 0.0 0.0 0.0 1 1 1 1 1 1 1 1 0.3 0.38 -10.0 2.73 2.77 2.64 2.64 2.77 2.8 0.12 0.076 0.158 0.085 0.04 0.061 0 0 1 0 0 0
1988-10-22T13:30:00 1988 10 22 13 30 0 -0.4 3.5 400.0 3.6 1.12 0.0 0.0 0.0 2 2 2 2 2 2 2 2 0.3 0.3 -11.0 3.5 3.5 3.5 3.5 3.5 3.5 0.081 0.038 0.153 0.047 0.013 0.025 0 0 1 0 0 0
1988-10-22T14:30:00 1988 10 22 14 30 0 -0.6 2.2 393.0 3.9 1.15 0.0 0.0 0.0 2 2 2 2 2 2 2 2 0.3 0.3 -12.0 2.2 2.2 2.2 2.2 2.2 2.2 0.055 0.019 0.148 0.027 0.004 0.01 0 0 1 0 0 0
1988-10-22T15:30:00 1988 10 22 15 30 0 -2.6 0.9 395.0 3.4 1.02 0.12 0.0 0.0 2 2 2 2 2 2 2 2 1.0 0.39 -12.0 0.9 0.9 0.9 0.9 0.9 0.9 0.037 0.009 0.144 0.015 0.001 0.004 0 0 1 0 0 0
1988-10-22T16:30:00 1988 10 22 16 30 0 -2.6 1.4 388.0 3.4 0.99 0.3 0.0 0.0 2 2 2 2 2 2 2 2 1.0 0.48 -11.0 1.4 1.4 1.4 1.4 1.4 1.4 0.025 0.005 0.139 0.008 0.0 0.002 0 0 1 0 0 0
1988-10-22T17:30:00 1988 10 22 17 30 0 -1.6 2.0 390.0 3.4 1.0 0.13 0.0 0.0 2 2 2 2 2 2 2 2 1.0 0.57 -10.0 2.0 2.0 2.0 2.0 2.0 2.0 0.017 0.002 0.135 0.005 0.0 0.001 0 0 1 0 0 0
1988-10-22T18:30:00 1988 10 22 18 30 0 -3.6 2.0 395.0 3.9 1.17 0.25 0.0 0.0 2 2 2 2 2 2 2 2 0.3 0.57 -15.0 2.0 2.0 2.0 2.0 2.0 2.0 0.012 0.001 0.131 0.003 0.0 0.0 0 0 1 0 0 0
1988-10-22T19:30:00 1988 10 22 19 30 0 -3.6 1.75 395.0 3.9 1.17 0.52 0.0 0.0 1 1 1 1 1 1 1 1 0.3 0.56 -16.0 1.49 1.54 1.4 1.41 1.53 1.57 0.008 0.001 0.127 0.001 0.0 0.0 0 0 1 0 0 0
1988-10-22T20:30:00 1988 10 22 20 30 0 -3.27 0.82 395.0 3.9 1.28 0.57 0.0 0.0 1 1 1 1 1 1 1 1 0.3 0.56 -17.0 -0.38 -0.17 -0.82 -0.8 -0.19 -0.02 0.015 0.017 0.124 0.017 0.026 0.009 1 1 1 1 1 1
1988-10-22T21:30:00 1988 10 22 21 30 0 -2.65 0.64 395.0 4.29 1.61 0.49 0.0 0.0 1 0 1 1 1 1 1 1 0.3 0.56 -15.0 -0.74 -0.5 -1.25 -1.22 -0.52 -0.32 0.064 0.102 0.125 0.075 0.135 0.113 0 0 1 0 0 0
1988-10-22T22:30:00 1988 10 22 22 30 0 -2.03 0.64 395.0 4.76 1.95 0.3 0.0 0.0 1 0 1 1 1 1 1 1 0.3 0.55 -13.0 -0.74 -0.5 -1.25 -1.22 -0.52 -0.32 0.109 0.166 0.127 0.122 0.196 0.198 0 0 1 0 0 0
1988-10-22T23:30:00 1988 10 22 23 30 0 -1.8 0.64 395.0 5.24 2.28 0.19 0.0 0.0 0 0 1 1 1 0 1 1 0.3 0.47 -10.0 -0.74 -0.5 -1.25 -1.22 -0.52 -0.32 0.143 0.203 0.129 0.152 0.221 0.253 0 0 1 0 0 0
