1988-06-02T00:30:00 1988 6 2 0 30 0 2.8 1.0 420.0 3.7 1.3 0.23 0.0 0.0 2 2 2 2 2 2 2 2 1.7 1.96 -5.0 1.0 1.0 1.0 1.0 1.0 1.0 0.018 0.005 0.059 0.003 0.0 0.002 2 2 1 2 2 2
1988-06-02T01:30:00 1988 6 2 1 30 0 1.3 3.6 424.0 2.8 1.01 0.12 0.0 0.0 2 2 2 2 2 2 2 2 1.7 1.92 -1.0 3.6 3.6 3.6 3.6 3.6 3.6 0.012 0.002 0.057 0.002 0.0 0.001 2 2 1 2 2 2
1988-06-02T02:30:00 1988 6 2 2 30 0 1.9 3.4 423.0 2.7 0.99 0.04 0.0 0.0 2 2 2 2 2 2 2 2 1.7 1.84 2.0 3.4 3.4 3.4 3.4 3.4 3.4 0.008 0.001 0.055 0.001 0.0 0.0 2 2 1 2 2 2
1988-06-02T03:30:00 1988 6 2 3 30 0 3.3 1.9 486.0 2.7 1.23 0.24 0.0 0.0 2 2 2 2 2 2 2 2 1.7 1.77 4.0 1.9 1.9 1.9 1.9 1.9 1.9 0.005 0.001 0.053 0.001 0.0 0.0 2 2 1 2 2 2
1988-06-02T04:30:00 1988 6 2 4 30 0 2.87 1.64 476.8 3.4 1.41 0.44 0.0 0.0 1 1 1 1 1 1 1 1 1.7 1.7 7.0 1.42 1.47 1.33 1.34 1.46 1.5 0.004 0.0 0.052 0.0 0.0 0.0 2 2 1 2 2 2
1988-06-02T05:30:00 1988 6 2 5 30 0 1.95 1.12 467.5 4.1 1.59 0.26 0.0 0.0 1 1 1 1 1 1 1 1 1.7 1.7 7.0 0.24 0.41 -0.13 -0.11 0.39 0.53 0.002 0.0 0.05 0.001 0.0 0.0 2 2 1 1 2 2
1988-06-02T06:30:00 1988 6 2 6 30 0 1.03 3.12 458.2 4.8 1.76 0.06 0.0 0.0 1 1 1 1 1 1 1 1 0.7 1.57 4.0 2.9 2.95 2.81 2.82 2.94 2.97 0.002 0.0 0.049 0.001 0.0 0.0 2 2 1 1 2 2
1988-06-02T07:30:00 1988 6 2 7 30 0 0.6 3.7 449.0 5.5 1.94 0.01 0.0 0.0 2 2 2 2 2 2 2 2 0.7 1.44 5.0 3.7 3.7 3.7 3.7 3.7 3.7 0.001 0.0 0.047 0.0 0.0 0.0 2 2 1 1 2 2
1988-06-02T08:30:00 1988 6 2 8 30 0 -0.6 0.5 435.0 6.0 2.04 0.0 0.0 0.0 2 2 2 2 2 2 2 2 0.7 1.31 6.0 0.5 0.5 0.5 0.5 0.5 0.5 0.001 0.0 0.046 0.0 0.0 0.0 2 2 1 1 2 2
1988-06-02T09:30:00 1988 6 2 9 30 0 -0.6 -0.4 423.0 6.0 1.95 0.04 0.23 0.14 2 2 2 2 2 2 2 2 1.0 1.23 4.0 -0.4 -0.4 -0.4 -0.4 -0.4 -0.4 0.019 0.054 0.045 0.009 0.083 0.145 2 2 1 2 2 2
1988-06-02T10:30:00 1988 6 2 10 30 0 -0.7 -1.1 418.0 5.9 1.91 0.23 1.64 0.97 2 2 2 2 2 2 2 2 1.0 1.14 2.0 -1.1 -1.1 -1.1 -1.1 -1.1 -1.1 0.1 0.217 0.048 0.068 0.297 0.47 2 2 1 2 2 2
1988-06-02T11:30:00 1988 6 2 11 30 0 -0.1 -0.4 412.0 3.6 1.11 0.17 1.5 0.72 2 2 2 2 2 2 2 2 1.0 1.06 2.0 -0.4 -0.4 -0.4 -0.4 -0.4 -0.4 0.127 0.239 0.049 0.075 0.27 0.419 2 2 1 2 2 2
1988-06-02T12:30:00 1988 6 2 12 30 0 0.0 -0.2 412.0 3.7 1.22 0.02 0.6 0.22 2 2 2 2 2 2 2 2 1.0 0.97 5.0 -0.2 -0.2 -0.2 -0.2 -0.2 -0.2 0.112 0.187 0.049 0.053 0.177 0.284 2 2 1 2 2 2
1988-06-02T13:30:00 1988 6 2 13 30 0 0.1 -0.2 408.0 3.8 1.17 0.01 0.41 0.15 2 2 2 2 2 2 2 2 1.0 0.89 4.0 -0.2 -0.2 -0.2 -0.2 -0.2 -0.2 0.096 0.15 0.048 0.037 0.133 0.217 2 2 1 2 2 2
1988-06-02T14:30:00 1988 6 2 14 30 0 0.7 -0.3 407.0 4.3 1.35 0.04 0.52 0.21 2 2 2 2 2 2 2 2 1.0 0.93 4.0 -0.3 -0.3 -0.3 -0.3 -0.3 -0.3 0.092 0.147 0.047 0.032 0.14 0.219 2 2 1 2 2 2
1988-06-02T15:30:00 1988 6 2 15 30 0 0.6 0.2 406.0 5.3 1.58 0.04 0.16 0.07 2 2 2 2 2 2 2 2 0.7 0.92 3.0 0.2 0.2 0.2 0.2 0.2 0.2 0.068 0.09 0.046 0.02 0.063 0.125 2 2 1 2 2 2
1988-06-02T16:30:00 1988 6 2 16 30 0 0.4 0.6 399.0 5.3 1.53 0.01 0.0 0.0 2 2 2 2 2 2 2 2 0.7 0.92 4.0 0.6 0.6 0.6 0.6 0.6 0.6 0.046 0.045 0.044 0.011 0.02 0.052 2 2 1 2 2 2
1988-06-02T17:30:00 1988 6 2 17 30 0 -0.6 0.8 398.0 5.9 1.69 0.0 0.0 0.0 2 2 2 2 2 2 2 2 0.7 0.88 4.0 0.8 0.8 0.8 0.8 0.8 0.8 0.031 0.022 0.043 0.006 0.006 0.021 2 2 1 2 2 2
1988-06-02T18:30:00 1988 6 2 18 30 0 -0.5 0.7 399.0 7.6 2.17 0.01 0.0 0.0 2 2 2 2 2 2 2 2 1.7 0.98 6.0 0.7 0.7 0.7 0.7 0.7 0.7 0.021 0.011 0.042 0.003 0.002 0.009 2 2 1 2 2 2
1988-06-02T19:30:00 1988 6 2 19 30 0 0.2 0.5 404.0 6.3 1.85 0.0 0.0 0.0 2 2 2 2 2 2 2 2 1.7 1.07 4.0 0.5 0.5 0.5 0.5 0.5 0.5 0.014 0.005 0.04 0.002 0.001 0.004 2 2 1 2 2 2
1988-06-02T20:30:00 1988 6 2 20 30 0 -0.4 -0.8 399.0 6.1 1.76 0.05 0.56 0.34 2 2 2 2 2 2 2 2 1.7 1.16 5.0 -0.8 -0.8 -0.8 -0.8 -0.8 -0.8 0.05 0.108 0.041 0.026 0.147 0.232 2 2 1 2 2 2
1988-06-02T21:30:00 1988 6 2 21 30 0 0.3 -0.7 392.0 6.5 1.8 0.14 1.47 0.93 2 2 2 2 2 2 2 2 1.7 1.25 7.0 -0.7 -0.7 -0.7 -0.7 -0.7 -0.7 0.108 0.227 0.043 0.062 0.266 0.449 2 2 1 2 2 2
1988-06-02T22:30:00 1988 6 2 22 30 0 1.1 1.5 399.0 5.0 1.49 0.03 0.16 0.1 2 2 2 2 2 2 2 2 1.7 1.34 4.0 1.5 1.5 1.5 1.5 1.5 1.5 0.077 0.124 0.041 0.036 0.095 0.211 2 2 1 2 2 2
1988-06-02T23:30:00 1988 6 2 23 30 0 0.7 2.8 376.0 4.1 1.13 0.01 0.0 0.0 2 2 2 2 2 2 2 2 1.7 1.46 0.0 2.8 2.8 2.8 2.8 2.8 2.8 0.052 0.061 0.04 0.02 0.03 0.088 2 2 1 2 2 2
