1988-04-20T00:30:00 1988 4 20 0 30 0 -0.2 -0.02 437.3 10.61 3.34 0.0 0.04 0.05 0 0 0 0 0 0 0 0 0.7 1.3 -5.0 -1.2 -0.83 -1.99 -1.94 -0.86 -0.56 0.467 0.482 0.585 0.534 0.524 1.294 0 0 0 0 0 0
1988-04-20T01:30:00 1988 4 20 1 30 0 -0.2 -0.02 437.2 10.62 3.34 0.0 0.04 0.05 0 0 0 0 0 0 0 0 0.7 1.14 -1.0 -1.2 -0.83 -2.0 -1.94 -0.86 -0.56 0.467 0.482 0.586 0.534 0.524 1.295 0 0 0 0 0 0
1988-04-20T02:30:00 1988 4 20 2 30 0 -0.2 -0.02 435.3 10.62 3.34 0.0 0.04 0.05 0 0 1 0 0 0 1 0 0.7 1.07 1.0 -1.2 -0.83 -2.0 -1.94 -0.86 -0.56 0.467 0.482 0.586 0.534 0.522 1.29 0 0 0 0 0 0
1988-04-20T03:30:00 1988 4 20 3 30 0 -0.2 -0.01 431.5 10.63 3.34 0.0 0.03 0.03 0 0 1 0 0 0 1 0 0.3 0.94 2.0 -1.2 -0.83 -2.0 -1.95 -0.86 -0.56 0.466 0.482 0.587 0.532 0.517 1.275 0 0 0 0 0 0
1988-04-20T04:30:00 1988 4 20 4 30 0 -0.2 -0.01 427.7 10.64 3.34 0.0 0.02 0.02 0 0 1 0 0 0 1 0 0.3 0.81 -1.0 -1.2 -0.83 -2.0 -1.95 -0.86 -0.56 0.464 0.481 0.587 0.529 0.511 1.255 0 0 0 0 0 0
1988-04-20T05:30:00 1988 4 20 5 30 0 -0.19 -0.01 423.9 10.64 3.34 0.0 0.02 0.02 0 0 1 0 0 0 1 0 0.3 0.69 -4.0 -1.2 -0.83 -2.0 -1.95 -0.86 -0.56 0.462 0.481 0.587 0.525 0.504 1.231 0 0 0 0 0 0
1988-04-20T06:30:00 1988 4 20 6 30 0 -0.19 -0.01 420.0 10.65 3.34 0.0 0.02 0.02 0 0 1 0 0 0 1 0 1.0 0.66 -6.0 -1.2 -0.83 -2.0 -1.95 -0.86 -0.56 0.459 0.48 0.586 0.52 0.497 1.206 0 0 0 0 0 0
1988-04-20T07:30:00 1988 4 20 7 30 0 -0.19 -0.01 416.2 10.66 3.35 0.0 0.02 0.02 0 0 1 0 0 0 1 0 1.0 0.63 -2.0 -1.2 -0.83 -2.0 -1.95 -0.86 -0.56 0.457 0.479 0.585 0.515 0.49 1.182 0 0 0 0 0 0
1988-04-20T08:30:00 1988 4 20 8 30 0 -0.19 -0.01 412.4 10.66 3.35 0.0 0.02 0.02 0 0 1 0 0 0 1 0 1.0 0.67 -1.0 -1.2 -0.83 -2.0 -1.95 -0.86 -0.56 0.454 0.479 0.584 0.51 0.483 1.157 0 0 0 0 0 0
1988-04-20T09:30:00 1988 4 20 9 30 0 -0.19 -0.01 408.6 10.67 3.35 0.0 0.02 0.02 0 0 1 0 0 0 1 0 1.0 0.71 -1.0 -1.2 -0.83 -2.0 -1.95 -0.86 -0.56 0.451 0.478 0.582 0.504 0.476 1.133 0 0 0 0 0 0
1988-04-20T10:30:00 1988 4 20 10 30 0 -0.19 -0.01 404.8 10.67 3.35 0.0 0.02 0.02 0 0 1 0 0 0 1 0 1.0 0.75 0.0 -1.2 -0.83 -2.0 -1.95 -0.86 -0.56 0.448 0.477 0.58 0.499 0.469 1.109 0 0 0 0 0 0
1988-04-20T11:30:00 1988 4 20 11 30 0 -0.19 -0.01 401.0 10.68 3.35 0.0 0.02 0.02 0 0 1 0 0 0 1 0 1.0 0.83 3.0 -1.2 -0.83 -2.0 -1.95 -0.86 -0.56 0.445 0.477 0.578 0.493 0.462 1.085 0 0 0 0 0 0
1988-04-20T12:30:00 1988 4 20 12 30 0 -0.19 -0.01 397.2 10.69 3.35 0.0 0.02 0.02 0 0 1 0 0 0 1 0 1.3 0.96 2.0 -1.2 -0.83 -2.0 -1.95 -0.86 -0.56 0.441 0.476 0.576 0.487 0.456 1.062 0 0 0 0 0 0
1988-04-20T13:30:00 1988 4 20 13 30 0 -0.19 -0.01 393.4 10.69 3.35 0.0 0.02 0.02 0 0 1 0 0 0 1 0 1.3 1.08 0.0 -1.2 -0.83 -2.0 -1.95 -0.86 -0.56 0.438 0.475 0.573 0.482 0.449 1.038 0 0 0 0 0 0
1988-04-20T14:30:00 1988 4 20 14 30 0 -0.19 -0.01 389.6 10.7 3.35 0.0 0.02 0.02 0 0 1 0 0 0 1 0 1.3 1.12 -3.0 -1.2 -0.83 -2.0 -1.95 -0.86 -0.56 0.435 0.475 0.57 0.476 0.442 1.015 0 0 0 0 0 0
1988-04-20T15:30:00 1988 4 20 15 30 0 -0.18 -0.01 385.9 10.71 3.35 0.0 0.02 0.02 0 0 1 0 0 0 1 0 3.0 1.38 -7.0 -1.2 -0.83 -2.0 -1.95 -0.86 -0.56 0.432 0.474 0.567 0.471 0.435 0.993 0 0 0 0 0 0
1988-04-20T16:30:00 1988 4 20 16 30 0 -0.18 -0.01 382.1 10.71 3.35 0.0 0.02 0.02 0 0 1 0 0 0 1 0 3.0 1.63 -9.0 -1.2 -0.83 -2.0 -1.95 -0.86 -0.56 0.429 0.473 0.564 0.465 0.429 0.971 0 0 0 0 0 0
1988-04-20T17:30:00 1988 4 20 17 30 0 -0.18 -0.01 378.3 10.72 3.35 0.0 0.02 0.02 0 0 1 0 0 0 1 0 3.0 1.89 -10.0 -1.2 -0.83 -2.0 -1.95 -0.86 -0.56 0.426 0.473 0.56 0.46 0.422 0.949 0 0 0 0 0 0
1988-04-20T18:30:00 1988 4 20 18 30 0 -0.18 -0.01 374.5 10.73 3.35 0.0 0.02 0.02 0 0 1 0 0 0 1 0 2.3 2.05 -7.0 -1.2 -0.83 -2.01 -1.95 -0.86 -0.56 0.422 0.472 0.556 0.454 0.416 0.928 0 0 0 0 0 0
1988-04-20T19:30:00 1988 4 20 19 30 0 -0.18 -0.01 370.7 10.73 3.36 0.0 0.02 0.02 0 0 1 0 0 0 1 0 2.3 2.2 -7.0 -1.2 -0.83 -2.01 -1.95 -0.86 -0.56 0.419 0.471 0.552 0.449 0.409 0.906 0 0 0 0 0 0
1988-04-20T20:30:00 1988 4 20 20 30 0 -0.18 -0.01 367.0 10.74 3.36 0.0 0.02 0.02 0 0 1 0 0 0 1 0 2.3 2.32 -4.0 -1.2 -0.83 -2.01 -1.95 -0.86 -0.56 0.416 0.47 0.548 0.443 0.403 0.885 0 0 0 0 0 0
1988-04-20T21:30:00 1988 4 20 21 30 0 -0.18 -0.01 363.2 10.74 3.36 0.0 0.02 0.02 0 0 1 0 0 0 1 0 2.7 2.49 -9.0 -1.2 -0.83 -2.01 -1.96 -0.86 -0.56 0.413 0.47 0.544 0.438 0.396 0.864 0 0 0 0 0 0
1988-04-20T22:30:00 1988 4 20 22 30 0 -0.18 -0.01 359.4 10.75 3.36 0.0 0.02 0.02 0 0 1 0 0 0 1 0 2.7 2.66 -10.0 -1.2 -0.83 -2.01 -1.96 -0.86 -0.56 0.409 0.469 0.54 0.434 0.39 0.843 0 0 0 0 0 0
1988-04-20T23:30:00 1988 4 20 23 30 0 -0.18 -0.01 355.7 10.76 3.36 0.0 0.02 0.02 0 0 1 0 0 0 1 0 2.7 2.62 -12.0 -1.2 -0.83 -2.01 -1.96 -0.86 -0.56 0.406 0.468 0.535 0.429 0.383 0.823 0 0 0 0 0 0
