1988-07-29T00:30:00 1988 7 29 0 30 0 -1.74 0.31 411.9 5.56 1.83 0.2 0.0 0.0 0 0 0 0 0 0 0 0 1.7 3.32 -14.0 -0.88 -0.64 -1.33 -1.31 -0.66 -0.45 0.265 0.298 0.262 0.228 0.304 0.434 0 0 0 0 0 0
1988-07-29T01:30:00 1988 7 29 1 30 0 -1.74 0.31 411.9 5.55 1.82 0.2 0.0 0.0 0 0 0 0 0 0 0 0 1.7 3.18 -11.0 -0.88 -0.63 -1.33 -1.3 -0.66 -0.45 0.264 0.296 0.261 0.227 0.304 0.434 0 0 0 0 0 0
1988-07-29T02:30:00 1988 7 29 2 30 0 -1.74 0.32 411.9 5.55 1.82 0.2 0.0 0.0 0 0 0 0 0 0 0 0 1.7 2.92 -9.0 -0.88 -0.63 -1.33 -1.3 -0.66 -0.45 0.264 0.295 0.26 0.226 0.304 0.433 0 0 0 0 0 0
1988-07-29T03:30:00 1988 7 29 3 30 0 -1.74 0.32 411.9 5.54 1.82 0.2 0.0 0.0 0 0 0 0 0 0 0 0 1.0 2.58 -9.0 -0.88 -0.63 -1.33 -1.3 -0.66 -0.45 0.264 0.295 0.26 0.226 0.304 0.433 0 0 0 0 0 0
1988-07-29T04:30:00 1988 7 29 4 30 0 -1.74 0.32 411.9 5.54 1.82 0.2 0.0 0.0 0 0 0 0 0 0 0 0 1.0 2.24 -12.0 -0.88 -0.63 -1.33 -1.3 -0.66 -0.45 0.264 0.294 0.259 0.226 0.304 0.432 0 0 0 0 0 0
1988-07-29T05:30:00 1988 7 29 5 30 0 -1.74 0.32 411.9 5.53 1.82 0.2 0.0 0.0 0 0 0 0 0 0 0 0 1.0 1.91 -12.0 -0.87 -0.63 -1.33 -1.3 -0.66 -0.44 0.263 0.294 0.259 0.225 0.304 0.43 0 0 0 0 0 0
1988-07-29T06:30:00 1988 7 29 6 30 0 -1.75 0.32 411.9 5.53 1.82 0.2 0.0 0.0 0 0 0 0 0 0 0 0 1.0 1.58 -13.0 -0.87 -0.63 -1.33 -1.3 -0.66 -0.44 0.263 0.294 0.258 0.225 0.304 0.428 0 0 0 0 0 0
1988-07-29T07:30:00 1988 7 29 7 30 0 -1.75 0.33 411.9 5.52 1.82 0.2 0.0 0.0 0 0 0 0 0 0 0 0 1.0 1.25 -12.0 -0.87 -0.63 -1.33 -1.3 -0.65 -0.44 0.262 0.294 0.258 0.225 0.302 0.426 0 0 0 0 0 0
1988-07-29T08:30:00 1988 7 29 8 30 0 -1.75 0.33 411.9 5.52 1.82 0.2 0.0 0.0 0 0 0 0 0 0 0 0 1.0 1.17 -9.0 -0.87 -0.63 -1.32 -1.3 -0.65 -0.44 0.262 0.294 0.257 0.225 0.301 0.425 0 0 0 0 0 0
1988-07-29T09:30:00 1988 7 29 9 30 0 -1.75 0.33 411.9 5.51 1.82 0.2 0.0 0.0 0 0 0 0 0 0 0 0 1.0 1.08 -6.0 -0.87 -0.63 -1.32 -1.3 -0.65 -0.44 0.261 0.293 0.257 0.225 0.3 0.425 0 0 0 0 0 0
1988-07-29T10:30:00 1988 7 29 10 30 0 -1.75 0.33 411.9 5.51 1.82 0.2 0.0 0.0 0 0 0 0 0 0 0 0 1.0 1.0 -8.0 -0.87 -0.63 -1.32 -1.3 -0.65 -0.44 0.261 0.293 0.256 0.225 0.3 0.424 0 0 0 0 0 0
1988-07-29T11:30:00 1988 7 29 11 30 0 -1.75 0.33 411.9 5.5 1.81 0.2 0.0 0.0 0 0 0 0 0 0 0 0 1.0 1.0 -9.0 -0.87 -0.63 -1.32 -1.3 -0.65 -0.44 0.261 0.293 0.256 0.225 0.3 0.424 0 0 0 0 0 0
1988-07-29T12:30:00 1988 7 29 12 30 0 -1.75 0.34 411.9 5.5 1.81 0.2 0.0 0.0 0 0 0 0 0 0 0 0 1.0 1.0 -10.0 -0.87 -0.63 -1.32 -1.29 -0.65 -0.44 0.261 0.293 0.255 0.224 0.3 0.423 0 0 0 0 0 0
1988-07-29T13:30:00 1988 7 29 13 30 0 -1.75 0.34 411.9 5.5 1.81 0.2 0.0 0.0 0 0 0 0 0 0 0 0 1.0 1.0 -7.0 -0.87 -0.62 -1.32 -1.29 -0.65 -0.44 0.261 0.292 0.255 0.223 0.3 0.423 0 0 0 0 0 0
1988-07-29T14:30:00 1988 7 29 14 30 0 -1.75 0.34 411.5 5.49 1.81 0.2 0.0 0.0 0 0 1 0 0 0 1 0 1.0 1.0 -5.0 -0.87 -0.62 -1.32 -1.29 -0.65 -0.44 0.261 0.291 0.254 0.223 0.299 0.422 0 0 0 0 0 0
1988-07-29T15:30:00 1988 7 29 15 30 0 -1.75 0.34 410.6 5.49 1.81 0.2 0.0 0.0 0 0 1 0 0 0 1 0 1.0 1.0 -6.0 -0.87 -0.62 -1.32 -1.29 -0.65 -0.44 0.26 0.29 0.254 0.222 0.299 0.421 0 0 0 0 0 0
1988-07-29T16:30:00 1988 7 29 16 30 0 -1.75 0.34 409.8 5.48 1.81 0.2 0.0 0.0 0 0 1 0 0 0 1 0 1.0 1.0 -3.0 -0.87 -0.62 -1.32 -1.29 -0.65 -0.44 0.26 0.29 0.253 0.222 0.298 0.418 0 0 0 0 0 0
1988-07-29T17:30:00 1988 7 29 17 30 0 -1.75 0.35 408.9 5.48 1.81 0.2 0.0 0.0 0 0 1 0 0 0 1 0 1.0 1.0 -1.0 -0.86 -0.62 -1.32 -1.29 -0.65 -0.44 0.259 0.289 0.253 0.221 0.297 0.416 0 0 0 0 0 0
1988-07-29T18:30:00 1988 7 29 18 30 0 -1.75 0.35 408.1 5.47 1.81 0.2 0.0 0.0 0 0 1 0 0 0 1 0 2.3 1.17 -2.0 -0.86 -0.62 -1.32 -1.29 -0.65 -0.43 0.258 0.289 0.252 0.22 0.295 0.411 0 0 0 0 0 0
1988-07-29T19:30:00 1988 7 29 19 30 0 -1.75 0.35 407.2 5.47 1.81 0.2 0.0 0.0 0 0 1 0 0 0 1 0 2.3 1.34 -3.0 -0.86 -0.62 -1.31 -1.29 -0.64 -0.43 0.257 0.289 0.252 0.22 0.293 0.407 0 0 0 0 0 0
1988-07-29T20:30:00 1988 7 29 20 30 0 -1.75 0.35 406.4 5.46 1.8 0.2 0.0 0.0 0 0 1 0 0 0 1 0 2.3 1.5 -8.0 -0.86 -0.62 -1.31 -1.29 -0.64 -0.43 0.256 0.288 0.251 0.219 0.291 0.404 0 0 0 0 0 0
1988-07-29T21:30:00 1988 7 29 21 30 0 -1.75 0.35 405.5 5.46 1.8 0.2 0.0 0.0 0 0 1 0 0 0 1 0 3.7 1.85 -21.0 -0.86 -0.62 -1.31 -1.29 -0.64 -0.43 0.256 0.288 0.25 0.218 0.289 0.401 0 0 0 0 0 0
1988-07-29T22:30:00 1988 7 29 22 30 0 -1.76 0.36 404.7 5.45 1.8 0.2 0.0 0.0 0 0 1 0 0 0 1 0 3.7 2.19 -32.0 -0.86 -0.62 -1.31 -1.29 -0.64 -0.43 0.255 0.288 0.25 0.218 0.288 0.399 0 0 0 0 0 0
1988-07-29T23:30:00 1988 7 29 23 30 0 -1.76 0.36 403.8 5.45 1.8 0.2 0.0 0.0 0 0 1 0 0 0 1 0 3.7 2.53 -32.0 -0.86 -0.62 -1.31 -1.28 -0.64 -0.43 0.254 0.288 0.249 0.216 0.287 0.396 0 0 0 0 0 0
