1988-09-22T00:30:00 1988 9 22 0 30 0 -2.9 1.1 472.0 4.7 2.57 0.12 0.0 0.0 2 2 2 2 2 2 2 2 3.0 2.79 -8.0 1.1 1.1 1.1 1.1 1.1 1.1 0.049 0.038 0.082 0.015 0.018 0.064 1 1 0 1 2 1
1988-09-22T01:30:00 1988 9 22 1 30 0 -5.3 -0.6 495.0 4.3 2.48 1.73 0.33 0.14 2 2 2 2 2 2 2 2 3.0 3.0 -6.0 -0.6 -0.6 -0.6 -0.6 -0.6 -0.6 0.057 0.076 0.081 0.023 0.119 0.185 2 2 0 2 2 2
1988-09-22T02:30:00 1988 9 22 2 30 0 -5.75 -0.5 501.0 4.7 2.63 3.45 1.36 0.61 1 1 1 1 1 1 1 1 3.0 2.96 -5.0 -0.5 -0.5 -0.5 -0.5 -0.5 -0.5 0.098 0.163 0.082 0.05 0.262 0.418 1 1 0 1 1 1
1988-09-22T03:30:00 1988 9 22 3 30 0 -6.2 -0.4 507.0 5.1 2.79 3.9 1.12 0.55 2 2 2 2 2 2 2 2 3.7 3.02 -4.0 -0.4 -0.4 -0.4 -0.4 -0.4 -0.4 0.119 0.194 0.082 0.057 0.287 0.524 2 2 1 2 2 2
1988-09-22T04:30:00 1988 9 22 4 30 0 -5.6 -2.6 524.0 4.3 2.76 5.26 4.12 1.89 2 2 2 2 2 2 2 2 3.7 3.07 -14.0 -2.6 -2.6 -2.6 -2.6 -2.6 -2.6 0.259 0.386 0.097 0.231 0.672 0.938 2 2 1 2 2 2
1988-09-22T05:30:00 1988 9 22 5 30 0 -1.6 -4.5 530.0 5.3 3.32 6.07 9.57 4.68 2 2 2 2 2 2 2 2 3.7 3.2 -17.0 -4.5 -4.5 -4.5 -4.5 -4.5 -4.5 0.535 0.691 0.145 0.662 1.234 1.659 2 2 1 2 2 2
1988-09-22T06:30:00 1988 9 22 6 30 0 -3.5 -2.2 538.0 4.6 2.93 4.57 8.69 4.31 2 2 2 2 2 2 2 2 4.0 3.36 -27.0 -2.2 -2.2 -2.2 -2.2 -2.2 -2.2 0.651 0.75 0.179 0.75 1.208 1.752 2 2 1 2 2 2
1988-09-22T07:30:00 1988 9 22 7 30 0 -3.8 -0.8 531.0 4.4 2.73 2.69 3.85 1.74 2 2 2 2 2 2 2 2 4.0 3.52 -26.0 -0.8 -0.8 -0.8 -0.8 -0.8 -0.8 0.574 0.592 0.187 0.543 0.813 1.327 2 2 1 2 2 2
1988-09-22T08:30:00 1988 9 22 8 30 0 -3.6 1.2 513.0 4.0 2.3 1.33 0.34 0.15 2 2 2 2 2 2 2 2 4.0 3.65 -23.0 1.2 1.2 1.2 1.2 1.2 1.2 0.397 0.31 0.181 0.308 0.282 0.597 2 2 1 2 2 2
1988-09-22T09:30:00 1988 9 22 9 30 0 -1.3 -1.8 502.0 3.8 2.26 0.87 1.55 0.6 2 2 2 2 2 2 2 2 3.7 3.73 -20.0 -1.8 -1.8 -1.8 -1.8 -1.8 -1.8 0.349 0.304 0.182 0.249 0.391 0.579 2 2 1 2 2 2
1988-09-22T10:30:00 1988 9 22 10 30 0 -4.7 -1.4 505.0 3.7 2.31 2.29 3.99 1.49 2 2 2 2 2 2 2 2 3.7 3.81 -25.0 -1.4 -1.4 -1.4 -1.4 -1.4 -1.4 0.376 0.382 0.189 0.273 0.556 0.71 2 2 1 2 2 2
1988-09-22T11:30:00 1988 9 22 11 30 0 -4.6 1.8 506.0 3.4 2.11 2.05 0.63 0.23 2 2 2 2 2 2 2 2 3.7 3.81 -26.0 1.8 1.8 1.8 1.8 1.8 1.8 0.268 0.213 0.184 0.161 0.211 0.343 2 2 1 2 2 2
1988-09-22T12:30:00 1988 9 22 12 30 0 -3.7 -0.3 505.0 3.8 2.42 1.38 0.09 0.03 2 2 2 2 2 2 2 2 3.3 3.76 -21.0 -0.3 -0.3 -0.3 -0.3 -0.3 -0.3 0.191 0.131 0.179 0.095 0.119 0.211 2 2 1 2 2 2
1988-09-22T13:30:00 1988 9 22 13 30 0 -5.4 2.0 508.0 4.3 2.72 1.61 0.02 0.01 2 2 2 2 2 2 2 2 3.3 3.7 -23.0 2.0 2.0 2.0 2.0 2.0 2.0 0.129 0.065 0.173 0.053 0.038 0.088 2 2 1 2 2 2
1988-09-22T14:30:00 1988 9 22 14 30 0 -5.9 0.9 488.0 4.7 2.81 2.18 0.0 0.0 2 2 2 2 2 2 2 2 3.3 3.62 -20.0 0.9 0.9 0.9 0.9 0.9 0.9 0.088 0.032 0.168 0.03 0.012 0.036 2 2 1 2 2 2
1988-09-22T15:30:00 1988 9 22 15 30 0 -1.7 -6.3 483.0 5.1 2.95 5.37 7.33 3.66 2 2 2 2 2 2 2 2 4.7 3.71 -21.0 -6.3 -6.3 -6.3 -6.3 -6.3 -6.3 0.388 0.5 0.204 0.526 0.907 1.029 2 2 2 2 2 2
1988-09-22T16:30:00 1988 9 22 16 30 0 -3.1 4.2 489.0 5.2 3.02 2.27 3.96 2.03 2 2 2 2 2 2 2 2 4.7 3.81 -34.0 4.2 4.2 4.2 4.2 4.2 4.2 0.359 0.385 0.21 0.404 0.493 0.723 2 2 2 2 2 2
1988-09-22T17:30:00 1988 9 22 17 30 0 -4.8 5.4 495.0 4.9 2.83 0.42 0.0 0.0 2 2 2 2 2 2 2 2 4.7 3.94 -33.0 5.4 5.4 5.4 5.4 5.4 5.4 0.243 0.191 0.204 0.226 0.156 0.3 2 2 2 2 2 2
1988-09-22T18:30:00 1988 9 22 18 30 0 -1.6 3.9 469.0 4.9 2.7 0.23 0.0 0.0 2 2 2 2 2 2 2 2 2.0 3.71 -30.0 3.9 3.9 3.9 3.9 3.9 3.9 0.164 0.095 0.197 0.127 0.049 0.124 2 2 2 2 2 2
1988-09-22T19:30:00 1988 9 22 19 30 0 -2.3 1.9 487.0 4.7 2.61 0.1 0.0 0.0 2 2 2 2 2 2 2 2 2.0 3.49 -25.0 1.9 1.9 1.9 1.9 1.9 1.9 0.111 0.047 0.191 0.071 0.016 0.052 2 2 2 2 2 2
1988-09-22T20:30:00 1988 9 22 20 30 0 -0.9 1.3 470.0 4.6 2.29 0.08 0.0 0.0 2 2 2 2 2 2 2 2 2.0 3.32 -26.0 1.3 1.3 1.3 1.3 1.3 1.3 0.075 0.023 0.185 0.04 0.005 0.021 2 2 2 2 2 2
1988-09-22T21:30:00 1988 9 22 21 30 0 1.2 -0.9 449.0 4.2 2.0 0.09 0.5 0.21 2 2 2 2 2 2 2 2 2.0 3.15 -27.0 -0.9 -0.9 -0.9 -0.9 -0.9 -0.9 0.085 0.089 0.181 0.046 0.137 0.17 2 2 2 2 2 2
1988-09-22T22:30:00 1988 9 22 22 30 0 -3.5 2.2 466.0 4.1 1.96 0.18 0.22 0.09 2 2 2 2 2 2 2 2 2.0 2.98 -28.0 2.2 2.2 2.2 2.2 2.2 2.2 0.061 0.053 0.176 0.027 0.054 0.09 2 2 2 2 2 2
1988-09-22T23:30:00 1988 9 22 23 30 0 -4.4 0.8 464.0 4.9 2.33 0.92 0.0 0.0 2 2 2 2 2 2 2 2 2.0 2.65 -24.0 0.8 0.8 0.8 0.8 0.8 0.8 0.041 0.026 0.171 0.015 0.017 0.037 2 2 2 2 2 2
