1988-06-22T00:30:00 1988 6 22 0 30 0 -0.62 -0.28 409.8 7.32 2.44 0.07 0.57 0.42 0 0 0 0 0 0 0 0 1.7 1.4 -8.0 -1.28 -1.0 -1.8 -1.76 -1.03 -0.78 0.406 0.455 0.389 0.373 0.459 0.818 0 0 0 0 0 0
1988-06-22T01:30:00 1988 6 22 1 30 0 -0.62 -0.28 409.8 7.32 2.44 0.07 0.57 0.42 0 0 0 0 0 0 0 0 1.7 1.45 -9.0 -1.28 -1.0 -1.8 -1.76 -1.03 -0.78 0.406 0.455 0.39 0.372 0.459 0.818 0 0 0 0 0 0
1988-06-22T02:30:00 1988 6 22 2 30 0 -0.62 -0.29 408.9 7.32 2.44 0.07 0.58 0.43 0 0 1 0 0 0 1 0 1.7 1.53 -6.0 -1.28 -1.0 -1.8 -1.76 -1.03 -0.78 0.406 0.455 0.39 0.372 0.458 0.817 0 0 0 0 0 0
1988-06-22T03:30:00 1988 6 22 3 30 0 -0.63 -0.29 407.2 7.32 2.44 0.07 0.59 0.43 0 0 1 0 0 0 1 0 2.7 1.75 -1.0 -1.28 -1.0 -1.8 -1.76 -1.03 -0.78 0.405 0.455 0.39 0.371 0.456 0.812 0 0 0 0 0 0
1988-06-22T04:30:00 1988 6 22 4 30 0 -0.63 -0.29 405.5 7.32 2.44 0.07 0.59 0.43 0 0 1 0 0 0 1 0 2.7 1.96 5.0 -1.28 -1.0 -1.79 -1.76 -1.03 -0.78 0.405 0.454 0.39 0.369 0.454 0.805 0 0 0 0 0 0
1988-06-22T05:30:00 1988 6 22 5 30 0 -0.63 -0.29 403.9 7.32 2.44 0.07 0.59 0.43 0 0 1 0 0 0 1 0 2.7 2.09 4.0 -1.28 -1.0 -1.79 -1.76 -1.03 -0.78 0.404 0.454 0.39 0.368 0.451 0.798 0 0 0 0 0 0
1988-06-22T06:30:00 1988 6 22 6 30 0 -0.63 -0.29 402.2 7.32 2.44 0.07 0.58 0.43 0 0 1 0 0 0 1 0 2.7 2.21 -2.0 -1.28 -1.0 -1.79 -1.76 -1.03 -0.78 0.403 0.454 0.389 0.366 0.448 0.79 0 0 0 0 0 0
1988-06-22T07:30:00 1988 6 22 7 30 0 -0.63 -0.29 400.5 7.32 2.44 0.07 0.58 0.43 0 0 1 0 0 0 1 0 2.7 2.34 -2.0 -1.28 -1.0 -1.79 -1.76 -1.03 -0.78 0.401 0.453 0.389 0.364 0.445 0.782 0 0 0 0 0 0
1988-06-22T08:30:00 1988 6 22 8 30 0 -0.63 -0.29 398.8 7.32 2.44 0.07 0.58 0.42 0 0 1 0 0 0 1 0 2.7 2.46 2.0 -1.28 -1.0 -1.79 -1.76 -1.03 -0.77 0.4 0.453 0.389 0.362 0.442 0.772 0 0 0 0 0 0
1988-06-22T09:30:00 1988 6 22 9 30 0 -0.64 -0.29 397.1 7.32 2.44 0.07 0.58 0.42 0 0 1 0 0 0 1 0 3.0 2.62 -2.0 -1.28 -1.0 -1.79 -1.76 -1.03 -0.77 0.399 0.453 0.388 0.361 0.439 0.763 0 0 0 0 0 0
1988-06-22T10:30:00 1988 6 22 10 30 0 -0.64 -0.29 395.4 7.32 2.44 0.07 0.57 0.42 0 0 1 0 0 0 1 0 3.0 2.78 -3.0 -1.28 -1.0 -1.79 -1.76 -1.03 -0.77 0.398 0.452 0.387 0.359 0.436 0.754 0 0 0 0 0 0
1988-06-22T11:30:00 1988 6 22 11 30 0 -0.64 -0.29 393.7 7.32 2.44 0.07 0.57 0.42 0 0 1 0 0 0 1 0 3.0 2.82 -5.0 -1.28 -1.0 -1.79 -1.76 -1.03 -0.77 0.396 0.452 0.387 0.357 0.433 0.746 0 0 0 0 0 0
1988-06-22T12:30:00 1988 6 22 12 30 0 -0.64 -0.29 392.0 7.32 2.44 0.07 0.57 0.42 0 0 1 0 0 0 1 0 3.3 2.89 -4.0 -1.28 -1.0 -1.79 -1.76 -1.03 -0.77 0.395 0.452 0.386 0.355 0.43 0.738 0 0 0 0 0 0
1988-06-22T13:30:00 1988 6 22 13 30 0 -0.64 -0.29 390.3 7.32 2.44 0.07 0.57 0.42 0 0 1 0 0 0 1 0 3.3 2.97 -6.0 -1.28 -1.0 -1.79 -1.76 -1.03 -0.77 0.394 0.451 0.385 0.353 0.427 0.731 0 0 0 0 0 0
1988-06-22T14:30:00 1988 6 22 14 30 0 -0.65 -0.29 388.6 7.32 2.44 0.07 0.56 0.41 0 0 1 0 0 0 1 0 3.3 3.04 -8.0 -1.28 -1.0 -1.79 -1.76 -1.03 -0.77 0.392 0.451 0.384 0.351 0.424 0.723 0 0 0 0 0 0
1988-06-22T15:30:00 1988 6 22 15 30 0 -0.65 -0.29 386.9 7.32 2.44 0.07 0.56 0.41 0 0 1 0 0 0 1 0 2.3 2.99 -11.0 -1.28 -1.0 -1.79 -1.76 -1.03 -0.77 0.391 0.451 0.383 0.349 0.421 0.716 0 0 0 0 0 0
1988-06-22T16:30:00 1988 6 22 16 30 0 -0.65 -0.29 385.2 7.32 2.44 0.07 0.56 0.41 0 0 1 0 0 0 1 0 2.3 2.93 -14.0 -1.28 -1.0 -1.79 -1.76 -1.03 -0.77 0.39 0.45 0.382 0.347 0.418 0.708 0 0 0 0 0 0
1988-06-22T17:30:00 1988 6 22 17 30 0 -0.65 -0.29 383.5 7.32 2.44 0.07 0.56 0.41 0 0 1 0 0 0 1 0 2.3 2.84 -14.0 -1.28 -1.0 -1.79 -1.76 -1.03 -0.77 0.388 0.45 0.38 0.345 0.415 0.701 0 0 0 0 0 0
1988-06-22T18:30:00 1988 6 22 18 30 0 -0.65 -0.29 381.8 7.32 2.44 0.07 0.55 0.41 0 0 1 0 0 0 1 0 3.0 2.84 -13.0 -1.28 -1.0 -1.79 -1.76 -1.03 -0.77 0.387 0.45 0.379 0.343 0.412 0.693 0 0 0 0 0 0
1988-06-22T19:30:00 1988 6 22 19 30 0 -0.65 -0.29 380.1 7.32 2.44 0.07 0.55 0.4 0 0 1 0 0 0 1 0 3.0 2.84 -13.0 -1.28 -1.0 -1.79 -1.76 -1.03 -0.77 0.386 0.449 0.378 0.342 0.409 0.686 0 0 0 0 0 0
1988-06-22T20:30:00 1988 6 22 20 30 0 -0.66 -0.29 378.4 7.32 2.44 0.07 0.55 0.4 0 0 1 0 0 0 1 0 3.0 2.81 -9.0 -1.28 -1.0 -1.79 -1.76 -1.03 -0.77 0.384 0.449 0.376 0.34 0.406 0.679 0 0 0 0 0 0
1988-06-22T21:30:00 1988 6 22 21 30 0 -0.66 -0.29 376.7 7.32 2.44 0.07 0.55 0.4 0 0 1 0 0 0 1 0 2.0 2.65 -3.0 -1.28 -1.0 -1.79 -1.76 -1.03 -0.77 0.383 0.449 0.375 0.338 0.404 0.671 0 0 0 0 0 0
1988-06-22T22:30:00 1988 6 22 22 30 0 -0.66 -0.29 375.0 7.32 2.44 0.07 0.54 0.4 0 0 1 0 0 0 1 0 2.0 2.49 -3.0 -1.28 -1.0 -1.79 -1.76 -1.03 -0.77 0.381 0.448 0.373 0.336 0.401 0.664 0 0 0 0 0 0
1988-06-22T23:30:00 1988 6 22 23 30 0 -0.66 -0.29 373.3 7.32 2.44 0.07 0.54 0.4 0 0 1 0 0 0 1 0 2.0 2.44 -7.0 -1.28 -1.0 -1.79 -1.76 -1.03 -0.77 0.38 0.448 0.371 0.334 0.398 0.657 0 0 0 0 0 0
