1988-12-05T00:30:00 1988 12 5 0 30 0 2.7 1.1 393.0 3.1 0.96 0.35 0.0 0.0 2 2 2 2 2 2 2 2 0.7 1.28 -18.0 1.1 1.1 1.1 1.1 1.1 1.1 0.088 0.048 0.285 0.048 0.02 0.025 1 1 1 1 1 1
1988-12-05T01:30:00 1988 12 5 1 30 0 3.6 0.6 407.0 3.0 0.91 0.59 0.0 0.0 2 2 2 2 2 2 2 2 0.7 1.04 -18.0 0.6 0.6 0.6 0.6 0.6 0.6 0.06 0.024 0.276 0.027 0.006 0.01 1 1 1 1 1 1
1988-12-05T02:30:00 1988 12 5 2 30 0 4.2 0.3 406.0 2.9 0.9 1.07 0.0 0.0 2 2 2 2 2 2 2 2 0.7 1.0 -16.0 0.3 0.3 0.3 0.3 0.3 0.3 0.04 0.012 0.268 0.015 0.002 0.004 1 1 1 1 1 1
1988-12-05T03:30:00 1988 12 5 3 30 0 2.9 -0.3 389.0 3.2 0.96 1.0 0.17 0.05 2 2 2 2 2 2 2 2 1.3 1.03 -15.0 -0.3 -0.3 -0.3 -0.3 -0.3 -0.3 0.038 0.04 0.26 0.013 0.048 0.048 1 2 1 1 2 2
1988-12-05T04:30:00 1988 12 5 4 30 0 2.6 0.5 385.0 3.3 0.98 0.57 0.09 0.03 2 2 2 2 2 2 2 2 1.3 1.07 -15.0 0.5 0.5 0.5 0.5 0.5 0.5 0.028 0.026 0.252 0.008 0.021 0.028 1 2 1 1 2 2
1988-12-05T05:30:00 1988 12 5 5 30 0 2.2 0.0 384.0 3.1 0.8 0.4 0.0 0.0 2 2 2 2 2 2 2 2 1.3 1.08 -16.0 0.0 0.0 0.0 0.0 0.0 0.0 0.019 0.013 0.244 0.004 0.007 0.012 1 2 1 1 2 2
1988-12-05T06:30:00 1988 12 5 6 30 0 2.6 0.7 382.0 3.7 1.14 0.37 0.0 0.0 2 2 2 2 2 2 2 2 0.7 1.0 -17.0 0.7 0.7 0.7 0.7 0.7 0.7 0.013 0.006 0.237 0.002 0.002 0.005 1 2 1 1 2 2
1988-12-05T07:30:00 1988 12 5 7 30 0 2.6 0.8 387.0 3.7 1.07 0.36 0.0 0.0 2 2 2 2 2 2 2 2 0.7 0.93 -15.0 0.8 0.8 0.8 0.8 0.8 0.8 0.009 0.003 0.23 0.001 0.001 0.002 1 2 1 1 2 2
1988-12-05T08:30:00 1988 12 5 8 30 0 3.1 -0.3 409.0 3.4 1.04 0.63 0.11 0.04 2 2 2 2 2 2 2 2 0.7 0.92 -11.0 -0.3 -0.3 -0.3 -0.3 -0.3 -0.3 0.015 0.028 0.223 0.005 0.041 0.045 2 2 1 2 2 2
1988-12-05T09:30:00 1988 12 5 9 30 0 3.8 0.2 395.0 3.7 1.09 1.0 0.16 0.05 2 2 2 2 2 2 2 2 1.0 0.96 -11.0 0.2 0.2 0.2 0.2 0.2 0.2 0.015 0.028 0.216 0.004 0.029 0.042 2 2 1 2 2 2
1988-12-05T10:30:00 1988 12 5 10 30 0 3.1 -0.2 411.0 4.0 1.24 0.97 0.12 0.05 2 2 2 2 2 2 2 2 1.0 1.0 -11.0 -0.2 -0.2 -0.2 -0.2 -0.2 -0.2 0.019 0.043 0.21 0.005 0.051 0.073 2 2 1 2 2 2
1988-12-05T11:30:00 1988 12 5 11 30 0 3.5 0.0 409.0 3.9 1.22 0.96 0.19 0.07 2 2 2 2 2 2 2 2 1.0 0.96 -12.0 0.0 0.0 0.0 0.0 0.0 0.0 0.021 0.045 0.204 0.005 0.045 0.075 2 2 1 2 2 2
1988-12-05T12:30:00 1988 12 5 12 30 0 2.3 0.0 409.0 4.1 1.29 0.69 0.0 0.0 2 2 2 2 2 2 2 2 0.7 0.89 -13.0 0.0 0.0 0.0 0.0 0.0 0.0 0.014 0.022 0.197 0.003 0.014 0.031 2 2 1 2 2 2
1988-12-05T13:30:00 1988 12 5 13 30 0 3.3 0.3 402.0 3.9 1.21 0.62 0.0 0.0 2 2 2 2 2 2 2 2 0.7 0.81 -15.0 0.3 0.3 0.3 0.3 0.3 0.3 0.009 0.011 0.191 0.002 0.004 0.013 2 2 1 2 2 2
1988-12-05T14:30:00 1988 12 5 14 30 0 4.0 -0.3 406.0 3.8 1.17 1.13 0.18 0.07 2 2 2 2 2 2 2 2 0.7 0.81 -15.0 -0.3 -0.3 -0.3 -0.3 -0.3 -0.3 0.019 0.042 0.186 0.006 0.055 0.069 2 2 1 2 2 2
1988-12-05T15:30:00 1988 12 5 15 30 0 3.5 -1.3 385.0 3.9 1.08 1.58 1.65 0.64 2 2 2 2 2 2 2 2 1.0 0.85 -14.0 -1.3 -1.3 -1.3 -1.3 -1.3 -1.3 0.089 0.186 0.184 0.059 0.236 0.24 2 2 1 2 2 2
1988-12-05T16:30:00 1988 12 5 16 30 0 4.0 0.4 388.0 3.9 1.09 1.32 0.86 0.33 2 2 2 2 2 2 2 2 1.0 0.89 -13.0 0.4 0.4 0.4 0.4 0.4 0.4 0.085 0.148 0.179 0.047 0.136 0.172 2 2 1 2 2 2
1988-12-05T17:30:00 1988 12 5 17 30 0 3.6 -1.9 378.0 4.0 1.16 1.61 1.64 0.65 2 2 2 2 2 2 2 2 1.0 0.89 -12.0 -1.9 -1.9 -1.9 -1.9 -1.9 -1.9 0.141 0.254 0.178 0.096 0.28 0.288 2 2 1 2 2 2
1988-12-05T18:30:00 1988 12 5 18 30 0 2.9 -1.1 379.0 3.7 0.96 1.63 2.78 1.07 2 2 2 2 2 2 2 2 0.7 0.85 -14.0 -1.1 -1.1 -1.1 -1.1 -1.1 -1.1 0.197 0.33 0.178 0.136 0.34 0.346 2 2 1 2 2 2
1988-12-05T19:30:00 1988 12 5 19 30 0 2.85 -1.3 378.5 3.2 0.9 1.23 2.29 0.78 1 1 1 1 1 1 1 1 0.7 0.81 -17.0 -1.3 -1.3 -1.3 -1.3 -1.3 -1.3 0.221 0.346 0.177 0.144 0.336 0.328 2 1 1 2 1 1
1988-12-05T20:30:00 1988 12 5 20 30 0 2.8 -1.5 378.0 2.7 0.85 1.34 2.66 0.78 2 2 2 2 2 2 2 2 0.7 0.81 -17.0 -1.5 -1.5 -1.5 -1.5 -1.5 -1.5 0.244 0.358 0.177 0.157 0.342 0.298 2 2 1 2 2 2
1988-12-05T21:30:00 1988 12 5 21 30 0 3.2 0.6 375.0 2.8 0.81 0.88 0.9 0.24 2 2 2 2 2 2 2 2 1.3 0.89 -18.0 0.6 0.6 0.6 0.6 0.6 0.6 0.187 0.223 0.173 0.101 0.157 0.163 2 2 1 2 2 2
1988-12-05T22:30:00 1988 12 5 22 30 0 2.8 -2.2 364.0 2.9 0.74 1.16 1.76 0.51 2 2 2 2 2 2 2 2 1.3 0.96 -18.0 -2.2 -2.2 -2.2 -2.2 -2.2 -2.2 0.205 0.275 0.172 0.125 0.26 0.204 2 2 1 2 2 2
1988-12-05T23:30:00 1988 12 5 23 30 0 2.78 -1.73 364.0 3.05 0.79 1.69 3.54 1.05 1 1 1 1 1 1 1 1 1.3 1.0 -18.0 -1.95 -1.91 -2.04 -2.03 -1.91 -1.87 0.265 0.374 0.174 0.191 0.366 0.271 1 1 1 1 1 1
