1988-05-25T00:30:00 1988 5 25 0 30 0 0.66 0.34 348.4 7.96 2.44 0.02 0.0 0.0 0 0 1 0 0 0 1 0 1.3 1.68 -11.0 -0.88 -0.59 -1.5 -1.46 -0.62 -0.39 0.262 0.322 0.198 0.243 0.255 0.418 0 0 1 0 0 0
1988-05-25T01:30:00 1988 5 25 1 30 0 0.66 0.34 351.7 7.96 2.44 0.02 0.0 0.0 0 0 1 0 0 0 1 0 1.3 1.55 -10.0 -0.88 -0.59 -1.5 -1.46 -0.62 -0.39 0.263 0.322 0.199 0.246 0.259 0.428 0 0 1 0 0 0
1988-05-25T02:30:00 1988 5 25 2 30 0 0.66 0.34 355.0 7.95 2.43 0.02 0.0 0.0 0 0 1 0 0 0 1 0 1.3 1.47 -9.0 -0.87 -0.59 -1.49 -1.45 -0.62 -0.39 0.265 0.323 0.2 0.248 0.263 0.437 0 0 1 0 0 0
1988-05-25T03:30:00 1988 5 25 3 30 0 0.66 0.35 358.3 7.95 2.43 0.02 0.0 0.0 0 0 1 0 0 0 1 0 1.0 1.34 -4.0 -0.87 -0.59 -1.49 -1.45 -0.62 -0.39 0.266 0.323 0.201 0.25 0.267 0.447 0 0 1 0 0 0
1988-05-25T04:30:00 1988 5 25 4 30 0 0.65 0.35 361.6 7.95 2.43 0.02 0.0 0.0 0 0 1 0 0 0 1 0 1.0 1.22 2.0 -0.87 -0.59 -1.49 -1.45 -0.61 -0.39 0.267 0.324 0.202 0.252 0.269 0.457 0 0 1 0 0 0
1988-05-25T05:30:00 1988 5 25 5 30 0 0.65 0.35 364.9 7.94 2.43 0.02 0.0 0.0 0 0 1 0 0 0 1 0 1.0 1.18 6.0 -0.87 -0.59 -1.49 -1.45 -0.61 -0.39 0.269 0.324 0.203 0.255 0.272 0.467 0 0 1 0 0 0
1988-05-25T06:30:00 1988 5 25 6 30 0 0.65 0.35 368.2 7.94 2.43 0.02 0.0 0.0 0 0 1 0 0 0 1 0 1.0 1.15 3.0 -0.87 -0.58 -1.49 -1.45 -0.61 -0.39 0.271 0.323 0.205 0.258 0.276 0.477 0 0 1 0 0 0
1988-05-25T07:30:00 1988 5 25 7 30 0 0.65 0.35 371.5 7.94 2.42 0.02 0.0 0.0 0 0 1 0 0 0 1 0 1.0 1.11 2.0 -0.87 -0.58 -1.48 -1.44 -0.61 -0.39 0.272 0.323 0.206 0.26 0.28 0.487 0 0 1 0 0 0
1988-05-25T08:30:00 1988 5 25 8 30 0 0.65 0.35 374.7 7.93 2.42 0.02 0.0 0.0 0 0 1 0 0 0 1 0 1.0 1.07 7.0 -0.87 -0.58 -1.48 -1.44 -0.61 -0.38 0.274 0.322 0.208 0.262 0.284 0.494 0 0 1 0 0 0
1988-05-25T09:30:00 1988 5 25 9 30 0 0.65 0.35 378.0 7.93 2.42 0.02 0.0 0.0 0 0 1 0 0 0 1 0 1.0 1.04 9.0 -0.87 -0.58 -1.48 -1.44 -0.61 -0.38 0.276 0.323 0.209 0.264 0.288 0.502 0 0 1 0 0 0
1988-05-25T10:30:00 1988 5 25 10 30 0 0.64 0.35 381.3 7.93 2.42 0.02 0.0 0.0 0 0 1 0 0 0 1 0 1.0 1.0 9.0 -0.86 -0.58 -1.48 -1.44 -0.61 -0.38 0.277 0.323 0.211 0.267 0.292 0.511 0 0 1 0 0 0
1988-05-25T11:30:00 1988 5 25 11 30 0 0.64 0.35 384.5 7.92 2.42 0.02 0.0 0.0 0 0 1 0 0 0 1 0 1.0 1.0 8.0 -0.86 -0.58 -1.48 -1.44 -0.61 -0.38 0.278 0.323 0.213 0.27 0.295 0.521 0 0 1 0 0 0
1988-05-25T12:30:00 1988 5 25 12 30 0 0.64 0.36 387.7 7.92 2.41 0.02 0.0 0.0 0 0 1 0 0 0 1 0 1.0 1.0 7.0 -0.86 -0.58 -1.47 -1.44 -0.61 -0.38 0.28 0.324 0.215 0.272 0.299 0.531 0 0 1 0 0 0
1988-05-25T13:30:00 1988 5 25 13 30 0 0.64 0.36 391.0 7.92 2.41 0.02 0.0 0.0 0 0 1 0 0 0 1 0 1.0 1.0 4.0 -0.86 -0.58 -1.47 -1.43 -0.61 -0.38 0.281 0.324 0.217 0.274 0.303 0.542 0 0 1 0 0 0
1988-05-25T14:30:00 1988 5 25 14 30 0 0.64 0.36 394.2 7.91 2.41 0.02 0.0 0.0 0 0 1 0 0 0 1 0 1.0 1.0 0.0 -0.86 -0.58 -1.47 -1.43 -0.61 -0.38 0.283 0.324 0.219 0.277 0.307 0.552 0 0 0 0 0 0
1988-05-25T15:30:00 1988 5 25 15 30 0 0.64 0.36 397.4 7.91 2.41 0.02 0.0 0.0 0 0 1 0 0 0 1 0 1.0 1.0 -4.0 -0.86 -0.58 -1.47 -1.43 -0.6 -0.38 0.285 0.325 0.221 0.279 0.31 0.563 0 0 0 0 0 0
1988-05-25T16:30:00 1988 5 25 16 30 0 0.63 0.36 400.6 7.91 2.41 0.02 0.0 0.0 0 0 1 0 0 0 1 0 1.0 1.0 -3.0 -0.86 -0.58 -1.47 -1.43 -0.6 -0.38 0.286 0.325 0.223 0.281 0.312 0.574 0 0 0 0 0 0
1988-05-25T17:30:00 1988 5 25 17 30 0 0.63 0.36 403.8 7.91 2.4 0.02 0.0 0.0 0 0 1 0 0 0 1 0 1.0 1.0 -5.0 -0.86 -0.57 -1.47 -1.43 -0.6 -0.38 0.288 0.324 0.226 0.284 0.316 0.585 0 0 0 0 0 0
1988-05-25T18:30:00 1988 5 25 18 30 0 0.63 0.36 407.0 7.9 2.4 0.02 0.0 0.0 0 0 1 0 0 0 1 0 2.3 1.17 -4.0 -0.85 -0.57 -1.46 -1.42 -0.6 -0.38 0.289 0.324 0.228 0.286 0.32 0.596 0 0 0 0 0 0
1988-05-25T19:30:00 1988 5 25 19 30 0 0.63 0.36 410.2 7.9 2.4 0.02 0.0 0.0 0 0 1 0 0 0 1 0 2.3 1.34 -2.0 -0.85 -0.57 -1.46 -1.42 -0.6 -0.38 0.29 0.323 0.231 0.288 0.324 0.607 0 0 0 0 0 0
1988-05-25T20:30:00 1988 5 25 20 30 0 0.63 0.36 413.4 7.9 2.4 0.02 0.0 0.0 0 0 1 0 0 0 1 0 2.3 1.5 6.0 -0.85 -0.57 -1.46 -1.42 -0.6 -0.38 0.292 0.324 0.233 0.29 0.328 0.618 0 0 0 0 0 0
1988-05-25T21:30:00 1988 5 25 21 30 0 0.63 0.37 416.5 7.89 2.4 0.02 0.0 0.0 0 0 1 0 0 0 1 0 3.3 1.8 10.0 -0.85 -0.57 -1.46 -1.42 -0.6 -0.38 0.293 0.324 0.236 0.293 0.332 0.629 0 0 0 0 0 0
1988-05-25T22:30:00 1988 5 25 22 30 0 0.63 0.37 418.0 7.89 2.39 0.02 0.0 0.0 0 0 0 0 0 0 0 0 3.3 2.09 4.0 -0.85 -0.57 -1.46 -1.42 -0.6 -0.38 0.294 0.324 0.239 0.295 0.335 0.638 0 0 0 0 0 0
1988-05-25T23:30:00 1988 5 25 23 30 0 0.62 0.37 417.9 7.89 2.39 0.02 0.0 0.0 0 0 0 0 0 0 0 0 3.3 2.38 2.0 -0.85 -0.57 -1.45 -1.42 -0.6 -0.37 0.295 0.324 0.241 0.296 0.336 0.639 0 0 0 0 0 0
