1967-05-26T00:30:00 1967 5 26 0 30 0 -1.15 -0.34 669.0 5.5 4.92 0.3 1.14 0.65 0 0 2 2 2 1 1 1 9.0 8.32 -317.0 -1.18 -0.86 -1.85 -1.81 -0.9 -0.63 0.532 0.404 0.795 0.66 0.83 1.76 0 0 0 0 0 0
1967-05-26T01:30:00 1967 5 26 1 30 0 -1.15 -0.34 669.0 5.5 4.92 0.3 1.14 0.63 0 0 2 2 2 1 1 1 9.0 8.53 -383.0 -1.18 -0.86 -1.85 -1.81 -0.9 -0.63 0.522 0.399 0.806 0.647 0.82 1.689 0 0 0 0 0 0
1967-05-26T02:30:00 1967 5 26 2 30 0 -1.15 -0.34 669.0 5.5 4.92 0.3 1.14 0.63 0 0 2 2 2 1 1 1 9.0 8.69 -377.0 -1.18 -0.86 -1.85 -1.81 -0.9 -0.63 0.515 0.396 0.817 0.64 0.817 1.66 0 0 0 0 0 0
1967-05-26T03:30:00 1967 5 26 3 30 0 -1.15 -0.34 672.0 5.5 4.92 0.3 1.14 0.63 0 0 2 1 1 1 1 1 8.7 8.81 -383.0 -1.18 -0.86 -1.85 -1.81 -0.9 -0.63 0.511 0.395 0.827 0.637 0.819 1.654 0 0 0 0 0 0
1967-05-26T04:30:00 1967 5 26 4 30 0 -1.15 -0.34 672.0 5.5 4.71 0.3 1.14 0.63 0 0 2 1 1 1 1 1 8.7 8.92 -387.0 -1.18 -0.86 -1.85 -1.81 -0.9 -0.63 0.508 0.395 0.838 0.636 0.82 1.656 0 0 0 0 0 0
1967-05-26T05:30:00 1967 5 26 5 30 0 -1.15 -0.34 672.0 5.76 4.06 0.3 1.14 0.64 0 0 2 1 1 1 1 1 8.7 8.88 -350.0 -1.18 -0.86 -1.85 -1.81 -0.9 -0.63 0.508 0.397 0.848 0.639 0.828 1.697 0 0 0 0 0 0
1967-05-26T06:30:00 1967 5 26 6 30 0 -0.16 -0.34 667.0 6.08 3.41 0.14 1.14 0.68 1 0 2 1 1 1 1 1 7.3 8.66 -342.0 -1.18 -0.86 -1.85 -1.81 -0.9 -0.63 0.511 0.403 0.858 0.645 0.838 1.771 0 0 0 0 0 0
1967-05-26T07:30:00 1967 5 26 7 30 0 2.42 -0.34 667.0 6.4 2.76 0.41 1.13 0.71 1 0 2 1 1 1 1 1 7.3 8.44 -299.0 -1.18 -0.86 -1.85 -1.81 -0.9 -0.63 0.516 0.411 0.869 0.654 0.852 1.869 0 0 0 0 0 0
1967-05-26T08:30:00 1967 5 26 8 30 0 5.01 -1.15 667.0 6.71 2.73 2.79 2.6 1.71 1 1 2 1 0 1 2 1 7.3 8.23 -286.0 -1.87 -1.6 -2.46 -2.42 -1.63 -1.4 0.579 0.497 0.891 0.755 1.088 2.443 0 1 0 1 1 1
1967-05-26T09:30:00 1967 5 26 9 30 0 6.4 -5.36 648.0 6.88 2.73 10.77 11.23 7.66 1 1 2 0 0 1 2 1 6.7 7.94 -262.0 -5.52 -5.46 -5.64 -5.63 -5.47 -5.42 0.918 0.875 0.98 1.405 2.074 4.25 0 0 0 0 0 0
1967-05-26T10:30:00 1967 5 26 10 30 0 6.4 -6.5 648.0 6.88 2.73 19.69 19.37 13.32 2 2 2 0 0 2 2 1 6.7 7.65 -221.0 -6.5 -6.5 -6.5 -6.5 -6.5 -6.5 1.346 1.252 1.126 2.226 2.855 5.735 0 0 0 0 0 0
1967-05-26T11:30:00 1967 5 26 11 30 0 6.4 -5.36 648.0 6.87 2.73 19.32 19.06 13.1 1 1 2 0 0 1 2 1 6.7 7.4 -217.0 -5.52 -5.46 -5.64 -5.63 -5.46 -5.41 1.604 1.405 1.259 2.597 2.991 6.199 0 0 0 0 0 0
1967-05-26T12:30:00 1967 5 26 12 30 0 5.01 -1.14 646.1 6.87 2.73 9.57 9.95 6.83 1 1 1 0 0 1 1 1 6.7 7.16 -223.0 -1.87 -1.6 -2.45 -2.42 -1.62 -1.39 1.485 1.176 1.308 2.142 2.169 5.025 0 0 0 0 0 0
1967-05-26T13:30:00 1967 5 26 13 30 0 2.42 -0.34 644.2 6.87 2.73 2.4 2.28 1.57 1 0 1 0 0 1 1 0 6.7 6.92 -204.0 -1.18 -0.86 -1.85 -1.8 -0.9 -0.63 1.206 0.84 1.309 1.532 1.348 3.457 0 0 0 0 0 0
1967-05-26T14:30:00 1967 5 26 14 30 0 -0.16 -0.34 642.3 6.87 2.73 0.32 1.09 0.75 1 0 1 0 0 1 1 0 6.7 6.84 -195.0 -1.18 -0.86 -1.85 -1.8 -0.9 -0.63 0.987 0.635 1.304 1.146 0.999 2.595 0 0 0 0 0 0
1967-05-26T15:30:00 1967 5 26 15 30 0 -1.14 -0.34 640.4 6.35 2.73 0.15 1.09 0.72 0 0 1 1 0 0 1 1 3.7 6.38 -182.0 -1.18 -0.86 -1.85 -1.8 -0.9 -0.63 0.835 0.528 1.299 0.922 0.873 2.152 0 0 0 0 0 0
1967-05-26T16:30:00 1967 5 26 16 30 0 -1.14 -0.34 638.5 5.39 2.72 0.28 1.09 0.63 0 0 1 1 1 0 1 1 3.7 5.92 -162.0 -1.18 -0.86 -1.85 -1.8 -0.9 -0.63 0.724 0.462 1.291 0.781 0.801 1.79 0 0 0 0 0 0
1967-05-26T17:30:00 1967 5 26 17 30 0 -1.14 -0.34 636.6 4.44 2.55 0.28 1.08 0.53 0 0 1 1 1 0 1 1 3.7 5.54 -153.0 -1.18 -0.86 -1.85 -1.8 -0.9 -0.63 0.637 0.413 1.282 0.681 0.737 1.446 0 0 0 0 0 0
1967-05-26T18:30:00 1967 5 26 18 30 0 -1.14 -0.34 634.7 3.48 2.37 0.28 1.08 0.42 0 0 1 1 1 0 1 1 4.0 5.2 -148.0 -1.18 -0.86 -1.85 -1.8 -0.9 -0.63 0.566 0.37 1.27 0.602 0.672 1.121 0 0 0 0 0 0
1967-05-26T19:30:00 1967 5 26 19 30 0 -1.14 -0.34 632.8 2.7 2.2 0.28 1.08 0.33 0 0 1 1 1 0 1 1 4.0 4.86 -139.0 -1.18 -0.86 -1.85 -1.8 -0.9 -0.63 0.505 0.331 1.255 0.536 0.606 0.84 0 0 0 0 0 0
1967-05-26T20:30:00 1967 5 26 20 30 0 -1.14 -0.34 630.9 2.7 2.14 0.28 1.07 0.29 0 0 1 1 1 0 1 1 4.0 4.54 -135.0 -1.18 -0.86 -1.85 -1.8 -0.9 -0.63 0.459 0.306 1.24 0.49 0.571 0.682 0 0 0 0 0 0
1967-05-26T21:30:00 1967 5 26 21 30 0 -1.14 -0.34 629.0 2.7 2.14 0.28 1.07 0.29 0 0 2 2 2 1 1 1 4.7 4.3 -134.0 -1.18 -0.86 -1.85 -1.8 -0.9 -0.63 0.427 0.293 1.226 0.464 0.558 0.614 0 0 0 0 0 0
1967-05-26T22:30:00 1967 5 26 22 30 0 -1.14 -0.34 629.0 2.7 2.14 0.28 1.07 0.29 0 0 2 2 2 1 1 1 4.7 4.07 -130.0 -1.18 -0.86 -1.85 -1.8 -0.9 -0.63 0.406 0.287 1.211 0.449 0.554 0.585 0 0 0 0 0 0
1967-05-26T23:30:00 1967 5 26 23 30 0 -1.14 -0.34 629.0 2.7 2.14 0.28 1.07 0.29 0 0 2 2 2 1 1 1 4.7 4.2 -127.0 -1.18 -0.86 -1.85 -1.8 -0.9 -0.63 0.391 0.284 1.198 0.441 0.552 0.573 0 0 0 0 0 0
