1967-12-27T00:30:00 1967 12 27 0 30 0 7.9 -1.2 377.0 2.3 0.65 7.16 4.88 1.18 2 2 2 2 2 2 2 2 2.7 1.71 -21.0 -1.2 -1.2 -1.2 -1.2 -1.2 -1.2 0.254 0.334 0.258 0.216 0.372 0.22 2 2 2 2 2 2
1967-12-27T01:30:00 1967 12 27 1 30 0 6.5 0.8 365.0 2.3 0.61 3.7 0.58 0.13 2 2 2 2 2 2 2 2 2.7 1.69 -21.0 0.8 0.8 0.8 0.8 0.8 0.8 0.186 0.196 0.25 0.128 0.149 0.115 2 2 2 2 2 2
1967-12-27T02:30:00 1967 12 27 2 30 0 5.7 -1.5 361.0 2.4 0.63 2.9 1.0 0.24 2 2 2 2 2 2 2 2 2.7 1.79 -19.0 -1.5 -1.5 -1.5 -1.5 -1.5 -1.5 0.172 0.202 0.245 0.106 0.181 0.124 2 2 2 2 2 2
1967-12-27T03:30:00 1967 12 27 3 30 0 6.3 -0.7 358.0 2.6 0.67 3.29 1.92 0.48 2 2 2 2 2 2 2 2 1.0 1.66 -17.0 -0.7 -0.7 -0.7 -0.7 -0.7 -0.7 0.178 0.233 0.24 0.101 0.21 0.149 2 2 2 2 2 2
1967-12-27T04:30:00 1967 12 27 4 30 0 5.5 -2.6 364.0 1.8 0.48 3.8 3.13 0.65 2 2 2 2 2 2 2 2 1.0 1.53 -15.0 -2.6 -2.6 -2.6 -2.6 -2.6 -2.6 0.223 0.31 0.239 0.152 0.308 0.172 2 2 2 2 2 2
1967-12-27T05:30:00 1967 12 27 5 30 0 5.7 0.7 350.0 2.1 0.51 2.81 1.65 0.31 2 2 2 2 2 2 2 2 1.0 1.56 -18.0 0.7 0.7 0.7 0.7 0.7 0.7 0.186 0.222 0.233 0.11 0.168 0.11 2 2 2 2 2 2
1967-12-27T06:30:00 1967 12 27 6 30 0 5.5 -0.3 367.0 2.3 0.62 2.09 0.11 0.02 2 2 2 2 2 2 2 2 2.3 1.76 -15.0 -0.3 -0.3 -0.3 -0.3 -0.3 -0.3 0.133 0.134 0.226 0.064 0.084 0.067 2 2 2 2 2 2
1967-12-27T07:30:00 1967 12 27 7 30 0 5.2 -1.4 373.0 2.4 0.67 2.67 1.66 0.39 2 2 2 2 2 2 2 2 2.3 1.95 -17.0 -1.4 -1.4 -1.4 -1.4 -1.4 -1.4 0.154 0.203 0.222 0.082 0.2 0.131 2 2 2 2 2 2
1967-12-27T08:30:00 1967 12 27 8 30 0 5.5 -1.0 363.0 2.3 0.61 2.89 2.18 0.51 2 2 2 2 2 2 2 2 2.3 1.91 -21.0 -1.0 -1.0 -1.0 -1.0 -1.0 -1.0 0.174 0.245 0.219 0.096 0.236 0.156 2 2 2 2 2 2
1967-12-27T09:30:00 1967 12 27 9 30 0 3.6 -3.5 378.0 2.7 0.77 3.38 4.38 1.12 2 2 2 2 2 2 2 2 1.7 1.79 -18.0 -3.5 -3.5 -3.5 -3.5 -3.5 -3.5 0.269 0.391 0.223 0.218 0.425 0.259 2 2 2 2 2 2
1967-12-27T10:30:00 1967 12 27 10 30 0 3.1 -5.3 396.0 3.2 1.0 5.72 8.69 2.6 2 2 2 2 2 2 2 2 1.7 1.67 -17.0 -5.3 -5.3 -5.3 -5.3 -5.3 -5.3 0.459 0.623 0.243 0.503 0.722 0.468 2 2 2 2 2 2
1967-12-27T11:30:00 1967 12 27 11 30 0 2.4 -4.8 425.0 2.7 0.98 6.7 10.35 3.03 2 2 2 2 2 2 2 2 1.7 1.76 -21.0 -4.8 -4.8 -4.8 -4.8 -4.8 -4.8 0.61 0.745 0.269 0.709 0.874 0.586 2 2 2 2 2 2
1967-12-27T12:30:00 1967 12 27 12 30 0 4.0 -4.4 436.0 2.3 0.87 6.49 9.87 2.45 2 2 2 2 2 2 2 2 3.3 2.05 -30.0 -4.4 -4.4 -4.4 -4.4 -4.4 -4.4 0.681 0.753 0.291 0.77 0.879 0.576 2 2 2 2 2 2
1967-12-27T13:30:00 1967 12 27 13 30 0 3.8 -5.5 451.0 2.2 0.89 8.16 11.1 2.49 2 2 2 2 2 2 2 2 3.3 2.33 -30.0 -5.5 -5.5 -5.5 -5.5 -5.5 -5.5 0.756 0.777 0.319 0.872 0.953 0.584 2 2 2 2 2 2
1967-12-27T14:30:00 1967 12 27 14 30 0 4.4 -3.4 453.0 2.2 0.9 7.17 9.86 2.17 2 2 2 2 2 2 2 2 3.3 2.46 -26.0 -3.4 -3.4 -3.4 -3.4 -3.4 -3.4 0.757 0.729 0.338 0.821 0.873 0.55 2 2 2 2 2 2
1967-12-27T15:30:00 1967 12 27 15 30 0 3.4 1.0 409.0 2.3 0.77 2.25 2.59 0.58 2 2 2 2 2 2 2 2 3.0 2.55 -28.0 1.0 1.0 1.0 1.0 1.0 1.0 0.565 0.448 0.333 0.506 0.394 0.309 2 2 2 2 2 2
1967-12-27T16:30:00 1967 12 27 16 30 0 -0.2 3.0 400.0 2.5 0.8 0.12 0.0 0.0 2 2 2 2 2 2 2 2 3.0 2.64 -23.0 3.0 3.0 3.0 3.0 3.0 3.0 0.383 0.222 0.322 0.283 0.125 0.128 2 2 2 2 2 2
1967-12-27T17:30:00 1967 12 27 17 30 0 2.8 2.9 390.0 2.2 0.67 0.05 0.0 0.0 2 2 2 2 2 2 2 2 3.0 2.8 -17.0 2.9 2.9 2.9 2.9 2.9 2.9 0.259 0.11 0.313 0.159 0.04 0.053 2 2 2 2 2 2
1967-12-27T18:30:00 1967 12 27 18 30 0 1.4 3.0 390.0 2.8 0.85 0.08 0.0 0.0 2 2 2 2 2 2 2 2 0.7 2.65 -16.0 3.0 3.0 3.0 3.0 3.0 3.0 0.176 0.055 0.303 0.089 0.013 0.022 2 2 2 2 2 2
1967-12-27T19:30:00 1967 12 27 19 30 0 -0.8 4.7 433.0 2.4 0.9 0.0 0.0 0.0 2 2 2 2 2 2 2 2 0.7 2.51 -15.0 4.7 4.7 4.7 4.7 4.7 4.7 0.119 0.027 0.294 0.05 0.004 0.009 2 2 2 2 2 2
1967-12-27T20:30:00 1967 12 27 20 30 0 2.9 4.0 429.0 2.2 0.81 0.04 0.0 0.0 2 2 2 2 2 2 2 2 0.7 2.18 -17.0 4.0 4.0 4.0 4.0 4.0 4.0 0.08 0.014 0.285 0.028 0.001 0.004 2 2 2 2 2 2
1967-12-27T21:30:00 1967 12 27 21 30 0 -0.2 3.2 379.0 2.5 0.72 0.03 0.0 0.0 2 2 2 2 2 2 2 2 1.0 1.89 -17.0 3.2 3.2 3.2 3.2 3.2 3.2 0.054 0.007 0.276 0.016 0.0 0.002 2 2 2 2 2 2
1967-12-27T22:30:00 1967 12 27 22 30 0 6.4 -0.1 379.0 2.3 0.66 0.91 0.02 0.0 2 2 2 2 2 2 2 2 1.0 1.61 -16.0 -0.1 -0.1 -0.1 -0.1 -0.1 -0.1 0.039 0.012 0.268 0.009 0.013 0.011 2 2 2 2 2 2
1967-12-27T23:30:00 1967 12 27 23 30 0 4.1 2.9 380.0 3.3 0.95 1.42 0.0 0.0 2 2 2 2 2 2 2 2 1.0 1.37 -12.0 2.9 2.9 2.9 2.9 2.9 2.9 0.027 0.006 0.26 0.005 0.004 0.004 2 2 2 2 2 2
