1967-03-11T00:30:00 1967 3 11 0 30 0 -0.8 2.2 364.0 6.2 1.64 0.01 0.0 0.0 2 2 2 2 2 2 2 2 0.0 0.71 1.0 2.2 2.2 2.2 2.2 2.2 2.2 0.03 0.008 0.178 0.007 0.001 0.004 2 2 2 2 2 2
1967-03-11T01:30:00 1967 3 11 1 30 0 -2.6 1.8 367.0 5.6 1.51 0.09 0.0 0.0 2 2 2 2 2 2 2 2 0.0 0.58 4.0 1.8 1.8 1.8 1.8 1.8 1.8 0.02 0.004 0.172 0.004 0.0 0.002 2 2 2 2 2 2
1967-03-11T02:30:00 1967 3 11 2 30 0 -1.8 1.6 360.0 6.9 1.79 0.14 0.0 0.0 2 2 2 2 2 2 2 2 0.0 0.42 6.0 1.6 1.6 1.6 1.6 1.6 1.6 0.014 0.002 0.167 0.002 0.0 0.001 2 2 2 2 2 2
1967-03-11T03:30:00 1967 3 11 3 30 0 0.7 1.3 353.0 6.5 1.62 0.01 0.0 0.0 2 2 2 2 2 2 2 2 0.0 0.26 5.0 1.3 1.3 1.3 1.3 1.3 1.3 0.009 0.001 0.162 0.001 0.0 0.0 2 2 2 2 2 2
1967-03-11T04:30:00 1967 3 11 4 30 0 1.2 0.1 356.0 6.5 1.65 0.04 0.0 0.0 2 2 2 2 2 2 2 2 0.0 0.11 2.0 0.1 0.1 0.1 0.1 0.1 0.1 0.006 0.001 0.157 0.001 0.0 0.0 2 2 2 2 2 2
1967-03-11T05:30:00 1967 3 11 5 30 0 1.3 0.7 356.0 6.2 1.57 0.08 0.0 0.0 2 2 2 2 2 2 2 2 0.0 0.07 2.0 0.7 0.7 0.7 0.7 0.7 0.7 0.004 0.0 0.152 0.0 0.0 0.0 2 2 2 2 2 2
1967-03-11T06:30:00 1967 3 11 6 30 0 1.4 0.0 339.0 6.1 1.4 0.1 0.0 0.0 2 2 2 2 2 2 2 2 1.0 0.17 -1.0 0.0 0.0 0.0 0.0 0.0 0.0 0.003 0.0 0.148 0.0 0.0 0.0 2 2 2 2 2 2
1967-03-11T07:30:00 1967 3 11 7 30 0 1.5 0.7 337.0 5.2 1.18 0.11 0.0 0.0 2 2 2 2 2 2 2 2 1.0 0.26 -4.0 0.7 0.7 0.7 0.7 0.7 0.7 0.002 0.0 0.143 0.0 0.0 0.0 2 2 2 2 2 2
1967-03-11T08:30:00 1967 3 11 8 30 0 -0.5 -0.4 349.0 5.5 1.34 0.03 0.16 0.09 2 2 2 2 2 2 2 2 1.0 0.39 -5.0 -0.4 -0.4 -0.4 -0.4 -0.4 -0.4 0.016 0.047 0.139 0.006 0.055 0.076 2 2 2 2 2 2
1967-03-11T09:30:00 1967 3 11 9 30 0 0.8 1.4 351.0 6.7 1.65 0.01 0.05 0.03 2 2 2 2 2 2 2 2 0.3 0.42 -3.0 1.4 1.4 1.4 1.4 1.4 1.4 0.011 0.023 0.135 0.004 0.017 0.031 2 2 2 2 2 2
1967-03-11T10:30:00 1967 3 11 10 30 0 0.4 1.8 346.0 6.3 1.51 0.0 0.0 0.0 2 2 2 2 2 2 2 2 0.3 0.46 -2.0 1.8 1.8 1.8 1.8 1.8 1.8 0.007 0.011 0.131 0.002 0.005 0.013 2 2 2 2 2 2
1967-03-11T11:30:00 1967 3 11 11 30 0 -0.5 3.0 347.0 5.9 1.42 0.0 0.0 0.0 2 2 2 2 2 2 2 2 0.3 0.49 -2.0 3.0 3.0 3.0 3.0 3.0 3.0 0.005 0.006 0.127 0.001 0.002 0.005 2 2 2 2 2 2
1967-03-11T12:30:00 1967 3 11 12 30 0 0.4 2.7 357.0 5.9 1.5 0.0 0.0 0.0 2 2 2 2 2 2 2 2 0.7 0.57 1.0 2.7 2.7 2.7 2.7 2.7 2.7 0.003 0.003 0.123 0.001 0.001 0.002 2 2 2 2 2 2
1967-03-11T13:30:00 1967 3 11 13 30 0 3.9 1.9 346.0 4.8 1.15 0.18 0.0 0.0 2 2 2 2 2 2 2 2 0.7 0.66 0.0 1.9 1.9 1.9 1.9 1.9 1.9 0.002 0.001 0.119 0.0 0.0 0.001 2 2 2 2 2 2
1967-03-11T14:30:00 1967 3 11 14 30 0 3.7 0.5 352.0 5.6 1.39 0.67 0.0 0.0 2 2 2 2 2 2 2 2 0.7 0.62 -1.0 0.5 0.5 0.5 0.5 0.5 0.5 0.002 0.001 0.115 0.0 0.0 0.0 2 2 2 2 2 2
1967-03-11T15:30:00 1967 3 11 15 30 0 1.6 3.3 353.0 5.2 1.3 0.24 0.0 0.0 2 2 2 2 2 2 2 2 0.3 0.54 0.0 3.3 3.3 3.3 3.3 3.3 3.3 0.001 0.0 0.112 0.0 0.0 0.0 2 2 2 2 2 2
1967-03-11T16:30:00 1967 3 11 16 30 0 3.1 2.7 344.0 4.8 1.14 0.12 0.0 0.0 2 2 2 2 2 2 2 2 0.3 0.45 0.0 2.7 2.7 2.7 2.7 2.7 2.7 0.001 0.0 0.108 0.0 0.0 0.0 2 2 2 2 2 2
1967-03-11T17:30:00 1967 3 11 17 30 0 3.4 2.2 343.0 4.7 1.11 0.29 0.0 0.0 2 2 2 2 2 2 2 2 0.3 0.45 -1.0 2.2 2.2 2.2 2.2 2.2 2.2 0.0 0.0 0.105 0.0 0.0 0.0 2 2 2 2 2 2
1967-03-11T18:30:00 1967 3 11 18 30 0 3.8 1.8 326.0 3.7 0.79 0.43 0.0 0.0 2 2 2 2 2 2 2 2 0.0 0.41 -2.0 1.8 1.8 1.8 1.8 1.8 1.8 0.0 0.0 0.102 0.0 0.0 0.0 2 2 2 2 2 2
1967-03-11T19:30:00 1967 3 11 19 30 0 3.5 1.7 316.0 4.4 0.88 0.45 0.0 0.0 2 2 2 2 2 2 2 2 0.0 0.37 -2.0 1.7 1.7 1.7 1.7 1.7 1.7 0.0 0.0 0.099 0.0 0.0 0.0 2 2 2 2 2 2
1967-03-11T20:30:00 1967 3 11 20 30 0 3.3 1.4 313.0 4.5 0.88 0.4 0.0 0.0 2 2 2 2 2 2 2 2 0.0 0.28 -3.0 1.4 1.4 1.4 1.4 1.4 1.4 0.0 0.0 0.096 0.0 0.0 0.0 2 2 2 2 2 2
1967-03-11T21:30:00 1967 3 11 21 30 0 3.1 0.6 316.0 4.0 0.8 0.43 0.0 0.0 2 2 2 2 2 2 2 2 0.3 0.23 -3.0 0.6 0.6 0.6 0.6 0.6 0.6 0.0 0.0 0.093 0.0 0.0 0.0 2 2 2 2 2 2
1967-03-11T22:30:00 1967 3 11 22 30 0 2.8 1.3 316.0 3.5 0.7 0.36 0.0 0.0 2 2 2 2 2 2 2 2 0.3 0.19 -5.0 1.3 1.3 1.3 1.3 1.3 1.3 0.0 0.0 0.09 0.0 0.0 0.0 2 2 2 2 2 2
1967-03-11T23:30:00 1967 3 11 23 30 0 2.9 0.8 311.0 3.3 0.64 0.32 0.0 0.0 2 2 2 2 2 2 2 2 0.3 0.19 -4.0 0.8 0.8 0.8 0.8 0.8 0.8 0.0 0.0 0.087 0.0 0.0 0.0 2 2 2 2 2 2
