1967-05-22T00:30:00 1967 5 22 0 30 0 -1.19 -0.34 372.9 7.14 2.76 0.18 0.63 0.45 0 0 1 0 0 0 1 0 2.3 2.51 -1.0 -1.18 -0.86 -1.87 -1.82 -0.9 -0.63 0.348 0.4 0.336 0.342 0.356 0.565 0 0 0 0 0 0
1967-05-22T01:30:00 1967 5 22 1 30 0 -1.19 -0.34 372.6 7.13 2.76 0.18 0.63 0.45 0 0 1 0 0 0 1 0 2.3 2.66 -4.0 -1.18 -0.86 -1.87 -1.82 -0.9 -0.63 0.348 0.4 0.336 0.342 0.356 0.564 0 0 0 0 0 0
1967-05-22T02:30:00 1967 5 22 2 30 0 -1.19 -0.34 372.3 7.13 2.76 0.18 0.63 0.45 0 0 1 0 0 0 1 0 2.3 2.54 -4.0 -1.18 -0.86 -1.87 -1.82 -0.9 -0.63 0.347 0.399 0.336 0.341 0.355 0.562 0 0 0 0 0 0
1967-05-22T03:30:00 1967 5 22 3 30 0 -1.19 -0.34 372.0 7.13 2.76 0.18 0.63 0.45 0 0 2 0 0 1 1 1 1.0 2.25 -2.0 -1.18 -0.86 -1.87 -1.82 -0.9 -0.63 0.347 0.399 0.336 0.341 0.355 0.561 0 0 0 0 0 0
1967-05-22T04:30:00 1967 5 22 4 30 0 -1.18 -0.34 372.0 7.13 2.76 0.17 0.63 0.45 0 0 2 0 0 1 1 1 1.0 1.96 1.0 -1.18 -0.86 -1.87 -1.82 -0.9 -0.63 0.347 0.399 0.336 0.341 0.355 0.56 0 0 0 0 0 0
1967-05-22T05:30:00 1967 5 22 5 30 0 -1.18 -0.34 372.0 7.12 2.76 0.17 0.63 0.45 0 0 2 0 0 1 1 1 1.0 1.8 1.0 -1.18 -0.86 -1.87 -1.82 -0.9 -0.63 0.347 0.399 0.336 0.34 0.354 0.56 0 0 0 0 0 0
1967-05-22T06:30:00 1967 5 22 6 30 0 -1.18 -0.34 374.8 7.12 2.76 0.17 0.63 0.45 0 0 1 0 0 0 1 0 1.3 1.67 0.0 -1.18 -0.86 -1.87 -1.82 -0.9 -0.63 0.347 0.399 0.336 0.341 0.356 0.563 0 0 0 0 0 0
1967-05-22T07:30:00 1967 5 22 7 30 0 -1.18 -0.34 377.5 7.12 2.76 0.18 0.64 0.46 0 0 1 0 0 0 1 0 1.3 1.55 -1.0 -1.18 -0.86 -1.87 -1.82 -0.9 -0.63 0.348 0.4 0.336 0.343 0.36 0.571 0 0 0 0 0 0
1967-05-22T08:30:00 1967 5 22 8 30 0 -1.18 -0.34 380.2 7.12 2.76 0.18 0.64 0.46 0 0 1 0 0 0 1 0 1.3 1.43 -3.0 -1.18 -0.86 -1.86 -1.82 -0.9 -0.63 0.349 0.4 0.336 0.345 0.364 0.58 0 0 0 0 0 0
1967-05-22T09:30:00 1967 5 22 9 30 0 -1.18 -0.34 383.0 7.11 2.76 0.18 0.65 0.46 0 0 2 0 0 1 1 1 0.7 1.23 0.0 -1.18 -0.86 -1.86 -1.82 -0.9 -0.63 0.351 0.4 0.337 0.348 0.368 0.589 0 0 0 0 0 0
1967-05-22T10:30:00 1967 5 22 10 30 0 -1.18 -0.34 383.0 7.11 2.76 0.18 0.65 0.46 0 0 2 0 0 1 1 1 0.7 1.04 -2.0 -1.18 -0.86 -1.86 -1.82 -0.9 -0.63 0.352 0.401 0.337 0.35 0.37 0.594 0 0 0 0 0 0
1967-05-22T11:30:00 1967 5 22 11 30 0 -1.18 -0.34 383.0 7.11 2.76 0.18 0.65 0.46 0 0 2 0 0 1 1 1 0.7 1.0 -2.0 -1.18 -0.86 -1.86 -1.82 -0.9 -0.63 0.353 0.401 0.337 0.351 0.371 0.597 0 0 0 0 0 0
1967-05-22T12:30:00 1967 5 22 12 30 0 -1.18 -0.34 372.0 7.11 2.76 0.18 0.64 0.46 0 0 2 0 0 1 1 1 0.3 0.9 -2.0 -1.18 -0.86 -1.86 -1.82 -0.9 -0.63 0.351 0.4 0.337 0.348 0.363 0.581 0 0 0 0 0 0
1967-05-22T13:30:00 1967 5 22 13 30 0 -1.18 -0.34 372.0 7.1 2.76 0.17 0.63 0.45 0 0 2 0 0 1 1 1 0.3 0.81 -2.0 -1.18 -0.86 -1.86 -1.82 -0.9 -0.63 0.35 0.399 0.337 0.344 0.357 0.567 0 0 0 0 0 0
1967-05-22T14:30:00 1967 5 22 14 30 0 -1.18 -0.34 372.0 7.1 2.76 0.17 0.63 0.45 0 0 2 0 0 1 1 1 0.3 0.69 -3.0 -1.18 -0.86 -1.86 -1.82 -0.9 -0.63 0.348 0.399 0.337 0.342 0.355 0.561 0 0 0 0 0 0
1967-05-22T15:30:00 1967 5 22 15 30 0 -1.18 -0.34 368.0 7.1 2.76 0.17 0.63 0.45 0 0 2 0 0 1 1 1 0.3 0.57 -2.0 -1.18 -0.86 -1.86 -1.82 -0.9 -0.63 0.347 0.398 0.337 0.34 0.351 0.553 0 0 0 0 0 0
1967-05-22T16:30:00 1967 5 22 16 30 0 -1.18 -0.34 368.0 7.1 2.76 0.17 0.63 0.44 0 0 2 0 0 1 1 1 0.3 0.44 0.0 -1.18 -0.86 -1.86 -1.82 -0.9 -0.63 0.346 0.398 0.336 0.338 0.349 0.547 0 0 0 0 0 0
1967-05-22T17:30:00 1967 5 22 17 30 0 -1.18 -0.34 368.0 7.09 2.76 0.17 0.63 0.44 0 0 2 0 0 1 1 1 0.3 0.4 1.0 -1.18 -0.86 -1.86 -1.82 -0.9 -0.63 0.345 0.398 0.336 0.337 0.348 0.544 0 0 0 0 0 0
1967-05-22T18:30:00 1967 5 22 18 30 0 -1.18 -0.34 375.0 7.09 2.76 0.17 0.63 0.45 0 0 2 0 0 1 1 1 0.3 0.35 4.0 -1.18 -0.86 -1.86 -1.82 -0.9 -0.63 0.345 0.398 0.335 0.338 0.353 0.553 0 0 0 0 0 0
1967-05-22T19:30:00 1967 5 22 19 30 0 -1.18 -0.34 375.0 7.09 2.76 0.17 0.64 0.45 0 0 2 0 0 1 1 1 0.3 0.3 6.0 -1.18 -0.86 -1.86 -1.82 -0.9 -0.63 0.346 0.398 0.335 0.34 0.357 0.561 0 0 0 0 0 0
1967-05-22T20:30:00 1967 5 22 20 30 0 -1.18 -0.34 375.0 7.09 2.76 0.17 0.64 0.45 0 0 2 0 0 1 1 1 0.3 0.3 6.0 -1.18 -0.86 -1.86 -1.82 -0.9 -0.63 0.347 0.399 0.335 0.341 0.358 0.564 0 0 0 0 0 0
1967-05-22T21:30:00 1967 5 22 21 30 0 -1.18 -0.34 353.0 7.08 2.76 0.17 0.62 0.44 0 0 2 0 0 1 1 1 0.0 0.26 3.0 -1.18 -0.86 -1.86 -1.82 -0.9 -0.63 0.344 0.397 0.335 0.335 0.342 0.534 0 0 0 0 0 0
1967-05-22T22:30:00 1967 5 22 22 30 0 -1.18 -0.34 353.0 7.08 2.76 0.16 0.6 0.42 0 0 2 0 0 1 1 1 0.0 0.22 2.0 -1.18 -0.86 -1.86 -1.82 -0.9 -0.63 0.34 0.396 0.333 0.327 0.33 0.508 0 0 0 0 0 0
1967-05-22T23:30:00 1967 5 22 23 30 0 -1.18 -0.34 353.0 7.08 2.76 0.16 0.6 0.42 0 0 2 0 0 1 1 1 0.0 0.18 5.0 -1.18 -0.86 -1.86 -1.82 -0.9 -0.63 0.337 0.395 0.332 0.323 0.327 0.497 0 0 0 0 0 0
