1967-11-03T00:30:00 1967 11 3 0 30 0 -4.1 -1.9 339.0 8.4 1.93 3.51 5.44 4.11 2 2 2 2 2 2 2 2 2.7 3.1 -39.0 -1.9 -1.9 -1.9 -1.9 -1.9 -1.9 0.869 0.977 0.386 0.755 0.754 1.115 2 2 2 2 2 2
1967-11-03T01:30:00 1967 11 3 1 30 0 -5.2 -2.1 349.0 6.5 1.58 2.9 3.46 2.54 2 2 2 2 2 2 2 2 2.7 3.18 -34.0 -2.1 -2.1 -2.1 -2.1 -2.1 -2.1 0.757 0.837 0.383 0.58 0.616 0.97 2 2 2 2 2 2
1967-11-03T02:30:00 1967 11 3 2 30 0 -5.6 -1.1 355.0 5.2 1.31 3.13 2.74 1.61 2 2 2 2 2 2 2 2 2.7 3.05 -32.0 -1.1 -1.1 -1.1 -1.1 -1.1 -1.1 0.63 0.665 0.378 0.419 0.466 0.728 2 2 2 2 2 2
1967-11-03T03:30:00 1967 11 3 3 30 0 -0.7 3.8 346.0 6.2 1.48 0.64 0.14 0.08 2 2 2 2 2 2 2 2 1.7 2.8 -30.0 3.8 3.8 3.8 3.8 3.8 3.8 0.426 0.33 0.366 0.235 0.148 0.302 2 2 2 2 2 2
1967-11-03T04:30:00 1967 11 3 4 30 0 -1.4 3.2 355.0 5.1 1.29 0.01 0.0 0.0 2 2 2 2 2 2 2 2 1.7 2.55 -26.0 3.2 3.2 3.2 3.2 3.2 3.2 0.289 0.164 0.355 0.131 0.047 0.125 2 2 2 2 2 2
1967-11-03T05:30:00 1967 11 3 5 30 0 -0.8 1.8 370.0 4.0 1.1 0.01 0.0 0.0 2 2 2 2 2 2 2 2 1.7 2.38 -25.0 1.8 1.8 1.8 1.8 1.8 1.8 0.195 0.081 0.344 0.074 0.015 0.052 2 2 2 2 2 2
1967-11-03T06:30:00 1967 11 3 6 30 0 -6.9 -1.3 374.0 3.7 1.04 1.62 0.61 0.23 2 2 2 2 2 2 2 2 2.0 2.26 -25.0 -1.3 -1.3 -1.3 -1.3 -1.3 -1.3 0.171 0.132 0.335 0.07 0.128 0.128 2 2 2 2 2 2
1967-11-03T07:30:00 1967 11 3 7 30 0 -4.0 -0.2 374.0 3.8 1.06 2.61 1.32 0.49 2 2 2 2 2 2 2 2 2.0 2.14 -25.0 -0.2 -0.2 -0.2 -0.2 -0.2 -0.2 0.162 0.173 0.327 0.066 0.164 0.181 2 2 2 2 2 2
1967-11-03T08:30:00 1967 11 3 8 30 0 -5.8 -1.8 383.0 4.5 1.32 2.63 2.03 0.86 2 2 2 2 2 2 2 2 2.0 2.06 -24.0 -1.8 -1.8 -1.8 -1.8 -1.8 -1.8 0.207 0.293 0.322 0.118 0.319 0.339 2 2 2 2 2 2
1967-11-03T09:30:00 1967 11 3 9 30 0 -8.1 -1.4 394.0 6.5 2.02 5.13 3.08 1.71 2 2 2 2 2 2 2 2 2.7 2.06 -14.0 -1.4 -1.4 -1.4 -1.4 -1.4 -1.4 0.275 0.417 0.32 0.183 0.448 0.599 2 2 2 2 2 2
1967-11-03T10:30:00 1967 11 3 10 30 0 -8.4 1.3 389.0 8.7 2.63 4.89 0.6 0.42 2 2 2 2 2 2 2 2 2.7 2.07 -13.0 1.3 1.3 1.3 1.3 1.3 1.3 0.204 0.248 0.311 0.112 0.184 0.34 2 2 2 2 2 2
1967-11-03T11:30:00 1967 11 3 11 30 0 -9.9 0.9 400.0 6.7 2.14 5.08 0.0 0.0 2 2 2 2 2 2 2 2 2.7 2.2 -12.0 0.9 0.9 0.9 0.9 0.9 0.9 0.138 0.123 0.302 0.063 0.058 0.141 2 2 2 2 2 2
1967-11-03T12:30:00 1967 11 3 12 30 0 -5.4 7.5 412.0 8.9 3.02 2.27 0.0 0.0 2 2 2 2 2 2 2 2 4.3 2.53 -10.0 7.5 7.5 7.5 7.5 7.5 7.5 0.094 0.061 0.293 0.035 0.018 0.059 2 2 2 2 2 2
1967-11-03T13:30:00 1967 11 3 13 30 0 -2.7 -3.4 431.0 9.5 3.53 1.26 1.46 1.38 2 2 2 2 2 2 2 2 4.3 2.86 -7.0 -3.4 -3.4 -3.4 -3.4 -3.4 -3.4 0.187 0.272 0.294 0.174 0.397 0.762 2 2 2 2 2 2
1967-11-03T14:30:00 1967 11 3 14 30 0 6.4 -0.6 432.0 4.7 1.75 2.33 4.06 3.04 2 2 2 2 2 2 2 2 4.3 3.15 -26.0 -0.6 -0.6 -0.6 -0.6 -0.6 -0.6 0.283 0.416 0.297 0.247 0.515 0.953 2 2 2 2 2 2
1967-11-03T15:30:00 1967 11 3 15 30 0 7.4 5.2 426.0 3.3 1.2 2.45 0.02 0.01 2 2 2 2 2 2 2 2 5.3 3.57 -25.0 5.2 5.2 5.2 5.2 5.2 5.2 0.192 0.207 0.288 0.138 0.163 0.395 2 2 2 2 2 2
1967-11-03T16:30:00 1967 11 3 16 30 0 5.7 -8.8 483.0 4.4 2.05 8.89 7.43 3.12 2 2 2 2 2 2 2 2 5.3 3.98 -21.0 -8.8 -8.8 -8.8 -8.8 -8.8 -8.8 0.459 0.563 0.326 0.675 0.931 0.94 2 2 2 2 2 2
1967-11-03T17:30:00 1967 11 3 17 30 0 6.0 -7.5 466.0 3.4 1.48 20.41 19.19 7.43 2 2 2 2 2 2 2 2 5.3 4.3 -24.0 -7.5 -7.5 -7.5 -7.5 -7.5 -7.5 0.864 0.968 0.41 1.405 1.5 1.345 2 2 2 2 2 2
1967-11-03T18:30:00 1967 11 3 18 30 0 1.8 -5.6 474.0 15.3 6.88 12.64 15.21 14.56 2 2 2 2 2 2 2 2 4.7 4.54 -14.0 -5.6 -5.6 -5.6 -5.6 -5.6 -5.6 1.259 1.443 0.498 1.956 2.091 4.223 2 2 2 2 2 2
1967-11-03T19:30:00 1967 11 3 19 30 0 4.7 -7.8 469.0 8.9 3.92 13.27 16.0 18.67 2 2 2 2 2 2 2 2 4.7 4.78 -26.0 -7.8 -7.8 -7.8 -7.8 -7.8 -7.8 1.606 1.758 0.601 2.472 2.396 5.323 2 2 2 2 2 2
1967-11-03T20:30:00 1967 11 3 20 30 0 5.7 -4.3 433.0 5.9 2.21 12.19 13.32 9.91 2 2 2 2 2 2 2 2 4.7 4.83 -40.0 -4.3 -4.3 -4.3 -4.3 -4.3 -4.3 1.579 1.575 0.65 2.163 1.834 3.724 2 2 2 2 2 2
1967-11-03T21:30:00 1967 11 3 21 30 0 6.3 -1.8 406.0 5.6 1.85 6.24 6.19 3.57 2 2 2 2 2 2 2 2 3.7 4.74 -32.0 -1.8 -1.8 -1.8 -1.8 -1.8 -1.8 1.296 1.168 0.65 1.467 1.113 2.214 2 2 2 2 2 2
1967-11-03T22:30:00 1967 11 3 22 30 0 7.0 1.6 413.0 6.5 2.22 3.51 0.82 0.48 2 2 2 2 2 2 2 2 3.7 4.66 -31.0 1.6 1.6 1.6 1.6 1.6 1.6 0.901 0.627 0.632 0.836 0.406 1.014 2 2 2 2 2 2
1967-11-03T23:30:00 1967 11 3 23 30 0 4.9 -2.1 395.0 9.0 2.81 3.05 1.36 1.17 2 2 2 2 2 2 2 2 3.7 4.46 -32.0 -2.1 -2.1 -2.1 -2.1 -2.1 -2.1 0.711 0.536 0.618 0.563 0.441 0.987 2 2 2 2 2 2
