1967-05-27T00:30:00 1967 5 27 0 30 0 -1.14 -0.34 625.4 2.7 2.14 0.28 1.07 0.29 0 0 1 1 1 0 1 1 4.0 4.23 -121.0 -1.18 -0.86 -1.85 -1.8 -0.9 -0.63 0.381 0.282 1.184 0.435 0.55 0.565 0 0 0 0 0 0
1967-05-27T01:30:00 1967 5 27 1 30 0 -1.14 -0.34 621.9 2.7 2.2 0.28 1.06 0.29 0 0 1 1 1 0 1 1 4.0 4.26 -119.0 -1.18 -0.86 -1.85 -1.8 -0.9 -0.63 0.374 0.281 1.17 0.431 0.545 0.557 0 0 0 0 0 0
1967-05-27T02:30:00 1967 5 27 2 30 0 -1.64 -0.34 618.3 3.48 2.37 0.38 1.05 0.33 1 0 1 1 1 1 1 1 4.0 4.26 -113.0 -1.18 -0.86 -1.85 -1.8 -0.9 -0.63 0.376 0.293 1.159 0.441 0.57 0.634 0 0 0 0 0 0
1967-05-27T03:30:00 1967 5 27 3 30 0 -2.96 -0.34 614.7 3.74 2.55 0.91 1.05 0.38 1 0 1 1 1 1 1 1 3.3 4.17 -106.0 -1.18 -0.86 -1.85 -1.8 -0.9 -0.63 0.384 0.307 1.148 0.456 0.593 0.728 0 0 0 0 0 0
1967-05-27T04:30:00 1967 5 27 4 30 0 -4.29 -0.31 611.1 3.42 2.7 1.93 0.99 0.35 1 1 1 1 1 1 1 1 3.3 4.07 -96.0 -1.04 -0.76 -1.62 -1.58 -0.79 -0.56 0.378 0.303 1.135 0.439 0.566 0.72 0 0 0 0 1 1
1967-05-27T05:30:00 1967 5 27 5 30 0 -5.0 -0.15 607.6 3.1 2.14 2.83 0.68 0.22 1 1 1 1 1 1 1 1 3.3 3.9 -95.0 -0.3 -0.24 -0.42 -0.41 -0.25 -0.2 0.319 0.241 1.109 0.317 0.398 0.558 0 1 0 1 1 1
1967-05-27T06:30:00 1967 5 27 6 30 0 -5.0 -0.1 604.0 2.34 1.57 3.09 0.37 0.1 2 2 2 1 1 2 2 2 3.3 3.72 -90.0 -0.1 -0.1 -0.1 -0.1 -0.1 -0.1 0.236 0.162 1.076 0.188 0.223 0.355 0 1 0 1 1 1
1967-05-27T07:30:00 1967 5 27 7 30 0 -4.8 -0.5 604.0 1.3 1.0 3.14 0.96 0.16 2 2 2 1 1 2 2 2 3.3 3.55 -83.0 -0.5 -0.5 -0.5 -0.5 -0.5 -0.5 0.193 0.142 1.045 0.124 0.225 0.26 1 1 0 1 1 1
1967-05-27T08:30:00 1967 5 27 8 30 0 -5.1 0.2 604.0 1.3 0.82 3.04 0.48 0.06 2 2 2 1 1 2 2 2 3.3 3.47 -83.0 0.2 0.2 0.2 0.2 0.2 0.2 0.14 0.087 1.014 0.074 0.107 0.134 1 1 0 1 1 1
1967-05-27T09:30:00 1967 5 27 9 30 0 -5.4 0.2 560.0 1.3 0.82 2.96 0.0 0.0 2 2 2 2 2 2 2 2 2.3 3.25 -83.0 0.2 0.2 0.2 0.2 0.2 0.2 0.095 0.043 0.983 0.041 0.034 0.056 1 1 0 1 1 1
1967-05-27T10:30:00 1967 5 27 10 30 0 -5.0 -1.2 560.0 1.3 0.82 3.49 1.58 0.21 2 2 2 2 2 2 2 2 2.3 3.04 -86.0 -1.2 -1.2 -1.2 -1.2 -1.2 -1.2 0.115 0.108 0.957 0.063 0.218 0.127 1 2 0 2 2 2
1967-05-27T11:30:00 1967 5 27 11 30 0 -4.6 -1.23 560.0 1.3 0.82 3.73 3.41 0.44 1 1 2 2 2 1 2 2 2.3 2.91 -86.0 -1.23 -1.23 -1.23 -1.23 -1.23 -1.23 0.16 0.179 0.935 0.108 0.355 0.191 1 1 0 1 1 1
1967-05-27T12:30:00 1967 5 27 12 30 0 -4.2 -1.37 567.0 1.3 0.82 3.41 3.68 0.48 1 1 2 1 1 1 2 1 3.0 2.88 -84.0 -1.37 -1.37 -1.37 -1.37 -1.37 -1.37 0.197 0.221 0.915 0.143 0.421 0.227 1 1 0 1 1 1
1967-05-27T13:30:00 1967 5 27 13 30 0 -3.8 -1.4 567.0 1.39 0.83 3.09 3.93 0.53 2 2 2 1 1 2 2 2 3.0 2.84 -83.0 -1.4 -1.4 -1.4 -1.4 -1.4 -1.4 0.228 0.249 0.897 0.169 0.459 0.256 1 1 0 1 1 1
1967-05-27T14:30:00 1967 5 27 14 30 0 -5.8 -0.6 567.0 1.53 0.88 3.62 2.74 0.4 2 2 2 1 1 2 2 2 3.0 2.81 -86.0 -0.6 -0.6 -0.6 -0.6 -0.6 -0.6 0.22 0.228 0.875 0.145 0.38 0.244 1 1 0 1 1 1
1967-05-27T15:30:00 1967 5 27 15 30 0 -6.0 0.5 527.0 1.67 0.94 3.69 0.39 0.06 2 2 2 1 1 2 2 2 1.7 2.61 -87.0 0.5 0.5 0.5 0.5 0.5 0.5 0.156 0.127 0.849 0.084 0.146 0.123 1 1 0 1 1 1
1967-05-27T16:30:00 1967 5 27 16 30 0 -5.8 -0.1 527.0 1.81 0.99 3.37 0.03 0.01 2 2 2 1 1 2 2 2 1.7 2.41 -86.0 -0.1 -0.1 -0.1 -0.1 -0.1 -0.1 0.108 0.072 0.823 0.048 0.066 0.067 1 1 0 1 1 1
1967-05-27T17:30:00 1967 5 27 17 30 0 -5.3 -2.1 527.0 1.9 1.0 4.39 3.12 0.58 2 2 2 1 1 2 2 2 1.7 2.33 -86.0 -2.1 -2.1 -2.1 -2.1 -2.1 -2.1 0.175 0.198 0.807 0.128 0.368 0.237 1 1 0 1 1 1
1967-05-27T18:30:00 1967 5 27 18 30 0 -4.9 -1.3 512.0 1.9 1.0 4.36 4.33 0.82 2 2 2 2 2 2 2 2 4.3 2.59 -84.0 -1.3 -1.3 -1.3 -1.3 -1.3 -1.3 0.23 0.271 0.793 0.179 0.459 0.309 1 2 0 2 2 2
1967-05-27T19:30:00 1967 5 27 19 30 0 -4.9 -1.12 512.0 1.9 1.0 3.52 3.08 0.58 1 1 2 2 2 1 2 2 4.3 2.85 -81.0 -1.28 -1.22 -1.4 -1.39 -1.23 -1.18 0.249 0.283 0.777 0.188 0.44 0.31 1 1 0 1 1 1
1967-05-27T20:30:00 1967 5 27 20 30 0 -4.2 -0.47 512.0 1.9 1.0 2.71 1.97 0.37 1 1 2 2 2 1 2 2 4.3 3.02 -71.0 -1.19 -0.92 -1.77 -1.74 -0.95 -0.72 0.257 0.27 0.764 0.216 0.397 0.279 1 1 0 1 1 1
1967-05-27T21:30:00 1967 5 27 21 30 0 -2.91 -0.34 564.0 1.9 1.0 1.61 1.08 0.2 1 0 2 1 1 1 1 1 4.3 3.19 -86.0 -1.18 -0.86 -1.84 -1.8 -0.9 -0.63 0.265 0.253 0.755 0.256 0.391 0.27 1 1 0 1 0 0
1967-05-27T22:30:00 1967 5 27 22 30 0 -1.62 -0.35 564.0 1.9 1.16 0.75 0.97 0.19 1 0 2 1 1 1 1 1 4.3 3.36 -93.0 -1.18 -0.86 -1.84 -1.8 -0.9 -0.63 0.273 0.244 0.747 0.286 0.398 0.274 1 0 0 0 0 0
1967-05-27T23:30:00 1967 5 27 23 30 0 -1.13 -0.35 564.0 2.82 1.68 0.33 0.99 0.24 0 0 2 1 1 1 1 1 4.3 3.68 -91.0 -1.18 -0.86 -1.84 -1.8 -0.9 -0.63 0.288 0.255 0.742 0.32 0.435 0.349 0 0 0 0 0 0
