1967-12-13T00:30:00 1967 12 13 0 30 0 -3.2 0.1 466.1 4.66 1.89 0.4 0.0 0.0 2 2 1 0 0 2 2 1 1.7 1.81 -1.0 0.1 0.1 0.1 0.1 0.1 0.1 0.141 0.114 0.205 0.07 0.073 0.169 0 0 0 0 0 0
1967-12-13T01:30:00 1967 12 13 1 30 0 -2.5 -1.1 464.0 4.66 1.89 1.04 1.28 0.6 2 2 1 0 0 2 2 1 1.7 1.81 0.0 -1.1 -1.1 -1.1 -1.1 -1.1 -1.1 0.165 0.204 0.203 0.09 0.274 0.408 0 0 0 0 0 0
1967-12-13T02:30:00 1967 12 13 2 30 0 -3.8 0.9 462.0 4.65 1.88 1.01 0.6 0.28 2 2 1 0 0 2 2 1 1.7 1.81 -3.0 0.9 0.9 0.9 0.9 0.9 0.9 0.128 0.136 0.197 0.059 0.134 0.25 0 0 0 0 0 0
1967-12-13T03:30:00 1967 12 13 3 30 0 -4.9 0.9 462.0 4.65 1.88 1.33 0.0 0.0 2 2 1 0 0 2 2 1 1.3 1.76 -1.0 0.9 0.9 0.9 0.9 0.9 0.9 0.087 0.068 0.191 0.033 0.042 0.104 0 0 0 0 0 0
1967-12-13T04:30:00 1967 12 13 4 30 0 -3.6 1.3 462.0 4.65 1.88 1.13 0.0 0.0 2 2 1 0 0 2 2 1 1.3 1.7 1.0 1.3 1.3 1.3 1.3 1.3 1.3 0.059 0.034 0.185 0.018 0.013 0.043 0 0 0 0 0 0
1967-12-13T05:30:00 1967 12 13 5 30 0 -4.2 0.2 462.0 4.65 1.88 1.12 0.0 0.0 2 2 1 0 0 2 2 1 1.3 1.62 1.0 0.2 0.2 0.2 0.2 0.2 0.2 0.04 0.017 0.18 0.01 0.004 0.018 0 0 0 0 0 0
1967-12-13T06:30:00 1967 12 13 6 30 0 -4.0 -0.9 462.0 4.65 1.88 1.81 0.94 0.44 2 2 1 0 0 2 2 1 1.3 1.53 1.0 -0.9 -0.9 -0.9 -0.9 -0.9 -0.9 0.081 0.129 0.177 0.042 0.207 0.291 0 0 0 0 0 0
1967-12-13T07:30:00 1967 12 13 7 30 0 -1.6 -1.9 462.0 4.65 1.88 1.63 3.33 1.55 2 2 1 0 0 2 2 1 1.3 1.44 -3.0 -1.9 -1.9 -1.9 -1.9 -1.9 -1.9 0.198 0.321 0.182 0.16 0.494 0.638 0 0 0 0 0 0
1967-12-13T08:30:00 1967 12 13 8 30 0 -4.2 1.4 462.0 4.64 1.88 0.99 1.08 0.5 2 2 1 0 0 2 2 1 1.3 1.4 -8.0 1.4 1.4 1.4 1.4 1.4 1.4 0.163 0.214 0.179 0.109 0.231 0.38 0 0 0 0 0 0
1967-12-13T09:30:00 1967 12 13 9 30 0 -1.6 2.1 462.0 4.64 1.88 0.38 0.0 0.0 2 2 2 0 0 2 2 1 1.0 1.31 -5.0 2.1 2.1 2.1 2.1 2.1 2.1 0.11 0.106 0.173 0.061 0.073 0.158 0 0 0 0 0 0
1967-12-13T10:30:00 1967 12 13 10 30 0 -3.7 1.4 462.0 4.64 1.88 0.36 0.0 0.0 2 2 2 0 0 2 2 1 1.0 1.22 -5.0 1.4 1.4 1.4 1.4 1.4 1.4 0.075 0.053 0.168 0.034 0.023 0.065 0 0 0 0 0 0
1967-12-13T11:30:00 1967 12 13 11 30 0 -3.6 2.0 462.0 4.64 1.88 0.66 0.0 0.0 2 2 2 0 0 2 2 1 1.0 1.18 -4.0 2.0 2.0 2.0 2.0 2.0 2.0 0.051 0.026 0.163 0.019 0.007 0.027 0 0 0 0 0 0
1967-12-13T12:30:00 1967 12 13 12 30 0 -3.7 1.9 477.0 4.64 1.88 0.62 0.0 0.0 2 2 2 0 0 2 2 1 0.3 1.05 -2.0 1.9 1.9 1.9 1.9 1.9 1.9 0.034 0.013 0.158 0.011 0.002 0.011 0 0 0 0 0 0
1967-12-13T13:30:00 1967 12 13 13 30 0 -4.3 0.8 477.0 4.64 1.88 1.0 0.0 0.0 2 2 2 0 0 2 2 1 0.3 0.93 -1.0 0.8 0.8 0.8 0.8 0.8 0.8 0.023 0.006 0.153 0.006 0.001 0.005 0 0 0 0 0 0
1967-12-13T14:30:00 1967 12 13 14 30 0 -2.3 2.7 477.0 4.63 1.88 0.55 0.0 0.0 2 2 2 0 0 2 2 1 0.3 0.8 -1.0 2.7 2.7 2.7 2.7 2.7 2.7 0.016 0.003 0.148 0.003 0.0 0.002 0 0 0 0 0 0
1967-12-13T15:30:00 1967 12 13 15 30 0 0.6 1.1 465.0 4.63 1.88 0.03 0.0 0.0 2 2 2 0 0 2 2 1 1.0 0.77 1.0 1.1 1.1 1.1 1.1 1.1 1.1 0.011 0.002 0.144 0.002 0.0 0.001 0 0 0 0 0 0
1967-12-13T16:30:00 1967 12 13 16 30 0 2.3 -0.9 465.0 4.63 1.88 0.33 0.56 0.26 2 2 2 0 0 2 2 1 1.0 0.74 0.0 -0.9 -0.9 -0.9 -0.9 -0.9 -0.9 0.044 0.085 0.141 0.028 0.152 0.199 0 0 0 0 0 0
1967-12-13T17:30:00 1967 12 13 17 30 0 1.8 -1.3 465.0 4.63 1.88 0.94 2.6 1.2 2 2 2 0 0 2 2 1 1.0 0.74 -2.0 -1.3 -1.3 -1.3 -1.3 -1.3 -1.3 0.142 0.253 0.145 0.109 0.398 0.529 0 0 0 0 0 0
1967-12-13T18:30:00 1967 12 13 18 30 0 1.2 0.3 460.0 4.63 1.88 0.39 1.1 0.51 2 2 2 0 0 2 2 1 1.7 0.83 -5.0 0.3 0.3 0.3 0.3 0.3 0.3 0.131 0.197 0.142 0.082 0.227 0.38 0 0 0 0 0 0
1967-12-13T19:30:00 1967 12 13 19 30 0 2.7 1.6 460.0 4.63 1.88 0.21 0.0 0.0 2 2 2 0 0 2 2 1 1.7 0.93 -2.0 1.6 1.6 1.6 1.6 1.6 1.6 0.089 0.098 0.138 0.046 0.072 0.157 0 0 0 0 0 0
1967-12-13T20:30:00 1967 12 13 20 30 0 -0.5 1.6 460.0 4.63 1.88 0.06 0.0 0.0 2 2 2 0 0 2 2 1 1.7 1.1 -1.0 1.6 1.6 1.6 1.6 1.6 1.6 0.06 0.048 0.134 0.026 0.023 0.065 0 0 0 0 0 0
1967-12-13T21:30:00 1967 12 13 21 30 0 -1.1 1.1 461.0 4.62 1.88 0.02 0.0 0.0 2 2 2 0 0 2 2 1 1.3 1.22 0.0 1.1 1.1 1.1 1.1 1.1 1.1 0.041 0.024 0.13 0.014 0.007 0.027 0 0 0 0 0 0
1967-12-13T22:30:00 1967 12 13 22 30 0 -0.6 -0.7 461.0 4.62 1.88 0.08 0.38 0.18 2 2 2 0 0 2 2 1 1.3 1.34 1.0 -0.7 -0.7 -0.7 -0.7 -0.7 -0.7 0.056 0.079 0.127 0.026 0.123 0.175 0 0 0 0 0 0
1967-12-13T23:30:00 1967 12 13 23 30 0 0.0 3.0 461.0 4.62 1.88 0.01 0.09 0.04 2 2 2 0 0 2 2 1 1.3 1.38 1.0 3.0 3.0 3.0 3.0 3.0 3.0 0.038 0.039 0.123 0.015 0.039 0.073 0 0 0 0 0 0
