1967-06-04T00:30:00 1967 6 4 0 30 0 -3.3 0.85 438.0 5.95 2.09 0.64 0.0 0.0 1 1 2 1 1 1 2 1 2.0 1.77 -28.0 0.85 0.85 0.85 0.85 0.85 0.85 0.028 0.006 0.407 0.008 0.001 0.004 1 1 0 1 2 2
1967-06-04T01:30:00 1967 6 4 1 30 0 -3.1 0.3 418.0 5.7 1.99 0.69 0.0 0.0 2 2 2 2 2 2 2 2 2.0 1.74 -23.0 0.3 0.3 0.3 0.3 0.3 0.3 0.019 0.003 0.395 0.004 0.0 0.002 1 1 0 1 2 2
1967-06-04T02:30:00 1967 6 4 2 30 0 -3.3 2.2 405.0 6.1 2.0 0.5 0.0 0.0 2 2 2 2 2 2 2 2 2.0 1.74 -23.0 2.2 2.2 2.2 2.2 2.2 2.2 0.013 0.001 0.383 0.002 0.0 0.001 1 1 0 1 2 2
1967-06-04T03:30:00 1967 6 4 3 30 0 -3.3 3.0 398.0 5.8 1.84 0.33 0.0 0.0 2 2 2 2 2 2 2 2 0.7 1.57 -23.0 3.0 3.0 3.0 3.0 3.0 3.0 0.009 0.001 0.371 0.001 0.0 0.0 1 1 0 1 2 2
1967-06-04T04:30:00 1967 6 4 4 30 0 -2.3 2.8 401.0 6.6 2.12 0.19 0.0 0.0 2 2 2 2 2 2 2 2 0.7 1.41 -22.0 2.8 2.8 2.8 2.8 2.8 2.8 0.006 0.0 0.36 0.001 0.0 0.0 1 1 0 1 2 2
1967-06-04T05:30:00 1967 6 4 5 30 0 -2.4 1.9 400.0 7.5 2.4 0.15 0.0 0.0 2 2 2 2 2 2 2 2 0.7 1.33 -18.0 1.9 1.9 1.9 1.9 1.9 1.9 0.004 0.0 0.349 0.0 0.0 0.0 1 1 0 1 2 2
1967-06-04T06:30:00 1967 6 4 6 30 0 -2.2 2.8 399.0 7.7 2.45 0.13 0.0 0.0 2 2 2 2 2 2 2 2 0.7 1.25 -18.0 2.8 2.8 2.8 2.8 2.8 2.8 0.003 0.0 0.338 0.0 0.0 0.0 1 1 0 1 2 2
1967-06-04T07:30:00 1967 6 4 7 30 0 -3.7 3.1 387.0 4.7 1.41 0.24 0.0 0.0 2 2 2 2 2 2 2 2 0.7 1.17 -22.0 3.1 3.1 3.1 3.1 3.1 3.1 0.002 0.0 0.328 0.0 0.0 0.0 1 1 0 1 2 2
1967-06-04T08:30:00 1967 6 4 8 30 0 -4.4 2.3 382.0 5.1 1.49 0.55 0.0 0.0 2 2 2 2 2 2 2 2 0.7 1.01 -22.0 2.3 2.3 2.3 2.3 2.3 2.3 0.001 0.0 0.318 0.0 0.0 0.0 1 1 0 1 2 2
1967-06-04T09:30:00 1967 6 4 9 30 0 -4.9 0.2 405.0 5.1 1.49 1.23 0.0 0.0 2 2 2 1 1 2 2 2 2.0 1.03 -21.0 0.2 0.2 0.2 0.2 0.2 0.2 0.001 0.0 0.308 0.0 0.0 0.0 1 1 0 1 2 2
1967-06-04T10:30:00 1967 6 4 10 30 0 -4.3 2.7 405.0 5.1 1.6 1.09 0.0 0.0 2 2 2 1 1 2 2 2 2.0 1.04 -19.0 2.7 2.7 2.7 2.7 2.7 2.7 0.001 0.0 0.299 0.0 0.0 0.0 1 1 0 1 2 2
1967-06-04T11:30:00 1967 6 4 11 30 0 -4.3 2.13 405.0 5.39 1.94 0.71 0.0 0.0 1 1 2 1 1 1 2 1 2.0 1.2 -15.0 1.98 2.04 1.86 1.87 2.04 2.08 0.0 0.0 0.289 0.0 0.0 0.0 1 1 0 1 2 2
1967-06-04T12:30:00 1967 6 4 12 30 0 -3.7 0.04 394.0 5.75 2.28 0.9 0.0 0.0 1 1 2 1 1 1 2 1 4.0 1.63 -23.0 -0.67 -0.4 -1.23 -1.19 -0.43 -0.2 0.02 0.035 0.283 0.032 0.053 0.052 1 1 0 1 1 1
1967-06-04T13:30:00 1967 6 4 13 30 0 -2.59 -0.36 394.0 6.11 2.62 0.85 0.35 0.21 1 0 2 1 1 1 1 1 4.0 2.05 -28.0 -1.17 -0.86 -1.82 -1.77 -0.9 -0.63 0.108 0.182 0.283 0.143 0.238 0.286 0 0 0 0 0 0
1967-06-04T14:30:00 1967 6 4 14 30 0 -1.48 -0.36 394.0 6.48 2.64 0.44 0.71 0.45 1 0 2 1 0 1 1 1 4.0 2.46 -35.0 -1.17 -0.86 -1.82 -1.77 -0.9 -0.63 0.184 0.283 0.285 0.228 0.329 0.444 0 0 0 0 0 0
1967-06-04T15:30:00 1967 6 4 15 30 0 -1.06 -0.36 398.0 6.97 2.64 0.21 0.71 0.48 0 0 2 1 0 1 1 1 2.7 2.7 -40.0 -1.17 -0.86 -1.82 -1.77 -0.9 -0.63 0.239 0.34 0.287 0.281 0.368 0.545 0 0 0 0 0 0
1967-06-04T16:30:00 1967 6 4 16 30 0 -1.05 -0.36 398.0 7.53 2.64 0.16 0.72 0.52 0 0 2 1 1 1 1 1 2.7 2.94 -43.0 -1.17 -0.86 -1.82 -1.77 -0.9 -0.63 0.281 0.375 0.29 0.317 0.39 0.628 0 0 0 0 0 0
1967-06-04T17:30:00 1967 6 4 17 30 0 -1.05 -0.36 398.0 8.09 2.64 0.16 0.72 0.56 0 0 2 1 1 1 1 1 2.7 3.02 -47.0 -1.17 -0.86 -1.82 -1.77 -0.9 -0.63 0.312 0.4 0.293 0.341 0.405 0.702 0 0 0 0 0 0
1967-06-04T18:30:00 1967 6 4 18 30 0 -1.05 -0.36 397.0 8.65 2.64 0.16 0.72 0.6 0 0 2 1 1 1 1 1 3.7 3.23 -55.0 -1.17 -0.86 -1.81 -1.77 -0.9 -0.63 0.336 0.419 0.296 0.36 0.418 0.771 0 0 0 0 0 0
1967-06-04T19:30:00 1967 6 4 19 30 0 -1.05 -0.36 397.0 9.1 2.64 0.16 0.71 0.64 0 0 2 1 1 1 1 1 3.7 3.43 -63.0 -1.17 -0.86 -1.81 -1.77 -0.9 -0.63 0.356 0.434 0.299 0.374 0.428 0.834 0 0 0 0 0 0
1967-06-04T20:30:00 1967 6 4 20 30 0 -1.05 -0.36 397.0 9.1 2.64 0.16 0.71 0.65 0 0 2 1 1 1 1 1 3.7 3.4 -67.0 -1.17 -0.86 -1.81 -1.77 -0.9 -0.63 0.369 0.443 0.303 0.383 0.433 0.871 0 0 0 0 0 0
1967-06-04T21:30:00 1967 6 4 21 30 0 -1.05 -0.36 381.0 9.1 2.64 0.16 0.7 0.64 0 0 2 2 2 1 1 1 3.7 3.37 -67.0 -1.17 -0.86 -1.81 -1.77 -0.9 -0.63 0.376 0.446 0.305 0.382 0.421 0.852 0 0 0 0 0 0
1967-06-04T22:30:00 1967 6 4 22 30 0 -1.05 -0.36 381.0 9.1 2.64 0.15 0.69 0.62 0 0 2 2 2 1 1 1 3.7 3.34 -60.0 -1.17 -0.86 -1.81 -1.77 -0.9 -0.63 0.379 0.447 0.307 0.379 0.411 0.829 0 0 0 0 0 0
1967-06-04T23:30:00 1967 6 4 23 30 0 -1.05 -0.36 381.0 9.1 2.64 0.15 0.69 0.62 0 0 2 2 2 1 1 1 3.7 3.46 -57.0 -1.17 -0.86 -1.81 -1.77 -0.9 -0.63 0.381 0.448 0.309 0.377 0.408 0.819 0 0 0 0 0 0
