1967-04-02T00:30:00 1967 4 2 0 30 0 -0.15 -0.24 363.0 15.4 4.06 0.02 0.44 0.67 0 0 2 2 2 1 1 1 0.7 3.55 -20.0 -0.86 -0.66 -1.24 -1.22 -0.68 -0.49 0.383 0.488 0.294 0.288 0.393 1.346 0 0 1 0 0 0
1967-04-02T01:30:00 1967 4 2 1 30 0 -0.15 -0.24 363.0 15.4 4.06 0.02 0.44 0.67 0 0 2 2 2 1 1 1 0.7 3.28 -23.0 -0.86 -0.66 -1.24 -1.22 -0.68 -0.49 0.372 0.481 0.292 0.281 0.388 1.289 0 0 1 0 0 0
1967-04-02T02:30:00 1967 4 2 2 30 0 -0.15 -0.24 363.0 15.4 4.06 0.02 0.44 0.67 0 0 2 2 2 1 1 1 0.7 2.78 -23.0 -0.86 -0.66 -1.24 -1.22 -0.68 -0.49 0.364 0.478 0.291 0.277 0.386 1.265 0 0 1 0 0 0
1967-04-02T03:30:00 1967 4 2 3 30 0 -0.15 -0.24 355.0 11.6 2.92 0.02 0.43 0.57 0 0 2 2 2 1 1 1 1.0 2.32 -21.0 -0.86 -0.66 -1.24 -1.22 -0.68 -0.49 0.35 0.456 0.289 0.264 0.359 1.079 0 0 1 0 0 0
1967-04-02T04:30:00 1967 4 2 4 30 0 -0.16 -0.24 355.0 11.6 2.92 0.02 0.43 0.49 0 0 2 2 2 1 1 1 1.0 1.86 -17.0 -0.86 -0.66 -1.24 -1.22 -0.68 -0.49 0.336 0.435 0.286 0.251 0.34 0.928 0 0 1 0 0 0
1967-04-02T05:30:00 1967 4 2 5 30 0 -0.16 -0.24 355.0 11.6 2.92 0.02 0.43 0.49 0 0 2 2 2 1 1 1 1.0 1.54 -11.0 -0.86 -0.66 -1.24 -1.22 -0.68 -0.49 0.327 0.425 0.284 0.244 0.334 0.865 0 0 1 0 0 0
1967-04-02T06:30:00 1967 4 2 6 30 0 -0.16 -0.24 359.5 11.6 2.92 0.02 0.43 0.5 0 0 1 1 1 0 1 1 2.0 1.34 -8.0 -0.86 -0.66 -1.24 -1.22 -0.68 -0.49 0.321 0.42 0.282 0.241 0.335 0.849 0 0 1 0 0 0
1967-04-02T07:30:00 1967 4 2 7 30 0 -0.16 -0.24 364.1 11.6 2.81 0.02 0.43 0.5 0 0 1 1 1 0 1 1 2.0 1.15 -8.0 -0.86 -0.66 -1.24 -1.22 -0.68 -0.49 0.318 0.418 0.28 0.241 0.34 0.858 0 0 1 0 0 0
1967-04-02T08:30:00 1967 4 2 8 30 0 -0.15 -0.24 368.6 10.51 2.45 0.02 0.44 0.48 0 0 1 1 1 0 1 1 2.0 1.32 -11.0 -0.86 -0.66 -1.24 -1.22 -0.68 -0.49 0.314 0.411 0.278 0.24 0.34 0.833 0 0 1 0 0 0
1967-04-02T09:30:00 1967 4 2 9 30 0 -0.15 -0.24 373.2 9.18 2.1 0.02 0.45 0.44 0 0 1 1 1 0 1 1 4.0 1.74 -10.0 -0.86 -0.66 -1.24 -1.22 -0.68 -0.49 0.308 0.397 0.276 0.236 0.333 0.765 0 0 1 0 0 0
1967-04-02T10:30:00 1967 4 2 10 30 0 -0.15 -0.24 377.7 7.86 1.75 0.02 0.45 0.38 0 0 1 1 1 0 1 1 4.0 2.16 -11.0 -0.87 -0.66 -1.24 -1.22 -0.68 -0.49 0.3 0.378 0.274 0.229 0.321 0.674 0 0 0 0 0 0
1967-04-02T11:30:00 1967 4 2 11 30 0 -0.15 -0.24 382.2 6.53 1.73 0.02 0.46 0.33 0 0 1 1 0 0 1 1 4.0 2.54 -17.0 -0.87 -0.66 -1.24 -1.22 -0.68 -0.49 0.29 0.355 0.272 0.219 0.306 0.573 0 0 0 0 0 0
1967-04-02T12:30:00 1967 4 2 12 30 0 -0.15 -0.24 386.8 5.56 1.73 0.02 0.46 0.28 0 0 1 1 0 0 1 1 3.7 2.87 -15.0 -0.87 -0.66 -1.24 -1.22 -0.68 -0.49 0.278 0.331 0.27 0.209 0.292 0.48 0 0 0 0 0 0
1967-04-02T13:30:00 1967 4 2 13 30 0 -0.15 -0.24 391.3 5.07 1.73 0.02 0.47 0.25 0 0 1 1 1 0 1 1 3.7 3.2 -8.0 -0.87 -0.66 -1.24 -1.22 -0.68 -0.49 0.267 0.312 0.267 0.2 0.282 0.414 0 0 0 0 0 0
1967-04-02T14:30:00 1967 4 2 14 30 0 -0.15 -0.24 395.8 4.59 1.59 0.02 0.47 0.23 0 0 1 1 1 0 1 1 3.7 3.4 -5.0 -0.87 -0.66 -1.25 -1.22 -0.68 -0.49 0.258 0.296 0.265 0.193 0.275 0.366 0 0 0 0 0 0
1967-04-02T15:30:00 1967 4 2 15 30 0 -0.15 -0.24 400.4 4.1 1.45 0.02 0.48 0.21 0 0 1 1 1 0 1 1 3.0 3.52 -7.0 -0.87 -0.66 -1.25 -1.22 -0.68 -0.49 0.249 0.281 0.262 0.187 0.267 0.326 0 0 0 0 0 0
1967-04-02T16:30:00 1967 4 2 16 30 0 -0.14 -0.24 404.9 3.7 1.31 0.02 0.48 0.19 0 0 1 1 1 0 1 1 3.0 3.63 -11.0 -0.87 -0.66 -1.25 -1.22 -0.68 -0.49 0.24 0.268 0.26 0.181 0.261 0.291 0 0 0 0 0 0
1967-04-02T17:30:00 1967 4 2 17 30 0 -0.14 -0.24 409.5 3.7 1.27 0.02 0.49 0.18 0 0 1 1 1 0 1 1 3.0 3.5 -13.0 -0.87 -0.66 -1.25 -1.23 -0.68 -0.49 0.234 0.26 0.258 0.178 0.26 0.275 0 0 0 0 0 0
1967-04-02T18:30:00 1967 4 2 18 30 0 -0.14 -0.24 414.0 3.7 1.27 0.02 0.49 0.18 0 0 2 2 2 1 1 1 2.3 3.28 -13.0 -0.87 -0.66 -1.25 -1.23 -0.68 -0.49 0.231 0.256 0.256 0.178 0.262 0.272 0 0 0 0 0 0
1967-04-02T19:30:00 1967 4 2 19 30 0 -0.14 -0.24 414.0 3.7 1.27 0.02 0.5 0.18 0 0 2 2 2 1 1 1 2.3 3.07 -20.0 -0.87 -0.66 -1.25 -1.23 -0.68 -0.49 0.229 0.254 0.254 0.178 0.264 0.272 0 0 0 0 0 0
1967-04-02T20:30:00 1967 4 2 20 30 0 -0.14 -0.23 414.0 3.7 1.27 0.02 0.49 0.18 0 0 2 2 2 1 1 1 2.3 2.9 -26.0 -0.87 -0.66 -1.25 -1.23 -0.68 -0.49 0.227 0.253 0.252 0.178 0.265 0.272 0 0 0 0 0 0
1967-04-02T21:30:00 1967 4 2 21 30 0 -0.14 -0.23 429.0 3.9 1.44 0.02 0.49 0.18 0 0 2 2 2 1 1 1 2.0 2.68 -23.0 -0.87 -0.66 -1.25 -1.23 -0.68 -0.49 0.229 0.255 0.251 0.182 0.275 0.29 0 0 0 0 0 0
1967-04-02T22:30:00 1967 4 2 22 30 0 -0.14 -0.23 429.0 3.9 1.44 0.02 0.49 0.19 0 0 2 2 2 1 1 1 2.0 2.48 -24.0 -0.87 -0.66 -1.25 -1.23 -0.68 -0.49 0.231 0.258 0.25 0.185 0.283 0.306 0 0 0 0 0 0
1967-04-02T23:30:00 1967 4 2 23 30 0 -0.14 -0.23 429.0 3.9 1.44 0.02 0.49 0.19 0 0 2 2 2 1 1 1 2.0 2.35 -20.0 -0.87 -0.66 -1.25 -1.23 -0.68 -0.49 0.232 0.259 0.249 0.188 0.285 0.312 0 0 0 0 0 0
