1967-12-18T00:30:00 1967 12 18 0 30 0 0.3 -0.41 487.0 4.46 1.86 0.07 1.0 0.44 0 0 1 0 0 0 1 0 2.7 1.57 -18.0 -1.33 -0.98 -2.04 -1.99 -1.02 -0.72 0.391 0.368 0.311 0.433 0.487 0.617 0 0 0 0 0 0
1967-12-18T01:30:00 1967 12 18 1 30 0 0.3 -0.41 487.0 4.46 1.86 0.07 1.0 0.45 0 0 1 0 0 0 1 0 2.7 1.66 -22.0 -1.33 -0.98 -2.04 -1.99 -1.02 -0.72 0.393 0.368 0.319 0.436 0.49 0.623 0 0 0 0 0 0
1967-12-18T02:30:00 1967 12 18 2 30 0 0.3 -0.41 487.0 4.46 1.86 0.07 1.0 0.45 0 0 1 0 0 0 1 0 2.7 1.84 -20.0 -1.33 -0.98 -2.04 -1.99 -1.02 -0.72 0.394 0.368 0.327 0.437 0.49 0.625 0 0 0 0 0 0
1967-12-18T03:30:00 1967 12 18 3 30 0 0.3 -0.41 487.0 4.46 1.86 0.07 1.0 0.45 0 0 2 0 0 1 1 1 3.7 2.15 -15.0 -1.33 -0.98 -2.04 -2.0 -1.02 -0.72 0.395 0.369 0.335 0.439 0.491 0.626 0 0 0 0 0 0
1967-12-18T04:30:00 1967 12 18 4 30 0 0.3 -0.41 487.0 4.46 1.86 0.07 1.0 0.45 0 0 2 0 0 1 1 1 3.7 2.45 -9.0 -1.33 -0.98 -2.04 -2.0 -1.02 -0.72 0.396 0.369 0.342 0.44 0.491 0.626 0 0 0 0 0 0
1967-12-18T05:30:00 1967 12 18 5 30 0 0.3 -0.41 487.0 4.45 1.86 0.07 1.0 0.44 0 0 2 0 0 1 1 1 3.7 2.75 4.0 -1.33 -0.98 -2.04 -2.0 -1.02 -0.72 0.396 0.368 0.35 0.441 0.49 0.626 0 0 0 0 0 0
1967-12-18T06:30:00 1967 12 18 6 30 0 0.3 -0.41 467.0 4.45 1.86 0.07 0.98 0.43 0 0 2 0 0 1 1 1 4.0 3.09 15.0 -1.33 -0.98 -2.04 -2.0 -1.02 -0.72 0.394 0.367 0.356 0.434 0.475 0.601 0 0 0 0 0 0
1967-12-18T07:30:00 1967 12 18 7 30 0 0.3 -0.41 467.0 4.45 1.86 0.06 0.96 0.43 0 0 2 0 0 1 1 1 4.0 3.42 -14.0 -1.33 -0.98 -2.04 -2.0 -1.02 -0.72 0.39 0.366 0.361 0.428 0.464 0.58 0 0 0 0 0 0
1967-12-18T08:30:00 1967 12 18 8 30 0 0.3 -0.41 467.0 4.45 1.86 0.06 0.96 0.43 0 0 2 0 0 1 1 1 4.0 3.58 -19.0 -1.33 -0.98 -2.05 -2.0 -1.02 -0.72 0.388 0.366 0.366 0.424 0.46 0.571 0 0 0 0 0 0
1967-12-18T09:30:00 1967 12 18 9 30 0 0.3 -0.41 504.0 4.45 1.86 0.07 1.0 0.44 0 0 2 0 0 1 1 1 2.7 3.56 -16.0 -1.33 -0.98 -2.05 -2.0 -1.02 -0.72 0.392 0.367 0.373 0.434 0.488 0.613 0 0 0 0 0 0
1967-12-18T10:30:00 1967 12 18 10 30 0 0.3 -0.41 504.0 4.45 1.86 0.07 1.03 0.46 0 0 2 0 0 1 1 1 2.7 3.55 -13.0 -1.33 -0.98 -2.05 -2.0 -1.02 -0.72 0.397 0.369 0.381 0.446 0.508 0.651 0 0 0 0 0 0
1967-12-18T11:30:00 1967 12 18 11 30 0 0.3 -0.41 504.0 4.44 1.86 0.07 1.03 0.46 0 0 2 0 0 1 1 1 2.7 3.42 -22.0 -1.33 -0.98 -2.05 -2.0 -1.02 -0.73 0.4 0.37 0.388 0.452 0.515 0.668 0 0 0 0 0 0
1967-12-18T12:30:00 1967 12 18 12 30 0 0.29 -0.41 498.0 4.44 1.86 0.07 1.03 0.46 0 0 2 0 0 1 1 1 4.0 3.47 -24.0 -1.33 -0.98 -2.05 -2.0 -1.02 -0.73 0.402 0.37 0.395 0.454 0.512 0.668 0 0 0 0 0 0
1967-12-18T13:30:00 1967 12 18 13 30 0 0.29 -0.41 498.0 4.44 1.86 0.07 1.02 0.45 0 0 2 0 0 1 1 1 4.0 3.51 -20.0 -1.33 -0.98 -2.05 -2.0 -1.02 -0.73 0.402 0.369 0.402 0.454 0.509 0.664 0 0 0 0 0 0
1967-12-18T14:30:00 1967 12 18 14 30 0 0.29 -0.41 498.0 4.44 1.86 0.07 1.02 0.45 0 0 2 0 0 1 1 1 4.0 3.52 -20.0 -1.33 -0.98 -2.05 -2.0 -1.02 -0.73 0.403 0.369 0.408 0.454 0.508 0.663 0 0 0 0 0 0
1967-12-18T15:30:00 1967 12 18 15 30 0 0.29 -0.41 502.0 4.44 1.86 0.07 1.03 0.46 0 0 2 0 0 1 1 1 4.0 3.52 -34.0 -1.33 -0.98 -2.05 -2.0 -1.02 -0.73 0.404 0.37 0.415 0.455 0.511 0.668 0 0 0 0 0 0
1967-12-18T16:30:00 1967 12 18 16 30 0 0.29 -0.41 502.0 4.44 1.86 0.07 1.03 0.46 0 0 2 0 0 1 1 1 4.0 3.53 -39.0 -1.33 -0.98 -2.05 -2.01 -1.02 -0.73 0.404 0.37 0.421 0.457 0.513 0.672 0 0 0 0 0 0
1967-12-18T17:30:00 1967 12 18 17 30 0 0.29 -0.41 502.0 4.43 1.86 0.07 1.03 0.46 0 0 2 0 0 1 1 1 4.0 3.69 -38.0 -1.33 -0.98 -2.05 -2.01 -1.02 -0.73 0.405 0.37 0.427 0.459 0.514 0.673 0 0 0 0 0 0
1967-12-18T18:30:00 1967 12 18 18 30 0 0.29 -0.41 502.0 4.43 1.86 0.07 1.03 0.46 0 0 2 0 0 1 1 1 3.3 3.75 -42.0 -1.33 -0.98 -2.05 -2.01 -1.02 -0.73 0.405 0.37 0.433 0.46 0.514 0.673 0 0 0 0 0 0
1967-12-18T19:30:00 1967 12 18 19 30 0 0.29 -0.41 502.0 4.43 1.86 0.07 1.03 0.46 0 0 2 0 0 1 1 1 3.3 3.82 -40.0 -1.33 -0.99 -2.05 -2.01 -1.02 -0.73 0.405 0.37 0.439 0.46 0.514 0.673 0 0 0 0 0 0
1967-12-18T20:30:00 1967 12 18 20 30 0 0.29 -0.41 502.0 4.43 1.86 0.07 1.03 0.46 0 0 2 0 0 1 1 1 3.3 3.73 -39.0 -1.33 -0.99 -2.06 -2.01 -1.02 -0.73 0.406 0.371 0.445 0.46 0.514 0.673 0 0 0 0 0 0
1967-12-18T21:30:00 1967 12 18 21 30 0 0.29 -0.41 542.0 4.43 1.86 0.07 1.07 0.48 0 0 2 0 0 1 1 1 2.0 3.47 -35.0 -1.33 -0.99 -2.06 -2.01 -1.02 -0.73 0.411 0.373 0.453 0.474 0.546 0.727 0 0 0 0 0 0
1967-12-18T22:30:00 1967 12 18 22 30 0 0.29 -0.41 542.0 4.43 1.86 0.07 1.11 0.49 0 0 2 0 0 1 1 1 2.0 3.21 -31.0 -1.33 -0.99 -2.06 -2.01 -1.02 -0.73 0.418 0.375 0.462 0.489 0.57 0.775 0 0 0 0 0 0
1967-12-18T23:30:00 1967 12 18 23 30 0 0.28 -0.41 542.0 4.42 1.86 0.07 1.11 0.49 0 0 2 0 0 1 1 1 2.0 2.96 -25.0 -1.33 -0.99 -2.06 -2.01 -1.02 -0.73 0.422 0.376 0.471 0.497 0.577 0.794 0 0 0 0 0 0
