1967-01-11T00:30:00 1967 1 11 0 30 0 4.47 0.26 489.0 7.3 2.3 2.1 0.0 0.0 1 1 1 1 0 1 1 1 3.3 2.13 -37.0 -0.95 -0.63 -1.73 -1.67 -0.66 -0.4 0.165 0.145 0.498 0.153 0.207 0.344 0 1 1 1 1 1
1967-01-11T01:30:00 1967 1 11 1 30 0 2.56 0.21 489.0 7.06 2.31 1.09 0.0 0.0 1 0 1 1 1 1 1 1 3.3 2.34 -40.0 -1.18 -0.81 -2.08 -2.02 -0.85 -0.56 0.243 0.265 0.503 0.309 0.41 0.707 0 0 1 0 0 0
1967-01-11T02:30:00 1967 1 11 2 30 0 1.16 0.21 489.0 6.83 2.53 0.3 0.0 0.0 1 0 1 1 1 1 1 1 3.3 2.5 -35.0 -1.18 -0.81 -2.08 -2.02 -0.85 -0.56 0.302 0.331 0.509 0.411 0.486 0.862 0 0 1 0 0 0
1967-01-11T03:30:00 1967 1 11 3 30 0 1.76 0.21 489.0 6.59 2.76 0.19 0.0 0.0 1 0 1 1 1 1 1 1 2.7 2.59 -30.0 -1.19 -0.81 -2.08 -2.02 -0.85 -0.56 0.341 0.361 0.515 0.465 0.505 0.902 0 0 1 0 0 0
1967-01-11T04:30:00 1967 1 11 4 30 0 3.09 -0.09 489.0 6.4 2.99 0.63 0.04 0.03 1 1 1 1 1 1 1 1 2.7 2.67 -27.0 -1.3 -0.98 -2.09 -2.03 -1.01 -0.76 0.373 0.391 0.52 0.492 0.537 0.961 0 1 1 0 1 1
1967-01-11T05:30:00 1967 1 11 5 30 0 3.8 -1.67 489.0 6.4 3.06 1.87 2.31 1.48 1 1 1 1 1 1 1 1 2.7 2.76 -19.0 -1.93 -1.86 -2.1 -2.08 -1.87 -1.81 0.437 0.495 0.526 0.513 0.708 1.261 1 1 1 1 1 1
1967-01-11T06:30:00 1967 1 11 6 30 0 3.8 -2.1 489.0 6.4 3.06 3.08 4.65 2.98 2 2 2 2 2 2 2 2 3.0 2.88 -21.0 -2.1 -2.1 -2.1 -2.1 -2.1 -2.1 0.511 0.602 0.531 0.528 0.854 1.539 1 2 1 1 2 2
1967-01-11T07:30:00 1967 1 11 7 30 0 1.8 -1.5 489.0 6.4 3.06 2.07 4.34 2.78 2 2 2 2 2 2 2 2 3.0 3.0 -26.0 -1.5 -1.5 -1.5 -1.5 -1.5 -1.5 0.53 0.615 0.531 0.48 0.82 1.563 1 2 1 2 2 2
1967-01-11T08:30:00 1967 1 11 8 30 0 -0.8 0.9 489.0 6.4 3.06 0.22 1.0 0.64 2 2 2 2 2 2 2 2 3.0 2.96 -25.0 0.9 0.9 0.9 0.9 0.9 0.9 0.391 0.367 0.517 0.29 0.35 0.845 2 2 1 2 2 2
1967-01-11T09:30:00 1967 1 11 9 30 0 -0.8 0.7 472.0 4.8 2.14 0.02 0.0 0.0 2 2 2 2 2 2 2 2 2.0 2.79 -22.0 0.7 0.7 0.7 0.7 0.7 0.7 0.265 0.182 0.501 0.162 0.111 0.35 2 2 1 2 2 2
1967-01-11T10:30:00 1967 1 11 10 30 0 -0.75 -0.55 472.0 4.8 2.14 0.08 0.34 0.16 1 1 2 2 2 1 2 2 2.0 2.63 -20.0 -0.55 -0.55 -0.55 -0.55 -0.55 -0.55 0.204 0.152 0.487 0.105 0.147 0.311 1 1 1 2 1 1
1967-01-11T11:30:00 1967 1 11 11 30 0 -0.7 -1.8 472.0 4.8 2.14 0.55 2.9 1.39 2 2 2 2 2 2 2 2 2.0 2.54 -17.0 -1.8 -1.8 -1.8 -1.8 -1.8 -1.8 0.27 0.316 0.482 0.181 0.461 0.66 2 2 1 2 2 2
1967-01-11T12:30:00 1967 1 11 12 30 0 -0.3 -1.0 461.0 5.7 2.42 0.58 3.19 1.67 2 2 2 2 2 2 2 2 3.3 2.62 -15.0 -1.0 -1.0 -1.0 -1.0 -1.0 -1.0 0.31 0.393 0.477 0.211 0.527 0.832 2 2 1 2 2 2
1967-01-11T13:30:00 1967 1 11 13 30 0 0.5 -1.8 461.0 5.7 2.42 0.6 3.3 1.88 2 2 2 2 2 2 2 2 3.3 2.7 -7.0 -1.8 -1.8 -1.8 -1.8 -1.8 -1.8 0.362 0.473 0.474 0.262 0.623 1.006 2 2 1 2 2 2
1967-01-11T14:30:00 1967 1 11 14 30 0 0.8 -2.3 461.0 5.7 2.42 1.25 4.77 2.72 2 2 2 2 2 2 2 2 3.3 2.74 -10.0 -2.3 -2.3 -2.3 -2.3 -2.3 -2.3 0.448 0.582 0.477 0.366 0.767 1.204 2 2 1 2 2 2
1967-01-11T15:30:00 1967 1 11 15 30 0 0.4 -2.0 448.0 8.5 3.41 1.29 4.85 3.48 2 2 2 2 2 2 2 2 4.0 2.88 -14.0 -2.0 -2.0 -2.0 -2.0 -2.0 -2.0 0.524 0.677 0.482 0.44 0.85 1.576 2 2 1 2 2 2
1967-01-11T16:30:00 1967 1 11 16 30 0 -0.1 -1.8 448.0 8.5 3.41 0.96 4.24 3.6 2 2 2 2 2 2 2 2 4.0 3.01 -15.0 -1.8 -1.8 -1.8 -1.8 -1.8 -1.8 0.562 0.715 0.484 0.456 0.847 1.794 2 2 1 2 2 2
1967-01-11T17:30:00 1967 1 11 17 30 0 -0.3 -2.0 448.0 8.5 3.41 0.98 4.27 3.63 2 2 2 2 2 2 2 2 4.0 3.26 -9.0 -2.0 -2.0 -2.0 -2.0 -2.0 -2.0 0.594 0.743 0.486 0.476 0.864 1.909 2 2 1 2 2 2
1967-01-11T18:30:00 1967 1 11 18 30 0 -0.4 -2.0 445.2 8.5 3.41 1.08 4.46 3.8 2 2 1 1 1 2 2 1 3.0 3.37 -7.0 -2.0 -2.0 -2.0 -2.0 -2.0 -2.0 0.621 0.765 0.49 0.495 0.878 1.964 2 1 1 2 1 1
1967-01-11T19:30:00 1967 1 11 19 30 0 1.3 -1.8 442.5 8.5 3.3 1.03 4.2 3.57 2 2 1 1 1 2 2 1 3.0 3.49 -14.0 -1.8 -1.8 -1.8 -1.8 -1.8 -1.8 0.626 0.758 0.491 0.484 0.846 1.927 1 1 1 1 1 1
1967-01-11T20:30:00 1967 1 11 20 30 0 1.9 -1.0 439.8 8.29 2.96 0.89 3.01 2.53 2 2 1 1 1 2 2 1 3.0 3.44 -28.0 -1.0 -1.0 -1.0 -1.0 -1.0 -1.0 0.57 0.663 0.486 0.396 0.687 1.663 1 1 1 1 1 1
1967-01-11T21:30:00 1967 1 11 21 30 0 1.7 -0.6 437.0 8.04 2.63 0.59 1.72 1.4 2 2 1 1 1 2 2 1 3.0 3.4 -31.0 -0.6 -0.6 -0.6 -0.6 -0.6 -0.6 0.475 0.525 0.476 0.282 0.5 1.305 1 1 1 1 1 1
1967-01-11T22:30:00 1967 1 11 22 30 0 1.7 -2.4 434.2 7.78 2.29 1.12 3.43 2.7 2 2 1 1 1 2 2 1 3.0 3.36 -32.0 -2.4 -2.4 -2.4 -2.4 -2.4 -2.4 0.509 0.615 0.475 0.348 0.692 1.487 1 1 1 1 1 1
1967-01-11T23:30:00 1967 1 11 23 30 0 1.7 -2.1 431.5 7.53 2.27 1.7 4.84 3.7 2 2 1 1 0 2 2 1 3.0 3.24 -35.0 -2.1 -2.1 -2.1 -2.1 -2.1 -2.1 0.568 0.704 0.479 0.432 0.803 1.606 1 1 1 1 1 1
