1967-02-05T00:30:00 1967 2 5 0 30 0 -2.6 -5.4 410.0 6.4 2.15 8.88 12.4 7.58 2 2 2 2 2 2 2 2 4.7 3.53 -29.0 -5.4 -5.4 -5.4 -5.4 -5.4 -5.4 1.055 1.232 0.285 1.378 1.387 1.747 2 2 2 2 2 2
1967-02-05T01:30:00 1967 2 5 1 30 0 -4.5 -5.7 436.0 7.2 2.74 8.87 11.8 8.07 2 2 2 2 2 2 2 2 4.7 3.71 -24.0 -5.7 -5.7 -5.7 -5.7 -5.7 -5.7 1.193 1.327 0.335 1.523 1.504 2.144 2 2 2 2 2 2
1967-02-05T02:30:00 1967 2 5 2 30 0 -3.5 -0.2 436.0 8.5 3.23 4.38 5.93 4.56 2 2 2 2 2 2 2 2 4.7 3.96 -22.0 -0.2 -0.2 -0.2 -0.2 -0.2 -0.2 1.016 1.003 0.346 1.093 0.95 1.768 2 2 2 2 2 2
1967-02-05T03:30:00 1967 2 5 3 30 0 -3.3 -5.2 400.0 13.5 4.32 3.84 5.98 7.11 2 2 2 2 2 2 2 2 3.0 3.98 -16.0 -5.2 -5.2 -5.2 -5.2 -5.2 -5.2 1.065 1.169 0.37 1.129 1.229 2.786 2 2 2 2 2 2
1967-02-05T04:30:00 1967 2 5 4 30 0 -2.9 -4.6 393.0 14.0 4.32 6.39 9.66 13.3 2 2 2 2 2 2 2 2 3.0 4.0 -16.0 -4.6 -4.6 -4.6 -4.6 -4.6 -4.6 1.237 1.452 0.412 1.378 1.496 3.767 2 2 2 2 2 2
1967-02-05T05:30:00 1967 2 5 5 30 0 3.9 1.4 395.0 16.0 4.99 1.38 3.1 4.52 2 2 2 2 2 2 2 2 3.0 3.87 -17.0 1.4 1.4 1.4 1.4 1.4 1.4 0.968 0.962 0.41 0.901 0.735 2.397 2 2 2 2 2 2
1967-02-05T06:30:00 1967 2 5 6 30 0 3.7 1.3 383.0 15.3 4.49 0.69 0.0 0.0 2 2 2 2 2 2 2 2 2.3 3.65 -13.0 1.3 1.3 1.3 1.3 1.3 1.3 0.655 0.478 0.397 0.504 0.233 0.994 2 2 2 2 2 2
1967-02-05T07:30:00 1967 2 5 7 30 0 -2.5 0.5 388.0 13.9 4.19 0.15 0.0 0.0 2 2 2 2 2 2 2 2 2.3 3.43 -9.0 0.5 0.5 0.5 0.5 0.5 0.5 0.444 0.237 0.385 0.282 0.074 0.412 2 2 2 2 2 2
1967-02-05T08:30:00 1967 2 5 8 30 0 -6.9 2.1 386.0 13.1 3.9 1.27 0.0 0.0 2 2 2 2 2 2 2 2 2.3 3.14 -8.0 2.1 2.1 2.1 2.1 2.1 2.1 0.3 0.118 0.373 0.158 0.023 0.171 2 2 2 2 2 2
1967-02-05T09:30:00 1967 2 5 9 30 0 -5.1 2.1 388.0 14.2 4.28 1.6 0.0 0.0 2 2 2 2 2 2 2 2 2.0 2.8 -4.0 2.1 2.1 2.1 2.1 2.1 2.1 0.203 0.058 0.362 0.089 0.007 0.071 2 2 2 2 2 2
1967-02-05T10:30:00 1967 2 5 10 30 0 -5.8 2.5 414.0 13.8 4.73 1.31 0.0 0.0 2 2 2 2 2 2 2 2 2.0 2.48 -2.0 2.5 2.5 2.5 2.5 2.5 2.5 0.138 0.029 0.351 0.05 0.002 0.029 2 2 2 2 2 2
1967-02-05T11:30:00 1967 2 5 11 30 0 -1.9 7.2 409.0 12.4 4.15 0.39 0.0 0.0 2 2 2 2 2 2 2 2 2.0 2.35 1.0 7.2 7.2 7.2 7.2 7.2 7.2 0.093 0.014 0.34 0.028 0.001 0.012 2 2 2 2 2 2
1967-02-05T12:30:00 1967 2 5 12 30 0 -1.9 -1.1 394.0 14.9 4.63 0.17 0.25 0.37 2 2 2 2 2 2 2 2 3.3 2.4 2.0 -1.1 -1.1 -1.1 -1.1 -1.1 -1.1 0.105 0.114 0.332 0.051 0.151 0.446 2 2 2 2 2 2
1967-02-05T13:30:00 1967 2 5 13 30 0 2.1 8.8 371.0 8.7 2.39 0.03 0.04 0.06 2 2 2 2 2 2 2 2 3.3 2.45 -6.0 8.8 8.8 8.8 8.8 8.8 8.8 0.071 0.057 0.322 0.028 0.048 0.185 2 2 2 2 2 2
1967-02-05T14:30:00 1967 2 5 14 30 0 -0.3 -3.6 394.0 7.4 2.3 0.43 1.34 1.0 2 2 2 2 2 2 2 2 3.3 2.58 -6.0 -3.6 -3.6 -3.6 -3.6 -3.6 -3.6 0.153 0.239 0.319 0.145 0.321 0.509 2 2 2 2 2 2
1967-02-05T15:30:00 1967 2 5 15 30 0 0.3 -2.7 392.0 5.9 1.81 2.23 6.12 4.05 2 2 2 2 2 2 2 2 3.7 2.76 -11.0 -2.7 -2.7 -2.7 -2.7 -2.7 -2.7 0.357 0.563 0.331 0.374 0.674 0.947 2 2 2 2 2 2
1967-02-05T16:30:00 1967 2 5 16 30 0 6.1 8.2 396.0 9.0 2.82 0.43 0.44 0.27 2 2 2 2 2 2 2 2 3.7 2.93 -14.0 8.2 8.2 8.2 8.2 8.2 8.2 0.242 0.28 0.32 0.209 0.213 0.393 2 2 2 2 2 2
1967-02-05T17:30:00 1967 2 5 17 30 0 4.8 7.2 405.0 11.3 3.71 0.49 0.0 0.0 2 2 2 2 2 2 2 2 3.7 3.14 -7.0 7.2 7.2 7.2 7.2 7.2 7.2 0.164 0.139 0.311 0.117 0.068 0.163 2 2 2 2 2 2
1967-02-05T18:30:00 1967 2 5 18 30 0 6.9 7.4 414.0 8.1 2.78 0.7 0.0 0.0 2 2 2 2 2 2 2 2 1.7 3.09 -7.0 7.4 7.4 7.4 7.4 7.4 7.4 0.111 0.069 0.301 0.066 0.021 0.068 2 2 2 2 2 2
1967-02-05T19:30:00 1967 2 5 19 30 0 7.4 4.8 413.0 4.8 1.64 1.41 0.0 0.0 2 2 2 2 2 2 2 2 1.7 3.03 -7.0 4.8 4.8 4.8 4.8 4.8 4.8 0.075 0.034 0.292 0.037 0.007 0.028 2 2 2 2 2 2
1967-02-05T20:30:00 1967 2 5 20 30 0 9.0 2.4 409.0 2.7 0.9 2.91 0.0 0.0 2 2 2 2 2 2 2 2 1.7 2.83 -13.0 2.4 2.4 2.4 2.4 2.4 2.4 0.051 0.017 0.283 0.021 0.002 0.012 2 2 2 2 2 2
1967-02-05T21:30:00 1967 2 5 21 30 0 5.8 4.2 466.0 2.6 1.13 2.36 0.0 0.0 2 2 2 2 2 2 2 2 1.0 2.53 -13.0 4.2 4.2 4.2 4.2 4.2 4.2 0.034 0.008 0.274 0.012 0.001 0.005 2 2 2 2 2 2
1967-02-05T22:30:00 1967 2 5 22 30 0 3.3 5.6 482.0 2.7 1.25 0.56 0.0 0.0 2 2 2 2 2 2 2 2 1.0 2.24 -12.0 5.6 5.6 5.6 5.6 5.6 5.6 0.023 0.004 0.266 0.006 0.0 0.002 2 2 2 2 2 2
1967-02-05T23:30:00 1967 2 5 23 30 0 3.4 3.9 452.0 2.8 1.14 0.24 0.0 0.0 2 2 2 2 2 2 2 2 1.0 1.91 -12.0 3.9 3.9 3.9 3.9 3.9 3.9 0.016 0.002 0.258 0.004 0.0 0.001 2 2 2 2 2 2
