1967-02-14T00:30:00 1967 2 14 0 30 0 -3.6 -3.12 342.0 2.8 0.65 3.75 5.99 1.71 1 1 2 2 2 1 2 2 1.7 1.74 -21.0 -3.34 -3.29 -3.45 -3.44 -3.3 -3.26 0.651 0.7 0.218 0.571 0.57 0.373 2 2 2 2 1 1
1967-02-14T01:30:00 1967 2 14 1 30 0 -2.95 -0.22 339.5 3.7 0.84 1.64 2.64 0.83 1 1 1 1 1 1 1 1 1.7 1.7 -19.0 -1.28 -1.04 -1.78 -1.75 -1.06 -0.87 0.562 0.57 0.22 0.453 0.417 0.316 2 1 2 1 1 1
1967-02-14T02:30:00 1967 2 14 2 30 0 -1.74 0.33 337.0 4.6 1.04 0.37 0.06 0.02 1 0 2 2 2 1 1 1 1.7 1.7 -18.0 -0.89 -0.61 -1.47 -1.43 -0.64 -0.41 0.455 0.425 0.218 0.34 0.282 0.256 1 1 2 1 1 1
1967-02-14T03:30:00 1967 2 14 3 30 0 -0.54 0.33 337.4 4.6 1.04 0.06 0.0 0.0 1 0 1 1 1 1 1 1 1.0 1.61 -19.0 -0.89 -0.61 -1.47 -1.43 -0.64 -0.41 0.377 0.339 0.216 0.271 0.226 0.224 1 1 2 1 0 0
1967-02-14T04:30:00 1967 2 14 4 30 0 -0.08 0.33 337.7 4.6 1.12 0.0 0.0 0.0 0 0 1 1 1 0 1 1 1.0 1.52 -20.0 -0.89 -0.61 -1.47 -1.43 -0.64 -0.41 0.323 0.297 0.215 0.233 0.209 0.21 1 0 2 0 0 0
1967-02-14T05:30:00 1967 2 14 5 30 0 -0.08 0.33 338.1 4.87 1.39 0.0 0.0 0.0 0 0 1 1 1 0 1 1 1.0 1.43 -19.0 -0.89 -0.61 -1.47 -1.43 -0.64 -0.41 0.288 0.278 0.213 0.212 0.206 0.211 1 0 2 0 0 0
1967-02-14T06:30:00 1967 2 14 6 30 0 -0.08 0.33 338.5 5.2 1.65 0.0 0.0 0.0 0 0 1 1 1 0 1 1 1.0 1.34 -17.0 -0.89 -0.61 -1.47 -1.43 -0.64 -0.41 0.266 0.272 0.212 0.204 0.209 0.223 0 0 2 0 0 0
1967-02-14T07:30:00 1967 2 14 7 30 0 -0.08 0.33 338.8 5.52 1.92 0.0 0.0 0.0 0 0 1 1 1 0 1 1 1.0 1.25 -17.0 -0.89 -0.61 -1.46 -1.43 -0.64 -0.41 0.253 0.274 0.211 0.201 0.213 0.239 0 0 2 0 0 0
1967-02-14T08:30:00 1967 2 14 8 30 0 -0.09 0.33 339.2 5.85 1.93 0.0 0.0 0.0 0 0 1 1 0 0 1 1 1.0 1.17 -19.0 -0.89 -0.61 -1.46 -1.43 -0.64 -0.41 0.246 0.278 0.21 0.202 0.219 0.257 0 0 2 0 0 0
1967-02-14T09:30:00 1967 2 14 9 30 0 -0.09 0.33 339.6 6.03 1.93 0.0 0.0 0.0 0 0 1 0 0 0 1 0 1.3 1.12 -17.0 -0.89 -0.61 -1.46 -1.43 -0.64 -0.41 0.243 0.283 0.209 0.204 0.223 0.274 0 0 2 0 0 0
1967-02-14T10:30:00 1967 2 14 10 30 0 -0.09 0.33 339.9 6.03 1.93 0.0 0.0 0.0 0 0 1 0 0 0 1 0 1.3 1.08 -14.0 -0.89 -0.61 -1.46 -1.43 -0.64 -0.41 0.24 0.286 0.208 0.205 0.225 0.283 0 0 1 0 0 0
1967-02-14T11:30:00 1967 2 14 11 30 0 -0.09 0.33 340.3 6.02 1.93 0.0 0.0 0.0 0 0 1 0 0 0 1 0 1.3 1.12 -14.0 -0.89 -0.61 -1.46 -1.43 -0.64 -0.41 0.239 0.287 0.207 0.206 0.226 0.287 0 0 1 0 0 0
1967-02-14T12:30:00 1967 2 14 12 30 0 -0.09 0.33 340.7 6.02 1.93 0.0 0.0 0.0 0 0 1 0 0 0 1 0 1.3 1.15 -14.0 -0.89 -0.61 -1.46 -1.43 -0.64 -0.41 0.238 0.288 0.207 0.207 0.227 0.289 0 0 1 0 0 0
1967-02-14T13:30:00 1967 2 14 13 30 0 -0.09 0.33 341.1 6.02 1.93 0.0 0.0 0.0 0 0 1 0 0 0 1 0 1.3 1.19 -17.0 -0.89 -0.61 -1.46 -1.43 -0.64 -0.41 0.238 0.288 0.206 0.208 0.227 0.29 0 0 1 0 0 0
1967-02-14T14:30:00 1967 2 14 14 30 0 -0.09 0.32 341.4 6.02 1.93 0.0 0.0 0.0 0 0 1 0 0 0 1 0 1.3 1.23 -15.0 -0.89 -0.61 -1.46 -1.43 -0.64 -0.41 0.237 0.289 0.205 0.208 0.228 0.291 0 0 1 0 0 0
1967-02-14T15:30:00 1967 2 14 15 30 0 -0.1 0.32 341.8 5.94 1.93 0.0 0.0 0.0 0 0 1 1 0 0 1 1 0.0 1.09 -12.0 -0.89 -0.61 -1.46 -1.43 -0.64 -0.41 0.237 0.288 0.204 0.208 0.227 0.29 0 0 1 0 0 0
1967-02-14T16:30:00 1967 2 14 16 30 0 -0.1 0.32 342.2 5.8 1.92 0.0 0.0 0.0 0 0 1 1 1 0 1 1 0.0 0.96 -11.0 -0.89 -0.61 -1.46 -1.43 -0.64 -0.41 0.236 0.287 0.204 0.207 0.226 0.285 0 0 1 0 0 0
1967-02-14T17:30:00 1967 2 14 17 30 0 -0.1 0.32 342.5 5.66 1.73 0.0 0.0 0.0 0 0 1 1 1 0 1 1 0.0 0.8 -12.0 -0.89 -0.61 -1.46 -1.43 -0.64 -0.41 0.235 0.284 0.203 0.206 0.225 0.279 0 0 1 0 0 0
1967-02-14T18:30:00 1967 2 14 18 30 0 -0.1 0.32 342.9 5.52 1.54 0.0 0.0 0.0 0 0 1 1 1 0 1 1 1.3 0.8 -9.0 -0.89 -0.61 -1.46 -1.43 -0.64 -0.41 0.234 0.282 0.202 0.205 0.223 0.271 0 0 1 0 0 0
1967-02-14T19:30:00 1967 2 14 19 30 0 -0.1 0.32 343.3 5.4 1.34 0.0 0.0 0.0 0 0 1 1 1 0 1 1 1.3 0.81 -12.0 -0.89 -0.61 -1.46 -1.43 -0.64 -0.41 0.232 0.279 0.202 0.203 0.221 0.264 0 0 1 0 0 0
1967-02-14T20:30:00 1967 2 14 20 30 0 -0.1 0.32 343.6 5.4 1.28 0.0 0.0 0.0 0 0 1 1 1 0 1 1 1.3 0.82 -14.0 -0.88 -0.61 -1.46 -1.43 -0.64 -0.41 0.23 0.277 0.201 0.202 0.22 0.26 0 0 1 0 0 0
1967-02-14T21:30:00 1967 2 14 21 30 0 -0.1 0.32 344.0 5.4 1.28 0.0 0.0 0.0 0 0 2 2 2 1 1 1 1.3 0.82 -14.0 -0.88 -0.61 -1.46 -1.43 -0.64 -0.41 0.229 0.276 0.2 0.202 0.22 0.259 0 0 1 0 0 0
1967-02-14T22:30:00 1967 2 14 22 30 0 -0.11 0.32 344.0 5.4 1.28 0.0 0.0 0.0 0 0 2 2 2 1 1 1 1.3 0.83 -13.0 -0.88 -0.61 -1.46 -1.42 -0.64 -0.41 0.228 0.276 0.2 0.201 0.221 0.259 0 0 1 0 0 0
1967-02-14T23:30:00 1967 2 14 23 30 0 -0.11 0.32 344.0 5.4 1.28 0.0 0.0 0.0 0 0 2 2 2 1 1 1 1.3 0.99 -12.0 -0.88 -0.61 -1.46 -1.42 -0.64 -0.41 0.227 0.275 0.199 0.2 0.221 0.258 0 0 1 0 0 0
