1.500000000000000 659999.999999999883585
1.300000000000000 659999.999999999883585
1.200000000000000 659999.999999999883585
1.000000000000000 659999.999999999883585
1.100000000000000 659999.999999999883585
1.600000000000001 659999.999999999883585
1.400000000000000 659999.999999999883585
1.700000000000001 659999.999999999883585
1.800000000000001 659999.999999999883585
1.900000000000001 659999.999999999883585
2.000000000000001 659999.999999999883585
2.100000000000001 659999.999999999883585
2.200000000000001 659999.999999999883585
2.400000000000001 659999.999999999883585
2.300000000000001 659999.999999999883585
2.500000000000001 659999.999999999883585
2.900000000000002 -0.054287093576022
2.700000000000002 -0.036586590290710
3.000000000000002 -0.073274722733885
2.800000000000002 -0.112668578555741
3.100000000000002 -0.131568047656572
3.200000000000002 -0.124235192178190
2.600000000000001 -0.129391898884279
3.300000000000002 -0.127650425518766
3.500000000000002 -0.156601675094237
3.600000000000002 -0.139388626951842
3.900000000000003 -0.152425371435783
3.700000000000002 -0.129871199483489
3.400000000000002 -0.170333784144105
4.100000000000002 -0.103507802773350
3.800000000000002 -0.181295914103430
4.000000000000003 -0.159250781894826
4.200000000000002 -0.107906509061451
4.300000000000002 -0.103904122372711
4.400000000000001 -0.119080715688114
4.500000000000001 -0.124909855792055
4.600000000000001 -0.084966103575113
4.700000000000000 -0.084477294048924
4.800000000000000 -0.086770365204103
4.899999999999999 -0.058163011917856
4.999999999999999 -0.028838697030409
5.099999999999999 -0.004416870336144
5.199999999999998 -0.048930291018934
5.399999999999998 -0.032394796178892
5.299999999999998 -0.045905682011238
5.599999999999997 -0.061337557522023
5.499999999999997 -0.048836606847402
5.699999999999997 -0.062737054928874
5.799999999999996 -0.047394355373598
5.899999999999996 -0.037399915253644
5.999999999999996 -0.062602696271341
6.099999999999995 -0.043468162314042
6.199999999999995 -0.076044278518594
6.299999999999994 -0.061043532095795
6.399999999999994 -0.081877369328964
6.499999999999994 -0.069918372958000
6.799999999999993 -0.080408418323685
6.599999999999993 -0.060990303474284
6.899999999999992 -0.081065211343656
6.699999999999993 -0.061300447029566
6.999999999999992 -0.068550916765275
7.099999999999992 -0.041881984103043
7.199999999999991 -0.062710379111763
7.299999999999991 -0.089879996689746
7.399999999999991 -0.062431890057724
7.499999999999990 -0.086063356885546
7.599999999999990 -0.092373808424639
7.799999999999989 -0.075049215375600
7.699999999999990 -0.085300987606729
7.899999999999989 -0.063826406915268
8.099999999999989 -0.073463575933630
8.299999999999988 -0.058210385578406
8.199999999999989 -0.086191098791488
7.999999999999988 -0.072034245413022
8.499999999999988 -0.050650651406414
8.399999999999988 -0.064077829353693
8.599999999999987 -0.043711687336412
8.699999999999987 -0.099701420985809
8.799999999999986 -0.044941562915568
9.099999999999985 -0.082567527748267
8.899999999999986 -0.075492464812754
9.199999999999985 -0.092147808228304
8.999999999999986 -0.075819091360785
9.299999999999985 -0.095696100466114
9.499999999999984 -0.079622703186288
9.399999999999984 -0.073163636749030
9.599999999999984 -0.067980821949476
9.699999999999983 -0.071029095494168
9.899999999999983 -0.079767534266750
10.099999999999982 -0.044413971256319
9.799999999999983 -0.084089994700776
10.199999999999982 -0.054044427244548
10.299999999999981 -0.050672429008358
9.999999999999982 -0.074552603113176
10.399999999999981 -0.081045086641751
10.499999999999980 -0.053591632731553
10.599999999999980 -0.080215939668449
10.899999999999979 -0.057302762179745
11.099999999999978 -0.061675529305916
10.799999999999979 -0.018312740124315
10.699999999999980 -0.055352928196584
11.199999999999978 -0.050782841398700
10.999999999999979 -0.056073293119852
11.299999999999978 -0.062122480315452
11.399999999999977 -0.064985268011242
11.499999999999977 -0.060080950436969
11.599999999999977 -0.036567305361501
11.699999999999976 -0.057756700044820
11.799999999999976 -0.032613885814214
12.099999999999975 -0.059045431832772
11.899999999999975 -0.056119053493120
12.199999999999974 -0.056670380921275
11.999999999999975 -0.058701044913789
12.299999999999974 -0.067416872351345
12.399999999999974 -0.026761499416494
12.499999999999973 -0.028257610296123
12.699999999999973 -0.029200540119234
12.799999999999972 -0.024959883315745
12.599999999999973 -0.053991803206088
12.899999999999972 -0.030136314066453
12.999999999999972 -0.025036961126546
13.199999999999971 -0.028713139688108
13.299999999999971 -0.023525977344008
13.099999999999971 -0.071076842633744
13.399999999999970 -0.028759282955093
13.499999999999970 -0.013452753666598
13.699999999999969 -0.027447654282753
13.599999999999969 -0.030554212315792
13.899999999999968 -0.031741017192388
13.999999999999968 -0.017952545583455
14.199999999999967 -0.025983896811965
14.099999999999968 -0.009424481728360
13.799999999999969 -0.030171453246908
14.399999999999967 -0.020936754552281
14.499999999999966 -0.025102889278372
14.299999999999967 -0.019777926851816
14.599999999999966 -0.010310588294260
14.699999999999966 -0.033480604066938
14.899999999999965 -0.013537536691643
14.799999999999965 -0.021426694729598
15.099999999999964 -0.011124244547744
14.999999999999964 -0.019037122367394
15.199999999999964 -0.015117145490962
15.299999999999963 -0.033274025401653
15.499999999999963 -0.029306690763065
15.599999999999962 -0.023672940852038
15.399999999999963 -0.025078599108497
15.699999999999962 -0.019598501133089
15.799999999999962 -0.019314091481704
15.999999999999961 -0.024157119771218
15.899999999999961 -0.010100446612427
16.099999999999962 -0.013067986071036
16.299999999999965 -0.015907801476089
16.499999999999968 -0.013038992374703
16.199999999999964 -0.021981670439430
16.399999999999967 -0.039916865457457
16.599999999999969 -0.018231882759068
16.699999999999971 -0.020006341117096
16.799999999999972 -0.023576720664664
16.899999999999974 -0.015216004367602
16.999999999999975 -0.029578618665482
17.099999999999977 -0.024820201982578
17.399999999999981 -0.031240198516969
17.299999999999979 -0.009837079240071
17.499999999999982 -0.017794893292233
17.199999999999978 -0.018373332544286
17.799999999999986 -0.040791155608844
17.899999999999988 -0.025283675331167
17.599999999999984 -0.022808597144319
17.999999999999989 -0.016656000401127
17.699999999999985 -0.027962980642116
18.099999999999991 -0.017797127238595
18.299999999999994 -0.017743174840490
18.199999999999992 -0.030774704651293
18.399999999999995 0.007859502293428
18.499999999999996 0.004597468450385
18.599999999999998 0.000651855813771
18.699999999999999 0.010140101913692
18.800000000000001 0.004350149485077
18.900000000000002 -0.009818036872389
19.000000000000004 0.008256496997205
19.100000000000005 0.007235295118591
19.200000000000006 0.014628215083690
19.300000000000008 0.017468650348462
19.500000000000011 0.003042848462087
19.600000000000012 0.013821329858388
19.700000000000014 0.017165577403944
19.400000000000009 0.009967044167780
19.800000000000015 0.017526669537915
19.900000000000016 -0.007110322375325
20.000000000000018 0.008664916606449
20.100000000000019 -0.002170275692492
20.200000000000021 -0.005002960357103
20.400000000000023 -0.009656872279606
20.600000000000026 0.012057354759065
20.300000000000022 0.014043569862565
20.500000000000025 0.003277993432249
20.700000000000028 -0.000519404608212
20.800000000000029 0.013328290382475
20.900000000000031 0.017548200048623
21.000000000000032 0.002209594551772
21.200000000000035 0.018565539772197
21.100000000000033 -0.002388487452265
21.300000000000036 0.009858272242980
21.500000000000039 0.002292091849654
21.600000000000041 0.001572964958285
21.700000000000042 0.008800896633687
21.800000000000043 0.005476949649363
21.400000000000038 0.008239810078692
22.000000000000046 0.009504238462910
21.900000000000045 0.008106326454538
22.100000000000048 0.009043369431083
22.300000000000050 0.022702208557490
22.500000000000053 0.015450249080118
22.400000000000052 0.039630214843100
22.200000000000049 0.002899301598802
22.600000000000055 0.019210289714522
22.800000000000058 0.031520531607043
22.700000000000056 0.016962917026575
22.900000000000059 0.034642034396626
23.100000000000062 0.028628201587111
23.000000000000060 0.029708906801318
23.200000000000063 0.013424125278050
23.300000000000065 0.022850572722888
23.400000000000066 0.026784004791836
23.600000000000069 0.040579574456245
23.700000000000070 0.032545698136488
23.500000000000068 0.015180370027679
23.800000000000072 0.010157119145759
24.000000000000075 0.034720764752194
24.100000000000076 0.025664207470300
23.900000000000073 0.030494071623366
24.200000000000077 0.016848180806051
24.300000000000079 0.022386768705474
24.400000000000080 0.032942001215730
24.600000000000083 0.006428398524605
24.700000000000085 0.028184482037119
24.500000000000082 0.013893125228037
24.800000000000086 0.019015372565434
24.900000000000087 0.018911971455537
25.000000000000089 0.030117735416724
25.100000000000090 0.019379421178911
25.300000000000093 0.031648590059774
25.200000000000092 0.032493446155968
25.400000000000095 0.015706452316522
25.500000000000096 0.008157477804360
25.700000000000099 0.015472638104086
25.600000000000097 0.010703988539973
25.800000000000100 0.019170405174407
25.900000000000102 0.018060512996243
26.000000000000103 0.034421050010280
26.200000000000106 0.032236713209954
26.100000000000104 0.017611737845868
26.400000000000109 0.032411797157295
26.300000000000107 0.032050442566600
26.600000000000112 0.031304225611706
26.500000000000110 0.019001697992849
26.700000000000113 0.017928153095426
26.800000000000114 0.023684692607162
27.000000000000117 0.025687684068743
26.900000000000116 0.028957958786435
27.100000000000119 0.030520506832943
27.500000000000124 0.008873179258018
27.400000000000123 0.026621949089645
27.300000000000122 0.014974813744573
27.600000000000126 0.013943622256818
27.200000000000120 0.006857125800508
27.700000000000127 0.019608473156296
27.900000000000130 0.013335882087517
27.800000000000129 0.013803060117112
28.000000000000131 0.015173228540277
28.200000000000134 0.014566647532632
28.300000000000136 0.026483145632028
28.100000000000133 0.016899435273388
28.400000000000137 0.014510924462030
28.500000000000139 0.017735913626638
28.600000000000140 0.021520980642009
28.800000000000143 0.015274812792399
28.700000000000141 0.024809422427552
28.900000000000144 0.015027911448584
29.000000000000146 0.028909304727875
29.100000000000147 0.021393424809446
29.200000000000149 0.021890303703032
29.300000000000150 0.011898707708013
29.400000000000151 0.025979414353117
29.500000000000153 0.024154323963188
29.600000000000154 0.062041511394995
29.800000000000157 0.058634226629550
29.900000000000158 -0.008898586223438
29.700000000000156 0.061276023544110
30.000000000000160 -0.002250002584248
30.100000000000161 0.057009366383198
30.300000000000164 -0.003366204026634
30.200000000000163 -0.007090607656579
30.400000000000166 0.054643907265728
30.500000000000167 0.048916178752023
30.600000000000168 0.049298223103733
30.700000000000170 0.054757707346198
30.800000000000171 0.059631629500956
30.900000000000173 0.050577818822006
31.000000000000174 0.050295665765532
31.200000000000177 0.043331983690109
31.100000000000176 0.046133238651436
31.400000000000180 0.051064819217572
31.500000000000181 0.050418079311498
31.300000000000178 0.043012947070764
31.600000000000183 0.041459263400156
31.700000000000184 0.042200652838886
31.800000000000185 -0.017482151282167
31.900000000000187 -0.017997448331641
32.100000000000186 0.046460524316672
32.200000000000188 -0.017278378905417
32.000000000000185 0.042534054234267
32.400000000000190 -0.016701018168419
32.300000000000189 -0.017526103590626
32.500000000000192 -0.027328225282730
32.600000000000193 -0.017802635010611
32.700000000000195 -0.018453316741329
32.800000000000196 -0.021012488637950
32.900000000000198 -0.023545696592464
33.100000000000200 -0.023738192034273
33.200000000000202 -0.018613378482968
33.300000000000203 0.010945885442482
33.000000000000199 -0.013429653122898
33.400000000000205 0.008217612279537
33.500000000000206 0.012094219403735
33.600000000000207 -0.013235209816997
33.700000000000209 -0.012348101829929
33.800000000000210 -0.016348011477874
33.900000000000212 0.015531294739191
34.000000000000213 0.001714460395874
34.100000000000215 0.013393044007159
34.400000000000219 -0.015869796676782
34.200000000000216 -0.007955882797006
34.500000000000220 0.002660228748397
34.300000000000217 0.004477013781923
34.600000000000222 0.018795355050116
34.800000000000225 -0.009346530926990
34.700000000000223 -0.008911696713909
34.900000000000226 -0.011734295046750
35.000000000000227 0.007083048281231
35.100000000000229 -0.014332908371273
35.200000000000230 0.008741719437211
35.400000000000233 0.005737173935927
35.300000000000232 -0.008103062487663
35.600000000000236 0.005729695828904
35.500000000000234 -0.010425253282875
35.700000000000237 -0.017258723072899
35.800000000000239 0.003581993368584
35.900000000000240 -0.001017814366122
36.100000000000243 -0.006354711867829
36.000000000000242 -0.035973262857425
36.200000000000244 0.003139574200617
36.400000000000247 -0.016820111792271
36.300000000000246 -0.000305670955214
36.600000000000250 -0.037933416408009
36.500000000000249 0.001638670976689
36.700000000000252 -0.020845761206090
36.800000000000253 0.018622557540482
36.900000000000254 -0.012959544104518
37.000000000000256 -0.009064496087063
37.100000000000257 -0.001812950767288
37.300000000000260 -0.021492507240595
37.200000000000259 -0.007934738288640
37.600000000000264 -0.038575823069209
37.400000000000261 0.017589331235968
37.500000000000263 -0.023289137107696
37.700000000000266 -0.007054502315640
37.800000000000267 -0.015800514763242
37.900000000000269 0.002693222711514
38.000000000000270 -0.016264613833528
38.200000000000273 0.002035009671886
38.300000000000274 -0.005216300813515
38.400000000000276 -0.029076585938981
38.100000000000271 -0.005360605204174
38.500000000000277 -0.019296034725613
38.800000000000281 -0.010593664967473
38.600000000000279 -0.009809228007640
38.700000000000280 0.001842984165279
38.900000000000283 -0.018191998307771
39.000000000000284 -0.018335066087616
39.100000000000286 -0.014483625854211
39.200000000000287 -0.003667277326258
39.400000000000290 -0.005648979595207
39.500000000000291 -0.006416986053637
39.300000000000288 -0.001934236770751
39.600000000000293 0.003031333761783
39.700000000000294 -0.000219961471259
39.900000000000297 -0.002563658707544
39.800000000000296 -0.007204751284462
40.100000000000300 -0.006116256923150
40.200000000000301 -0.010748998757748
40.300000000000303 -0.009171359138804
40.400000000000304 -0.001489873735494
40.000000000000298 0.001475090893877
40.500000000000306 -0.006804340557665
40.700000000000308 -0.000672871802720
40.600000000000307 0.001409875771685
40.800000000000310 -0.009448868709683
40.900000000000311 -0.004155208888079
41.000000000000313 -0.005559199234284
41.200000000000315 -0.004975142164909
41.100000000000314 -0.003788134339544
41.400000000000318 -0.010059274568874
41.600000000000321 -0.002771303986293
41.300000000000317 -0.002910511920362
41.500000000000320 -0.008752142921509
42.000000000000327 -0.036425416194419
41.700000000000323 -0.004210767468038
41.900000000000325 -0.006856581524772
41.800000000000324 -0.029416564206741
42.200000000000330 -0.035832150935278
42.300000000000331 -0.041984126397665
42.400000000000333 -0.034919150415647
42.100000000000328 -0.004838001910201
42.500000000000334 -0.023750712330184
42.600000000000335 -0.044117979758340
42.900000000000340 0.018981211180602
42.700000000000337 -0.025832918648661
43.000000000000341 0.018936716461582
42.800000000000338 -0.027685276204892
43.100000000000342 -0.032675878891553
43.200000000000344 0.022191149362527
43.400000000000347 0.023926748049519
43.300000000000345 0.025899059963308
43.700000000000351 0.026460103175197
43.500000000000348 0.026624416449295
43.800000000000352 -0.003708963980387
43.600000000000350 0.026264871433312
44.000000000000355 0.026471235514691
44.100000000000357 -0.001627749934840
43.900000000000354 0.003090673672546
44.400000000000361 0.000070640204797
44.300000000000360 -0.010194014699039
44.200000000000358 0.000248404674608
44.500000000000362 -0.003655177849282
44.600000000000364 -0.004676014064842
44.700000000000365 -0.015336973469005
44.800000000000367 -0.002698123324762
44.900000000000368 -0.005247640721961
45.100000000000371 0.003752298827209
45.000000000000369 0.004024264210756
45.200000000000372 -0.012084561351600
45.300000000000374 -0.012459798792719
45.400000000000375 0.001678029359908
45.500000000000377 -0.016935094127035
45.600000000000378 -0.000640524522311
45.700000000000379 -0.009717247362317
45.900000000000382 -0.005710594752628
45.800000000000381 -0.011949207490147
46.000000000000384 -0.001998593646135
46.200000000000387 -0.031856041715628
46.400000000000389 -0.001726301057658
46.500000000000391 -0.005301828487347
46.100000000000385 -0.005196535823870
46.300000000000388 -0.010913638348597
46.700000000000394 -0.007501931076348
46.800000000000395 -0.001659180348668
46.600000000000392 -0.006995388002196
47.000000000000398 -0.011565996782537
47.100000000000399 -0.002551694855413
47.300000000000402 0.031407934386607
47.200000000000401 0.033724820536207
46.900000000000396 0.000118053389286
47.500000000000405 -0.011604514238428
47.400000000000404 0.030188681598986
47.600000000000406 0.030746746038091
47.700000000000408 0.023188880149405
47.800000000000409 0.026212622916688
47.900000000000411 0.027464689456025
48.000000000000412 0.029643407284397
48.100000000000414 0.031498068775448
48.200000000000415 0.027775491506787
48.400000000000418 0.026900993432832
48.300000000000416 0.029058811890081
48.600000000000421 0.027645357736361
48.500000000000419 0.037630036864300
48.800000000000423 0.029824730241046
48.700000000000422 0.039136834839582
48.900000000000425 0.014189435404433
49.000000000000426 0.029866774653442
49.100000000000428 0.033421351286478
49.200000000000429 0.009467101236282
49.300000000000431 0.013400709164557
49.500000000000433 0.013198307513562
49.600000000000435 0.004722326352180
49.400000000000432 0.032359371893165
49.700000000000436 0.012239094804301
49.800000000000438 0.008292157183121
49.900000000000439 0.005435363803485
50.100000000000442 0.011271520605760
50.000000000000441 -0.000531531618719
50.200000000000443 0.003979752349892
50.300000000000445 0.018990927497242
50.600000000000449 0.008495934533670
50.500000000000448 -0.003179092367134
50.400000000000446 0.000544639089384
50.700000000000450 0.009047347671043
50.800000000000452 0.010432287922413
51.000000000000455 0.006254102036252
50.900000000000453 -0.028500912563345
51.200000000000458 -0.027244507538882
51.100000000000456 -0.023748834987458
51.300000000000459 -0.031164697666952
51.500000000000462 -0.029733296358359
51.400000000000460 -0.025987504326253
51.600000000000463 -0.027997472251684
51.700000000000465 -0.016744014530445
51.900000000000468 -0.027516828371432
52.000000000000469 -0.025691656002635
52.100000000000470 -0.034721554253991
51.800000000000466 -0.027569076088696
52.300000000000473 -0.026609200975969
52.200000000000472 -0.031087639751348
52.500000000000476 -0.023397981507856
52.400000000000475 -0.024603950699031
52.600000000000477 -0.024381002727836
52.700000000000479 -0.021543316552908
52.800000000000480 -0.026870775826637
52.900000000000482 -0.021683971329622
53.000000000000483 -0.036771299694038
53.200000000000486 -0.023983705066399
53.100000000000485 -0.027348301223640
53.300000000000487 -0.028476736346761
53.400000000000489 -0.024341752169477
53.500000000000490 -0.021608667033490
53.600000000000492 -0.032542110162126
53.800000000000495 -0.031638739717010
53.700000000000493 -0.031481403972577
53.900000000000496 -0.028988134648245
54.000000000000497 -0.027642877142853
54.200000000000500 -0.024098406647965
54.400000000000503 -0.022915220831976
54.300000000000502 -0.026212115677993
54.100000000000499 -0.027178501404990
54.500000000000504 -0.018502170018309
54.700000000000507 -0.028931545603683
54.600000000000506 -0.018365229870199
54.800000000000509 -0.030400030492927
55.000000000000512 -0.023484597999612
55.100000000000513 -0.022391112697306
54.900000000000510 -0.023245078217826
55.200000000000514 -0.030738199985336
55.300000000000516 -0.018422023995157
55.400000000000517 -0.024703323298070
55.600000000000520 -0.027936826629826
55.700000000000522 -0.027489648068979
55.500000000000519 -0.025290952621049
55.800000000000523 -0.022676406885580
56.000000000000526 -0.035626475369810
55.900000000000524 -0.024030915479756
56.200000000000529 -0.035657928165733
56.100000000000527 -0.074013678830198
56.400000000000531 -0.076926777925479
56.300000000000530 -0.034902704459938
56.600000000000534 -0.095715326065005
56.700000000000536 -0.153918617762372
56.500000000000533 -0.078097273359390
56.800000000000537 -0.159137235122842
56.900000000000539 -0.167965504083156
57.000000000000540 -0.164006293079666
57.100000000000541 -0.156886224278452
57.200000000000543 -0.160870842424998
57.500000000000547 -0.155962137338150
57.400000000000546 -0.160042507690861
57.300000000000544 -0.162611748866226
57.600000000000549 -0.164004563796283
57.700000000000550 -0.159135816613087
57.900000000000553 -0.154080861491934
57.800000000000551 -0.158592043320027
58.100000000000556 -0.157388730581687
58.300000000000558 -0.161995968639417
58.200000000000557 -0.156447853605357
58.000000000000554 -0.153827849214139
58.400000000000560 -0.165905262239363
58.500000000000561 -0.156064370404607
58.600000000000563 -0.158988809229044
58.800000000000566 -0.155190169781605
58.700000000000564 -0.151165046879953
58.900000000000567 -0.160474303267932
59.300000000000573 -0.151321567187779
59.200000000000571 -0.148276443123763
59.100000000000570 -0.150293374190369
59.000000000000568 -0.155118380984476
59.400000000000574 -0.151441093354521
59.500000000000576 -0.140737002762847
59.900000000000581 -0.139254000952604
60.100000000000584 -0.144524076173269
59.600000000000577 -0.151063004860674
59.700000000000578 -0.153903217547935
59.800000000000580 -0.149144651917510
60.000000000000583 -0.149792711034991
60.200000000000585 -0.147941757511205
60.300000000000587 -0.149604540666815
60.400000000000588 -0.146982470017321
60.500000000000590 -0.146389779320799
60.900000000000595 -0.142188252372222
61.000000000000597 -0.147350361690002
60.700000000000593 -0.142458069340989
60.800000000000594 -0.137937152278056
60.600000000000591 -0.156853747412811
61.100000000000598 -0.138294009222051
61.300000000000601 -0.146083030916344
61.200000000000600 -0.144744602348368
61.400000000000603 -0.138881970013216
61.500000000000604 -0.137263431909673
61.800000000000608 -0.138245883274379
61.700000000000607 -0.134104864280005
61.600000000000605 -0.139020393685740
61.900000000000610 -0.142555439186509
62.000000000000611 -0.135885544594316
62.300000000000615 -0.182370666657050
62.200000000000614 -0.139786225883398
62.400000000000617 -0.180866357979426
62.500000000000618 -0.184424431637353
62.100000000000612 -0.135261734790504
62.600000000000620 -0.180393353765851
62.700000000000621 -0.186246857492023
62.800000000000622 -0.194483810567192
62.900000000000624 -0.192800779430513
63.100000000000627 -0.226096260291797
63.200000000000628 -0.215154974192444
63.000000000000625 -0.227315143241924
63.400000000000631 -0.219606228579750
63.500000000000632 -0.214168993739605
63.300000000000630 -0.218316342959213
63.600000000000634 -0.213136672577718
63.700000000000635 -0.217136886426772
63.800000000000637 -0.220333196132572
63.900000000000638 -0.218373765825675
64.000000000000639 -0.218272283980525
64.100000000000634 -0.206490496434952
64.200000000000628 -0.208498288589709
64.300000000000622 -0.185350437309495
64.500000000000611 -0.183762540473253
64.400000000000617 -0.217774315736108
64.600000000000605 -0.180709179709027
64.700000000000600 -0.166600440554276
64.800000000000594 -0.164608921249254
65.000000000000583 -0.128909929397736
64.900000000000588 -0.133218479270170
65.200000000000571 -0.135640962017902
65.100000000000577 -0.127684855133481
65.300000000000566 -0.121488337878617
65.500000000000554 -0.124650301902562
65.400000000000560 -0.126090573093762
65.600000000000549 -0.128521208164756
65.700000000000543 -0.123175823762978
65.800000000000537 -0.123778180238787
65.900000000000531 -0.127647529613029
66.100000000000520 -0.132299298538641
66.200000000000514 -0.130187296498718
66.300000000000509 -0.121458726187740
66.000000000000526 -0.126685593748732
66.500000000000497 -0.052597174349245
66.400000000000503 -0.050810624685482
66.700000000000486 -0.055603617532540
66.800000000000480 -0.051083556407150
66.600000000000492 -0.055128398557258
66.900000000000475 -0.050940872675653
67.100000000000463 -0.055445453295277
67.000000000000469 -0.057491880056659
67.200000000000458 -0.046971592659872
67.400000000000446 -0.049426292481058
67.300000000000452 -0.055013914668223
67.500000000000441 -0.050343886925930
67.600000000000435 -0.050258459260988
67.700000000000429 -0.080468850693904
67.800000000000423 -0.071582110638957
68.000000000000412 -0.083209942136619
67.900000000000418 -0.084016522716723
68.100000000000406 -0.074521111237402
68.200000000000401 -0.055382612806909
68.300000000000395 -0.054871942101187
68.400000000000389 -0.048938518215635
68.500000000000384 -0.050524457950729
68.600000000000378 -0.045100170886769
68.700000000000372 -0.054651869074718
68.900000000000361 -0.042022312563006
69.000000000000355 -0.047826680482643
68.800000000000367 -0.049292739223716
69.100000000000350 -0.045901165268702
69.300000000000338 -0.045215745281268
69.200000000000344 -0.047292216365236
69.400000000000333 -0.040063126593992
69.500000000000327 -0.042365053687377
69.600000000000321 -0.044722500547323
69.700000000000315 -0.050056648426278
69.900000000000304 -0.037763407600977
69.800000000000310 -0.043382498660094
70.100000000000293 -0.044313040259425
70.000000000000298 -0.043997275156471
70.200000000000287 -0.044559978373826
70.400000000000276 -0.043272879057810
70.300000000000281 -0.044834200707555
70.700000000000259 -0.082308077509197
70.600000000000264 -0.080864087959043
70.900000000000247 -0.036097967726079
70.800000000000253 -0.044408513044658
70.500000000000270 -0.078950093751473
71.000000000000242 -0.042745626149809
71.100000000000236 -0.041627986835380
71.200000000000230 -0.043955908068938
71.300000000000225 -0.038594661244673
71.500000000000213 -0.036823011217990
71.400000000000219 -0.036346395670961
71.600000000000207 -0.037454401624615
71.700000000000202 0.006631670679269
71.800000000000196 0.010013311513291
71.900000000000190 0.013000372955929
72.000000000000185 0.008579244958895
72.100000000000179 0.016602795138709
72.300000000000168 0.014750097943050
72.200000000000173 0.009565711867054
72.400000000000162 0.006952096232027
72.600000000000151 0.004926896401969
72.700000000000145 0.014109967771958
72.500000000000156 0.013079598559784
72.800000000000139 0.005266717018060
72.900000000000134 0.009618113860910
73.100000000000122 0.003700283368602
73.000000000000128 0.010000163186419
73.300000000000111 0.010746388490190
73.200000000000117 0.005030937089145
73.400000000000105 0.012316336928109
73.500000000000099 0.004028933542344
73.600000000000094 0.007513718180974
73.700000000000088 0.012253017089847
73.800000000000082 0.004421760468887
73.900000000000077 0.009244914789264
74.000000000000071 0.009639105424952
74.100000000000065 -0.036748123211083
74.300000000000054 -0.033552648037727
74.200000000000060 -0.033365474916280
74.400000000000048 -0.044509810770421
74.500000000000043 -0.040958114411183
74.600000000000037 -0.040186559324695
74.700000000000031 -0.032600799038107
74.800000000000026 -0.034801033788057
74.900000000000020 -0.032662071181022
75.200000000000003 -0.029947826529764
75.000000000000014 -0.033803554266854
75.299999999999997 -0.034710754714951
75.100000000000009 -0.036333983022274
75.399999999999991 -0.034909288260110
75.499999999999986 -0.033304337332396
75.599999999999980 -0.037747638703678
75.699999999999974 -0.028371988580744
75.899999999999963 -0.031627940622059
75.799999999999969 -0.032076187395091
75.999999999999957 -0.107005557481443
76.299999999999940 -0.105931956984051
76.099999999999952 -0.113297829518189
76.399999999999935 -0.103813143681464
76.199999999999946 -0.102814382074712
76.499999999999929 -0.107720133435407
76.599999999999923 -0.095892438078948
76.799999999999912 -0.131710197237567
76.899999999999906 -0.138633821133993
76.699999999999918 -0.097533007803463
76.999999999999901 -0.133445671579580
77.099999999999895 -0.135818852076142
77.199999999999889 -0.131863649510677
77.399999999999878 -0.135536401479897
77.499999999999872 -0.125039333820354
77.299999999999883 -0.127974192931646
77.599999999999866 -0.133589231321452
77.799999999999855 -0.130446614310387
77.999999999999844 -0.127130791938157
77.699999999999861 -0.135594905348313
77.899999999999849 -0.127823370821289
78.099999999999838 -0.129724936392961
78.199999999999832 -0.124936935907982
78.399999999999821 -0.123747326519208
78.299999999999827 -0.126195488014957
78.599999999999810 -0.116332177224621
78.499999999999815 -0.124715692972899
78.899999999999793 -0.199833756830969
78.799999999999798 -0.199064562256268
78.699999999999804 -0.126795898580667
78.999999999999787 -0.199215715390721
79.199999999999775 -0.200386122806151
79.099999999999781 -0.200495596125450
79.299999999999770 -0.197673001434140
79.399999999999764 -0.186642122113057
79.499999999999758 -0.236345972393082
79.599999999999753 0.389383993049108
79.699999999999747 -0.254186586801097
79.899999999999736 0.369279303136238
79.799999999999741 -0.138072839295234
79.999999999999730 -0.036551940763019
80.099999999999724 -0.098110777901894
80.299999999999713 0.340498363460284
80.199999999999719 0.148648653031103
80.399999999999707 -0.329015729771953
80.499999999999702 -0.071059142303653
80.599999999999696 -0.139650876818109
80.699999999999690 -0.355715692013092
80.799999999999685 0.064867755611431
80.899999999999679 -0.097622237937856
80.999999999999673 -0.371101397611540
81.099999999999667 -0.053591887905213
81.199999999999662 -0.053820126488802
81.399999999999650 -0.207617776037949
81.499999999999645 -0.096083376011080
81.599999999999639 -0.045848362528744
81.699999999999633 0.094123624982956
81.299999999999656 -0.188243213816719
81.799999999999628 -0.316702552627390
81.999999999999616 -0.202502504453861
81.899999999999622 -0.008772999393614
82.099999999999611 -0.152819924714720
82.299999999999599 -0.067673995562956
82.199999999999605 0.060578643967801
82.399999999999594 0.020693153324203
82.699999999999577 0.329532672438404
82.499999999999588 -0.071026147541176
82.599999999999582 -0.002866057613460
82.799999999999571 -0.155533745438419
82.899999999999565 0.378075112728027
82.999999999999559 -0.285286223888903
83.199999999999548 0.176918696137562
83.099999999999554 -0.048498561255883
83.299999999999542 0.080457257389810
83.499999999999531 0.076040662300159
83.599999999999525 -0.293643333826310
83.699999999999520 -0.302360007076174
83.399999999999537 0.158638888514417
83.799999999999514 -0.306385827730793
83.999999999999503 -0.130918784169154
84.199999999999491 0.060884796138083
83.899999999999508 0.245484204253188
84.099999999999497 0.307940328436729
84.299999999999486 -0.100769002031598
84.399999999999480 -0.318515181607637
84.499999999999474 -0.105365350577813
84.699999999999463 0.111341302133638
84.599999999999469 0.099229597694261
84.899999999999451 0.283030450098920
84.799999999999457 -0.016872267227797
85.199999999999434 -0.198778722548809
85.299999999999429 -0.142119034318711
85.099999999999440 0.147520932269884
84.999999999999446 -0.280558128906705
85.499999999999417 -0.026226496441240
85.399999999999423 -0.035267035958242
85.699999999999406 0.094329558919526
85.899999999999395 0.396614750997060
85.599999999999412 -0.131705147587979
85.999999999999389 -0.132070107561333
86.299999999999372 -0.149011573213897
86.099999999999383 0.239919102984487
85.799999999999400 0.099732611413827
86.199999999999378 -0.105924024218496
86.399999999999366 -0.197947276703303
86.599999999999355 0.139683322419870
86.699999999999349 0.244683752992358
86.499999999999361 -0.030068607781430
86.999999999999332 -0.287160063461300
86.799999999999343 -0.377538048823567
86.899999999999338 -0.150140724919368
87.399999999999309 0.271684247987736
87.199999999999321 0.000237691555327
87.099999999999326 -0.049268619051190
87.499999999999304 0.082963275893633
87.299999999999315 -0.111111612088877
87.699999999999292 0.160581888497546
87.599999999999298 0.218683239694428
87.899999999999281 -0.002151100364500
87.799999999999287 -0.261377484278569
87.999999999999275 -0.176666336670905
88.099999999999270 -0.309828451250382
88.199999999999264 0.379235993985816
88.299999999999258 -0.022822261414035
88.399999999999253 0.120679963711012
88.499999999999247 0.260023040876689
88.599999999999241 -0.269727566326594
88.799999999999230 0.203379371654933
88.699999999999235 -0.038148740699739
89.199999999999207 0.435929985620476
89.299999999999201 -0.045444513219195
88.999999999999218 0.122978785643824
89.099999999999213 -0.099445598067405
88.899999999999224 -0.212367596574836
89.399999999999196 0.160070421451053
89.699999999999179 -0.223185858683195
89.499999999999190 -0.360054246950625
89.599999999999184 0.030411514906348
89.899999999999167 -0.097402282950298
89.799999999999173 -0.222966326379748
89.999999999999162 -0.268034458894562
