1986-07-21T00:30:00 1986 7 21 0 30 0 -0.15 0.29 355.6 14.02 3.4 0.01 0.0 0.0 1 0 1 1 1 1 1 1 1.7 1.36 19.0 -0.55 -0.39 -0.88 -0.86 -0.41 -0.27 0.233 0.316 0.1 0.16 0.246 0.715 0 0 1 0 0 0
1986-07-21T01:30:00 1986 7 21 1 30 0 0.4 0.98 358.1 15.1 3.67 0.0 0.0 0.0 1 1 1 1 1 1 1 1 1.7 1.45 14.0 0.25 0.39 -0.03 -0.01 0.38 0.5 0.174 0.176 0.098 0.11 0.099 0.338 0 0 1 0 0 0
1986-07-21T02:30:00 1986 7 21 2 30 0 0.7 4.55 360.5 15.1 3.75 0.0 0.0 0.0 1 1 1 1 1 1 1 1 1.7 1.53 12.0 4.4 4.43 4.34 4.34 4.43 4.45 0.118 0.087 0.095 0.062 0.031 0.14 0 0 1 0 0 0
1986-07-21T03:30:00 1986 7 21 3 30 0 0.7 5.5 363.0 15.1 3.75 0.0 0.0 0.0 2 2 2 2 2 2 2 2 1.7 1.62 15.0 5.5 5.5 5.5 5.5 5.5 5.5 0.08 0.043 0.093 0.034 0.01 0.058 0 0 1 0 0 0
1986-07-21T04:30:00 1986 7 21 4 30 0 1.0 3.6 365.0 22.4 5.68 0.0 0.0 0.0 2 2 2 2 2 2 2 2 1.7 1.7 21.0 3.6 3.6 3.6 3.6 3.6 3.6 0.054 0.022 0.09 0.019 0.003 0.024 0 0 1 0 0 0
1986-07-21T05:30:00 1986 7 21 5 30 0 2.1 1.8 362.0 22.6 5.68 0.05 0.0 0.0 2 2 2 2 2 2 2 2 1.7 1.7 23.0 1.8 1.8 1.8 1.8 1.8 1.8 0.037 0.011 0.087 0.011 0.001 0.01 0 0 1 0 0 0
1986-07-21T06:30:00 1986 7 21 6 30 0 3.5 1.2 355.0 16.5 4.14 0.32 0.0 0.0 2 2 2 2 2 2 2 2 1.0 1.61 18.0 1.2 1.2 1.2 1.2 1.2 1.2 0.025 0.005 0.084 0.006 0.0 0.004 0 0 1 0 0 0
1986-07-21T07:30:00 1986 7 21 7 30 0 2.8 2.2 364.0 11.9 3.18 0.35 0.0 0.0 2 2 2 2 2 2 2 2 1.0 1.52 14.0 2.2 2.2 2.2 2.2 2.2 2.2 0.017 0.003 0.082 0.003 0.0 0.002 0 0 1 0 0 0
1986-07-21T08:30:00 1986 7 21 8 30 0 1.0 4.2 372.0 11.8 3.35 0.06 0.0 0.0 2 2 2 2 2 2 2 2 1.0 1.43 14.0 4.2 4.2 4.2 4.2 4.2 4.2 0.011 0.001 0.079 0.002 0.0 0.001 0 0 1 0 0 0
1986-07-21T09:30:00 1986 7 21 9 30 0 4.2 2.5 372.0 11.6 3.28 0.21 0.0 0.0 2 2 2 2 2 2 2 2 2.0 1.47 15.0 2.5 2.5 2.5 2.5 2.5 2.5 0.008 0.001 0.077 0.001 0.0 0.0 0 0 1 0 0 0
1986-07-21T10:30:00 1986 7 21 10 30 0 -2.0 1.7 383.0 16.3 5.0 0.11 0.0 0.0 2 2 2 2 2 2 2 2 2.0 1.51 18.0 1.7 1.7 1.7 1.7 1.7 1.7 0.005 0.0 0.075 0.001 0.0 0.0 0 0 1 0 0 0
1986-07-21T11:30:00 1986 7 21 11 30 0 -5.1 3.2 382.0 14.3 4.35 0.46 0.0 0.0 2 2 2 2 2 2 2 2 2.0 1.56 15.0 3.2 3.2 3.2 3.2 3.2 3.2 0.004 0.0 0.072 0.0 0.0 0.0 0 0 1 0 0 0
1986-07-21T12:30:00 1986 7 21 12 30 0 -1.7 4.8 383.0 13.5 4.59 0.27 0.0 0.0 2 2 2 2 2 2 2 2 1.7 1.56 17.0 4.8 4.8 4.8 4.8 4.8 4.8 0.002 0.0 0.07 0.0 0.0 0.0 0 0 1 0 0 0
1986-07-21T13:30:00 1986 7 21 13 30 0 0.7 4.6 383.0 13.6 4.68 0.0 0.0 0.0 2 2 2 2 2 2 2 2 1.7 1.56 20.0 4.6 4.6 4.6 4.6 4.6 4.6 0.002 0.0 0.068 0.0 0.0 0.0 0 0 1 0 0 0
1986-07-21T14:30:00 1986 7 21 14 30 0 3.7 3.0 375.0 14.5 4.39 0.13 0.0 0.0 2 2 2 2 2 2 2 2 1.7 1.64 20.0 3.0 3.0 3.0 3.0 3.0 3.0 0.001 0.0 0.066 0.0 0.0 0.0 0 0 1 0 0 0
1986-07-21T15:30:00 1986 7 21 15 30 0 1.8 3.1 371.0 14.7 4.42 0.17 0.0 0.0 2 2 2 2 2 2 2 2 1.7 1.73 18.0 3.1 3.1 3.1 3.1 3.1 3.1 0.001 0.0 0.064 0.0 0.0 0.0 0 0 1 0 0 0
1986-07-21T16:30:00 1986 7 21 16 30 0 2.0 2.3 371.0 14.4 4.44 0.07 0.0 0.0 2 2 2 2 2 2 2 2 1.7 1.81 19.0 2.3 2.3 2.3 2.3 2.3 2.3 0.001 0.0 0.062 0.0 0.0 0.0 0 0 1 0 0 0
1986-07-21T17:30:00 1986 7 21 17 30 0 2.7 0.7 370.0 16.7 4.93 0.22 0.0 0.0 2 2 2 2 2 2 2 2 1.7 1.77 21.0 0.7 0.7 0.7 0.7 0.7 0.7 0.0 0.0 0.06 0.0 0.0 0.0 0 0 1 0 0 0
1986-07-21T18:30:00 1986 7 21 18 30 0 3.1 -0.7 370.0 17.1 5.11 0.69 0.38 0.64 2 2 2 2 2 2 2 2 1.7 1.74 21.0 -0.7 -0.7 -0.7 -0.7 -0.7 -0.7 0.043 0.127 0.06 0.026 0.155 0.554 2 2 1 2 2 2
1986-07-21T19:30:00 1986 7 21 19 30 0 1.8 0.1 385.0 20.2 5.64 0.56 0.52 0.94 2 2 2 2 2 2 2 2 1.7 1.7 22.0 0.1 0.1 0.1 0.1 0.1 0.1 0.062 0.159 0.059 0.029 0.144 0.698 2 2 1 2 2 2
1986-07-21T20:30:00 1986 7 21 20 30 0 3.3 -1.9 381.0 18.7 5.24 1.05 1.88 3.6 2 2 2 2 2 2 2 2 1.7 1.7 21.0 -1.9 -1.9 -1.9 -1.9 -1.9 -1.9 0.211 0.478 0.066 0.164 0.528 2.051 2 2 1 2 2 2
1986-07-21T21:30:00 1986 7 21 21 30 0 4.7 -1.5 376.0 15.4 4.25 2.37 3.18 5.41 2 2 2 2 2 2 2 2 2.3 1.78 15.0 -1.5 -1.5 -1.5 -1.5 -1.5 -1.5 0.352 0.692 0.076 0.281 0.689 2.5 2 2 1 2 2 2
1986-07-21T22:30:00 1986 7 21 22 30 0 5.1 -2.0 374.0 12.8 3.56 3.1 3.32 4.62 2 2 2 2 2 2 2 2 2.3 1.86 9.0 -2.0 -2.0 -2.0 -2.0 -2.0 -2.0 0.451 0.794 0.087 0.358 0.742 2.389 2 2 1 2 2 2
1986-07-21T23:30:00 1986 7 21 23 30 0 2.1 -1.5 393.0 12.0 3.78 2.08 3.32 4.11 2 2 2 2 2 2 2 2 2.3 1.93 7.0 -1.5 -1.5 -1.5 -1.5 -1.5 -1.5 0.498 0.797 0.096 0.376 0.723 2.197 2 2 1 2 2 2
