1986-12-24T00:30:00 1986 12 24 0 30 0 3.9 -0.1 516.0 6.2 3.23 0.82 0.26 0.17 2 2 2 2 2 2 2 2 3.0 3.42 -13.0 -0.1 -0.1 -0.1 -0.1 -0.1 -0.1 0.146 0.182 0.362 0.066 0.213 0.663 2 2 2 2 2 2
1986-12-24T01:30:00 1986 12 24 1 30 0 6.0 -2.7 522.0 6.1 3.28 4.28 3.92 2.41 2 2 2 2 2 2 2 2 3.0 3.38 -15.0 -2.7 -2.7 -2.7 -2.7 -2.7 -2.7 0.297 0.418 0.371 0.261 0.722 1.336 2 2 2 2 2 2
1986-12-24T02:30:00 1986 12 24 2 30 0 5.4 0.0 511.0 6.2 3.19 4.61 3.21 1.97 2 2 2 2 2 2 2 2 3.0 3.41 -24.0 0.0 0.0 0.0 0.0 0.0 0.0 0.307 0.38 0.37 0.243 0.525 1.108 2 2 2 2 2 2
1986-12-24T03:30:00 1986 12 24 3 30 0 3.5 -0.2 502.0 7.7 3.67 2.02 0.27 0.2 2 2 2 2 2 2 2 2 2.7 3.4 -28.0 -0.2 -0.2 -0.2 -0.2 -0.2 -0.2 0.229 0.25 0.359 0.144 0.276 0.768 2 2 2 2 2 2
1986-12-24T04:30:00 1986 12 24 4 30 0 5.2 -0.4 515.0 5.0 2.67 2.23 0.79 0.48 2 2 2 2 2 2 2 2 2.7 3.39 -26.0 -0.4 -0.4 -0.4 -0.4 -0.4 -0.4 0.199 0.227 0.35 0.104 0.275 0.702 2 2 2 2 2 2
1986-12-24T05:30:00 1986 12 24 5 30 0 5.2 -0.3 515.0 5.0 2.67 3.01 0.89 0.45 1 1 1 1 1 1 1 1 2.7 3.2 -24.0 -0.45 -0.42 -0.52 -0.52 -0.42 -0.39 0.187 0.223 0.343 0.093 0.294 0.644 2 2 2 2 1 1
1986-12-24T06:30:00 1986 12 24 6 30 0 4.25 0.08 515.0 5.0 2.71 2.32 0.27 0.14 1 1 1 1 1 1 1 1 2.0 2.91 -22.0 -0.64 -0.48 -0.96 -0.94 -0.5 -0.36 0.194 0.23 0.338 0.119 0.32 0.608 1 1 2 1 1 1
1986-12-24T07:30:00 1986 12 24 7 30 0 2.5 0.16 515.0 6.07 2.83 1.11 0.0 0.0 1 0 1 1 1 1 1 1 2.0 2.63 -21.0 -0.68 -0.49 -1.05 -1.02 -0.51 -0.35 0.213 0.246 0.337 0.161 0.353 0.65 1 1 2 1 0 0
1986-12-24T08:30:00 1986 12 24 8 30 0 0.75 0.16 515.0 7.37 2.95 0.25 0.0 0.0 1 0 1 1 1 1 1 1 2.0 2.5 -20.0 -0.68 -0.49 -1.05 -1.02 -0.51 -0.35 0.233 0.266 0.336 0.195 0.385 0.779 1 0 1 0 0 0
1986-12-24T09:30:00 1986 12 24 9 30 0 0.08 0.15 515.0 8.67 3.07 0.01 0.0 0.0 0 0 1 1 1 0 1 1 2.3 2.42 -18.0 -0.68 -0.49 -1.05 -1.02 -0.51 -0.35 0.252 0.289 0.337 0.223 0.415 0.958 0 0 1 0 0 0
1986-12-24T10:30:00 1986 12 24 10 30 0 0.08 0.15 515.0 9.98 3.08 0.0 0.0 0.0 0 0 1 1 0 0 1 1 2.3 2.33 -19.0 -0.68 -0.49 -1.04 -1.02 -0.51 -0.35 0.272 0.311 0.338 0.245 0.443 1.164 0 0 1 0 0 0
1986-12-24T11:30:00 1986 12 24 11 30 0 0.09 0.15 515.0 10.68 3.08 0.0 0.0 0.0 0 0 1 0 0 0 1 0 2.3 2.28 -19.0 -0.68 -0.49 -1.04 -1.02 -0.51 -0.35 0.288 0.329 0.339 0.262 0.463 1.342 0 0 1 0 0 0
1986-12-24T12:30:00 1986 12 24 12 30 0 0.09 0.15 515.0 10.69 3.08 0.0 0.0 0.0 0 0 1 0 0 0 1 0 1.3 2.11 -18.0 -0.68 -0.49 -1.04 -1.02 -0.51 -0.35 0.3 0.339 0.34 0.273 0.472 1.44 0 0 1 0 0 0
1986-12-24T13:30:00 1986 12 24 13 30 0 0.09 0.15 515.0 10.69 3.08 0.0 0.0 0.0 0 0 1 0 0 0 1 0 1.3 1.93 -18.0 -0.68 -0.49 -1.04 -1.02 -0.51 -0.35 0.309 0.345 0.341 0.279 0.475 1.481 0 0 1 0 0 0
1986-12-24T14:30:00 1986 12 24 14 30 0 0.1 0.15 515.0 10.7 3.08 0.0 0.0 0.0 0 0 1 0 0 0 1 0 1.3 1.84 -19.0 -0.68 -0.49 -1.04 -1.02 -0.51 -0.35 0.314 0.347 0.343 0.283 0.476 1.498 0 0 1 0 0 0
1986-12-24T15:30:00 1986 12 24 15 30 0 0.1 0.15 515.0 10.7 3.08 0.0 0.0 0.0 0 0 1 0 0 0 1 0 1.7 1.8 -18.0 -0.68 -0.49 -1.04 -1.02 -0.51 -0.35 0.318 0.349 0.344 0.285 0.476 1.506 0 0 1 0 0 0
1986-12-24T16:30:00 1986 12 24 16 30 0 0.1 0.15 515.0 10.7 3.08 0.0 0.0 0.0 0 0 1 0 0 0 1 0 1.7 1.77 -18.0 -0.68 -0.49 -1.04 -1.02 -0.51 -0.35 0.321 0.349 0.345 0.286 0.476 1.509 0 0 1 0 0 0
1986-12-24T17:30:00 1986 12 24 17 30 0 0.1 0.15 515.0 10.71 3.08 0.0 0.0 0.0 0 0 1 0 0 0 1 0 1.7 1.69 -19.0 -0.68 -0.49 -1.04 -1.02 -0.51 -0.35 0.322 0.35 0.346 0.286 0.476 1.511 0 0 1 0 0 0
1986-12-24T18:30:00 1986 12 24 18 30 0 0.11 0.15 513.0 10.71 3.08 0.0 0.0 0.0 0 0 1 0 0 0 1 0 3.0 1.8 -22.0 -0.68 -0.49 -1.04 -1.02 -0.51 -0.35 0.323 0.35 0.347 0.286 0.475 1.507 0 0 1 0 0 0
1986-12-24T19:30:00 1986 12 24 19 30 0 0.11 0.15 508.9 10.71 3.08 0.0 0.0 0.0 0 0 1 0 0 0 1 0 3.0 1.89 -27.0 -0.68 -0.49 -1.04 -1.02 -0.51 -0.35 0.323 0.35 0.348 0.285 0.471 1.491 0 0 1 0 0 0
1986-12-24T20:30:00 1986 12 24 20 30 0 0.11 0.15 504.8 10.72 3.08 0.0 0.0 0.0 0 0 1 0 0 0 1 0 3.0 2.11 -31.0 -0.68 -0.49 -1.04 -1.02 -0.51 -0.35 0.323 0.349 0.348 0.283 0.466 1.468 0 0 1 0 0 0
1986-12-24T21:30:00 1986 12 24 21 30 0 0.12 0.15 500.7 10.72 3.08 0.0 0.0 0.0 0 0 1 0 0 0 1 0 2.0 2.19 -25.0 -0.68 -0.49 -1.04 -1.02 -0.51 -0.35 0.322 0.349 0.349 0.281 0.46 1.443 0 0 1 0 0 0
1986-12-24T22:30:00 1986 12 24 22 30 0 0.12 0.15 496.6 10.73 3.08 0.0 0.0 0.0 0 0 1 0 0 0 1 0 2.0 2.27 -24.0 -0.68 -0.49 -1.04 -1.02 -0.51 -0.35 0.32 0.349 0.349 0.279 0.454 1.416 0 0 1 0 0 0
1986-12-24T23:30:00 1986 12 24 23 30 0 0.12 0.15 492.4 10.73 3.08 0.0 0.0 0.0 0 0 1 0 0 0 1 0 2.0 2.3 -22.0 -0.68 -0.49 -1.04 -1.02 -0.51 -0.35 0.319 0.348 0.349 0.276 0.448 1.39 0 0 1 0 0 0
