1986-09-23T00:30:00 1986 9 23 0 30 0 -9.8 5.1 440.0 13.1 4.54 1.4 0.0 0.0 2 2 2 2 2 2 2 2 3.7 2.13 2.0 5.1 5.1 5.1 5.1 5.1 5.1 0.0 0.0 0.093 0.0 0.0 0.0 0 0 1 0 1 0
1986-09-23T01:30:00 1986 9 23 1 30 0 -9.8 4.32 450.0 11.75 4.27 3.92 0.0 0.0 1 1 1 1 1 1 1 1 3.7 2.55 -2.0 4.08 4.1 4.01 4.02 4.1 4.12 0.0 0.0 0.09 0.0 0.0 0.0 0 0 1 0 1 0
1986-09-23T02:30:00 1986 9 23 2 30 0 -8.35 1.44 460.0 10.4 4.01 4.33 0.0 0.0 1 1 1 1 1 1 1 1 3.7 2.73 -14.0 0.28 0.42 -0.02 0.0 0.4 0.51 0.0 0.0 0.088 0.0 0.0 0.0 0 0 1 0 1 0
1986-09-23T03:30:00 1986 9 23 3 30 0 -6.85 -0.13 470.0 9.05 3.74 4.39 0.03 0.02 1 1 1 1 1 1 1 1 6.0 3.21 -28.0 -1.29 -1.15 -1.59 -1.57 -1.16 -1.06 0.098 0.18 0.094 0.114 0.31 0.69 1 1 1 1 1 1
1986-09-23T04:30:00 1986 9 23 4 30 0 -5.4 -5.4 480.0 7.7 3.47 7.49 7.12 5.78 1 1 2 2 2 1 2 2 6.0 3.68 -50.0 -5.64 -5.61 -5.71 -5.7 -5.62 -5.59 0.491 0.724 0.146 0.732 1.21 2.169 1 1 1 1 1 1
1986-09-23T05:30:00 1986 9 23 5 30 0 -5.4 -6.8 500.0 9.0 4.34 14.05 15.13 12.76 2 2 2 2 2 2 2 2 6.0 4.19 -60.0 -6.8 -6.8 -6.8 -6.8 -6.8 -6.8 0.988 1.245 0.248 1.587 1.993 3.732 2 2 1 2 2 2
1986-09-23T06:30:00 1986 9 23 6 30 0 -6.1 3.8 553.0 7.0 4.28 5.81 4.89 4.16 2 2 2 2 2 2 2 2 5.0 4.55 -57.0 3.8 3.8 3.8 3.8 3.8 3.8 0.814 0.817 0.261 1.071 0.954 2.271 2 2 1 2 2 2
1986-09-23T07:30:00 1986 9 23 7 30 0 -7.8 10.2 573.0 6.9 4.42 1.54 0.0 0.0 2 2 2 2 2 2 2 2 5.0 4.91 -47.0 10.2 10.2 10.2 10.2 10.2 10.2 0.551 0.406 0.253 0.599 0.302 0.942 2 2 1 2 2 2
1986-09-23T08:30:00 1986 9 23 8 30 0 -7.9 4.2 579.0 6.7 4.49 2.26 0.0 0.0 2 2 2 2 2 2 2 2 5.0 5.06 -44.0 4.2 4.2 4.2 4.2 4.2 4.2 0.373 0.201 0.245 0.336 0.096 0.391 2 2 1 2 2 2
1986-09-23T09:30:00 1986 9 23 9 30 0 -4.6 5.5 611.0 6.3 4.65 1.65 0.0 0.0 2 2 2 2 2 2 2 2 3.7 5.04 -44.0 5.5 5.5 5.5 5.5 5.5 5.5 0.253 0.1 0.238 0.188 0.03 0.162 2 2 1 2 2 2
1986-09-23T10:30:00 1986 9 23 10 30 0 -2.7 1.3 627.0 6.4 5.24 0.55 0.0 0.0 2 2 2 2 2 2 2 2 3.7 5.02 -40.0 1.3 1.3 1.3 1.3 1.3 1.3 0.171 0.05 0.23 0.105 0.01 0.067 2 2 1 2 2 2
1986-09-23T11:30:00 1986 9 23 11 30 0 -0.7 2.8 643.0 4.4 3.75 0.13 0.0 0.0 2 2 2 2 2 2 2 2 3.7 4.74 -45.0 2.8 2.8 2.8 2.8 2.8 2.8 0.116 0.025 0.223 0.059 0.003 0.028 2 2 1 2 2 2
1986-09-23T12:30:00 1986 9 23 12 30 0 0.6 1.9 632.0 4.3 3.5 0.0 0.0 0.0 2 2 2 2 2 2 2 2 3.7 4.45 -43.0 1.9 1.9 1.9 1.9 1.9 1.9 0.078 0.012 0.217 0.033 0.001 0.012 2 2 1 2 2 2
1986-09-23T13:30:00 1986 9 23 13 30 0 -3.8 0.7 668.0 4.0 3.59 0.41 0.0 0.0 2 2 2 2 2 2 2 2 3.7 4.17 -40.0 0.7 0.7 0.7 0.7 0.7 0.7 0.053 0.006 0.21 0.018 0.0 0.005 2 2 1 2 2 2
1986-09-23T14:30:00 1986 9 23 14 30 0 -3.9 0.6 676.0 3.5 3.34 1.58 0.0 0.0 2 2 2 2 2 2 2 2 3.7 4.01 -41.0 0.6 0.6 0.6 0.6 0.6 0.6 0.036 0.003 0.204 0.01 0.0 0.002 2 2 1 2 2 2
1986-09-23T15:30:00 1986 9 23 15 30 0 -0.6 -2.2 685.0 2.9 2.8 1.46 3.27 1.0 2 2 2 2 2 2 2 2 5.3 4.06 -42.0 -2.2 -2.2 -2.2 -2.2 -2.2 -2.2 0.156 0.189 0.215 0.157 0.581 0.651 2 2 1 2 2 2
1986-09-23T16:30:00 1986 9 23 16 30 0 -1.7 -1.6 674.0 3.1 2.92 1.79 6.37 1.91 2 2 2 2 2 2 2 2 5.3 4.12 -46.0 -1.6 -1.6 -1.6 -1.6 -1.6 -1.6 0.293 0.341 0.237 0.306 0.894 1.066 2 2 1 2 2 2
1986-09-23T17:30:00 1986 9 23 17 30 0 -1.3 -2.2 654.0 3.1 2.76 1.97 6.38 1.98 2 2 2 2 2 2 2 2 5.3 4.32 -51.0 -2.2 -2.2 -2.2 -2.2 -2.2 -2.2 0.4 0.437 0.259 0.416 1.036 1.262 2 2 2 2 2 2
1986-09-23T18:30:00 1986 9 23 18 30 0 -2.9 -1.1 646.0 3.8 3.26 2.02 5.21 1.79 2 2 2 2 2 2 2 2 4.7 4.44 -44.0 -1.1 -1.1 -1.1 -1.1 -1.1 -1.1 0.432 0.445 0.273 0.403 0.932 1.307 2 2 2 2 2 2
1986-09-23T19:30:00 1986 9 23 19 30 0 0.5 1.0 677.0 3.8 3.68 0.42 0.8 0.3 2 2 2 2 2 2 2 2 4.7 4.56 -46.0 1.0 1.0 1.0 1.0 1.0 1.0 0.31 0.25 0.266 0.236 0.361 0.669 2 2 2 2 2 2
1986-09-23T20:30:00 1986 9 23 20 30 0 -4.3 -0.4 654.0 4.3 3.8 0.87 0.25 0.1 2 2 2 2 2 2 2 2 4.7 4.68 -45.0 -0.4 -0.4 -0.4 -0.4 -0.4 -0.4 0.229 0.165 0.259 0.144 0.234 0.499 2 2 2 2 2 2
1986-09-23T21:30:00 1986 9 23 21 30 0 -4.6 -0.1 663.0 3.8 3.4 2.83 0.78 0.32 2 2 2 2 2 2 2 2 5.3 4.88 -46.0 -0.1 -0.1 -0.1 -0.1 -0.1 -0.1 0.185 0.144 0.253 0.095 0.232 0.525 2 2 2 2 2 2
1986-09-23T22:30:00 1986 9 23 22 30 0 -3.0 1.0 647.0 3.8 3.28 1.59 0.0 0.0 2 2 2 2 2 2 2 2 5.3 5.07 -38.0 1.0 1.0 1.0 1.0 1.0 1.0 0.125 0.072 0.245 0.053 0.073 0.218 2 2 2 2 2 2
1986-09-23T23:30:00 1986 9 23 23 30 0 -3.2 3.2 634.0 3.6 2.85 0.53 0.0 0.0 2 2 2 2 2 2 2 2 5.3 5.08 -37.0 3.2 3.2 3.2 3.2 3.2 3.2 0.085 0.036 0.237 0.03 0.023 0.09 2 2 2 2 2 2
