1986-11-14T00:30:00 1986 11 14 0 30 0 -1.1 -2.1 357.0 10.9 2.47 0.5 2.46 2.7 2 2 2 2 2 2 2 2 2.0 1.99 -1.0 -2.1 -2.1 -2.1 -2.1 -2.1 -2.1 0.337 0.569 0.217 0.219 0.524 1.292 2 2 2 2 2 2
1986-11-14T01:30:00 1986 11 14 1 30 0 -1.5 0.3 346.0 12.8 2.77 0.41 1.47 1.69 2 2 2 2 2 2 2 2 2.0 1.99 -3.0 0.3 0.3 0.3 0.3 0.3 0.3 0.297 0.442 0.214 0.17 0.317 0.931 2 2 2 2 2 2
1986-11-14T02:30:00 1986 11 14 2 30 0 -1.2 1.7 346.0 12.5 2.72 0.06 0.0 0.0 2 2 2 2 2 2 2 2 2.0 1.91 -3.0 1.7 1.7 1.7 1.7 1.7 1.7 0.201 0.22 0.207 0.095 0.1 0.386 2 2 2 2 2 2
1986-11-14T03:30:00 1986 11 14 3 30 0 -1.5 2.8 357.0 10.4 2.4 0.03 0.0 0.0 2 2 2 2 2 2 2 2 1.3 1.73 -2.0 2.8 2.8 2.8 2.8 2.8 2.8 0.136 0.109 0.201 0.053 0.032 0.16 2 2 2 2 2 2
1986-11-14T04:30:00 1986 11 14 4 30 0 -3.2 2.0 361.8 10.7 2.4 0.16 0.0 0.0 2 2 1 1 1 2 2 1 1.3 1.56 0.0 2.0 2.0 2.0 2.0 2.0 2.0 0.092 0.054 0.195 0.03 0.01 0.066 2 2 2 2 2 2
1986-11-14T05:30:00 1986 11 14 5 30 0 -3.2 1.72 366.7 12.38 2.87 0.36 0.0 0.0 1 1 1 1 1 1 1 1 1.3 1.56 0.0 1.47 1.52 1.35 1.35 1.51 1.56 0.062 0.027 0.189 0.017 0.003 0.028 2 2 2 2 2 2
1986-11-14T06:30:00 1986 11 14 6 30 0 -3.27 0.67 371.5 14.05 3.55 0.49 0.0 0.0 1 1 1 1 1 1 1 1 1.0 1.52 -1.0 -0.52 -0.26 -1.08 -1.04 -0.29 -0.08 0.064 0.053 0.185 0.047 0.054 0.1 2 1 2 1 1 1
1986-11-14T07:30:00 1986 11 14 7 30 0 -3.33 0.19 376.3 15.72 4.23 0.7 0.0 0.0 1 1 1 1 1 1 1 1 1.0 1.48 2.0 -1.0 -0.75 -1.56 -1.52 -0.77 -0.57 0.155 0.247 0.189 0.17 0.279 0.752 1 1 2 1 1 1
1986-11-14T08:30:00 1986 11 14 8 30 0 -3.4 -1.3 381.2 17.4 4.7 1.18 1.18 2.01 1 1 1 1 1 1 1 1 1.0 1.35 7.0 -1.55 -1.5 -1.67 -1.66 -1.51 -1.46 0.285 0.509 0.195 0.284 0.547 1.776 1 1 2 1 1 1
1986-11-14T09:30:00 1986 11 14 9 30 0 -3.4 -1.7 386.0 17.7 4.7 1.8 2.91 5.11 2 2 2 2 2 2 2 2 1.7 1.32 12.0 -1.7 -1.7 -1.7 -1.7 -1.7 -1.7 0.411 0.724 0.203 0.366 0.735 2.619 2 2 2 2 2 2
1986-11-14T10:30:00 1986 11 14 10 30 0 -3.2 0.4 399.0 12.4 3.97 1.18 1.21 1.94 2 2 2 2 2 2 2 2 1.7 1.29 7.0 0.4 0.4 0.4 0.4 0.4 0.4 0.34 0.502 0.2 0.245 0.384 1.663 2 2 2 2 2 2
1986-11-14T11:30:00 1986 11 14 11 30 0 -2.1 3.1 391.0 12.7 3.96 0.27 0.0 0.0 2 2 2 2 2 2 2 2 1.7 1.34 6.0 3.1 3.1 3.1 3.1 3.1 3.1 0.231 0.249 0.194 0.137 0.122 0.69 2 2 2 2 2 2
1986-11-14T12:30:00 1986 11 14 12 30 0 -3.8 1.1 390.0 11.5 3.4 0.36 0.0 0.0 2 2 2 2 2 2 2 2 1.0 1.3 5.0 1.1 1.1 1.1 1.1 1.1 1.1 0.156 0.124 0.188 0.077 0.039 0.286 2 2 2 2 2 2
1986-11-14T13:30:00 1986 11 14 13 30 0 -2.4 2.0 385.0 12.4 3.59 0.39 0.0 0.0 2 2 2 2 2 2 2 2 1.0 1.26 2.0 2.0 2.0 2.0 2.0 2.0 2.0 0.106 0.061 0.182 0.043 0.012 0.119 2 2 2 2 2 2
1986-11-14T14:30:00 1986 11 14 14 30 0 -1.5 0.1 386.0 13.8 4.11 0.16 0.0 0.0 2 2 2 2 2 2 2 2 1.0 1.26 0.0 0.1 0.1 0.1 0.1 0.1 0.1 0.072 0.031 0.176 0.024 0.004 0.049 2 2 2 2 2 2
1986-11-14T15:30:00 1986 11 14 15 30 0 -1.4 0.9 381.0 13.7 3.98 0.11 0.0 0.0 2 2 2 2 2 2 2 2 0.7 1.22 -3.0 0.9 0.9 0.9 0.9 0.9 0.9 0.048 0.015 0.171 0.013 0.001 0.02 2 2 2 2 2 2
1986-11-14T16:30:00 1986 11 14 16 30 0 0.4 0.9 376.0 16.43 4.61 0.01 0.0 0.0 2 2 1 1 1 2 2 1 0.7 1.18 -3.0 0.9 0.9 0.9 0.9 0.9 0.9 0.033 0.008 0.166 0.008 0.0 0.008 2 2 2 2 2 2
1986-11-14T17:30:00 1986 11 14 17 30 0 -1.7 -0.1 371.0 19.17 5.24 0.06 0.02 0.03 2 2 1 1 1 2 2 1 0.7 1.05 3.0 -0.1 -0.1 -0.1 -0.1 -0.1 -0.1 0.028 0.028 0.161 0.006 0.029 0.152 2 1 2 1 1 1
1986-11-14T18:30:00 1986 11 14 18 30 0 -0.8 0.3 366.0 21.9 5.87 0.11 0.02 0.03 2 2 2 2 2 2 2 2 1.0 0.97 1.0 0.3 0.3 0.3 0.3 0.3 0.3 0.019 0.014 0.156 0.003 0.009 0.063 2 1 2 1 1 1
1986-11-14T19:30:00 1986 11 14 19 30 0 -2.3 1.5 368.0 15.1 4.09 0.1 0.0 0.0 2 2 2 2 2 2 2 2 1.0 0.89 0.0 1.5 1.5 1.5 1.5 1.5 1.5 0.013 0.007 0.151 0.002 0.003 0.026 2 1 2 1 1 1
1986-11-14T20:30:00 1986 11 14 20 30 0 -1.9 -2.3 368.0 13.4 3.15 0.66 1.46 2.0 2 2 2 2 2 2 2 2 1.0 0.89 1.0 -2.3 -2.3 -2.3 -2.3 -2.3 -2.3 0.137 0.304 0.153 0.123 0.367 0.931 2 2 2 2 2 2
1986-11-14T21:30:00 1986 11 14 21 30 0 2.1 -2.6 369.0 13.2 3.17 1.49 4.54 6.03 2 2 2 2 2 2 2 2 1.3 0.93 3.0 -2.6 -2.6 -2.6 -2.6 -2.6 -2.6 0.364 0.697 0.167 0.358 0.742 1.871 2 2 2 2 2 2
1986-11-14T22:30:00 1986 11 14 22 30 0 0.0 0.7 367.0 13.2 3.19 0.49 1.69 2.23 2 2 2 2 2 2 2 2 1.3 0.97 -1.0 0.7 0.7 0.7 0.7 0.7 0.7 0.323 0.511 0.166 0.258 0.398 1.262 2 2 2 2 2 2
1986-11-14T23:30:00 1986 11 14 23 30 0 -1.5 -0.6 373.0 12.3 3.09 0.1 0.31 0.38 2 2 2 2 2 2 2 2 1.3 1.04 -3.0 -0.6 -0.6 -0.6 -0.6 -0.6 -0.6 0.251 0.351 0.162 0.163 0.247 0.861 2 2 2 2 2 2
