1986-01-19T00:30:00 1986 1 19 0 30 0 0.5 0.35 411.3 7.4 2.91 0.01 0.0 0.0 0 0 1 0 0 0 1 0 1.7 1.17 -11.0 -0.56 -0.36 -1.01 -0.98 -0.38 -0.23 0.185 0.229 0.124 0.17 0.23 0.427 0 0 1 0 0 0
1986-01-19T01:30:00 1986 1 19 1 30 0 0.5 0.35 415.9 7.4 2.92 0.01 0.0 0.0 0 0 1 0 0 0 1 0 1.7 1.3 -9.0 -0.56 -0.36 -1.02 -0.99 -0.38 -0.23 0.19 0.23 0.126 0.174 0.234 0.438 0 0 1 0 0 0
1986-01-19T02:30:00 1986 1 19 2 30 0 0.5 0.35 420.5 7.39 2.92 0.01 0.0 0.0 0 0 1 0 0 0 1 0 1.7 1.38 -9.0 -0.56 -0.36 -1.02 -0.99 -0.38 -0.23 0.194 0.231 0.128 0.178 0.238 0.45 0 0 1 0 0 0
1986-01-19T03:30:00 1986 1 19 3 30 0 0.5 0.35 425.2 7.39 2.92 0.01 0.0 0.0 0 0 1 0 0 0 1 0 1.3 1.42 -7.0 -0.56 -0.36 -1.02 -0.99 -0.38 -0.23 0.197 0.231 0.131 0.181 0.243 0.462 0 0 1 0 0 0
1986-01-19T04:30:00 1986 1 19 4 30 0 0.5 0.35 429.8 7.38 2.92 0.01 0.0 0.0 0 0 1 0 0 0 1 0 1.3 1.45 -5.0 -0.56 -0.36 -1.02 -0.99 -0.38 -0.23 0.2 0.232 0.133 0.184 0.247 0.473 0 0 1 0 0 0
1986-01-19T05:30:00 1986 1 19 5 30 0 0.51 0.35 434.5 7.38 2.92 0.01 0.0 0.0 0 0 1 0 0 0 1 0 1.3 1.45 -6.0 -0.56 -0.36 -1.02 -0.99 -0.38 -0.23 0.202 0.232 0.135 0.187 0.251 0.486 0 0 1 0 0 0
1986-01-19T06:30:00 1986 1 19 6 30 0 0.51 0.35 439.2 7.37 2.92 0.01 0.0 0.0 0 0 1 0 0 0 1 0 0.7 1.37 -6.0 -0.56 -0.36 -1.03 -1.0 -0.38 -0.23 0.204 0.233 0.138 0.19 0.255 0.498 0 0 1 0 0 0
1986-01-19T07:30:00 1986 1 19 7 30 0 0.51 0.35 443.9 7.37 2.92 0.01 0.0 0.0 0 0 1 0 0 0 1 0 0.7 1.29 -7.0 -0.57 -0.36 -1.03 -1.0 -0.38 -0.23 0.207 0.233 0.141 0.194 0.26 0.511 0 0 1 0 0 0
1986-01-19T08:30:00 1986 1 19 8 30 0 0.51 0.35 448.7 7.36 2.92 0.01 0.0 0.0 0 0 1 0 0 0 1 0 0.7 1.16 -4.0 -0.57 -0.37 -1.03 -1.0 -0.38 -0.23 0.21 0.235 0.144 0.197 0.264 0.523 0 0 1 0 0 0
1986-01-19T09:30:00 1986 1 19 9 30 0 0.51 0.35 453.4 7.36 2.92 0.01 0.0 0.0 0 0 1 0 0 0 1 0 0.7 1.04 -2.0 -0.57 -0.37 -1.03 -1.0 -0.39 -0.23 0.212 0.237 0.147 0.199 0.271 0.536 0 0 1 0 0 0
1986-01-19T10:30:00 1986 1 19 10 30 0 0.51 0.35 458.2 7.35 2.93 0.01 0.0 0.0 0 0 1 0 0 0 1 0 0.7 0.92 -2.0 -0.57 -0.37 -1.04 -1.0 -0.39 -0.23 0.215 0.238 0.15 0.202 0.277 0.55 0 0 1 0 0 0
1986-01-19T11:30:00 1986 1 19 11 30 0 0.51 0.35 463.0 7.35 2.93 0.01 0.0 0.0 0 0 1 0 0 0 1 0 0.7 0.84 -3.0 -0.57 -0.37 -1.04 -1.01 -0.39 -0.23 0.217 0.238 0.153 0.206 0.282 0.563 0 0 1 0 0 0
1986-01-19T12:30:00 1986 1 19 12 30 0 0.52 0.35 467.8 7.35 2.93 0.01 0.0 0.0 0 0 1 0 0 0 1 0 0.7 0.77 -5.0 -0.57 -0.37 -1.04 -1.01 -0.39 -0.23 0.219 0.239 0.156 0.209 0.287 0.577 0 0 1 0 0 0
1986-01-19T13:30:00 1986 1 19 13 30 0 0.52 0.35 472.7 7.34 2.93 0.01 0.0 0.0 0 0 1 0 0 0 1 0 0.7 0.7 -7.0 -0.57 -0.37 -1.04 -1.01 -0.39 -0.23 0.221 0.239 0.16 0.212 0.292 0.591 0 0 1 0 0 0
1986-01-19T14:30:00 1986 1 19 14 30 0 0.52 0.34 477.5 7.34 2.93 0.01 0.0 0.0 0 0 1 0 0 0 1 0 0.7 0.7 -7.0 -0.57 -0.37 -1.04 -1.01 -0.39 -0.23 0.223 0.24 0.163 0.215 0.297 0.606 0 0 1 0 0 0
1986-01-19T15:30:00 1986 1 19 15 30 0 0.52 0.34 482.4 7.33 2.93 0.01 0.0 0.0 0 0 1 0 0 0 1 0 0.7 0.7 -9.0 -0.57 -0.37 -1.05 -1.01 -0.39 -0.23 0.224 0.24 0.167 0.218 0.302 0.62 0 0 0 0 0 0
1986-01-19T16:30:00 1986 1 19 16 30 0 0.52 0.34 487.3 7.33 2.93 0.01 0.0 0.0 0 0 1 0 0 0 1 0 0.7 0.7 -10.0 -0.57 -0.37 -1.05 -1.02 -0.39 -0.23 0.226 0.241 0.171 0.222 0.306 0.635 0 0 0 0 0 0
1986-01-19T17:30:00 1986 1 19 17 30 0 0.52 0.34 492.2 7.32 2.93 0.01 0.0 0.0 0 0 1 0 0 0 1 0 0.7 0.7 -8.0 -0.57 -0.37 -1.05 -1.02 -0.39 -0.23 0.228 0.241 0.174 0.226 0.311 0.65 0 0 0 0 0 0
1986-01-19T18:30:00 1986 1 19 18 30 0 0.52 0.34 497.2 7.32 2.93 0.01 0.0 0.0 0 0 1 0 0 0 1 0 1.0 0.74 -7.0 -0.58 -0.37 -1.05 -1.02 -0.39 -0.23 0.231 0.241 0.178 0.229 0.316 0.665 0 0 0 0 0 0
1986-01-19T19:30:00 1986 1 19 19 30 0 0.52 0.34 502.1 7.31 2.94 0.01 0.0 0.0 0 0 1 0 0 0 1 0 1.0 0.78 -12.0 -0.58 -0.37 -1.05 -1.02 -0.39 -0.24 0.233 0.242 0.182 0.232 0.321 0.687 0 0 0 0 0 0
1986-01-19T20:30:00 1986 1 19 20 30 0 0.53 0.34 507.1 7.31 2.94 0.01 0.0 0.0 0 0 1 0 0 0 1 0 1.0 0.82 -14.0 -0.58 -0.37 -1.06 -1.02 -0.39 -0.24 0.236 0.242 0.187 0.235 0.326 0.709 0 0 0 0 0 0
1986-01-19T21:30:00 1986 1 19 21 30 0 0.53 0.34 509.8 7.3 2.94 0.01 0.0 0.0 0 0 0 0 0 0 0 0 1.7 0.95 -16.0 -0.58 -0.37 -1.06 -1.03 -0.39 -0.24 0.238 0.242 0.191 0.239 0.33 0.724 0 0 0 0 0 0
1986-01-19T22:30:00 1986 1 19 22 30 0 0.53 0.34 510.0 7.3 2.94 0.01 0.0 0.0 0 0 0 0 0 0 0 0 1.7 1.07 -15.0 -0.58 -0.37 -1.06 -1.03 -0.39 -0.24 0.239 0.243 0.195 0.241 0.332 0.732 0 0 0 0 0 0
1986-01-19T23:30:00 1986 1 19 23 30 0 0.53 0.34 510.3 7.29 2.94 0.01 0.0 0.0 0 0 0 0 0 0 0 0 1.7 1.2 -18.0 -0.58 -0.37 -1.06 -1.03 -0.39 -0.24 0.24 0.243 0.199 0.243 0.333 0.736 0 0 0 0 0 0
