1986-09-06T00:30:00 1986 9 6 0 30 0 -0.73 0.95 392.6 8.24 3.27 0.01 0.0 0.0 0 0 1 0 0 0 1 0 4.0 2.93 -20.0 -0.46 -0.29 -0.84 -0.82 -0.31 -0.18 0.174 0.209 0.217 0.143 0.2 0.411 0 0 0 0 0 0
1986-09-06T01:30:00 1986 9 6 1 30 0 -0.72 0.95 386.5 8.25 3.28 0.01 0.0 0.0 0 0 1 0 0 0 1 0 4.0 3.27 -27.0 -0.46 -0.29 -0.84 -0.82 -0.31 -0.18 0.172 0.208 0.215 0.14 0.195 0.396 0 0 0 0 0 0
1986-09-06T02:30:00 1986 9 6 2 30 0 -0.72 0.95 380.5 8.25 3.28 0.01 0.0 0.0 0 0 1 0 0 0 1 0 4.0 3.43 -29.0 -0.46 -0.29 -0.84 -0.82 -0.31 -0.18 0.17 0.208 0.212 0.137 0.191 0.382 0 0 0 0 0 0
1986-09-06T03:30:00 1986 9 6 3 30 0 -0.72 0.95 374.4 8.25 3.28 0.01 0.0 0.0 0 0 1 0 0 0 1 0 2.0 3.33 -22.0 -0.46 -0.29 -0.84 -0.82 -0.31 -0.18 0.167 0.207 0.209 0.135 0.186 0.368 0 0 0 0 0 0
1986-09-06T04:30:00 1986 9 6 4 30 0 -0.72 0.95 368.3 8.25 3.28 0.01 0.0 0.0 0 0 1 0 0 0 1 0 2.0 3.23 -15.0 -0.46 -0.29 -0.84 -0.82 -0.31 -0.18 0.165 0.206 0.207 0.132 0.181 0.354 0 0 0 0 0 0
1986-09-06T05:30:00 1986 9 6 5 30 0 -0.72 0.95 362.2 8.26 3.28 0.01 0.0 0.0 0 0 1 0 0 0 1 0 2.0 3.06 -10.0 -0.46 -0.29 -0.84 -0.82 -0.31 -0.18 0.163 0.206 0.204 0.129 0.176 0.34 0 0 0 0 0 0
1986-09-06T06:30:00 1986 9 6 6 30 0 -0.72 0.96 356.2 8.26 3.28 0.01 0.0 0.0 0 0 1 0 0 0 1 0 0.7 2.72 -2.0 -0.46 -0.29 -0.84 -0.82 -0.31 -0.18 0.161 0.205 0.201 0.127 0.172 0.327 0 0 0 0 0 0
1986-09-06T07:30:00 1986 9 6 7 30 0 -0.71 0.96 350.1 8.26 3.28 0.01 0.0 0.0 0 0 1 0 0 0 1 0 0.7 2.39 2.0 -0.46 -0.29 -0.84 -0.82 -0.31 -0.18 0.159 0.205 0.198 0.124 0.167 0.314 0 0 0 0 0 0
1986-09-06T08:30:00 1986 9 6 8 30 0 -0.71 0.96 344.0 8.26 3.28 0.01 0.0 0.0 0 0 1 0 0 0 1 0 0.7 1.97 4.0 -0.46 -0.29 -0.84 -0.82 -0.31 -0.18 0.157 0.204 0.195 0.122 0.163 0.302 0 0 0 0 0 0
1986-09-06T09:30:00 1986 9 6 9 30 0 -0.71 0.96 341.0 8.27 3.28 0.01 0.0 0.0 0 0 1 0 0 0 1 0 2.0 1.74 3.0 -0.46 -0.29 -0.84 -0.82 -0.31 -0.18 0.155 0.204 0.193 0.119 0.159 0.292 0 0 0 0 0 0
1986-09-06T10:30:00 1986 9 6 10 30 0 -0.71 0.96 341.0 8.27 3.29 0.01 0.0 0.0 0 0 1 0 0 0 1 0 2.0 1.51 0.0 -0.46 -0.29 -0.84 -0.82 -0.31 -0.18 0.154 0.203 0.19 0.118 0.158 0.287 0 0 0 0 0 0
1986-09-06T11:30:00 1986 9 6 11 30 0 -0.71 0.96 341.0 8.27 3.29 0.01 0.0 0.0 0 0 1 0 0 0 1 0 2.0 1.52 -4.0 -0.46 -0.29 -0.84 -0.82 -0.31 -0.18 0.153 0.203 0.187 0.117 0.157 0.285 0 0 0 0 0 0
1986-09-06T12:30:00 1986 9 6 12 30 0 -0.71 0.96 341.0 8.27 3.29 0.01 0.0 0.0 0 0 1 0 0 0 1 0 2.0 1.52 -10.0 -0.46 -0.29 -0.84 -0.82 -0.31 -0.18 0.152 0.203 0.184 0.117 0.157 0.284 0 0 0 0 0 0
1986-09-06T13:30:00 1986 9 6 13 30 0 -0.7 0.97 341.0 8.28 3.29 0.01 0.0 0.0 0 0 1 0 0 0 1 0 2.0 1.53 -15.0 -0.46 -0.29 -0.84 -0.82 -0.31 -0.18 0.152 0.203 0.182 0.116 0.157 0.284 0 0 0 0 0 0
1986-09-06T14:30:00 1986 9 6 14 30 0 -0.7 0.97 341.0 8.28 3.29 0.01 0.0 0.0 0 0 1 0 0 0 1 0 2.0 1.69 -17.0 -0.46 -0.29 -0.84 -0.82 -0.31 -0.18 0.151 0.203 0.179 0.116 0.157 0.284 0 0 0 0 0 0
1986-09-06T15:30:00 1986 9 6 15 30 0 -0.7 0.97 341.0 8.28 3.29 0.01 0.0 0.0 0 0 1 0 0 0 1 0 2.0 1.85 -17.0 -0.46 -0.29 -0.84 -0.82 -0.31 -0.18 0.151 0.203 0.177 0.116 0.157 0.284 0 0 0 0 0 0
1986-09-06T16:30:00 1986 9 6 16 30 0 -0.7 0.97 341.0 8.41 3.29 0.01 0.0 0.0 0 0 1 1 0 0 1 1 2.0 2.0 -19.0 -0.46 -0.29 -0.84 -0.82 -0.31 -0.18 0.151 0.204 0.175 0.116 0.158 0.286 0 0 0 0 0 0
1986-09-06T17:30:00 1986 9 6 17 30 0 -0.85 0.97 341.0 8.65 3.28 0.01 0.0 0.0 1 0 1 1 1 1 1 1 2.0 2.0 -19.0 -0.46 -0.29 -0.84 -0.82 -0.31 -0.18 0.152 0.205 0.172 0.117 0.159 0.292 0 0 0 0 0 0
1986-09-06T18:30:00 1986 9 6 18 30 0 -1.26 0.97 341.0 8.88 2.94 0.03 0.0 0.0 1 0 1 1 1 1 1 1 0.7 1.83 -17.0 -0.46 -0.29 -0.84 -0.82 -0.31 -0.18 0.153 0.207 0.17 0.118 0.161 0.301 0 0 0 0 0 0
1986-09-06T19:30:00 1986 9 6 19 30 0 -1.67 0.88 341.0 9.11 2.6 0.07 0.0 0.0 1 1 1 1 1 1 1 1 0.7 1.66 -14.0 -0.36 -0.21 -0.69 -0.67 -0.23 -0.12 0.148 0.195 0.168 0.111 0.148 0.286 0 0 0 0 1 1
1986-09-06T20:30:00 1986 9 6 20 30 0 -1.9 0.42 341.0 9.3 2.27 0.14 0.0 0.0 1 1 1 1 1 1 1 1 0.7 1.5 -13.0 0.16 0.19 0.09 0.1 0.19 0.21 0.109 0.11 0.163 0.071 0.059 0.133 0 1 0 0 1 1
1986-09-06T21:30:00 1986 9 6 21 30 0 -1.9 0.3 341.0 9.3 2.16 0.2 0.0 0.0 2 2 1 1 1 2 2 1 1.3 1.41 -18.0 0.3 0.3 0.3 0.3 0.3 0.3 0.074 0.055 0.158 0.04 0.019 0.055 0 1 0 0 1 1
1986-09-06T22:30:00 1986 9 6 22 30 0 -1.6 1.6 341.0 9.3 2.16 0.11 0.0 0.0 2 2 2 2 2 2 2 2 1.3 1.33 -17.0 1.6 1.6 1.6 1.6 1.6 1.6 0.05 0.027 0.153 0.022 0.006 0.023 0 1 0 0 1 1
1986-09-06T23:30:00 1986 9 6 23 30 0 -0.7 2.5 359.0 11.7 3.02 0.02 0.0 0.0 2 2 2 2 2 2 2 2 1.3 1.24 -12.0 2.5 2.5 2.5 2.5 2.5 2.5 0.034 0.013 0.149 0.013 0.002 0.009 0 1 0 0 1 1
