1986-10-03T00:30:00 1986 10 3 0 30 0 0.4 -0.6 465.0 18.7 8.09 0.14 1.14 2.27 2 2 2 2 2 2 2 2 3.3 3.68 -19.0 -0.6 -0.6 -0.6 -0.6 -0.6 -0.6 0.312 0.414 0.37 0.173 0.512 2.796 2 2 1 2 2 2
1986-10-03T01:30:00 1986 10 3 1 30 0 0.7 1.0 462.0 19.0 8.11 0.03 0.21 0.39 2 2 2 2 2 2 2 2 3.3 3.44 -13.0 1.0 1.0 1.0 1.0 1.0 1.0 0.22 0.229 0.359 0.1 0.19 1.344 2 2 1 2 2 2
1986-10-03T02:30:00 1986 10 3 2 30 0 1.5 0.1 453.0 16.4 6.73 0.08 0.0 0.0 2 2 2 2 2 2 2 2 3.3 3.4 -11.0 0.1 0.1 0.1 0.1 0.1 0.1 0.149 0.114 0.348 0.056 0.06 0.558 2 2 1 2 2 2
1986-10-03T03:30:00 1986 10 3 3 30 0 0.3 -0.8 442.0 14.6 5.7 0.16 0.87 1.31 2 2 2 2 2 2 2 2 3.0 3.31 -14.0 -0.8 -0.8 -0.8 -0.8 -0.8 -0.8 0.18 0.256 0.341 0.082 0.318 1.38 2 2 1 2 2 2
1986-10-03T04:30:00 1986 10 3 4 30 0 -0.9 0.1 443.0 14.9 5.85 0.07 0.71 1.05 2 2 2 2 2 2 2 2 3.0 3.22 -14.0 0.1 0.1 0.1 0.1 0.1 0.1 0.162 0.226 0.332 0.066 0.226 1.131 2 2 1 2 2 2
1986-10-03T05:30:00 1986 10 3 5 30 0 0.8 -1.1 411.0 8.5 2.87 0.14 1.15 1.19 2 2 2 2 2 2 2 2 3.0 3.18 -16.0 -1.1 -1.1 -1.1 -1.1 -1.1 -1.1 0.195 0.317 0.326 0.097 0.358 1.183 2 2 1 2 2 2
1986-10-03T06:30:00 1986 10 3 6 30 0 1.4 0.5 406.0 8.3 2.74 0.18 0.68 0.58 2 2 2 2 2 2 2 2 2.0 3.01 -18.0 0.5 0.5 0.5 0.5 0.5 0.5 0.159 0.218 0.317 0.069 0.182 0.66 2 2 1 2 2 2
1986-10-03T07:30:00 1986 10 3 7 30 0 -0.5 0.7 400.0 6.5 2.08 0.02 0.0 0.0 2 2 2 2 2 2 2 2 2.0 2.85 -19.0 0.7 0.7 0.7 0.7 0.7 0.7 0.108 0.108 0.308 0.039 0.058 0.274 2 2 1 2 2 2
1986-10-03T08:30:00 1986 10 3 8 30 0 -2.5 1.2 398.0 5.7 1.81 0.11 0.0 0.0 2 2 2 2 2 2 2 2 2.0 2.68 -19.0 1.2 1.2 1.2 1.2 1.2 1.2 0.073 0.054 0.298 0.022 0.018 0.114 2 2 1 2 2 2
1986-10-03T09:30:00 1986 10 3 9 30 0 -1.1 0.3 400.0 3.9 1.25 0.15 0.0 0.0 2 2 2 2 2 2 2 2 1.0 2.39 -20.0 0.3 0.3 0.3 0.3 0.3 0.3 0.049 0.027 0.289 0.012 0.006 0.047 2 2 1 2 2 2
1986-10-03T10:30:00 1986 10 3 10 30 0 -1.2 1.2 391.0 3.9 1.19 0.05 0.0 0.0 2 2 2 2 2 2 2 2 1.0 2.1 -17.0 1.2 1.2 1.2 1.2 1.2 1.2 0.033 0.013 0.28 0.007 0.002 0.02 2 2 1 2 2 2
1986-10-03T11:30:00 1986 10 3 11 30 0 -1.2 1.11 383.0 4.0 1.17 0.04 0.0 0.0 1 1 1 1 1 1 1 1 1.0 1.85 -17.0 0.9 0.92 0.84 0.84 0.92 0.94 0.023 0.007 0.272 0.004 0.001 0.008 2 2 1 2 2 2
1986-10-03T12:30:00 1986 10 3 12 30 0 -1.16 0.77 375.0 4.1 1.15 0.04 0.0 0.0 1 1 2 2 2 1 2 2 0.7 1.57 -17.0 -0.23 -0.09 -0.52 -0.5 -0.11 0.0 0.022 0.014 0.264 0.011 0.017 0.003 2 1 1 1 1 2
1986-10-03T13:30:00 1986 10 3 13 30 0 -1.08 0.71 383.0 4.34 1.15 0.04 0.0 0.0 1 0 1 1 1 1 1 1 0.7 1.28 -16.0 -0.45 -0.29 -0.77 -0.75 -0.3 -0.18 0.049 0.072 0.258 0.04 0.088 0.076 0 0 1 0 0 0
1986-10-03T14:30:00 1986 10 3 14 30 0 -0.97 0.71 391.0 5.67 1.63 0.04 0.0 0.0 1 0 1 1 1 1 1 1 0.7 1.12 -15.0 -0.45 -0.29 -0.77 -0.75 -0.3 -0.18 0.077 0.12 0.253 0.067 0.136 0.158 0 0 1 0 0 0
1986-10-03T15:30:00 1986 10 3 15 30 0 -0.85 0.71 399.0 7.0 2.35 0.03 0.0 0.0 1 0 1 1 1 1 1 1 1.7 1.1 -13.0 -0.45 -0.29 -0.77 -0.75 -0.3 -0.18 0.102 0.154 0.249 0.087 0.165 0.244 0 0 1 0 0 0
1986-10-03T16:30:00 1986 10 3 16 30 0 -0.75 1.32 407.0 8.33 3.06 0.01 0.0 0.0 1 1 1 1 1 1 1 1 1.7 1.07 -14.0 0.32 0.46 0.03 0.05 0.44 0.55 0.078 0.086 0.243 0.062 0.063 0.101 0 0 1 0 0 0
1986-10-03T17:30:00 1986 10 3 17 30 0 -0.7 4.46 415.0 9.66 3.54 0.0 0.0 0.0 1 1 1 1 1 1 1 1 1.7 1.16 -9.0 4.25 4.28 4.19 4.2 4.28 4.3 0.053 0.043 0.235 0.035 0.02 0.042 0 0 1 0 0 0
1986-10-03T18:30:00 1986 10 3 18 30 0 -0.7 5.3 423.0 9.9 3.54 0.0 0.0 0.0 2 2 2 2 2 2 2 2 1.7 1.25 -5.0 5.3 5.3 5.3 5.3 5.3 5.3 0.036 0.021 0.228 0.02 0.006 0.017 0 0 1 0 0 0
1986-10-03T19:30:00 1986 10 3 19 30 0 -1.3 1.8 423.0 15.3 5.48 0.01 0.0 0.0 2 2 2 2 2 2 2 2 1.7 1.34 -3.0 1.8 1.8 1.8 1.8 1.8 1.8 0.024 0.011 0.221 0.011 0.002 0.007 0 0 1 0 0 0
1986-10-03T20:30:00 1986 10 3 20 30 0 -2.4 -0.7 425.0 13.4 4.84 0.31 0.27 0.37 2 2 2 2 2 2 2 2 1.7 1.46 -4.0 -0.7 -0.7 -0.7 -0.7 -0.7 -0.7 0.049 0.096 0.216 0.028 0.139 0.459 1 2 1 2 2 2
1986-10-03T21:30:00 1986 10 3 21 30 0 1.2 0.2 412.0 13.7 4.65 0.17 0.51 0.69 2 2 2 2 2 2 2 2 3.0 1.75 -12.0 0.2 0.2 0.2 0.2 0.2 0.2 0.06 0.117 0.21 0.028 0.123 0.522 2 2 1 2 2 2
1986-10-03T22:30:00 1986 10 3 22 30 0 -2.6 2.0 418.0 12.0 4.19 0.06 0.0 0.0 2 2 2 2 2 2 2 2 3.0 2.04 -16.0 2.0 2.0 2.0 2.0 2.0 2.0 0.041 0.058 0.204 0.016 0.039 0.217 2 2 1 2 2 2
1986-10-03T23:30:00 1986 10 3 23 30 0 -2.87 1.76 413.0 10.77 3.69 0.27 0.0 0.0 1 1 1 1 1 1 1 1 3.0 2.2 -21.0 1.55 1.58 1.49 1.49 1.57 1.6 0.027 0.029 0.197 0.009 0.012 0.09 2 2 1 2 2 2
