1986-03-07T00:30:00 1986 3 7 0 30 0 2.6 -3.4 461.0 6.3 2.88 4.71 8.0 5.04 1 1 2 2 2 1 2 2 5.0 4.87 -67.0 -3.4 -3.4 -3.4 -3.4 -3.4 -3.4 1.265 1.12 0.976 1.205 1.276 2.342 2 2 2 2 1 1
1986-03-07T01:30:00 1986 3 7 1 30 0 1.1 -3.4 418.0 5.4 1.8 3.4 7.44 4.33 2 2 2 2 2 2 2 2 5.0 4.9 -63.0 -3.4 -3.4 -3.4 -3.4 -3.4 -3.4 1.147 1.024 0.975 1.043 1.101 1.826 2 2 2 2 2 2
1986-03-07T02:30:00 1986 3 7 2 30 0 1.1 -2.73 423.9 5.4 1.8 2.44 6.39 3.45 1 1 1 1 1 1 1 1 5.0 5.02 -64.0 -2.92 -2.87 -3.02 -3.01 -2.88 -2.84 1.033 0.93 0.97 0.899 0.96 1.468 2 1 2 2 1 1
1986-03-07T03:30:00 1986 3 7 3 30 0 1.08 -0.26 429.8 5.4 1.92 0.79 2.97 1.6 1 1 1 1 1 1 1 1 4.0 5.01 -68.0 -1.14 -0.92 -1.6 -1.58 -0.94 -0.75 0.857 0.727 0.955 0.69 0.683 1.085 1 1 2 1 1 1
1986-03-07T04:30:00 1986 3 7 4 30 0 1.04 0.2 435.8 5.64 2.28 0.11 0.14 0.07 1 0 1 1 1 1 1 1 4.0 4.99 -72.0 -0.8 -0.54 -1.34 -1.3 -0.57 -0.36 0.672 0.515 0.935 0.502 0.446 0.746 1 1 2 1 1 1
1986-03-07T05:30:00 1986 3 7 5 30 0 1.0 0.2 441.7 5.94 2.65 0.07 0.0 0.0 1 0 1 1 1 1 1 1 4.0 4.78 -64.0 -0.8 -0.54 -1.33 -1.3 -0.57 -0.36 0.539 0.394 0.916 0.391 0.354 0.592 1 1 2 1 0 0
1986-03-07T06:30:00 1986 3 7 6 30 0 0.98 0.2 447.6 6.24 3.02 0.07 0.0 0.0 0 0 1 1 1 0 1 1 3.7 4.53 -61.0 -0.8 -0.54 -1.33 -1.3 -0.57 -0.36 0.452 0.338 0.897 0.333 0.335 0.556 1 0 2 0 0 0
1986-03-07T07:30:00 1986 3 7 7 30 0 0.99 0.2 453.5 6.65 3.03 0.07 0.0 0.0 0 0 1 1 0 0 1 1 3.7 4.28 -63.0 -0.8 -0.54 -1.33 -1.3 -0.57 -0.36 0.396 0.314 0.879 0.306 0.339 0.577 1 0 2 0 0 0
1986-03-07T08:30:00 1986 3 7 8 30 0 0.99 0.2 459.4 7.02 3.04 0.07 0.0 0.0 0 0 1 1 1 0 1 1 3.7 4.12 -58.0 -0.8 -0.54 -1.33 -1.3 -0.57 -0.36 0.361 0.306 0.863 0.295 0.35 0.624 1 0 2 0 0 0
1986-03-07T09:30:00 1986 3 7 9 30 0 1.33 0.2 465.3 7.23 3.29 0.11 0.0 0.0 1 0 1 1 1 1 1 1 4.0 4.0 -52.0 -0.8 -0.54 -1.33 -1.3 -0.57 -0.36 0.34 0.305 0.847 0.293 0.363 0.674 0 0 2 0 0 0
1986-03-07T10:30:00 1986 3 7 10 30 0 2.26 0.2 471.2 7.43 3.53 0.29 0.0 0.0 1 0 1 1 1 1 1 1 4.0 3.89 -41.0 -0.8 -0.54 -1.33 -1.3 -0.57 -0.36 0.327 0.307 0.832 0.296 0.375 0.724 0 0 2 0 0 0
1986-03-07T11:30:00 1986 3 7 11 30 0 3.19 -0.17 477.2 7.6 3.77 0.76 0.11 0.08 1 1 1 1 1 1 1 1 4.0 3.89 -42.0 -1.04 -0.82 -1.5 -1.47 -0.84 -0.66 0.337 0.346 0.82 0.316 0.446 0.901 1 1 2 1 1 1
1986-03-07T12:30:00 1986 3 7 12 30 0 3.7 -2.09 483.1 7.6 3.85 2.08 2.91 2.21 1 1 1 1 1 1 1 1 3.3 3.8 -44.0 -2.27 -2.23 -2.37 -2.36 -2.23 -2.19 0.436 0.522 0.816 0.428 0.752 1.49 1 1 2 1 1 1
1986-03-07T13:30:00 1986 3 7 13 30 0 3.7 -2.6 489.0 7.6 3.85 3.57 5.75 4.37 2 2 2 2 2 2 2 2 3.3 3.71 -46.0 -2.6 -2.6 -2.6 -2.6 -2.6 -2.6 0.567 0.701 0.82 0.567 1.012 2.022 1 2 2 1 2 2
1986-03-07T14:30:00 1986 3 7 14 30 0 4.8 -1.9 487.0 7.5 3.56 3.98 5.42 4.09 2 2 2 2 2 2 2 2 3.3 3.66 -49.0 -1.9 -1.9 -1.9 -1.9 -1.9 -1.9 0.622 0.745 0.818 0.582 1.006 2.117 2 2 2 2 2 2
1986-03-07T15:30:00 1986 3 7 15 30 0 6.2 -1.2 485.0 7.5 3.49 4.44 3.7 2.77 2 2 2 2 2 2 2 2 4.3 3.74 -53.0 -1.2 -1.2 -1.2 -1.2 -1.2 -1.2 0.589 0.672 0.807 0.483 0.832 1.894 2 2 2 2 2 2
1986-03-07T16:30:00 1986 3 7 16 30 0 7.3 0.6 478.0 7.8 3.51 4.43 0.85 0.64 2 2 2 2 2 2 2 2 4.3 3.81 -52.0 0.6 0.6 0.6 0.6 0.6 0.6 0.43 0.395 0.785 0.289 0.351 1.011 2 2 2 2 2 2
1986-03-07T17:30:00 1986 3 7 17 30 0 1.4 -0.4 492.0 6.9 3.47 1.77 0.24 0.17 2 2 2 2 2 2 2 2 4.3 3.86 -49.0 -0.4 -0.4 -0.4 -0.4 -0.4 -0.4 0.312 0.253 0.761 0.173 0.219 0.662 2 2 2 2 2 2
1986-03-07T18:30:00 1986 3 7 18 30 0 6.5 -2.6 573.0 4.8 3.18 3.81 4.34 2.39 2 2 2 2 2 2 2 2 4.7 3.95 -52.0 -2.6 -2.6 -2.6 -2.6 -2.6 -2.6 0.412 0.442 0.76 0.327 0.756 1.305 2 2 2 2 2 2
1986-03-07T19:30:00 1986 3 7 19 30 0 1.0 -3.4 564.0 5.6 3.52 5.45 8.61 4.52 2 2 2 2 2 2 2 2 4.7 4.04 -64.0 -3.4 -3.4 -3.4 -3.4 -3.4 -3.4 0.605 0.672 0.784 0.637 1.247 2.003 2 2 2 2 2 2
1986-03-07T20:30:00 1986 3 7 20 30 0 -1.2 -1.6 590.0 4.6 3.16 2.16 6.99 3.58 2 2 2 2 2 2 2 2 4.7 4.22 -71.0 -1.6 -1.6 -1.6 -1.6 -1.6 -1.6 0.65 0.675 0.792 0.645 1.158 1.965 2 2 2 2 2 2
1986-03-07T21:30:00 1986 3 7 21 30 0 0.1 -3.8 563.0 4.7 2.96 2.8 8.01 3.73 2 2 2 2 2 2 2 2 5.0 4.43 -64.0 -3.8 -3.8 -3.8 -3.8 -3.8 -3.8 0.744 0.755 0.811 0.785 1.324 2.048 2 2 2 2 2 2
1986-03-07T22:30:00 1986 3 7 22 30 0 -0.8 -3.2 560.0 5.2 3.22 3.95 9.75 4.84 2 2 2 2 2 2 2 2 5.0 4.63 -63.0 -3.2 -3.2 -3.2 -3.2 -3.2 -3.2 0.844 0.837 0.837 0.923 1.428 2.218 2 2 2 2 2 2
1986-03-07T23:30:00 1986 3 7 23 30 0 2.1 -1.3 557.0 5.9 3.7 1.89 6.06 3.35 2 2 2 2 2 2 2 2 5.0 4.72 -60.0 -1.3 -1.3 -1.3 -1.3 -1.3 -1.3 0.79 0.744 0.838 0.762 1.139 2.059 2 2 2 2 2 2
