1986-02-06T00:30:00 1986 2 6 0 30 0 -1.63 0.15 355.3 7.8 1.93 0.09 0.0 0.0 1 1 1 1 1 1 1 1 0.3 2.17 1.0 -0.83 -0.56 -1.48 -1.44 -0.58 -0.38 0.256 0.3 0.359 0.261 0.25 0.398 0 1 0 0 1 1
1986-02-06T01:30:00 1986 2 6 1 30 0 -2.2 -0.36 354.7 7.8 1.8 0.32 0.25 0.2 1 1 1 1 1 1 1 1 0.3 1.83 1.0 -0.57 -0.51 -0.71 -0.7 -0.52 -0.47 0.24 0.298 0.352 0.209 0.243 0.437 1 1 0 1 1 1
1986-02-06T02:30:00 1986 2 6 2 30 0 -2.2 -0.5 354.0 7.8 1.8 0.49 0.77 0.6 2 2 2 2 2 2 2 2 0.3 1.64 1.0 -0.5 -0.5 -0.5 -0.5 -0.5 -0.5 0.218 0.293 0.344 0.15 0.233 0.468 1 1 0 1 2 2
1986-02-06T03:30:00 1986 2 6 3 30 0 -1.4 -0.2 352.0 9.7 2.1 0.32 0.6 0.52 2 2 2 2 2 2 2 2 0.3 1.46 1.0 -0.2 -0.2 -0.2 -0.2 -0.2 -0.2 0.183 0.253 0.334 0.099 0.184 0.452 1 2 0 1 2 2
1986-02-06T04:30:00 1986 2 6 4 30 0 -1.8 1.0 350.0 10.8 2.28 0.14 0.01 0.01 2 2 2 2 2 2 2 2 0.3 1.28 2.0 1.0 1.0 1.0 1.0 1.0 1.0 0.124 0.126 0.324 0.055 0.058 0.188 1 2 0 1 2 2
1986-02-06T05:30:00 1986 2 6 5 30 0 -2.8 0.0 353.0 12.8 2.78 0.32 0.0 0.0 2 2 2 2 2 2 2 2 0.3 0.95 3.0 0.0 0.0 0.0 0.0 0.0 0.0 0.084 0.062 0.314 0.031 0.018 0.078 1 2 0 1 2 2
1986-02-06T06:30:00 1986 2 6 6 30 0 -2.5 0.3 353.0 14.7 3.12 0.47 0.0 0.0 2 2 2 2 2 2 2 2 1.0 0.71 2.0 0.3 0.3 0.3 0.3 0.3 0.3 0.057 0.031 0.304 0.017 0.006 0.032 1 2 0 1 2 2
1986-02-06T07:30:00 1986 2 6 7 30 0 -2.1 1.3 352.5 13.95 2.93 0.24 0.0 0.0 1 1 1 1 1 1 1 1 1.0 0.48 3.0 1.3 1.3 1.3 1.3 1.3 1.3 0.038 0.015 0.295 0.01 0.002 0.013 1 2 0 1 2 2
1986-02-06T08:30:00 1986 2 6 8 30 0 -1.7 2.3 352.0 13.2 2.75 0.09 0.0 0.0 2 2 2 2 2 2 2 2 1.0 0.57 2.0 2.3 2.3 2.3 2.3 2.3 2.3 0.026 0.008 0.286 0.005 0.001 0.006 1 2 0 1 2 2
1986-02-06T09:30:00 1986 2 6 9 30 0 -2.1 1.5 355.0 13.2 2.88 0.09 0.0 0.0 2 2 2 2 2 2 2 2 1.0 0.66 4.0 1.5 1.5 1.5 1.5 1.5 1.5 0.018 0.004 0.277 0.003 0.0 0.002 1 2 0 1 2 2
1986-02-06T10:30:00 1986 2 6 10 30 0 -1.1 -1.1 349.0 16.5 3.46 0.2 0.49 0.79 2 2 2 2 2 2 2 2 1.0 0.75 5.0 -1.1 -1.1 -1.1 -1.1 -1.1 -1.1 0.068 0.161 0.271 0.042 0.181 0.555 2 2 0 2 2 2
1986-02-06T11:30:00 1986 2 6 11 30 0 -2.7 -2.4 358.0 12.3 2.83 1.18 3.2 4.47 2 2 2 2 2 2 2 2 1.0 0.83 2.0 -2.4 -2.4 -2.4 -2.4 -2.4 -2.4 0.26 0.546 0.275 0.229 0.566 1.457 2 2 0 2 2 2
1986-02-06T12:30:00 1986 2 6 12 30 0 -2.7 -1.0 365.0 10.6 2.56 1.41 2.97 3.41 2 2 2 2 2 2 2 2 3.3 1.22 -1.0 -1.0 -1.0 -1.0 -1.0 -1.0 -1.0 0.335 0.618 0.275 0.262 0.556 1.448 2 2 0 2 2 2
1986-02-06T13:30:00 1986 2 6 13 30 0 -5.0 -0.2 426.0 23.4 7.94 1.58 1.11 1.79 2 2 2 2 2 2 2 2 3.3 1.6 16.0 -0.2 -0.2 -0.2 -0.2 -0.2 -0.2 0.302 0.505 0.27 0.189 0.414 1.733 2 2 0 2 2 2
1986-02-06T14:30:00 1986 2 6 14 30 0 -7.7 1.2 434.0 32.3 12.17 3.03 0.01 0.04 2 2 2 2 2 2 2 2 3.3 1.89 24.0 1.2 1.2 1.2 1.2 1.2 1.2 0.204 0.251 0.261 0.106 0.131 0.719 2 2 0 2 2 2
1986-02-06T15:30:00 1986 2 6 15 30 0 -7.7 1.02 436.5 32.3 12.17 3.87 0.0 0.0 1 1 1 1 1 1 1 1 3.3 2.18 12.0 0.82 0.87 0.68 0.69 0.87 0.91 0.138 0.125 0.253 0.059 0.041 0.298 2 2 0 2 2 2
1986-02-06T16:30:00 1986 2 6 16 30 0 -6.13 0.37 438.9 32.3 11.32 3.36 0.0 0.0 1 1 1 1 1 1 1 1 3.3 2.47 -5.0 -0.61 -0.34 -1.26 -1.22 -0.36 -0.16 0.147 0.147 0.252 0.132 0.15 0.682 2 1 0 1 1 1
1986-02-06T17:30:00 1986 2 6 17 30 0 -3.21 0.24 441.4 27.31 8.66 1.68 0.0 0.0 1 0 1 1 1 1 1 1 3.3 2.75 -15.0 -0.88 -0.57 -1.63 -1.58 -0.6 -0.36 0.255 0.345 0.264 0.325 0.437 2.272 1 0 0 0 0 0
1986-02-06T18:30:00 1986 2 6 18 30 0 -0.3 0.24 443.8 21.21 6.0 0.26 0.0 0.0 1 0 1 1 1 1 1 1 2.7 2.95 -13.0 -0.88 -0.57 -1.63 -1.58 -0.6 -0.36 0.331 0.442 0.276 0.437 0.53 2.631 0 0 0 0 0 0
1986-02-06T19:30:00 1986 2 6 19 30 0 0.81 0.24 446.3 15.12 3.34 0.01 0.0 0.0 0 0 1 1 1 0 1 1 2.7 3.14 -9.0 -0.88 -0.57 -1.63 -1.58 -0.6 -0.36 0.365 0.455 0.286 0.47 0.515 2.244 0 0 0 0 0 0
1986-02-06T20:30:00 1986 2 6 20 30 0 0.81 0.24 448.8 9.03 3.23 0.04 0.0 0.0 0 0 1 1 0 0 1 1 2.7 3.07 -12.0 -0.88 -0.57 -1.63 -1.58 -0.6 -0.36 0.366 0.418 0.293 0.452 0.455 1.591 0 0 0 0 0 0
1986-02-06T21:30:00 1986 2 6 21 30 0 0.81 0.24 451.2 7.74 3.23 0.04 0.0 0.0 0 0 1 1 0 0 1 1 4.0 3.16 -16.0 -0.88 -0.57 -1.63 -1.58 -0.6 -0.36 0.355 0.375 0.298 0.421 0.406 1.117 0 0 0 0 0 0
1986-02-06T22:30:00 1986 2 6 22 30 0 0.81 0.24 453.7 11.4 3.31 0.04 0.0 0.0 0 0 1 1 1 0 1 1 4.0 3.26 -18.0 -0.88 -0.57 -1.63 -1.58 -0.6 -0.36 0.356 0.373 0.304 0.421 0.421 1.091 0 0 0 0 0 0
1986-02-06T23:30:00 1986 2 6 23 30 0 0.89 0.24 456.2 15.06 4.91 0.05 0.0 0.0 1 0 1 1 1 1 1 1 4.0 3.35 -7.0 -0.88 -0.57 -1.63 -1.58 -0.6 -0.36 0.373 0.4 0.312 0.448 0.467 1.394 0 0 0 0 0 0
