1986-09-04T00:30:00 1986 9 4 0 30 0 -0.8 0.88 533.4 8.13 3.22 0.02 0.0 0.0 0 0 1 0 0 0 1 0 3.0 2.26 -24.0 -0.47 -0.3 -0.85 -0.82 -0.31 -0.19 0.22 0.224 0.217 0.203 0.321 0.841 0 0 0 0 0 0
1986-09-04T01:30:00 1986 9 4 1 30 0 -0.8 0.88 531.4 8.13 3.22 0.02 0.0 0.0 0 0 1 0 0 0 1 0 3.0 2.38 -21.0 -0.46 -0.3 -0.85 -0.82 -0.31 -0.19 0.218 0.223 0.219 0.202 0.319 0.834 0 0 0 0 0 0
1986-09-04T02:30:00 1986 9 4 2 30 0 -0.8 0.88 529.5 8.13 3.22 0.02 0.0 0.0 0 0 1 0 0 0 1 0 3.0 2.59 -21.0 -0.46 -0.3 -0.85 -0.82 -0.31 -0.19 0.217 0.223 0.221 0.201 0.317 0.827 0 0 0 0 0 0
1986-09-04T03:30:00 1986 9 4 3 30 0 -0.8 0.88 527.5 8.13 3.23 0.02 0.0 0.0 0 0 1 0 0 0 1 0 2.3 2.71 -16.0 -0.46 -0.3 -0.85 -0.82 -0.31 -0.19 0.215 0.223 0.223 0.2 0.315 0.82 0 0 0 0 0 0
1986-09-04T04:30:00 1986 9 4 4 30 0 -0.8 0.88 525.5 8.14 3.23 0.02 0.0 0.0 0 0 1 0 0 0 1 0 2.3 2.82 -14.0 -0.46 -0.3 -0.85 -0.82 -0.31 -0.18 0.214 0.223 0.224 0.2 0.313 0.804 0 0 0 0 0 0
1986-09-04T05:30:00 1986 9 4 5 30 0 -0.8 0.88 523.6 8.14 3.23 0.02 0.0 0.0 0 0 1 0 0 0 1 0 2.3 2.73 -16.0 -0.46 -0.3 -0.85 -0.82 -0.31 -0.18 0.213 0.223 0.226 0.199 0.311 0.789 0 0 0 0 0 0
1986-09-04T06:30:00 1986 9 4 6 30 0 -0.79 0.89 521.6 8.14 3.23 0.02 0.0 0.0 0 0 1 0 0 0 1 0 1.0 2.47 -13.0 -0.46 -0.3 -0.85 -0.82 -0.31 -0.18 0.213 0.223 0.227 0.198 0.31 0.779 0 0 0 0 0 0
1986-09-04T07:30:00 1986 9 4 7 30 0 -0.79 0.89 519.6 8.14 3.23 0.02 0.0 0.0 0 0 1 0 0 0 1 0 1.0 2.21 -11.0 -0.46 -0.3 -0.85 -0.82 -0.31 -0.18 0.212 0.223 0.228 0.197 0.308 0.771 0 0 0 0 0 0
1986-09-04T08:30:00 1986 9 4 8 30 0 -0.79 0.89 517.6 8.15 3.23 0.02 0.0 0.0 0 0 1 0 0 0 1 0 1.0 1.96 -13.0 -0.46 -0.3 -0.85 -0.82 -0.31 -0.18 0.211 0.223 0.23 0.196 0.306 0.764 0 0 0 0 0 0
1986-09-04T09:30:00 1986 9 4 9 30 0 -0.79 0.89 515.7 8.15 3.23 0.02 0.0 0.0 0 0 1 0 0 0 1 0 0.3 1.62 -13.0 -0.46 -0.3 -0.85 -0.82 -0.31 -0.18 0.21 0.222 0.231 0.195 0.304 0.757 0 0 0 0 0 0
1986-09-04T10:30:00 1986 9 4 10 30 0 -0.79 0.89 513.7 8.15 3.23 0.02 0.0 0.0 0 0 1 0 0 0 1 0 0.3 1.29 -11.0 -0.46 -0.3 -0.85 -0.82 -0.31 -0.18 0.21 0.222 0.232 0.194 0.302 0.75 0 0 0 0 0 0
1986-09-04T11:30:00 1986 9 4 11 30 0 -0.79 0.89 511.7 8.15 3.23 0.02 0.0 0.0 0 0 1 0 0 0 1 0 0.3 1.04 -9.0 -0.46 -0.3 -0.85 -0.82 -0.31 -0.18 0.209 0.222 0.232 0.193 0.3 0.743 0 0 0 0 0 0
1986-09-04T12:30:00 1986 9 4 12 30 0 -0.78 0.89 509.8 8.16 3.24 0.02 0.0 0.0 0 0 1 0 0 0 1 0 1.7 0.98 -6.0 -0.46 -0.3 -0.85 -0.82 -0.31 -0.18 0.209 0.222 0.233 0.192 0.299 0.737 0 0 0 0 0 0
1986-09-04T13:30:00 1986 9 4 13 30 0 -0.78 0.9 507.8 8.16 3.24 0.02 0.0 0.0 0 0 1 0 0 0 1 0 1.7 0.92 -4.0 -0.46 -0.3 -0.85 -0.82 -0.31 -0.18 0.208 0.222 0.234 0.191 0.297 0.731 0 0 0 0 0 0
1986-09-04T14:30:00 1986 9 4 14 30 0 -0.78 0.9 505.8 8.16 3.24 0.02 0.0 0.0 0 0 1 0 0 0 1 0 1.7 1.01 -3.0 -0.46 -0.3 -0.85 -0.82 -0.31 -0.18 0.207 0.222 0.234 0.191 0.295 0.724 0 0 0 0 0 0
1986-09-04T15:30:00 1986 9 4 15 30 0 -0.78 0.9 504.9 8.16 3.24 0.02 0.0 0.0 0 0 0 0 0 0 0 0 1.7 1.1 -6.0 -0.46 -0.3 -0.85 -0.82 -0.31 -0.18 0.207 0.222 0.235 0.19 0.294 0.719 0 0 0 0 0 0
1986-09-04T16:30:00 1986 9 4 16 30 0 -0.78 0.9 504.9 8.17 3.24 0.02 0.0 0.0 0 0 0 0 0 0 0 0 1.7 1.19 -6.0 -0.46 -0.3 -0.85 -0.82 -0.31 -0.18 0.206 0.222 0.235 0.189 0.293 0.717 0 0 0 0 0 0
1986-09-04T17:30:00 1986 9 4 17 30 0 -0.78 0.9 504.9 8.17 3.24 0.02 0.0 0.0 0 0 0 0 0 0 0 0 1.7 1.36 -1.0 -0.46 -0.3 -0.85 -0.82 -0.31 -0.18 0.206 0.222 0.236 0.189 0.293 0.716 0 0 0 0 0 0
1986-09-04T18:30:00 1986 9 4 18 30 0 -0.77 0.9 504.9 8.17 3.24 0.02 0.0 0.0 0 0 0 0 0 0 0 0 2.0 1.57 -5.0 -0.46 -0.3 -0.85 -0.82 -0.31 -0.18 0.206 0.222 0.236 0.189 0.293 0.716 0 0 0 0 0 0
1986-09-04T19:30:00 1986 9 4 19 30 0 -0.77 0.91 504.9 8.17 3.24 0.02 0.0 0.0 0 0 0 0 0 0 0 0 2.0 1.78 -4.0 -0.46 -0.3 -0.85 -0.82 -0.31 -0.18 0.206 0.222 0.237 0.189 0.293 0.715 0 0 0 0 0 0
1986-09-04T20:30:00 1986 9 4 20 30 0 -0.77 0.91 504.9 8.18 3.24 0.02 0.0 0.0 0 0 0 0 0 0 0 0 2.0 1.82 -7.0 -0.46 -0.3 -0.85 -0.82 -0.31 -0.18 0.206 0.222 0.237 0.189 0.293 0.716 0 0 0 0 0 0
1986-09-04T21:30:00 1986 9 4 21 30 0 -0.77 0.91 504.9 8.18 3.25 0.02 0.0 0.0 0 0 0 0 0 0 0 0 2.3 1.89 -7.0 -0.46 -0.3 -0.85 -0.82 -0.31 -0.18 0.206 0.222 0.238 0.189 0.293 0.716 0 0 0 0 0 0
1986-09-04T22:30:00 1986 9 4 22 30 0 -0.77 0.91 504.9 8.18 3.25 0.02 0.0 0.0 0 0 0 0 0 0 0 0 2.3 1.97 -11.0 -0.46 -0.3 -0.85 -0.82 -0.31 -0.18 0.206 0.222 0.238 0.189 0.293 0.716 0 0 0 0 0 0
1986-09-04T23:30:00 1986 9 4 23 30 0 -0.77 0.91 504.9 8.18 3.25 0.02 0.0 0.0 0 0 0 0 0 0 0 0 2.3 2.04 -12.0 -0.46 -0.3 -0.85 -0.82 -0.31 -0.18 0.206 0.222 0.238 0.189 0.293 0.716 0 0 0 0 0 0
