1986-04-12T00:30:00 1986 4 12 0 30 0 -6.0 -2.8 363.0 7.8 1.95 4.54 4.18 3.42 2 2 2 2 2 2 2 2 3.3 2.04 -20.0 -2.8 -2.8 -2.8 -2.8 -2.8 -2.8 0.462 0.735 0.246 0.378 0.676 1.233 2 2 2 2 2 2
1986-04-12T01:30:00 1986 4 12 1 30 0 -5.8 -1.9 355.0 7.2 1.71 4.39 4.15 3.11 2 2 2 2 2 2 2 2 3.3 2.24 -22.0 -1.9 -1.9 -1.9 -1.9 -1.9 -1.9 0.503 0.744 0.25 0.397 0.635 1.114 2 2 2 2 2 2
1986-04-12T02:30:00 1986 4 12 2 30 0 -5.8 -1.9 353.0 7.9 1.83 3.8 3.36 2.55 2 2 2 2 2 2 2 2 3.3 2.53 -20.0 -1.9 -1.9 -1.9 -1.9 -1.9 -1.9 0.508 0.72 0.252 0.375 0.587 1.036 2 2 2 2 2 2
1986-04-12T03:30:00 1986 4 12 3 30 0 -5.0 -1.9 343.0 11.2 2.48 3.36 3.3 3.2 2 2 1 1 1 2 2 1 1.7 2.6 -21.0 -1.9 -1.9 -1.9 -1.9 -1.9 -1.9 0.526 0.754 0.255 0.378 0.604 1.213 2 1 2 2 1 1
1986-04-12T04:30:00 1986 4 12 4 30 0 -4.2 -2.3 333.0 14.5 3.13 2.85 3.57 4.65 2 2 2 2 2 2 2 2 1.7 2.67 -21.0 -2.3 -2.3 -2.3 -2.3 -2.3 -2.3 0.58 0.866 0.259 0.427 0.685 1.631 2 2 2 2 2 2
1986-04-12T05:30:00 1986 4 12 5 30 0 -2.5 -4.5 341.0 16.8 3.48 3.55 5.9 9.36 2 2 2 2 2 2 2 2 1.7 2.54 -23.0 -4.5 -4.5 -4.5 -4.5 -4.5 -4.5 0.781 1.205 0.279 0.723 1.014 2.626 2 2 2 2 2 2
1986-04-12T06:30:00 1986 4 12 6 30 0 -6.3 0.6 351.0 15.1 3.32 2.81 3.1 5.04 2 2 2 2 2 2 2 2 2.7 2.54 -28.0 0.6 0.6 0.6 0.6 0.6 0.6 0.68 0.908 0.28 0.547 0.606 1.94 2 2 2 2 2 2
1986-04-12T07:30:00 1986 4 12 7 30 0 -5.6 -2.2 349.0 16.1 3.45 3.05 1.67 2.66 2 2 2 2 2 2 2 2 2.7 2.54 -25.0 -2.2 -2.2 -2.2 -2.2 -2.2 -2.2 0.607 0.809 0.278 0.439 0.585 1.912 2 2 2 2 2 2
1986-04-12T08:30:00 1986 4 12 8 30 0 -5.2 -1.6 353.0 16.3 3.55 3.39 3.29 5.33 2 2 2 2 2 2 2 2 2.7 2.47 -25.0 -1.6 -1.6 -1.6 -1.6 -1.6 -1.6 0.624 0.876 0.282 0.44 0.68 2.23 2 2 2 2 2 2
1986-04-12T09:30:00 1986 4 12 9 30 0 -8.9 0.6 355.0 10.7 2.3 3.78 0.91 1.35 2 2 2 2 2 2 2 2 2.3 2.35 -26.0 0.6 0.6 0.6 0.6 0.6 0.6 0.466 0.537 0.275 0.273 0.307 1.224 2 2 2 2 2 2
1986-04-12T10:30:00 1986 4 12 10 30 0 -7.9 -2.0 350.0 11.1 2.72 5.25 1.5 1.65 2 2 2 2 2 2 2 2 2.3 2.23 -26.0 -2.0 -2.0 -2.0 -2.0 -2.0 -2.0 0.431 0.546 0.272 0.252 0.412 1.159 2 2 2 2 2 2
1986-04-12T11:30:00 1986 4 12 11 30 0 -7.0 -2.6 349.0 11.0 2.68 5.78 4.06 4.49 2 2 2 2 2 2 2 2 2.3 2.31 -29.0 -2.6 -2.6 -2.6 -2.6 -2.6 -2.6 0.525 0.755 0.278 0.379 0.649 1.489 2 2 2 2 2 2
1986-04-12T12:30:00 1986 4 12 12 30 0 -7.1 -2.2 369.0 24.0 5.59 5.64 4.28 7.68 2 2 2 2 2 2 2 2 1.7 2.3 -29.0 -2.2 -2.2 -2.2 -2.2 -2.2 -2.2 0.647 0.995 0.288 0.516 0.889 2.969 2 2 2 2 2 2
1986-04-12T13:30:00 1986 4 12 13 30 0 -7.6 -1.9 340.0 9.8 1.94 5.46 3.6 5.97 2 2 2 2 2 2 2 2 1.7 2.29 -29.0 -1.9 -1.9 -1.9 -1.9 -1.9 -1.9 0.662 0.973 0.293 0.5 0.776 2.539 2 2 2 2 2 2
1986-04-12T14:30:00 1986 4 12 14 30 0 -8.1 -1.3 336.0 8.2 1.58 5.24 2.66 2.39 2 2 2 2 2 2 2 2 1.7 2.16 -29.0 -1.3 -1.3 -1.3 -1.3 -1.3 -1.3 0.587 0.797 0.29 0.393 0.561 1.582 2 2 2 2 2 2
1986-04-12T15:30:00 1986 4 12 15 30 0 -7.7 -2.5 338.0 8.6 1.68 5.65 3.29 2.77 2 2 2 2 2 2 2 2 2.3 2.12 -31.0 -2.5 -2.5 -2.5 -2.5 -2.5 -2.5 0.579 0.785 0.291 0.393 0.583 1.274 2 2 2 2 2 2
1986-04-12T16:30:00 1986 4 12 16 30 0 -7.0 -2.8 331.0 12.1 2.25 5.83 4.45 4.68 2 2 2 2 2 2 2 2 2.3 2.07 -32.0 -2.8 -2.8 -2.8 -2.8 -2.8 -2.8 0.64 0.907 0.297 0.48 0.705 1.485 2 2 2 2 2 2
1986-04-12T17:30:00 1986 4 12 17 30 0 -4.7 -3.4 328.0 9.8 1.82 4.84 5.15 5.57 2 2 2 2 2 2 2 2 2.3 2.08 -30.0 -3.4 -3.4 -3.4 -3.4 -3.4 -3.4 0.714 1.018 0.306 0.582 0.784 1.569 2 2 2 2 2 2
1986-04-12T18:30:00 1986 4 12 18 30 0 -2.9 -2.9 326.0 14.3 2.59 3.23 5.12 6.23 2 2 2 2 2 2 2 2 2.0 2.04 -29.0 -2.9 -2.9 -2.9 -2.9 -2.9 -2.9 0.774 1.107 0.315 0.644 0.83 1.84 2 2 2 2 2 2
1986-04-12T19:30:00 1986 4 12 19 30 0 -1.3 -3.6 323.0 15.7 2.78 2.47 5.32 8.02 2 2 2 2 2 2 2 2 2.0 2.0 -31.0 -3.6 -3.6 -3.6 -3.6 -3.6 -3.6 0.858 1.245 0.327 0.745 0.927 2.295 2 2 2 2 2 2
1986-04-12T20:30:00 1986 4 12 20 30 0 0.4 -3.5 321.0 18.0 3.18 2.36 5.71 9.67 2 2 2 2 2 2 2 2 2.0 2.04 -32.0 -3.5 -3.5 -3.5 -3.5 -3.5 -3.5 0.946 1.375 0.34 0.842 1.002 2.758 2 2 2 2 2 2
1986-04-12T21:30:00 1986 4 12 21 30 0 1.6 -3.8 320.0 15.1 2.68 2.59 5.87 9.63 2 2 2 2 2 2 2 2 2.3 2.11 -35.0 -3.8 -3.8 -3.8 -3.8 -3.8 -3.8 1.008 1.438 0.354 0.908 1.022 2.803 2 2 2 2 2 2
1986-04-12T22:30:00 1986 4 12 22 30 0 3.5 -1.2 329.0 10.0 2.02 1.89 3.88 4.95 2 2 2 2 2 2 2 2 2.3 2.19 -38.0 -1.2 -1.2 -1.2 -1.2 -1.2 -1.2 0.885 1.15 0.355 0.699 0.727 1.994 2 2 2 2 2 2
1986-04-12T23:30:00 1986 4 12 23 30 0 3.5 -0.9 332.2 10.0 2.02 1.3 1.72 1.72 1 1 1 1 1 1 1 1 2.3 2.19 -33.0 -1.09 -1.05 -1.17 -1.16 -1.06 -1.03 0.711 0.842 0.349 0.476 0.496 1.338 2 2 2 2 1 2
