1986-06-19T00:30:00 1986 6 19 0 30 0 -2.3 -0.2 397.0 3.8 1.19 0.24 0.04 0.02 2 2 2 2 2 2 2 2 1.7 1.21 -1.0 -0.2 -0.2 -0.2 -0.2 -0.2 -0.2 0.016 0.019 0.135 0.004 0.027 0.032 1 2 1 1 2 2
1986-06-19T01:30:00 1986 6 19 1 30 0 -2.2 1.6 398.0 4.5 1.39 0.28 0.01 0.0 2 2 2 2 2 2 2 2 1.7 1.18 -3.0 1.6 1.6 1.6 1.6 1.6 1.6 0.011 0.01 0.131 0.002 0.009 0.013 1 2 1 1 2 2
1986-06-19T02:30:00 1986 6 19 2 30 0 -1.1 2.5 399.0 5.0 1.54 0.06 0.0 0.0 2 2 2 2 2 2 2 2 1.7 1.23 -2.0 2.5 2.5 2.5 2.5 2.5 2.5 0.007 0.005 0.127 0.001 0.003 0.005 1 2 1 1 2 2
1986-06-19T03:30:00 1986 6 19 3 30 0 -0.6 2.3 399.0 5.0 1.54 0.01 0.0 0.0 2 2 1 1 1 2 2 1 0.7 1.15 -2.0 2.3 2.3 2.3 2.3 2.3 2.3 0.005 0.002 0.123 0.001 0.001 0.002 1 2 1 1 2 2
1986-06-19T04:30:00 1986 6 19 4 30 0 -0.6 1.87 399.0 5.0 1.68 0.0 0.0 0.0 1 1 1 1 1 1 1 1 0.7 1.08 0.0 1.74 1.78 1.68 1.68 1.78 1.81 0.003 0.001 0.12 0.0 0.0 0.001 1 2 1 1 2 2
1986-06-19T05:30:00 1986 6 19 5 30 0 -0.59 0.29 399.0 6.15 2.12 0.01 0.0 0.0 1 1 1 1 1 1 1 1 0.7 1.07 0.0 -0.32 -0.15 -0.63 -0.61 -0.17 -0.03 0.013 0.019 0.117 0.012 0.03 0.022 1 1 1 1 1 1
1986-06-19T06:30:00 1986 6 19 6 30 0 -0.58 -0.02 399.0 7.55 2.56 0.02 0.0 0.0 1 0 1 1 1 1 1 1 0.0 0.98 0.0 -0.71 -0.52 -1.07 -1.05 -0.54 -0.37 0.072 0.131 0.118 0.073 0.173 0.253 0 0 1 0 0 0
1986-06-19T07:30:00 1986 6 19 7 30 0 -0.57 -0.02 399.0 8.95 2.99 0.03 0.04 0.03 1 0 1 1 1 1 1 1 0.0 0.88 1.0 -0.71 -0.52 -1.07 -1.05 -0.54 -0.37 0.13 0.223 0.12 0.128 0.26 0.473 0 0 1 0 0 0
1986-06-19T08:30:00 1986 6 19 8 30 0 -0.57 -0.02 399.0 10.36 3.01 0.03 0.04 0.04 0 0 1 1 0 0 1 1 0.0 0.67 3.0 -0.71 -0.52 -1.07 -1.05 -0.54 -0.37 0.174 0.28 0.123 0.164 0.301 0.645 0 0 1 0 0 0
1986-06-19T09:30:00 1986 6 19 9 30 0 -0.57 -0.02 399.0 11.12 3.01 0.03 0.04 0.04 0 0 1 0 0 0 1 0 1.0 0.59 1.0 -0.71 -0.52 -1.07 -1.05 -0.54 -0.37 0.208 0.315 0.126 0.188 0.322 0.772 0 0 1 0 0 0
1986-06-19T10:30:00 1986 6 19 10 30 0 -0.57 -0.02 399.0 11.12 3.01 0.03 0.04 0.04 0 0 1 0 0 0 1 0 1.0 0.51 0.0 -0.71 -0.52 -1.07 -1.05 -0.54 -0.37 0.231 0.335 0.129 0.202 0.331 0.839 0 0 1 0 0 0
1986-06-19T11:30:00 1986 6 19 11 30 0 -0.57 -0.02 399.0 11.13 3.01 0.03 0.04 0.04 0 0 1 0 0 0 1 0 1.0 0.56 1.0 -0.71 -0.52 -1.07 -1.05 -0.54 -0.37 0.247 0.345 0.132 0.21 0.333 0.867 0 0 1 0 0 0
1986-06-19T12:30:00 1986 6 19 12 30 0 -0.56 -0.02 399.0 11.13 3.01 0.03 0.04 0.04 0 0 1 0 0 0 1 0 0.7 0.56 1.0 -0.71 -0.52 -1.07 -1.05 -0.54 -0.37 0.258 0.349 0.134 0.215 0.334 0.879 0 0 0 0 0 0
1986-06-19T13:30:00 1986 6 19 13 30 0 -0.56 -0.02 399.0 11.14 3.01 0.03 0.04 0.04 0 0 1 0 0 0 1 0 0.7 0.56 2.0 -0.71 -0.52 -1.07 -1.05 -0.54 -0.37 0.265 0.352 0.137 0.217 0.335 0.884 0 0 0 0 0 0
1986-06-19T14:30:00 1986 6 19 14 30 0 -0.56 -0.02 399.0 11.14 3.01 0.03 0.04 0.04 0 0 1 0 0 0 1 0 0.7 0.64 4.0 -0.71 -0.52 -1.07 -1.05 -0.54 -0.37 0.27 0.353 0.14 0.219 0.335 0.887 0 0 0 0 0 0
1986-06-19T15:30:00 1986 6 19 15 30 0 -0.56 -0.02 399.0 11.15 3.01 0.03 0.04 0.04 0 0 1 0 0 0 1 0 1.7 0.86 9.0 -0.71 -0.52 -1.07 -1.05 -0.54 -0.37 0.273 0.354 0.142 0.219 0.335 0.888 0 0 0 0 0 0
1986-06-19T16:30:00 1986 6 19 16 30 0 -0.56 -0.02 398.9 11.15 3.01 0.03 0.04 0.04 0 0 1 0 0 0 1 0 1.7 1.07 15.0 -0.71 -0.52 -1.07 -1.05 -0.54 -0.37 0.276 0.354 0.145 0.22 0.335 0.889 0 0 0 0 0 0
1986-06-19T17:30:00 1986 6 19 17 30 0 -0.56 -0.02 398.6 11.15 3.01 0.03 0.04 0.04 0 0 1 0 0 0 1 0 1.7 1.16 17.0 -0.71 -0.52 -1.07 -1.05 -0.54 -0.37 0.277 0.354 0.147 0.22 0.335 0.888 0 0 0 0 0 0
1986-06-19T18:30:00 1986 6 19 18 30 0 -0.56 -0.02 398.4 11.16 3.01 0.03 0.04 0.04 0 0 1 0 0 0 1 0 2.3 1.33 17.0 -0.71 -0.52 -1.07 -1.05 -0.54 -0.37 0.278 0.354 0.149 0.22 0.334 0.888 0 0 0 0 0 0
1986-06-19T19:30:00 1986 6 19 19 30 0 -0.56 -0.02 398.2 11.16 3.01 0.03 0.04 0.04 0 0 1 0 0 0 1 0 2.3 1.49 15.0 -0.71 -0.52 -1.07 -1.05 -0.54 -0.37 0.279 0.354 0.152 0.22 0.334 0.887 0 0 0 0 0 0
1986-06-19T20:30:00 1986 6 19 20 30 0 -0.56 -0.02 397.9 11.17 3.01 0.03 0.04 0.04 0 0 1 0 0 0 1 0 2.3 1.69 7.0 -0.71 -0.52 -1.07 -1.05 -0.54 -0.37 0.279 0.355 0.154 0.22 0.334 0.886 0 0 0 0 0 0
1986-06-19T21:30:00 1986 6 19 21 30 0 -0.56 -0.02 397.6 11.17 3.01 0.03 0.04 0.04 0 0 1 0 0 0 1 0 2.7 1.94 7.0 -0.71 -0.52 -1.07 -1.05 -0.54 -0.37 0.279 0.355 0.156 0.22 0.334 0.885 0 0 0 0 0 0
1986-06-19T22:30:00 1986 6 19 22 30 0 -0.56 -0.02 397.4 11.18 3.01 0.03 0.04 0.04 0 0 1 0 0 0 1 0 2.7 2.19 6.0 -0.71 -0.52 -1.07 -1.05 -0.54 -0.37 0.279 0.355 0.158 0.22 0.333 0.885 0 0 0 0 0 0
1986-06-19T23:30:00 1986 6 19 23 30 0 -0.55 -0.02 397.1 11.18 3.01 0.03 0.04 0.04 0 0 1 0 0 0 1 0 2.7 2.31 4.0 -0.71 -0.52 -1.07 -1.05 -0.54 -0.37 0.28 0.355 0.16 0.22 0.333 0.884 0 0 0 0 0 0
