1986-05-16T00:30:00 1986 5 16 0 30 0 0.42 0.15 386.2 9.81 2.92 0.01 0.0 0.0 0 0 1 0 0 0 1 0 0.3 1.25 -5.0 -0.77 -0.53 -1.27 -1.24 -0.56 -0.36 0.281 0.337 0.26 0.251 0.311 0.695 0 0 0 0 0 0
1986-05-16T01:30:00 1986 5 16 1 30 0 0.42 0.15 384.4 9.81 2.92 0.01 0.0 0.0 0 0 1 0 0 0 1 0 0.3 1.19 -5.0 -0.77 -0.53 -1.27 -1.24 -0.56 -0.36 0.28 0.337 0.26 0.249 0.309 0.687 0 0 0 0 0 0
1986-05-16T02:30:00 1986 5 16 2 30 0 0.42 0.15 382.6 9.81 2.92 0.01 0.0 0.0 0 0 1 0 0 0 1 0 0.3 1.06 -6.0 -0.77 -0.53 -1.27 -1.24 -0.56 -0.36 0.279 0.336 0.259 0.248 0.306 0.68 0 0 0 0 0 0
1986-05-16T03:30:00 1986 5 16 3 30 0 0.41 0.15 380.8 9.81 2.92 0.01 0.0 0.0 0 0 1 0 0 0 1 0 1.0 1.02 -8.0 -0.77 -0.53 -1.27 -1.24 -0.56 -0.36 0.278 0.336 0.259 0.247 0.304 0.672 0 0 0 0 0 0
1986-05-16T04:30:00 1986 5 16 4 30 0 0.41 0.15 379.0 9.8 2.92 0.01 0.0 0.0 0 0 1 0 0 0 1 0 1.0 0.99 -8.0 -0.77 -0.53 -1.27 -1.24 -0.56 -0.36 0.277 0.336 0.258 0.245 0.302 0.664 0 0 0 0 0 0
1986-05-16T05:30:00 1986 5 16 5 30 0 0.41 0.15 377.3 9.8 2.92 0.01 0.0 0.0 0 0 1 0 0 0 1 0 1.0 0.91 -9.0 -0.77 -0.53 -1.27 -1.24 -0.56 -0.36 0.276 0.335 0.257 0.244 0.299 0.657 0 0 0 0 0 0
1986-05-16T06:30:00 1986 5 16 6 30 0 0.4 0.15 375.5 9.8 2.92 0.01 0.0 0.0 0 0 1 0 0 0 1 0 2.0 0.96 -10.0 -0.77 -0.53 -1.27 -1.24 -0.56 -0.36 0.275 0.335 0.256 0.242 0.297 0.649 0 0 0 0 0 0
1986-05-16T07:30:00 1986 5 16 7 30 0 0.4 0.15 373.7 9.8 2.92 0.01 0.0 0.0 0 0 1 0 0 0 1 0 2.0 1.01 -12.0 -0.77 -0.53 -1.27 -1.23 -0.56 -0.36 0.274 0.335 0.255 0.24 0.295 0.642 0 0 0 0 0 0
1986-05-16T08:30:00 1986 5 16 8 30 0 0.4 0.15 371.9 9.8 2.92 0.01 0.0 0.0 0 0 1 0 0 0 1 0 2.0 1.22 -7.0 -0.77 -0.53 -1.27 -1.23 -0.56 -0.36 0.273 0.334 0.255 0.238 0.293 0.634 0 0 0 0 0 0
1986-05-16T09:30:00 1986 5 16 9 30 0 0.39 0.15 370.1 9.8 2.92 0.01 0.0 0.0 0 0 1 0 0 0 1 0 2.0 1.43 -9.0 -0.77 -0.53 -1.27 -1.23 -0.56 -0.36 0.272 0.334 0.254 0.236 0.29 0.627 0 0 0 0 0 0
1986-05-16T10:30:00 1986 5 16 10 30 0 0.39 0.15 368.3 9.8 2.92 0.01 0.0 0.0 0 0 1 0 0 0 1 0 2.0 1.64 -11.0 -0.77 -0.53 -1.27 -1.23 -0.56 -0.36 0.271 0.334 0.253 0.234 0.288 0.62 0 0 0 0 0 0
1986-05-16T11:30:00 1986 5 16 11 30 0 0.39 0.15 366.5 9.8 2.92 0.01 0.0 0.0 0 0 1 0 0 0 1 0 2.0 1.76 -8.0 -0.77 -0.53 -1.26 -1.23 -0.56 -0.36 0.27 0.334 0.252 0.233 0.286 0.613 0 0 0 0 0 0
1986-05-16T12:30:00 1986 5 16 12 30 0 0.38 0.15 364.7 9.79 2.92 0.01 0.0 0.0 0 0 1 0 0 0 1 0 1.7 1.84 -8.0 -0.77 -0.53 -1.26 -1.23 -0.56 -0.36 0.269 0.333 0.25 0.231 0.284 0.605 0 0 0 0 0 0
1986-05-16T13:30:00 1986 5 16 13 30 0 0.38 0.15 362.9 9.79 2.92 0.01 0.0 0.0 0 0 1 0 0 0 1 0 1.7 1.92 -8.0 -0.77 -0.53 -1.26 -1.23 -0.56 -0.36 0.268 0.333 0.249 0.23 0.281 0.598 0 0 0 0 0 0
1986-05-16T14:30:00 1986 5 16 14 30 0 0.38 0.15 361.1 9.79 2.92 0.01 0.0 0.0 0 0 1 0 0 0 1 0 1.7 1.88 -9.0 -0.77 -0.53 -1.26 -1.23 -0.56 -0.36 0.267 0.333 0.248 0.228 0.279 0.591 0 0 0 0 0 0
1986-05-16T15:30:00 1986 5 16 15 30 0 0.37 0.15 359.3 9.79 2.92 0.01 0.0 0.0 0 0 1 0 0 0 1 0 1.3 1.79 -12.0 -0.77 -0.53 -1.26 -1.23 -0.56 -0.36 0.266 0.332 0.247 0.227 0.277 0.584 0 0 0 0 0 0
1986-05-16T16:30:00 1986 5 16 16 30 0 0.37 0.15 357.5 9.79 2.92 0.01 0.0 0.0 0 0 1 0 0 0 1 0 1.3 1.7 -14.0 -0.77 -0.53 -1.26 -1.23 -0.56 -0.37 0.265 0.332 0.245 0.225 0.275 0.58 0 0 0 0 0 0
1986-05-16T17:30:00 1986 5 16 17 30 0 0.36 0.15 355.7 9.79 2.92 0.01 0.0 0.0 0 0 1 0 0 0 1 0 1.3 1.62 -18.0 -0.77 -0.53 -1.26 -1.23 -0.56 -0.37 0.263 0.332 0.244 0.224 0.273 0.576 0 0 0 0 0 0
1986-05-16T18:30:00 1986 5 16 18 30 0 0.36 0.15 353.9 9.79 2.92 0.01 0.0 0.0 0 0 1 0 0 0 1 0 2.7 1.71 -21.0 -0.77 -0.53 -1.26 -1.23 -0.56 -0.37 0.262 0.331 0.243 0.223 0.27 0.57 0 0 0 0 0 0
1986-05-16T19:30:00 1986 5 16 19 30 0 0.36 0.15 353.0 9.79 2.92 0.01 0.0 0.0 0 0 1 0 0 0 1 0 2.7 1.81 -26.0 -0.77 -0.53 -1.26 -1.23 -0.56 -0.37 0.261 0.331 0.241 0.221 0.269 0.565 0 0 0 0 0 0
1986-05-16T20:30:00 1986 5 16 20 30 0 0.35 0.15 353.0 9.78 2.92 0.01 0.0 0.0 0 0 1 0 0 0 1 0 2.7 1.94 -31.0 -0.77 -0.53 -1.26 -1.23 -0.56 -0.37 0.261 0.331 0.24 0.221 0.268 0.562 0 0 0 0 0 0
1986-05-16T21:30:00 1986 5 16 21 30 0 0.35 0.15 353.0 9.78 2.92 0.01 0.0 0.0 0 0 1 0 0 0 1 0 3.0 2.11 -33.0 -0.77 -0.53 -1.26 -1.23 -0.56 -0.37 0.26 0.331 0.239 0.22 0.268 0.561 0 0 0 0 0 0
1986-05-16T22:30:00 1986 5 16 22 30 0 0.35 0.15 353.0 9.78 2.92 0.01 0.0 0.0 0 0 1 0 0 0 1 0 3.0 2.27 -32.0 -0.77 -0.53 -1.26 -1.23 -0.56 -0.37 0.26 0.331 0.237 0.22 0.268 0.56 0 0 0 0 0 0
1986-05-16T23:30:00 1986 5 16 23 30 0 0.34 0.15 353.0 9.78 2.92 0.01 0.0 0.0 0 0 1 0 0 0 1 0 3.0 2.48 -30.0 -0.77 -0.53 -1.26 -1.23 -0.56 -0.37 0.26 0.331 0.236 0.22 0.268 0.56 0 0 0 0 0 0
