1986-11-23T00:30:00 1986 11 23 0 30 0 -1.2 1.59 397.9 7.3 2.18 0.04 0.0 0.0 1 1 1 1 1 1 1 1 0.7 0.73 0.0 1.37 1.43 1.25 1.26 1.42 1.47 0.195 0.159 0.186 0.169 0.091 0.218 0 0 0 0 1 0
1986-11-23T01:30:00 1986 11 23 1 30 0 -1.2 1.9 400.0 7.3 2.18 0.03 0.0 0.0 2 2 2 2 2 2 2 2 0.7 0.81 3.0 1.9 1.9 1.9 1.9 1.9 1.9 0.132 0.079 0.18 0.094 0.029 0.09 0 0 0 0 1 0
1986-11-23T02:30:00 1986 11 23 2 30 0 -0.6 3.5 392.0 7.5 2.12 0.01 0.0 0.0 2 2 2 2 2 2 2 2 0.7 0.81 4.0 3.5 3.5 3.5 3.5 3.5 3.5 0.089 0.039 0.175 0.053 0.009 0.037 0 0 0 0 1 0
1986-11-23T03:30:00 1986 11 23 3 30 0 -3.7 1.8 373.0 5.4 1.5 0.18 0.0 0.0 2 2 2 2 2 2 2 2 0.3 0.76 4.0 1.8 1.8 1.8 1.8 1.8 1.8 0.061 0.019 0.169 0.03 0.003 0.016 0 0 0 0 1 0
1986-11-23T04:30:00 1986 11 23 4 30 0 -2.3 1.7 362.0 9.4 2.43 0.31 0.0 0.0 2 2 2 2 2 2 2 2 0.3 0.7 5.0 1.7 1.7 1.7 1.7 1.7 1.7 0.041 0.01 0.164 0.017 0.001 0.006 0 0 0 0 1 0
1986-11-23T05:30:00 1986 11 23 5 30 0 -3.2 2.0 362.0 8.6 2.21 0.25 0.0 0.0 2 2 2 2 2 2 2 2 0.3 0.62 6.0 2.0 2.0 2.0 2.0 2.0 2.0 0.028 0.005 0.159 0.009 0.0 0.003 0 0 0 0 1 0
1986-11-23T06:30:00 1986 11 23 6 30 0 -2.5 3.1 364.0 8.6 2.15 0.2 0.0 0.0 2 2 2 2 2 2 2 2 0.3 0.53 7.0 3.1 3.1 3.1 3.1 3.1 3.1 0.019 0.002 0.154 0.005 0.0 0.001 0 0 0 0 1 0
1986-11-23T07:30:00 1986 11 23 7 30 0 -2.7 1.9 363.0 9.1 2.27 0.17 0.0 0.0 2 2 2 2 2 2 2 2 0.3 0.44 8.0 1.9 1.9 1.9 1.9 1.9 1.9 0.013 0.001 0.15 0.003 0.0 0.0 0 0 0 0 1 0
1986-11-23T08:30:00 1986 11 23 8 30 0 -3.0 2.4 361.0 7.7 1.83 0.24 0.0 0.0 2 2 2 2 2 2 2 2 0.3 0.4 6.0 2.4 2.4 2.4 2.4 2.4 2.4 0.009 0.001 0.145 0.002 0.0 0.0 0 0 0 0 1 0
1986-11-23T09:30:00 1986 11 23 9 30 0 -3.0 1.9 364.0 8.2 2.05 0.27 0.0 0.0 2 2 2 2 2 2 2 2 0.7 0.4 7.0 1.9 1.9 1.9 1.9 1.9 1.9 0.006 0.0 0.141 0.001 0.0 0.0 0 0 0 0 1 0
1986-11-23T10:30:00 1986 11 23 10 30 0 -2.1 2.5 355.0 9.3 2.26 0.17 0.0 0.0 2 2 2 2 2 2 2 2 0.7 0.4 7.0 2.5 2.5 2.5 2.5 2.5 2.5 0.004 0.0 0.136 0.001 0.0 0.0 0 0 0 0 1 0
1986-11-23T11:30:00 1986 11 23 11 30 0 -3.2 1.2 353.0 11.4 2.71 0.24 0.0 0.0 2 2 2 2 2 2 2 2 0.7 0.46 9.0 1.2 1.2 1.2 1.2 1.2 1.2 0.003 0.0 0.132 0.0 0.0 0.0 0 0 0 0 1 0
1986-11-23T12:30:00 1986 11 23 12 30 0 -5.7 0.4 356.0 12.5 2.93 1.19 0.0 0.0 2 2 2 2 2 2 2 2 1.3 0.58 10.0 0.4 0.4 0.4 0.4 0.4 0.4 0.002 0.0 0.128 0.0 0.0 0.0 0 0 0 0 1 0
1986-11-23T13:30:00 1986 11 23 13 30 0 -6.3 0.7 362.0 14.6 3.57 2.18 0.0 0.0 2 2 2 2 2 2 2 2 1.3 0.71 10.0 0.7 0.7 0.7 0.7 0.7 0.7 0.001 0.0 0.124 0.0 0.0 0.0 0 0 0 0 1 0
1986-11-23T14:30:00 1986 11 23 14 30 0 -8.8 1.1 362.0 14.3 3.49 3.32 0.0 0.0 2 2 2 2 2 2 2 2 1.3 0.84 10.0 1.1 1.1 1.1 1.1 1.1 1.1 0.001 0.0 0.12 0.0 0.0 0.0 0 0 0 0 1 0
1986-11-23T15:30:00 1986 11 23 15 30 0 -10.1 2.9 370.0 15.3 3.68 4.31 0.0 0.0 2 2 2 2 2 2 2 2 1.7 1.01 9.0 2.9 2.9 2.9 2.9 2.9 2.9 0.001 0.0 0.117 0.0 0.0 0.0 0 0 0 0 1 0
1986-11-23T16:30:00 1986 11 23 16 30 0 -10.3 0.0 368.0 16.6 3.93 5.63 0.0 0.0 2 2 2 2 2 2 2 2 1.7 1.19 10.0 0.0 0.0 0.0 0.0 0.0 0.0 0.0 0.0 0.113 0.0 0.0 0.0 0 0 0 0 1 0
1986-11-23T17:30:00 1986 11 23 17 30 0 -10.3 -2.6 369.0 19.2 4.63 8.51 2.6 4.78 2 2 2 2 2 2 2 2 1.7 1.31 9.0 -2.6 -2.6 -2.6 -2.6 -2.6 -2.6 0.22 0.494 0.122 0.217 0.573 1.881 2 2 0 2 2 2
1986-11-23T18:30:00 1986 11 23 18 30 0 -10.3 -2.08 383.2 19.2 4.63 9.89 4.36 8.38 1 1 1 1 1 1 1 1 3.0 1.6 2.0 -2.31 -2.25 -2.43 -2.42 -2.25 -2.21 0.459 0.871 0.141 0.467 0.908 3.236 1 1 0 1 1 1
1986-11-23T19:30:00 1986 11 23 19 30 0 -8.55 -0.16 397.4 19.2 4.48 7.3 2.02 3.88 1 1 1 1 1 1 1 1 3.0 1.89 -1.0 -1.22 -0.95 -1.79 -1.76 -0.98 -0.75 0.534 0.866 0.156 0.532 0.807 3.196 1 1 0 1 1 1
1986-11-23T20:30:00 1986 11 23 20 30 0 -5.31 0.2 411.6 17.61 4.0 3.56 0.06 0.11 1 0 1 1 1 1 1 1 3.0 2.11 6.0 -1.02 -0.7 -1.67 -1.63 -0.74 -0.48 0.523 0.724 0.167 0.52 0.636 2.599 1 1 0 1 0 1
1986-11-23T21:30:00 1986 11 23 21 30 0 -2.06 0.2 425.8 15.95 3.52 1.04 0.0 0.0 1 0 1 1 1 1 1 1 5.3 2.62 -5.0 -1.02 -0.7 -1.67 -1.63 -0.74 -0.48 0.505 0.623 0.178 0.507 0.566 2.204 1 0 0 0 0 0
1986-11-23T22:30:00 1986 11 23 22 30 0 -0.83 0.2 440.0 14.53 3.09 0.16 0.0 0.0 0 0 1 1 1 0 1 1 5.3 3.13 -26.0 -1.02 -0.7 -1.67 -1.63 -0.74 -0.48 0.491 0.563 0.189 0.5 0.548 1.992 0 0 0 0 0 0
1986-11-23T23:30:00 1986 11 23 23 30 0 1.49 0.2 454.2 13.1 4.01 0.05 0.0 0.0 1 0 1 1 1 1 1 1 5.3 3.58 -53.0 -1.02 -0.71 -1.67 -1.63 -0.74 -0.48 0.48 0.524 0.201 0.495 0.547 1.85 0 0 0 0 0 0
