1986-04-19T00:30:00 1986 4 19 0 30 0 0.47 0.39 433.3 8.37 2.65 0.01 0.0 0.0 0 0 0 0 0 0 0 0 3.0 1.57 3.0 -0.63 -0.42 -1.07 -1.05 -0.44 -0.27 0.241 0.273 0.18 0.216 0.295 0.634 0 0 0 0 0 0
1986-04-19T01:30:00 1986 4 19 1 30 0 0.47 0.39 433.3 8.37 2.65 0.01 0.0 0.0 0 0 0 0 0 0 0 0 3.0 1.9 -11.0 -0.63 -0.42 -1.07 -1.05 -0.44 -0.27 0.241 0.273 0.182 0.216 0.295 0.634 0 0 0 0 0 0
1986-04-19T02:30:00 1986 4 19 2 30 0 0.47 0.39 433.3 8.37 2.65 0.01 0.0 0.0 0 0 0 0 0 0 0 0 3.0 2.19 -19.0 -0.63 -0.42 -1.07 -1.05 -0.44 -0.27 0.241 0.273 0.184 0.216 0.295 0.634 0 0 0 0 0 0
1986-04-19T03:30:00 1986 4 19 3 30 0 0.48 0.39 433.3 8.37 2.65 0.01 0.0 0.0 0 0 0 0 0 0 0 0 2.7 2.43 -22.0 -0.63 -0.42 -1.07 -1.05 -0.44 -0.27 0.241 0.273 0.185 0.216 0.295 0.634 0 0 0 0 0 0
1986-04-19T04:30:00 1986 4 19 4 30 0 0.48 0.39 433.3 8.37 2.65 0.01 0.0 0.0 0 0 0 0 0 0 0 0 2.7 2.67 -18.0 -0.63 -0.42 -1.07 -1.05 -0.44 -0.27 0.241 0.273 0.187 0.217 0.295 0.634 0 0 0 0 0 0
1986-04-19T05:30:00 1986 4 19 5 30 0 0.48 0.39 433.3 8.37 2.65 0.01 0.0 0.0 0 0 0 0 0 0 0 0 2.7 2.72 -18.0 -0.64 -0.42 -1.08 -1.05 -0.44 -0.27 0.242 0.273 0.189 0.217 0.295 0.634 0 0 0 0 0 0
1986-04-19T06:30:00 1986 4 19 6 30 0 0.48 0.39 433.3 8.37 2.65 0.01 0.0 0.0 0 0 0 0 0 0 0 0 1.7 2.63 -18.0 -0.64 -0.42 -1.08 -1.05 -0.44 -0.27 0.243 0.273 0.191 0.217 0.295 0.634 0 0 0 0 0 0
1986-04-19T07:30:00 1986 4 19 7 30 0 0.48 0.39 433.2 8.37 2.65 0.01 0.0 0.0 0 0 0 0 0 0 0 0 1.7 2.55 -15.0 -0.64 -0.42 -1.08 -1.05 -0.44 -0.27 0.243 0.273 0.192 0.217 0.295 0.634 0 0 0 0 0 0
1986-04-19T08:30:00 1986 4 19 8 30 0 0.48 0.39 433.2 8.37 2.65 0.01 0.0 0.0 0 0 0 0 0 0 0 0 1.7 2.38 -15.0 -0.64 -0.42 -1.08 -1.05 -0.45 -0.27 0.244 0.273 0.194 0.217 0.297 0.634 0 0 0 0 0 0
1986-04-19T09:30:00 1986 4 19 9 30 0 0.48 0.39 433.2 8.37 2.65 0.01 0.0 0.0 0 0 0 0 0 0 0 0 2.0 2.26 -12.0 -0.64 -0.42 -1.08 -1.05 -0.45 -0.27 0.244 0.273 0.195 0.217 0.299 0.634 0 0 0 0 0 0
1986-04-19T10:30:00 1986 4 19 10 30 0 0.48 0.39 433.2 8.37 2.65 0.01 0.0 0.0 0 0 0 0 0 0 0 0 2.0 2.14 -13.0 -0.64 -0.42 -1.08 -1.05 -0.45 -0.27 0.244 0.273 0.197 0.217 0.299 0.633 0 0 0 0 0 0
1986-04-19T11:30:00 1986 4 19 11 30 0 0.48 0.39 433.2 8.37 2.65 0.01 0.0 0.0 0 0 0 0 0 0 0 0 2.0 2.06 -9.0 -0.64 -0.42 -1.08 -1.05 -0.45 -0.27 0.244 0.273 0.198 0.217 0.299 0.633 0 0 0 0 0 0
1986-04-19T12:30:00 1986 4 19 12 30 0 0.48 0.39 433.2 8.37 2.65 0.01 0.0 0.0 0 0 0 0 0 0 0 0 2.7 2.06 -10.0 -0.64 -0.42 -1.08 -1.05 -0.45 -0.27 0.244 0.273 0.2 0.217 0.299 0.633 0 0 0 0 0 0
1986-04-19T13:30:00 1986 4 19 13 30 0 0.48 0.39 433.2 8.37 2.65 0.01 0.0 0.0 0 0 0 0 0 0 0 0 2.7 2.07 0.0 -0.64 -0.42 -1.08 -1.05 -0.45 -0.27 0.245 0.273 0.201 0.217 0.299 0.633 0 0 0 0 0 0
1986-04-19T14:30:00 1986 4 19 14 30 0 0.48 0.39 433.2 8.37 2.65 0.01 0.0 0.0 0 0 0 0 0 0 0 0 2.7 2.2 4.0 -0.64 -0.42 -1.08 -1.05 -0.45 -0.27 0.245 0.273 0.202 0.217 0.299 0.633 0 0 0 0 0 0
1986-04-19T15:30:00 1986 4 19 15 30 0 0.48 0.39 433.2 8.37 2.65 0.01 0.0 0.0 0 0 0 0 0 0 0 0 3.0 2.36 7.0 -0.64 -0.42 -1.08 -1.05 -0.45 -0.27 0.245 0.273 0.203 0.217 0.299 0.633 0 0 0 0 0 0
1986-04-19T16:30:00 1986 4 19 16 30 0 0.48 0.39 433.2 8.37 2.65 0.01 0.0 0.0 0 0 0 0 0 0 0 0 3.0 2.52 7.0 -0.64 -0.42 -1.08 -1.05 -0.45 -0.28 0.245 0.273 0.205 0.217 0.299 0.638 0 0 0 0 0 0
1986-04-19T17:30:00 1986 4 19 17 30 0 0.48 0.39 433.2 8.37 2.65 0.01 0.0 0.0 0 0 0 0 0 0 0 0 3.0 2.65 1.0 -0.64 -0.42 -1.08 -1.05 -0.45 -0.28 0.245 0.273 0.206 0.217 0.299 0.643 0 0 0 0 0 0
1986-04-19T18:30:00 1986 4 19 18 30 0 0.48 0.39 433.2 8.37 2.65 0.01 0.0 0.0 0 0 0 0 0 0 0 0 2.7 2.73 -6.0 -0.64 -0.42 -1.08 -1.05 -0.45 -0.28 0.245 0.273 0.207 0.217 0.299 0.645 0 0 0 0 0 0
1986-04-19T19:30:00 1986 4 19 19 30 0 0.48 0.39 433.2 8.37 2.65 0.01 0.0 0.0 0 0 0 0 0 0 0 0 2.7 2.81 -11.0 -0.64 -0.43 -1.08 -1.05 -0.45 -0.28 0.245 0.275 0.208 0.217 0.299 0.645 0 0 0 0 0 0
1986-04-19T20:30:00 1986 4 19 20 30 0 0.48 0.39 433.2 8.37 2.65 0.01 0.0 0.0 0 0 0 0 0 0 0 0 2.7 2.81 -13.0 -0.64 -0.43 -1.08 -1.05 -0.45 -0.28 0.245 0.276 0.209 0.217 0.299 0.646 0 0 0 0 0 0
1986-04-19T21:30:00 1986 4 19 21 30 0 0.48 0.39 433.2 8.37 2.65 0.01 0.0 0.0 0 0 0 0 0 0 0 0 1.7 2.68 -14.0 -0.64 -0.43 -1.08 -1.05 -0.45 -0.28 0.245 0.277 0.21 0.217 0.299 0.646 0 0 0 0 0 0
1986-04-19T22:30:00 1986 4 19 22 30 0 0.48 0.39 433.2 8.37 2.65 0.01 0.0 0.0 0 0 0 0 0 0 0 0 1.7 2.55 -12.0 -0.64 -0.43 -1.08 -1.05 -0.45 -0.28 0.245 0.277 0.211 0.217 0.299 0.646 0 0 0 0 0 0
1986-04-19T23:30:00 1986 4 19 23 30 0 0.48 0.39 433.2 8.37 2.65 0.01 0.0 0.0 0 0 0 0 0 0 0 0 1.7 2.38 -9.0 -0.64 -0.43 -1.08 -1.05 -0.45 -0.28 0.245 0.277 0.212 0.217 0.299 0.646 0 0 0 0 0 0
