1986-01-27T00:30:00 1986 1 27 0 30 0 0.75 0.29 642.5 4.51 3.13 0.06 0.0 0.0 0 0 1 1 1 0 1 1 2.3 1.67 -2.0 -0.74 -0.48 -1.4 -1.36 -0.5 -0.3 0.181 0.187 0.246 0.284 0.425 0.593 0 0 0 0 0 0
1986-01-27T01:30:00 1986 1 27 1 30 0 0.75 0.29 644.8 5.15 3.51 0.05 0.0 0.0 0 0 1 1 1 0 1 1 2.3 1.71 0.0 -0.75 -0.48 -1.4 -1.36 -0.5 -0.3 0.224 0.22 0.26 0.334 0.47 0.762 0 0 0 0 0 0
1986-01-27T02:30:00 1986 1 27 2 30 0 0.53 0.29 647.1 5.35 3.88 0.03 0.0 0.0 1 0 1 1 1 1 1 1 2.3 1.84 -4.0 -0.75 -0.48 -1.41 -1.36 -0.5 -0.3 0.256 0.24 0.274 0.368 0.495 0.883 0 0 0 0 0 0
1986-01-27T03:30:00 1986 1 27 3 30 0 -0.07 0.29 649.4 5.1 4.25 0.0 0.0 0.0 1 0 1 1 1 1 1 1 5.3 2.35 -10.0 -0.75 -0.48 -1.41 -1.36 -0.5 -0.3 0.277 0.249 0.288 0.386 0.501 0.922 0 0 0 0 0 0
1986-01-27T04:30:00 1986 1 27 4 30 0 -0.67 -0.38 651.7 5.1 4.36 0.05 0.4 0.21 1 1 1 1 1 1 1 1 5.3 2.86 -14.0 -1.27 -1.04 -1.85 -1.81 -1.06 -0.89 0.331 0.313 0.308 0.449 0.674 1.244 0 1 0 1 1 1
1986-01-27T05:30:00 1986 1 27 5 30 0 -1.0 -3.79 654.0 5.1 4.36 2.42 7.27 3.71 1 1 2 2 2 1 2 2 5.3 3.32 -13.0 -3.98 -3.93 -4.1 -4.09 -3.94 -3.9 0.574 0.593 0.367 0.831 1.429 2.368 1 1 0 1 1 1
1986-01-27T06:30:00 1986 1 27 6 30 0 -1.0 -4.7 654.0 4.9 4.19 7.0 14.01 6.99 2 2 2 2 2 2 2 2 5.0 3.73 -16.0 -4.7 -4.7 -4.7 -4.7 -4.7 -4.7 0.873 0.861 0.459 1.302 2.011 3.223 1 2 1 2 2 2
1986-01-27T07:30:00 1986 1 27 7 30 0 0.6 -1.75 685.0 5.8 5.44 4.01 10.37 5.51 1 1 2 2 2 1 2 2 5.0 4.14 -23.0 -1.75 -1.75 -1.75 -1.75 -1.75 -1.75 0.928 0.848 0.508 1.206 1.797 3.404 1 1 1 1 1 1
1986-01-27T08:30:00 1986 1 27 8 30 0 2.2 1.2 664.0 5.2 4.59 0.49 1.52 0.86 2 2 2 2 2 2 2 2 5.0 4.46 -21.0 1.2 1.2 1.2 1.2 1.2 1.2 0.67 0.484 0.498 0.708 0.717 1.78 1 1 1 1 1 1
1986-01-27T09:30:00 1986 1 27 9 30 0 4.8 -0.4 677.0 5.1 4.78 1.71 0.23 0.12 2 2 2 2 2 2 2 2 3.7 4.62 -20.0 -0.4 -0.4 -0.4 -0.4 -0.4 -0.4 0.472 0.277 0.484 0.408 0.342 0.976 1 1 1 1 2 2
1986-01-27T10:30:00 1986 1 27 10 30 0 3.2 0.9 691.0 5.4 5.16 1.98 0.16 0.08 2 2 2 2 2 2 2 2 3.7 4.77 -15.0 0.9 0.9 0.9 0.9 0.9 0.9 0.322 0.145 0.469 0.229 0.124 0.457 1 2 1 1 2 2
1986-01-27T11:30:00 1986 1 27 11 30 0 6.5 -0.7 690.0 5.9 5.62 3.55 0.63 0.37 2 2 2 2 2 2 2 2 3.7 4.57 -11.0 -0.7 -0.7 -0.7 -0.7 -0.7 -0.7 0.263 0.156 0.458 0.163 0.301 0.794 1 2 1 2 2 2
1986-01-27T12:30:00 1986 1 27 12 30 0 7.0 -0.8 680.0 5.5 5.09 7.02 2.58 1.47 2 2 2 2 2 2 2 2 5.3 4.58 -14.0 -0.8 -0.8 -0.8 -0.8 -0.8 -0.8 0.292 0.264 0.456 0.186 0.617 1.482 2 2 1 2 2 2
1986-01-27T13:30:00 1986 1 27 13 30 0 5.8 -3.2 700.0 4.7 4.74 8.91 7.27 3.63 2 2 2 2 2 2 2 2 5.3 4.59 -24.0 -3.2 -3.2 -3.2 -3.2 -3.2 -3.2 0.489 0.508 0.492 0.511 1.332 2.465 2 2 1 2 2 2
1986-01-27T14:30:00 1986 1 27 14 30 0 2.9 -0.6 756.0 3.0 3.45 5.27 6.48 2.58 2 2 2 2 2 2 2 2 5.3 4.63 -37.0 -0.6 -0.6 -0.6 -0.6 -0.6 -0.6 0.512 0.481 0.508 0.496 1.12 2.061 2 2 1 2 2 2
1986-01-27T15:30:00 1986 1 27 15 30 0 2.4 -0.1 763.0 3.1 3.57 1.33 1.25 0.38 2 2 2 2 2 2 2 2 4.3 4.55 -34.0 -0.1 -0.1 -0.1 -0.1 -0.1 -0.1 0.386 0.306 0.496 0.3 0.566 1.218 2 2 1 2 2 2
1986-01-27T16:30:00 1986 1 27 16 30 0 2.1 -1.2 756.0 3.2 3.63 1.31 2.64 0.84 2 2 2 2 2 2 2 2 4.3 4.46 -31.0 -1.2 -1.2 -1.2 -1.2 -1.2 -1.2 0.366 0.305 0.494 0.266 0.708 1.244 2 2 1 2 2 2
1986-01-27T17:30:00 1986 1 27 17 30 0 0.3 1.0 742.0 3.3 3.64 0.4 1.05 0.34 2 2 2 2 2 2 2 2 4.3 4.53 -35.0 1.0 1.0 1.0 1.0 1.0 1.0 0.27 0.185 0.481 0.164 0.315 0.681 2 2 1 2 2 2
1986-01-27T18:30:00 1986 1 27 18 30 0 -0.3 2.2 765.0 2.9 3.39 0.0 0.0 0.0 2 2 2 2 2 2 2 2 4.3 4.6 -37.0 2.2 2.2 2.2 2.2 2.2 2.2 0.183 0.092 0.467 0.092 0.1 0.283 2 2 1 2 2 2
1986-01-27T19:30:00 1986 1 27 19 30 0 2.3 0.6 773.0 2.8 3.32 0.15 0.0 0.0 2 2 2 2 2 2 2 2 4.3 4.66 -34.0 0.6 0.6 0.6 0.6 0.6 0.6 0.124 0.046 0.452 0.051 0.032 0.117 2 2 1 2 2 2
1986-01-27T20:30:00 1986 1 27 20 30 0 1.0 1.3 769.0 3.2 3.84 0.22 0.0 0.0 2 2 2 2 2 2 2 2 4.3 4.54 -29.0 1.3 1.3 1.3 1.3 1.3 1.3 0.084 0.023 0.439 0.029 0.01 0.049 2 2 1 2 2 2
1986-01-27T21:30:00 1986 1 27 21 30 0 2.3 -1.1 755.0 3.4 3.91 0.64 1.14 0.38 2 2 2 2 2 2 2 2 4.7 4.47 -26.0 -1.1 -1.1 -1.1 -1.1 -1.1 -1.1 0.115 0.102 0.432 0.072 0.338 0.497 2 2 1 2 2 2
1986-01-27T22:30:00 1986 1 27 22 30 0 2.8 -1.1 731.0 3.6 3.91 1.97 4.08 1.43 2 2 2 2 2 2 2 2 4.7 4.4 -26.0 -1.1 -1.1 -1.1 -1.1 -1.1 -1.1 0.216 0.245 0.438 0.178 0.732 1.13 2 2 1 2 2 2
1986-01-27T23:30:00 1986 1 27 23 30 0 2.8 -0.84 735.0 3.6 3.91 2.01 3.52 1.27 1 1 1 1 1 1 1 1 4.7 4.46 -25.0 -1.04 -0.99 -1.16 -1.16 -0.99 -0.95 0.281 0.308 0.444 0.243 0.824 1.352 2 1 1 1 1 1
