1986-12-23T00:30:00 1986 12 23 0 30 0 4.9 -2.3 504.0 4.4 2.24 4.72 6.6 2.87 2 2 2 2 2 2 2 2 3.3 2.75 -19.0 -2.3 -2.3 -2.3 -2.3 -2.3 -2.3 0.551 0.605 0.382 0.483 0.877 1.095 2 2 2 2 2 2
1986-12-23T01:30:00 1986 12 23 1 30 0 4.5 -6.3 505.0 3.6 1.84 9.11 11.27 4.4 2 2 2 2 2 2 2 2 3.3 2.71 -22.0 -6.3 -6.3 -6.3 -6.3 -6.3 -6.3 0.76 0.817 0.427 0.893 1.288 1.369 2 2 2 2 2 2
1986-12-23T02:30:00 1986 12 23 2 30 0 4.5 -5.1 503.3 3.6 1.84 11.74 14.24 5.13 1 1 1 1 1 1 1 1 3.3 2.84 -23.0 -5.26 -5.23 -5.33 -5.33 -5.23 -5.2 0.939 0.948 0.482 1.208 1.45 1.457 2 1 2 1 1 1
1986-12-23T03:30:00 1986 12 23 3 30 0 3.67 -0.68 501.7 3.6 1.96 4.92 6.8 2.45 1 1 1 1 1 1 1 1 3.0 2.92 -21.0 -1.42 -1.25 -1.74 -1.72 -1.27 -1.13 0.861 0.783 0.498 0.983 1.03 1.153 1 1 2 1 1 1
1986-12-23T04:30:00 1986 12 23 4 30 0 2.13 0.16 500.0 3.97 2.32 0.98 0.62 0.23 1 0 1 1 1 1 1 1 3.0 3.0 -18.0 -0.69 -0.5 -1.05 -1.03 -0.51 -0.35 0.674 0.532 0.493 0.655 0.585 0.764 1 1 2 1 1 1
1986-12-23T05:30:00 1986 12 23 5 30 0 0.59 0.16 498.3 4.52 2.69 0.17 0.0 0.0 1 0 1 1 1 1 1 1 3.0 3.04 -15.0 -0.69 -0.5 -1.05 -1.03 -0.51 -0.35 0.529 0.381 0.485 0.451 0.399 0.573 1 1 2 1 0 0
1986-12-23T06:30:00 1986 12 23 6 30 0 0.45 0.16 496.7 5.08 3.0 0.02 0.0 0.0 1 0 1 1 1 1 1 1 3.0 3.07 -8.0 -0.69 -0.5 -1.05 -1.03 -0.51 -0.35 0.435 0.313 0.479 0.341 0.35 0.535 1 0 2 1 0 0
1986-12-23T07:30:00 1986 12 23 7 30 0 1.65 0.16 495.0 5.63 2.95 0.12 0.0 0.0 1 0 1 1 1 1 1 1 3.0 3.11 -9.0 -0.69 -0.49 -1.05 -1.03 -0.51 -0.35 0.374 0.284 0.472 0.282 0.343 0.561 1 0 1 0 0 0
1986-12-23T08:30:00 1986 12 23 8 30 0 2.85 0.5 493.3 6.0 2.9 0.45 0.0 0.0 1 1 1 1 1 1 1 1 3.0 3.07 -8.0 -0.23 -0.07 -0.55 -0.53 -0.09 0.06 0.302 0.212 0.463 0.215 0.234 0.367 1 0 1 1 1 0
1986-12-23T09:30:00 1986 12 23 9 30 0 3.5 2.24 491.7 6.0 2.88 0.57 0.0 0.0 1 1 1 1 1 1 1 1 4.0 3.17 -11.0 2.08 2.12 2.02 2.02 2.12 2.14 0.205 0.105 0.449 0.121 0.074 0.152 1 0 1 1 1 0
1986-12-23T10:30:00 1986 12 23 10 30 0 3.5 2.7 490.0 6.0 2.88 0.49 0.0 0.0 2 2 2 2 2 2 2 2 4.0 3.26 -19.0 2.7 2.7 2.7 2.7 2.7 2.7 0.139 0.052 0.435 0.068 0.023 0.063 1 0 1 1 1 0
1986-12-23T11:30:00 1986 12 23 11 30 0 3.5 -0.4 516.0 6.8 3.62 0.9 0.12 0.08 2 2 2 2 2 2 2 2 4.0 3.39 -20.0 -0.4 -0.4 -0.4 -0.4 -0.4 -0.4 0.11 0.066 0.423 0.047 0.091 0.206 1 1 1 1 2 2
1986-12-23T12:30:00 1986 12 23 12 30 0 3.4 -4.4 569.0 5.2 3.37 4.42 7.08 4.05 2 2 2 2 2 2 2 2 4.7 3.61 -16.0 -4.4 -4.4 -4.4 -4.4 -4.4 -4.4 0.389 0.483 0.453 0.478 1.027 1.537 2 2 2 2 2 2
1986-12-23T13:30:00 1986 12 23 13 30 0 3.0 -1.6 571.0 4.9 3.19 4.71 8.22 4.16 1 1 1 1 1 1 1 1 4.7 3.82 -21.0 -1.6 -1.6 -1.6 -1.6 -1.6 -1.6 0.532 0.613 0.478 0.61 1.134 1.815 1 1 1 1 1 1
1986-12-23T14:30:00 1986 12 23 14 30 0 2.6 1.2 573.0 4.6 3.02 1.08 1.12 0.54 2 2 2 2 2 2 2 2 4.7 4.03 -28.0 1.2 1.2 1.2 1.2 1.2 1.2 0.39 0.355 0.466 0.362 0.452 0.934 1 1 2 1 1 1
1986-12-23T15:30:00 1986 12 23 15 30 0 3.0 -0.5 578.0 4.2 2.81 0.86 0.28 0.12 2 2 2 2 2 2 2 2 3.3 4.06 -23.0 -0.5 -0.5 -0.5 -0.5 -0.5 -0.5 0.285 0.223 0.452 0.215 0.259 0.573 1 2 2 1 2 2
1986-12-23T16:30:00 1986 12 23 16 30 0 2.7 -0.5 579.0 4.7 3.15 1.26 1.45 0.65 2 2 2 2 2 2 2 2 3.3 4.08 -21.0 -0.5 -0.5 -0.5 -0.5 -0.5 -0.5 0.256 0.234 0.443 0.161 0.355 0.706 2 2 2 2 2 2
1986-12-23T17:30:00 1986 12 23 17 30 0 2.0 1.7 575.0 4.9 3.24 0.49 0.11 0.05 2 2 2 2 2 2 2 2 3.3 3.99 -21.0 1.7 1.7 1.7 1.7 1.7 1.7 0.173 0.116 0.429 0.09 0.112 0.293 2 2 2 2 2 2
1986-12-23T18:30:00 1986 12 23 18 30 0 2.4 -0.2 573.0 5.1 3.35 0.43 0.06 0.03 2 2 2 2 2 2 2 2 2.7 3.82 -18.0 -0.2 -0.2 -0.2 -0.2 -0.2 -0.2 0.126 0.08 0.417 0.055 0.09 0.232 2 2 2 2 2 2
1986-12-23T19:30:00 1986 12 23 19 30 0 2.4 0.0 564.0 5.5 3.5 0.72 0.26 0.14 2 2 2 2 2 2 2 2 2.7 3.65 -16.0 0.0 0.0 0.0 0.0 0.0 0.0 0.096 0.068 0.404 0.034 0.082 0.241 2 2 2 2 2 2
1986-12-23T20:30:00 1986 12 23 20 30 0 3.4 -0.3 562.0 6.4 4.04 1.1 0.46 0.28 2 2 2 2 2 2 2 2 2.7 3.4 -15.0 -0.3 -0.3 -0.3 -0.3 -0.3 -0.3 0.096 0.11 0.393 0.033 0.188 0.499 2 2 2 2 2 2
1986-12-23T21:30:00 1986 12 23 21 30 0 2.5 -0.3 550.0 6.6 3.99 1.14 0.83 0.54 2 2 2 2 2 2 2 2 4.3 3.37 -18.0 -0.3 -0.3 -0.3 -0.3 -0.3 -0.3 0.11 0.157 0.383 0.042 0.266 0.721 2 2 2 2 2 2
1986-12-23T22:30:00 1986 12 23 22 30 0 2.6 -1.2 551.0 6.3 3.83 1.22 2.17 1.39 2 2 2 2 2 2 2 2 4.3 3.33 -17.0 -1.2 -1.2 -1.2 -1.2 -1.2 -1.2 0.189 0.289 0.38 0.119 0.528 1.182 2 2 2 2 2 2
1986-12-23T23:30:00 1986 12 23 23 30 0 1.0 -0.1 529.0 6.6 3.69 0.66 1.64 1.05 2 2 2 2 2 2 2 2 4.3 3.46 -14.0 -0.1 -0.1 -0.1 -0.1 -0.1 -0.1 0.192 0.269 0.373 0.109 0.399 1.029 2 2 2 2 2 2
