1986-03-17T00:30:00 1986 3 17 0 30 0 0.96 0.26 399.1 7.49 2.92 0.05 0.0 0.0 0 0 1 1 0 0 1 1 1.7 1.06 -21.0 -0.71 -0.48 -1.14 -1.12 -0.51 -0.32 0.206 0.271 0.197 0.188 0.273 0.49 0 0 1 0 0 0
1986-03-17T01:30:00 1986 3 17 1 30 0 0.96 0.26 398.8 7.48 2.92 0.05 0.0 0.0 0 0 1 0 0 0 1 0 1.7 1.18 -13.0 -0.71 -0.48 -1.14 -1.12 -0.51 -0.32 0.217 0.275 0.197 0.195 0.273 0.491 0 0 1 0 0 0
1986-03-17T02:30:00 1986 3 17 2 30 0 0.96 0.26 398.5 7.48 2.92 0.05 0.0 0.0 0 0 1 0 0 0 1 0 1.7 1.27 -6.0 -0.71 -0.48 -1.14 -1.12 -0.51 -0.32 0.224 0.277 0.197 0.198 0.273 0.491 0 0 1 0 0 0
1986-03-17T03:30:00 1986 3 17 3 30 0 0.96 0.26 398.2 7.48 2.92 0.05 0.0 0.0 0 0 1 0 0 0 1 0 1.7 1.36 -4.0 -0.71 -0.48 -1.14 -1.12 -0.51 -0.32 0.229 0.278 0.198 0.2 0.273 0.49 0 0 1 0 0 0
1986-03-17T04:30:00 1986 3 17 4 30 0 0.96 0.26 397.9 7.74 2.91 0.05 0.0 0.0 0 0 1 1 0 0 1 1 1.7 1.45 -6.0 -0.71 -0.48 -1.14 -1.12 -0.51 -0.32 0.233 0.28 0.198 0.202 0.274 0.499 0 0 1 0 0 0
1986-03-17T05:30:00 1986 3 17 5 30 0 0.96 0.26 397.6 8.2 2.92 0.05 0.0 0.0 0 0 1 1 1 0 1 1 1.7 1.53 -10.0 -0.71 -0.48 -1.14 -1.12 -0.5 -0.32 0.237 0.285 0.198 0.204 0.277 0.521 0 0 1 0 0 0
1986-03-17T06:30:00 1986 3 17 6 30 0 0.54 0.26 397.2 8.66 2.99 0.03 0.0 0.0 1 0 1 1 1 1 1 1 2.7 1.75 -14.0 -0.71 -0.48 -1.14 -1.12 -0.5 -0.32 0.242 0.291 0.199 0.208 0.281 0.554 0 0 1 0 0 0
1986-03-17T07:30:00 1986 3 17 7 30 0 -0.58 0.26 396.9 9.13 3.06 0.0 0.0 0.0 1 0 1 1 1 1 1 1 2.7 1.96 -19.0 -0.71 -0.48 -1.14 -1.11 -0.5 -0.32 0.247 0.297 0.199 0.211 0.286 0.59 0 0 1 0 0 0
1986-03-17T08:30:00 1986 3 17 8 30 0 -1.69 0.41 396.6 9.5 3.13 0.09 0.0 0.0 1 1 1 1 1 1 1 1 2.7 2.09 -17.0 -0.42 -0.23 -0.8 -0.78 -0.25 -0.09 0.231 0.263 0.199 0.191 0.238 0.503 0 0 1 0 1 1
1986-03-17T09:30:00 1986 3 17 9 30 0 -2.3 1.19 396.3 9.5 3.15 0.19 0.0 0.0 1 1 1 1 1 1 1 1 1.3 2.03 -15.0 1.02 1.06 0.94 0.94 1.05 1.09 0.159 0.131 0.193 0.111 0.075 0.209 0 0 1 0 1 1
1986-03-17T10:30:00 1986 3 17 10 30 0 -2.3 1.4 396.0 9.5 3.15 0.21 0.0 0.0 2 2 2 2 2 2 2 2 1.3 1.97 -12.0 1.4 1.4 1.4 1.4 1.4 1.4 0.107 0.065 0.187 0.062 0.024 0.087 0 0 1 0 1 1
1986-03-17T11:30:00 1986 3 17 11 30 0 -2.5 2.2 390.0 10.1 3.21 0.18 0.0 0.0 2 2 2 2 2 2 2 2 1.3 1.92 -8.0 2.2 2.2 2.2 2.2 2.2 2.2 0.073 0.032 0.181 0.035 0.008 0.036 0 0 1 0 1 1
1986-03-17T12:30:00 1986 3 17 12 30 0 3.1 2.8 393.0 10.3 3.29 0.06 0.0 0.0 2 2 2 2 2 2 2 2 1.0 1.82 -6.0 2.8 2.8 2.8 2.8 2.8 2.8 0.049 0.016 0.176 0.02 0.002 0.015 0 0 1 0 1 1
1986-03-17T13:30:00 1986 3 17 13 30 0 3.7 0.0 390.0 10.1 3.2 0.61 0.0 0.0 2 2 2 2 2 2 2 2 1.0 1.73 -9.0 0.0 0.0 0.0 0.0 0.0 0.0 0.033 0.008 0.17 0.011 0.001 0.006 0 0 1 0 1 1
1986-03-17T14:30:00 1986 3 17 14 30 0 2.4 0.4 392.0 10.4 3.44 0.66 0.0 0.0 2 2 2 2 2 2 2 2 1.0 1.52 -12.0 0.4 0.4 0.4 0.4 0.4 0.4 0.023 0.004 0.165 0.006 0.0 0.003 0 0 1 0 1 1
1986-03-17T15:30:00 1986 3 17 15 30 0 -0.7 1.6 386.0 13.5 4.17 0.06 0.0 0.0 2 2 2 2 2 2 2 2 1.7 1.4 -12.0 1.6 1.6 1.6 1.6 1.6 1.6 0.015 0.002 0.16 0.003 0.0 0.001 0 0 1 0 1 1
1986-03-17T16:30:00 1986 3 17 16 30 0 -1.5 4.1 390.0 14.7 4.29 0.01 0.0 0.0 2 2 2 2 2 2 2 2 1.7 1.29 -9.0 4.1 4.1 4.1 4.1 4.1 4.1 0.01 0.001 0.155 0.002 0.0 0.0 0 0 1 0 1 1
1986-03-17T17:30:00 1986 3 17 17 30 0 1.0 2.5 392.0 14.1 4.37 0.0 0.0 0.0 2 2 2 2 2 2 2 2 1.7 1.34 -8.0 2.5 2.5 2.5 2.5 2.5 2.5 0.007 0.0 0.151 0.001 0.0 0.0 0 0 1 0 1 1
1986-03-17T18:30:00 1986 3 17 18 30 0 -0.5 4.3 389.0 10.6 3.11 0.0 0.0 0.0 2 2 2 2 2 2 2 2 1.7 1.4 -9.0 4.3 4.3 4.3 4.3 4.3 4.3 0.005 0.0 0.146 0.001 0.0 0.0 0 0 1 0 1 1
1986-03-17T19:30:00 1986 3 17 19 30 0 1.8 -0.9 384.0 10.7 2.96 0.1 0.22 0.24 2 2 2 2 2 2 2 2 1.7 1.45 -10.0 -0.9 -0.9 -0.9 -0.9 -0.9 -0.9 0.034 0.08 0.143 0.023 0.11 0.243 2 2 1 2 2 2
1986-03-17T20:30:00 1986 3 17 20 30 0 2.0 2.8 379.0 7.9 2.18 0.18 0.14 0.15 2 2 2 2 2 2 2 2 1.7 1.53 -16.0 2.8 2.8 2.8 2.8 2.8 2.8 0.023 0.04 0.138 0.013 0.035 0.101 2 2 1 2 2 2
1986-03-17T21:30:00 1986 3 17 21 30 0 0.9 2.9 387.0 9.2 2.58 0.03 0.0 0.0 2 2 2 2 2 2 2 2 1.0 1.52 -12.0 2.9 2.9 2.9 2.9 2.9 2.9 0.015 0.02 0.134 0.007 0.011 0.042 2 2 1 2 2 2
1986-03-17T22:30:00 1986 3 17 22 30 0 -0.6 2.6 385.0 10.3 2.86 0.0 0.0 0.0 2 2 2 2 2 2 2 2 1.0 1.52 -11.0 2.6 2.6 2.6 2.6 2.6 2.6 0.01 0.01 0.13 0.004 0.003 0.017 2 2 1 2 2 2
1986-03-17T23:30:00 1986 3 17 23 30 0 -1.3 -1.7 387.0 10.7 2.95 0.21 0.79 0.84 2 2 2 2 2 2 2 2 1.0 1.43 -14.0 -1.7 -1.7 -1.7 -1.7 -1.7 -1.7 0.081 0.18 0.13 0.067 0.239 0.516 2 2 1 2 2 2
