1986-02-18T00:30:00 1986 2 18 0 30 0 0.66 0.22 457.0 5.39 3.2 0.03 0.0 0.0 0 0 1 0 0 0 1 0 4.0 3.39 -59.0 -0.94 -0.62 -1.67 -1.62 -0.65 -0.4 0.301 0.293 0.571 0.337 0.351 0.503 0 0 0 0 0 0
1986-02-18T01:30:00 1986 2 18 1 30 0 0.66 0.22 457.0 5.39 3.2 0.03 0.0 0.0 0 0 1 0 0 0 1 0 4.0 3.64 -56.0 -0.94 -0.62 -1.67 -1.62 -0.65 -0.4 0.301 0.293 0.566 0.337 0.351 0.503 0 0 0 0 0 0
1986-02-18T02:30:00 1986 2 18 2 30 0 0.66 0.22 457.0 5.29 3.2 0.03 0.0 0.0 0 0 1 1 0 0 1 1 4.0 3.76 -51.0 -0.94 -0.62 -1.67 -1.62 -0.65 -0.4 0.3 0.292 0.561 0.336 0.35 0.498 0 0 0 0 0 0
1986-02-18T03:30:00 1986 2 18 3 30 0 0.66 0.22 457.0 5.11 3.18 0.03 0.0 0.0 0 0 1 1 1 0 1 1 3.0 3.75 -47.0 -0.94 -0.62 -1.67 -1.62 -0.65 -0.4 0.299 0.289 0.556 0.334 0.346 0.485 0 0 0 0 0 0
1986-02-18T04:30:00 1986 2 18 4 30 0 0.82 0.22 457.0 4.93 2.83 0.04 0.0 0.0 1 0 1 1 1 1 1 1 3.0 3.74 -45.0 -0.94 -0.62 -1.67 -1.62 -0.65 -0.4 0.297 0.286 0.552 0.33 0.342 0.467 0 0 0 0 0 0
1986-02-18T05:30:00 1986 2 18 5 30 0 1.24 0.22 457.0 4.75 2.49 0.08 0.0 0.0 1 0 1 1 1 1 1 1 3.0 3.61 -45.0 -0.94 -0.62 -1.67 -1.62 -0.65 -0.4 0.294 0.282 0.547 0.326 0.337 0.448 0 0 0 0 0 0
1986-02-18T06:30:00 1986 2 18 6 30 0 1.67 0.04 457.0 4.6 2.14 0.19 0.0 0.0 1 1 1 1 1 1 1 1 2.0 3.35 -50.0 -0.96 -0.69 -1.59 -1.55 -0.71 -0.5 0.292 0.284 0.542 0.317 0.342 0.45 0 1 0 0 1 1
1986-02-18T07:30:00 1986 2 18 7 30 0 1.9 -0.86 457.0 4.6 2.03 0.47 1.02 0.47 1 1 1 1 1 1 1 1 2.0 3.1 -50.0 -1.07 -1.01 -1.2 -1.19 -1.02 -0.97 0.296 0.318 0.534 0.283 0.396 0.538 1 1 0 1 1 1
1986-02-18T08:30:00 1986 2 18 8 30 0 1.9 -1.1 457.0 4.6 2.03 0.78 2.26 1.04 2 2 2 2 2 2 2 2 2.0 2.85 -48.0 -1.1 -1.1 -1.1 -1.1 -1.1 -1.1 0.304 0.355 0.525 0.245 0.444 0.625 1 1 0 1 2 2
1986-02-18T09:30:00 1986 2 18 9 30 0 2.4 -0.8 459.0 4.4 1.83 0.88 2.15 0.97 2 2 2 2 2 2 2 2 2.3 2.64 -42.0 -0.8 -0.8 -0.8 -0.8 -0.8 -0.8 0.293 0.349 0.514 0.202 0.417 0.614 1 2 0 1 2 2
1986-02-18T10:30:00 1986 2 18 10 30 0 3.7 0.3 476.0 5.5 2.48 1.03 0.6 0.28 2 2 2 2 2 2 2 2 2.3 2.44 -38.0 0.3 0.3 0.3 0.3 0.3 0.3 0.218 0.214 0.499 0.123 0.188 0.353 1 2 0 1 2 2
1986-02-18T11:30:00 1986 2 18 11 30 0 5.2 -0.1 458.0 4.8 1.95 1.85 0.04 0.02 2 2 2 2 2 2 2 2 2.3 2.36 -37.0 -0.1 -0.1 -0.1 -0.1 -0.1 -0.1 0.151 0.119 0.484 0.07 0.083 0.188 1 2 0 1 2 2
1986-02-18T12:30:00 1986 2 18 12 30 0 5.3 0.1 453.0 4.6 1.83 2.45 0.05 0.02 2 2 2 2 2 2 2 2 1.7 2.19 -35.0 0.1 0.1 0.1 0.1 0.1 0.1 0.104 0.064 0.469 0.039 0.032 0.092 1 2 0 1 2 2
1986-02-18T13:30:00 1986 2 18 13 30 0 3.8 1.3 455.0 5.1 2.21 1.47 0.0 0.0 2 2 2 2 2 2 2 2 1.7 2.04 -34.0 1.3 1.3 1.3 1.3 1.3 1.3 0.07 0.032 0.455 0.022 0.01 0.038 1 2 0 1 2 2
1986-02-18T14:30:00 1986 2 18 14 30 0 3.8 1.1 454.6 5.1 2.21 0.85 0.0 0.0 1 1 1 1 1 1 1 1 1.7 2.0 -34.0 0.88 0.94 0.75 0.76 0.94 0.98 0.048 0.016 0.441 0.012 0.003 0.016 1 2 0 1 2 2
1986-02-18T15:30:00 1986 2 18 15 30 0 3.22 0.36 454.1 5.1 2.3 0.84 0.0 0.0 1 1 1 1 1 1 1 1 2.3 2.03 -34.0 -0.65 -0.37 -1.28 -1.24 -0.4 -0.18 0.06 0.047 0.431 0.055 0.075 0.066 1 1 0 1 1 1
1986-02-18T16:30:00 1986 2 18 16 30 0 2.14 0.22 453.7 5.15 2.6 0.56 0.0 0.0 1 0 1 1 1 1 1 1 2.3 2.07 -38.0 -0.95 -0.63 -1.67 -1.62 -0.66 -0.41 0.127 0.155 0.429 0.161 0.24 0.276 0 0 0 0 0 0
1986-02-18T17:30:00 1986 2 18 17 30 0 1.06 0.22 453.3 5.21 2.89 0.2 0.0 0.0 1 0 1 1 1 1 1 1 2.3 2.08 -37.0 -0.95 -0.63 -1.67 -1.62 -0.66 -0.41 0.182 0.223 0.428 0.234 0.312 0.393 0 0 0 0 0 0
1986-02-18T18:30:00 1986 2 18 18 30 0 0.65 0.22 452.9 5.27 3.18 0.05 0.0 0.0 0 0 1 1 1 0 1 1 1.3 1.95 -33.0 -0.95 -0.63 -1.67 -1.62 -0.66 -0.41 0.219 0.258 0.427 0.276 0.335 0.445 0 0 0 0 0 0
1986-02-18T19:30:00 1986 2 18 19 30 0 0.65 0.22 452.4 5.33 3.19 0.03 0.0 0.0 0 0 1 1 0 0 1 1 1.3 1.82 -30.0 -0.95 -0.63 -1.67 -1.62 -0.66 -0.41 0.245 0.276 0.426 0.3 0.343 0.47 0 0 0 0 0 0
1986-02-18T20:30:00 1986 2 18 20 30 0 0.65 0.22 452.0 5.36 3.19 0.03 0.0 0.0 0 0 1 0 0 0 1 0 1.3 1.77 -31.0 -0.95 -0.63 -1.67 -1.62 -0.66 -0.41 0.263 0.285 0.426 0.314 0.346 0.483 0 0 0 0 0 0
1986-02-18T21:30:00 1986 2 18 21 30 0 0.65 0.22 451.6 5.36 3.19 0.03 0.0 0.0 0 0 1 0 0 0 1 0 4.3 2.11 -33.0 -0.95 -0.63 -1.67 -1.62 -0.66 -0.41 0.275 0.29 0.425 0.321 0.347 0.488 0 0 0 0 0 0
1986-02-18T22:30:00 1986 2 18 22 30 0 0.65 0.22 451.1 5.36 3.19 0.03 0.0 0.0 0 0 1 0 0 0 1 0 4.3 2.44 -41.0 -0.95 -0.63 -1.67 -1.62 -0.66 -0.41 0.283 0.292 0.424 0.326 0.347 0.49 0 0 0 0 0 0
1986-02-18T23:30:00 1986 2 18 23 30 0 0.65 0.22 450.7 5.36 3.19 0.03 0.0 0.0 0 0 1 0 0 0 1 0 4.3 2.7 -37.0 -0.95 -0.63 -1.67 -1.62 -0.66 -0.41 0.288 0.293 0.423 0.328 0.346 0.49 0 0 0 0 0 0
