1986-10-10T00:30:00 1986 10 10 0 30 0 -0.97 0.67 374.0 7.48 3.07 0.03 0.0 0.0 0 0 1 1 0 0 1 1 0.7 1.97 -15.0 -0.49 -0.32 -0.86 -0.84 -0.33 -0.2 0.138 0.206 0.101 0.122 0.185 0.352 0 0 1 0 0 0
1986-10-10T01:30:00 1986 10 10 1 30 0 -0.97 0.67 374.0 7.08 3.07 0.03 0.0 0.0 0 0 1 0 0 0 1 0 0.7 1.88 -13.0 -0.49 -0.32 -0.86 -0.84 -0.33 -0.2 0.146 0.206 0.101 0.124 0.181 0.329 0 0 1 0 0 0
1986-10-10T02:30:00 1986 10 10 2 30 0 -0.97 0.67 374.0 7.08 3.07 0.03 0.0 0.0 0 0 1 0 0 0 1 0 0.7 1.68 -13.0 -0.49 -0.32 -0.86 -0.84 -0.33 -0.2 0.151 0.206 0.102 0.125 0.179 0.316 0 0 1 0 0 0
1986-10-10T03:30:00 1986 10 10 3 30 0 -0.97 0.67 374.0 7.08 3.07 0.03 0.0 0.0 0 0 1 0 0 0 1 0 0.3 1.43 -11.0 -0.49 -0.32 -0.86 -0.84 -0.33 -0.2 0.154 0.206 0.103 0.125 0.179 0.31 0 0 1 0 0 0
1986-10-10T04:30:00 1986 10 10 4 30 0 -0.97 0.67 374.0 7.08 3.07 0.03 0.0 0.0 0 0 1 0 0 0 1 0 0.3 1.18 -8.0 -0.49 -0.32 -0.86 -0.84 -0.33 -0.2 0.157 0.206 0.103 0.126 0.179 0.308 0 0 1 0 0 0
1986-10-10T05:30:00 1986 10 10 5 30 0 -0.97 0.67 374.0 7.08 3.07 0.03 0.0 0.0 0 0 1 0 0 0 1 0 0.3 0.93 -7.0 -0.49 -0.32 -0.86 -0.84 -0.33 -0.2 0.158 0.205 0.104 0.126 0.178 0.307 0 0 1 0 0 0
1986-10-10T06:30:00 1986 10 10 6 30 0 -0.97 0.67 374.0 7.08 3.07 0.03 0.0 0.0 0 0 1 0 0 0 1 0 1.3 0.82 -5.0 -0.49 -0.32 -0.86 -0.84 -0.33 -0.2 0.159 0.205 0.104 0.126 0.178 0.306 0 0 1 0 0 0
1986-10-10T07:30:00 1986 10 10 7 30 0 -0.97 0.67 374.0 7.08 3.07 0.03 0.0 0.0 0 0 1 0 0 0 1 0 1.3 0.71 -5.0 -0.49 -0.32 -0.87 -0.84 -0.33 -0.2 0.16 0.205 0.105 0.126 0.178 0.306 0 0 1 0 0 0
1986-10-10T08:30:00 1986 10 10 8 30 0 -0.97 0.67 376.4 7.08 3.07 0.03 0.0 0.0 0 0 1 0 0 0 1 0 1.3 0.78 -2.0 -0.49 -0.32 -0.87 -0.84 -0.33 -0.2 0.161 0.205 0.105 0.126 0.179 0.308 0 0 1 0 0 0
1986-10-10T09:30:00 1986 10 10 9 30 0 -0.97 0.67 381.2 7.08 3.07 0.03 0.0 0.0 0 0 1 0 0 0 1 0 0.7 0.78 -2.0 -0.49 -0.32 -0.87 -0.84 -0.34 -0.2 0.162 0.206 0.106 0.127 0.184 0.313 0 0 1 0 0 0
1986-10-10T10:30:00 1986 10 10 10 30 0 -0.97 0.67 386.0 7.08 3.07 0.03 0.0 0.0 0 0 1 0 0 0 1 0 0.7 0.78 -1.0 -0.49 -0.32 -0.87 -0.84 -0.34 -0.2 0.163 0.206 0.107 0.129 0.188 0.321 0 0 1 0 0 0
1986-10-10T11:30:00 1986 10 10 11 30 0 -0.97 0.67 390.8 7.09 3.07 0.03 0.0 0.0 0 0 1 0 0 0 1 0 0.7 0.83 2.0 -0.49 -0.32 -0.87 -0.84 -0.34 -0.2 0.164 0.207 0.107 0.13 0.192 0.331 0 0 1 0 0 0
1986-10-10T12:30:00 1986 10 10 12 30 0 -0.97 0.67 395.6 7.09 3.07 0.03 0.0 0.0 0 0 1 0 0 0 1 0 0.0 0.78 4.0 -0.49 -0.32 -0.87 -0.84 -0.34 -0.2 0.165 0.207 0.108 0.132 0.196 0.341 0 0 1 0 0 0
1986-10-10T13:30:00 1986 10 10 13 30 0 -0.97 0.67 400.3 7.09 3.07 0.03 0.0 0.0 0 0 1 0 0 0 1 0 0.0 0.73 5.0 -0.49 -0.32 -0.87 -0.84 -0.34 -0.2 0.167 0.207 0.109 0.134 0.2 0.351 0 0 1 0 0 0
1986-10-10T14:30:00 1986 10 10 14 30 0 -0.97 0.67 405.1 7.09 3.07 0.03 0.0 0.0 0 0 1 0 0 0 1 0 0.0 0.57 7.0 -0.49 -0.32 -0.87 -0.85 -0.34 -0.2 0.168 0.208 0.11 0.137 0.204 0.361 0 0 1 0 0 0
1986-10-10T15:30:00 1986 10 10 15 30 0 -0.97 0.67 409.9 7.09 3.07 0.03 0.0 0.0 0 0 1 0 0 0 1 0 0.0 0.41 6.0 -0.49 -0.32 -0.87 -0.85 -0.34 -0.2 0.17 0.208 0.112 0.139 0.208 0.371 0 0 1 0 0 0
1986-10-10T16:30:00 1986 10 10 16 30 0 -0.97 0.67 414.7 7.09 3.07 0.03 0.0 0.0 0 0 1 0 0 0 1 0 0.0 0.25 4.0 -0.49 -0.32 -0.87 -0.85 -0.34 -0.2 0.172 0.209 0.113 0.142 0.212 0.382 0 0 1 0 0 0
1986-10-10T17:30:00 1986 10 10 17 30 0 -0.97 0.67 419.4 7.09 3.06 0.04 0.0 0.0 0 0 1 0 0 0 1 0 0.0 0.17 1.0 -0.49 -0.32 -0.87 -0.85 -0.34 -0.2 0.173 0.209 0.114 0.144 0.216 0.393 0 0 1 0 0 0
1986-10-10T18:30:00 1986 10 10 18 30 0 -0.97 0.67 424.2 7.09 3.06 0.04 0.0 0.0 0 0 1 0 0 0 1 0 1.0 0.21 1.0 -0.49 -0.32 -0.87 -0.85 -0.34 -0.2 0.175 0.21 0.116 0.146 0.22 0.404 0 0 1 0 0 0
1986-10-10T19:30:00 1986 10 10 19 30 0 -0.97 0.67 429.0 7.09 3.06 0.04 0.0 0.0 0 0 1 0 0 0 1 0 1.0 0.26 0.0 -0.5 -0.32 -0.87 -0.85 -0.34 -0.2 0.177 0.21 0.117 0.148 0.224 0.415 0 0 1 0 0 0
1986-10-10T20:30:00 1986 10 10 20 30 0 -0.97 0.67 433.7 7.09 3.06 0.04 0.0 0.0 0 0 1 0 0 0 1 0 1.0 0.39 -2.0 -0.5 -0.32 -0.87 -0.85 -0.34 -0.2 0.18 0.211 0.119 0.151 0.228 0.426 0 0 1 0 0 0
1986-10-10T21:30:00 1986 10 10 21 30 0 -0.97 0.67 438.5 7.09 3.06 0.04 0.0 0.0 0 0 1 0 0 0 1 0 1.7 0.61 -5.0 -0.5 -0.32 -0.87 -0.85 -0.34 -0.2 0.182 0.211 0.121 0.153 0.232 0.437 0 0 1 0 0 0
1986-10-10T22:30:00 1986 10 10 22 30 0 -0.97 0.67 443.2 7.09 3.06 0.04 0.0 0.0 0 0 1 0 0 0 1 0 1.7 0.82 -5.0 -0.5 -0.32 -0.87 -0.85 -0.34 -0.2 0.184 0.211 0.122 0.155 0.236 0.449 0 0 1 0 0 0
1986-10-10T23:30:00 1986 10 10 23 30 0 -0.97 0.67 448.0 7.09 3.06 0.04 0.0 0.0 0 0 1 0 0 0 1 0 1.7 1.03 -4.0 -0.5 -0.32 -0.87 -0.85 -0.34 -0.2 0.186 0.212 0.124 0.157 0.24 0.461 0 0 0 0 0 0
