1986-10-29T00:30:00 1986 10 29 0 30 0 0.52 -3.41 435.8 16.35 5.89 1.32 4.57 7.02 1 1 1 1 1 1 1 1 3.7 2.37 -19.0 -3.64 -3.6 -3.73 -3.73 -3.6 -3.57 0.783 1.101 0.347 0.854 1.235 3.713 1 1 1 1 1 1
1986-10-29T01:30:00 1986 10 29 1 30 0 0.8 -4.3 458.0 19.2 7.16 3.95 8.72 15.67 2 2 2 2 2 2 2 2 3.7 2.82 0.0 -4.3 -4.3 -4.3 -4.3 -4.3 -4.3 1.083 1.457 0.4 1.288 1.78 6.295 2 2 1 2 2 2
1986-10-29T02:30:00 1986 10 29 2 30 0 3.0 -3.0 458.0 17.3 6.52 4.06 8.23 15.01 2 2 2 2 2 2 2 2 3.7 3.07 -6.0 -3.0 -3.0 -3.0 -3.0 -3.0 -3.0 1.215 1.526 0.442 1.371 1.788 6.934 2 2 1 2 2 2
1986-10-29T03:30:00 1986 10 29 3 30 0 1.7 0.4 461.0 17.0 6.52 1.33 2.76 4.74 2 2 2 2 2 2 2 2 3.0 3.22 -10.0 0.4 0.4 0.4 0.4 0.4 0.4 0.959 1.014 0.439 0.891 0.915 4.362 2 2 1 2 2 2
1986-10-29T04:30:00 1986 10 29 4 30 0 4.5 2.3 458.0 12.8 4.81 0.55 0.0 0.0 2 2 2 2 2 2 2 2 3.0 3.37 -12.0 2.3 2.3 2.3 2.3 2.3 2.3 0.649 0.503 0.426 0.499 0.29 1.809 2 2 1 2 2 2
1986-10-29T05:30:00 1986 10 29 5 30 0 3.5 -1.4 471.0 10.6 4.19 1.41 0.77 0.83 2 2 2 2 2 2 2 2 3.0 3.33 -14.0 -1.4 -1.4 -1.4 -1.4 -1.4 -1.4 0.511 0.408 0.417 0.343 0.372 1.482 2 2 1 2 2 2
1986-10-29T06:30:00 1986 10 29 6 30 0 2.2 -1.8 497.0 13.2 5.82 1.91 3.93 4.74 2 2 2 2 2 2 2 2 3.3 3.33 -18.0 -1.8 -1.8 -1.8 -1.8 -1.8 -1.8 0.578 0.627 0.425 0.43 0.848 2.797 2 2 1 2 2 2
1986-10-29T07:30:00 1986 10 29 7 30 0 2.4 -1.5 483.0 11.9 4.93 1.61 4.01 5.02 2 2 2 2 2 2 2 2 3.3 3.33 -22.0 -1.5 -1.5 -1.5 -1.5 -1.5 -1.5 0.616 0.722 0.431 0.465 0.958 3.234 2 2 1 2 2 2
1986-10-29T08:30:00 1986 10 29 8 30 0 1.3 -1.9 468.0 10.6 4.17 1.36 4.07 4.55 2 2 2 2 2 2 2 2 3.3 3.28 -21.0 -1.9 -1.9 -1.9 -1.9 -1.9 -1.9 0.645 0.774 0.437 0.494 0.982 3.103 2 2 1 2 2 2
1986-10-29T09:30:00 1986 10 29 9 30 0 1.1 -1.1 467.0 11.6 4.51 0.85 3.43 3.8 2 2 2 2 2 2 2 2 3.3 3.24 -15.0 -1.1 -1.1 -1.1 -1.1 -1.1 -1.1 0.62 0.734 0.438 0.443 0.861 2.811 2 2 1 2 2 2
1986-10-29T10:30:00 1986 10 29 10 30 0 0.2 -0.6 460.0 9.4 3.53 0.27 1.92 2.02 2 2 2 2 2 2 2 2 3.3 3.19 -22.0 -0.6 -0.6 -0.6 -0.6 -0.6 -0.6 0.525 0.59 0.431 0.324 0.618 2.119 2 2 1 2 2 2
1986-10-29T11:30:00 1986 10 29 11 30 0 0.0 -0.7 447.0 10.0 3.58 0.12 1.48 1.44 2 2 2 2 2 2 2 2 3.3 3.23 -21.0 -0.7 -0.7 -0.7 -0.7 -0.7 -0.7 0.446 0.496 0.422 0.241 0.502 1.69 2 2 1 2 2 2
1986-10-29T12:30:00 1986 10 29 12 30 0 1.7 -0.1 436.0 7.0 2.43 0.17 0.83 0.73 2 2 2 2 2 2 2 2 2.7 3.19 -16.0 -0.1 -0.1 -0.1 -0.1 -0.1 -0.1 0.343 0.35 0.411 0.155 0.301 1.07 2 2 1 2 2 2
1986-10-29T13:30:00 1986 10 29 13 30 0 1.8 1.5 424.0 8.3 2.68 0.17 0.0 0.0 2 2 2 2 2 2 2 2 2.7 3.14 -15.0 1.5 1.5 1.5 1.5 1.5 1.5 0.232 0.174 0.399 0.087 0.095 0.444 2 2 1 2 2 2
1986-10-29T14:30:00 1986 10 29 14 30 0 1.2 0.7 408.0 6.2 1.92 0.08 0.0 0.0 2 2 2 2 2 2 2 2 2.7 3.07 -14.0 0.7 0.7 0.7 0.7 0.7 0.7 0.157 0.086 0.386 0.049 0.03 0.184 2 2 1 2 2 2
1986-10-29T15:30:00 1986 10 29 15 30 0 1.3 3.2 424.0 12.1 3.98 0.03 0.0 0.0 2 2 2 2 2 2 2 2 1.0 2.77 -6.0 3.2 3.2 3.2 3.2 3.2 3.2 0.107 0.043 0.375 0.027 0.01 0.076 2 2 1 2 2 2
1986-10-29T16:30:00 1986 10 29 16 30 0 2.6 1.5 422.0 9.9 3.18 0.12 0.0 0.0 2 2 2 2 2 2 2 2 1.0 2.47 -5.0 1.5 1.5 1.5 1.5 1.5 1.5 0.072 0.021 0.363 0.015 0.003 0.032 2 2 1 2 2 2
1986-10-29T17:30:00 1986 10 29 17 30 0 2.5 0.0 430.0 10.4 4.39 0.4 0.0 0.0 1 1 1 1 1 1 1 1 1.0 2.18 -3.0 0.0 0.0 0.0 0.0 0.0 0.0 0.049 0.011 0.352 0.009 0.001 0.013 2 2 1 2 2 2
1986-10-29T18:30:00 1986 10 29 18 30 0 2.4 -1.5 438.0 10.9 5.59 0.94 1.77 1.9 2 2 2 2 2 2 2 2 2.0 2.03 -3.0 -1.5 -1.5 -1.5 -1.5 -1.5 -1.5 0.159 0.28 0.349 0.109 0.41 1.047 2 2 1 2 2 2
1986-10-29T19:30:00 1986 10 29 19 30 0 1.8 -1.7 439.0 12.7 4.51 1.29 3.53 4.19 2 2 2 2 2 2 2 2 2.0 1.88 -1.0 -1.7 -1.7 -1.7 -1.7 -1.7 -1.7 0.315 0.545 0.353 0.261 0.725 2.043 2 2 2 2 2 2
1986-10-29T20:30:00 1986 10 29 20 30 0 2.5 -1.9 438.0 12.6 4.28 1.53 3.96 5.01 2 2 2 2 2 2 2 2 2.0 1.8 -3.0 -1.9 -1.9 -1.9 -1.9 -1.9 -1.9 0.447 0.718 0.36 0.383 0.882 2.639 2 2 2 2 2 2
1986-10-29T21:30:00 1986 10 29 21 30 0 1.1 -2.1 444.0 10.9 4.03 1.52 4.43 5.17 2 2 2 2 2 2 2 2 4.0 1.98 -8.0 -2.1 -2.1 -2.1 -2.1 -2.1 -2.1 0.551 0.816 0.369 0.476 0.961 2.791 2 2 2 2 2 2
1986-10-29T22:30:00 1986 10 29 22 30 0 -0.1 -2.6 440.0 10.7 3.65 1.52 5.24 5.65 2 2 2 2 2 2 2 2 4.0 2.16 -13.0 -2.6 -2.6 -2.6 -2.6 -2.6 -2.6 0.655 0.908 0.383 0.587 1.057 2.879 2 2 2 2 2 2
1986-10-29T23:30:00 1986 10 29 23 30 0 -0.7 -3.0 434.0 10.3 3.54 2.06 6.15 6.44 2 2 2 2 2 2 2 2 4.0 2.54 -11.0 -3.0 -3.0 -3.0 -3.0 -3.0 -3.0 0.762 1.003 0.401 0.714 1.149 2.943 2 2 2 2 2 2
