1981-06-01T00:30:00 1981 6 1 0 30 0 8.9 -0.3 400.0 4.6 1.47 4.37 0.05 0.02 2 2 2 2 2 2 2 2 2.0 1.81 1.0 -0.3 -0.3 -0.3 -0.3 -0.3 -0.3 0.033 0.033 0.147 0.01 0.04 0.054 2 2 2 2 2 2
1981-06-01T01:30:00 1981 6 1 1 30 0 8.0 4.2 389.0 3.7 1.12 3.67 0.0 0.0 2 2 2 2 2 2 2 2 2.0 1.78 -2.0 4.2 4.2 4.2 4.2 4.2 4.2 0.022 0.016 0.142 0.006 0.013 0.022 2 2 2 2 2 2
1981-06-01T02:30:00 1981 6 1 2 30 0 8.3 2.3 391.0 3.0 0.92 2.78 0.0 0.0 2 2 2 2 2 2 2 2 2.0 1.82 -2.0 2.3 2.3 2.3 2.3 2.3 2.3 0.015 0.008 0.138 0.003 0.004 0.009 2 2 2 2 2 2
1981-06-01T03:30:00 1981 6 1 3 30 0 6.2 0.4 392.0 2.6 0.8 2.91 0.0 0.0 2 2 2 2 2 2 2 2 1.7 1.81 0.0 0.4 0.4 0.4 0.4 0.4 0.4 0.01 0.004 0.134 0.002 0.001 0.004 2 2 2 2 2 2
1981-06-01T04:30:00 1981 6 1 4 30 0 6.7 1.9 400.0 4.4 1.41 2.41 0.0 0.0 2 2 2 2 2 2 2 2 1.7 1.81 -1.0 1.9 1.9 1.9 1.9 1.9 1.9 0.007 0.002 0.129 0.001 0.0 0.002 2 2 2 2 2 2
1981-06-01T05:30:00 1981 6 1 5 30 0 4.4 -0.1 383.0 3.7 1.09 1.83 0.02 0.01 2 2 2 2 2 2 2 2 1.7 1.81 1.0 -0.1 -0.1 -0.1 -0.1 -0.1 -0.1 0.008 0.012 0.126 0.001 0.016 0.02 2 2 2 2 2 2
1981-06-01T06:30:00 1981 6 1 6 30 0 5.3 -2.0 382.0 3.2 0.93 2.62 2.16 0.73 2 2 2 2 2 2 2 2 2.3 1.89 0.0 -2.0 -2.0 -2.0 -2.0 -2.0 -2.0 0.099 0.199 0.127 0.081 0.258 0.205 2 2 2 2 2 2
1981-06-01T07:30:00 1981 6 1 7 30 0 5.2 2.7 398.0 3.5 1.11 1.95 0.66 0.21 2 2 2 2 2 2 2 2 2.3 1.96 2.0 2.7 2.7 2.7 2.7 2.7 2.7 0.081 0.125 0.124 0.053 0.109 0.112 2 2 2 2 2 2
1981-06-01T08:30:00 1981 6 1 8 30 0 7.5 2.3 445.0 4.1 1.62 2.0 0.0 0.0 2 2 2 2 2 2 2 2 2.3 2.0 5.0 2.3 2.3 2.3 2.3 2.3 2.3 0.055 0.062 0.12 0.03 0.034 0.046 2 2 2 2 2 2
1981-06-01T09:30:00 1981 6 1 9 30 0 8.4 3.8 443.0 3.9 1.53 3.02 0.0 0.0 2 2 2 2 2 2 2 2 1.7 1.97 9.0 3.8 3.8 3.8 3.8 3.8 3.8 0.037 0.031 0.116 0.017 0.011 0.019 2 2 2 2 2 2
1981-06-01T10:30:00 1981 6 1 10 30 0 8.2 1.8 447.0 4.1 1.64 3.53 0.0 0.0 2 2 2 2 2 2 2 2 1.7 1.93 11.0 1.8 1.8 1.8 1.8 1.8 1.8 0.025 0.015 0.113 0.009 0.003 0.008 2 2 2 2 2 2
1981-06-01T11:30:00 1981 6 1 11 30 0 9.4 2.6 467.0 3.3 1.44 4.51 0.0 0.0 2 2 2 2 2 2 2 2 1.7 1.92 10.0 2.6 2.6 2.6 2.6 2.6 2.6 0.017 0.008 0.109 0.005 0.001 0.003 2 2 2 2 2 2
1981-06-01T12:30:00 1981 6 1 12 30 0 8.5 3.7 468.0 3.5 1.53 4.06 0.0 0.0 2 2 2 2 2 2 2 2 1.0 1.83 12.0 3.7 3.7 3.7 3.7 3.7 3.7 0.011 0.004 0.106 0.003 0.0 0.001 2 2 2 2 2 2
1981-06-01T13:30:00 1981 6 1 13 30 0 8.95 2.9 439.0 3.5 1.35 3.7 0.0 0.0 1 1 2 2 2 1 2 2 1.0 1.73 12.0 2.9 2.9 2.9 2.9 2.9 2.9 0.008 0.002 0.103 0.002 0.0 0.001 2 2 2 2 2 2
1981-06-01T14:30:00 1981 6 1 14 30 0 9.4 2.1 436.0 3.1 1.18 4.52 0.0 0.0 2 2 2 2 2 2 2 2 1.0 1.57 14.0 2.1 2.1 2.1 2.1 2.1 2.1 0.005 0.001 0.1 0.001 0.0 0.0 2 2 2 2 2 2
1981-06-01T15:30:00 1981 6 1 15 30 0 8.4 -0.7 424.0 2.7 0.97 5.57 0.25 0.07 2 2 2 2 2 2 2 2 2.7 1.63 12.0 -0.7 -0.7 -0.7 -0.7 -0.7 -0.7 0.019 0.037 0.097 0.011 0.062 0.046 2 2 2 2 2 2
1981-06-01T16:30:00 1981 6 1 16 30 0 7.8 -1.4 454.0 2.3 0.95 6.47 2.38 0.59 2 2 2 2 2 2 2 2 2.7 1.7 9.0 -1.4 -1.4 -1.4 -1.4 -1.4 -1.4 0.096 0.173 0.099 0.074 0.272 0.193 2 2 2 2 2 2
1981-06-01T17:30:00 1981 6 1 17 30 0 8.0 -0.2 449.0 2.6 1.05 6.02 1.69 0.41 2 2 2 2 2 2 2 2 2.7 1.83 7.0 -0.2 -0.2 -0.2 -0.2 -0.2 -0.2 0.113 0.181 0.099 0.072 0.231 0.2 2 2 2 2 2 2
1981-06-01T18:30:00 1981 6 1 18 30 0 7.1 3.7 416.0 2.2 0.76 3.28 0.0 0.0 2 2 2 2 2 2 2 2 2.3 1.9 6.0 3.7 3.7 3.7 3.7 3.7 3.7 0.077 0.09 0.096 0.04 0.073 0.083 2 2 2 2 2 2
1981-06-01T19:30:00 1981 6 1 19 30 0 6.5 -0.8 419.0 4.1 1.44 2.87 0.22 0.09 2 2 2 2 2 2 2 2 2.3 1.98 3.0 -0.8 -0.8 -0.8 -0.8 -0.8 -0.8 0.072 0.093 0.094 0.037 0.102 0.116 2 2 2 2 2 2
1981-06-01T20:30:00 1981 6 1 20 30 0 8.9 1.6 421.0 2.5 0.89 4.32 0.21 0.08 2 2 2 2 2 2 2 2 2.3 2.14 1.0 1.6 1.6 1.6 1.6 1.6 1.6 0.053 0.057 0.091 0.022 0.045 0.066 2 2 2 2 2 2
1981-06-01T21:30:00 1981 6 1 21 30 0 9.1 3.0 413.0 2.8 0.96 4.19 0.0 0.0 2 2 2 2 2 2 2 2 1.3 2.16 -1.0 3.0 3.0 3.0 3.0 3.0 3.0 0.036 0.028 0.089 0.012 0.014 0.027 2 2 2 2 2 2
1981-06-01T22:30:00 1981 6 1 22 30 0 9.4 2.7 425.0 2.9 1.05 4.17 0.0 0.0 2 2 2 2 2 2 2 2 1.3 2.18 2.0 2.7 2.7 2.7 2.7 2.7 2.7 0.024 0.014 0.086 0.007 0.004 0.011 2 2 2 2 2 2
1981-06-01T23:30:00 1981 6 1 23 30 0 7.5 0.2 390.0 2.3 0.7 4.13 0.0 0.0 2 2 2 2 2 2 2 2 1.3 2.01 1.0 0.2 0.2 0.2 0.2 0.2 0.2 0.017 0.007 0.083 0.004 0.001 0.005 2 2 2 2 2 2
