1981-11-27T00:30:00 1981 11 27 0 30 0 -2.2 0.0 433.0 2.6 0.97 0.49 0.2 0.05 2 2 2 2 2 2 2 2 0.7 1.85 -17.0 0.0 0.0 0.0 0.0 0.0 0.0 0.02 0.029 0.22 0.005 0.035 0.041 2 2 2 2 2 2
1981-11-27T01:30:00 1981 11 27 1 30 0 0.4 1.2 428.0 3.8 1.39 0.08 0.0 0.0 2 2 2 2 2 2 2 2 0.7 1.65 -14.0 1.2 1.2 1.2 1.2 1.2 1.2 0.014 0.014 0.213 0.003 0.011 0.017 2 2 2 2 2 2
1981-11-27T02:30:00 1981 11 27 2 30 0 2.4 1.1 426.0 3.6 1.22 0.1 0.0 0.0 2 2 2 2 2 2 2 2 0.7 1.4 -12.0 1.1 1.1 1.1 1.1 1.1 1.1 0.009 0.007 0.207 0.001 0.004 0.007 2 2 2 2 2 2
1981-11-27T03:30:00 1981 11 27 3 30 0 2.0 0.8 421.0 3.3 1.17 0.24 0.0 0.0 2 2 2 2 2 2 2 2 1.3 1.24 -15.0 0.8 0.8 0.8 0.8 0.8 0.8 0.006 0.004 0.201 0.001 0.001 0.003 2 2 2 2 2 2
1981-11-27T04:30:00 1981 11 27 4 30 0 3.0 -0.2 421.0 4.1 1.44 0.51 0.06 0.02 2 2 2 2 2 2 2 2 1.3 1.07 -16.0 -0.2 -0.2 -0.2 -0.2 -0.2 -0.2 0.01 0.021 0.195 0.003 0.031 0.041 2 2 2 2 2 2
1981-11-27T05:30:00 1981 11 27 5 30 0 2.6 0.5 417.0 3.6 1.25 0.62 0.04 0.02 2 2 2 2 2 2 2 2 1.3 1.08 -13.0 0.5 0.5 0.5 0.5 0.5 0.5 0.008 0.013 0.189 0.002 0.013 0.023 2 2 2 2 2 2
1981-11-27T06:30:00 1981 11 27 6 30 0 4.0 1.5 429.0 3.9 1.44 0.63 0.0 0.0 2 2 2 2 2 2 2 2 1.7 1.13 -11.0 1.5 1.5 1.5 1.5 1.5 1.5 0.005 0.007 0.183 0.001 0.004 0.01 2 2 2 2 2 2
1981-11-27T07:30:00 1981 11 27 7 30 0 3.4 -1.1 432.0 4.1 1.46 1.18 0.6 0.25 2 2 2 2 2 2 2 2 1.7 1.19 -13.0 -1.1 -1.1 -1.1 -1.1 -1.1 -1.1 0.042 0.091 0.179 0.03 0.146 0.159 2 2 2 2 2 2
1981-11-27T08:30:00 1981 11 27 8 30 0 4.4 -0.4 424.0 4.2 1.53 1.77 1.54 0.64 2 2 2 2 2 2 2 2 1.7 1.31 -16.0 -0.4 -0.4 -0.4 -0.4 -0.4 -0.4 0.088 0.174 0.177 0.053 0.227 0.288 2 2 2 2 2 2
1981-11-27T09:30:00 1981 11 27 9 30 0 1.9 1.0 416.0 3.5 1.21 0.76 0.09 0.04 2 2 2 2 2 2 2 2 1.0 1.34 -16.0 1.0 1.0 1.0 1.0 1.0 1.0 0.061 0.091 0.171 0.03 0.077 0.129 2 2 2 2 2 2
1981-11-27T10:30:00 1981 11 27 10 30 0 1.3 2.2 406.0 3.6 1.19 0.07 0.0 0.0 2 2 2 2 2 2 2 2 1.0 1.37 -12.0 2.2 2.2 2.2 2.2 2.2 2.2 0.041 0.045 0.166 0.017 0.024 0.054 2 2 2 2 2 2
1981-11-27T11:30:00 1981 11 27 11 30 0 0.6 1.4 409.0 3.9 1.3 0.01 0.0 0.0 2 2 2 2 2 2 2 2 1.0 1.33 -9.0 1.4 1.4 1.4 1.4 1.4 1.4 0.028 0.022 0.161 0.009 0.008 0.022 2 2 2 2 2 2
1981-11-27T12:30:00 1981 11 27 12 30 0 1.3 1.9 403.0 3.6 1.17 0.02 0.0 0.0 2 2 2 2 2 2 2 2 0.3 1.2 -6.0 1.9 1.9 1.9 1.9 1.9 1.9 0.019 0.011 0.156 0.005 0.002 0.009 2 2 2 2 2 2
1981-11-27T13:30:00 1981 11 27 13 30 0 0.9 2.3 395.0 3.6 1.12 0.02 0.0 0.0 2 2 2 2 2 2 2 2 0.3 1.07 -7.0 2.3 2.3 2.3 2.3 2.3 2.3 0.013 0.006 0.151 0.003 0.001 0.004 2 2 2 2 2 2
1981-11-27T14:30:00 1981 11 27 14 30 0 0.0 1.8 381.0 3.6 1.05 0.0 0.0 0.0 2 2 2 2 2 2 2 2 0.3 0.9 -9.0 1.8 1.8 1.8 1.8 1.8 1.8 0.009 0.003 0.147 0.002 0.0 0.002 2 2 2 2 2 2
1981-11-27T15:30:00 1981 11 27 15 30 0 -0.6 2.2 382.0 3.5 1.02 0.0 0.0 0.0 2 2 2 2 2 2 2 2 0.3 0.72 -9.0 2.2 2.2 2.2 2.2 2.2 2.2 0.006 0.001 0.142 0.001 0.0 0.001 2 2 2 2 2 2
1981-11-27T16:30:00 1981 11 27 16 30 0 -0.2 2.8 392.0 3.4 1.04 0.0 0.0 0.0 2 2 2 2 2 2 2 2 0.3 0.55 -10.0 2.8 2.8 2.8 2.8 2.8 2.8 0.004 0.001 0.138 0.001 0.0 0.0 2 2 2 2 2 2
1981-11-27T17:30:00 1981 11 27 17 30 0 0.7 1.5 384.0 3.5 1.03 0.0 0.0 0.0 2 2 2 2 2 2 2 2 0.3 0.47 -10.0 1.5 1.5 1.5 1.5 1.5 1.5 0.003 0.0 0.134 0.0 0.0 0.0 2 2 2 2 2 2
1981-11-27T18:30:00 1981 11 27 18 30 0 0.3 2.6 375.0 4.4 1.16 0.0 0.0 0.0 2 2 2 2 2 2 2 2 0.7 0.44 -9.0 2.6 2.6 2.6 2.6 2.6 2.6 0.002 0.0 0.13 0.0 0.0 0.0 2 2 2 2 2 2
1981-11-27T19:30:00 1981 11 27 19 30 0 0.2 3.2 389.0 3.9 1.18 0.0 0.0 0.0 2 2 2 2 2 2 2 2 0.7 0.4 -7.0 3.2 3.2 3.2 3.2 3.2 3.2 0.001 0.0 0.126 0.0 0.0 0.0 2 2 2 2 2 2
1981-11-27T20:30:00 1981 11 27 20 30 0 2.2 4.4 373.0 5.1 1.42 0.02 0.0 0.0 2 2 2 2 2 2 2 2 0.7 0.46 -5.0 4.4 4.4 4.4 4.4 4.4 4.4 0.001 0.0 0.122 0.0 0.0 0.0 2 2 2 2 2 2
1981-11-27T21:30:00 1981 11 27 21 30 0 -2.3 3.0 384.0 4.6 1.36 0.02 0.0 0.0 2 2 2 2 2 2 2 2 1.0 0.54 -6.0 3.0 3.0 3.0 3.0 3.0 3.0 0.001 0.0 0.118 0.0 0.0 0.0 2 2 2 2 2 2
1981-11-27T22:30:00 1981 11 27 22 30 0 3.5 4.4 408.0 5.3 1.76 0.06 0.0 0.0 2 2 2 2 2 2 2 2 1.0 0.63 -8.0 4.4 4.4 4.4 4.4 4.4 4.4 0.0 0.0 0.115 0.0 0.0 0.0 2 2 2 2 2 2
1981-11-27T23:30:00 1981 11 27 23 30 0 -1.0 2.6 423.0 4.6 1.65 0.05 0.0 0.0 2 2 2 2 2 2 2 2 1.0 0.72 -9.0 2.6 2.6 2.6 2.6 2.6 2.6 0.0 0.0 0.111 0.0 0.0 0.0 2 2 2 2 2 2
