1981-08-18T00:30:00 1981 8 18 0 30 0 7.6 -1.9 441.0 5.8 2.26 5.99 4.61 2.69 2 2 2 2 2 2 2 2 4.7 3.64 -50.0 -1.9 -1.9 -1.9 -1.9 -1.9 -1.9 0.582 0.723 0.445 0.514 0.812 1.461 2 2 2 2 2 2
1981-08-18T01:30:00 1981 8 18 1 30 0 5.2 -2.8 445.0 6.1 2.42 6.02 5.29 3.16 2 2 2 2 2 2 2 2 4.7 3.82 -42.0 -2.8 -2.8 -2.8 -2.8 -2.8 -2.8 0.625 0.752 0.452 0.551 0.87 1.443 2 2 2 2 2 2
1981-08-18T02:30:00 1981 8 18 2 30 0 0.8 2.0 433.0 5.5 2.06 1.36 1.55 0.92 2 2 2 2 2 2 2 2 4.7 3.99 -32.0 2.0 2.0 2.0 2.0 2.0 2.0 0.467 0.453 0.442 0.343 0.378 0.775 2 2 2 2 2 2
1981-08-18T03:30:00 1981 8 18 3 30 0 3.3 -1.2 425.0 6.0 2.17 0.54 0.59 0.35 2 2 2 2 2 2 2 2 2.3 3.85 -28.0 -1.2 -1.2 -1.2 -1.2 -1.2 -1.2 0.362 0.331 0.431 0.228 0.288 0.568 2 2 2 2 2 2
1981-08-18T04:30:00 1981 8 18 4 30 0 2.6 0.8 434.0 6.7 2.52 0.86 0.66 0.41 2 2 2 2 2 2 2 2 2.3 3.71 -26.0 0.8 0.8 0.8 0.8 0.8 0.8 0.267 0.213 0.418 0.139 0.149 0.353 2 2 2 2 2 2
1981-08-18T05:30:00 1981 8 18 5 30 0 3.3 1.2 416.0 6.5 2.25 0.48 0.0 0.0 2 2 2 2 2 2 2 2 2.3 3.53 -30.0 1.2 1.2 1.2 1.2 1.2 1.2 0.181 0.106 0.406 0.078 0.047 0.146 2 2 2 2 2 2
1981-08-18T06:30:00 1981 8 18 6 30 0 2.4 -3.8 424.0 6.5 2.34 1.92 3.39 2.2 2 2 2 2 2 2 2 2 3.7 3.53 -32.0 -3.8 -3.8 -3.8 -3.8 -3.8 -3.8 0.311 0.396 0.409 0.273 0.541 0.774 2 2 2 2 2 2
1981-08-18T07:30:00 1981 8 18 7 30 0 4.4 -4.5 437.0 6.8 2.6 5.88 9.01 6.01 2 2 2 2 2 2 2 2 3.7 3.53 -36.0 -4.5 -4.5 -4.5 -4.5 -4.5 -4.5 0.587 0.784 0.438 0.683 1.059 1.527 2 2 2 2 2 2
1981-08-18T08:30:00 1981 8 18 8 30 0 5.1 -3.4 416.0 6.5 2.25 6.5 8.32 5.53 2 2 2 2 2 2 2 2 3.7 3.42 -40.0 -3.4 -3.4 -3.4 -3.4 -3.4 -3.4 0.729 0.922 0.459 0.818 1.1 1.668 2 2 2 2 2 2
1981-08-18T09:30:00 1981 8 18 9 30 0 3.1 -4.0 429.0 6.4 2.36 5.4 7.88 5.08 2 2 2 2 2 2 2 2 3.3 3.25 -40.0 -4.0 -4.0 -4.0 -4.0 -4.0 -4.0 0.824 0.99 0.478 0.896 1.129 1.718 2 2 2 2 2 2
1981-08-18T10:30:00 1981 8 18 10 30 0 2.6 -5.4 432.0 6.4 2.39 6.53 10.25 6.56 2 2 2 2 2 2 2 2 3.3 3.09 -38.0 -5.4 -5.4 -5.4 -5.4 -5.4 -5.4 0.975 1.125 0.512 1.126 1.315 1.925 2 2 2 2 2 2
1981-08-18T11:30:00 1981 8 18 11 30 0 5.5 -3.2 430.0 6.2 2.29 6.64 9.07 5.71 2 2 2 2 2 2 2 2 3.3 3.21 -37.0 -3.2 -3.2 -3.2 -3.2 -3.2 -3.2 1.003 1.093 0.534 1.092 1.203 1.828 2 2 2 2 2 2
1981-08-18T12:30:00 1981 8 18 12 30 0 2.85 -3.25 441.3 6.33 2.47 4.79 7.04 4.41 1 1 1 1 1 1 1 1 4.0 3.42 -32.0 -3.25 -3.25 -3.25 -3.25 -3.25 -3.25 0.97 1.017 0.546 0.977 1.104 1.74 2 2 2 2 1 1
1981-08-18T13:30:00 1981 8 18 13 30 0 0.2 -3.3 452.7 6.47 2.66 3.15 7.33 4.7 2 2 1 1 1 2 2 1 4.0 3.63 -33.0 -3.3 -3.3 -3.3 -3.3 -3.3 -3.3 0.961 0.992 0.561 0.935 1.118 1.803 1 1 2 1 1 1
1981-08-18T14:30:00 1981 8 18 14 30 0 3.7 -4.5 464.0 6.6 2.84 4.87 9.07 5.93 2 2 2 2 2 2 2 2 4.0 3.67 -40.0 -4.5 -4.5 -4.5 -4.5 -4.5 -4.5 1.029 1.066 0.589 1.063 1.302 2.08 2 2 2 2 2 2
1981-08-18T15:30:00 1981 8 18 15 30 0 5.5 -4.9 431.0 8.5 3.16 8.35 10.52 8.02 2 2 2 2 2 2 2 2 4.0 3.71 -44.0 -4.9 -4.9 -4.9 -4.9 -4.9 -4.9 1.145 1.213 0.624 1.265 1.463 2.511 2 2 2 2 2 2
1981-08-18T16:30:00 1981 8 18 16 30 0 6.7 -2.5 442.0 7.9 3.09 7.76 7.85 6.45 2 2 2 2 2 2 2 2 4.0 3.75 -43.0 -2.5 -2.5 -2.5 -2.5 -2.5 -2.5 1.105 1.138 0.64 1.128 1.254 2.398 2 2 2 2 2 2
1981-08-18T17:30:00 1981 8 18 17 30 0 4.0 0.8 435.0 7.2 2.72 3.13 1.86 1.43 2 2 2 2 2 2 2 2 4.0 3.83 -39.0 0.8 0.8 0.8 0.8 0.8 0.8 0.811 0.681 0.625 0.682 0.546 1.312 2 2 2 2 2 2
1981-08-18T18:30:00 1981 8 18 18 30 0 3.5 2.6 432.0 8.3 3.1 0.66 0.0 0.0 2 2 2 2 2 2 2 2 3.7 3.88 -40.0 2.6 2.6 2.6 2.6 2.6 2.6 0.549 0.338 0.606 0.382 0.173 0.544 2 2 2 2 2 2
1981-08-18T19:30:00 1981 8 18 19 30 0 -0.3 2.9 437.0 7.0 2.67 0.08 0.0 0.0 2 2 2 2 2 2 2 2 3.7 3.92 -41.0 2.9 2.9 2.9 2.9 2.9 2.9 0.372 0.168 0.587 0.214 0.055 0.226 2 2 2 2 2 2
1981-08-18T20:30:00 1981 8 18 20 30 0 2.6 -3.8 439.0 6.5 2.51 1.17 2.72 1.79 2 2 2 2 2 2 2 2 3.7 3.88 -46.0 -3.8 -3.8 -3.8 -3.8 -3.8 -3.8 0.417 0.382 0.583 0.325 0.509 0.783 2 2 2 2 2 2
1981-08-18T21:30:00 1981 8 18 21 30 0 3.5 -0.5 438.0 7.0 2.69 2.48 4.41 2.96 2 2 2 2 2 2 2 2 3.3 3.79 -45.0 -0.5 -0.5 -0.5 -0.5 -0.5 -0.5 0.445 0.479 0.58 0.342 0.572 1.017 2 2 2 2 2 2
1981-08-18T22:30:00 1981 8 18 22 30 0 2.3 1.2 440.0 6.5 2.52 0.65 0.12 0.08 2 2 2 2 2 2 2 2 3.3 3.7 -42.0 1.2 1.2 1.2 1.2 1.2 1.2 0.304 0.245 0.562 0.192 0.19 0.448 2 2 2 2 2 2
1981-08-18T23:30:00 1981 8 18 23 30 0 3.1 3.4 449.0 6.0 2.42 0.24 0.0 0.0 2 2 2 2 2 2 2 2 3.3 3.62 -34.0 3.4 3.4 3.4 3.4 3.4 3.4 0.206 0.122 0.545 0.108 0.06 0.186 2 2 2 2 2 2
