1981-07-11T00:30:00 1981 7 11 0 30 0 2.6 1.2 312.0 13.4 2.61 0.24 0.0 0.0 2 2 2 2 2 2 2 2 0.7 1.33 10.0 1.2 1.2 1.2 1.2 1.2 1.2 0.115 0.083 0.188 0.031 0.015 0.092 2 2 2 2 2 2
1981-07-11T01:30:00 1981 7 11 1 30 0 3.7 2.9 308.0 12.5 2.37 0.28 0.0 0.0 2 2 2 2 2 2 2 2 0.7 1.29 5.0 2.9 2.9 2.9 2.9 2.9 2.9 0.078 0.041 0.182 0.018 0.005 0.038 2 2 2 2 2 2
1981-07-11T02:30:00 1981 7 11 2 30 0 4.1 2.7 312.0 14.0 2.73 0.39 0.0 0.0 2 2 2 2 2 2 2 2 0.7 1.16 5.0 2.7 2.7 2.7 2.7 2.7 2.7 0.053 0.02 0.176 0.01 0.002 0.016 2 2 2 2 2 2
1981-07-11T03:30:00 1981 7 11 3 30 0 3.1 -0.4 319.0 21.6 4.4 0.57 0.07 0.15 2 2 2 2 2 2 2 2 1.7 1.17 12.0 -0.4 -0.4 -0.4 -0.4 -0.4 -0.4 0.053 0.072 0.171 0.014 0.063 0.258 2 2 2 2 2 2
1981-07-11T04:30:00 1981 7 11 4 30 0 2.3 2.4 332.0 34.6 7.63 0.31 0.02 0.05 2 2 2 2 2 2 2 2 1.7 1.18 20.0 2.4 2.4 2.4 2.4 2.4 2.4 0.036 0.036 0.166 0.008 0.02 0.107 2 2 2 2 2 2
1981-07-11T05:30:00 1981 7 11 5 30 0 -0.7 0.3 286.0 47.9 7.84 0.02 0.0 0.0 2 2 2 2 2 2 2 2 1.7 1.23 28.0 0.3 0.3 0.3 0.3 0.3 0.3 0.024 0.018 0.161 0.004 0.006 0.044 2 2 2 2 2 2
1981-07-11T06:30:00 1981 7 11 6 30 0 -2.4 -3.8 340.0 48.6 11.24 1.27 3.12 15.1 2 2 2 2 2 2 2 2 3.7 1.55 34.0 -3.8 -3.8 -3.8 -3.8 -3.8 -3.8 0.405 0.948 0.178 0.444 0.895 5.833 2 2 2 2 2 2
1981-07-11T07:30:00 1981 7 11 7 30 0 -0.8 -2.3 342.0 59.0 13.8 2.09 5.09 27.41 2 2 2 2 2 2 2 2 3.7 1.86 33.0 -2.3 -2.3 -2.3 -2.3 -2.3 -2.3 0.767 1.583 0.205 0.802 1.336 10.653 2 2 2 2 2 2
1981-07-11T08:30:00 1981 7 11 8 30 0 -2.8 10.0 364.0 29.6 7.84 0.08 0.22 1.23 2 2 2 2 2 2 2 2 3.7 2.24 23.0 10.0 10.0 10.0 10.0 10.0 10.0 0.519 0.786 0.199 0.449 0.423 4.419 2 2 2 2 2 2
1981-07-11T09:30:00 1981 7 11 9 30 0 -7.9 0.5 418.0 16.2 5.66 1.35 0.0 0.0 2 2 2 2 2 2 2 2 3.7 2.61 20.0 0.5 0.5 0.5 0.5 0.5 0.5 0.352 0.39 0.193 0.252 0.134 1.833 2 2 2 2 2 2
1981-07-11T10:30:00 1981 7 11 10 30 0 -5.6 2.7 458.0 11.6 4.87 2.63 0.0 0.0 2 2 2 2 2 2 2 2 3.7 2.98 13.0 2.7 2.7 2.7 2.7 2.7 2.7 0.238 0.194 0.187 0.141 0.042 0.76 2 2 2 2 2 2
1981-07-11T11:30:00 1981 7 11 11 30 0 -5.1 5.4 469.0 10.6 4.66 0.98 0.0 0.0 2 2 2 2 2 2 2 2 3.7 3.22 8.0 5.4 5.4 5.4 5.4 5.4 5.4 0.161 0.096 0.181 0.079 0.013 0.315 2 2 2 2 2 2
1981-07-11T12:30:00 1981 7 11 12 30 0 -8.2 1.8 453.0 10.7 4.39 2.17 0.0 0.0 2 2 2 2 2 2 2 2 2.3 3.28 14.0 1.8 1.8 1.8 1.8 1.8 1.8 0.109 0.048 0.176 0.044 0.004 0.131 2 2 2 2 2 2
1981-07-11T13:30:00 1981 7 11 13 30 0 -7.2 3.0 461.0 9.7 4.12 3.17 0.0 0.0 2 2 2 2 2 2 2 2 2.3 3.34 15.0 3.0 3.0 3.0 3.0 3.0 3.0 0.074 0.024 0.17 0.025 0.001 0.054 2 2 2 2 2 2
1981-07-11T14:30:00 1981 7 11 14 30 0 -5.6 1.2 459.0 9.3 3.92 2.24 0.0 0.0 2 2 2 2 2 2 2 2 2.3 3.16 13.0 1.2 1.2 1.2 1.2 1.2 1.2 0.05 0.012 0.165 0.014 0.0 0.023 2 2 2 2 2 2
1981-07-11T15:30:00 1981 7 11 15 30 0 -8.1 1.2 448.0 10.5 4.21 3.23 0.0 0.0 2 2 2 2 2 2 2 2 3.0 3.07 10.0 1.2 1.2 1.2 1.2 1.2 1.2 0.034 0.006 0.16 0.008 0.0 0.009 2 2 2 2 2 2
1981-07-11T16:30:00 1981 7 11 16 30 0 -6.6 0.1 449.0 10.9 4.39 3.94 0.0 0.0 2 2 2 2 2 2 2 2 3.0 2.99 8.0 0.1 0.1 0.1 0.1 0.1 0.1 0.023 0.003 0.155 0.004 0.0 0.004 2 2 2 2 2 2
1981-07-11T17:30:00 1981 7 11 17 30 0 -3.6 1.1 447.0 9.9 3.96 1.89 0.0 0.0 2 2 2 2 2 2 2 2 3.0 2.91 6.0 1.1 1.1 1.1 1.1 1.1 1.1 0.016 0.001 0.15 0.002 0.0 0.002 2 2 2 2 2 2
1981-07-11T18:30:00 1981 7 11 18 30 0 -4.0 -0.2 463.0 8.4 3.6 1.17 0.06 0.05 2 2 2 2 2 2 2 2 3.0 2.83 4.0 -0.2 -0.2 -0.2 -0.2 -0.2 -0.2 0.019 0.028 0.146 0.005 0.048 0.126 2 2 2 2 2 2
1981-07-11T19:30:00 1981 7 11 19 30 0 -1.2 1.9 461.0 8.0 3.4 0.48 0.0 0.0 2 2 2 2 2 2 2 2 3.0 2.75 6.0 1.9 1.9 1.9 1.9 1.9 1.9 0.013 0.014 0.142 0.003 0.015 0.052 2 2 2 2 2 2
1981-07-11T20:30:00 1981 7 11 20 30 0 -4.2 4.6 474.0 8.4 3.77 0.23 0.0 0.0 2 2 2 2 2 2 2 2 3.0 2.83 10.0 4.6 4.6 4.6 4.6 4.6 4.6 0.009 0.007 0.137 0.002 0.005 0.022 2 2 2 2 2 2
1981-07-11T21:30:00 1981 7 11 21 30 0 -2.3 5.2 460.0 8.3 3.51 0.22 0.0 0.0 2 2 2 2 2 2 2 2 2.3 2.82 9.0 5.2 5.2 5.2 5.2 5.2 5.2 0.006 0.003 0.133 0.001 0.002 0.009 2 2 2 2 2 2
1981-07-11T22:30:00 1981 7 11 22 30 0 -3.9 0.4 451.0 8.1 3.3 0.45 0.0 0.0 2 2 2 2 2 2 2 2 2.3 2.82 5.0 0.4 0.4 0.4 0.4 0.4 0.4 0.004 0.002 0.129 0.001 0.0 0.004 2 2 2 2 2 2
1981-07-11T23:30:00 1981 7 11 23 30 0 -3.8 1.6 474.0 8.0 3.59 0.94 0.0 0.0 2 2 2 2 2 2 2 2 2.3 2.73 3.0 1.6 1.6 1.6 1.6 1.6 1.6 0.003 0.001 0.125 0.0 0.0 0.002 2 2 2 2 2 2
