1981-03-20T00:30:00 1981 3 20 0 30 0 4.3 2.5 461.0 3.1 1.32 0.46 0.0 0.0 2 2 2 2 2 2 2 2 1.3 2.43 -29.0 2.5 2.5 2.5 2.5 2.5 2.5 0.157 0.051 0.27 0.075 0.008 0.023 2 2 2 2 2 2
1981-03-20T01:30:00 1981 3 20 1 30 0 3.5 4.1 503.0 3.2 1.46 0.51 0.0 0.0 2 2 2 2 2 2 2 2 1.3 2.18 -26.0 4.1 4.1 4.1 4.1 4.1 4.1 0.106 0.025 0.261 0.042 0.003 0.01 2 2 2 2 2 2
1981-03-20T02:30:00 1981 3 20 2 30 0 4.8 2.2 493.0 3.4 1.65 0.73 0.0 0.0 2 2 2 2 2 2 2 2 1.3 1.93 -24.0 2.2 2.2 2.2 2.2 2.2 2.2 0.072 0.013 0.253 0.023 0.001 0.004 2 2 2 2 2 2
1981-03-20T03:30:00 1981 3 20 3 30 0 5.4 0.5 471.0 2.8 1.24 1.76 0.0 0.0 2 2 2 2 2 2 2 2 2.3 1.82 -23.0 0.5 0.5 0.5 0.5 0.5 0.5 0.049 0.006 0.246 0.013 0.0 0.002 2 2 2 2 2 2
1981-03-20T04:30:00 1981 3 20 4 30 0 3.4 1.9 474.0 3.5 1.4 1.23 0.0 0.0 2 2 2 2 2 2 2 2 2.3 1.71 -24.0 1.9 1.9 1.9 1.9 1.9 1.9 0.033 0.003 0.238 0.007 0.0 0.001 2 2 2 2 2 2
1981-03-20T05:30:00 1981 3 20 5 30 0 3.7 2.4 481.0 3.3 1.53 0.55 0.0 0.0 2 2 2 2 2 2 2 2 2.3 1.78 -20.0 2.4 2.4 2.4 2.4 2.4 2.4 0.022 0.002 0.231 0.004 0.0 0.0 2 2 2 2 2 2
1981-03-20T06:30:00 1981 3 20 6 30 0 6.5 0.8 487.0 3.3 1.44 1.81 0.0 0.0 2 2 2 2 2 2 2 2 2.3 1.86 -20.0 0.8 0.8 0.8 0.8 0.8 0.8 0.015 0.001 0.224 0.002 0.0 0.0 2 2 2 2 2 2
1981-03-20T07:30:00 1981 3 20 7 30 0 6.0 1.6 490.0 3.3 1.49 2.73 0.0 0.0 2 2 2 2 2 2 2 2 2.3 1.94 -21.0 1.6 1.6 1.6 1.6 1.6 1.6 0.01 0.0 0.217 0.001 0.0 0.0 2 2 2 2 2 2
1981-03-20T08:30:00 1981 3 20 8 30 0 4.6 -1.4 483.0 2.9 1.2 2.69 0.94 0.28 2 2 2 2 2 2 2 2 2.3 2.06 -21.0 -1.4 -1.4 -1.4 -1.4 -1.4 -1.4 0.055 0.093 0.213 0.042 0.183 0.155 2 2 2 2 2 2
1981-03-20T09:30:00 1981 3 20 9 30 0 5.1 2.5 482.4 2.96 1.21 1.93 0.47 0.14 2 2 1 1 1 2 2 1 2.7 2.23 -21.0 2.5 2.5 2.5 2.5 2.5 2.5 0.046 0.063 0.207 0.028 0.081 0.092 2 2 2 2 2 2
1981-03-20T10:30:00 1981 3 20 10 30 0 6.4 0.6 481.8 3.02 1.26 2.24 0.0 0.0 2 2 1 1 1 2 2 1 2.7 2.4 -18.0 0.6 0.6 0.6 0.6 0.6 0.6 0.031 0.031 0.201 0.016 0.026 0.038 2 2 2 2 2 2
1981-03-20T11:30:00 1981 3 20 11 30 0 5.7 0.0 481.2 3.08 1.31 3.13 0.0 0.0 2 2 1 1 1 2 2 1 2.7 2.46 -18.0 0.0 0.0 0.0 0.0 0.0 0.0 0.021 0.015 0.195 0.009 0.008 0.016 2 2 2 2 2 2
1981-03-20T12:30:00 1981 3 20 12 30 0 0.4 -3.1 480.6 3.14 1.36 2.27 4.04 1.26 2 2 1 1 1 2 2 1 3.3 2.58 -21.0 -3.1 -3.1 -3.1 -3.1 -3.1 -3.1 0.172 0.265 0.204 0.184 0.478 0.398 1 1 2 1 1 1
1981-03-20T13:30:00 1981 3 20 13 30 0 2.0 0.2 480.0 3.2 1.37 0.99 3.19 1.01 2 2 2 2 2 2 2 2 3.3 2.71 -25.0 0.2 0.2 0.2 0.2 0.2 0.2 0.198 0.261 0.205 0.177 0.358 0.368 1 2 2 1 2 2
1981-03-20T14:30:00 1981 3 20 14 30 0 -0.1 -1.0 491.0 3.5 1.5 0.23 1.12 0.38 2 2 2 2 2 2 2 2 3.3 2.84 -29.0 -1.0 -1.0 -1.0 -1.0 -1.0 -1.0 0.19 0.245 0.202 0.139 0.329 0.387 2 2 2 2 2 2
1981-03-20T15:30:00 1981 3 20 15 30 0 2.0 0.6 457.0 3.0 1.41 0.17 0.66 0.22 2 2 2 2 2 2 2 2 2.7 2.88 -29.0 0.6 0.6 0.6 0.6 0.6 0.6 0.146 0.156 0.196 0.087 0.155 0.225 2 2 2 2 2 2
1981-03-20T16:30:00 1981 3 20 16 30 0 0.7 0.9 449.0 3.4 1.37 0.09 0.0 0.0 2 2 2 2 2 2 2 2 2.7 2.93 -27.0 0.9 0.9 0.9 0.9 0.9 0.9 0.099 0.078 0.19 0.049 0.049 0.093 2 2 2 2 2 2
1981-03-20T17:30:00 1981 3 20 17 30 0 3.8 2.1 460.0 2.7 1.1 0.27 0.0 0.0 2 2 2 2 2 2 2 2 2.7 2.92 -26.0 2.1 2.1 2.1 2.1 2.1 2.1 0.067 0.039 0.185 0.027 0.016 0.039 2 2 2 2 2 2
1981-03-20T18:30:00 1981 3 20 18 30 0 0.5 2.3 458.0 2.6 1.02 0.17 0.0 0.0 2 2 2 2 2 2 2 2 0.7 2.66 -24.0 2.3 2.3 2.3 2.3 2.3 2.3 0.045 0.019 0.179 0.015 0.005 0.016 2 2 2 2 2 2
1981-03-20T19:30:00 1981 3 20 19 30 0 3.9 2.8 437.0 2.9 1.11 0.2 0.0 0.0 2 2 2 2 2 2 2 2 0.7 2.4 -21.0 2.8 2.8 2.8 2.8 2.8 2.8 0.031 0.01 0.174 0.009 0.002 0.007 2 2 2 2 2 2
1981-03-20T20:30:00 1981 3 20 20 30 0 4.2 3.3 446.0 2.7 1.07 0.56 0.0 0.0 2 2 2 2 2 2 2 2 0.7 2.07 -20.0 3.3 3.3 3.3 3.3 3.3 3.3 0.021 0.005 0.168 0.005 0.0 0.003 2 2 2 2 2 2
1981-03-20T21:30:00 1981 3 20 21 30 0 5.1 3.8 471.0 2.7 1.01 0.76 0.0 0.0 2 2 2 2 2 2 2 2 0.3 1.69 -17.0 3.8 3.8 3.8 3.8 3.8 3.8 0.014 0.002 0.163 0.003 0.0 0.001 2 2 2 2 2 2
1981-03-20T22:30:00 1981 3 20 22 30 0 4.5 3.0 460.0 2.8 1.02 0.85 0.0 0.0 2 2 2 2 2 2 2 2 0.3 1.32 -17.0 3.0 3.0 3.0 3.0 3.0 3.0 0.01 0.001 0.158 0.001 0.0 0.0 2 2 2 2 2 2
1981-03-20T23:30:00 1981 3 20 23 30 0 5.2 3.8 462.0 3.0 1.1 0.87 0.0 0.0 2 2 2 2 2 2 2 2 0.3 1.02 -16.0 3.8 3.8 3.8 3.8 3.8 3.8 0.006 0.001 0.153 0.001 0.0 0.0 2 2 2 2 2 2
