1981-04-16T00:30:00 1981 4 16 0 30 0 -1.4 2.7 467.0 5.1 2.22 0.01 0.0 0.0 2 2 2 2 2 2 2 2 3.0 2.36 -28.0 2.7 2.7 2.7 2.7 2.7 2.7 0.0 0.0 1.099 0.0 0.0 0.0 2 2 2 2 2 2
1981-04-16T01:30:00 1981 4 16 1 30 0 1.6 0.1 457.0 4.1 1.71 0.04 0.0 0.0 2 2 2 2 2 2 2 2 3.0 2.37 -25.0 0.1 0.1 0.1 0.1 0.1 0.1 0.0 0.0 1.066 0.0 0.0 0.0 2 2 2 2 2 2
1981-04-16T02:30:00 1981 4 16 2 30 0 -3.3 3.5 475.0 4.0 1.8 0.09 0.0 0.0 2 2 2 2 2 2 2 2 3.0 2.46 -25.0 3.5 3.5 3.5 3.5 3.5 3.5 0.0 0.0 1.033 0.0 0.0 0.0 2 2 2 2 2 2
1981-04-16T03:30:00 1981 4 16 3 30 0 -3.1 4.5 503.0 3.9 1.97 0.26 0.0 0.0 2 2 2 2 2 2 2 2 1.7 2.38 -23.0 4.5 4.5 4.5 4.5 4.5 4.5 0.0 0.0 1.001 0.0 0.0 0.0 2 2 2 2 2 2
1981-04-16T04:30:00 1981 4 16 4 30 0 -6.2 2.8 511.0 4.0 2.09 0.99 0.0 0.0 2 2 2 2 2 2 2 2 1.7 2.3 -21.0 2.8 2.8 2.8 2.8 2.8 2.8 0.0 0.0 0.971 0.0 0.0 0.0 2 2 2 2 2 2
1981-04-16T05:30:00 1981 4 16 5 30 0 -3.4 3.6 494.0 4.2 2.05 0.96 0.0 0.0 2 2 2 2 2 2 2 2 1.7 2.26 -26.0 3.6 3.6 3.6 3.6 3.6 3.6 0.0 0.0 0.941 0.0 0.0 0.0 2 2 2 2 2 2
1981-04-16T06:30:00 1981 4 16 6 30 0 -2.0 3.2 481.0 4.0 1.85 0.18 0.0 0.0 2 2 2 2 2 2 2 2 1.7 2.21 -27.0 3.2 3.2 3.2 3.2 3.2 3.2 0.0 0.0 0.913 0.0 0.0 0.0 2 2 2 2 2 2
1981-04-16T07:30:00 1981 4 16 7 30 0 2.1 5.2 490.0 4.2 2.02 0.02 0.0 0.0 2 2 2 2 2 2 2 2 1.7 2.17 -29.0 5.2 5.2 5.2 5.2 5.2 5.2 0.0 0.0 0.885 0.0 0.0 0.0 2 2 2 2 2 2
1981-04-16T08:30:00 1981 4 16 8 30 0 2.8 4.4 506.0 4.5 2.3 0.11 0.0 0.0 2 2 2 2 2 2 2 2 1.7 2.01 -24.0 4.4 4.4 4.4 4.4 4.4 4.4 0.0 0.0 0.858 0.0 0.0 0.0 2 2 2 2 2 2
1981-04-16T09:30:00 1981 4 16 9 30 0 -2.5 -0.7 530.0 4.4 2.47 0.19 0.22 0.09 2 2 2 2 2 2 2 2 4.0 2.16 -19.0 -0.7 -0.7 -0.7 -0.7 -0.7 -0.7 0.022 0.048 0.833 0.017 0.108 0.147 2 2 2 2 2 2
1981-04-16T10:30:00 1981 4 16 10 30 0 0.7 -1.7 545.0 4.4 2.61 0.77 3.35 1.47 2 2 2 2 2 2 2 2 4.0 2.3 -30.0 -1.7 -1.7 -1.7 -1.7 -1.7 -1.7 0.156 0.259 0.82 0.146 0.526 0.715 2 2 2 2 2 2
1981-04-16T11:30:00 1981 4 16 11 30 0 -1.3 -4.0 534.0 4.4 2.51 2.92 7.93 3.49 2 2 2 2 2 2 2 2 4.0 2.59 -38.0 -4.0 -4.0 -4.0 -4.0 -4.0 -4.0 0.402 0.547 0.835 0.492 1.046 1.312 2 2 2 2 2 2
1981-04-16T12:30:00 1981 4 16 12 30 0 -1.4 1.5 539.0 4.5 2.61 1.26 3.46 1.53 2 2 2 2 2 2 2 2 4.0 2.88 -48.0 1.5 1.5 1.5 1.5 1.5 1.5 0.356 0.39 0.82 0.364 0.539 0.836 2 2 2 2 2 2
1981-04-16T13:30:00 1981 4 16 13 30 0 -3.8 3.4 525.0 4.4 2.43 0.28 0.0 0.0 2 2 2 2 2 2 2 2 4.0 3.17 -40.0 3.4 3.4 3.4 3.4 3.4 3.4 0.241 0.194 0.795 0.204 0.171 0.347 2 2 2 2 2 2
1981-04-16T14:30:00 1981 4 16 14 30 0 -2.6 1.1 533.0 4.4 2.5 0.45 0.0 0.0 2 2 2 2 2 2 2 2 4.0 3.45 -38.0 1.1 1.1 1.1 1.1 1.1 1.1 0.163 0.096 0.77 0.114 0.054 0.144 2 2 2 2 2 2
1981-04-16T15:30:00 1981 4 16 15 30 0 -0.4 1.5 517.0 4.4 2.35 0.11 0.0 0.0 2 2 2 2 2 2 2 2 2.3 3.5 -40.0 1.5 1.5 1.5 1.5 1.5 1.5 0.111 0.048 0.747 0.064 0.017 0.06 2 2 2 2 2 2
1981-04-16T16:30:00 1981 4 16 16 30 0 1.7 3.6 513.0 4.2 2.21 0.01 0.0 0.0 2 2 2 2 2 2 2 2 2.3 3.56 -40.0 3.6 3.6 3.6 3.6 3.6 3.6 0.075 0.024 0.724 0.036 0.005 0.025 2 2 2 2 2 2
1981-04-16T17:30:00 1981 4 16 17 30 0 4.7 2.4 514.0 4.2 2.22 0.48 0.0 0.0 2 2 2 2 2 2 2 2 2.3 3.34 -36.0 2.4 2.4 2.4 2.4 2.4 2.4 0.051 0.012 0.702 0.02 0.002 0.01 2 2 2 2 2 2
1981-04-16T18:30:00 1981 4 16 18 30 0 5.7 0.6 515.0 4.0 2.12 1.92 0.0 0.0 2 2 2 2 2 2 2 2 2.3 3.13 -32.0 0.6 0.6 0.6 0.6 0.6 0.6 0.034 0.006 0.68 0.011 0.001 0.004 2 2 2 2 2 2
1981-04-16T19:30:00 1981 4 16 19 30 0 6.3 -1.0 517.0 3.5 1.87 3.89 0.92 0.33 2 2 2 2 2 2 2 2 2.3 2.92 -29.0 -1.0 -1.0 -1.0 -1.0 -1.0 -1.0 0.073 0.103 0.663 0.043 0.208 0.243 2 2 2 2 2 2
1981-04-16T20:30:00 1981 4 16 20 30 0 6.0 1.3 515.0 3.3 1.75 3.57 0.46 0.16 2 2 2 2 2 2 2 2 2.3 2.71 -23.0 1.3 1.3 1.3 1.3 1.3 1.3 0.059 0.069 0.643 0.029 0.094 0.141 2 2 2 2 2 2
1981-04-16T21:30:00 1981 4 16 21 30 0 6.2 -0.1 512.0 3.2 1.68 3.24 0.02 0.01 2 2 2 2 2 2 2 2 2.0 2.46 -21.0 -0.1 -0.1 -0.1 -0.1 -0.1 -0.1 0.043 0.046 0.623 0.017 0.053 0.09 2 2 2 2 2 2
1981-04-16T22:30:00 1981 4 16 22 30 0 5.2 1.5 509.0 3.0 1.55 2.64 0.0 0.0 2 2 2 2 2 2 2 2 2.0 2.22 -23.0 1.5 1.5 1.5 1.5 1.5 1.5 0.029 0.023 0.604 0.01 0.017 0.037 2 2 2 2 2 2
1981-04-16T23:30:00 1981 4 16 23 30 0 3.4 0.5 510.0 2.7 1.4 1.32 0.0 0.0 2 2 2 2 2 2 2 2 2.0 2.18 -24.0 0.5 0.5 0.5 0.5 0.5 0.5 0.02 0.011 0.586 0.005 0.005 0.016 2 2 2 2 2 2
