1981-08-02T00:30:00 1981 8 2 0 30 0 4.1 -2.5 410.0 4.7 1.58 3.42 5.31 2.55 2 2 2 2 2 2 2 2 2.0 3.35 -43.0 -2.5 -2.5 -2.5 -2.5 -2.5 -2.5 0.599 0.67 0.686 0.488 0.712 0.903 2 2 2 2 2 2
1981-08-02T01:30:00 1981 8 2 1 30 0 5.1 -1.6 408.0 4.7 1.56 3.4 4.12 1.93 2 2 2 2 2 2 2 2 2.0 3.21 -45.0 -1.6 -1.6 -1.6 -1.6 -1.6 -1.6 0.562 0.618 0.676 0.423 0.616 0.801 2 2 2 2 2 2
1981-08-02T02:30:00 1981 8 2 2 30 0 4.4 -0.7 410.0 4.3 1.45 2.6 2.27 1.03 2 2 2 2 2 2 2 2 2.0 2.92 -42.0 -0.7 -0.7 -0.7 -0.7 -0.7 -0.7 0.468 0.486 0.66 0.301 0.436 0.612 2 2 2 2 2 2
1981-08-02T03:30:00 1981 8 2 3 30 0 5.6 -0.2 410.0 4.5 1.51 2.34 0.88 0.39 2 2 2 2 2 2 2 2 1.0 2.51 -38.0 -0.2 -0.2 -0.2 -0.2 -0.2 -0.2 0.353 0.332 0.641 0.187 0.256 0.416 2 2 2 2 2 2
1981-08-02T04:30:00 1981 8 2 4 30 0 5.6 0.1 406.0 4.7 1.55 2.51 0.12 0.05 2 2 2 2 2 2 2 2 1.0 2.1 -38.0 0.1 0.1 0.1 0.1 0.1 0.1 0.244 0.179 0.622 0.106 0.097 0.203 2 2 2 2 2 2
1981-08-02T05:30:00 1981 8 2 5 30 0 5.7 0.6 404.0 4.9 1.6 2.28 0.0 0.0 2 2 2 2 2 2 2 2 1.0 1.85 -38.0 0.6 0.6 0.6 0.6 0.6 0.6 0.165 0.089 0.603 0.059 0.031 0.084 2 2 2 2 2 2
1981-08-02T06:30:00 1981 8 2 6 30 0 6.8 0.8 408.0 4.9 1.63 2.61 0.0 0.0 2 2 2 2 2 2 2 2 1.7 1.7 -36.0 0.8 0.8 0.8 0.8 0.8 0.8 0.112 0.044 0.585 0.033 0.01 0.035 2 2 2 2 2 2
1981-08-02T07:30:00 1981 8 2 7 30 0 8.2 0.4 425.0 4.9 1.77 3.97 0.0 0.0 2 2 2 2 2 2 2 2 1.7 1.54 -32.0 0.4 0.4 0.4 0.4 0.4 0.4 0.076 0.022 0.567 0.019 0.003 0.014 2 2 2 2 2 2
1981-08-02T08:30:00 1981 8 2 8 30 0 6.8 0.6 415.0 5.0 1.72 3.93 0.0 0.0 2 2 2 2 2 2 2 2 1.7 1.51 -28.0 0.6 0.6 0.6 0.6 0.6 0.6 0.051 0.011 0.549 0.01 0.001 0.006 2 2 2 2 2 2
1981-08-02T09:30:00 1981 8 2 9 30 0 8.0 -0.2 429.0 5.1 1.88 4.25 0.07 0.04 2 2 2 2 2 2 2 2 2.3 1.56 -24.0 -0.2 -0.2 -0.2 -0.2 -0.2 -0.2 0.041 0.027 0.533 0.009 0.035 0.058 2 2 2 2 2 2
1981-08-02T10:30:00 1981 8 2 10 30 0 7.9 0.6 420.0 5.5 1.94 4.73 0.04 0.02 2 2 2 2 2 2 2 2 2.3 1.6 -23.0 0.6 0.6 0.6 0.6 0.6 0.6 0.028 0.013 0.517 0.005 0.011 0.024 2 2 2 2 2 2
1981-08-02T11:30:00 1981 8 2 11 30 0 6.2 -2.7 414.0 5.7 1.95 5.03 2.53 1.43 2 2 2 2 2 2 2 2 2.3 1.77 -20.0 -2.7 -2.7 -2.7 -2.7 -2.7 -2.7 0.158 0.278 0.51 0.145 0.404 0.516 2 2 2 2 2 2
1981-08-02T12:30:00 1981 8 2 12 30 0 5.9 1.0 415.0 5.8 2.0 3.6 1.81 1.04 2 2 2 2 2 2 2 2 3.3 2.06 -18.0 1.0 1.0 1.0 1.0 1.0 1.0 0.161 0.236 0.498 0.125 0.245 0.393 2 2 2 2 2 2
1981-08-02T13:30:00 1981 8 2 13 30 0 6.3 -6.5 432.0 6.7 2.5 7.3 6.61 4.28 2 2 2 2 2 2 2 2 3.3 2.34 -18.0 -6.5 -6.5 -6.5 -6.5 -6.5 -6.5 0.446 0.659 0.519 0.577 0.921 1.234 2 2 2 2 2 2
1981-08-02T14:30:00 1981 8 2 14 30 0 6.6 -3.4 418.0 6.4 2.24 10.39 10.25 6.72 2 2 2 2 2 2 2 2 3.3 2.54 -21.0 -3.4 -3.4 -3.4 -3.4 -3.4 -3.4 0.683 0.913 0.547 0.86 1.128 1.608 2 2 2 2 2 2
1981-08-02T15:30:00 1981 8 2 15 30 0 6.7 -4.2 439.0 6.8 2.62 8.63 8.24 5.46 2 2 2 2 2 2 2 2 4.0 2.83 -22.0 -4.2 -4.2 -4.2 -4.2 -4.2 -4.2 0.812 1.009 0.567 0.958 1.196 1.814 2 2 2 2 2 2
1981-08-02T16:30:00 1981 8 2 16 30 0 8.0 2.5 431.0 7.3 2.71 5.37 2.51 1.73 2 2 2 2 2 2 2 2 4.0 3.12 -25.0 2.5 2.5 2.5 2.5 2.5 2.5 0.624 0.626 0.556 0.607 0.537 1.041 2 2 2 2 2 2
1981-08-02T17:30:00 1981 8 2 17 30 0 6.5 -2.8 423.0 6.6 2.36 4.66 1.82 1.22 2 2 2 2 2 2 2 2 4.0 3.33 -20.0 -2.8 -2.8 -2.8 -2.8 -2.8 -2.8 0.54 0.542 0.548 0.467 0.532 0.957 2 2 2 2 2 2
1981-08-02T18:30:00 1981 8 2 18 30 0 6.0 2.2 416.0 5.5 1.9 3.43 1.41 0.9 2 2 2 2 2 2 2 2 3.0 3.41 -23.0 2.2 2.2 2.2 2.2 2.2 2.2 0.406 0.345 0.534 0.292 0.258 0.555 2 2 2 2 2 2
1981-08-02T19:30:00 1981 8 2 19 30 0 7.9 -0.2 451.0 5.7 2.32 3.47 0.04 0.02 2 2 2 2 2 2 2 2 3.0 3.49 -25.0 -0.2 -0.2 -0.2 -0.2 -0.2 -0.2 0.282 0.194 0.517 0.167 0.121 0.302 2 2 2 2 2 2
1981-08-02T20:30:00 1981 8 2 20 30 0 5.1 1.6 450.0 5.9 2.39 3.04 0.01 0.01 2 2 2 2 2 2 2 2 3.0 3.44 -28.0 1.6 1.6 1.6 1.6 1.6 1.6 0.191 0.096 0.502 0.093 0.038 0.125 2 2 2 2 2 2
1981-08-02T21:30:00 1981 8 2 21 30 0 5.3 -6.3 460.0 5.2 2.2 6.21 6.36 3.42 2 2 2 2 2 2 2 2 4.3 3.57 -34.0 -6.3 -6.3 -6.3 -6.3 -6.3 -6.3 0.431 0.513 0.521 0.512 0.82 0.969 2 2 2 2 2 2
1981-08-02T22:30:00 1981 8 2 22 30 0 8.0 -2.7 460.0 5.2 2.2 10.66 10.01 5.2 2 2 2 2 2 2 2 2 4.3 3.7 -38.0 -2.7 -2.7 -2.7 -2.7 -2.7 -2.7 0.625 0.745 0.546 0.748 1.052 1.336 2 2 2 2 2 2
1981-08-02T23:30:00 1981 8 2 23 30 0 7.45 -1.0 464.5 4.7 2.03 7.27 4.11 2.04 1 1 1 1 1 1 1 1 4.3 3.74 -38.0 -1.0 -1.0 -1.0 -1.0 -1.0 -1.0 0.571 0.627 0.542 0.559 0.745 1.089 2 2 2 2 1 2
