1981-10-02T00:30:00 1981 10 2 0 30 0 -3.1 -0.8 468.0 3.2 1.4 0.97 0.45 0.15 2 2 2 2 2 2 2 2 3.3 2.26 -12.0 -0.8 -0.8 -0.8 -0.8 -0.8 -0.8 0.029 0.063 0.105 0.019 0.117 0.114 2 2 2 2 2 2
1981-10-02T01:30:00 1981 10 2 1 30 0 -3.3 -2.3 470.0 3.2 1.41 2.18 3.78 1.21 2 2 2 2 2 2 2 2 3.3 2.35 -12.0 -2.3 -2.3 -2.3 -2.3 -2.3 -2.3 0.16 0.269 0.113 0.154 0.454 0.405 2 2 2 2 2 2
1981-10-02T02:30:00 1981 10 2 2 30 0 -4.5 -1.5 465.0 3.2 1.38 3.04 4.36 1.4 2 2 1 1 1 2 2 1 3.3 2.6 -12.0 -1.5 -1.5 -1.5 -1.5 -1.5 -1.5 0.248 0.367 0.122 0.223 0.537 0.512 1 1 2 1 1 1
1981-10-02T03:30:00 1981 10 2 3 30 0 -1.1 1.9 460.0 3.2 1.35 0.86 0.63 0.2 2 2 2 2 2 2 2 2 2.3 2.71 -11.0 1.9 1.9 1.9 1.9 1.9 1.9 0.181 0.205 0.119 0.132 0.2 0.247 1 1 2 1 1 1
1981-10-02T04:30:00 1981 10 2 4 30 0 -0.7 4.0 459.0 3.4 1.43 0.01 0.0 0.0 2 2 2 2 2 2 2 2 2.3 2.82 -9.0 4.0 4.0 4.0 4.0 4.0 4.0 0.122 0.102 0.115 0.074 0.063 0.103 1 1 2 1 1 1
1981-10-02T05:30:00 1981 10 2 5 30 0 -3.9 1.2 447.0 3.6 1.44 0.28 0.0 0.0 2 2 2 2 2 2 2 2 2.3 2.77 -8.0 1.2 1.2 1.2 1.2 1.2 1.2 0.083 0.051 0.112 0.041 0.02 0.043 1 1 2 1 1 1
1981-10-02T06:30:00 1981 10 2 6 30 0 -1.7 3.0 439.0 3.5 1.35 0.31 0.0 0.0 2 2 2 2 2 2 2 2 1.7 2.64 -11.0 3.0 3.0 3.0 3.0 3.0 3.0 0.056 0.025 0.108 0.023 0.006 0.018 1 1 2 1 1 1
1981-10-02T07:30:00 1981 10 2 7 30 0 -5.9 0.8 451.0 3.5 1.42 0.97 0.0 0.0 2 2 2 2 2 2 2 2 1.7 2.51 -9.0 0.8 0.8 0.8 0.8 0.8 0.8 0.038 0.012 0.105 0.013 0.002 0.007 1 1 2 1 1 1
1981-10-02T08:30:00 1981 10 2 8 30 0 -6.7 1.5 454.0 3.3 1.36 2.64 0.0 0.0 2 2 2 2 2 2 2 2 1.7 2.31 -9.0 1.5 1.5 1.5 1.5 1.5 1.5 0.026 0.006 0.102 0.007 0.001 0.003 1 1 2 1 1 1
1981-10-02T09:30:00 1981 10 2 9 30 0 -5.3 0.9 445.0 3.8 1.5 2.29 0.0 0.0 2 2 2 2 2 2 2 2 2.0 2.15 -9.0 0.9 0.9 0.9 0.9 0.9 0.9 0.017 0.003 0.099 0.004 0.0 0.001 1 1 2 1 1 1
1981-10-02T10:30:00 1981 10 2 10 30 0 -3.7 3.4 450.0 3.9 1.58 0.95 0.0 0.0 2 2 2 2 2 2 2 2 2.0 2.0 -7.0 3.4 3.4 3.4 3.4 3.4 3.4 0.012 0.002 0.096 0.002 0.0 0.001 1 1 2 1 1 1
1981-10-02T11:30:00 1981 10 2 11 30 0 -3.0 4.2 444.0 3.9 1.54 0.28 0.0 0.0 2 2 2 2 2 2 2 2 2.0 1.96 -4.0 4.2 4.2 4.2 4.2 4.2 4.2 0.008 0.001 0.093 0.001 0.0 0.0 1 1 2 1 1 1
1981-10-02T12:30:00 1981 10 2 12 30 0 -4.2 -0.6 449.0 4.0 1.61 0.83 0.15 0.06 2 2 2 2 2 2 2 2 3.0 2.06 -1.0 -0.6 -0.6 -0.6 -0.6 -0.6 -0.6 0.022 0.04 0.091 0.012 0.071 0.08 2 2 2 2 2 2
1981-10-02T13:30:00 1981 10 2 13 30 0 -5.0 -2.2 456.0 3.9 1.62 3.18 3.33 1.31 2 2 2 2 2 2 2 2 3.0 2.15 -1.0 -2.2 -2.2 -2.2 -2.2 -2.2 -2.2 0.153 0.267 0.098 0.142 0.431 0.445 2 2 2 2 2 2
1981-10-02T14:30:00 1981 10 2 14 30 0 -3.6 4.0 442.0 4.3 1.68 1.44 0.69 0.27 2 2 2 2 2 2 2 2 3.0 2.32 -1.0 4.0 4.0 4.0 4.0 4.0 4.0 0.117 0.157 0.096 0.088 0.169 0.229 2 2 2 2 2 2
1981-10-02T15:30:00 1981 10 2 15 30 0 -2.8 3.5 455.0 4.7 2.01 0.25 0.0 0.0 2 2 2 2 2 2 2 2 2.7 2.44 4.0 3.5 3.5 3.5 3.5 3.5 3.5 0.079 0.078 0.093 0.049 0.053 0.095 2 2 2 2 2 2
1981-10-02T16:30:00 1981 10 2 16 30 0 -2.7 0.0 437.0 4.4 1.68 0.36 0.0 0.0 2 2 2 2 2 2 2 2 2.7 2.56 2.0 0.0 0.0 0.0 0.0 0.0 0.0 0.054 0.039 0.09 0.027 0.017 0.039 2 2 2 2 2 2
1981-10-02T17:30:00 1981 10 2 17 30 0 -3.6 -1.0 431.0 5.4 2.1 1.19 1.17 0.6 2 2 2 2 2 2 2 2 2.7 2.64 -4.0 -1.0 -1.0 -1.0 -1.0 -1.0 -1.0 0.102 0.168 0.091 0.06 0.231 0.334 2 2 2 2 2 2
1981-10-02T18:30:00 1981 10 2 18 30 0 -6.3 0.7 436.0 4.6 1.75 2.26 0.55 0.29 2 2 2 2 2 2 2 2 6.3 3.2 -11.0 0.7 0.7 0.7 0.7 0.7 0.7 0.086 0.121 0.089 0.042 0.12 0.221 2 2 2 2 2 2
1981-10-02T19:30:00 1981 10 2 19 30 0 -7.1 2.5 448.5 6.2 2.53 2.66 0.0 0.0 2 2 1 1 1 2 2 1 6.3 3.75 -13.0 2.5 2.5 2.5 2.5 2.5 2.5 0.059 0.06 0.086 0.024 0.038 0.092 2 2 2 2 2 2
1981-10-02T20:30:00 1981 10 2 20 30 0 -9.8 3.1 461.0 7.8 3.32 3.83 0.0 0.0 2 2 2 2 2 2 2 2 6.3 4.17 13.0 3.1 3.1 3.1 3.1 3.1 3.1 0.04 0.03 0.084 0.013 0.012 0.038 2 2 2 2 2 2
1981-10-02T21:30:00 1981 10 2 21 30 0 -14.9 9.0 674.0 18.2 16.54 7.76 0.0 0.0 2 2 2 2 2 2 2 2 3.3 4.19 20.0 9.0 9.0 9.0 9.0 9.0 9.0 0.027 0.015 0.081 0.007 0.004 0.016 2 2 2 2 2 2
1981-10-02T22:30:00 1981 10 2 22 30 0 -1.5 10.4 640.0 15.5 12.7 2.73 0.0 0.0 2 2 2 2 2 2 2 2 3.3 4.22 15.0 10.4 10.4 10.4 10.4 10.4 10.4 0.018 0.007 0.078 0.004 0.001 0.007 2 2 2 2 2 2
1981-10-02T23:30:00 1981 10 2 23 30 0 -5.7 7.1 630.0 11.4 9.05 0.34 0.0 0.0 2 2 2 2 2 2 2 2 3.3 4.27 15.0 7.1 7.1 7.1 7.1 7.1 7.1 0.012 0.004 0.076 0.002 0.0 0.003 2 2 2 2 2 2
