1981-12-24T00:30:00 1981 12 24 0 30 0 0.5 -8.2 408.0 13.2 4.39 12.34 15.11 19.42 2 2 2 2 2 2 2 2 3.3 1.99 -11.0 -8.2 -8.2 -8.2 -8.2 -8.2 -8.2 1.527 1.978 0.362 2.276 2.088 4.767 2 2 2 2 2 2
1981-12-24T01:30:00 1981 12 24 1 30 0 -2.7 -8.1 435.0 11.3 4.28 14.84 17.21 20.93 2 2 2 2 2 2 2 2 3.3 2.2 -22.0 -8.1 -8.1 -8.1 -8.1 -8.1 -8.1 1.851 2.157 0.468 2.793 2.36 5.388 2 2 2 2 2 2
1981-12-24T02:30:00 1981 12 24 2 30 0 -5.6 -5.5 427.0 10.6 3.87 12.69 14.42 15.78 2 2 2 2 2 2 2 2 3.3 2.45 -24.0 -5.5 -5.5 -5.5 -5.5 -5.5 -5.5 1.897 2.023 0.54 2.642 2.122 4.92 2 2 2 2 2 2
1981-12-24T03:30:00 1981 12 24 3 30 0 -4.2 -3.2 420.0 9.2 3.25 7.26 9.01 8.92 2 2 2 2 2 2 2 2 3.7 2.75 -26.0 -3.2 -3.2 -3.2 -3.2 -3.2 -3.2 1.688 1.659 0.567 2.027 1.587 3.767 2 2 2 2 2 2
1981-12-24T04:30:00 1981 12 24 4 30 0 -3.6 -1.1 437.0 7.6 2.9 3.0 4.41 3.73 2 2 2 2 2 2 2 2 3.7 3.04 -25.0 -1.1 -1.1 -1.1 -1.1 -1.1 -1.1 1.336 1.177 0.565 1.326 1.0 2.502 2 2 2 2 2 2
1981-12-24T05:30:00 1981 12 24 5 30 0 -5.0 -1.8 446.0 6.7 2.67 2.85 3.27 2.31 2 2 2 2 2 2 2 2 3.7 3.22 -22.0 -1.8 -1.8 -1.8 -1.8 -1.8 -1.8 1.067 0.892 0.56 0.895 0.788 1.826 2 2 2 2 2 2
1981-12-24T06:30:00 1981 12 24 6 30 0 -3.9 1.1 467.0 5.5 2.4 2.03 1.1 0.7 2 2 2 2 2 2 2 2 2.0 3.16 -21.0 1.1 1.1 1.1 1.1 1.1 1.1 0.757 0.51 0.545 0.525 0.338 0.932 2 2 2 2 2 2
1981-12-24T07:30:00 1981 12 24 7 30 0 -5.1 -0.2 459.0 5.8 2.44 1.71 0.06 0.03 2 2 2 2 2 2 2 2 2.0 3.11 -22.0 -0.2 -0.2 -0.2 -0.2 -0.2 -0.2 0.52 0.276 0.528 0.297 0.147 0.463 2 2 2 2 2 2
1981-12-24T08:30:00 1981 12 24 8 30 0 -4.2 0.3 457.0 6.0 2.51 1.9 0.07 0.04 2 2 2 2 2 2 2 2 2.0 2.94 -20.0 0.3 0.3 0.3 0.3 0.3 0.3 0.355 0.144 0.512 0.167 0.055 0.216 2 2 2 2 2 2
1981-12-24T09:30:00 1981 12 24 9 30 0 -1.3 3.8 452.0 6.1 2.49 0.37 0.0 0.0 2 2 2 2 2 2 2 2 1.7 2.74 -19.0 3.8 3.8 3.8 3.8 3.8 3.8 0.24 0.072 0.497 0.093 0.018 0.089 2 2 2 2 2 2
1981-12-24T10:30:00 1981 12 24 10 30 0 -1.1 3.0 456.5 6.45 2.69 0.02 0.0 0.0 2 2 1 1 1 2 2 1 1.7 2.54 -19.0 3.0 3.0 3.0 3.0 3.0 3.0 0.163 0.036 0.481 0.052 0.006 0.037 2 2 2 2 2 2
1981-12-24T11:30:00 1981 12 24 11 30 0 -3.8 3.2 461.0 6.8 2.89 0.2 0.0 0.0 2 2 2 2 2 2 2 2 1.7 2.29 -16.0 3.2 3.2 3.2 3.2 3.2 3.2 0.11 0.018 0.467 0.029 0.002 0.015 2 2 2 2 2 2
1981-12-24T12:30:00 1981 12 24 12 30 0 -5.7 0.6 448.0 7.7 3.09 1.34 0.0 0.0 2 2 2 2 2 2 2 2 1.3 2.0 -12.0 0.6 0.6 0.6 0.6 0.6 0.6 0.075 0.009 0.452 0.016 0.001 0.006 2 2 2 2 2 2
1981-12-24T13:30:00 1981 12 24 13 30 0 -3.5 3.3 427.0 8.5 3.72 1.06 0.0 0.0 2 2 2 2 2 2 2 2 1.3 1.7 -9.0 3.3 3.3 3.3 3.3 3.3 3.3 0.05 0.004 0.439 0.009 0.0 0.003 2 2 2 2 2 2
1981-12-24T14:30:00 1981 12 24 14 30 0 -4.1 1.8 411.0 7.1 2.97 0.54 0.0 0.0 2 2 2 2 2 2 2 2 1.3 1.62 -8.0 1.8 1.8 1.8 1.8 1.8 1.8 0.034 0.002 0.425 0.005 0.0 0.001 2 2 2 2 2 2
1981-12-24T15:30:00 1981 12 24 15 30 0 -5.1 -0.5 401.5 7.05 2.76 1.51 0.15 0.11 2 2 1 1 1 2 2 1 2.0 1.62 -6.0 -0.5 -0.5 -0.5 -0.5 -0.5 -0.5 0.039 0.046 0.413 0.012 0.066 0.116 2 1 2 1 1 1
1981-12-24T16:30:00 1981 12 24 16 30 0 -6.1 -1.4 392.0 7.0 2.54 3.21 1.95 1.37 2 2 2 2 2 2 2 2 2.0 1.63 -10.0 -1.4 -1.4 -1.4 -1.4 -1.4 -1.4 0.135 0.261 0.406 0.092 0.331 0.547 2 2 2 2 2 2
1981-12-24T17:30:00 1981 12 24 17 30 0 -3.3 3.3 395.0 7.8 2.71 1.42 0.3 0.21 2 2 2 2 2 2 2 2 2.0 1.67 -15.0 3.3 3.3 3.3 3.3 3.3 3.3 0.097 0.145 0.394 0.053 0.12 0.265 2 2 2 2 2 2
1981-12-24T18:30:00 1981 12 24 18 30 0 -2.9 0.1 398.0 8.1 2.92 0.42 0.0 0.0 2 2 2 2 2 2 2 2 2.0 1.71 -12.0 0.1 0.1 0.1 0.1 0.1 0.1 0.066 0.072 0.382 0.03 0.038 0.11 2 2 2 2 2 2
1981-12-24T19:30:00 1981 12 24 19 30 0 -4.1 1.0 404.0 7.0 2.61 0.81 0.0 0.0 2 2 2 2 2 2 2 2 2.0 1.75 -10.0 1.0 1.0 1.0 1.0 1.0 1.0 0.045 0.036 0.37 0.017 0.012 0.046 2 2 2 2 2 2
1981-12-24T20:30:00 1981 12 24 20 30 0 -5.1 1.0 417.0 7.9 2.75 1.29 0.0 0.0 2 2 2 2 2 2 2 2 2.0 1.83 -7.0 1.0 1.0 1.0 1.0 1.0 1.0 0.03 0.018 0.359 0.009 0.004 0.019 2 2 2 2 2 2
1981-12-24T21:30:00 1981 12 24 21 30 0 -4.5 0.6 414.0 8.0 2.74 1.47 0.0 0.0 2 2 2 2 2 2 2 2 2.7 2.01 -7.0 0.6 0.6 0.6 0.6 0.6 0.6 0.02 0.009 0.348 0.005 0.001 0.008 2 2 2 2 2 2
1981-12-24T22:30:00 1981 12 24 22 30 0 -4.3 -2.8 410.0 8.9 2.99 2.57 2.61 2.27 2 2 2 2 2 2 2 2 2.7 2.18 -7.0 -2.8 -2.8 -2.8 -2.8 -2.8 -2.8 0.183 0.344 0.349 0.18 0.484 0.884 2 2 2 2 2 2
1981-12-24T23:30:00 1981 12 24 23 30 0 -6.3 -1.1 418.0 8.9 3.11 4.03 3.89 3.46 2 2 2 2 2 2 2 2 2.7 2.27 -10.0 -1.1 -1.1 -1.1 -1.1 -1.1 -1.1 0.305 0.518 0.351 0.271 0.617 1.295 2 2 2 2 2 2
