1981-02-13T00:30:00 1981 2 13 0 30 0 4.5 1.1 358.0 5.8 1.49 0.74 0.41 0.25 2 2 2 2 2 2 2 2 1.3 1.78 -18.0 1.1 1.1 1.1 1.1 1.1 1.1 0.168 0.237 0.23 0.1 0.151 0.284 2 2 2 2 2 2
1981-02-13T01:30:00 1981 2 13 1 30 0 3.9 1.7 366.0 5.5 1.47 0.79 0.0 0.0 2 2 2 2 2 2 2 2 1.3 1.81 -19.0 1.7 1.7 1.7 1.7 1.7 1.7 0.114 0.118 0.223 0.056 0.048 0.118 2 2 2 2 2 2
1981-02-13T02:30:00 1981 2 13 2 30 0 3.9 2.4 363.0 5.5 1.45 0.55 0.0 0.0 2 2 2 2 2 2 2 2 1.3 1.69 -19.0 2.4 2.4 2.4 2.4 2.4 2.4 0.077 0.058 0.216 0.031 0.015 0.049 2 2 2 2 2 2
1981-02-13T03:30:00 1981 2 13 3 30 0 0.7 -2.3 369.0 4.7 1.28 0.56 1.22 0.58 2 2 2 2 2 2 2 2 1.7 1.62 -20.0 -2.3 -2.3 -2.3 -2.3 -2.3 -2.3 0.125 0.185 0.213 0.087 0.211 0.218 2 2 2 2 2 2
1981-02-13T04:30:00 1981 2 13 4 30 0 1.2 -2.5 373.0 4.8 1.34 1.39 4.47 2.13 2 2 2 2 2 2 2 2 1.7 1.55 -21.0 -2.5 -2.5 -2.5 -2.5 -2.5 -2.5 0.264 0.427 0.219 0.233 0.476 0.49 2 2 2 2 2 2
1981-02-13T05:30:00 1981 2 13 5 30 0 0.5 -2.6 376.0 4.7 1.33 1.53 4.78 2.27 2 2 2 2 2 2 2 2 1.7 1.55 -18.0 -2.6 -2.6 -2.6 -2.6 -2.6 -2.6 0.367 0.559 0.225 0.329 0.579 0.618 2 2 2 2 2 2
1981-02-13T06:30:00 1981 2 13 6 30 0 0.5 -1.5 370.0 4.9 1.34 0.95 3.74 1.79 2 2 2 2 2 2 2 2 1.3 1.5 -17.0 -1.5 -1.5 -1.5 -1.5 -1.5 -1.5 0.392 0.558 0.228 0.316 0.518 0.605 2 2 2 2 2 2
1981-02-13T07:30:00 1981 2 13 7 30 0 0.8 -0.2 351.0 4.8 1.18 0.22 1.44 0.7 2 2 2 2 2 2 2 2 1.3 1.45 -13.0 -0.2 -0.2 -0.2 -0.2 -0.2 -0.2 0.32 0.405 0.223 0.21 0.301 0.42 2 2 2 2 2 2
1981-02-13T08:30:00 1981 2 13 8 30 0 -0.3 -0.9 350.0 4.9 1.2 0.1 1.01 0.49 2 2 2 2 2 2 2 2 1.3 1.45 -12.0 -0.9 -0.9 -0.9 -0.9 -0.9 -0.9 0.272 0.342 0.218 0.151 0.252 0.354 2 2 2 2 2 2
1981-02-13T09:30:00 1981 2 13 9 30 0 0.1 -1.7 368.0 5.1 1.38 0.4 2.4 1.21 2 2 2 2 2 2 2 2 2.0 1.54 -10.0 -1.7 -1.7 -1.7 -1.7 -1.7 -1.7 0.297 0.41 0.217 0.177 0.363 0.454 2 2 2 2 2 2
1981-02-13T10:30:00 1981 2 13 10 30 0 -2.8 -1.9 377.0 5.5 1.56 1.07 3.37 1.79 2 2 2 2 2 2 2 2 2.0 1.63 -10.0 -1.9 -1.9 -1.9 -1.9 -1.9 -1.9 0.348 0.497 0.219 0.235 0.473 0.596 2 2 2 2 2 2
1981-02-13T11:30:00 1981 2 13 11 30 0 -1.8 -2.8 373.0 5.4 1.5 1.89 4.47 2.43 2 2 2 2 2 2 2 2 2.0 1.67 -6.0 -2.8 -2.8 -2.8 -2.8 -2.8 -2.8 0.429 0.61 0.226 0.335 0.597 0.735 2 2 2 2 2 2
1981-02-13T12:30:00 1981 2 13 12 30 0 -0.4 -2.7 370.0 5.4 1.48 1.79 5.1 2.75 2 2 2 2 2 2 2 2 3.0 1.84 -9.0 -2.7 -2.7 -2.7 -2.7 -2.7 -2.7 0.499 0.687 0.234 0.412 0.651 0.799 2 2 2 2 2 2
1981-02-13T13:30:00 1981 2 13 13 30 0 -0.9 -4.4 370.0 5.5 1.51 2.88 6.7 3.66 2 2 2 2 2 2 2 2 3.0 2.01 -8.0 -4.4 -4.4 -4.4 -4.4 -4.4 -4.4 0.616 0.826 0.25 0.58 0.799 0.933 2 2 2 2 2 2
1981-02-13T14:30:00 1981 2 13 14 30 0 -0.4 -1.8 365.0 5.5 1.47 2.07 5.5 3.02 2 2 2 2 2 2 2 2 3.0 2.22 -10.0 -1.8 -1.8 -1.8 -1.8 -1.8 -1.8 0.622 0.784 0.257 0.543 0.686 0.863 2 2 2 2 2 2
1981-02-13T15:30:00 1981 2 13 15 30 0 1.5 -1.8 364.0 5.5 1.46 0.79 3.28 1.8 2 2 2 2 2 2 2 2 1.7 2.26 -16.0 -1.8 -1.8 -1.8 -1.8 -1.8 -1.8 0.564 0.681 0.258 0.433 0.557 0.747 2 2 2 2 2 2
1981-02-13T16:30:00 1981 2 13 16 30 0 3.8 -0.6 364.0 5.3 1.4 1.11 2.09 1.13 2 2 2 2 2 2 2 2 1.7 2.3 -16.0 -0.6 -0.6 -0.6 -0.6 -0.6 -0.6 0.468 0.528 0.254 0.303 0.389 0.577 2 2 2 2 2 2
1981-02-13T17:30:00 1981 2 13 17 30 0 4.5 1.0 362.0 5.6 1.47 1.17 0.16 0.09 2 2 2 2 2 2 2 2 1.7 2.26 -15.0 1.0 1.0 1.0 1.0 1.0 1.0 0.321 0.275 0.246 0.171 0.135 0.26 2 2 2 2 2 2
1981-02-13T18:30:00 1981 2 13 18 30 0 3.9 0.8 364.0 5.7 1.51 0.93 0.0 0.0 2 2 2 2 2 2 2 2 1.3 2.16 -14.0 0.8 0.8 0.8 0.8 0.8 0.8 0.218 0.136 0.239 0.096 0.043 0.108 2 2 2 2 2 2
1981-02-13T19:30:00 1981 2 13 19 30 0 2.5 0.6 358.0 5.7 1.46 0.54 0.0 0.0 2 2 2 2 2 2 2 2 1.3 2.07 -13.0 0.6 0.6 0.6 0.6 0.6 0.6 0.147 0.068 0.231 0.054 0.013 0.045 2 2 2 2 2 2
1981-02-13T20:30:00 1981 2 13 20 30 0 1.5 1.8 352.0 5.8 1.44 0.14 0.0 0.0 2 2 2 2 2 2 2 2 1.3 1.86 -15.0 1.8 1.8 1.8 1.8 1.8 1.8 0.1 0.034 0.224 0.03 0.004 0.019 2 2 2 2 2 2
1981-02-13T21:30:00 1981 2 13 21 30 0 2.1 1.7 351.0 6.0 1.48 0.08 0.0 0.0 2 2 2 2 2 2 2 2 1.7 1.7 -11.0 1.7 1.7 1.7 1.7 1.7 1.7 0.068 0.017 0.217 0.017 0.001 0.008 2 2 2 2 2 2
1981-02-13T22:30:00 1981 2 13 22 30 0 1.6 2.5 349.0 6.4 1.56 0.07 0.0 0.0 2 2 2 2 2 2 2 2 1.7 1.55 -7.0 2.5 2.5 2.5 2.5 2.5 2.5 0.046 0.008 0.211 0.009 0.0 0.003 2 2 2 2 2 2
1981-02-13T23:30:00 1981 2 13 23 30 0 1.0 1.1 346.0 6.3 1.51 0.03 0.0 0.0 2 2 2 2 2 2 2 2 1.7 1.55 -5.0 1.1 1.1 1.1 1.1 1.1 1.1 0.031 0.004 0.204 0.005 0.0 0.001 2 2 2 2 2 2
