1981-03-13T00:30:00 1981 3 13 0 30 0 13.3 5.8 501.0 5.1 2.56 7.06 0.0 0.0 2 2 2 2 2 2 2 2 3.3 3.3 -13.0 5.8 5.8 5.8 5.8 5.8 5.8 0.121 0.09 0.151 0.089 0.059 0.231 2 2 2 2 2 2
1981-03-13T01:30:00 1981 3 13 1 30 0 9.7 9.5 503.0 4.7 2.38 4.65 0.0 0.0 2 2 2 2 2 2 2 2 3.3 3.45 -11.0 9.5 9.5 9.5 9.5 9.5 9.5 0.082 0.045 0.146 0.05 0.019 0.096 2 2 2 2 2 2
1981-03-13T02:30:00 1981 3 13 2 30 0 8.9 8.8 469.0 3.7 1.63 2.23 0.0 0.0 2 2 2 2 2 2 2 2 3.3 3.45 -9.0 8.8 8.8 8.8 8.8 8.8 8.8 0.056 0.022 0.142 0.028 0.006 0.04 2 2 2 2 2 2
1981-03-13T03:30:00 1981 3 13 3 30 0 8.8 8.7 468.0 4.6 2.02 1.98 0.0 0.0 2 2 2 2 2 2 2 2 2.3 3.32 -7.0 8.7 8.7 8.7 8.7 8.7 8.7 0.038 0.011 0.137 0.016 0.002 0.017 2 2 2 2 2 2
1981-03-13T04:30:00 1981 3 13 4 30 0 10.7 6.1 474.0 4.4 1.98 3.13 0.0 0.0 2 2 2 2 2 2 2 2 2.3 3.18 -7.0 6.1 6.1 6.1 6.1 6.1 6.1 0.026 0.005 0.133 0.009 0.001 0.007 2 2 2 2 2 2
1981-03-13T05:30:00 1981 3 13 5 30 0 7.6 4.7 473.0 5.4 2.42 3.15 0.0 0.0 2 2 2 2 2 2 2 2 2.3 3.01 -2.0 4.7 4.7 4.7 4.7 4.7 4.7 0.017 0.003 0.129 0.005 0.0 0.003 2 2 2 2 2 2
1981-03-13T06:30:00 1981 3 13 6 30 0 8.5 6.8 492.0 7.4 3.58 2.27 0.0 0.0 2 2 2 2 2 2 2 2 3.0 2.93 6.0 6.8 6.8 6.8 6.8 6.8 6.8 0.012 0.001 0.125 0.003 0.0 0.001 2 2 2 2 2 2
1981-03-13T07:30:00 1981 3 13 7 30 0 11.6 4.0 488.5 7.4 3.58 4.52 0.0 0.0 2 2 1 1 1 2 2 1 3.0 2.84 11.0 4.0 4.0 4.0 4.0 4.0 4.0 0.008 0.001 0.121 0.002 0.0 0.0 2 2 2 2 2 2
1981-03-13T08:30:00 1981 3 13 8 30 0 9.7 4.8 485.0 7.4 3.47 5.31 0.0 0.0 2 2 1 1 1 2 2 1 3.0 2.81 12.0 4.8 4.8 4.8 4.8 4.8 4.8 0.005 0.0 0.117 0.001 0.0 0.0 2 2 2 2 2 2
1981-03-13T09:30:00 1981 3 13 9 30 0 1.5 6.8 481.5 6.99 3.12 1.1 0.0 0.0 2 2 1 1 1 2 2 1 3.0 2.78 12.0 6.8 6.8 6.8 6.8 6.8 6.8 0.004 0.0 0.114 0.0 0.0 0.0 2 2 2 2 2 2
1981-03-13T10:30:00 1981 3 13 10 30 0 4.8 1.3 478.0 6.49 2.78 0.46 0.0 0.0 2 2 1 1 1 2 2 1 3.0 2.75 15.0 1.3 1.3 1.3 1.3 1.3 1.3 0.002 0.0 0.11 0.0 0.0 0.0 2 2 2 2 2 2
1981-03-13T11:30:00 1981 3 13 11 30 0 2.0 -1.5 474.5 6.0 2.43 1.22 1.11 0.67 2 2 1 1 1 2 2 1 3.0 2.83 7.0 -1.5 -1.5 -1.5 -1.5 -1.5 -1.5 0.074 0.15 0.112 0.064 0.274 0.441 1 1 2 1 1 1
1981-03-13T12:30:00 1981 3 13 12 30 0 5.3 -4.2 471.0 5.5 2.42 4.66 7.0 3.98 2 2 1 1 0 2 2 1 4.3 3.09 12.0 -4.2 -4.2 -4.2 -4.2 -4.2 -4.2 0.349 0.539 0.141 0.434 0.891 1.219 1 1 2 1 1 1
1981-03-13T13:30:00 1981 3 13 13 30 0 2.7 -4.7 467.5 5.22 2.41 7.43 10.49 5.61 2 2 1 1 1 2 2 1 4.3 3.34 -7.0 -4.7 -4.7 -4.7 -4.7 -4.7 -4.7 0.623 0.825 0.186 0.817 1.232 1.616 1 1 1 1 1 1
1981-03-13T14:30:00 1981 3 13 14 30 0 1.9 -5.6 464.0 5.21 2.32 7.68 12.08 6.3 2 2 1 1 1 2 2 1 4.3 3.5 -15.0 -5.6 -5.6 -5.6 -5.6 -5.6 -5.6 0.858 1.023 0.24 1.147 1.43 1.829 1 1 1 1 1 1
1981-03-13T15:30:00 1981 3 13 15 30 0 1.9 -8.1 460.5 5.21 2.23 12.47 16.06 8.37 2 2 1 1 1 2 2 1 4.7 3.72 -32.0 -8.1 -8.1 -8.1 -8.1 -8.1 -8.1 1.151 1.265 0.32 1.671 1.736 2.104 1 1 1 1 1 1
1981-03-13T16:30:00 1981 3 13 16 30 0 -0.2 -6.0 457.0 5.2 2.14 12.03 15.97 8.31 2 2 1 1 1 2 2 1 4.7 3.93 -38.0 -6.0 -6.0 -6.0 -6.0 -6.0 -6.0 1.31 1.34 0.39 1.85 1.724 2.126 1 1 1 1 1 1
1981-03-13T17:30:00 1981 3 13 17 30 0 3.7 -3.1 453.5 5.2 2.11 5.86 10.08 5.24 2 2 1 1 1 2 2 1 4.7 4.14 -39.0 -3.1 -3.1 -3.1 -3.1 -3.1 -3.1 1.23 1.17 0.42 1.514 1.354 1.816 1 1 1 1 1 1
1981-03-13T18:30:00 1981 3 13 18 30 0 3.2 4.2 450.0 5.2 2.11 1.18 1.2 0.63 2 2 2 2 2 2 2 2 4.7 4.35 -30.0 4.2 4.2 4.2 4.2 4.2 4.2 0.859 0.625 0.409 0.869 0.486 0.842 1 1 1 1 1 1
1981-03-13T19:30:00 1981 3 13 19 30 0 1.0 -2.5 501.0 18.5 9.29 0.57 1.43 2.46 2 2 2 2 2 2 2 2 4.7 4.56 -10.0 -2.5 -2.5 -2.5 -2.5 -2.5 -2.5 0.731 0.603 0.409 0.664 0.712 2.475 1 2 1 1 2 2
1981-03-13T20:30:00 1981 3 13 20 30 0 -1.5 -3.3 512.0 27.5 14.42 2.67 7.44 17.55 2 2 2 2 2 2 2 2 4.7 4.6 -12.0 -3.3 -3.3 -3.3 -3.3 -3.3 -3.3 1.022 1.176 0.46 1.094 1.785 9.071 2 2 1 2 2 2
1981-03-13T21:30:00 1981 3 13 21 30 0 -2.3 -7.0 506.0 24.6 12.6 8.72 13.48 34.74 2 2 2 2 2 2 2 2 5.3 4.73 -15.0 -7.0 -7.0 -7.0 -7.0 -7.0 -7.0 1.622 1.952 0.593 2.294 3.02 15.343 2 2 1 2 2 2
1981-03-13T22:30:00 1981 3 13 22 30 0 2.4 -4.3 489.5 15.45 7.71 8.8 13.78 27.61 2 2 1 1 1 2 2 1 5.3 4.86 -39.0 -4.3 -4.3 -4.3 -4.3 -4.3 -4.3 1.848 2.058 0.691 2.536 2.806 13.134 1 1 1 1 1 1
1981-03-13T23:30:00 1981 3 13 23 30 0 3.3 6.0 473.0 6.3 2.82 1.1 1.75 2.44 2 2 2 2 2 2 2 2 5.3 4.93 -48.0 6.0 6.0 6.0 6.0 6.0 6.0 1.304 1.106 0.676 1.47 1.004 5.855 2 1 1 1 1 2
