1981-10-24T00:30:00 1981 10 24 0 30 0 0.9 1.7 415.0 3.25 1.12 0.01 0.0 0.0 2 2 1 1 1 2 2 1 0.7 2.47 -67.0 1.7 1.7 1.7 1.7 1.7 1.7 0.14 0.056 2.151 0.082 0.016 0.03 2 2 2 2 2 2
1981-10-24T01:30:00 1981 10 24 1 30 0 2.3 2.3 415.0 3.2 1.1 0.07 0.0 0.0 2 2 2 2 2 2 2 2 0.7 2.18 -67.0 2.3 2.3 2.3 2.3 2.3 2.3 0.095 0.028 2.086 0.046 0.005 0.012 2 2 2 2 2 2
1981-10-24T02:30:00 1981 10 24 2 30 0 2.7 3.5 416.0 2.9 1.0 0.15 0.0 0.0 2 2 2 2 2 2 2 2 0.7 1.92 -66.0 3.5 3.5 3.5 3.5 3.5 3.5 0.064 0.014 2.022 0.026 0.002 0.005 2 2 2 2 2 2
1981-10-24T03:30:00 1981 10 24 3 30 0 2.2 3.8 434.0 2.4 0.9 0.11 0.0 0.0 2 2 2 2 2 2 2 2 0.3 1.62 -64.0 3.8 3.8 3.8 3.8 3.8 3.8 0.044 0.007 1.96 0.014 0.001 0.002 2 2 2 2 2 2
1981-10-24T04:30:00 1981 10 24 4 30 0 5.0 3.6 444.0 2.7 1.06 0.42 0.0 0.0 2 2 2 2 2 2 2 2 0.3 1.32 -63.0 3.6 3.6 3.6 3.6 3.6 3.6 0.029 0.003 1.9 0.008 0.0 0.001 2 2 2 2 2 2
1981-10-24T05:30:00 1981 10 24 5 30 0 5.7 1.4 431.0 2.7 1.0 1.36 0.0 0.0 2 2 2 2 2 2 2 2 0.3 1.02 -63.0 1.4 1.4 1.4 1.4 1.4 1.4 0.02 0.002 1.842 0.005 0.0 0.0 2 2 2 2 2 2
1981-10-24T06:30:00 1981 10 24 6 30 0 5.5 0.8 437.0 2.7 1.03 1.99 0.0 0.0 2 2 2 2 2 2 2 2 1.3 0.86 -61.0 0.8 0.8 0.8 0.8 0.8 0.8 0.014 0.001 1.786 0.003 0.0 0.0 2 2 2 2 2 2
1981-10-24T07:30:00 1981 10 24 7 30 0 4.4 0.3 432.0 3.0 1.12 1.76 0.0 0.0 1 1 1 1 1 1 1 1 1.3 0.71 -61.0 0.3 0.3 0.3 0.3 0.3 0.3 0.009 0.0 1.732 0.001 0.0 0.0 2 2 2 2 2 2
1981-10-24T08:30:00 1981 10 24 8 30 0 3.3 -0.2 427.0 3.3 1.2 1.24 0.1 0.03 2 2 2 2 2 2 2 2 1.3 0.78 -60.0 -0.2 -0.2 -0.2 -0.2 -0.2 -0.2 0.014 0.025 1.679 0.004 0.039 0.046 2 2 2 2 2 2
1981-10-24T09:30:00 1981 10 24 9 30 0 4.4 0.8 439.0 2.8 1.08 1.17 0.03 0.01 2 2 2 2 2 2 2 2 3.3 1.12 -59.0 0.8 0.8 0.8 0.8 0.8 0.8 0.01 0.012 1.628 0.002 0.012 0.019 2 2 2 2 2 2
1981-10-24T10:30:00 1981 10 24 10 30 0 5.7 -1.6 434.0 2.8 1.05 2.68 1.3 0.37 2 2 2 2 2 2 2 2 3.3 1.46 -52.0 -1.6 -1.6 -1.6 -1.6 -1.6 -1.6 0.067 0.129 1.582 0.052 0.207 0.161 2 2 2 2 2 2
1981-10-24T11:30:00 1981 10 24 11 30 0 -1.5 -5.9 454.0 3.8 1.57 5.21 8.77 3.01 2 2 2 2 2 2 2 2 3.3 1.84 -56.0 -5.9 -5.9 -5.9 -5.9 -5.9 -5.9 0.355 0.517 1.57 0.488 0.827 0.658 2 2 2 2 2 2
1981-10-24T12:30:00 1981 10 24 12 30 0 -2.8 -8.9 458.0 4.4 1.85 14.36 17.17 7.12 2 2 2 2 2 2 2 2 3.7 2.26 -60.0 -8.9 -8.9 -8.9 -8.9 -8.9 -8.9 0.799 0.982 1.609 1.309 1.493 1.321 2 2 2 2 2 2
1981-10-24T13:30:00 1981 10 24 13 30 0 1.1 -5.0 454.0 4.8 1.98 11.68 15.48 7.12 2 2 2 2 2 2 2 2 3.7 2.68 -62.0 -5.0 -5.0 -5.0 -5.0 -5.0 -5.0 1.021 1.133 1.631 1.535 1.526 1.579 2 2 2 2 2 2
1981-10-24T14:30:00 1981 10 24 14 30 0 2.7 -5.2 426.0 4.3 1.56 6.89 11.21 5.08 2 2 2 2 2 2 2 2 3.7 2.98 -58.0 -5.2 -5.2 -5.2 -5.2 -5.2 -5.2 1.072 1.114 1.627 1.43 1.334 1.446 2 2 2 2 2 2
1981-10-24T15:30:00 1981 10 24 15 30 0 3.1 -6.7 440.0 4.3 1.66 9.64 13.04 5.61 2 2 2 2 2 2 2 2 5.0 3.44 -67.0 -6.7 -6.7 -6.7 -6.7 -6.7 -6.7 1.165 1.17 1.635 1.519 1.391 1.441 2 2 2 2 2 2
1981-10-24T16:30:00 1981 10 24 16 30 0 6.3 -4.3 423.0 4.1 1.47 9.92 11.65 4.89 2 2 2 2 2 2 2 2 5.0 3.89 -60.0 -4.3 -4.3 -4.3 -4.3 -4.3 -4.3 1.154 1.109 1.63 1.392 1.233 1.289 2 2 2 2 2 2
1981-10-24T17:30:00 1981 10 24 17 30 0 6.3 -4.6 416.0 4.0 1.38 9.17 9.35 3.78 2 2 2 2 2 2 2 2 5.0 4.11 -62.0 -4.6 -4.6 -4.6 -4.6 -4.6 -4.6 1.097 1.029 1.614 1.218 1.093 1.125 2 2 2 2 2 2
1981-10-24T18:30:00 1981 10 24 18 30 0 6.3 -3.67 415.2 3.98 1.38 8.4 8.51 3.4 1 1 1 1 1 1 1 1 3.3 4.1 -64.0 -4.02 -3.94 -4.18 -4.17 -3.95 -3.88 1.038 0.962 1.596 1.092 0.999 1.011 2 2 2 2 1 1
1981-10-24T19:30:00 1981 10 24 19 30 0 6.5 -0.23 414.3 3.86 1.34 5.12 3.75 1.47 1 1 1 1 1 1 1 1 3.3 4.09 -71.0 -1.88 -1.51 -2.61 -2.56 -1.55 -1.23 0.895 0.774 1.568 0.876 0.735 0.778 2 1 2 1 1 1
1981-10-24T20:30:00 1981 10 24 20 30 0 6.95 0.42 413.5 3.75 1.28 3.47 0.07 0.03 1 0 1 1 1 1 1 1 3.3 4.03 -74.0 -1.47 -1.05 -2.31 -2.26 -1.09 -0.73 0.731 0.575 1.535 0.674 0.506 0.546 1 1 2 1 1 1
1981-10-24T21:30:00 1981 10 24 21 30 0 7.4 0.03 412.7 3.64 1.22 3.84 0.0 0.0 1 1 1 1 1 1 1 1 4.0 4.06 -75.0 -1.61 -1.24 -2.34 -2.29 -1.28 -0.96 0.615 0.472 1.501 0.55 0.43 0.441 1 1 2 1 1 1
1981-10-24T22:30:00 1981 10 24 22 30 0 7.6 -1.97 411.8 3.52 1.18 5.39 2.17 0.77 1 1 1 1 1 1 1 1 4.0 4.1 -61.0 -2.31 -2.24 -2.47 -2.46 -2.24 -2.18 0.567 0.488 1.469 0.49 0.503 0.48 1 1 2 1 1 1
1981-10-24T23:30:00 1981 10 24 23 30 0 7.6 -2.5 411.0 3.5 1.18 6.95 4.64 1.63 2 2 2 2 2 2 2 2 4.0 3.98 -63.0 -2.5 -2.5 -2.5 -2.5 -2.5 -2.5 0.557 0.537 1.439 0.463 0.581 0.538 1 2 2 1 2 2
