1981-08-21T00:30:00 1981 8 21 0 30 0 -2.9 -1.5 361.0 7.3 1.9 0.39 0.69 0.5 2 2 2 2 2 2 2 2 2.3 2.44 -16.0 -1.5 -1.5 -1.5 -1.5 -1.5 -1.5 0.184 0.246 0.229 0.097 0.211 0.351 2 2 2 2 2 2
1981-08-21T01:30:00 1981 8 21 1 30 0 -1.6 -0.6 319.0 10.2 2.08 0.73 1.73 1.49 2 2 2 2 2 2 2 2 2.3 2.44 -14.0 -0.6 -0.6 -0.6 -0.6 -0.6 -0.6 0.214 0.346 0.226 0.113 0.283 0.556 2 2 2 2 2 2
1981-08-21T02:30:00 1981 8 21 2 30 0 -2.0 -5.0 335.0 7.4 1.66 2.33 4.92 4.1 2 2 2 2 2 2 2 2 2.3 2.36 -7.0 -5.0 -5.0 -5.0 -5.0 -5.0 -5.0 0.417 0.707 0.237 0.392 0.647 0.96 2 2 2 2 2 2
1981-08-21T03:30:00 1981 8 21 3 30 0 3.1 0.9 340.8 7.38 1.71 1.37 3.22 2.38 2 2 1 1 1 2 2 1 1.7 2.19 -6.0 0.9 0.9 0.9 0.9 0.9 0.9 0.396 0.571 0.237 0.326 0.407 0.697 2 2 2 2 2 2
1981-08-21T04:30:00 1981 8 21 4 30 0 4.3 -0.65 346.5 7.35 1.76 0.99 0.28 0.21 1 1 1 1 1 1 1 1 1.7 2.04 -7.0 -0.65 -0.65 -0.65 -0.65 -0.65 -0.65 0.294 0.361 0.231 0.197 0.218 0.436 2 1 2 2 1 1
1981-08-21T05:30:00 1981 8 21 5 30 0 5.5 -2.2 352.2 7.33 1.82 2.72 2.61 1.91 2 2 1 1 1 2 2 1 1.7 2.0 -16.0 -2.2 -2.2 -2.2 -2.2 -2.2 -2.2 0.344 0.495 0.231 0.24 0.421 0.68 1 1 2 1 1 1
1981-08-21T06:30:00 1981 8 21 6 30 0 1.5 -5.5 358.0 7.3 1.87 4.65 7.09 5.19 2 2 2 2 2 2 2 2 3.7 2.22 -22.0 -5.5 -5.5 -5.5 -5.5 -5.5 -5.5 0.572 0.849 0.252 0.587 0.83 1.141 2 2 2 2 2 2
1981-08-21T07:30:00 1981 8 21 7 30 0 1.3 -0.9 359.0 7.7 1.98 2.43 5.39 4.03 2 2 2 2 2 2 2 2 3.7 2.44 -23.0 -0.9 -0.9 -0.9 -0.9 -0.9 -0.9 0.596 0.812 0.26 0.551 0.684 1.091 2 2 2 2 2 2
1981-08-21T08:30:00 1981 8 21 8 30 0 3.7 0.9 356.0 7.6 1.93 0.5 0.34 0.26 2 2 2 2 2 2 2 2 3.7 2.62 -28.0 0.9 0.9 0.9 0.9 0.9 0.9 0.414 0.429 0.252 0.313 0.239 0.501 2 2 2 2 2 2
1981-08-21T09:30:00 1981 8 21 9 30 0 2.9 -0.1 351.0 6.7 1.65 0.66 0.02 0.01 2 2 2 2 2 2 2 2 2.3 2.62 -24.0 -0.1 -0.1 -0.1 -0.1 -0.1 -0.1 0.284 0.227 0.244 0.176 0.093 0.241 2 2 2 2 2 2
1981-08-21T10:30:00 1981 8 21 10 30 0 4.3 -0.8 357.0 6.2 1.58 1.2 0.85 0.54 2 2 2 2 2 2 2 2 2.3 2.61 -23.0 -0.8 -0.8 -0.8 -0.8 -0.8 -0.8 0.245 0.255 0.239 0.129 0.189 0.339 2 2 2 2 2 2
1981-08-21T11:30:00 1981 8 21 11 30 0 5.3 -2.5 358.0 5.7 1.46 2.9 3.08 1.81 2 2 2 2 2 2 2 2 2.3 2.68 -23.0 -2.5 -2.5 -2.5 -2.5 -2.5 -2.5 0.318 0.44 0.24 0.216 0.423 0.56 2 2 2 2 2 2
1981-08-21T12:30:00 1981 8 21 12 30 0 2.4 -7.0 363.0 5.8 1.53 6.69 8.91 5.14 2 2 2 2 2 2 2 2 3.0 2.83 -30.0 -7.0 -7.0 -7.0 -7.0 -7.0 -7.0 0.596 0.848 0.268 0.68 0.89 0.971 2 2 2 2 2 2
1981-08-21T13:30:00 1981 8 21 13 30 0 3.3 -5.5 364.0 6.1 1.62 8.45 11.25 6.7 2 2 2 2 2 2 2 2 3.0 2.99 -40.0 -5.5 -5.5 -5.5 -5.5 -5.5 -5.5 0.827 1.099 0.302 1.011 1.082 1.221 2 2 2 2 2 2
1981-08-21T14:30:00 1981 8 21 14 30 0 2.25 -6.1 367.0 6.05 1.63 7.59 10.65 6.47 1 1 1 1 1 1 1 1 3.0 2.91 -38.0 -6.1 -6.1 -6.1 -6.1 -6.1 -6.1 0.98 1.222 0.334 1.192 1.154 1.345 2 1 2 1 1 1
1981-08-21T15:30:00 1981 8 21 15 30 0 1.2 -6.7 370.0 6.0 1.64 8.52 11.84 7.13 2 2 2 2 2 2 2 2 3.7 2.92 -29.0 -6.7 -6.7 -6.7 -6.7 -6.7 -6.7 1.122 1.327 0.372 1.381 1.241 1.449 2 2 2 2 2 2
1981-08-21T16:30:00 1981 8 21 16 30 0 3.8 1.6 374.0 6.3 1.76 2.76 4.51 2.75 2 2 2 2 2 2 2 2 3.7 2.93 -31.0 1.6 1.6 1.6 1.6 1.6 1.6 0.895 0.889 0.372 0.922 0.638 0.922 2 2 2 2 2 2
1981-08-21T17:30:00 1981 8 21 17 30 0 3.4 -5.2 367.0 6.1 1.64 2.9 4.07 2.5 2 2 2 2 2 2 2 2 3.7 3.1 -30.0 -5.2 -5.2 -5.2 -5.2 -5.2 -5.2 0.824 0.847 0.378 0.798 0.715 0.949 2 2 2 2 2 2
1981-08-21T18:30:00 1981 8 21 18 30 0 3.2 -7.1 388.0 6.2 1.87 9.19 11.8 7.27 2 2 2 2 2 2 2 2 3.7 3.28 -32.0 -7.1 -7.1 -7.1 -7.1 -7.1 -7.1 1.03 1.151 0.418 1.196 1.165 1.392 2 2 2 2 2 2
1981-08-21T19:30:00 1981 8 21 19 30 0 3.05 -5.9 382.0 6.4 1.87 9.72 12.41 7.83 1 1 1 1 1 1 1 1 3.7 3.45 -46.0 -5.9 -5.9 -5.9 -5.9 -5.9 -5.9 1.169 1.297 0.457 1.405 1.292 1.603 2 1 2 1 1 1
1981-08-21T20:30:00 1981 8 21 20 30 0 2.9 -4.7 376.0 6.6 1.87 6.79 9.95 6.47 2 2 2 2 2 2 2 2 3.7 3.53 -53.0 -4.7 -4.7 -4.7 -4.7 -4.7 -4.7 1.183 1.281 0.482 1.343 1.196 1.583 2 2 2 2 2 2
1981-08-21T21:30:00 1981 8 21 21 30 0 3.5 -3.2 375.0 6.8 1.91 4.46 7.3 4.89 2 2 2 2 2 2 2 2 2.3 3.43 -44.0 -3.2 -3.2 -3.2 -3.2 -3.2 -3.2 1.1 1.155 0.493 1.121 1.007 1.446 2 2 2 2 2 2
1981-08-21T22:30:00 1981 8 21 22 30 0 2.6 3.0 379.0 6.6 1.9 1.0 1.31 0.88 2 2 2 2 2 2 2 2 2.3 3.34 -33.0 3.0 3.0 3.0 3.0 3.0 3.0 0.779 0.641 0.48 0.655 0.386 0.716 2 2 2 2 2 2
1981-08-21T23:30:00 1981 8 21 23 30 0 4.4 1.7 379.0 6.6 1.9 0.46 0.0 0.0 2 2 2 2 2 2 2 2 2.3 3.16 -27.0 1.7 1.7 1.7 1.7 1.7 1.7 0.528 0.318 0.465 0.366 0.122 0.297 2 2 2 2 2 2
