1981-12-15T00:30:00 1981 12 15 0 30 0 -1.3 3.5 373.0 5.2 1.45 0.36 0.0 0.0 2 2 2 2 2 2 2 2 1.3 1.56 -17.0 3.5 3.5 3.5 3.5 3.5 3.5 0.203 0.205 0.445 0.107 0.103 0.207 2 2 2 2 2 2
1981-12-15T01:30:00 1981 12 15 1 30 0 -2.3 3.3 379.0 5.1 1.47 0.05 0.0 0.0 2 2 2 2 2 2 2 2 1.3 1.55 -14.0 3.3 3.3 3.3 3.3 3.3 3.3 0.137 0.102 0.432 0.06 0.032 0.086 2 2 2 2 2 2
1981-12-15T02:30:00 1981 12 15 2 30 0 -1.6 2.5 363.0 5.2 1.37 0.06 0.0 0.0 2 2 2 2 2 2 2 2 1.3 1.47 -10.0 2.5 2.5 2.5 2.5 2.5 2.5 0.093 0.05 0.419 0.034 0.01 0.036 2 2 2 2 2 2
1981-12-15T03:30:00 1981 12 15 3 30 0 -2.5 -1.3 376.0 5.5 1.56 0.38 0.52 0.28 2 2 2 2 2 2 2 2 1.0 1.34 -11.0 -1.3 -1.3 -1.3 -1.3 -1.3 -1.3 0.104 0.126 0.407 0.05 0.139 0.18 2 2 2 2 2 2
1981-12-15T04:30:00 1981 12 15 4 30 0 -1.5 0.5 366.0 5.7 1.53 0.44 0.78 0.43 2 2 2 2 2 2 2 2 1.0 1.22 -12.0 0.5 0.5 0.5 0.5 0.5 0.5 0.096 0.12 0.396 0.043 0.102 0.164 2 2 2 2 2 2
1981-12-15T05:30:00 1981 12 15 5 30 0 4.6 -0.6 372.0 5.5 1.52 0.56 0.35 0.19 2 2 2 2 2 2 2 2 1.0 1.18 -11.0 -0.6 -0.6 -0.6 -0.6 -0.6 -0.6 0.091 0.135 0.385 0.038 0.128 0.203 2 2 2 2 2 2
1981-12-15T06:30:00 1981 12 15 6 30 0 1.4 0.2 358.0 5.5 1.41 0.76 0.37 0.2 2 2 2 2 2 2 2 2 0.7 1.11 -14.0 0.2 0.2 0.2 0.2 0.2 0.2 0.075 0.102 0.373 0.027 0.075 0.142 2 2 2 2 2 2
1981-12-15T07:30:00 1981 12 15 7 30 0 -2.8 0.5 353.0 5.3 1.32 0.12 0.0 0.0 2 2 2 2 2 2 2 2 0.7 1.03 -13.0 0.5 0.5 0.5 0.5 0.5 0.5 0.051 0.051 0.362 0.015 0.024 0.059 2 2 2 2 2 2
1981-12-15T08:30:00 1981 12 15 8 30 0 -5.6 -0.7 354.0 5.1 1.28 1.46 0.41 0.21 2 2 2 2 2 2 2 2 0.7 0.96 -11.0 -0.7 -0.7 -0.7 -0.7 -0.7 -0.7 0.064 0.109 0.352 0.025 0.107 0.148 2 2 2 2 2 2
1981-12-15T09:30:00 1981 12 15 9 30 0 -5.9 0.7 358.0 4.9 1.26 2.26 0.26 0.13 2 2 2 2 2 2 2 2 0.3 0.83 -15.0 0.7 0.7 0.7 0.7 0.7 0.7 0.05 0.072 0.341 0.017 0.05 0.085 2 2 2 2 2 2
1981-12-15T10:30:00 1981 12 15 10 30 0 -5.2 2.7 348.0 4.7 1.14 1.35 0.0 0.0 2 2 2 2 2 2 2 2 0.3 0.7 -21.0 2.7 2.7 2.7 2.7 2.7 2.7 0.034 0.036 0.331 0.009 0.016 0.035 2 2 2 2 2 2
1981-12-15T11:30:00 1981 12 15 11 30 0 -5.4 2.8 338.0 4.4 1.01 0.93 0.0 0.0 2 2 2 2 2 2 2 2 0.3 0.62 -21.0 2.8 2.8 2.8 2.8 2.8 2.8 0.023 0.018 0.321 0.005 0.005 0.015 2 2 2 2 2 2
1981-12-15T12:30:00 1981 12 15 12 30 0 -4.2 2.4 339.0 4.4 1.01 0.73 0.0 0.0 2 2 2 2 2 2 2 2 0.3 0.53 -19.0 2.4 2.4 2.4 2.4 2.4 2.4 0.016 0.009 0.311 0.003 0.002 0.006 2 2 2 2 2 2
1981-12-15T13:30:00 1981 12 15 13 30 0 -4.6 2.3 335.0 4.7 1.05 0.64 0.0 0.0 2 2 2 2 2 2 2 2 0.3 0.44 -18.0 2.3 2.3 2.3 2.3 2.3 2.3 0.011 0.004 0.302 0.002 0.0 0.003 2 2 2 2 2 2
1981-12-15T14:30:00 1981 12 15 14 30 0 -3.1 2.7 342.0 4.7 1.1 0.43 0.0 0.0 2 2 2 2 2 2 2 2 0.3 0.4 -15.0 2.7 2.7 2.7 2.7 2.7 2.7 0.007 0.002 0.292 0.001 0.0 0.001 2 2 2 2 2 2
1981-12-15T15:30:00 1981 12 15 15 30 0 -2.9 2.1 335.0 5.0 1.12 0.23 0.0 0.0 2 2 2 2 2 2 2 2 0.3 0.35 -12.0 2.1 2.1 2.1 2.1 2.1 2.1 0.005 0.001 0.283 0.001 0.0 0.0 2 2 2 2 2 2
1981-12-15T16:30:00 1981 12 15 16 30 0 -3.9 1.9 337.0 5.0 1.14 0.38 0.0 0.0 2 2 2 2 2 2 2 2 0.3 0.3 -11.0 1.9 1.9 1.9 1.9 1.9 1.9 0.003 0.001 0.275 0.0 0.0 0.0 2 2 2 2 2 2
1981-12-15T17:30:00 1981 12 15 17 30 0 -0.9 4.0 336.0 5.1 1.15 0.14 0.0 0.0 2 2 2 2 2 2 2 2 0.3 0.3 -11.0 4.0 4.0 4.0 4.0 4.0 4.0 0.002 0.0 0.266 0.0 0.0 0.0 2 2 2 2 2 2
1981-12-15T18:30:00 1981 12 15 18 30 0 -1.4 4.6 351.0 4.8 1.18 0.01 0.0 0.0 2 2 2 2 2 2 2 2 3.0 0.65 -10.0 4.6 4.6 4.6 4.6 4.6 4.6 0.002 0.0 0.258 0.0 0.0 0.0 2 2 2 2 2 2
1981-12-15T19:30:00 1981 12 15 19 30 0 -5.8 -4.6 373.0 5.0 1.39 2.34 2.48 1.23 2 2 2 2 2 2 2 2 3.0 1.0 -7.0 -4.6 -4.6 -4.6 -4.6 -4.6 -4.6 0.138 0.255 0.261 0.177 0.344 0.309 2 2 2 2 2 2
1981-12-15T20:30:00 1981 12 15 20 30 0 -8.6 -3.8 391.0 5.9 1.8 9.1 7.97 4.36 2 2 2 2 2 2 2 2 3.0 1.35 -13.0 -3.8 -3.8 -3.8 -3.8 -3.8 -3.8 0.4 0.638 0.28 0.497 0.765 0.832 2 2 2 2 2 2
1981-12-15T21:30:00 1981 12 15 21 30 0 -11.4 0.2 375.0 5.0 1.41 8.92 3.18 1.78 2 2 2 2 2 2 2 2 3.3 1.73 -19.0 0.2 0.2 0.2 0.2 0.2 0.2 0.373 0.503 0.279 0.371 0.452 0.613 2 2 2 2 2 2
1981-12-15T22:30:00 1981 12 15 22 30 0 -9.2 4.4 368.0 5.2 1.41 4.96 0.0 0.0 2 2 2 2 2 2 2 2 3.3 2.1 -13.0 4.4 4.4 4.4 4.4 4.4 4.4 0.252 0.25 0.271 0.208 0.143 0.254 2 2 2 2 2 2
1981-12-15T23:30:00 1981 12 15 23 30 0 -5.7 9.1 392.0 6.1 1.87 1.31 0.0 0.0 2 2 2 2 2 2 2 2 3.3 2.47 -8.0 9.1 9.1 9.1 9.1 9.1 9.1 0.171 0.124 0.262 0.116 0.045 0.105 2 2 2 2 2 2
