1981-11-25T00:30:00 1981 11 25 0 30 0 -2.8 -1.1 328.0 10.7 2.3 1.21 2.33 2.4 2 2 2 2 2 2 2 2 4.7 2.09 -33.0 -1.1 -1.1 -1.1 -1.1 -1.1 -1.1 0.593 0.742 0.663 0.376 0.487 1.046 2 2 2 2 2 2
1981-11-25T01:30:00 1981 11 25 1 30 0 -4.1 -1.9 329.0 13.0 2.81 1.63 2.52 3.03 2 2 2 2 2 2 2 2 4.7 2.48 -26.0 -1.9 -1.9 -1.9 -1.9 -1.9 -1.9 0.566 0.757 0.65 0.352 0.536 1.257 2 2 2 2 2 2
1981-11-25T02:30:00 1981 11 25 2 30 0 -3.8 -0.3 321.0 9.7 1.84 1.55 1.68 1.96 2 2 2 2 2 2 2 2 4.7 2.86 -3.0 -0.3 -0.3 -0.3 -0.3 -0.3 -0.3 0.472 0.599 0.634 0.256 0.369 0.968 2 2 2 2 2 2
1981-11-25T03:30:00 1981 11 25 3 30 0 2.8 6.4 342.2 22.02 6.24 0.11 0.0 0.0 2 2 1 1 1 2 2 1 4.3 3.19 22.0 6.4 6.4 6.4 6.4 6.4 6.4 0.32 0.298 0.615 0.143 0.117 0.402 2 2 2 2 2 2
1981-11-25T04:30:00 1981 11 25 4 30 0 0.07 8.79 363.5 34.35 10.65 0.02 0.0 0.0 1 1 1 1 1 1 1 1 4.3 3.51 10.0 8.79 8.79 8.79 8.79 8.79 8.79 0.216 0.148 0.596 0.08 0.037 0.167 2 2 2 2 2 2
1981-11-25T05:30:00 1981 11 25 5 30 0 -2.67 19.21 384.8 46.67 15.05 0.01 0.0 0.0 1 1 1 1 1 1 1 1 4.3 3.83 10.0 19.21 19.21 19.21 19.21 19.21 19.21 0.147 0.073 0.578 0.045 0.012 0.069 2 2 2 2 2 2
1981-11-25T06:30:00 1981 11 25 6 30 0 -5.4 21.6 406.0 59.0 19.45 0.08 0.0 0.0 2 2 2 2 2 2 2 2 3.7 4.06 10.0 21.6 21.6 21.6 21.6 21.6 21.6 0.099 0.036 0.56 0.025 0.004 0.029 2 2 2 2 2 2
1981-11-25T07:30:00 1981 11 25 7 30 0 11.0 16.0 426.0 52.1 18.91 0.37 0.0 0.0 2 2 2 2 2 2 2 2 3.7 4.29 7.0 16.0 16.0 16.0 16.0 16.0 16.0 0.067 0.018 0.543 0.014 0.001 0.012 2 2 2 2 2 2
1981-11-25T08:30:00 1981 11 25 8 30 0 3.1 23.9 421.0 25.9 9.18 0.48 0.0 0.0 2 2 2 2 2 2 2 2 3.7 4.16 1.0 23.9 23.9 23.9 23.9 23.9 23.9 0.045 0.009 0.526 0.008 0.0 0.005 2 2 2 2 2 2
1981-11-25T09:30:00 1981 11 25 9 30 0 12.7 20.7 434.0 25.6 9.64 0.73 0.0 0.0 2 2 2 2 2 2 2 2 5.0 4.21 1.0 20.7 20.7 20.7 20.7 20.7 20.7 0.031 0.004 0.51 0.004 0.0 0.002 2 2 2 2 2 2
1981-11-25T10:30:00 1981 11 25 10 30 0 14.7 23.3 453.0 20.2 8.29 2.38 0.0 0.0 2 2 2 2 2 2 2 2 5.0 4.26 3.0 23.3 23.3 23.3 23.3 23.3 23.3 0.021 0.002 0.495 0.002 0.0 0.001 2 2 2 2 2 2
1981-11-25T11:30:00 1981 11 25 11 30 0 -20.4 11.0 487.0 26.8 12.71 2.9 0.0 0.0 2 2 2 2 2 2 2 2 5.0 4.35 17.0 11.0 11.0 11.0 11.0 11.0 11.0 0.014 0.001 0.48 0.001 0.0 0.0 2 2 2 2 2 2
1981-11-25T12:30:00 1981 11 25 12 30 0 -17.5 12.6 524.0 33.9 18.62 11.41 0.0 0.0 2 2 2 2 2 2 2 2 4.7 4.4 27.0 12.6 12.6 12.6 12.6 12.6 12.6 0.01 0.001 0.465 0.001 0.0 0.0 2 2 2 2 2 2
1981-11-25T13:30:00 1981 11 25 13 30 0 -16.0 14.2 518.0 32.7 17.55 7.84 0.0 0.0 2 2 2 2 2 2 2 2 4.7 4.45 20.0 14.2 14.2 14.2 14.2 14.2 14.2 0.006 0.0 0.451 0.0 0.0 0.0 2 2 2 2 2 2
1981-11-25T14:30:00 1981 11 25 14 30 0 -18.1 12.7 475.0 24.5 11.06 7.99 0.0 0.0 2 2 2 2 2 2 2 2 4.7 4.57 10.0 12.7 12.7 12.7 12.7 12.7 12.7 0.004 0.0 0.437 0.0 0.0 0.0 2 2 2 2 2 2
1981-11-25T15:30:00 1981 11 25 15 30 0 -11.8 14.7 451.0 28.2 11.47 5.11 0.0 0.0 2 2 2 2 2 2 2 2 3.3 4.51 7.0 14.7 14.7 14.7 14.7 14.7 14.7 0.003 0.0 0.424 0.0 0.0 0.0 2 2 2 2 2 2
1981-11-25T16:30:00 1981 11 25 16 30 0 0.4 2.1 462.0 9.4 4.01 0.71 0.0 0.0 2 2 2 2 2 2 2 2 3.3 4.44 -8.0 2.1 2.1 2.1 2.1 2.1 2.1 0.002 0.0 0.411 0.0 0.0 0.0 2 2 2 2 2 2
1981-11-25T17:30:00 1981 11 25 17 30 0 -2.8 2.4 519.0 6.3 3.39 0.08 0.0 0.0 2 2 2 2 2 2 2 2 3.3 4.23 -14.0 2.4 2.4 2.4 2.4 2.4 2.4 0.001 0.0 0.398 0.0 0.0 0.0 2 2 2 2 2 2
1981-11-25T18:30:00 1981 11 25 18 30 0 1.8 2.7 473.0 5.4 2.42 0.04 0.0 0.0 2 2 2 2 2 2 2 2 2.3 3.89 -14.0 2.7 2.7 2.7 2.7 2.7 2.7 0.001 0.0 0.386 0.0 0.0 0.0 2 2 2 2 2 2
1981-11-25T19:30:00 1981 11 25 19 30 0 0.4 3.5 464.0 3.9 1.68 0.02 0.0 0.0 2 2 2 2 2 2 2 2 2.3 3.55 -13.0 3.5 3.5 3.5 3.5 3.5 3.5 0.001 0.0 0.374 0.0 0.0 0.0 2 2 2 2 2 2
1981-11-25T20:30:00 1981 11 25 20 30 0 -5.5 0.2 484.0 3.6 1.69 0.75 0.0 0.0 2 2 2 2 2 2 2 2 2.3 3.25 -11.0 0.2 0.2 0.2 0.2 0.2 0.2 0.0 0.0 0.363 0.0 0.0 0.0 2 2 2 2 2 2
1981-11-25T21:30:00 1981 11 25 21 30 0 -2.7 1.1 500.0 3.6 1.8 1.3 0.0 0.0 2 2 2 2 2 2 2 2 2.7 3.01 -14.0 1.1 1.1 1.1 1.1 1.1 1.1 0.0 0.0 0.352 0.0 0.0 0.0 2 2 2 2 2 2
1981-11-25T22:30:00 1981 11 25 22 30 0 -4.4 -0.7 488.0 3.5 1.88 1.33 0.41 0.14 2 2 2 2 2 2 2 2 2.7 2.77 -15.0 -0.7 -0.7 -0.7 -0.7 -0.7 -0.7 0.027 0.06 0.342 0.017 0.118 0.132 2 2 2 2 2 2
1981-11-25T23:30:00 1981 11 25 23 30 0 -4.2 -4.7 453.0 3.1 1.27 4.96 6.67 2.16 2 2 2 2 2 2 2 2 2.7 2.69 -18.0 -4.7 -4.7 -4.7 -4.7 -4.7 -4.7 0.256 0.39 0.357 0.326 0.664 0.535 2 2 2 2 2 2
