1981-10-05T00:30:00 1981 10 5 0 30 0 2.4 2.3 439.0 2.0 0.77 0.13 0.01 0.0 2 2 2 2 2 2 2 2 2.0 2.71 -36.0 2.3 2.3 2.3 2.3 2.3 2.3 0.086 0.072 0.268 0.033 0.057 0.05 2 2 2 2 2 2
1981-10-05T01:30:00 1981 10 5 1 30 0 0.2 2.7 476.0 2.1 0.95 0.04 0.0 0.0 2 2 2 2 2 2 2 2 2.0 2.62 -34.0 2.7 2.7 2.7 2.7 2.7 2.7 0.058 0.036 0.26 0.019 0.018 0.021 2 2 2 2 2 2
1981-10-05T02:30:00 1981 10 5 2 30 0 -1.5 0.3 437.0 2.3 0.88 0.03 0.0 0.0 2 2 2 2 2 2 2 2 2.0 2.41 -32.0 0.3 0.3 0.3 0.3 0.3 0.3 0.039 0.018 0.252 0.01 0.006 0.009 2 2 2 2 2 2
1981-10-05T03:30:00 1981 10 5 3 30 0 -1.0 2.8 431.0 1.9 0.71 0.05 0.0 0.0 2 2 2 2 2 2 2 2 1.3 2.11 -31.0 2.8 2.8 2.8 2.8 2.8 2.8 0.027 0.009 0.244 0.006 0.002 0.004 2 2 2 2 2 2
1981-10-05T04:30:00 1981 10 5 4 30 0 -0.4 1.0 431.0 2.7 1.0 0.01 0.0 0.0 2 2 2 2 2 2 2 2 1.3 1.82 -30.0 1.0 1.0 1.0 1.0 1.0 1.0 0.018 0.004 0.237 0.003 0.001 0.001 2 2 2 2 2 2
1981-10-05T05:30:00 1981 10 5 5 30 0 -1.0 1.7 421.0 2.3 0.82 0.01 0.0 0.0 2 2 2 2 2 2 2 2 1.3 1.73 -28.0 1.7 1.7 1.7 1.7 1.7 1.7 0.012 0.002 0.229 0.002 0.0 0.001 2 2 2 2 2 2
1981-10-05T06:30:00 1981 10 5 6 30 0 -1.6 -2.0 418.0 2.3 0.78 0.41 1.31 0.3 2 2 2 2 2 2 2 2 2.3 1.77 -33.0 -2.0 -2.0 -2.0 -2.0 -2.0 -2.0 0.066 0.116 0.226 0.054 0.185 0.11 2 2 2 2 2 2
1981-10-05T07:30:00 1981 10 5 7 30 0 -1.7 -1.2 403.0 2.0 0.62 0.99 3.22 0.69 2 2 2 2 2 2 2 2 2.3 1.81 -34.0 -1.2 -1.2 -1.2 -1.2 -1.2 -1.2 0.136 0.223 0.225 0.107 0.292 0.176 2 2 2 2 2 2
1981-10-05T08:30:00 1981 10 5 8 30 0 -1.7 -0.8 412.0 2.7 0.92 0.61 2.0 0.47 2 2 2 2 2 2 2 2 2.3 1.86 -32.0 -0.8 -0.8 -0.8 -0.8 -0.8 -0.8 0.157 0.242 0.221 0.105 0.277 0.202 2 2 2 2 2 2
1981-10-05T09:30:00 1981 10 5 9 30 0 -4.2 0.3 419.0 2.7 0.95 0.91 0.53 0.14 2 2 1 1 1 2 2 1 3.3 2.03 -35.0 0.3 0.3 0.3 0.3 0.3 0.3 0.12 0.151 0.215 0.065 0.125 0.119 2 2 2 2 2 2
1981-10-05T10:30:00 1981 10 5 10 30 0 -3.7 -0.1 426.0 2.7 0.98 1.27 0.04 0.01 2 2 2 2 2 2 2 2 3.3 2.2 -31.0 -0.1 -0.1 -0.1 -0.1 -0.1 -0.1 0.084 0.085 0.209 0.038 0.056 0.066 2 2 2 2 2 2
1981-10-05T11:30:00 1981 10 5 11 30 0 -2.4 -1.1 418.0 2.7 0.94 1.09 1.35 0.36 2 2 2 2 2 2 2 2 3.3 2.45 -30.0 -1.1 -1.1 -1.1 -1.1 -1.1 -1.1 0.114 0.163 0.205 0.06 0.199 0.166 2 2 2 2 2 2
1981-10-05T12:30:00 1981 10 5 12 30 0 -1.5 0.0 401.0 4.0 1.2 0.51 1.04 0.33 2 2 2 2 2 2 2 2 1.7 2.49 -27.0 0.0 0.0 0.0 0.0 0.0 0.0 0.109 0.149 0.2 0.051 0.148 0.159 2 2 2 2 2 2
1981-10-05T13:30:00 1981 10 5 13 30 0 -1.2 0.0 391.0 3.0 0.82 0.15 0.0 0.0 2 2 2 2 2 2 2 2 1.7 2.52 -27.0 0.0 0.0 0.0 0.0 0.0 0.0 0.074 0.074 0.194 0.029 0.047 0.066 2 2 2 2 2 2
1981-10-05T14:30:00 1981 10 5 14 30 0 0.7 -2.4 401.0 2.8 0.9 0.56 2.59 0.74 2 2 2 2 2 2 2 2 1.7 2.44 -25.0 -2.4 -2.4 -2.4 -2.4 -2.4 -2.4 0.155 0.237 0.195 0.114 0.299 0.221 2 2 2 2 2 2
1981-10-05T15:30:00 1981 10 5 15 30 0 1.3 -1.2 399.0 2.8 0.89 0.91 3.5 0.98 2 2 2 2 2 2 2 2 0.7 2.23 -24.0 -1.2 -1.2 -1.2 -1.2 -1.2 -1.2 0.213 0.316 0.196 0.158 0.362 0.28 2 2 2 2 2 2
1981-10-05T16:30:00 1981 10 5 16 30 0 0.2 0.3 396.0 2.6 0.82 0.16 0.86 0.24 2 2 2 2 2 2 2 2 0.7 2.02 -23.0 0.3 0.3 0.3 0.3 0.3 0.3 0.167 0.207 0.191 0.101 0.173 0.168 2 2 2 2 2 2
1981-10-05T17:30:00 1981 10 5 17 30 0 -2.9 1.8 381.0 2.5 0.65 0.1 0.0 0.0 2 2 2 2 2 2 2 2 0.7 1.7 -24.0 1.8 1.8 1.8 1.8 1.8 1.8 0.113 0.103 0.185 0.056 0.055 0.07 2 2 2 2 2 2
1981-10-05T18:30:00 1981 10 5 18 30 0 -2.7 2.0 364.0 2.4 0.56 0.25 0.0 0.0 2 2 2 2 2 2 2 2 0.3 1.32 -26.0 2.0 2.0 2.0 2.0 2.0 2.0 0.077 0.051 0.179 0.032 0.017 0.029 2 2 2 2 2 2
1981-10-05T19:30:00 1981 10 5 19 30 0 -2.0 1.2 389.0 3.3 0.88 0.18 0.0 0.0 2 2 2 2 2 2 2 2 0.3 0.96 -25.0 1.2 1.2 1.2 1.2 1.2 1.2 0.052 0.025 0.174 0.018 0.005 0.012 2 2 2 2 2 2
1981-10-05T20:30:00 1981 10 5 20 30 0 -2.0 1.5 386.0 3.6 0.97 0.14 0.0 0.0 2 2 2 2 2 2 2 2 0.3 0.78 -21.0 1.5 1.5 1.5 1.5 1.5 1.5 0.035 0.013 0.169 0.01 0.002 0.005 2 2 2 2 2 2
1981-10-05T21:30:00 1981 10 5 21 30 0 -2.1 2.2 377.0 3.8 0.96 0.11 0.0 0.0 2 2 2 2 2 2 2 2 1.3 0.74 -19.0 2.2 2.2 2.2 2.2 2.2 2.2 0.024 0.006 0.164 0.006 0.001 0.002 2 2 2 2 2 2
1981-10-05T22:30:00 1981 10 5 22 30 0 -1.9 -0.4 373.0 4.2 1.05 0.21 0.09 0.04 2 2 2 2 2 2 2 2 1.3 0.71 -17.0 -0.4 -0.4 -0.4 -0.4 -0.4 -0.4 0.026 0.033 0.159 0.008 0.041 0.045 2 2 2 2 2 2
1981-10-05T23:30:00 1981 10 5 23 30 0 -1.9 -0.5 369.0 4.6 1.13 0.41 0.84 0.37 2 2 2 2 2 2 2 2 1.3 0.78 -15.0 -0.5 -0.5 -0.5 -0.5 -0.5 -0.5 0.059 0.124 0.155 0.026 0.14 0.171 2 2 2 2 2 2
