1981-02-27T00:30:00 1981 2 27 0 30 0 -6.3 -2.9 418.0 5.2 1.82 4.48 6.03 3.22 2 2 2 2 2 2 2 2 3.3 4.76 -67.0 -2.9 -2.9 -2.9 -2.9 -2.9 -2.9 0.681 0.763 0.72 0.6 0.813 1.118 2 2 2 2 2 2
1981-02-27T01:30:00 1981 2 27 1 30 0 -5.5 -1.9 416.0 5.8 2.01 5.14 4.92 2.71 2 2 2 2 2 2 2 2 3.3 4.65 -64.0 -1.9 -1.9 -1.9 -1.9 -1.9 -1.9 0.656 0.725 0.713 0.539 0.743 1.076 2 2 2 2 2 2
1981-02-27T02:30:00 1981 2 27 2 30 0 -6.5 -2.5 417.0 5.7 1.98 5.14 4.63 2.66 2 2 2 2 2 2 2 2 3.3 4.32 -62.0 -2.5 -2.5 -2.5 -2.5 -2.5 -2.5 0.645 0.719 0.707 0.515 0.747 1.093 2 2 2 2 2 2
1981-02-27T03:30:00 1981 2 27 3 30 0 -3.0 -2.1 418.0 5.7 1.99 3.82 4.77 2.72 2 2 2 2 2 2 2 2 3.3 3.99 -65.0 -2.1 -2.1 -2.1 -2.1 -2.1 -2.1 0.633 0.707 0.701 0.493 0.732 1.086 2 2 2 2 2 2
1981-02-27T04:30:00 1981 2 27 4 30 0 -5.4 0.4 421.0 5.9 2.09 2.07 1.67 0.96 2 2 2 2 2 2 2 2 3.3 3.66 -63.0 0.4 0.4 0.4 0.4 0.4 0.4 0.485 0.464 0.683 0.317 0.372 0.679 2 2 2 2 2 2
1981-02-27T05:30:00 1981 2 27 5 30 0 -5.8 -3.0 422.0 6.3 2.24 3.96 3.06 1.9 2 2 2 2 2 2 2 2 3.3 3.54 -59.0 -3.0 -3.0 -3.0 -3.0 -3.0 -3.0 0.497 0.549 0.675 0.359 0.594 0.932 2 2 2 2 2 2
1981-02-27T06:30:00 1981 2 27 6 30 0 -4.6 -4.1 420.0 6.6 2.33 6.27 7.57 4.9 2 2 2 2 2 2 2 2 4.0 3.51 -57.0 -4.1 -4.1 -4.1 -4.1 -4.1 -4.1 0.66 0.8 0.686 0.626 0.953 1.395 2 2 2 2 2 2
1981-02-27T07:30:00 1981 2 27 7 30 0 -5.3 -2.9 412.0 6.1 2.07 5.78 7.17 4.55 2 2 2 2 2 2 2 2 4.0 3.48 -57.0 -2.9 -2.9 -2.9 -2.9 -2.9 -2.9 0.732 0.871 0.692 0.702 0.962 1.438 2 2 2 2 2 2
1981-02-27T08:30:00 1981 2 27 8 30 0 -4.0 -5.2 427.0 5.4 1.97 6.74 8.72 4.96 2 2 2 2 2 2 2 2 4.0 3.57 -54.0 -5.2 -5.2 -5.2 -5.2 -5.2 -5.2 0.85 0.986 0.709 0.896 1.125 1.518 2 2 2 2 2 2
1981-02-27T09:30:00 1981 2 27 9 30 0 -4.6 -2.7 458.0 4.1 1.72 6.24 8.5 4.05 2 2 2 2 2 2 2 2 3.7 3.62 -60.0 -2.7 -2.7 -2.7 -2.7 -2.7 -2.7 0.86 0.921 0.719 0.871 1.032 1.328 2 2 2 2 2 2
1981-02-27T10:30:00 1981 2 27 10 30 0 -7.5 -0.4 467.0 4.0 1.74 4.9 3.36 1.36 2 2 2 2 2 2 2 2 3.7 3.67 -58.0 -0.4 -0.4 -0.4 -0.4 -0.4 -0.4 0.688 0.644 0.705 0.579 0.621 0.895 2 2 2 2 2 2
1981-02-27T11:30:00 1981 2 27 11 30 0 -5.1 -1.6 505.0 3.7 1.89 4.66 2.58 0.98 2 2 2 2 2 2 2 2 3.7 3.72 -52.0 -1.6 -1.6 -1.6 -1.6 -1.6 -1.6 0.576 0.517 0.692 0.422 0.566 0.776 2 2 2 2 2 2
1981-02-27T12:30:00 1981 2 27 12 30 0 -6.3 1.0 531.0 3.3 1.86 3.53 1.09 0.39 2 2 2 2 2 2 2 2 3.3 3.71 -48.0 1.0 1.0 1.0 1.0 1.0 1.0 0.417 0.305 0.673 0.254 0.258 0.428 2 2 2 2 2 2
1981-02-27T13:30:00 1981 2 27 13 30 0 -5.2 0.0 566.0 2.7 1.73 3.08 0.0 0.0 2 2 2 2 2 2 2 2 3.3 3.7 -43.0 0.0 0.0 0.0 0.0 0.0 0.0 0.283 0.152 0.652 0.142 0.082 0.177 2 2 2 2 2 2
1981-02-27T14:30:00 1981 2 27 14 30 0 -6.0 -2.4 589.0 2.4 1.67 5.19 3.78 0.94 2 2 2 2 2 2 2 2 3.3 3.62 -41.0 -2.4 -2.4 -2.4 -2.4 -2.4 -2.4 0.326 0.276 0.647 0.228 0.519 0.476 2 2 2 2 2 2
1981-02-27T15:30:00 1981 2 27 15 30 0 -6.3 1.1 589.0 2.4 1.67 5.0 2.14 0.51 2 2 2 2 2 2 2 2 3.7 3.58 -40.0 1.1 1.1 1.1 1.1 1.1 1.1 0.264 0.199 0.632 0.165 0.289 0.318 2 2 2 2 2 2
1981-02-27T16:30:00 1981 2 27 16 30 0 -5.2 -5.0 572.0 2.3 1.51 7.16 6.51 1.51 2 2 2 2 2 2 2 2 3.7 3.55 -42.0 -5.0 -5.0 -5.0 -5.0 -5.0 -5.0 0.397 0.387 0.645 0.417 0.808 0.619 2 2 2 2 2 2
1981-02-27T17:30:00 1981 2 27 17 30 0 -4.8 2.4 570.0 2.5 1.62 4.62 4.24 1.0 2 2 2 2 2 2 2 2 3.7 3.55 -43.0 2.4 2.4 2.4 2.4 2.4 2.4 0.347 0.29 0.637 0.322 0.449 0.419 2 2 2 2 2 2
1981-02-27T18:30:00 1981 2 27 18 30 0 -4.7 1.2 579.0 2.2 1.48 1.53 0.0 0.0 2 2 2 2 2 2 2 2 4.0 3.59 -39.0 1.2 1.2 1.2 1.2 1.2 1.2 0.235 0.144 0.618 0.181 0.142 0.174 2 2 2 2 2 2
1981-02-27T19:30:00 1981 2 27 19 30 0 -3.9 -5.7 573.0 2.4 1.58 6.05 7.45 1.75 2 2 2 2 2 2 2 2 4.0 3.63 -40.0 -5.7 -5.7 -5.7 -5.7 -5.7 -5.7 0.406 0.391 0.637 0.491 0.836 0.604 2 2 2 2 2 2
1981-02-27T20:30:00 1981 2 27 20 30 0 -1.3 -1.5 556.0 2.3 1.42 5.41 9.68 2.28 2 2 2 2 2 2 2 2 4.0 3.72 -45.0 -1.5 -1.5 -1.5 -1.5 -1.5 -1.5 0.497 0.478 0.652 0.57 0.888 0.702 2 2 2 2 2 2
1981-02-27T21:30:00 1981 2 27 21 30 0 -0.5 -3.4 559.0 2.3 1.44 2.34 7.05 1.62 2 2 2 2 2 2 2 2 3.0 3.68 -40.0 -3.4 -3.4 -3.4 -3.4 -3.4 -3.4 0.544 0.519 0.659 0.587 0.926 0.735 2 2 2 2 2 2
1981-02-27T22:30:00 1981 2 27 22 30 0 -5.5 -3.4 556.0 2.3 1.42 5.72 9.48 2.18 2 2 2 2 2 2 2 2 3.0 3.63 -40.0 -3.4 -3.4 -3.4 -3.4 -3.4 -3.4 0.618 0.58 0.676 0.674 1.02 0.795 2 2 2 2 2 2
1981-02-27T23:30:00 1981 2 27 23 30 0 -6.1 -2.6 558.0 2.2 1.37 7.94 8.26 1.86 2 2 2 2 2 2 2 2 3.0 3.54 -41.0 -2.6 -2.6 -2.6 -2.6 -2.6 -2.6 0.632 0.571 0.685 0.651 0.956 0.759 2 2 2 2 2 2
