1981-12-03T00:30:00 1981 12 3 0 30 0 4.3 11.4 377.0 12.1 3.44 0.36 0.0 0.0 2 2 2 2 2 2 2 2 1.0 2.16 12.0 11.4 11.4 11.4 11.4 11.4 11.4 0.012 0.001 0.125 0.002 0.0 0.0 1 1 2 1 1 1
1981-12-03T01:30:00 1981 12 3 1 30 0 2.7 8.2 379.0 14.2 4.08 0.1 0.0 0.0 2 2 2 2 2 2 2 2 1.0 2.11 14.0 8.2 8.2 8.2 8.2 8.2 8.2 0.008 0.0 0.121 0.001 0.0 0.0 1 1 2 1 1 1
1981-12-03T02:30:00 1981 12 3 2 30 0 0.7 9.8 379.0 13.6 3.91 0.02 0.0 0.0 2 2 2 2 2 2 2 2 1.0 1.94 14.0 9.8 9.8 9.8 9.8 9.8 9.8 0.005 0.0 0.118 0.001 0.0 0.0 1 1 2 1 1 1
1981-12-03T03:30:00 1981 12 3 3 30 0 3.6 4.2 380.0 13.5 3.9 0.08 0.0 0.0 2 2 2 2 2 2 2 2 1.7 1.87 13.0 4.2 4.2 4.2 4.2 4.2 4.2 0.004 0.0 0.114 0.0 0.0 0.0 1 1 2 1 1 1
1981-12-03T04:30:00 1981 12 3 4 30 0 1.8 -0.4 397.0 13.6 4.29 0.27 0.07 0.09 2 2 2 2 2 2 2 2 1.7 1.8 10.0 -0.4 -0.4 -0.4 -0.4 -0.4 -0.4 0.019 0.052 0.111 0.009 0.073 0.234 2 2 2 2 2 2
1981-12-03T05:30:00 1981 12 3 5 30 0 -2.6 2.9 393.0 12.8 3.95 0.06 0.02 0.03 2 2 2 2 2 2 2 2 1.7 1.68 10.0 2.9 2.9 2.9 2.9 2.9 2.9 0.013 0.026 0.108 0.005 0.023 0.097 2 2 2 2 2 2
1981-12-03T06:30:00 1981 12 3 6 30 0 -5.5 3.1 386.0 12.7 3.78 0.58 0.0 0.0 2 2 2 2 2 2 2 2 1.3 1.51 13.0 3.1 3.1 3.1 3.1 3.1 3.1 0.009 0.013 0.104 0.003 0.007 0.04 2 2 2 2 2 2
1981-12-03T07:30:00 1981 12 3 7 30 0 -4.5 4.3 373.0 12.0 3.34 0.72 0.0 0.0 2 2 2 2 2 2 2 2 1.3 1.34 10.0 4.3 4.3 4.3 4.3 4.3 4.3 0.006 0.006 0.101 0.002 0.002 0.017 2 2 2 2 2 2
1981-12-03T08:30:00 1981 12 3 8 30 0 -4.5 4.2 391.0 12.9 3.94 0.49 0.0 0.0 2 2 2 2 2 2 2 2 1.3 1.38 9.0 4.2 4.2 4.2 4.2 4.2 4.2 0.004 0.003 0.098 0.001 0.001 0.007 2 2 2 2 2 2
1981-12-03T09:30:00 1981 12 3 9 30 0 -1.4 3.9 385.0 11.8 3.5 0.18 0.0 0.0 2 2 2 2 2 2 2 2 2.3 1.54 8.0 3.9 3.9 3.9 3.9 3.9 3.9 0.003 0.002 0.095 0.001 0.0 0.003 2 2 2 2 2 2
1981-12-03T10:30:00 1981 12 3 10 30 0 -0.7 2.2 398.3 11.17 3.53 0.01 0.0 0.0 2 2 1 1 1 2 2 1 2.3 1.71 6.0 2.2 2.2 2.2 2.2 2.2 2.2 0.002 0.001 0.092 0.0 0.0 0.001 2 2 2 2 2 2
1981-12-03T11:30:00 1981 12 3 11 30 0 -0.25 -1.05 411.7 10.53 3.55 0.05 0.44 0.47 1 1 1 1 1 1 1 1 2.3 1.78 3.0 -1.05 -1.05 -1.05 -1.05 -1.05 -1.05 0.047 0.117 0.091 0.034 0.172 0.418 1 1 2 1 1 1
1981-12-03T12:30:00 1981 12 3 12 30 0 0.2 -4.3 425.0 9.9 3.58 2.13 5.9 5.98 2 2 2 2 2 2 2 2 3.0 1.95 7.0 -4.3 -4.3 -4.3 -4.3 -4.3 -4.3 0.365 0.641 0.119 0.449 0.895 1.817 2 2 2 2 2 2
1981-12-03T13:30:00 1981 12 3 13 30 0 2.2 -2.0 435.0 9.5 3.6 2.7 6.56 6.37 2 2 2 2 2 2 2 2 3.0 2.12 4.0 -2.0 -2.0 -2.0 -2.0 -2.0 -2.0 0.546 0.83 0.144 0.605 1.014 2.238 2 2 2 2 2 2
1981-12-03T14:30:00 1981 12 3 14 30 0 2.5 -2.5 429.0 9.2 3.39 2.09 4.9 4.57 2 2 2 2 2 2 2 2 3.0 2.33 3.0 -2.5 -2.5 -2.5 -2.5 -2.5 -2.5 0.622 0.868 0.16 0.616 0.984 2.244 2 2 2 2 2 2
1981-12-03T15:30:00 1981 12 3 15 30 0 4.1 -1.6 430.0 8.5 3.14 2.5 4.32 3.82 2 2 2 2 2 2 2 2 2.0 2.41 3.0 -1.6 -1.6 -1.6 -1.6 -1.6 -1.6 0.628 0.814 0.172 0.552 0.857 2.001 2 2 2 2 2 2
1981-12-03T16:30:00 1981 12 3 16 30 0 6.8 -1.7 433.0 8.6 3.22 4.13 3.57 3.05 2 2 2 2 2 2 2 2 2.0 2.49 6.0 -1.7 -1.7 -1.7 -1.7 -1.7 -1.7 0.608 0.754 0.18 0.483 0.78 1.827 2 2 2 2 2 2
1981-12-03T17:30:00 1981 12 3 17 30 0 6.1 -3.2 433.0 8.5 3.19 6.21 5.44 4.65 2 2 2 2 2 2 2 2 2.0 2.44 2.0 -3.2 -3.2 -3.2 -3.2 -3.2 -3.2 0.688 0.858 0.199 0.597 0.967 2.05 2 2 2 2 2 2
1981-12-03T18:30:00 1981 12 3 18 30 0 5.1 -2.7 425.0 7.2 2.6 5.75 6.28 4.91 2 2 2 2 2 2 2 2 2.7 2.49 3.0 -2.7 -2.7 -2.7 -2.7 -2.7 -2.7 0.745 0.902 0.218 0.664 0.992 1.959 2 2 2 2 2 2
1981-12-03T19:30:00 1981 12 3 19 30 0 4.4 -0.1 428.0 7.4 2.71 2.96 2.75 2.0 2 2 2 2 2 2 2 2 2.7 2.54 -1.0 -0.1 -0.1 -0.1 -0.1 -0.1 -0.1 0.609 0.649 0.219 0.459 0.58 1.322 2 2 2 2 2 2
1981-12-03T20:30:00 1981 12 3 20 30 0 4.7 -0.8 420.0 7.8 2.75 2.06 1.01 0.78 2 2 2 2 2 2 2 2 2.7 2.51 1.0 -0.8 -0.8 -0.8 -0.8 -0.8 -0.8 0.478 0.483 0.215 0.298 0.412 1.012 2 2 2 2 2 2
1981-12-03T21:30:00 1981 12 3 21 30 0 1.9 -1.8 412.0 7.85 2.66 1.7 2.79 2.18 2 2 1 1 1 2 2 1 2.3 2.43 0.0 -1.8 -1.8 -1.8 -1.8 -1.8 -1.8 0.475 0.546 0.218 0.303 0.557 1.173 2 1 2 2 1 1
1981-12-03T22:30:00 1981 12 3 22 30 0 2.7 -3.0 404.0 7.9 2.58 2.18 4.99 3.93 2 2 2 2 2 2 2 2 2.3 2.34 0.0 -3.0 -3.0 -3.0 -3.0 -3.0 -3.0 0.569 0.721 0.231 0.448 0.788 1.469 2 2 2 2 2 2
1981-12-03T23:30:00 1981 12 3 23 30 0 3.1 1.9 427.0 8.3 3.03 1.11 1.63 1.3 2 2 2 2 2 2 2 2 2.3 2.38 -10.0 1.9 1.9 1.9 1.9 1.9 1.9 0.44 0.46 0.228 0.294 0.367 0.856 2 2 2 2 2 2
