1981-02-17T00:30:00 1981 2 17 0 30 0 4.2 6.7 350.0 18.0 4.41 0.08 0.0 0.0 2 2 2 2 2 2 2 2 1.3 1.35 1.0 6.7 6.7 6.7 6.7 6.7 6.7 0.079 0.046 0.242 0.022 0.009 0.046 2 2 2 2 2 2
1981-02-17T01:30:00 1981 2 17 1 30 0 4.57 6.21 353.0 19.13 4.78 0.29 0.0 0.0 1 1 1 1 1 1 1 1 1.3 1.19 0.0 6.21 6.21 6.21 6.21 6.21 6.21 0.054 0.023 0.234 0.012 0.003 0.019 2 2 2 2 2 2
1981-02-17T02:30:00 1981 2 17 2 30 0 4.93 4.09 356.0 20.27 5.15 0.47 0.0 0.0 1 1 1 1 1 1 1 1 1.3 1.19 -2.0 4.09 4.09 4.09 4.09 4.09 4.09 0.036 0.011 0.227 0.007 0.001 0.008 2 2 2 2 2 2
1981-02-17T03:30:00 1981 2 17 3 30 0 5.3 3.6 359.0 21.4 5.52 0.71 0.0 0.0 2 2 2 2 2 2 2 2 1.0 1.15 2.0 3.6 3.6 3.6 3.6 3.6 3.6 0.025 0.006 0.22 0.004 0.0 0.003 2 2 2 2 2 2
1981-02-17T04:30:00 1981 2 17 4 30 0 6.7 4.5 362.0 21.4 5.61 1.06 0.0 0.0 2 2 2 2 2 2 2 2 1.0 1.11 3.0 4.5 4.5 4.5 4.5 4.5 4.5 0.017 0.003 0.214 0.002 0.0 0.001 2 2 2 2 2 2
1981-02-17T05:30:00 1981 2 17 5 30 0 4.1 6.7 341.0 21.1 4.91 0.59 0.0 0.0 2 2 2 2 2 2 2 2 1.0 1.11 -1.0 6.7 6.7 6.7 6.7 6.7 6.7 0.011 0.001 0.207 0.001 0.0 0.001 2 2 2 2 2 2
1981-02-17T06:30:00 1981 2 17 6 30 0 0.5 2.5 380.0 7.9 2.28 0.07 0.0 0.0 2 2 2 2 2 2 2 2 1.7 1.2 -4.0 2.5 2.5 2.5 2.5 2.5 2.5 0.008 0.001 0.201 0.001 0.0 0.0 2 2 2 2 2 2
1981-02-17T07:30:00 1981 2 17 7 30 0 -1.5 5.1 382.0 8.3 2.42 0.0 0.0 0.0 2 2 2 2 2 2 2 2 1.7 1.29 -7.0 5.1 5.1 5.1 5.1 5.1 5.1 0.005 0.0 0.195 0.0 0.0 0.0 2 2 2 2 2 2
1981-02-17T08:30:00 1981 2 17 8 30 0 -0.7 6.3 370.0 8.7 2.38 0.01 0.0 0.0 2 2 2 2 2 2 2 2 1.7 1.34 -6.0 6.3 6.3 6.3 6.3 6.3 6.3 0.004 0.0 0.189 0.0 0.0 0.0 2 2 2 2 2 2
1981-02-17T09:30:00 1981 2 17 9 30 0 1.4 3.7 404.0 8.8 2.87 0.0 0.0 0.0 2 2 2 2 2 2 2 2 2.0 1.43 0.0 3.7 3.7 3.7 3.7 3.7 3.7 0.002 0.0 0.183 0.0 0.0 0.0 2 2 2 2 2 2
1981-02-17T10:30:00 1981 2 17 10 30 0 -1.0 -0.4 425.0 11.9 4.3 0.02 0.08 0.1 2 2 2 2 2 2 2 2 2.0 1.52 2.0 -0.4 -0.4 -0.4 -0.4 -0.4 -0.4 0.019 0.05 0.178 0.01 0.077 0.232 2 2 2 2 2 2
1981-02-17T11:30:00 1981 2 17 11 30 0 3.4 0.1 429.0 7.6 2.8 0.33 0.31 0.33 2 2 2 2 2 2 2 2 2.0 1.65 1.0 0.1 0.1 0.1 0.1 0.1 0.1 0.028 0.069 0.173 0.011 0.077 0.282 2 2 2 2 2 2
1981-02-17T12:30:00 1981 2 17 12 30 0 4.6 1.1 436.0 4.6 1.75 1.13 0.0 0.0 2 2 2 2 2 2 2 2 2.3 1.81 2.0 1.1 1.1 1.1 1.1 1.1 1.1 0.019 0.034 0.168 0.006 0.024 0.117 2 2 2 2 2 2
1981-02-17T13:30:00 1981 2 17 13 30 0 3.4 0.7 427.0 9.5 3.46 0.99 0.0 0.0 2 2 2 2 2 2 2 2 2.3 1.97 2.0 0.7 0.7 0.7 0.7 0.7 0.7 0.013 0.017 0.162 0.003 0.008 0.048 2 2 2 2 2 2
1981-02-17T14:30:00 1981 2 17 14 30 0 3.9 -0.1 434.0 7.3 2.75 1.07 0.02 0.02 2 2 2 2 2 2 2 2 2.3 2.04 0.0 -0.1 -0.1 -0.1 -0.1 -0.1 -0.1 0.013 0.024 0.158 0.003 0.028 0.082 2 2 2 2 2 2
1981-02-17T15:30:00 1981 2 17 15 30 0 5.2 -0.4 432.0 7.4 2.76 2.0 0.57 0.42 2 2 2 2 2 2 2 2 1.7 2.04 3.0 -0.4 -0.4 -0.4 -0.4 -0.4 -0.4 0.047 0.116 0.154 0.02 0.159 0.367 2 2 2 2 2 2
1981-02-17T16:30:00 1981 2 17 16 30 0 4.5 -0.5 429.0 7.6 2.8 2.28 0.98 0.73 2 2 2 2 2 2 2 2 1.7 2.04 4.0 -0.5 -0.5 -0.5 -0.5 -0.5 -0.5 0.089 0.198 0.152 0.043 0.25 0.578 2 2 2 2 2 2
1981-02-17T17:30:00 1981 2 17 17 30 0 3.9 0.0 422.0 7.8 2.78 1.62 0.49 0.37 2 2 2 2 2 2 2 2 1.7 2.0 0.0 0.0 0.0 0.0 0.0 0.0 0.0 0.083 0.158 0.148 0.034 0.154 0.43 2 2 2 2 2 2
1981-02-17T18:30:00 1981 2 17 18 30 0 7.2 0.0 420.0 8.0 2.82 2.69 0.0 0.0 2 2 2 2 2 2 2 2 1.0 1.86 0.0 0.0 0.0 0.0 0.0 0.0 0.0 0.056 0.078 0.143 0.019 0.049 0.178 2 2 2 2 2 2
1981-02-17T19:30:00 1981 2 17 19 30 0 6.2 1.4 410.0 8.5 2.86 2.98 0.0 0.0 2 2 2 2 2 2 2 2 1.0 1.73 -2.0 1.4 1.4 1.4 1.4 1.4 1.4 0.038 0.039 0.139 0.011 0.015 0.074 2 2 2 2 2 2
1981-02-17T20:30:00 1981 2 17 20 30 0 6.8 1.5 402.0 7.5 2.42 2.38 0.0 0.0 2 2 2 2 2 2 2 2 1.0 1.57 -4.0 1.5 1.5 1.5 1.5 1.5 1.5 0.026 0.019 0.135 0.006 0.005 0.031 2 2 2 2 2 2
1981-02-17T21:30:00 1981 2 17 21 30 0 6.9 2.3 398.0 7.4 2.34 2.37 0.0 0.0 2 2 2 2 2 2 2 2 1.3 1.45 -4.0 2.3 2.3 2.3 2.3 2.3 2.3 0.017 0.01 0.131 0.003 0.002 0.013 2 2 2 2 2 2
1981-02-17T22:30:00 1981 2 17 22 30 0 6.2 3.3 396.0 6.8 2.13 1.76 0.0 0.0 2 2 2 2 2 2 2 2 1.3 1.33 -5.0 3.3 3.3 3.3 3.3 3.3 3.3 0.012 0.005 0.127 0.002 0.0 0.005 2 2 2 2 2 2
1981-02-17T23:30:00 1981 2 17 23 30 0 5.8 3.7 398.0 5.7 1.81 1.25 0.0 0.0 2 2 2 2 2 2 2 2 1.3 1.28 -6.0 3.7 3.7 3.7 3.7 3.7 3.7 0.008 0.002 0.123 0.001 0.0 0.002 2 2 2 2 2 2
