1974-07-27T00:30:00 1974 7 27 0 30 0 0.0 -1.9 704.0 3.3 3.16 0.47 1.91 0.63 2 2 2 2 2 2 2 2 3.3 3.44 -7.0 -1.9 -1.9 -1.9 -1.9 -1.9 -1.9 0.143 0.155 0.461 0.127 0.45 0.579 2 2 2 2 2 2
1974-07-27T01:30:00 1974 7 27 1 30 0 2.9 -1.5 697.0 3.1 2.92 1.89 5.89 1.88 2 2 2 2 2 2 2 2 3.3 3.44 -19.0 -1.5 -1.5 -1.5 -1.5 -1.5 -1.5 0.276 0.314 0.474 0.275 0.855 1.103 2 2 2 2 2 2
1974-07-27T02:30:00 1974 7 27 2 30 0 1.7 -0.6 684.0 3.0 2.76 1.52 3.5 1.07 2 2 2 2 2 2 2 2 3.3 3.36 -18.0 -0.6 -0.6 -0.6 -0.6 -0.6 -0.6 0.292 0.31 0.472 0.246 0.709 1.02 2 2 2 2 2 2
1974-07-27T03:30:00 1974 7 27 3 30 0 0.5 -1.0 673.0 3.0 2.73 0.55 2.77 0.83 2 2 2 2 2 2 2 2 3.7 3.33 -17.0 -1.0 -1.0 -1.0 -1.0 -1.0 -1.0 0.295 0.305 0.468 0.223 0.661 0.959 2 2 2 2 2 2
1974-07-27T04:30:00 1974 7 27 4 30 0 1.8 0.1 677.0 3.0 2.72 0.38 1.39 0.42 2 2 2 2 2 2 2 2 3.7 3.3 -18.0 0.1 0.1 0.1 0.1 0.1 0.1 0.238 0.213 0.457 0.149 0.363 0.625 2 2 2 2 2 2
1974-07-27T05:30:00 1974 7 27 5 30 0 1.6 -3.1 680.0 3.0 2.76 2.01 5.55 1.66 2 2 2 2 2 2 2 2 3.7 3.38 -20.0 -3.1 -3.1 -3.1 -3.1 -3.1 -3.1 0.363 0.37 0.475 0.35 0.919 1.102 2 2 2 2 2 2
1974-07-27T06:30:00 1974 7 27 6 30 0 1.4 -2.2 727.0 2.8 2.86 3.36 9.2 2.66 2 2 2 2 2 2 2 2 4.7 3.6 -29.0 -2.2 -2.2 -2.2 -2.2 -2.2 -2.2 0.499 0.486 0.508 0.541 1.233 1.447 2 2 2 2 2 2
1974-07-27T07:30:00 1974 7 27 7 30 0 1.8 -1.7 674.0 3.0 2.66 2.17 6.75 1.96 2 2 2 2 2 2 2 2 4.7 3.82 -29.0 -1.7 -1.7 -1.7 -1.7 -1.7 -1.7 0.532 0.492 0.523 0.535 1.132 1.416 2 2 2 2 2 2
1974-07-27T08:30:00 1974 7 27 8 30 0 -0.4 0.6 643.0 3.3 2.72 0.41 1.86 0.57 2 2 2 2 2 2 2 2 4.7 3.99 -28.0 0.6 0.6 0.6 0.6 0.6 0.6 0.402 0.304 0.512 0.333 0.5 0.785 2 2 2 2 2 2
1974-07-27T09:30:00 1974 7 27 9 30 0 -0.4 0.43 642.0 3.4 2.72 0.01 0.0 0.0 1 1 2 2 2 1 2 2 4.7 4.17 -27.0 0.31 0.36 0.22 0.22 0.35 0.39 0.272 0.151 0.496 0.187 0.158 0.325 2 2 2 2 2 2
1974-07-27T10:30:00 1974 7 27 10 30 0 -0.47 -0.2 644.0 3.3 2.75 0.03 0.13 0.04 1 1 2 2 2 1 2 2 4.7 4.34 -25.0 -0.75 -0.53 -1.2 -1.17 -0.56 -0.37 0.232 0.139 0.489 0.172 0.241 0.314 2 2 2 2 1 1
1974-07-27T11:30:00 1974 7 27 11 30 0 -0.05 -0.32 640.0 3.6 2.86 0.04 0.85 0.3 1 0 2 2 2 1 1 1 4.7 4.46 -25.0 -0.95 -0.7 -1.47 -1.43 -0.73 -0.51 0.259 0.201 0.492 0.245 0.434 0.544 1 1 2 1 0 0
1974-07-27T12:30:00 1974 7 27 12 30 0 1.25 -0.32 640.0 3.1 2.48 0.15 1.02 0.34 1 0 2 2 2 1 1 1 3.7 4.45 -30.0 -0.95 -0.7 -1.47 -1.43 -0.73 -0.51 0.281 0.234 0.496 0.293 0.499 0.617 1 0 2 0 0 0
1974-07-27T13:30:00 1974 7 27 13 30 0 2.63 -0.38 609.0 3.1 2.27 0.7 1.1 0.34 1 1 2 2 2 1 2 2 3.7 4.44 -28.0 -0.93 -0.71 -1.38 -1.35 -0.74 -0.55 0.29 0.248 0.497 0.303 0.496 0.605 1 1 2 1 1 1
1974-07-27T14:30:00 1974 7 27 14 30 0 3.4 -0.71 597.0 3.0 2.13 1.53 1.68 0.51 1 1 2 2 2 1 2 2 3.7 4.31 -21.0 -0.83 -0.78 -0.92 -0.92 -0.79 -0.75 0.286 0.259 0.493 0.265 0.488 0.61 1 1 2 1 1 1
1974-07-27T15:30:00 1974 7 27 15 30 0 3.4 -0.8 597.3 3.01 2.13 1.98 2.27 0.68 2 2 1 1 1 2 2 1 2.3 4.0 -18.0 -0.8 -0.8 -0.8 -0.8 -0.8 -0.8 0.278 0.268 0.486 0.218 0.488 0.629 1 1 2 1 1 1
1974-07-27T16:30:00 1974 7 27 16 30 0 2.8 0.5 597.7 3.08 2.17 1.25 0.64 0.19 2 2 1 1 1 2 2 1 2.3 3.7 -20.0 0.5 0.5 0.5 0.5 0.5 0.5 0.204 0.162 0.472 0.13 0.212 0.347 1 1 2 1 1 1
1974-07-27T17:30:00 1974 7 27 17 30 0 2.4 -0.6 598.0 3.15 2.23 0.89 0.57 0.18 2 2 1 1 1 2 2 1 2.3 3.4 -24.0 -0.6 -0.6 -0.6 -0.6 -0.6 -0.6 0.169 0.144 0.459 0.093 0.23 0.349 1 1 2 1 1 1
1974-07-27T18:30:00 1974 7 27 18 30 0 3.3 -2.2 598.3 3.22 2.29 2.32 4.39 1.4 2 2 1 1 1 2 2 1 3.7 3.28 -26.0 -2.2 -2.2 -2.2 -2.2 -2.2 -2.2 0.274 0.307 0.464 0.228 0.657 0.758 1 1 2 1 1 1
1974-07-27T19:30:00 1974 7 27 19 30 0 1.2 -0.9 598.7 3.29 2.33 1.79 4.48 1.46 1 1 1 1 1 1 1 1 3.7 3.17 -29.0 -0.9 -0.9 -0.9 -0.9 -0.9 -0.9 0.32 0.354 0.465 0.26 0.683 0.859 1 1 2 1 1 1
1974-07-27T20:30:00 1974 7 27 20 30 0 -0.9 0.4 599.0 3.3 2.33 0.11 0.82 0.27 2 2 2 2 2 2 2 2 3.7 3.18 -29.0 0.4 0.4 0.4 0.4 0.4 0.4 0.238 0.213 0.452 0.158 0.291 0.47 1 1 2 1 1 1
1974-07-27T21:30:00 1974 7 27 21 30 0 -0.9 0.27 625.0 3.6 2.74 0.06 0.0 0.0 1 1 2 2 2 1 2 2 3.7 3.19 -23.0 0.15 0.2 0.06 0.06 0.19 0.23 0.161 0.106 0.439 0.088 0.092 0.195 1 1 2 1 1 1
1974-07-27T22:30:00 1974 7 27 22 30 0 -0.88 -0.23 620.0 3.5 2.66 0.11 0.2 0.07 1 1 1 1 1 1 1 1 3.7 3.19 -22.0 -0.77 -0.56 -1.22 -1.19 -0.58 -0.39 0.164 0.127 0.433 0.123 0.234 0.304 1 1 2 1 1 1
1974-07-27T23:30:00 1974 7 27 23 30 0 -0.83 -0.32 615.0 3.4 2.58 0.16 0.86 0.3 1 0 2 2 2 1 1 1 3.7 3.36 -16.0 -0.95 -0.7 -1.46 -1.42 -0.72 -0.51 0.209 0.194 0.436 0.209 0.406 0.494 1 0 2 0 0 0
