1974-03-27T00:30:00 1974 3 27 0 30 0 -0.9 -2.4 555.0 3.6 2.21 1.66 6.14 2.16 2 2 2 2 2 2 2 2 4.3 3.63 -16.0 -2.4 -2.4 -2.4 -2.4 -2.4 -2.4 0.399 0.457 0.493 0.365 0.845 0.97 2 2 2 2 2 2
1974-03-27T01:30:00 1974 3 27 1 30 0 -0.1 2.0 553.0 3.7 2.28 0.32 1.55 0.56 2 2 2 2 2 2 2 2 4.3 3.71 -13.0 2.0 2.0 2.0 2.0 2.0 2.0 0.304 0.28 0.482 0.231 0.362 0.536 2 2 2 2 2 2
1974-03-27T02:30:00 1974 3 27 2 30 0 -3.5 0.8 562.0 3.9 2.42 0.31 0.0 0.0 2 2 2 2 2 2 2 2 4.3 3.84 -9.0 0.8 0.8 0.8 0.8 0.8 0.8 0.206 0.139 0.467 0.129 0.115 0.222 2 2 2 2 2 2
1974-03-27T03:30:00 1974 3 27 3 30 0 2.9 0.4 544.0 4.1 2.37 0.27 0.0 0.0 2 2 2 2 2 2 2 2 4.7 4.01 -8.0 0.4 0.4 0.4 0.4 0.4 0.4 0.139 0.069 0.453 0.072 0.036 0.092 2 2 2 2 2 2
1974-03-27T04:30:00 1974 3 27 4 30 0 0.3 -4.1 541.0 4.5 2.55 2.25 5.53 2.43 2 2 2 2 2 2 2 2 4.7 4.19 -11.0 -4.1 -4.1 -4.1 -4.1 -4.1 -4.1 0.335 0.39 0.469 0.368 0.788 0.95 2 2 2 2 2 2
1974-03-27T05:30:00 1974 3 27 5 30 0 1.9 -0.4 532.0 4.8 2.67 2.0 5.63 2.6 2 2 2 2 2 2 2 2 4.7 4.31 -20.0 -0.4 -0.4 -0.4 -0.4 -0.4 -0.4 0.395 0.446 0.475 0.389 0.733 1.081 2 2 2 2 2 2
1974-03-27T06:30:00 1974 3 27 6 30 0 -0.2 4.5 546.0 4.7 2.7 0.06 0.0 0.0 2 2 2 2 2 2 2 2 4.3 4.38 -17.0 4.5 4.5 4.5 4.5 4.5 4.5 0.268 0.222 0.46 0.218 0.232 0.448 2 2 2 2 2 2
1974-03-27T07:30:00 1974 3 27 7 30 0 -1.5 0.6 532.0 4.1 2.28 0.03 0.0 0.0 2 2 2 2 2 2 2 2 4.3 4.45 -15.0 0.6 0.6 0.6 0.6 0.6 0.6 0.181 0.11 0.446 0.122 0.073 0.186 2 2 2 2 2 2
1974-03-27T08:30:00 1974 3 27 8 30 0 -3.4 -3.0 533.0 3.4 1.84 1.94 3.66 1.31 2 2 2 2 2 2 2 2 4.3 4.45 -23.0 -3.0 -3.0 -3.0 -3.0 -3.0 -3.0 0.28 0.303 0.449 0.252 0.557 0.617 2 2 2 2 2 2
1974-03-27T09:30:00 1974 3 27 9 30 0 -2.2 -1.5 502.0 4.6 2.29 2.76 5.67 2.25 2 2 2 2 2 2 2 2 3.7 4.37 -23.0 -1.5 -1.5 -1.5 -1.5 -1.5 -1.5 0.375 0.44 0.455 0.343 0.724 0.902 2 2 2 2 2 2
1974-03-27T10:30:00 1974 3 27 10 30 0 -4.8 -3.8 551.0 3.1 1.89 4.62 7.3 2.68 2 2 2 2 2 2 2 2 3.7 4.29 -27.0 -3.8 -3.8 -3.8 -3.8 -3.8 -3.8 0.51 0.579 0.474 0.535 0.997 1.106 2 2 2 2 2 2
1974-03-27T11:30:00 1974 3 27 11 30 0 -3.7 -1.7 536.0 3.1 1.76 5.14 7.24 2.24 2 2 2 2 2 2 2 2 3.7 4.16 -32.0 -1.7 -1.7 -1.7 -1.7 -1.7 -1.7 0.549 0.575 0.486 0.543 0.911 1.007 2 2 2 2 2 2
1974-03-27T12:30:00 1974 3 27 12 30 0 -3.7 -1.1 556.0 3.5 2.14 2.69 3.75 1.24 2 2 2 2 2 2 2 2 3.7 4.04 -21.0 -1.1 -1.1 -1.1 -1.1 -1.1 -1.1 0.496 0.486 0.483 0.419 0.711 0.881 2 2 2 2 2 2
1974-03-27T13:30:00 1974 3 27 13 30 0 -4.0 -1.1 568.0 3.8 2.41 2.62 3.09 1.13 2 2 2 2 2 2 2 2 3.7 3.92 -21.0 -1.1 -1.1 -1.1 -1.1 -1.1 -1.1 0.449 0.43 0.478 0.335 0.64 0.881 2 2 2 2 2 2
1974-03-27T14:30:00 1974 3 27 14 30 0 -2.1 0.2 547.0 3.5 2.18 1.33 1.18 0.44 2 2 2 2 2 2 2 2 3.7 3.84 -24.0 0.2 0.2 0.2 0.2 0.2 0.2 0.339 0.277 0.466 0.209 0.322 0.546 2 2 2 2 2 2
1974-03-27T15:30:00 1974 3 27 15 30 0 -3.7 -1.3 551.0 3.3 2.05 1.45 1.7 0.57 2 2 2 2 2 2 2 2 3.0 3.68 -24.0 -1.3 -1.3 -1.3 -1.3 -1.3 -1.3 0.308 0.279 0.458 0.182 0.416 0.579 2 2 2 2 2 2
1974-03-27T16:30:00 1974 3 27 16 30 0 -3.6 0.6 541.0 3.2 1.86 1.7 1.07 0.35 2 2 2 2 2 2 2 2 3.0 3.52 -24.0 0.6 0.6 0.6 0.6 0.6 0.6 0.235 0.185 0.446 0.119 0.214 0.349 2 2 2 2 2 2
1974-03-27T17:30:00 1974 3 27 17 30 0 -2.0 -1.8 547.0 3.0 1.86 1.32 2.05 0.62 2 2 2 2 2 2 2 2 3.0 3.43 -24.0 -1.8 -1.8 -1.8 -1.8 -1.8 -1.8 0.248 0.242 0.44 0.153 0.408 0.468 2 2 2 2 2 2
1974-03-27T18:30:00 1974 3 27 18 30 0 -0.7 -0.1 552.0 3.2 1.99 0.66 2.41 0.74 2 2 2 2 2 2 2 2 2.0 3.21 -28.0 -0.1 -0.1 -0.1 -0.1 -0.1 -0.1 0.234 0.233 0.432 0.137 0.351 0.455 2 2 2 2 2 2
1974-03-27T19:30:00 1974 3 27 19 30 0 -0.8 -2.6 564.0 3.6 2.32 0.99 4.07 1.42 2 2 2 2 2 2 2 2 2.0 2.99 -22.0 -2.6 -2.6 -2.6 -2.6 -2.6 -2.6 0.322 0.367 0.437 0.263 0.685 0.794 2 2 2 2 2 2
1974-03-27T20:30:00 1974 3 27 20 30 0 -0.5 2.5 562.0 3.7 2.38 0.35 1.57 0.57 2 2 2 2 2 2 2 2 2.0 2.78 -13.0 2.5 2.5 2.5 2.5 2.5 2.5 0.248 0.227 0.427 0.172 0.299 0.447 2 2 2 2 2 2
1974-03-27T21:30:00 1974 3 27 21 30 0 -0.8 3.4 547.0 4.1 2.52 0.0 0.0 0.0 2 2 2 2 2 2 2 2 1.3 2.48 -8.0 3.4 3.4 3.4 3.4 3.4 3.4 0.168 0.113 0.414 0.097 0.095 0.185 2 2 2 2 2 2
1974-03-27T22:30:00 1974 3 27 22 30 0 -0.1 3.6 555.0 3.9 2.42 0.0 0.0 0.0 2 2 2 2 2 2 2 2 1.3 2.18 -7.0 3.6 3.6 3.6 3.6 3.6 3.6 0.114 0.056 0.401 0.054 0.03 0.077 2 2 2 2 2 2
1974-03-27T23:30:00 1974 3 27 23 30 0 -1.2 1.6 546.0 3.3 1.97 0.01 0.0 0.0 2 2 2 2 2 2 2 2 1.3 1.97 -8.0 1.6 1.6 1.6 1.6 1.6 1.6 0.077 0.028 0.389 0.03 0.009 0.032 2 2 2 2 2 2
