1974-09-13T00:30:00 1974 9 13 0 30 0 5.1 -2.4 282.0 22.2 3.07 3.11 3.73 8.7 2 2 2 2 2 2 2 2 1.0 1.96 -6.0 -2.4 -2.4 -2.4 -2.4 -2.4 -2.4 0.946 1.445 0.166 0.714 0.797 3.064 2 2 2 2 2 2
1974-09-13T01:30:00 1974 9 13 1 30 0 5.7 -1.1 279.0 20.9 2.81 2.6 2.38 5.13 2 2 2 2 2 2 2 2 1.0 1.83 -6.0 -1.1 -1.1 -1.1 -1.1 -1.1 -1.1 0.814 1.178 0.167 0.535 0.589 2.343 2 2 2 2 2 2
1974-09-13T02:30:00 1974 9 13 2 30 0 4.4 -1.0 280.0 23.3 3.14 1.89 1.46 3.24 2 2 2 2 2 2 2 2 1.0 1.55 -6.0 -1.0 -1.0 -1.0 -1.0 -1.0 -1.0 0.675 0.951 0.166 0.381 0.457 1.92 2 2 2 2 2 2
1974-09-13T03:30:00 1974 9 13 3 30 0 4.4 -1.1 288.0 21.9 3.18 1.58 1.5 3.38 2 2 2 2 2 2 2 2 1.7 1.37 -6.0 -1.1 -1.1 -1.1 -1.1 -1.1 -1.1 0.586 0.847 0.165 0.301 0.43 1.799 2 2 2 2 2 2
1974-09-13T04:30:00 1974 9 13 4 30 0 5.4 -0.4 293.0 23.8 3.53 1.75 1.05 2.38 2 2 2 2 2 2 2 2 1.7 1.18 -4.0 -0.4 -0.4 -0.4 -0.4 -0.4 -0.4 0.482 0.684 0.162 0.215 0.335 1.557 2 2 2 2 2 2
1974-09-13T05:30:00 1974 9 13 5 30 0 5.4 -0.27 291.0 30.5 4.45 1.82 0.48 1.31 1 1 2 2 2 1 2 2 1.7 1.27 -4.0 -0.46 -0.42 -0.55 -0.54 -0.43 -0.39 0.393 0.562 0.159 0.157 0.278 1.494 2 2 2 2 1 1
1974-09-13T06:30:00 1974 9 13 6 30 0 4.42 0.23 294.0 36.9 5.45 1.37 0.09 0.29 1 1 2 2 2 1 2 2 2.3 1.44 -2.0 -0.7 -0.51 -1.08 -1.06 -0.53 -0.37 0.364 0.55 0.158 0.175 0.3 1.713 2 1 2 1 1 1
1974-09-13T07:30:00 1974 9 13 7 30 0 2.61 0.33 307.0 45.4 7.35 0.65 0.0 0.0 1 0 2 2 2 1 1 1 2.3 1.6 8.0 -0.75 -0.53 -1.19 -1.16 -0.55 -0.36 0.372 0.589 0.16 0.23 0.353 2.223 1 1 2 1 0 0
1974-09-13T08:30:00 1974 9 13 8 30 0 0.79 0.33 308.0 40.8 6.7 0.15 0.0 0.0 1 0 2 2 2 1 1 1 2.3 1.77 8.0 -0.75 -0.53 -1.19 -1.16 -0.55 -0.36 0.382 0.611 0.162 0.268 0.376 2.454 1 0 1 0 0 0
1974-09-13T09:30:00 1974 9 13 9 30 0 0.1 0.33 307.0 32.7 5.46 0.01 0.0 0.0 0 0 2 2 2 1 1 1 4.3 2.19 -10.0 -0.75 -0.53 -1.19 -1.16 -0.55 -0.36 0.379 0.596 0.164 0.279 0.363 2.227 0 0 1 0 0 0
1974-09-13T10:30:00 1974 9 13 10 30 0 0.1 0.33 308.0 57.3 9.51 0.0 0.0 0.0 0 0 2 2 2 1 1 1 4.3 2.6 -21.0 -0.75 -0.53 -1.19 -1.16 -0.55 -0.36 0.394 0.637 0.166 0.305 0.398 2.824 0 0 1 0 0 0
1974-09-13T11:30:00 1974 9 13 11 30 0 0.1 0.33 319.0 31.4 5.55 0.0 0.0 0.0 0 0 2 2 2 1 1 1 4.3 2.93 -17.0 -0.75 -0.53 -1.19 -1.16 -0.55 -0.36 0.396 0.626 0.169 0.31 0.391 2.66 0 0 1 0 0 0
1974-09-13T12:30:00 1974 9 13 12 30 0 0.1 0.33 322.0 20.3 4.02 0.0 0.0 0.0 0 0 2 2 2 1 1 1 3.3 3.13 -20.0 -0.75 -0.53 -1.19 -1.16 -0.55 -0.36 0.376 0.557 0.17 0.289 0.345 1.911 0 0 1 0 0 0
1974-09-13T13:30:00 1974 9 13 13 30 0 0.1 0.33 323.0 19.1 4.1 0.0 0.0 0.0 0 0 2 2 2 1 1 1 3.3 3.32 -22.0 -0.75 -0.53 -1.19 -1.16 -0.55 -0.36 0.354 0.501 0.171 0.269 0.317 1.425 0 0 1 0 0 0
1974-09-13T14:30:00 1974 9 13 14 30 0 0.1 0.33 323.0 20.9 4.25 0.0 0.0 0.0 0 0 2 2 2 1 1 1 3.3 3.43 -20.0 -0.75 -0.53 -1.19 -1.16 -0.55 -0.36 0.341 0.478 0.172 0.26 0.312 1.263 0 0 1 0 0 0
1974-09-13T15:30:00 1974 9 13 15 30 0 0.1 0.33 350.0 26.2 6.2 0.0 0.0 0.0 0 0 2 2 2 1 1 1 3.7 3.6 -6.0 -0.75 -0.53 -1.19 -1.16 -0.55 -0.36 0.344 0.49 0.174 0.271 0.35 1.509 0 0 1 0 0 0
1974-09-13T16:30:00 1974 9 13 16 30 0 0.1 0.33 384.0 31.2 10.3 0.0 0.0 0.0 0 0 2 2 2 1 1 1 3.7 3.77 3.0 -0.75 -0.53 -1.19 -1.16 -0.55 -0.36 0.364 0.523 0.178 0.305 0.424 2.182 0 0 1 0 0 0
1974-09-13T17:30:00 1974 9 13 17 30 0 0.1 0.33 385.0 32.1 9.88 0.0 0.0 0.0 0 0 2 2 2 1 1 1 3.7 3.69 11.0 -0.75 -0.53 -1.19 -1.16 -0.55 -0.36 0.386 0.551 0.183 0.334 0.47 2.723 0 0 1 0 0 0
1974-09-13T18:30:00 1974 9 13 18 30 0 0.1 0.33 381.0 35.1 10.69 0.0 0.0 0.0 0 0 2 2 2 1 1 1 3.7 3.62 13.0 -0.75 -0.53 -1.19 -1.16 -0.55 -0.36 0.403 0.573 0.189 0.354 0.492 3.093 0 0 1 0 0 0
1974-09-13T19:30:00 1974 9 13 19 30 0 0.1 0.33 388.0 32.8 10.19 0.0 0.0 0.0 0 0 2 2 2 1 1 1 3.7 3.56 13.0 -0.75 -0.53 -1.19 -1.17 -0.55 -0.36 0.415 0.583 0.194 0.368 0.501 3.24 0 0 1 0 0 0
1974-09-13T20:30:00 1974 9 13 20 30 0 1.01 0.33 398.0 28.8 9.2 0.02 0.0 0.0 1 0 2 2 2 1 1 1 3.7 3.6 8.0 -0.75 -0.53 -1.19 -1.17 -0.55 -0.36 0.42 0.574 0.199 0.373 0.501 3.14 0 0 1 0 0 0
1974-09-13T21:30:00 1974 9 13 21 30 0 3.41 0.33 407.0 34.4 10.66 0.4 0.0 0.0 1 0 2 2 2 1 1 1 3.3 3.6 9.0 -0.75 -0.53 -1.19 -1.17 -0.55 -0.36 0.43 0.582 0.205 0.386 0.527 3.425 0 0 1 0 0 0
1974-09-13T22:30:00 1974 9 13 22 30 0 5.81 1.32 392.0 28.6 8.48 1.35 0.0 0.0 1 1 2 2 2 1 2 2 3.3 3.6 0.0 0.38 0.57 -0.01 0.02 0.55 0.72 0.322 0.323 0.203 0.263 0.202 1.599 0 0 1 0 0 0
1974-09-13T23:30:00 1974 9 13 23 30 0 7.1 6.64 374.0 29.2 8.27 1.36 0.0 0.0 1 1 2 2 2 1 2 2 3.3 3.54 4.0 6.44 6.48 6.36 6.36 6.48 6.51 0.218 0.161 0.197 0.147 0.064 0.663 0 0 1 0 0 0
