1974-04-08T00:30:00 1974 4 8 0 30 0 -0.06 -0.05 556.0 2.3 1.43 0.02 0.14 0.03 1 0 2 2 2 1 1 1 1.0 2.17 -11.0 -0.97 -0.73 -1.43 -1.4 -0.75 -0.53 0.161 0.175 0.326 0.177 0.34 0.266 0 0 1 0 0 0
1974-04-08T01:30:00 1974 4 8 1 30 0 -0.07 -0.05 583.0 2.3 1.46 0.0 0.14 0.03 1 0 2 2 2 1 1 1 1.0 1.88 -11.0 -0.97 -0.73 -1.43 -1.4 -0.75 -0.53 0.195 0.203 0.329 0.213 0.378 0.308 0 0 1 0 0 0
1974-04-08T02:30:00 1974 4 8 2 30 0 0.63 -0.05 577.7 2.27 1.4 0.02 0.15 0.03 1 0 1 1 1 1 1 1 1.0 1.67 -9.0 -0.97 -0.73 -1.43 -1.4 -0.75 -0.53 0.218 0.216 0.331 0.235 0.391 0.326 0 0 1 0 0 0
1974-04-08T03:30:00 1974 4 8 3 30 0 1.32 0.36 572.3 2.23 1.34 0.1 0.0 0.0 1 1 1 1 1 1 1 1 2.7 1.68 -7.0 -0.44 -0.22 -0.84 -0.82 -0.25 -0.06 0.205 0.181 0.33 0.206 0.293 0.244 0 0 1 0 1 0
1974-04-08T04:30:00 1974 4 8 4 30 0 1.7 2.59 567.0 2.2 1.28 0.09 0.0 0.0 1 1 2 2 2 1 2 2 2.7 1.7 -4.0 2.42 2.46 2.33 2.34 2.46 2.5 0.139 0.09 0.32 0.116 0.093 0.101 0 0 1 0 1 0
1974-04-08T05:30:00 1974 4 8 5 30 0 1.7 3.2 564.0 2.5 1.92 0.07 0.0 0.0 2 2 2 2 2 2 2 2 2.7 1.83 1.0 3.2 3.2 3.2 3.2 3.2 3.2 0.094 0.045 0.31 0.065 0.029 0.042 0 0 1 0 1 0
1974-04-08T06:30:00 1974 4 8 6 30 0 -3.2 2.5 605.0 3.0 1.99 0.1 0.0 0.0 2 2 2 2 2 2 2 2 1.7 1.83 8.0 2.5 2.5 2.5 2.5 2.5 2.5 0.064 0.022 0.3 0.036 0.009 0.017 0 0 1 0 1 0
1974-04-08T07:30:00 1974 4 8 7 30 0 -0.5 4.1 578.0 3.3 2.0 0.11 0.0 0.0 2 2 2 2 2 2 2 2 1.7 1.82 8.0 4.1 4.1 4.1 4.1 4.1 4.1 0.043 0.011 0.291 0.02 0.003 0.007 0 0 1 0 1 0
1974-04-08T08:30:00 1974 4 8 8 30 0 2.2 4.2 579.0 3.3 2.03 0.02 0.0 0.0 2 2 2 2 2 2 2 2 1.7 1.9 8.0 4.2 4.2 4.2 4.2 4.2 4.2 0.029 0.005 0.282 0.011 0.001 0.003 0 0 1 0 1 0
1974-04-08T09:30:00 1974 4 8 9 30 0 -0.8 2.2 556.0 3.2 1.91 0.02 0.0 0.0 2 2 2 2 2 2 2 2 3.7 2.25 8.0 2.2 2.2 2.2 2.2 2.2 2.2 0.02 0.003 0.274 0.006 0.0 0.001 0 0 1 0 1 0
1974-04-08T10:30:00 1974 4 8 10 30 0 -1.5 -2.2 565.0 3.3 1.94 0.54 1.81 0.59 2 2 2 2 2 2 2 2 3.7 2.58 7.0 -2.2 -2.2 -2.2 -2.2 -2.2 -2.2 0.099 0.14 0.274 0.1 0.341 0.335 2 2 1 2 2 2
1974-04-08T11:30:00 1974 4 8 11 30 0 2.8 -4.0 579.0 3.3 2.11 3.83 9.1 3.0 2 2 2 2 2 2 2 2 3.7 2.72 -3.0 -4.0 -4.0 -4.0 -4.0 -4.0 -4.0 0.36 0.453 0.31 0.477 1.009 0.986 2 2 1 2 2 2
1974-04-08T12:30:00 1974 4 8 12 30 0 0.7 -4.2 577.0 3.2 1.99 6.1 11.87 3.85 2 2 2 2 2 2 2 2 3.7 2.85 -21.0 -4.2 -4.2 -4.2 -4.2 -4.2 -4.2 0.591 0.658 0.359 0.804 1.334 1.329 2 2 1 2 2 2
1974-04-08T13:30:00 1974 4 8 13 30 0 2.8 -0.45 586.0 3.3 2.04 2.63 6.3 2.04 1 1 2 2 2 1 2 2 3.7 2.98 -24.0 -0.45 -0.45 -0.45 -0.45 -0.45 -0.45 0.562 0.551 0.37 0.633 0.915 1.092 2 2 1 2 1 2
1974-04-08T14:30:00 1974 4 8 14 30 0 4.9 3.3 594.0 3.3 2.33 1.09 0.03 0.01 2 2 2 2 2 2 2 2 3.7 3.22 -19.0 3.3 3.3 3.3 3.3 3.3 3.3 0.38 0.273 0.359 0.354 0.29 0.453 2 2 1 2 1 2
1974-04-08T15:30:00 1974 4 8 15 30 0 4.0 2.0 567.0 3.6 2.31 1.03 0.0 0.0 2 2 2 2 2 2 2 2 2.7 3.33 -15.0 2.0 2.0 2.0 2.0 2.0 2.0 0.258 0.136 0.348 0.198 0.092 0.188 2 2 1 2 1 2
1974-04-08T16:30:00 1974 4 8 16 30 0 3.4 1.2 551.0 2.8 1.7 0.85 0.0 0.0 2 2 2 2 2 2 2 2 2.7 3.44 -15.0 1.2 1.2 1.2 1.2 1.2 1.2 0.174 0.067 0.337 0.111 0.029 0.078 2 2 1 2 1 2
1974-04-08T17:30:00 1974 4 8 17 30 0 4.6 -2.1 560.0 2.9 1.82 2.5 2.12 0.61 2 2 2 2 2 2 2 2 2.7 3.31 -20.0 -2.1 -2.1 -2.1 -2.1 -2.1 -2.1 0.211 0.187 0.336 0.16 0.372 0.361 2 2 1 2 2 2
1974-04-08T18:30:00 1974 4 8 18 30 0 -1.1 3.1 554.0 3.4 2.09 0.81 0.95 0.28 2 2 2 2 2 2 2 2 3.0 3.23 -26.0 3.1 3.1 3.1 3.1 3.1 3.1 0.16 0.119 0.327 0.102 0.164 0.207 2 2 1 2 2 2
1974-04-08T19:30:00 1974 4 8 19 30 0 1.5 3.8 551.0 3.7 2.12 0.01 0.0 0.0 2 2 2 2 2 2 2 2 3.0 3.14 -20.0 3.8 3.8 3.8 3.8 3.8 3.8 0.108 0.059 0.317 0.057 0.052 0.086 2 2 1 2 2 2
1974-04-08T20:30:00 1974 4 8 20 30 0 4.3 -0.8 564.0 3.5 2.1 0.91 0.29 0.1 2 2 2 2 2 2 2 2 3.0 3.06 -15.0 -0.8 -0.8 -0.8 -0.8 -0.8 -0.8 0.098 0.077 0.309 0.052 0.135 0.172 2 2 1 2 2 2
1974-04-08T21:30:00 1974 4 8 21 30 0 2.0 2.5 568.0 3.9 2.41 0.9 0.18 0.06 2 2 2 2 2 2 2 2 2.7 2.93 -14.0 2.5 2.5 2.5 2.5 2.5 2.5 0.066 0.038 0.3 0.029 0.043 0.071 2 2 1 2 2 2
1974-04-08T22:30:00 1974 4 8 22 30 0 3.8 0.9 567.0 3.9 2.36 0.56 0.0 0.0 2 2 2 2 2 2 2 2 2.7 2.81 -15.0 0.9 0.9 0.9 0.9 0.9 0.9 0.045 0.019 0.291 0.016 0.014 0.03 2 2 1 2 2 2
1974-04-08T23:30:00 1974 4 8 23 30 0 1.8 2.4 565.0 4.3 2.61 0.45 0.0 0.0 2 2 2 2 2 2 2 2 2.7 2.81 -14.0 2.4 2.4 2.4 2.4 2.4 2.4 0.03 0.009 0.282 0.009 0.004 0.012 2 2 1 2 2 2
