1974-02-22T00:30:00 1974 2 22 0 30 0 -5.4 -0.3 399.0 10.8 3.64 1.32 0.05 0.05 2 2 2 2 2 2 2 2 2.3 2.8 1.0 -0.3 -0.3 -0.3 -0.3 -0.3 -0.3 0.254 0.173 0.49 0.126 0.091 0.352 2 2 2 2 2 2
1974-02-22T01:30:00 1974 2 22 1 30 0 -4.4 -0.2 411.0 8.9 3.41 2.04 0.5 0.49 2 2 2 2 2 2 2 2 2.3 2.71 0.0 -0.2 -0.2 -0.2 -0.2 -0.2 -0.2 0.205 0.183 0.476 0.084 0.151 0.492 2 2 2 2 2 2
1974-02-22T02:30:00 1974 2 22 2 30 0 -0.9 4.5 435.0 8.0 3.03 0.36 0.0 0.0 2 2 2 2 2 2 2 2 2.3 2.66 0.0 4.5 4.5 4.5 4.5 4.5 4.5 0.139 0.091 0.461 0.047 0.048 0.204 2 2 2 2 2 2
1974-02-22T03:30:00 1974 2 22 3 30 0 -5.5 -3.6 429.0 5.3 1.86 1.96 2.05 1.16 2 2 2 2 2 2 2 2 2.7 2.66 -5.0 -3.6 -3.6 -3.6 -3.6 -3.6 -3.6 0.218 0.271 0.457 0.18 0.386 0.515 2 2 2 2 2 2
1974-02-22T04:30:00 1974 2 22 4 30 0 -5.5 -3.1 419.0 5.3 1.74 6.24 7.05 3.74 2 2 2 2 2 2 2 2 2.7 2.66 -11.0 -3.1 -3.1 -3.1 -3.1 -3.1 -3.1 0.416 0.573 0.469 0.43 0.758 0.936 2 2 2 2 2 2
1974-02-22T05:30:00 1974 2 22 5 30 0 -4.5 -4.5 412.0 5.5 1.94 6.45 8.01 4.33 2 2 2 2 2 2 2 2 2.7 2.62 -14.0 -4.5 -4.5 -4.5 -4.5 -4.5 -4.5 0.6 0.795 0.486 0.669 0.972 1.191 2 2 2 2 2 2
1974-02-22T06:30:00 1974 2 22 6 30 0 -6.2 -2.7 406.0 5.4 2.15 6.29 7.21 3.93 2 2 2 2 2 2 2 2 3.0 2.63 -19.0 -2.7 -2.7 -2.7 -2.7 -2.7 -2.7 0.672 0.836 0.496 0.699 0.911 1.18 2 2 2 2 2 2
1974-02-22T07:30:00 1974 2 22 7 30 0 -6.4 3.9 417.0 5.2 2.01 2.84 0.9 0.48 2 2 2 2 2 2 2 2 3.0 2.63 -17.0 3.9 3.9 3.9 3.9 3.9 3.9 0.476 0.454 0.482 0.406 0.331 0.554 2 2 2 2 2 2
1974-02-22T08:30:00 1974 2 22 8 30 0 -4.6 1.1 410.0 4.1 1.4 1.3 0.0 0.0 2 2 2 2 2 2 2 2 3.0 2.72 -13.0 1.1 1.1 1.1 1.1 1.1 1.1 0.322 0.225 0.468 0.227 0.105 0.23 2 2 2 2 2 2
1974-02-22T09:30:00 1974 2 22 9 30 0 -4.1 -0.8 411.0 2.9 1.08 1.52 0.42 0.13 2 2 2 2 2 2 2 2 1.3 2.58 -13.0 -0.8 -0.8 -0.8 -0.8 -0.8 -0.8 0.243 0.173 0.454 0.143 0.127 0.174 2 2 2 2 2 2
1974-02-22T10:30:00 1974 2 22 10 30 0 -4.1 0.8 402.0 2.6 0.93 1.36 0.34 0.1 2 2 2 2 2 2 2 2 1.3 2.45 -12.0 0.8 0.8 0.8 0.8 0.8 0.8 0.172 0.101 0.441 0.083 0.057 0.089 2 2 2 2 2 2
1974-02-22T11:30:00 1974 2 22 11 30 0 -5.3 2.0 363.0 3.1 0.82 1.1 0.0 0.0 2 2 2 2 2 2 2 2 1.3 2.27 -11.0 2.0 2.0 2.0 2.0 2.0 2.0 0.116 0.05 0.427 0.047 0.018 0.037 2 2 2 2 2 2
1974-02-22T12:30:00 1974 2 22 12 30 0 -2.8 -0.9 408.0 3.2 1.26 1.06 0.36 0.12 2 2 2 2 2 2 2 2 0.7 2.01 -9.0 -0.9 -0.9 -0.9 -0.9 -0.9 -0.9 0.103 0.084 0.415 0.042 0.097 0.093 2 2 2 2 2 2
1974-02-22T13:30:00 1974 2 22 13 30 0 -7.9 0.6 360.0 3.9 1.01 2.4 0.46 0.16 2 2 2 2 2 2 2 2 0.7 1.76 -8.0 0.6 0.6 0.6 0.6 0.6 0.6 0.083 0.072 0.403 0.03 0.063 0.076 2 2 2 2 2 2
1974-02-22T14:30:00 1974 2 22 14 30 0 -10.2 1.7 324.0 4.9 1.03 4.22 0.0 0.0 2 2 2 2 2 2 2 2 0.7 1.47 -6.0 1.7 1.7 1.7 1.7 1.7 1.7 0.056 0.036 0.391 0.017 0.02 0.032 2 2 2 2 2 2
1974-02-22T15:30:00 1974 2 22 15 30 0 -9.0 2.3 340.0 4.1 0.95 3.98 0.0 0.0 2 2 2 2 2 2 2 2 1.3 1.27 -3.0 2.3 2.3 2.3 2.3 2.3 2.3 0.038 0.018 0.379 0.009 0.006 0.013 2 2 2 2 2 2
1974-02-22T16:30:00 1974 2 22 16 30 0 -8.9 1.4 342.0 4.9 1.15 3.67 0.0 0.0 2 2 2 2 2 2 2 2 1.3 1.07 -3.0 1.4 1.4 1.4 1.4 1.4 1.4 0.026 0.009 0.367 0.005 0.002 0.005 2 2 2 2 2 2
1974-02-22T17:30:00 1974 2 22 17 30 0 -8.8 -0.2 337.5 4.8 1.1 4.41 0.04 0.02 2 2 1 1 1 2 2 1 1.3 1.08 -4.0 -0.2 -0.2 -0.2 -0.2 -0.2 -0.2 0.023 0.024 0.356 0.005 0.023 0.031 2 1 2 2 1 1
1974-02-22T18:30:00 1974 2 22 18 30 0 -5.9 -3.9 333.0 4.7 1.04 5.32 3.69 1.74 2 2 2 2 2 2 2 2 3.0 1.3 -9.0 -3.9 -3.9 -3.9 -3.9 -3.9 -3.9 0.189 0.358 0.356 0.189 0.382 0.333 2 2 2 2 2 2
1974-02-22T19:30:00 1974 2 22 19 30 0 -9.9 -1.2 384.0 4.4 1.3 6.93 4.34 1.98 2 2 2 2 2 2 2 2 3.0 1.53 -13.0 -1.2 -1.2 -1.2 -1.2 -1.2 -1.2 0.28 0.465 0.355 0.252 0.452 0.456 2 2 2 2 2 2
1974-02-22T20:30:00 1974 2 22 20 30 0 -2.6 -3.3 565.0 2.9 1.71 6.08 5.79 1.99 2 2 2 2 2 2 2 2 3.0 1.82 -12.0 -3.3 -3.3 -3.3 -3.3 -3.3 -3.3 0.4 0.545 0.368 0.403 0.779 0.747 2 2 2 2 2 2
1974-02-22T21:30:00 1974 2 22 21 30 0 2.3 -6.7 612.0 2.9 2.17 9.32 15.25 4.42 2 2 2 2 2 2 2 2 5.0 2.36 -17.0 -6.7 -6.7 -6.7 -6.7 -6.7 -6.7 0.711 0.777 0.445 1.02 1.533 1.337 2 2 2 2 2 2
1974-02-22T22:30:00 1974 2 22 22 30 0 1.5 -6.9 634.0 2.6 2.09 16.09 21.24 5.81 2 2 2 2 2 2 2 2 5.0 2.91 -24.0 -6.9 -6.9 -6.9 -6.9 -6.9 -6.9 1.017 0.952 0.559 1.624 2.005 1.711 2 2 2 2 2 2
1974-02-22T23:30:00 1974 2 22 23 30 0 2.2 -7.1 638.0 2.4 2.48 17.28 22.29 5.55 2 2 2 2 2 2 2 2 5.0 3.37 -26.0 -7.1 -7.1 -7.1 -7.1 -7.1 -7.1 1.226 1.028 0.676 1.983 2.165 1.794 2 2 2 2 2 2
