1974-06-29T00:30:00 1974 6 29 0 30 0 3.4 2.3 732.0 3.9 4.03 1.53 0.0 0.0 2 2 2 2 2 2 2 2 3.3 3.6 -12.0 2.3 2.3 2.3 2.3 2.3 2.3 0.081 0.026 0.667 0.037 0.012 0.052 2 2 2 2 2 2
1974-06-29T01:30:00 1974 6 29 1 30 0 1.8 0.9 722.0 4.1 4.21 0.45 0.0 0.0 2 2 2 2 2 2 2 2 3.3 3.55 -14.0 0.9 0.9 0.9 0.9 0.9 0.9 0.055 0.013 0.647 0.021 0.004 0.021 2 2 2 2 2 2
1974-06-29T02:30:00 1974 6 29 2 30 0 0.0 3.9 717.0 3.8 3.84 0.04 0.0 0.0 2 2 2 2 2 2 2 2 3.3 3.47 -18.0 3.9 3.9 3.9 3.9 3.9 3.9 0.037 0.006 0.627 0.012 0.001 0.009 2 2 2 2 2 2
1974-06-29T03:30:00 1974 6 29 3 30 0 3.2 2.5 724.0 2.9 3.0 0.16 0.0 0.0 2 2 2 2 2 2 2 2 2.7 3.3 -15.0 2.5 2.5 2.5 2.5 2.5 2.5 0.025 0.003 0.608 0.006 0.0 0.004 2 2 2 2 2 2
1974-06-29T04:30:00 1974 6 29 4 30 0 3.1 1.7 705.0 2.6 2.57 0.62 0.0 0.0 2 2 2 2 2 2 2 2 2.7 3.14 -16.0 1.7 1.7 1.7 1.7 1.7 1.7 0.017 0.002 0.589 0.004 0.0 0.002 2 2 2 2 2 2
1974-06-29T05:30:00 1974 6 29 5 30 0 1.5 -0.3 697.0 2.6 2.41 0.51 0.13 0.03 2 2 2 2 2 2 2 2 2.7 3.07 -18.0 -0.3 -0.3 -0.3 -0.3 -0.3 -0.3 0.022 0.023 0.572 0.008 0.075 0.092 2 2 2 2 2 2
1974-06-29T06:30:00 1974 6 29 6 30 0 1.0 -0.2 700.0 2.9 2.76 0.31 0.86 0.24 2 2 2 2 2 2 2 2 2.7 2.99 -21.0 -0.2 -0.2 -0.2 -0.2 -0.2 -0.2 0.047 0.072 0.557 0.02 0.2 0.3 2 2 2 2 2 2
1974-06-29T07:30:00 1974 6 29 7 30 0 4.7 1.1 709.0 2.7 2.57 1.11 0.03 0.01 2 2 2 2 2 2 2 2 2.7 2.92 -18.0 1.1 1.1 1.1 1.1 1.1 1.1 0.032 0.036 0.54 0.011 0.063 0.124 2 2 2 2 2 2
1974-06-29T08:30:00 1974 6 29 8 30 0 4.2 1.4 683.0 2.6 2.41 1.81 0.0 0.0 2 2 2 2 2 2 2 2 2.7 2.84 -14.0 1.4 1.4 1.4 1.4 1.4 1.4 0.021 0.018 0.523 0.006 0.02 0.052 2 2 2 2 2 2
1974-06-29T09:30:00 1974 6 29 9 30 0 2.6 0.1 684.0 2.6 2.37 1.16 0.0 0.0 2 2 2 2 2 2 2 2 4.0 2.94 -12.0 0.1 0.1 0.1 0.1 0.1 0.1 0.014 0.009 0.507 0.004 0.006 0.021 2 2 2 2 2 2
1974-06-29T10:30:00 1974 6 29 10 30 0 -0.1 -1.2 720.0 3.1 3.15 0.55 2.14 0.64 2 2 2 2 2 2 2 2 4.0 3.04 -10.0 -1.2 -1.2 -1.2 -1.2 -1.2 -1.2 0.099 0.143 0.501 0.083 0.445 0.566 2 2 2 2 2 2
1974-06-29T11:30:00 1974 6 29 11 30 0 1.8 -0.4 713.0 3.3 3.37 0.53 2.75 0.88 2 2 2 2 2 2 2 2 4.0 3.2 -8.0 -0.4 -0.4 -0.4 -0.4 -0.4 -0.4 0.152 0.2 0.496 0.114 0.526 0.801 2 2 2 2 2 2
1974-06-29T12:30:00 1974 6 29 12 30 0 1.8 -3.7 715.0 3.3 3.46 3.11 7.81 2.58 2 2 2 2 2 2 2 2 4.3 3.41 -10.0 -3.7 -3.7 -3.7 -3.7 -3.7 -3.7 0.375 0.431 0.531 0.464 1.238 1.565 2 2 2 2 2 2
1974-06-29T13:30:00 1974 6 29 13 30 0 1.2 -0.8 713.0 3.3 3.42 2.71 7.6 2.51 2 2 2 2 2 2 2 2 4.3 3.61 -8.0 -0.8 -0.8 -0.8 -0.8 -0.8 -0.8 0.453 0.461 0.551 0.503 1.129 1.599 2 2 2 2 2 2
1974-06-29T14:30:00 1974 6 29 14 30 0 3.2 -2.2 739.0 3.4 3.67 2.39 5.68 1.91 2 2 2 2 2 2 2 2 4.3 3.8 -10.0 -2.2 -2.2 -2.2 -2.2 -2.2 -2.2 0.505 0.486 0.566 0.524 1.203 1.751 2 2 2 2 2 2
1974-06-29T15:30:00 1974 6 29 15 30 0 2.4 -0.3 772.0 3.1 3.67 2.41 4.4 1.44 2 2 2 2 2 2 2 2 4.0 3.96 -14.0 -0.3 -0.3 -0.3 -0.3 -0.3 -0.3 0.46 0.4 0.566 0.41 0.883 1.467 2 2 2 2 2 2
1974-06-29T16:30:00 1974 6 29 16 30 0 -0.4 0.0 753.0 2.9 3.21 0.29 0.53 0.16 2 2 2 2 2 2 2 2 4.0 4.11 -11.0 0.0 0.0 0.0 0.0 0.0 0.0 0.328 0.229 0.55 0.236 0.37 0.783 2 2 2 2 2 2
1974-06-29T17:30:00 1974 6 29 17 30 0 0.3 0.8 745.0 2.5 2.73 0.0 0.0 0.0 2 2 2 2 2 2 2 2 4.0 4.11 -14.0 0.8 0.8 0.8 0.8 0.8 0.8 0.222 0.114 0.533 0.132 0.117 0.325 2 2 2 2 2 2
1974-06-29T18:30:00 1974 6 29 18 30 0 2.4 -0.5 743.0 2.3 2.5 0.43 0.44 0.1 2 2 2 2 2 2 2 2 3.3 4.02 -16.0 -0.5 -0.5 -0.5 -0.5 -0.5 -0.5 0.174 0.099 0.519 0.09 0.191 0.311 2 2 2 2 2 2
1974-06-29T19:30:00 1974 6 29 19 30 0 3.3 -0.4 757.0 1.9 2.12 1.64 1.67 0.35 2 2 2 2 2 2 2 2 3.3 3.93 -18.0 -0.4 -0.4 -0.4 -0.4 -0.4 -0.4 0.168 0.13 0.508 0.084 0.328 0.416 2 2 2 2 2 2
1974-06-29T20:30:00 1974 6 29 20 30 0 4.1 0.8 750.0 1.9 2.04 1.93 0.19 0.04 2 2 2 2 2 2 2 2 3.3 3.8 -14.0 0.8 0.8 0.8 0.8 0.8 0.8 0.117 0.07 0.492 0.048 0.119 0.194 2 2 2 2 2 2
1974-06-29T21:30:00 1974 6 29 21 30 0 4.3 1.7 671.0 1.9 1.66 1.63 0.0 0.0 2 2 2 2 2 2 2 2 2.3 3.54 -16.0 1.7 1.7 1.7 1.7 1.7 1.7 0.079 0.035 0.477 0.027 0.038 0.08 2 2 2 2 2 2
1974-06-29T22:30:00 1974 6 29 22 30 0 2.6 -0.4 677.0 2.2 1.99 1.26 0.19 0.04 2 2 2 2 2 2 2 2 2.3 3.29 -10.0 -0.4 -0.4 -0.4 -0.4 -0.4 -0.4 0.066 0.042 0.464 0.023 0.093 0.114 2 2 2 2 2 2
1974-06-29T23:30:00 1974 6 29 23 30 0 2.5 -1.1 668.0 2.5 2.23 1.46 2.62 0.62 2 2 2 2 2 2 2 2 2.3 3.08 -10.0 -1.1 -1.1 -1.1 -1.1 -1.1 -1.1 0.134 0.158 0.459 0.09 0.427 0.444 2 2 2 2 2 2
