1974-05-11T00:30:00 1974 5 11 0 30 0 -0.55 -0.03 460.2 5.2 2.56 0.03 0.07 0.04 0 0 1 0 0 0 1 0 0.3 0.23 -2.0 -1.02 -0.75 -1.53 -1.5 -0.78 -0.54 0.314 0.327 0.187 0.302 0.396 0.571 0 0 1 0 0 0
1974-05-11T01:30:00 1974 5 11 1 30 0 -0.55 -0.03 460.3 5.2 2.56 0.03 0.07 0.04 0 0 1 0 0 0 1 0 0.3 0.19 0.0 -1.02 -0.75 -1.53 -1.5 -0.78 -0.54 0.316 0.327 0.193 0.302 0.397 0.572 0 0 1 0 0 0
1974-05-11T02:30:00 1974 5 11 2 30 0 -0.55 -0.03 460.5 5.2 2.56 0.03 0.07 0.04 0 0 1 0 0 0 1 0 0.3 0.19 1.0 -1.02 -0.75 -1.53 -1.5 -0.78 -0.54 0.317 0.327 0.198 0.303 0.397 0.573 0 0 1 0 0 0
1974-05-11T03:30:00 1974 5 11 3 30 0 -0.55 -0.03 460.7 5.2 2.56 0.03 0.07 0.04 0 0 1 0 0 0 1 0 0.3 0.19 0.0 -1.02 -0.75 -1.53 -1.5 -0.78 -0.54 0.318 0.327 0.204 0.303 0.397 0.573 0 0 1 0 0 0
1974-05-11T04:30:00 1974 5 11 4 30 0 -0.55 -0.03 460.8 5.2 2.56 0.03 0.07 0.04 0 0 1 0 0 0 1 0 0.3 0.19 -1.0 -1.02 -0.75 -1.53 -1.5 -0.78 -0.54 0.319 0.327 0.209 0.303 0.397 0.574 0 0 1 0 0 0
1974-05-11T05:30:00 1974 5 11 5 30 0 -0.55 -0.03 461.0 4.87 2.55 0.03 0.07 0.03 0 0 1 1 0 0 1 1 0.3 0.23 -2.0 -1.02 -0.75 -1.53 -1.5 -0.78 -0.54 0.318 0.324 0.213 0.301 0.392 0.555 0 0 1 0 0 0
1974-05-11T06:30:00 1974 5 11 6 30 0 -0.31 -0.03 461.2 4.28 2.54 0.02 0.07 0.03 1 0 1 1 1 1 1 1 0.3 0.26 -3.0 -1.02 -0.75 -1.53 -1.5 -0.78 -0.54 0.313 0.315 0.218 0.294 0.379 0.507 0 0 1 0 0 0
1974-05-11T07:30:00 1974 5 11 7 30 0 0.32 -0.03 461.3 3.68 2.11 0.0 0.07 0.03 1 0 1 1 1 1 1 1 0.3 0.3 -3.0 -1.02 -0.75 -1.53 -1.5 -0.78 -0.54 0.304 0.3 0.221 0.283 0.361 0.44 0 0 1 0 0 0
1974-05-11T08:30:00 1974 5 11 8 30 0 0.96 -0.21 461.5 3.09 1.68 0.06 0.29 0.1 1 1 1 1 1 1 1 1 0.3 0.3 -4.0 -1.08 -0.85 -1.52 -1.5 -0.87 -0.67 0.295 0.29 0.224 0.269 0.351 0.383 0 0 1 0 1 1
1974-05-11T09:30:00 1974 5 11 9 30 0 1.3 -1.22 461.7 2.6 1.25 0.38 1.75 0.48 1 1 1 1 1 1 1 1 2.3 0.56 -5.0 -1.41 -1.36 -1.51 -1.5 -1.37 -1.32 0.3 0.312 0.226 0.253 0.397 0.376 1 1 1 1 1 1
1974-05-11T10:30:00 1974 5 11 10 30 0 1.3 -1.5 461.8 2.6 1.11 0.79 3.17 0.82 2 2 1 1 1 2 2 1 2.3 0.82 -2.0 -1.5 -1.5 -1.5 -1.5 -1.5 -1.5 0.311 0.342 0.227 0.242 0.442 0.388 1 1 1 1 1 1
1974-05-11T11:30:00 1974 5 11 11 30 0 1.6 -1.7 462.0 2.6 1.11 1.05 3.71 0.97 2 2 2 2 2 2 2 2 2.3 1.08 -4.0 -1.7 -1.7 -1.7 -1.7 -1.7 -1.7 0.33 0.372 0.23 0.247 0.483 0.41 1 1 1 1 2 2
1974-05-11T12:30:00 1974 5 11 12 30 0 0.2 0.2 454.0 2.6 1.27 0.34 1.59 0.41 2 2 2 2 2 2 2 2 1.3 1.2 -1.0 0.2 0.2 0.2 0.2 0.2 0.2 0.264 0.259 0.225 0.166 0.263 0.267 1 2 1 1 2 2
1974-05-11T13:30:00 1974 5 11 13 30 0 0.3 1.1 458.0 2.6 0.93 0.0 0.0 0.0 2 2 2 2 2 2 2 2 1.3 1.32 1.0 1.1 1.1 1.1 1.1 1.1 1.1 0.179 0.129 0.218 0.093 0.083 0.111 1 2 1 1 2 2
1974-05-11T14:30:00 1974 5 11 14 30 0 0.5 3.0 447.0 2.2 0.77 0.0 0.0 0.0 2 2 2 2 2 2 2 2 1.3 1.43 1.0 3.0 3.0 3.0 3.0 3.0 3.0 0.121 0.064 0.212 0.052 0.026 0.046 1 2 1 1 2 2
1974-05-11T15:30:00 1974 5 11 15 30 0 2.1 0.4 456.0 2.8 1.04 0.09 0.0 0.0 2 2 2 2 2 2 2 2 1.3 1.55 3.0 0.4 0.4 0.4 0.4 0.4 0.4 0.082 0.032 0.205 0.029 0.008 0.019 1 2 1 1 2 2
1974-05-11T16:30:00 1974 5 11 16 30 0 3.0 0.4 463.0 1.8 0.65 0.52 0.0 0.0 2 2 2 2 2 2 2 2 1.3 1.66 1.0 0.4 0.4 0.4 0.4 0.4 0.4 0.055 0.016 0.199 0.016 0.003 0.008 1 2 1 1 2 2
1974-05-11T17:30:00 1974 5 11 17 30 0 0.9 0.7 463.0 2.7 1.04 0.26 0.0 0.0 2 2 2 2 2 2 2 2 1.3 1.54 4.0 0.7 0.7 0.7 0.7 0.7 0.7 0.038 0.008 0.193 0.009 0.001 0.003 1 2 1 1 2 2
1974-05-11T18:30:00 1974 5 11 18 30 0 0.8 1.5 456.0 2.8 1.01 0.02 0.0 0.0 2 2 2 2 2 2 2 2 1.3 1.42 5.0 1.5 1.5 1.5 1.5 1.5 1.5 0.025 0.004 0.187 0.005 0.0 0.001 1 2 1 1 2 2
1974-05-11T19:30:00 1974 5 11 19 30 0 2.4 3.4 443.0 2.1 0.74 0.06 0.0 0.0 2 2 2 2 2 2 2 2 1.3 1.3 4.0 3.4 3.4 3.4 3.4 3.4 3.4 0.017 0.002 0.181 0.003 0.0 0.001 1 2 1 1 2 2
1974-05-11T20:30:00 1974 5 11 20 30 0 3.4 2.4 459.0 2.5 1.01 0.27 0.0 0.0 2 2 2 2 2 2 2 2 1.3 1.3 7.0 2.4 2.4 2.4 2.4 2.4 2.4 0.012 0.001 0.176 0.002 0.0 0.0 1 2 1 1 2 2
1974-05-11T21:30:00 1974 5 11 21 30 0 2.3 1.0 469.0 3.0 1.2 0.35 0.0 0.0 2 2 2 2 2 2 2 2 2.0 1.39 10.0 1.0 1.0 1.0 1.0 1.0 1.0 0.008 0.0 0.17 0.001 0.0 0.0 1 2 1 1 2 2
1974-05-11T22:30:00 1974 5 11 22 30 0 3.4 -0.1 450.0 2.5 0.94 0.67 0.02 0.01 2 2 2 2 2 2 2 2 2.0 1.48 7.0 -0.1 -0.1 -0.1 -0.1 -0.1 -0.1 0.008 0.01 0.165 0.001 0.017 0.017 2 2 1 2 2 2
1974-05-11T23:30:00 1974 5 11 23 30 0 3.5 -2.1 461.0 3.6 1.47 1.94 2.71 0.88 2 2 2 2 2 2 2 2 2.0 1.57 11.0 -2.1 -2.1 -2.1 -2.1 -2.1 -2.1 0.119 0.21 0.169 0.109 0.358 0.32 2 2 1 2 2 2
