1974-08-08T00:30:00 1974 8 8 0 30 0 -5.6 0.3 569.0 5.3 3.44 2.94 0.0 0.0 2 2 2 2 2 2 2 2 3.7 4.19 -20.0 0.3 0.3 0.3 0.3 0.3 0.3 0.226 0.173 0.364 0.19 0.181 0.451 2 2 1 2 2 2
1974-08-08T01:30:00 1974 8 8 1 30 0 -5.0 -0.5 578.0 5.1 3.44 3.24 0.51 0.26 2 2 2 2 2 2 2 2 3.7 4.19 -14.0 -0.5 -0.5 -0.5 -0.5 -0.5 -0.5 0.187 0.162 0.355 0.126 0.236 0.533 2 2 1 2 2 2
1974-08-08T02:30:00 1974 8 8 2 30 0 -5.1 -3.0 573.0 5.4 3.55 5.17 5.33 2.82 2 2 2 2 2 2 2 2 3.7 4.14 -13.0 -3.0 -3.0 -3.0 -3.0 -3.0 -3.0 0.362 0.432 0.373 0.363 0.884 1.45 2 2 2 2 2 2
1974-08-08T03:30:00 1974 8 8 3 30 0 -3.9 -5.6 578.0 5.1 3.43 9.74 12.69 6.63 2 2 2 2 2 2 2 2 4.7 4.23 -21.0 -5.6 -5.6 -5.6 -5.6 -5.6 -5.6 0.712 0.805 0.444 0.986 1.648 2.422 2 2 2 2 2 2
1974-08-08T04:30:00 1974 8 8 4 30 0 -3.9 -4.61 566.0 5.7 3.72 10.7 14.47 7.84 1 1 2 2 2 1 2 2 4.7 4.32 -39.0 -4.72 -4.68 -4.8 -4.8 -4.69 -4.65 0.983 1.024 0.523 1.409 1.92 2.952 1 1 2 1 1 1
1974-08-08T05:30:00 1974 8 8 5 30 0 -3.32 -0.95 548.0 5.6 3.37 4.69 7.33 4.15 1 1 2 2 2 1 2 2 4.7 4.33 -44.0 -1.48 -1.29 -1.86 -1.83 -1.31 -1.14 0.943 0.885 0.551 1.188 1.386 2.426 1 1 1 1 1 1
1974-08-08T06:30:00 1974 8 8 6 30 0 -2.24 -0.25 546.6 5.6 3.37 1.19 1.56 0.87 1 0 1 1 1 1 1 1 3.3 4.15 -31.0 -0.86 -0.64 -1.3 -1.27 -0.66 -0.47 0.766 0.63 0.551 0.83 0.827 1.629 1 1 1 1 1 1
1974-08-08T07:30:00 1974 8 8 7 30 0 -1.17 -0.25 545.2 5.6 3.33 0.41 0.68 0.38 1 0 1 1 1 1 1 1 3.3 3.97 -21.0 -0.86 -0.64 -1.3 -1.27 -0.66 -0.47 0.624 0.471 0.548 0.602 0.589 1.191 1 1 1 1 0 0
1974-08-08T08:30:00 1974 8 8 8 30 0 -0.76 -0.25 543.8 5.79 3.2 0.16 0.68 0.39 0 0 1 1 1 0 1 1 3.3 3.92 -17.0 -0.86 -0.64 -1.3 -1.27 -0.66 -0.47 0.528 0.393 0.545 0.475 0.515 1.022 1 0 1 1 0 0
1974-08-08T09:30:00 1974 8 8 9 30 0 -0.76 -0.25 542.4 5.83 3.08 0.11 0.68 0.39 0 0 1 1 1 0 1 1 2.3 3.73 -14.0 -0.86 -0.64 -1.3 -1.27 -0.66 -0.47 0.464 0.356 0.543 0.405 0.493 0.958 1 0 1 0 0 0
1974-08-08T10:30:00 1974 8 8 10 30 0 -0.76 -0.25 541.0 5.72 2.95 0.11 0.68 0.39 0 0 1 1 1 0 1 1 2.3 3.55 -14.0 -0.86 -0.64 -1.3 -1.27 -0.66 -0.47 0.42 0.337 0.54 0.364 0.482 0.921 0 0 1 0 0 0
1974-08-08T11:30:00 1974 8 8 11 30 0 -0.76 -0.25 539.6 5.6 2.95 0.11 0.68 0.38 0 0 1 1 1 0 1 1 2.3 3.25 -11.0 -0.86 -0.64 -1.3 -1.27 -0.66 -0.47 0.389 0.325 0.537 0.34 0.475 0.889 0 0 1 0 0 0
1974-08-08T12:30:00 1974 8 8 12 30 0 -0.76 -0.25 538.2 5.38 2.95 0.11 0.67 0.37 0 0 1 1 1 0 1 1 1.7 2.87 -13.0 -0.86 -0.64 -1.3 -1.27 -0.66 -0.47 0.366 0.317 0.534 0.324 0.467 0.851 0 0 1 0 0 0
1974-08-08T13:30:00 1974 8 8 13 30 0 -0.76 -0.25 536.8 5.1 2.95 0.11 0.67 0.35 0 0 1 1 1 0 1 1 1.7 2.51 -13.0 -0.86 -0.64 -1.29 -1.27 -0.66 -0.47 0.349 0.31 0.531 0.312 0.457 0.802 0 0 1 0 0 0
1974-08-08T14:30:00 1974 8 8 14 30 0 -0.76 -0.25 535.4 5.1 2.95 0.11 0.67 0.34 0 0 1 1 1 0 1 1 1.7 2.31 -14.0 -0.86 -0.64 -1.29 -1.27 -0.66 -0.47 0.336 0.305 0.527 0.304 0.45 0.77 0 0 1 0 0 0
1974-08-08T15:30:00 1974 8 8 15 30 0 -0.76 -0.25 534.0 5.1 2.95 0.11 0.67 0.34 0 0 2 2 2 1 1 1 2.3 2.19 -13.0 -0.86 -0.64 -1.29 -1.27 -0.66 -0.47 0.327 0.302 0.524 0.299 0.447 0.754 0 0 1 0 0 0
1974-08-08T16:30:00 1974 8 8 16 30 0 -0.76 -0.25 542.0 5.0 2.87 0.11 0.67 0.34 0 0 2 2 2 1 1 1 2.3 2.07 -12.0 -0.86 -0.64 -1.29 -1.27 -0.66 -0.47 0.321 0.3 0.52 0.297 0.449 0.749 0 0 1 0 0 0
1974-08-08T17:30:00 1974 8 8 17 30 0 -0.76 -0.25 537.0 5.4 3.05 0.11 0.67 0.35 0 0 2 2 2 1 1 1 2.3 2.08 -14.0 -0.86 -0.64 -1.29 -1.27 -0.66 -0.47 0.319 0.302 0.518 0.298 0.455 0.773 0 0 1 0 0 0
1974-08-08T18:30:00 1974 8 8 18 30 0 -0.76 -0.24 532.0 5.0 2.76 0.11 0.65 0.34 0 0 2 2 2 1 1 1 2.7 2.13 -13.0 -0.86 -0.64 -1.29 -1.27 -0.66 -0.47 0.316 0.301 0.514 0.295 0.448 0.756 0 0 1 0 0 0
1974-08-08T19:30:00 1974 8 8 19 30 0 -0.76 -0.24 523.0 5.2 2.77 0.11 0.63 0.32 0 0 2 2 2 1 1 1 2.7 2.19 -11.0 -0.86 -0.64 -1.29 -1.27 -0.66 -0.47 0.312 0.301 0.511 0.292 0.439 0.735 0 0 1 0 0 0
1974-08-08T20:30:00 1974 8 8 20 30 0 -0.76 -0.24 542.0 5.6 3.18 0.11 0.64 0.35 0 0 2 2 2 1 1 1 2.7 2.31 -9.0 -0.86 -0.64 -1.29 -1.27 -0.66 -0.47 0.314 0.305 0.508 0.296 0.455 0.786 0 0 1 0 0 0
1974-08-08T21:30:00 1974 8 8 21 30 0 -0.76 -0.24 513.0 5.9 2.97 0.11 0.63 0.36 0 0 2 2 2 1 1 1 2.7 2.43 -18.0 -0.86 -0.64 -1.29 -1.26 -0.66 -0.47 0.315 0.311 0.505 0.297 0.453 0.811 0 0 1 0 0 0
1974-08-08T22:30:00 1974 8 8 22 30 0 -0.76 -0.24 531.0 4.7 2.48 0.11 0.63 0.33 0 0 2 2 2 1 1 1 2.7 2.56 -22.0 -0.86 -0.64 -1.29 -1.26 -0.66 -0.47 0.312 0.304 0.502 0.291 0.438 0.75 0 0 1 0 0 0
1974-08-08T23:30:00 1974 8 8 23 30 0 -0.75 -0.24 526.0 4.4 2.3 0.11 0.63 0.29 0 0 2 2 2 1 1 1 2.7 2.6 -21.0 -0.86 -0.64 -1.29 -1.26 -0.66 -0.47 0.305 0.293 0.498 0.282 0.422 0.669 0 0 1 0 0 0
