1974-11-24T00:30:00 1974 11 24 0 30 0 -1.0 -1.4 706.0 3.1 3.09 1.58 6.06 1.94 2 2 2 2 2 2 2 2 3.7 3.4 -12.0 -1.4 -1.4 -1.4 -1.4 -1.4 -1.4 0.375 0.406 0.157 0.369 1.007 1.346 2 2 2 2 2 2
1974-11-24T01:30:00 1974 11 24 1 30 0 1.9 3.2 717.0 3.1 3.29 0.1 0.56 0.17 2 2 2 2 2 2 2 2 3.7 3.45 -11.0 3.2 3.2 3.2 3.2 3.2 3.2 0.261 0.214 0.153 0.21 0.35 0.614 2 2 2 2 2 2
1974-11-24T02:30:00 1974 11 24 2 30 0 1.3 4.1 740.0 3.0 3.33 0.06 0.0 0.0 2 2 2 2 2 2 2 2 3.7 3.53 -9.0 4.1 4.1 4.1 4.1 4.1 4.1 0.177 0.107 0.148 0.118 0.111 0.255 2 2 2 2 2 2
1974-11-24T03:30:00 1974 11 24 3 30 0 -2.0 -0.2 751.0 3.1 3.48 0.13 0.06 0.02 2 2 2 2 2 2 2 2 4.0 3.66 -10.0 -0.2 -0.2 -0.2 -0.2 -0.2 -0.2 0.129 0.072 0.144 0.07 0.104 0.217 2 2 2 2 2 2
1974-11-24T04:30:00 1974 11 24 4 30 0 -4.2 -1.2 748.0 3.1 3.45 2.34 2.78 0.86 2 2 2 2 2 2 2 2 4.0 3.78 -18.0 -1.2 -1.2 -1.2 -1.2 -1.2 -1.2 0.193 0.191 0.153 0.139 0.56 0.802 2 2 2 2 2 2
1974-11-24T05:30:00 1974 11 24 5 30 0 -4.2 1.6 762.0 3.0 3.5 2.5 0.78 0.24 2 2 2 2 2 2 2 2 4.0 3.82 -19.0 1.6 1.6 1.6 1.6 1.6 1.6 0.145 0.115 0.15 0.087 0.232 0.425 2 2 2 2 2 2
1974-11-24T06:30:00 1974 11 24 6 30 0 -1.7 4.0 738.0 2.8 3.02 0.5 0.0 0.0 2 2 2 2 2 2 2 2 2.3 3.63 -20.0 4.0 4.0 4.0 4.0 4.0 4.0 0.098 0.057 0.145 0.049 0.073 0.176 2 2 2 2 2 2
1974-11-24T07:30:00 1974 11 24 7 30 0 0.4 3.3 730.0 3.0 3.16 0.01 0.0 0.0 2 2 2 2 2 2 2 2 2.3 3.45 -17.0 3.3 3.3 3.3 3.3 3.3 3.3 0.067 0.028 0.141 0.027 0.023 0.073 2 2 2 2 2 2
1974-11-24T08:30:00 1974 11 24 8 30 0 -3.6 1.7 751.0 2.7 3.05 0.28 0.0 0.0 2 2 2 2 2 2 2 2 2.3 3.27 -14.0 1.7 1.7 1.7 1.7 1.7 1.7 0.045 0.014 0.136 0.015 0.007 0.03 2 2 2 2 2 2
1974-11-24T09:30:00 1974 11 24 9 30 0 -2.4 1.4 697.0 2.7 2.62 0.66 0.0 0.0 2 2 2 2 2 2 2 2 3.3 3.22 -16.0 1.4 1.4 1.4 1.4 1.4 1.4 0.031 0.007 0.132 0.009 0.002 0.013 2 2 2 2 2 2
1974-11-24T10:30:00 1974 11 24 10 30 0 -3.3 -1.9 699.5 2.7 2.62 1.73 2.19 0.59 2 2 1 1 1 2 2 1 3.3 3.18 -17.0 -1.9 -1.9 -1.9 -1.9 -1.9 -1.9 0.114 0.141 0.14 0.109 0.451 0.473 1 1 2 1 1 1
1974-11-24T11:30:00 1974 11 24 11 30 0 -3.3 -1.51 702.0 2.7 2.65 3.42 5.92 1.6 1 1 1 1 1 1 1 1 3.3 3.1 -19.0 -1.71 -1.66 -1.81 -1.8 -1.67 -1.63 0.259 0.301 0.165 0.283 0.849 0.924 1 1 2 1 1 1
1974-11-24T12:30:00 1974 11 24 12 30 0 -2.8 -0.08 704.5 3.46 2.73 1.98 2.58 0.77 1 1 1 1 1 1 1 1 3.3 3.02 -17.0 -1.01 -0.79 -1.45 -1.43 -0.81 -0.62 0.318 0.328 0.186 0.352 0.807 1.037 1 1 2 1 1 1
1974-11-24T13:30:00 1974 11 24 13 30 0 -1.88 0.19 707.0 4.38 2.82 0.76 0.03 0.01 1 0 1 1 1 1 1 1 3.3 2.94 -16.0 -0.88 -0.62 -1.39 -1.36 -0.65 -0.43 0.336 0.311 0.205 0.382 0.706 1.079 1 1 1 1 0 0
1974-11-24T14:30:00 1974 11 24 14 30 0 -0.96 0.19 709.5 5.31 2.91 0.25 0.0 0.0 1 0 1 1 1 1 1 1 3.3 3.06 -17.0 -0.88 -0.62 -1.39 -1.36 -0.65 -0.43 0.354 0.308 0.226 0.412 0.695 1.249 0 0 1 0 0 0
1974-11-24T15:30:00 1974 11 24 15 30 0 -0.61 0.19 712.0 6.23 2.91 0.07 0.0 0.0 0 0 1 1 0 0 1 1 4.7 3.36 -20.0 -0.88 -0.62 -1.39 -1.35 -0.65 -0.43 0.375 0.32 0.247 0.443 0.727 1.522 0 0 1 0 0 0
1974-11-24T16:30:00 1974 11 24 16 30 0 -0.61 0.19 714.5 6.73 2.91 0.04 0.0 0.0 0 0 1 0 0 0 1 0 4.7 3.66 -17.0 -0.88 -0.62 -1.39 -1.35 -0.64 -0.43 0.395 0.334 0.27 0.47 0.758 1.784 0 0 1 0 0 0
1974-11-24T17:30:00 1974 11 24 17 30 0 -0.61 0.19 717.0 6.73 2.91 0.04 0.0 0.0 0 0 1 0 0 0 1 0 4.7 3.84 -17.0 -0.88 -0.62 -1.38 -1.35 -0.64 -0.42 0.411 0.343 0.292 0.489 0.773 1.926 0 0 1 0 0 0
1974-11-24T18:30:00 1974 11 24 18 30 0 -0.61 0.19 719.5 6.74 2.91 0.04 0.0 0.0 0 0 1 0 0 0 1 0 4.0 3.93 -21.0 -0.88 -0.62 -1.38 -1.35 -0.64 -0.42 0.422 0.347 0.314 0.5 0.782 1.993 0 0 1 0 0 0
1974-11-24T19:30:00 1974 11 24 19 30 0 -0.61 0.19 722.0 6.24 2.91 0.04 0.0 0.0 0 0 1 1 0 0 1 1 4.0 4.01 -22.0 -0.88 -0.62 -1.38 -1.35 -0.64 -0.42 0.427 0.345 0.334 0.503 0.775 1.952 0 0 1 0 0 0
1974-11-24T20:30:00 1974 11 24 20 30 0 -0.61 0.19 724.5 5.31 2.91 0.04 0.0 0.0 0 0 1 1 1 0 1 1 4.0 4.09 -20.0 -0.88 -0.62 -1.38 -1.35 -0.64 -0.42 0.423 0.334 0.353 0.493 0.748 1.765 0 0 1 0 0 0
1974-11-24T21:30:00 1974 11 24 21 30 0 -0.85 0.19 727.0 4.39 2.91 0.06 0.0 0.0 1 0 1 1 1 1 1 1 5.0 4.3 -20.0 -0.88 -0.62 -1.38 -1.35 -0.64 -0.42 0.413 0.316 0.37 0.473 0.705 1.496 0 0 1 0 0 0
1974-11-24T22:30:00 1974 11 24 22 30 0 -1.46 0.19 729.5 3.46 2.91 0.18 0.0 0.0 1 0 1 1 1 1 1 1 5.0 4.51 -12.0 -0.88 -0.62 -1.38 -1.35 -0.64 -0.42 0.395 0.293 0.384 0.445 0.654 1.199 0 0 1 0 0 0
1974-11-24T23:30:00 1974 11 24 23 30 0 -2.07 0.2 732.0 2.7 2.91 0.43 0.0 0.0 1 1 1 1 1 1 1 1 5.0 4.56 -12.0 -0.73 -0.5 -1.17 -1.14 -0.52 -0.33 0.363 0.256 0.392 0.392 0.562 0.89 0 0 1 0 1 0
