1974-05-02T00:30:00 1974 5 2 0 30 0 -0.83 -0.1 454.6 6.78 2.66 0.2 0.23 0.16 1 0 1 1 1 1 1 1 3.0 2.96 3.0 -1.01 -0.75 -1.5 -1.47 -0.78 -0.55 0.281 0.336 0.386 0.27 0.427 0.788 0 0 2 0 0 0
1974-05-02T01:30:00 1974 5 2 1 30 0 -0.48 -0.1 443.8 6.74 2.44 0.05 0.22 0.15 1 0 1 1 1 1 1 1 3.0 3.0 0.0 -1.01 -0.75 -1.5 -1.47 -0.78 -0.55 0.301 0.352 0.385 0.291 0.423 0.769 0 0 2 0 0 0
1974-05-02T02:30:00 1974 5 2 2 30 0 -0.65 -0.1 433.0 6.7 2.4 0.04 0.22 0.15 1 0 2 2 2 1 1 1 3.0 2.96 -3.0 -1.01 -0.75 -1.5 -1.47 -0.78 -0.55 0.313 0.358 0.384 0.298 0.41 0.733 0 0 2 0 0 0
1974-05-02T03:30:00 1974 5 2 3 30 0 -0.81 0.13 428.0 6.5 2.24 0.05 0.04 0.03 1 1 2 2 2 1 2 2 2.7 2.89 -4.0 -0.66 -0.44 -1.09 -1.06 -0.46 -0.26 0.296 0.323 0.381 0.268 0.34 0.607 0 0 2 0 1 1
1974-05-02T04:30:00 1974 5 2 4 30 0 -0.9 1.36 433.0 6.1 2.22 0.03 0.0 0.0 1 1 2 2 2 1 2 2 2.7 2.81 -7.0 1.19 1.24 1.1 1.11 1.24 1.28 0.206 0.163 0.37 0.157 0.112 0.252 0 0 2 0 1 1
1974-05-02T05:30:00 1974 5 2 5 30 0 -0.9 1.7 434.0 6.1 2.2 0.01 0.0 0.0 2 2 2 2 2 2 2 2 2.7 2.81 -5.0 1.7 1.7 1.7 1.7 1.7 1.7 0.14 0.081 0.358 0.088 0.036 0.104 0 0 2 0 1 1
1974-05-02T06:30:00 1974 5 2 6 30 0 -3.2 -1.3 443.0 6.4 2.37 0.59 0.75 0.47 2 2 2 2 2 2 2 2 3.0 2.85 -1.0 -1.3 -1.3 -1.3 -1.3 -1.3 -1.3 0.15 0.162 0.35 0.094 0.215 0.364 1 2 2 1 2 2
1974-05-02T07:30:00 1974 5 2 7 30 0 -3.6 -2.3 430.0 6.5 2.41 2.38 4.01 2.59 2 2 2 2 2 2 2 2 3.0 2.89 -3.0 -2.3 -2.3 -2.3 -2.3 -2.3 -2.3 0.29 0.425 0.354 0.247 0.585 0.919 2 2 2 2 2 2
1974-05-02T08:30:00 1974 5 2 8 30 0 -3.0 -1.6 429.0 6.0 2.12 2.32 4.12 2.58 2 2 2 2 2 2 2 2 3.0 2.89 -5.0 -1.6 -1.6 -1.6 -1.6 -1.6 -1.6 0.371 0.53 0.357 0.308 0.648 1.051 2 2 2 2 2 2
1974-05-02T09:30:00 1974 5 2 9 30 0 -2.5 -1.8 427.0 6.0 2.08 1.72 3.65 2.19 2 2 2 2 2 2 2 2 2.3 2.8 -9.0 -1.8 -1.8 -1.8 -1.8 -1.8 -1.8 0.414 0.568 0.358 0.328 0.65 1.064 2 2 2 2 2 2
1974-05-02T10:30:00 1974 5 2 10 30 0 -2.0 -0.5 417.0 6.1 2.01 0.97 2.32 1.4 2 2 2 2 2 2 2 2 2.3 2.71 -7.0 -0.5 -0.5 -0.5 -0.5 -0.5 -0.5 0.376 0.478 0.352 0.255 0.471 0.864 2 2 2 2 2 2
1974-05-02T11:30:00 1974 5 2 11 30 0 -4.0 1.2 428.0 6.0 2.1 0.69 0.11 0.07 2 2 2 2 2 2 2 2 2.3 2.66 -7.0 1.2 1.2 1.2 1.2 1.2 1.2 0.257 0.244 0.342 0.143 0.157 0.378 2 2 2 2 2 2
1974-05-02T12:30:00 1974 5 2 12 30 0 -4.7 -1.4 420.0 6.7 2.22 1.82 0.92 0.61 2 2 2 2 2 2 2 2 2.3 2.6 -8.0 -1.4 -1.4 -1.4 -1.4 -1.4 -1.4 0.238 0.268 0.335 0.132 0.274 0.515 2 2 2 2 2 2
1974-05-02T13:30:00 1974 5 2 13 30 0 -3.6 -3.1 413.0 7.4 2.3 3.37 4.82 3.44 2 2 2 2 2 2 2 2 2.3 2.55 -9.0 -3.1 -3.1 -3.1 -3.1 -3.1 -3.1 0.397 0.558 0.343 0.341 0.689 1.12 2 2 2 2 2 2
1974-05-02T14:30:00 1974 5 2 14 30 0 -5.4 -4.5 424.0 9.1 2.92 6.15 8.09 6.77 2 2 2 2 2 2 2 2 2.3 2.47 -10.0 -4.5 -4.5 -4.5 -4.5 -4.5 -4.5 0.653 0.909 0.372 0.72 1.127 1.974 2 2 2 2 2 2
1974-05-02T15:30:00 1974 5 2 15 30 0 -5.9 -2.6 413.0 10.7 3.19 6.63 7.26 7.18 2 2 2 2 2 2 2 2 4.7 2.7 -10.0 -2.6 -2.6 -2.6 -2.6 -2.6 -2.6 0.781 1.032 0.393 0.823 1.151 2.418 2 2 2 2 2 2
1974-05-02T16:30:00 1974 5 2 16 30 0 -4.2 -5.6 427.0 19.9 6.4 7.35 8.9 14.46 2 2 2 2 2 2 2 2 4.7 2.93 -1.0 -5.6 -5.6 -5.6 -5.6 -5.6 -5.6 1.093 1.462 0.442 1.315 1.715 5.075 2 2 2 2 2 2
1974-05-02T17:30:00 1974 5 2 17 30 0 1.1 -3.1 432.0 22.0 7.08 5.01 9.12 19.09 2 2 2 2 2 2 2 2 4.7 3.23 1.0 -3.1 -3.1 -3.1 -3.1 -3.1 -3.1 1.29 1.662 0.489 1.505 1.838 7.079 2 2 2 2 2 2
1974-05-02T18:30:00 1974 5 2 18 30 0 3.2 0.1 431.0 19.1 6.57 1.32 2.97 6.23 2 2 2 2 2 2 2 2 3.7 3.4 -5.0 0.1 0.1 0.1 0.1 0.1 0.1 1.034 1.136 0.486 0.991 0.97 4.733 2 2 2 2 2 2
1974-05-02T19:30:00 1974 5 2 19 30 0 1.2 4.5 438.0 15.1 5.48 0.19 0.0 0.0 2 2 2 2 2 2 2 2 3.7 3.57 -4.0 4.5 4.5 4.5 4.5 4.5 4.5 0.7 0.564 0.471 0.555 0.307 1.963 2 2 2 2 2 2
1974-05-02T20:30:00 1974 5 2 20 30 0 0.9 5.0 445.0 11.8 4.57 0.01 0.0 0.0 2 2 2 2 2 2 2 2 3.7 3.74 1.0 5.0 5.0 5.0 5.0 5.0 5.0 0.474 0.28 0.457 0.311 0.097 0.814 2 2 2 2 2 2
1974-05-02T21:30:00 1974 5 2 21 30 0 1.5 6.6 460.0 11.5 4.81 0.01 0.0 0.0 2 2 2 2 2 2 2 2 4.0 3.94 8.0 6.6 6.6 6.6 6.6 6.6 6.6 0.321 0.139 0.443 0.174 0.031 0.338 2 2 2 2 2 2
1974-05-02T22:30:00 1974 5 2 22 30 0 2.15 -0.05 522.0 10.9 6.15 0.14 0.01 0.01 1 1 2 2 2 1 2 2 4.0 4.14 13.0 -0.05 -0.05 -0.05 -0.05 -0.05 -0.05 0.22 0.081 0.43 0.098 0.034 0.253 2 2 2 2 1 2
1974-05-02T23:30:00 1974 5 2 23 30 0 2.8 -6.7 556.0 7.4 4.97 6.19 9.96 8.43 2 2 2 2 2 2 2 2 4.0 4.06 6.0 -6.7 -6.7 -6.7 -6.7 -6.7 -6.7 0.651 0.73 0.497 0.908 1.492 2.924 2 2 2 2 2 2
