1974-03-16T00:30:00 1974 3 16 0 30 0 2.7 2.3 407.0 9.1 3.01 0.87 0.03 0.02 2 2 2 2 2 2 2 2 2.7 1.37 6.0 2.3 2.3 2.3 2.3 2.3 2.3 0.009 0.019 0.137 0.004 0.018 0.044 2 2 2 2 2 2
1974-03-16T01:30:00 1974 3 16 1 30 0 3.1 3.6 405.0 10.7 3.51 0.21 0.0 0.0 2 2 2 2 2 2 2 2 2.7 1.55 7.0 3.6 3.6 3.6 3.6 3.6 3.6 0.006 0.01 0.132 0.002 0.006 0.018 2 2 2 2 2 2
1974-03-16T02:30:00 1974 3 16 2 30 0 2.8 4.4 407.0 12.6 4.17 0.17 0.0 0.0 2 2 2 2 2 2 2 2 2.7 1.73 8.0 4.4 4.4 4.4 4.4 4.4 4.4 0.004 0.005 0.128 0.001 0.002 0.008 2 2 2 2 2 2
1974-03-16T03:30:00 1974 3 16 3 30 0 3.4 1.6 407.0 11.6 3.84 0.29 0.0 0.0 2 2 2 2 2 2 2 2 2.3 1.86 10.0 1.6 1.6 1.6 1.6 1.6 1.6 0.003 0.002 0.124 0.001 0.001 0.003 2 2 2 2 2 2
1974-03-16T04:30:00 1974 3 16 4 30 0 1.2 -3.2 405.0 8.0 2.62 1.12 2.43 2.12 2 2 2 2 2 2 2 2 2.3 1.98 4.0 -3.2 -3.2 -3.2 -3.2 -3.2 -3.2 0.165 0.324 0.132 0.181 0.461 0.792 2 2 2 2 2 2
1974-03-16T05:30:00 1974 3 16 5 30 0 0.8 -1.1 404.0 8.3 2.71 1.24 4.17 3.39 2 2 2 2 2 2 2 2 2.3 2.14 1.0 -1.1 -1.1 -1.1 -1.1 -1.1 -1.1 0.295 0.51 0.141 0.278 0.596 1.139 2 2 2 2 2 2
1974-03-16T06:30:00 1974 3 16 6 30 0 -1.3 -1.9 402.0 8.9 2.88 0.65 3.09 2.67 2 2 2 2 2 2 2 2 4.0 2.52 -2.0 -1.9 -1.9 -1.9 -1.9 -1.9 -1.9 0.369 0.598 0.148 0.313 0.646 1.328 2 2 2 2 2 2
1974-03-16T07:30:00 1974 3 16 7 30 0 -2.1 -3.9 407.0 8.1 2.68 2.57 6.04 5.09 2 2 2 2 2 2 2 2 4.0 2.89 -8.0 -3.9 -3.9 -3.9 -3.9 -3.9 -3.9 0.554 0.83 0.17 0.552 0.932 1.729 2 2 2 2 2 2
1974-03-16T08:30:00 1974 3 16 8 30 0 -4.4 -1.6 411.0 8.2 2.77 3.18 5.43 4.42 2 2 2 2 2 2 2 2 4.0 3.06 -6.0 -1.6 -1.6 -1.6 -1.6 -1.6 -1.6 0.61 0.834 0.184 0.562 0.855 1.687 2 2 2 2 2 2
1974-03-16T09:30:00 1974 3 16 9 30 0 -4.7 1.8 404.0 8.6 2.99 1.64 0.64 0.53 2 2 2 2 2 2 2 2 2.3 3.0 -6.0 1.8 1.8 1.8 1.8 1.8 1.8 0.431 0.452 0.179 0.326 0.312 0.795 2 2 2 2 2 2
1974-03-16T10:30:00 1974 3 16 10 30 0 -3.6 4.3 400.0 9.0 3.01 0.55 0.0 0.0 2 2 2 2 2 2 2 2 2.3 2.94 2.0 4.3 4.3 4.3 4.3 4.3 4.3 0.292 0.224 0.174 0.183 0.099 0.33 2 2 2 2 2 2
1974-03-16T11:30:00 1974 3 16 11 30 0 -5.2 2.8 405.0 12.0 3.97 0.63 0.0 0.0 2 2 2 2 2 2 2 2 2.3 2.93 11.0 2.8 2.8 2.8 2.8 2.8 2.8 0.198 0.111 0.169 0.102 0.031 0.137 2 2 2 2 2 2
1974-03-16T12:30:00 1974 3 16 12 30 0 -5.8 -2.6 408.0 13.9 4.87 2.78 1.5 2.05 2 2 2 2 2 2 2 2 4.7 3.24 10.0 -2.6 -2.6 -2.6 -2.6 -2.6 -2.6 0.265 0.335 0.172 0.201 0.416 1.108 2 2 2 2 2 2
1974-03-16T13:30:00 1974 3 16 13 30 0 2.5 -6.0 408.0 17.9 5.97 5.59 9.06 14.79 2 2 2 2 2 2 2 2 4.7 3.54 2.0 -6.0 -6.0 -6.0 -6.0 -6.0 -6.0 0.75 1.135 0.227 0.979 1.436 4.128 2 2 2 2 2 2
1974-03-16T14:30:00 1974 3 16 14 30 0 4.4 -11.3 433.0 12.2 4.34 18.81 18.75 27.2 2 2 2 2 2 2 2 2 4.7 3.64 -17.0 -11.3 -11.3 -11.3 -11.3 -11.3 -11.3 1.495 1.965 0.37 2.538 2.488 6.217 2 2 2 2 2 2
1974-03-16T15:30:00 1974 3 16 15 30 0 4.3 -13.2 445.0 15.0 6.35 33.94 27.1 37.29 2 2 2 2 2 2 2 2 6.3 3.95 -37.0 -13.2 -13.2 -13.2 -13.2 -13.2 -13.2 2.318 2.689 0.598 4.41 3.409 8.448 2 2 2 2 2 2
1974-03-16T16:30:00 1974 3 16 16 30 0 10.4 -10.9 456.0 24.6 10.35 37.29 26.94 54.07 2 2 2 2 2 2 2 2 6.3 4.25 -59.0 -10.9 -10.9 -10.9 -10.9 -10.9 -10.9 3.037 3.309 0.853 5.785 4.125 13.806 2 2 2 2 2 2
1974-03-16T17:30:00 1974 3 16 17 30 0 9.6 -11.6 459.0 19.9 9.16 38.52 25.81 56.85 2 2 2 2 2 2 2 2 6.3 4.75 -81.0 -11.6 -11.6 -11.6 -11.6 -11.6 -11.6 3.513 3.593 1.1 6.513 4.354 16.025 2 2 2 2 2 2
1974-03-16T18:30:00 1974 3 16 18 30 0 10.7 -11.1 453.0 19.3 8.52 39.0 25.82 50.55 2 2 2 2 2 2 2 2 7.0 5.33 -83.0 -11.1 -11.1 -11.1 -11.1 -11.1 -11.1 3.765 3.639 1.324 6.734 4.259 15.599 2 2 2 2 2 2
1974-03-16T19:30:00 1974 3 16 19 30 0 6.6 6.4 452.0 17.1 7.33 11.51 6.95 13.05 2 2 2 2 2 2 2 2 7.0 5.9 -86.0 6.4 6.4 6.4 6.4 6.4 6.4 2.817 2.191 1.322 4.169 1.848 8.355 2 2 2 2 2 2
1974-03-16T20:30:00 1974 3 16 20 30 0 3.1 12.8 488.0 7.7 3.88 0.38 0.0 0.0 2 2 2 2 2 2 2 2 7.0 6.19 -87.0 12.8 12.8 12.8 12.8 12.8 12.8 1.907 1.088 1.282 2.334 0.585 3.466 2 2 2 2 2 2
1974-03-16T21:30:00 1974 3 16 21 30 0 5.0 10.8 519.0 8.4 4.56 0.19 0.0 0.0 2 2 2 2 2 2 2 2 3.0 5.94 -72.0 10.8 10.8 10.8 10.8 10.8 10.8 1.291 0.54 1.243 1.307 0.185 1.438 2 2 2 2 2 2
1974-03-16T22:30:00 1974 3 16 22 30 0 2.4 6.3 544.0 7.4 4.75 0.19 0.0 0.0 2 2 2 2 2 2 2 2 3.0 5.7 -66.0 6.3 6.3 6.3 6.3 6.3 6.3 0.874 0.268 1.205 0.732 0.059 0.596 2 2 2 2 2 2
1974-03-16T23:30:00 1974 3 16 23 30 0 3.3 5.7 554.0 7.4 5.11 0.15 0.0 0.0 2 2 2 2 2 2 2 2 3.0 5.28 -61.0 5.7 5.7 5.7 5.7 5.7 5.7 0.592 0.133 1.168 0.41 0.019 0.247 2 2 2 2 2 2
