1974-01-17T00:30:00 1974 1 17 0 30 0 -0.3 -0.5 605.0 3.2 2.24 0.14 0.21 0.07 2 2 2 2 2 2 2 2 4.0 2.75 -6.0 -0.5 -0.5 -0.5 -0.5 -0.5 -0.5 0.033 0.035 0.257 0.014 0.093 0.114 2 2 2 2 2 2
1974-01-17T01:30:00 1974 1 17 1 30 0 4.0 0.1 600.0 3.0 2.13 0.74 0.57 0.18 2 2 2 2 2 2 2 2 4.0 2.88 -6.0 0.1 0.1 0.1 0.1 0.1 0.1 0.039 0.052 0.25 0.016 0.101 0.16 2 2 2 2 2 2
1974-01-17T02:30:00 1974 1 17 2 30 0 -1.4 -1.7 594.0 3.4 2.44 0.9 2.61 0.86 2 2 2 2 2 2 2 2 4.0 3.02 -3.0 -1.7 -1.7 -1.7 -1.7 -1.7 -1.7 0.137 0.205 0.253 0.116 0.475 0.568 2 2 2 2 2 2
1974-01-17T03:30:00 1974 1 17 3 30 0 -1.4 -1.35 614.0 3.4 2.56 1.23 4.56 1.55 1 1 2 2 2 1 2 2 4.3 3.19 -4.0 -1.5 -1.47 -1.57 -1.57 -1.47 -1.45 0.251 0.333 0.265 0.238 0.718 0.89 1 1 2 1 1 1
1974-01-17T04:30:00 1974 1 17 4 30 0 -1.27 -0.04 612.0 2.9 2.15 0.53 1.96 0.63 1 1 2 2 2 1 2 2 4.3 3.35 -3.0 -0.78 -0.62 -1.09 -1.07 -0.64 -0.5 0.277 0.317 0.271 0.253 0.599 0.778 1 1 2 1 1 1
1974-01-17T05:30:00 1974 1 17 5 30 0 -1.02 0.2 591.0 2.6 1.82 0.15 0.01 0.0 1 0 2 2 2 1 1 1 4.3 3.64 0.0 -0.64 -0.46 -1.0 -0.98 -0.48 -0.32 0.258 0.256 0.272 0.226 0.429 0.545 1 1 2 1 0 1
1974-01-17T06:30:00 1974 1 17 6 30 0 -0.78 0.2 582.0 3.1 2.35 0.07 0.0 0.0 1 0 2 2 2 1 1 1 2.3 3.65 2.0 -0.64 -0.46 -1.0 -0.98 -0.48 -0.32 0.241 0.223 0.273 0.208 0.361 0.443 1 0 2 0 0 0
1974-01-17T07:30:00 1974 1 17 7 30 0 -0.68 0.2 583.0 3.4 2.35 0.05 0.0 0.0 0 0 2 2 2 1 1 1 2.3 3.67 3.0 -0.64 -0.46 -1.0 -0.98 -0.48 -0.32 0.233 0.211 0.274 0.202 0.35 0.433 0 0 2 0 0 0
1974-01-17T08:30:00 1974 1 17 8 30 0 -0.68 0.2 567.0 3.9 2.57 0.04 0.0 0.0 0 0 2 2 2 1 1 1 2.3 3.45 5.0 -0.64 -0.46 -1.0 -0.98 -0.48 -0.32 0.23 0.211 0.275 0.201 0.351 0.46 0 0 2 0 0 0
1974-01-17T09:30:00 1974 1 17 9 30 0 -0.69 0.2 568.0 4.1 2.69 0.04 0.0 0.0 0 0 2 2 2 1 1 1 2.0 3.2 6.0 -0.64 -0.46 -1.0 -0.98 -0.48 -0.32 0.229 0.214 0.276 0.203 0.356 0.494 0 0 2 0 0 0
1974-01-17T10:30:00 1974 1 17 10 30 0 -0.69 0.2 557.0 4.5 2.87 0.04 0.0 0.0 0 0 2 2 2 1 1 1 2.0 2.95 2.0 -0.64 -0.46 -1.0 -0.98 -0.48 -0.32 0.231 0.22 0.277 0.205 0.36 0.531 0 0 2 0 0 0
1974-01-17T11:30:00 1974 1 17 11 30 0 -0.69 0.2 552.0 4.3 2.7 0.04 0.0 0.0 0 0 2 2 2 1 1 1 2.0 2.66 0.0 -0.64 -0.46 -1.0 -0.98 -0.48 -0.32 0.231 0.223 0.278 0.205 0.356 0.535 0 0 1 0 0 0
1974-01-17T12:30:00 1974 1 17 12 30 0 -0.69 0.2 565.0 3.9 2.53 0.04 0.0 0.0 0 0 2 2 2 1 1 1 1.3 2.29 2.0 -0.64 -0.46 -1.0 -0.98 -0.48 -0.32 0.229 0.22 0.278 0.203 0.352 0.515 0 0 1 0 0 0
1974-01-17T13:30:00 1974 1 17 13 30 0 -0.69 0.2 550.0 3.8 2.33 0.04 0.0 0.0 0 0 2 2 2 1 1 1 1.3 1.93 1.0 -0.64 -0.46 -1.0 -0.98 -0.48 -0.32 0.226 0.216 0.279 0.199 0.342 0.482 0 0 1 0 0 0
1974-01-17T14:30:00 1974 1 17 14 30 0 -0.69 0.2 518.0 3.0 1.53 0.04 0.0 0.0 0 0 2 2 2 1 1 1 1.3 1.8 -3.0 -0.64 -0.46 -1.0 -0.98 -0.48 -0.32 0.217 0.205 0.278 0.187 0.307 0.393 0 0 1 0 0 0
1974-01-17T15:30:00 1974 1 17 15 30 0 -0.69 0.2 518.0 3.4 1.65 0.04 0.0 0.0 0 0 2 2 2 1 1 1 2.7 1.86 -5.0 -0.64 -0.46 -1.0 -0.98 -0.48 -0.33 0.21 0.2 0.276 0.178 0.291 0.351 0 0 1 0 0 0
1974-01-17T16:30:00 1974 1 17 16 30 0 -0.69 0.19 508.0 3.1 1.55 0.04 0.0 0.0 0 0 1 1 1 0 1 1 2.7 1.92 -6.0 -0.64 -0.46 -1.0 -0.98 -0.48 -0.33 0.204 0.196 0.274 0.171 0.28 0.322 0 0 1 0 0 0
1974-01-17T17:30:00 1974 1 17 17 30 0 -0.69 0.19 498.0 2.8 1.44 0.04 0.0 0.0 0 0 2 2 2 1 1 1 2.7 2.01 -7.0 -0.64 -0.46 -1.0 -0.98 -0.48 -0.33 0.197 0.189 0.272 0.163 0.263 0.282 0 0 1 0 0 0
1974-01-17T18:30:00 1974 1 17 18 30 0 -0.69 0.19 500.7 2.97 1.5 0.03 0.0 0.0 0 0 1 1 1 0 1 1 3.7 2.23 -8.0 -0.64 -0.46 -1.0 -0.98 -0.48 -0.33 0.192 0.186 0.27 0.158 0.258 0.266 0 0 1 0 0 0
1974-01-17T19:30:00 1974 1 17 19 30 0 -0.69 0.19 503.3 3.13 1.57 0.04 0.0 0.0 0 0 1 1 1 0 1 1 3.7 2.45 -12.0 -0.64 -0.46 -1.0 -0.98 -0.48 -0.33 0.19 0.187 0.268 0.158 0.262 0.273 0 0 1 0 0 0
1974-01-17T20:30:00 1974 1 17 20 30 0 -0.69 0.19 506.0 3.3 1.63 0.04 0.0 0.0 0 0 2 2 2 1 1 1 3.7 2.75 -13.0 -0.64 -0.46 -1.0 -0.98 -0.48 -0.33 0.191 0.19 0.267 0.159 0.269 0.289 0 0 1 0 0 0
1974-01-17T21:30:00 1974 1 17 21 30 0 -0.69 0.19 499.0 3.3 1.54 0.04 0.0 0.0 0 0 2 2 2 1 1 1 2.7 2.92 -13.0 -0.64 -0.46 -1.0 -0.98 -0.48 -0.33 0.191 0.192 0.265 0.16 0.269 0.296 0 0 1 0 0 0
1974-01-17T22:30:00 1974 1 17 22 30 0 -0.69 0.19 504.0 3.2 1.59 0.04 0.0 0.0 0 0 2 2 2 1 1 1 2.7 3.08 -10.0 -0.64 -0.46 -1.0 -0.98 -0.48 -0.33 0.191 0.192 0.264 0.16 0.269 0.295 0 0 1 0 0 0
1974-01-17T23:30:00 1974 1 17 23 30 0 -0.69 0.19 512.0 3.3 1.64 0.04 0.0 0.0 0 0 2 2 2 1 1 1 2.7 3.07 -7.0 -0.64 -0.46 -1.0 -0.98 -0.48 -0.33 0.191 0.193 0.262 0.161 0.274 0.303 0 0 1 0 0 0
