1974-08-19T00:30:00 1974 8 19 0 30 0 -8.3 -2.1 344.0 18.8 4.34 9.72 7.34 13.52 2 2 2 2 2 2 2 2 4.0 2.84 -12.0 -2.1 -2.1 -2.1 -2.1 -2.1 -2.1 0.996 1.522 0.229 1.187 1.247 3.904 2 2 2 2 2 2
1974-08-19T01:30:00 1974 8 19 1 30 0 -6.4 0.3 348.0 16.9 4.09 4.13 1.44 2.62 2 2 2 2 2 2 2 2 4.0 3.05 -10.0 0.3 0.3 0.3 0.3 0.3 0.3 0.755 0.949 0.226 0.72 0.569 2.271 2 2 2 2 2 2
1974-08-19T02:30:00 1974 8 19 2 30 0 -6.9 -5.2 348.0 15.5 3.8 5.73 4.66 7.41 2 2 2 2 2 2 2 2 4.0 3.34 -4.0 -5.2 -5.2 -5.2 -5.2 -5.2 -5.2 0.861 1.178 0.244 0.848 0.951 2.829 2 2 2 2 2 2
1974-08-19T03:30:00 1974 8 19 3 30 0 -10.0 0.4 343.0 17.0 3.99 7.02 3.81 6.1 2 2 2 2 2 2 2 2 3.3 3.52 -5.0 0.4 0.4 0.4 0.4 0.4 0.4 0.765 0.947 0.249 0.661 0.638 2.156 2 2 2 2 2 2
1974-08-19T04:30:00 1974 8 19 4 30 0 -6.0 5.8 349.0 20.3 4.86 2.45 0.0 0.0 2 2 2 2 2 2 2 2 3.3 3.71 0.0 5.8 5.8 5.8 5.8 5.8 5.8 0.518 0.47 0.241 0.37 0.202 0.894 2 2 2 2 2 2
1974-08-19T05:30:00 1974 8 19 5 30 0 0.1 9.7 366.0 22.8 5.65 0.14 0.0 0.0 2 2 2 2 2 2 2 2 3.3 3.66 7.0 9.7 9.7 9.7 9.7 9.7 9.7 0.351 0.234 0.234 0.207 0.064 0.371 2 2 2 2 2 2
1974-08-19T06:30:00 1974 8 19 6 30 0 -0.2 7.4 396.0 37.8 10.85 0.0 0.0 0.0 2 2 2 2 2 2 2 2 5.0 3.83 22.0 7.4 7.4 7.4 7.4 7.4 7.4 0.238 0.116 0.227 0.116 0.02 0.154 2 2 2 2 2 2
1974-08-19T07:30:00 1974 8 19 7 30 0 11.9 -1.9 423.0 20.4 7.36 3.76 0.59 1.26 2 2 2 2 2 2 2 2 5.0 4.0 10.0 -1.9 -1.9 -1.9 -1.9 -1.9 -1.9 0.242 0.239 0.225 0.154 0.287 1.113 2 2 2 2 2 2
1974-08-19T08:30:00 1974 8 19 8 30 0 11.9 -1.57 438.0 17.6 6.52 12.94 3.71 7.02 1 1 2 2 2 1 2 2 5.0 4.13 -7.0 -1.7 -1.66 -1.77 -1.76 -1.66 -1.63 0.425 0.631 0.238 0.354 0.807 3.202 1 1 2 1 1 1
1974-08-19T09:30:00 1974 8 19 9 30 0 9.57 -0.33 553.0 11.7 7.55 11.17 2.19 3.28 1 1 2 2 2 1 2 2 5.3 4.3 -20.0 -0.94 -0.76 -1.28 -1.26 -0.77 -0.61 0.476 0.64 0.251 0.412 0.832 3.303 1 1 2 1 1 1
1974-08-19T10:30:00 1974 8 19 10 30 0 5.26 -0.09 572.0 10.7 7.0 5.86 0.56 0.63 1 0 2 2 2 1 1 1 5.3 4.46 -28.0 -0.79 -0.58 -1.18 -1.16 -0.61 -0.42 0.461 0.535 0.261 0.407 0.719 2.727 1 1 2 1 0 1
1974-08-19T11:30:00 1974 8 19 11 30 0 0.96 -0.09 597.0 9.0 6.42 1.23 0.26 0.26 1 0 2 2 2 1 1 1 5.3 4.71 -34.0 -0.79 -0.58 -1.18 -1.16 -0.61 -0.42 0.44 0.457 0.271 0.396 0.663 2.288 1 0 2 0 0 0
1974-08-19T12:30:00 1974 8 19 12 30 0 -0.68 -0.09 616.0 8.3 6.3 0.04 0.27 0.24 0 0 2 2 2 1 1 1 4.7 4.87 -37.0 -0.79 -0.58 -1.18 -1.16 -0.61 -0.42 0.423 0.41 0.281 0.389 0.65 2.039 0 0 1 0 0 0
1974-08-19T13:30:00 1974 8 19 13 30 0 -0.68 -0.09 577.0 8.5 5.66 0.07 0.27 0.23 0 0 2 2 2 1 1 1 4.7 5.04 -34.0 -0.79 -0.58 -1.18 -1.16 -0.61 -0.42 0.409 0.385 0.29 0.378 0.619 1.835 0 0 1 0 0 0
1974-08-19T14:30:00 1974 8 19 14 30 0 -0.68 -0.09 622.0 10.0 7.74 0.07 0.27 0.25 0 0 2 2 2 1 1 1 4.7 5.0 -31.0 -0.79 -0.58 -1.18 -1.16 -0.61 -0.42 0.407 0.384 0.3 0.386 0.656 2.018 0 0 1 0 0 0
1974-08-19T15:30:00 1974 8 19 15 30 0 0.6 -0.09 622.0 10.7 8.28 0.03 0.28 0.29 1 0 2 2 2 1 1 1 5.0 5.0 -24.0 -0.79 -0.58 -1.18 -1.16 -0.61 -0.42 0.414 0.393 0.312 0.403 0.702 2.33 0 0 1 0 0 0
1974-08-19T16:30:00 1974 8 19 16 30 0 3.94 -0.09 591.0 11.0 7.68 0.87 0.27 0.3 1 0 2 2 2 1 1 1 5.0 5.0 -24.0 -0.79 -0.58 -1.18 -1.16 -0.61 -0.42 0.417 0.4 0.322 0.408 0.696 2.41 0 0 1 0 0 0
1974-08-19T17:30:00 1974 8 19 17 30 0 7.29 -0.16 574.0 10.2 6.72 3.92 0.37 0.39 1 1 2 2 2 1 2 2 5.0 4.96 -23.0 -0.78 -0.6 -1.12 -1.1 -0.62 -0.46 0.412 0.401 0.33 0.392 0.663 2.295 0 1 1 0 1 1
1974-08-19T18:30:00 1974 8 19 18 30 0 9.1 -0.58 618.0 8.4 6.9 8.09 1.17 1.06 1 1 2 2 2 1 2 2 4.3 4.83 -26.0 -0.72 -0.68 -0.79 -0.79 -0.68 -0.65 0.399 0.402 0.333 0.34 0.678 2.31 1 1 1 1 1 1
1974-08-19T19:30:00 1974 8 19 19 30 0 9.1 -0.7 637.0 8.5 6.9 10.42 2.03 1.71 2 2 2 2 2 2 2 2 4.3 4.71 -25.0 -0.7 -0.7 -0.7 -0.7 -0.7 -0.7 0.387 0.407 0.333 0.286 0.722 2.48 1 1 1 1 2 2
1974-08-19T20:30:00 1974 8 19 20 30 0 10.1 1.6 638.0 8.4 7.83 9.74 0.25 0.21 2 2 2 2 2 2 2 2 4.3 4.66 -28.0 1.6 1.6 1.6 1.6 1.6 1.6 0.268 0.214 0.324 0.162 0.253 1.139 1 1 1 1 2 2
1974-08-19T21:30:00 1974 8 19 21 30 0 11.4 0.1 641.0 7.9 7.68 11.71 0.0 0.0 2 2 2 2 2 2 2 2 5.0 4.7 -33.0 0.1 0.1 0.1 0.1 0.1 0.1 0.181 0.106 0.314 0.091 0.08 0.472 1 1 1 1 2 2
1974-08-19T22:30:00 1974 8 19 22 30 0 7.3 0.6 617.0 8.3 7.39 9.11 0.0 0.0 2 2 2 2 2 2 2 2 5.0 4.74 -35.0 0.6 0.6 0.6 0.6 0.6 0.6 0.123 0.053 0.304 0.051 0.025 0.196 1 1 1 1 2 2
1974-08-19T23:30:00 1974 8 19 23 30 0 8.2 -3.6 632.0 10.0 8.59 10.07 5.33 5.09 2 2 2 2 2 2 2 2 5.0 4.74 -31.0 -3.6 -3.6 -3.6 -3.6 -3.6 -3.6 0.4 0.492 0.341 0.477 1.219 3.328 2 2 1 2 2 2
