1964-07-03T00:30:00 1964 7 3 0 30 0 0.13 -0.03 494.0 10.35 2.47 0.0 0.07 0.08 0 0 0 0 0 0 0 0 2.7 1.53 27.0 -0.75 -0.56 -1.11 -1.09 -0.58 -0.41 0.339 0.374 0.364 0.293 0.48 1.424 0 0 0 0 0 0
1964-07-03T01:30:00 1964 7 3 1 30 0 0.13 -0.03 494.1 10.35 2.47 0.0 0.07 0.08 0 0 0 0 0 0 0 0 2.7 1.71 28.0 -0.75 -0.56 -1.11 -1.09 -0.58 -0.41 0.339 0.374 0.365 0.293 0.48 1.425 0 0 0 0 0 0
1964-07-03T02:30:00 1964 7 3 2 30 0 0.13 -0.03 494.2 10.35 2.47 0.0 0.07 0.08 0 0 0 0 0 0 0 0 2.7 1.96 25.0 -0.75 -0.56 -1.11 -1.09 -0.58 -0.41 0.339 0.374 0.365 0.293 0.48 1.425 0 0 0 0 0 0
1964-07-03T03:30:00 1964 7 3 3 30 0 0.13 -0.03 494.4 10.35 2.47 0.0 0.07 0.08 0 0 0 0 0 0 0 0 3.0 2.24 19.0 -0.75 -0.56 -1.11 -1.09 -0.58 -0.41 0.339 0.374 0.365 0.293 0.481 1.426 0 0 0 0 0 0
1964-07-03T04:30:00 1964 7 3 4 30 0 0.13 -0.03 494.5 10.35 2.47 0.0 0.07 0.08 0 0 0 0 0 0 0 0 3.0 2.52 16.0 -0.75 -0.56 -1.11 -1.09 -0.58 -0.41 0.339 0.374 0.365 0.293 0.481 1.427 0 0 0 0 0 0
1964-07-03T05:30:00 1964 7 3 5 30 0 0.13 -0.03 494.7 10.35 2.47 0.0 0.07 0.08 0 0 0 0 0 0 0 0 3.0 2.65 11.0 -0.75 -0.56 -1.11 -1.09 -0.58 -0.41 0.339 0.374 0.366 0.293 0.481 1.428 0 0 0 0 0 0
1964-07-03T06:30:00 1964 7 3 6 30 0 0.13 -0.03 494.8 10.35 2.47 0.0 0.07 0.08 0 0 0 0 0 0 0 0 3.7 2.86 10.0 -0.75 -0.56 -1.11 -1.09 -0.58 -0.41 0.339 0.374 0.366 0.293 0.481 1.429 0 0 0 0 0 0
1964-07-03T07:30:00 1964 7 3 7 30 0 0.13 -0.03 494.9 10.35 2.47 0.0 0.07 0.08 0 0 0 0 0 0 0 0 3.7 3.07 2.0 -0.75 -0.56 -1.11 -1.09 -0.58 -0.41 0.339 0.374 0.366 0.293 0.482 1.43 0 0 0 0 0 0
1964-07-03T08:30:00 1964 7 3 8 30 0 0.13 -0.03 495.1 10.35 2.47 0.0 0.07 0.08 0 0 0 0 0 0 0 0 3.7 3.2 6.0 -0.75 -0.56 -1.11 -1.09 -0.58 -0.41 0.339 0.374 0.366 0.293 0.482 1.431 0 0 0 0 0 0
1964-07-03T09:30:00 1964 7 3 9 30 0 0.13 -0.03 495.2 10.35 2.47 0.0 0.07 0.08 0 0 0 0 0 0 0 0 3.0 3.23 6.0 -0.75 -0.56 -1.11 -1.09 -0.58 -0.41 0.339 0.374 0.367 0.294 0.482 1.432 0 0 0 0 0 0
1964-07-03T10:30:00 1964 7 3 10 30 0 0.13 -0.03 495.4 10.35 2.47 0.0 0.07 0.08 0 0 0 0 0 0 0 0 3.0 3.26 6.0 -0.75 -0.56 -1.11 -1.09 -0.58 -0.41 0.339 0.374 0.367 0.294 0.482 1.433 0 0 0 0 0 0
1964-07-03T11:30:00 1964 7 3 11 30 0 0.13 -0.03 495.5 10.35 2.47 0.0 0.07 0.08 0 0 0 0 0 0 0 0 3.0 3.26 10.0 -0.75 -0.56 -1.11 -1.09 -0.58 -0.41 0.34 0.374 0.367 0.294 0.482 1.434 0 0 0 0 0 0
1964-07-03T12:30:00 1964 7 3 12 30 0 0.12 -0.03 495.6 10.35 2.47 0.0 0.07 0.08 0 0 0 0 0 0 0 0 3.3 3.3 12.0 -0.75 -0.56 -1.11 -1.09 -0.58 -0.41 0.34 0.374 0.367 0.294 0.483 1.435 0 0 0 0 0 0
1964-07-03T13:30:00 1964 7 3 13 30 0 0.12 -0.03 495.8 10.35 2.47 0.0 0.07 0.08 0 0 0 0 0 0 0 0 3.3 3.33 8.0 -0.75 -0.56 -1.11 -1.09 -0.58 -0.41 0.34 0.374 0.368 0.294 0.483 1.436 0 0 0 0 0 0
1964-07-03T14:30:00 1964 7 3 14 30 0 0.12 -0.03 495.9 10.35 2.47 0.0 0.07 0.08 0 0 0 0 0 0 0 0 3.3 3.28 6.0 -0.75 -0.56 -1.11 -1.09 -0.58 -0.41 0.34 0.374 0.368 0.294 0.483 1.437 0 0 0 0 0 0
1964-07-03T15:30:00 1964 7 3 15 30 0 0.12 -0.03 496.1 10.35 2.47 0.0 0.07 0.08 0 0 0 0 0 0 0 0 2.7 3.16 6.0 -0.75 -0.56 -1.11 -1.09 -0.58 -0.41 0.34 0.374 0.368 0.294 0.483 1.438 0 0 0 0 0 0
1964-07-03T16:30:00 1964 7 3 16 30 0 0.12 -0.03 496.2 10.35 2.47 0.0 0.07 0.08 0 0 0 0 0 0 0 0 2.7 3.04 2.0 -0.75 -0.56 -1.11 -1.09 -0.58 -0.41 0.34 0.374 0.368 0.294 0.484 1.439 0 0 0 0 0 0
1964-07-03T17:30:00 1964 7 3 17 30 0 0.12 -0.03 496.3 10.35 2.47 0.0 0.07 0.08 0 0 0 0 0 0 0 0 2.7 3.0 1.0 -0.75 -0.56 -1.11 -1.09 -0.58 -0.41 0.34 0.374 0.369 0.294 0.484 1.44 0 0 0 0 0 0
1964-07-03T18:30:00 1964 7 3 18 30 0 0.12 -0.03 496.5 10.35 2.47 0.0 0.07 0.08 0 0 0 0 0 0 0 0 3.0 3.0 3.0 -0.75 -0.56 -1.11 -1.09 -0.58 -0.41 0.34 0.374 0.369 0.294 0.484 1.441 0 0 0 0 0 0
1964-07-03T19:30:00 1964 7 3 19 30 0 0.12 -0.03 496.6 10.35 2.47 0.0 0.07 0.08 0 0 0 0 0 0 0 0 3.0 3.0 0.0 -0.75 -0.56 -1.11 -1.09 -0.58 -0.41 0.34 0.374 0.369 0.295 0.484 1.442 0 0 0 0 0 0
1964-07-03T20:30:00 1964 7 3 20 30 0 0.12 -0.03 496.8 10.35 2.47 0.0 0.07 0.08 0 0 0 0 0 0 0 0 3.0 2.96 -2.0 -0.75 -0.56 -1.11 -1.09 -0.58 -0.41 0.34 0.374 0.369 0.295 0.484 1.443 0 0 0 0 0 0
1964-07-03T21:30:00 1964 7 3 21 30 0 0.12 -0.03 496.9 10.35 2.47 0.0 0.07 0.08 0 0 0 0 0 0 0 0 4.3 3.1 -6.0 -0.75 -0.56 -1.11 -1.09 -0.58 -0.41 0.34 0.374 0.37 0.295 0.485 1.444 0 0 0 0 0 0
1964-07-03T22:30:00 1964 7 3 22 30 0 0.12 -0.03 497.0 10.35 2.47 0.0 0.07 0.08 0 0 0 0 0 0 0 0 4.3 3.23 -12.0 -0.75 -0.56 -1.11 -1.09 -0.58 -0.41 0.34 0.374 0.37 0.295 0.485 1.445 0 0 0 0 0 0
1964-07-03T23:30:00 1964 7 3 23 30 0 0.12 -0.03 497.2 10.35 2.47 0.0 0.07 0.08 0 0 0 0 0 0 0 0 4.3 3.43 -10.0 -0.75 -0.56 -1.11 -1.09 -0.58 -0.41 0.34 0.375 0.37 0.295 0.485 1.446 0 0 0 0 0 0
