1964-01-18T00:30:00 1964 1 18 0 30 0 1.3 -0.8 375.0 8.5 2.39 0.1 0.52 0.44 2 2 2 2 2 2 2 2 2.7 1.68 -17.0 -0.8 -0.8 -0.8 -0.8 -0.8 -0.8 0.048 0.12 0.212 0.027 0.15 0.296 2 2 1 2 2 2
1964-01-18T01:30:00 1964 1 18 1 30 0 2.6 -1.2 375.0 8.5 2.39 0.71 1.91 1.62 2 2 2 2 2 2 2 2 2.7 1.81 -18.0 -1.2 -1.2 -1.2 -1.2 -1.2 -1.2 0.142 0.312 0.211 0.097 0.347 0.679 2 2 1 2 2 2
1964-01-18T02:30:00 1964 1 18 2 30 0 1.5 -2.8 375.0 8.5 2.39 1.49 3.88 3.29 2 2 2 2 2 2 2 2 2.7 1.94 -17.0 -2.8 -2.8 -2.8 -2.8 -2.8 -2.8 0.307 0.573 0.218 0.273 0.618 1.112 2 2 1 2 2 2
1964-01-18T03:30:00 1964 1 18 3 30 0 2.6 -1.5 365.0 8.5 2.26 1.52 3.88 3.3 2 2 2 2 2 2 2 2 2.3 2.01 -18.0 -1.5 -1.5 -1.5 -1.5 -1.5 -1.5 0.392 0.656 0.223 0.326 0.619 1.179 2 2 1 2 2 2
1964-01-18T04:30:00 1964 1 18 4 30 0 2.8 -1.7 365.0 8.5 2.26 1.38 2.94 2.49 2 2 2 2 2 2 2 2 2.3 2.09 -16.0 -1.7 -1.7 -1.7 -1.7 -1.7 -1.7 0.422 0.66 0.225 0.319 0.579 1.141 2 2 1 2 2 2
1964-01-18T05:30:00 1964 1 18 5 30 0 3.3 -0.8 365.0 8.5 2.26 1.31 2.21 1.88 2 2 2 2 2 2 2 2 2.3 2.21 -15.0 -0.8 -0.8 -0.8 -0.8 -0.8 -0.8 0.397 0.58 0.224 0.262 0.464 0.992 2 2 1 2 2 2
1964-01-18T06:30:00 1964 1 18 6 30 0 2.9 -1.7 365.0 9.0 2.4 1.36 2.35 2.07 2 2 2 2 2 2 2 2 1.7 2.25 -16.0 -1.7 -1.7 -1.7 -1.7 -1.7 -1.7 0.407 0.595 0.224 0.262 0.502 1.047 2 2 1 2 2 2
1964-01-18T07:30:00 1964 1 18 7 30 0 -2.8 -0.4 365.0 9.0 2.4 0.54 1.82 1.64 2 2 2 2 2 2 2 2 1.7 2.29 -15.0 -0.4 -0.4 -0.4 -0.4 -0.4 -0.4 0.365 0.506 0.221 0.207 0.387 0.902 2 2 1 2 2 2
1964-01-18T08:30:00 1964 1 18 8 30 0 -1.9 0.0 365.0 9.0 2.4 0.47 0.33 0.3 2 2 2 2 2 2 2 2 1.7 2.16 -15.0 0.0 0.0 0.0 0.0 0.0 0.0 0.265 0.305 0.215 0.122 0.176 0.517 2 2 1 2 2 2
1964-01-18T09:30:00 1964 1 18 9 30 0 -3.0 -1.6 375.0 9.0 2.53 0.87 1.61 1.45 2 2 2 2 2 2 2 2 1.7 2.04 -13.0 -1.6 -1.6 -1.6 -1.6 -1.6 -1.6 0.289 0.408 0.213 0.155 0.365 0.8 2 2 1 2 2 2
1964-01-18T10:30:00 1964 1 18 10 30 0 -1.0 -0.9 375.0 9.0 2.53 0.81 2.29 2.06 2 2 2 2 2 2 2 2 1.7 1.92 -14.0 -0.9 -0.9 -0.9 -0.9 -0.9 -0.9 0.315 0.47 0.213 0.178 0.425 0.94 2 2 1 2 2 2
1964-01-18T11:30:00 1964 1 18 11 30 0 1.0 -1.1 375.0 9.0 2.53 0.28 1.89 1.7 2 2 2 2 2 2 2 2 1.7 1.84 -11.0 -1.1 -1.1 -1.1 -1.1 -1.1 -1.1 0.323 0.487 0.211 0.18 0.433 0.978 2 2 1 2 2 2
1964-01-18T12:30:00 1964 1 18 12 30 0 1.4 -0.7 385.0 7.0 2.08 0.37 1.68 1.34 2 2 2 2 2 2 2 2 1.3 1.72 -10.0 -0.7 -0.7 -0.7 -0.7 -0.7 -0.7 0.306 0.445 0.209 0.159 0.379 0.844 2 2 1 2 2 2
1964-01-18T13:30:00 1964 1 18 13 30 0 2.0 3.6 385.0 7.0 2.08 0.1 0.05 0.04 2 2 2 2 2 2 2 2 1.3 1.6 -10.0 3.6 3.6 3.6 3.6 3.6 3.6 0.207 0.221 0.203 0.089 0.12 0.35 2 2 1 2 2 2
1964-01-18T14:30:00 1964 1 18 14 30 0 2.5 0.9 385.0 7.0 2.08 0.15 0.0 0.0 2 2 2 2 2 2 2 2 1.3 1.54 -7.0 0.9 0.9 0.9 0.9 0.9 0.9 0.14 0.11 0.196 0.05 0.038 0.145 2 2 1 2 2 2
1964-01-18T15:30:00 1964 1 18 15 30 0 1.5 2.3 390.0 7.5 2.28 0.13 0.0 0.0 2 2 2 2 2 2 2 2 1.3 1.49 -5.0 2.3 2.3 2.3 2.3 2.3 2.3 0.095 0.055 0.19 0.028 0.012 0.06 2 2 1 2 2 2
1964-01-18T16:30:00 1964 1 18 16 30 0 3.9 -0.3 390.0 7.5 2.28 0.52 0.06 0.05 2 2 2 2 2 2 2 2 1.3 1.44 -4.0 -0.3 -0.3 -0.3 -0.3 -0.3 -0.3 0.075 0.06 0.185 0.021 0.05 0.114 2 2 1 2 2 2
1964-01-18T17:30:00 1964 1 18 17 30 0 3.4 -2.4 390.0 7.5 2.28 1.97 2.8 2.1 2 2 2 2 2 2 2 2 1.3 1.4 -6.0 -2.4 -2.4 -2.4 -2.4 -2.4 -2.4 0.21 0.356 0.189 0.164 0.44 0.712 2 2 1 2 2 2
1964-01-18T18:30:00 1964 1 18 18 30 0 2.3 -0.8 378.0 7.0 2.0 1.5 2.95 2.14 2 2 2 2 2 2 2 2 2.7 1.53 -10.0 -0.8 -0.8 -0.8 -0.8 -0.8 -0.8 0.271 0.443 0.191 0.198 0.455 0.804 2 2 1 2 2 2
1964-01-18T19:30:00 1964 1 18 19 30 0 1.9 0.3 378.0 7.0 2.0 0.42 0.49 0.34 2 2 2 2 2 2 2 2 2.7 1.66 -9.0 0.3 0.3 0.3 0.3 0.3 0.3 0.202 0.267 0.186 0.12 0.191 0.431 2 2 1 2 2 2
1964-01-18T20:30:00 1964 1 18 20 30 0 0.6 -0.2 378.0 7.0 2.0 0.12 0.09 0.06 2 2 2 2 2 2 2 2 2.7 1.84 -10.0 -0.2 -0.2 -0.2 -0.2 -0.2 -0.2 0.147 0.167 0.18 0.07 0.105 0.269 2 2 1 2 2 2
1964-01-18T21:30:00 1964 1 18 21 30 0 0.8 0.0 360.0 4.0 1.04 0.05 0.17 0.1 2 2 2 2 2 2 2 2 0.3 1.7 -11.0 0.0 0.0 0.0 0.0 0.0 0.0 0.107 0.11 0.175 0.042 0.061 0.166 2 2 1 2 2 2
1964-01-18T22:30:00 1964 1 18 22 30 0 0.4 0.1 360.0 4.0 1.04 0.02 0.0 0.0 2 2 2 2 2 2 2 2 0.3 1.57 -14.0 0.1 0.1 0.1 0.1 0.1 0.1 0.073 0.055 0.169 0.023 0.019 0.069 2 2 1 2 2 2
1964-01-18T23:30:00 1964 1 18 23 30 0 2.3 1.4 360.0 4.0 1.04 0.08 0.0 0.0 2 2 2 2 2 2 2 2 0.3 1.43 -15.0 1.4 1.4 1.4 1.4 1.4 1.4 0.049 0.027 0.164 0.013 0.006 0.029 2 2 1 2 2 2
