1964-08-22T00:30:00 1964 8 22 0 30 0 0.01 0.01 345.8 9.91 2.45 0.0 0.0 0.0 0 0 1 0 0 0 1 0 2.7 1.19 15.0 -0.74 -0.55 -1.11 -1.08 -0.57 -0.4 0.248 0.34 0.198 0.182 0.264 0.565 0 0 0 0 0 0
1964-08-22T01:30:00 1964 8 22 1 30 0 0.01 0.01 345.5 9.91 2.45 0.0 0.0 0.0 0 0 1 0 0 0 1 0 2.7 1.33 9.0 -0.74 -0.55 -1.11 -1.08 -0.57 -0.4 0.248 0.34 0.197 0.182 0.263 0.565 0 0 0 0 0 0
1964-08-22T02:30:00 1964 8 22 2 30 0 0.01 0.01 345.2 9.91 2.45 0.0 0.0 0.0 0 0 1 0 0 0 1 0 2.7 1.55 7.0 -0.74 -0.55 -1.11 -1.08 -0.57 -0.4 0.247 0.34 0.196 0.182 0.263 0.564 0 0 0 0 0 0
1964-08-22T03:30:00 1964 8 22 3 30 0 0.01 0.01 345.0 9.91 2.45 0.0 0.0 0.0 0 0 2 0 0 1 1 1 2.0 1.67 4.0 -0.74 -0.55 -1.11 -1.08 -0.57 -0.4 0.247 0.34 0.195 0.182 0.263 0.563 0 0 0 0 0 0
1964-08-22T04:30:00 1964 8 22 4 30 0 0.01 0.01 345.0 9.91 2.45 0.0 0.0 0.0 0 0 2 0 0 1 1 1 2.0 1.79 4.0 -0.74 -0.55 -1.11 -1.08 -0.57 -0.4 0.247 0.34 0.193 0.182 0.263 0.562 0 0 0 0 0 0
1964-08-22T05:30:00 1964 8 22 5 30 0 0.01 0.01 345.0 9.91 2.45 0.0 0.0 0.0 0 0 2 0 0 1 1 1 2.0 1.95 6.0 -0.74 -0.55 -1.11 -1.08 -0.57 -0.4 0.247 0.34 0.192 0.181 0.262 0.562 0 0 0 0 0 0
1964-08-22T06:30:00 1964 8 22 6 30 0 0.01 0.01 349.0 9.91 2.45 0.0 0.0 0.0 0 0 2 0 0 1 1 1 1.7 2.06 8.0 -0.74 -0.55 -1.11 -1.08 -0.57 -0.4 0.248 0.34 0.191 0.182 0.265 0.568 0 0 0 0 0 0
1964-08-22T07:30:00 1964 8 22 7 30 0 0.01 0.01 349.0 9.91 2.45 0.0 0.0 0.0 0 0 2 0 0 1 1 1 1.7 2.18 4.0 -0.74 -0.55 -1.11 -1.08 -0.57 -0.4 0.248 0.34 0.191 0.183 0.267 0.574 0 0 0 0 0 0
1964-08-22T08:30:00 1964 8 22 8 30 0 0.01 0.01 349.0 9.91 2.45 0.0 0.0 0.0 0 0 2 0 0 1 1 1 1.7 2.05 1.0 -0.74 -0.55 -1.11 -1.08 -0.57 -0.4 0.249 0.34 0.19 0.183 0.267 0.576 0 0 0 0 0 0
1964-08-22T09:30:00 1964 8 22 9 30 0 0.01 0.01 345.0 9.91 2.45 0.0 0.0 0.0 0 0 2 0 0 1 1 1 2.3 2.01 -1.0 -0.74 -0.55 -1.11 -1.08 -0.57 -0.4 0.248 0.34 0.189 0.183 0.265 0.57 0 0 0 0 0 0
1964-08-22T10:30:00 1964 8 22 10 30 0 0.01 0.01 345.0 9.91 2.45 0.0 0.0 0.0 0 0 2 0 0 1 1 1 2.3 1.96 1.0 -0.74 -0.55 -1.11 -1.08 -0.57 -0.4 0.248 0.34 0.188 0.182 0.263 0.565 0 0 0 0 0 0
1964-08-22T11:30:00 1964 8 22 11 30 0 0.01 0.01 345.0 9.91 2.45 0.0 0.0 0.0 0 0 2 0 0 1 1 1 2.3 2.0 9.0 -0.74 -0.55 -1.11 -1.08 -0.57 -0.4 0.248 0.34 0.187 0.182 0.263 0.563 0 0 0 0 0 0
1964-08-22T12:30:00 1964 8 22 12 30 0 0.01 0.01 345.0 9.9 2.45 0.0 0.0 0.0 0 0 1 0 0 0 1 0 2.0 2.0 8.0 -0.74 -0.55 -1.11 -1.08 -0.57 -0.4 0.247 0.34 0.186 0.182 0.262 0.562 0 0 0 0 0 0
1964-08-22T13:30:00 1964 8 22 13 30 0 0.01 0.01 345.0 9.9 2.45 0.0 0.0 0.0 0 0 1 0 0 0 1 0 2.0 2.0 15.0 -0.74 -0.55 -1.11 -1.08 -0.57 -0.4 0.247 0.34 0.185 0.181 0.262 0.561 0 0 0 0 0 0
1964-08-22T14:30:00 1964 8 22 14 30 0 0.01 0.01 345.0 9.9 2.45 0.0 0.0 0.0 0 0 1 0 0 0 1 0 2.0 2.04 13.0 -0.74 -0.55 -1.11 -1.08 -0.57 -0.4 0.247 0.34 0.185 0.181 0.262 0.561 0 0 0 0 0 0
1964-08-22T15:30:00 1964 8 22 15 30 0 0.01 0.01 345.0 9.9 2.45 0.0 0.0 0.0 0 0 1 0 0 0 1 0 1.0 1.94 11.0 -0.74 -0.55 -1.11 -1.08 -0.57 -0.4 0.247 0.339 0.184 0.181 0.262 0.561 0 0 0 0 0 0
1964-08-22T16:30:00 1964 8 22 16 30 0 0.01 0.01 344.9 9.9 2.45 0.0 0.0 0.0 0 0 1 0 0 0 1 0 1.0 1.85 10.0 -0.74 -0.55 -1.11 -1.08 -0.57 -0.4 0.247 0.339 0.183 0.181 0.262 0.561 0 0 0 0 0 0
1964-08-22T17:30:00 1964 8 22 17 30 0 0.01 0.01 344.9 9.9 2.45 0.0 0.0 0.0 0 0 1 0 0 0 1 0 1.0 1.68 7.0 -0.74 -0.55 -1.11 -1.08 -0.57 -0.4 0.247 0.339 0.182 0.181 0.262 0.561 0 0 0 0 0 0
1964-08-22T18:30:00 1964 8 22 18 30 0 0.01 0.01 344.9 9.9 2.45 0.0 0.0 0.0 0 0 1 0 0 0 1 0 1.3 1.56 4.0 -0.74 -0.55 -1.11 -1.08 -0.57 -0.4 0.247 0.339 0.182 0.181 0.262 0.561 0 0 0 0 0 0
1964-08-22T19:30:00 1964 8 22 19 30 0 0.01 0.01 344.8 9.9 2.45 0.0 0.0 0.0 0 0 1 0 0 0 1 0 1.3 1.44 0.0 -0.74 -0.55 -1.11 -1.08 -0.57 -0.4 0.247 0.339 0.181 0.181 0.262 0.56 0 0 0 0 0 0
1964-08-22T20:30:00 1964 8 22 20 30 0 0.01 0.01 344.8 9.9 2.45 0.0 0.0 0.0 0 0 1 0 0 0 1 0 1.3 1.36 -2.0 -0.74 -0.55 -1.11 -1.08 -0.57 -0.4 0.247 0.339 0.18 0.181 0.262 0.56 0 0 0 0 0 0
1964-08-22T21:30:00 1964 8 22 21 30 0 0.01 0.01 344.8 9.9 2.45 0.0 0.0 0.0 0 0 1 0 0 0 1 0 1.0 1.23 -4.0 -0.74 -0.55 -1.11 -1.08 -0.57 -0.4 0.247 0.339 0.18 0.181 0.262 0.56 0 0 0 0 0 0
1964-08-22T22:30:00 1964 8 22 22 30 0 0.01 0.01 344.7 9.9 2.45 0.0 0.0 0.0 0 0 1 0 0 0 1 0 1.0 1.11 -2.0 -0.74 -0.55 -1.11 -1.08 -0.57 -0.4 0.247 0.339 0.179 0.181 0.262 0.56 0 0 0 0 0 0
1964-08-22T23:30:00 1964 8 22 23 30 0 0.01 0.01 344.7 9.9 2.45 0.0 0.0 0.0 0 0 1 0 0 0 1 0 1.0 1.11 -2.0 -0.74 -0.55 -1.11 -1.08 -0.57 -0.4 0.247 0.339 0.178 0.181 0.262 0.56 0 0 0 0 0 0
