1964-01-07T00:30:00 1964 1 7 0 30 0 2.6 -1.1 335.0 8.0 1.8 1.02 2.55 1.65 2 2 2 2 2 2 2 2 0.0 0.87 -18.0 -1.1 -1.1 -1.1 -1.1 -1.1 -1.1 0.234 0.411 0.192 0.149 0.369 0.537 2 2 1 2 2 2
1964-01-07T01:30:00 1964 1 7 1 30 0 2.9 0.1 335.0 8.0 1.8 0.69 0.77 0.61 2 2 2 2 2 2 2 2 0.0 0.74 -18.0 0.1 0.1 0.1 0.1 0.1 0.1 0.193 0.295 0.188 0.101 0.198 0.382 2 2 1 2 2 2
1964-01-07T02:30:00 1964 1 7 2 30 0 2.2 -0.65 335.0 8.0 1.8 0.54 0.52 0.41 1 1 2 2 2 1 2 2 0.0 0.61 -20.0 -0.65 -0.65 -0.65 -0.65 -0.65 -0.65 0.171 0.268 0.183 0.077 0.189 0.387 2 2 1 2 1 1
1964-01-07T03:30:00 1964 1 7 3 30 0 1.5 -1.4 325.0 10.0 2.11 0.57 1.74 1.6 2 2 2 2 2 2 2 2 1.0 0.62 -18.0 -1.4 -1.4 -1.4 -1.4 -1.4 -1.4 0.225 0.405 0.182 0.124 0.327 0.641 2 2 1 2 2 2
1964-01-07T04:30:00 1964 1 7 4 30 0 1.0 -1.1 325.0 10.0 2.11 0.47 2.01 2.01 2 2 2 2 2 2 2 2 1.0 0.62 -14.0 -1.1 -1.1 -1.1 -1.1 -1.1 -1.1 0.269 0.487 0.181 0.154 0.375 0.779 2 2 1 2 2 2
1964-01-07T05:30:00 1964 1 7 5 30 0 1.0 -0.9 325.0 10.0 2.11 0.31 1.61 1.61 2 2 2 2 2 2 2 2 1.0 0.63 -12.0 -0.9 -0.9 -0.9 -0.9 -0.9 -0.9 0.278 0.489 0.179 0.151 0.353 0.782 2 2 1 2 2 2
1964-01-07T06:30:00 1964 1 7 6 30 0 3.7 -0.6 330.0 11.0 2.4 0.69 1.21 1.27 2 2 2 2 2 2 2 2 1.7 0.72 -5.0 -0.6 -0.6 -0.6 -0.6 -0.6 -0.6 0.264 0.448 0.176 0.129 0.306 0.754 2 2 1 2 2 2
1964-01-07T07:30:00 1964 1 7 7 30 0 3.0 -3.6 330.0 11.0 2.4 2.16 3.67 4.04 2 2 2 2 2 2 2 2 1.7 0.82 1.0 -3.6 -3.6 -3.6 -3.6 -3.6 -3.6 0.414 0.725 0.184 0.323 0.606 1.227 2 2 2 2 2 2
1964-01-07T08:30:00 1964 1 7 8 30 0 1.3 -5.5 330.0 11.0 2.4 4.47 7.64 8.4 2 2 2 2 2 2 2 2 1.7 1.03 -4.0 -5.5 -5.5 -5.5 -5.5 -5.5 -5.5 0.691 1.128 0.21 0.733 0.966 1.785 2 2 2 2 2 2
1964-01-07T09:30:00 1964 1 7 9 30 0 1.4 -4.8 330.0 11.0 2.4 4.99 8.45 9.29 2 2 2 2 2 2 2 2 2.3 1.32 -14.0 -4.8 -4.8 -4.8 -4.8 -4.8 -4.8 0.894 1.344 0.237 0.985 1.086 2.031 2 2 2 2 2 2
1964-01-07T10:30:00 1964 1 7 10 30 0 0.7 -5.6 330.0 11.0 2.4 5.11 8.64 9.5 2 2 2 2 2 2 2 2 2.3 1.6 -18.0 -5.6 -5.6 -5.6 -5.6 -5.6 -5.6 1.052 1.483 0.266 1.171 1.163 2.179 2 2 2 2 2 2
1964-01-07T11:30:00 1964 1 7 11 30 0 1.3 -5.5 330.0 11.0 2.4 5.68 9.15 10.07 2 2 2 2 2 2 2 2 2.3 1.77 -21.0 -5.5 -5.5 -5.5 -5.5 -5.5 -5.5 1.174 1.572 0.296 1.305 1.204 2.264 2 2 2 2 2 2
1964-01-07T12:30:00 1964 1 7 12 30 0 2.4 -3.7 333.0 12.0 2.66 4.24 7.5 8.63 2 2 2 2 2 2 2 2 3.3 2.06 -20.0 -3.7 -3.7 -3.7 -3.7 -3.7 -3.7 1.177 1.503 0.316 1.214 1.099 2.234 2 2 2 2 2 2
1964-01-07T13:30:00 1964 1 7 13 30 0 3.5 -1.4 333.0 12.0 2.66 2.17 4.09 4.9 2 2 2 2 2 2 2 2 3.3 2.34 -14.0 -1.4 -1.4 -1.4 -1.4 -1.4 -1.4 1.011 1.202 0.319 0.885 0.789 1.849 2 2 2 2 2 2
1964-01-07T14:30:00 1964 1 7 14 30 0 3.3 -1.5 333.0 12.0 2.66 1.51 2.42 2.91 2 2 2 2 2 2 2 2 3.3 2.54 -6.0 -1.5 -1.5 -1.5 -1.5 -1.5 -1.5 0.836 0.955 0.316 0.619 0.602 1.537 2 2 2 2 2 2
1964-01-07T15:30:00 1964 1 7 15 30 0 4.2 -0.4 312.0 9.0 1.75 1.35 1.46 1.56 2 2 2 2 2 2 2 2 2.0 2.57 -8.0 -0.4 -0.4 -0.4 -0.4 -0.4 -0.4 0.645 0.681 0.309 0.396 0.375 1.02 2 2 2 2 2 2
1964-01-07T16:30:00 1964 1 7 16 30 0 3.9 -1.1 312.0 9.0 1.75 1.37 1.22 1.09 2 2 2 2 2 2 2 2 2.0 2.6 -9.0 -1.1 -1.1 -1.1 -1.1 -1.1 -1.1 0.517 0.556 0.302 0.273 0.319 0.768 2 2 2 2 2 2
1964-01-07T17:30:00 1964 1 7 17 30 0 3.8 -1.9 312.0 9.0 1.75 1.72 2.39 2.15 2 2 2 2 2 2 2 2 2.0 2.56 -10.0 -1.9 -1.9 -1.9 -1.9 -1.9 -1.9 0.491 0.61 0.299 0.269 0.409 0.802 2 2 2 2 2 2
1964-01-07T18:30:00 1964 1 7 18 30 0 4.2 -2.1 295.0 8.0 1.39 2.11 3.04 2.57 2 2 2 2 2 2 2 2 1.7 2.47 -10.0 -2.1 -2.1 -2.1 -2.1 -2.1 -2.1 0.493 0.673 0.297 0.292 0.451 0.778 2 2 2 2 2 2
1964-01-07T19:30:00 1964 1 7 19 30 0 4.8 -0.8 295.0 8.0 1.39 1.94 2.06 1.65 2 2 2 2 2 2 2 2 1.7 2.39 -9.0 -0.8 -0.8 -0.8 -0.8 -0.8 -0.8 0.435 0.588 0.292 0.235 0.351 0.626 2 2 2 2 2 2
1964-01-07T20:30:00 1964 1 7 20 30 0 4.4 0.3 295.0 8.0 1.39 1.33 0.38 0.3 2 2 2 2 2 2 2 2 1.7 2.2 -9.0 0.3 0.3 0.3 0.3 0.3 0.3 0.311 0.339 0.284 0.139 0.145 0.323 2 2 2 2 2 2
1964-01-07T21:30:00 1964 1 7 21 30 0 2.9 0.7 290.0 8.0 1.35 0.63 0.0 0.0 2 2 2 2 2 2 2 2 1.0 1.91 -10.0 0.7 0.7 0.7 0.7 0.7 0.7 0.211 0.169 0.275 0.078 0.046 0.134 2 2 2 2 2 2
1964-01-07T22:30:00 1964 1 7 22 30 0 -3.8 -1.3 290.0 8.0 1.35 0.39 0.69 0.55 2 2 2 2 2 2 2 2 1.0 1.63 -12.0 -1.3 -1.3 -1.3 -1.3 -1.3 -1.3 0.197 0.243 0.268 0.079 0.154 0.254 2 2 2 2 2 2
1964-01-07T23:30:00 1964 1 7 23 30 0 -4.6 -0.4 290.0 8.0 1.35 1.4 1.18 0.94 2 2 2 2 2 2 2 2 1.0 1.5 -16.0 -0.4 -0.4 -0.4 -0.4 -0.4 -0.4 0.195 0.293 0.262 0.079 0.184 0.319 2 2 2 2 2 2
