1964-03-19T00:30:00 1964 3 19 0 30 0 0.13 -0.01 391.4 10.36 2.45 0.0 0.02 0.02 0 0 0 0 0 0 0 0 0.7 0.66 2.0 -0.75 -0.56 -1.11 -1.09 -0.58 -0.41 0.281 0.359 0.215 0.219 0.331 0.816 0 0 0 0 0 0
1964-03-19T01:30:00 1964 3 19 1 30 0 0.13 -0.01 391.4 10.36 2.45 0.0 0.02 0.02 0 0 0 0 0 0 0 0 0.7 0.66 2.0 -0.75 -0.56 -1.11 -1.09 -0.58 -0.41 0.281 0.359 0.216 0.219 0.331 0.816 0 0 0 0 0 0
1964-03-19T02:30:00 1964 3 19 2 30 0 0.13 -0.01 391.4 10.36 2.45 0.0 0.02 0.02 0 0 0 0 0 0 0 0 0.7 0.62 3.0 -0.75 -0.56 -1.11 -1.09 -0.58 -0.41 0.281 0.359 0.216 0.219 0.331 0.816 0 0 0 0 0 0
1964-03-19T03:30:00 1964 3 19 3 30 0 0.13 -0.01 391.5 10.36 2.45 0.0 0.02 0.02 0 0 0 0 0 0 0 0 0.3 0.54 2.0 -0.75 -0.56 -1.11 -1.09 -0.58 -0.41 0.281 0.359 0.216 0.219 0.331 0.816 0 0 0 0 0 0
1964-03-19T04:30:00 1964 3 19 4 30 0 0.13 -0.01 391.5 10.36 2.45 0.0 0.02 0.02 0 0 0 0 0 0 0 0 0.3 0.45 5.0 -0.75 -0.56 -1.11 -1.09 -0.58 -0.41 0.281 0.359 0.216 0.219 0.331 0.816 0 0 0 0 0 0
1964-03-19T05:30:00 1964 3 19 5 30 0 0.13 -0.01 391.5 10.36 2.45 0.0 0.02 0.02 0 0 0 0 0 0 0 0 0.3 0.45 5.0 -0.75 -0.56 -1.11 -1.09 -0.58 -0.41 0.281 0.359 0.216 0.219 0.331 0.816 0 0 0 0 0 0
1964-03-19T06:30:00 1964 3 19 6 30 0 0.13 -0.01 391.6 10.36 2.45 0.0 0.02 0.02 0 0 0 0 0 0 0 0 1.7 0.63 5.0 -0.75 -0.56 -1.11 -1.09 -0.58 -0.41 0.281 0.359 0.216 0.219 0.331 0.817 0 0 0 0 0 0
1964-03-19T07:30:00 1964 3 19 7 30 0 0.13 -0.01 391.6 10.36 2.45 0.0 0.02 0.02 0 0 0 0 0 0 0 0 1.7 0.81 3.0 -0.75 -0.56 -1.11 -1.09 -0.58 -0.41 0.281 0.359 0.216 0.219 0.331 0.817 0 0 0 0 0 0
1964-03-19T08:30:00 1964 3 19 8 30 0 0.13 -0.01 391.6 10.36 2.45 0.0 0.02 0.02 0 0 0 0 0 0 0 0 1.7 0.94 4.0 -0.75 -0.56 -1.11 -1.09 -0.58 -0.41 0.281 0.359 0.216 0.219 0.331 0.817 0 0 0 0 0 0
1964-03-19T09:30:00 1964 3 19 9 30 0 0.13 -0.01 391.7 10.36 2.45 0.0 0.02 0.02 0 0 0 0 0 0 0 0 0.3 0.88 8.0 -0.75 -0.56 -1.11 -1.09 -0.58 -0.41 0.282 0.359 0.216 0.219 0.331 0.817 0 0 0 0 0 0
1964-03-19T10:30:00 1964 3 19 10 30 0 0.13 -0.01 391.7 10.36 2.45 0.0 0.02 0.02 0 0 0 0 0 0 0 0 0.3 0.83 7.0 -0.75 -0.56 -1.11 -1.09 -0.58 -0.41 0.282 0.359 0.216 0.219 0.331 0.817 0 0 0 0 0 0
1964-03-19T11:30:00 1964 3 19 11 30 0 0.13 -0.01 391.7 10.37 2.45 0.0 0.02 0.02 0 0 0 0 0 0 0 0 0.3 0.82 7.0 -0.75 -0.56 -1.11 -1.09 -0.58 -0.41 0.282 0.359 0.216 0.219 0.331 0.818 0 0 0 0 0 0
1964-03-19T12:30:00 1964 3 19 12 30 0 0.13 -0.01 391.8 10.37 2.45 0.0 0.02 0.02 0 0 0 0 0 0 0 0 1.0 0.91 7.0 -0.75 -0.56 -1.11 -1.09 -0.58 -0.41 0.282 0.359 0.216 0.219 0.332 0.818 0 0 0 0 0 0
1964-03-19T13:30:00 1964 3 19 13 30 0 0.13 -0.01 391.8 10.37 2.45 0.0 0.02 0.02 0 0 0 0 0 0 0 0 1.0 0.99 9.0 -0.75 -0.56 -1.11 -1.09 -0.58 -0.41 0.282 0.359 0.216 0.219 0.332 0.819 0 0 0 0 0 0
1964-03-19T14:30:00 1964 3 19 14 30 0 0.13 -0.01 391.8 10.37 2.45 0.0 0.02 0.02 0 0 0 0 0 0 0 0 1.0 0.91 9.0 -0.75 -0.56 -1.11 -1.09 -0.58 -0.41 0.282 0.359 0.216 0.219 0.332 0.819 0 0 0 0 0 0
1964-03-19T15:30:00 1964 3 19 15 30 0 0.13 -0.01 391.9 10.37 2.45 0.0 0.02 0.02 0 0 0 0 0 0 0 0 0.7 0.79 7.0 -0.75 -0.56 -1.11 -1.09 -0.58 -0.41 0.282 0.359 0.216 0.219 0.332 0.819 0 0 0 0 0 0
1964-03-19T16:30:00 1964 3 19 16 30 0 0.13 -0.01 391.9 10.37 2.45 0.0 0.02 0.02 0 0 0 0 0 0 0 0 0.7 0.67 4.0 -0.75 -0.56 -1.11 -1.09 -0.58 -0.41 0.282 0.359 0.216 0.219 0.332 0.819 0 0 0 0 0 0
1964-03-19T17:30:00 1964 3 19 17 30 0 0.13 -0.01 391.9 10.37 2.45 0.0 0.02 0.02 0 0 0 0 0 0 0 0 0.7 0.72 4.0 -0.75 -0.56 -1.11 -1.09 -0.58 -0.41 0.282 0.359 0.216 0.219 0.332 0.819 0 0 0 0 0 0
1964-03-19T18:30:00 1964 3 19 18 30 0 0.13 -0.01 391.9 10.37 2.45 0.0 0.02 0.02 0 0 0 0 0 0 0 0 0.7 0.76 6.0 -0.75 -0.56 -1.11 -1.09 -0.58 -0.41 0.282 0.359 0.216 0.219 0.332 0.819 0 0 0 0 0 0
1964-03-19T19:30:00 1964 3 19 19 30 0 0.13 -0.01 392.0 10.37 2.45 0.0 0.02 0.02 0 0 0 0 0 0 0 0 0.7 0.81 8.0 -0.75 -0.56 -1.11 -1.09 -0.58 -0.41 0.282 0.359 0.216 0.219 0.332 0.82 0 0 0 0 0 0
1964-03-19T20:30:00 1964 3 19 20 30 0 0.13 -0.01 392.0 10.37 2.45 0.0 0.02 0.02 0 0 0 0 0 0 0 0 0.7 0.77 8.0 -0.75 -0.56 -1.11 -1.09 -0.58 -0.41 0.282 0.359 0.216 0.219 0.332 0.82 0 0 0 0 0 0
1964-03-19T21:30:00 1964 3 19 21 30 0 0.13 -0.01 392.0 10.37 2.45 0.0 0.02 0.02 0 0 0 0 0 0 0 0 1.0 0.78 8.0 -0.75 -0.56 -1.11 -1.09 -0.58 -0.41 0.282 0.359 0.216 0.219 0.332 0.82 0 0 0 0 0 0
1964-03-19T22:30:00 1964 3 19 22 30 0 0.13 -0.01 392.1 10.37 2.45 0.0 0.02 0.02 0 0 0 0 0 0 0 0 1.0 0.78 10.0 -0.75 -0.56 -1.11 -1.09 -0.58 -0.41 0.282 0.359 0.216 0.219 0.332 0.82 0 0 0 0 0 0
1964-03-19T23:30:00 1964 3 19 23 30 0 0.13 -0.01 392.1 10.37 2.45 0.0 0.02 0.02 0 0 0 0 0 0 0 0 1.0 0.82 12.0 -0.75 -0.56 -1.11 -1.09 -0.58 -0.41 0.282 0.359 0.217 0.22 0.332 0.82 0 0 0 0 0 0
