1964-03-23T00:30:00 1964 3 23 0 30 0 0.13 -0.01 394.5 10.39 2.46 0.0 0.02 0.02 0 0 0 0 0 0 0 0 3.3 4.88 -26.0 -0.75 -0.56 -1.11 -1.09 -0.58 -0.41 0.283 0.36 0.22 0.221 0.336 0.834 0 0 0 0 0 0
1964-03-23T01:30:00 1964 3 23 1 30 0 0.13 -0.01 394.5 10.39 2.46 0.0 0.02 0.02 0 0 0 0 0 0 0 0 3.3 4.7 -25.0 -0.75 -0.56 -1.11 -1.09 -0.58 -0.41 0.283 0.36 0.22 0.221 0.336 0.835 0 0 0 0 0 0
1964-03-23T02:30:00 1964 3 23 2 30 0 0.13 -0.01 394.6 10.39 2.46 0.0 0.02 0.02 0 0 0 0 0 0 0 0 3.3 4.4 -26.0 -0.75 -0.56 -1.11 -1.09 -0.58 -0.41 0.283 0.36 0.22 0.221 0.336 0.835 0 0 0 0 0 0
1964-03-23T03:30:00 1964 3 23 3 30 0 0.13 -0.01 394.6 10.39 2.46 0.0 0.02 0.02 0 0 0 0 0 0 0 0 4.7 4.28 -26.0 -0.75 -0.56 -1.11 -1.09 -0.58 -0.41 0.284 0.36 0.22 0.221 0.336 0.835 0 0 0 0 0 0
1964-03-23T04:30:00 1964 3 23 4 30 0 0.13 -0.01 394.6 10.39 2.46 0.0 0.02 0.02 0 0 0 0 0 0 0 0 4.7 4.17 -27.0 -0.75 -0.56 -1.11 -1.09 -0.58 -0.41 0.284 0.36 0.22 0.221 0.336 0.835 0 0 0 0 0 0
1964-03-23T05:30:00 1964 3 23 5 30 0 0.13 -0.01 394.7 10.39 2.46 0.0 0.02 0.02 0 0 0 0 0 0 0 0 4.7 4.18 -24.0 -0.75 -0.56 -1.11 -1.09 -0.58 -0.41 0.284 0.36 0.22 0.221 0.336 0.835 0 0 0 0 0 0
1964-03-23T06:30:00 1964 3 23 6 30 0 0.13 -0.01 394.7 10.39 2.46 0.0 0.02 0.02 0 0 0 0 0 0 0 0 4.0 4.09 -16.0 -0.75 -0.56 -1.11 -1.09 -0.58 -0.41 0.284 0.36 0.22 0.222 0.336 0.835 0 0 0 0 0 0
1964-03-23T07:30:00 1964 3 23 7 30 0 0.13 -0.01 394.7 10.39 2.46 0.0 0.02 0.02 0 0 0 0 0 0 0 0 4.0 4.01 -11.0 -0.75 -0.56 -1.11 -1.09 -0.58 -0.41 0.284 0.36 0.22 0.222 0.336 0.836 0 0 0 0 0 0
1964-03-23T08:30:00 1964 3 23 8 30 0 0.13 -0.01 394.8 10.39 2.46 0.0 0.02 0.02 0 0 0 0 0 0 0 0 4.0 4.09 -6.0 -0.75 -0.56 -1.11 -1.09 -0.58 -0.41 0.284 0.36 0.22 0.222 0.336 0.836 0 0 0 0 0 0
1964-03-23T09:30:00 1964 3 23 9 30 0 0.13 -0.01 394.8 10.39 2.46 0.0 0.02 0.02 0 0 0 0 0 0 0 0 6.0 4.44 -10.0 -0.75 -0.56 -1.11 -1.09 -0.58 -0.41 0.284 0.36 0.22 0.222 0.336 0.836 0 0 0 0 0 0
1964-03-23T10:30:00 1964 3 23 10 30 0 0.13 -0.01 394.8 10.39 2.46 0.0 0.02 0.02 0 0 0 0 0 0 0 0 6.0 4.77 -14.0 -0.75 -0.56 -1.11 -1.09 -0.58 -0.41 0.284 0.36 0.22 0.222 0.336 0.836 0 0 0 0 0 0
1964-03-23T11:30:00 1964 3 23 11 30 0 0.13 -0.01 394.9 10.39 2.46 0.0 0.02 0.02 0 0 0 0 0 0 0 0 6.0 4.94 -12.0 -0.75 -0.56 -1.11 -1.09 -0.58 -0.41 0.284 0.36 0.22 0.222 0.336 0.836 0 0 0 0 0 0
1964-03-23T12:30:00 1964 3 23 12 30 0 0.13 -0.01 394.9 10.39 2.46 0.0 0.02 0.02 0 0 0 0 0 0 0 0 3.0 4.72 -8.0 -0.75 -0.56 -1.11 -1.09 -0.58 -0.41 0.284 0.36 0.22 0.222 0.336 0.836 0 0 0 0 0 0
1964-03-23T13:30:00 1964 3 23 13 30 0 0.13 -0.01 394.9 10.39 2.46 0.0 0.02 0.02 0 0 0 0 0 0 0 0 3.0 4.49 -7.0 -0.75 -0.56 -1.11 -1.09 -0.58 -0.41 0.284 0.36 0.22 0.222 0.336 0.837 0 0 0 0 0 0
1964-03-23T14:30:00 1964 3 23 14 30 0 0.13 -0.01 395.0 10.39 2.46 0.0 0.02 0.02 0 0 0 0 0 0 0 0 3.0 4.36 -10.0 -0.75 -0.56 -1.11 -1.09 -0.58 -0.41 0.284 0.36 0.22 0.222 0.336 0.837 0 0 0 0 0 0
1964-03-23T15:30:00 1964 3 23 15 30 0 0.13 -0.01 395.0 10.39 2.46 0.0 0.02 0.02 0 0 0 0 0 0 0 0 4.0 4.35 -14.0 -0.75 -0.56 -1.11 -1.09 -0.58 -0.41 0.284 0.36 0.22 0.222 0.336 0.837 0 0 0 0 0 0
1964-03-23T16:30:00 1964 3 23 16 30 0 0.13 -0.01 395.0 10.39 2.46 0.0 0.02 0.02 0 0 0 0 0 0 0 0 4.0 4.35 -14.0 -0.75 -0.56 -1.11 -1.09 -0.58 -0.41 0.284 0.36 0.22 0.222 0.336 0.837 0 0 0 0 0 0
1964-03-23T17:30:00 1964 3 23 17 30 0 0.13 -0.01 395.1 10.39 2.46 0.0 0.02 0.02 0 0 0 0 0 0 0 0 4.0 4.11 -10.0 -0.75 -0.56 -1.11 -1.09 -0.58 -0.41 0.284 0.36 0.221 0.222 0.336 0.837 0 0 0 0 0 0
1964-03-23T18:30:00 1964 3 23 18 30 0 0.13 -0.01 395.1 10.39 2.46 0.0 0.02 0.02 0 0 0 0 0 0 0 0 4.0 3.87 -13.0 -0.75 -0.56 -1.11 -1.09 -0.58 -0.41 0.284 0.36 0.221 0.222 0.336 0.837 0 0 0 0 0 0
1964-03-23T19:30:00 1964 3 23 19 30 0 0.13 -0.01 395.1 10.39 2.46 0.0 0.02 0.02 0 0 0 0 0 0 0 0 4.0 3.64 -11.0 -0.75 -0.56 -1.11 -1.09 -0.58 -0.41 0.284 0.36 0.221 0.222 0.336 0.838 0 0 0 0 0 0
1964-03-23T20:30:00 1964 3 23 20 30 0 0.13 -0.01 395.2 10.39 2.46 0.0 0.02 0.02 0 0 0 0 0 0 0 0 4.0 3.76 -12.0 -0.75 -0.56 -1.11 -1.09 -0.58 -0.41 0.284 0.36 0.221 0.222 0.337 0.838 0 0 0 0 0 0
1964-03-23T21:30:00 1964 3 23 21 30 0 0.13 -0.01 395.2 10.39 2.46 0.0 0.02 0.02 0 0 0 0 0 0 0 0 2.3 3.66 -11.0 -0.75 -0.56 -1.11 -1.09 -0.58 -0.41 0.284 0.36 0.221 0.222 0.337 0.838 0 0 0 0 0 0
1964-03-23T22:30:00 1964 3 23 22 30 0 0.13 -0.01 395.2 10.39 2.46 0.0 0.02 0.02 0 0 0 0 0 0 0 0 2.3 3.56 -10.0 -0.75 -0.56 -1.11 -1.09 -0.58 -0.41 0.284 0.36 0.221 0.222 0.337 0.838 0 0 0 0 0 0
1964-03-23T23:30:00 1964 3 23 23 30 0 0.13 -0.01 395.3 10.39 2.46 0.0 0.02 0.02 0 0 0 0 0 0 0 0 2.3 3.34 -10.0 -0.75 -0.56 -1.11 -1.09 -0.58 -0.41 0.284 0.36 0.221 0.222 0.337 0.838 0 0 0 0 0 0
