1964-06-27T00:30:00 1964 6 27 0 30 0 0.13 -0.03 473.7 10.38 2.48 0.0 0.07 0.07 0 0 0 0 0 0 0 0 0.3 0.95 -8.0 -0.75 -0.56 -1.11 -1.09 -0.58 -0.41 0.328 0.372 0.331 0.278 0.449 1.292 0 0 0 0 0 0
1964-06-27T01:30:00 1964 6 27 1 30 0 0.13 -0.03 473.9 10.38 2.48 0.0 0.07 0.07 0 0 0 0 0 0 0 0 0.3 0.82 -3.0 -0.75 -0.56 -1.11 -1.09 -0.58 -0.41 0.328 0.372 0.331 0.278 0.45 1.293 0 0 0 0 0 0
1964-06-27T02:30:00 1964 6 27 2 30 0 0.13 -0.03 474.0 10.38 2.48 0.0 0.07 0.07 0 0 0 0 0 0 0 0 0.3 0.77 1.0 -0.75 -0.56 -1.11 -1.09 -0.58 -0.41 0.328 0.372 0.331 0.278 0.45 1.294 0 0 0 0 0 0
1964-06-27T03:30:00 1964 6 27 3 30 0 0.13 -0.03 474.2 10.38 2.48 0.0 0.07 0.07 0 0 0 0 0 0 0 0 0.3 0.71 0.0 -0.75 -0.56 -1.11 -1.09 -0.58 -0.41 0.328 0.372 0.332 0.278 0.45 1.295 0 0 0 0 0 0
1964-06-27T04:30:00 1964 6 27 4 30 0 0.13 -0.03 474.3 10.38 2.48 0.0 0.07 0.07 0 0 0 0 0 0 0 0 0.3 0.66 0.0 -0.75 -0.56 -1.11 -1.09 -0.58 -0.41 0.328 0.372 0.332 0.278 0.45 1.296 0 0 0 0 0 0
1964-06-27T05:30:00 1964 6 27 5 30 0 0.13 -0.03 474.4 10.38 2.48 0.0 0.07 0.07 0 0 0 0 0 0 0 0 0.3 0.54 1.0 -0.75 -0.56 -1.11 -1.09 -0.58 -0.41 0.328 0.372 0.332 0.279 0.451 1.297 0 0 0 0 0 0
1964-06-27T06:30:00 1964 6 27 6 30 0 0.13 -0.03 474.6 10.38 2.48 0.0 0.07 0.07 0 0 0 0 0 0 0 0 1.0 0.51 0.0 -0.75 -0.56 -1.11 -1.09 -0.58 -0.41 0.328 0.372 0.332 0.279 0.451 1.298 0 0 0 0 0 0
1964-06-27T07:30:00 1964 6 27 7 30 0 0.13 -0.03 474.7 10.38 2.48 0.0 0.07 0.07 0 0 0 0 0 0 0 0 1.0 0.48 0.0 -0.75 -0.56 -1.11 -1.09 -0.58 -0.41 0.328 0.372 0.332 0.279 0.451 1.299 0 0 0 0 0 0
1964-06-27T08:30:00 1964 6 27 8 30 0 0.13 -0.03 474.9 10.38 2.48 0.0 0.07 0.07 0 0 0 0 0 0 0 0 1.0 0.57 -1.0 -0.75 -0.56 -1.11 -1.09 -0.58 -0.41 0.329 0.372 0.333 0.279 0.451 1.3 0 0 0 0 0 0
1964-06-27T09:30:00 1964 6 27 9 30 0 0.13 -0.03 475.0 10.38 2.48 0.0 0.07 0.07 0 0 0 0 0 0 0 0 1.0 0.66 3.0 -0.75 -0.56 -1.11 -1.09 -0.58 -0.41 0.329 0.372 0.333 0.279 0.451 1.301 0 0 0 0 0 0
1964-06-27T10:30:00 1964 6 27 10 30 0 0.13 -0.03 475.1 10.38 2.48 0.0 0.07 0.07 0 0 0 0 0 0 0 0 1.0 0.75 3.0 -0.75 -0.56 -1.11 -1.09 -0.58 -0.41 0.329 0.372 0.333 0.279 0.452 1.302 0 0 0 0 0 0
1964-06-27T11:30:00 1964 6 27 11 30 0 0.13 -0.03 475.3 10.38 2.48 0.0 0.07 0.07 0 0 0 0 0 0 0 0 1.0 0.83 6.0 -0.75 -0.56 -1.11 -1.09 -0.58 -0.41 0.329 0.372 0.333 0.279 0.452 1.302 0 0 0 0 0 0
1964-06-27T12:30:00 1964 6 27 12 30 0 0.13 -0.03 475.4 10.38 2.48 0.0 0.07 0.07 0 0 0 0 0 0 0 0 2.3 1.09 12.0 -0.75 -0.56 -1.11 -1.09 -0.58 -0.41 0.329 0.372 0.334 0.279 0.452 1.303 0 0 0 0 0 0
1964-06-27T13:30:00 1964 6 27 13 30 0 0.13 -0.03 475.6 10.38 2.48 0.0 0.07 0.07 0 0 0 0 0 0 0 0 2.3 1.34 16.0 -0.75 -0.56 -1.11 -1.09 -0.58 -0.41 0.329 0.372 0.334 0.279 0.452 1.304 0 0 0 0 0 0
1964-06-27T14:30:00 1964 6 27 14 30 0 0.13 -0.03 475.7 10.38 2.48 0.0 0.07 0.07 0 0 0 0 0 0 0 0 2.3 1.5 22.0 -0.75 -0.56 -1.11 -1.09 -0.58 -0.41 0.329 0.372 0.334 0.279 0.452 1.305 0 0 0 0 0 0
1964-06-27T15:30:00 1964 6 27 15 30 0 0.13 -0.03 475.8 10.38 2.48 0.0 0.07 0.07 0 0 0 0 0 0 0 0 2.0 1.63 18.0 -0.75 -0.56 -1.11 -1.09 -0.58 -0.41 0.329 0.372 0.334 0.28 0.453 1.306 0 0 0 0 0 0
1964-06-27T16:30:00 1964 6 27 16 30 0 0.13 -0.03 476.0 10.38 2.48 0.0 0.07 0.07 0 0 0 0 0 0 0 0 2.0 1.75 18.0 -0.75 -0.56 -1.11 -1.09 -0.58 -0.41 0.329 0.372 0.335 0.28 0.453 1.307 0 0 0 0 0 0
1964-06-27T17:30:00 1964 6 27 17 30 0 0.13 -0.03 476.1 10.38 2.48 0.0 0.07 0.07 0 0 0 0 0 0 0 0 2.0 1.87 13.0 -0.75 -0.56 -1.11 -1.09 -0.58 -0.41 0.329 0.372 0.335 0.28 0.453 1.308 0 0 0 0 0 0
1964-06-27T18:30:00 1964 6 27 18 30 0 0.13 -0.03 476.3 10.38 2.48 0.0 0.07 0.07 0 0 0 0 0 0 0 0 1.7 1.95 10.0 -0.75 -0.56 -1.11 -1.09 -0.58 -0.41 0.329 0.372 0.335 0.28 0.453 1.309 0 0 0 0 0 0
1964-06-27T19:30:00 1964 6 27 19 30 0 0.13 -0.03 476.4 10.38 2.47 0.0 0.07 0.07 0 0 0 0 0 0 0 0 1.7 2.03 6.0 -0.75 -0.56 -1.11 -1.09 -0.58 -0.41 0.329 0.372 0.335 0.28 0.454 1.31 0 0 0 0 0 0
1964-06-27T20:30:00 1964 6 27 20 30 0 0.13 -0.03 476.5 10.38 2.47 0.0 0.07 0.07 0 0 0 0 0 0 0 0 1.7 1.96 4.0 -0.75 -0.56 -1.11 -1.09 -0.58 -0.41 0.329 0.372 0.335 0.28 0.454 1.311 0 0 0 0 0 0
1964-06-27T21:30:00 1964 6 27 21 30 0 0.13 -0.03 476.7 10.38 2.47 0.0 0.07 0.07 0 0 0 0 0 0 0 0 2.0 1.92 6.0 -0.75 -0.56 -1.11 -1.09 -0.58 -0.41 0.33 0.372 0.336 0.28 0.454 1.312 0 0 0 0 0 0
1964-06-27T22:30:00 1964 6 27 22 30 0 0.13 -0.03 476.8 10.38 2.47 0.0 0.07 0.07 0 0 0 0 0 0 0 0 2.0 1.89 3.0 -0.75 -0.56 -1.11 -1.09 -0.58 -0.41 0.33 0.372 0.336 0.28 0.454 1.313 0 0 0 0 0 0
1964-06-27T23:30:00 1964 6 27 23 30 0 0.13 -0.03 477.0 10.38 2.47 0.0 0.07 0.07 0 0 0 0 0 0 0 0 2.0 1.89 6.0 -0.75 -0.56 -1.11 -1.09 -0.58 -0.41 0.33 0.372 0.336 0.28 0.454 1.314 0 0 0 0 0 0
