1964-11-22T00:30:00 1964 11 22 0 30 0 -0.23 0.08 352.0 9.02 2.41 0.0 0.0 0.0 0 0 2 0 0 1 1 1 1.7 1.17 16.0 -0.72 -0.52 -1.09 -1.07 -0.54 -0.37 0.235 0.314 0.195 0.176 0.25 0.496 0 0 0 0 0 0
1964-11-22T01:30:00 1964 11 22 1 30 0 -0.23 0.08 352.0 9.02 2.41 0.0 0.0 0.0 0 0 2 0 0 1 1 1 1.7 1.34 20.0 -0.72 -0.52 -1.09 -1.07 -0.54 -0.37 0.236 0.314 0.194 0.176 0.251 0.499 0 0 0 0 0 0
1964-11-22T02:30:00 1964 11 22 2 30 0 -0.23 0.08 352.0 9.02 2.41 0.0 0.0 0.0 0 0 2 0 0 1 1 1 1.7 1.46 19.0 -0.72 -0.52 -1.09 -1.07 -0.54 -0.37 0.236 0.314 0.193 0.176 0.251 0.5 0 0 0 0 0 0
1964-11-22T03:30:00 1964 11 22 3 30 0 -0.23 0.08 365.0 9.01 2.41 0.0 0.0 0.0 0 0 2 0 0 1 1 1 1.0 1.49 19.0 -0.72 -0.52 -1.09 -1.07 -0.54 -0.37 0.237 0.315 0.192 0.179 0.258 0.519 0 0 0 0 0 0
1964-11-22T04:30:00 1964 11 22 4 30 0 -0.23 0.08 365.0 9.01 2.41 0.0 0.0 0.0 0 0 2 0 0 1 1 1 1.0 1.52 21.0 -0.72 -0.52 -1.09 -1.07 -0.54 -0.37 0.239 0.316 0.191 0.181 0.264 0.535 0 0 0 0 0 0
1964-11-22T05:30:00 1964 11 22 5 30 0 -0.23 0.08 365.0 9.01 2.41 0.0 0.0 0.0 0 0 2 0 0 1 1 1 1.0 1.43 21.0 -0.72 -0.52 -1.09 -1.07 -0.54 -0.37 0.241 0.316 0.191 0.183 0.265 0.541 0 0 0 0 0 0
1964-11-22T06:30:00 1964 11 22 6 30 0 -0.23 0.08 425.0 9.01 2.41 0.0 0.0 0.0 0 0 2 0 0 1 1 1 1.0 1.34 22.0 -0.72 -0.52 -1.09 -1.07 -0.54 -0.37 0.248 0.319 0.191 0.195 0.301 0.639 0 0 0 0 0 0
1964-11-22T07:30:00 1964 11 22 7 30 0 -0.23 0.08 425.0 9.01 2.41 0.0 0.0 0.0 0 0 2 0 0 1 1 1 1.0 1.25 18.0 -0.72 -0.52 -1.09 -1.07 -0.54 -0.37 0.257 0.322 0.193 0.208 0.327 0.725 0 0 0 0 0 0
1964-11-22T08:30:00 1964 11 22 8 30 0 -0.23 0.08 425.0 9.01 2.41 0.0 0.0 0.0 0 0 2 0 0 1 1 1 1.0 1.17 19.0 -0.72 -0.52 -1.09 -1.07 -0.54 -0.37 0.263 0.324 0.194 0.215 0.336 0.761 0 0 0 0 0 0
1964-11-22T09:30:00 1964 11 22 9 30 0 -0.23 0.08 422.0 9.01 2.41 0.0 0.0 0.0 0 0 2 0 0 1 1 1 2.3 1.25 22.0 -0.72 -0.52 -1.09 -1.07 -0.54 -0.37 0.266 0.324 0.196 0.218 0.336 0.77 0 0 0 0 0 0
1964-11-22T10:30:00 1964 11 22 10 30 0 -0.23 0.08 422.0 9.01 2.41 0.0 0.0 0.0 0 0 2 0 0 1 1 1 2.3 1.34 14.0 -0.72 -0.52 -1.09 -1.07 -0.54 -0.37 0.268 0.324 0.197 0.219 0.336 0.772 0 0 0 0 0 0
1964-11-22T11:30:00 1964 11 22 11 30 0 -0.23 0.08 422.0 9.01 2.41 0.0 0.0 0.0 0 0 2 0 0 1 1 1 2.3 1.5 4.0 -0.72 -0.52 -1.09 -1.07 -0.54 -0.37 0.27 0.325 0.198 0.22 0.336 0.773 0 0 0 0 0 0
1964-11-22T12:30:00 1964 11 22 12 30 0 -0.23 0.08 401.0 9.01 2.41 0.0 0.0 0.0 0 0 2 0 0 1 1 1 1.0 1.5 6.0 -0.72 -0.52 -1.09 -1.07 -0.54 -0.37 0.269 0.324 0.199 0.217 0.323 0.737 0 0 0 0 0 0
1964-11-22T13:30:00 1964 11 22 13 30 0 -0.23 0.08 401.0 9.01 2.41 0.0 0.0 0.0 0 0 2 0 0 1 1 1 1.0 1.49 8.0 -0.72 -0.52 -1.09 -1.07 -0.54 -0.37 0.267 0.323 0.2 0.213 0.314 0.706 0 0 0 0 0 0
1964-11-22T14:30:00 1964 11 22 14 30 0 -0.23 0.08 401.0 9.01 2.41 0.0 0.0 0.0 0 0 2 0 0 1 1 1 1.0 1.48 9.0 -0.72 -0.52 -1.09 -1.07 -0.54 -0.37 0.265 0.322 0.2 0.211 0.311 0.693 0 0 0 0 0 0
1964-11-22T15:30:00 1964 11 22 15 30 0 -0.23 0.08 401.0 9.01 2.41 0.0 0.0 0.0 0 0 1 0 0 0 1 0 1.3 1.52 8.0 -0.72 -0.52 -1.09 -1.07 -0.54 -0.37 0.264 0.322 0.2 0.209 0.31 0.688 0 0 0 0 0 0
1964-11-22T16:30:00 1964 11 22 16 30 0 -0.23 0.08 401.0 9.01 2.41 0.0 0.0 0.0 0 0 1 0 0 0 1 0 1.3 1.55 10.0 -0.72 -0.52 -1.09 -1.07 -0.54 -0.37 0.264 0.322 0.201 0.209 0.309 0.686 0 0 0 0 0 0
1964-11-22T17:30:00 1964 11 22 17 30 0 -0.23 0.08 401.0 9.01 2.41 0.0 0.0 0.0 0 0 1 0 0 0 1 0 1.3 1.43 11.0 -0.72 -0.52 -1.09 -1.07 -0.54 -0.37 0.263 0.322 0.201 0.208 0.309 0.685 0 0 0 0 0 0
1964-11-22T18:30:00 1964 11 22 18 30 0 -0.23 0.08 401.0 9.01 2.41 0.0 0.0 0.0 0 0 1 0 0 0 1 0 1.3 1.31 9.0 -0.72 -0.52 -1.09 -1.07 -0.54 -0.37 0.263 0.322 0.201 0.208 0.309 0.684 0 0 0 0 0 0
1964-11-22T19:30:00 1964 11 22 19 30 0 -0.23 0.08 401.0 9.01 2.41 0.0 0.0 0.0 0 0 1 0 0 0 1 0 1.3 1.19 3.0 -0.72 -0.52 -1.09 -1.07 -0.54 -0.37 0.263 0.322 0.202 0.208 0.309 0.684 0 0 0 0 0 0
1964-11-22T20:30:00 1964 11 22 20 30 0 -0.23 0.08 401.0 9.01 2.41 0.0 0.0 0.0 0 0 1 0 0 0 1 0 1.3 1.23 5.0 -0.72 -0.52 -1.09 -1.07 -0.54 -0.37 0.263 0.322 0.202 0.208 0.309 0.684 0 0 0 0 0 0
1964-11-22T21:30:00 1964 11 22 21 30 0 -0.23 0.08 401.0 9.01 2.41 0.0 0.0 0.0 0 0 1 0 0 0 1 0 2.7 1.45 4.0 -0.72 -0.52 -1.09 -1.07 -0.54 -0.37 0.262 0.322 0.202 0.208 0.309 0.684 0 0 0 0 0 0
1964-11-22T22:30:00 1964 11 22 22 30 0 -0.23 0.08 401.0 9.01 2.41 0.0 0.0 0.0 0 0 1 0 0 0 1 0 2.7 1.66 0.0 -0.72 -0.52 -1.09 -1.07 -0.54 -0.37 0.262 0.322 0.203 0.208 0.309 0.684 0 0 0 0 0 0
1964-11-22T23:30:00 1964 11 22 23 30 0 -0.23 0.08 401.0 9.01 2.41 0.0 0.0 0.0 0 0 1 0 0 0 1 0 2.7 1.84 1.0 -0.72 -0.52 -1.09 -1.07 -0.54 -0.37 0.262 0.322 0.203 0.208 0.309 0.684 0 0 0 0 0 0
