1964-05-17T00:30:00 1964 5 17 0 30 0 0.13 -0.03 408.9 10.42 2.48 0.0 0.06 0.06 0 0 0 0 0 0 0 0 1.3 2.79 -10.0 -0.75 -0.56 -1.11 -1.09 -0.58 -0.41 0.292 0.363 0.24 0.232 0.356 0.913 0 0 0 0 0 0
1964-05-17T01:30:00 1964 5 17 1 30 0 0.13 -0.03 408.9 10.42 2.48 0.0 0.06 0.06 0 0 0 0 0 0 0 0 1.3 2.65 -13.0 -0.75 -0.56 -1.11 -1.09 -0.58 -0.41 0.292 0.363 0.24 0.232 0.356 0.913 0 0 0 0 0 0
1964-05-17T02:30:00 1964 5 17 2 30 0 0.13 -0.03 408.9 10.42 2.48 0.0 0.06 0.06 0 0 0 0 0 0 0 0 1.3 2.28 -14.0 -0.75 -0.56 -1.11 -1.09 -0.58 -0.41 0.292 0.363 0.24 0.232 0.356 0.913 0 0 0 0 0 0
1964-05-17T03:30:00 1964 5 17 3 30 0 0.13 -0.03 409.0 10.42 2.48 0.0 0.06 0.06 0 0 0 0 0 0 0 0 1.3 1.91 -11.0 -0.75 -0.56 -1.11 -1.09 -0.58 -0.41 0.292 0.363 0.24 0.232 0.356 0.913 0 0 0 0 0 0
1964-05-17T04:30:00 1964 5 17 4 30 0 0.13 -0.03 409.0 10.42 2.48 0.0 0.06 0.06 0 0 0 0 0 0 0 0 1.3 1.55 -8.0 -0.75 -0.56 -1.11 -1.09 -0.58 -0.41 0.292 0.363 0.24 0.232 0.356 0.913 0 0 0 0 0 0
1964-05-17T05:30:00 1964 5 17 5 30 0 0.13 -0.03 409.0 10.42 2.48 0.0 0.06 0.06 0 0 0 0 0 0 0 0 1.3 1.47 -7.0 -0.75 -0.56 -1.11 -1.09 -0.58 -0.41 0.292 0.363 0.24 0.232 0.356 0.913 0 0 0 0 0 0
1964-05-17T06:30:00 1964 5 17 6 30 0 0.13 -0.03 409.0 10.42 2.48 0.0 0.06 0.06 0 0 0 0 0 0 0 0 2.3 1.51 -8.0 -0.75 -0.56 -1.11 -1.09 -0.58 -0.41 0.292 0.363 0.24 0.232 0.356 0.913 0 0 0 0 0 0
1964-05-17T07:30:00 1964 5 17 7 30 0 0.13 -0.03 409.0 10.42 2.48 0.0 0.06 0.06 0 0 0 0 0 0 0 0 2.3 1.56 -8.0 -0.75 -0.56 -1.11 -1.09 -0.58 -0.41 0.292 0.363 0.241 0.232 0.356 0.913 0 0 0 0 0 0
1964-05-17T08:30:00 1964 5 17 8 30 0 0.13 -0.03 409.0 10.42 2.48 0.0 0.06 0.06 0 0 0 0 0 0 0 0 2.3 1.69 -8.0 -0.75 -0.56 -1.11 -1.09 -0.58 -0.41 0.292 0.363 0.241 0.232 0.356 0.913 0 0 0 0 0 0
1964-05-17T09:30:00 1964 5 17 9 30 0 0.13 -0.03 409.0 10.42 2.48 0.0 0.06 0.06 0 0 0 0 0 0 0 0 3.3 1.95 -9.0 -0.75 -0.56 -1.11 -1.09 -0.58 -0.41 0.292 0.363 0.241 0.232 0.356 0.913 0 0 0 0 0 0
1964-05-17T10:30:00 1964 5 17 10 30 0 0.13 -0.03 409.0 10.42 2.48 0.0 0.06 0.06 0 0 0 0 0 0 0 0 3.3 2.2 -8.0 -0.75 -0.56 -1.11 -1.09 -0.58 -0.41 0.292 0.363 0.241 0.232 0.356 0.913 0 0 0 0 0 0
1964-05-17T11:30:00 1964 5 17 11 30 0 0.13 -0.03 409.0 10.42 2.48 0.0 0.06 0.06 0 0 0 0 0 0 0 0 3.3 2.45 -8.0 -0.75 -0.56 -1.11 -1.09 -0.58 -0.41 0.292 0.363 0.241 0.232 0.356 0.913 0 0 0 0 0 0
1964-05-17T12:30:00 1964 5 17 12 30 0 0.13 -0.03 409.0 10.42 2.48 0.0 0.06 0.06 0 0 0 0 0 0 0 0 2.7 2.62 -12.0 -0.75 -0.56 -1.11 -1.09 -0.58 -0.41 0.292 0.363 0.241 0.232 0.356 0.913 0 0 0 0 0 0
1964-05-17T13:30:00 1964 5 17 13 30 0 0.13 -0.03 409.0 10.42 2.48 0.0 0.06 0.06 0 0 0 0 0 0 0 0 2.7 2.78 -16.0 -0.75 -0.56 -1.11 -1.09 -0.58 -0.41 0.292 0.363 0.241 0.232 0.356 0.913 0 0 0 0 0 0
1964-05-17T14:30:00 1964 5 17 14 30 0 0.13 -0.03 409.0 10.42 2.48 0.0 0.06 0.06 0 0 0 0 0 0 0 0 2.7 2.83 -13.0 -0.75 -0.56 -1.11 -1.09 -0.58 -0.41 0.292 0.363 0.241 0.232 0.356 0.913 0 0 0 0 0 0
1964-05-17T15:30:00 1964 5 17 15 30 0 0.13 -0.03 409.0 10.42 2.48 0.0 0.06 0.06 0 0 0 0 0 0 0 0 1.7 2.74 -8.0 -0.75 -0.56 -1.11 -1.09 -0.58 -0.41 0.292 0.363 0.241 0.232 0.356 0.913 0 0 0 0 0 0
1964-05-17T16:30:00 1964 5 17 16 30 0 0.13 -0.03 409.0 10.42 2.48 0.0 0.06 0.06 0 0 0 0 0 0 0 0 1.7 2.66 -5.0 -0.75 -0.56 -1.11 -1.09 -0.58 -0.41 0.292 0.363 0.241 0.232 0.356 0.913 0 0 0 0 0 0
1964-05-17T17:30:00 1964 5 17 17 30 0 0.13 -0.03 409.0 10.42 2.48 0.0 0.06 0.06 0 0 0 0 0 0 0 0 1.7 2.46 -1.0 -0.75 -0.56 -1.11 -1.09 -0.58 -0.41 0.292 0.363 0.241 0.232 0.356 0.913 0 0 0 0 0 0
1964-05-17T18:30:00 1964 5 17 18 30 0 0.13 -0.03 409.0 10.42 2.48 0.0 0.06 0.06 0 0 0 0 0 0 0 0 1.3 2.21 0.0 -0.75 -0.56 -1.11 -1.09 -0.58 -0.41 0.292 0.363 0.241 0.232 0.356 0.913 0 0 0 0 0 0
1964-05-17T19:30:00 1964 5 17 19 30 0 0.13 -0.03 409.1 10.42 2.48 0.0 0.06 0.06 0 0 0 0 0 0 0 0 1.3 1.96 0.0 -0.75 -0.56 -1.11 -1.09 -0.58 -0.41 0.292 0.363 0.241 0.232 0.356 0.914 0 0 0 0 0 0
1964-05-17T20:30:00 1964 5 17 20 30 0 0.13 -0.03 409.1 10.42 2.48 0.0 0.06 0.06 0 0 0 0 0 0 0 0 1.3 1.78 -2.0 -0.75 -0.56 -1.11 -1.09 -0.58 -0.41 0.292 0.363 0.241 0.232 0.356 0.914 0 0 0 0 0 0
1964-05-17T21:30:00 1964 5 17 21 30 0 0.13 -0.03 409.1 10.42 2.48 0.0 0.06 0.06 0 0 0 0 0 0 0 0 2.3 1.74 -11.0 -0.75 -0.56 -1.11 -1.09 -0.58 -0.41 0.292 0.363 0.241 0.232 0.356 0.914 0 0 0 0 0 0
1964-05-17T22:30:00 1964 5 17 22 30 0 0.13 -0.03 409.1 10.42 2.48 0.0 0.06 0.06 0 0 0 0 0 0 0 0 2.3 1.71 -15.0 -0.75 -0.56 -1.11 -1.09 -0.58 -0.41 0.292 0.363 0.241 0.232 0.356 0.914 0 0 0 0 0 0
1964-05-17T23:30:00 1964 5 17 23 30 0 0.13 -0.03 409.1 10.42 2.48 0.0 0.06 0.06 0 0 0 0 0 0 0 0 2.3 1.78 -13.0 -0.75 -0.56 -1.11 -1.09 -0.58 -0.41 0.292 0.363 0.241 0.232 0.356 0.914 0 0 0 0 0 0
