1964-09-26T00:30:00 1964 9 26 0 30 0 -0.08 0.03 475.4 9.57 2.44 0.0 0.0 0.0 0 0 1 0 0 0 1 0 1.7 1.02 -11.0 -0.73 -0.54 -1.1 -1.08 -0.56 -0.39 0.32 0.351 0.393 0.275 0.434 1.186 0 0 0 0 0 0
1964-09-26T01:30:00 1964 9 26 1 30 0 -0.08 0.03 468.4 9.57 2.44 0.0 0.0 0.0 0 0 1 0 0 0 1 0 1.7 1.19 -9.0 -0.73 -0.54 -1.1 -1.08 -0.56 -0.39 0.316 0.35 0.39 0.27 0.424 1.145 0 0 0 0 0 0
1964-09-26T02:30:00 1964 9 26 2 30 0 -0.08 0.03 461.5 9.57 2.44 0.0 0.0 0.0 0 0 1 0 0 0 1 0 1.7 1.36 -5.0 -0.73 -0.54 -1.1 -1.08 -0.56 -0.39 0.313 0.349 0.388 0.265 0.415 1.105 0 0 0 0 0 0
1964-09-26T03:30:00 1964 9 26 3 30 0 -0.08 0.03 454.5 9.57 2.44 0.0 0.0 0.0 0 0 1 0 0 0 1 0 0.3 1.35 -2.0 -0.73 -0.54 -1.1 -1.08 -0.56 -0.39 0.309 0.348 0.385 0.26 0.405 1.066 0 0 0 0 0 0
1964-09-26T04:30:00 1964 9 26 4 30 0 -0.08 0.03 447.6 9.57 2.44 0.0 0.0 0.0 0 0 1 0 0 0 1 0 0.3 1.34 0.0 -0.73 -0.54 -1.1 -1.08 -0.56 -0.39 0.306 0.347 0.382 0.255 0.395 1.028 0 0 0 0 0 0
1964-09-26T05:30:00 1964 9 26 5 30 0 -0.08 0.03 440.6 9.57 2.44 0.0 0.0 0.0 0 0 1 0 0 0 1 0 0.3 1.16 1.0 -0.73 -0.54 -1.1 -1.08 -0.56 -0.39 0.302 0.346 0.379 0.25 0.385 0.991 0 0 0 0 0 0
1964-09-26T06:30:00 1964 9 26 6 30 0 -0.08 0.04 433.6 9.57 2.44 0.0 0.0 0.0 0 0 1 0 0 0 1 0 2.0 1.2 2.0 -0.73 -0.54 -1.1 -1.08 -0.56 -0.39 0.298 0.345 0.376 0.246 0.376 0.954 0 0 0 0 0 0
1964-09-26T07:30:00 1964 9 26 7 30 0 -0.08 0.04 426.7 9.57 2.44 0.0 0.0 0.0 0 0 1 0 0 0 1 0 2.0 1.25 3.0 -0.73 -0.54 -1.1 -1.08 -0.56 -0.39 0.295 0.344 0.372 0.241 0.366 0.918 0 0 0 0 0 0
1964-09-26T08:30:00 1964 9 26 8 30 0 -0.08 0.04 419.7 9.57 2.44 0.0 0.0 0.0 0 0 1 0 0 0 1 0 2.0 1.3 2.0 -0.73 -0.54 -1.1 -1.08 -0.56 -0.39 0.291 0.343 0.368 0.236 0.357 0.883 0 0 0 0 0 0
1964-09-26T09:30:00 1964 9 26 9 30 0 -0.08 0.04 412.8 9.57 2.44 0.0 0.0 0.0 0 0 1 0 0 0 1 0 1.3 1.25 1.0 -0.73 -0.54 -1.1 -1.08 -0.56 -0.39 0.287 0.342 0.364 0.231 0.347 0.849 0 0 0 0 0 0
1964-09-26T10:30:00 1964 9 26 10 30 0 -0.08 0.04 405.8 9.57 2.44 0.0 0.0 0.0 0 0 1 0 0 0 1 0 1.3 1.2 -2.0 -0.73 -0.54 -1.1 -1.08 -0.56 -0.39 0.283 0.341 0.36 0.227 0.338 0.816 0 0 0 0 0 0
1964-09-26T11:30:00 1964 9 26 11 30 0 -0.08 0.04 398.8 9.57 2.44 0.0 0.0 0.0 0 0 1 0 0 0 1 0 1.3 1.32 -5.0 -0.73 -0.54 -1.1 -1.08 -0.56 -0.39 0.28 0.34 0.356 0.222 0.329 0.783 0 0 0 0 0 0
1964-09-26T12:30:00 1964 9 26 12 30 0 -0.08 0.04 391.9 9.56 2.44 0.0 0.0 0.0 0 0 1 0 0 0 1 0 0.7 1.36 -4.0 -0.73 -0.54 -1.1 -1.08 -0.56 -0.39 0.276 0.339 0.351 0.217 0.32 0.751 0 0 0 0 0 0
1964-09-26T13:30:00 1964 9 26 13 30 0 -0.09 0.04 384.9 9.56 2.44 0.0 0.0 0.0 0 0 1 0 0 0 1 0 0.7 1.4 -5.0 -0.73 -0.54 -1.1 -1.08 -0.56 -0.39 0.272 0.338 0.347 0.212 0.311 0.72 0 0 0 0 0 0
1964-09-26T14:30:00 1964 9 26 14 30 0 -0.09 0.04 378.0 9.56 2.44 0.0 0.0 0.0 0 0 1 0 0 0 1 0 0.7 1.23 -7.0 -0.73 -0.54 -1.1 -1.08 -0.56 -0.39 0.268 0.337 0.342 0.208 0.302 0.689 0 0 0 0 0 0
1964-09-26T15:30:00 1964 9 26 15 30 0 -0.09 0.04 371.0 9.56 2.44 0.0 0.0 0.0 0 0 2 0 0 1 1 1 0.0 0.98 -6.0 -0.73 -0.54 -1.1 -1.08 -0.56 -0.39 0.265 0.336 0.338 0.203 0.294 0.66 0 0 0 0 0 0
1964-09-26T16:30:00 1964 9 26 16 30 0 -0.09 0.04 371.0 9.56 2.44 0.0 0.0 0.0 0 0 2 0 0 1 1 1 0.0 0.73 -2.0 -0.73 -0.54 -1.1 -1.08 -0.56 -0.39 0.262 0.335 0.333 0.2 0.289 0.642 0 0 0 0 0 0
1964-09-26T17:30:00 1964 9 26 17 30 0 -0.09 0.04 371.0 9.56 2.44 0.0 0.0 0.0 0 0 2 0 0 1 1 1 0.0 0.57 2.0 -0.73 -0.54 -1.1 -1.08 -0.56 -0.39 0.259 0.335 0.328 0.198 0.288 0.635 0 0 0 0 0 0
1964-09-26T18:30:00 1964 9 26 18 30 0 -0.09 0.04 397.0 9.56 2.44 0.0 0.0 0.0 0 0 2 0 0 1 1 1 0.3 0.45 3.0 -0.73 -0.54 -1.1 -1.08 -0.56 -0.39 0.261 0.336 0.324 0.202 0.303 0.677 0 0 0 0 0 0
1964-09-26T19:30:00 1964 9 26 19 30 0 -0.09 0.04 397.0 9.56 2.44 0.0 0.0 0.0 0 0 2 0 0 1 1 1 0.3 0.33 2.0 -0.73 -0.54 -1.1 -1.08 -0.56 -0.39 0.264 0.337 0.321 0.207 0.315 0.714 0 0 0 0 0 0
1964-09-26T20:30:00 1964 9 26 20 30 0 -0.09 0.04 397.0 9.56 2.44 0.0 0.0 0.0 0 0 2 0 0 1 1 1 0.3 0.28 4.0 -0.73 -0.54 -1.1 -1.08 -0.56 -0.39 0.266 0.338 0.318 0.21 0.318 0.73 0 0 0 0 0 0
1964-09-26T21:30:00 1964 9 26 21 30 0 -0.09 0.04 395.8 9.56 2.44 0.0 0.0 0.0 0 0 1 0 0 0 1 0 0.7 0.29 5.0 -0.73 -0.54 -1.1 -1.08 -0.56 -0.39 0.267 0.338 0.315 0.211 0.319 0.734 0 0 0 0 0 0
1964-09-26T22:30:00 1964 9 26 22 30 0 -0.09 0.04 394.5 9.56 2.44 0.0 0.0 0.0 0 0 1 0 0 0 1 0 0.7 0.3 7.0 -0.73 -0.54 -1.1 -1.08 -0.56 -0.39 0.267 0.338 0.312 0.211 0.318 0.733 0 0 0 0 0 0
1964-09-26T23:30:00 1964 9 26 23 30 0 -0.09 0.04 393.2 9.56 2.44 0.0 0.0 0.0 0 0 1 0 0 0 1 0 0.7 0.38 5.0 -0.73 -0.54 -1.1 -1.08 -0.56 -0.39 0.267 0.338 0.308 0.211 0.316 0.729 0 0 0 0 0 0
