1964-11-18T00:30:00 1964 11 18 0 30 0 -0.22 0.08 472.2 9.05 2.41 0.0 0.0 0.0 0 0 1 0 0 0 1 0 2.0 1.21 1.0 -0.72 -0.52 -1.09 -1.07 -0.54 -0.37 0.297 0.331 0.32 0.249 0.388 0.965 0 0 0 0 0 0
1964-11-18T01:30:00 1964 11 18 1 30 0 -0.22 0.08 494.5 9.05 2.41 0.0 0.0 0.0 0 0 1 0 0 0 1 0 2.0 1.26 4.0 -0.72 -0.52 -1.09 -1.07 -0.54 -0.37 0.3 0.332 0.321 0.256 0.413 1.044 0 0 0 0 0 0
1964-11-18T02:30:00 1964 11 18 2 30 0 -0.22 0.08 516.8 9.05 2.41 0.0 0.0 0.0 0 0 1 0 0 0 1 0 2.0 1.35 8.0 -0.72 -0.52 -1.09 -1.07 -0.54 -0.37 0.306 0.334 0.322 0.267 0.442 1.15 0 0 0 0 0 0
1964-11-18T03:30:00 1964 11 18 3 30 0 -0.22 0.08 539.0 9.05 2.41 0.0 0.0 0.0 0 0 2 0 0 1 1 1 0.3 1.22 7.0 -0.72 -0.52 -1.09 -1.07 -0.54 -0.37 0.313 0.337 0.325 0.28 0.474 1.271 0 0 0 0 0 0
1964-11-18T04:30:00 1964 11 18 4 30 0 -0.22 0.08 539.0 9.05 2.41 0.0 0.0 0.0 0 0 2 0 0 1 1 1 0.3 1.09 6.0 -0.72 -0.52 -1.09 -1.07 -0.54 -0.37 0.32 0.338 0.328 0.289 0.49 1.346 0 0 0 0 0 0
1964-11-18T05:30:00 1964 11 18 5 30 0 -0.22 0.08 539.0 9.05 2.41 0.0 0.0 0.0 0 0 2 0 0 1 1 1 0.3 1.03 6.0 -0.72 -0.52 -1.09 -1.07 -0.54 -0.37 0.324 0.339 0.33 0.295 0.495 1.377 0 0 0 0 0 0
1964-11-18T06:30:00 1964 11 18 6 30 0 -0.22 0.08 499.0 9.05 2.41 0.0 0.0 0.0 0 0 2 0 0 1 1 1 1.7 1.16 4.0 -0.72 -0.52 -1.09 -1.07 -0.54 -0.37 0.323 0.338 0.332 0.289 0.468 1.293 0 0 0 0 0 0
1964-11-18T07:30:00 1964 11 18 7 30 0 -0.22 0.08 499.0 9.05 2.41 0.0 0.0 0.0 0 0 2 0 0 1 1 1 1.7 1.28 -1.0 -0.72 -0.52 -1.09 -1.07 -0.54 -0.37 0.319 0.337 0.333 0.282 0.449 1.217 0 0 0 0 0 0
1964-11-18T08:30:00 1964 11 18 8 30 0 -0.22 0.08 499.0 9.05 2.41 0.0 0.0 0.0 0 0 2 0 0 1 1 1 1.7 1.25 3.0 -0.72 -0.52 -1.09 -1.07 -0.54 -0.37 0.317 0.336 0.333 0.279 0.443 1.185 0 0 0 0 0 0
1964-11-18T09:30:00 1964 11 18 9 30 0 -0.22 0.08 499.0 9.05 2.41 0.0 0.0 0.0 0 0 1 0 0 0 1 0 0.7 1.09 7.0 -0.72 -0.52 -1.09 -1.07 -0.54 -0.37 0.316 0.336 0.334 0.276 0.441 1.172 0 0 0 0 0 0
1964-11-18T10:30:00 1964 11 18 10 30 0 -0.22 0.08 499.0 9.05 2.41 0.0 0.0 0.0 0 0 1 0 0 0 1 0 0.7 0.93 6.0 -0.72 -0.52 -1.09 -1.07 -0.54 -0.37 0.315 0.335 0.334 0.275 0.44 1.166 0 0 0 0 0 0
1964-11-18T11:30:00 1964 11 18 11 30 0 -0.22 0.08 499.0 9.05 2.41 0.0 0.0 0.0 0 0 1 0 0 0 1 0 0.7 0.98 6.0 -0.72 -0.52 -1.09 -1.07 -0.54 -0.37 0.314 0.335 0.335 0.275 0.44 1.164 0 0 0 0 0 0
1964-11-18T12:30:00 1964 11 18 12 30 0 -0.22 0.08 499.0 9.05 2.41 0.0 0.0 0.0 0 0 1 0 0 0 1 0 0.0 0.93 7.0 -0.72 -0.52 -1.09 -1.07 -0.54 -0.37 0.314 0.335 0.336 0.274 0.44 1.163 0 0 0 0 0 0
1964-11-18T13:30:00 1964 11 18 13 30 0 -0.22 0.08 499.0 9.05 2.41 0.0 0.0 0.0 0 0 1 0 0 0 1 0 0.0 0.88 6.0 -0.72 -0.52 -1.09 -1.07 -0.54 -0.37 0.314 0.335 0.336 0.274 0.44 1.163 0 0 0 0 0 0
1964-11-18T14:30:00 1964 11 18 14 30 0 -0.22 0.08 499.0 9.05 2.41 0.0 0.0 0.0 0 0 1 0 0 0 1 0 0.0 0.67 8.0 -0.72 -0.52 -1.09 -1.07 -0.54 -0.37 0.313 0.335 0.337 0.274 0.44 1.163 0 0 0 0 0 0
1964-11-18T15:30:00 1964 11 18 15 30 0 -0.22 0.08 499.0 9.05 2.41 0.0 0.0 0.0 0 0 1 0 0 0 1 0 1.7 0.68 7.0 -0.72 -0.52 -1.09 -1.07 -0.54 -0.37 0.313 0.335 0.337 0.274 0.44 1.163 0 0 0 0 0 0
1964-11-18T16:30:00 1964 11 18 16 30 0 -0.22 0.08 499.0 9.05 2.41 0.0 0.0 0.0 0 0 1 0 0 0 1 0 1.7 0.7 4.0 -0.72 -0.52 -1.09 -1.07 -0.54 -0.37 0.313 0.335 0.338 0.274 0.44 1.163 0 0 0 0 0 0
1964-11-18T17:30:00 1964 11 18 17 30 0 -0.22 0.08 499.0 9.05 2.41 0.0 0.0 0.0 0 0 1 0 0 0 1 0 1.7 0.83 3.0 -0.72 -0.52 -1.09 -1.07 -0.54 -0.37 0.313 0.335 0.338 0.274 0.44 1.163 0 0 0 0 0 0
1964-11-18T18:30:00 1964 11 18 18 30 0 -0.22 0.08 499.0 9.05 2.41 0.0 0.0 0.0 0 0 1 0 0 0 1 0 1.3 0.9 3.0 -0.72 -0.52 -1.09 -1.07 -0.54 -0.37 0.313 0.335 0.338 0.274 0.44 1.163 0 0 0 0 0 0
1964-11-18T19:30:00 1964 11 18 19 30 0 -0.22 0.08 499.0 9.05 2.41 0.0 0.0 0.0 0 0 1 0 0 0 1 0 1.3 0.98 1.0 -0.72 -0.52 -1.09 -1.07 -0.54 -0.37 0.313 0.335 0.339 0.274 0.44 1.163 0 0 0 0 0 0
1964-11-18T20:30:00 1964 11 18 20 30 0 -0.22 0.08 495.2 9.05 2.41 0.0 0.0 0.0 0 0 1 0 0 0 1 0 1.3 1.14 3.0 -0.72 -0.52 -1.09 -1.07 -0.54 -0.37 0.313 0.335 0.339 0.273 0.437 1.154 0 0 0 0 0 0
1964-11-18T21:30:00 1964 11 18 21 30 0 -0.22 0.08 491.4 9.05 2.41 0.0 0.0 0.0 0 0 1 0 0 0 1 0 2.3 1.42 1.0 -0.72 -0.52 -1.09 -1.07 -0.54 -0.37 0.312 0.335 0.339 0.271 0.433 1.138 0 0 0 0 0 0
1964-11-18T22:30:00 1964 11 18 22 30 0 -0.22 0.08 487.7 9.05 2.41 0.0 0.0 0.0 0 0 1 0 0 0 1 0 2.3 1.71 0.0 -0.72 -0.52 -1.09 -1.07 -0.54 -0.37 0.31 0.334 0.339 0.269 0.428 1.12 0 0 0 0 0 0
1964-11-18T23:30:00 1964 11 18 23 30 0 -0.22 0.08 483.9 9.05 2.41 0.0 0.0 0.0 0 0 1 0 0 0 1 0 2.3 1.78 -1.0 -0.72 -0.52 -1.09 -1.07 -0.54 -0.37 0.309 0.334 0.339 0.267 0.422 1.1 0 0 0 0 0 0
