1964-11-30T00:30:00 1964 11 30 0 30 0 -0.25 0.09 414.0 8.94 2.41 0.0 0.0 0.0 0 0 2 0 0 1 1 1 4.3 2.47 5.0 -0.71 -0.52 -1.09 -1.07 -0.54 -0.37 0.263 0.322 0.28 0.214 0.324 0.729 0 0 0 0 0 0
1964-11-30T01:30:00 1964 11 30 1 30 0 -0.25 0.09 414.0 8.94 2.41 0.0 0.0 0.0 0 0 2 0 0 1 1 1 4.3 2.88 14.0 -0.71 -0.52 -1.09 -1.07 -0.54 -0.37 0.264 0.322 0.278 0.215 0.324 0.73 0 0 0 0 0 0
1964-11-30T02:30:00 1964 11 30 2 30 0 -0.25 0.09 414.0 8.94 2.41 0.0 0.0 0.0 0 0 2 0 0 1 1 1 4.3 3.29 19.0 -0.71 -0.52 -1.09 -1.07 -0.54 -0.37 0.264 0.322 0.277 0.215 0.324 0.731 0 0 0 0 0 0
1964-11-30T03:30:00 1964 11 30 3 30 0 -0.25 0.09 439.0 8.94 2.41 0.0 0.0 0.0 0 0 2 0 0 1 1 1 3.3 3.56 16.0 -0.71 -0.52 -1.09 -1.07 -0.54 -0.37 0.267 0.324 0.276 0.22 0.34 0.775 0 0 0 0 0 0
1964-11-30T04:30:00 1964 11 30 4 30 0 -0.25 0.09 439.0 8.94 2.41 0.0 0.0 0.0 0 0 2 0 0 1 1 1 3.3 3.82 5.0 -0.71 -0.52 -1.09 -1.07 -0.54 -0.37 0.27 0.325 0.275 0.225 0.351 0.814 0 0 0 0 0 0
1964-11-30T05:30:00 1964 11 30 5 30 0 -0.25 0.09 439.0 8.94 2.41 0.0 0.0 0.0 0 0 2 0 0 1 1 1 3.3 3.77 -5.0 -0.71 -0.52 -1.09 -1.07 -0.54 -0.37 0.273 0.325 0.275 0.228 0.355 0.83 0 0 0 0 0 0
1964-11-30T06:30:00 1964 11 30 6 30 0 -0.25 0.09 449.8 8.94 2.41 0.0 0.0 0.0 0 0 1 0 0 0 1 0 2.7 3.64 -4.0 -0.71 -0.52 -1.09 -1.07 -0.54 -0.37 0.276 0.326 0.275 0.232 0.363 0.857 0 0 0 0 0 0
1964-11-30T07:30:00 1964 11 30 7 30 0 -0.25 0.09 460.5 8.94 2.41 0.0 0.0 0.0 0 0 1 0 0 0 1 0 2.7 3.51 1.0 -0.71 -0.52 -1.09 -1.07 -0.54 -0.37 0.279 0.327 0.275 0.237 0.375 0.898 0 0 0 0 0 0
1964-11-30T08:30:00 1964 11 30 8 30 0 -0.25 0.09 471.2 8.93 2.41 0.0 0.0 0.0 0 0 1 0 0 0 1 0 2.7 3.31 3.0 -0.71 -0.52 -1.09 -1.07 -0.54 -0.37 0.283 0.328 0.276 0.243 0.389 0.946 0 0 0 0 0 0
1964-11-30T09:30:00 1964 11 30 9 30 0 -0.25 0.09 482.0 8.93 2.41 0.0 0.0 0.0 0 0 1 0 0 0 1 0 1.7 2.98 5.0 -0.71 -0.52 -1.09 -1.07 -0.54 -0.37 0.288 0.33 0.277 0.25 0.403 0.998 0 0 0 0 0 0
1964-11-30T10:30:00 1964 11 30 10 30 0 -0.25 0.09 492.8 8.93 2.41 0.0 0.0 0.0 0 0 1 0 0 0 1 0 1.7 2.66 6.0 -0.71 -0.52 -1.09 -1.07 -0.54 -0.37 0.293 0.331 0.279 0.257 0.418 1.052 0 0 0 0 0 0
1964-11-30T11:30:00 1964 11 30 11 30 0 -0.25 0.09 503.5 8.93 2.41 0.0 0.0 0.0 0 0 1 0 0 0 1 0 1.7 2.46 8.0 -0.71 -0.52 -1.09 -1.07 -0.54 -0.37 0.298 0.332 0.281 0.264 0.432 1.109 0 0 0 0 0 0
1964-11-30T12:30:00 1964 11 30 12 30 0 -0.25 0.09 514.2 8.93 2.41 0.0 0.0 0.0 0 0 1 0 0 0 1 0 0.7 2.13 9.0 -0.71 -0.52 -1.09 -1.07 -0.54 -0.37 0.303 0.333 0.284 0.271 0.447 1.168 0 0 0 0 0 0
1964-11-30T13:30:00 1964 11 30 13 30 0 -0.25 0.09 525.0 8.93 2.41 0.0 0.0 0.0 0 0 1 0 0 0 1 0 0.7 1.8 8.0 -0.71 -0.52 -1.09 -1.07 -0.54 -0.37 0.308 0.335 0.287 0.278 0.463 1.228 0 0 0 0 0 0
1964-11-30T14:30:00 1964 11 30 14 30 0 -0.25 0.09 535.8 8.93 2.41 0.0 0.0 0.0 0 0 1 0 0 0 1 0 0.7 1.55 7.0 -0.71 -0.52 -1.09 -1.07 -0.54 -0.37 0.313 0.336 0.291 0.286 0.478 1.291 0 0 0 0 0 0
1964-11-30T15:30:00 1964 11 30 15 30 0 -0.25 0.09 546.5 8.93 2.41 0.0 0.0 0.0 0 0 1 0 0 0 1 0 0.7 1.31 4.0 -0.71 -0.52 -1.09 -1.07 -0.54 -0.37 0.318 0.337 0.295 0.293 0.494 1.355 0 0 0 0 0 0
1964-11-30T16:30:00 1964 11 30 16 30 0 -0.26 0.09 557.2 8.93 2.41 0.0 0.0 0.0 0 0 1 0 0 0 1 0 0.7 1.06 5.0 -0.71 -0.52 -1.09 -1.07 -0.54 -0.37 0.323 0.338 0.3 0.3 0.51 1.421 0 0 0 0 0 0
1964-11-30T17:30:00 1964 11 30 17 30 0 -0.26 0.09 568.0 8.93 2.41 0.01 0.0 0.0 0 0 1 0 0 0 1 0 0.7 0.94 6.0 -0.71 -0.52 -1.09 -1.07 -0.54 -0.37 0.328 0.34 0.305 0.308 0.526 1.489 0 0 0 0 0 0
1964-11-30T18:30:00 1964 11 30 18 30 0 -0.26 0.09 578.8 8.93 2.41 0.01 0.0 0.0 0 0 1 0 0 0 1 0 0.7 0.82 5.0 -0.71 -0.52 -1.09 -1.07 -0.54 -0.37 0.334 0.341 0.31 0.315 0.542 1.559 0 0 0 0 0 0
1964-11-30T19:30:00 1964 11 30 19 30 0 -0.26 0.09 589.5 8.93 2.41 0.01 0.0 0.0 0 0 1 0 0 0 1 0 0.7 0.7 3.0 -0.71 -0.52 -1.09 -1.07 -0.54 -0.37 0.339 0.342 0.316 0.323 0.559 1.631 0 0 0 0 0 0
1964-11-30T20:30:00 1964 11 30 20 30 0 -0.26 0.09 600.2 8.93 2.41 0.01 0.0 0.0 0 0 1 0 0 0 1 0 0.7 0.7 4.0 -0.71 -0.52 -1.09 -1.07 -0.54 -0.37 0.344 0.343 0.323 0.331 0.575 1.705 0 0 0 0 0 0
1964-11-30T21:30:00 1964 11 30 21 30 0 -0.26 0.09 611.0 8.93 2.41 0.01 0.0 0.0 0 0 2 0 0 1 1 1 2.3 0.91 2.0 -0.71 -0.52 -1.09 -1.07 -0.54 -0.37 0.349 0.344 0.33 0.338 0.592 1.78 0 0 0 0 0 0
1964-11-30T22:30:00 1964 11 30 22 30 0 -0.26 0.09 611.0 8.93 2.41 0.01 0.0 0.0 0 0 2 0 0 1 1 1 2.3 1.12 0.0 -0.71 -0.52 -1.09 -1.07 -0.54 -0.37 0.353 0.345 0.337 0.344 0.601 1.826 0 0 0 0 0 0
1964-11-30T23:30:00 1964 11 30 23 30 0 -0.26 0.09 611.0 8.93 2.41 0.01 0.0 0.0 0 0 2 0 0 1 1 1 2.3 1.32 -1.0 -0.71 -0.52 -1.09 -1.07 -0.54 -0.37 0.356 0.345 0.344 0.347 0.603 1.844 0 0 0 0 0 0
