1964-01-09T00:30:00 1964 1 9 0 30 0 0.14 -0.41 365.6 11.66 2.58 0.04 0.75 0.84 0 0 1 1 0 0 1 1 4.0 2.67 -14.0 -0.87 -0.69 -1.21 -1.19 -0.71 -0.54 0.316 0.425 0.206 0.23 0.349 0.875 0 0 1 0 0 0
1964-01-09T01:30:00 1964 1 9 1 30 0 0.14 -0.41 369.7 13.06 2.61 0.04 0.75 0.94 0 0 1 1 1 0 1 1 4.0 3.04 -9.0 -0.87 -0.69 -1.21 -1.19 -0.71 -0.54 0.32 0.436 0.207 0.237 0.367 0.98 0 0 1 0 0 0
1964-01-09T02:30:00 1964 1 9 2 30 0 0.14 -0.41 373.8 14.46 3.38 0.04 0.76 1.05 0 0 1 1 1 0 1 1 4.0 3.2 2.0 -0.88 -0.69 -1.21 -1.19 -0.71 -0.54 0.329 0.453 0.208 0.248 0.389 1.133 0 0 1 0 0 0
1964-01-09T03:30:00 1964 1 9 3 30 0 -0.86 -0.41 377.8 15.85 4.15 0.07 0.77 1.17 1 0 1 1 1 1 1 1 3.7 3.33 2.0 -0.88 -0.69 -1.21 -1.19 -0.71 -0.54 0.341 0.473 0.209 0.26 0.411 1.311 0 0 1 0 0 0
1964-01-09T04:30:00 1964 1 9 4 30 0 -3.52 -0.41 381.9 17.0 4.92 0.59 0.78 1.28 1 0 1 1 1 1 1 1 3.7 3.45 -9.0 -0.88 -0.69 -1.21 -1.19 -0.71 -0.54 0.354 0.492 0.211 0.273 0.433 1.497 0 0 1 0 0 0
1964-01-09T05:30:00 1964 1 9 5 30 0 -6.17 -0.8 385.9 17.0 5.17 2.29 1.19 2.03 1 1 1 1 1 1 1 1 3.7 3.57 -8.0 -1.2 -1.05 -1.5 -1.48 -1.06 -0.92 0.39 0.563 0.215 0.311 0.518 1.858 0 1 1 1 1 1
1964-01-09T06:30:00 1964 1 9 6 30 0 -7.6 -2.85 390.0 17.0 5.17 5.44 3.71 6.31 1 1 2 2 2 1 2 2 2.7 3.56 -4.0 -2.93 -2.9 -3.0 -2.99 -2.9 -2.87 0.558 0.861 0.231 0.518 0.886 2.961 1 1 1 1 1 1
1964-01-09T07:30:00 1964 1 9 7 30 0 -7.6 -3.4 390.0 17.0 5.17 7.87 6.14 10.44 2 2 2 2 2 2 2 2 2.7 3.55 1.0 -3.4 -3.4 -3.4 -3.4 -3.4 -3.4 0.77 1.163 0.257 0.776 1.186 3.908 1 2 1 2 2 2
1964-01-09T08:30:00 1964 1 9 8 30 0 -10.7 2.2 390.0 17.0 5.17 6.56 1.74 2.97 2 2 2 2 2 2 2 2 2.7 3.38 0.0 2.2 2.2 2.2 2.2 2.2 2.2 0.598 0.731 0.254 0.499 0.534 2.222 1 2 1 2 2 2
1964-01-09T09:30:00 1964 1 9 9 30 0 -8.9 0.0 395.0 14.0 4.37 5.68 0.0 0.0 2 2 2 2 2 2 2 2 2.7 3.22 -1.0 0.0 0.0 0.0 0.0 0.0 0.0 0.405 0.363 0.247 0.279 0.169 0.922 1 2 1 2 2 2
1964-01-09T10:30:00 1964 1 9 10 30 0 -3.2 3.2 395.0 14.0 4.37 2.03 0.0 0.0 2 2 2 2 2 2 2 2 2.7 3.06 -4.0 3.2 3.2 3.2 3.2 3.2 3.2 0.274 0.18 0.239 0.156 0.054 0.382 1 2 1 2 2 2
1964-01-09T11:30:00 1964 1 9 11 30 0 4.4 -0.8 395.0 14.0 4.37 0.43 0.23 0.32 2 2 2 2 2 2 2 2 2.7 2.94 0.0 -0.8 -0.8 -0.8 -0.8 -0.8 -0.8 0.217 0.174 0.233 0.11 0.135 0.505 2 2 1 2 2 2
1964-01-09T12:30:00 1964 1 9 12 30 0 -4.4 2.3 480.0 12.5 5.76 0.42 0.14 0.2 2 2 2 2 2 2 2 2 2.0 2.73 2.0 2.3 2.3 2.3 2.3 2.3 2.3 0.148 0.091 0.226 0.062 0.048 0.241 2 2 1 2 2 2
1964-01-09T13:30:00 1964 1 9 13 30 0 -2.6 4.7 480.0 12.5 5.76 0.38 0.0 0.0 2 2 2 2 2 2 2 2 2.0 2.52 6.0 4.7 4.7 4.7 4.7 4.7 4.7 0.1 0.045 0.219 0.035 0.015 0.1 2 2 1 2 2 2
1964-01-09T14:30:00 1964 1 9 14 30 0 -5.2 -0.9 480.0 12.5 5.76 1.21 0.27 0.33 2 2 2 2 2 2 2 2 2.0 2.43 5.0 -0.9 -0.9 -0.9 -0.9 -0.9 -0.9 0.107 0.112 0.214 0.052 0.172 0.55 2 2 1 2 2 2
1964-01-09T15:30:00 1964 1 9 15 30 0 -3.6 -1.2 540.0 11.0 6.42 2.8 2.73 3.18 2 2 2 2 2 2 2 2 3.0 2.47 -2.0 -1.2 -1.2 -1.2 -1.2 -1.2 -1.2 0.237 0.369 0.221 0.175 0.642 2.061 2 2 1 2 2 2
1964-01-09T16:30:00 1964 1 9 16 30 0 -1.8 -0.7 540.0 11.0 6.42 1.37 2.51 2.76 2 2 2 2 2 2 2 2 3.0 2.51 -9.0 -0.7 -0.7 -0.7 -0.7 -0.7 -0.7 0.298 0.445 0.225 0.208 0.704 2.497 2 2 1 2 2 2
1964-01-09T17:30:00 1964 1 9 17 30 0 -0.6 1.0 540.0 11.0 6.42 0.18 0.31 0.34 2 2 2 2 2 2 2 2 3.0 2.56 -10.0 1.0 1.0 1.0 1.0 1.0 1.0 0.212 0.244 0.219 0.121 0.259 1.193 2 2 1 2 2 2
1964-01-09T18:30:00 1964 1 9 18 30 0 1.6 -0.9 563.0 10.5 6.66 0.18 0.71 0.75 2 2 2 2 2 2 2 2 3.7 2.69 -10.0 -0.9 -0.9 -0.9 -0.9 -0.9 -0.9 0.204 0.25 0.216 0.117 0.372 1.408 2 2 1 2 2 2
1964-01-09T19:30:00 1964 1 9 19 30 0 -0.4 -0.6 563.0 10.5 6.66 0.3 2.08 2.18 2 2 2 2 2 2 2 2 3.7 2.82 -12.0 -0.6 -0.6 -0.6 -0.6 -0.6 -0.6 0.254 0.348 0.218 0.152 0.574 2.116 2 2 1 2 2 2
1964-01-09T20:30:00 1964 1 9 20 30 0 -2.9 1.9 563.0 10.5 6.66 0.23 0.13 0.14 2 2 2 2 2 2 2 2 3.7 3.03 -10.0 1.9 1.9 1.9 1.9 1.9 1.9 0.172 0.173 0.211 0.085 0.182 0.878 2 2 1 2 2 2
1964-01-09T21:30:00 1964 1 9 21 30 0 -0.2 -2.7 575.0 11.0 7.27 0.85 2.59 2.83 2 2 2 2 2 2 2 2 4.7 3.37 -17.0 -2.7 -2.7 -2.7 -2.7 -2.7 -2.7 0.306 0.408 0.226 0.281 0.806 2.51 2 2 1 2 2 2
1964-01-09T22:30:00 1964 1 9 22 30 0 -3.6 0.4 575.0 11.0 7.27 1.32 3.06 3.37 2 2 2 2 2 2 2 2 4.7 3.71 -21.0 0.4 0.4 0.4 0.4 0.4 0.4 0.33 0.402 0.233 0.274 0.635 2.378 2 2 1 2 2 2
1964-01-09T23:30:00 1964 1 9 23 30 0 0.2 -2.8 575.0 11.0 7.27 1.41 3.87 4.25 2 2 2 2 2 2 2 2 4.7 3.92 -16.0 -2.8 -2.8 -2.8 -2.8 -2.8 -2.8 0.476 0.616 0.254 0.462 1.139 3.736 2 2 1 2 2 2
