1964-05-09T00:30:00 1964 5 9 0 30 0 0.13 -0.02 407.7 10.43 2.48 0.0 0.04 0.04 0 0 0 0 0 0 0 0 0.3 0.3 12.0 -0.75 -0.56 -1.11 -1.09 -0.58 -0.41 0.291 0.363 0.239 0.231 0.354 0.908 0 0 0 0 0 0
1964-05-09T01:30:00 1964 5 9 1 30 0 0.13 -0.02 407.7 10.43 2.48 0.0 0.04 0.04 0 0 0 0 0 0 0 0 0.3 0.3 11.0 -0.75 -0.56 -1.11 -1.09 -0.58 -0.41 0.291 0.363 0.239 0.231 0.354 0.908 0 0 0 0 0 0
1964-05-09T02:30:00 1964 5 9 2 30 0 0.13 -0.02 407.7 10.43 2.48 0.0 0.04 0.04 0 0 0 0 0 0 0 0 0.3 0.3 10.0 -0.75 -0.56 -1.11 -1.09 -0.58 -0.41 0.291 0.363 0.239 0.231 0.354 0.908 0 0 0 0 0 0
1964-05-09T03:30:00 1964 5 9 3 30 0 0.13 -0.02 407.7 10.43 2.48 0.0 0.04 0.04 0 0 0 0 0 0 0 0 0.3 0.3 11.0 -0.75 -0.56 -1.11 -1.09 -0.58 -0.41 0.291 0.363 0.239 0.231 0.354 0.908 0 0 0 0 0 0
1964-05-09T04:30:00 1964 5 9 4 30 0 0.13 -0.02 407.7 10.43 2.48 0.0 0.04 0.04 0 0 0 0 0 0 0 0 0.3 0.3 12.0 -0.75 -0.56 -1.11 -1.09 -0.58 -0.41 0.291 0.363 0.239 0.231 0.354 0.908 0 0 0 0 0 0
1964-05-09T05:30:00 1964 5 9 5 30 0 0.13 -0.02 407.7 10.43 2.48 0.0 0.04 0.04 0 0 0 0 0 0 0 0 0.3 0.3 12.0 -0.75 -0.56 -1.11 -1.09 -0.58 -0.41 0.291 0.363 0.239 0.231 0.354 0.908 0 0 0 0 0 0
1964-05-09T06:30:00 1964 5 9 6 30 0 0.13 -0.02 407.8 10.43 2.48 0.0 0.04 0.04 0 0 0 0 0 0 0 0 0.0 0.26 12.0 -0.75 -0.56 -1.11 -1.09 -0.58 -0.41 0.292 0.363 0.239 0.231 0.354 0.908 0 0 0 0 0 0
1964-05-09T07:30:00 1964 5 9 7 30 0 0.13 -0.02 407.8 10.43 2.48 0.0 0.04 0.04 0 0 0 0 0 0 0 0 0.0 0.22 11.0 -0.75 -0.56 -1.11 -1.09 -0.58 -0.41 0.292 0.363 0.239 0.231 0.354 0.908 0 0 0 0 0 0
1964-05-09T08:30:00 1964 5 9 8 30 0 0.13 -0.02 407.8 10.43 2.48 0.0 0.04 0.04 0 0 0 0 0 0 0 0 0.0 0.18 9.0 -0.75 -0.56 -1.11 -1.09 -0.58 -0.41 0.292 0.363 0.239 0.231 0.354 0.908 0 0 0 0 0 0
1964-05-09T09:30:00 1964 5 9 9 30 0 0.13 -0.02 407.8 10.43 2.48 0.0 0.04 0.04 0 0 0 0 0 0 0 0 0.3 0.19 9.0 -0.75 -0.56 -1.11 -1.09 -0.58 -0.41 0.292 0.363 0.239 0.231 0.354 0.908 0 0 0 0 0 0
1964-05-09T10:30:00 1964 5 9 10 30 0 0.13 -0.02 407.8 10.43 2.48 0.0 0.04 0.04 0 0 0 0 0 0 0 0 0.3 0.19 10.0 -0.75 -0.56 -1.11 -1.09 -0.58 -0.41 0.292 0.363 0.239 0.231 0.354 0.908 0 0 0 0 0 0
1964-05-09T11:30:00 1964 5 9 11 30 0 0.13 -0.02 407.8 10.43 2.48 0.0 0.04 0.04 0 0 0 0 0 0 0 0 0.3 0.19 11.0 -0.75 -0.56 -1.11 -1.09 -0.58 -0.41 0.292 0.363 0.239 0.231 0.354 0.908 0 0 0 0 0 0
1964-05-09T12:30:00 1964 5 9 12 30 0 0.13 -0.02 407.8 10.43 2.48 0.0 0.04 0.04 0 0 0 0 0 0 0 0 0.7 0.24 10.0 -0.75 -0.56 -1.11 -1.09 -0.58 -0.41 0.292 0.363 0.239 0.231 0.354 0.908 0 0 0 0 0 0
1964-05-09T13:30:00 1964 5 9 13 30 0 0.13 -0.02 407.8 10.43 2.48 0.0 0.04 0.04 0 0 0 0 0 0 0 0 0.7 0.3 8.0 -0.75 -0.56 -1.11 -1.09 -0.58 -0.41 0.292 0.363 0.239 0.231 0.354 0.908 0 0 0 0 0 0
1964-05-09T14:30:00 1964 5 9 14 30 0 0.13 -0.02 407.8 10.43 2.48 0.0 0.04 0.04 0 0 0 0 0 0 0 0 0.7 0.38 5.0 -0.75 -0.56 -1.11 -1.09 -0.58 -0.41 0.292 0.363 0.239 0.231 0.354 0.908 0 0 0 0 0 0
1964-05-09T15:30:00 1964 5 9 15 30 0 0.13 -0.02 407.8 10.43 2.48 0.0 0.04 0.04 0 0 0 0 0 0 0 0 0.7 0.47 3.0 -0.75 -0.56 -1.11 -1.09 -0.58 -0.41 0.292 0.363 0.239 0.231 0.354 0.908 0 0 0 0 0 0
1964-05-09T16:30:00 1964 5 9 16 30 0 0.13 -0.02 407.8 10.43 2.48 0.0 0.04 0.04 0 0 0 0 0 0 0 0 0.7 0.56 4.0 -0.75 -0.56 -1.11 -1.09 -0.58 -0.41 0.292 0.363 0.239 0.231 0.354 0.908 0 0 0 0 0 0
1964-05-09T17:30:00 1964 5 9 17 30 0 0.13 -0.02 407.8 10.43 2.48 0.0 0.04 0.04 0 0 0 0 0 0 0 0 0.7 0.6 4.0 -0.75 -0.56 -1.11 -1.09 -0.58 -0.41 0.292 0.363 0.239 0.231 0.354 0.908 0 0 0 0 0 0
1964-05-09T18:30:00 1964 5 9 18 30 0 0.13 -0.02 407.8 10.43 2.48 0.0 0.04 0.04 0 0 0 0 0 0 0 0 0.3 0.6 4.0 -0.75 -0.56 -1.11 -1.09 -0.58 -0.41 0.292 0.363 0.239 0.231 0.354 0.908 0 0 0 0 0 0
1964-05-09T19:30:00 1964 5 9 19 30 0 0.13 -0.02 407.8 10.43 2.48 0.0 0.04 0.04 0 0 0 0 0 0 0 0 0.3 0.6 5.0 -0.75 -0.56 -1.11 -1.09 -0.58 -0.41 0.292 0.363 0.239 0.231 0.354 0.908 0 0 0 0 0 0
1964-05-09T20:30:00 1964 5 9 20 30 0 0.13 -0.02 407.8 10.43 2.48 0.0 0.04 0.04 0 0 0 0 0 0 0 0 0.3 0.54 6.0 -0.75 -0.56 -1.11 -1.09 -0.58 -0.41 0.292 0.363 0.239 0.231 0.354 0.908 0 0 0 0 0 0
1964-05-09T21:30:00 1964 5 9 21 30 0 0.13 -0.02 407.8 10.43 2.48 0.0 0.04 0.04 0 0 0 0 0 0 0 0 0.0 0.46 6.0 -0.75 -0.56 -1.11 -1.09 -0.58 -0.41 0.292 0.363 0.239 0.231 0.354 0.908 0 0 0 0 0 0
1964-05-09T22:30:00 1964 5 9 22 30 0 0.13 -0.02 407.9 10.43 2.48 0.0 0.04 0.04 0 0 0 0 0 0 0 0 0.0 0.37 8.0 -0.75 -0.56 -1.11 -1.09 -0.58 -0.41 0.292 0.363 0.239 0.231 0.355 0.908 0 0 0 0 0 0
1964-05-09T23:30:00 1964 5 9 23 30 0 0.13 -0.02 407.9 10.43 2.48 0.0 0.04 0.04 0 0 0 0 0 0 0 0 0.0 0.28 10.0 -0.75 -0.56 -1.11 -1.09 -0.58 -0.41 0.292 0.363 0.239 0.231 0.355 0.909 0 0 0 0 0 0
