1964-10-30T00:30:00 1964 10 30 0 30 0 -0.17 0.06 348.0 9.24 2.42 0.0 0.0 0.0 0 0 1 0 0 0 1 0 1.7 1.35 -10.0 -0.72 -0.53 -1.1 -1.07 -0.55 -0.38 0.238 0.322 0.198 0.177 0.253 0.514 0 0 0 0 0 0
1964-10-30T01:30:00 1964 10 30 1 30 0 -0.17 0.06 348.0 9.24 2.42 0.0 0.0 0.0 0 0 1 0 0 0 1 0 1.7 1.4 -11.0 -0.72 -0.53 -1.1 -1.07 -0.55 -0.38 0.238 0.321 0.197 0.177 0.253 0.512 0 0 0 0 0 0
1964-10-30T02:30:00 1964 10 30 2 30 0 -0.17 0.06 348.0 9.24 2.42 0.0 0.0 0.0 0 0 1 0 0 0 1 0 1.7 1.46 -11.0 -0.72 -0.53 -1.1 -1.07 -0.55 -0.38 0.237 0.321 0.195 0.176 0.252 0.511 0 0 0 0 0 0
1964-10-30T03:30:00 1964 10 30 3 30 0 -0.17 0.06 348.0 9.24 2.42 0.0 0.0 0.0 0 0 1 0 0 0 1 0 1.0 1.41 -12.0 -0.72 -0.53 -1.1 -1.07 -0.55 -0.38 0.237 0.321 0.194 0.176 0.252 0.51 0 0 0 0 0 0
1964-10-30T04:30:00 1964 10 30 4 30 0 -0.17 0.06 348.0 9.24 2.42 0.0 0.0 0.0 0 0 1 0 0 0 1 0 1.0 1.37 -10.0 -0.72 -0.53 -1.1 -1.07 -0.55 -0.38 0.237 0.321 0.193 0.176 0.252 0.51 0 0 0 0 0 0
1964-10-30T05:30:00 1964 10 30 5 30 0 -0.17 0.06 348.0 9.24 2.42 0.0 0.0 0.0 0 0 1 0 0 0 1 0 1.0 1.33 -7.0 -0.72 -0.53 -1.1 -1.07 -0.55 -0.38 0.237 0.321 0.192 0.176 0.252 0.51 0 0 0 0 0 0
1964-10-30T06:30:00 1964 10 30 6 30 0 -0.17 0.06 348.0 9.24 2.42 0.0 0.0 0.0 0 0 2 0 0 1 1 1 0.7 1.25 -4.0 -0.72 -0.53 -1.1 -1.07 -0.55 -0.38 0.237 0.321 0.191 0.176 0.252 0.51 0 0 0 0 0 0
1964-10-30T07:30:00 1964 10 30 7 30 0 -0.17 0.06 348.0 9.24 2.42 0.0 0.0 0.0 0 0 2 0 0 1 1 1 0.7 1.18 -1.0 -0.72 -0.53 -1.1 -1.07 -0.55 -0.38 0.237 0.321 0.19 0.176 0.252 0.51 0 0 0 0 0 0
1964-10-30T08:30:00 1964 10 30 8 30 0 -0.17 0.06 348.0 9.24 2.42 0.0 0.0 0.0 0 0 2 0 0 1 1 1 0.7 1.05 0.0 -0.72 -0.53 -1.1 -1.07 -0.55 -0.38 0.237 0.321 0.189 0.176 0.252 0.51 0 0 0 0 0 0
1964-10-30T09:30:00 1964 10 30 9 30 0 -0.17 0.06 345.0 9.24 2.42 0.0 0.0 0.0 0 0 2 0 0 1 1 1 1.0 0.97 1.0 -0.72 -0.53 -1.1 -1.07 -0.55 -0.38 0.236 0.321 0.188 0.175 0.251 0.506 0 0 0 0 0 0
1964-10-30T10:30:00 1964 10 30 10 30 0 -0.17 0.06 345.0 9.24 2.42 0.0 0.0 0.0 0 0 2 0 0 1 1 1 1.0 0.89 0.0 -0.72 -0.53 -1.1 -1.07 -0.55 -0.38 0.236 0.321 0.187 0.175 0.249 0.502 0 0 0 0 0 0
1964-10-30T11:30:00 1964 10 30 11 30 0 -0.17 0.06 345.0 9.23 2.42 0.0 0.0 0.0 0 0 2 0 0 1 1 1 1.0 0.89 0.0 -0.72 -0.53 -1.1 -1.07 -0.55 -0.38 0.235 0.321 0.186 0.174 0.249 0.5 0 0 0 0 0 0
1964-10-30T12:30:00 1964 10 30 12 30 0 -0.17 0.06 344.8 9.23 2.42 0.0 0.0 0.0 0 0 1 0 0 0 1 0 0.7 0.85 -3.0 -0.72 -0.53 -1.1 -1.07 -0.55 -0.38 0.235 0.321 0.185 0.174 0.249 0.499 0 0 0 0 0 0
1964-10-30T13:30:00 1964 10 30 13 30 0 -0.17 0.06 344.5 9.23 2.42 0.0 0.0 0.0 0 0 1 0 0 0 1 0 0.7 0.81 -6.0 -0.72 -0.53 -1.1 -1.07 -0.55 -0.38 0.235 0.321 0.184 0.174 0.248 0.498 0 0 0 0 0 0
1964-10-30T14:30:00 1964 10 30 14 30 0 -0.17 0.06 344.2 9.23 2.42 0.0 0.0 0.0 0 0 1 0 0 0 1 0 0.7 0.81 -7.0 -0.72 -0.53 -1.1 -1.07 -0.55 -0.38 0.235 0.321 0.183 0.174 0.248 0.497 0 0 0 0 0 0
1964-10-30T15:30:00 1964 10 30 15 30 0 -0.17 0.06 344.0 9.23 2.42 0.0 0.0 0.0 0 0 2 0 0 1 1 1 0.3 0.76 -8.0 -0.72 -0.53 -1.1 -1.07 -0.55 -0.38 0.235 0.321 0.182 0.174 0.248 0.496 0 0 0 0 0 0
1964-10-30T16:30:00 1964 10 30 16 30 0 -0.17 0.06 344.0 9.23 2.42 0.0 0.0 0.0 0 0 2 0 0 1 1 1 0.3 0.7 -8.0 -0.72 -0.53 -1.1 -1.07 -0.55 -0.38 0.234 0.321 0.181 0.173 0.248 0.496 0 0 0 0 0 0
1964-10-30T17:30:00 1964 10 30 17 30 0 -0.17 0.06 344.0 9.23 2.42 0.0 0.0 0.0 0 0 2 0 0 1 1 1 0.3 0.62 -8.0 -0.72 -0.53 -1.1 -1.07 -0.55 -0.38 0.234 0.32 0.18 0.173 0.248 0.495 0 0 0 0 0 0
1964-10-30T18:30:00 1964 10 30 18 30 0 -0.17 0.06 344.0 9.23 2.42 0.0 0.0 0.0 0 0 2 0 0 1 1 1 0.3 0.53 -8.0 -0.72 -0.53 -1.1 -1.07 -0.55 -0.38 0.234 0.32 0.179 0.173 0.248 0.495 0 0 0 0 0 0
1964-10-30T19:30:00 1964 10 30 19 30 0 -0.17 0.06 344.0 9.23 2.42 0.0 0.0 0.0 0 0 2 0 0 1 1 1 0.3 0.44 -8.0 -0.72 -0.53 -1.1 -1.07 -0.55 -0.38 0.234 0.32 0.178 0.173 0.248 0.495 0 0 0 0 0 0
1964-10-30T20:30:00 1964 10 30 20 30 0 -0.17 0.06 344.0 9.23 2.42 0.0 0.0 0.0 0 0 2 0 0 1 1 1 0.3 0.4 -7.0 -0.72 -0.53 -1.1 -1.07 -0.55 -0.38 0.234 0.32 0.177 0.173 0.248 0.495 0 0 0 0 0 0
1964-10-30T21:30:00 1964 10 30 21 30 0 -0.17 0.06 346.0 9.23 2.42 0.0 0.0 0.0 0 0 2 0 0 1 1 1 0.3 0.35 -6.0 -0.72 -0.53 -1.1 -1.07 -0.55 -0.38 0.234 0.321 0.177 0.174 0.249 0.498 0 0 0 0 0 0
1964-10-30T22:30:00 1964 10 30 22 30 0 -0.17 0.06 346.0 9.23 2.42 0.0 0.0 0.0 0 0 2 0 0 1 1 1 0.3 0.3 -4.0 -0.72 -0.53 -1.1 -1.07 -0.55 -0.38 0.235 0.321 0.176 0.174 0.249 0.501 0 0 0 0 0 0
1964-10-30T23:30:00 1964 10 30 23 30 0 -0.17 0.06 346.0 9.23 2.42 0.0 0.0 0.0 0 0 2 0 0 1 1 1 0.3 0.3 -2.0 -0.72 -0.53 -1.1 -1.07 -0.55 -0.38 0.235 0.321 0.175 0.174 0.25 0.502 0 0 0 0 0 0
