1964-10-29T00:30:00 1964 10 29 0 30 0 -0.17 0.06 386.3 9.25 2.42 0.0 0.0 0.0 0 0 1 0 0 0 1 0 2.3 1.62 1.0 -0.72 -0.53 -1.1 -1.07 -0.55 -0.38 0.259 0.328 0.225 0.202 0.3 0.663 0 0 0 0 0 0
1964-10-29T01:30:00 1964 10 29 1 30 0 -0.17 0.06 384.7 9.25 2.42 0.0 0.0 0.0 0 0 1 0 0 0 1 0 2.3 1.81 -5.0 -0.72 -0.53 -1.1 -1.07 -0.55 -0.38 0.258 0.328 0.224 0.201 0.298 0.656 0 0 0 0 0 0
1964-10-29T02:30:00 1964 10 29 2 30 0 -0.17 0.06 383.0 9.25 2.42 0.0 0.0 0.0 0 0 1 0 0 0 1 0 2.3 1.86 -8.0 -0.72 -0.53 -1.1 -1.07 -0.55 -0.38 0.257 0.327 0.223 0.2 0.296 0.65 0 0 0 0 0 0
1964-10-29T03:30:00 1964 10 29 3 30 0 -0.17 0.06 381.4 9.25 2.42 0.0 0.0 0.0 0 0 1 0 0 0 1 0 3.3 2.03 -4.0 -0.72 -0.53 -1.1 -1.07 -0.55 -0.38 0.256 0.327 0.222 0.199 0.294 0.643 0 0 0 0 0 0
1964-10-29T04:30:00 1964 10 29 4 30 0 -0.17 0.06 379.8 9.25 2.42 0.0 0.0 0.0 0 0 1 0 0 0 1 0 3.3 2.2 -6.0 -0.72 -0.53 -1.1 -1.07 -0.55 -0.38 0.256 0.327 0.221 0.198 0.292 0.636 0 0 0 0 0 0
1964-10-29T05:30:00 1964 10 29 5 30 0 -0.17 0.06 378.1 9.25 2.42 0.0 0.0 0.0 0 0 1 0 0 0 1 0 3.3 2.45 -9.0 -0.72 -0.53 -1.1 -1.07 -0.55 -0.38 0.255 0.327 0.22 0.197 0.29 0.63 0 0 0 0 0 0
1964-10-29T06:30:00 1964 10 29 6 30 0 -0.17 0.06 376.5 9.25 2.42 0.0 0.0 0.0 0 0 1 0 0 0 1 0 1.7 2.49 -12.0 -0.72 -0.53 -1.1 -1.07 -0.55 -0.38 0.254 0.326 0.219 0.196 0.288 0.623 0 0 0 0 0 0
1964-10-29T07:30:00 1964 10 29 7 30 0 -0.17 0.06 374.9 9.25 2.42 0.0 0.0 0.0 0 0 1 0 0 0 1 0 1.7 2.52 -15.0 -0.72 -0.53 -1.1 -1.07 -0.55 -0.38 0.253 0.326 0.218 0.195 0.286 0.617 0 0 0 0 0 0
1964-10-29T08:30:00 1964 10 29 8 30 0 -0.17 0.06 373.3 9.25 2.42 0.0 0.0 0.0 0 0 1 0 0 0 1 0 1.7 2.44 -12.0 -0.72 -0.53 -1.1 -1.07 -0.55 -0.38 0.252 0.326 0.217 0.194 0.284 0.611 0 0 0 0 0 0
1964-10-29T09:30:00 1964 10 29 9 30 0 -0.17 0.06 371.6 9.25 2.42 0.0 0.0 0.0 0 0 1 0 0 0 1 0 0.7 2.23 -12.0 -0.72 -0.53 -1.1 -1.07 -0.55 -0.38 0.251 0.326 0.216 0.193 0.282 0.604 0 0 0 0 0 0
1964-10-29T10:30:00 1964 10 29 10 30 0 -0.17 0.06 370.0 9.24 2.42 0.0 0.0 0.0 0 0 1 0 0 0 1 0 0.7 2.02 -14.0 -0.72 -0.53 -1.1 -1.07 -0.55 -0.38 0.251 0.325 0.215 0.192 0.28 0.598 0 0 0 0 0 0
1964-10-29T11:30:00 1964 10 29 11 30 0 -0.17 0.06 368.4 9.24 2.42 0.0 0.0 0.0 0 0 1 0 0 0 1 0 0.7 1.7 -15.0 -0.72 -0.53 -1.1 -1.07 -0.55 -0.38 0.25 0.325 0.214 0.191 0.278 0.591 0 0 0 0 0 0
1964-10-29T12:30:00 1964 10 29 12 30 0 -0.17 0.06 366.7 9.24 2.42 0.0 0.0 0.0 0 0 1 0 0 0 1 0 0.7 1.38 -14.0 -0.72 -0.53 -1.1 -1.07 -0.55 -0.38 0.249 0.325 0.213 0.19 0.276 0.585 0 0 0 0 0 0
1964-10-29T13:30:00 1964 10 29 13 30 0 -0.17 0.06 365.1 9.24 2.42 0.0 0.0 0.0 0 0 1 0 0 0 1 0 0.7 1.06 -11.0 -0.72 -0.53 -1.1 -1.07 -0.55 -0.38 0.248 0.324 0.212 0.188 0.274 0.578 0 0 0 0 0 0
1964-10-29T14:30:00 1964 10 29 14 30 0 -0.17 0.06 363.5 9.24 2.42 0.0 0.0 0.0 0 0 1 0 0 0 1 0 0.7 0.94 -10.0 -0.72 -0.53 -1.1 -1.07 -0.55 -0.38 0.247 0.324 0.211 0.187 0.272 0.572 0 0 0 0 0 0
1964-10-29T15:30:00 1964 10 29 15 30 0 -0.17 0.06 361.9 9.24 2.42 0.0 0.0 0.0 0 0 1 0 0 0 1 0 1.3 0.9 -10.0 -0.72 -0.53 -1.1 -1.07 -0.55 -0.38 0.246 0.324 0.209 0.186 0.27 0.566 0 0 0 0 0 0
1964-10-29T16:30:00 1964 10 29 16 30 0 -0.17 0.06 360.2 9.24 2.42 0.0 0.0 0.0 0 0 1 0 0 0 1 0 1.3 0.86 -10.0 -0.72 -0.53 -1.1 -1.07 -0.55 -0.38 0.245 0.324 0.208 0.185 0.268 0.56 0 0 0 0 0 0
1964-10-29T17:30:00 1964 10 29 17 30 0 -0.17 0.06 358.6 9.24 2.42 0.0 0.0 0.0 0 0 1 0 0 0 1 0 1.3 0.93 -9.0 -0.72 -0.53 -1.1 -1.07 -0.55 -0.38 0.244 0.323 0.207 0.184 0.266 0.554 0 0 0 0 0 0
1964-10-29T18:30:00 1964 10 29 18 30 0 -0.17 0.06 357.0 9.24 2.42 0.0 0.0 0.0 0 0 1 0 0 0 1 0 1.3 1.01 -9.0 -0.72 -0.53 -1.1 -1.07 -0.55 -0.38 0.243 0.323 0.206 0.183 0.264 0.548 0 0 0 0 0 0
1964-10-29T19:30:00 1964 10 29 19 30 0 -0.17 0.06 355.3 9.24 2.42 0.0 0.0 0.0 0 0 1 0 0 0 1 0 1.3 1.08 -9.0 -0.72 -0.53 -1.1 -1.07 -0.55 -0.38 0.243 0.323 0.204 0.182 0.262 0.542 0 0 0 0 0 0
1964-10-29T20:30:00 1964 10 29 20 30 0 -0.17 0.06 353.7 9.24 2.42 0.0 0.0 0.0 0 0 1 0 0 0 1 0 1.3 1.16 -7.0 -0.72 -0.53 -1.1 -1.07 -0.55 -0.38 0.242 0.323 0.203 0.181 0.26 0.536 0 0 0 0 0 0
1964-10-29T21:30:00 1964 10 29 21 30 0 -0.17 0.06 352.1 9.24 2.42 0.0 0.0 0.0 0 0 1 0 0 0 1 0 1.3 1.23 -6.0 -0.72 -0.53 -1.1 -1.07 -0.55 -0.38 0.241 0.322 0.202 0.18 0.258 0.53 0 0 0 0 0 0
1964-10-29T22:30:00 1964 10 29 22 30 0 -0.17 0.06 350.4 9.24 2.42 0.0 0.0 0.0 0 0 1 0 0 0 1 0 1.3 1.3 -6.0 -0.72 -0.53 -1.1 -1.07 -0.55 -0.38 0.24 0.322 0.201 0.179 0.257 0.524 0 0 0 0 0 0
1964-10-29T23:30:00 1964 10 29 23 30 0 -0.17 0.06 348.8 9.24 2.42 0.0 0.0 0.0 0 0 1 0 0 0 1 0 1.3 1.3 -8.0 -0.72 -0.53 -1.1 -1.07 -0.55 -0.38 0.239 0.322 0.199 0.178 0.255 0.519 0 0 0 0 0 0
