1964-09-25T00:30:00 1964 9 25 0 30 0 -0.08 0.03 545.8 9.58 2.44 0.0 0.0 0.0 0 0 1 0 0 0 1 0 2.3 2.25 -9.0 -0.73 -0.54 -1.1 -1.08 -0.56 -0.39 0.348 0.359 0.369 0.317 0.533 1.596 0 0 0 0 0 0
1964-09-25T01:30:00 1964 9 25 1 30 0 -0.08 0.03 545.7 9.58 2.44 0.0 0.0 0.0 0 0 1 0 0 0 1 0 2.3 2.28 -12.0 -0.73 -0.54 -1.1 -1.08 -0.56 -0.39 0.348 0.359 0.371 0.317 0.533 1.595 0 0 0 0 0 0
1964-09-25T02:30:00 1964 9 25 2 30 0 -0.08 0.03 545.6 9.58 2.44 0.0 0.0 0.0 0 0 1 0 0 0 1 0 2.3 2.17 -11.0 -0.73 -0.54 -1.1 -1.08 -0.56 -0.39 0.348 0.359 0.374 0.317 0.532 1.595 0 0 0 0 0 0
1964-09-25T03:30:00 1964 9 25 3 30 0 -0.08 0.03 545.6 9.58 2.44 0.0 0.0 0.0 0 0 1 0 0 0 1 0 2.7 2.1 -9.0 -0.73 -0.54 -1.1 -1.08 -0.56 -0.39 0.348 0.359 0.376 0.317 0.532 1.594 0 0 0 0 0 0
1964-09-25T04:30:00 1964 9 25 4 30 0 -0.08 0.03 545.5 9.58 2.44 0.0 0.0 0.0 0 0 1 0 0 0 1 0 2.7 2.04 -4.0 -0.73 -0.54 -1.1 -1.08 -0.56 -0.39 0.348 0.359 0.378 0.317 0.532 1.594 0 0 0 0 0 0
1964-09-25T05:30:00 1964 9 25 5 30 0 -0.08 0.03 545.4 9.58 2.44 0.0 0.0 0.0 0 0 1 0 0 0 1 0 2.7 2.22 -2.0 -0.73 -0.54 -1.1 -1.08 -0.56 -0.39 0.348 0.359 0.38 0.317 0.532 1.593 0 0 0 0 0 0
1964-09-25T06:30:00 1964 9 25 6 30 0 -0.08 0.03 545.4 9.58 2.44 0.0 0.0 0.0 0 0 1 0 0 0 1 0 1.0 2.16 -3.0 -0.73 -0.54 -1.1 -1.08 -0.56 -0.39 0.348 0.359 0.383 0.317 0.532 1.593 0 0 0 0 0 0
1964-09-25T07:30:00 1964 9 25 7 30 0 -0.08 0.03 545.3 9.58 2.44 0.0 0.0 0.0 0 0 1 0 0 0 1 0 1.0 2.11 -3.0 -0.73 -0.54 -1.1 -1.08 -0.56 -0.39 0.348 0.359 0.385 0.317 0.532 1.592 0 0 0 0 0 0
1964-09-25T08:30:00 1964 9 25 8 30 0 -0.08 0.03 545.2 9.58 2.44 0.0 0.0 0.0 0 0 1 0 0 0 1 0 1.0 1.94 -5.0 -0.73 -0.54 -1.1 -1.08 -0.56 -0.39 0.348 0.359 0.387 0.317 0.532 1.592 0 0 0 0 0 0
1964-09-25T09:30:00 1964 9 25 9 30 0 -0.08 0.03 545.2 9.58 2.44 0.0 0.0 0.0 0 0 1 0 0 0 1 0 0.7 1.74 -5.0 -0.73 -0.54 -1.1 -1.08 -0.56 -0.39 0.348 0.359 0.388 0.317 0.532 1.591 0 0 0 0 0 0
1964-09-25T10:30:00 1964 9 25 10 30 0 -0.08 0.03 545.1 9.58 2.44 0.0 0.0 0.0 0 0 1 0 0 0 1 0 0.7 1.54 -8.0 -0.73 -0.54 -1.1 -1.08 -0.56 -0.39 0.348 0.359 0.39 0.317 0.532 1.591 0 0 0 0 0 0
1964-09-25T11:30:00 1964 9 25 11 30 0 -0.08 0.03 545.1 9.57 2.44 0.0 0.0 0.0 0 0 1 0 0 0 1 0 0.7 1.29 -9.0 -0.73 -0.54 -1.1 -1.08 -0.56 -0.39 0.348 0.359 0.392 0.317 0.532 1.59 0 0 0 0 0 0
1964-09-25T12:30:00 1964 9 25 12 30 0 -0.08 0.03 545.0 9.57 2.44 0.0 0.0 0.0 0 0 2 0 0 1 1 1 0.0 0.96 -8.0 -0.73 -0.54 -1.1 -1.08 -0.56 -0.39 0.347 0.359 0.394 0.317 0.531 1.589 0 0 0 0 0 0
1964-09-25T13:30:00 1964 9 25 13 30 0 -0.08 0.03 545.0 9.57 2.44 0.0 0.0 0.0 0 0 2 0 0 1 1 1 0.0 0.63 -9.0 -0.73 -0.54 -1.1 -1.08 -0.56 -0.39 0.347 0.358 0.395 0.317 0.531 1.588 0 0 0 0 0 0
1964-09-25T14:30:00 1964 9 25 14 30 0 -0.08 0.03 545.0 9.57 2.44 0.0 0.0 0.0 0 0 2 0 0 1 1 1 0.0 0.5 -8.0 -0.73 -0.54 -1.1 -1.08 -0.56 -0.39 0.347 0.358 0.397 0.317 0.531 1.588 0 0 0 0 0 0
1964-09-25T15:30:00 1964 9 25 15 30 0 -0.08 0.03 538.0 9.57 2.44 0.0 0.0 0.0 0 0 1 0 0 0 1 0 0.3 0.42 -8.0 -0.73 -0.54 -1.1 -1.08 -0.56 -0.39 0.347 0.358 0.398 0.315 0.526 1.568 0 0 0 0 0 0
1964-09-25T16:30:00 1964 9 25 16 30 0 -0.08 0.03 531.1 9.57 2.44 0.0 0.0 0.0 0 0 1 0 0 0 1 0 0.3 0.33 -6.0 -0.73 -0.54 -1.1 -1.08 -0.56 -0.39 0.345 0.358 0.399 0.312 0.517 1.532 0 0 0 0 0 0
1964-09-25T17:30:00 1964 9 25 17 30 0 -0.08 0.03 524.1 9.57 2.44 0.0 0.0 0.0 0 0 1 0 0 0 1 0 0.3 0.28 -3.0 -0.73 -0.54 -1.1 -1.08 -0.56 -0.39 0.343 0.357 0.4 0.308 0.507 1.49 0 0 0 0 0 0
1964-09-25T18:30:00 1964 9 25 18 30 0 -0.08 0.03 517.2 9.57 2.44 0.0 0.0 0.0 0 0 1 0 0 0 1 0 0.3 0.24 -1.0 -0.73 -0.54 -1.1 -1.08 -0.56 -0.39 0.34 0.356 0.4 0.304 0.496 1.445 0 0 0 0 0 0
1964-09-25T19:30:00 1964 9 25 19 30 0 -0.08 0.03 510.2 9.57 2.44 0.0 0.0 0.0 0 0 1 0 0 0 1 0 0.3 0.19 -1.0 -0.73 -0.54 -1.1 -1.08 -0.56 -0.39 0.337 0.355 0.399 0.299 0.486 1.401 0 0 0 0 0 0
1964-09-25T20:30:00 1964 9 25 20 30 0 -0.08 0.03 503.2 9.57 2.44 0.0 0.0 0.0 0 0 1 0 0 0 1 0 0.3 0.23 0.0 -0.73 -0.54 -1.1 -1.08 -0.56 -0.39 0.334 0.354 0.399 0.294 0.475 1.356 0 0 0 0 0 0
1964-09-25T21:30:00 1964 9 25 21 30 0 -0.08 0.03 496.3 9.57 2.44 0.0 0.0 0.0 0 0 1 0 0 0 1 0 1.7 0.45 -2.0 -0.73 -0.54 -1.1 -1.08 -0.56 -0.39 0.33 0.354 0.398 0.289 0.465 1.312 0 0 0 0 0 0
1964-09-25T22:30:00 1964 9 25 22 30 0 -0.08 0.03 489.3 9.57 2.44 0.0 0.0 0.0 0 0 1 0 0 0 1 0 1.7 0.66 -6.0 -0.73 -0.54 -1.1 -1.08 -0.56 -0.39 0.327 0.353 0.396 0.285 0.455 1.269 0 0 0 0 0 0
1964-09-25T23:30:00 1964 9 25 23 30 0 -0.08 0.03 482.4 9.57 2.44 0.0 0.0 0.0 0 0 1 0 0 0 1 0 1.7 0.84 -7.0 -0.73 -0.54 -1.1 -1.08 -0.56 -0.39 0.324 0.352 0.395 0.28 0.445 1.227 0 0 0 0 0 0
