1964-01-06T00:30:00 1964 1 6 0 30 0 2.8 -1.2 375.0 5.5 1.55 1.29 2.51 1.38 2 2 2 2 2 2 2 2 2.3 1.8 -26.0 -1.2 -1.2 -1.2 -1.2 -1.2 -1.2 0.31 0.439 0.269 0.183 0.398 0.57 2 2 1 2 2 2
1964-01-06T01:30:00 1964 1 6 1 30 0 1.6 -1.3 375.0 5.5 1.55 0.9 2.35 1.29 2 2 2 2 2 2 2 2 2.3 1.92 -27.0 -1.3 -1.3 -1.3 -1.3 -1.3 -1.3 0.318 0.45 0.267 0.187 0.406 0.583 2 2 1 2 2 2
1964-01-06T02:30:00 1964 1 6 2 30 0 1.5 -1.3 375.0 5.5 1.55 0.68 2.44 1.34 2 2 2 2 2 2 2 2 2.3 1.93 -24.0 -1.3 -1.3 -1.3 -1.3 -1.3 -1.3 0.326 0.459 0.264 0.193 0.413 0.593 2 2 1 2 2 2
1964-01-06T03:30:00 1964 1 6 3 30 0 1.5 -1.13 378.0 5.0 1.43 0.61 2.27 1.19 1 1 2 2 2 1 2 2 2.0 1.89 -21.0 -1.22 -1.19 -1.28 -1.28 -1.19 -1.16 0.326 0.448 0.262 0.193 0.398 0.56 2 2 1 2 1 1
1964-01-06T04:30:00 1964 1 6 4 30 0 1.47 -0.49 378.0 5.0 1.43 0.41 1.48 0.74 1 1 2 2 2 1 2 2 2.0 1.86 -19.0 -0.93 -0.76 -1.23 -1.21 -0.78 -0.63 0.308 0.398 0.259 0.188 0.34 0.475 1 1 1 1 1 1
1964-01-06T05:30:00 1964 1 6 5 30 0 1.43 -0.62 378.0 5.0 1.43 0.31 1.06 0.53 1 1 2 2 2 1 2 2 2.0 1.94 -16.0 -1.06 -0.89 -1.36 -1.34 -0.91 -0.76 0.295 0.367 0.257 0.19 0.318 0.428 1 1 1 1 1 1
1964-01-06T06:30:00 1964 1 6 6 30 0 1.4 -1.94 373.0 5.0 1.39 0.68 2.5 1.25 1 1 2 2 2 1 2 2 1.0 1.9 -14.0 -2.04 -2.0 -2.1 -2.1 -2.01 -1.97 0.334 0.445 0.258 0.24 0.427 0.52 1 1 1 1 1 1
1964-01-06T07:30:00 1964 1 6 7 30 0 1.4 -2.3 373.0 5.0 1.39 1.26 3.98 1.99 2 2 2 2 2 2 2 2 1.0 1.85 -14.0 -2.3 -2.3 -2.3 -2.3 -2.3 -2.3 0.395 0.542 0.261 0.303 0.527 0.621 2 2 1 2 2 2
1964-01-06T08:30:00 1964 1 6 8 30 0 1.8 -1.9 373.0 5.0 1.39 1.29 3.89 1.94 2 2 2 2 2 2 2 2 1.0 1.68 -18.0 -1.9 -1.9 -1.9 -1.9 -1.9 -1.9 0.424 0.572 0.263 0.319 0.534 0.644 2 2 1 2 2 2
1964-01-06T09:30:00 1964 1 6 9 30 0 1.4 -0.5 370.0 6.0 1.64 0.63 2.12 1.15 2 2 2 2 2 2 2 2 1.7 1.61 -20.0 -0.5 -0.5 -0.5 -0.5 -0.5 -0.5 0.373 0.473 0.26 0.239 0.384 0.556 2 2 1 2 2 2
1964-01-06T10:30:00 1964 1 6 10 30 0 1.8 -0.4 370.0 6.0 1.64 0.32 0.82 0.49 2 2 2 2 2 2 2 2 1.7 1.54 -16.0 -0.4 -0.4 -0.4 -0.4 -0.4 -0.4 0.296 0.352 0.253 0.156 0.256 0.442 2 2 1 2 2 2
1964-01-06T11:30:00 1964 1 6 11 30 0 -0.6 -0.7 370.0 6.0 1.64 0.15 1.04 0.62 2 2 2 2 2 2 2 2 1.7 1.51 -15.0 -0.7 -0.7 -0.7 -0.7 -0.7 -0.7 0.258 0.321 0.247 0.12 0.253 0.437 2 2 1 2 2 2
1964-01-06T12:30:00 1964 1 6 12 30 0 0.2 -0.6 370.0 6.0 1.64 0.11 1.19 0.72 2 2 2 2 2 2 2 2 1.3 1.43 -12.0 -0.6 -0.6 -0.6 -0.6 -0.6 -0.6 0.235 0.31 0.242 0.103 0.255 0.44 2 2 1 2 2 2
1964-01-06T13:30:00 1964 1 6 13 30 0 1.3 -0.5 370.0 6.0 1.64 0.15 1.01 0.61 2 2 2 2 2 2 2 2 1.3 1.34 -11.0 -0.5 -0.5 -0.5 -0.5 -0.5 -0.5 0.212 0.288 0.236 0.086 0.236 0.419 2 2 1 2 2 2
1964-01-06T14:30:00 1964 1 6 14 30 0 0.9 -1.1 370.0 6.0 1.64 0.3 1.53 0.92 2 2 2 2 2 2 2 2 1.3 1.38 -8.0 -1.1 -1.1 -1.1 -1.1 -1.1 -1.1 0.225 0.335 0.233 0.104 0.302 0.488 2 2 1 2 2 2
1964-01-06T15:30:00 1964 1 6 15 30 0 1.4 -1.1 370.0 5.5 1.51 0.45 2.04 1.17 2 2 2 2 2 2 2 2 1.0 1.37 -9.0 -1.1 -1.1 -1.1 -1.1 -1.1 -1.1 0.248 0.379 0.23 0.129 0.346 0.525 2 2 1 2 2 2
1964-01-06T16:30:00 1964 1 6 16 30 0 1.8 -0.7 370.0 5.5 1.51 0.48 1.63 0.9 2 2 2 2 2 2 2 2 1.0 1.37 -10.0 -0.7 -0.7 -0.7 -0.7 -0.7 -0.7 0.243 0.362 0.226 0.121 0.311 0.484 2 2 1 2 2 2
1964-01-06T17:30:00 1964 1 6 17 30 0 1.3 -0.7 370.0 5.5 1.51 0.38 1.29 0.71 2 2 2 2 2 2 2 2 1.0 1.28 -9.0 -0.7 -0.7 -0.7 -0.7 -0.7 -0.7 0.228 0.335 0.222 0.107 0.28 0.445 2 2 1 2 2 2
1964-01-06T18:30:00 1964 1 6 18 30 0 1.8 0.5 365.0 3.5 0.93 0.21 0.32 0.16 2 2 2 2 2 2 2 2 1.0 1.19 -10.0 0.5 0.5 0.5 0.5 0.5 0.5 0.165 0.194 0.215 0.064 0.116 0.227 2 2 1 2 2 2
1964-01-06T19:30:00 1964 1 6 19 30 0 0.7 0.0 365.0 3.5 0.93 0.09 0.0 0.0 2 2 2 2 2 2 2 2 1.0 1.11 -13.0 0.0 0.0 0.0 0.0 0.0 0.0 0.112 0.096 0.209 0.036 0.037 0.094 2 2 1 2 2 2
1964-01-06T20:30:00 1964 1 6 20 30 0 1.7 -0.7 365.0 3.5 0.93 0.21 0.69 0.24 2 2 2 2 2 2 2 2 1.0 1.07 -13.0 -0.7 -0.7 -0.7 -0.7 -0.7 -0.7 0.112 0.143 0.204 0.04 0.126 0.145 2 2 1 2 2 2
1964-01-06T21:30:00 1964 1 6 21 30 0 1.8 -0.6 360.0 5.0 1.3 0.42 1.17 0.5 2 2 2 2 2 2 2 2 1.0 1.04 -15.0 -0.6 -0.6 -0.6 -0.6 -0.6 -0.6 0.129 0.203 0.199 0.053 0.19 0.231 2 2 1 2 2 2
1964-01-06T22:30:00 1964 1 6 22 30 0 2.0 0.0 360.0 5.0 1.3 0.35 0.5 0.25 2 2 2 2 2 2 2 2 1.0 1.0 -17.0 0.0 0.0 0.0 0.0 0.0 0.0 0.107 0.154 0.194 0.038 0.114 0.176 2 2 1 2 2 2
1964-01-06T23:30:00 1964 1 6 23 30 0 1.9 -1.9 360.0 5.0 1.3 0.7 1.85 0.93 2 2 2 2 2 2 2 2 1.0 1.0 -17.0 -1.9 -1.9 -1.9 -1.9 -1.9 -1.9 0.171 0.295 0.193 0.102 0.295 0.35 2 2 1 2 2 2
