1964-05-19T00:30:00 1964 5 19 0 30 0 0.13 -0.03 409.2 10.42 2.48 0.0 0.06 0.06 0 0 0 0 0 0 0 0 1.7 0.68 0.0 -0.75 -0.56 -1.11 -1.09 -0.58 -0.41 0.292 0.363 0.241 0.232 0.356 0.915 0 0 0 0 0 0
1964-05-19T01:30:00 1964 5 19 1 30 0 0.13 -0.03 409.2 10.42 2.48 0.0 0.06 0.06 0 0 0 0 0 0 0 0 1.7 0.81 0.0 -0.75 -0.56 -1.11 -1.09 -0.58 -0.41 0.292 0.363 0.241 0.232 0.356 0.915 0 0 0 0 0 0
1964-05-19T02:30:00 1964 5 19 2 30 0 0.13 -0.03 409.3 10.42 2.48 0.0 0.06 0.06 0 0 0 0 0 0 0 0 1.7 0.94 -2.0 -0.75 -0.56 -1.11 -1.09 -0.58 -0.41 0.292 0.363 0.241 0.232 0.356 0.915 0 0 0 0 0 0
1964-05-19T03:30:00 1964 5 19 3 30 0 0.13 -0.03 409.3 10.42 2.48 0.0 0.06 0.06 0 0 0 0 0 0 0 0 1.0 0.98 -2.0 -0.75 -0.56 -1.11 -1.09 -0.58 -0.41 0.292 0.363 0.241 0.232 0.356 0.915 0 0 0 0 0 0
1964-05-19T04:30:00 1964 5 19 4 30 0 0.13 -0.03 409.3 10.42 2.48 0.0 0.06 0.06 0 0 0 0 0 0 0 0 1.0 1.01 -1.0 -0.75 -0.56 -1.11 -1.09 -0.58 -0.41 0.292 0.363 0.241 0.232 0.356 0.915 0 0 0 0 0 0
1964-05-19T05:30:00 1964 5 19 5 30 0 0.13 -0.03 409.3 10.42 2.48 0.0 0.06 0.06 0 0 0 0 0 0 0 0 1.0 1.09 -1.0 -0.75 -0.56 -1.11 -1.09 -0.58 -0.41 0.292 0.363 0.241 0.232 0.356 0.915 0 0 0 0 0 0
1964-05-19T06:30:00 1964 5 19 6 30 0 0.13 -0.03 409.3 10.42 2.48 0.0 0.06 0.06 0 0 0 0 0 0 0 0 1.3 1.21 -1.0 -0.75 -0.56 -1.11 -1.09 -0.58 -0.41 0.292 0.363 0.241 0.232 0.356 0.915 0 0 0 0 0 0
1964-05-19T07:30:00 1964 5 19 7 30 0 0.13 -0.03 409.3 10.42 2.48 0.0 0.06 0.06 0 0 0 0 0 0 0 0 1.3 1.33 -1.0 -0.75 -0.56 -1.11 -1.09 -0.58 -0.41 0.292 0.363 0.241 0.232 0.356 0.915 0 0 0 0 0 0
1964-05-19T08:30:00 1964 5 19 8 30 0 0.13 -0.03 409.3 10.42 2.48 0.0 0.06 0.06 0 0 0 0 0 0 0 0 1.3 1.28 0.0 -0.75 -0.56 -1.11 -1.09 -0.58 -0.41 0.292 0.363 0.241 0.232 0.356 0.915 0 0 0 0 0 0
1964-05-19T09:30:00 1964 5 19 9 30 0 0.13 -0.03 409.3 10.42 2.48 0.0 0.06 0.06 0 0 0 0 0 0 0 0 1.3 1.24 3.0 -0.75 -0.56 -1.11 -1.09 -0.58 -0.41 0.292 0.363 0.241 0.232 0.356 0.915 0 0 0 0 0 0
1964-05-19T10:30:00 1964 5 19 10 30 0 0.13 -0.03 409.3 10.42 2.48 0.0 0.06 0.06 0 0 0 0 0 0 0 0 1.3 1.19 4.0 -0.75 -0.56 -1.11 -1.09 -0.58 -0.41 0.292 0.363 0.241 0.232 0.356 0.915 0 0 0 0 0 0
1964-05-19T11:30:00 1964 5 19 11 30 0 0.13 -0.03 409.3 10.42 2.48 0.0 0.06 0.06 0 0 0 0 0 0 0 0 1.3 1.23 4.0 -0.75 -0.56 -1.11 -1.09 -0.58 -0.41 0.292 0.363 0.241 0.232 0.356 0.915 0 0 0 0 0 0
1964-05-19T12:30:00 1964 5 19 12 30 0 0.13 -0.03 409.3 10.42 2.48 0.0 0.06 0.06 0 0 0 0 0 0 0 0 0.3 1.13 4.0 -0.75 -0.56 -1.11 -1.09 -0.58 -0.41 0.292 0.363 0.241 0.232 0.356 0.915 0 0 0 0 0 0
1964-05-19T13:30:00 1964 5 19 13 30 0 0.13 -0.03 409.3 10.42 2.48 0.0 0.06 0.06 0 0 0 0 0 0 0 0 0.3 1.04 4.0 -0.75 -0.56 -1.11 -1.09 -0.58 -0.41 0.292 0.363 0.241 0.232 0.356 0.915 0 0 0 0 0 0
1964-05-19T14:30:00 1964 5 19 14 30 0 0.13 -0.03 409.3 10.42 2.48 0.0 0.06 0.06 0 0 0 0 0 0 0 0 0.3 0.91 6.0 -0.75 -0.56 -1.11 -1.09 -0.58 -0.41 0.292 0.363 0.241 0.232 0.356 0.915 0 0 0 0 0 0
1964-05-19T15:30:00 1964 5 19 15 30 0 0.13 -0.03 409.3 10.42 2.48 0.0 0.06 0.06 0 0 0 0 0 0 0 0 1.0 0.88 7.0 -0.75 -0.56 -1.11 -1.09 -0.58 -0.41 0.292 0.363 0.241 0.232 0.356 0.915 0 0 0 0 0 0
1964-05-19T16:30:00 1964 5 19 16 30 0 0.13 -0.03 409.3 10.42 2.48 0.0 0.06 0.06 0 0 0 0 0 0 0 0 1.0 0.84 6.0 -0.75 -0.56 -1.11 -1.09 -0.58 -0.41 0.292 0.363 0.241 0.232 0.356 0.915 0 0 0 0 0 0
1964-05-19T17:30:00 1964 5 19 17 30 0 0.13 -0.03 409.3 10.42 2.48 0.0 0.06 0.06 0 0 0 0 0 0 0 0 1.0 0.81 6.0 -0.75 -0.56 -1.11 -1.09 -0.58 -0.41 0.292 0.363 0.241 0.232 0.356 0.915 0 0 0 0 0 0
1964-05-19T18:30:00 1964 5 19 18 30 0 0.13 -0.03 409.4 10.42 2.48 0.0 0.06 0.06 0 0 0 0 0 0 0 0 1.7 0.87 2.0 -0.75 -0.56 -1.11 -1.09 -0.58 -0.41 0.292 0.363 0.241 0.232 0.356 0.915 0 0 0 0 0 0
1964-05-19T19:30:00 1964 5 19 19 30 0 0.13 -0.03 409.4 10.42 2.48 0.0 0.06 0.06 0 0 0 0 0 0 0 0 1.7 0.93 5.0 -0.75 -0.56 -1.11 -1.09 -0.58 -0.41 0.292 0.363 0.241 0.232 0.357 0.916 0 0 0 0 0 0
1964-05-19T20:30:00 1964 5 19 20 30 0 0.13 -0.03 409.4 10.42 2.48 0.0 0.06 0.06 0 0 0 0 0 0 0 0 1.7 1.1 4.0 -0.75 -0.56 -1.11 -1.09 -0.58 -0.41 0.292 0.363 0.241 0.232 0.357 0.916 0 0 0 0 0 0
1964-05-19T21:30:00 1964 5 19 21 30 0 0.13 -0.03 409.4 10.42 2.48 0.0 0.06 0.06 0 0 0 0 0 0 0 0 1.0 1.18 2.0 -0.75 -0.56 -1.11 -1.09 -0.58 -0.41 0.292 0.363 0.241 0.232 0.357 0.916 0 0 0 0 0 0
1964-05-19T22:30:00 1964 5 19 22 30 0 0.13 -0.03 409.4 10.42 2.48 0.0 0.06 0.06 0 0 0 0 0 0 0 0 1.0 1.26 0.0 -0.75 -0.56 -1.11 -1.09 -0.58 -0.41 0.292 0.363 0.241 0.232 0.357 0.916 0 0 0 0 0 0
1964-05-19T23:30:00 1964 5 19 23 30 0 0.13 -0.03 409.4 10.42 2.48 0.0 0.06 0.06 0 0 0 0 0 0 0 0 1.0 1.26 -3.0 -0.75 -0.56 -1.11 -1.09 -0.58 -0.41 0.292 0.363 0.241 0.232 0.357 0.916 0 0 0 0 0 0
