1964-03-13T00:30:00 1964 3 13 0 30 0 0.12 -0.01 386.6 10.33 2.43 0.0 0.02 0.02 0 0 0 0 0 0 0 0 1.3 1.66 -16.0 -0.75 -0.56 -1.11 -1.08 -0.58 -0.41 0.278 0.358 0.209 0.213 0.324 0.789 0 0 0 0 0 0
1964-03-13T01:30:00 1964 3 13 1 30 0 0.12 -0.01 386.7 10.33 2.43 0.0 0.02 0.02 0 0 0 0 0 0 0 0 1.3 1.45 -14.0 -0.75 -0.56 -1.11 -1.08 -0.58 -0.41 0.278 0.358 0.209 0.213 0.324 0.789 0 0 0 0 0 0
1964-03-13T02:30:00 1964 3 13 2 30 0 0.12 -0.01 386.7 10.33 2.43 0.0 0.02 0.02 0 0 0 0 0 0 0 0 1.3 1.45 -13.0 -0.75 -0.56 -1.11 -1.08 -0.58 -0.41 0.278 0.358 0.209 0.213 0.324 0.789 0 0 0 0 0 0
1964-03-13T03:30:00 1964 3 13 3 30 0 0.12 -0.01 386.7 10.33 2.43 0.0 0.02 0.02 0 0 0 0 0 0 0 0 2.7 1.63 -12.0 -0.75 -0.56 -1.11 -1.08 -0.58 -0.41 0.278 0.358 0.209 0.213 0.324 0.79 0 0 0 0 0 0
1964-03-13T04:30:00 1964 3 13 4 30 0 0.12 -0.01 386.8 10.33 2.43 0.0 0.02 0.02 0 0 0 0 0 0 0 0 2.7 1.81 -14.0 -0.75 -0.56 -1.11 -1.08 -0.58 -0.41 0.278 0.358 0.209 0.213 0.324 0.79 0 0 0 0 0 0
1964-03-13T05:30:00 1964 3 13 5 30 0 0.12 -0.01 386.8 10.33 2.43 0.0 0.02 0.02 0 0 0 0 0 0 0 0 2.7 1.94 -14.0 -0.75 -0.56 -1.11 -1.08 -0.58 -0.41 0.278 0.358 0.209 0.213 0.324 0.79 0 0 0 0 0 0
1964-03-13T06:30:00 1964 3 13 6 30 0 0.12 -0.01 386.8 10.33 2.43 0.0 0.02 0.02 0 0 0 0 0 0 0 0 1.7 1.94 -13.0 -0.75 -0.56 -1.11 -1.08 -0.58 -0.41 0.278 0.358 0.209 0.213 0.324 0.79 0 0 0 0 0 0
1964-03-13T07:30:00 1964 3 13 7 30 0 0.12 -0.01 386.9 10.33 2.43 0.0 0.02 0.02 0 0 0 0 0 0 0 0 1.7 1.93 -15.0 -0.75 -0.56 -1.11 -1.08 -0.58 -0.41 0.278 0.358 0.209 0.213 0.325 0.79 0 0 0 0 0 0
1964-03-13T08:30:00 1964 3 13 8 30 0 0.12 -0.01 386.9 10.33 2.43 0.0 0.02 0.02 0 0 0 0 0 0 0 0 1.7 1.98 -15.0 -0.75 -0.56 -1.11 -1.08 -0.58 -0.41 0.278 0.358 0.209 0.213 0.325 0.79 0 0 0 0 0 0
1964-03-13T09:30:00 1964 3 13 9 30 0 0.12 -0.01 386.9 10.33 2.43 0.0 0.02 0.02 0 0 0 0 0 0 0 0 3.3 2.23 -12.0 -0.75 -0.56 -1.11 -1.08 -0.58 -0.41 0.278 0.358 0.209 0.213 0.325 0.791 0 0 0 0 0 0
1964-03-13T10:30:00 1964 3 13 10 30 0 0.12 -0.01 387.0 10.33 2.43 0.0 0.02 0.02 0 0 0 0 0 0 0 0 3.3 2.48 -10.0 -0.75 -0.56 -1.11 -1.08 -0.58 -0.41 0.278 0.358 0.209 0.213 0.325 0.791 0 0 0 0 0 0
1964-03-13T11:30:00 1964 3 13 11 30 0 0.12 -0.01 387.0 10.33 2.43 0.0 0.02 0.02 0 0 0 0 0 0 0 0 3.3 2.56 -5.0 -0.75 -0.56 -1.11 -1.08 -0.58 -0.41 0.279 0.358 0.209 0.213 0.325 0.791 0 0 0 0 0 0
1964-03-13T12:30:00 1964 3 13 12 30 0 0.12 -0.01 387.0 10.33 2.43 0.0 0.02 0.02 0 0 0 0 0 0 0 0 2.7 2.56 -1.0 -0.75 -0.56 -1.11 -1.08 -0.58 -0.41 0.279 0.358 0.209 0.213 0.325 0.791 0 0 0 0 0 0
1964-03-13T13:30:00 1964 3 13 13 30 0 0.12 -0.01 387.1 10.33 2.43 0.0 0.02 0.02 0 0 0 0 0 0 0 0 2.7 2.56 0.0 -0.75 -0.56 -1.11 -1.08 -0.58 -0.41 0.279 0.358 0.209 0.213 0.325 0.791 0 0 0 0 0 0
1964-03-13T14:30:00 1964 3 13 14 30 0 0.12 -0.01 387.1 10.33 2.43 0.0 0.02 0.02 0 0 0 0 0 0 0 0 2.7 2.68 0.0 -0.75 -0.56 -1.11 -1.08 -0.58 -0.41 0.279 0.358 0.209 0.213 0.325 0.791 0 0 0 0 0 0
1964-03-13T15:30:00 1964 3 13 15 30 0 0.12 -0.01 387.1 10.33 2.43 0.0 0.02 0.02 0 0 0 0 0 0 0 0 0.7 2.54 -1.0 -0.75 -0.56 -1.11 -1.08 -0.58 -0.41 0.279 0.358 0.209 0.213 0.325 0.792 0 0 0 0 0 0
1964-03-13T16:30:00 1964 3 13 16 30 0 0.12 -0.01 387.2 10.33 2.43 0.0 0.02 0.02 0 0 0 0 0 0 0 0 0.7 2.4 -4.0 -0.75 -0.56 -1.11 -1.08 -0.58 -0.41 0.279 0.358 0.209 0.213 0.325 0.792 0 0 0 0 0 0
1964-03-13T17:30:00 1964 3 13 17 30 0 0.12 -0.01 387.2 10.33 2.43 0.0 0.02 0.02 0 0 0 0 0 0 0 0 0.7 2.07 -5.0 -0.75 -0.56 -1.11 -1.08 -0.58 -0.41 0.279 0.358 0.21 0.213 0.325 0.792 0 0 0 0 0 0
1964-03-13T18:30:00 1964 3 13 18 30 0 0.12 -0.01 387.2 10.33 2.43 0.0 0.02 0.02 0 0 0 0 0 0 0 0 1.3 1.82 -9.0 -0.75 -0.56 -1.11 -1.08 -0.58 -0.41 0.279 0.358 0.21 0.213 0.325 0.792 0 0 0 0 0 0
1964-03-13T19:30:00 1964 3 13 19 30 0 0.12 -0.01 387.2 10.33 2.43 0.0 0.02 0.02 0 0 0 0 0 0 0 0 1.3 1.58 -10.0 -0.75 -0.56 -1.11 -1.08 -0.58 -0.41 0.279 0.358 0.21 0.213 0.325 0.792 0 0 0 0 0 0
1964-03-13T20:30:00 1964 3 13 20 30 0 0.12 -0.01 387.3 10.33 2.43 0.0 0.02 0.02 0 0 0 0 0 0 0 0 1.3 1.41 -11.0 -0.75 -0.56 -1.11 -1.08 -0.58 -0.41 0.279 0.358 0.21 0.213 0.325 0.792 0 0 0 0 0 0
1964-03-13T21:30:00 1964 3 13 21 30 0 0.12 -0.01 387.3 10.33 2.43 0.0 0.02 0.02 0 0 0 0 0 0 0 0 2.0 1.34 -11.0 -0.75 -0.56 -1.11 -1.08 -0.58 -0.41 0.279 0.358 0.21 0.213 0.325 0.792 0 0 0 0 0 0
1964-03-13T22:30:00 1964 3 13 22 30 0 0.12 -0.01 387.3 10.33 2.43 0.0 0.02 0.02 0 0 0 0 0 0 0 0 2.0 1.27 -7.0 -0.75 -0.56 -1.11 -1.08 -0.58 -0.41 0.279 0.358 0.21 0.213 0.325 0.792 0 0 0 0 0 0
1964-03-13T23:30:00 1964 3 13 23 30 0 0.12 -0.01 387.4 10.33 2.43 0.0 0.02 0.02 0 0 0 0 0 0 0 0 2.0 1.43 -5.0 -0.75 -0.56 -1.11 -1.08 -0.58 -0.41 0.279 0.358 0.21 0.213 0.325 0.793 0 0 0 0 0 0
