1964-09-18T00:30:00 1964 9 18 0 30 0 -0.06 0.03 403.0 9.65 2.44 0.0 0.0 0.0 0 0 1 0 0 0 1 0 1.7 1.65 -5.0 -0.73 -0.54 -1.1 -1.08 -0.56 -0.39 0.272 0.341 0.183 0.217 0.329 0.776 0 0 0 0 0 0
1964-09-18T01:30:00 1964 9 18 1 30 0 -0.06 0.03 403.0 9.65 2.44 0.0 0.0 0.0 0 0 1 0 0 0 1 0 1.7 1.7 -5.0 -0.73 -0.54 -1.1 -1.08 -0.56 -0.39 0.273 0.341 0.184 0.217 0.329 0.777 0 0 0 0 0 0
1964-09-18T02:30:00 1964 9 18 2 30 0 -0.06 0.03 403.0 9.65 2.44 0.0 0.0 0.0 0 0 1 0 0 0 1 0 1.7 1.7 -2.0 -0.73 -0.54 -1.1 -1.08 -0.56 -0.39 0.273 0.341 0.185 0.218 0.329 0.777 0 0 0 0 0 0
1964-09-18T03:30:00 1964 9 18 3 30 0 -0.06 0.03 403.0 9.65 2.44 0.0 0.0 0.0 0 0 2 0 0 1 1 1 1.7 1.7 -1.0 -0.73 -0.54 -1.1 -1.08 -0.56 -0.39 0.273 0.341 0.186 0.218 0.329 0.778 0 0 0 0 0 0
1964-09-18T04:30:00 1964 9 18 4 30 0 -0.06 0.03 403.0 9.65 2.44 0.0 0.0 0.0 0 0 2 0 0 1 1 1 1.7 1.7 0.0 -0.73 -0.54 -1.1 -1.08 -0.56 -0.39 0.273 0.341 0.187 0.218 0.329 0.778 0 0 0 0 0 0
1964-09-18T05:30:00 1964 9 18 5 30 0 -0.06 0.03 403.0 9.65 2.44 0.0 0.0 0.0 0 0 2 0 0 1 1 1 1.7 1.7 3.0 -0.73 -0.54 -1.1 -1.08 -0.56 -0.39 0.273 0.341 0.188 0.218 0.329 0.778 0 0 0 0 0 0
1964-09-18T06:30:00 1964 9 18 6 30 0 -0.06 0.03 402.0 9.64 2.44 0.0 0.0 0.0 0 0 2 0 0 1 1 1 1.0 1.61 6.0 -0.73 -0.54 -1.1 -1.08 -0.56 -0.39 0.273 0.341 0.189 0.218 0.328 0.775 0 0 0 0 0 0
1964-09-18T07:30:00 1964 9 18 7 30 0 -0.06 0.03 402.0 9.64 2.44 0.0 0.0 0.0 0 0 2 0 0 1 1 1 1.0 1.52 6.0 -0.73 -0.54 -1.1 -1.08 -0.56 -0.39 0.273 0.341 0.19 0.217 0.328 0.773 0 0 0 0 0 0
1964-09-18T08:30:00 1964 9 18 8 30 0 -0.06 0.03 402.0 9.64 2.44 0.0 0.0 0.0 0 0 2 0 0 1 1 1 1.0 1.43 7.0 -0.73 -0.54 -1.1 -1.08 -0.56 -0.39 0.273 0.341 0.191 0.217 0.327 0.773 0 0 0 0 0 0
1964-09-18T09:30:00 1964 9 18 9 30 0 -0.06 0.03 387.0 9.64 2.44 0.0 0.0 0.0 0 0 2 0 0 1 1 1 1.3 1.38 10.0 -0.73 -0.54 -1.1 -1.08 -0.56 -0.39 0.271 0.34 0.192 0.214 0.318 0.745 0 0 0 0 0 0
1964-09-18T10:30:00 1964 9 18 10 30 0 -0.06 0.03 387.0 9.64 2.44 0.0 0.0 0.0 0 0 2 0 0 1 1 1 1.3 1.33 11.0 -0.73 -0.54 -1.1 -1.08 -0.56 -0.39 0.269 0.339 0.192 0.211 0.311 0.721 0 0 0 0 0 0
1964-09-18T11:30:00 1964 9 18 11 30 0 -0.06 0.03 387.0 9.64 2.44 0.0 0.0 0.0 0 0 2 0 0 1 1 1 1.3 1.28 12.0 -0.73 -0.54 -1.1 -1.08 -0.56 -0.39 0.268 0.339 0.193 0.209 0.309 0.712 0 0 0 0 0 0
1964-09-18T12:30:00 1964 9 18 12 30 0 -0.06 0.03 383.0 9.64 2.44 0.0 0.0 0.0 0 0 2 0 0 1 1 1 1.3 1.24 14.0 -0.73 -0.54 -1.1 -1.08 -0.56 -0.39 0.266 0.338 0.193 0.207 0.306 0.7 0 0 0 0 0 0
1964-09-18T13:30:00 1964 9 18 13 30 0 -0.06 0.03 383.0 9.64 2.44 0.0 0.0 0.0 0 0 2 0 0 1 1 1 1.3 1.19 13.0 -0.73 -0.54 -1.1 -1.08 -0.56 -0.39 0.265 0.338 0.193 0.206 0.304 0.693 0 0 0 0 0 0
1964-09-18T14:30:00 1964 9 18 14 30 0 -0.06 0.03 383.0 9.64 2.44 0.0 0.0 0.0 0 0 2 0 0 1 1 1 1.3 1.23 11.0 -0.73 -0.54 -1.1 -1.08 -0.56 -0.39 0.264 0.338 0.193 0.205 0.303 0.69 0 0 0 0 0 0
1964-09-18T15:30:00 1964 9 18 15 30 0 -0.06 0.03 350.0 9.64 2.44 0.0 0.0 0.0 0 0 2 0 0 1 1 1 1.0 1.22 10.0 -0.73 -0.54 -1.1 -1.08 -0.56 -0.39 0.26 0.336 0.193 0.198 0.283 0.633 0 0 0 0 0 0
1964-09-18T16:30:00 1964 9 18 16 30 0 -0.06 0.03 350.0 9.64 2.44 0.0 0.0 0.0 0 0 2 0 0 1 1 1 1.0 1.22 11.0 -0.73 -0.54 -1.1 -1.08 -0.56 -0.39 0.255 0.334 0.192 0.191 0.269 0.587 0 0 0 0 0 0
1964-09-18T17:30:00 1964 9 18 17 30 0 -0.06 0.03 350.0 9.64 2.44 0.0 0.0 0.0 0 0 2 0 0 1 1 1 1.0 1.18 11.0 -0.73 -0.54 -1.1 -1.08 -0.56 -0.39 0.252 0.333 0.191 0.188 0.264 0.567 0 0 0 0 0 0
1964-09-18T18:30:00 1964 9 18 18 30 0 -0.06 0.03 345.0 9.64 2.44 0.0 0.0 0.0 0 0 2 0 0 1 1 1 1.0 1.15 10.0 -0.73 -0.54 -1.1 -1.08 -0.56 -0.39 0.249 0.332 0.19 0.184 0.26 0.552 0 0 0 0 0 0
1964-09-18T19:30:00 1964 9 18 19 30 0 -0.06 0.03 345.0 9.64 2.44 0.0 0.0 0.0 0 0 2 0 0 1 1 1 1.0 1.11 8.0 -0.73 -0.54 -1.1 -1.08 -0.56 -0.39 0.246 0.332 0.189 0.182 0.258 0.542 0 0 0 0 0 0
1964-09-18T20:30:00 1964 9 18 20 30 0 -0.06 0.03 345.0 9.64 2.44 0.0 0.0 0.0 0 0 2 0 0 1 1 1 1.0 1.07 6.0 -0.73 -0.54 -1.1 -1.08 -0.56 -0.39 0.245 0.331 0.188 0.181 0.257 0.538 0 0 0 0 0 0
1964-09-18T21:30:00 1964 9 18 21 30 0 -0.07 0.03 344.0 9.64 2.44 0.0 0.0 0.0 0 0 2 0 0 1 1 1 1.7 1.13 5.0 -0.73 -0.54 -1.1 -1.08 -0.56 -0.39 0.244 0.331 0.187 0.18 0.256 0.535 0 0 0 0 0 0
1964-09-18T22:30:00 1964 9 18 22 30 0 -0.07 0.03 344.0 9.64 2.44 0.0 0.0 0.0 0 0 2 0 0 1 1 1 1.7 1.18 7.0 -0.73 -0.54 -1.1 -1.08 -0.56 -0.39 0.243 0.331 0.186 0.179 0.255 0.533 0 0 0 0 0 0
1964-09-18T23:30:00 1964 9 18 23 30 0 -0.07 0.03 344.0 9.64 2.44 0.0 0.0 0.0 0 0 2 0 0 1 1 1 1.7 1.27 6.0 -0.73 -0.54 -1.1 -1.08 -0.56 -0.39 0.242 0.331 0.185 0.179 0.255 0.532 0 0 0 0 0 0
