1964-02-15T00:30:00 1964 2 15 0 30 0 0.3 -0.5 360.0 7.5 1.94 0.12 0.9 0.74 2 2 2 2 2 2 2 2 2.0 2.27 -9.0 -0.5 -0.5 -0.5 -0.5 -0.5 -0.5 0.172 0.273 0.137 0.067 0.23 0.53 2 2 1 2 2 2
1964-02-15T01:30:00 1964 2 15 1 30 0 -1.2 0.7 360.0 7.5 1.94 0.02 0.15 0.11 2 2 2 2 2 2 2 2 2.0 2.26 -7.0 0.7 0.7 0.7 0.7 0.7 0.7 0.121 0.15 0.133 0.039 0.086 0.251 2 2 1 2 2 2
1964-02-15T02:30:00 1964 2 15 2 30 0 0.8 2.1 360.0 7.5 1.94 0.01 0.0 0.0 2 2 2 2 2 2 2 2 2.0 2.26 -6.0 2.1 2.1 2.1 2.1 2.1 2.1 0.082 0.075 0.129 0.022 0.027 0.104 2 2 1 2 2 2
1964-02-15T03:30:00 1964 2 15 3 30 0 7.3 0.8 325.0 11.0 2.32 1.04 0.0 0.0 2 2 2 2 2 2 2 2 1.0 2.13 -6.0 0.8 0.8 0.8 0.8 0.8 0.8 0.056 0.037 0.125 0.012 0.009 0.043 2 2 1 2 2 2
1964-02-15T04:30:00 1964 2 15 4 30 0 7.3 0.65 325.0 11.0 2.32 2.8 0.0 0.0 1 1 2 2 2 1 2 2 1.0 1.99 -9.0 0.52 0.55 0.45 0.46 0.55 0.58 0.038 0.018 0.121 0.007 0.003 0.018 2 2 1 2 2 2
1964-02-15T05:30:00 1964 2 15 5 30 0 6.03 0.1 325.0 11.0 2.32 2.49 0.0 0.0 1 1 2 2 2 1 2 2 1.0 1.78 -14.0 -0.53 -0.37 -0.84 -0.82 -0.38 -0.24 0.051 0.072 0.118 0.03 0.066 0.116 1 1 1 1 1 1
1964-02-15T06:30:00 1964 2 15 6 30 0 4.31 0.0 323.0 11.5 2.4 1.64 0.0 0.0 1 0 2 2 2 1 1 1 2.0 1.7 -14.0 -0.73 -0.54 -1.08 -1.06 -0.56 -0.39 0.107 0.201 0.119 0.086 0.179 0.357 0 0 1 0 0 0
1964-02-15T07:30:00 1964 2 15 7 30 0 3.59 0.0 323.0 11.5 2.4 1.0 0.0 0.0 1 0 2 2 2 1 1 1 2.0 1.62 -13.0 -0.73 -0.54 -1.08 -1.06 -0.56 -0.39 0.152 0.278 0.119 0.124 0.226 0.484 0 0 1 0 0 0
1964-02-15T08:30:00 1964 2 15 8 30 0 4.32 -0.05 323.0 11.5 2.4 1.04 0.04 0.05 1 1 2 2 2 1 2 2 2.0 1.63 -12.0 -0.68 -0.52 -0.99 -0.98 -0.54 -0.39 0.179 0.314 0.12 0.141 0.238 0.536 1 1 1 1 1 1
1964-02-15T09:30:00 1964 2 15 9 30 0 5.2 -0.33 325.0 11.5 2.43 1.57 0.33 0.38 1 1 2 2 2 1 2 2 1.7 1.59 -7.0 -0.46 -0.43 -0.53 -0.52 -0.43 -0.4 0.182 0.316 0.118 0.122 0.225 0.565 1 1 1 1 1 1
1964-02-15T10:30:00 1964 2 15 10 30 0 5.2 -0.4 325.0 11.5 2.43 1.91 0.6 0.69 2 2 2 2 2 2 2 2 1.7 1.56 -8.0 -0.4 -0.4 -0.4 -0.4 -0.4 -0.4 0.172 0.306 0.116 0.093 0.209 0.579 1 1 1 1 2 2
1964-02-15T11:30:00 1964 2 15 11 30 0 5.0 -1.5 325.0 11.5 2.43 2.24 1.62 1.86 2 2 2 2 2 2 2 2 1.7 1.64 -11.0 -1.5 -1.5 -1.5 -1.5 -1.5 -1.5 0.232 0.446 0.117 0.138 0.351 0.842 2 2 1 2 2 2
1964-02-15T12:30:00 1964 2 15 12 30 0 4.4 -0.8 325.0 11.5 2.43 2.04 1.82 2.09 2 2 2 2 2 2 2 2 2.7 1.86 -13.0 -0.8 -0.8 -0.8 -0.8 -0.8 -0.8 0.265 0.495 0.118 0.152 0.366 0.912 2 2 1 2 2 2
1964-02-15T13:30:00 1964 2 15 13 30 0 6.4 -2.6 325.0 11.5 2.43 3.18 2.88 3.32 2 2 2 2 2 2 2 2 2.7 2.07 -12.0 -2.6 -2.6 -2.6 -2.6 -2.6 -2.6 0.369 0.676 0.124 0.262 0.537 1.192 2 2 1 2 2 2
1964-02-15T14:30:00 1964 2 15 14 30 0 3.8 0.0 325.0 11.5 2.43 2.42 1.94 2.23 2 2 2 2 2 2 2 2 2.7 2.16 -12.0 0.0 0.0 0.0 0.0 0.0 0.0 0.34 0.542 0.124 0.214 0.347 0.895 2 2 1 2 2 2
1964-02-15T15:30:00 1964 2 15 15 30 0 3.8 -0.9 325.0 11.0 2.32 1.16 0.79 0.88 2 2 2 2 2 2 2 2 1.3 2.07 -9.0 -0.9 -0.9 -0.9 -0.9 -0.9 -0.9 0.295 0.457 0.122 0.158 0.292 0.78 2 2 1 2 2 2
1964-02-15T16:30:00 1964 2 15 16 30 0 3.8 1.1 325.0 11.0 2.32 0.91 0.27 0.3 2 2 2 2 2 2 2 2 1.3 1.97 -5.0 1.1 1.1 1.1 1.1 1.1 1.1 0.209 0.254 0.119 0.093 0.113 0.38 2 2 1 2 2 2
1964-02-15T17:30:00 1964 2 15 17 30 0 4.0 -0.8 325.0 11.0 2.32 1.0 0.33 0.36 2 2 2 2 2 2 2 2 1.3 1.92 -2.0 -0.8 -0.8 -0.8 -0.8 -0.8 -0.8 0.176 0.232 0.116 0.072 0.146 0.396 2 2 1 2 2 2
1964-02-15T18:30:00 1964 2 15 18 30 0 4.4 -2.1 330.0 13.3 2.9 2.04 2.47 3.06 2 2 2 2 2 2 2 2 2.7 2.05 -6.0 -2.1 -2.1 -2.1 -2.1 -2.1 -2.1 0.289 0.514 0.12 0.188 0.44 1.024 2 2 1 2 2 2
1964-02-15T19:30:00 1964 2 15 19 30 0 4.3 -0.6 330.0 13.3 2.9 1.98 2.12 2.83 2 2 2 2 2 2 2 2 2.7 2.17 -6.0 -0.6 -0.6 -0.6 -0.6 -0.6 -0.6 0.318 0.556 0.122 0.195 0.418 1.135 2 2 1 2 2 2
1964-02-15T20:30:00 1964 2 15 20 30 0 2.9 1.2 330.0 13.3 2.9 0.77 0.12 0.16 2 2 2 2 2 2 2 2 2.7 2.18 -6.0 1.2 1.2 1.2 1.2 1.2 1.2 0.22 0.291 0.118 0.11 0.144 0.516 2 2 1 2 2 2
1964-02-15T21:30:00 1964 2 15 21 30 0 3.2 0.4 328.0 12.5 2.69 0.45 0.0 0.0 2 2 2 2 2 2 2 2 0.7 1.92 -4.0 0.4 0.4 0.4 0.4 0.4 0.4 0.149 0.145 0.115 0.062 0.046 0.214 2 2 1 2 2 2
1964-02-15T22:30:00 1964 2 15 22 30 0 3.8 3.2 328.0 12.5 2.69 0.41 0.0 0.0 2 2 2 2 2 2 2 2 0.7 1.67 -1.0 3.2 3.2 3.2 3.2 3.2 3.2 0.101 0.072 0.111 0.035 0.014 0.089 2 2 1 2 2 2
1964-02-15T23:30:00 1964 2 15 23 30 0 3.8 2.61 328.0 12.5 2.69 0.37 0.0 0.0 1 1 2 2 2 1 2 2 0.7 1.59 0.0 2.47 2.51 2.41 2.41 2.5 2.54 0.068 0.036 0.108 0.019 0.005 0.037 2 2 1 2 2 2
