1964-11-15T00:30:00 1964 11 15 0 30 0 -0.21 0.08 459.2 9.08 2.42 0.0 0.0 0.0 0 0 1 0 0 0 1 0 0.0 0.15 3.0 -0.72 -0.52 -1.1 -1.07 -0.54 -0.37 0.279 0.329 0.201 0.235 0.374 0.9 0 0 0 0 0 0
1964-11-15T01:30:00 1964 11 15 1 30 0 -0.21 0.08 470.7 9.08 2.42 0.0 0.0 0.0 0 0 1 0 0 0 1 0 0.0 0.11 3.0 -0.72 -0.52 -1.1 -1.07 -0.54 -0.37 0.285 0.33 0.204 0.242 0.389 0.957 0 0 0 0 0 0
1964-11-15T02:30:00 1964 11 15 2 30 0 -0.21 0.08 482.1 9.08 2.42 0.0 0.0 0.0 0 0 1 0 0 0 1 0 0.0 0.07 3.0 -0.72 -0.52 -1.1 -1.07 -0.54 -0.37 0.29 0.332 0.208 0.25 0.405 1.015 0 0 0 0 0 0
1964-11-15T03:30:00 1964 11 15 3 30 0 -0.21 0.08 493.6 9.08 2.42 0.0 0.0 0.0 0 0 1 0 0 0 1 0 0.3 0.08 3.0 -0.72 -0.52 -1.1 -1.07 -0.54 -0.37 0.296 0.333 0.212 0.258 0.421 1.075 0 0 0 0 0 0
1964-11-15T04:30:00 1964 11 15 4 30 0 -0.21 0.08 505.1 9.08 2.42 0.0 0.0 0.0 0 0 1 0 0 0 1 0 0.3 0.08 3.0 -0.72 -0.52 -1.1 -1.07 -0.54 -0.37 0.302 0.335 0.217 0.266 0.437 1.138 0 0 0 0 0 0
1964-11-15T05:30:00 1964 11 15 5 30 0 -0.21 0.08 516.6 9.08 2.42 0.0 0.0 0.0 0 0 1 0 0 0 1 0 0.3 0.12 2.0 -0.72 -0.52 -1.1 -1.07 -0.54 -0.37 0.308 0.336 0.222 0.274 0.453 1.202 0 0 0 0 0 0
1964-11-15T06:30:00 1964 11 15 6 30 0 -0.21 0.08 528.1 9.08 2.42 0.0 0.0 0.0 0 0 1 0 0 0 1 0 0.7 0.21 1.0 -0.72 -0.52 -1.1 -1.07 -0.54 -0.37 0.314 0.337 0.227 0.281 0.47 1.269 0 0 0 0 0 0
1964-11-15T07:30:00 1964 11 15 7 30 0 -0.21 0.08 539.6 9.08 2.42 0.0 0.0 0.0 0 0 1 0 0 0 1 0 0.7 0.3 4.0 -0.72 -0.52 -1.1 -1.07 -0.54 -0.37 0.319 0.339 0.233 0.289 0.486 1.338 0 0 0 0 0 0
1964-11-15T08:30:00 1964 11 15 8 30 0 -0.22 0.08 551.0 9.08 2.42 0.0 0.0 0.0 0 0 1 0 0 0 1 0 0.7 0.38 7.0 -0.72 -0.52 -1.1 -1.07 -0.54 -0.37 0.325 0.34 0.239 0.297 0.503 1.409 0 0 0 0 0 0
1964-11-15T09:30:00 1964 11 15 9 30 0 -0.22 0.08 562.5 9.08 2.42 0.0 0.0 0.0 0 0 1 0 0 0 1 0 2.0 0.64 11.0 -0.72 -0.52 -1.1 -1.07 -0.54 -0.37 0.331 0.341 0.246 0.305 0.52 1.481 0 0 0 0 0 0
1964-11-15T10:30:00 1964 11 15 10 30 0 -0.22 0.08 574.0 9.08 2.42 0.0 0.0 0.0 0 0 1 0 0 0 1 0 2.0 0.89 22.0 -0.72 -0.52 -1.1 -1.07 -0.54 -0.37 0.337 0.343 0.254 0.313 0.538 1.557 0 0 0 0 0 0
1964-11-15T11:30:00 1964 11 15 11 30 0 -0.22 0.08 574.0 9.08 2.42 0.0 0.0 0.0 0 0 1 0 0 0 1 0 2.0 1.11 22.0 -0.72 -0.52 -1.1 -1.07 -0.54 -0.37 0.341 0.344 0.261 0.319 0.547 1.602 0 0 0 0 0 0
1964-11-15T12:30:00 1964 11 15 12 30 0 -0.22 0.08 574.0 9.08 2.42 0.0 0.0 0.0 0 0 1 0 0 0 1 0 3.7 1.54 18.0 -0.72 -0.52 -1.1 -1.07 -0.54 -0.37 0.344 0.344 0.268 0.322 0.55 1.621 0 0 0 0 0 0
1964-11-15T13:30:00 1964 11 15 13 30 0 -0.22 0.08 574.0 9.08 2.42 0.0 0.0 0.0 0 0 1 0 0 0 1 0 3.7 1.97 9.0 -0.72 -0.52 -1.1 -1.07 -0.54 -0.37 0.346 0.344 0.275 0.324 0.55 1.628 0 0 0 0 0 0
1964-11-15T14:30:00 1964 11 15 14 30 0 -0.22 0.08 574.0 9.08 2.42 0.0 0.0 0.0 0 0 1 0 0 0 1 0 3.7 2.35 10.0 -0.72 -0.52 -1.1 -1.07 -0.54 -0.37 0.348 0.344 0.282 0.325 0.551 1.632 0 0 0 0 0 0
1964-11-15T15:30:00 1964 11 15 15 30 0 -0.22 0.08 574.0 9.08 2.42 0.0 0.0 0.0 0 0 1 0 0 0 1 0 3.3 2.67 6.0 -0.72 -0.52 -1.1 -1.07 -0.54 -0.37 0.348 0.344 0.288 0.326 0.551 1.633 0 0 0 0 0 0
1964-11-15T16:30:00 1964 11 15 16 30 0 -0.22 0.08 574.0 9.08 2.41 0.0 0.0 0.0 0 0 1 0 0 0 1 0 3.3 2.98 -1.0 -0.72 -0.52 -1.1 -1.07 -0.54 -0.37 0.349 0.344 0.295 0.326 0.551 1.633 0 0 0 0 0 0
1964-11-15T17:30:00 1964 11 15 17 30 0 -0.22 0.08 574.0 9.08 2.41 0.0 0.0 0.0 0 0 1 0 0 0 1 0 3.3 3.14 3.0 -0.72 -0.52 -1.1 -1.07 -0.54 -0.37 0.35 0.344 0.301 0.326 0.551 1.634 0 0 0 0 0 0
1964-11-15T18:30:00 1964 11 15 18 30 0 -0.22 0.08 574.0 9.08 2.41 0.0 0.0 0.0 0 0 2 0 0 1 1 1 3.0 3.25 9.0 -0.72 -0.52 -1.1 -1.07 -0.54 -0.37 0.35 0.344 0.307 0.326 0.551 1.634 0 0 0 0 0 0
1964-11-15T19:30:00 1964 11 15 19 30 0 -0.22 0.08 574.0 9.08 2.41 0.0 0.0 0.0 0 0 2 0 0 1 1 1 3.0 3.37 9.0 -0.72 -0.52 -1.1 -1.07 -0.54 -0.37 0.35 0.344 0.312 0.326 0.551 1.634 0 0 0 0 0 0
1964-11-15T20:30:00 1964 11 15 20 30 0 -0.22 0.08 574.0 9.08 2.41 0.0 0.0 0.0 0 0 2 0 0 1 1 1 3.0 3.28 13.0 -0.72 -0.52 -1.1 -1.07 -0.54 -0.37 0.35 0.344 0.318 0.326 0.551 1.634 0 0 0 0 0 0
1964-11-15T21:30:00 1964 11 15 21 30 0 -0.22 0.08 487.0 9.08 2.41 0.0 0.0 0.0 0 0 2 0 0 1 1 1 4.3 3.36 12.0 -0.72 -0.52 -1.1 -1.07 -0.54 -0.37 0.341 0.341 0.32 0.308 0.488 1.413 0 0 0 0 0 0
1964-11-15T22:30:00 1964 11 15 22 30 0 -0.22 0.08 487.0 9.07 2.41 0.0 0.0 0.0 0 0 2 0 0 1 1 1 4.3 3.45 0.0 -0.72 -0.52 -1.1 -1.07 -0.54 -0.37 0.33 0.338 0.321 0.29 0.444 1.23 0 0 0 0 0 0
1964-11-15T23:30:00 1964 11 15 23 30 0 -0.22 0.08 487.0 9.07 2.41 0.0 0.0 0.0 0 0 2 0 0 1 1 1 4.3 3.58 -6.0 -0.72 -0.52 -1.1 -1.07 -0.54 -0.37 0.323 0.336 0.321 0.279 0.43 1.154 0 0 0 0 0 0
