1964-01-17T00:30:00 1964 1 17 0 30 0 0.3 -0.31 395.3 10.0 2.47 0.04 0.61 0.62 0 0 1 1 0 0 1 1 4.0 3.74 -29.0 -0.83 -0.65 -1.16 -1.14 -0.67 -0.5 0.304 0.395 0.163 0.228 0.363 0.884 0 0 0 0 0 0
1964-01-17T01:30:00 1964 1 17 1 30 0 0.31 -0.31 401.1 9.21 2.47 0.04 0.62 0.59 0 0 1 1 1 0 1 1 4.0 3.62 -29.0 -0.83 -0.65 -1.16 -1.14 -0.67 -0.5 0.303 0.388 0.165 0.228 0.363 0.861 0 0 0 0 0 0
1964-01-17T02:30:00 1964 1 17 2 30 0 1.05 -0.31 406.8 8.43 2.5 0.09 0.63 0.55 1 0 1 1 1 1 1 1 4.0 3.63 -29.0 -0.83 -0.65 -1.16 -1.14 -0.66 -0.5 0.3 0.378 0.167 0.227 0.359 0.815 0 0 0 0 0 0
1964-01-17T03:30:00 1964 1 17 3 30 0 3.0 -0.31 412.6 7.64 2.54 0.5 0.64 0.51 1 0 1 1 1 1 1 1 3.7 3.59 -20.0 -0.83 -0.65 -1.16 -1.14 -0.66 -0.5 0.296 0.365 0.169 0.224 0.352 0.757 0 0 0 0 0 0
1964-01-17T04:30:00 1964 1 17 4 30 0 4.95 -0.9 418.4 7.0 2.58 1.78 1.31 0.95 1 1 1 1 1 1 1 1 3.7 3.56 -16.0 -1.36 -1.2 -1.65 -1.63 -1.22 -1.07 0.323 0.412 0.173 0.257 0.437 0.835 0 1 0 1 1 1
1964-01-17T05:30:00 1964 1 17 5 30 0 6.0 -4.05 424.2 7.0 2.59 5.29 5.5 3.85 1 1 1 1 1 1 1 1 3.7 3.64 -11.0 -4.15 -4.11 -4.21 -4.21 -4.12 -4.09 0.51 0.69 0.197 0.531 0.855 1.359 1 1 0 1 1 1
1964-01-17T06:30:00 1964 1 17 6 30 0 6.0 -4.9 430.0 7.0 2.59 9.09 9.64 6.75 2 2 2 2 2 2 2 2 4.3 3.81 -15.0 -4.9 -4.9 -4.9 -4.9 -4.9 -4.9 0.754 0.976 0.237 0.896 1.21 1.858 1 2 1 2 2 2
1964-01-17T07:30:00 1964 1 17 7 30 0 3.8 -3.1 430.0 7.0 2.59 6.7 8.44 5.91 2 2 2 2 2 2 2 2 4.3 3.96 -22.0 -3.1 -3.1 -3.1 -3.1 -3.1 -3.1 0.849 1.025 0.265 0.947 1.173 1.918 2 2 1 2 2 2
1964-01-17T08:30:00 1964 1 17 8 30 0 4.2 -2.5 430.0 7.0 2.59 3.97 5.97 4.18 2 2 2 2 2 2 2 2 4.3 4.0 -21.0 -2.5 -2.5 -2.5 -2.5 -2.5 -2.5 0.832 0.948 0.28 0.826 1.014 1.772 2 2 1 2 2 2
1964-01-17T09:30:00 1964 1 17 9 30 0 3.15 -3.15 415.0 6.5 2.24 3.68 6.01 4.04 1 1 2 2 2 1 2 2 3.7 3.97 -20.0 -3.15 -3.15 -3.15 -3.15 -3.15 -3.15 0.828 0.924 0.295 0.776 0.969 1.641 2 1 1 2 1 1
1964-01-17T10:30:00 1964 1 17 10 30 0 2.1 -3.8 415.0 6.5 2.24 3.81 7.27 4.72 2 2 2 2 2 2 2 2 3.7 3.93 -26.0 -3.8 -3.8 -3.8 -3.8 -3.8 -3.8 0.869 0.971 0.316 0.831 1.032 1.633 2 2 1 2 2 2
1964-01-17T11:30:00 1964 1 17 11 30 0 1.6 0.2 415.0 6.5 2.24 1.39 3.42 2.23 2 2 2 2 2 2 2 2 3.7 3.92 -27.0 0.2 0.2 0.2 0.2 0.2 0.2 0.704 0.686 0.315 0.575 0.583 1.082 2 2 1 2 2 2
1964-01-17T12:30:00 1964 1 17 12 30 0 -0.5 2.7 390.0 6.0 1.83 0.02 0.0 0.0 2 2 2 2 2 2 2 2 3.0 3.83 -19.0 2.7 2.7 2.7 2.7 2.7 2.7 0.477 0.341 0.306 0.322 0.185 0.449 2 2 1 2 2 2
1964-01-17T13:30:00 1964 1 17 13 30 0 0.5 1.2 390.0 6.0 1.83 0.0 0.0 0.0 2 2 2 2 2 2 2 2 3.0 3.73 -15.0 1.2 1.2 1.2 1.2 1.2 1.2 0.323 0.169 0.296 0.18 0.058 0.186 2 2 1 2 2 2
1964-01-17T14:30:00 1964 1 17 14 30 0 1.5 0.2 390.0 6.0 1.83 0.06 0.0 0.0 2 2 2 2 2 2 2 2 3.0 3.57 -14.0 0.2 0.2 0.2 0.2 0.2 0.2 0.219 0.084 0.287 0.101 0.019 0.077 2 2 1 2 2 2
1964-01-17T15:30:00 1964 1 17 15 30 0 3.7 0.5 368.0 5.5 1.49 0.48 0.0 0.0 2 2 2 2 2 2 2 2 1.7 3.24 -15.0 0.5 0.5 0.5 0.5 0.5 0.5 0.148 0.042 0.279 0.056 0.006 0.032 2 2 1 2 2 2
1964-01-17T16:30:00 1964 1 17 16 30 0 3.2 1.8 368.0 5.5 1.49 0.55 0.0 0.0 2 2 2 2 2 2 2 2 1.7 2.91 -15.0 1.8 1.8 1.8 1.8 1.8 1.8 0.1 0.021 0.27 0.032 0.002 0.013 2 2 1 2 2 2
1964-01-17T17:30:00 1964 1 17 17 30 0 3.1 1.5 368.0 5.5 1.49 0.37 0.0 0.0 2 2 2 2 2 2 2 2 1.7 2.66 -13.0 1.5 1.5 1.5 1.5 1.5 1.5 0.068 0.01 0.262 0.018 0.001 0.006 2 2 1 2 2 2
1964-01-17T18:30:00 1964 1 17 18 30 0 4.3 0.1 350.0 7.0 1.71 0.79 0.0 0.0 2 2 2 2 2 2 2 2 1.7 2.42 -11.0 0.1 0.1 0.1 0.1 0.1 0.1 0.046 0.005 0.254 0.01 0.0 0.002 2 2 1 2 2 2
1964-01-17T19:30:00 1964 1 17 19 30 0 1.6 0.9 350.0 7.0 1.71 0.5 0.0 0.0 2 2 2 2 2 2 2 2 1.7 2.17 -11.0 0.9 0.9 0.9 0.9 0.9 0.9 0.031 0.003 0.246 0.006 0.0 0.001 2 2 1 2 2 2
1964-01-17T20:30:00 1964 1 17 20 30 0 1.3 1.3 350.0 7.0 1.71 0.06 0.0 0.0 2 2 2 2 2 2 2 2 1.7 2.01 -10.0 1.3 1.3 1.3 1.3 1.3 1.3 0.021 0.001 0.239 0.003 0.0 0.0 2 2 1 2 2 2
1964-01-17T21:30:00 1964 1 17 21 30 0 2.0 0.2 370.0 8.0 2.19 0.14 0.0 0.0 2 2 2 2 2 2 2 2 1.3 1.8 -11.0 0.2 0.2 0.2 0.2 0.2 0.2 0.014 0.001 0.231 0.002 0.0 0.0 2 2 1 2 2 2
1964-01-17T22:30:00 1964 1 17 22 30 0 -0.5 2.8 370.0 8.0 2.19 0.04 0.0 0.0 2 2 2 2 2 2 2 2 1.3 1.6 -10.0 2.8 2.8 2.8 2.8 2.8 2.8 0.01 0.0 0.224 0.001 0.0 0.0 2 2 1 2 2 2
1964-01-17T23:30:00 1964 1 17 23 30 0 -0.4 0.5 370.0 8.0 2.19 0.0 0.0 0.0 2 2 2 2 2 2 2 2 1.3 1.54 -11.0 0.5 0.5 0.5 0.5 0.5 0.5 0.007 0.0 0.217 0.001 0.0 0.0 2 2 1 2 2 2
