1965-07-11T00:30:00 1965 7 11 0 30 0 0.6 1.6 400.0 7.4 2.55 0.02 0.0 0.0 2 2 1 0 0 2 2 1 0.3 0.83 -7.0 1.6 1.6 1.6 1.6 1.6 1.6 0.006 0.0 0.198 0.0 0.0 0.0 0 0 0 0 0 0
1965-07-11T01:30:00 1965 7 11 1 30 0 -0.5 1.5 400.0 7.4 2.55 0.0 0.0 0.0 2 2 1 0 0 2 2 1 0.3 0.71 -8.0 1.5 1.5 1.5 1.5 1.5 1.5 0.004 0.0 0.192 0.0 0.0 0.0 0 0 0 0 0 0
1965-07-11T02:30:00 1965 7 11 2 30 0 0.2 1.0 400.0 7.4 2.55 0.0 0.0 0.0 2 2 1 0 0 2 2 1 0.3 0.66 -9.0 1.0 1.0 1.0 1.0 1.0 1.0 0.003 0.0 0.187 0.0 0.0 0.0 0 0 0 0 0 0
1965-07-11T03:30:00 1965 7 11 3 30 0 0.2 0.0 400.0 7.4 2.56 0.0 0.0 0.0 2 2 2 0 0 2 2 1 1.0 0.7 -8.0 0.0 0.0 0.0 0.0 0.0 0.0 0.002 0.0 0.181 0.0 0.0 0.0 0 0 0 0 0 0
1965-07-11T04:30:00 1965 7 11 4 30 0 -0.4 1.2 400.0 7.4 2.56 0.0 0.0 0.0 2 2 2 0 0 2 2 1 1.0 0.74 -9.0 1.2 1.2 1.2 1.2 1.2 1.2 0.001 0.0 0.175 0.0 0.0 0.0 0 0 0 0 0 0
1965-07-11T05:30:00 1965 7 11 5 30 0 -0.8 0.8 400.0 7.4 2.56 0.01 0.0 0.0 2 2 2 0 0 2 2 1 1.0 0.74 -10.0 0.8 0.8 0.8 0.8 0.8 0.8 0.001 0.0 0.17 0.0 0.0 0.0 0 0 0 0 0 0
1965-07-11T06:30:00 1965 7 11 6 30 0 -0.6 0.8 394.4 7.4 2.56 0.01 0.0 0.0 2 2 1 0 0 2 2 1 0.3 0.65 -12.0 0.8 0.8 0.8 0.8 0.8 0.8 0.001 0.0 0.165 0.0 0.0 0.0 0 0 0 0 0 0
1965-07-11T07:30:00 1965 7 11 7 30 0 -1.0 0.7 388.8 7.41 2.56 0.02 0.0 0.0 2 2 1 0 0 2 2 1 0.3 0.56 -10.0 0.7 0.7 0.7 0.7 0.7 0.7 0.0 0.0 0.16 0.0 0.0 0.0 0 0 0 0 0 0
1965-07-11T08:30:00 1965 7 11 8 30 0 -0.7 0.8 383.2 7.41 2.56 0.02 0.0 0.0 2 2 1 0 0 2 2 1 0.3 0.56 -8.0 0.8 0.8 0.8 0.8 0.8 0.8 0.0 0.0 0.155 0.0 0.0 0.0 0 0 0 0 0 0
1965-07-11T09:30:00 1965 7 11 9 30 0 -0.1 1.1 377.6 7.41 2.56 0.0 0.0 0.0 2 2 1 0 0 2 2 1 0.0 0.52 -7.0 1.1 1.1 1.1 1.1 1.1 1.1 0.0 0.0 0.15 0.0 0.0 0.0 0 0 0 0 0 0
1965-07-11T10:30:00 1965 7 11 10 30 0 -0.2 1.1 372.0 7.41 2.56 0.0 0.0 0.0 2 2 1 0 0 2 2 1 0.0 0.48 -5.0 1.1 1.1 1.1 1.1 1.1 1.1 0.0 0.0 0.146 0.0 0.0 0.0 0 0 0 0 0 0
1965-07-11T11:30:00 1965 7 11 11 30 0 -0.7 0.9 366.4 7.41 2.56 0.0 0.0 0.0 2 2 1 0 0 2 2 1 0.0 0.35 -3.0 0.9 0.9 0.9 0.9 0.9 0.9 0.0 0.0 0.141 0.0 0.0 0.0 0 0 0 0 0 0
1965-07-11T12:30:00 1965 7 11 12 30 0 -0.8 0.7 360.8 7.41 2.56 0.01 0.0 0.0 2 2 1 0 0 2 2 1 0.7 0.32 -3.0 0.7 0.7 0.7 0.7 0.7 0.7 0.0 0.0 0.137 0.0 0.0 0.0 0 0 0 0 0 0
1965-07-11T13:30:00 1965 7 11 13 30 0 0.2 0.6 355.2 7.41 2.56 0.0 0.0 0.0 2 2 1 0 0 2 2 1 0.7 0.29 -3.0 0.6 0.6 0.6 0.6 0.6 0.6 0.0 0.0 0.133 0.0 0.0 0.0 0 0 0 0 0 0
1965-07-11T14:30:00 1965 7 11 14 30 0 0.2 0.3 349.6 7.41 2.56 0.0 0.0 0.0 2 2 1 0 0 2 2 1 0.7 0.34 -6.0 0.3 0.3 0.3 0.3 0.3 0.3 0.0 0.0 0.129 0.0 0.0 0.0 0 0 0 0 0 0
1965-07-11T15:30:00 1965 7 11 15 30 0 0.5 -0.1 344.0 7.41 2.56 0.01 0.03 0.02 2 2 2 0 0 2 2 1 0.7 0.4 -7.0 -0.1 -0.1 -0.1 -0.1 -0.1 -0.1 0.004 0.015 0.125 0.001 0.017 0.036 0 0 0 0 0 0
1965-07-11T16:30:00 1965 7 11 16 30 0 -0.1 -0.5 344.0 7.41 2.56 0.03 0.54 0.4 2 2 2 0 0 2 2 1 0.7 0.45 -4.0 -0.5 -0.5 -0.5 -0.5 -0.5 -0.5 0.04 0.121 0.122 0.018 0.125 0.23 0 0 0 0 0 0
1965-07-11T17:30:00 1965 7 11 17 30 0 -0.9 -0.5 344.0 7.41 2.56 0.09 0.86 0.64 2 2 2 0 0 2 2 1 0.7 0.53 -3.0 -0.5 -0.5 -0.5 -0.5 -0.5 -0.5 0.078 0.2 0.12 0.036 0.184 0.348 0 0 0 0 0 0
1965-07-11T18:30:00 1965 7 11 18 30 0 -0.5 0.2 347.4 7.41 2.56 0.05 0.27 0.2 2 2 1 0 0 2 2 1 0.3 0.56 -3.0 0.2 0.2 0.2 0.2 0.2 0.2 0.064 0.133 0.116 0.025 0.088 0.209 0 0 0 0 0 0
1965-07-11T19:30:00 1965 7 11 19 30 0 -0.2 0.6 350.8 7.42 2.56 0.0 0.0 0.0 2 2 1 0 0 2 2 1 0.3 0.6 -2.0 0.6 0.6 0.6 0.6 0.6 0.6 0.044 0.066 0.113 0.014 0.028 0.087 0 0 0 0 0 0
1965-07-11T20:30:00 1965 7 11 20 30 0 -0.1 0.0 354.2 7.42 2.56 0.0 0.0 0.0 2 2 1 0 0 2 2 1 0.3 0.54 -3.0 0.0 0.0 0.0 0.0 0.0 0.0 0.03 0.033 0.109 0.008 0.009 0.036 0 0 0 0 0 0
1965-07-11T21:30:00 1965 7 11 21 30 0 -0.4 -0.2 357.5 7.42 2.56 0.01 0.19 0.14 2 2 1 0 0 2 2 1 0.7 0.55 -8.0 -0.2 -0.2 -0.2 -0.2 -0.2 -0.2 0.036 0.074 0.106 0.009 0.066 0.151 0 0 0 0 0 0
1965-07-11T22:30:00 1965 7 11 22 30 0 -0.3 -0.2 360.9 7.42 2.56 0.02 0.36 0.27 2 2 1 0 0 2 2 1 0.7 0.55 -9.0 -0.2 -0.2 -0.2 -0.2 -0.2 -0.2 0.048 0.113 0.103 0.014 0.104 0.236 0 0 0 0 0 0
1965-07-11T23:30:00 1965 7 11 23 30 0 0.3 0.0 364.3 7.42 2.56 0.01 0.17 0.12 2 2 1 0 0 2 2 1 0.7 0.55 -7.0 0.0 0.0 0.0 0.0 0.0 0.0 0.041 0.087 0.1 0.01 0.063 0.174 0 0 0 0 0 0
