1965-12-20T00:30:00 1965 12 20 0 30 0 -0.19 0.17 381.0 6.1 1.77 0.0 0.0 0.0 0 0 2 2 2 1 1 1 2.7 1.71 -7.0 -0.59 -0.41 -0.93 -0.91 -0.43 -0.29 0.19 0.231 0.218 0.137 0.208 0.331 0 0 1 0 0 0
1965-12-20T01:30:00 1965 12 20 1 30 0 -0.19 0.17 381.0 6.1 1.77 0.0 0.0 0.0 0 0 2 2 2 1 1 1 2.7 1.96 -6.0 -0.59 -0.41 -0.93 -0.91 -0.43 -0.29 0.187 0.229 0.216 0.136 0.208 0.325 0 0 1 0 0 0
1965-12-20T02:30:00 1965 12 20 2 30 0 -0.19 0.17 381.0 6.1 1.77 0.0 0.0 0.0 0 0 2 2 2 1 1 1 2.7 2.09 -6.0 -0.59 -0.41 -0.93 -0.91 -0.43 -0.29 0.185 0.228 0.213 0.135 0.208 0.323 0 0 1 0 0 0
1965-12-20T03:30:00 1965 12 20 3 30 0 -0.19 0.17 378.6 6.1 1.77 0.0 0.0 0.0 0 0 1 1 1 0 1 1 0.3 1.9 -5.0 -0.59 -0.41 -0.93 -0.91 -0.43 -0.29 0.184 0.228 0.211 0.135 0.207 0.32 0 0 1 0 0 0
1965-12-20T04:30:00 1965 12 20 4 30 0 -0.19 0.17 376.1 6.1 1.88 0.0 0.0 0.0 0 0 1 1 1 0 1 1 0.3 1.71 -4.0 -0.59 -0.41 -0.93 -0.91 -0.43 -0.29 0.183 0.227 0.208 0.134 0.205 0.316 0 0 1 0 0 0
1965-12-20T05:30:00 1965 12 20 5 30 0 -0.19 0.17 373.7 6.8 2.24 0.0 0.0 0.0 0 0 1 1 1 0 1 1 0.3 1.53 -5.0 -0.59 -0.41 -0.93 -0.91 -0.43 -0.29 0.183 0.231 0.206 0.134 0.207 0.33 0 0 1 0 0 0
1965-12-20T06:30:00 1965 12 20 6 30 0 -0.19 0.17 371.2 7.65 2.59 0.0 0.0 0.0 0 0 1 1 1 0 1 1 0.3 1.35 -5.0 -0.59 -0.41 -0.93 -0.91 -0.43 -0.29 0.186 0.239 0.203 0.137 0.213 0.364 0 0 1 0 0 0
1965-12-20T07:30:00 1965 12 20 7 30 0 -0.19 0.17 368.8 8.51 2.95 0.0 0.0 0.0 0 0 1 1 1 0 1 1 0.3 1.17 -5.0 -0.59 -0.41 -0.93 -0.91 -0.43 -0.29 0.19 0.249 0.201 0.141 0.22 0.409 0 0 1 0 0 0
1965-12-20T08:30:00 1965 12 20 8 30 0 -0.18 0.17 366.4 9.36 2.96 0.0 0.0 0.0 0 0 1 1 0 0 1 1 0.3 0.88 -5.0 -0.59 -0.41 -0.93 -0.91 -0.43 -0.29 0.195 0.26 0.2 0.146 0.227 0.458 0 0 1 0 0 0
1965-12-20T09:30:00 1965 12 20 9 30 0 -0.18 0.17 363.9 9.82 2.96 0.0 0.0 0.0 0 0 1 0 0 0 1 0 0.0 0.55 -4.0 -0.59 -0.41 -0.93 -0.91 -0.43 -0.29 0.2 0.269 0.198 0.15 0.232 0.497 0 0 1 0 0 0
1965-12-20T10:30:00 1965 12 20 10 30 0 -0.18 0.17 361.5 9.82 2.96 0.0 0.0 0.0 0 0 1 0 0 0 1 0 0.0 0.22 -4.0 -0.59 -0.41 -0.93 -0.91 -0.43 -0.29 0.203 0.275 0.196 0.152 0.232 0.514 0 0 1 0 0 0
1965-12-20T11:30:00 1965 12 20 11 30 0 0.17 0.17 359.1 9.82 2.96 0.0 0.0 0.0 1 0 1 0 0 1 1 0 0.0 0.18 -3.0 -0.59 -0.41 -0.93 -0.91 -0.43 -0.29 0.205 0.277 0.194 0.152 0.231 0.516 0 0 0 0 0 0
1965-12-20T12:30:00 1965 12 20 12 30 0 1.09 0.17 356.6 11.18 2.96 0.03 0.0 0.0 1 0 1 1 0 1 1 1 0.3 0.19 -3.0 -0.59 -0.41 -0.93 -0.91 -0.43 -0.29 0.208 0.284 0.193 0.154 0.235 0.55 0 0 0 0 0 0
1965-12-20T13:30:00 1965 12 20 13 30 0 2.01 0.26 354.2 13.7 2.99 0.16 0.0 0.0 1 1 1 1 1 1 1 1 0.3 0.19 -1.0 -0.39 -0.24 -0.7 -0.68 -0.26 -0.13 0.201 0.268 0.19 0.145 0.211 0.547 0 0 0 0 1 1
1965-12-20T14:30:00 1965 12 20 14 30 0 2.5 0.76 351.8 16.22 3.55 0.27 0.0 0.0 1 1 1 1 1 1 1 1 0.3 0.19 2.0 0.63 0.66 0.56 0.57 0.65 0.68 0.14 0.137 0.185 0.086 0.071 0.227 0 0 0 0 1 1
1965-12-20T15:30:00 1965 12 20 15 30 0 2.5 0.9 349.3 18.73 4.12 0.29 0.0 0.0 2 2 1 1 1 2 2 1 1.0 0.28 5.0 0.9 0.9 0.9 0.9 0.9 0.9 0.095 0.068 0.179 0.048 0.023 0.094 0 0 0 0 1 1
1965-12-20T16:30:00 1965 12 20 16 30 0 -1.0 -0.1 346.9 20.8 4.69 0.06 0.02 0.04 2 2 1 1 1 2 2 1 1.0 0.37 5.0 -0.1 -0.1 -0.1 -0.1 -0.1 -0.1 0.07 0.058 0.174 0.029 0.034 0.179 0 1 0 0 1 1
1965-12-20T17:30:00 1965 12 20 17 30 0 0.5 -0.4 344.4 20.8 4.87 0.04 0.45 0.94 2 2 1 1 1 2 2 1 1.0 0.5 4.0 -0.4 -0.4 -0.4 -0.4 -0.4 -0.4 0.095 0.189 0.17 0.037 0.171 0.812 1 1 0 1 1 1
1965-12-20T18:30:00 1965 12 20 18 30 0 -0.1 -2.7 342.0 20.8 4.87 0.65 2.82 5.87 2 2 2 2 2 2 2 2 2.0 0.76 2.0 -2.7 -2.7 -2.7 -2.7 -2.7 -2.7 0.304 0.65 0.177 0.256 0.627 2.28 2 2 1 2 2 2
1965-12-20T19:30:00 1965 12 20 19 30 0 -0.8 -2.8 342.0 20.8 4.87 1.55 4.71 9.8 2 2 2 2 2 2 2 2 2.0 1.01 -2.0 -2.8 -2.8 -2.8 -2.8 -2.8 -2.8 0.539 1.032 0.193 0.506 0.912 3.282 2 2 1 2 2 2
1965-12-20T20:30:00 1965 12 20 20 30 0 -1.0 -2.6 342.0 20.8 4.87 1.55 4.6 9.57 2 2 2 2 2 2 2 2 2.0 1.22 -3.0 -2.6 -2.6 -2.6 -2.6 -2.6 -2.6 0.688 1.203 0.208 0.629 0.982 3.649 2 2 1 2 2 2
1965-12-20T21:30:00 1965 12 20 21 30 0 1.9 -1.3 342.6 20.8 4.87 0.88 3.24 6.75 2 2 1 1 1 2 2 1 2.0 1.43 -1.0 -1.3 -1.3 -1.3 -1.3 -1.3 -1.3 0.689 1.11 0.213 0.552 0.814 3.312 2 2 1 2 1 1
1965-12-20T22:30:00 1965 12 20 22 30 0 0.7 0.7 343.3 20.8 4.69 0.22 0.63 1.32 2 2 1 1 1 2 2 1 2.0 1.64 3.0 0.7 0.7 0.7 0.7 0.7 0.7 0.502 0.645 0.208 0.328 0.336 1.743 2 1 1 2 1 1
1965-12-20T23:30:00 1965 12 20 23 30 0 -1.0 1.8 343.9 18.73 4.12 0.0 0.0 0.0 2 2 1 1 1 2 2 1 2.0 1.76 8.0 1.8 1.8 1.8 1.8 1.8 1.8 0.34 0.32 0.202 0.184 0.106 0.723 2 1 1 2 1 1
