1965-02-14T00:30:00 1965 2 14 0 30 0 -0.45 0.15 469.0 8.2 2.37 0.01 0.0 0.0 0 0 2 0 0 1 1 1 1.7 1.65 10.0 -0.69 -0.5 -1.08 -1.06 -0.52 -0.35 0.271 0.308 0.263 0.235 0.367 0.833 0 0 0 0 0 0
1965-02-14T01:30:00 1965 2 14 1 30 0 -0.45 0.15 469.0 8.2 2.37 0.01 0.0 0.0 0 0 2 0 0 1 1 1 1.7 1.7 10.0 -0.69 -0.5 -1.08 -1.06 -0.52 -0.35 0.273 0.308 0.264 0.237 0.371 0.847 0 0 0 0 0 0
1965-02-14T02:30:00 1965 2 14 2 30 0 -0.45 0.15 469.0 8.2 2.37 0.01 0.0 0.0 0 0 2 0 0 1 1 1 1.7 1.7 12.0 -0.69 -0.5 -1.08 -1.06 -0.52 -0.35 0.274 0.308 0.265 0.238 0.372 0.852 0 0 0 0 0 0
1965-02-14T03:30:00 1965 2 14 3 30 0 -0.45 0.15 514.0 8.2 2.37 0.01 0.0 0.0 0 0 2 0 0 1 1 1 2.7 1.83 9.0 -0.69 -0.5 -1.08 -1.06 -0.52 -0.35 0.279 0.31 0.267 0.248 0.401 0.939 0 0 0 0 0 0
1965-02-14T04:30:00 1965 2 14 4 30 0 -0.45 0.15 514.0 8.2 2.37 0.01 0.0 0.0 0 0 2 0 0 1 1 1 2.7 1.96 3.0 -0.69 -0.5 -1.08 -1.06 -0.52 -0.35 0.285 0.312 0.27 0.257 0.422 1.014 0 0 0 0 0 0
1965-02-14T05:30:00 1965 2 14 5 30 0 -0.45 0.15 514.0 8.2 2.37 0.01 0.0 0.0 0 0 2 0 0 1 1 1 2.7 2.09 -6.0 -0.69 -0.5 -1.08 -1.06 -0.52 -0.35 0.289 0.313 0.273 0.262 0.428 1.045 0 0 0 0 0 0
1965-02-14T06:30:00 1965 2 14 6 30 0 -0.45 0.15 526.0 8.2 2.37 0.01 0.0 0.0 0 0 2 0 0 1 1 1 3.3 2.29 -8.0 -0.69 -0.5 -1.08 -1.06 -0.52 -0.35 0.293 0.314 0.276 0.268 0.438 1.083 0 0 0 0 0 0
1965-02-14T07:30:00 1965 2 14 7 30 0 -0.45 0.15 526.0 8.2 2.37 0.01 0.0 0.0 0 0 2 0 0 1 1 1 3.3 2.49 -12.0 -0.69 -0.5 -1.08 -1.06 -0.52 -0.35 0.296 0.314 0.279 0.272 0.445 1.109 0 0 0 0 0 0
1965-02-14T08:30:00 1965 2 14 8 30 0 -0.45 0.15 526.0 8.2 2.37 0.01 0.0 0.0 0 0 2 0 0 1 1 1 3.3 2.69 -9.0 -0.69 -0.5 -1.08 -1.06 -0.52 -0.35 0.298 0.315 0.282 0.274 0.447 1.12 0 0 0 0 0 0
1965-02-14T09:30:00 1965 2 14 9 30 0 -0.45 0.15 502.0 8.2 2.37 0.01 0.0 0.0 0 0 2 0 0 1 1 1 3.7 2.94 -2.0 -0.69 -0.5 -1.08 -1.06 -0.52 -0.35 0.297 0.314 0.284 0.271 0.432 1.076 0 0 0 0 0 0
1965-02-14T10:30:00 1965 2 14 10 30 0 -0.45 0.15 502.0 8.19 2.37 0.01 0.0 0.0 0 0 2 0 0 1 1 1 3.7 3.19 -3.0 -0.69 -0.5 -1.08 -1.06 -0.52 -0.35 0.295 0.313 0.286 0.267 0.42 1.036 0 0 0 0 0 0
1965-02-14T11:30:00 1965 2 14 11 30 0 -0.45 0.15 502.0 8.19 2.37 0.01 0.0 0.0 0 0 2 0 0 1 1 1 3.7 3.31 -1.0 -0.69 -0.5 -1.08 -1.06 -0.52 -0.35 0.294 0.313 0.287 0.264 0.417 1.019 0 0 0 0 0 0
1965-02-14T12:30:00 1965 2 14 12 30 0 -0.45 0.15 545.0 8.19 2.37 0.01 0.0 0.0 0 0 2 0 0 1 1 1 2.3 3.25 3.0 -0.69 -0.5 -1.08 -1.06 -0.52 -0.35 0.297 0.314 0.29 0.271 0.444 1.1 0 0 0 0 0 0
1965-02-14T13:30:00 1965 2 14 13 30 0 -0.45 0.15 545.0 8.19 2.37 0.02 0.0 0.0 0 0 2 0 0 1 1 1 2.3 3.19 6.0 -0.69 -0.5 -1.08 -1.06 -0.52 -0.35 0.302 0.316 0.294 0.279 0.464 1.174 0 0 0 0 0 0
1965-02-14T14:30:00 1965 2 14 14 30 0 -0.45 0.15 545.0 8.19 2.37 0.02 0.0 0.0 0 0 2 0 0 1 1 1 2.3 3.06 5.0 -0.69 -0.5 -1.08 -1.06 -0.52 -0.35 0.305 0.316 0.298 0.284 0.471 1.205 0 0 0 0 0 0
1965-02-14T15:30:00 1965 2 14 15 30 0 -0.45 0.15 545.0 8.19 2.37 0.02 0.0 0.0 0 0 2 0 0 1 1 1 1.3 2.8 5.0 -0.69 -0.5 -1.08 -1.06 -0.52 -0.35 0.307 0.317 0.301 0.286 0.473 1.217 0 0 0 0 0 0
1965-02-14T16:30:00 1965 2 14 16 30 0 -0.45 0.15 545.0 8.19 2.37 0.02 0.0 0.0 0 0 2 0 0 1 1 1 1.3 2.55 3.0 -0.69 -0.5 -1.08 -1.06 -0.52 -0.35 0.308 0.317 0.305 0.288 0.473 1.223 0 0 0 0 0 0
1965-02-14T17:30:00 1965 2 14 17 30 0 -0.45 0.15 545.0 8.19 2.37 0.02 0.0 0.0 0 0 2 0 0 1 1 1 1.3 2.25 1.0 -0.69 -0.5 -1.08 -1.06 -0.52 -0.35 0.309 0.317 0.308 0.288 0.473 1.225 0 0 0 0 0 0
1965-02-14T18:30:00 1965 2 14 18 30 0 -0.45 0.15 554.0 8.19 2.37 0.02 0.0 0.0 0 0 2 0 0 1 1 1 2.7 2.14 0.0 -0.69 -0.5 -1.08 -1.06 -0.52 -0.35 0.311 0.317 0.311 0.291 0.48 1.246 0 0 0 0 0 0
1965-02-14T19:30:00 1965 2 14 19 30 0 -0.45 0.15 554.0 8.19 2.37 0.02 0.0 0.0 0 0 2 0 0 1 1 1 2.7 2.03 1.0 -0.69 -0.5 -1.08 -1.06 -0.52 -0.35 0.312 0.318 0.315 0.293 0.484 1.263 0 0 0 0 0 0
1965-02-14T20:30:00 1965 2 14 20 30 0 -0.45 0.15 554.0 8.19 2.37 0.02 0.0 0.0 0 0 2 0 0 1 1 1 2.7 2.08 4.0 -0.69 -0.5 -1.08 -1.06 -0.52 -0.35 0.313 0.318 0.318 0.294 0.485 1.27 0 0 0 0 0 0
1965-02-14T21:30:00 1965 2 14 21 30 0 -0.45 0.15 543.0 8.19 2.37 0.02 0.0 0.0 0 0 2 0 0 1 1 1 2.0 2.05 4.0 -0.69 -0.5 -1.08 -1.06 -0.52 -0.35 0.313 0.317 0.321 0.292 0.478 1.249 0 0 0 0 0 0
1965-02-14T22:30:00 1965 2 14 22 30 0 -0.45 0.15 543.0 8.19 2.37 0.02 0.0 0.0 0 0 2 0 0 1 1 1 2.0 2.01 6.0 -0.69 -0.5 -1.08 -1.06 -0.52 -0.35 0.312 0.317 0.324 0.291 0.473 1.229 0 0 0 0 0 0
1965-02-14T23:30:00 1965 2 14 23 30 0 -0.45 0.15 543.0 8.19 2.37 0.02 0.0 0.0 0 0 2 0 0 1 1 1 2.0 2.09 2.0 -0.69 -0.5 -1.08 -1.06 -0.52 -0.35 0.311 0.317 0.326 0.289 0.472 1.221 0 0 0 0 0 0
