1965-02-15T00:30:00 1965 2 15 0 30 0 -0.45 0.15 559.0 8.19 2.37 0.02 0.0 0.0 0 0 2 0 0 1 1 1 3.0 2.3 -4.0 -0.69 -0.5 -1.08 -1.06 -0.52 -0.35 0.313 0.317 0.329 0.292 0.482 1.253 0 0 0 0 0 0
1965-02-15T01:30:00 1965 2 15 1 30 0 -0.45 0.15 559.0 8.19 2.37 0.02 0.0 0.0 0 0 2 0 0 1 1 1 3.0 2.51 2.0 -0.69 -0.5 -1.08 -1.06 -0.52 -0.35 0.314 0.318 0.333 0.295 0.49 1.283 0 0 0 0 0 0
1965-02-15T02:30:00 1965 2 15 2 30 0 -0.45 0.15 559.0 8.19 2.37 0.02 0.0 0.0 0 0 2 0 0 1 1 1 3.0 2.56 4.0 -0.69 -0.5 -1.08 -1.06 -0.52 -0.35 0.315 0.318 0.336 0.297 0.492 1.295 0 0 0 0 0 0
1965-02-15T03:30:00 1965 2 15 3 30 0 -0.45 0.15 561.0 8.19 2.37 0.02 0.0 0.0 0 0 2 0 0 1 1 1 2.0 2.47 5.0 -0.69 -0.5 -1.08 -1.06 -0.52 -0.35 0.316 0.318 0.339 0.298 0.494 1.304 0 0 0 0 0 0
1965-02-15T04:30:00 1965 2 15 4 30 0 -0.46 0.15 561.0 8.19 2.37 0.02 0.0 0.0 0 0 2 0 0 1 1 1 2.0 2.38 1.0 -0.69 -0.5 -1.08 -1.06 -0.52 -0.35 0.317 0.318 0.342 0.299 0.495 1.31 0 0 0 0 0 0
1965-02-15T05:30:00 1965 2 15 5 30 0 -0.46 0.15 561.0 8.19 2.37 0.02 0.0 0.0 0 0 2 0 0 1 1 1 2.0 2.37 -4.0 -0.69 -0.5 -1.08 -1.06 -0.52 -0.35 0.317 0.318 0.345 0.299 0.496 1.313 0 0 0 0 0 0
1965-02-15T06:30:00 1965 2 15 6 30 0 -0.46 0.15 487.0 8.19 2.37 0.02 0.0 0.0 0 0 2 0 0 1 1 1 1.0 2.24 -3.0 -0.69 -0.5 -1.08 -1.06 -0.52 -0.35 0.311 0.316 0.346 0.285 0.447 1.157 0 0 0 0 0 0
1965-02-15T07:30:00 1965 2 15 7 30 0 -0.46 0.15 487.0 8.19 2.37 0.01 0.0 0.0 0 0 2 0 0 1 1 1 1.0 2.1 -4.0 -0.69 -0.5 -1.08 -1.06 -0.52 -0.35 0.302 0.313 0.345 0.27 0.412 1.028 0 0 0 0 0 0
1965-02-15T08:30:00 1965 2 15 8 30 0 -0.46 0.15 487.0 8.19 2.37 0.01 0.0 0.0 0 0 2 0 0 1 1 1 1.0 1.85 -4.0 -0.69 -0.5 -1.08 -1.06 -0.52 -0.35 0.296 0.312 0.344 0.262 0.401 0.974 0 0 0 0 0 0
1965-02-15T09:30:00 1965 2 15 9 30 0 -0.46 0.15 501.0 8.19 2.37 0.01 0.0 0.0 0 0 2 0 0 1 1 1 1.7 1.7 -4.0 -0.69 -0.5 -1.08 -1.06 -0.52 -0.35 0.294 0.312 0.343 0.26 0.406 0.978 0 0 0 0 0 0
1965-02-15T10:30:00 1965 2 15 10 30 0 -0.46 0.15 501.0 8.18 2.37 0.01 0.0 0.0 0 0 2 0 0 1 1 1 1.7 1.54 -4.0 -0.69 -0.5 -1.08 -1.06 -0.52 -0.35 0.293 0.312 0.343 0.26 0.411 0.992 0 0 0 0 0 0
1965-02-15T11:30:00 1965 2 15 11 30 0 -0.46 0.15 501.0 8.18 2.37 0.01 0.0 0.0 0 0 2 0 0 1 1 1 1.7 1.51 -3.0 -0.69 -0.5 -1.08 -1.06 -0.52 -0.35 0.292 0.312 0.343 0.26 0.413 0.997 0 0 0 0 0 0
1965-02-15T12:30:00 1965 2 15 12 30 0 -0.46 0.15 501.0 8.18 2.37 0.01 0.0 0.0 0 0 1 0 0 0 1 0 3.0 1.65 -1.0 -0.69 -0.5 -1.08 -1.06 -0.52 -0.35 0.292 0.312 0.343 0.26 0.413 0.999 0 0 0 0 0 0
1965-02-15T13:30:00 1965 2 15 13 30 0 -0.46 0.15 501.0 8.18 2.37 0.01 0.0 0.0 0 0 1 0 0 0 1 0 3.0 1.79 -1.0 -0.69 -0.5 -1.08 -1.06 -0.52 -0.35 0.291 0.312 0.343 0.26 0.414 1.0 0 0 0 0 0 0
1965-02-15T14:30:00 1965 2 15 14 30 0 -0.46 0.15 501.0 8.18 2.37 0.01 0.0 0.0 0 0 1 0 0 0 1 0 3.0 2.04 -5.0 -0.69 -0.5 -1.08 -1.06 -0.52 -0.35 0.291 0.312 0.343 0.26 0.414 1.0 0 0 0 0 0 0
1965-02-15T15:30:00 1965 2 15 15 30 0 -0.46 0.16 501.0 8.18 2.37 0.01 0.0 0.0 0 0 1 0 0 0 1 0 4.0 2.42 -13.0 -0.69 -0.49 -1.08 -1.06 -0.52 -0.35 0.291 0.311 0.343 0.26 0.414 1.0 0 0 0 0 0 0
1965-02-15T16:30:00 1965 2 15 16 30 0 -0.46 0.16 501.0 8.18 2.37 0.01 0.0 0.0 0 0 1 0 0 0 1 0 4.0 2.79 -10.0 -0.69 -0.49 -1.08 -1.06 -0.52 -0.35 0.291 0.309 0.342 0.26 0.414 1.0 0 0 0 0 0 0
1965-02-15T17:30:00 1965 2 15 17 30 0 -0.46 0.16 501.0 8.18 2.37 0.01 0.0 0.0 0 0 1 0 0 0 1 0 4.0 3.08 -6.0 -0.69 -0.49 -1.08 -1.06 -0.52 -0.35 0.291 0.308 0.342 0.26 0.414 1.0 0 0 0 0 0 0
1965-02-15T18:30:00 1965 2 15 18 30 0 -0.46 0.16 501.0 8.18 2.37 0.01 0.0 0.0 0 0 1 0 0 0 1 0 1.7 3.06 -6.0 -0.69 -0.49 -1.08 -1.06 -0.52 -0.35 0.291 0.308 0.342 0.26 0.414 1.0 0 0 0 0 0 0
1965-02-15T19:30:00 1965 2 15 19 30 0 -0.46 0.16 501.0 8.18 2.37 0.01 0.0 0.0 0 0 1 0 0 0 1 0 1.7 3.04 -8.0 -0.69 -0.49 -1.08 -1.06 -0.52 -0.35 0.291 0.308 0.342 0.26 0.414 1.0 0 0 0 0 0 0
1965-02-15T20:30:00 1965 2 15 20 30 0 -0.46 0.16 501.0 8.18 2.37 0.01 0.0 0.0 0 0 1 0 0 0 1 0 1.7 2.87 -8.0 -0.69 -0.49 -1.08 -1.06 -0.52 -0.35 0.291 0.308 0.342 0.26 0.414 1.0 0 0 0 0 0 0
1965-02-15T21:30:00 1965 2 15 21 30 0 -0.46 0.16 501.0 8.18 2.37 0.01 0.0 0.0 0 0 1 0 0 0 1 0 3.0 2.87 -7.0 -0.69 -0.49 -1.08 -1.06 -0.52 -0.35 0.291 0.308 0.342 0.26 0.414 1.0 0 0 0 0 0 0
1965-02-15T22:30:00 1965 2 15 22 30 0 -0.46 0.16 501.0 8.18 2.37 0.01 0.0 0.0 0 0 1 0 0 0 1 0 3.0 2.87 -4.0 -0.69 -0.49 -1.08 -1.06 -0.52 -0.35 0.291 0.308 0.342 0.26 0.414 1.0 0 0 0 0 0 0
1965-02-15T23:30:00 1965 2 15 23 30 0 -0.46 0.16 501.0 8.18 2.37 0.01 0.0 0.0 0 0 1 0 0 0 1 0 3.0 2.76 0.0 -0.69 -0.49 -1.08 -1.06 -0.51 -0.35 0.291 0.308 0.342 0.26 0.411 1.0 0 0 0 0 0 0
