1965-08-01T00:30:00 1965 8 1 0 30 0 -0.87 0.31 439.0 4.91 2.16 0.04 0.0 0.0 0 0 1 1 1 0 1 1 0.3 0.76 -8.0 -0.69 -0.48 -1.12 -1.09 -0.5 -0.32 0.153 0.199 0.111 0.151 0.246 0.278 0 0 1 0 0 0
1965-08-01T01:30:00 1965 8 1 1 30 0 -0.87 0.31 439.0 5.96 2.6 0.04 0.0 0.0 0 0 1 1 1 0 1 1 0.3 0.7 -1.0 -0.69 -0.48 -1.12 -1.09 -0.5 -0.32 0.176 0.224 0.114 0.171 0.269 0.367 0 0 1 0 0 0
1965-08-01T02:30:00 1965 8 1 2 30 0 -0.87 0.31 439.0 7.01 2.61 0.04 0.0 0.0 0 0 1 1 0 0 1 1 0.3 0.62 3.0 -0.69 -0.48 -1.12 -1.09 -0.5 -0.33 0.197 0.247 0.118 0.188 0.291 0.47 0 0 1 0 0 0
1965-08-01T03:30:00 1965 8 1 3 30 0 -0.87 0.31 439.0 7.57 2.61 0.04 0.0 0.0 0 0 1 0 0 0 1 0 1.0 0.62 3.0 -0.69 -0.48 -1.12 -1.1 -0.5 -0.33 0.215 0.265 0.122 0.202 0.306 0.558 0 0 1 0 0 0
1965-08-01T04:30:00 1965 8 1 4 30 0 -0.87 0.31 439.0 7.57 2.61 0.04 0.0 0.0 0 0 1 0 0 0 1 0 1.0 0.63 3.0 -0.69 -0.48 -1.12 -1.1 -0.5 -0.33 0.227 0.276 0.126 0.212 0.313 0.605 0 0 1 0 0 0
1965-08-01T05:30:00 1965 8 1 5 30 0 -0.87 0.31 439.0 7.57 2.61 0.04 0.0 0.0 0 0 1 0 0 0 1 0 1.0 0.67 4.0 -0.69 -0.48 -1.12 -1.1 -0.5 -0.33 0.236 0.281 0.13 0.217 0.315 0.625 0 0 1 0 0 0
1965-08-01T06:30:00 1965 8 1 6 30 0 -0.87 0.31 439.0 7.57 2.61 0.04 0.0 0.0 0 0 1 0 0 0 1 0 0.3 0.62 8.0 -0.69 -0.48 -1.12 -1.1 -0.5 -0.33 0.242 0.283 0.134 0.22 0.315 0.633 0 0 1 0 0 0
1965-08-01T07:30:00 1965 8 1 7 30 0 -0.87 0.31 439.0 7.57 2.61 0.04 0.0 0.0 0 0 1 0 0 0 1 0 0.3 0.56 8.0 -0.69 -0.48 -1.12 -1.1 -0.5 -0.33 0.246 0.285 0.137 0.222 0.316 0.637 0 0 1 0 0 0
1965-08-01T08:30:00 1965 8 1 8 30 0 -0.87 0.31 439.0 7.57 2.61 0.04 0.0 0.0 0 0 1 0 0 0 1 0 0.3 0.56 7.0 -0.7 -0.48 -1.12 -1.1 -0.5 -0.33 0.249 0.285 0.141 0.223 0.316 0.638 0 0 1 0 0 0
1965-08-01T09:30:00 1965 8 1 9 30 0 -0.88 0.31 439.0 7.57 2.61 0.04 0.0 0.0 0 0 1 0 0 0 1 0 0.3 0.56 6.0 -0.7 -0.48 -1.12 -1.1 -0.5 -0.33 0.252 0.286 0.144 0.223 0.316 0.639 0 0 1 0 0 0
1965-08-01T10:30:00 1965 8 1 10 30 0 -0.88 0.31 438.8 7.57 2.61 0.05 0.0 0.0 0 0 1 0 0 0 1 0 0.3 0.55 7.0 -0.7 -0.48 -1.12 -1.1 -0.5 -0.33 0.253 0.286 0.148 0.224 0.316 0.639 0 0 1 0 0 0
1965-08-01T11:30:00 1965 8 1 11 30 0 -0.88 0.31 438.5 7.57 2.61 0.04 0.0 0.0 0 0 1 0 0 0 1 0 0.3 0.47 5.0 -0.7 -0.48 -1.12 -1.1 -0.5 -0.33 0.254 0.286 0.151 0.224 0.315 0.638 0 0 1 0 0 0
1965-08-01T12:30:00 1965 8 1 12 30 0 -0.88 0.31 438.2 7.58 2.61 0.04 0.0 0.0 0 0 1 0 0 0 1 0 0.3 0.38 6.0 -0.7 -0.48 -1.12 -1.1 -0.5 -0.33 0.255 0.286 0.154 0.224 0.315 0.638 0 0 0 0 0 0
1965-08-01T13:30:00 1965 8 1 13 30 0 -0.88 0.31 437.8 7.58 2.61 0.04 0.0 0.0 0 0 1 0 0 0 1 0 0.3 0.3 8.0 -0.7 -0.48 -1.12 -1.1 -0.5 -0.33 0.256 0.286 0.157 0.224 0.315 0.637 0 0 0 0 0 0
1965-08-01T14:30:00 1965 8 1 14 30 0 -0.88 0.31 436.7 7.58 2.61 0.04 0.0 0.0 0 0 1 0 0 0 1 0 0.3 0.3 9.0 -0.7 -0.48 -1.12 -1.1 -0.5 -0.33 0.256 0.286 0.16 0.223 0.314 0.635 0 0 0 0 0 0
1965-08-01T15:30:00 1965 8 1 15 30 0 -0.88 0.31 434.8 7.58 2.61 0.04 0.0 0.0 0 0 1 0 0 0 1 0 1.3 0.43 10.0 -0.7 -0.48 -1.13 -1.1 -0.51 -0.33 0.256 0.286 0.163 0.223 0.314 0.631 0 0 0 0 0 0
1965-08-01T16:30:00 1965 8 1 16 30 0 -0.88 0.31 432.8 7.58 2.61 0.04 0.0 0.0 0 0 1 0 0 0 1 0 1.3 0.56 11.0 -0.7 -0.48 -1.13 -1.1 -0.51 -0.33 0.255 0.286 0.165 0.222 0.314 0.625 0 0 0 0 0 0
1965-08-01T17:30:00 1965 8 1 17 30 0 -0.88 0.31 430.9 7.58 2.61 0.04 0.0 0.0 0 0 1 0 0 0 1 0 1.3 0.69 12.0 -0.7 -0.48 -1.13 -1.1 -0.51 -0.33 0.255 0.286 0.168 0.221 0.312 0.619 0 0 0 0 0 0
1965-08-01T18:30:00 1965 8 1 18 30 0 -0.88 0.31 429.0 7.58 2.62 0.04 0.0 0.0 0 0 1 0 0 0 1 0 2.7 1.0 13.0 -0.7 -0.48 -1.13 -1.1 -0.51 -0.33 0.254 0.285 0.17 0.22 0.31 0.612 0 0 0 0 0 0
1965-08-01T19:30:00 1965 8 1 19 30 0 -0.88 0.31 427.0 7.58 2.62 0.04 0.0 0.0 0 0 1 0 0 0 1 0 2.7 1.3 13.0 -0.7 -0.48 -1.13 -1.1 -0.51 -0.33 0.253 0.285 0.172 0.219 0.308 0.606 0 0 0 0 0 0
1965-08-01T20:30:00 1965 8 1 20 30 0 -1.17 0.31 425.1 7.58 2.62 0.07 0.0 0.0 1 0 1 0 0 1 1 0 2.7 1.6 11.0 -0.7 -0.48 -1.13 -1.1 -0.51 -0.33 0.253 0.285 0.174 0.217 0.306 0.599 0 0 0 0 0 0
1965-08-01T21:30:00 1965 8 1 21 30 0 -1.93 0.31 423.2 7.58 2.62 0.17 0.0 0.0 1 0 1 0 0 1 1 0 2.3 1.85 9.0 -0.7 -0.48 -1.13 -1.1 -0.51 -0.33 0.252 0.285 0.176 0.216 0.304 0.593 0 0 0 0 0 0
1965-08-01T22:30:00 1965 8 1 22 30 0 -2.69 1.26 421.3 7.58 2.62 0.3 0.0 0.0 1 1 1 0 0 1 1 1 2.3 2.09 11.0 0.38 0.57 0.01 0.03 0.55 0.71 0.187 0.157 0.173 0.146 0.115 0.272 0 0 0 0 0 0
1965-08-01T23:30:00 1965 8 1 23 30 0 -3.1 6.25 419.3 7.57 2.61 0.19 0.0 0.0 1 1 1 0 0 1 1 1 2.3 2.21 11.0 6.07 6.11 5.99 5.99 6.1 6.14 0.127 0.078 0.168 0.082 0.037 0.113 0 0 0 0 0 0
