1965-09-23T00:30:00 1965 9 23 0 30 0 -1.29 0.23 358.6 5.6 1.99 0.1 0.0 0.0 0 0 1 0 0 0 1 0 1.7 1.46 26.0 -0.76 -0.53 -1.23 -1.2 -0.55 -0.36 0.224 0.304 0.151 0.195 0.237 0.455 0 0 1 0 0 0
1965-09-23T01:30:00 1965 9 23 1 30 0 -1.29 0.23 363.6 5.6 1.99 0.1 0.0 0.0 0 0 1 0 0 0 1 0 1.7 1.55 24.0 -0.76 -0.53 -1.23 -1.2 -0.55 -0.36 0.22 0.28 0.151 0.185 0.225 0.356 0 0 1 0 0 0
1965-09-23T02:30:00 1965 9 23 2 30 0 -1.29 0.23 368.5 5.6 1.99 0.1 0.0 0.0 0 0 1 0 0 0 1 0 1.7 1.55 23.0 -0.76 -0.53 -1.23 -1.2 -0.55 -0.36 0.218 0.269 0.152 0.182 0.224 0.32 0 0 1 0 0 0
1965-09-23T03:30:00 1965 9 23 3 30 0 -1.3 0.23 373.5 5.6 1.99 0.1 0.0 0.0 0 0 1 0 0 0 1 0 1.3 1.5 23.0 -0.76 -0.53 -1.23 -1.2 -0.55 -0.36 0.217 0.264 0.152 0.181 0.227 0.311 0 0 1 0 0 0
1965-09-23T04:30:00 1965 9 23 4 30 0 -1.26 0.23 378.4 5.6 1.99 0.1 0.0 0.0 1 0 1 0 0 1 1 0 1.3 1.45 23.0 -0.76 -0.53 -1.23 -1.2 -0.55 -0.36 0.217 0.261 0.153 0.181 0.232 0.313 0 0 1 0 0 0
1965-09-23T05:30:00 1965 9 23 5 30 0 -1.16 0.23 383.4 5.6 1.99 0.09 0.0 0.0 1 0 1 0 0 1 1 0 1.3 1.45 22.0 -0.76 -0.53 -1.23 -1.2 -0.55 -0.36 0.218 0.26 0.154 0.183 0.236 0.32 0 0 1 0 0 0
1965-09-23T06:30:00 1965 9 23 6 30 0 -1.06 1.25 388.3 6.84 1.99 0.04 0.0 0.0 1 1 1 1 0 1 1 1 1.7 1.5 18.0 0.38 0.58 -0.03 0.0 0.56 0.73 0.163 0.145 0.151 0.126 0.091 0.15 0 0 1 0 0 0
1965-09-23T07:30:00 1965 9 23 7 30 0 -1.0 6.57 393.3 9.13 2.03 0.01 0.0 0.0 1 1 1 1 1 1 1 1 1.7 1.55 18.0 6.38 6.43 6.3 6.3 6.42 6.46 0.11 0.072 0.147 0.071 0.029 0.062 0 0 1 0 0 0
1965-09-23T08:30:00 1965 9 23 8 30 0 -1.0 8.0 398.2 11.43 3.06 0.0 0.0 0.0 2 2 1 1 1 2 2 1 1.7 1.55 19.0 8.0 8.0 8.0 8.0 8.0 8.0 0.075 0.036 0.142 0.04 0.009 0.026 0 0 1 0 0 0
1965-09-23T09:30:00 1965 9 23 9 30 0 -6.6 1.9 403.2 13.72 4.09 0.64 0.0 0.0 2 2 1 1 1 2 2 1 2.0 1.59 23.0 1.9 1.9 1.9 1.9 1.9 1.9 0.051 0.018 0.138 0.022 0.003 0.011 0 0 1 0 0 0
1965-09-23T10:30:00 1965 9 23 10 30 0 -4.3 2.0 408.1 15.6 5.12 1.39 0.0 0.0 2 2 1 1 1 2 2 1 2.0 1.63 18.0 2.0 2.0 2.0 2.0 2.0 2.0 0.034 0.009 0.134 0.012 0.001 0.004 0 0 1 0 0 0
1965-09-23T11:30:00 1965 9 23 11 30 0 -6.8 5.6 413.1 15.6 5.45 1.04 0.0 0.0 2 2 1 1 1 2 2 1 2.0 1.72 16.0 5.6 5.6 5.6 5.6 5.6 5.6 0.023 0.004 0.13 0.007 0.0 0.002 0 0 1 0 0 0
1965-09-23T12:30:00 1965 9 23 12 30 0 -5.9 0.8 418.0 15.6 5.45 1.71 0.0 0.0 2 2 2 2 2 2 2 2 3.0 1.94 14.0 0.8 0.8 0.8 0.8 0.8 0.8 0.016 0.002 0.126 0.004 0.0 0.001 0 0 1 0 0 0
1965-09-23T13:30:00 1965 9 23 13 30 0 -5.1 -2.5 418.0 15.6 5.45 3.3 2.2 3.43 2 2 2 2 2 2 2 2 3.0 2.15 8.0 -2.5 -2.5 -2.5 -2.5 -2.5 -2.5 0.193 0.387 0.134 0.192 0.552 1.716 2 2 1 2 2 2
1965-09-23T14:30:00 1965 9 23 14 30 0 -7.1 1.1 418.0 15.6 5.45 3.59 1.6 2.5 2 2 2 2 2 2 2 2 3.0 2.32 2.0 1.1 1.1 1.1 1.1 1.1 1.1 0.202 0.334 0.135 0.164 0.337 1.326 2 2 1 2 2 2
1965-09-23T15:30:00 1965 9 23 15 30 0 -3.7 -5.5 456.0 10.2 4.24 5.45 5.63 6.49 2 2 2 2 2 2 2 2 3.7 2.57 -4.0 -5.5 -5.5 -5.5 -5.5 -5.5 -5.5 0.5 0.781 0.169 0.618 1.094 2.739 2 2 1 2 2 2
1965-09-23T16:30:00 1965 9 23 16 30 0 -4.5 -2.9 456.0 10.2 4.24 6.73 9.33 9.52 2 2 2 2 2 2 2 2 3.7 2.82 -7.0 -2.9 -2.9 -2.9 -2.9 -2.9 -2.9 0.756 1.043 0.213 0.922 1.363 3.293 2 2 2 2 2 2
1965-09-23T17:30:00 1965 9 23 17 30 0 -5.5 0.2 456.0 10.2 4.24 3.4 2.82 2.88 2 2 2 2 2 2 2 2 3.7 3.03 -6.0 0.2 0.2 0.2 0.2 0.2 0.2 0.628 0.728 0.216 0.619 0.724 2.142 2 2 2 2 2 2
1965-09-23T18:30:00 1965 9 23 18 30 0 -4.4 -0.7 457.0 10.2 4.24 2.37 0.69 0.7 2 2 1 1 1 2 2 1 2.3 3.06 -6.0 -0.7 -0.7 -0.7 -0.7 -0.7 -0.7 0.481 0.502 0.212 0.382 0.456 1.531 2 2 2 2 2 2
1965-09-23T19:30:00 1965 9 23 19 30 0 -4.3 2.0 458.0 9.81 4.19 1.39 0.14 0.15 2 2 1 1 1 2 2 1 2.3 3.08 -5.0 2.0 2.0 2.0 2.0 2.0 2.0 0.327 0.254 0.205 0.214 0.149 0.662 2 2 2 2 1 2
1965-09-23T20:30:00 1965 9 23 20 30 0 -2.9 5.6 459.0 9.24 3.91 0.37 0.0 0.0 2 2 1 1 1 2 2 1 2.3 2.99 0.0 5.6 5.6 5.6 5.6 5.6 5.6 0.221 0.126 0.199 0.12 0.047 0.274 2 2 2 2 1 2
1965-09-23T21:30:00 1965 9 23 21 30 0 -5.5 2.1 460.0 8.66 3.63 0.7 0.0 0.0 2 2 1 1 1 2 2 1 2.0 2.86 3.0 2.1 2.1 2.1 2.1 2.1 2.1 0.15 0.063 0.193 0.067 0.015 0.114 2 2 2 2 1 2
1965-09-23T22:30:00 1965 9 23 22 30 0 -5.8 1.7 461.0 8.09 3.35 1.79 0.0 0.0 2 2 1 1 1 2 2 1 2.0 2.73 3.0 1.7 1.7 1.7 1.7 1.7 1.7 0.101 0.031 0.187 0.038 0.005 0.047 2 2 2 2 1 2
1965-09-23T23:30:00 1965 9 23 23 30 0 -2.3 1.9 462.0 7.7 3.3 0.84 0.0 0.0 2 2 1 1 1 2 2 1 2.0 2.52 2.0 1.9 1.9 1.9 1.9 1.9 1.9 0.069 0.015 0.181 0.021 0.002 0.02 2 2 2 2 1 2
