1965-06-03T00:30:00 1965 6 3 0 30 0 -0.64 0.23 457.0 7.14 2.33 0.02 0.0 0.0 0 0 2 0 0 1 1 1 0.7 2.0 11.0 -0.66 -0.46 -1.05 -1.03 -0.48 -0.32 0.232 0.27 0.189 0.196 0.298 0.57 0 0 0 0 0 0
1965-06-03T01:30:00 1965 6 3 1 30 0 -0.64 0.23 457.0 7.14 2.33 0.02 0.0 0.0 0 0 2 0 0 1 1 1 0.7 1.91 13.0 -0.66 -0.46 -1.05 -1.03 -0.48 -0.32 0.237 0.271 0.191 0.203 0.313 0.612 0 0 0 0 0 0
1965-06-03T02:30:00 1965 6 3 2 30 0 -0.64 0.23 457.0 7.14 2.33 0.02 0.0 0.0 0 0 2 0 0 1 1 1 0.7 1.66 13.0 -0.66 -0.46 -1.05 -1.03 -0.48 -0.32 0.24 0.272 0.193 0.206 0.317 0.63 0 0 0 0 0 0
1965-06-03T03:30:00 1965 6 3 3 30 0 -0.64 0.23 427.0 7.14 2.33 0.02 0.0 0.0 0 0 2 0 0 1 1 1 0.3 1.36 12.0 -0.66 -0.46 -1.05 -1.03 -0.48 -0.32 0.239 0.271 0.194 0.203 0.303 0.597 0 0 0 0 0 0
1965-06-03T04:30:00 1965 6 3 4 30 0 -0.64 0.23 427.0 7.14 2.33 0.02 0.0 0.0 0 0 2 0 0 1 1 1 0.3 1.07 10.0 -0.66 -0.46 -1.05 -1.03 -0.48 -0.32 0.237 0.27 0.194 0.199 0.292 0.567 0 0 0 0 0 0
1965-06-03T05:30:00 1965 6 3 5 30 0 -0.64 0.23 427.0 7.14 2.33 0.02 0.0 0.0 0 0 2 0 0 1 1 1 0.3 0.86 10.0 -0.66 -0.46 -1.05 -1.03 -0.48 -0.32 0.236 0.27 0.195 0.197 0.288 0.554 0 0 0 0 0 0
1965-06-03T06:30:00 1965 6 3 6 30 0 -0.64 0.23 406.0 7.14 2.33 0.02 0.0 0.0 0 0 2 0 0 1 1 1 0.3 0.65 8.0 -0.66 -0.46 -1.05 -1.03 -0.48 -0.32 0.233 0.269 0.195 0.192 0.276 0.524 0 0 0 0 0 0
1965-06-03T07:30:00 1965 6 3 7 30 0 -0.64 0.23 406.0 7.14 2.33 0.02 0.0 0.0 0 0 2 0 0 1 1 1 0.3 0.44 6.0 -0.66 -0.46 -1.05 -1.03 -0.48 -0.32 0.23 0.268 0.195 0.188 0.268 0.5 0 0 0 0 0 0
1965-06-03T08:30:00 1965 6 3 8 30 0 -0.64 0.23 406.0 7.14 2.33 0.02 0.0 0.0 0 0 2 0 0 1 1 1 0.3 0.4 3.0 -0.66 -0.46 -1.05 -1.03 -0.48 -0.32 0.228 0.267 0.195 0.185 0.266 0.49 0 0 0 0 0 0
1965-06-03T09:30:00 1965 6 3 9 30 0 -0.64 0.23 410.0 7.14 2.33 0.02 0.0 0.0 0 0 2 0 0 1 1 1 0.3 0.35 3.0 -0.66 -0.46 -1.05 -1.03 -0.48 -0.32 0.227 0.267 0.195 0.185 0.267 0.491 0 0 0 0 0 0
1965-06-03T10:30:00 1965 6 3 10 30 0 -0.64 0.23 410.0 7.14 2.33 0.02 0.0 0.0 0 0 2 0 0 1 1 1 0.3 0.3 5.0 -0.66 -0.46 -1.05 -1.03 -0.48 -0.32 0.227 0.267 0.195 0.185 0.268 0.493 0 0 0 0 0 0
1965-06-03T11:30:00 1965 6 3 11 30 0 -0.64 0.23 410.0 7.14 2.33 0.02 0.0 0.0 0 0 2 0 0 1 1 1 0.3 0.3 9.0 -0.66 -0.46 -1.05 -1.03 -0.48 -0.32 0.227 0.267 0.195 0.185 0.268 0.494 0 0 0 0 0 0
1965-06-03T12:30:00 1965 6 3 12 30 0 -0.64 0.23 422.2 7.14 2.33 0.02 0.0 0.0 0 0 1 0 0 0 1 0 1.0 0.39 13.0 -0.66 -0.46 -1.05 -1.03 -0.48 -0.32 0.228 0.268 0.195 0.187 0.275 0.509 0 0 0 0 0 0
1965-06-03T13:30:00 1965 6 3 13 30 0 -0.64 0.23 434.5 7.14 2.33 0.02 0.0 0.0 0 0 1 0 0 0 1 0 1.0 0.48 18.0 -0.66 -0.46 -1.05 -1.03 -0.48 -0.32 0.23 0.269 0.195 0.191 0.286 0.537 0 0 0 0 0 0
1965-06-03T14:30:00 1965 6 3 14 30 0 -0.64 0.22 446.8 7.14 2.33 0.02 0.0 0.0 0 0 1 0 0 0 1 0 1.0 0.57 21.0 -0.66 -0.46 -1.05 -1.03 -0.48 -0.32 0.233 0.27 0.197 0.196 0.298 0.572 0 0 0 0 0 0
1965-06-03T15:30:00 1965 6 3 15 30 0 -0.64 0.22 459.0 7.14 2.33 0.03 0.0 0.0 0 0 2 0 0 1 1 1 2.0 0.79 20.0 -0.66 -0.46 -1.05 -1.03 -0.48 -0.32 0.237 0.271 0.198 0.202 0.312 0.609 0 0 0 0 0 0
1965-06-03T16:30:00 1965 6 3 16 30 0 -0.64 0.22 459.0 7.14 2.33 0.03 0.0 0.0 0 0 2 0 0 1 1 1 2.0 1.01 17.0 -0.66 -0.46 -1.05 -1.03 -0.48 -0.32 0.241 0.272 0.2 0.207 0.319 0.632 0 0 0 0 0 0
1965-06-03T17:30:00 1965 6 3 17 30 0 -0.64 0.22 459.0 7.14 2.33 0.03 0.0 0.0 0 0 2 0 0 1 1 1 2.0 1.22 15.0 -0.66 -0.46 -1.05 -1.03 -0.48 -0.32 0.243 0.272 0.201 0.209 0.321 0.642 0 0 0 0 0 0
1965-06-03T18:30:00 1965 6 3 18 30 0 -0.64 0.22 460.5 7.14 2.33 0.03 0.0 0.0 0 0 1 0 0 0 1 0 4.3 1.73 20.0 -0.66 -0.46 -1.05 -1.03 -0.48 -0.32 0.244 0.273 0.203 0.211 0.322 0.648 0 0 0 0 0 0
1965-06-03T19:30:00 1965 6 3 19 30 0 -0.64 0.22 462.0 7.14 2.33 0.03 0.0 0.0 0 0 1 0 0 0 1 0 4.3 2.24 20.0 -0.66 -0.46 -1.05 -1.03 -0.48 -0.32 0.246 0.273 0.205 0.212 0.324 0.654 0 0 0 0 0 0
1965-06-03T20:30:00 1965 6 3 20 30 0 -0.64 0.22 463.5 7.13 2.33 0.03 0.0 0.0 0 0 1 0 0 0 1 0 4.3 2.65 17.0 -0.66 -0.46 -1.05 -1.03 -0.48 -0.32 0.247 0.273 0.206 0.213 0.326 0.658 0 0 0 0 0 0
1965-06-03T21:30:00 1965 6 3 21 30 0 -0.64 0.22 465.0 7.13 2.33 0.03 0.0 0.0 0 0 2 0 0 1 1 1 3.3 2.93 7.0 -0.66 -0.46 -1.05 -1.03 -0.48 -0.32 0.248 0.273 0.208 0.214 0.327 0.663 0 0 0 0 0 0
1965-06-03T22:30:00 1965 6 3 22 30 0 -0.64 0.22 465.0 7.13 2.33 0.03 0.0 0.0 0 0 2 0 0 1 1 1 3.3 3.21 0.0 -0.66 -0.46 -1.05 -1.03 -0.48 -0.32 0.248 0.273 0.209 0.215 0.328 0.666 0 0 0 0 0 0
1965-06-03T23:30:00 1965 6 3 23 30 0 -0.64 0.22 465.0 7.13 2.33 0.03 0.0 0.0 0 0 2 0 0 1 1 1 3.3 3.36 1.0 -0.66 -0.46 -1.05 -1.03 -0.48 -0.32 0.249 0.273 0.211 0.215 0.328 0.667 0 0 0 0 0 0
