1965-12-31T00:30:00 1965 12 31 0 30 0 -0.44 0.03 410.8 8.62 2.73 0.02 0.0 0.0 0 0 1 0 0 0 1 0 0.0 0.57 1.0 -0.67 -0.48 -1.05 -1.03 -0.5 -0.33 0.256 0.301 0.185 0.204 0.303 0.659 0 0 0 0 0 0
1965-12-31T01:30:00 1965 12 31 1 30 0 -0.44 0.03 407.2 8.61 2.73 0.02 0.0 0.0 0 0 1 0 0 0 1 0 0.0 0.36 2.0 -0.67 -0.48 -1.05 -1.03 -0.5 -0.33 0.253 0.3 0.186 0.202 0.298 0.644 0 0 0 0 0 0
1965-12-31T02:30:00 1965 12 31 2 30 0 -0.44 0.02 403.6 8.61 2.73 0.02 0.0 0.0 0 0 1 0 0 0 1 0 0.0 0.24 2.0 -0.67 -0.48 -1.05 -1.03 -0.5 -0.34 0.25 0.3 0.186 0.199 0.294 0.635 0 0 0 0 0 0
1965-12-31T03:30:00 1965 12 31 3 30 0 -0.44 0.02 400.0 8.11 2.73 0.02 0.0 0.0 0 0 1 1 0 0 1 1 1.3 0.29 2.0 -0.67 -0.48 -1.05 -1.03 -0.5 -0.34 0.246 0.296 0.186 0.196 0.287 0.606 0 0 0 0 0 0
1965-12-31T04:30:00 1965 12 31 4 30 0 -0.45 0.02 396.4 7.19 2.71 0.02 0.0 0.0 0 0 1 1 1 0 1 1 1.3 0.34 4.0 -0.67 -0.48 -1.05 -1.03 -0.5 -0.34 0.24 0.288 0.186 0.189 0.274 0.546 0 0 0 0 0 0
1965-12-31T05:30:00 1965 12 31 5 30 0 -0.45 0.02 392.8 6.27 2.32 0.02 0.0 0.0 0 0 1 1 1 0 1 1 1.3 0.5 3.0 -0.67 -0.48 -1.05 -1.03 -0.5 -0.34 0.232 0.275 0.186 0.181 0.257 0.47 0 0 0 0 0 0
1965-12-31T06:30:00 1965 12 31 6 30 0 -0.45 0.02 391.0 5.35 1.93 0.02 0.0 0.0 0 0 1 1 1 0 1 1 1.0 0.63 1.0 -0.67 -0.48 -1.05 -1.03 -0.5 -0.34 0.222 0.26 0.185 0.171 0.24 0.392 0 0 0 0 0 0
1965-12-31T07:30:00 1965 12 31 7 30 0 -0.45 0.02 391.0 4.6 1.54 0.02 0.0 0.0 0 0 1 1 1 0 1 1 1.0 0.75 1.0 -0.67 -0.48 -1.06 -1.03 -0.5 -0.34 0.212 0.244 0.184 0.161 0.225 0.324 0 0 0 0 0 0
1965-12-31T08:30:00 1965 12 31 8 30 0 -0.45 0.02 391.0 4.6 1.41 0.02 0.0 0.0 0 0 1 1 1 0 1 1 1.0 0.87 0.0 -0.67 -0.48 -1.06 -1.03 -0.5 -0.34 0.203 0.233 0.183 0.153 0.217 0.286 0 0 0 0 0 0
1965-12-31T09:30:00 1965 12 31 9 30 0 -0.45 0.02 391.0 4.6 1.41 0.02 0.0 0.0 0 0 2 2 2 1 1 1 1.3 1.03 3.0 -0.67 -0.48 -1.06 -1.03 -0.5 -0.34 0.198 0.228 0.182 0.15 0.215 0.27 0 0 0 0 0 0
1965-12-31T10:30:00 1965 12 31 10 30 0 -0.45 0.02 391.0 4.6 1.41 0.02 0.0 0.0 0 0 2 2 2 1 1 1 1.3 1.19 3.0 -0.67 -0.48 -1.06 -1.03 -0.5 -0.34 0.194 0.225 0.181 0.147 0.214 0.263 0 0 0 0 0 0
1965-12-31T11:30:00 1965 12 31 11 30 0 -0.46 0.02 391.0 4.6 1.41 0.02 0.0 0.0 0 0 2 2 2 1 1 1 1.3 1.19 2.0 -0.67 -0.48 -1.06 -1.03 -0.5 -0.34 0.191 0.224 0.18 0.146 0.214 0.261 0 0 0 0 0 0
1965-12-31T12:30:00 1965 12 31 12 30 0 -0.46 0.02 374.0 4.6 1.29 0.02 0.0 0.0 0 0 2 2 2 1 1 1 0.7 1.11 0.0 -0.67 -0.48 -1.06 -1.03 -0.5 -0.34 0.188 0.223 0.179 0.143 0.207 0.249 0 0 0 0 0 0
1965-12-31T13:30:00 1965 12 31 13 30 0 -0.46 0.02 374.0 4.6 1.29 0.02 0.0 0.0 0 0 2 2 2 1 1 1 0.7 1.04 -2.0 -0.67 -0.48 -1.06 -1.03 -0.5 -0.34 0.185 0.222 0.177 0.14 0.202 0.239 0 0 0 0 0 0
1965-12-31T14:30:00 1965 12 31 14 30 0 -0.46 0.02 374.0 4.6 1.29 0.02 0.0 0.0 0 0 2 2 2 1 1 1 0.7 1.0 0.0 -0.67 -0.48 -1.06 -1.04 -0.5 -0.34 0.183 0.221 0.176 0.139 0.2 0.235 0 0 0 0 0 0
1965-12-31T15:30:00 1965 12 31 15 30 0 -0.46 0.02 370.0 6.3 1.72 0.02 0.0 0.0 0 0 2 2 2 1 1 1 0.7 0.96 3.0 -0.67 -0.48 -1.06 -1.04 -0.5 -0.34 0.187 0.233 0.175 0.144 0.211 0.277 0 0 0 0 0 0
1965-12-31T16:30:00 1965 12 31 16 30 0 -0.46 0.02 370.0 6.3 1.72 0.02 0.0 0.0 0 0 2 2 2 1 1 1 0.7 0.92 2.0 -0.67 -0.48 -1.06 -1.04 -0.5 -0.34 0.191 0.244 0.174 0.149 0.219 0.314 0 0 0 0 0 0
1965-12-31T17:30:00 1965 12 31 17 30 0 -0.46 0.01 370.0 6.3 1.72 0.02 0.0 0.0 0 0 2 2 2 1 1 1 0.7 0.84 1.0 -0.68 -0.48 -1.06 -1.04 -0.5 -0.34 0.195 0.25 0.173 0.152 0.222 0.329 0 0 0 0 0 0
1965-12-31T18:30:00 1965 12 31 18 30 0 -0.46 0.01 366.0 6.3 1.72 0.02 0.0 0.0 0 0 1 1 1 0 1 1 1.0 0.81 0.0 -0.68 -0.48 -1.06 -1.04 -0.5 -0.34 0.197 0.252 0.173 0.153 0.22 0.332 0 0 0 0 0 0
1965-12-31T19:30:00 1965 12 31 19 30 0 -0.47 0.01 362.0 5.72 1.66 0.02 0.0 0.0 0 0 1 1 1 0 1 1 1.0 0.78 -1.0 -0.68 -0.48 -1.06 -1.04 -0.5 -0.34 0.197 0.249 0.171 0.151 0.213 0.312 0 0 0 0 0 0
1965-12-31T20:30:00 1965 12 31 20 30 0 -0.47 0.01 358.0 4.87 1.33 0.02 0.0 0.0 0 0 1 1 1 0 1 1 1.0 0.82 -1.0 -0.68 -0.48 -1.06 -1.04 -0.5 -0.34 0.193 0.24 0.17 0.145 0.201 0.272 0 0 0 0 0 0
1965-12-31T21:30:00 1965 12 31 21 30 0 -0.47 0.01 354.0 4.03 1.0 0.02 0.0 0.0 0 0 1 1 1 0 1 1 0.3 0.76 1.0 -0.68 -0.48 -1.06 -1.04 -0.5 -0.34 0.185 0.226 0.169 0.137 0.185 0.223 0 0 0 0 0 0
1965-12-31T22:30:00 1965 12 31 22 30 0 -0.47 0.01 350.0 3.18 0.67 0.02 0.0 0.0 0 0 1 1 1 0 1 1 0.3 0.71 3.0 -0.68 -0.48 -1.06 -1.04 -0.5 -0.34 0.175 0.209 0.167 0.127 0.168 0.173 0 0 0 0 0 0
1965-12-31T23:30:00 1965 12 31 23 30 0 -0.47 0.01 346.0 2.6 0.61 0.02 0.0 0.0 0 0 1 1 1 0 1 1 0.3 0.66 4.0 -0.68 -0.48 -1.06 -1.04 -0.5 -0.34 0.164 0.191 0.164 0.116 0.151 0.131 0 0 0 0 0 0
Making Directory: 1966
