1965-08-10T00:30:00 1965 8 10 0 30 0 0.5 -0.1 442.0 4.9 1.91 0.05 0.05 0.02 2 2 2 2 2 2 2 2 0.7 2.24 0.0 -0.1 -0.1 -0.1 -0.1 -0.1 -0.1 0.208 0.151 0.221 0.084 0.097 0.223 2 2 2 2 2 2
1965-08-10T01:30:00 1965 8 10 1 30 0 0.2 -2.3 442.0 4.9 1.91 0.57 2.85 1.4 2 2 2 2 2 2 2 2 0.7 2.03 1.0 -2.3 -2.3 -2.3 -2.3 -2.3 -2.3 0.279 0.334 0.224 0.182 0.443 0.587 2 2 2 2 2 2
1965-08-10T02:30:00 1965 8 10 2 30 0 -0.7 0.5 442.0 4.9 1.91 0.34 1.88 0.92 2 2 2 2 2 2 2 2 0.7 1.83 5.0 0.5 0.5 0.5 0.5 0.5 0.5 0.247 0.274 0.221 0.146 0.286 0.456 2 2 2 2 2 2
1965-08-10T03:30:00 1965 8 10 3 30 0 0.3 0.5 445.0 4.62 1.83 0.0 0.0 0.0 1 1 1 1 1 1 1 1 1.3 1.7 5.0 0.5 0.5 0.5 0.5 0.5 0.5 0.167 0.136 0.214 0.082 0.091 0.189 2 2 2 2 2 2
1965-08-10T04:30:00 1965 8 10 4 30 0 1.3 0.5 448.0 4.35 1.74 0.04 0.0 0.0 2 2 1 1 1 2 2 1 1.3 1.58 2.0 0.5 0.5 0.5 0.5 0.5 0.5 0.113 0.068 0.208 0.046 0.029 0.078 2 2 2 2 2 2
1965-08-10T05:30:00 1965 8 10 5 30 0 -0.1 1.8 451.0 4.07 1.65 0.02 0.0 0.0 2 2 1 1 1 2 2 1 1.3 1.41 8.0 1.8 1.8 1.8 1.8 1.8 1.8 0.077 0.034 0.201 0.026 0.009 0.033 2 2 2 2 2 2
1965-08-10T06:30:00 1965 8 10 6 30 0 0.2 2.1 454.0 3.8 1.57 0.0 0.0 0.0 2 2 2 2 2 2 2 2 1.0 1.21 10.0 2.1 2.1 2.1 2.1 2.1 2.1 0.052 0.017 0.195 0.014 0.003 0.014 2 2 2 2 2 2
1965-08-10T07:30:00 1965 8 10 7 30 0 -0.1 0.3 454.0 3.8 1.57 0.0 0.0 0.0 2 2 2 2 2 2 2 2 1.0 1.0 9.0 0.3 0.3 0.3 0.3 0.3 0.3 0.035 0.008 0.189 0.008 0.001 0.006 2 2 2 2 2 2
1965-08-10T08:30:00 1965 8 10 8 30 0 -2.9 2.9 454.0 3.8 1.57 0.09 0.0 0.0 2 2 2 2 2 2 2 2 1.0 1.04 8.0 2.9 2.9 2.9 2.9 2.9 2.9 0.024 0.004 0.184 0.004 0.0 0.002 2 2 2 2 2 2
1965-08-10T09:30:00 1965 8 10 9 30 0 0.7 -3.1 441.0 6.0 2.33 0.64 2.07 1.17 2 2 2 2 2 2 2 2 1.7 1.17 7.0 -3.1 -3.1 -3.1 -3.1 -3.1 -3.1 0.139 0.23 0.188 0.146 0.385 0.494 2 2 2 2 2 2
1965-08-10T10:30:00 1965 8 10 10 30 0 2.4 -3.8 441.0 6.0 2.33 3.49 7.67 4.6 2 2 2 2 2 2 2 2 1.7 1.29 1.0 -3.8 -3.8 -3.8 -3.8 -3.8 -3.8 0.407 0.611 0.215 0.493 0.893 1.196 2 2 2 2 2 2
1965-08-10T11:30:00 1965 8 10 11 30 0 1.5 -1.0 441.0 6.0 2.33 2.04 5.03 3.02 2 2 2 2 2 2 2 2 1.7 1.34 -3.0 -1.0 -1.0 -1.0 -1.0 -1.0 -1.0 0.461 0.623 0.224 0.467 0.753 1.182 2 2 2 2 2 2
1965-08-10T12:30:00 1965 8 10 12 30 0 -2.4 -0.7 448.0 3.8 1.53 0.41 1.86 0.91 2 2 2 2 2 2 2 2 1.7 1.4 -2.0 -0.7 -0.7 -0.7 -0.7 -0.7 -0.7 0.39 0.469 0.222 0.315 0.481 0.806 2 2 2 2 2 2
1965-08-10T13:30:00 1965 8 10 13 30 0 -1.1 -1.7 448.0 3.8 1.53 0.86 2.78 1.06 2 2 2 2 2 2 2 2 1.7 1.45 -2.0 -1.7 -1.7 -1.7 -1.7 -1.7 -1.7 0.378 0.445 0.223 0.278 0.495 0.679 2 2 2 2 2 2
1965-08-10T14:30:00 1965 8 10 14 30 0 -1.1 1.4 448.0 3.8 1.53 0.23 0.89 0.34 2 2 2 2 2 2 2 2 1.7 1.53 1.0 1.4 1.4 1.4 1.4 1.4 1.4 0.278 0.263 0.217 0.169 0.211 0.353 2 2 2 2 2 2
1965-08-10T15:30:00 1965 8 10 15 30 0 -0.2 0.6 448.0 3.8 1.53 0.01 0.0 0.0 2 2 1 1 1 2 2 1 1.0 1.52 4.0 0.6 0.6 0.6 0.6 0.6 0.6 0.188 0.131 0.211 0.095 0.067 0.147 2 2 2 2 2 2
1965-08-10T16:30:00 1965 8 10 16 30 0 3.2 0.6 448.0 3.8 1.62 0.24 0.0 0.0 2 2 1 1 1 2 2 1 1.0 1.52 5.0 0.6 0.6 0.6 0.6 0.6 0.6 0.127 0.065 0.204 0.053 0.021 0.061 2 2 2 2 2 2
1965-08-10T17:30:00 1965 8 10 17 30 0 3.5 2.2 448.0 4.36 1.91 0.58 0.0 0.0 2 2 1 1 1 2 2 1 1.0 1.43 5.0 2.2 2.2 2.2 2.2 2.2 2.2 0.086 0.032 0.198 0.03 0.007 0.025 2 2 2 2 2 2
1965-08-10T18:30:00 1965 8 10 18 30 0 4.3 1.9 448.0 5.04 2.2 0.7 0.0 0.0 2 2 1 1 1 2 2 1 0.7 1.3 6.0 1.9 1.9 1.9 1.9 1.9 1.9 0.058 0.016 0.192 0.017 0.002 0.01 2 2 2 2 2 2
1965-08-10T19:30:00 1965 8 10 19 30 0 2.1 2.9 448.0 5.72 2.49 0.38 0.0 0.0 2 2 1 1 1 2 2 1 0.7 1.18 6.0 2.9 2.9 2.9 2.9 2.9 2.9 0.039 0.008 0.186 0.009 0.001 0.004 2 2 2 2 2 2
1965-08-10T20:30:00 1965 8 10 20 30 0 -0.9 0.9 448.0 6.4 2.5 0.02 0.0 0.0 2 2 1 1 0 2 2 1 0.7 1.05 7.0 0.9 0.9 0.9 0.9 0.9 0.9 0.027 0.004 0.181 0.005 0.0 0.002 2 2 2 2 2 2
1965-08-10T21:30:00 1965 8 10 21 30 0 -0.5 -0.8 447.2 6.76 2.5 0.08 0.5 0.33 2 2 1 0 0 2 2 1 1.0 0.97 8.0 -0.8 -0.8 -0.8 -0.8 -0.8 -0.8 0.056 0.094 0.177 0.029 0.155 0.279 1 0 2 0 0 0
1965-08-10T22:30:00 1965 8 10 22 30 0 0.9 -0.2 445.7 6.76 2.5 0.1 1.06 0.72 2 2 1 0 0 2 2 1 1.0 0.89 4.0 -0.2 -0.2 -0.2 -0.2 -0.2 -0.2 0.088 0.164 0.174 0.043 0.218 0.472 0 0 2 0 0 0
1965-08-10T23:30:00 1965 8 10 23 30 0 1.0 -2.5 444.1 6.75 2.5 0.81 3.21 2.17 2 2 1 0 0 2 2 1 1.0 0.89 1.0 -2.5 -2.5 -2.5 -2.5 -2.5 -2.5 0.232 0.404 0.181 0.201 0.578 0.997 0 0 2 0 0 0
