1965-09-14T00:30:00 1965 9 14 0 30 0 1.1 0.5 360.9 5.54 2.06 0.04 0.0 0.0 2 2 1 0 0 2 2 1 1.3 0.89 6.0 0.5 0.5 0.5 0.5 0.5 0.5 0.0 0.0 0.079 0.0 0.0 0.0 0 0 1 0 0 0
1965-09-14T01:30:00 1965 9 14 1 30 0 0.1 -0.9 357.7 5.54 2.06 0.07 0.59 0.33 2 2 1 0 0 2 2 1 1.3 0.97 4.0 -0.9 -0.9 -0.9 -0.9 -0.9 -0.9 0.041 0.109 0.078 0.025 0.13 0.168 0 0 1 0 0 0
1965-09-14T02:30:00 1965 9 14 2 30 0 0.9 2.0 354.5 5.54 2.06 0.02 0.19 0.1 2 2 1 0 0 2 2 1 1.3 1.04 2.0 2.0 2.0 2.0 2.0 2.0 2.0 0.032 0.066 0.075 0.015 0.051 0.089 0 0 1 0 0 0
1965-09-14T03:30:00 1965 9 14 3 30 0 1.4 0.8 351.3 5.55 2.06 0.03 0.0 0.0 2 2 1 0 0 2 2 1 0.0 0.95 4.0 0.8 0.8 0.8 0.8 0.8 0.8 0.021 0.033 0.073 0.008 0.016 0.037 0 0 1 0 0 0
1965-09-14T04:30:00 1965 9 14 4 30 0 1.5 0.9 348.1 5.55 2.06 0.07 0.0 0.0 2 2 1 0 0 2 2 1 0.0 0.85 3.0 0.9 0.9 0.9 0.9 0.9 0.9 0.014 0.016 0.071 0.005 0.005 0.015 0 0 1 0 0 0
1965-09-14T05:30:00 1965 9 14 5 30 0 1.2 0.9 344.9 5.55 2.06 0.06 0.0 0.0 2 2 1 0 0 2 2 1 0.0 0.72 3.0 0.9 0.9 0.9 0.9 0.9 0.9 0.01 0.008 0.069 0.003 0.002 0.006 0 0 1 0 0 0
1965-09-14T06:30:00 1965 9 14 6 30 0 1.1 0.5 341.7 5.55 2.06 0.04 0.0 0.0 2 2 1 0 0 2 2 1 0.0 0.6 3.0 0.5 0.5 0.5 0.5 0.5 0.5 0.007 0.004 0.067 0.001 0.001 0.003 0 0 1 0 0 0
1965-09-14T07:30:00 1965 9 14 7 30 0 -0.1 0.1 338.6 5.55 2.06 0.01 0.0 0.0 2 2 1 0 0 2 2 1 0.0 0.47 4.0 0.1 0.1 0.1 0.1 0.1 0.1 0.004 0.002 0.065 0.001 0.0 0.001 0 0 1 0 0 0
1965-09-14T08:30:00 1965 9 14 8 30 0 -0.6 0.2 335.4 5.55 2.06 0.01 0.0 0.0 2 2 1 0 0 2 2 1 0.0 0.31 5.0 0.2 0.2 0.2 0.2 0.2 0.2 0.003 0.001 0.063 0.0 0.0 0.0 0 0 1 0 0 0
1965-09-14T09:30:00 1965 9 14 9 30 0 -0.9 0.3 332.2 5.55 2.06 0.03 0.0 0.0 2 2 1 0 0 2 2 1 0.7 0.25 6.0 0.3 0.3 0.3 0.3 0.3 0.3 0.002 0.0 0.061 0.0 0.0 0.0 0 0 1 0 0 0
1965-09-14T10:30:00 1965 9 14 10 30 0 -1.8 -0.5 329.0 5.55 2.06 0.17 0.29 0.16 2 2 1 0 0 2 2 1 0.7 0.18 7.0 -0.5 -0.5 -0.5 -0.5 -0.5 -0.5 0.024 0.072 0.059 0.01 0.075 0.1 0 0 1 0 0 0
1965-09-14T11:30:00 1965 9 14 11 30 0 -3.5 -1.5 329.0 5.55 2.06 0.95 1.71 0.95 2 2 1 0 0 2 2 1 0.7 0.27 6.0 -1.5 -1.5 -1.5 -1.5 -1.5 -1.5 0.106 0.251 0.061 0.072 0.243 0.287 0 0 1 0 0 0
1965-09-14T12:30:00 1965 9 14 12 30 0 -2.9 -1.7 329.0 5.24 2.06 1.48 2.65 1.42 2 2 1 1 0 2 2 1 0.7 0.36 5.0 -1.7 -1.7 -1.7 -1.7 -1.7 -1.7 0.192 0.389 0.065 0.139 0.344 0.398 1 1 1 1 1 1
1965-09-14T13:30:00 1965 9 14 13 30 0 -2.1 -2.0 329.0 4.68 2.04 1.31 3.06 1.51 2 2 1 1 1 2 2 1 0.7 0.45 1.0 -2.0 -2.0 -2.0 -2.0 -2.0 -2.0 0.262 0.474 0.07 0.194 0.395 0.432 1 1 1 1 1 1
1965-09-14T14:30:00 1965 9 14 14 30 0 -2.4 -1.2 329.0 4.12 1.63 1.02 2.58 1.13 2 2 1 1 1 2 2 1 0.7 0.53 0.0 -1.2 -1.2 -1.2 -1.2 -1.2 -1.2 0.279 0.457 0.072 0.187 0.347 0.376 1 1 1 1 1 1
1965-09-14T15:30:00 1965 9 14 15 30 0 -1.8 -1.4 329.0 3.56 1.22 0.78 2.15 0.82 2 2 1 1 1 2 2 1 0.3 0.56 2.0 -1.4 -1.4 -1.4 -1.4 -1.4 -1.4 0.276 0.423 0.074 0.171 0.311 0.314 1 1 1 1 1 1
1965-09-14T16:30:00 1965 9 14 16 30 0 -1.1 -1.8 329.0 3.1 0.8 0.75 2.66 0.88 2 2 1 1 1 2 2 1 0.3 0.6 5.0 -1.8 -1.8 -1.8 -1.8 -1.8 -1.8 0.288 0.423 0.076 0.178 0.32 0.278 1 1 1 1 1 1
1965-09-14T17:30:00 1965 9 14 17 30 0 -1.2 -2.6 329.0 3.1 0.67 1.13 3.67 1.14 2 2 1 1 1 2 2 1 0.3 0.54 9.0 -2.6 -2.6 -2.6 -2.6 -2.6 -2.6 0.327 0.472 0.081 0.225 0.377 0.283 1 1 1 1 1 1
1965-09-14T18:30:00 1965 9 14 18 30 0 -0.9 -3.4 329.0 3.1 0.67 1.89 4.99 1.55 2 2 2 2 2 2 2 2 1.0 0.59 8.0 -3.4 -3.4 -3.4 -3.4 -3.4 -3.4 0.392 0.554 0.089 0.309 0.456 0.313 1 2 1 2 2 2
1965-09-14T19:30:00 1965 9 14 19 30 0 0.1 -3.2 329.0 3.1 0.67 2.08 5.41 1.68 2 2 2 2 2 2 2 2 1.0 0.63 4.0 -3.2 -3.2 -3.2 -3.2 -3.2 -3.2 0.443 0.602 0.098 0.365 0.488 0.329 2 2 1 2 2 2
1965-09-14T20:30:00 1965 9 14 20 30 0 1.0 -2.9 329.0 3.1 0.67 1.81 5.0 1.55 2 2 2 2 2 2 2 2 1.0 0.67 -1.0 -2.9 -2.9 -2.9 -2.9 -2.9 -2.9 0.465 0.608 0.106 0.377 0.478 0.327 2 2 1 2 2 2
1965-09-14T21:30:00 1965 9 14 21 30 0 1.0 -2.9 338.0 3.6 0.82 1.75 4.84 1.63 2 2 2 2 2 2 2 2 1.3 0.75 -2.0 -2.9 -2.9 -2.9 -2.9 -2.9 -2.9 0.484 0.621 0.113 0.387 0.493 0.36 2 2 1 2 2 2
1965-09-14T22:30:00 1965 9 14 22 30 0 -1.0 -2.1 338.0 3.6 0.82 1.26 4.17 1.5 2 2 2 2 2 2 2 2 1.3 0.82 -3.0 -2.1 -2.1 -2.1 -2.1 -2.1 -2.1 0.474 0.591 0.118 0.357 0.459 0.366 2 2 1 2 2 2
1965-09-14T23:30:00 1965 9 14 23 30 0 0.6 -2.1 338.0 3.6 0.82 0.91 3.55 1.28 2 2 2 2 2 2 2 2 1.3 0.95 0.0 -2.1 -2.1 -2.1 -2.1 -2.1 -2.1 0.452 0.556 0.122 0.32 0.427 0.356 2 2 2 2 2 2
