1965-01-07T00:30:00 1965 1 7 0 30 0 -0.35 0.12 338.6 8.57 2.39 0.01 0.0 0.0 0 0 1 0 0 0 1 0 0.0 0.38 10.0 -0.7 -0.51 -1.09 -1.06 -0.53 -0.36 0.22 0.301 0.153 0.163 0.229 0.423 0 0 0 0 0 0
1965-01-07T01:30:00 1965 1 7 1 30 0 -0.35 0.12 338.0 8.57 2.39 0.01 0.0 0.0 0 0 1 0 0 0 1 0 0.0 0.37 12.0 -0.7 -0.51 -1.09 -1.06 -0.53 -0.36 0.22 0.301 0.153 0.163 0.228 0.421 0 0 0 0 0 0
1965-01-07T02:30:00 1965 1 7 2 30 0 -0.35 0.12 337.4 8.57 2.39 0.01 0.0 0.0 0 0 1 0 0 0 1 0 0.0 0.33 16.0 -0.7 -0.51 -1.09 -1.06 -0.53 -0.36 0.219 0.301 0.152 0.163 0.227 0.419 0 0 0 0 0 0
1965-01-07T03:30:00 1965 1 7 3 30 0 -0.35 0.12 336.8 8.57 2.39 0.01 0.0 0.0 0 0 1 0 0 0 1 0 1.3 0.46 19.0 -0.7 -0.51 -1.09 -1.06 -0.53 -0.36 0.219 0.301 0.152 0.162 0.227 0.418 0 0 0 0 0 0
1965-01-07T04:30:00 1965 1 7 4 30 0 -0.35 0.12 336.1 8.57 2.39 0.01 0.0 0.0 0 0 1 0 0 0 1 0 1.3 0.59 18.0 -0.7 -0.51 -1.09 -1.06 -0.53 -0.36 0.219 0.301 0.151 0.162 0.226 0.416 0 0 0 0 0 0
1965-01-07T05:30:00 1965 1 7 5 30 0 -0.35 0.12 335.5 8.57 2.39 0.01 0.0 0.0 0 0 1 0 0 0 1 0 1.3 0.67 16.0 -0.7 -0.51 -1.09 -1.06 -0.53 -0.36 0.218 0.301 0.151 0.161 0.225 0.414 0 0 0 0 0 0
1965-01-07T06:30:00 1965 1 7 6 30 0 -0.35 0.12 334.9 8.57 2.39 0.01 0.0 0.0 0 0 1 0 0 0 1 0 0.3 0.62 15.0 -0.7 -0.51 -1.09 -1.06 -0.53 -0.36 0.218 0.301 0.151 0.161 0.225 0.412 0 0 0 0 0 0
1965-01-07T07:30:00 1965 1 7 7 30 0 -0.35 0.12 334.2 8.57 2.39 0.01 0.0 0.0 0 0 1 0 0 0 1 0 0.3 0.57 14.0 -0.7 -0.51 -1.09 -1.06 -0.53 -0.36 0.218 0.3 0.15 0.161 0.224 0.41 0 0 0 0 0 0
1965-01-07T08:30:00 1965 1 7 8 30 0 -0.35 0.12 333.6 8.57 2.39 0.01 0.0 0.0 0 0 1 0 0 0 1 0 0.3 0.6 15.0 -0.7 -0.51 -1.09 -1.06 -0.53 -0.36 0.217 0.3 0.15 0.16 0.223 0.408 0 0 0 0 0 0
1965-01-07T09:30:00 1965 1 7 9 30 0 -0.35 0.12 333.0 8.57 2.39 0.01 0.0 0.0 0 0 2 0 0 1 1 1 0.7 0.68 18.0 -0.7 -0.51 -1.09 -1.06 -0.53 -0.36 0.217 0.3 0.149 0.16 0.223 0.406 0 0 0 0 0 0
1965-01-07T10:30:00 1965 1 7 10 30 0 -0.35 0.12 333.0 8.56 2.39 0.01 0.0 0.0 0 0 2 0 0 1 1 1 0.7 0.77 20.0 -0.7 -0.51 -1.09 -1.06 -0.53 -0.36 0.217 0.3 0.149 0.16 0.222 0.405 0 0 0 0 0 0
1965-01-07T11:30:00 1965 1 7 11 30 0 -0.35 0.12 333.0 8.56 2.39 0.01 0.0 0.0 0 0 2 0 0 1 1 1 0.7 0.69 18.0 -0.7 -0.51 -1.09 -1.06 -0.53 -0.36 0.217 0.3 0.148 0.16 0.222 0.404 0 0 0 0 0 0
1965-01-07T12:30:00 1965 1 7 12 30 0 -0.35 0.12 334.8 8.56 2.39 0.01 0.0 0.0 0 0 1 0 0 0 1 0 1.7 0.76 12.0 -0.7 -0.51 -1.09 -1.06 -0.53 -0.36 0.217 0.3 0.148 0.16 0.223 0.406 0 0 0 0 0 0
1965-01-07T13:30:00 1965 1 7 13 30 0 -0.35 0.12 336.5 8.56 2.39 0.01 0.0 0.0 0 0 1 0 0 0 1 0 1.7 0.82 9.0 -0.7 -0.51 -1.09 -1.06 -0.53 -0.36 0.217 0.3 0.148 0.16 0.225 0.41 0 0 0 0 0 0
1965-01-07T14:30:00 1965 1 7 14 30 0 -0.35 0.12 338.2 8.56 2.39 0.01 0.0 0.0 0 0 1 0 0 0 1 0 1.7 0.99 9.0 -0.7 -0.51 -1.09 -1.06 -0.53 -0.36 0.217 0.3 0.147 0.161 0.226 0.415 0 0 0 0 0 0
1965-01-07T15:30:00 1965 1 7 15 30 0 -0.35 0.12 340.0 8.56 2.39 0.01 0.0 0.0 0 0 2 0 0 1 1 1 2.3 1.24 9.0 -0.7 -0.51 -1.09 -1.06 -0.53 -0.36 0.218 0.301 0.147 0.162 0.228 0.419 0 0 0 0 0 0
1965-01-07T16:30:00 1965 1 7 16 30 0 -0.35 0.12 340.0 8.56 2.39 0.01 0.0 0.0 0 0 2 0 0 1 1 1 2.3 1.49 12.0 -0.7 -0.51 -1.09 -1.06 -0.53 -0.36 0.219 0.301 0.147 0.163 0.229 0.423 0 0 0 0 0 0
1965-01-07T17:30:00 1965 1 7 17 30 0 -0.35 0.12 340.0 8.56 2.39 0.01 0.0 0.0 0 0 2 0 0 1 1 1 2.3 1.69 12.0 -0.7 -0.51 -1.09 -1.06 -0.53 -0.36 0.219 0.301 0.147 0.163 0.229 0.424 0 0 0 0 0 0
1965-01-07T18:30:00 1965 1 7 18 30 0 -0.35 0.12 331.0 8.56 2.39 0.01 0.0 0.0 0 0 2 0 0 1 1 1 1.0 1.72 9.0 -0.7 -0.51 -1.09 -1.06 -0.53 -0.36 0.218 0.301 0.147 0.162 0.225 0.413 0 0 0 0 0 0
1965-01-07T19:30:00 1965 1 7 19 30 0 -0.35 0.12 331.0 8.56 2.39 0.01 0.0 0.0 0 0 2 0 0 1 1 1 1.0 1.74 6.0 -0.7 -0.51 -1.09 -1.06 -0.53 -0.36 0.217 0.3 0.146 0.16 0.222 0.405 0 0 0 0 0 0
1965-01-07T20:30:00 1965 1 7 20 30 0 -0.35 0.12 331.0 8.56 2.39 0.01 0.0 0.0 0 0 2 0 0 1 1 1 1.0 1.65 7.0 -0.7 -0.51 -1.09 -1.06 -0.53 -0.36 0.217 0.3 0.146 0.159 0.22 0.401 0 0 0 0 0 0
1965-01-07T21:30:00 1965 1 7 21 30 0 -0.35 0.12 348.0 8.56 2.39 0.01 0.0 0.0 0 0 2 0 0 1 1 1 2.0 1.69 11.0 -0.7 -0.51 -1.09 -1.06 -0.53 -0.36 0.218 0.301 0.146 0.162 0.229 0.42 0 0 0 0 0 0
1965-01-07T22:30:00 1965 1 7 22 30 0 -0.35 0.12 348.0 8.56 2.39 0.01 0.0 0.0 0 0 2 0 0 1 1 1 2.0 1.73 12.0 -0.7 -0.51 -1.09 -1.06 -0.53 -0.36 0.22 0.301 0.146 0.165 0.235 0.437 0 0 0 0 0 0
1965-01-07T23:30:00 1965 1 7 23 30 0 -0.36 0.12 348.0 8.56 2.39 0.01 0.0 0.0 0 0 2 0 0 1 1 1 2.0 1.7 19.0 -0.7 -0.51 -1.09 -1.06 -0.53 -0.36 0.221 0.302 0.146 0.166 0.237 0.444 0 0 0 0 0 0
