1965-08-02T00:30:00 1965 8 2 0 30 0 -3.1 7.6 417.4 7.57 2.61 0.11 0.0 0.0 2 2 1 0 0 2 2 1 1.0 2.16 13.0 7.6 7.6 7.6 7.6 7.6 7.6 0.086 0.039 0.163 0.046 0.012 0.047 0 0 0 0 0 0
1965-08-02T01:30:00 1965 8 2 1 30 0 1.4 7.3 415.5 7.57 2.61 0.02 0.0 0.0 2 2 1 0 0 2 2 1 1.0 2.11 15.0 7.3 7.3 7.3 7.3 7.3 7.3 0.058 0.019 0.158 0.026 0.004 0.019 0 0 0 0 0 0
1965-08-02T02:30:00 1965 8 2 2 30 0 3.5 7.0 413.6 7.56 2.61 0.07 0.0 0.0 2 2 1 0 0 2 2 1 1.0 1.89 18.0 7.0 7.0 7.0 7.0 7.0 7.0 0.039 0.01 0.153 0.014 0.001 0.008 0 0 0 0 0 0
1965-08-02T03:30:00 1965 8 2 3 30 0 3.8 6.6 411.7 7.56 2.61 0.19 0.0 0.0 2 2 1 0 0 2 2 1 2.0 1.81 20.0 6.6 6.6 6.6 6.6 6.6 6.6 0.027 0.005 0.148 0.008 0.0 0.003 0 0 0 0 0 0
1965-08-02T04:30:00 1965 8 2 4 30 0 3.6 4.6 409.7 7.55 2.61 0.24 0.0 0.0 2 2 1 0 0 2 2 1 2.0 1.73 20.0 4.6 4.6 4.6 4.6 4.6 4.6 0.018 0.002 0.144 0.004 0.0 0.001 0 0 0 0 0 0
1965-08-02T05:30:00 1965 8 2 5 30 0 6.6 2.4 407.8 7.55 2.61 1.03 0.0 0.0 2 2 1 0 0 2 2 1 2.0 1.7 24.0 2.4 2.4 2.4 2.4 2.4 2.4 0.012 0.001 0.139 0.003 0.0 0.001 0 0 0 0 0 0
1965-08-02T06:30:00 1965 8 2 6 30 0 8.0 2.6 405.9 7.55 2.61 2.54 0.0 0.0 2 2 1 0 0 2 2 1 2.3 1.71 20.0 2.6 2.6 2.6 2.6 2.6 2.6 0.008 0.001 0.135 0.001 0.0 0.0 0 0 0 0 0 0
1965-08-02T07:30:00 1965 8 2 7 30 0 2.5 -4.0 404.0 7.54 2.61 3.07 2.8 2.11 2 2 1 0 0 2 2 1 2.3 1.72 21.0 -4.0 -4.0 -4.0 -4.0 -4.0 -4.0 0.184 0.338 0.145 0.219 0.489 0.72 0 0 0 0 0 0
1965-08-02T08:30:00 1965 8 2 8 30 0 4.2 -5.1 402.1 7.54 2.61 6.22 9.26 6.98 2 2 1 0 0 2 2 1 2.3 1.88 11.0 -5.1 -5.1 -5.1 -5.1 -5.1 -5.1 0.531 0.825 0.182 0.705 1.046 1.542 0 0 0 0 0 0
1965-08-02T09:30:00 1965 8 2 9 30 0 5.7 -4.9 400.2 7.54 2.61 8.41 10.01 7.55 2 2 1 0 0 2 2 1 2.7 2.09 -3.0 -4.9 -4.9 -4.9 -4.9 -4.9 -4.9 0.784 1.086 0.221 1.009 1.237 1.897 0 0 0 0 0 0
1965-08-02T10:30:00 1965 8 2 10 30 0 7.4 -3.5 398.2 7.53 2.61 8.55 8.27 6.23 2 2 1 0 0 2 2 1 2.7 2.3 -10.0 -3.5 -3.5 -3.5 -3.5 -3.5 -3.5 0.879 1.118 0.248 1.022 1.153 1.883 0 0 0 0 0 0
1965-08-02T11:30:00 1965 8 2 11 30 0 1.6 -2.8 396.3 7.53 2.61 4.56 6.2 4.67 2 2 1 0 0 2 2 1 2.7 2.38 -4.0 -2.8 -2.8 -2.8 -2.8 -2.8 -2.8 0.869 1.039 0.264 0.893 0.996 1.722 0 0 0 0 0 0
1965-08-02T12:30:00 1965 8 2 12 30 0 0.8 -4.4 394.4 7.52 2.61 3.27 7.25 5.45 2 2 1 0 0 2 2 1 3.3 2.55 0.0 -4.4 -4.4 -4.4 -4.4 -4.4 -4.4 0.923 1.087 0.286 0.938 1.069 1.779 0 0 0 0 0 0
1965-08-02T13:30:00 1965 8 2 13 30 0 4.9 -4.5 392.6 7.52 2.61 5.61 8.76 6.59 2 2 1 0 0 2 2 1 3.3 2.71 1.0 -4.5 -4.5 -4.5 -4.5 -4.5 -4.5 1.005 1.167 0.314 1.048 1.156 1.87 0 0 0 0 0 0
1965-08-02T14:30:00 1965 8 2 14 30 0 4.4 -6.3 391.0 7.52 2.61 8.88 10.72 8.06 2 2 1 0 0 2 2 1 3.3 2.84 1.0 -6.3 -6.3 -6.3 -6.3 -6.3 -6.3 1.147 1.319 0.355 1.301 1.335 2.055 0 0 0 0 0 0
1965-08-02T15:30:00 1965 8 2 15 30 0 4.6 -6.5 389.4 7.51 2.61 10.85 12.5 9.39 2 2 1 0 0 2 2 1 3.0 2.92 -5.0 -6.5 -6.5 -6.5 -6.5 -6.5 -6.5 1.295 1.455 0.403 1.556 1.46 2.198 0 0 0 0 0 0
1965-08-02T16:30:00 1965 8 2 16 30 0 -1.9 -2.3 387.8 7.51 2.61 4.73 8.21 6.17 2 2 1 0 0 2 2 1 3.0 3.0 -12.0 -2.3 -2.3 -2.3 -2.3 -2.3 -2.3 1.198 1.262 0.421 1.28 1.133 1.876 0 0 0 0 0 0
1965-08-02T17:30:00 1965 8 2 17 30 0 -5.1 -0.7 387.0 7.51 2.61 1.96 2.78 2.09 2 2 1 0 0 2 2 1 3.0 3.04 -16.0 -0.7 -0.7 -0.7 -0.7 -0.7 -0.7 0.934 0.884 0.415 0.816 0.668 1.31 0 0 0 0 0 0
1965-08-02T18:30:00 1965 8 2 18 30 0 -5.9 -1.3 387.0 7.5 2.6 3.06 1.98 1.49 2 2 1 0 0 2 2 1 2.7 3.04 -17.0 -1.3 -1.3 -1.3 -1.3 -1.3 -1.3 0.743 0.684 0.408 0.541 0.519 1.063 0 0 0 0 0 0
1965-08-02T19:30:00 1965 8 2 19 30 0 -1.4 -3.4 387.0 7.5 2.6 2.9 4.72 3.54 2 2 1 0 0 2 2 1 2.7 3.03 -17.0 -3.4 -3.4 -3.4 -3.4 -3.4 -3.4 0.742 0.786 0.413 0.574 0.738 1.277 0 0 0 0 0 0
1965-08-02T20:30:00 1965 8 2 20 30 0 -2.8 -0.5 387.0 7.49 2.6 1.48 3.54 2.65 2 2 1 0 0 2 2 1 2.7 2.96 -14.0 -0.5 -0.5 -0.5 -0.5 -0.5 -0.5 0.645 0.671 0.41 0.449 0.566 1.089 0 0 0 0 0 0
1965-08-02T21:30:00 1965 8 2 21 30 0 -4.8 -0.5 387.0 7.49 2.6 1.45 0.97 0.72 2 2 1 0 0 2 2 1 2.3 2.83 -11.0 -0.5 -0.5 -0.5 -0.5 -0.5 -0.5 0.492 0.477 0.4 0.282 0.355 0.791 0 0 0 0 0 0
1965-08-02T22:30:00 1965 8 2 22 30 0 -5.2 -1.8 387.0 7.49 2.6 2.78 2.33 1.75 2 2 1 0 0 2 2 1 2.3 2.7 -11.0 -1.8 -1.8 -1.8 -1.8 -1.8 -1.8 0.465 0.519 0.395 0.271 0.472 0.909 0 0 0 0 0 0
1965-08-02T23:30:00 1965 8 2 23 30 0 -5.3 -1.9 387.0 7.48 2.6 3.59 3.59 2.69 2 2 1 0 0 2 2 1 2.3 2.62 -12.0 -1.9 -1.9 -1.9 -1.9 -1.9 -1.9 0.49 0.606 0.394 0.317 0.586 1.06 0 0 0 0 0 0
