1965-03-07T00:30:00 1965 3 7 0 30 0 -0.51 0.17 345.0 7.99 2.37 0.01 0.0 0.0 0 0 2 0 0 1 1 1 3.0 2.13 -1.0 -0.69 -0.49 -1.08 -1.06 -0.51 -0.34 0.211 0.284 0.143 0.159 0.218 0.377 0 0 0 0 0 0
1965-03-07T01:30:00 1965 3 7 1 30 0 -0.51 0.17 345.0 7.99 2.37 0.01 0.0 0.0 0 0 2 0 0 1 1 1 3.0 2.37 -2.0 -0.69 -0.49 -1.08 -1.06 -0.51 -0.34 0.212 0.284 0.143 0.16 0.221 0.385 0 0 0 0 0 0
1965-03-07T02:30:00 1965 3 7 2 30 0 -0.51 0.17 345.0 7.99 2.37 0.01 0.0 0.0 0 0 2 0 0 1 1 1 3.0 2.5 -4.0 -0.69 -0.49 -1.08 -1.06 -0.51 -0.34 0.213 0.285 0.143 0.161 0.222 0.388 0 0 0 0 0 0
1965-03-07T03:30:00 1965 3 7 3 30 0 -0.51 0.17 348.5 7.99 2.37 0.01 0.0 0.0 0 0 1 0 0 0 1 0 1.7 2.45 -3.0 -0.69 -0.49 -1.08 -1.06 -0.51 -0.34 0.213 0.285 0.143 0.162 0.224 0.393 0 0 0 0 0 0
1965-03-07T04:30:00 1965 3 7 4 30 0 -0.51 0.17 352.0 7.99 2.37 0.01 0.0 0.0 0 0 1 0 0 0 1 0 1.7 2.41 -1.0 -0.69 -0.49 -1.08 -1.06 -0.51 -0.34 0.214 0.285 0.143 0.163 0.227 0.401 0 0 0 0 0 0
1965-03-07T05:30:00 1965 3 7 5 30 0 -0.51 0.17 355.5 7.99 2.37 0.01 0.0 0.0 0 0 1 0 0 0 1 0 1.7 2.33 1.0 -0.69 -0.49 -1.08 -1.06 -0.51 -0.34 0.216 0.286 0.143 0.165 0.231 0.41 0 0 0 0 0 0
1965-03-07T06:30:00 1965 3 7 6 30 0 -0.51 0.17 359.0 7.99 2.37 0.01 0.0 0.0 0 0 2 0 0 1 1 1 1.7 2.25 2.0 -0.69 -0.49 -1.08 -1.06 -0.51 -0.34 0.217 0.286 0.143 0.167 0.234 0.42 0 0 0 0 0 0
1965-03-07T07:30:00 1965 3 7 7 30 0 -0.51 0.17 359.0 7.99 2.37 0.01 0.0 0.0 0 0 2 0 0 1 1 1 1.7 2.17 1.0 -0.69 -0.49 -1.08 -1.06 -0.51 -0.34 0.218 0.286 0.144 0.168 0.236 0.425 0 0 0 0 0 0
1965-03-07T08:30:00 1965 3 7 8 30 0 -0.51 0.17 359.0 7.99 2.37 0.01 0.0 0.0 0 0 2 0 0 1 1 1 1.7 2.01 2.0 -0.69 -0.49 -1.08 -1.06 -0.51 -0.34 0.219 0.287 0.144 0.169 0.237 0.428 0 0 0 0 0 0
1965-03-07T09:30:00 1965 3 7 9 30 0 -0.51 0.17 357.5 7.99 2.37 0.01 0.0 0.0 0 0 1 0 0 0 1 0 1.7 1.85 -3.0 -0.69 -0.49 -1.08 -1.06 -0.51 -0.34 0.219 0.287 0.144 0.169 0.236 0.427 0 0 0 0 0 0
1965-03-07T10:30:00 1965 3 7 10 30 0 -0.51 0.17 356.0 7.99 2.37 0.01 0.0 0.0 0 0 1 0 0 0 1 0 1.7 1.7 -7.0 -0.69 -0.49 -1.08 -1.06 -0.51 -0.34 0.219 0.286 0.145 0.169 0.235 0.424 0 0 0 0 0 0
1965-03-07T11:30:00 1965 3 7 11 30 0 -0.51 0.17 354.5 7.99 2.37 0.01 0.0 0.0 0 0 1 0 0 0 1 0 1.7 1.7 -9.0 -0.69 -0.49 -1.08 -1.06 -0.51 -0.34 0.219 0.286 0.145 0.168 0.234 0.421 0 0 0 0 0 0
1965-03-07T12:30:00 1965 3 7 12 30 0 -0.51 0.17 353.0 7.99 2.37 0.01 0.0 0.0 0 0 2 0 0 1 1 1 2.3 1.78 -6.0 -0.69 -0.49 -1.08 -1.06 -0.51 -0.34 0.219 0.286 0.145 0.168 0.232 0.417 0 0 0 0 0 0
1965-03-07T13:30:00 1965 3 7 13 30 0 -0.51 0.17 353.0 7.99 2.37 0.01 0.0 0.0 0 0 2 0 0 1 1 1 2.3 1.86 -4.0 -0.69 -0.49 -1.08 -1.06 -0.51 -0.34 0.218 0.286 0.145 0.167 0.231 0.414 0 0 0 0 0 0
1965-03-07T14:30:00 1965 3 7 14 30 0 -0.51 0.17 353.0 7.99 2.37 0.01 0.0 0.0 0 0 2 0 0 1 1 1 2.3 1.93 -7.0 -0.69 -0.49 -1.08 -1.06 -0.51 -0.34 0.218 0.286 0.145 0.167 0.231 0.413 0 0 0 0 0 0
1965-03-07T15:30:00 1965 3 7 15 30 0 -0.51 0.17 343.0 7.99 2.37 0.01 0.0 0.0 0 0 2 0 0 1 1 1 2.0 1.97 -6.0 -0.69 -0.49 -1.08 -1.06 -0.51 -0.34 0.217 0.285 0.145 0.165 0.226 0.402 0 0 0 0 0 0
1965-03-07T16:30:00 1965 3 7 16 30 0 -0.51 0.17 343.0 7.99 2.37 0.01 0.0 0.0 0 0 2 0 0 1 1 1 2.0 2.0 -4.0 -0.69 -0.49 -1.08 -1.06 -0.51 -0.34 0.216 0.285 0.145 0.163 0.222 0.392 0 0 0 0 0 0
1965-03-07T17:30:00 1965 3 7 17 30 0 -0.51 0.17 343.0 7.99 2.37 0.01 0.0 0.0 0 0 2 0 0 1 1 1 2.0 2.04 -7.0 -0.69 -0.49 -1.08 -1.06 -0.51 -0.34 0.215 0.285 0.145 0.162 0.221 0.388 0 0 0 0 0 0
1965-03-07T18:30:00 1965 3 7 18 30 0 -0.51 0.17 336.0 7.99 2.37 0.01 0.0 0.0 0 0 2 0 0 1 1 1 1.0 1.94 -7.0 -0.69 -0.49 -1.08 -1.06 -0.51 -0.34 0.213 0.284 0.144 0.16 0.217 0.379 0 0 0 0 0 0
1965-03-07T19:30:00 1965 3 7 19 30 0 -0.51 0.17 336.0 7.99 2.37 0.01 0.0 0.0 0 0 2 0 0 1 1 1 1.0 1.85 -8.0 -0.69 -0.49 -1.08 -1.06 -0.51 -0.34 0.212 0.284 0.144 0.159 0.215 0.371 0 0 0 0 0 0
1965-03-07T20:30:00 1965 3 7 20 30 0 -0.51 0.17 336.0 7.99 2.37 0.01 0.0 0.0 0 0 2 0 0 1 1 1 1.0 1.68 -5.0 -0.69 -0.49 -1.08 -1.06 -0.51 -0.34 0.211 0.284 0.144 0.158 0.214 0.368 0 0 0 0 0 0
1965-03-07T21:30:00 1965 3 7 21 30 0 -0.51 0.17 349.0 7.99 2.37 0.01 0.0 0.0 0 0 2 0 0 1 1 1 0.3 1.43 -6.0 -0.69 -0.49 -1.08 -1.06 -0.51 -0.34 0.212 0.284 0.144 0.159 0.22 0.381 0 0 0 0 0 0
1965-03-07T22:30:00 1965 3 7 22 30 0 -0.51 0.17 349.0 7.99 2.37 0.01 0.0 0.0 0 0 2 0 0 1 1 1 0.3 1.18 -6.0 -0.69 -0.49 -1.08 -1.06 -0.51 -0.34 0.213 0.285 0.144 0.161 0.225 0.393 0 0 0 0 0 0
1965-03-07T23:30:00 1965 3 7 23 30 0 -0.51 0.17 349.0 7.98 2.37 0.01 0.0 0.0 0 0 2 0 0 1 1 1 0.3 0.97 -6.0 -0.69 -0.49 -1.08 -1.06 -0.51 -0.34 0.214 0.285 0.144 0.163 0.226 0.398 0 0 0 0 0 0
