1965-01-22T00:30:00 1965 1 22 0 30 0 -0.39 0.13 369.1 8.42 2.39 0.01 0.0 0.0 0 0 1 0 0 0 1 0 2.7 1.41 11.0 -0.7 -0.5 -1.09 -1.06 -0.52 -0.35 0.231 0.299 0.17 0.178 0.255 0.493 0 0 0 0 0 0
1965-01-22T01:30:00 1965 1 22 1 30 0 -0.39 0.13 370.8 8.42 2.39 0.01 0.0 0.0 0 0 1 0 0 0 1 0 2.7 1.66 13.0 -0.7 -0.5 -1.09 -1.06 -0.52 -0.35 0.232 0.299 0.17 0.179 0.257 0.499 0 0 0 0 0 0
1965-01-22T02:30:00 1965 1 22 2 30 0 -0.39 0.13 372.5 8.42 2.39 0.01 0.0 0.0 0 0 1 0 0 0 1 0 2.7 1.84 12.0 -0.7 -0.5 -1.09 -1.06 -0.52 -0.35 0.233 0.299 0.17 0.18 0.259 0.504 0 0 0 0 0 0
1965-01-22T03:30:00 1965 1 22 3 30 0 -0.39 0.13 374.2 8.42 2.39 0.01 0.0 0.0 0 0 1 0 0 0 1 0 3.7 2.15 8.0 -0.7 -0.5 -1.09 -1.06 -0.52 -0.35 0.234 0.3 0.17 0.181 0.261 0.51 0 0 0 0 0 0
1965-01-22T04:30:00 1965 1 22 4 30 0 -0.39 0.13 375.9 8.42 2.39 0.01 0.0 0.0 0 0 1 0 0 0 1 0 3.7 2.45 7.0 -0.7 -0.5 -1.09 -1.06 -0.52 -0.35 0.235 0.3 0.171 0.182 0.263 0.515 0 0 0 0 0 0
1965-01-22T05:30:00 1965 1 22 5 30 0 -0.39 0.13 377.6 8.42 2.39 0.01 0.0 0.0 0 0 1 0 0 0 1 0 3.7 2.75 -3.0 -0.7 -0.5 -1.09 -1.06 -0.52 -0.35 0.235 0.3 0.171 0.183 0.265 0.521 0 0 0 0 0 0
1965-01-22T06:30:00 1965 1 22 6 30 0 -0.39 0.13 379.3 8.42 2.39 0.01 0.0 0.0 0 0 1 0 0 0 1 0 5.7 3.31 -8.0 -0.7 -0.5 -1.09 -1.06 -0.52 -0.35 0.236 0.3 0.171 0.184 0.267 0.527 0 0 0 0 0 0
1965-01-22T07:30:00 1965 1 22 7 30 0 -0.39 0.13 381.0 8.42 2.39 0.01 0.0 0.0 0 0 1 0 0 0 1 0 5.7 3.86 -6.0 -0.7 -0.5 -1.09 -1.06 -0.52 -0.35 0.237 0.301 0.171 0.186 0.269 0.532 0 0 0 0 0 0
1965-01-22T08:30:00 1965 1 22 8 30 0 -0.39 0.13 382.7 8.42 2.39 0.01 0.0 0.0 0 0 1 0 0 0 1 0 5.7 4.24 -8.0 -0.7 -0.5 -1.09 -1.06 -0.52 -0.35 0.238 0.301 0.172 0.187 0.271 0.538 0 0 0 0 0 0
1965-01-22T09:30:00 1965 1 22 9 30 0 -0.39 0.13 384.4 8.42 2.39 0.01 0.0 0.0 0 0 1 0 0 0 1 0 2.7 4.22 -6.0 -0.7 -0.5 -1.09 -1.06 -0.52 -0.35 0.239 0.301 0.172 0.188 0.273 0.544 0 0 0 0 0 0
1965-01-22T10:30:00 1965 1 22 10 30 0 -0.39 0.13 386.1 8.42 2.38 0.01 0.0 0.0 0 0 1 0 0 0 1 0 2.7 4.19 -7.0 -0.7 -0.5 -1.09 -1.06 -0.52 -0.35 0.24 0.301 0.173 0.189 0.274 0.55 0 0 0 0 0 0
1965-01-22T11:30:00 1965 1 22 11 30 0 -0.39 0.13 387.8 8.42 2.38 0.01 0.0 0.0 0 0 1 0 0 0 1 0 2.7 4.06 -3.0 -0.7 -0.5 -1.09 -1.06 -0.52 -0.35 0.241 0.302 0.173 0.19 0.276 0.556 0 0 0 0 0 0
1965-01-22T12:30:00 1965 1 22 12 30 0 -0.39 0.13 389.5 8.42 2.38 0.01 0.0 0.0 0 0 1 0 0 0 1 0 2.7 3.92 -11.0 -0.7 -0.5 -1.09 -1.06 -0.52 -0.35 0.241 0.302 0.174 0.191 0.278 0.562 0 0 0 0 0 0
1965-01-22T13:30:00 1965 1 22 13 30 0 -0.39 0.13 391.2 8.42 2.38 0.01 0.0 0.0 0 0 1 0 0 0 1 0 2.7 3.79 -11.0 -0.7 -0.5 -1.09 -1.06 -0.52 -0.35 0.242 0.302 0.175 0.192 0.28 0.567 0 0 0 0 0 0
1965-01-22T14:30:00 1965 1 22 14 30 0 -0.39 0.13 392.9 8.42 2.38 0.01 0.0 0.0 0 0 1 0 0 0 1 0 2.7 3.42 -1.0 -0.7 -0.5 -1.09 -1.06 -0.52 -0.35 0.243 0.302 0.175 0.193 0.282 0.573 0 0 0 0 0 0
1965-01-22T15:30:00 1965 1 22 15 30 0 -0.39 0.13 394.6 8.42 2.38 0.01 0.0 0.0 0 0 1 0 0 0 1 0 3.0 3.1 -2.0 -0.7 -0.5 -1.09 -1.06 -0.52 -0.35 0.244 0.303 0.176 0.194 0.284 0.579 0 0 0 0 0 0
1965-01-22T16:30:00 1965 1 22 16 30 0 -0.39 0.13 396.3 8.42 2.38 0.01 0.0 0.0 0 0 1 0 0 0 1 0 3.0 2.78 -4.0 -0.7 -0.5 -1.09 -1.06 -0.52 -0.35 0.245 0.303 0.177 0.195 0.286 0.585 0 0 0 0 0 0
1965-01-22T17:30:00 1965 1 22 17 30 0 -0.39 0.13 398.0 8.42 2.38 0.01 0.0 0.0 0 0 1 0 0 0 1 0 3.0 2.82 -8.0 -0.7 -0.5 -1.09 -1.06 -0.52 -0.35 0.246 0.303 0.177 0.196 0.288 0.592 0 0 0 0 0 0
1965-01-22T18:30:00 1965 1 22 18 30 0 -0.39 0.13 399.7 8.42 2.38 0.01 0.0 0.0 0 0 1 0 0 0 1 0 2.3 2.76 -11.0 -0.7 -0.5 -1.09 -1.06 -0.52 -0.35 0.246 0.303 0.178 0.197 0.29 0.598 0 0 0 0 0 0
1965-01-22T19:30:00 1965 1 22 19 30 0 -0.39 0.13 401.4 8.42 2.38 0.01 0.0 0.0 0 0 1 0 0 0 1 0 2.3 2.71 -13.0 -0.7 -0.5 -1.09 -1.06 -0.52 -0.35 0.247 0.303 0.179 0.198 0.292 0.604 0 0 0 0 0 0
1965-01-22T20:30:00 1965 1 22 20 30 0 -0.39 0.13 403.1 8.41 2.38 0.01 0.0 0.0 0 0 1 0 0 0 1 0 2.3 2.66 -12.0 -0.7 -0.5 -1.09 -1.06 -0.52 -0.35 0.248 0.304 0.18 0.199 0.294 0.61 0 0 0 0 0 0
1965-01-22T21:30:00 1965 1 22 21 30 0 -0.39 0.13 404.0 8.41 2.38 0.01 0.0 0.0 0 0 1 0 0 0 1 0 2.0 2.57 -13.0 -0.7 -0.5 -1.09 -1.06 -0.52 -0.35 0.249 0.304 0.181 0.2 0.296 0.614 0 0 0 0 0 0
1965-01-22T22:30:00 1965 1 22 22 30 0 -0.39 0.13 404.0 8.41 2.38 0.01 0.0 0.0 0 0 1 0 0 0 1 0 2.0 2.48 -7.0 -0.7 -0.5 -1.09 -1.06 -0.52 -0.35 0.249 0.304 0.182 0.201 0.296 0.617 0 0 0 0 0 0
1965-01-22T23:30:00 1965 1 22 23 30 0 -0.39 0.14 404.0 8.41 2.38 0.01 0.0 0.0 0 0 1 0 0 0 1 0 2.0 2.35 -4.0 -0.7 -0.5 -1.09 -1.06 -0.52 -0.35 0.25 0.304 0.183 0.201 0.296 0.618 0 0 0 0 0 0
