1965-07-02T00:30:00 1965 7 2 0 30 0 -0.52 0.21 649.0 7.22 2.47 0.04 0.0 0.0 0 0 1 0 0 0 1 0 1.7 2.78 -1.0 -0.6 -0.42 -0.98 -0.96 -0.43 -0.28 0.315 0.292 0.433 0.302 0.532 1.475 0 0 0 0 0 0
1965-07-02T01:30:00 1965 7 2 1 30 0 -0.52 0.21 649.0 7.22 2.47 0.02 0.0 0.0 0 0 1 0 0 0 1 0 1.7 2.77 -2.0 -0.6 -0.41 -0.98 -0.96 -0.43 -0.28 0.311 0.282 0.436 0.301 0.525 1.436 0 0 0 0 0 0
1965-07-02T02:30:00 1965 7 2 2 30 0 -0.52 0.21 649.0 7.22 2.47 0.02 0.0 0.0 0 0 1 0 0 0 1 0 1.7 2.57 -4.0 -0.6 -0.41 -0.98 -0.96 -0.43 -0.28 0.308 0.276 0.438 0.301 0.523 1.42 0 0 0 0 0 0
1965-07-02T03:30:00 1965 7 2 3 30 0 -0.52 0.21 649.0 7.22 2.47 0.02 0.0 0.0 0 0 1 0 0 0 1 0 1.7 2.37 -4.0 -0.6 -0.41 -0.98 -0.96 -0.43 -0.28 0.306 0.273 0.441 0.301 0.522 1.413 0 0 0 0 0 0
1965-07-02T04:30:00 1965 7 2 4 30 0 -0.52 0.21 649.0 7.22 2.47 0.02 0.0 0.0 0 0 1 0 0 0 1 0 1.7 2.17 -4.0 -0.6 -0.41 -0.98 -0.96 -0.43 -0.28 0.304 0.272 0.443 0.301 0.522 1.41 0 0 0 0 0 0
1965-07-02T05:30:00 1965 7 2 5 30 0 -0.52 0.22 649.0 7.22 2.47 0.02 0.0 0.0 0 0 1 0 0 0 1 0 1.7 2.01 -7.0 -0.6 -0.41 -0.98 -0.96 -0.43 -0.28 0.304 0.271 0.445 0.301 0.522 1.409 0 0 0 0 0 0
1965-07-02T06:30:00 1965 7 2 6 30 0 -0.52 0.22 649.0 7.22 2.47 0.02 0.0 0.0 0 0 1 0 0 0 1 0 2.0 1.89 -8.0 -0.6 -0.41 -0.98 -0.96 -0.43 -0.28 0.303 0.271 0.448 0.301 0.522 1.408 0 0 0 0 0 0
1965-07-02T07:30:00 1965 7 2 7 30 0 -0.52 0.22 649.0 7.22 2.47 0.02 0.0 0.0 0 0 1 0 0 0 1 0 2.0 1.78 -6.0 -0.6 -0.41 -0.98 -0.96 -0.43 -0.28 0.303 0.27 0.45 0.301 0.522 1.408 0 0 0 0 0 0
1965-07-02T08:30:00 1965 7 2 8 30 0 -0.52 0.22 649.0 7.22 2.47 0.02 0.0 0.0 0 0 1 0 0 0 1 0 2.0 1.82 -3.0 -0.6 -0.41 -0.98 -0.96 -0.43 -0.28 0.302 0.27 0.452 0.301 0.522 1.408 0 0 0 0 0 0
1965-07-02T09:30:00 1965 7 2 9 30 0 -0.52 0.22 649.0 7.22 2.47 0.02 0.0 0.0 0 0 2 0 0 1 1 1 1.3 1.76 -2.0 -0.6 -0.41 -0.98 -0.96 -0.43 -0.28 0.302 0.27 0.454 0.301 0.522 1.408 0 0 0 0 0 0
1965-07-02T10:30:00 1965 7 2 10 30 0 -0.52 0.22 649.0 7.22 2.47 0.02 0.0 0.0 0 0 2 0 0 1 1 1 1.3 1.71 -2.0 -0.6 -0.41 -0.98 -0.96 -0.43 -0.28 0.302 0.27 0.456 0.301 0.522 1.408 0 0 0 0 0 0
1965-07-02T11:30:00 1965 7 2 11 30 0 -0.52 0.22 649.0 7.23 2.47 0.02 0.0 0.0 0 0 2 0 0 1 1 1 1.3 1.66 -4.0 -0.6 -0.41 -0.98 -0.96 -0.43 -0.28 0.302 0.27 0.458 0.301 0.522 1.409 0 0 0 0 0 0
1965-07-02T12:30:00 1965 7 2 12 30 0 -0.52 0.22 641.5 7.23 2.47 0.02 0.0 0.0 0 0 1 0 0 0 1 0 1.7 1.66 -10.0 -0.6 -0.41 -0.98 -0.96 -0.43 -0.28 0.301 0.27 0.459 0.299 0.517 1.394 0 0 0 0 0 0
1965-07-02T13:30:00 1965 7 2 13 30 0 -0.52 0.22 634.1 7.23 2.47 0.02 0.0 0.0 0 0 1 0 0 0 1 0 1.7 1.66 -9.0 -0.6 -0.41 -0.98 -0.96 -0.43 -0.28 0.3 0.27 0.46 0.297 0.509 1.366 0 0 0 0 0 0
1965-07-02T14:30:00 1965 7 2 14 30 0 -0.52 0.22 626.6 7.23 2.47 0.02 0.0 0.0 0 0 1 0 0 0 1 0 1.7 1.62 -5.0 -0.6 -0.41 -0.98 -0.96 -0.43 -0.28 0.298 0.269 0.461 0.293 0.5 1.332 0 0 0 0 0 0
1965-07-02T15:30:00 1965 7 2 15 30 0 -0.52 0.23 619.1 7.23 2.48 0.02 0.0 0.0 0 0 1 0 0 0 1 0 1.0 1.5 -3.0 -0.6 -0.41 -0.98 -0.96 -0.43 -0.28 0.296 0.269 0.461 0.29 0.491 1.296 0 0 0 0 0 0
1965-07-02T16:30:00 1965 7 2 16 30 0 -0.52 0.23 611.6 7.23 2.48 0.02 0.0 0.0 0 0 1 0 0 0 1 0 1.0 1.37 -1.0 -0.6 -0.41 -0.98 -0.96 -0.43 -0.28 0.294 0.268 0.461 0.286 0.482 1.26 0 0 0 0 0 0
1965-07-02T17:30:00 1965 7 2 17 30 0 -0.52 0.23 604.2 7.23 2.48 0.02 0.0 0.0 0 0 1 0 0 0 1 0 1.0 1.33 -1.0 -0.6 -0.41 -0.98 -0.96 -0.43 -0.28 0.291 0.268 0.46 0.282 0.472 1.224 0 0 0 0 0 0
1965-07-02T18:30:00 1965 7 2 18 30 0 -0.52 0.23 596.7 7.23 2.48 0.02 0.0 0.0 0 0 1 0 0 0 1 0 1.0 1.29 -3.0 -0.6 -0.41 -0.98 -0.96 -0.43 -0.28 0.289 0.267 0.459 0.277 0.463 1.189 0 0 0 0 0 0
1965-07-02T19:30:00 1965 7 2 19 30 0 -0.52 0.23 589.2 7.23 2.48 0.02 0.0 0.0 0 0 1 0 0 0 1 0 1.0 1.25 -3.0 -0.6 -0.41 -0.98 -0.96 -0.43 -0.28 0.286 0.266 0.458 0.273 0.454 1.154 0 0 0 0 0 0
1965-07-02T20:30:00 1965 7 2 20 30 0 -0.52 0.23 581.7 7.23 2.48 0.02 0.0 0.0 0 0 1 0 0 0 1 0 1.0 1.17 -1.0 -0.6 -0.41 -0.98 -0.96 -0.43 -0.28 0.283 0.266 0.457 0.269 0.445 1.119 0 0 0 0 0 0
1965-07-02T21:30:00 1965 7 2 21 30 0 -0.52 0.23 574.3 7.23 2.48 0.02 0.0 0.0 0 0 1 0 0 0 1 0 1.3 1.12 -3.0 -0.6 -0.41 -0.98 -0.96 -0.43 -0.28 0.28 0.265 0.455 0.265 0.436 1.086 0 0 0 0 0 0
1965-07-02T22:30:00 1965 7 2 22 30 0 -0.52 0.23 566.8 7.23 2.48 0.02 0.0 0.0 0 0 1 0 0 0 1 0 1.3 1.08 -5.0 -0.6 -0.41 -0.98 -0.96 -0.43 -0.28 0.278 0.265 0.452 0.261 0.427 1.053 0 0 0 0 0 0
1965-07-02T23:30:00 1965 7 2 23 30 0 -0.52 0.23 559.3 7.24 2.48 0.02 0.0 0.0 0 0 1 0 0 0 1 0 1.3 1.12 -8.0 -0.6 -0.41 -0.98 -0.96 -0.43 -0.28 0.275 0.264 0.45 0.256 0.418 1.021 0 0 0 0 0 0
