1963-09-26T00:30:00 1963 9 26 0 30 0 0.1 0.03 373.2 10.52 2.51 0.0 0.0 0.0 0 0 0 0 0 0 0 0 2.3 3.52 -43.0 -0.73 -0.54 -1.1 -1.07 -0.56 -0.4 0.266 0.35 0.193 0.203 0.301 0.733 0 0 0 0 0 0
1963-09-26T01:30:00 1963 9 26 1 30 0 0.1 0.03 373.2 10.52 2.51 0.0 0.0 0.0 0 0 0 0 0 0 0 0 2.3 3.07 -40.0 -0.73 -0.54 -1.1 -1.07 -0.56 -0.4 0.266 0.35 0.193 0.203 0.301 0.733 0 0 0 0 0 0
1963-09-26T02:30:00 1963 9 26 2 30 0 0.1 0.03 373.2 10.52 2.51 0.0 0.0 0.0 0 0 0 0 0 0 0 0 2.3 2.86 -35.0 -0.73 -0.54 -1.1 -1.07 -0.56 -0.4 0.266 0.35 0.193 0.203 0.301 0.733 0 0 0 0 0 0
1963-09-26T03:30:00 1963 9 26 3 30 0 0.1 0.03 373.2 10.52 2.51 0.0 0.0 0.0 0 0 0 0 0 0 0 0 5.3 3.04 -37.0 -0.73 -0.54 -1.1 -1.07 -0.56 -0.4 0.266 0.35 0.193 0.203 0.301 0.733 0 0 0 0 0 0
1963-09-26T04:30:00 1963 9 26 4 30 0 0.1 0.03 373.2 10.52 2.51 0.0 0.0 0.0 0 0 0 0 0 0 0 0 5.3 3.23 -53.0 -0.73 -0.54 -1.1 -1.07 -0.56 -0.4 0.266 0.35 0.193 0.203 0.301 0.733 0 0 0 0 0 0
1963-09-26T05:30:00 1963 9 26 5 30 0 0.1 0.03 373.2 10.52 2.51 0.0 0.0 0.0 0 0 0 0 0 0 0 0 5.3 3.56 -60.0 -0.73 -0.54 -1.1 -1.07 -0.56 -0.4 0.266 0.35 0.193 0.203 0.301 0.733 0 0 0 0 0 0
1963-09-26T06:30:00 1963 9 26 6 30 0 0.1 0.03 373.2 10.52 2.51 0.0 0.0 0.0 0 0 0 0 0 0 0 0 4.0 3.72 -55.0 -0.73 -0.54 -1.1 -1.07 -0.56 -0.4 0.266 0.35 0.193 0.203 0.301 0.733 0 0 0 0 0 0
1963-09-26T07:30:00 1963 9 26 7 30 0 0.1 0.03 373.2 10.52 2.51 0.0 0.0 0.0 0 0 0 0 0 0 0 0 4.0 3.88 -43.0 -0.73 -0.54 -1.1 -1.07 -0.56 -0.4 0.266 0.35 0.193 0.203 0.301 0.733 0 0 0 0 0 0
1963-09-26T08:30:00 1963 9 26 8 30 0 0.1 0.03 373.2 10.52 2.51 0.0 0.0 0.0 0 0 0 0 0 0 0 0 4.0 4.08 -44.0 -0.73 -0.54 -1.1 -1.07 -0.56 -0.4 0.266 0.35 0.193 0.203 0.301 0.733 0 0 0 0 0 0
1963-09-26T09:30:00 1963 9 26 9 30 0 0.1 0.03 373.3 10.52 2.51 0.0 0.0 0.0 0 0 0 0 0 0 0 0 3.3 4.18 -45.0 -0.73 -0.54 -1.1 -1.07 -0.56 -0.4 0.266 0.35 0.193 0.203 0.301 0.733 0 0 0 0 0 0
1963-09-26T10:30:00 1963 9 26 10 30 0 0.1 0.03 373.3 10.52 2.51 0.0 0.0 0.0 0 0 0 0 0 0 0 0 3.3 4.29 -49.0 -0.73 -0.54 -1.1 -1.07 -0.56 -0.4 0.266 0.35 0.193 0.203 0.301 0.733 0 0 0 0 0 0
1963-09-26T11:30:00 1963 9 26 11 30 0 0.1 0.03 373.3 10.52 2.51 0.0 0.0 0.0 0 0 0 0 0 0 0 0 3.3 4.04 -52.0 -0.73 -0.54 -1.1 -1.07 -0.56 -0.4 0.266 0.35 0.193 0.203 0.301 0.733 0 0 0 0 0 0
1963-09-26T12:30:00 1963 9 26 12 30 0 0.1 0.03 373.3 10.52 2.51 0.0 0.0 0.0 0 0 0 0 0 0 0 0 3.7 3.85 -47.0 -0.73 -0.54 -1.1 -1.07 -0.56 -0.4 0.266 0.35 0.193 0.203 0.301 0.733 0 0 0 0 0 0
1963-09-26T13:30:00 1963 9 26 13 30 0 0.1 0.03 373.3 10.52 2.51 0.0 0.0 0.0 0 0 0 0 0 0 0 0 3.7 3.66 -45.0 -0.73 -0.54 -1.1 -1.07 -0.56 -0.4 0.266 0.35 0.193 0.203 0.301 0.733 0 0 0 0 0 0
1963-09-26T14:30:00 1963 9 26 14 30 0 0.1 0.03 373.3 10.52 2.51 0.0 0.0 0.0 0 0 0 0 0 0 0 0 3.7 3.62 -45.0 -0.73 -0.54 -1.1 -1.07 -0.56 -0.4 0.266 0.35 0.193 0.203 0.301 0.733 0 0 0 0 0 0
1963-09-26T15:30:00 1963 9 26 15 30 0 0.1 0.03 373.3 10.52 2.51 0.0 0.0 0.0 0 0 0 0 0 0 0 0 4.7 3.72 -44.0 -0.73 -0.54 -1.1 -1.07 -0.56 -0.4 0.266 0.35 0.193 0.203 0.301 0.733 0 0 0 0 0 0
1963-09-26T16:30:00 1963 9 26 16 30 0 0.1 0.03 373.3 10.52 2.51 0.0 0.0 0.0 0 0 0 0 0 0 0 0 4.7 3.82 -49.0 -0.73 -0.54 -1.1 -1.07 -0.56 -0.4 0.266 0.35 0.193 0.203 0.301 0.733 0 0 0 0 0 0
1963-09-26T17:30:00 1963 9 26 17 30 0 0.1 0.03 373.3 10.52 2.51 0.0 0.0 0.0 0 0 0 0 0 0 0 0 4.7 3.99 -47.0 -0.73 -0.54 -1.1 -1.07 -0.56 -0.4 0.266 0.35 0.193 0.203 0.301 0.733 0 0 0 0 0 0
1963-09-26T18:30:00 1963 9 26 18 30 0 0.1 0.03 373.3 10.52 2.51 0.0 0.0 0.0 0 0 0 0 0 0 0 0 3.3 3.98 -46.0 -0.73 -0.54 -1.1 -1.07 -0.56 -0.4 0.266 0.35 0.193 0.203 0.301 0.733 0 0 0 0 0 0
1963-09-26T19:30:00 1963 9 26 19 30 0 0.1 0.03 373.3 10.52 2.51 0.0 0.0 0.0 0 0 0 0 0 0 0 0 3.3 3.97 -45.0 -0.73 -0.54 -1.1 -1.07 -0.56 -0.4 0.266 0.35 0.193 0.203 0.301 0.733 0 0 0 0 0 0
1963-09-26T20:30:00 1963 9 26 20 30 0 0.1 0.03 373.3 10.52 2.51 0.0 0.0 0.0 0 0 0 0 0 0 0 0 3.3 3.92 -44.0 -0.73 -0.54 -1.1 -1.07 -0.56 -0.4 0.266 0.35 0.193 0.203 0.301 0.733 0 0 0 0 0 0
1963-09-26T21:30:00 1963 9 26 21 30 0 0.1 0.03 373.3 10.52 2.51 0.0 0.0 0.0 0 0 0 0 0 0 0 0 4.0 3.95 -48.0 -0.73 -0.54 -1.1 -1.07 -0.56 -0.4 0.266 0.35 0.193 0.203 0.301 0.733 0 0 0 0 0 0
1963-09-26T22:30:00 1963 9 26 22 30 0 0.1 0.03 373.3 10.52 2.51 0.0 0.0 0.0 0 0 0 0 0 0 0 0 4.0 3.99 -55.0 -0.73 -0.54 -1.1 -1.07 -0.56 -0.4 0.266 0.35 0.193 0.203 0.301 0.733 0 0 0 0 0 0
1963-09-26T23:30:00 1963 9 26 23 30 0 0.1 0.03 373.3 10.52 2.51 0.0 0.0 0.0 0 0 0 0 0 0 0 0 4.0 3.91 -55.0 -0.73 -0.54 -1.1 -1.07 -0.56 -0.4 0.266 0.35 0.193 0.203 0.301 0.733 0 0 0 0 0 0
