1963-12-12T00:30:00 1963 12 12 0 30 0 4.5 1.6 310.0 11.0 2.11 1.06 0.0 0.0 2 2 2 2 2 2 2 2 1.0 0.39 -1.0 1.6 1.6 1.6 1.6 1.6 1.6 0.0 0.0 0.031 0.0 0.0 0.0 2 2 1 2 2 2
1963-12-12T01:30:00 1963 12 12 1 30 0 4.4 1.7 310.0 11.0 2.11 0.72 0.0 0.0 2 2 2 2 2 2 2 2 1.0 0.48 -1.0 1.7 1.7 1.7 1.7 1.7 1.7 0.0 0.0 0.03 0.0 0.0 0.0 2 2 1 2 2 2
1963-12-12T02:30:00 1963 12 12 2 30 0 4.5 0.8 310.0 11.0 2.11 0.83 0.0 0.0 2 2 2 2 2 2 2 2 1.0 0.57 0.0 0.8 0.8 0.8 0.8 0.8 0.8 0.0 0.0 0.029 0.0 0.0 0.0 2 2 1 2 2 2
1963-12-12T03:30:00 1963 12 12 3 30 0 4.7 0.3 318.0 11.0 2.22 1.12 0.0 0.0 2 2 2 2 2 2 2 2 0.3 0.57 -1.0 0.3 0.3 0.3 0.3 0.3 0.3 0.0 0.0 0.028 0.0 0.0 0.0 2 2 1 2 2 2
1963-12-12T04:30:00 1963 12 12 4 30 0 4.3 -0.2 318.0 11.0 2.22 1.26 0.08 0.09 2 2 2 2 2 2 2 2 0.3 0.56 0.0 -0.2 -0.2 -0.2 -0.2 -0.2 -0.2 0.01 0.041 0.028 0.003 0.04 0.107 2 2 1 2 2 2
1963-12-12T05:30:00 1963 12 12 5 30 0 4.37 -0.29 318.0 11.0 2.22 1.3 0.4 0.44 1 1 2 2 2 1 2 2 0.3 0.56 0.0 -0.29 -0.29 -0.29 -0.29 -0.29 -0.29 0.038 0.128 0.027 0.014 0.109 0.291 1 1 1 1 1 1
1963-12-12T06:30:00 1963 12 12 6 30 0 4.43 -0.71 322.0 12.3 2.55 1.48 0.83 0.98 1 1 2 2 2 1 2 2 0.3 0.56 -4.0 -0.71 -0.71 -0.71 -0.71 -0.71 -0.71 0.09 0.252 0.028 0.043 0.211 0.547 1 1 1 1 1 1
1963-12-12T07:30:00 1963 12 12 7 30 0 4.5 -0.8 322.0 12.3 2.55 1.66 1.22 1.5 2 2 2 2 2 2 2 2 0.3 0.55 -6.0 -0.8 -0.8 -0.8 -0.8 -0.8 -0.8 0.146 0.359 0.03 0.076 0.283 0.749 2 2 1 2 2 2
1963-12-12T08:30:00 1963 12 12 8 30 0 4.5 -0.6 322.0 12.3 2.55 1.64 1.11 1.37 1 1 2 2 2 1 2 2 0.3 0.47 -5.0 -0.78 -0.74 -0.85 -0.84 -0.75 -0.72 0.185 0.41 0.032 0.099 0.305 0.822 1 1 1 1 1 1
1963-12-12T09:30:00 1963 12 12 9 30 0 3.65 0.14 321.2 12.3 2.55 1.15 0.35 0.43 1 1 1 1 1 1 1 1 0.7 0.44 -2.0 -0.69 -0.53 -1.01 -0.99 -0.54 -0.4 0.206 0.4 0.035 0.123 0.278 0.751 1 1 1 1 1 1
1963-12-12T10:30:00 1963 12 12 10 30 0 2.06 0.28 320.5 12.3 2.56 0.47 0.0 0.0 1 0 1 1 1 1 1 1 0.7 0.4 -4.0 -0.68 -0.49 -1.05 -1.02 -0.51 -0.34 0.216 0.374 0.038 0.142 0.251 0.656 1 1 1 1 0 1
1963-12-12T11:30:00 1963 12 12 11 30 0 0.48 0.28 319.8 12.02 2.58 0.08 0.0 0.0 1 0 1 1 1 1 1 1 0.7 0.46 -4.0 -0.68 -0.49 -1.05 -1.02 -0.51 -0.34 0.222 0.357 0.041 0.153 0.239 0.598 1 0 1 0 0 0
1963-12-12T12:30:00 1963 12 12 12 30 0 -0.12 0.27 319.0 11.69 2.61 0.0 0.0 0.0 0 0 1 1 1 0 1 1 0.3 0.45 -3.0 -0.68 -0.49 -1.05 -1.03 -0.51 -0.35 0.225 0.346 0.044 0.159 0.233 0.565 0 0 1 0 0 0
1963-12-12T13:30:00 1963 12 12 13 30 0 -0.12 0.27 318.2 11.35 2.63 0.0 0.0 0.0 0 0 1 1 1 0 1 1 0.3 0.45 -1.0 -0.68 -0.49 -1.05 -1.03 -0.51 -0.35 0.226 0.339 0.046 0.161 0.229 0.539 0 0 1 0 0 0
1963-12-12T14:30:00 1963 12 12 14 30 0 -0.12 0.27 317.5 11.02 2.63 0.0 0.0 0.0 0 0 1 1 0 0 1 1 0.3 0.45 1.0 -0.68 -0.49 -1.05 -1.03 -0.51 -0.35 0.225 0.333 0.049 0.161 0.225 0.515 0 0 1 0 0 0
1963-12-12T15:30:00 1963 12 12 15 30 0 -0.12 0.27 316.8 10.84 2.63 0.0 0.0 0.0 0 0 1 0 0 0 1 0 0.0 0.41 2.0 -0.68 -0.49 -1.05 -1.03 -0.51 -0.35 0.225 0.328 0.051 0.161 0.222 0.496 0 0 1 0 0 0
1963-12-12T16:30:00 1963 12 12 16 30 0 -0.12 0.27 316.0 10.84 2.63 0.0 0.0 0.0 0 0 1 0 0 0 1 0 0.0 0.37 1.0 -0.68 -0.49 -1.05 -1.03 -0.51 -0.35 0.224 0.325 0.053 0.16 0.22 0.485 0 0 1 0 0 0
1963-12-12T17:30:00 1963 12 12 17 30 0 -0.12 0.26 315.2 10.84 2.63 0.0 0.0 0.0 0 0 1 0 0 0 1 0 0.0 0.28 0.0 -0.68 -0.49 -1.05 -1.03 -0.51 -0.35 0.223 0.324 0.056 0.159 0.219 0.478 0 0 1 0 0 0
1963-12-12T18:30:00 1963 12 12 18 30 0 -0.12 0.26 314.5 14.82 2.63 0.0 0.0 0.0 0 0 1 1 0 0 1 1 0.7 0.29 1.0 -0.68 -0.49 -1.05 -1.03 -0.51 -0.35 0.228 0.34 0.058 0.165 0.233 0.568 0 0 1 0 0 0
1963-12-12T19:30:00 1963 12 12 19 30 0 -0.11 0.26 313.8 22.2 2.7 0.0 0.0 0.0 0 0 1 1 1 0 1 1 0.7 0.29 1.0 -0.68 -0.49 -1.05 -1.03 -0.51 -0.35 0.244 0.383 0.061 0.182 0.264 0.839 0 0 1 0 0 0
1963-12-12T20:30:00 1963 12 12 20 30 0 -0.11 0.26 313.0 29.57 4.37 0.0 0.0 0.0 0 0 1 1 1 0 1 1 0.7 0.34 3.0 -0.68 -0.49 -1.05 -1.03 -0.51 -0.35 0.267 0.437 0.064 0.203 0.3 1.247 0 0 1 0 0 0
1963-12-12T21:30:00 1963 12 12 21 30 0 -0.11 0.26 312.2 36.95 6.05 0.0 0.0 0.0 0 0 1 1 1 0 1 1 2.7 0.66 7.0 -0.68 -0.49 -1.06 -1.03 -0.51 -0.35 0.292 0.493 0.068 0.226 0.332 1.733 0 0 0 0 0 0
1963-12-12T22:30:00 1963 12 12 22 30 0 0.21 0.25 311.5 43.0 7.72 0.0 0.0 0.0 1 0 1 1 1 1 1 1 2.7 0.97 10.0 -0.68 -0.49 -1.06 -1.03 -0.51 -0.35 0.316 0.544 0.073 0.247 0.359 2.225 0 0 0 0 0 0
1963-12-12T23:30:00 1963 12 12 23 30 0 1.07 0.25 310.8 43.0 8.26 0.02 0.0 0.0 1 0 1 1 1 1 1 1 2.7 1.31 4.0 -0.69 -0.5 -1.06 -1.03 -0.51 -0.35 0.336 0.578 0.077 0.26 0.37 2.509 0 0 0 0 0 0
