1963-07-20T00:30:00 1963 7 20 0 30 0 0.09 0.05 362.8 10.54 2.52 0.0 0.0 0.0 0 0 0 0 0 0 0 0 0.7 1.25 3.0 -0.73 -0.54 -1.09 -1.07 -0.56 -0.39 0.26 0.348 0.179 0.196 0.288 0.677 0 0 0 0 0 0
1963-07-20T01:30:00 1963 7 20 1 30 0 0.09 0.05 362.8 10.54 2.52 0.0 0.0 0.0 0 0 0 0 0 0 0 0 0.7 1.17 7.0 -0.73 -0.54 -1.09 -1.07 -0.56 -0.39 0.26 0.348 0.179 0.196 0.288 0.677 0 0 0 0 0 0
1963-07-20T02:30:00 1963 7 20 2 30 0 0.09 0.05 362.8 10.54 2.52 0.0 0.0 0.0 0 0 0 0 0 0 0 0 0.7 1.01 11.0 -0.73 -0.54 -1.09 -1.07 -0.56 -0.39 0.26 0.348 0.179 0.196 0.288 0.677 0 0 0 0 0 0
1963-07-20T03:30:00 1963 7 20 3 30 0 0.09 0.05 362.8 10.54 2.52 0.0 0.0 0.0 0 0 0 0 0 0 0 0 1.0 0.89 15.0 -0.73 -0.54 -1.09 -1.07 -0.56 -0.39 0.26 0.348 0.179 0.196 0.288 0.677 0 0 0 0 0 0
1963-07-20T04:30:00 1963 7 20 4 30 0 0.09 0.05 362.8 10.54 2.52 0.0 0.0 0.0 0 0 0 0 0 0 0 0 1.0 0.78 15.0 -0.73 -0.54 -1.09 -1.07 -0.56 -0.39 0.26 0.348 0.179 0.196 0.288 0.677 0 0 0 0 0 0
1963-07-20T05:30:00 1963 7 20 5 30 0 0.09 0.05 362.8 10.54 2.52 0.0 0.0 0.0 0 0 0 0 0 0 0 0 1.0 0.82 14.0 -0.73 -0.54 -1.09 -1.07 -0.56 -0.39 0.26 0.348 0.179 0.196 0.288 0.677 0 0 0 0 0 0
1963-07-20T06:30:00 1963 7 20 6 30 0 0.09 0.05 362.8 10.54 2.52 0.0 0.0 0.0 0 0 0 0 0 0 0 0 0.7 0.81 14.0 -0.73 -0.54 -1.09 -1.07 -0.56 -0.39 0.26 0.348 0.179 0.196 0.288 0.677 0 0 0 0 0 0
1963-07-20T07:30:00 1963 7 20 7 30 0 0.09 0.05 362.8 10.54 2.52 0.0 0.0 0.0 0 0 0 0 0 0 0 0 0.7 0.81 15.0 -0.73 -0.54 -1.09 -1.07 -0.56 -0.39 0.26 0.348 0.179 0.196 0.288 0.677 0 0 0 0 0 0
1963-07-20T08:30:00 1963 7 20 8 30 0 0.09 0.05 362.8 10.54 2.52 0.0 0.0 0.0 0 0 0 0 0 0 0 0 0.7 0.81 14.0 -0.73 -0.54 -1.09 -1.07 -0.56 -0.39 0.26 0.348 0.179 0.196 0.288 0.677 0 0 0 0 0 0
1963-07-20T09:30:00 1963 7 20 9 30 0 0.09 0.05 362.8 10.54 2.52 0.0 0.0 0.0 0 0 0 0 0 0 0 0 1.0 0.85 10.0 -0.73 -0.54 -1.09 -1.07 -0.56 -0.39 0.26 0.348 0.179 0.196 0.288 0.677 0 0 0 0 0 0
1963-07-20T10:30:00 1963 7 20 10 30 0 0.09 0.05 362.9 10.54 2.52 0.0 0.0 0.0 0 0 0 0 0 0 0 0 1.0 0.89 7.0 -0.73 -0.54 -1.09 -1.07 -0.56 -0.39 0.26 0.348 0.179 0.196 0.288 0.677 0 0 0 0 0 0
1963-07-20T11:30:00 1963 7 20 11 30 0 0.09 0.05 362.9 10.54 2.52 0.0 0.0 0.0 0 0 0 0 0 0 0 0 1.0 0.89 13.0 -0.73 -0.54 -1.09 -1.07 -0.56 -0.39 0.26 0.348 0.179 0.196 0.288 0.677 0 0 0 0 0 0
1963-07-20T12:30:00 1963 7 20 12 30 0 0.09 0.05 362.9 10.54 2.52 0.0 0.0 0.0 0 0 0 0 0 0 0 0 1.0 0.89 21.0 -0.73 -0.54 -1.09 -1.07 -0.56 -0.39 0.26 0.348 0.179 0.196 0.288 0.678 0 0 0 0 0 0
1963-07-20T13:30:00 1963 7 20 13 30 0 0.09 0.05 362.9 10.54 2.52 0.0 0.0 0.0 0 0 0 0 0 0 0 0 1.0 0.89 28.0 -0.73 -0.54 -1.09 -1.07 -0.56 -0.39 0.26 0.348 0.179 0.196 0.288 0.678 0 0 0 0 0 0
1963-07-20T14:30:00 1963 7 20 14 30 0 0.09 0.05 362.9 10.54 2.52 0.0 0.0 0.0 0 0 0 0 0 0 0 0 1.0 0.93 35.0 -0.73 -0.54 -1.09 -1.07 -0.56 -0.39 0.26 0.348 0.179 0.196 0.288 0.678 0 0 0 0 0 0
1963-07-20T15:30:00 1963 7 20 15 30 0 0.09 0.05 362.9 10.54 2.52 0.0 0.0 0.0 0 0 0 0 0 0 0 0 2.7 1.19 42.0 -0.73 -0.54 -1.09 -1.07 -0.56 -0.39 0.26 0.348 0.179 0.196 0.288 0.678 0 0 0 0 0 0
1963-07-20T16:30:00 1963 7 20 16 30 0 0.09 0.05 362.9 10.54 2.52 0.0 0.0 0.0 0 0 0 0 0 0 0 0 2.7 1.44 45.0 -0.73 -0.54 -1.09 -1.07 -0.56 -0.39 0.26 0.348 0.179 0.196 0.288 0.678 0 0 0 0 0 0
1963-07-20T17:30:00 1963 7 20 17 30 0 0.09 0.05 362.9 10.54 2.52 0.0 0.0 0.0 0 0 0 0 0 0 0 0 2.7 1.66 40.0 -0.73 -0.54 -1.09 -1.07 -0.56 -0.39 0.26 0.348 0.179 0.196 0.288 0.678 0 0 0 0 0 0
1963-07-20T18:30:00 1963 7 20 18 30 0 0.09 0.05 362.9 10.54 2.52 0.0 0.0 0.0 0 0 0 0 0 0 0 0 3.3 1.95 42.0 -0.73 -0.54 -1.09 -1.07 -0.56 -0.39 0.26 0.348 0.179 0.196 0.288 0.678 0 0 0 0 0 0
1963-07-20T19:30:00 1963 7 20 19 30 0 0.09 0.05 362.9 10.54 2.52 0.0 0.0 0.0 0 0 0 0 0 0 0 0 3.3 2.24 37.0 -0.73 -0.54 -1.09 -1.07 -0.56 -0.39 0.26 0.348 0.179 0.196 0.288 0.678 0 0 0 0 0 0
1963-07-20T20:30:00 1963 7 20 20 30 0 0.09 0.05 362.9 10.54 2.52 0.0 0.0 0.0 0 0 0 0 0 0 0 0 3.3 2.53 26.0 -0.73 -0.54 -1.09 -1.07 -0.56 -0.39 0.26 0.348 0.179 0.196 0.288 0.678 0 0 0 0 0 0
1963-07-20T21:30:00 1963 7 20 21 30 0 0.09 0.05 362.9 10.54 2.52 0.0 0.0 0.0 0 0 0 0 0 0 0 0 1.7 2.6 18.0 -0.73 -0.54 -1.09 -1.07 -0.56 -0.39 0.26 0.348 0.179 0.196 0.288 0.678 0 0 0 0 0 0
1963-07-20T22:30:00 1963 7 20 22 30 0 0.09 0.05 362.9 10.54 2.52 0.0 0.0 0.0 0 0 0 0 0 0 0 0 1.7 2.67 17.0 -0.73 -0.54 -1.09 -1.07 -0.56 -0.39 0.26 0.348 0.179 0.196 0.288 0.678 0 0 0 0 0 0
1963-07-20T23:30:00 1963 7 20 23 30 0 0.09 0.05 362.9 10.54 2.52 0.0 0.0 0.0 0 0 0 0 0 0 0 0 1.7 2.54 19.0 -0.73 -0.54 -1.09 -1.07 -0.56 -0.39 0.26 0.348 0.179 0.196 0.288 0.678 0 0 0 0 0 0
