1963-08-05T00:30:00 1963 8 5 0 30 0 0.09 0.04 365.2 10.54 2.52 0.0 0.0 0.0 0 0 0 0 0 0 0 0 3.3 3.3 -10.0 -0.73 -0.54 -1.09 -1.07 -0.56 -0.39 0.262 0.349 0.181 0.197 0.291 0.688 0 0 0 0 0 0
1963-08-05T01:30:00 1963 8 5 1 30 0 0.09 0.04 365.2 10.54 2.52 0.0 0.0 0.0 0 0 0 0 0 0 0 0 3.3 3.45 -11.0 -0.73 -0.54 -1.09 -1.07 -0.56 -0.39 0.262 0.349 0.181 0.197 0.291 0.688 0 0 0 0 0 0
1963-08-05T02:30:00 1963 8 5 2 30 0 0.09 0.04 365.3 10.54 2.52 0.0 0.0 0.0 0 0 0 0 0 0 0 0 3.3 3.45 -10.0 -0.73 -0.54 -1.09 -1.07 -0.56 -0.39 0.262 0.349 0.181 0.197 0.291 0.688 0 0 0 0 0 0
1963-08-05T03:30:00 1963 8 5 3 30 0 0.09 0.04 365.3 10.54 2.52 0.0 0.0 0.0 0 0 0 0 0 0 0 0 3.0 3.41 -13.0 -0.73 -0.54 -1.09 -1.07 -0.56 -0.39 0.262 0.349 0.181 0.198 0.291 0.688 0 0 0 0 0 0
1963-08-05T04:30:00 1963 8 5 4 30 0 0.09 0.04 365.3 10.54 2.52 0.0 0.0 0.0 0 0 0 0 0 0 0 0 3.0 3.37 -11.0 -0.73 -0.54 -1.09 -1.07 -0.56 -0.39 0.262 0.349 0.181 0.198 0.291 0.688 0 0 0 0 0 0
1963-08-05T05:30:00 1963 8 5 5 30 0 0.09 0.04 365.3 10.54 2.52 0.0 0.0 0.0 0 0 0 0 0 0 0 0 3.0 3.28 -7.0 -0.73 -0.54 -1.09 -1.07 -0.56 -0.39 0.262 0.349 0.181 0.198 0.291 0.688 0 0 0 0 0 0
1963-08-05T06:30:00 1963 8 5 6 30 0 0.09 0.04 365.3 10.54 2.52 0.0 0.0 0.0 0 0 0 0 0 0 0 0 2.3 3.1 -3.0 -0.73 -0.54 -1.09 -1.07 -0.56 -0.39 0.262 0.349 0.181 0.198 0.291 0.688 0 0 0 0 0 0
1963-08-05T07:30:00 1963 8 5 7 30 0 0.09 0.04 365.3 10.54 2.52 0.0 0.0 0.0 0 0 0 0 0 0 0 0 2.3 2.93 -5.0 -0.73 -0.54 -1.09 -1.07 -0.56 -0.39 0.262 0.349 0.181 0.198 0.291 0.688 0 0 0 0 0 0
1963-08-05T08:30:00 1963 8 5 8 30 0 0.09 0.04 365.3 10.54 2.52 0.0 0.0 0.0 0 0 0 0 0 0 0 0 2.3 2.8 -6.0 -0.73 -0.54 -1.09 -1.07 -0.56 -0.39 0.262 0.349 0.181 0.198 0.291 0.688 0 0 0 0 0 0
1963-08-05T09:30:00 1963 8 5 9 30 0 0.09 0.04 365.3 10.54 2.52 0.0 0.0 0.0 0 0 0 0 0 0 0 0 3.0 2.77 -11.0 -0.73 -0.54 -1.09 -1.07 -0.56 -0.39 0.262 0.349 0.181 0.198 0.291 0.688 0 0 0 0 0 0
1963-08-05T10:30:00 1963 8 5 10 30 0 0.09 0.04 365.3 10.54 2.52 0.0 0.0 0.0 0 0 0 0 0 0 0 0 3.0 2.74 -9.0 -0.73 -0.54 -1.09 -1.07 -0.56 -0.39 0.262 0.349 0.181 0.198 0.291 0.688 0 0 0 0 0 0
1963-08-05T11:30:00 1963 8 5 11 30 0 0.09 0.04 365.3 10.54 2.52 0.0 0.0 0.0 0 0 0 0 0 0 0 0 3.0 2.74 -12.0 -0.73 -0.54 -1.09 -1.07 -0.56 -0.39 0.262 0.349 0.181 0.198 0.291 0.688 0 0 0 0 0 0
1963-08-05T12:30:00 1963 8 5 12 30 0 0.09 0.04 365.3 10.54 2.52 0.0 0.0 0.0 0 0 0 0 0 0 0 0 2.0 2.61 -8.0 -0.73 -0.54 -1.09 -1.07 -0.56 -0.39 0.262 0.349 0.181 0.198 0.291 0.688 0 0 0 0 0 0
1963-08-05T13:30:00 1963 8 5 13 30 0 0.09 0.04 365.3 10.54 2.52 0.0 0.0 0.0 0 0 0 0 0 0 0 0 2.0 2.49 -1.0 -0.73 -0.54 -1.09 -1.07 -0.56 -0.39 0.262 0.349 0.181 0.198 0.291 0.688 0 0 0 0 0 0
1963-08-05T14:30:00 1963 8 5 14 30 0 0.09 0.04 365.3 10.54 2.52 0.0 0.0 0.0 0 0 0 0 0 0 0 0 2.0 2.44 3.0 -0.73 -0.54 -1.09 -1.07 -0.56 -0.39 0.262 0.349 0.181 0.198 0.291 0.688 0 0 0 0 0 0
1963-08-05T15:30:00 1963 8 5 15 30 0 0.09 0.04 365.3 10.54 2.52 0.0 0.0 0.0 0 0 0 0 0 0 0 0 1.3 2.31 6.0 -0.73 -0.54 -1.09 -1.07 -0.56 -0.39 0.262 0.349 0.181 0.198 0.291 0.688 0 0 0 0 0 0
1963-08-05T16:30:00 1963 8 5 16 30 0 0.09 0.04 365.3 10.54 2.52 0.0 0.0 0.0 0 0 0 0 0 0 0 0 1.3 2.18 7.0 -0.73 -0.54 -1.09 -1.07 -0.56 -0.39 0.262 0.349 0.181 0.198 0.291 0.688 0 0 0 0 0 0
1963-08-05T17:30:00 1963 8 5 17 30 0 0.09 0.04 365.3 10.54 2.52 0.0 0.0 0.0 0 0 0 0 0 0 0 0 1.3 1.97 8.0 -0.73 -0.54 -1.09 -1.07 -0.56 -0.39 0.262 0.349 0.182 0.198 0.291 0.688 0 0 0 0 0 0
1963-08-05T18:30:00 1963 8 5 18 30 0 0.09 0.04 365.4 10.54 2.52 0.0 0.0 0.0 0 0 0 0 0 0 0 0 3.0 1.98 8.0 -0.73 -0.54 -1.09 -1.07 -0.56 -0.39 0.262 0.349 0.182 0.198 0.291 0.689 0 0 0 0 0 0
1963-08-05T19:30:00 1963 8 5 19 30 0 0.09 0.04 365.4 10.54 2.52 0.0 0.0 0.0 0 0 0 0 0 0 0 0 3.0 2.0 4.0 -0.73 -0.54 -1.09 -1.07 -0.56 -0.39 0.262 0.349 0.182 0.198 0.291 0.689 0 0 0 0 0 0
1963-08-05T20:30:00 1963 8 5 20 30 0 0.09 0.04 365.4 10.54 2.52 0.0 0.0 0.0 0 0 0 0 0 0 0 0 3.0 2.13 2.0 -0.73 -0.54 -1.09 -1.07 -0.56 -0.39 0.262 0.349 0.182 0.198 0.292 0.689 0 0 0 0 0 0
1963-08-05T21:30:00 1963 8 5 21 30 0 0.09 0.04 365.4 10.54 2.52 0.0 0.0 0.0 0 0 0 0 0 0 0 0 3.0 2.26 -6.0 -0.73 -0.54 -1.09 -1.07 -0.56 -0.39 0.262 0.349 0.182 0.198 0.292 0.689 0 0 0 0 0 0
1963-08-05T22:30:00 1963 8 5 22 30 0 0.09 0.04 365.4 10.54 2.52 0.0 0.0 0.0 0 0 0 0 0 0 0 0 3.0 2.38 -11.0 -0.73 -0.54 -1.09 -1.07 -0.56 -0.39 0.262 0.349 0.182 0.198 0.292 0.689 0 0 0 0 0 0
1963-08-05T23:30:00 1963 8 5 23 30 0 0.09 0.04 365.4 10.54 2.52 0.0 0.0 0.0 0 0 0 0 0 0 0 0 3.0 2.59 -9.0 -0.73 -0.54 -1.09 -1.07 -0.56 -0.39 0.262 0.349 0.182 0.198 0.292 0.689 0 0 0 0 0 0
