1963-09-15T00:30:00 1963 9 15 0 30 0 0.1 0.03 371.5 10.52 2.51 0.0 0.0 0.0 0 0 0 0 0 0 0 0 3.7 5.4 -49.0 -0.73 -0.54 -1.09 -1.07 -0.56 -0.4 0.265 0.349 0.189 0.202 0.299 0.725 0 0 0 0 0 0
1963-09-15T01:30:00 1963 9 15 1 30 0 0.1 0.03 371.5 10.52 2.51 0.0 0.0 0.0 0 0 0 0 0 0 0 0 3.7 5.03 -39.0 -0.73 -0.54 -1.09 -1.07 -0.56 -0.4 0.265 0.349 0.189 0.202 0.299 0.725 0 0 0 0 0 0
1963-09-15T02:30:00 1963 9 15 2 30 0 0.1 0.03 371.5 10.52 2.51 0.0 0.0 0.0 0 0 0 0 0 0 0 0 3.7 4.77 -33.0 -0.73 -0.54 -1.09 -1.07 -0.56 -0.4 0.265 0.349 0.189 0.202 0.299 0.725 0 0 0 0 0 0
1963-09-15T03:30:00 1963 9 15 3 30 0 0.1 0.03 371.5 10.52 2.51 0.0 0.0 0.0 0 0 0 0 0 0 0 0 4.3 4.6 -32.0 -0.73 -0.54 -1.09 -1.07 -0.56 -0.4 0.265 0.349 0.189 0.202 0.299 0.725 0 0 0 0 0 0
1963-09-15T04:30:00 1963 9 15 4 30 0 0.1 0.03 371.5 10.52 2.51 0.0 0.0 0.0 0 0 0 0 0 0 0 0 4.3 4.44 -40.0 -0.73 -0.54 -1.09 -1.07 -0.56 -0.4 0.265 0.349 0.189 0.202 0.299 0.725 0 0 0 0 0 0
1963-09-15T05:30:00 1963 9 15 5 30 0 0.1 0.03 371.5 10.52 2.51 0.0 0.0 0.0 0 0 0 0 0 0 0 0 4.3 4.32 -44.0 -0.73 -0.54 -1.09 -1.07 -0.56 -0.4 0.265 0.349 0.189 0.202 0.299 0.725 0 0 0 0 0 0
1963-09-15T06:30:00 1963 9 15 6 30 0 0.1 0.03 371.5 10.52 2.51 0.0 0.0 0.0 0 0 0 0 0 0 0 0 4.0 4.16 -45.0 -0.73 -0.54 -1.09 -1.07 -0.56 -0.4 0.265 0.349 0.189 0.202 0.299 0.725 0 0 0 0 0 0
1963-09-15T07:30:00 1963 9 15 7 30 0 0.1 0.03 371.6 10.52 2.51 0.0 0.0 0.0 0 0 0 0 0 0 0 0 4.0 4.0 -36.0 -0.73 -0.54 -1.09 -1.07 -0.56 -0.4 0.265 0.349 0.189 0.202 0.299 0.725 0 0 0 0 0 0
1963-09-15T08:30:00 1963 9 15 8 30 0 0.1 0.03 371.6 10.52 2.51 0.0 0.0 0.0 0 0 0 0 0 0 0 0 4.0 4.04 -26.0 -0.73 -0.54 -1.09 -1.07 -0.56 -0.4 0.265 0.349 0.189 0.202 0.299 0.725 0 0 0 0 0 0
1963-09-15T09:30:00 1963 9 15 9 30 0 0.1 0.03 371.6 10.52 2.51 0.0 0.0 0.0 0 0 0 0 0 0 0 0 4.3 4.11 -26.0 -0.73 -0.54 -1.09 -1.07 -0.56 -0.4 0.265 0.349 0.189 0.202 0.299 0.725 0 0 0 0 0 0
1963-09-15T10:30:00 1963 9 15 10 30 0 0.1 0.03 371.6 10.52 2.51 0.0 0.0 0.0 0 0 0 0 0 0 0 0 4.3 4.19 -24.0 -0.73 -0.54 -1.09 -1.07 -0.56 -0.4 0.265 0.349 0.189 0.202 0.299 0.725 0 0 0 0 0 0
1963-09-15T11:30:00 1963 9 15 11 30 0 0.1 0.03 371.6 10.52 2.51 0.0 0.0 0.0 0 0 0 0 0 0 0 0 4.3 4.19 -27.0 -0.73 -0.54 -1.09 -1.07 -0.56 -0.4 0.265 0.349 0.189 0.202 0.299 0.725 0 0 0 0 0 0
1963-09-15T12:30:00 1963 9 15 12 30 0 0.1 0.03 371.6 10.52 2.51 0.0 0.0 0.0 0 0 0 0 0 0 0 0 4.7 4.24 -33.0 -0.73 -0.54 -1.09 -1.07 -0.56 -0.4 0.265 0.349 0.189 0.202 0.299 0.725 0 0 0 0 0 0
1963-09-15T13:30:00 1963 9 15 13 30 0 0.1 0.03 371.6 10.52 2.51 0.0 0.0 0.0 0 0 0 0 0 0 0 0 4.7 4.3 -41.0 -0.73 -0.54 -1.09 -1.07 -0.56 -0.4 0.265 0.349 0.189 0.202 0.299 0.725 0 0 0 0 0 0
1963-09-15T14:30:00 1963 9 15 14 30 0 0.1 0.03 371.6 10.52 2.51 0.0 0.0 0.0 0 0 0 0 0 0 0 0 4.7 4.38 -42.0 -0.73 -0.54 -1.09 -1.07 -0.56 -0.4 0.265 0.349 0.189 0.202 0.299 0.725 0 0 0 0 0 0
1963-09-15T15:30:00 1963 9 15 15 30 0 0.1 0.03 371.6 10.52 2.51 0.0 0.0 0.0 0 0 0 0 0 0 0 0 5.0 4.51 -40.0 -0.73 -0.54 -1.09 -1.07 -0.56 -0.4 0.265 0.349 0.189 0.202 0.299 0.725 0 0 0 0 0 0
1963-09-15T16:30:00 1963 9 15 16 30 0 0.1 0.03 371.6 10.52 2.51 0.0 0.0 0.0 0 0 0 0 0 0 0 0 5.0 4.63 -41.0 -0.73 -0.54 -1.09 -1.07 -0.56 -0.4 0.265 0.349 0.189 0.202 0.299 0.725 0 0 0 0 0 0
1963-09-15T17:30:00 1963 9 15 17 30 0 0.1 0.03 371.6 10.52 2.51 0.0 0.0 0.0 0 0 0 0 0 0 0 0 5.0 4.72 -47.0 -0.73 -0.54 -1.09 -1.07 -0.56 -0.4 0.265 0.349 0.189 0.202 0.299 0.725 0 0 0 0 0 0
1963-09-15T18:30:00 1963 9 15 18 30 0 0.1 0.03 371.6 10.52 2.51 0.0 0.0 0.0 0 0 0 0 0 0 0 0 4.3 4.71 -58.0 -0.73 -0.54 -1.09 -1.07 -0.56 -0.4 0.265 0.349 0.189 0.202 0.299 0.725 0 0 0 0 0 0
1963-09-15T19:30:00 1963 9 15 19 30 0 0.1 0.03 371.6 10.52 2.51 0.0 0.0 0.0 0 0 0 0 0 0 0 0 4.3 4.71 -56.0 -0.73 -0.54 -1.09 -1.07 -0.56 -0.4 0.265 0.349 0.189 0.202 0.299 0.725 0 0 0 0 0 0
1963-09-15T20:30:00 1963 9 15 20 30 0 0.1 0.03 371.6 10.52 2.51 0.0 0.0 0.0 0 0 0 0 0 0 0 0 4.3 4.66 -57.0 -0.73 -0.54 -1.09 -1.07 -0.56 -0.4 0.265 0.349 0.189 0.202 0.299 0.725 0 0 0 0 0 0
1963-09-15T21:30:00 1963 9 15 21 30 0 0.1 0.03 371.6 10.52 2.51 0.0 0.0 0.0 0 0 0 0 0 0 0 0 5.3 4.74 -56.0 -0.73 -0.54 -1.09 -1.07 -0.56 -0.4 0.265 0.349 0.189 0.202 0.299 0.725 0 0 0 0 0 0
1963-09-15T22:30:00 1963 9 15 22 30 0 0.1 0.03 371.7 10.52 2.51 0.0 0.0 0.0 0 0 0 0 0 0 0 0 5.3 4.81 -58.0 -0.73 -0.54 -1.09 -1.07 -0.56 -0.4 0.265 0.349 0.189 0.202 0.299 0.725 0 0 0 0 0 0
1963-09-15T23:30:00 1963 9 15 23 30 0 0.1 0.03 371.7 10.52 2.51 0.0 0.0 0.0 0 0 0 0 0 0 0 0 5.3 4.86 -53.0 -0.73 -0.54 -1.09 -1.07 -0.56 -0.4 0.265 0.349 0.189 0.202 0.299 0.725 0 0 0 0 0 0
