1963-11-05T00:30:00 1963 11 5 0 30 0 -0.01 0.02 376.9 10.45 2.62 0.0 0.0 0.0 0 0 0 0 0 0 0 0 0.3 1.5 -21.0 -0.7 -0.51 -1.06 -1.04 -0.53 -0.37 0.258 0.336 0.19 0.197 0.294 0.714 0 0 0 0 0 0
1963-11-05T01:30:00 1963 11 5 1 30 0 -0.01 0.02 376.9 10.45 2.62 0.0 0.0 0.0 0 0 0 0 0 0 0 0 0.3 1.4 -22.0 -0.7 -0.51 -1.06 -1.04 -0.53 -0.37 0.258 0.336 0.189 0.197 0.294 0.714 0 0 0 0 0 0
1963-11-05T02:30:00 1963 11 5 2 30 0 -0.01 0.02 376.9 10.45 2.62 0.0 0.0 0.0 0 0 0 0 0 0 0 0 0.3 1.15 -22.0 -0.7 -0.51 -1.06 -1.04 -0.53 -0.37 0.258 0.336 0.189 0.197 0.294 0.714 0 0 0 0 0 0
1963-11-05T03:30:00 1963 11 5 3 30 0 -0.01 0.02 376.9 10.45 2.62 0.0 0.0 0.0 0 0 0 0 0 0 0 0 0.7 0.96 -19.0 -0.7 -0.51 -1.06 -1.04 -0.53 -0.37 0.258 0.336 0.189 0.197 0.294 0.714 0 0 0 0 0 0
1963-11-05T04:30:00 1963 11 5 4 30 0 -0.01 0.02 376.9 10.45 2.62 0.0 0.0 0.0 0 0 0 0 0 0 0 0 0.7 0.77 -17.0 -0.7 -0.51 -1.06 -1.04 -0.53 -0.37 0.258 0.336 0.189 0.197 0.294 0.714 0 0 0 0 0 0
1963-11-05T05:30:00 1963 11 5 5 30 0 -0.01 0.02 376.9 10.45 2.62 0.0 0.0 0.0 0 0 0 0 0 0 0 0 0.7 0.69 -16.0 -0.7 -0.51 -1.06 -1.04 -0.53 -0.37 0.258 0.336 0.189 0.197 0.294 0.714 0 0 0 0 0 0
1963-11-05T06:30:00 1963 11 5 6 30 0 -0.01 0.02 376.9 10.45 2.62 0.0 0.0 0.0 0 0 0 0 0 0 0 0 0.3 0.57 -14.0 -0.7 -0.51 -1.06 -1.04 -0.53 -0.37 0.258 0.336 0.189 0.197 0.294 0.714 0 0 0 0 0 0
1963-11-05T07:30:00 1963 11 5 7 30 0 -0.01 0.02 376.9 10.45 2.62 0.0 0.0 0.0 0 0 0 0 0 0 0 0 0.3 0.45 -11.0 -0.7 -0.51 -1.06 -1.04 -0.53 -0.37 0.258 0.336 0.189 0.197 0.294 0.714 0 0 0 0 0 0
1963-11-05T08:30:00 1963 11 5 8 30 0 -0.01 0.02 376.9 10.45 2.62 0.0 0.0 0.0 0 0 0 0 0 0 0 0 0.3 0.45 -10.0 -0.7 -0.51 -1.06 -1.04 -0.53 -0.37 0.258 0.336 0.189 0.197 0.294 0.714 0 0 0 0 0 0
1963-11-05T09:30:00 1963 11 5 9 30 0 -0.01 0.02 376.9 10.45 2.62 0.0 0.0 0.0 0 0 0 0 0 0 0 0 0.3 0.45 -10.0 -0.7 -0.51 -1.06 -1.04 -0.53 -0.37 0.258 0.336 0.189 0.197 0.294 0.714 0 0 0 0 0 0
1963-11-05T10:30:00 1963 11 5 10 30 0 -0.01 0.02 376.9 10.45 2.62 0.0 0.0 0.0 0 0 0 0 0 0 0 0 0.3 0.44 -14.0 -0.7 -0.51 -1.06 -1.04 -0.53 -0.37 0.258 0.336 0.189 0.197 0.294 0.714 0 0 0 0 0 0
1963-11-05T11:30:00 1963 11 5 11 30 0 -0.01 0.02 376.9 10.45 2.62 0.0 0.0 0.0 0 0 0 0 0 0 0 0 0.3 0.4 -18.0 -0.7 -0.51 -1.06 -1.04 -0.53 -0.37 0.258 0.336 0.189 0.197 0.294 0.714 0 0 0 0 0 0
1963-11-05T12:30:00 1963 11 5 12 30 0 -0.01 0.02 376.9 10.45 2.62 0.0 0.0 0.0 0 0 0 0 0 0 0 0 0.3 0.35 -21.0 -0.7 -0.51 -1.06 -1.04 -0.53 -0.37 0.258 0.336 0.189 0.197 0.294 0.714 0 0 0 0 0 0
1963-11-05T13:30:00 1963 11 5 13 30 0 -0.01 0.02 376.9 10.45 2.62 0.0 0.0 0.0 0 0 0 0 0 0 0 0 0.3 0.3 -21.0 -0.7 -0.51 -1.06 -1.04 -0.53 -0.37 0.258 0.336 0.189 0.197 0.294 0.714 0 0 0 0 0 0
1963-11-05T14:30:00 1963 11 5 14 30 0 -0.01 0.02 376.9 10.45 2.63 0.0 0.0 0.0 0 0 0 0 0 0 0 0 0.3 0.3 -18.0 -0.7 -0.51 -1.06 -1.04 -0.53 -0.37 0.258 0.336 0.189 0.197 0.294 0.714 0 0 0 0 0 0
1963-11-05T15:30:00 1963 11 5 15 30 0 -0.01 0.02 376.9 10.45 2.63 0.0 0.0 0.0 0 0 0 0 0 0 0 0 0.3 0.3 -15.0 -0.7 -0.51 -1.06 -1.04 -0.53 -0.37 0.258 0.336 0.189 0.197 0.294 0.714 0 0 0 0 0 0
1963-11-05T16:30:00 1963 11 5 16 30 0 -0.01 0.02 376.9 10.45 2.63 0.0 0.0 0.0 0 0 0 0 0 0 0 0 0.3 0.3 -14.0 -0.7 -0.51 -1.06 -1.04 -0.53 -0.37 0.258 0.336 0.189 0.197 0.294 0.714 0 0 0 0 0 0
1963-11-05T17:30:00 1963 11 5 17 30 0 -0.02 0.02 376.9 10.45 2.63 0.0 0.0 0.0 0 0 0 0 0 0 0 0 0.3 0.3 -14.0 -0.7 -0.51 -1.06 -1.04 -0.53 -0.37 0.258 0.336 0.189 0.197 0.294 0.714 0 0 0 0 0 0
1963-11-05T18:30:00 1963 11 5 18 30 0 -0.02 0.02 376.9 10.45 2.63 0.0 0.0 0.0 0 0 0 0 0 0 0 0 0.0 0.26 -12.0 -0.7 -0.51 -1.06 -1.04 -0.53 -0.37 0.258 0.336 0.189 0.197 0.294 0.714 0 0 0 0 0 0
1963-11-05T19:30:00 1963 11 5 19 30 0 -0.02 0.02 376.9 10.45 2.63 0.0 0.0 0.0 0 0 0 0 0 0 0 0 0.0 0.22 -11.0 -0.69 -0.51 -1.06 -1.04 -0.53 -0.37 0.257 0.336 0.189 0.197 0.294 0.714 0 0 0 0 0 0
1963-11-05T20:30:00 1963 11 5 20 30 0 -0.02 0.02 376.9 10.45 2.63 0.0 0.0 0.0 0 0 0 0 0 0 0 0 0.0 0.18 -10.0 -0.69 -0.51 -1.06 -1.04 -0.53 -0.37 0.256 0.336 0.189 0.197 0.294 0.714 0 0 0 0 0 0
1963-11-05T21:30:00 1963 11 5 21 30 0 -0.02 0.02 376.9 10.45 2.63 0.0 0.0 0.0 0 0 0 0 0 0 0 0 0.3 0.19 -10.0 -0.69 -0.51 -1.06 -1.04 -0.53 -0.37 0.256 0.336 0.189 0.197 0.294 0.714 0 0 0 0 0 0
1963-11-05T22:30:00 1963 11 5 22 30 0 -0.02 0.02 376.9 10.45 2.63 0.0 0.0 0.0 0 0 0 0 0 0 0 0 0.3 0.19 -8.0 -0.69 -0.51 -1.06 -1.04 -0.53 -0.37 0.256 0.336 0.189 0.197 0.294 0.714 0 0 0 0 0 0
1963-11-05T23:30:00 1963 11 5 23 30 0 -0.02 0.02 376.9 10.45 2.63 0.0 0.0 0.0 0 0 0 0 0 0 0 0 0.3 0.19 -7.0 -0.69 -0.51 -1.06 -1.04 -0.53 -0.37 0.255 0.336 0.189 0.197 0.294 0.714 0 0 0 0 0 0
