1963-09-01T00:30:00 1963 9 1 0 30 0 0.1 0.04 369.4 10.53 2.51 0.0 0.0 0.0 0 0 0 0 0 0 0 0 3.7 3.04 -10.0 -0.73 -0.54 -1.09 -1.07 -0.56 -0.39 0.264 0.349 0.186 0.2 0.297 0.706 0 0 0 0 0 0
1963-09-01T01:30:00 1963 9 1 1 30 0 0.1 0.04 369.4 10.53 2.51 0.0 0.0 0.0 0 0 0 0 0 0 0 0 3.7 2.93 -8.0 -0.73 -0.54 -1.09 -1.07 -0.56 -0.39 0.264 0.349 0.186 0.2 0.297 0.706 0 0 0 0 0 0
1963-09-01T02:30:00 1963 9 1 2 30 0 0.1 0.04 369.4 10.53 2.51 0.0 0.0 0.0 0 0 0 0 0 0 0 0 3.7 3.14 -7.0 -0.73 -0.54 -1.09 -1.07 -0.56 -0.39 0.264 0.349 0.186 0.2 0.297 0.706 0 0 0 0 0 0
1963-09-01T03:30:00 1963 9 1 3 30 0 0.1 0.04 369.4 10.53 2.51 0.0 0.0 0.0 0 0 0 0 0 0 0 0 2.3 3.17 -6.0 -0.73 -0.54 -1.09 -1.07 -0.56 -0.39 0.264 0.349 0.186 0.2 0.297 0.706 0 0 0 0 0 0
1963-09-01T04:30:00 1963 9 1 4 30 0 0.1 0.04 369.4 10.53 2.51 0.0 0.0 0.0 0 0 0 0 0 0 0 0 2.3 3.19 -7.0 -0.73 -0.54 -1.09 -1.07 -0.56 -0.39 0.264 0.349 0.186 0.2 0.297 0.706 0 0 0 0 0 0
1963-09-01T05:30:00 1963 9 1 5 30 0 0.1 0.04 369.4 10.53 2.51 0.0 0.0 0.0 0 0 0 0 0 0 0 0 2.3 3.06 -4.0 -0.73 -0.54 -1.09 -1.07 -0.56 -0.39 0.264 0.349 0.186 0.2 0.297 0.706 0 0 0 0 0 0
1963-09-01T06:30:00 1963 9 1 6 30 0 0.1 0.04 369.4 10.53 2.51 0.0 0.0 0.0 0 0 0 0 0 0 0 0 3.0 3.02 -2.0 -0.73 -0.54 -1.09 -1.07 -0.56 -0.39 0.264 0.349 0.186 0.2 0.297 0.706 0 0 0 0 0 0
1963-09-01T07:30:00 1963 9 1 7 30 0 0.1 0.04 369.4 10.53 2.51 0.0 0.0 0.0 0 0 0 0 0 0 0 0 3.0 2.99 -2.0 -0.73 -0.54 -1.09 -1.07 -0.56 -0.39 0.264 0.349 0.186 0.2 0.297 0.706 0 0 0 0 0 0
1963-09-01T08:30:00 1963 9 1 8 30 0 0.1 0.04 369.4 10.53 2.51 0.0 0.0 0.0 0 0 0 0 0 0 0 0 3.0 2.91 -6.0 -0.73 -0.54 -1.09 -1.07 -0.56 -0.39 0.264 0.349 0.186 0.2 0.297 0.706 0 0 0 0 0 0
1963-09-01T09:30:00 1963 9 1 9 30 0 0.1 0.04 369.4 10.53 2.51 0.0 0.0 0.0 0 0 0 0 0 0 0 0 4.3 3.0 -5.0 -0.73 -0.54 -1.09 -1.07 -0.56 -0.39 0.264 0.349 0.186 0.2 0.297 0.706 0 0 0 0 0 0
1963-09-01T10:30:00 1963 9 1 10 30 0 0.1 0.04 369.4 10.53 2.51 0.0 0.0 0.0 0 0 0 0 0 0 0 0 4.3 3.09 -5.0 -0.73 -0.54 -1.09 -1.07 -0.56 -0.39 0.264 0.349 0.186 0.2 0.297 0.706 0 0 0 0 0 0
1963-09-01T11:30:00 1963 9 1 11 30 0 0.1 0.04 369.4 10.53 2.51 0.0 0.0 0.0 0 0 0 0 0 0 0 0 4.3 3.34 -2.0 -0.73 -0.54 -1.09 -1.07 -0.56 -0.39 0.264 0.349 0.186 0.2 0.297 0.706 0 0 0 0 0 0
1963-09-01T12:30:00 1963 9 1 12 30 0 0.1 0.04 369.4 10.53 2.51 0.0 0.0 0.0 0 0 0 0 0 0 0 0 3.3 3.45 -5.0 -0.73 -0.54 -1.09 -1.07 -0.56 -0.39 0.264 0.349 0.186 0.2 0.297 0.706 0 0 0 0 0 0
1963-09-01T13:30:00 1963 9 1 13 30 0 0.1 0.04 369.5 10.53 2.51 0.0 0.0 0.0 0 0 0 0 0 0 0 0 3.3 3.57 -3.0 -0.73 -0.54 -1.09 -1.07 -0.56 -0.39 0.264 0.349 0.186 0.2 0.297 0.706 0 0 0 0 0 0
1963-09-01T14:30:00 1963 9 1 14 30 0 0.1 0.04 369.5 10.53 2.51 0.0 0.0 0.0 0 0 0 0 0 0 0 0 3.3 3.6 -4.0 -0.73 -0.54 -1.09 -1.07 -0.56 -0.39 0.264 0.349 0.186 0.2 0.297 0.707 0 0 0 0 0 0
1963-09-01T15:30:00 1963 9 1 15 30 0 0.1 0.04 369.5 10.53 2.51 0.0 0.0 0.0 0 0 0 0 0 0 0 0 2.7 3.55 -9.0 -0.73 -0.54 -1.09 -1.07 -0.56 -0.39 0.264 0.349 0.186 0.2 0.297 0.707 0 0 0 0 0 0
1963-09-01T16:30:00 1963 9 1 16 30 0 0.1 0.04 369.5 10.53 2.51 0.0 0.0 0.0 0 0 0 0 0 0 0 0 2.7 3.51 -13.0 -0.73 -0.54 -1.09 -1.07 -0.56 -0.39 0.264 0.349 0.186 0.2 0.297 0.707 0 0 0 0 0 0
1963-09-01T17:30:00 1963 9 1 17 30 0 0.1 0.04 369.5 10.53 2.51 0.0 0.0 0.0 0 0 0 0 0 0 0 0 2.7 3.31 -17.0 -0.73 -0.54 -1.09 -1.07 -0.56 -0.39 0.264 0.349 0.186 0.2 0.297 0.707 0 0 0 0 0 0
1963-09-01T18:30:00 1963 9 1 18 30 0 0.1 0.04 369.5 10.53 2.51 0.0 0.0 0.0 0 0 0 0 0 0 0 0 2.0 3.02 -21.0 -0.73 -0.54 -1.09 -1.07 -0.56 -0.39 0.264 0.349 0.186 0.2 0.297 0.707 0 0 0 0 0 0
1963-09-01T19:30:00 1963 9 1 19 30 0 0.1 0.04 369.5 10.53 2.51 0.0 0.0 0.0 0 0 0 0 0 0 0 0 2.0 2.73 -22.0 -0.73 -0.54 -1.09 -1.07 -0.56 -0.39 0.264 0.349 0.186 0.2 0.297 0.707 0 0 0 0 0 0
1963-09-01T20:30:00 1963 9 1 20 30 0 0.1 0.04 369.5 10.53 2.51 0.0 0.0 0.0 0 0 0 0 0 0 0 0 2.0 2.57 -19.0 -0.73 -0.54 -1.09 -1.07 -0.56 -0.39 0.264 0.349 0.186 0.2 0.297 0.707 0 0 0 0 0 0
1963-09-01T21:30:00 1963 9 1 21 30 0 0.1 0.04 369.5 10.53 2.51 0.0 0.0 0.0 0 0 0 0 0 0 0 0 1.3 2.32 -15.0 -0.73 -0.54 -1.09 -1.07 -0.56 -0.39 0.264 0.349 0.186 0.2 0.297 0.707 0 0 0 0 0 0
1963-09-01T22:30:00 1963 9 1 22 30 0 0.1 0.04 369.5 10.53 2.51 0.0 0.0 0.0 0 0 0 0 0 0 0 0 1.3 2.07 -13.0 -0.73 -0.54 -1.09 -1.07 -0.56 -0.39 0.264 0.349 0.186 0.2 0.297 0.707 0 0 0 0 0 0
1963-09-01T23:30:00 1963 9 1 23 30 0 0.1 0.04 369.5 10.53 2.51 0.0 0.0 0.0 0 0 0 0 0 0 0 0 1.3 1.9 -13.0 -0.73 -0.54 -1.09 -1.07 -0.56 -0.39 0.264 0.349 0.186 0.2 0.297 0.707 0 0 0 0 0 0
