1963-04-10T00:30:00 1963 4 10 0 30 0 0.09 0.05 360.1 10.55 2.52 0.0 0.0 0.0 0 0 0 0 0 0 0 0 0.0 1.35 -2.0 -0.73 -0.54 -1.09 -1.07 -0.56 -0.39 0.259 0.348 0.176 0.194 0.285 0.666 0 0 0 0 0 0
1963-04-10T01:30:00 1963 4 10 1 30 0 0.09 0.05 360.1 10.55 2.52 0.0 0.0 0.0 0 0 0 0 0 0 0 0 0.0 1.1 -2.0 -0.73 -0.54 -1.09 -1.07 -0.56 -0.39 0.259 0.348 0.176 0.194 0.285 0.666 0 0 0 0 0 0
1963-04-10T02:30:00 1963 4 10 2 30 0 0.09 0.05 360.1 10.55 2.52 0.0 0.0 0.0 0 0 0 0 0 0 0 0 0.0 0.85 -4.0 -0.73 -0.54 -1.09 -1.07 -0.56 -0.39 0.259 0.348 0.176 0.194 0.285 0.666 0 0 0 0 0 0
1963-04-10T03:30:00 1963 4 10 3 30 0 0.09 0.05 360.1 10.55 2.52 0.0 0.0 0.0 0 0 0 0 0 0 0 0 0.0 0.61 -5.0 -0.73 -0.54 -1.09 -1.07 -0.56 -0.39 0.259 0.348 0.176 0.194 0.285 0.666 0 0 0 0 0 0
1963-04-10T04:30:00 1963 4 10 4 30 0 0.09 0.05 360.1 10.55 2.52 0.0 0.0 0.0 0 0 0 0 0 0 0 0 0.0 0.36 -4.0 -0.73 -0.54 -1.09 -1.07 -0.56 -0.39 0.259 0.348 0.176 0.194 0.285 0.666 0 0 0 0 0 0
1963-04-10T05:30:00 1963 4 10 5 30 0 0.09 0.05 360.1 10.55 2.52 0.0 0.0 0.0 0 0 0 0 0 0 0 0 0.0 0.24 -2.0 -0.73 -0.54 -1.09 -1.07 -0.56 -0.39 0.259 0.348 0.176 0.194 0.285 0.666 0 0 0 0 0 0
1963-04-10T06:30:00 1963 4 10 6 30 0 0.09 0.05 360.1 10.55 2.52 0.0 0.0 0.0 0 0 0 0 0 0 0 0 0.3 0.16 -2.0 -0.73 -0.54 -1.09 -1.07 -0.56 -0.39 0.259 0.348 0.176 0.194 0.285 0.666 0 0 0 0 0 0
1963-04-10T07:30:00 1963 4 10 7 30 0 0.09 0.05 360.1 10.55 2.52 0.0 0.0 0.0 0 0 0 0 0 0 0 0 0.3 0.08 -3.0 -0.73 -0.54 -1.09 -1.07 -0.56 -0.39 0.259 0.348 0.176 0.194 0.285 0.666 0 0 0 0 0 0
1963-04-10T08:30:00 1963 4 10 8 30 0 0.09 0.05 360.1 10.55 2.52 0.0 0.0 0.0 0 0 0 0 0 0 0 0 0.3 0.12 -2.0 -0.73 -0.54 -1.09 -1.07 -0.56 -0.39 0.259 0.348 0.176 0.194 0.285 0.666 0 0 0 0 0 0
1963-04-10T09:30:00 1963 4 10 9 30 0 0.09 0.05 360.1 10.55 2.52 0.0 0.0 0.0 0 0 0 0 0 0 0 0 0.3 0.15 -1.0 -0.73 -0.54 -1.09 -1.07 -0.56 -0.39 0.259 0.348 0.176 0.194 0.285 0.666 0 0 0 0 0 0
1963-04-10T10:30:00 1963 4 10 10 30 0 0.09 0.05 360.1 10.55 2.52 0.0 0.0 0.0 0 0 0 0 0 0 0 0 0.3 0.19 -3.0 -0.73 -0.54 -1.09 -1.07 -0.56 -0.39 0.259 0.348 0.176 0.194 0.285 0.666 0 0 0 0 0 0
1963-04-10T11:30:00 1963 4 10 11 30 0 0.09 0.05 360.1 10.55 2.52 0.0 0.0 0.0 0 0 0 0 0 0 0 0 0.3 0.23 -4.0 -0.73 -0.54 -1.09 -1.07 -0.56 -0.39 0.259 0.348 0.176 0.194 0.285 0.666 0 0 0 0 0 0
1963-04-10T12:30:00 1963 4 10 12 30 0 0.09 0.05 360.1 10.55 2.52 0.0 0.0 0.0 0 0 0 0 0 0 0 0 1.0 0.36 -3.0 -0.73 -0.54 -1.09 -1.07 -0.56 -0.39 0.259 0.348 0.176 0.194 0.285 0.666 0 0 0 0 0 0
1963-04-10T13:30:00 1963 4 10 13 30 0 0.09 0.05 360.1 10.55 2.52 0.0 0.0 0.0 0 0 0 0 0 0 0 0 1.0 0.48 -2.0 -0.73 -0.54 -1.09 -1.07 -0.56 -0.39 0.259 0.348 0.176 0.194 0.285 0.666 0 0 0 0 0 0
1963-04-10T14:30:00 1963 4 10 14 30 0 0.09 0.05 360.1 10.55 2.52 0.0 0.0 0.0 0 0 0 0 0 0 0 0 1.0 0.57 -3.0 -0.73 -0.54 -1.09 -1.07 -0.56 -0.39 0.259 0.348 0.176 0.194 0.285 0.666 0 0 0 0 0 0
1963-04-10T15:30:00 1963 4 10 15 30 0 0.09 0.05 360.1 10.55 2.52 0.0 0.0 0.0 0 0 0 0 0 0 0 0 0.7 0.62 -2.0 -0.73 -0.54 -1.09 -1.07 -0.56 -0.39 0.259 0.348 0.176 0.194 0.285 0.666 0 0 0 0 0 0
1963-04-10T16:30:00 1963 4 10 16 30 0 0.09 0.05 360.1 10.55 2.52 0.0 0.0 0.0 0 0 0 0 0 0 0 0 0.7 0.67 -1.0 -0.73 -0.54 -1.09 -1.07 -0.56 -0.39 0.259 0.348 0.176 0.194 0.285 0.666 0 0 0 0 0 0
1963-04-10T17:30:00 1963 4 10 17 30 0 0.09 0.05 360.1 10.55 2.52 0.0 0.0 0.0 0 0 0 0 0 0 0 0 0.7 0.72 1.0 -0.73 -0.54 -1.09 -1.07 -0.56 -0.39 0.259 0.348 0.176 0.194 0.285 0.666 0 0 0 0 0 0
1963-04-10T18:30:00 1963 4 10 18 30 0 0.09 0.05 360.1 10.55 2.52 0.0 0.0 0.0 0 0 0 0 0 0 0 0 1.0 0.8 1.0 -0.73 -0.54 -1.09 -1.07 -0.56 -0.39 0.259 0.348 0.176 0.194 0.285 0.666 0 0 0 0 0 0
1963-04-10T19:30:00 1963 4 10 19 30 0 0.09 0.05 360.1 10.55 2.52 0.0 0.0 0.0 0 0 0 0 0 0 0 0 1.0 0.89 -2.0 -0.73 -0.54 -1.09 -1.07 -0.56 -0.39 0.259 0.348 0.176 0.194 0.285 0.666 0 0 0 0 0 0
1963-04-10T20:30:00 1963 4 10 20 30 0 0.09 0.05 360.1 10.55 2.52 0.0 0.0 0.0 0 0 0 0 0 0 0 0 1.0 0.89 1.0 -0.73 -0.54 -1.09 -1.07 -0.56 -0.39 0.259 0.348 0.176 0.194 0.285 0.666 0 0 0 0 0 0
1963-04-10T21:30:00 1963 4 10 21 30 0 0.09 0.05 360.1 10.55 2.52 0.0 0.0 0.0 0 0 0 0 0 0 0 0 0.3 0.8 3.0 -0.73 -0.54 -1.09 -1.07 -0.56 -0.39 0.259 0.348 0.176 0.194 0.285 0.666 0 0 0 0 0 0
1963-04-10T22:30:00 1963 4 10 22 30 0 0.09 0.05 360.1 10.55 2.52 0.0 0.0 0.0 0 0 0 0 0 0 0 0 0.3 0.71 5.0 -0.73 -0.54 -1.09 -1.07 -0.56 -0.39 0.259 0.348 0.176 0.194 0.285 0.666 0 0 0 0 0 0
1963-04-10T23:30:00 1963 4 10 23 30 0 0.09 0.05 360.1 10.55 2.52 0.0 0.0 0.0 0 0 0 0 0 0 0 0 0.3 0.66 6.0 -0.73 -0.54 -1.09 -1.07 -0.56 -0.39 0.259 0.348 0.176 0.194 0.285 0.666 0 0 0 0 0 0
