1963-11-06T00:30:00 1963 11 6 0 30 0 -0.02 0.02 376.9 10.45 2.63 0.0 0.0 0.0 0 0 0 0 0 0 0 0 1.7 0.37 -4.0 -0.69 -0.51 -1.06 -1.04 -0.53 -0.37 0.255 0.336 0.189 0.197 0.294 0.714 0 0 0 0 0 0
1963-11-06T01:30:00 1963 11 6 1 30 0 -0.02 0.02 376.9 10.45 2.63 0.0 0.0 0.0 0 0 0 0 0 0 0 0 1.7 0.56 -4.0 -0.69 -0.51 -1.06 -1.04 -0.53 -0.37 0.255 0.336 0.189 0.197 0.294 0.714 0 0 0 0 0 0
1963-11-06T02:30:00 1963 11 6 2 30 0 -0.02 0.02 376.9 10.45 2.63 0.0 0.0 0.0 0 0 0 0 0 0 0 0 1.7 0.77 -2.0 -0.69 -0.51 -1.06 -1.04 -0.53 -0.37 0.255 0.336 0.188 0.197 0.294 0.714 0 0 0 0 0 0
1963-11-06T03:30:00 1963 11 6 3 30 0 -0.02 0.02 376.9 10.45 2.63 0.0 0.0 0.0 0 0 0 0 0 0 0 0 1.3 0.93 1.0 -0.69 -0.51 -1.06 -1.04 -0.53 -0.37 0.255 0.336 0.188 0.197 0.294 0.714 0 0 0 0 0 0
1963-11-06T04:30:00 1963 11 6 4 30 0 -0.02 0.02 376.9 10.45 2.63 0.0 0.0 0.0 0 0 0 0 0 0 0 0 1.3 1.09 2.0 -0.69 -0.51 -1.06 -1.04 -0.53 -0.37 0.255 0.336 0.188 0.197 0.294 0.714 0 0 0 0 0 0
1963-11-06T05:30:00 1963 11 6 5 30 0 -0.02 0.02 376.9 10.45 2.63 0.0 0.0 0.0 0 0 0 0 0 0 0 0 1.3 1.21 8.0 -0.69 -0.51 -1.06 -1.04 -0.52 -0.37 0.255 0.336 0.188 0.197 0.292 0.714 0 0 0 0 0 0
1963-11-06T06:30:00 1963 11 6 6 30 0 -0.02 0.02 376.9 10.45 2.63 0.0 0.0 0.0 0 0 0 0 0 0 0 0 2.3 1.46 8.0 -0.69 -0.51 -1.06 -1.04 -0.52 -0.37 0.255 0.336 0.188 0.197 0.291 0.714 0 0 0 0 0 0
1963-11-06T07:30:00 1963 11 6 7 30 0 -0.02 0.02 376.9 10.45 2.63 0.0 0.0 0.0 0 0 0 0 0 0 0 0 2.3 1.71 0.0 -0.69 -0.51 -1.06 -1.04 -0.52 -0.37 0.255 0.336 0.188 0.197 0.29 0.714 0 0 0 0 0 0
1963-11-06T08:30:00 1963 11 6 8 30 0 -0.02 0.02 376.9 10.45 2.63 0.0 0.0 0.0 0 0 0 0 0 0 0 0 2.3 1.78 -8.0 -0.69 -0.51 -1.06 -1.04 -0.52 -0.37 0.255 0.336 0.188 0.197 0.29 0.714 0 0 0 0 0 0
1963-11-06T09:30:00 1963 11 6 9 30 0 -0.02 0.02 376.9 10.45 2.63 0.0 0.0 0.0 0 0 0 0 0 0 0 0 2.0 1.82 -9.0 -0.69 -0.51 -1.06 -1.04 -0.52 -0.37 0.255 0.336 0.188 0.197 0.29 0.714 0 0 0 0 0 0
1963-11-06T10:30:00 1963 11 6 10 30 0 -0.02 0.02 376.9 10.45 2.63 0.0 0.0 0.0 0 0 0 0 0 0 0 0 2.0 1.86 -12.0 -0.69 -0.51 -1.06 -1.04 -0.52 -0.37 0.255 0.336 0.188 0.197 0.29 0.714 0 0 0 0 0 0
1963-11-06T11:30:00 1963 11 6 11 30 0 -0.02 0.02 376.9 10.45 2.63 0.0 0.0 0.0 0 0 0 0 0 0 0 0 2.0 1.94 -13.0 -0.69 -0.5 -1.06 -1.04 -0.52 -0.37 0.255 0.335 0.188 0.197 0.29 0.714 0 0 0 0 0 0
1963-11-06T12:30:00 1963 11 6 12 30 0 -0.02 0.02 376.8 10.45 2.63 0.0 0.0 0.0 0 0 0 0 0 0 0 0 3.3 2.2 -7.0 -0.69 -0.5 -1.06 -1.04 -0.52 -0.37 0.255 0.333 0.188 0.197 0.29 0.713 0 0 0 0 0 0
1963-11-06T13:30:00 1963 11 6 13 30 0 -0.02 0.02 376.8 10.45 2.63 0.0 0.0 0.0 0 0 0 0 0 0 0 0 3.3 2.45 -7.0 -0.69 -0.5 -1.06 -1.04 -0.52 -0.37 0.255 0.332 0.188 0.197 0.29 0.713 0 0 0 0 0 0
1963-11-06T14:30:00 1963 11 6 14 30 0 -0.02 0.02 376.8 10.45 2.63 0.0 0.0 0.0 0 0 0 0 0 0 0 0 3.3 2.58 -13.0 -0.69 -0.5 -1.06 -1.04 -0.52 -0.37 0.255 0.332 0.188 0.197 0.29 0.713 0 0 0 0 0 0
1963-11-06T15:30:00 1963 11 6 15 30 0 -0.02 0.02 376.8 10.45 2.63 0.0 0.0 0.0 0 0 0 0 0 0 0 0 2.7 2.63 -19.0 -0.69 -0.5 -1.06 -1.04 -0.52 -0.37 0.255 0.332 0.188 0.197 0.29 0.713 0 0 0 0 0 0
1963-11-06T16:30:00 1963 11 6 16 30 0 -0.02 0.02 376.8 10.45 2.63 0.0 0.0 0.0 0 0 0 0 0 0 0 0 2.7 2.67 -15.0 -0.69 -0.5 -1.06 -1.04 -0.52 -0.37 0.255 0.332 0.188 0.197 0.29 0.713 0 0 0 0 0 0
1963-11-06T17:30:00 1963 11 6 17 30 0 -0.02 0.02 376.8 10.45 2.63 0.0 0.0 0.0 0 0 0 0 0 0 0 0 2.7 2.76 -11.0 -0.69 -0.5 -1.06 -1.04 -0.52 -0.37 0.255 0.332 0.188 0.197 0.29 0.713 0 0 0 0 0 0
1963-11-06T18:30:00 1963 11 6 18 30 0 -0.02 0.02 376.8 10.45 2.63 0.0 0.0 0.0 0 0 0 0 0 0 0 0 3.0 2.88 -9.0 -0.69 -0.5 -1.06 -1.04 -0.52 -0.37 0.255 0.332 0.188 0.197 0.29 0.713 0 0 0 0 0 0
1963-11-06T19:30:00 1963 11 6 19 30 0 -0.02 0.02 376.8 10.45 2.63 0.0 0.0 0.0 0 0 0 0 0 0 0 0 3.0 3.0 -11.0 -0.69 -0.5 -1.06 -1.04 -0.52 -0.37 0.255 0.332 0.188 0.197 0.29 0.713 0 0 0 0 0 0
1963-11-06T20:30:00 1963 11 6 20 30 0 -0.02 0.02 376.8 10.45 2.63 0.0 0.0 0.0 0 0 0 0 0 0 0 0 3.0 2.96 -19.0 -0.69 -0.5 -1.06 -1.04 -0.52 -0.37 0.255 0.332 0.188 0.197 0.29 0.713 0 0 0 0 0 0
1963-11-06T21:30:00 1963 11 6 21 30 0 -0.02 0.02 376.8 10.45 2.63 0.0 0.0 0.0 0 0 0 0 0 0 0 0 4.0 3.06 -19.0 -0.69 -0.5 -1.06 -1.04 -0.52 -0.37 0.255 0.332 0.188 0.197 0.29 0.713 0 0 0 0 0 0
1963-11-06T22:30:00 1963 11 6 22 30 0 -0.02 0.02 376.8 10.45 2.63 0.0 0.0 0.0 0 0 0 0 0 0 0 0 4.0 3.15 -13.0 -0.69 -0.5 -1.06 -1.04 -0.52 -0.37 0.255 0.332 0.188 0.197 0.29 0.713 0 0 0 0 0 0
1963-11-06T23:30:00 1963 11 6 23 30 0 -0.03 0.02 376.8 10.45 2.63 0.0 0.0 0.0 0 0 0 0 0 0 0 0 4.0 3.32 -10.0 -0.69 -0.5 -1.06 -1.04 -0.52 -0.37 0.255 0.332 0.188 0.197 0.29 0.713 0 0 0 0 0 0
