1963-02-01T00:30:00 1963 2 1 0 30 0 0.09 0.05 360.1 10.55 2.52 0.0 0.0 0.0 0 0 0 0 0 0 0 0 1.0 2.81 -42.0 -0.73 -0.54 -1.09 -1.07 -0.56 -0.39 0.259 0.348 0.176 0.194 0.285 0.666 0 0 0 0 0 0
1963-02-01T01:30:00 1963 2 1 1 30 0 0.09 0.05 360.1 10.55 2.52 0.0 0.0 0.0 0 0 0 0 0 0 0 0 1.0 2.35 -42.0 -0.73 -0.54 -1.09 -1.07 -0.56 -0.39 0.259 0.348 0.176 0.194 0.285 0.666 0 0 0 0 0 0
1963-02-01T02:30:00 1963 2 1 2 30 0 0.09 0.05 360.1 10.55 2.52 0.0 0.0 0.0 0 0 0 0 0 0 0 0 1.0 1.98 -41.0 -0.73 -0.54 -1.09 -1.07 -0.56 -0.39 0.259 0.348 0.176 0.194 0.285 0.666 0 0 0 0 0 0
1963-02-01T03:30:00 1963 2 1 3 30 0 0.09 0.05 360.1 10.55 2.52 0.0 0.0 0.0 0 0 0 0 0 0 0 0 0.3 1.52 -37.0 -0.73 -0.54 -1.09 -1.07 -0.56 -0.39 0.259 0.348 0.176 0.194 0.285 0.666 0 0 0 0 0 0
1963-02-01T04:30:00 1963 2 1 4 30 0 0.09 0.05 360.1 10.55 2.52 0.0 0.0 0.0 0 0 0 0 0 0 0 0 0.3 1.07 -33.0 -0.73 -0.54 -1.09 -1.07 -0.56 -0.39 0.259 0.348 0.176 0.194 0.285 0.666 0 0 0 0 0 0
1963-02-01T05:30:00 1963 2 1 5 30 0 0.09 0.05 360.1 10.55 2.52 0.0 0.0 0.0 0 0 0 0 0 0 0 0 0.3 0.9 -29.0 -0.73 -0.54 -1.09 -1.07 -0.56 -0.39 0.259 0.348 0.176 0.194 0.285 0.666 0 0 0 0 0 0
1963-02-01T06:30:00 1963 2 1 6 30 0 0.09 0.05 360.1 10.55 2.52 0.0 0.0 0.0 0 0 0 0 0 0 0 0 2.7 1.04 -26.0 -0.73 -0.54 -1.09 -1.07 -0.56 -0.39 0.259 0.348 0.176 0.194 0.285 0.666 0 0 0 0 0 0
1963-02-01T07:30:00 1963 2 1 7 30 0 0.09 0.05 360.1 10.55 2.52 0.0 0.0 0.0 0 0 0 0 0 0 0 0 2.7 1.18 -26.0 -0.73 -0.54 -1.09 -1.07 -0.56 -0.39 0.259 0.348 0.176 0.194 0.285 0.666 0 0 0 0 0 0
1963-02-01T08:30:00 1963 2 1 8 30 0 0.09 0.05 360.1 10.55 2.52 0.0 0.0 0.0 0 0 0 0 0 0 0 0 2.7 1.4 -28.0 -0.73 -0.54 -1.09 -1.07 -0.56 -0.39 0.259 0.348 0.176 0.194 0.285 0.666 0 0 0 0 0 0
1963-02-01T09:30:00 1963 2 1 9 30 0 0.09 0.05 360.1 10.55 2.52 0.0 0.0 0.0 0 0 0 0 0 0 0 0 3.0 1.66 -30.0 -0.73 -0.54 -1.09 -1.07 -0.56 -0.39 0.259 0.348 0.176 0.194 0.285 0.666 0 0 0 0 0 0
1963-02-01T10:30:00 1963 2 1 10 30 0 0.09 0.05 360.1 10.55 2.52 0.0 0.0 0.0 0 0 0 0 0 0 0 0 3.0 1.91 -32.0 -0.73 -0.54 -1.09 -1.07 -0.56 -0.39 0.259 0.348 0.176 0.194 0.285 0.666 0 0 0 0 0 0
1963-02-01T11:30:00 1963 2 1 11 30 0 0.09 0.05 360.1 10.55 2.52 0.0 0.0 0.0 0 0 0 0 0 0 0 0 3.0 2.24 -39.0 -0.73 -0.54 -1.09 -1.07 -0.56 -0.39 0.259 0.348 0.176 0.194 0.285 0.666 0 0 0 0 0 0
1963-02-01T12:30:00 1963 2 1 12 30 0 0.09 0.05 360.1 10.55 2.52 0.0 0.0 0.0 0 0 0 0 0 0 0 0 3.7 2.66 -38.0 -0.73 -0.54 -1.09 -1.07 -0.56 -0.39 0.259 0.348 0.176 0.194 0.285 0.666 0 0 0 0 0 0
1963-02-01T13:30:00 1963 2 1 13 30 0 0.09 0.05 360.1 10.55 2.52 0.0 0.0 0.0 0 0 0 0 0 0 0 0 3.7 3.07 -33.0 -0.73 -0.54 -1.09 -1.07 -0.56 -0.39 0.259 0.348 0.176 0.194 0.285 0.666 0 0 0 0 0 0
1963-02-01T14:30:00 1963 2 1 14 30 0 0.09 0.05 360.1 10.55 2.52 0.0 0.0 0.0 0 0 0 0 0 0 0 0 3.7 3.2 -37.0 -0.73 -0.54 -1.09 -1.07 -0.56 -0.39 0.259 0.348 0.176 0.194 0.285 0.666 0 0 0 0 0 0
1963-02-01T15:30:00 1963 2 1 15 30 0 0.09 0.05 360.1 10.55 2.52 0.0 0.0 0.0 0 0 0 0 0 0 0 0 2.7 3.19 -37.0 -0.73 -0.54 -1.09 -1.07 -0.56 -0.39 0.259 0.348 0.176 0.194 0.285 0.666 0 0 0 0 0 0
1963-02-01T16:30:00 1963 2 1 16 30 0 0.09 0.05 360.1 10.55 2.52 0.0 0.0 0.0 0 0 0 0 0 0 0 0 2.7 3.19 -38.0 -0.73 -0.54 -1.09 -1.07 -0.56 -0.39 0.259 0.348 0.176 0.194 0.285 0.666 0 0 0 0 0 0
1963-02-01T17:30:00 1963 2 1 17 30 0 0.09 0.05 360.1 10.55 2.52 0.0 0.0 0.0 0 0 0 0 0 0 0 0 2.7 3.14 -39.0 -0.73 -0.54 -1.09 -1.07 -0.56 -0.39 0.259 0.348 0.176 0.194 0.285 0.666 0 0 0 0 0 0
1963-02-01T18:30:00 1963 2 1 18 30 0 0.09 0.05 360.1 10.55 2.52 0.0 0.0 0.0 0 0 0 0 0 0 0 0 2.7 3.1 -38.0 -0.73 -0.54 -1.09 -1.07 -0.56 -0.39 0.259 0.348 0.176 0.194 0.285 0.666 0 0 0 0 0 0
1963-02-01T19:30:00 1963 2 1 19 30 0 0.09 0.05 360.1 10.55 2.52 0.0 0.0 0.0 0 0 0 0 0 0 0 0 2.7 3.06 -34.0 -0.73 -0.54 -1.09 -1.07 -0.56 -0.39 0.259 0.348 0.176 0.194 0.285 0.666 0 0 0 0 0 0
1963-02-01T20:30:00 1963 2 1 20 30 0 0.09 0.05 360.1 10.55 2.52 0.0 0.0 0.0 0 0 0 0 0 0 0 0 2.7 2.94 -38.0 -0.73 -0.54 -1.09 -1.07 -0.56 -0.39 0.259 0.348 0.176 0.194 0.285 0.666 0 0 0 0 0 0
1963-02-01T21:30:00 1963 2 1 21 30 0 0.09 0.05 360.1 10.55 2.52 0.0 0.0 0.0 0 0 0 0 0 0 0 0 4.0 2.99 -37.0 -0.73 -0.54 -1.09 -1.07 -0.56 -0.39 0.259 0.348 0.176 0.194 0.285 0.666 0 0 0 0 0 0
1963-02-01T22:30:00 1963 2 1 22 30 0 0.09 0.05 360.1 10.55 2.52 0.0 0.0 0.0 0 0 0 0 0 0 0 0 4.0 3.04 -30.0 -0.73 -0.54 -1.09 -1.07 -0.56 -0.39 0.259 0.348 0.176 0.194 0.285 0.666 0 0 0 0 0 0
1963-02-01T23:30:00 1963 2 1 23 30 0 0.09 0.05 360.1 10.55 2.52 0.0 0.0 0.0 0 0 0 0 0 0 0 0 4.0 3.2 -26.0 -0.73 -0.54 -1.09 -1.07 -0.56 -0.39 0.259 0.348 0.176 0.194 0.285 0.666 0 0 0 0 0 0
