1963-01-12T00:30:00 1963 1 12 0 30 0 0.09 0.05 360.1 10.55 2.52 0.0 0.0 0.0 0 0 0 0 0 0 0 0 0.3 2.29 6.0 -0.73 -0.54 -1.09 -1.07 -0.56 -0.39 0.259 0.348 0.082 0.194 0.285 0.666 0 0 0 0 0 0
1963-01-12T01:30:00 1963 1 12 1 30 0 0.09 0.05 360.1 10.55 2.52 0.0 0.0 0.0 0 0 0 0 0 0 0 0 0.3 2.06 7.0 -0.73 -0.54 -1.09 -1.07 -0.56 -0.39 0.259 0.348 0.085 0.194 0.285 0.666 0 0 0 0 0 0
1963-01-12T02:30:00 1963 1 12 2 30 0 0.09 0.05 360.1 10.55 2.52 0.0 0.0 0.0 0 0 0 0 0 0 0 0 0.3 1.64 7.0 -0.73 -0.54 -1.09 -1.07 -0.56 -0.39 0.259 0.348 0.088 0.194 0.285 0.666 0 0 0 0 0 0
1963-01-12T03:30:00 1963 1 12 3 30 0 0.09 0.05 360.1 10.55 2.52 0.0 0.0 0.0 0 0 0 0 0 0 0 0 1.7 1.4 5.0 -0.73 -0.54 -1.09 -1.07 -0.56 -0.39 0.259 0.348 0.09 0.194 0.285 0.666 0 0 0 0 0 0
1963-01-12T04:30:00 1963 1 12 4 30 0 0.09 0.05 360.1 10.55 2.52 0.0 0.0 0.0 0 0 0 0 0 0 0 0 1.7 1.17 5.0 -0.73 -0.54 -1.09 -1.07 -0.56 -0.39 0.259 0.348 0.093 0.194 0.285 0.666 0 0 0 0 0 0
1963-01-12T05:30:00 1963 1 12 5 30 0 0.09 0.05 360.1 10.55 2.52 0.0 0.0 0.0 0 0 0 0 0 0 0 0 1.7 1.18 4.0 -0.73 -0.54 -1.09 -1.07 -0.56 -0.39 0.259 0.348 0.095 0.194 0.285 0.666 0 0 0 0 0 0
1963-01-12T06:30:00 1963 1 12 6 30 0 0.09 0.05 360.1 10.55 2.52 0.0 0.0 0.0 0 0 0 0 0 0 0 0 0.7 1.05 3.0 -0.73 -0.54 -1.09 -1.07 -0.56 -0.39 0.259 0.348 0.098 0.194 0.285 0.666 0 0 0 0 0 0
1963-01-12T07:30:00 1963 1 12 7 30 0 0.09 0.05 360.1 10.55 2.52 0.0 0.0 0.0 0 0 0 0 0 0 0 0 0.7 0.93 2.0 -0.73 -0.54 -1.09 -1.07 -0.56 -0.39 0.259 0.348 0.1 0.194 0.285 0.666 0 0 0 0 0 0
1963-01-12T08:30:00 1963 1 12 8 30 0 0.09 0.05 360.1 10.55 2.52 0.0 0.0 0.0 0 0 0 0 0 0 0 0 0.7 0.98 0.0 -0.73 -0.54 -1.09 -1.07 -0.56 -0.39 0.259 0.348 0.103 0.194 0.285 0.666 0 0 0 0 0 0
1963-01-12T09:30:00 1963 1 12 9 30 0 0.09 0.05 360.1 10.55 2.52 0.0 0.0 0.0 0 0 0 0 0 0 0 0 0.7 1.02 -5.0 -0.73 -0.54 -1.09 -1.07 -0.56 -0.39 0.259 0.348 0.105 0.194 0.285 0.666 0 0 0 0 0 0
1963-01-12T10:30:00 1963 1 12 10 30 0 0.09 0.05 360.1 10.55 2.52 0.0 0.0 0.0 0 0 0 0 0 0 0 0 0.7 1.06 -8.0 -0.73 -0.54 -1.09 -1.07 -0.56 -0.39 0.259 0.348 0.107 0.194 0.285 0.666 0 0 0 0 0 0
1963-01-12T11:30:00 1963 1 12 11 30 0 0.09 0.05 360.1 10.55 2.52 0.0 0.0 0.0 0 0 0 0 0 0 0 0 0.7 0.94 -7.0 -0.73 -0.54 -1.09 -1.07 -0.56 -0.39 0.259 0.348 0.109 0.194 0.285 0.666 0 0 0 0 0 0
1963-01-12T12:30:00 1963 1 12 12 30 0 0.09 0.05 360.1 10.55 2.52 0.0 0.0 0.0 0 0 0 0 0 0 0 0 0.3 0.77 -5.0 -0.73 -0.54 -1.09 -1.07 -0.56 -0.39 0.259 0.348 0.111 0.194 0.285 0.666 0 0 0 0 0 0
1963-01-12T13:30:00 1963 1 12 13 30 0 0.09 0.05 360.1 10.55 2.52 0.0 0.0 0.0 0 0 0 0 0 0 0 0 0.3 0.6 -4.0 -0.73 -0.54 -1.09 -1.07 -0.56 -0.39 0.259 0.348 0.113 0.194 0.285 0.666 0 0 0 0 0 0
1963-01-12T14:30:00 1963 1 12 14 30 0 0.09 0.05 360.1 10.55 2.52 0.0 0.0 0.0 0 0 0 0 0 0 0 0 0.3 0.54 -2.0 -0.73 -0.54 -1.09 -1.07 -0.56 -0.39 0.259 0.348 0.115 0.194 0.285 0.666 0 0 0 0 0 0
1963-01-12T15:30:00 1963 1 12 15 30 0 0.09 0.05 360.1 10.55 2.52 0.0 0.0 0.0 0 0 0 0 0 0 0 0 0.7 0.55 1.0 -0.73 -0.54 -1.09 -1.07 -0.56 -0.39 0.259 0.348 0.117 0.194 0.285 0.666 0 0 0 0 0 0
1963-01-12T16:30:00 1963 1 12 16 30 0 0.09 0.05 360.1 10.55 2.52 0.0 0.0 0.0 0 0 0 0 0 0 0 0 0.7 0.55 5.0 -0.73 -0.54 -1.09 -1.07 -0.56 -0.39 0.259 0.348 0.119 0.194 0.285 0.666 0 0 0 0 0 0
1963-01-12T17:30:00 1963 1 12 17 30 0 0.09 0.05 360.1 10.55 2.52 0.0 0.0 0.0 0 0 0 0 0 0 0 0 0.7 0.55 5.0 -0.73 -0.54 -1.09 -1.07 -0.56 -0.39 0.259 0.348 0.12 0.194 0.285 0.666 0 0 0 0 0 0
1963-01-12T18:30:00 1963 1 12 18 30 0 0.09 0.05 360.1 10.55 2.52 0.0 0.0 0.0 0 0 0 0 0 0 0 0 1.7 0.68 8.0 -0.73 -0.54 -1.09 -1.07 -0.56 -0.39 0.259 0.348 0.122 0.194 0.285 0.666 0 0 0 0 0 0
1963-01-12T19:30:00 1963 1 12 19 30 0 0.09 0.05 360.1 10.55 2.52 0.0 0.0 0.0 0 0 0 0 0 0 0 0 1.7 0.82 8.0 -0.73 -0.54 -1.09 -1.07 -0.56 -0.39 0.259 0.348 0.124 0.194 0.285 0.666 0 0 0 0 0 0
1963-01-12T20:30:00 1963 1 12 20 30 0 0.09 0.05 360.1 10.55 2.52 0.0 0.0 0.0 0 0 0 0 0 0 0 0 1.7 0.99 13.0 -0.73 -0.54 -1.09 -1.07 -0.56 -0.39 0.259 0.348 0.125 0.194 0.285 0.666 0 0 0 0 0 0
1963-01-12T21:30:00 1963 1 12 21 30 0 0.09 0.05 360.1 10.55 2.52 0.0 0.0 0.0 0 0 0 0 0 0 0 0 3.0 1.34 24.0 -0.73 -0.54 -1.09 -1.07 -0.56 -0.39 0.259 0.348 0.127 0.194 0.285 0.666 0 0 0 0 0 0
1963-01-12T22:30:00 1963 1 12 22 30 0 0.09 0.05 360.1 10.55 2.52 0.0 0.0 0.0 0 0 0 0 0 0 0 0 3.0 1.68 25.0 -0.73 -0.54 -1.09 -1.07 -0.56 -0.39 0.259 0.348 0.128 0.194 0.285 0.666 0 0 0 0 0 0
1963-01-12T23:30:00 1963 1 12 23 30 0 0.09 0.05 360.1 10.55 2.52 0.0 0.0 0.0 0 0 0 0 0 0 0 0 3.0 1.96 30.0 -0.73 -0.54 -1.09 -1.07 -0.56 -0.39 0.259 0.348 0.13 0.194 0.285 0.666 0 0 0 0 0 0
