1963-11-07T00:30:00 1963 11 7 0 30 0 -0.03 0.02 376.8 10.45 2.63 0.0 0.0 0.0 0 0 0 0 0 0 0 0 3.3 3.39 -6.0 -0.69 -0.5 -1.06 -1.04 -0.52 -0.37 0.255 0.332 0.188 0.197 0.29 0.713 0 0 0 0 0 0
1963-11-07T01:30:00 1963 11 7 1 30 0 -0.03 0.02 376.8 10.45 2.63 0.0 0.0 0.0 0 0 0 0 0 0 0 0 3.3 3.46 -10.0 -0.69 -0.5 -1.06 -1.04 -0.52 -0.37 0.255 0.332 0.188 0.197 0.29 0.713 0 0 0 0 0 0
1963-11-07T02:30:00 1963 11 7 2 30 0 -0.03 0.02 376.8 10.45 2.63 0.0 0.0 0.0 0 0 0 0 0 0 0 0 3.3 3.49 -16.0 -0.69 -0.5 -1.06 -1.04 -0.52 -0.37 0.255 0.332 0.188 0.197 0.29 0.713 0 0 0 0 0 0
1963-11-07T03:30:00 1963 11 7 3 30 0 -0.03 0.02 376.8 10.45 2.63 0.0 0.0 0.0 0 0 0 0 0 0 0 0 4.7 3.7 -21.0 -0.69 -0.5 -1.06 -1.04 -0.52 -0.37 0.255 0.332 0.188 0.197 0.29 0.713 0 0 0 0 0 0
1963-11-07T04:30:00 1963 11 7 4 30 0 -0.03 0.02 376.8 10.45 2.63 0.0 0.0 0.0 0 0 0 0 0 0 0 0 4.7 3.92 -25.0 -0.69 -0.5 -1.06 -1.04 -0.52 -0.37 0.255 0.332 0.188 0.197 0.29 0.713 0 0 0 0 0 0
1963-11-07T05:30:00 1963 11 7 5 30 0 -0.03 0.02 376.8 10.45 2.63 0.0 0.0 0.0 0 0 0 0 0 0 0 0 4.7 4.01 -36.0 -0.69 -0.5 -1.06 -1.04 -0.52 -0.36 0.255 0.332 0.188 0.197 0.29 0.709 0 0 0 0 0 0
1963-11-07T06:30:00 1963 11 7 6 30 0 -0.03 0.02 376.8 10.45 2.63 0.0 0.0 0.0 0 0 0 0 0 0 0 0 3.7 3.97 -36.0 -0.69 -0.5 -1.06 -1.04 -0.52 -0.36 0.255 0.332 0.188 0.197 0.29 0.705 0 0 0 0 0 0
1963-11-07T07:30:00 1963 11 7 7 30 0 -0.03 0.02 376.8 10.45 2.63 0.0 0.0 0.0 0 0 0 0 0 0 0 0 3.7 3.93 -26.0 -0.69 -0.5 -1.06 -1.04 -0.52 -0.36 0.255 0.332 0.188 0.197 0.29 0.704 0 0 0 0 0 0
1963-11-07T08:30:00 1963 11 7 8 30 0 -0.03 0.02 376.8 10.45 2.64 0.0 0.0 0.0 0 0 0 0 0 0 0 0 3.7 3.98 -16.0 -0.69 -0.5 -1.06 -1.04 -0.52 -0.36 0.255 0.332 0.188 0.197 0.29 0.703 0 0 0 0 0 0
1963-11-07T09:30:00 1963 11 7 9 30 0 -0.03 0.02 376.8 10.45 2.64 0.0 0.0 0.0 0 0 0 0 0 0 0 0 5.0 4.19 -16.0 -0.69 -0.5 -1.06 -1.04 -0.52 -0.36 0.255 0.332 0.188 0.197 0.29 0.703 0 0 0 0 0 0
1963-11-07T10:30:00 1963 11 7 10 30 0 -0.03 0.02 376.8 10.45 2.64 0.0 0.0 0.0 0 0 0 0 0 0 0 0 5.0 4.4 -29.0 -0.69 -0.5 -1.06 -1.04 -0.52 -0.36 0.255 0.332 0.188 0.197 0.29 0.703 0 0 0 0 0 0
1963-11-07T11:30:00 1963 11 7 11 30 0 -0.03 0.02 376.8 10.45 2.64 0.0 0.0 0.0 0 0 0 0 0 0 0 0 5.0 4.44 -35.0 -0.69 -0.5 -1.06 -1.04 -0.52 -0.36 0.255 0.332 0.188 0.197 0.29 0.703 0 0 0 0 0 0
1963-11-07T12:30:00 1963 11 7 12 30 0 -0.03 0.02 376.8 10.45 2.64 0.0 0.0 0.0 0 0 0 0 0 0 0 0 4.0 4.36 -40.0 -0.69 -0.5 -1.06 -1.04 -0.52 -0.36 0.255 0.332 0.188 0.197 0.29 0.703 0 0 0 0 0 0
1963-11-07T13:30:00 1963 11 7 13 30 0 -0.03 0.02 376.8 10.45 2.64 0.0 0.0 0.0 0 0 0 0 0 0 0 0 4.0 4.27 -41.0 -0.69 -0.5 -1.06 -1.04 -0.52 -0.36 0.255 0.332 0.188 0.197 0.29 0.703 0 0 0 0 0 0
1963-11-07T14:30:00 1963 11 7 14 30 0 -0.03 0.02 376.8 10.45 2.64 0.0 0.0 0.0 0 0 0 0 0 0 0 0 4.0 4.3 -31.0 -0.69 -0.5 -1.06 -1.04 -0.52 -0.36 0.255 0.332 0.188 0.197 0.29 0.703 0 0 0 0 0 0
1963-11-07T15:30:00 1963 11 7 15 30 0 -0.03 0.02 376.8 10.45 2.64 0.0 0.0 0.0 0 0 0 0 0 0 0 0 4.7 4.42 -29.0 -0.69 -0.5 -1.06 -1.04 -0.52 -0.36 0.255 0.332 0.188 0.197 0.29 0.703 0 0 0 0 0 0
1963-11-07T16:30:00 1963 11 7 16 30 0 -0.03 0.02 376.8 10.44 2.64 0.0 0.0 0.0 0 0 0 0 0 0 0 0 4.7 4.54 -47.0 -0.69 -0.5 -1.06 -1.04 -0.52 -0.36 0.255 0.332 0.188 0.197 0.29 0.703 0 0 0 0 0 0
1963-11-07T17:30:00 1963 11 7 17 30 0 -0.03 0.02 376.8 10.44 2.64 0.0 0.0 0.0 0 0 0 0 0 0 0 0 4.7 4.51 -61.0 -0.69 -0.5 -1.06 -1.04 -0.52 -0.36 0.255 0.332 0.188 0.197 0.29 0.702 0 0 0 0 0 0
1963-11-07T18:30:00 1963 11 7 18 30 0 -0.03 0.02 376.8 10.44 2.64 0.0 0.0 0.0 0 0 0 0 0 0 0 0 6.0 4.65 -61.0 -0.69 -0.5 -1.06 -1.04 -0.52 -0.36 0.255 0.332 0.188 0.197 0.29 0.702 0 0 0 0 0 0
1963-11-07T19:30:00 1963 11 7 19 30 0 -0.03 0.02 376.8 10.44 2.64 0.0 0.0 0.0 0 0 0 0 0 0 0 0 6.0 4.79 -51.0 -0.69 -0.5 -1.06 -1.04 -0.52 -0.36 0.255 0.332 0.188 0.197 0.29 0.702 0 0 0 0 0 0
1963-11-07T20:30:00 1963 11 7 20 30 0 -0.03 0.02 376.8 10.44 2.64 0.0 0.0 0.0 0 0 0 0 0 0 0 0 6.0 5.04 -48.0 -0.69 -0.5 -1.06 -1.04 -0.52 -0.36 0.255 0.332 0.188 0.197 0.29 0.702 0 0 0 0 0 0
1963-11-07T21:30:00 1963 11 7 21 30 0 -0.03 0.02 376.8 10.44 2.64 0.0 0.0 0.0 0 0 0 0 0 0 0 0 4.7 5.11 -44.0 -0.69 -0.5 -1.06 -1.04 -0.52 -0.36 0.255 0.332 0.188 0.197 0.29 0.702 0 0 0 0 0 0
1963-11-07T22:30:00 1963 11 7 22 30 0 -0.03 0.02 376.8 10.44 2.64 0.0 0.0 0.0 0 0 0 0 0 0 0 0 4.7 5.19 -41.0 -0.69 -0.5 -1.06 -1.04 -0.52 -0.36 0.255 0.332 0.188 0.197 0.29 0.702 0 0 0 0 0 0
1963-11-07T23:30:00 1963 11 7 23 30 0 -0.03 0.02 376.8 10.44 2.64 0.0 0.0 0.0 0 0 0 0 0 0 0 0 4.7 5.18 -40.0 -0.69 -0.5 -1.06 -1.04 -0.52 -0.36 0.255 0.332 0.188 0.197 0.29 0.702 0 0 0 0 0 0
