1963-04-21T00:30:00 1963 4 21 0 30 0 0.09 0.05 360.1 10.55 2.52 0.0 0.0 0.0 0 0 0 0 0 0 0 0 0.0 0.72 2.0 -0.73 -0.54 -1.09 -1.07 -0.56 -0.39 0.259 0.348 0.176 0.194 0.285 0.666 0 0 0 0 0 0
1963-04-21T01:30:00 1963 4 21 1 30 0 0.09 0.05 360.1 10.55 2.52 0.0 0.0 0.0 0 0 0 0 0 0 0 0 0.0 0.48 1.0 -0.73 -0.54 -1.09 -1.07 -0.56 -0.39 0.259 0.348 0.176 0.194 0.285 0.666 0 0 0 0 0 0
1963-04-21T02:30:00 1963 4 21 2 30 0 0.09 0.05 360.1 10.55 2.52 0.0 0.0 0.0 0 0 0 0 0 0 0 0 0.0 0.35 0.0 -0.73 -0.54 -1.09 -1.07 -0.56 -0.39 0.259 0.348 0.176 0.194 0.285 0.666 0 0 0 0 0 0
1963-04-21T03:30:00 1963 4 21 3 30 0 0.09 0.05 360.1 10.55 2.52 0.0 0.0 0.0 0 0 0 0 0 0 0 0 0.7 0.32 1.0 -0.73 -0.54 -1.09 -1.07 -0.56 -0.39 0.259 0.348 0.176 0.194 0.285 0.666 0 0 0 0 0 0
1963-04-21T04:30:00 1963 4 21 4 30 0 0.09 0.05 360.1 10.55 2.52 0.0 0.0 0.0 0 0 0 0 0 0 0 0 0.7 0.29 -1.0 -0.73 -0.54 -1.09 -1.07 -0.56 -0.39 0.259 0.348 0.176 0.194 0.285 0.666 0 0 0 0 0 0
1963-04-21T05:30:00 1963 4 21 5 30 0 0.09 0.05 360.1 10.55 2.52 0.0 0.0 0.0 0 0 0 0 0 0 0 0 0.7 0.34 -1.0 -0.73 -0.54 -1.09 -1.07 -0.56 -0.39 0.259 0.348 0.176 0.194 0.285 0.666 0 0 0 0 0 0
1963-04-21T06:30:00 1963 4 21 6 30 0 0.09 0.05 360.1 10.55 2.52 0.0 0.0 0.0 0 0 0 0 0 0 0 0 0.0 0.3 0.0 -0.73 -0.54 -1.09 -1.07 -0.56 -0.39 0.259 0.348 0.176 0.194 0.285 0.666 0 0 0 0 0 0
1963-04-21T07:30:00 1963 4 21 7 30 0 0.09 0.05 360.1 10.55 2.52 0.0 0.0 0.0 0 0 0 0 0 0 0 0 0.0 0.26 0.0 -0.73 -0.54 -1.09 -1.07 -0.56 -0.39 0.259 0.348 0.176 0.194 0.285 0.666 0 0 0 0 0 0
1963-04-21T08:30:00 1963 4 21 8 30 0 0.09 0.05 360.1 10.55 2.52 0.0 0.0 0.0 0 0 0 0 0 0 0 0 0.0 0.26 1.0 -0.73 -0.54 -1.09 -1.07 -0.56 -0.39 0.259 0.348 0.176 0.194 0.285 0.666 0 0 0 0 0 0
1963-04-21T09:30:00 1963 4 21 9 30 0 0.09 0.05 360.1 10.55 2.52 0.0 0.0 0.0 0 0 0 0 0 0 0 0 1.7 0.48 3.0 -0.73 -0.54 -1.09 -1.07 -0.56 -0.39 0.259 0.348 0.176 0.194 0.285 0.666 0 0 0 0 0 0
1963-04-21T10:30:00 1963 4 21 10 30 0 0.09 0.05 360.1 10.55 2.52 0.0 0.0 0.0 0 0 0 0 0 0 0 0 1.7 0.7 7.0 -0.73 -0.54 -1.09 -1.07 -0.56 -0.39 0.259 0.348 0.176 0.194 0.285 0.666 0 0 0 0 0 0
1963-04-21T11:30:00 1963 4 21 11 30 0 0.09 0.05 360.1 10.55 2.52 0.0 0.0 0.0 0 0 0 0 0 0 0 0 1.7 0.83 7.0 -0.73 -0.54 -1.09 -1.07 -0.56 -0.39 0.259 0.348 0.176 0.194 0.285 0.666 0 0 0 0 0 0
1963-04-21T12:30:00 1963 4 21 12 30 0 0.09 0.05 360.1 10.55 2.52 0.0 0.0 0.0 0 0 0 0 0 0 0 0 1.7 0.96 5.0 -0.73 -0.54 -1.09 -1.07 -0.56 -0.39 0.259 0.348 0.176 0.194 0.285 0.666 0 0 0 0 0 0
1963-04-21T13:30:00 1963 4 21 13 30 0 0.09 0.05 360.1 10.55 2.52 0.0 0.0 0.0 0 0 0 0 0 0 0 0 1.7 1.08 2.0 -0.73 -0.54 -1.09 -1.07 -0.56 -0.39 0.259 0.348 0.176 0.194 0.285 0.666 0 0 0 0 0 0
1963-04-21T14:30:00 1963 4 21 14 30 0 0.09 0.05 360.1 10.55 2.52 0.0 0.0 0.0 0 0 0 0 0 0 0 0 1.7 1.29 -1.0 -0.73 -0.54 -1.09 -1.07 -0.56 -0.39 0.259 0.348 0.176 0.194 0.285 0.666 0 0 0 0 0 0
1963-04-21T15:30:00 1963 4 21 15 30 0 0.09 0.05 360.1 10.55 2.52 0.0 0.0 0.0 0 0 0 0 0 0 0 0 1.0 1.41 -2.0 -0.73 -0.54 -1.09 -1.07 -0.56 -0.39 0.259 0.348 0.176 0.194 0.285 0.666 0 0 0 0 0 0
1963-04-21T16:30:00 1963 4 21 16 30 0 0.09 0.05 360.1 10.55 2.52 0.0 0.0 0.0 0 0 0 0 0 0 0 0 1.0 1.52 -1.0 -0.73 -0.54 -1.09 -1.07 -0.56 -0.39 0.259 0.348 0.176 0.194 0.285 0.666 0 0 0 0 0 0
1963-04-21T17:30:00 1963 4 21 17 30 0 0.09 0.05 360.1 10.55 2.52 0.0 0.0 0.0 0 0 0 0 0 0 0 0 1.0 1.43 -1.0 -0.73 -0.54 -1.09 -1.07 -0.56 -0.39 0.259 0.348 0.176 0.194 0.285 0.666 0 0 0 0 0 0
1963-04-21T18:30:00 1963 4 21 18 30 0 0.09 0.05 360.1 10.55 2.52 0.0 0.0 0.0 0 0 0 0 0 0 0 0 1.0 1.34 -3.0 -0.73 -0.54 -1.09 -1.07 -0.56 -0.39 0.259 0.348 0.176 0.194 0.285 0.666 0 0 0 0 0 0
1963-04-21T19:30:00 1963 4 21 19 30 0 0.09 0.05 360.1 10.55 2.52 0.0 0.0 0.0 0 0 0 0 0 0 0 0 1.0 1.25 0.0 -0.73 -0.54 -1.09 -1.07 -0.56 -0.39 0.259 0.348 0.176 0.194 0.285 0.666 0 0 0 0 0 0
1963-04-21T20:30:00 1963 4 21 20 30 0 0.09 0.05 360.1 10.55 2.52 0.0 0.0 0.0 0 0 0 0 0 0 0 0 1.0 1.17 0.0 -0.73 -0.54 -1.09 -1.07 -0.56 -0.39 0.259 0.348 0.176 0.194 0.285 0.666 0 0 0 0 0 0
1963-04-21T21:30:00 1963 4 21 21 30 0 0.09 0.05 360.1 10.55 2.52 0.0 0.0 0.0 0 0 0 0 0 0 0 0 1.3 1.12 -1.0 -0.73 -0.54 -1.09 -1.07 -0.56 -0.39 0.259 0.348 0.176 0.194 0.285 0.666 0 0 0 0 0 0
1963-04-21T22:30:00 1963 4 21 22 30 0 0.09 0.05 360.1 10.55 2.52 0.0 0.0 0.0 0 0 0 0 0 0 0 0 1.3 1.08 -4.0 -0.73 -0.54 -1.09 -1.07 -0.56 -0.39 0.259 0.348 0.176 0.194 0.285 0.666 0 0 0 0 0 0
1963-04-21T23:30:00 1963 4 21 23 30 0 0.09 0.05 360.1 10.55 2.52 0.0 0.0 0.0 0 0 0 0 0 0 0 0 1.3 1.12 -4.0 -0.73 -0.54 -1.09 -1.07 -0.56 -0.39 0.259 0.348 0.176 0.194 0.285 0.666 0 0 0 0 0 0
