1963-06-13T00:30:00 1963 6 13 0 30 0 0.09 0.05 360.1 10.55 2.52 0.0 0.0 0.0 0 0 0 0 0 0 0 0 2.0 1.13 3.0 -0.73 -0.54 -1.09 -1.07 -0.56 -0.39 0.259 0.348 0.176 0.194 0.285 0.666 0 0 0 0 0 0
1963-06-13T01:30:00 1963 6 13 1 30 0 0.09 0.05 360.1 10.55 2.52 0.0 0.0 0.0 0 0 0 0 0 0 0 0 2.0 1.26 1.0 -0.73 -0.54 -1.09 -1.07 -0.56 -0.39 0.259 0.348 0.176 0.194 0.285 0.666 0 0 0 0 0 0
1963-06-13T02:30:00 1963 6 13 2 30 0 0.09 0.05 360.1 10.55 2.52 0.0 0.0 0.0 0 0 0 0 0 0 0 0 2.0 1.35 -1.0 -0.73 -0.54 -1.09 -1.07 -0.56 -0.39 0.259 0.348 0.176 0.194 0.285 0.666 0 0 0 0 0 0
1963-06-13T03:30:00 1963 6 13 3 30 0 0.09 0.05 360.1 10.55 2.52 0.0 0.0 0.0 0 0 0 0 0 0 0 0 1.3 1.35 -4.0 -0.73 -0.54 -1.09 -1.07 -0.56 -0.39 0.259 0.348 0.176 0.194 0.285 0.666 0 0 0 0 0 0
1963-06-13T04:30:00 1963 6 13 4 30 0 0.09 0.05 360.1 10.55 2.52 0.0 0.0 0.0 0 0 0 0 0 0 0 0 1.3 1.35 -3.0 -0.73 -0.54 -1.09 -1.07 -0.56 -0.39 0.259 0.348 0.176 0.194 0.285 0.666 0 0 0 0 0 0
1963-06-13T05:30:00 1963 6 13 5 30 0 0.09 0.05 360.1 10.55 2.52 0.0 0.0 0.0 0 0 0 0 0 0 0 0 1.3 1.42 3.0 -0.73 -0.54 -1.09 -1.07 -0.56 -0.39 0.259 0.348 0.176 0.194 0.285 0.666 0 0 0 0 0 0
1963-06-13T06:30:00 1963 6 13 6 30 0 0.09 0.05 360.1 10.55 2.52 0.0 0.0 0.0 0 0 0 0 0 0 0 0 1.0 1.45 6.0 -0.73 -0.54 -1.09 -1.07 -0.56 -0.39 0.259 0.348 0.176 0.194 0.285 0.666 0 0 0 0 0 0
1963-06-13T07:30:00 1963 6 13 7 30 0 0.09 0.05 360.1 10.55 2.52 0.0 0.0 0.0 0 0 0 0 0 0 0 0 1.0 1.48 7.0 -0.73 -0.54 -1.09 -1.07 -0.56 -0.39 0.259 0.348 0.176 0.194 0.285 0.666 0 0 0 0 0 0
1963-06-13T08:30:00 1963 6 13 8 30 0 0.09 0.05 360.1 10.55 2.52 0.0 0.0 0.0 0 0 0 0 0 0 0 0 1.0 1.35 6.0 -0.73 -0.54 -1.09 -1.07 -0.56 -0.39 0.259 0.348 0.176 0.194 0.285 0.666 0 0 0 0 0 0
1963-06-13T09:30:00 1963 6 13 9 30 0 0.09 0.05 360.1 10.55 2.52 0.0 0.0 0.0 0 0 0 0 0 0 0 0 1.7 1.32 0.0 -0.73 -0.54 -1.09 -1.07 -0.56 -0.39 0.259 0.348 0.176 0.194 0.285 0.666 0 0 0 0 0 0
1963-06-13T10:30:00 1963 6 13 10 30 0 0.09 0.05 360.1 10.55 2.52 0.0 0.0 0.0 0 0 0 0 0 0 0 0 1.7 1.29 -6.0 -0.73 -0.54 -1.09 -1.07 -0.56 -0.39 0.259 0.348 0.176 0.194 0.285 0.666 0 0 0 0 0 0
1963-06-13T11:30:00 1963 6 13 11 30 0 0.09 0.05 360.1 10.55 2.52 0.0 0.0 0.0 0 0 0 0 0 0 0 0 1.7 1.34 -7.0 -0.73 -0.54 -1.09 -1.07 -0.56 -0.39 0.259 0.348 0.176 0.194 0.285 0.666 0 0 0 0 0 0
1963-06-13T12:30:00 1963 6 13 12 30 0 0.09 0.05 360.1 10.55 2.52 0.0 0.0 0.0 0 0 0 0 0 0 0 0 1.3 1.34 -3.0 -0.73 -0.54 -1.09 -1.07 -0.56 -0.39 0.259 0.348 0.176 0.194 0.285 0.666 0 0 0 0 0 0
1963-06-13T13:30:00 1963 6 13 13 30 0 0.09 0.05 360.1 10.55 2.52 0.0 0.0 0.0 0 0 0 0 0 0 0 0 1.3 1.34 -3.0 -0.73 -0.54 -1.09 -1.07 -0.56 -0.39 0.259 0.348 0.176 0.194 0.285 0.666 0 0 0 0 0 0
1963-06-13T14:30:00 1963 6 13 14 30 0 0.09 0.05 360.1 10.55 2.52 0.0 0.0 0.0 0 0 0 0 0 0 0 0 1.3 1.38 0.0 -0.73 -0.54 -1.09 -1.07 -0.56 -0.39 0.259 0.348 0.176 0.194 0.285 0.666 0 0 0 0 0 0
1963-06-13T15:30:00 1963 6 13 15 30 0 0.09 0.05 360.1 10.55 2.52 0.0 0.0 0.0 0 0 0 0 0 0 0 0 1.0 1.37 1.0 -0.73 -0.54 -1.09 -1.07 -0.56 -0.39 0.259 0.348 0.176 0.194 0.285 0.666 0 0 0 0 0 0
1963-06-13T16:30:00 1963 6 13 16 30 0 0.09 0.05 360.1 10.55 2.52 0.0 0.0 0.0 0 0 0 0 0 0 0 0 1.0 1.37 4.0 -0.73 -0.54 -1.09 -1.07 -0.56 -0.39 0.259 0.348 0.176 0.194 0.285 0.666 0 0 0 0 0 0
1963-06-13T17:30:00 1963 6 13 17 30 0 0.09 0.05 360.1 10.55 2.52 0.0 0.0 0.0 0 0 0 0 0 0 0 0 1.0 1.28 8.0 -0.73 -0.54 -1.09 -1.07 -0.56 -0.39 0.259 0.348 0.176 0.194 0.285 0.666 0 0 0 0 0 0
1963-06-13T18:30:00 1963 6 13 18 30 0 0.09 0.05 360.1 10.55 2.52 0.0 0.0 0.0 0 0 0 0 0 0 0 0 1.3 1.23 5.0 -0.73 -0.54 -1.09 -1.07 -0.56 -0.39 0.259 0.348 0.176 0.194 0.285 0.666 0 0 0 0 0 0
1963-06-13T19:30:00 1963 6 13 19 30 0 0.09 0.05 360.1 10.55 2.52 0.0 0.0 0.0 0 0 0 0 0 0 0 0 1.3 1.19 4.0 -0.73 -0.54 -1.09 -1.07 -0.56 -0.39 0.259 0.348 0.176 0.194 0.285 0.666 0 0 0 0 0 0
1963-06-13T20:30:00 1963 6 13 20 30 0 0.09 0.05 360.1 10.55 2.52 0.0 0.0 0.0 0 0 0 0 0 0 0 0 1.3 1.19 6.0 -0.73 -0.54 -1.09 -1.07 -0.56 -0.39 0.259 0.348 0.176 0.194 0.285 0.666 0 0 0 0 0 0
1963-06-13T21:30:00 1963 6 13 21 30 0 0.09 0.05 360.1 10.55 2.52 0.0 0.0 0.0 0 0 0 0 0 0 0 0 1.7 1.24 8.0 -0.73 -0.54 -1.09 -1.07 -0.56 -0.39 0.259 0.348 0.176 0.194 0.285 0.666 0 0 0 0 0 0
1963-06-13T22:30:00 1963 6 13 22 30 0 0.09 0.05 360.1 10.55 2.52 0.0 0.0 0.0 0 0 0 0 0 0 0 0 1.7 1.3 9.0 -0.73 -0.54 -1.09 -1.07 -0.56 -0.39 0.259 0.348 0.176 0.194 0.285 0.666 0 0 0 0 0 0
1963-06-13T23:30:00 1963 6 13 23 30 0 0.09 0.05 360.1 10.55 2.52 0.0 0.0 0.0 0 0 0 0 0 0 0 0 1.7 1.38 8.0 -0.73 -0.54 -1.09 -1.07 -0.56 -0.39 0.259 0.348 0.176 0.194 0.285 0.666 0 0 0 0 0 0
