1963-09-09T00:30:00 1963 9 9 0 30 0 0.1 0.04 370.6 10.52 2.51 0.0 0.0 0.0 0 0 0 0 0 0 0 0 2.7 1.26 6.0 -0.73 -0.54 -1.09 -1.07 -0.56 -0.39 0.265 0.349 0.187 0.201 0.298 0.711 0 0 0 0 0 0
1963-09-09T01:30:00 1963 9 9 1 30 0 0.1 0.04 370.6 10.52 2.51 0.0 0.0 0.0 0 0 0 0 0 0 0 0 2.7 1.33 8.0 -0.73 -0.54 -1.09 -1.07 -0.56 -0.39 0.265 0.349 0.187 0.201 0.298 0.711 0 0 0 0 0 0
1963-09-09T02:30:00 1963 9 9 2 30 0 0.1 0.04 370.6 10.52 2.51 0.0 0.0 0.0 0 0 0 0 0 0 0 0 2.7 1.55 1.0 -0.73 -0.54 -1.09 -1.07 -0.56 -0.39 0.265 0.349 0.187 0.201 0.298 0.711 0 0 0 0 0 0
1963-09-09T03:30:00 1963 9 9 3 30 0 0.1 0.04 370.6 10.52 2.51 0.0 0.0 0.0 0 0 0 0 0 0 0 0 4.3 1.97 -6.0 -0.73 -0.54 -1.09 -1.07 -0.56 -0.39 0.265 0.349 0.188 0.201 0.298 0.711 0 0 0 0 0 0
1963-09-09T04:30:00 1963 9 9 4 30 0 0.1 0.04 370.6 10.52 2.51 0.0 0.0 0.0 0 0 0 0 0 0 0 0 4.3 2.39 -14.0 -0.73 -0.54 -1.09 -1.07 -0.56 -0.39 0.265 0.349 0.188 0.201 0.298 0.711 0 0 0 0 0 0
1963-09-09T05:30:00 1963 9 9 5 30 0 0.1 0.04 370.6 10.52 2.51 0.0 0.0 0.0 0 0 0 0 0 0 0 0 4.3 2.84 -11.0 -0.73 -0.54 -1.09 -1.07 -0.56 -0.39 0.265 0.349 0.188 0.201 0.298 0.711 0 0 0 0 0 0
1963-09-09T06:30:00 1963 9 9 6 30 0 0.1 0.04 370.6 10.52 2.51 0.0 0.0 0.0 0 0 0 0 0 0 0 0 2.7 3.07 -2.0 -0.73 -0.54 -1.09 -1.07 -0.56 -0.39 0.265 0.349 0.188 0.201 0.298 0.711 0 0 0 0 0 0
1963-09-09T07:30:00 1963 9 9 7 30 0 0.1 0.04 370.6 10.52 2.51 0.0 0.0 0.0 0 0 0 0 0 0 0 0 2.7 3.3 0.0 -0.73 -0.54 -1.09 -1.07 -0.56 -0.39 0.265 0.349 0.188 0.201 0.298 0.711 0 0 0 0 0 0
1963-09-09T08:30:00 1963 9 9 8 30 0 0.1 0.04 370.6 10.52 2.51 0.0 0.0 0.0 0 0 0 0 0 0 0 0 2.7 3.3 -2.0 -0.73 -0.54 -1.09 -1.07 -0.56 -0.39 0.265 0.349 0.188 0.201 0.298 0.711 0 0 0 0 0 0
1963-09-09T09:30:00 1963 9 9 9 30 0 0.1 0.04 370.6 10.52 2.51 0.0 0.0 0.0 0 0 0 0 0 0 0 0 3.3 3.37 -4.0 -0.73 -0.54 -1.09 -1.07 -0.56 -0.39 0.265 0.349 0.188 0.201 0.298 0.711 0 0 0 0 0 0
1963-09-09T10:30:00 1963 9 9 10 30 0 0.1 0.04 370.7 10.52 2.51 0.0 0.0 0.0 0 0 0 0 0 0 0 0 3.3 3.44 3.0 -0.73 -0.54 -1.09 -1.07 -0.56 -0.39 0.265 0.349 0.188 0.201 0.298 0.711 0 0 0 0 0 0
1963-09-09T11:30:00 1963 9 9 11 30 0 0.1 0.04 370.7 10.52 2.51 0.0 0.0 0.0 0 0 0 0 0 0 0 0 3.3 3.32 5.0 -0.73 -0.54 -1.09 -1.07 -0.56 -0.39 0.265 0.349 0.188 0.201 0.298 0.711 0 0 0 0 0 0
1963-09-09T12:30:00 1963 9 9 12 30 0 0.1 0.04 370.7 10.52 2.51 0.0 0.0 0.0 0 0 0 0 0 0 0 0 3.3 3.2 2.0 -0.73 -0.54 -1.09 -1.07 -0.56 -0.39 0.265 0.349 0.188 0.201 0.298 0.711 0 0 0 0 0 0
1963-09-09T13:30:00 1963 9 9 13 30 0 0.1 0.04 370.7 10.52 2.51 0.0 0.0 0.0 0 0 0 0 0 0 0 0 3.3 3.08 -3.0 -0.73 -0.54 -1.09 -1.07 -0.56 -0.39 0.265 0.349 0.188 0.201 0.298 0.711 0 0 0 0 0 0
1963-09-09T14:30:00 1963 9 9 14 30 0 0.1 0.04 370.7 10.52 2.51 0.0 0.0 0.0 0 0 0 0 0 0 0 0 3.3 3.16 -9.0 -0.73 -0.54 -1.09 -1.07 -0.56 -0.39 0.265 0.349 0.188 0.201 0.298 0.711 0 0 0 0 0 0
1963-09-09T15:30:00 1963 9 9 15 30 0 0.1 0.04 370.7 10.52 2.51 0.0 0.0 0.0 0 0 0 0 0 0 0 0 2.0 3.06 -9.0 -0.73 -0.54 -1.09 -1.07 -0.56 -0.39 0.265 0.349 0.188 0.201 0.298 0.711 0 0 0 0 0 0
1963-09-09T16:30:00 1963 9 9 16 30 0 0.1 0.04 370.7 10.52 2.51 0.0 0.0 0.0 0 0 0 0 0 0 0 0 2.0 2.96 -8.0 -0.73 -0.54 -1.09 -1.07 -0.56 -0.39 0.265 0.349 0.188 0.201 0.298 0.711 0 0 0 0 0 0
1963-09-09T17:30:00 1963 9 9 17 30 0 0.1 0.04 370.7 10.52 2.51 0.0 0.0 0.0 0 0 0 0 0 0 0 0 2.0 2.8 -7.0 -0.73 -0.54 -1.09 -1.07 -0.56 -0.39 0.265 0.349 0.188 0.201 0.298 0.711 0 0 0 0 0 0
1963-09-09T18:30:00 1963 9 9 18 30 0 0.1 0.04 370.7 10.52 2.51 0.0 0.0 0.0 0 0 0 0 0 0 0 0 1.7 2.59 -8.0 -0.73 -0.54 -1.09 -1.07 -0.56 -0.39 0.265 0.349 0.188 0.201 0.298 0.711 0 0 0 0 0 0
1963-09-09T19:30:00 1963 9 9 19 30 0 0.1 0.04 370.7 10.52 2.51 0.0 0.0 0.0 0 0 0 0 0 0 0 0 1.7 2.39 -10.0 -0.73 -0.54 -1.09 -1.07 -0.56 -0.39 0.265 0.349 0.188 0.201 0.298 0.711 0 0 0 0 0 0
1963-09-09T20:30:00 1963 9 9 20 30 0 0.1 0.04 370.7 10.52 2.51 0.0 0.0 0.0 0 0 0 0 0 0 0 0 1.7 2.2 -10.0 -0.73 -0.54 -1.09 -1.07 -0.56 -0.39 0.265 0.349 0.188 0.201 0.298 0.711 0 0 0 0 0 0
1963-09-09T21:30:00 1963 9 9 21 30 0 0.1 0.04 370.7 10.52 2.51 0.0 0.0 0.0 0 0 0 0 0 0 0 0 1.3 1.95 -6.0 -0.73 -0.54 -1.09 -1.07 -0.56 -0.39 0.265 0.349 0.188 0.201 0.298 0.711 0 0 0 0 0 0
1963-09-09T22:30:00 1963 9 9 22 30 0 0.1 0.04 370.7 10.52 2.51 0.0 0.0 0.0 0 0 0 0 0 0 0 0 1.3 1.7 -6.0 -0.73 -0.54 -1.09 -1.07 -0.56 -0.39 0.265 0.349 0.188 0.201 0.298 0.711 0 0 0 0 0 0
1963-09-09T23:30:00 1963 9 9 23 30 0 0.1 0.04 370.7 10.52 2.51 0.0 0.0 0.0 0 0 0 0 0 0 0 0 1.3 1.62 -8.0 -0.73 -0.54 -1.09 -1.07 -0.56 -0.39 0.265 0.349 0.188 0.201 0.298 0.711 0 0 0 0 0 0
