1963-03-14T00:30:00 1963 3 14 0 30 0 0.09 0.05 360.1 10.55 2.52 0.0 0.0 0.0 0 0 0 0 0 0 0 0 1.7 1.85 -7.0 -0.73 -0.54 -1.09 -1.07 -0.56 -0.39 0.259 0.348 0.176 0.194 0.285 0.666 0 0 0 0 0 0
1963-03-14T01:30:00 1963 3 14 1 30 0 0.09 0.05 360.1 10.55 2.52 0.0 0.0 0.0 0 0 0 0 0 0 0 0 1.7 1.66 -4.0 -0.73 -0.54 -1.09 -1.07 -0.56 -0.39 0.259 0.348 0.176 0.194 0.285 0.666 0 0 0 0 0 0
1963-03-14T02:30:00 1963 3 14 2 30 0 0.09 0.05 360.1 10.55 2.52 0.0 0.0 0.0 0 0 0 0 0 0 0 0 1.7 1.62 -3.0 -0.73 -0.54 -1.09 -1.07 -0.56 -0.39 0.259 0.348 0.176 0.194 0.285 0.666 0 0 0 0 0 0
1963-03-14T03:30:00 1963 3 14 3 30 0 0.09 0.05 360.1 10.55 2.52 0.0 0.0 0.0 0 0 0 0 0 0 0 0 0.0 1.37 -2.0 -0.73 -0.54 -1.09 -1.07 -0.56 -0.39 0.259 0.348 0.176 0.194 0.285 0.666 0 0 0 0 0 0
1963-03-14T04:30:00 1963 3 14 4 30 0 0.09 0.05 360.1 10.55 2.52 0.0 0.0 0.0 0 0 0 0 0 0 0 0 0.0 1.11 -1.0 -0.73 -0.54 -1.09 -1.07 -0.56 -0.39 0.259 0.348 0.176 0.194 0.285 0.666 0 0 0 0 0 0
1963-03-14T05:30:00 1963 3 14 5 30 0 0.09 0.05 360.1 10.55 2.52 0.0 0.0 0.0 0 0 0 0 0 0 0 0 0.0 0.94 -1.0 -0.73 -0.54 -1.09 -1.07 -0.56 -0.39 0.259 0.348 0.176 0.194 0.285 0.666 0 0 0 0 0 0
1963-03-14T06:30:00 1963 3 14 6 30 0 0.09 0.05 360.1 10.55 2.52 0.0 0.0 0.0 0 0 0 0 0 0 0 0 0.0 0.78 -1.0 -0.73 -0.54 -1.09 -1.07 -0.56 -0.39 0.259 0.348 0.176 0.194 0.285 0.666 0 0 0 0 0 0
1963-03-14T07:30:00 1963 3 14 7 30 0 0.09 0.05 360.1 10.55 2.52 0.0 0.0 0.0 0 0 0 0 0 0 0 0 0.0 0.62 -1.0 -0.73 -0.54 -1.09 -1.07 -0.56 -0.39 0.259 0.348 0.176 0.194 0.285 0.666 0 0 0 0 0 0
1963-03-14T08:30:00 1963 3 14 8 30 0 0.09 0.05 360.1 10.55 2.52 0.0 0.0 0.0 0 0 0 0 0 0 0 0 0.0 0.41 -2.0 -0.73 -0.54 -1.09 -1.07 -0.56 -0.39 0.259 0.348 0.176 0.194 0.285 0.666 0 0 0 0 0 0
1963-03-14T09:30:00 1963 3 14 9 30 0 0.09 0.05 360.1 10.55 2.52 0.0 0.0 0.0 0 0 0 0 0 0 0 0 0.3 0.24 -4.0 -0.73 -0.54 -1.09 -1.07 -0.56 -0.39 0.259 0.348 0.176 0.194 0.285 0.666 0 0 0 0 0 0
1963-03-14T10:30:00 1963 3 14 10 30 0 0.09 0.05 360.1 10.55 2.52 0.0 0.0 0.0 0 0 0 0 0 0 0 0 0.3 0.08 -3.0 -0.73 -0.54 -1.09 -1.07 -0.56 -0.39 0.259 0.348 0.176 0.194 0.285 0.666 0 0 0 0 0 0
1963-03-14T11:30:00 1963 3 14 11 30 0 0.09 0.05 360.1 10.55 2.52 0.0 0.0 0.0 0 0 0 0 0 0 0 0 0.3 0.12 -3.0 -0.73 -0.54 -1.09 -1.07 -0.56 -0.39 0.259 0.348 0.176 0.194 0.285 0.666 0 0 0 0 0 0
1963-03-14T12:30:00 1963 3 14 12 30 0 0.09 0.05 360.1 10.55 2.52 0.0 0.0 0.0 0 0 0 0 0 0 0 0 0.3 0.15 -2.0 -0.73 -0.54 -1.09 -1.07 -0.56 -0.39 0.259 0.348 0.176 0.194 0.285 0.666 0 0 0 0 0 0
1963-03-14T13:30:00 1963 3 14 13 30 0 0.09 0.05 360.1 10.55 2.52 0.0 0.0 0.0 0 0 0 0 0 0 0 0 0.3 0.19 -4.0 -0.73 -0.54 -1.09 -1.07 -0.56 -0.39 0.259 0.348 0.176 0.194 0.285 0.666 0 0 0 0 0 0
1963-03-14T14:30:00 1963 3 14 14 30 0 0.09 0.05 360.1 10.55 2.52 0.0 0.0 0.0 0 0 0 0 0 0 0 0 0.3 0.23 -3.0 -0.73 -0.54 -1.09 -1.07 -0.56 -0.39 0.259 0.348 0.176 0.194 0.285 0.666 0 0 0 0 0 0
1963-03-14T15:30:00 1963 3 14 15 30 0 0.09 0.05 360.1 10.55 2.52 0.0 0.0 0.0 0 0 0 0 0 0 0 0 0.0 0.22 -2.0 -0.73 -0.54 -1.09 -1.07 -0.56 -0.39 0.259 0.348 0.176 0.194 0.285 0.666 0 0 0 0 0 0
1963-03-14T16:30:00 1963 3 14 16 30 0 0.09 0.05 360.1 10.55 2.52 0.0 0.0 0.0 0 0 0 0 0 0 0 0 0.0 0.22 -1.0 -0.73 -0.54 -1.09 -1.07 -0.56 -0.39 0.259 0.348 0.176 0.194 0.285 0.666 0 0 0 0 0 0
1963-03-14T17:30:00 1963 3 14 17 30 0 0.09 0.05 360.1 10.55 2.52 0.0 0.0 0.0 0 0 0 0 0 0 0 0 0.0 0.18 -2.0 -0.73 -0.54 -1.09 -1.07 -0.56 -0.39 0.259 0.348 0.176 0.194 0.285 0.666 0 0 0 0 0 0
1963-03-14T18:30:00 1963 3 14 18 30 0 0.09 0.05 360.1 10.55 2.52 0.0 0.0 0.0 0 0 0 0 0 0 0 0 0.3 0.19 -5.0 -0.73 -0.54 -1.09 -1.07 -0.56 -0.39 0.259 0.348 0.176 0.194 0.285 0.666 0 0 0 0 0 0
1963-03-14T19:30:00 1963 3 14 19 30 0 0.09 0.05 360.1 10.55 2.52 0.0 0.0 0.0 0 0 0 0 0 0 0 0 0.3 0.19 -5.0 -0.73 -0.54 -1.09 -1.07 -0.56 -0.39 0.259 0.348 0.176 0.194 0.285 0.666 0 0 0 0 0 0
1963-03-14T20:30:00 1963 3 14 20 30 0 0.09 0.05 360.1 10.55 2.52 0.0 0.0 0.0 0 0 0 0 0 0 0 0 0.3 0.19 -6.0 -0.73 -0.54 -1.09 -1.07 -0.56 -0.39 0.259 0.348 0.176 0.194 0.285 0.666 0 0 0 0 0 0
1963-03-14T21:30:00 1963 3 14 21 30 0 0.09 0.05 360.1 10.55 2.52 0.0 0.0 0.0 0 0 0 0 0 0 0 0 1.0 0.28 -6.0 -0.73 -0.54 -1.09 -1.07 -0.56 -0.39 0.259 0.348 0.176 0.194 0.285 0.666 0 0 0 0 0 0
1963-03-14T22:30:00 1963 3 14 22 30 0 0.09 0.05 360.1 10.55 2.52 0.0 0.0 0.0 0 0 0 0 0 0 0 0 1.0 0.37 -5.0 -0.73 -0.54 -1.09 -1.07 -0.56 -0.39 0.259 0.348 0.176 0.194 0.285 0.666 0 0 0 0 0 0
1963-03-14T23:30:00 1963 3 14 23 30 0 0.09 0.05 360.1 10.55 2.52 0.0 0.0 0.0 0 0 0 0 0 0 0 0 1.0 0.5 -1.0 -0.73 -0.54 -1.09 -1.07 -0.56 -0.39 0.259 0.348 0.176 0.194 0.285 0.666 0 0 0 0 0 0
