2002-01-21T00:30:00 2002 1 21 0 30 0 -9.1 -2.1 450.0 8.5 3.47 9.94 5.88 4.65 2 2 2 2 2 2 2 2 3.7 2.34 -4.0 -2.1 -2.1 -2.1 -2.1 -2.1 -2.1 0.694 0.838 0.337 0.641 1.032 2.119 2 2 2 2 2 2
2002-01-21T01:30:00 2002 1 21 1 30 0 -5.4 -5.5 441.0 10.0 3.92 9.93 8.76 8.25 2 2 2 2 2 2 2 2 3.7 2.56 -2.0 -5.5 -5.5 -5.5 -5.5 -5.5 -5.5 0.916 1.122 0.378 1.02 1.426 2.931 2 2 2 2 2 2
2002-01-21T02:30:00 2002 1 21 2 30 0 -9.5 -3.9 444.0 8.1 3.05 12.01 10.25 9.25 2 2 2 2 2 2 2 2 3.7 2.77 -9.0 -3.9 -3.9 -3.9 -3.9 -3.9 -3.9 1.063 1.238 0.419 1.213 1.482 3.02 2 2 2 2 2 2
2002-01-21T03:30:00 2002 1 21 3 30 0 -9.2 -1.8 448.0 7.2 2.6 10.98 6.16 4.72 2 2 2 2 2 2 2 2 3.0 2.89 -9.0 -1.8 -1.8 -1.8 -1.8 -1.8 -1.8 0.975 1.044 0.431 0.971 1.118 2.36 2 2 2 2 2 2
2002-01-21T04:30:00 2002 1 21 4 30 0 -8.8 -1.8 441.0 7.3 2.5 8.77 4.0 2.9 2 2 2 2 2 2 2 2 3.0 3.01 -1.0 -1.8 -1.8 -1.8 -1.8 -1.8 -1.8 0.848 0.862 0.432 0.729 0.875 1.871 2 2 2 2 2 2
2002-01-21T05:30:00 2002 1 21 5 30 0 -8.9 -1.2 445.0 7.4 2.93 8.1 3.27 2.4 2 2 2 2 2 2 2 2 3.0 3.09 1.0 -1.2 -1.2 -1.2 -1.2 -1.2 -1.2 0.726 0.718 0.43 0.543 0.712 1.567 2 2 2 2 2 2
2002-01-21T06:30:00 2002 1 21 6 30 0 -8.3 0.3 461.0 6.1 2.29 6.52 0.97 0.68 2 2 2 2 2 2 2 2 2.0 3.04 -5.0 0.3 0.3 0.3 0.3 0.3 0.3 0.528 0.435 0.418 0.325 0.33 0.883 2 2 2 2 2 2
2002-01-21T07:30:00 2002 1 21 7 30 0 -4.5 4.0 503.0 4.3 1.95 2.39 0.0 0.0 2 2 2 2 2 2 2 2 2.0 2.99 -11.0 4.0 4.0 4.0 4.0 4.0 4.0 0.357 0.216 0.406 0.182 0.105 0.366 2 2 2 2 2 2
2002-01-21T08:30:00 2002 1 21 8 30 0 -6.0 2.7 498.0 4.2 1.86 1.25 0.0 0.0 2 2 2 2 2 2 2 2 2.0 2.78 -11.0 2.7 2.7 2.7 2.7 2.7 2.7 0.242 0.107 0.393 0.102 0.033 0.152 2 2 2 2 2 2
2002-01-21T09:30:00 2002 1 21 9 30 0 -3.4 -1.2 491.0 4.2 1.81 1.78 0.58 0.25 2 2 2 2 2 2 2 2 2.0 2.57 -12.0 -1.2 -1.2 -1.2 -1.2 -1.2 -1.2 0.204 0.137 0.384 0.091 0.178 0.267 2 2 2 2 2 2
2002-01-21T10:30:00 2002 1 21 10 30 0 -1.8 -2.0 486.0 3.9 1.64 1.77 3.99 1.6 2 2 2 2 2 2 2 2 2.0 2.36 -16.0 -2.0 -2.0 -2.0 -2.0 -2.0 -2.0 0.292 0.327 0.385 0.206 0.524 0.619 2 2 2 2 2 2
2002-01-21T11:30:00 2002 1 21 11 30 0 -1.1 0.1 474.0 3.6 1.43 0.63 2.1 0.8 2 2 2 2 2 2 2 2 2.0 2.24 -16.0 0.1 0.1 0.1 0.1 0.1 0.1 0.258 0.269 0.378 0.161 0.333 0.459 2 2 2 2 2 2
2002-01-21T12:30:00 2002 1 21 12 30 0 -2.6 -1.8 483.0 3.8 1.57 0.89 2.23 0.84 2 2 2 2 2 2 2 2 2.3 2.16 -17.0 -1.8 -1.8 -1.8 -1.8 -1.8 -1.8 0.278 0.323 0.374 0.184 0.451 0.556 2 2 2 2 2 2
2002-01-21T13:30:00 2002 1 21 13 30 0 -3.7 3.6 493.0 3.1 1.35 0.76 0.54 0.2 2 2 2 2 2 2 2 2 2.3 2.08 -17.0 3.6 3.6 3.6 3.6 3.6 3.6 0.198 0.179 0.363 0.108 0.17 0.268 2 2 2 2 2 2
2002-01-21T14:30:00 2002 1 21 14 30 0 -4.1 0.8 501.0 3.4 1.51 0.8 0.0 0.0 2 2 2 2 2 2 2 2 2.3 2.12 -13.0 0.8 0.8 0.8 0.8 0.8 0.8 0.134 0.089 0.352 0.06 0.054 0.111 2 2 2 2 2 2
2002-01-21T15:30:00 2002 1 21 15 30 0 -2.4 0.1 470.0 3.3 1.29 0.84 0.0 0.0 2 2 2 2 2 2 2 2 2.7 2.21 -12.0 0.1 0.1 0.1 0.1 0.1 0.1 0.091 0.044 0.341 0.034 0.017 0.046 2 2 2 2 2 2
2002-01-21T16:30:00 2002 1 21 16 30 0 -4.7 1.3 443.0 2.8 1.0 0.92 0.0 0.0 2 2 2 2 2 2 2 2 2.7 2.3 -12.0 1.3 1.3 1.3 1.3 1.3 1.3 0.061 0.022 0.331 0.019 0.005 0.019 2 2 2 2 2 2
2002-01-21T17:30:00 2002 1 21 17 30 0 -4.6 -1.3 429.0 3.1 1.07 1.99 0.82 0.25 2 2 2 2 2 2 2 2 2.7 2.38 -11.0 -1.3 -1.3 -1.3 -1.3 -1.3 -1.3 0.084 0.101 0.323 0.045 0.151 0.129 2 2 2 2 2 2
2002-01-21T18:30:00 2002 1 21 18 30 0 -4.3 -0.2 436.0 4.2 1.51 2.18 1.52 0.54 2 2 2 2 2 2 2 2 2.7 2.47 -9.0 -0.2 -0.2 -0.2 -0.2 -0.2 -0.2 0.108 0.16 0.316 0.057 0.204 0.237 2 2 2 2 2 2
2002-01-21T19:30:00 2002 1 21 19 30 0 0.8 -4.1 429.0 5.4 1.95 2.19 4.99 2.5 2 2 2 2 2 2 2 2 2.7 2.56 -12.0 -4.1 -4.1 -4.1 -4.1 -4.1 -4.1 0.302 0.467 0.327 0.315 0.666 0.764 2 2 2 2 2 2
2002-01-21T20:30:00 2002 1 21 20 30 0 -2.6 -0.2 396.0 3.9 1.21 1.5 4.14 2.0 2 2 2 2 2 2 2 2 2.7 2.6 -17.0 -0.2 -0.2 -0.2 -0.2 -0.2 -0.2 0.331 0.452 0.327 0.299 0.495 0.642 2 2 2 2 2 2
2002-01-21T21:30:00 2002 1 21 21 30 0 -3.9 -0.2 395.0 3.6 1.09 0.98 0.4 0.15 2 2 2 2 2 2 2 2 2.0 2.56 -12.0 -0.2 -0.2 -0.2 -0.2 -0.2 -0.2 0.243 0.281 0.318 0.175 0.229 0.355 2 2 2 2 2 2
2002-01-21T22:30:00 2002 1 21 22 30 0 -4.3 0.8 393.0 3.1 0.92 1.19 0.02 0.01 2 2 2 2 2 2 2 2 2.0 2.52 -10.0 0.8 0.8 0.8 0.8 0.8 0.8 0.165 0.139 0.308 0.098 0.072 0.147 2 2 2 2 2 2
2002-01-21T23:30:00 2002 1 21 23 30 0 -4.5 0.5 393.0 3.0 0.89 1.23 0.0 0.0 2 2 2 2 2 2 2 2 2.0 2.43 -8.0 0.5 0.5 0.5 0.5 0.5 0.5 0.112 0.069 0.299 0.055 0.023 0.061 2 2 2 2 2 2
