2002-01-30T00:30:00 2002 1 30 0 30 0 -4.4 -1.1 366.0 2.4 0.58 1.73 0.88 0.21 2 2 2 2 2 2 2 2 0.7 0.55 -2.0 -1.1 -1.1 -1.1 -1.1 -1.1 -1.1 0.077 0.136 0.164 0.036 0.14 0.1 2 2 2 2 2 2
2002-01-30T01:30:00 2002 1 30 1 30 0 -4.5 -1.7 367.0 2.3 0.56 2.37 2.61 0.61 2 2 2 2 2 2 2 2 0.7 0.56 -6.0 -1.7 -1.7 -1.7 -1.7 -1.7 -1.7 0.14 0.242 0.164 0.092 0.26 0.16 2 2 2 2 2 2
2002-01-30T02:30:00 2002 1 30 2 30 0 -3.2 -0.1 341.0 2.0 0.47 1.5 1.49 0.33 2 2 2 2 2 2 2 2 0.7 0.6 -7.0 -0.1 -0.1 -0.1 -0.1 -0.1 -0.1 0.134 0.205 0.161 0.076 0.173 0.12 2 2 2 2 2 2
2002-01-30T03:30:00 2002 1 30 3 30 0 -3.8 0.5 340.0 2.0 0.46 0.78 0.01 0.0 2 2 2 2 2 2 2 2 0.0 0.56 -5.0 0.5 0.5 0.5 0.5 0.5 0.5 0.09 0.102 0.156 0.042 0.055 0.05 2 2 2 2 2 2
2002-01-30T04:30:00 2002 1 30 4 30 0 -4.4 0.0 338.0 2.2 0.5 1.07 0.0 0.0 2 2 2 2 2 2 2 2 0.0 0.52 -2.0 0.0 0.0 0.0 0.0 0.0 0.0 0.061 0.051 0.151 0.024 0.017 0.021 2 2 2 2 2 2
2002-01-30T05:30:00 2002 1 30 5 30 0 -5.0 0.2 338.0 2.5 0.57 1.44 0.0 0.0 2 2 2 2 2 2 2 2 0.0 0.43 2.0 0.2 0.2 0.2 0.2 0.2 0.2 0.041 0.025 0.146 0.013 0.005 0.009 2 2 2 2 2 2
2002-01-30T06:30:00 2002 1 30 6 30 0 -4.6 -0.3 335.0 2.3 0.52 1.55 0.17 0.04 2 2 2 2 2 2 2 2 0.3 0.38 3.0 -0.3 -0.3 -0.3 -0.3 -0.3 -0.3 0.038 0.046 0.142 0.011 0.039 0.029 2 2 2 2 2 2
2002-01-30T07:30:00 2002 1 30 7 30 0 -4.7 0.6 344.0 3.3 0.71 1.38 0.06 0.02 2 2 2 2 2 2 2 2 0.3 0.33 0.0 0.6 0.6 0.6 0.6 0.6 0.6 0.027 0.027 0.138 0.007 0.016 0.016 2 2 2 2 2 2
2002-01-30T08:30:00 2002 1 30 8 30 0 -5.1 0.7 339.0 2.8 0.59 1.34 0.0 0.0 2 2 2 2 2 2 2 2 0.3 0.28 -1.0 0.7 0.7 0.7 0.7 0.7 0.7 0.018 0.014 0.134 0.004 0.005 0.007 2 2 2 2 2 2
2002-01-30T09:30:00 2002 1 30 9 30 0 -5.0 1.2 338.0 2.8 0.58 1.28 0.0 0.0 2 2 2 2 2 2 2 2 0.3 0.24 -2.0 1.2 1.2 1.2 1.2 1.2 1.2 0.012 0.007 0.13 0.002 0.002 0.003 2 2 2 2 2 2
2002-01-30T10:30:00 2002 1 30 10 30 0 -4.6 0.6 319.0 2.4 0.46 1.13 0.0 0.0 2 2 2 2 2 2 2 2 0.3 0.19 -3.0 0.6 0.6 0.6 0.6 0.6 0.6 0.008 0.003 0.126 0.001 0.001 0.001 2 2 2 2 2 2
2002-01-30T11:30:00 2002 1 30 11 30 0 -3.0 2.5 329.0 3.6 0.78 0.54 0.0 0.0 2 2 2 2 2 2 2 2 0.3 0.23 -1.0 2.5 2.5 2.5 2.5 2.5 2.5 0.006 0.002 0.122 0.001 0.0 0.0 2 2 2 2 2 2
2002-01-30T12:30:00 2002 1 30 12 30 0 -4.5 1.8 340.0 4.5 0.96 0.49 0.0 0.0 2 2 2 2 2 2 2 2 0.7 0.32 2.0 1.8 1.8 1.8 1.8 1.8 1.8 0.004 0.001 0.118 0.0 0.0 0.0 2 2 2 2 2 2
2002-01-30T13:30:00 2002 1 30 13 30 0 -4.3 -1.7 343.0 3.3 0.75 1.45 0.83 0.29 2 2 2 2 2 2 2 2 0.7 0.4 4.0 -1.7 -1.7 -1.7 -1.7 -1.7 -1.7 0.049 0.108 0.116 0.037 0.129 0.092 2 2 2 2 2 2
2002-01-30T14:30:00 2002 1 30 14 30 0 -4.0 -2.0 346.0 3.8 0.88 2.36 3.21 1.15 2 2 2 2 2 2 2 2 0.7 0.46 2.0 -2.0 -2.0 -2.0 -2.0 -2.0 -2.0 0.155 0.301 0.119 0.13 0.316 0.246 2 2 2 2 2 2
2002-01-30T15:30:00 2002 1 30 15 30 0 -4.9 -0.3 337.0 5.0 1.08 2.0 1.85 0.79 2 2 2 2 2 2 2 2 0.7 0.51 2.0 -0.3 -0.3 -0.3 -0.3 -0.3 -0.3 0.171 0.302 0.119 0.117 0.253 0.264 2 2 2 2 2 2
2002-01-30T16:30:00 2002 1 30 16 30 0 -5.8 1.1 336.0 4.9 1.04 1.68 0.04 0.02 2 2 2 2 2 2 2 2 0.7 0.56 2.0 1.1 1.1 1.1 1.1 1.1 1.1 0.116 0.15 0.115 0.065 0.08 0.11 2 2 2 2 2 2
2002-01-30T17:30:00 2002 1 30 17 30 0 -5.1 0.9 336.0 5.2 1.09 1.47 0.0 0.0 2 2 2 2 2 2 2 2 0.7 0.6 2.0 0.9 0.9 0.9 0.9 0.9 0.9 0.079 0.074 0.112 0.037 0.025 0.045 2 2 2 2 2 2
2002-01-30T18:30:00 2002 1 30 18 30 0 -5.4 0.4 333.0 4.9 1.02 1.52 0.0 0.0 2 2 2 2 2 2 2 2 1.0 0.69 0.0 0.4 0.4 0.4 0.4 0.4 0.4 0.053 0.037 0.108 0.02 0.008 0.019 2 2 2 2 2 2
2002-01-30T19:30:00 2002 1 30 19 30 0 -5.5 -1.9 329.0 4.7 0.94 2.47 1.43 0.68 2 2 2 2 2 2 2 2 1.0 0.78 -3.0 -1.9 -1.9 -1.9 -1.9 -1.9 -1.9 0.116 0.209 0.108 0.075 0.206 0.201 2 2 2 2 2 2
2002-01-30T20:30:00 2002 1 30 20 30 0 -5.2 -2.3 323.0 4.8 0.93 3.32 3.45 1.64 2 2 2 2 2 2 2 2 1.0 0.82 -4.0 -2.3 -2.3 -2.3 -2.3 -2.3 -2.3 0.224 0.407 0.112 0.176 0.37 0.355 2 2 2 2 2 2
2002-01-30T21:30:00 2002 1 30 21 30 0 -4.4 0.8 317.0 5.1 0.95 1.85 1.22 0.59 2 2 2 2 2 2 2 2 1.0 0.85 -2.0 0.8 0.8 0.8 0.8 0.8 0.8 0.188 0.281 0.111 0.123 0.183 0.221 2 2 2 2 2 2
2002-01-30T22:30:00 2002 1 30 22 30 0 -4.6 0.9 305.0 4.5 0.79 0.95 0.0 0.0 2 2 2 2 2 2 2 2 1.0 0.89 -1.0 0.9 0.9 0.9 0.9 0.9 0.9 0.128 0.14 0.107 0.069 0.058 0.092 2 2 2 2 2 2
2002-01-30T23:30:00 2002 1 30 23 30 0 -4.2 -3.9 315.0 5.1 1.01 2.38 2.73 1.35 2 2 2 2 2 2 2 2 1.0 0.93 -3.0 -3.9 -3.9 -3.9 -3.9 -3.9 -3.9 0.231 0.379 0.112 0.191 0.329 0.301 2 2 2 2 2 2
