2002-01-03T00:30:00 2002 1 3 0 30 0 2.0 0.5 359.0 3.8 1.0 0.07 0.13 0.05 2 2 2 2 2 2 2 2 1.0 2.06 -18.0 0.5 0.5 0.5 0.5 0.5 0.5 0.263 0.187 0.335 0.134 0.086 0.12 2 2 2 2 2 2
2002-01-03T01:30:00 2002 1 3 1 30 0 1.6 0.1 365.0 3.9 1.02 0.19 0.0 0.0 2 2 2 2 2 2 2 2 1.0 1.85 -17.0 0.1 0.1 0.1 0.1 0.1 0.1 0.178 0.093 0.325 0.075 0.027 0.05 2 2 2 2 2 2
2002-01-03T02:30:00 2002 1 3 2 30 0 -1.5 -0.1 351.0 3.4 0.91 0.06 0.05 0.02 2 2 2 2 2 2 2 2 1.0 1.68 -16.0 -0.1 -0.1 -0.1 -0.1 -0.1 -0.1 0.125 0.063 0.315 0.043 0.028 0.043 2 2 2 2 2 2
2002-01-03T03:30:00 2002 1 3 3 30 0 1.8 0.8 354.0 4.1 1.05 0.05 0.0 0.0 2 2 2 2 2 2 2 2 0.7 1.48 -16.0 0.8 0.8 0.8 0.8 0.8 0.8 0.084 0.031 0.305 0.024 0.009 0.018 2 2 2 2 2 2
2002-01-03T04:30:00 2002 1 3 4 30 0 -1.7 0.8 355.0 3.7 0.98 0.03 0.0 0.0 2 2 2 2 2 2 2 2 0.7 1.28 -14.0 0.8 0.8 0.8 0.8 0.8 0.8 0.057 0.015 0.296 0.014 0.003 0.007 2 2 2 2 2 2
2002-01-03T05:30:00 2002 1 3 5 30 0 0.4 -0.8 357.0 4.0 1.05 0.07 0.42 0.16 2 2 2 2 2 2 2 2 0.7 1.12 -15.0 -0.8 -0.8 -0.8 -0.8 -0.8 -0.8 0.065 0.078 0.288 0.024 0.089 0.086 2 2 2 2 2 2
2002-01-03T06:30:00 2002 1 3 6 30 0 -1.9 -1.9 359.0 3.3 0.92 0.58 2.5 0.89 2 2 2 2 2 2 2 2 0.7 0.96 -14.0 -1.9 -1.9 -1.9 -1.9 -1.9 -1.9 0.146 0.251 0.284 0.099 0.278 0.228 2 2 2 2 2 2
2002-01-03T07:30:00 2002 1 3 7 30 0 -3.4 -1.2 355.0 3.1 0.85 1.3 2.71 0.87 2 2 2 2 2 2 2 2 0.7 0.81 -15.0 -1.2 -1.2 -1.2 -1.2 -1.2 -1.2 0.193 0.317 0.28 0.13 0.308 0.254 2 2 2 2 2 2
2002-01-03T08:30:00 2002 1 3 8 30 0 -0.8 -2.5 352.0 3.6 0.95 1.28 3.36 1.14 2 2 2 2 2 2 2 2 0.7 0.77 -13.0 -2.5 -2.5 -2.5 -2.5 -2.5 -2.5 0.261 0.415 0.279 0.196 0.396 0.319 2 2 2 2 2 2
2002-01-03T09:30:00 2002 1 3 9 30 0 -1.8 0.5 343.0 3.6 0.88 0.48 1.64 0.59 2 2 2 2 2 2 2 2 0.7 0.74 -14.0 0.5 0.5 0.5 0.5 0.5 0.5 0.224 0.303 0.273 0.142 0.221 0.218 2 2 2 2 2 2
2002-01-03T10:30:00 2002 1 3 10 30 0 0.7 -0.1 341.0 3.9 0.94 0.04 0.02 0.01 2 2 2 2 2 2 2 2 0.7 0.7 -20.0 -0.1 -0.1 -0.1 -0.1 -0.1 -0.1 0.154 0.162 0.265 0.08 0.083 0.106 2 2 2 2 2 2
2002-01-03T11:30:00 2002 1 3 11 30 0 0.9 1.2 344.0 4.1 0.96 0.02 0.0 0.0 2 2 2 2 2 2 2 2 0.7 0.7 -24.0 1.2 1.2 1.2 1.2 1.2 1.2 0.104 0.08 0.257 0.045 0.026 0.044 2 2 2 2 2 2
2002-01-03T12:30:00 2002 1 3 12 30 0 0.8 0.7 346.0 4.0 0.96 0.02 0.0 0.0 2 2 2 2 2 2 2 2 0.3 0.65 -25.0 0.7 0.7 0.7 0.7 0.7 0.7 0.071 0.04 0.249 0.025 0.008 0.018 2 2 2 2 2 2
2002-01-03T13:30:00 2002 1 3 13 30 0 0.8 2.1 338.0 4.0 0.91 0.01 0.0 0.0 2 2 2 2 2 2 2 2 0.3 0.6 -22.0 2.1 2.1 2.1 2.1 2.1 2.1 0.048 0.02 0.241 0.014 0.003 0.008 2 2 2 2 2 2
2002-01-03T14:30:00 2002 1 3 14 30 0 -1.1 1.8 330.0 3.0 0.65 0.0 0.0 0.0 2 2 2 2 2 2 2 2 0.3 0.54 -19.0 1.8 1.8 1.8 1.8 1.8 1.8 0.032 0.01 0.234 0.008 0.001 0.003 2 2 2 2 2 2
2002-01-03T15:30:00 2002 1 3 15 30 0 -1.4 0.7 328.0 3.0 0.65 0.04 0.0 0.0 2 2 2 2 2 2 2 2 0.7 0.55 -20.0 0.7 0.7 0.7 0.7 0.7 0.7 0.022 0.005 0.227 0.004 0.0 0.001 2 2 2 2 2 2
2002-01-03T16:30:00 2002 1 3 16 30 0 -0.9 2.3 328.0 3.0 0.75 0.03 0.0 0.0 2 2 2 2 2 2 2 2 0.7 0.55 -21.0 2.3 2.3 2.3 2.3 2.3 2.3 0.015 0.002 0.22 0.002 0.0 0.001 2 2 2 2 2 2
2002-01-03T17:30:00 2002 1 3 17 30 0 -0.7 2.1 326.0 3.1 0.76 0.01 0.0 0.0 2 2 2 2 2 2 2 2 0.7 0.55 -17.0 2.1 2.1 2.1 2.1 2.1 2.1 0.01 0.001 0.213 0.001 0.0 0.0 2 2 2 2 2 2
2002-01-03T18:30:00 2002 1 3 18 30 0 -0.5 2.1 332.0 3.3 0.8 0.0 0.0 0.0 2 2 2 2 2 2 2 2 0.0 0.46 -13.0 2.1 2.1 2.1 2.1 2.1 2.1 0.007 0.001 0.207 0.001 0.0 0.0 2 2 2 2 2 2
2002-01-03T19:30:00 2002 1 3 19 30 0 -2.3 1.0 332.0 4.3 1.03 0.07 0.0 0.0 2 2 2 2 2 2 2 2 0.0 0.37 -11.0 1.0 1.0 1.0 1.0 1.0 1.0 0.005 0.0 0.2 0.0 0.0 0.0 2 2 2 2 2 2
2002-01-03T20:30:00 2002 1 3 20 30 0 -2.4 0.5 321.0 3.4 0.8 0.24 0.0 0.0 2 2 2 2 2 2 2 2 0.0 0.33 -10.0 0.5 0.5 0.5 0.5 0.5 0.5 0.003 0.0 0.194 0.0 0.0 0.0 2 2 2 2 2 2
2002-01-03T21:30:00 2002 1 3 21 30 0 -2.5 0.5 327.0 4.1 0.94 0.3 0.0 0.0 2 2 2 2 2 2 2 2 0.0 0.29 -10.0 0.5 0.5 0.5 0.5 0.5 0.5 0.002 0.0 0.188 0.0 0.0 0.0 2 2 2 2 2 2
2002-01-03T22:30:00 2002 1 3 22 30 0 -2.7 0.5 323.0 4.2 0.92 0.35 0.0 0.0 2 2 2 2 2 2 2 2 0.0 0.25 -11.0 0.5 0.5 0.5 0.5 0.5 0.5 0.001 0.0 0.183 0.0 0.0 0.0 2 2 2 2 2 2
2002-01-03T23:30:00 2002 1 3 23 30 0 -4.4 -0.9 328.0 4.8 1.05 1.01 0.54 0.25 2 2 2 2 2 2 2 2 0.0 0.17 -10.0 -0.9 -0.9 -0.9 -0.9 -0.9 -0.9 0.036 0.099 0.178 0.021 0.106 0.11 2 2 2 2 2 2
