2002-05-05T00:30:00 2002 5 5 0 30 0 3.7 -0.2 356.0 4.5 1.14 1.15 0.85 0.37 2 2 2 2 2 2 2 2 0.7 1.22 -1.0 -0.2 -0.2 -0.2 -0.2 -0.2 -0.2 0.146 0.216 0.043 0.065 0.169 0.223 2 2 2 2 2 2
2002-05-05T01:30:00 2002 5 5 1 30 0 3.5 0.0 353.0 5.2 1.27 0.96 0.16 0.08 2 2 2 2 2 2 2 2 0.7 1.18 1.0 0.0 0.0 0.0 0.0 0.0 0.0 0.107 0.133 0.041 0.038 0.078 0.134 2 2 2 2 2 2
2002-05-05T02:30:00 2002 5 5 2 30 0 3.8 0.8 345.0 5.8 1.37 0.8 0.0 0.0 2 2 2 2 2 2 2 2 0.7 1.05 4.0 0.8 0.8 0.8 0.8 0.8 0.8 0.072 0.066 0.04 0.021 0.025 0.056 2 2 2 2 2 2
2002-05-05T03:30:00 2002 5 5 3 30 0 4.3 1.6 343.0 5.7 1.38 0.74 0.0 0.0 2 2 2 2 2 2 2 2 0.3 0.88 6.0 1.6 1.6 1.6 1.6 1.6 1.6 0.049 0.033 0.039 0.012 0.008 0.023 2 2 2 2 2 2
2002-05-05T04:30:00 2002 5 5 4 30 0 3.8 1.0 345.0 6.4 1.55 0.72 0.0 0.0 2 2 2 2 2 2 2 2 0.3 0.7 7.0 1.0 1.0 1.0 1.0 1.0 1.0 0.033 0.016 0.038 0.007 0.002 0.01 2 2 2 2 2 2
2002-05-05T05:30:00 2002 5 5 5 30 0 2.7 0.3 344.0 7.6 1.79 0.55 0.0 0.0 2 2 2 2 2 2 2 2 0.3 0.62 9.0 0.3 0.3 0.3 0.3 0.3 0.3 0.022 0.008 0.037 0.004 0.001 0.004 2 2 2 2 2 2
2002-05-05T06:30:00 2002 5 5 6 30 0 1.8 0.0 339.0 7.3 1.68 0.32 0.0 0.0 2 2 2 2 2 2 2 2 0.3 0.53 9.0 0.0 0.0 0.0 0.0 0.0 0.0 0.015 0.004 0.035 0.002 0.0 0.002 2 2 2 2 2 2
2002-05-05T07:30:00 2002 5 5 7 30 0 1.9 -0.2 338.0 7.2 1.65 0.27 0.18 0.13 2 2 2 2 2 2 2 2 0.3 0.44 10.0 -0.2 -0.2 -0.2 -0.2 -0.2 -0.2 0.025 0.058 0.035 0.006 0.058 0.117 2 2 2 2 2 2
2002-05-05T08:30:00 2002 5 5 8 30 0 1.4 0.3 336.0 7.6 1.7 0.18 0.05 0.04 2 2 2 2 2 2 2 2 0.3 0.4 11.0 0.3 0.3 0.3 0.3 0.3 0.3 0.019 0.036 0.034 0.004 0.024 0.064 2 2 2 2 2 2
2002-05-05T09:30:00 2002 5 5 9 30 0 2.2 -0.1 337.0 8.6 1.96 0.23 0.03 0.02 2 2 2 2 2 2 2 2 1.0 0.44 11.0 -0.1 -0.1 -0.1 -0.1 -0.1 -0.1 0.017 0.034 0.033 0.003 0.026 0.068 2 2 2 2 2 2
2002-05-05T10:30:00 2002 5 5 10 30 0 2.4 1.1 337.0 9.1 2.06 0.27 0.0 0.0 2 2 2 2 2 2 2 2 1.0 0.48 12.0 1.1 1.1 1.1 1.1 1.1 1.1 0.011 0.017 0.032 0.002 0.008 0.028 2 2 2 2 2 2
2002-05-05T11:30:00 2002 5 5 11 30 0 2.3 1.8 343.0 10.5 2.39 0.17 0.0 0.0 2 2 2 2 2 2 2 2 1.0 0.57 13.0 1.8 1.8 1.8 1.8 1.8 1.8 0.008 0.008 0.031 0.001 0.003 0.012 2 2 2 2 2 2
2002-05-05T12:30:00 2002 5 5 12 30 0 4.9 -1.0 344.0 9.3 2.24 1.0 0.38 0.36 2 2 2 2 2 2 2 2 1.0 0.66 13.0 -1.0 -1.0 -1.0 -1.0 -1.0 -1.0 0.044 0.113 0.031 0.026 0.126 0.243 2 2 2 2 2 2
2002-05-05T13:30:00 2002 5 5 13 30 0 2.3 2.9 345.0 12.2 2.87 0.72 0.15 0.15 2 2 2 2 2 2 2 2 1.0 0.75 11.0 2.9 2.9 2.9 2.9 2.9 2.9 0.03 0.06 0.03 0.015 0.043 0.114 2 2 2 2 2 2
2002-05-05T14:30:00 2002 5 5 14 30 0 3.8 2.8 346.0 11.9 2.93 0.24 0.0 0.0 2 2 2 2 2 2 2 2 1.0 0.83 10.0 2.8 2.8 2.8 2.8 2.8 2.8 0.021 0.03 0.029 0.008 0.014 0.047 2 2 2 2 2 2
2002-05-05T15:30:00 2002 5 5 15 30 0 4.0 2.6 341.0 10.4 2.57 0.44 0.0 0.0 2 2 2 2 2 2 2 2 0.3 0.82 10.0 2.6 2.6 2.6 2.6 2.6 2.6 0.014 0.015 0.028 0.005 0.004 0.02 2 2 2 2 2 2
2002-05-05T16:30:00 2002 5 5 16 30 0 4.3 -0.1 335.0 9.4 2.21 0.83 0.01 0.01 2 2 2 2 2 2 2 2 0.3 0.82 11.0 -0.1 -0.1 -0.1 -0.1 -0.1 -0.1 0.013 0.024 0.027 0.004 0.02 0.054 2 2 2 2 2 2
2002-05-05T17:30:00 2002 5 5 17 30 0 4.1 1.1 335.0 11.4 2.56 0.98 0.0 0.0 2 2 2 2 2 2 2 2 0.3 0.73 11.0 1.1 1.1 1.1 1.1 1.1 1.1 0.009 0.012 0.027 0.002 0.006 0.023 2 2 2 2 2 2
2002-05-05T18:30:00 2002 5 5 18 30 0 4.1 2.1 333.0 11.2 2.48 0.65 0.0 0.0 2 2 2 2 2 2 2 2 0.7 0.69 11.0 2.1 2.1 2.1 2.1 2.1 2.1 0.006 0.006 0.026 0.001 0.002 0.009 2 2 2 2 2 2
2002-05-05T19:30:00 2002 5 5 19 30 0 3.6 0.5 331.0 13.7 3.0 0.63 0.0 0.0 2 2 2 2 2 2 2 2 0.7 0.66 10.0 0.5 0.5 0.5 0.5 0.5 0.5 0.004 0.003 0.025 0.001 0.001 0.004 2 2 2 2 2 2
2002-05-05T20:30:00 2002 5 5 20 30 0 2.9 -0.6 329.0 16.4 3.55 0.74 0.31 0.5 2 2 2 2 2 2 2 2 0.7 0.62 13.0 -0.6 -0.6 -0.6 -0.6 -0.6 -0.6 0.039 0.122 0.025 0.019 0.123 0.403 2 2 2 2 2 2
2002-05-05T21:30:00 2002 5 5 21 30 0 3.6 2.3 329.0 16.8 3.64 0.5 0.07 0.11 2 2 2 2 2 2 2 2 1.3 0.67 15.0 2.3 2.3 2.3 2.3 2.3 2.3 0.026 0.061 0.024 0.011 0.039 0.167 2 2 2 2 2 2
2002-05-05T22:30:00 2002 5 5 22 30 0 5.0 1.9 329.0 17.1 3.7 0.66 0.0 0.0 2 2 2 2 2 2 2 2 1.3 0.71 16.0 1.9 1.9 1.9 1.9 1.9 1.9 0.018 0.03 0.024 0.006 0.012 0.069 2 2 2 2 2 2
2002-05-05T23:30:00 2002 5 5 23 30 0 1.7 0.9 327.0 18.7 4.0 0.42 0.0 0.0 2 2 2 2 2 2 2 2 1.3 0.84 18.0 0.9 0.9 0.9 0.9 0.9 0.9 0.012 0.015 0.023 0.003 0.004 0.029 2 2 2 2 2 2
