2002-03-29T00:30:00 2002 3 29 0 30 0 1.0 1.1 356.0 3.7 0.93 0.01 0.0 0.0 2 2 2 2 2 2 2 2 0.0 0.46 3.0 1.1 1.1 1.1 1.1 1.1 1.1 0.0 0.0 0.082 0.0 0.0 0.0 2 2 2 2 2 2
2002-03-29T01:30:00 2002 3 29 1 30 0 1.3 1.0 364.0 3.5 0.93 0.04 0.0 0.0 2 2 2 2 2 2 2 2 0.0 0.37 4.0 1.0 1.0 1.0 1.0 1.0 1.0 0.0 0.0 0.08 0.0 0.0 0.0 2 2 2 2 2 2
2002-03-29T02:30:00 2002 3 29 2 30 0 1.2 2.3 358.0 3.3 0.86 0.03 0.0 0.0 2 2 2 2 2 2 2 2 0.0 0.28 6.0 2.3 2.3 2.3 2.3 2.3 2.3 0.0 0.0 0.077 0.0 0.0 0.0 2 2 2 2 2 2
2002-03-29T03:30:00 2002 3 29 3 30 0 2.2 1.1 330.0 6.2 1.35 0.08 0.0 0.0 2 2 2 2 2 2 2 2 0.0 0.19 6.0 1.1 1.1 1.1 1.1 1.1 1.1 0.0 0.0 0.075 0.0 0.0 0.0 2 2 2 2 2 2
2002-03-29T04:30:00 2002 3 29 4 30 0 2.2 0.8 336.0 6.8 1.54 0.19 0.0 0.0 2 2 2 2 2 2 2 2 0.0 0.11 5.0 0.8 0.8 0.8 0.8 0.8 0.8 0.0 0.0 0.073 0.0 0.0 0.0 2 2 2 2 2 2
2002-03-29T05:30:00 2002 3 29 5 30 0 2.6 1.4 330.0 7.8 1.7 0.22 0.0 0.0 2 2 2 2 2 2 2 2 0.0 0.07 3.0 1.4 1.4 1.4 1.4 1.4 1.4 0.0 0.0 0.07 0.0 0.0 0.0 2 2 2 2 2 2
2002-03-29T06:30:00 2002 3 29 6 30 0 2.6 1.1 327.0 8.3 1.78 0.24 0.0 0.0 2 2 2 2 2 2 2 2 0.3 0.08 0.0 1.1 1.1 1.1 1.1 1.1 1.1 0.0 0.0 0.068 0.0 0.0 0.0 2 2 2 2 2 2
2002-03-29T07:30:00 2002 3 29 7 30 0 2.7 0.7 328.0 8.6 1.85 0.3 0.0 0.0 2 2 2 2 2 2 2 2 0.3 0.08 -2.0 0.7 0.7 0.7 0.7 0.7 0.7 0.0 0.0 0.066 0.0 0.0 0.0 2 2 2 2 2 2
2002-03-29T08:30:00 2002 3 29 8 30 0 2.2 0.5 322.0 9.1 1.89 0.28 0.0 0.0 2 2 2 2 2 2 2 2 0.3 0.12 -3.0 0.5 0.5 0.5 0.5 0.5 0.5 0.0 0.0 0.064 0.0 0.0 0.0 2 2 2 2 2 2
2002-03-29T09:30:00 2002 3 29 9 30 0 2.5 0.6 321.0 9.5 1.96 0.27 0.0 0.0 2 2 2 2 2 2 2 2 1.0 0.25 -2.0 0.6 0.6 0.6 0.6 0.6 0.6 0.0 0.0 0.062 0.0 0.0 0.0 2 2 2 2 2 2
2002-03-29T10:30:00 2002 3 29 10 30 0 2.9 0.8 323.0 10.2 2.13 0.34 0.0 0.0 2 2 2 2 2 2 2 2 1.0 0.37 1.0 0.8 0.8 0.8 0.8 0.8 0.8 0.0 0.0 0.06 0.0 0.0 0.0 2 2 2 2 2 2
2002-03-29T11:30:00 2002 3 29 11 30 0 2.7 0.0 322.0 11.7 2.43 0.43 0.0 0.0 2 2 2 2 2 2 2 2 1.0 0.5 7.0 0.0 0.0 0.0 0.0 0.0 0.0 0.0 0.0 0.058 0.0 0.0 0.0 2 2 2 2 2 2
2002-03-29T12:30:00 2002 3 29 12 30 0 2.9 1.1 327.0 14.1 3.02 0.39 0.0 0.0 2 2 2 2 2 2 2 2 1.0 0.62 12.0 1.1 1.1 1.1 1.1 1.1 1.1 0.0 0.0 0.057 0.0 0.0 0.0 2 2 2 2 2 2
2002-03-29T13:30:00 2002 3 29 13 30 0 2.9 -0.7 324.0 13.5 2.83 0.55 0.27 0.37 2 2 2 2 2 2 2 2 1.0 0.75 11.0 -0.7 -0.7 -0.7 -0.7 -0.7 -0.7 0.032 0.104 0.056 0.018 0.106 0.282 2 2 2 2 2 2
2002-03-29T14:30:00 2002 3 29 14 30 0 0.2 0.6 318.0 13.9 2.81 0.22 0.26 0.35 2 2 2 2 2 2 2 2 1.0 0.83 9.0 0.6 0.6 0.6 0.6 0.6 0.6 0.034 0.089 0.054 0.015 0.062 0.218 2 2 2 2 2 2
2002-03-29T15:30:00 2002 3 29 15 30 0 -2.8 0.8 323.0 14.3 2.98 0.11 0.0 0.0 2 2 2 2 2 2 2 2 1.0 0.92 7.0 0.8 0.8 0.8 0.8 0.8 0.8 0.023 0.044 0.053 0.008 0.02 0.09 2 2 2 2 2 2
2002-03-29T16:30:00 2002 3 29 16 30 0 1.6 -0.4 320.0 14.0 2.87 0.1 0.13 0.19 2 2 2 2 2 2 2 2 1.0 1.0 7.0 -0.4 -0.4 -0.4 -0.4 -0.4 -0.4 0.034 0.09 0.051 0.013 0.074 0.239 2 2 2 2 2 2
2002-03-29T17:30:00 2002 3 29 17 30 0 4.3 -1.4 325.0 15.1 2.9 1.06 1.52 2.24 2 2 2 2 2 2 2 2 1.0 1.0 8.0 -1.4 -1.4 -1.4 -1.4 -1.4 -1.4 0.143 0.361 0.054 0.095 0.325 0.899 2 2 2 2 2 2
2002-03-29T18:30:00 2002 3 29 18 30 0 2.1 0.2 326.0 18.0 3.83 0.91 0.9 1.45 2 2 2 2 2 2 2 2 1.3 1.04 6.0 0.2 0.2 0.2 0.2 0.2 0.2 0.149 0.319 0.054 0.082 0.218 0.78 2 2 2 2 2 2
2002-03-29T19:30:00 2002 3 29 19 30 0 4.3 3.2 332.0 17.1 3.77 0.36 0.0 0.0 2 2 2 2 2 2 2 2 1.3 1.08 7.0 3.2 3.2 3.2 3.2 3.2 3.2 0.101 0.159 0.053 0.046 0.069 0.324 2 2 2 2 2 2
2002-03-29T20:30:00 2002 3 29 20 30 0 1.9 4.3 329.0 17.4 3.77 0.18 0.0 0.0 2 2 2 2 2 2 2 2 1.3 1.12 11.0 4.3 4.3 4.3 4.3 4.3 4.3 0.068 0.079 0.051 0.026 0.022 0.134 2 2 2 2 2 2
2002-03-29T21:30:00 2002 3 29 21 30 0 0.4 4.5 321.0 18.9 3.89 0.01 0.0 0.0 2 2 2 2 2 2 2 2 3.3 1.42 13.0 4.5 4.5 4.5 4.5 4.5 4.5 0.046 0.039 0.05 0.014 0.007 0.056 2 2 2 2 2 2
2002-03-29T22:30:00 2002 3 29 22 30 0 1.3 6.2 330.0 42.1 8.48 0.0 0.0 0.0 2 2 2 2 2 2 2 2 3.3 1.71 26.0 6.2 6.2 6.2 6.2 6.2 6.2 0.031 0.019 0.048 0.008 0.002 0.023 2 2 2 2 2 2
2002-03-29T23:30:00 2002 3 29 23 30 0 -0.1 15.0 380.0 34.5 9.58 0.0 0.0 0.0 2 2 2 2 2 2 2 2 3.3 2.0 45.0 15.0 15.0 15.0 15.0 15.0 15.0 0.021 0.01 0.047 0.005 0.001 0.01 2 2 2 2 2 2
