2002-02-08T00:30:00 2002 2 8 0 30 0 -2.5 0.2 565.0 4.6 2.74 0.46 1.55 0.66 2 2 2 2 2 2 2 2 3.3 2.56 -16.0 0.2 0.2 0.2 0.2 0.2 0.2 0.167 0.216 0.205 0.103 0.317 0.579 2 2 2 2 2 2
2002-02-08T01:30:00 2002 2 8 1 30 0 1.1 1.3 555.0 4.2 2.44 0.1 0.0 0.0 2 2 2 2 2 2 2 2 3.3 2.72 -21.0 1.3 1.3 1.3 1.3 1.3 1.3 0.113 0.107 0.199 0.057 0.1 0.24 2 2 2 2 2 2
2002-02-08T02:30:00 2002 2 8 2 30 0 2.5 1.6 561.0 4.0 2.4 0.17 0.0 0.0 2 2 2 2 2 2 2 2 3.3 2.92 -23.0 1.6 1.6 1.6 1.6 1.6 1.6 0.076 0.053 0.193 0.032 0.032 0.1 2 2 2 2 2 2
2002-02-08T03:30:00 2002 2 8 3 30 0 4.1 1.1 564.0 3.7 2.27 0.78 0.0 0.0 2 2 2 2 2 2 2 2 2.0 2.94 -26.0 1.1 1.1 1.1 1.1 1.1 1.1 0.052 0.026 0.187 0.018 0.01 0.041 2 2 2 2 2 2
2002-02-08T04:30:00 2002 2 8 4 30 0 3.0 0.0 557.0 3.8 2.28 1.14 0.0 0.0 2 2 2 2 2 2 2 2 2.0 2.96 -29.0 0.0 0.0 0.0 0.0 0.0 0.0 0.035 0.013 0.181 0.01 0.003 0.017 2 2 2 2 2 2
2002-02-08T05:30:00 2002 2 8 5 30 0 4.2 -0.4 557.0 3.8 2.29 1.66 0.6 0.23 2 2 2 2 2 2 2 2 2.0 2.8 -27.0 -0.4 -0.4 -0.4 -0.4 -0.4 -0.4 0.056 0.08 0.177 0.022 0.16 0.249 2 2 2 2 2 2
2002-02-08T06:30:00 2002 2 8 6 30 0 0.2 1.3 535.0 3.8 2.1 0.57 0.09 0.03 2 2 2 2 2 2 2 2 1.7 2.59 -26.0 1.3 1.3 1.3 1.3 1.3 1.3 0.038 0.04 0.172 0.012 0.051 0.103 2 2 2 2 2 2
2002-02-08T07:30:00 2002 2 8 7 30 0 -0.3 -0.4 526.0 3.2 1.76 0.01 0.17 0.05 2 2 2 2 2 2 2 2 1.7 2.39 -21.0 -0.4 -0.4 -0.4 -0.4 -0.4 -0.4 0.038 0.048 0.167 0.014 0.079 0.114 2 2 2 2 2 2
2002-02-08T08:30:00 2002 2 8 8 30 0 -1.6 -1.0 523.0 3.1 1.67 0.37 1.9 0.6 2 2 2 2 2 2 2 2 1.7 2.2 -20.0 -1.0 -1.0 -1.0 -1.0 -1.0 -1.0 0.101 0.163 0.167 0.065 0.306 0.341 2 2 2 2 2 2
2002-02-08T09:30:00 2002 2 8 9 30 0 1.1 0.3 523.0 3.2 1.7 0.16 0.9 0.28 2 2 2 2 2 2 2 2 2.7 2.13 -20.0 0.3 0.3 0.3 0.3 0.3 0.3 0.092 0.126 0.164 0.05 0.174 0.242 2 2 2 2 2 2
2002-02-08T10:30:00 2002 2 8 10 30 0 5.0 1.0 545.0 3.4 1.94 0.93 0.0 0.0 2 2 2 2 2 2 2 2 2.7 2.07 -16.0 1.0 1.0 1.0 1.0 1.0 1.0 0.062 0.063 0.159 0.028 0.055 0.1 2 2 2 2 2 2
2002-02-08T11:30:00 2002 2 8 11 30 0 4.9 0.4 546.0 3.3 1.89 2.15 0.0 0.0 2 2 2 2 2 2 2 2 2.7 2.16 -13.0 0.4 0.4 0.4 0.4 0.4 0.4 0.042 0.031 0.154 0.016 0.017 0.042 2 2 2 2 2 2
2002-02-08T12:30:00 2002 2 8 12 30 0 1.6 -0.7 519.0 3.2 1.67 1.22 0.66 0.21 2 2 2 2 2 2 2 2 3.0 2.29 -15.0 -0.7 -0.7 -0.7 -0.7 -0.7 -0.7 0.064 0.092 0.151 0.032 0.165 0.198 2 2 2 2 2 2
2002-02-08T13:30:00 2002 2 8 13 30 0 3.1 -0.8 539.0 3.5 1.94 1.06 2.0 0.67 2 2 2 2 2 2 2 2 3.0 2.42 -18.0 -0.8 -0.8 -0.8 -0.8 -0.8 -0.8 0.12 0.187 0.152 0.074 0.339 0.416 2 2 2 2 2 2
2002-02-08T14:30:00 2002 2 8 14 30 0 4.3 0.7 533.0 3.6 1.95 1.53 0.49 0.17 2 2 2 2 2 2 2 2 3.0 2.58 -23.0 0.7 0.7 0.7 0.7 0.7 0.7 0.093 0.116 0.148 0.047 0.147 0.236 2 2 2 2 2 2
2002-02-08T15:30:00 2002 2 8 15 30 0 3.9 -2.2 525.0 3.4 1.78 2.56 2.44 0.84 2 2 2 2 2 2 2 2 3.0 2.74 -24.0 -2.2 -2.2 -2.2 -2.2 -2.2 -2.2 0.172 0.242 0.153 0.14 0.44 0.495 2 2 2 2 2 2
2002-02-08T16:30:00 2002 2 8 16 30 0 3.6 -2.5 521.0 3.1 1.6 3.87 6.18 2.0 2 2 2 2 2 2 2 2 3.0 2.89 -26.0 -2.5 -2.5 -2.5 -2.5 -2.5 -2.5 0.315 0.414 0.171 0.312 0.731 0.739 2 2 2 2 2 2
2002-02-08T17:30:00 2002 2 8 17 30 0 4.2 -1.6 517.0 3.1 1.57 3.54 5.22 1.62 2 2 2 2 2 2 2 2 3.0 2.93 -27.0 -1.6 -1.6 -1.6 -1.6 -1.6 -1.6 0.374 0.452 0.182 0.344 0.713 0.748 2 2 2 2 2 2
2002-02-08T18:30:00 2002 2 8 18 30 0 2.5 1.3 509.0 3.0 1.48 1.32 0.97 0.3 2 2 2 2 2 2 2 2 2.3 2.87 -30.0 1.3 1.3 1.3 1.3 1.3 1.3 0.274 0.262 0.178 0.206 0.287 0.384 2 2 2 2 2 2
2002-02-08T19:30:00 2002 2 8 19 30 0 1.6 1.0 506.0 3.0 1.47 0.21 0.0 0.0 2 2 2 2 2 2 2 2 2.3 2.82 -26.0 1.0 1.0 1.0 1.0 1.0 1.0 0.186 0.13 0.173 0.115 0.091 0.159 2 2 2 2 2 2
2002-02-08T20:30:00 2002 2 8 20 30 0 2.5 -0.1 506.0 3.1 1.52 0.38 0.02 0.01 2 2 2 2 2 2 2 2 2.3 2.73 -17.0 -0.1 -0.1 -0.1 -0.1 -0.1 -0.1 0.129 0.076 0.167 0.066 0.051 0.096 2 2 2 2 2 2
2002-02-08T21:30:00 2002 2 8 21 30 0 2.9 0.4 514.0 3.0 1.53 0.71 0.02 0.0 2 2 2 2 2 2 2 2 2.3 2.64 -12.0 0.4 0.4 0.4 0.4 0.4 0.4 0.087 0.037 0.162 0.037 0.016 0.04 2 2 2 2 2 2
2002-02-08T22:30:00 2002 2 8 22 30 0 2.8 -0.2 512.0 3.1 1.56 0.83 0.11 0.03 2 2 2 2 2 2 2 2 2.3 2.55 -9.0 -0.2 -0.2 -0.2 -0.2 -0.2 -0.2 0.067 0.042 0.158 0.024 0.053 0.078 2 2 2 2 2 2
2002-02-08T23:30:00 2002 2 8 23 30 0 2.1 2.0 506.0 3.0 1.45 0.4 0.0 0.0 2 2 2 2 2 2 2 2 2.3 2.47 -12.0 2.0 2.0 2.0 2.0 2.0 2.0 0.046 0.021 0.153 0.013 0.017 0.032 2 2 2 2 2 2
