2002-02-28T00:30:00 2002 2 28 0 30 0 -0.9 -2.5 312.0 6.3 1.25 1.14 1.97 1.21 2 2 2 2 2 2 2 2 1.7 1.36 -3.0 -2.5 -2.5 -2.5 -2.5 -2.5 -2.5 0.229 0.39 0.207 0.14 0.31 0.409 2 2 2 2 2 2
2002-02-28T01:30:00 2002 2 28 1 30 0 -1.5 -1.7 315.0 6.3 1.27 0.97 3.24 2.04 2 2 2 2 2 2 2 2 1.7 1.45 -2.0 -1.7 -1.7 -1.7 -1.7 -1.7 -1.7 0.301 0.513 0.208 0.206 0.395 0.507 2 2 2 2 2 2
2002-02-28T02:30:00 2002 2 28 2 30 0 0.9 -2.0 315.0 6.2 1.26 0.71 2.93 1.83 2 2 2 2 2 2 2 2 1.7 1.53 -4.0 -2.0 -2.0 -2.0 -2.0 -2.0 -2.0 0.344 0.567 0.208 0.237 0.421 0.543 2 2 2 2 2 2
2002-02-28T03:30:00 2002 2 28 3 30 0 1.1 -0.9 340.0 8.0 1.79 0.52 2.3 1.62 2 2 2 2 2 2 2 2 4.0 1.92 -5.0 -0.9 -0.9 -0.9 -0.9 -0.9 -0.9 0.342 0.536 0.207 0.214 0.384 0.596 2 2 2 2 2 2
2002-02-28T04:30:00 2002 2 28 4 30 0 0.9 0.0 337.0 11.2 2.7 0.15 0.7 0.64 2 2 2 2 2 2 2 2 4.0 2.3 -2.0 0.0 0.0 0.0 0.0 0.0 0.0 0.266 0.36 0.202 0.137 0.206 0.446 2 2 2 2 2 2
2002-02-28T05:30:00 2002 2 28 5 30 0 3.2 -3.9 372.0 21.6 5.45 1.78 3.82 7.05 2 2 2 2 2 2 2 2 4.0 2.59 8.0 -3.9 -3.9 -3.9 -3.9 -3.9 -3.9 0.492 0.832 0.217 0.446 0.821 2.549 2 2 2 2 2 2
2002-02-28T06:30:00 2002 2 28 6 30 0 -8.4 -5.5 387.0 20.4 5.59 6.99 9.07 18.97 2 2 2 2 2 2 2 2 3.0 2.75 -12.0 -5.5 -5.5 -5.5 -5.5 -5.5 -5.5 0.937 1.484 0.268 1.139 1.549 5.225 2 2 2 2 2 2
2002-02-28T07:30:00 2002 2 28 7 30 0 -9.2 -3.0 380.0 20.4 5.43 11.09 7.95 16.22 2 2 2 2 2 2 2 2 3.0 2.91 -18.0 -3.0 -3.0 -3.0 -3.0 -3.0 -3.0 1.117 1.621 0.304 1.271 1.523 5.658 2 2 2 2 2 2
2002-02-28T08:30:00 2002 2 28 8 30 0 -7.2 0.1 393.0 22.0 6.36 6.12 2.56 5.36 2 2 2 2 2 2 2 2 3.0 3.06 -14.0 0.1 0.1 0.1 0.1 0.1 0.1 0.9 1.106 0.304 0.835 0.804 3.749 2 2 2 2 2 2
2002-02-28T09:30:00 2002 2 28 9 30 0 -7.3 -4.2 389.0 28.3 7.87 6.34 4.35 11.49 2 2 2 2 2 2 2 2 3.0 3.21 -11.0 -4.2 -4.2 -4.2 -4.2 -4.2 -4.2 1.007 1.356 0.325 0.966 1.26 5.969 2 2 2 2 2 2
2002-02-28T10:30:00 2002 2 28 10 30 0 -7.6 -0.7 376.0 22.8 5.9 6.48 4.42 11.5 2 2 2 2 2 2 2 2 3.0 3.36 -17.0 -0.7 -0.7 -0.7 -0.7 -0.7 -0.7 0.962 1.25 0.336 0.827 1.031 5.391 2 2 2 2 2 2
2002-02-28T11:30:00 2002 2 28 11 30 0 -9.0 -3.5 372.0 21.1 5.21 7.25 4.14 8.98 2 2 2 2 2 2 2 2 3.0 3.24 -16.0 -3.5 -3.5 -3.5 -3.5 -3.5 -3.5 0.985 1.315 0.349 0.843 1.134 5.139 2 2 2 2 2 2
2002-02-28T12:30:00 2002 2 28 12 30 0 -5.4 -5.0 357.0 19.7 4.46 8.62 7.84 15.91 2 2 2 2 2 2 2 2 3.3 3.16 -17.0 -5.0 -5.0 -5.0 -5.0 -5.0 -5.0 1.191 1.632 0.383 1.192 1.442 5.449 2 2 2 2 2 2
2002-02-28T13:30:00 2002 2 28 13 30 0 1.5 -2.5 367.0 19.7 4.86 3.56 6.6 12.99 2 2 2 2 2 2 2 2 3.3 3.08 -14.0 -2.5 -2.5 -2.5 -2.5 -2.5 -2.5 1.211 1.593 0.403 1.156 1.307 5.0 2 2 2 2 2 2
2002-02-28T14:30:00 2002 2 28 14 30 0 3.9 3.6 399.0 12.6 3.87 0.56 0.76 1.41 2 2 2 2 2 2 2 2 3.3 3.12 -11.0 3.6 3.6 3.6 3.6 3.6 3.6 0.849 0.854 0.392 0.667 0.472 2.315 2 2 2 2 2 2
2002-02-28T15:30:00 2002 2 28 15 30 0 2.7 4.0 403.0 11.2 3.51 0.24 0.0 0.0 2 2 2 2 2 2 2 2 3.0 3.11 -8.0 4.0 4.0 4.0 4.0 4.0 4.0 0.575 0.424 0.38 0.373 0.15 0.96 2 2 2 2 2 2
2002-02-28T16:30:00 2002 2 28 16 30 0 2.0 5.1 412.0 14.2 4.49 0.08 0.0 0.0 2 2 2 2 2 2 2 2 3.0 3.11 -3.0 5.1 5.1 5.1 5.1 5.1 5.1 0.389 0.211 0.369 0.209 0.047 0.398 2 2 2 2 2 2
2002-02-28T17:30:00 2002 2 28 17 30 0 4.1 2.2 408.0 11.0 4.35 0.28 0.0 0.0 2 2 2 2 2 2 2 2 3.0 3.11 0.0 2.2 2.2 2.2 2.2 2.2 2.2 0.264 0.105 0.358 0.117 0.015 0.165 2 2 2 2 2 2
2002-02-28T18:30:00 2002 2 28 18 30 0 4.0 -0.8 397.0 7.5 3.41 1.13 0.28 0.22 2 2 2 2 2 2 2 2 4.0 3.24 -3.0 -0.8 -0.8 -0.8 -0.8 -0.8 -0.8 0.205 0.124 0.348 0.084 0.108 0.259 2 2 2 2 2 2
2002-02-28T19:30:00 2002 2 28 19 30 0 3.8 -2.2 392.0 9.3 3.52 2.25 3.07 2.64 2 2 2 2 2 2 2 2 4.0 3.37 -2.0 -2.2 -2.2 -2.2 -2.2 -2.2 -2.2 0.314 0.419 0.348 0.214 0.498 0.953 2 2 2 2 2 2
2002-02-28T20:30:00 2002 2 28 20 30 0 3.0 -7.1 397.0 14.2 4.96 6.87 9.59 11.86 2 2 2 2 2 2 2 2 4.0 3.46 -6.0 -7.1 -7.1 -7.1 -7.1 -7.1 -7.1 0.766 1.128 0.396 0.993 1.371 2.973 2 2 2 2 2 2
2002-02-28T21:30:00 2002 2 28 21 30 0 2.1 -10.6 388.0 15.3 4.55 16.98 17.62 26.14 2 2 2 2 2 2 2 2 6.0 3.81 -12.0 -10.6 -10.6 -10.6 -10.6 -10.6 -10.6 1.462 1.982 0.51 2.378 2.25 5.277 2 2 2 2 2 2
2002-02-28T22:30:00 2002 2 28 22 30 0 -1.3 -14.6 389.0 16.1 5.06 30.24 24.8 39.08 2 2 2 2 2 2 2 2 6.0 4.16 -34.0 -14.6 -14.6 -14.6 -14.6 -14.6 -14.6 2.284 2.817 0.695 4.209 3.044 7.344 2 2 2 2 2 2
2002-02-28T23:30:00 2002 2 28 23 30 0 -9.1 -10.8 399.0 15.5 5.44 32.87 24.72 39.03 2 2 2 2 2 2 2 2 6.0 4.54 -55.0 -10.8 -10.8 -10.8 -10.8 -10.8 -10.8 2.758 3.108 0.863 4.942 3.157 8.05 2 2 2 2 2 2
