2002-05-28T00:30:00 2002 5 28 0 30 0 2.8 1.0 743.0 0.8 0.88 0.81 0.0 0.0 2 2 2 2 2 2 2 2 2.3 2.74 -33.0 1.0 1.0 1.0 1.0 1.0 1.0 0.023 0.001 0.487 0.004 0.0 0.001 2 2 2 2 2 2
2002-05-28T01:30:00 2002 5 28 1 30 0 2.8 4.6 769.0 0.8 0.95 0.39 0.0 0.0 2 2 2 2 2 2 2 2 2.3 2.45 -26.0 4.6 4.6 4.6 4.6 4.6 4.6 0.015 0.001 0.472 0.002 0.0 0.0 2 2 2 2 2 2
2002-05-28T02:30:00 2002 5 28 2 30 0 3.4 2.1 734.0 0.7 0.64 0.47 0.0 0.0 2 2 2 2 2 2 2 2 2.3 2.45 -23.0 2.1 2.1 2.1 2.1 2.1 2.1 0.01 0.0 0.458 0.001 0.0 0.0 2 2 2 2 2 2
2002-05-28T03:30:00 2002 5 28 3 30 0 3.7 0.4 703.0 0.8 0.69 1.19 0.0 0.0 2 2 2 2 2 2 2 2 2.7 2.5 -24.0 0.4 0.4 0.4 0.4 0.4 0.4 0.007 0.0 0.444 0.001 0.0 0.0 2 2 2 2 2 2
2002-05-28T04:30:00 2002 5 28 4 30 0 2.3 1.7 698.0 0.9 0.78 0.8 0.0 0.0 2 2 2 2 2 2 2 2 2.7 2.55 -27.0 1.7 1.7 1.7 1.7 1.7 1.7 0.005 0.0 0.431 0.0 0.0 0.0 2 2 2 2 2 2
2002-05-28T05:30:00 2002 5 28 5 30 0 0.2 1.2 684.0 0.9 0.75 0.08 0.0 0.0 2 2 2 2 2 2 2 2 2.7 2.55 -27.0 1.2 1.2 1.2 1.2 1.2 1.2 0.003 0.0 0.417 0.0 0.0 0.0 2 2 2 2 2 2
2002-05-28T06:30:00 2002 5 28 6 30 0 2.3 1.3 670.0 1.0 0.8 0.12 0.0 0.0 2 2 2 2 2 2 2 2 2.7 2.55 -27.0 1.3 1.3 1.3 1.3 1.3 1.3 0.002 0.0 0.405 0.0 0.0 0.0 2 2 2 2 2 2
2002-05-28T07:30:00 2002 5 28 7 30 0 2.6 0.9 662.0 1.1 0.86 0.46 0.0 0.0 2 2 2 2 2 2 2 2 2.7 2.56 -27.0 0.9 0.9 0.9 0.9 0.9 0.9 0.001 0.0 0.392 0.0 0.0 0.0 2 2 2 2 2 2
2002-05-28T08:30:00 2002 5 28 8 30 0 3.5 3.7 695.0 1.1 0.93 0.51 0.0 0.0 2 2 2 2 2 2 2 2 2.7 2.6 -27.0 3.7 3.7 3.7 3.7 3.7 3.7 0.001 0.0 0.38 0.0 0.0 0.0 2 2 2 2 2 2
2002-05-28T09:30:00 2002 5 28 9 30 0 3.5 2.5 664.0 1.2 0.93 0.58 0.0 0.0 2 2 2 2 2 2 2 2 1.3 2.47 -25.0 2.5 2.5 2.5 2.5 2.5 2.5 0.001 0.0 0.369 0.0 0.0 0.0 2 2 2 2 2 2
2002-05-28T10:30:00 2002 5 28 10 30 0 3.1 2.8 655.0 1.2 0.91 0.53 0.0 0.0 2 2 2 2 2 2 2 2 1.3 2.34 -23.0 2.8 2.8 2.8 2.8 2.8 2.8 0.0 0.0 0.357 0.0 0.0 0.0 2 2 2 2 2 2
2002-05-28T11:30:00 2002 5 28 11 30 0 1.7 -2.3 645.0 1.3 0.95 1.04 2.0 0.26 2 2 2 2 2 2 2 2 1.3 2.16 -23.0 -2.3 -2.3 -2.3 -2.3 -2.3 -2.3 0.067 0.093 0.355 0.079 0.29 0.139 2 2 2 2 2 2
2002-05-28T12:30:00 2002 5 28 12 30 0 2.7 1.9 644.0 1.3 0.94 0.91 1.73 0.23 2 2 2 2 2 2 2 2 2.3 2.11 -25.0 1.9 1.9 1.9 1.9 1.9 1.9 0.07 0.079 0.347 0.064 0.169 0.108 2 2 2 2 2 2
2002-05-28T13:30:00 2002 5 28 13 30 0 3.2 2.2 641.0 1.2 0.85 0.48 0.0 0.0 2 2 2 2 2 2 2 2 2.3 2.07 -29.0 2.2 2.2 2.2 2.2 2.2 2.2 0.047 0.039 0.336 0.036 0.054 0.045 2 2 2 2 2 2
2002-05-28T14:30:00 2002 5 28 14 30 0 2.5 1.7 650.0 1.4 1.0 0.44 0.0 0.0 2 2 2 2 2 2 2 2 2.3 2.02 -28.0 1.7 1.7 1.7 1.7 1.7 1.7 0.032 0.02 0.326 0.02 0.017 0.019 2 2 2 2 2 2
2002-05-28T15:30:00 2002 5 28 15 30 0 2.6 1.0 645.0 1.4 0.99 0.44 0.0 0.0 2 2 2 2 2 2 2 2 2.3 1.98 -29.0 1.0 1.0 1.0 1.0 1.0 1.0 0.022 0.01 0.316 0.011 0.005 0.008 2 2 2 2 2 2
2002-05-28T16:30:00 2002 5 28 16 30 0 1.9 0.4 617.0 1.6 1.22 0.43 0.0 0.0 2 2 2 2 2 2 2 2 2.3 1.94 -27.0 0.4 0.4 0.4 0.4 0.4 0.4 0.015 0.005 0.307 0.006 0.002 0.003 2 2 2 2 2 2
2002-05-28T17:30:00 2002 5 28 17 30 0 1.0 1.7 614.0 1.5 1.13 0.12 0.0 0.0 2 2 2 2 2 2 2 2 2.3 2.06 -25.0 1.7 1.7 1.7 1.7 1.7 1.7 0.01 0.002 0.297 0.004 0.001 0.001 2 2 2 2 2 2
2002-05-28T18:30:00 2002 5 28 18 30 0 0.7 0.2 639.0 1.4 1.14 0.03 0.0 0.0 2 2 2 2 2 2 2 2 2.3 2.18 -22.0 0.2 0.2 0.2 0.2 0.2 0.2 0.007 0.001 0.288 0.002 0.0 0.001 2 2 2 2 2 2
2002-05-28T19:30:00 2002 5 28 19 30 0 0.2 -2.3 635.0 1.4 1.13 0.75 3.67 0.51 2 2 2 2 2 2 2 2 2.3 2.3 -23.0 -2.3 -2.3 -2.3 -2.3 -2.3 -2.3 0.111 0.148 0.292 0.119 0.422 0.226 2 2 2 2 2 2
2002-05-28T20:30:00 2002 5 28 20 30 0 -0.7 -0.9 616.0 1.4 1.06 0.99 4.83 0.68 2 2 2 2 2 2 2 2 2.3 2.3 -25.0 -0.9 -0.9 -0.9 -0.9 -0.9 -0.9 0.178 0.213 0.296 0.167 0.496 0.297 2 2 2 2 2 2
2002-05-28T21:30:00 2002 5 28 21 30 0 1.7 1.5 624.0 1.3 1.01 0.07 0.41 0.06 2 2 2 2 2 2 2 2 2.0 2.26 -27.0 1.5 1.5 1.5 1.5 1.5 1.5 0.126 0.116 0.287 0.096 0.177 0.139 2 2 2 2 2 2
2002-05-28T22:30:00 2002 5 28 22 30 0 0.6 1.4 617.0 1.2 0.91 0.05 0.0 0.0 2 2 2 2 2 2 2 2 2.0 2.22 -25.0 1.4 1.4 1.4 1.4 1.4 1.4 0.085 0.057 0.279 0.054 0.056 0.058 2 2 2 2 2 2
2002-05-28T23:30:00 2002 5 28 23 30 0 2.7 1.6 625.0 1.2 0.94 0.17 0.0 0.0 2 2 2 2 2 2 2 2 2.0 2.18 -20.0 1.6 1.6 1.6 1.6 1.6 1.6 0.058 0.028 0.27 0.03 0.018 0.024 2 2 2 2 2 2
