2002-04-08T00:30:00 2002 4 8 0 30 0 2.6 3.0 418.0 2.7 0.82 0.2 0.0 0.0 2 2 2 2 2 2 2 2 0.0 0.8 3.0 3.0 3.0 3.0 3.0 3.0 3.0 0.002 0.0 0.029 0.0 0.0 0.0 2 2 2 2 2 2
2002-04-08T01:30:00 2002 4 8 1 30 0 0.3 2.6 398.0 2.4 0.66 0.04 0.0 0.0 2 2 2 2 2 2 2 2 0.0 0.52 6.0 2.6 2.6 2.6 2.6 2.6 2.6 0.001 0.0 0.028 0.0 0.0 0.0 2 2 2 2 2 2
2002-04-08T02:30:00 2002 4 8 2 30 0 0.8 2.6 395.0 2.5 0.67 0.0 0.0 0.0 2 2 2 2 2 2 2 2 0.0 0.43 7.0 2.6 2.6 2.6 2.6 2.6 2.6 0.001 0.0 0.027 0.0 0.0 0.0 2 2 2 2 2 2
2002-04-08T03:30:00 2002 4 8 3 30 0 1.1 2.8 388.0 2.2 0.58 0.01 0.0 0.0 2 2 2 2 2 2 2 2 0.0 0.34 8.0 2.8 2.8 2.8 2.8 2.8 2.8 0.001 0.0 0.026 0.0 0.0 0.0 2 2 2 2 2 2
2002-04-08T04:30:00 2002 4 8 4 30 0 2.5 2.2 381.0 2.5 0.64 0.08 0.0 0.0 2 2 2 2 2 2 2 2 0.0 0.25 6.0 2.2 2.2 2.2 2.2 2.2 2.2 0.0 0.0 0.025 0.0 0.0 0.0 2 2 2 2 2 2
2002-04-08T05:30:00 2002 4 8 5 30 0 1.9 2.1 377.0 2.4 0.6 0.12 0.0 0.0 2 2 2 2 2 2 2 2 0.0 0.17 3.0 2.1 2.1 2.1 2.1 2.1 2.1 0.0 0.0 0.025 0.0 0.0 0.0 2 2 2 2 2 2
2002-04-08T06:30:00 2002 4 8 6 30 0 2.4 1.4 377.0 2.4 0.6 0.14 0.0 0.0 2 2 2 2 2 2 2 2 0.7 0.18 1.0 1.4 1.4 1.4 1.4 1.4 1.4 0.0 0.0 0.024 0.0 0.0 0.0 2 2 2 2 2 2
2002-04-08T07:30:00 2002 4 8 7 30 0 1.7 1.2 376.0 2.7 0.67 0.14 0.0 0.0 2 2 2 2 2 2 2 2 0.7 0.18 -1.0 1.2 1.2 1.2 1.2 1.2 1.2 0.0 0.0 0.023 0.0 0.0 0.0 2 2 2 2 2 2
2002-04-08T08:30:00 2002 4 8 8 30 0 0.2 1.5 366.0 2.5 0.58 0.02 0.0 0.0 2 2 2 2 2 2 2 2 0.7 0.27 -3.0 1.5 1.5 1.5 1.5 1.5 1.5 0.0 0.0 0.022 0.0 0.0 0.0 2 2 2 2 2 2
2002-04-08T09:30:00 2002 4 8 9 30 0 1.0 2.6 370.0 2.8 0.67 0.0 0.0 0.0 2 2 2 2 2 2 2 2 0.7 0.36 -1.0 2.6 2.6 2.6 2.6 2.6 2.6 0.0 0.0 0.022 0.0 0.0 0.0 2 2 2 2 2 2
2002-04-08T10:30:00 2002 4 8 10 30 0 2.8 0.2 370.0 2.6 0.62 0.19 0.0 0.0 2 2 2 2 2 2 2 2 0.7 0.45 0.0 0.2 0.2 0.2 0.2 0.2 0.2 0.0 0.0 0.021 0.0 0.0 0.0 2 2 2 2 2 2
2002-04-08T11:30:00 2002 4 8 11 30 0 2.3 0.8 371.0 2.7 0.65 0.37 0.0 0.0 2 2 2 2 2 2 2 2 0.7 0.53 0.0 0.8 0.8 0.8 0.8 0.8 0.8 0.0 0.0 0.02 0.0 0.0 0.0 2 2 2 2 2 2
2002-04-08T12:30:00 2002 4 8 12 30 0 3.1 1.9 370.0 2.9 0.69 0.29 0.0 0.0 2 2 2 2 2 2 2 2 0.7 0.62 0.0 1.9 1.9 1.9 1.9 1.9 1.9 0.0 0.0 0.02 0.0 0.0 0.0 2 2 2 2 2 2
2002-04-08T13:30:00 2002 4 8 13 30 0 4.0 1.8 370.0 3.0 0.72 0.49 0.0 0.0 2 2 2 2 2 2 2 2 0.7 0.7 0.0 1.8 1.8 1.8 1.8 1.8 1.8 0.0 0.0 0.019 0.0 0.0 0.0 2 2 2 2 2 2
2002-04-08T14:30:00 2002 4 8 14 30 0 3.6 2.0 372.0 3.2 0.78 0.54 0.0 0.0 2 2 2 2 2 2 2 2 0.7 0.7 2.0 2.0 2.0 2.0 2.0 2.0 2.0 0.0 0.0 0.019 0.0 0.0 0.0 2 2 2 2 2 2
2002-04-08T15:30:00 2002 4 8 15 30 0 3.9 1.3 363.0 3.1 0.71 0.58 0.0 0.0 2 2 2 2 2 2 2 2 0.3 0.65 2.0 1.3 1.3 1.3 1.3 1.3 1.3 0.0 0.0 0.018 0.0 0.0 0.0 2 2 2 2 2 2
2002-04-08T16:30:00 2002 4 8 16 30 0 4.6 1.1 363.0 3.1 0.71 0.9 0.0 0.0 2 2 2 2 2 2 2 2 0.3 0.6 1.0 1.1 1.1 1.1 1.1 1.1 1.1 0.0 0.0 0.017 0.0 0.0 0.0 2 2 2 2 2 2
2002-04-08T17:30:00 2002 4 8 17 30 0 4.2 1.6 362.0 3.2 0.73 0.89 0.0 0.0 2 2 2 2 2 2 2 2 0.3 0.54 4.0 1.6 1.6 1.6 1.6 1.6 1.6 0.0 0.0 0.017 0.0 0.0 0.0 2 2 2 2 2 2
2002-04-08T18:30:00 2002 4 8 18 30 0 4.2 0.9 362.0 3.4 0.79 0.85 0.0 0.0 2 2 2 2 2 2 2 2 0.7 0.55 7.0 0.9 0.9 0.9 0.9 0.9 0.9 0.0 0.0 0.016 0.0 0.0 0.0 2 2 2 2 2 2
2002-04-08T19:30:00 2002 4 8 19 30 0 4.0 2.3 361.0 3.3 0.76 0.7 0.0 0.0 2 2 2 2 2 2 2 2 0.7 0.55 8.0 2.3 2.3 2.3 2.3 2.3 2.3 0.0 0.0 0.016 0.0 0.0 0.0 2 2 2 2 2 2
2002-04-08T20:30:00 2002 4 8 20 30 0 3.3 1.3 353.0 3.6 0.8 0.49 0.0 0.0 2 2 2 2 2 2 2 2 0.7 0.55 9.0 1.3 1.3 1.3 1.3 1.3 1.3 0.0 0.0 0.015 0.0 0.0 0.0 2 2 2 2 2 2
2002-04-08T21:30:00 2002 4 8 21 30 0 4.1 0.4 351.0 3.9 0.85 0.74 0.0 0.0 2 2 2 2 2 2 2 2 0.3 0.5 10.0 0.4 0.4 0.4 0.4 0.4 0.4 0.0 0.0 0.015 0.0 0.0 0.0 2 2 2 2 2 2
2002-04-08T22:30:00 2002 4 8 22 30 0 4.9 1.7 356.0 3.3 0.77 1.02 0.0 0.0 2 2 2 2 2 2 2 2 0.3 0.45 9.0 1.7 1.7 1.7 1.7 1.7 1.7 0.0 0.0 0.015 0.0 0.0 0.0 2 2 2 2 2 2
2002-04-08T23:30:00 2002 4 8 23 30 0 5.0 2.1 350.0 5.4 1.21 0.99 0.0 0.0 2 2 2 2 2 2 2 2 0.3 0.45 8.0 2.1 2.1 2.1 2.1 2.1 2.1 0.0 0.0 0.014 0.0 0.0 0.0 2 2 2 2 2 2
