2002-08-15T00:30:00 2002 8 15 0 30 0 3.4 0.3 561.0 1.2 0.76 0.9 0.0 0.0 2 2 2 2 2 2 2 2 2.0 2.84 -23.0 0.3 0.3 0.3 0.3 0.3 0.3 0.205 0.076 0.401 0.118 0.043 0.031 2 2 2 2 2 2
2002-08-15T01:30:00 2002 8 15 1 30 0 5.0 0.8 566.0 1.3 0.83 1.7 0.0 0.0 2 2 2 2 2 2 2 2 2.0 2.63 -28.0 0.8 0.8 0.8 0.8 0.8 0.8 0.139 0.038 0.389 0.066 0.014 0.013 2 2 2 2 2 2
2002-08-15T02:30:00 2002 8 15 2 30 0 5.9 1.3 562.0 1.5 0.95 2.49 0.0 0.0 2 2 2 2 2 2 2 2 2.0 2.54 -27.0 1.3 1.3 1.3 1.3 1.3 1.3 0.094 0.019 0.377 0.037 0.004 0.005 2 2 2 2 2 2
2002-08-15T03:30:00 2002 8 15 3 30 0 4.3 1.2 537.0 1.4 0.81 1.93 0.0 0.0 2 2 2 2 2 2 2 2 1.7 2.41 -27.0 1.2 1.2 1.2 1.2 1.2 1.2 0.064 0.009 0.365 0.021 0.001 0.002 2 2 2 2 2 2
2002-08-15T04:30:00 2002 8 15 4 30 0 3.9 1.5 529.0 1.4 0.78 1.12 0.0 0.0 2 2 2 2 2 2 2 2 1.7 2.28 -26.0 1.5 1.5 1.5 1.5 1.5 1.5 0.043 0.005 0.354 0.012 0.0 0.001 2 2 2 2 2 2
2002-08-15T05:30:00 2002 8 15 5 30 0 3.4 -0.5 555.0 1.3 0.8 1.26 0.23 0.03 2 2 2 2 2 2 2 2 1.7 2.12 -26.0 -0.5 -0.5 -0.5 -0.5 -0.5 -0.5 0.04 0.024 0.344 0.013 0.056 0.029 2 2 2 2 2 2
2002-08-15T06:30:00 2002 8 15 6 30 0 5.4 -2.0 574.0 1.2 0.79 3.65 3.72 0.46 2 2 2 2 2 2 2 2 2.3 2.04 -22.0 -2.0 -2.0 -2.0 -2.0 -2.0 -2.0 0.123 0.152 0.343 0.104 0.356 0.161 2 2 2 2 2 2
2002-08-15T07:30:00 2002 8 15 7 30 0 4.8 -2.0 546.0 1.2 0.72 5.17 5.59 0.67 2 2 2 2 2 2 2 2 2.3 1.96 -25.0 -2.0 -2.0 -2.0 -2.0 -2.0 -2.0 0.205 0.243 0.347 0.19 0.496 0.225 2 2 2 2 2 2
2002-08-15T08:30:00 2002 8 15 8 30 0 4.0 -3.6 564.0 1.2 0.76 5.77 7.98 0.96 2 2 2 2 2 2 2 2 2.3 2.0 -24.0 -3.6 -3.6 -3.6 -3.6 -3.6 -3.6 0.315 0.344 0.361 0.339 0.687 0.296 2 2 2 2 2 2
2002-08-15T09:30:00 2002 8 15 9 30 0 4.5 0.1 548.0 1.3 0.78 3.82 4.48 0.55 2 2 2 2 2 2 2 2 3.3 2.18 -24.0 0.1 0.1 0.1 0.1 0.1 0.1 0.289 0.27 0.359 0.266 0.423 0.219 2 2 2 2 2 2
2002-08-15T10:30:00 2002 8 15 10 30 0 2.7 -2.7 558.0 1.2 0.75 2.72 3.93 0.48 2 2 2 2 2 2 2 2 3.3 2.34 -23.0 -2.7 -2.7 -2.7 -2.7 -2.7 -2.7 0.302 0.288 0.36 0.268 0.5 0.243 2 2 2 2 2 2
2002-08-15T11:30:00 2002 8 15 11 30 0 4.3 -1.9 540.0 1.2 0.7 3.75 6.22 0.75 2 2 2 2 2 2 2 2 3.3 2.54 -26.0 -1.9 -1.9 -1.9 -1.9 -1.9 -1.9 0.334 0.319 0.364 0.293 0.548 0.259 2 2 2 2 2 2
2002-08-15T12:30:00 2002 8 15 12 30 0 6.4 -1.2 574.0 1.2 0.79 4.96 4.24 0.51 2 2 2 2 2 2 2 2 3.0 2.7 -27.0 -1.2 -1.2 -1.2 -1.2 -1.2 -1.2 0.318 0.292 0.362 0.251 0.481 0.244 2 2 2 2 2 2
2002-08-15T13:30:00 2002 8 15 13 30 0 4.7 -4.1 580.0 1.2 0.81 7.43 8.0 0.96 2 2 2 2 2 2 2 2 3.0 2.86 -30.0 -4.1 -4.1 -4.1 -4.1 -4.1 -4.1 0.399 0.373 0.378 0.393 0.724 0.324 2 2 2 2 2 2
2002-08-15T14:30:00 2002 8 15 14 30 0 5.2 -1.8 567.0 1.3 0.84 6.77 8.19 1.02 2 2 2 2 2 2 2 2 3.0 2.94 -32.0 -1.8 -1.8 -1.8 -1.8 -1.8 -1.8 0.429 0.386 0.389 0.414 0.701 0.338 2 2 2 2 2 2
2002-08-15T15:30:00 2002 8 15 15 30 0 5.0 -1.0 547.0 1.4 0.84 4.28 3.81 0.51 2 2 2 2 2 2 2 2 3.3 3.07 -34.0 -1.0 -1.0 -1.0 -1.0 -1.0 -1.0 0.377 0.321 0.386 0.309 0.509 0.285 2 2 2 2 2 2
2002-08-15T16:30:00 2002 8 15 16 30 0 4.2 -2.0 546.0 1.4 0.83 3.81 4.21 0.59 2 2 2 2 2 2 2 2 3.3 3.19 -27.0 -2.0 -2.0 -2.0 -2.0 -2.0 -2.0 0.363 0.319 0.385 0.283 0.519 0.288 2 2 2 2 2 2
2002-08-15T17:30:00 2002 8 15 17 30 0 3.5 -2.9 532.0 1.4 0.79 4.28 6.69 0.94 2 2 2 2 2 2 2 2 3.3 3.19 -27.0 -2.9 -2.9 -2.9 -2.9 -2.9 -2.9 0.403 0.372 0.392 0.348 0.632 0.325 2 2 2 2 2 2
2002-08-15T18:30:00 2002 8 15 18 30 0 3.8 -0.9 528.0 1.5 0.84 3.15 4.82 0.7 2 2 2 2 2 2 2 2 5.3 3.45 -29.0 -0.9 -0.9 -0.9 -0.9 -0.9 -0.9 0.376 0.335 0.391 0.295 0.509 0.29 2 2 2 2 2 2
2002-08-15T19:30:00 2002 8 15 19 30 0 2.7 -2.6 617.0 2.3 1.75 2.96 5.31 1.06 2 2 2 2 2 2 2 2 5.3 3.71 -15.0 -2.6 -2.6 -2.6 -2.6 -2.6 -2.6 0.413 0.387 0.399 0.354 0.72 0.509 2 2 2 2 2 2
2002-08-15T20:30:00 2002 8 15 20 30 0 3.0 -4.0 620.0 2.4 1.85 5.65 10.39 2.45 2 2 2 2 2 2 2 2 5.3 4.0 -23.0 -4.0 -4.0 -4.0 -4.0 -4.0 -4.0 0.563 0.535 0.436 0.619 1.134 0.885 2 2 2 2 2 2
2002-08-15T21:30:00 2002 8 15 21 30 0 6.5 -2.3 614.0 2.3 1.73 7.69 9.5 2.23 2 2 2 2 2 2 2 2 5.0 4.25 -38.0 -2.3 -2.3 -2.3 -2.3 -2.3 -2.3 0.617 0.558 0.461 0.664 1.106 0.941 2 2 2 2 2 2
2002-08-15T22:30:00 2002 8 15 22 30 0 5.0 6.8 624.0 2.7 2.1 2.73 0.6 0.14 2 2 2 2 2 2 2 2 5.0 4.5 -35.0 6.8 6.8 6.8 6.8 6.8 6.8 0.418 0.28 0.447 0.372 0.355 0.399 2 2 2 2 2 2
2002-08-15T23:30:00 2002 8 15 23 30 0 3.7 -0.9 604.0 2.5 1.82 1.21 0.29 0.07 2 2 2 2 2 2 2 2 5.0 4.7 -28.0 -0.9 -0.9 -0.9 -0.9 -0.9 -0.9 0.308 0.183 0.435 0.23 0.238 0.276 2 2 2 2 2 2
