2002-04-01T00:30:00 2002 4 1 0 30 0 4.8 2.2 722.0 3.1 2.84 1.64 0.0 0.0 2 2 2 2 2 2 2 2 3.3 3.44 -6.0 2.2 2.2 2.2 2.2 2.2 2.2 0.0 0.0 0.065 0.0 0.0 0.0 2 2 2 2 2 2
2002-04-01T01:30:00 2002 4 1 1 30 0 4.1 3.6 723.0 2.8 2.59 1.2 0.0 0.0 2 2 2 2 2 2 2 2 3.3 3.44 -3.0 3.6 3.6 3.6 3.6 3.6 3.6 0.0 0.0 0.063 0.0 0.0 0.0 2 2 2 2 2 2
2002-04-01T02:30:00 2002 4 1 2 30 0 4.2 2.0 732.0 2.5 2.35 1.08 0.0 0.0 2 2 2 2 2 2 2 2 3.3 3.36 -2.0 2.0 2.0 2.0 2.0 2.0 2.0 0.0 0.0 0.061 0.0 0.0 0.0 2 2 2 2 2 2
2002-04-01T03:30:00 2002 4 1 3 30 0 3.8 0.1 725.0 2.2 2.03 1.66 0.0 0.0 2 2 2 2 2 2 2 2 3.7 3.33 -5.0 0.1 0.1 0.1 0.1 0.1 0.1 0.0 0.0 0.059 0.0 0.0 0.0 2 2 2 2 2 2
2002-04-01T04:30:00 2002 4 1 4 30 0 0.0 -0.7 727.0 2.2 2.06 0.76 1.22 0.27 2 2 2 2 2 2 2 2 3.7 3.3 -10.0 -0.7 -0.7 -0.7 -0.7 -0.7 -0.7 0.049 0.082 0.062 0.035 0.271 0.29 2 2 2 2 2 2
2002-04-01T05:30:00 2002 4 1 5 30 0 -2.3 -1.8 765.0 2.1 2.17 1.3 4.86 1.04 2 2 2 2 2 2 2 2 3.7 3.38 -19.0 -1.8 -1.8 -1.8 -1.8 -1.8 -1.8 0.177 0.225 0.082 0.182 0.73 0.704 2 2 2 2 2 2
2002-04-01T06:30:00 2002 4 1 6 30 0 -2.2 -2.3 761.0 2.1 2.14 3.18 7.9 1.66 2 2 2 2 2 2 2 2 4.3 3.55 -23.0 -2.3 -2.3 -2.3 -2.3 -2.3 -2.3 0.326 0.352 0.119 0.372 1.076 1.017 2 2 2 2 2 2
2002-04-01T07:30:00 2002 4 1 7 30 0 -0.2 0.5 758.0 1.8 1.82 0.95 3.23 0.65 2 2 2 2 2 2 2 2 4.3 3.71 -31.0 0.5 0.5 0.5 0.5 0.5 0.5 0.283 0.253 0.125 0.267 0.579 0.662 2 2 2 2 2 2
2002-04-01T08:30:00 2002 4 1 8 30 0 1.9 2.2 740.0 1.9 1.83 0.05 0.0 0.0 2 2 2 2 2 2 2 2 4.3 3.84 -22.0 2.2 2.2 2.2 2.2 2.2 2.2 0.192 0.126 0.121 0.15 0.183 0.275 2 2 2 2 2 2
2002-04-01T09:30:00 2002 4 1 9 30 0 4.3 0.2 738.0 2.2 2.07 1.12 0.0 0.0 2 2 2 2 2 2 2 2 3.3 3.83 -19.0 0.2 0.2 0.2 0.2 0.2 0.2 0.13 0.062 0.118 0.084 0.058 0.114 2 2 2 2 2 2
2002-04-01T10:30:00 2002 4 1 10 30 0 4.2 0.6 728.0 2.2 2.02 2.29 0.0 0.0 2 2 2 2 2 2 2 2 3.3 3.82 -21.0 0.6 0.6 0.6 0.6 0.6 0.6 0.088 0.031 0.114 0.047 0.018 0.047 2 2 2 2 2 2
2002-04-01T11:30:00 2002 4 1 11 30 0 3.2 1.3 724.0 2.0 1.81 1.37 0.0 0.0 2 2 2 2 2 2 2 2 3.3 3.77 -22.0 1.3 1.3 1.3 1.3 1.3 1.3 0.06 0.015 0.111 0.026 0.006 0.02 2 2 2 2 2 2
2002-04-01T12:30:00 2002 4 1 12 30 0 1.9 3.5 742.0 1.8 1.73 0.34 0.0 0.0 2 2 2 2 2 2 2 2 3.7 3.77 -22.0 3.5 3.5 3.5 3.5 3.5 3.5 0.04 0.008 0.107 0.015 0.002 0.008 2 2 2 2 2 2
2002-04-01T13:30:00 2002 4 1 13 30 0 2.5 1.0 751.0 2.0 1.97 0.28 0.0 0.0 2 2 2 2 2 2 2 2 3.7 3.77 -19.0 1.0 1.0 1.0 1.0 1.0 1.0 0.027 0.004 0.104 0.008 0.001 0.003 2 2 2 2 2 2
2002-04-01T14:30:00 2002 4 1 14 30 0 1.5 0.6 734.0 2.1 1.96 0.35 0.0 0.0 2 2 2 2 2 2 2 2 3.7 3.69 -21.0 0.6 0.6 0.6 0.6 0.6 0.6 0.018 0.002 0.101 0.005 0.0 0.001 2 2 2 2 2 2
2002-04-01T15:30:00 2002 4 1 15 30 0 1.8 0.1 726.0 2.0 1.83 0.33 0.0 0.0 2 2 2 2 2 2 2 2 3.0 3.53 -26.0 0.1 0.1 0.1 0.1 0.1 0.1 0.013 0.001 0.098 0.003 0.0 0.001 2 2 2 2 2 2
2002-04-01T16:30:00 2002 4 1 16 30 0 2.7 0.8 713.0 1.8 1.61 0.58 0.0 0.0 2 2 2 2 2 2 2 2 3.0 3.37 -23.0 0.8 0.8 0.8 0.8 0.8 0.8 0.008 0.0 0.095 0.001 0.0 0.0 2 2 2 2 2 2
2002-04-01T17:30:00 2002 4 1 17 30 0 2.9 0.1 715.0 1.9 1.71 0.94 0.0 0.0 2 2 2 2 2 2 2 2 3.0 3.33 -21.0 0.1 0.1 0.1 0.1 0.1 0.1 0.006 0.0 0.092 0.001 0.0 0.0 2 2 2 2 2 2
2002-04-01T18:30:00 2002 4 1 18 30 0 2.9 0.4 685.0 1.9 1.6 1.06 0.0 0.0 2 2 2 2 2 2 2 2 3.0 3.29 -19.0 0.4 0.4 0.4 0.4 0.4 0.4 0.004 0.0 0.089 0.0 0.0 0.0 2 2 2 2 2 2
2002-04-01T19:30:00 2002 4 1 19 30 0 2.0 4.7 703.0 1.7 1.54 0.31 0.0 0.0 2 2 2 2 2 2 2 2 3.0 3.25 -18.0 4.7 4.7 4.7 4.7 4.7 4.7 0.003 0.0 0.086 0.0 0.0 0.0 2 2 2 2 2 2
2002-04-01T20:30:00 2002 4 1 20 30 0 2.4 2.9 681.0 2.0 1.73 0.14 0.0 0.0 2 2 2 2 2 2 2 2 3.0 3.17 -13.0 2.9 2.9 2.9 2.9 2.9 2.9 0.002 0.0 0.084 0.0 0.0 0.0 2 2 2 2 2 2
2002-04-01T21:30:00 2002 4 1 21 30 0 1.3 3.6 676.0 1.9 1.64 0.09 0.0 0.0 2 2 2 2 2 2 2 2 1.3 2.86 -9.0 3.6 3.6 3.6 3.6 3.6 3.6 0.001 0.0 0.081 0.0 0.0 0.0 2 2 2 2 2 2
2002-04-01T22:30:00 2002 4 1 22 30 0 3.7 2.2 694.0 2.2 1.98 0.35 0.0 0.0 2 2 2 2 2 2 2 2 1.3 2.56 -5.0 2.2 2.2 2.2 2.2 2.2 2.2 0.001 0.0 0.079 0.0 0.0 0.0 2 2 2 2 2 2
2002-04-01T23:30:00 2002 4 1 23 30 0 1.7 2.3 680.0 2.2 1.92 0.38 0.0 0.0 2 2 2 2 2 2 2 2 1.3 2.34 -4.0 2.3 2.3 2.3 2.3 2.3 2.3 0.001 0.0 0.076 0.0 0.0 0.0 2 2 2 2 2 2
