2002-09-29T00:30:00 2002 9 29 0 30 0 -2.0 6.7 303.0 21.4 3.93 0.01 0.0 0.0 2 2 2 2 2 2 2 2 0.3 1.32 10.0 6.7 6.7 6.7 6.7 6.7 6.7 0.0 0.0 0.076 0.0 0.0 0.0 2 2 2 2 2 2
2002-09-29T01:30:00 2002 9 29 1 30 0 -1.4 6.5 298.0 22.7 4.03 0.01 0.0 0.0 2 2 2 2 2 2 2 2 0.3 1.18 12.0 6.5 6.5 6.5 6.5 6.5 6.5 0.0 0.0 0.074 0.0 0.0 0.0 2 2 2 2 2 2
2002-09-29T02:30:00 2002 9 29 2 30 0 0.1 6.7 297.0 27.1 4.78 0.0 0.0 0.0 2 2 2 2 2 2 2 2 0.3 1.01 18.0 6.7 6.7 6.7 6.7 6.7 6.7 0.0 0.0 0.072 0.0 0.0 0.0 2 2 2 2 2 2
2002-09-29T03:30:00 2002 9 29 3 30 0 -2.3 7.0 300.0 25.4 4.57 0.01 0.0 0.0 2 2 2 2 2 2 2 2 0.7 0.89 15.0 7.0 7.0 7.0 7.0 7.0 7.0 0.0 0.0 0.069 0.0 0.0 0.0 2 2 2 2 2 2
2002-09-29T04:30:00 2002 9 29 4 30 0 0.7 10.3 295.0 21.5 3.74 0.0 0.0 0.0 2 2 2 2 2 2 2 2 0.7 0.77 13.0 10.3 10.3 10.3 10.3 10.3 10.3 0.0 0.0 0.067 0.0 0.0 0.0 2 2 2 2 2 2
2002-09-29T05:30:00 2002 9 29 5 30 0 5.9 9.8 295.0 14.9 2.59 0.12 0.0 0.0 2 2 2 2 2 2 2 2 0.7 0.69 14.0 9.8 9.8 9.8 9.8 9.8 9.8 0.0 0.0 0.065 0.0 0.0 0.0 2 2 2 2 2 2
2002-09-29T06:30:00 2002 9 29 6 30 0 8.2 7.4 299.0 12.9 2.16 0.75 0.0 0.0 2 2 2 2 2 2 2 2 1.0 0.66 13.0 7.4 7.4 7.4 7.4 7.4 7.4 0.0 0.0 0.063 0.0 0.0 0.0 2 2 2 2 2 2
2002-09-29T07:30:00 2002 9 29 7 30 0 7.9 6.9 300.0 12.9 2.14 1.18 0.0 0.0 2 2 2 2 2 2 2 2 1.0 0.63 13.0 6.9 6.9 6.9 6.9 6.9 6.9 0.0 0.0 0.061 0.0 0.0 0.0 2 2 2 2 2 2
2002-09-29T08:30:00 2002 9 29 8 30 0 8.2 8.4 304.0 13.2 2.27 1.12 0.0 0.0 2 2 2 2 2 2 2 2 1.0 0.72 13.0 8.4 8.4 8.4 8.4 8.4 8.4 0.0 0.0 0.059 0.0 0.0 0.0 2 2 2 2 2 2
2002-09-29T09:30:00 2002 9 29 9 30 0 8.8 7.0 295.0 12.0 1.98 1.3 0.0 0.0 2 2 2 2 2 2 2 2 0.3 0.71 13.0 7.0 7.0 7.0 7.0 7.0 7.0 0.0 0.0 0.058 0.0 0.0 0.0 2 2 2 2 2 2
2002-09-29T10:30:00 2002 9 29 10 30 0 10.5 7.3 298.0 11.7 2.08 1.91 0.0 0.0 2 2 2 2 2 2 2 2 0.3 0.71 15.0 7.3 7.3 7.3 7.3 7.3 7.3 0.0 0.0 0.056 0.0 0.0 0.0 2 2 2 2 2 2
2002-09-29T11:30:00 2002 9 29 11 30 0 9.2 5.8 294.0 12.2 2.0 2.09 0.0 0.0 2 2 2 2 2 2 2 2 0.3 0.66 16.0 5.8 5.8 5.8 5.8 5.8 5.8 0.0 0.0 0.054 0.0 0.0 0.0 2 2 2 2 2 2
2002-09-29T12:30:00 2002 9 29 12 30 0 12.0 4.9 302.0 13.2 2.41 3.05 0.0 0.0 2 2 2 2 2 2 2 2 1.3 0.74 16.0 4.9 4.9 4.9 4.9 4.9 4.9 0.0 0.0 0.052 0.0 0.0 0.0 2 2 2 2 2 2
2002-09-29T13:30:00 2002 9 29 13 30 0 10.4 4.6 297.0 15.0 2.65 3.53 0.0 0.0 2 2 2 2 2 2 2 2 1.3 0.81 14.0 4.6 4.6 4.6 4.6 4.6 4.6 0.0 0.0 0.051 0.0 0.0 0.0 2 2 2 2 2 2
2002-09-29T14:30:00 2002 9 29 14 30 0 11.0 0.3 298.0 16.7 2.97 4.47 0.0 0.0 2 2 2 2 2 2 2 2 1.3 0.86 13.0 0.3 0.3 0.3 0.3 0.3 0.3 0.0 0.0 0.049 0.0 0.0 0.0 2 2 2 2 2 2
2002-09-29T15:30:00 2002 9 29 15 30 0 9.1 1.0 315.0 19.7 3.91 4.89 0.0 0.0 2 2 2 2 2 2 2 2 1.0 0.86 9.0 1.0 1.0 1.0 1.0 1.0 1.0 0.0 0.0 0.048 0.0 0.0 0.0 2 2 2 2 2 2
2002-09-29T16:30:00 2002 9 29 16 30 0 9.5 1.2 307.0 20.0 3.77 4.05 0.0 0.0 2 2 2 2 2 2 2 2 1.0 0.86 7.0 1.2 1.2 1.2 1.2 1.2 1.2 0.0 0.0 0.046 0.0 0.0 0.0 2 2 2 2 2 2
2002-09-29T17:30:00 2002 9 29 17 30 0 7.8 0.3 304.0 24.3 4.49 3.62 0.0 0.0 2 2 2 2 2 2 2 2 1.0 0.94 11.0 0.3 0.3 0.3 0.3 0.3 0.3 0.0 0.0 0.045 0.0 0.0 0.0 2 2 2 2 2 2
2002-09-29T18:30:00 2002 9 29 18 30 0 7.4 1.6 304.0 27.3 5.05 2.68 0.0 0.0 2 2 2 2 2 2 2 2 0.7 0.99 12.0 1.6 1.6 1.6 1.6 1.6 1.6 0.0 0.0 0.044 0.0 0.0 0.0 2 2 2 2 2 2
2002-09-29T19:30:00 2002 9 29 19 30 0 7.5 1.5 306.0 30.0 5.62 2.34 0.0 0.0 2 2 2 2 2 2 2 2 0.7 1.03 14.0 1.5 1.5 1.5 1.5 1.5 1.5 0.0 0.0 0.042 0.0 0.0 0.0 2 2 2 2 2 2
2002-09-29T20:30:00 2002 9 29 20 30 0 7.8 0.2 305.0 29.2 5.43 2.86 0.0 0.0 2 2 2 2 2 2 2 2 0.7 0.96 13.0 0.2 0.2 0.2 0.2 0.2 0.2 0.0 0.0 0.041 0.0 0.0 0.0 2 2 2 2 2 2
2002-09-29T21:30:00 2002 9 29 21 30 0 7.6 2.5 302.0 30.5 5.56 2.56 0.0 0.0 2 2 2 2 2 2 2 2 1.7 1.01 11.0 2.5 2.5 2.5 2.5 2.5 2.5 0.0 0.0 0.04 0.0 0.0 0.0 2 2 2 2 2 2
2002-09-29T22:30:00 2002 9 29 22 30 0 6.3 3.1 300.0 27.1 4.4 1.53 0.0 0.0 2 2 2 2 2 2 2 2 1.7 1.07 6.0 3.1 3.1 3.1 3.1 3.1 3.1 0.0 0.0 0.038 0.0 0.0 0.0 2 2 2 2 2 2
2002-09-29T23:30:00 2002 9 29 23 30 0 6.2 3.9 297.0 24.5 3.94 1.04 0.0 0.0 2 2 2 2 2 2 2 2 1.7 1.16 3.0 3.9 3.9 3.9 3.9 3.9 3.9 0.0 0.0 0.037 0.0 0.0 0.0 2 2 2 2 2 2
