2002-11-06T00:30:00 2002 11 6 0 30 0 3.0 0.2 525.0 3.6 1.87 1.78 0.21 0.08 2 2 2 2 2 2 2 2 4.0 3.43 -37.0 0.2 0.2 0.2 0.2 0.2 0.2 0.211 0.186 0.416 0.127 0.187 0.375 2 2 2 2 2 2
2002-11-06T01:30:00 2002 11 6 1 30 0 4.2 0.0 542.0 3.8 2.11 1.4 0.0 0.0 2 2 2 2 2 2 2 2 4.0 3.52 -35.0 0.0 0.0 0.0 0.0 0.0 0.0 0.143 0.093 0.403 0.071 0.059 0.156 2 2 2 2 2 2
2002-11-06T02:30:00 2002 11 6 2 30 0 2.8 0.6 531.0 3.9 2.09 1.16 0.0 0.0 2 2 2 2 2 2 2 2 4.0 3.65 -34.0 0.6 0.6 0.6 0.6 0.6 0.6 0.097 0.046 0.391 0.04 0.019 0.065 2 2 2 2 2 2
2002-11-06T03:30:00 2002 11 6 3 30 0 3.1 3.0 533.0 3.8 2.06 0.43 0.0 0.0 2 2 2 2 2 2 2 2 3.3 3.68 -37.0 3.0 3.0 3.0 3.0 3.0 3.0 0.065 0.023 0.379 0.022 0.006 0.027 2 2 2 2 2 2
2002-11-06T04:30:00 2002 11 6 4 30 0 1.1 -2.6 533.0 4.1 2.2 0.8 1.91 0.78 2 2 2 2 2 2 2 2 3.3 3.71 -40.0 -2.6 -2.6 -2.6 -2.6 -2.6 -2.6 0.145 0.178 0.377 0.131 0.377 0.425 2 2 2 2 2 2
2002-11-06T05:30:00 2002 11 6 5 30 0 5.4 0.5 547.0 4.5 2.52 2.13 2.64 1.11 2 2 2 2 2 2 2 2 3.3 3.66 -45.0 0.5 0.5 0.5 0.5 0.5 0.5 0.172 0.206 0.373 0.138 0.333 0.494 2 2 2 2 2 2
2002-11-06T06:30:00 2002 11 6 6 30 0 3.5 -0.9 544.0 4.7 2.62 2.29 0.89 0.42 2 2 2 2 2 2 2 2 3.3 3.6 -42.0 -0.9 -0.9 -0.9 -0.9 -0.9 -0.9 0.169 0.211 0.365 0.116 0.343 0.573 2 2 2 2 2 2
2002-11-06T07:30:00 2002 11 6 7 30 0 4.2 -1.0 543.0 4.6 2.54 2.41 2.59 1.2 2 2 2 2 2 2 2 2 3.3 3.55 -41.0 -1.0 -1.0 -1.0 -1.0 -1.0 -1.0 0.222 0.296 0.363 0.154 0.501 0.823 2 2 2 2 2 2
2002-11-06T08:30:00 2002 11 6 8 30 0 5.3 -0.2 547.0 4.4 2.44 2.97 1.54 0.7 2 2 2 2 2 2 2 2 3.3 3.47 -44.0 -0.2 -0.2 -0.2 -0.2 -0.2 -0.2 0.207 0.257 0.355 0.122 0.374 0.705 2 2 2 2 2 2
2002-11-06T09:30:00 2002 11 6 9 30 0 4.4 -0.1 551.0 4.3 2.42 2.63 0.4 0.17 2 2 2 2 2 2 2 2 3.3 3.38 -42.0 -0.1 -0.1 -0.1 -0.1 -0.1 -0.1 0.159 0.177 0.345 0.075 0.214 0.482 2 2 2 2 2 2
2002-11-06T10:30:00 2002 11 6 10 30 0 2.3 -0.1 566.0 3.9 2.37 1.31 0.28 0.11 2 2 2 2 2 2 2 2 3.3 3.3 -38.0 -0.1 -0.1 -0.1 -0.1 -0.1 -0.1 0.122 0.127 0.335 0.047 0.149 0.359 2 2 2 2 2 2
2002-11-06T11:30:00 2002 11 6 11 30 0 3.1 0.9 562.0 3.4 2.04 0.69 0.0 0.0 2 2 2 2 2 2 2 2 3.3 3.3 -36.0 0.9 0.9 0.9 0.9 0.9 0.9 0.083 0.063 0.325 0.026 0.047 0.149 2 2 2 2 2 2
2002-11-06T12:30:00 2002 11 6 12 30 0 3.5 -1.7 564.0 3.5 2.11 1.71 1.77 0.62 2 2 2 2 2 2 2 2 3.3 3.3 -34.0 -1.7 -1.7 -1.7 -1.7 -1.7 -1.7 0.141 0.178 0.322 0.097 0.363 0.449 2 2 2 2 2 2
2002-11-06T13:30:00 2002 11 6 13 30 0 4.8 -1.0 573.0 2.9 1.79 3.27 3.75 1.2 2 2 2 2 2 2 2 2 3.3 3.3 -38.0 -1.0 -1.0 -1.0 -1.0 -1.0 -1.0 0.215 0.276 0.324 0.164 0.529 0.626 2 2 2 2 2 2
2002-11-06T14:30:00 2002 11 6 14 30 0 4.0 -1.3 567.0 2.8 1.68 3.26 3.31 0.94 2 2 2 2 2 2 2 2 3.3 3.3 -42.0 -1.3 -1.3 -1.3 -1.3 -1.3 -1.3 0.256 0.315 0.325 0.193 0.569 0.649 2 2 2 2 2 2
2002-11-06T15:30:00 2002 11 6 15 30 0 3.2 -0.8 567.0 2.7 1.62 2.29 2.92 0.8 2 2 2 2 2 2 2 2 3.3 3.3 -42.0 -0.8 -0.8 -0.8 -0.8 -0.8 -0.8 0.265 0.306 0.323 0.183 0.511 0.594 2 2 2 2 2 2
2002-11-06T16:30:00 2002 11 6 16 30 0 4.1 -2.4 589.0 2.7 1.73 3.27 4.84 1.31 2 2 2 2 2 2 2 2 3.3 3.3 -43.0 -2.4 -2.4 -2.4 -2.4 -2.4 -2.4 0.341 0.386 0.332 0.286 0.727 0.738 2 2 2 2 2 2
2002-11-06T17:30:00 2002 11 6 17 30 0 4.7 -0.3 587.0 2.6 1.66 3.62 3.71 0.99 2 2 2 2 2 2 2 2 3.3 3.3 -51.0 -0.3 -0.3 -0.3 -0.3 -0.3 -0.3 0.326 0.336 0.332 0.246 0.551 0.627 2 2 2 2 2 2
2002-11-06T18:30:00 2002 11 6 18 30 0 3.1 -2.2 610.0 3.1 2.21 3.09 4.0 1.17 2 2 2 2 2 2 2 2 4.3 3.43 -50.0 -2.2 -2.2 -2.2 -2.2 -2.2 -2.2 0.368 0.385 0.339 0.299 0.73 0.812 2 2 2 2 2 2
2002-11-06T19:30:00 2002 11 6 19 30 0 1.5 0.0 588.0 3.1 2.07 1.43 3.04 0.94 2 2 2 2 2 2 2 2 4.3 3.56 -51.0 0.0 0.0 0.0 0.0 0.0 0.0 0.325 0.304 0.337 0.235 0.477 0.63 2 2 2 2 2 2
2002-11-06T20:30:00 2002 11 6 20 30 0 3.1 -3.4 598.0 3.4 2.38 2.58 5.48 1.81 2 2 2 2 2 2 2 2 4.3 3.69 -53.0 -3.4 -3.4 -3.4 -3.4 -3.4 -3.4 0.428 0.443 0.355 0.403 0.885 1.007 2 2 2 2 2 2
2002-11-06T21:30:00 2002 11 6 21 30 0 2.1 -2.7 606.0 3.5 2.52 4.46 9.1 3.14 2 2 2 2 2 2 2 2 3.7 3.74 -51.0 -2.7 -2.7 -2.7 -2.7 -2.7 -2.7 0.565 0.577 0.387 0.6 1.157 1.348 2 2 2 2 2 2
2002-11-06T22:30:00 2002 11 6 22 30 0 -2.3 -0.5 589.0 3.2 2.19 1.26 4.52 1.52 2 2 2 2 2 2 2 2 3.7 3.78 -48.0 -0.5 -0.5 -0.5 -0.5 -0.5 -0.5 0.509 0.474 0.39 0.46 0.794 1.067 2 2 2 2 2 2
2002-11-06T23:30:00 2002 11 6 23 30 0 -3.7 -0.6 595.0 3.4 2.37 1.52 1.64 0.54 2 2 2 2 2 2 2 2 3.7 3.83 -40.0 -0.6 -0.6 -0.6 -0.6 -0.6 -0.6 0.408 0.352 0.383 0.301 0.525 0.8 2 2 2 2 2 2
