2002-08-10T00:30:00 2002 8 10 0 30 0 6.8 -1.2 427.0 6.3 2.36 6.11 3.06 1.88 2 2 2 2 2 2 2 2 3.7 3.5 -26.0 -1.2 -1.2 -1.2 -1.2 -1.2 -1.2 0.903 0.757 0.526 0.722 0.663 1.232 2 2 2 2 2 2
2002-08-10T01:30:00 2002 8 10 1 30 0 3.3 0.5 431.0 7.2 2.75 2.36 0.8 0.52 2 2 2 2 2 2 2 2 3.7 3.55 -25.0 0.5 0.5 0.5 0.5 0.5 0.5 0.64 0.435 0.512 0.421 0.283 0.659 2 2 2 2 2 2
2002-08-10T02:30:00 2002 8 10 2 30 0 4.0 -5.9 431.0 6.8 2.54 4.6 6.39 4.42 2 2 2 2 2 2 2 2 3.7 3.55 -26.0 -5.9 -5.9 -5.9 -5.9 -5.9 -5.9 0.763 0.755 0.53 0.712 0.924 1.416 2 2 2 2 2 2
2002-08-10T03:30:00 2002 8 10 3 30 0 3.5 -5.2 442.0 7.0 2.74 9.09 12.06 8.33 2 2 2 2 2 2 2 2 4.7 3.68 -35.0 -5.2 -5.2 -5.2 -5.2 -5.2 -5.2 0.993 1.077 0.574 1.143 1.367 2.056 2 2 2 2 2 2
2002-08-10T04:30:00 2002 8 10 4 30 0 1.4 -0.9 455.0 7.3 3.01 3.32 6.42 4.58 2 2 2 2 2 2 2 2 4.7 3.82 -37.0 -0.9 -0.9 -0.9 -0.9 -0.9 -0.9 0.909 0.923 0.581 0.912 1.011 1.834 2 2 2 2 2 2
2002-08-10T05:30:00 2002 8 10 5 30 0 2.5 0.8 458.0 6.9 2.89 0.4 0.46 0.33 2 2 2 2 2 2 2 2 4.7 3.99 -43.0 0.8 0.8 0.8 0.8 0.8 0.8 0.63 0.492 0.564 0.518 0.363 0.872 2 2 2 2 2 2
2002-08-10T06:30:00 2002 8 10 6 30 0 5.0 2.3 452.0 6.9 2.83 0.78 0.0 0.0 2 2 2 2 2 2 2 2 2.0 3.81 -36.0 2.3 2.3 2.3 2.3 2.3 2.3 0.427 0.244 0.547 0.29 0.115 0.362 2 2 2 2 2 2
2002-08-10T07:30:00 2002 8 10 7 30 0 2.5 2.1 435.0 7.3 2.76 0.58 0.0 0.0 2 2 2 2 2 2 2 2 2.0 3.63 -28.0 2.1 2.1 2.1 2.1 2.1 2.1 0.289 0.121 0.53 0.162 0.036 0.15 2 2 2 2 2 2
2002-08-10T08:30:00 2002 8 10 8 30 0 2.0 0.6 436.0 6.9 2.66 0.22 0.0 0.0 2 2 2 2 2 2 2 2 2.0 3.41 -27.0 0.6 0.6 0.6 0.6 0.6 0.6 0.196 0.06 0.514 0.091 0.012 0.062 2 2 2 2 2 2
2002-08-10T09:30:00 2002 8 10 9 30 0 0.4 1.6 437.0 6.7 2.62 0.06 0.0 0.0 2 2 2 2 2 2 2 2 2.7 3.29 -26.0 1.6 1.6 1.6 1.6 1.6 1.6 0.132 0.03 0.498 0.051 0.004 0.026 2 2 2 2 2 2
2002-08-10T10:30:00 2002 8 10 10 30 0 2.0 0.5 438.0 6.5 2.54 0.09 0.0 0.0 2 2 2 2 2 2 2 2 2.7 3.16 -27.0 0.5 0.5 0.5 0.5 0.5 0.5 0.09 0.015 0.483 0.028 0.001 0.011 2 2 2 2 2 2
2002-08-10T11:30:00 2002 8 10 11 30 0 1.1 -2.5 438.0 6.2 2.47 0.81 2.51 1.57 2 2 2 2 2 2 2 2 2.7 2.92 -25.0 -2.5 -2.5 -2.5 -2.5 -2.5 -2.5 0.204 0.283 0.478 0.161 0.435 0.641 2 2 2 2 2 2
2002-08-10T12:30:00 2002 8 10 12 30 0 0.9 2.8 436.0 7.6 2.95 0.28 1.07 0.69 2 2 2 2 2 2 2 2 3.3 2.76 -28.0 2.8 2.8 2.8 2.8 2.8 2.8 0.164 0.187 0.466 0.11 0.194 0.371 2 2 2 2 2 2
2002-08-10T13:30:00 2002 8 10 13 30 0 -0.6 1.5 431.0 6.9 2.65 0.0 0.0 0.0 2 2 2 2 2 2 2 2 3.3 2.6 -25.0 1.5 1.5 1.5 1.5 1.5 1.5 0.111 0.093 0.451 0.062 0.061 0.154 2 2 2 2 2 2
2002-08-10T14:30:00 2002 8 10 14 30 0 3.9 1.6 431.0 6.0 2.29 0.22 0.0 0.0 2 2 2 2 2 2 2 2 3.3 2.77 -21.0 1.6 1.6 1.6 1.6 1.6 1.6 0.075 0.046 0.438 0.035 0.019 0.064 2 2 2 2 2 2
2002-08-10T15:30:00 2002 8 10 15 30 0 2.5 -2.5 425.0 5.5 2.04 1.34 1.85 1.04 2 2 2 2 2 2 2 2 2.0 2.75 -20.0 -2.5 -2.5 -2.5 -2.5 -2.5 -2.5 0.161 0.24 0.432 0.131 0.347 0.458 2 2 2 2 2 2
2002-08-10T16:30:00 2002 8 10 16 30 0 4.0 -1.5 430.0 5.3 2.0 2.39 4.19 2.26 2 2 2 2 2 2 2 2 2.0 2.74 -23.0 -1.5 -1.5 -1.5 -1.5 -1.5 -1.5 0.274 0.418 0.431 0.234 0.543 0.745 2 2 2 2 2 2
2002-08-10T17:30:00 2002 8 10 17 30 0 3.3 1.3 425.0 5.0 1.86 1.22 0.73 0.38 2 2 2 2 2 2 2 2 2.0 2.65 -21.0 1.3 1.3 1.3 1.3 1.3 1.3 0.206 0.249 0.419 0.143 0.222 0.395 2 2 2 2 2 2
2002-08-10T18:30:00 2002 8 10 18 30 0 3.0 0.2 418.0 4.7 1.7 0.62 0.0 0.0 2 2 2 2 2 2 2 2 1.7 2.52 -16.0 0.2 0.2 0.2 0.2 0.2 0.2 0.139 0.124 0.406 0.08 0.07 0.164 2 2 2 2 2 2
2002-08-10T19:30:00 2002 8 10 19 30 0 2.3 -1.8 419.0 4.4 1.55 1.05 1.86 0.83 2 2 2 2 2 2 2 2 1.7 2.39 -7.0 -1.8 -1.8 -1.8 -1.8 -1.8 -1.8 0.19 0.257 0.399 0.126 0.313 0.39 2 2 2 2 2 2
2002-08-10T20:30:00 2002 8 10 20 30 0 2.7 -1.8 411.0 3.9 1.29 1.62 3.73 1.54 2 2 2 2 2 2 2 2 1.7 2.2 -7.0 -1.8 -1.8 -1.8 -1.8 -1.8 -1.8 0.27 0.387 0.397 0.204 0.466 0.518 2 2 2 2 2 2
2002-08-10T21:30:00 2002 8 10 21 30 0 4.6 1.5 420.0 4.4 1.48 1.24 0.86 0.35 2 2 2 2 2 2 2 2 2.7 2.13 -8.0 1.5 1.5 1.5 1.5 1.5 1.5 0.204 0.236 0.386 0.127 0.198 0.281 2 2 2 2 2 2
2002-08-10T22:30:00 2002 8 10 22 30 0 3.7 0.1 417.0 4.9 1.63 1.1 0.0 0.0 2 2 2 2 2 2 2 2 2.7 2.07 -7.0 0.1 0.1 0.1 0.1 0.1 0.1 0.138 0.117 0.374 0.071 0.063 0.116 2 2 2 2 2 2
2002-08-10T23:30:00 2002 8 10 23 30 0 2.3 -0.4 407.0 4.8 1.51 0.81 0.36 0.17 2 2 2 2 2 2 2 2 2.7 2.16 -14.0 -0.4 -0.4 -0.4 -0.4 -0.4 -0.4 0.118 0.127 0.364 0.051 0.116 0.191 2 2 2 2 2 2
