2002-08-25T00:30:00 2002 8 25 0 30 0 -4.2 0.6 340.0 5.7 1.15 1.36 0.6 0.31 2 2 2 2 2 2 2 2 1.7 0.87 -17.0 0.6 0.6 0.6 0.6 0.6 0.6 0.184 0.256 0.146 0.103 0.155 0.218 2 2 2 2 2 2
2002-08-25T01:30:00 2002 8 25 1 30 0 -3.4 2.8 348.0 6.6 1.6 0.55 0.0 0.0 2 2 2 2 2 2 2 2 1.7 0.96 -15.0 2.8 2.8 2.8 2.8 2.8 2.8 0.124 0.127 0.142 0.058 0.049 0.09 2 2 2 2 2 2
2002-08-25T02:30:00 2002 8 25 2 30 0 -4.0 1.3 342.0 6.9 1.61 0.49 0.0 0.0 2 2 2 2 2 2 2 2 1.7 1.09 -10.0 1.3 1.3 1.3 1.3 1.3 1.3 0.084 0.063 0.138 0.032 0.016 0.037 2 2 2 2 2 2
2002-08-25T03:30:00 2002 8 25 3 30 0 -4.1 0.3 329.0 6.3 1.23 0.85 0.0 0.0 2 2 2 2 2 2 2 2 1.0 1.12 -8.0 0.3 0.3 0.3 0.3 0.3 0.3 0.057 0.031 0.133 0.018 0.005 0.016 2 2 2 2 2 2
2002-08-25T04:30:00 2002 8 25 4 30 0 -4.1 1.6 342.0 8.0 1.87 0.8 0.0 0.0 2 2 2 2 2 2 2 2 1.0 1.16 -7.0 1.6 1.6 1.6 1.6 1.6 1.6 0.039 0.016 0.129 0.01 0.002 0.006 2 2 2 2 2 2
2002-08-25T05:30:00 2002 8 25 5 30 0 -5.7 -0.2 342.0 6.9 1.61 1.43 0.04 0.02 2 2 2 2 2 2 2 2 1.0 1.19 -7.0 -0.2 -0.2 -0.2 -0.2 -0.2 -0.2 0.032 0.031 0.125 0.008 0.028 0.05 2 2 2 2 2 2
2002-08-25T06:30:00 2002 8 25 6 30 0 -5.1 -0.2 330.0 8.3 1.64 2.0 0.34 0.26 2 2 2 2 2 2 2 2 1.7 1.31 -8.0 -0.2 -0.2 -0.2 -0.2 -0.2 -0.2 0.045 0.093 0.122 0.012 0.084 0.177 2 2 2 2 2 2
2002-08-25T07:30:00 2002 8 25 7 30 0 -3.6 2.0 315.0 10.3 1.88 0.91 0.0 0.0 2 2 2 2 2 2 2 2 1.7 1.44 -8.0 2.0 2.0 2.0 2.0 2.0 2.0 0.03 0.046 0.118 0.007 0.027 0.073 2 2 2 2 2 2
2002-08-25T08:30:00 2002 8 25 8 30 0 -4.7 -0.2 327.0 12.0 2.37 0.91 0.03 0.04 2 2 2 2 2 2 2 2 1.7 1.44 -4.0 -0.2 -0.2 -0.2 -0.2 -0.2 -0.2 0.028 0.053 0.115 0.007 0.04 0.117 2 2 2 2 2 2
2002-08-25T09:30:00 2002 8 25 9 30 0 -5.1 -0.5 331.0 9.9 2.19 1.75 0.6 0.64 2 2 2 2 2 2 2 2 1.3 1.39 -3.0 -0.5 -0.5 -0.5 -0.5 -0.5 -0.5 0.065 0.167 0.112 0.025 0.149 0.367 2 2 2 2 2 2
2002-08-25T10:30:00 2002 8 25 10 30 0 -5.1 0.9 336.0 10.9 2.46 1.59 0.12 0.12 2 2 2 2 2 2 2 2 1.3 1.34 0.0 0.9 0.9 0.9 0.9 0.9 0.9 0.048 0.097 0.109 0.015 0.058 0.185 2 2 2 2 2 2
2002-08-25T11:30:00 2002 8 25 11 30 0 -4.6 -1.3 331.0 10.6 2.32 1.71 0.73 0.78 2 2 2 2 2 2 2 2 1.3 1.38 -2.0 -1.3 -1.3 -1.3 -1.3 -1.3 -1.3 0.097 0.225 0.108 0.054 0.205 0.457 2 2 2 2 2 2
2002-08-25T12:30:00 2002 8 25 12 30 0 -3.7 2.0 322.0 9.8 2.03 1.02 0.34 0.35 2 2 2 2 2 2 2 2 1.0 1.37 -8.0 2.0 2.0 2.0 2.0 2.0 2.0 0.077 0.142 0.105 0.036 0.088 0.249 2 2 2 2 2 2
2002-08-25T13:30:00 2002 8 25 13 30 0 -4.7 -0.6 318.0 10.4 2.1 1.0 0.15 0.16 2 2 2 2 2 2 2 2 1.0 1.37 -9.0 -0.6 -0.6 -0.6 -0.6 -0.6 -0.6 0.07 0.129 0.102 0.03 0.089 0.224 2 2 2 2 2 2
2002-08-25T14:30:00 2002 8 25 14 30 0 -4.7 -1.1 313.0 10.1 1.98 1.83 1.37 1.4 2 2 2 2 2 2 2 2 1.0 1.28 -10.0 -1.1 -1.1 -1.1 -1.1 -1.1 -1.1 0.139 0.307 0.102 0.077 0.251 0.522 2 2 2 2 2 2
2002-08-25T15:30:00 2002 8 25 15 30 0 -3.8 -0.7 302.0 10.4 1.9 1.51 1.36 1.39 2 2 2 2 2 2 2 2 0.7 1.15 -10.0 -0.7 -0.7 -0.7 -0.7 -0.7 -0.7 0.176 0.376 0.102 0.093 0.271 0.594 2 2 2 2 2 2
2002-08-25T16:30:00 2002 8 25 16 30 0 -3.9 0.5 301.0 10.1 1.83 0.93 0.26 0.27 2 2 2 2 2 2 2 2 0.7 1.03 -7.0 0.5 0.5 0.5 0.5 0.5 0.5 0.131 0.225 0.099 0.057 0.113 0.316 2 2 2 2 2 2
2002-08-25T17:30:00 2002 8 25 17 30 0 -3.4 -0.3 297.0 9.2 1.62 0.78 0.1 0.1 2 2 2 2 2 2 2 2 0.7 0.96 -5.0 -0.3 -0.3 -0.3 -0.3 -0.3 -0.3 0.101 0.16 0.096 0.036 0.079 0.22 2 2 2 2 2 2
2002-08-25T18:30:00 2002 8 25 18 30 0 -3.6 -0.8 305.0 7.9 1.47 0.97 0.86 0.72 2 2 2 2 2 2 2 2 0.7 0.88 -8.0 -0.8 -0.8 -0.8 -0.8 -0.8 -0.8 0.126 0.248 0.095 0.052 0.173 0.335 2 2 2 2 2 2
2002-08-25T19:30:00 2002 8 25 19 30 0 -2.5 -0.1 305.0 9.5 1.77 0.72 0.64 0.55 2 2 2 2 2 2 2 2 0.7 0.81 -10.0 -0.1 -0.1 -0.1 -0.1 -0.1 -0.1 0.12 0.23 0.093 0.044 0.141 0.316 2 2 2 2 2 2
2002-08-25T20:30:00 2002 8 25 20 30 0 -4.4 0.1 307.0 10.4 1.96 0.79 0.03 0.03 2 2 2 2 2 2 2 2 0.7 0.77 -11.0 0.1 0.1 0.1 0.1 0.1 0.1 0.083 0.12 0.09 0.025 0.049 0.145 2 2 2 2 2 2
2002-08-25T21:30:00 2002 8 25 21 30 0 -4.0 -1.1 305.0 8.0 1.49 1.32 0.84 0.73 2 2 2 2 2 2 2 2 2.3 0.95 -12.0 -1.1 -1.1 -1.1 -1.1 -1.1 -1.1 0.119 0.241 0.089 0.052 0.179 0.331 2 2 2 2 2 2
2002-08-25T22:30:00 2002 8 25 22 30 0 -4.3 -3.2 321.0 8.9 1.83 2.53 3.52 3.02 2 2 2 2 2 2 2 2 2.3 1.12 -9.0 -3.2 -3.2 -3.2 -3.2 -3.2 -3.2 0.282 0.556 0.097 0.233 0.477 0.735 2 2 2 2 2 2
2002-08-25T23:30:00 2002 8 25 23 30 0 -5.3 -4.6 332.0 9.7 2.14 5.14 6.48 6.06 2 2 2 2 2 2 2 2 2.3 1.32 -10.0 -4.6 -4.6 -4.6 -4.6 -4.6 -4.6 0.526 0.918 0.118 0.548 0.798 1.261 2 2 2 2 2 2
