2002-03-26T00:30:00 2002 3 26 0 30 0 2.6 6.9 415.0 12.9 3.93 0.13 0.0 0.0 2 2 2 2 2 2 2 2 2.3 1.78 -13.0 6.9 6.9 6.9 6.9 6.9 6.9 0.0 0.0 0.665 0.0 0.0 0.0 2 2 2 2 2 2
2002-03-26T01:30:00 2002 3 26 1 30 0 -5.2 7.8 433.0 13.7 4.53 0.11 0.0 0.0 2 2 2 2 2 2 2 2 2.3 1.7 -7.0 7.8 7.8 7.8 7.8 7.8 7.8 0.0 0.0 0.645 0.0 0.0 0.0 2 2 2 2 2 2
2002-03-26T02:30:00 2002 3 26 2 30 0 -3.8 5.2 420.0 12.1 3.69 0.36 0.0 0.0 2 2 2 2 2 2 2 2 2.3 1.74 -7.0 5.2 5.2 5.2 5.2 5.2 5.2 0.0 0.0 0.625 0.0 0.0 0.0 2 2 2 2 2 2
2002-03-26T03:30:00 2002 3 26 3 30 0 10.0 5.4 438.0 5.3 2.03 0.92 0.0 0.0 2 2 2 2 2 2 2 2 2.3 1.79 -16.0 5.4 5.4 5.4 5.4 5.4 5.4 0.0 0.0 0.606 0.0 0.0 0.0 2 2 2 2 2 2
2002-03-26T04:30:00 2002 3 26 4 30 0 10.5 6.3 451.0 4.0 1.63 3.79 0.0 0.0 2 2 2 2 2 2 2 2 2.3 1.83 -19.0 6.3 6.3 6.3 6.3 6.3 6.3 0.0 0.0 0.587 0.0 0.0 0.0 2 2 2 2 2 2
2002-03-26T05:30:00 2002 3 26 5 30 0 8.9 8.2 448.0 4.4 1.77 2.8 0.0 0.0 2 2 2 2 2 2 2 2 2.3 1.99 -20.0 8.2 8.2 8.2 8.2 8.2 8.2 0.0 0.0 0.569 0.0 0.0 0.0 2 2 2 2 2 2
2002-03-26T06:30:00 2002 3 26 6 30 0 8.7 5.1 457.0 5.3 2.21 2.44 0.0 0.0 2 2 2 2 2 2 2 2 2.7 2.2 -18.0 5.1 5.1 5.1 5.1 5.1 5.1 0.0 0.0 0.552 0.0 0.0 0.0 2 2 2 2 2 2
2002-03-26T07:30:00 2002 3 26 7 30 0 7.1 3.6 472.0 5.6 2.5 2.51 0.0 0.0 2 2 2 2 2 2 2 2 2.7 2.4 -19.0 3.6 3.6 3.6 3.6 3.6 3.6 0.0 0.0 0.535 0.0 0.0 0.0 2 2 2 2 2 2
2002-03-26T08:30:00 2002 3 26 8 30 0 7.8 -1.1 473.0 4.9 2.19 4.2 0.42 0.21 2 2 2 2 2 2 2 2 2.7 2.46 -22.0 -1.1 -1.1 -1.1 -1.1 -1.1 -1.1 0.032 0.066 0.521 0.028 0.128 0.163 2 2 2 2 2 2
2002-03-26T09:30:00 2002 3 26 9 30 0 3.5 -0.5 474.0 5.0 2.25 3.55 1.83 0.91 2 2 2 2 2 2 2 2 3.3 2.58 -32.0 -0.5 -0.5 -0.5 -0.5 -0.5 -0.5 0.097 0.186 0.509 0.067 0.29 0.448 2 2 2 2 2 2
2002-03-26T10:30:00 2002 3 26 10 30 0 4.1 -0.9 505.0 3.8 1.72 1.94 1.76 0.76 2 2 2 2 2 2 2 2 3.3 2.71 -31.0 -0.9 -0.9 -0.9 -0.9 -0.9 -0.9 0.143 0.245 0.499 0.094 0.371 0.547 2 2 2 2 2 2
2002-03-26T11:30:00 2002 3 26 11 30 0 1.4 -1.8 565.0 2.6 1.51 1.79 3.75 1.15 2 2 2 2 2 2 2 2 3.3 2.84 -31.0 -1.8 -1.8 -1.8 -1.8 -1.8 -1.8 0.229 0.33 0.496 0.183 0.569 0.646 2 2 2 2 2 2
2002-03-26T12:30:00 2002 3 26 12 30 0 3.7 1.1 568.0 2.2 1.28 1.02 1.37 0.34 2 2 2 2 2 2 2 2 3.0 2.92 -34.0 1.1 1.1 1.1 1.1 1.1 1.1 0.184 0.209 0.484 0.124 0.266 0.357 2 2 2 2 2 2
2002-03-26T13:30:00 2002 3 26 13 30 0 3.4 1.0 563.0 2.2 1.25 0.94 0.0 0.0 2 2 2 2 2 2 2 2 3.0 3.0 -31.0 1.0 1.0 1.0 1.0 1.0 1.0 0.125 0.104 0.469 0.069 0.084 0.148 2 2 2 2 2 2
2002-03-26T14:30:00 2002 3 26 14 30 0 3.2 1.7 553.0 1.7 0.94 0.7 0.0 0.0 2 2 2 2 2 2 2 2 3.0 3.04 -32.0 1.7 1.7 1.7 1.7 1.7 1.7 0.084 0.052 0.454 0.039 0.027 0.061 2 2 2 2 2 2
2002-03-26T15:30:00 2002 3 26 15 30 0 2.6 1.4 535.0 1.8 0.94 0.46 0.0 0.0 2 2 2 2 2 2 2 2 1.7 2.9 -35.0 1.4 1.4 1.4 1.4 1.4 1.4 0.057 0.026 0.441 0.022 0.008 0.025 2 2 2 2 2 2
2002-03-26T16:30:00 2002 3 26 16 30 0 2.0 2.2 532.0 2.1 1.12 0.22 0.0 0.0 2 2 2 2 2 2 2 2 1.7 2.77 -34.0 2.2 2.2 2.2 2.2 2.2 2.2 0.039 0.013 0.427 0.012 0.003 0.011 2 2 2 2 2 2
2002-03-26T17:30:00 2002 3 26 17 30 0 0.9 1.5 519.0 2.2 1.13 0.06 0.0 0.0 2 2 2 2 2 2 2 2 1.7 2.57 -30.0 1.5 1.5 1.5 1.5 1.5 1.5 0.026 0.006 0.414 0.007 0.001 0.004 2 2 2 2 2 2
2002-03-26T18:30:00 2002 3 26 18 30 0 2.5 -1.8 514.0 2.6 1.28 0.67 1.46 0.37 2 2 2 2 2 2 2 2 2.0 2.41 -29.0 -1.8 -1.8 -1.8 -1.8 -1.8 -1.8 0.083 0.121 0.407 0.067 0.251 0.197 2 2 2 2 2 2
2002-03-26T19:30:00 2002 3 26 19 30 0 2.1 -1.4 507.0 2.5 1.19 1.61 4.04 1.03 2 2 2 2 2 2 2 2 2.0 2.25 -32.0 -1.4 -1.4 -1.4 -1.4 -1.4 -1.4 0.178 0.254 0.405 0.153 0.454 0.374 2 2 2 2 2 2
2002-03-26T20:30:00 2002 3 26 20 30 0 1.6 -0.4 501.0 2.3 1.08 0.76 2.16 0.52 2 2 2 2 2 2 2 2 2.0 2.13 -36.0 -0.4 -0.4 -0.4 -0.4 -0.4 -0.4 0.182 0.238 0.397 0.129 0.348 0.326 2 2 2 2 2 2
2002-03-26T21:30:00 2002 3 26 21 30 0 2.2 -0.5 513.0 2.2 1.1 0.57 1.15 0.26 2 2 2 2 2 2 2 2 3.0 2.14 -34.0 -0.5 -0.5 -0.5 -0.5 -0.5 -0.5 0.164 0.201 0.387 0.096 0.269 0.268 2 2 2 2 2 2
2002-03-26T22:30:00 2002 3 26 22 30 0 0.6 1.5 496.0 2.1 0.98 0.18 0.11 0.02 2 2 2 2 2 2 2 2 3.0 2.15 -29.0 1.5 1.5 1.5 1.5 1.5 1.5 0.111 0.1 0.375 0.054 0.085 0.111 2 2 2 2 2 2
2002-03-26T23:30:00 2002 3 26 23 30 0 1.7 1.6 492.0 2.2 1.02 0.04 0.0 0.0 2 2 2 2 2 2 2 2 3.0 2.32 -25.0 1.6 1.6 1.6 1.6 1.6 1.6 0.075 0.05 0.364 0.03 0.027 0.046 2 2 2 2 2 2
