2002-09-27T00:30:00 2002 9 27 0 30 0 -2.1 -6.3 308.0 6.2 1.07 6.86 9.56 5.62 2 2 2 2 2 2 2 2 3.0 2.21 -32.0 -6.3 -6.3 -6.3 -6.3 -6.3 -6.3 1.112 1.367 0.218 1.192 0.942 1.072 2 2 2 2 2 2
2002-09-27T01:30:00 2002 9 27 1 30 0 -6.7 -3.0 306.0 5.5 1.03 5.58 6.93 4.06 2 2 2 2 2 2 2 2 3.0 2.42 -29.0 -3.0 -3.0 -3.0 -3.0 -3.0 -3.0 1.016 1.174 0.229 0.976 0.747 0.858 2 2 2 2 2 2
2002-09-27T02:30:00 2002 9 27 2 30 0 -7.4 0.1 302.0 5.7 1.04 3.86 2.02 1.13 2 2 2 2 2 2 2 2 3.0 2.58 -23.0 0.1 0.1 0.1 0.1 0.1 0.1 0.758 0.739 0.225 0.599 0.363 0.498 2 2 2 2 2 2
2002-09-27T03:30:00 2002 9 27 3 30 0 -7.4 2.0 305.0 5.8 1.08 2.49 0.0 0.0 2 2 2 2 2 2 2 2 1.3 2.51 -19.0 2.0 2.0 2.0 2.0 2.0 2.0 0.513 0.367 0.219 0.336 0.115 0.206 2 2 2 2 2 2
2002-09-27T04:30:00 2002 9 27 4 30 0 -7.0 1.4 306.0 5.6 0.97 2.11 0.0 0.0 2 2 2 2 2 2 2 2 1.3 2.45 -21.0 1.4 1.4 1.4 1.4 1.4 1.4 0.348 0.182 0.212 0.188 0.036 0.086 2 2 2 2 2 2
2002-09-27T05:30:00 2002 9 27 5 30 0 -7.4 0.7 306.0 6.4 1.09 2.43 0.0 0.0 2 2 2 2 2 2 2 2 1.3 2.27 -21.0 0.7 0.7 0.7 0.7 0.7 0.7 0.235 0.091 0.205 0.105 0.012 0.036 2 2 2 2 2 2
2002-09-27T06:30:00 2002 9 27 6 30 0 -7.7 1.5 306.0 6.1 1.04 2.61 0.0 0.0 2 2 2 2 2 2 2 2 0.3 1.96 -21.0 1.5 1.5 1.5 1.5 1.5 1.5 0.159 0.045 0.199 0.059 0.004 0.015 2 2 2 2 2 2
2002-09-27T07:30:00 2002 9 27 7 30 0 -8.0 0.4 296.0 5.8 1.02 2.9 0.0 0.0 2 2 2 2 2 2 2 2 0.3 1.65 -19.0 0.4 0.4 0.4 0.4 0.4 0.4 0.108 0.022 0.193 0.033 0.001 0.006 2 2 2 2 2 2
2002-09-27T08:30:00 2002 9 27 8 30 0 -8.3 -0.6 297.0 6.0 1.06 3.73 0.31 0.18 2 2 2 2 2 2 2 2 0.3 1.32 -15.0 -0.6 -0.6 -0.6 -0.6 -0.6 -0.6 0.097 0.091 0.188 0.03 0.073 0.095 2 2 2 2 2 2
2002-09-27T09:30:00 2002 9 27 9 30 0 -6.3 -4.1 307.0 6.4 1.21 5.09 3.79 2.37 2 2 2 2 2 2 2 2 1.3 1.12 -11.0 -4.1 -4.1 -4.1 -4.1 -4.1 -4.1 0.263 0.461 0.192 0.228 0.412 0.43 2 2 2 2 2 2
2002-09-27T10:30:00 2002 9 27 10 30 0 -6.6 -4.3 311.0 5.9 1.14 6.55 6.51 3.99 2 2 2 2 2 2 2 2 1.3 0.92 -14.0 -4.3 -4.3 -4.3 -4.3 -4.3 -4.3 0.453 0.754 0.205 0.458 0.623 0.648 2 2 2 2 2 2
2002-09-27T11:30:00 2002 9 27 11 30 0 -8.6 -1.6 317.0 6.1 1.07 6.09 4.45 2.67 2 2 2 2 2 2 2 2 1.3 0.93 -20.0 -1.6 -1.6 -1.6 -1.6 -1.6 -1.6 0.484 0.736 0.209 0.429 0.532 0.627 2 2 2 2 2 2
2002-09-27T12:30:00 2002 9 27 12 30 0 -8.8 -1.0 316.0 5.7 1.14 5.44 2.02 1.19 2 2 2 2 2 2 2 2 1.7 0.99 -20.0 -1.0 -1.0 -1.0 -1.0 -1.0 -1.0 0.42 0.587 0.206 0.306 0.375 0.499 2 2 2 2 2 2
2002-09-27T13:30:00 2002 9 27 13 30 0 -8.6 0.8 319.0 7.4 1.51 4.4 0.38 0.23 2 2 2 2 2 2 2 2 1.7 1.04 -18.0 0.8 0.8 0.8 0.8 0.8 0.8 0.297 0.327 0.2 0.177 0.146 0.253 2 2 2 2 2 2
2002-09-27T14:30:00 2002 9 27 14 30 0 -8.6 3.1 325.0 10.1 2.13 3.09 0.0 0.0 2 2 2 2 2 2 2 2 1.7 1.22 -16.0 3.1 3.1 3.1 3.1 3.1 3.1 0.201 0.162 0.194 0.099 0.046 0.105 2 2 2 2 2 2
2002-09-27T15:30:00 2002 9 27 15 30 0 -6.9 5.3 327.0 13.6 2.91 1.72 0.0 0.0 2 2 2 2 2 2 2 2 1.7 1.39 -11.0 5.3 5.3 5.3 5.3 5.3 5.3 0.136 0.081 0.188 0.055 0.015 0.044 2 2 2 2 2 2
2002-09-27T16:30:00 2002 9 27 16 30 0 -8.5 1.6 323.0 12.1 2.52 2.09 0.0 0.0 2 2 2 2 2 2 2 2 1.7 1.56 -12.0 1.6 1.6 1.6 1.6 1.6 1.6 0.092 0.04 0.182 0.031 0.005 0.018 2 2 2 2 2 2
2002-09-27T17:30:00 2002 9 27 17 30 0 -7.7 3.0 321.0 13.3 2.74 2.55 0.0 0.0 2 2 2 2 2 2 2 2 1.7 1.6 -6.0 3.0 3.0 3.0 3.0 3.0 3.0 0.062 0.02 0.177 0.017 0.001 0.007 2 2 2 2 2 2
2002-09-27T18:30:00 2002 9 27 18 30 0 -7.9 2.2 322.0 14.0 2.9 2.27 0.0 0.0 2 2 2 2 2 2 2 2 0.7 1.52 -2.0 2.2 2.2 2.2 2.2 2.2 2.2 0.042 0.01 0.171 0.01 0.0 0.003 2 2 2 2 2 2
2002-09-27T19:30:00 2002 9 27 19 30 0 -8.7 0.1 321.0 13.1 2.7 3.42 0.0 0.0 2 2 2 2 2 2 2 2 0.7 1.44 2.0 0.1 0.1 0.1 0.1 0.1 0.1 0.029 0.005 0.166 0.005 0.0 0.001 2 2 2 2 2 2
2002-09-27T20:30:00 2002 9 27 20 30 0 -8.9 -0.9 320.0 12.8 2.62 4.86 0.71 0.91 2 2 2 2 2 2 2 2 0.7 1.31 0.0 -0.9 -0.9 -0.9 -0.9 -0.9 -0.9 0.083 0.193 0.163 0.04 0.181 0.459 2 2 2 2 2 2
2002-09-27T21:30:00 2002 9 27 21 30 0 -8.6 -1.1 316.0 13.4 2.68 5.24 1.6 2.1 2 2 2 2 2 2 2 2 1.7 1.32 -2.0 -1.1 -1.1 -1.1 -1.1 -1.1 -1.1 0.168 0.39 0.162 0.099 0.325 0.836 2 2 2 2 2 2
2002-09-27T22:30:00 2002 9 27 22 30 0 -9.2 0.6 317.0 11.9 2.39 4.71 0.49 0.64 2 2 2 2 2 2 2 2 1.7 1.32 -6.0 0.6 0.6 0.6 0.6 0.6 0.6 0.137 0.26 0.158 0.067 0.153 0.496 2 2 2 2 2 2
2002-09-27T23:30:00 2002 9 27 23 30 0 -9.1 -0.8 319.0 9.3 1.89 4.92 0.42 0.41 2 2 2 2 2 2 2 2 1.7 1.33 -8.0 -0.8 -0.8 -0.8 -0.8 -0.8 -0.8 0.131 0.248 0.154 0.059 0.167 0.437 2 2 2 2 2 2
