2002-07-13T00:30:00 2002 7 13 0 30 0 0.8 1.1 501.0 3.5 1.7 0.36 0.0 0.0 2 2 2 2 2 2 2 2 2.0 2.61 -20.0 1.1 1.1 1.1 1.1 1.1 1.1 0.021 0.002 0.337 0.003 0.0 0.003 2 2 2 2 2 2
2002-07-13T01:30:00 2002 7 13 1 30 0 1.6 -0.3 491.0 3.6 1.65 0.14 0.11 0.04 2 2 2 2 2 2 2 2 2.0 2.36 -15.0 -0.3 -0.3 -0.3 -0.3 -0.3 -0.3 0.023 0.025 0.327 0.006 0.049 0.061 2 2 2 2 2 2
2002-07-13T02:30:00 2002 7 13 2 30 0 0.3 0.9 475.0 3.5 1.51 0.09 0.06 0.02 2 2 2 2 2 2 2 2 2.0 2.24 -18.0 0.9 0.9 0.9 0.9 0.9 0.9 0.016 0.013 0.317 0.004 0.016 0.025 2 2 2 2 2 2
2002-07-13T03:30:00 2002 7 13 3 30 0 3.5 -0.2 480.0 3.6 1.58 0.46 0.06 0.02 2 2 2 2 2 2 2 2 2.0 2.12 -18.0 -0.2 -0.2 -0.2 -0.2 -0.2 -0.2 0.017 0.025 0.308 0.005 0.041 0.057 2 2 2 2 2 2
2002-07-13T04:30:00 2002 7 13 4 30 0 0.0 0.6 469.0 3.9 1.66 0.34 0.04 0.01 2 2 2 2 2 2 2 2 2.0 2.0 -15.0 0.6 0.6 0.6 0.6 0.6 0.6 0.012 0.012 0.298 0.003 0.013 0.023 2 2 2 2 2 2
2002-07-13T05:30:00 2002 7 13 5 30 0 0.2 0.0 464.0 4.1 1.72 0.0 0.0 0.0 2 2 2 2 2 2 2 2 2.0 2.0 -12.0 0.0 0.0 0.0 0.0 0.0 0.0 0.008 0.006 0.289 0.001 0.004 0.01 2 2 2 2 2 2
2002-07-13T06:30:00 2002 7 13 6 30 0 0.0 1.7 457.0 4.0 1.63 0.0 0.0 0.0 2 2 2 2 2 2 2 2 1.3 1.91 -9.0 1.7 1.7 1.7 1.7 1.7 1.7 0.005 0.003 0.28 0.001 0.001 0.004 2 2 2 2 2 2
2002-07-13T07:30:00 2002 7 13 7 30 0 -0.6 0.7 454.0 4.4 1.74 0.0 0.0 0.0 2 2 2 2 2 2 2 2 1.3 1.82 -8.0 0.7 0.7 0.7 0.7 0.7 0.7 0.004 0.002 0.272 0.0 0.0 0.002 2 2 2 2 2 2
2002-07-13T08:30:00 2002 7 13 8 30 0 -1.3 0.6 449.0 5.0 1.89 0.04 0.0 0.0 2 2 2 2 2 2 2 2 1.3 1.73 -7.0 0.6 0.6 0.6 0.6 0.6 0.6 0.002 0.001 0.264 0.0 0.0 0.001 2 2 2 2 2 2
2002-07-13T09:30:00 2002 7 13 9 30 0 -0.3 1.4 438.0 4.8 1.85 0.02 0.0 0.0 2 2 2 2 2 2 2 2 1.3 1.64 -7.0 1.4 1.4 1.4 1.4 1.4 1.4 0.002 0.0 0.255 0.0 0.0 0.0 2 2 2 2 2 2
2002-07-13T10:30:00 2002 7 13 10 30 0 1.6 -1.2 442.0 4.4 1.66 0.19 0.73 0.32 2 2 2 2 2 2 2 2 1.3 1.55 -7.0 -1.2 -1.2 -1.2 -1.2 -1.2 -1.2 0.047 0.1 0.25 0.036 0.168 0.195 2 2 2 2 2 2
2002-07-13T11:30:00 2002 7 13 11 30 0 2.4 -0.1 445.0 4.7 1.77 0.62 1.34 0.6 2 2 2 2 2 2 2 2 1.3 1.47 -9.0 -0.1 -0.1 -0.1 -0.1 -0.1 -0.1 0.08 0.153 0.245 0.049 0.201 0.298 2 2 2 2 2 2
2002-07-13T12:30:00 2002 7 13 12 30 0 1.1 -1.3 443.0 5.2 1.94 0.56 1.66 0.84 2 2 2 2 2 2 2 2 1.7 1.44 -11.0 -1.3 -1.3 -1.3 -1.3 -1.3 -1.3 0.141 0.258 0.242 0.095 0.351 0.513 2 2 2 2 2 2
2002-07-13T13:30:00 2002 7 13 13 30 0 3.5 -1.9 441.0 4.5 1.67 1.55 3.59 1.72 2 2 2 2 2 2 2 2 1.7 1.4 -14.0 -1.9 -1.9 -1.9 -1.9 -1.9 -1.9 0.245 0.399 0.246 0.196 0.532 0.704 2 2 2 2 2 2
2002-07-13T14:30:00 2002 7 13 14 30 0 3.0 -1.1 433.0 3.9 1.43 1.89 3.2 1.35 2 2 2 2 2 2 2 2 1.7 1.46 -16.0 -1.1 -1.1 -1.1 -1.1 -1.1 -1.1 0.283 0.415 0.247 0.21 0.492 0.642 2 2 2 2 2 2
2002-07-13T15:30:00 2002 7 13 15 30 0 3.6 0.3 432.0 3.8 1.4 1.16 0.84 0.32 2 2 2 2 2 2 2 2 1.7 1.51 -13.0 0.3 0.3 0.3 0.3 0.3 0.3 0.217 0.26 0.24 0.132 0.226 0.358 2 2 2 2 2 2
2002-07-13T16:30:00 2002 7 13 16 30 0 3.1 -0.9 433.0 3.3 1.22 1.16 0.81 0.28 2 2 2 2 2 2 2 2 1.7 1.56 -10.0 -0.9 -0.9 -0.9 -0.9 -0.9 -0.9 0.189 0.224 0.235 0.101 0.224 0.296 2 2 2 2 2 2
2002-07-13T17:30:00 2002 7 13 17 30 0 2.6 -1.2 442.0 3.1 1.17 1.29 2.33 0.74 2 2 2 2 2 2 2 2 1.7 1.6 -9.0 -1.2 -1.2 -1.2 -1.2 -1.2 -1.2 0.215 0.28 0.233 0.125 0.333 0.353 2 2 2 2 2 2
2002-07-13T18:30:00 2002 7 13 18 30 0 4.4 1.2 466.0 3.7 1.6 1.16 0.56 0.18 2 2 2 2 2 2 2 2 1.7 1.65 -5.0 1.2 1.2 1.2 1.2 1.2 1.2 0.157 0.16 0.227 0.077 0.133 0.178 2 2 2 2 2 2
2002-07-13T19:30:00 2002 7 13 19 30 0 4.0 0.1 458.0 3.8 1.59 1.31 0.0 0.0 2 2 2 2 2 2 2 2 1.7 1.7 -5.0 0.1 0.1 0.1 0.1 0.1 0.1 0.106 0.08 0.22 0.043 0.042 0.074 2 2 2 2 2 2
2002-07-13T20:30:00 2002 7 13 20 30 0 4.1 1.4 454.0 4.0 1.62 1.14 0.0 0.0 2 2 2 2 2 2 2 2 1.7 1.7 -3.0 1.4 1.4 1.4 1.4 1.4 1.4 0.072 0.04 0.213 0.024 0.013 0.031 2 2 2 2 2 2
2002-07-13T21:30:00 2002 7 13 21 30 0 3.1 0.5 449.0 4.2 1.63 0.81 0.0 0.0 2 2 2 2 2 2 2 2 1.0 1.61 -3.0 0.5 0.5 0.5 0.5 0.5 0.5 0.049 0.02 0.206 0.013 0.004 0.013 2 2 2 2 2 2
2002-07-13T22:30:00 2002 7 13 22 30 0 2.7 -0.2 444.0 4.3 1.62 0.72 0.08 0.04 2 2 2 2 2 2 2 2 1.0 1.52 -5.0 -0.2 -0.2 -0.2 -0.2 -0.2 -0.2 0.04 0.034 0.2 0.01 0.041 0.066 2 2 2 2 2 2
2002-07-13T23:30:00 2002 7 13 23 30 0 3.7 0.9 443.0 3.7 1.41 0.8 0.02 0.01 2 2 2 2 2 2 2 2 1.0 1.43 -8.0 0.9 0.9 0.9 0.9 0.9 0.9 0.027 0.017 0.194 0.006 0.013 0.027 2 2 2 2 2 2
