2002-04-16T00:30:00 2002 4 16 0 30 0 4.2 -3.2 350.0 5.0 1.13 3.08 5.16 2.31 2 2 2 2 2 2 2 2 2.0 2.11 -14.0 -3.2 -3.2 -3.2 -3.2 -3.2 -3.2 0.484 0.606 0.282 0.366 0.526 0.489 2 2 2 2 2 2
2002-04-16T01:30:00 2002 4 16 1 30 0 5.2 -3.3 355.0 4.8 1.15 4.42 5.74 2.81 2 2 2 2 2 2 2 2 2.0 2.11 -15.0 -3.3 -3.3 -3.3 -3.3 -3.3 -3.3 0.552 0.709 0.289 0.459 0.632 0.626 2 2 2 2 2 2
2002-04-16T02:30:00 2002 4 16 2 30 0 2.7 -4.1 347.0 5.2 1.15 4.38 6.54 3.29 2 2 2 2 2 2 2 2 2.0 2.11 -17.0 -4.1 -4.1 -4.1 -4.1 -4.1 -4.1 0.633 0.815 0.3 0.572 0.722 0.735 2 2 2 2 2 2
2002-04-16T03:30:00 2002 4 16 3 30 0 5.7 -1.4 356.0 4.5 1.12 3.42 4.63 2.26 2 2 2 2 2 2 2 2 2.7 2.2 -15.0 -1.4 -1.4 -1.4 -1.4 -1.4 -1.4 0.593 0.718 0.302 0.483 0.571 0.634 2 2 2 2 2 2
2002-04-16T04:30:00 2002 4 16 4 30 0 5.9 -2.9 352.0 4.8 1.15 4.15 3.91 1.83 2 2 2 2 2 2 2 2 2.7 2.29 -14.0 -2.9 -2.9 -2.9 -2.9 -2.9 -2.9 0.57 0.684 0.303 0.44 0.557 0.609 2 2 2 2 2 2
2002-04-16T05:30:00 2002 4 16 5 30 0 4.8 -3.5 349.0 6.1 1.49 4.85 5.65 3.12 2 2 2 2 2 2 2 2 2.7 2.34 -14.0 -3.5 -3.5 -3.5 -3.5 -3.5 -3.5 0.624 0.781 0.311 0.519 0.671 0.765 2 2 2 2 2 2
2002-04-16T06:30:00 2002 4 16 6 30 0 3.1 0.2 336.0 10.8 2.71 2.09 2.61 2.01 2 2 2 2 2 2 2 2 2.7 2.4 -14.0 0.2 0.2 0.2 0.2 0.2 0.2 0.523 0.595 0.307 0.375 0.409 0.655 2 2 2 2 2 2
2002-04-16T07:30:00 2002 4 16 7 30 0 0.5 2.1 339.0 16.0 3.86 0.15 0.0 0.0 2 2 2 2 2 2 2 2 2.7 2.45 -6.0 2.1 2.1 2.1 2.1 2.1 2.1 0.354 0.296 0.298 0.21 0.129 0.272 2 2 2 2 2 2
2002-04-16T08:30:00 2002 4 16 8 30 0 1.1 4.5 347.0 11.1 2.91 0.0 0.0 0.0 2 2 2 2 2 2 2 2 2.7 2.53 -2.0 4.5 4.5 4.5 4.5 4.5 4.5 0.24 0.147 0.288 0.117 0.041 0.113 2 2 2 2 2 2
2002-04-16T09:30:00 2002 4 16 9 30 0 -0.3 3.8 352.0 10.5 2.86 0.0 0.0 0.0 2 2 2 2 2 2 2 2 0.7 2.35 0.0 3.8 3.8 3.8 3.8 3.8 3.8 0.162 0.073 0.28 0.066 0.013 0.047 2 2 2 2 2 2
2002-04-16T10:30:00 2002 4 16 10 30 0 -2.3 4.0 349.0 8.2 2.27 0.02 0.0 0.0 2 2 2 2 2 2 2 2 0.7 2.18 -3.0 4.0 4.0 4.0 4.0 4.0 4.0 0.11 0.036 0.271 0.037 0.004 0.019 2 2 2 2 2 2
2002-04-16T11:30:00 2002 4 16 11 30 0 -3.0 3.6 344.0 8.9 2.4 0.12 0.0 0.0 2 2 2 2 2 2 2 2 0.7 1.92 -2.0 3.6 3.6 3.6 3.6 3.6 3.6 0.074 0.018 0.263 0.021 0.001 0.008 2 2 2 2 2 2
2002-04-16T12:30:00 2002 4 16 12 30 0 -3.3 2.4 341.0 8.8 2.2 0.23 0.0 0.0 2 2 2 2 2 2 2 2 1.3 1.75 1.0 2.4 2.4 2.4 2.4 2.4 2.4 0.05 0.009 0.255 0.012 0.0 0.003 2 2 2 2 2 2
2002-04-16T13:30:00 2002 4 16 13 30 0 -4.5 1.7 345.0 9.1 2.24 0.55 0.0 0.0 2 2 2 2 2 2 2 2 1.3 1.58 1.0 1.7 1.7 1.7 1.7 1.7 1.7 0.034 0.004 0.247 0.006 0.0 0.001 2 2 2 2 2 2
2002-04-16T14:30:00 2002 4 16 14 30 0 -4.8 0.5 340.0 9.7 2.31 1.07 0.0 0.0 2 2 2 2 2 2 2 2 1.3 1.41 0.0 0.5 0.5 0.5 0.5 0.5 0.5 0.023 0.002 0.24 0.004 0.0 0.001 2 2 2 2 2 2
2002-04-16T15:30:00 2002 4 16 15 30 0 -3.4 2.0 341.0 9.0 2.09 0.74 0.0 0.0 2 2 2 2 2 2 2 2 0.7 1.17 -2.0 2.0 2.0 2.0 2.0 2.0 2.0 0.016 0.001 0.232 0.002 0.0 0.0 2 2 2 2 2 2
2002-04-16T16:30:00 2002 4 16 16 30 0 -3.3 1.1 336.0 8.1 2.08 0.42 0.0 0.0 2 2 2 2 2 2 2 2 0.7 0.93 -4.0 1.1 1.1 1.1 1.1 1.1 1.1 0.011 0.001 0.225 0.001 0.0 0.0 2 2 2 2 2 2
2002-04-16T17:30:00 2002 4 16 17 30 0 -3.3 -1.9 342.0 8.5 2.24 1.05 1.16 0.98 2 2 2 2 2 2 2 2 0.7 0.92 -4.0 -1.9 -1.9 -1.9 -1.9 -1.9 -1.9 0.094 0.215 0.222 0.073 0.239 0.38 2 2 2 2 2 2
2002-04-16T18:30:00 2002 4 16 18 30 0 -4.5 -1.7 344.0 7.0 1.77 2.17 3.07 2.37 2 2 2 2 2 2 2 2 1.7 1.05 -3.0 -1.7 -1.7 -1.7 -1.7 -1.7 -1.7 0.216 0.434 0.223 0.174 0.42 0.653 2 2 2 2 2 2
2002-04-16T19:30:00 2002 4 16 19 30 0 -5.1 -3.1 340.0 7.1 1.75 3.45 4.2 2.96 2 2 2 2 2 2 2 2 1.7 1.18 -5.0 -3.1 -3.1 -3.1 -3.1 -3.1 -3.1 0.354 0.634 0.229 0.315 0.58 0.835 2 2 2 2 2 2
2002-04-16T20:30:00 2002 4 16 20 30 0 -1.3 -4.4 344.0 8.5 2.1 3.91 6.51 5.14 2 2 2 2 2 2 2 2 1.7 1.23 -8.0 -4.4 -4.4 -4.4 -4.4 -4.4 -4.4 0.554 0.9 0.245 0.567 0.814 1.191 2 2 2 2 2 2
2002-04-16T21:30:00 2002 4 16 21 30 0 4.1 -4.2 346.0 8.8 2.2 4.12 7.4 6.41 2 2 2 2 2 2 2 2 1.3 1.23 -6.0 -4.2 -4.2 -4.2 -4.2 -4.2 -4.2 0.724 1.082 0.265 0.762 0.94 1.471 2 2 2 2 2 2
2002-04-16T22:30:00 2002 4 16 22 30 0 3.5 -4.5 346.0 9.2 2.29 5.18 7.55 6.81 2 2 2 2 2 2 2 2 1.3 1.23 -3.0 -4.5 -4.5 -4.5 -4.5 -4.5 -4.5 0.854 1.199 0.286 0.9 1.012 1.665 2 2 2 2 2 2
2002-04-16T23:30:00 2002 4 16 23 30 0 -0.8 -4.8 339.0 8.5 2.13 4.47 7.98 7.03 2 2 2 2 2 2 2 2 1.3 1.31 -6.0 -4.8 -4.8 -4.8 -4.8 -4.8 -4.8 0.954 1.273 0.308 1.002 1.037 1.692 2 2 2 2 2 2
