2002-10-15T00:30:00 2002 10 15 0 30 0 -11.8 0.2 422.0 6.6 2.12 10.29 0.09 0.06 2 2 2 2 2 2 2 2 2.7 3.04 -53.0 0.2 0.2 0.2 0.2 0.2 0.2 0.083 0.033 0.836 0.019 0.024 0.075 2 2 2 2 2 2
2002-10-15T01:30:00 2002 10 15 1 30 0 -11.8 2.5 424.0 5.7 1.83 8.42 0.0 0.0 2 2 2 2 2 2 2 2 2.7 2.92 -52.0 2.5 2.5 2.5 2.5 2.5 2.5 0.056 0.016 0.81 0.011 0.008 0.031 2 2 2 2 2 2
2002-10-15T02:30:00 2002 10 15 2 30 0 -5.1 -1.8 425.0 7.6 2.42 5.16 0.96 0.71 2 2 2 2 2 2 2 2 2.7 2.88 -45.0 -1.8 -1.8 -1.8 -1.8 -1.8 -1.8 0.112 0.168 0.79 0.075 0.255 0.433 2 2 2 2 2 2
2002-10-15T03:30:00 2002 10 15 3 30 0 -5.2 -4.2 423.0 9.7 3.47 5.58 6.57 5.83 2 2 2 2 2 2 2 2 3.3 2.92 -52.0 -4.2 -4.2 -4.2 -4.2 -4.2 -4.2 0.415 0.662 0.798 0.484 0.923 1.689 2 2 2 2 2 2
2002-10-15T04:30:00 2002 10 15 4 30 0 -9.4 4.2 426.0 8.6 3.12 4.49 1.85 1.76 2 2 2 2 2 2 2 2 3.3 2.96 -51.0 4.2 4.2 4.2 4.2 4.2 4.2 0.33 0.409 0.778 0.318 0.385 0.912 2 2 2 2 2 2
2002-10-15T05:30:00 2002 10 15 5 30 0 -11.7 6.7 446.0 6.6 2.63 4.23 0.0 0.0 2 2 2 2 2 2 2 2 3.3 3.0 -42.0 6.7 6.7 6.7 6.7 6.7 6.7 0.224 0.203 0.754 0.178 0.122 0.378 2 2 2 2 2 2
2002-10-15T06:30:00 2002 10 15 6 30 0 -12.2 6.2 459.0 6.7 2.82 5.28 0.0 0.0 2 2 2 2 2 2 2 2 2.7 2.97 -36.0 6.2 6.2 6.2 6.2 6.2 6.2 0.151 0.101 0.731 0.1 0.039 0.157 2 2 2 2 2 2
2002-10-15T07:30:00 2002 10 15 7 30 0 -10.9 5.3 466.0 7.1 3.08 5.28 0.0 0.0 2 2 2 2 2 2 2 2 2.7 2.93 -35.0 5.3 5.3 5.3 5.3 5.3 5.3 0.102 0.05 0.709 0.056 0.012 0.065 2 2 2 2 2 2
2002-10-15T08:30:00 2002 10 15 8 30 0 -6.3 -0.5 462.0 10.3 4.4 4.22 0.1 0.1 2 2 2 2 2 2 2 2 2.7 2.92 -31.0 -0.5 -0.5 -0.5 -0.5 -0.5 -0.5 0.09 0.08 0.688 0.045 0.101 0.292 2 2 2 2 2 2
2002-10-15T09:30:00 2002 10 15 9 30 0 -8.1 2.6 464.0 10.5 4.52 3.65 0.05 0.05 2 2 2 2 2 2 2 2 4.0 3.09 -37.0 2.6 2.6 2.6 2.6 2.6 2.6 0.061 0.04 0.667 0.025 0.032 0.121 2 2 2 2 2 2
2002-10-15T10:30:00 2002 10 15 10 30 0 -9.1 5.4 467.0 9.4 4.1 3.29 0.0 0.0 2 2 2 2 2 2 2 2 4.0 3.26 -34.0 5.4 5.4 5.4 5.4 5.4 5.4 0.041 0.02 0.647 0.014 0.01 0.05 2 2 2 2 2 2
2002-10-15T11:30:00 2002 10 15 11 30 0 -8.6 -2.1 458.0 9.8 4.11 5.58 0.89 0.87 2 2 2 2 2 2 2 2 4.0 3.35 -28.0 -2.1 -2.1 -2.1 -2.1 -2.1 -2.1 0.108 0.176 0.633 0.094 0.297 0.668 2 2 2 2 2 2
2002-10-15T12:30:00 2002 10 15 12 30 0 -12.6 6.7 472.0 5.1 2.27 6.81 0.38 0.36 2 2 2 2 2 2 2 2 2.7 3.27 -43.0 6.7 6.7 6.7 6.7 6.7 6.7 0.073 0.087 0.614 0.052 0.094 0.277 2 2 2 2 2 2
2002-10-15T13:30:00 2002 10 15 13 30 0 -14.1 2.9 487.0 4.4 2.09 8.84 0.0 0.0 2 2 2 2 2 2 2 2 2.7 3.19 -43.0 2.9 2.9 2.9 2.9 2.9 2.9 0.05 0.043 0.595 0.029 0.03 0.115 2 2 2 2 2 2
2002-10-15T14:30:00 2002 10 15 14 30 0 -14.1 4.1 491.0 4.1 1.98 11.02 0.0 0.0 2 2 2 2 2 2 2 2 2.7 3.18 -43.0 4.1 4.1 4.1 4.1 4.1 4.1 0.034 0.022 0.577 0.016 0.009 0.048 2 2 2 2 2 2
2002-10-15T15:30:00 2002 10 15 15 30 0 -10.7 -0.4 490.0 4.9 2.35 10.27 0.09 0.04 2 2 2 2 2 2 2 2 4.0 3.35 -41.0 -0.4 -0.4 -0.4 -0.4 -0.4 -0.4 0.036 0.045 0.56 0.017 0.07 0.124 2 2 2 2 2 2
2002-10-15T16:30:00 2002 10 15 16 30 0 4.6 -8.9 505.0 6.3 3.21 11.31 12.52 7.33 2 2 2 2 2 2 2 2 4.0 3.51 -46.0 -8.9 -8.9 -8.9 -8.9 -8.9 -8.9 0.562 0.74 0.629 1.003 1.419 1.817 2 2 2 2 2 2
2002-10-15T17:30:00 2002 10 15 17 30 0 0.7 -4.5 512.0 5.5 2.88 12.98 16.57 9.79 2 2 2 2 2 2 2 2 4.0 3.52 -65.0 -4.5 -4.5 -4.5 -4.5 -4.5 -4.5 0.927 1.067 0.703 1.507 1.766 2.474 2 2 2 2 2 2
2002-10-15T18:30:00 2002 10 15 18 30 0 -11.5 0.6 536.0 4.5 2.59 6.48 4.68 2.42 2 2 2 2 2 2 2 2 3.7 3.48 -70.0 0.6 0.6 0.6 0.6 0.6 0.6 0.762 0.726 0.698 0.991 0.903 1.543 2 2 2 2 2 2
2002-10-15T19:30:00 2002 10 15 19 30 0 -6.9 8.4 536.0 4.5 2.59 4.44 0.0 0.0 2 2 2 2 2 2 2 2 3.7 3.45 -67.0 8.4 8.4 8.4 8.4 8.4 8.4 0.516 0.36 0.677 0.555 0.286 0.64 2 2 2 2 2 2
2002-10-15T20:30:00 2002 10 15 20 30 0 2.4 8.0 536.0 4.7 2.7 0.19 0.0 0.0 2 2 2 2 2 2 2 2 3.7 3.57 -55.0 8.0 8.0 8.0 8.0 8.0 8.0 0.349 0.179 0.656 0.311 0.091 0.265 2 2 2 2 2 2
2002-10-15T21:30:00 2002 10 15 21 30 0 12.2 5.4 516.0 3.6 1.92 2.61 0.0 0.0 2 2 2 2 2 2 2 2 2.7 3.56 -50.0 5.4 5.4 5.4 5.4 5.4 5.4 0.236 0.089 0.636 0.174 0.029 0.11 2 2 2 2 2 2
2002-10-15T22:30:00 2002 10 15 22 30 0 1.0 6.3 520.0 3.0 1.62 1.86 0.0 0.0 2 2 2 2 2 2 2 2 2.7 3.55 -53.0 6.3 6.3 6.3 6.3 6.3 6.3 0.16 0.044 0.617 0.097 0.009 0.046 2 2 2 2 2 2
2002-10-15T23:30:00 2002 10 15 23 30 0 -0.9 4.7 530.0 3.0 1.69 0.0 0.0 0.0 2 2 2 2 2 2 2 2 2.7 3.38 -56.0 4.7 4.7 4.7 4.7 4.7 4.7 0.108 0.022 0.598 0.055 0.003 0.019 2 2 2 2 2 2
