2002-12-24T00:30:00 2002 12 24 0 30 0 3.8 3.5 482.0 6.0 2.61 1.58 0.69 0.44 2 2 2 2 2 2 2 2 3.7 3.84 -41.0 3.5 3.5 3.5 3.5 3.5 3.5 0.402 0.378 0.526 0.384 0.385 0.837 2 2 2 2 2 2
2002-12-24T01:30:00 2002 12 24 1 30 0 6.3 2.8 512.0 5.1 2.46 1.23 0.0 0.0 2 2 2 2 2 2 2 2 3.7 3.92 -33.0 2.8 2.8 2.8 2.8 2.8 2.8 0.272 0.187 0.51 0.215 0.122 0.347 2 2 2 2 2 2
2002-12-24T02:30:00 2002 12 24 2 30 0 4.9 4.1 493.0 5.1 2.31 1.34 0.0 0.0 2 2 2 2 2 2 2 2 3.7 3.88 -32.0 4.1 4.1 4.1 4.1 4.1 4.1 0.184 0.093 0.495 0.12 0.039 0.144 2 2 2 2 2 2
2002-12-24T03:30:00 2002 12 24 3 30 0 1.9 4.4 498.0 5.1 2.38 0.31 0.0 0.0 2 2 2 2 2 2 2 2 1.0 3.49 -33.0 4.4 4.4 4.4 4.4 4.4 4.4 0.125 0.046 0.48 0.067 0.012 0.06 2 2 2 2 2 2
2002-12-24T04:30:00 2002 12 24 4 30 0 -2.7 3.2 504.0 4.8 2.3 0.04 0.0 0.0 2 2 2 2 2 2 2 2 1.0 3.11 -34.0 3.2 3.2 3.2 3.2 3.2 3.2 0.084 0.023 0.465 0.038 0.004 0.025 2 2 2 2 2 2
2002-12-24T05:30:00 2002 12 24 5 30 0 -3.3 2.9 516.0 4.8 2.39 0.3 0.0 0.0 2 2 2 2 2 2 2 2 1.0 2.72 -37.0 2.9 2.9 2.9 2.9 2.9 2.9 0.057 0.011 0.451 0.021 0.001 0.01 2 2 2 2 2 2
2002-12-24T06:30:00 2002 12 24 6 30 0 -1.1 -1.5 498.0 5.0 2.3 0.44 0.8 0.4 2 2 2 2 2 2 2 2 2.7 2.57 -46.0 -1.5 -1.5 -1.5 -1.5 -1.5 -1.5 0.095 0.118 0.441 0.063 0.227 0.317 2 2 2 2 2 2
2002-12-24T07:30:00 2002 12 24 7 30 0 -0.4 0.3 492.0 5.0 2.23 0.25 1.4 0.7 2 2 2 2 2 2 2 2 2.7 2.42 -49.0 0.3 0.3 0.3 0.3 0.3 0.3 0.109 0.144 0.431 0.066 0.207 0.365 2 2 2 2 2 2
2002-12-24T08:30:00 2002 12 24 8 30 0 1.8 -3.9 511.0 5.2 2.46 1.75 4.99 2.57 2 2 2 2 2 2 2 2 2.7 2.31 -44.0 -3.9 -3.9 -3.9 -3.9 -3.9 -3.9 0.309 0.44 0.443 0.342 0.791 1.083 2 2 2 2 2 2
2002-12-24T09:30:00 2002 12 24 9 30 0 0.5 -0.7 506.0 4.9 2.3 1.88 5.51 2.8 2 2 2 2 2 2 2 2 3.0 2.23 -37.0 -0.7 -0.7 -0.7 -0.7 -0.7 -0.7 0.388 0.499 0.449 0.383 0.752 1.163 2 2 2 2 2 2
2002-12-24T10:30:00 2002 12 24 10 30 0 0.8 -0.8 497.0 4.5 2.04 0.25 1.89 0.88 2 2 2 2 2 2 2 2 3.0 2.16 -35.0 -0.8 -0.8 -0.8 -0.8 -0.8 -0.8 0.345 0.409 0.441 0.274 0.53 0.905 2 2 2 2 2 2
2002-12-24T11:30:00 2002 12 24 11 30 0 -0.8 -2.6 497.0 4.5 2.01 1.05 4.41 1.98 2 2 2 2 2 2 2 2 3.0 2.41 -37.0 -2.6 -2.6 -2.6 -2.6 -2.6 -2.6 0.418 0.505 0.445 0.357 0.733 1.048 2 2 2 2 2 2
2002-12-24T12:30:00 2002 12 24 12 30 0 2.7 -0.9 513.0 4.7 2.24 1.26 4.23 1.94 2 2 2 2 2 2 2 2 4.7 2.87 -37.0 -0.9 -0.9 -0.9 -0.9 -0.9 -0.9 0.43 0.494 0.445 0.34 0.677 1.035 2 2 2 2 2 2
2002-12-24T13:30:00 2002 12 24 13 30 0 1.9 -1.7 486.0 4.6 1.97 1.33 3.31 1.54 2 2 2 2 2 2 2 2 4.7 3.33 -36.0 -1.7 -1.7 -1.7 -1.7 -1.7 -1.7 0.43 0.49 0.443 0.322 0.66 1.005 2 2 2 2 2 2
2002-12-24T14:30:00 2002 12 24 14 30 0 3.1 -2.3 521.0 7.0 3.48 2.29 5.12 3.06 2 2 2 2 2 2 2 2 4.7 3.59 -31.0 -2.3 -2.3 -2.3 -2.3 -2.3 -2.3 0.516 0.608 0.452 0.434 0.905 1.559 2 2 2 2 2 2
2002-12-24T15:30:00 2002 12 24 15 30 0 0.8 -4.6 560.0 7.3 4.34 4.72 9.65 6.93 2 2 2 2 2 2 2 2 4.3 3.79 -33.0 -4.6 -4.6 -4.6 -4.6 -4.6 -4.6 0.773 0.893 0.501 0.889 1.544 2.865 2 2 2 2 2 2
2002-12-24T16:30:00 2002 12 24 16 30 0 3.1 -2.0 552.0 7.4 4.26 4.24 8.88 6.52 2 2 2 2 2 2 2 2 4.3 3.98 -42.0 -2.0 -2.0 -2.0 -2.0 -2.0 -2.0 0.863 0.927 0.534 0.951 1.487 3.138 2 2 2 2 2 2
2002-12-24T17:30:00 2002 12 24 17 30 0 1.4 0.3 529.0 6.9 3.66 1.09 2.15 1.55 2 2 2 2 2 2 2 2 4.3 4.14 -45.0 0.3 0.3 0.3 0.3 0.3 0.3 0.661 0.593 0.525 0.594 0.706 1.868 2 2 2 2 2 2
2002-12-24T18:30:00 2002 12 24 18 30 0 -0.2 0.5 520.0 6.5 3.31 0.03 0.0 0.0 2 2 2 2 2 2 2 2 3.7 4.21 -46.0 0.5 0.5 0.5 0.5 0.5 0.5 0.447 0.294 0.509 0.333 0.223 0.775 2 2 2 2 2 2
2002-12-24T19:30:00 2002 12 24 19 30 0 0.9 -3.8 533.0 6.4 3.4 1.55 4.87 3.13 2 2 2 2 2 2 2 2 3.7 4.29 -37.0 -3.8 -3.8 -3.8 -3.8 -3.8 -3.8 0.555 0.541 0.523 0.518 0.891 1.655 2 2 2 2 2 2
2002-12-24T20:30:00 2002 12 24 20 30 0 4.8 -2.8 547.0 6.6 3.64 5.0 8.8 5.72 2 2 2 2 2 2 2 2 3.7 4.16 -32.0 -2.8 -2.8 -2.8 -2.8 -2.8 -2.8 0.718 0.758 0.554 0.756 1.283 2.374 2 2 2 2 2 2
2002-12-24T21:30:00 2002 12 24 21 30 0 2.9 3.6 542.0 5.6 3.0 1.75 1.37 0.88 2 2 2 2 2 2 2 2 3.0 3.95 -43.0 3.6 3.6 3.6 3.6 3.6 3.6 0.518 0.425 0.54 0.45 0.487 1.158 2 2 2 2 2 2
2002-12-24T22:30:00 2002 12 24 22 30 0 -0.6 6.9 525.0 5.5 2.82 0.04 0.0 0.0 2 2 2 2 2 2 2 2 3.0 3.73 -42.0 6.9 6.9 6.9 6.9 6.9 6.9 0.351 0.211 0.524 0.252 0.154 0.48 2 2 2 2 2 2
2002-12-24T23:30:00 2002 12 24 23 30 0 -4.7 2.0 522.0 5.5 2.78 0.36 0.0 0.0 2 2 2 2 2 2 2 2 3.0 3.57 -33.0 2.0 2.0 2.0 2.0 2.0 2.0 0.237 0.105 0.508 0.141 0.049 0.199 2 2 2 2 2 2
