2002-12-27T00:30:00 2002 12 27 0 30 0 7.6 -2.7 528.0 12.3 6.34 7.17 2.37 2.98 2 2 2 2 2 2 2 2 4.7 3.91 -33.0 -2.7 -2.7 -2.7 -2.7 -2.7 -2.7 0.648 0.721 0.557 0.723 1.013 3.356 2 2 2 2 2 2
2002-12-27T01:30:00 2002 12 27 1 30 0 2.5 -1.7 582.0 10.8 6.67 5.27 5.99 6.91 2 2 2 2 2 2 2 2 4.7 4.08 -36.0 -1.7 -1.7 -1.7 -1.7 -1.7 -1.7 0.739 0.832 0.576 0.757 1.304 4.36 2 2 2 2 2 2
2002-12-27T02:30:00 2002 12 27 2 30 0 5.1 -1.9 591.0 8.4 5.35 3.74 5.31 5.03 2 2 2 2 2 2 2 2 4.7 4.29 -32.0 -1.9 -1.9 -1.9 -1.9 -1.9 -1.9 0.762 0.82 0.589 0.722 1.326 4.196 2 2 2 2 2 2
2002-12-27T03:30:00 2002 12 27 3 30 0 4.7 -8.1 619.0 6.0 4.22 14.18 16.01 10.98 2 2 2 2 2 2 2 2 6.0 4.67 -45.0 -8.1 -8.1 -8.1 -8.1 -8.1 -8.1 1.175 1.19 0.713 1.693 2.396 5.01 2 2 2 2 2 2
2002-12-27T04:30:00 2002 12 27 4 30 0 5.7 0.2 638.0 6.0 4.42 10.83 11.33 6.8 2 2 2 2 2 2 2 2 6.0 5.04 -68.0 0.2 0.2 0.2 0.2 0.2 0.2 1.106 0.952 0.757 1.437 1.593 3.587 2 2 2 2 2 2
2002-12-27T05:30:00 2002 12 27 5 30 0 5.3 2.6 689.0 5.7 4.79 2.68 0.0 0.0 2 2 2 2 2 2 2 2 6.0 5.2 -65.0 2.6 2.6 2.6 2.6 2.6 2.6 0.749 0.473 0.734 0.805 0.504 1.488 2 2 2 2 2 2
2002-12-27T06:30:00 2002 12 27 6 30 0 3.7 5.2 691.0 6.3 5.3 0.97 0.0 0.0 2 2 2 2 2 2 2 2 4.7 5.2 -68.0 5.2 5.2 5.2 5.2 5.2 5.2 0.507 0.235 0.711 0.45 0.16 0.617 2 2 2 2 2 2
2002-12-27T07:30:00 2002 12 27 7 30 0 6.1 -2.1 677.0 6.5 5.23 3.15 1.34 0.87 2 2 2 2 2 2 2 2 4.7 5.19 -61.0 -2.1 -2.1 -2.1 -2.1 -2.1 -2.1 0.439 0.268 0.702 0.372 0.523 1.252 2 2 2 2 2 2
2002-12-27T08:30:00 2002 12 27 8 30 0 5.1 -2.0 681.0 5.9 4.84 7.16 6.95 4.29 2 2 2 2 2 2 2 2 4.7 5.18 -62.0 -2.0 -2.0 -2.0 -2.0 -2.0 -2.0 0.571 0.504 0.724 0.552 1.209 2.63 2 2 2 2 2 2
2002-12-27T09:30:00 2002 12 27 9 30 0 -0.2 -3.8 701.0 5.5 4.77 5.14 10.31 5.84 2 2 2 2 2 2 2 2 4.3 5.12 -58.0 -3.8 -3.8 -3.8 -3.8 -3.8 -3.8 0.784 0.737 0.78 0.926 1.839 3.658 2 2 2 2 2 2
2002-12-27T10:30:00 2002 12 27 10 30 0 7.7 -1.3 680.0 4.7 3.83 6.39 8.46 4.34 2 2 2 2 2 2 2 2 4.3 5.07 -56.0 -1.3 -1.3 -1.3 -1.3 -1.3 -1.3 0.8 0.709 0.804 0.868 1.546 3.19 2 2 2 2 2 2
2002-12-27T11:30:00 2002 12 27 11 30 0 5.0 -0.8 680.0 4.6 3.72 6.58 3.5 1.63 2 2 2 2 2 2 2 2 4.3 4.86 -57.0 -0.8 -0.8 -0.8 -0.8 -0.8 -0.8 0.671 0.549 0.794 0.603 1.039 2.316 2 2 2 2 2 2
2002-12-27T12:30:00 2002 12 27 12 30 0 2.3 -1.3 710.0 3.6 3.16 2.87 3.73 1.5 2 2 2 2 2 2 2 2 4.3 4.65 -58.0 -1.3 -1.3 -1.3 -1.3 -1.3 -1.3 0.595 0.478 0.788 0.478 0.946 1.901 2 2 2 2 2 2
2002-12-27T13:30:00 2002 12 27 13 30 0 0.0 4.4 738.0 3.2 3.04 0.23 0.35 0.12 2 2 2 2 2 2 2 2 4.3 4.44 -54.0 4.4 4.4 4.4 4.4 4.4 4.4 0.403 0.238 0.764 0.267 0.3 0.789 2 2 2 2 2 2
2002-12-27T14:30:00 2002 12 27 14 30 0 3.5 -1.8 719.0 2.9 2.62 0.94 1.23 0.36 2 2 2 2 2 2 2 2 4.3 4.4 -55.0 -1.8 -1.8 -1.8 -1.8 -1.8 -1.8 0.338 0.214 0.749 0.225 0.434 0.708 2 2 2 2 2 2
2002-12-27T15:30:00 2002 12 27 15 30 0 2.5 -0.7 713.0 2.8 2.51 2.47 4.31 1.23 2 2 2 2 2 2 2 2 4.3 4.35 -63.0 -0.7 -0.7 -0.7 -0.7 -0.7 -0.7 0.35 0.274 0.742 0.243 0.646 0.911 2 2 2 2 2 2
2002-12-27T16:30:00 2002 12 27 16 30 0 -1.7 -0.4 714.0 2.6 2.34 0.44 1.92 0.52 2 2 2 2 2 2 2 2 4.3 4.3 -68.0 -0.4 -0.4 -0.4 -0.4 -0.4 -0.4 0.298 0.235 0.726 0.179 0.504 0.763 2 2 2 2 2 2
2002-12-27T17:30:00 2002 12 27 17 30 0 2.6 2.3 723.0 2.6 2.4 0.12 0.05 0.01 2 2 2 2 2 2 2 2 4.3 4.3 -61.0 2.3 2.3 2.3 2.3 2.3 2.3 0.202 0.117 0.703 0.1 0.16 0.316 2 2 2 2 2 2
2002-12-27T18:30:00 2002 12 27 18 30 0 3.0 -0.8 727.0 2.6 2.44 1.0 0.5 0.13 2 2 2 2 2 2 2 2 3.7 4.22 -53.0 -0.8 -0.8 -0.8 -0.8 -0.8 -0.8 0.164 0.105 0.685 0.08 0.219 0.324 2 2 2 2 2 2
2002-12-27T19:30:00 2002 12 27 19 30 0 3.7 0.8 721.0 2.4 2.22 1.66 0.6 0.15 2 2 2 2 2 2 2 2 3.7 4.14 -45.0 0.8 0.8 0.8 0.8 0.8 0.8 0.122 0.068 0.665 0.051 0.11 0.193 2 2 2 2 2 2
2002-12-27T20:30:00 2002 12 27 20 30 0 4.2 1.9 716.0 2.4 2.17 1.4 0.0 0.0 2 2 2 2 2 2 2 2 3.7 4.07 -49.0 1.9 1.9 1.9 1.9 1.9 1.9 0.083 0.034 0.644 0.029 0.035 0.08 2 2 2 2 2 2
2002-12-27T21:30:00 2002 12 27 21 30 0 3.9 0.2 698.0 2.2 1.9 1.65 0.0 0.0 2 2 2 2 2 2 2 2 3.3 3.94 -50.0 0.2 0.2 0.2 0.2 0.2 0.2 0.056 0.017 0.625 0.016 0.011 0.033 2 2 2 2 2 2
2002-12-27T22:30:00 2002 12 27 22 30 0 4.3 0.4 691.0 2.2 1.85 2.11 0.0 0.0 2 2 2 2 2 2 2 2 3.3 3.81 -53.0 0.4 0.4 0.4 0.4 0.4 0.4 0.038 0.008 0.606 0.009 0.003 0.014 2 2 2 2 2 2
2002-12-27T23:30:00 2002 12 27 23 30 0 4.0 1.5 697.0 2.3 1.94 1.7 0.0 0.0 2 2 2 2 2 2 2 2 3.3 3.69 -48.0 1.5 1.5 1.5 1.5 1.5 1.5 0.026 0.004 0.587 0.005 0.001 0.006 2 2 2 2 2 2
