2002-06-05T00:30:00 2002 6 5 0 30 0 -2.1 -1.4 449.0 3.9 1.42 0.67 2.21 0.88 2 2 2 2 2 2 2 2 3.0 2.06 -15.0 -1.4 -1.4 -1.4 -1.4 -1.4 -1.4 0.218 0.293 0.369 0.126 0.366 0.459 2 2 2 2 2 2
2002-06-05T01:30:00 2002 6 5 1 30 0 0.8 -2.3 442.0 3.8 1.34 1.11 4.2 1.61 2 2 2 2 2 2 2 2 3.0 2.15 -13.0 -2.3 -2.3 -2.3 -2.3 -2.3 -2.3 0.307 0.42 0.371 0.234 0.553 0.607 2 2 2 2 2 2
2002-06-05T02:30:00 2002 6 5 2 30 0 -0.4 -2.1 437.0 3.8 1.31 1.27 4.81 1.83 2 2 2 2 2 2 2 2 3.0 2.32 -13.0 -2.1 -2.1 -2.1 -2.1 -2.1 -2.1 0.378 0.496 0.374 0.308 0.62 0.667 2 2 2 2 2 2
2002-06-05T03:30:00 2002 6 5 3 30 0 -1.5 -2.3 442.0 3.5 1.25 1.44 4.86 1.76 2 2 2 2 2 2 2 2 2.3 2.39 -12.0 -2.3 -2.3 -2.3 -2.3 -2.3 -2.3 0.426 0.533 0.377 0.353 0.646 0.674 2 2 2 2 2 2
2002-06-05T04:30:00 2002 6 5 4 30 0 -1.7 -1.3 444.0 3.6 1.31 1.22 3.89 1.38 2 2 2 2 2 2 2 2 2.3 2.46 -15.0 -1.3 -1.3 -1.3 -1.3 -1.3 -1.3 0.42 0.495 0.375 0.319 0.561 0.614 2 2 2 2 2 2
2002-06-05T05:30:00 2002 6 5 5 30 0 -0.9 -1.3 432.0 3.4 1.17 0.69 2.84 0.99 2 2 2 2 2 2 2 2 2.3 2.49 -15.0 -1.3 -1.3 -1.3 -1.3 -1.3 -1.3 0.388 0.441 0.371 0.266 0.476 0.532 2 2 2 2 2 2
2002-06-05T06:30:00 2002 6 5 6 30 0 -1.5 0.5 430.0 3.4 1.24 0.25 0.9 0.31 2 2 2 2 2 2 2 2 1.3 2.39 -12.0 0.5 0.5 0.5 0.5 0.5 0.5 0.287 0.266 0.361 0.163 0.211 0.288 2 2 2 2 2 2
2002-06-05T07:30:00 2002 6 5 7 30 0 -1.6 0.1 425.0 3.6 1.29 0.17 0.0 0.0 2 2 2 2 2 2 2 2 1.3 2.29 -15.0 0.1 0.1 0.1 0.1 0.1 0.1 0.194 0.132 0.35 0.091 0.067 0.119 2 2 2 2 2 2
2002-06-05T08:30:00 2002 6 5 8 30 0 -1.2 1.3 421.0 3.5 1.28 0.09 0.0 0.0 2 2 2 2 2 2 2 2 1.3 2.08 -13.0 1.3 1.3 1.3 1.3 1.3 1.3 0.132 0.066 0.339 0.051 0.021 0.05 2 2 2 2 2 2
2002-06-05T09:30:00 2002 6 5 9 30 0 -2.8 1.5 423.0 3.5 1.29 0.17 0.0 0.0 2 2 2 2 2 2 2 2 0.7 1.79 -11.0 1.5 1.5 1.5 1.5 1.5 1.5 0.089 0.033 0.329 0.029 0.007 0.021 2 2 2 2 2 2
2002-06-05T10:30:00 2002 6 5 10 30 0 -2.3 1.7 421.0 3.6 1.32 0.25 0.0 0.0 2 2 2 2 2 2 2 2 0.7 1.51 -9.0 1.7 1.7 1.7 1.7 1.7 1.7 0.06 0.016 0.319 0.016 0.002 0.009 2 2 2 2 2 2
2002-06-05T11:30:00 2002 6 5 11 30 0 -2.1 0.1 416.0 3.3 1.16 0.26 0.0 0.0 2 2 2 2 2 2 2 2 0.7 1.31 -10.0 0.1 0.1 0.1 0.1 0.1 0.1 0.041 0.008 0.309 0.009 0.001 0.004 2 2 2 2 2 2
2002-06-05T12:30:00 2002 6 5 12 30 0 -2.6 0.7 414.0 3.4 1.17 0.38 0.0 0.0 2 2 2 2 2 2 2 2 1.3 1.19 -14.0 0.7 0.7 0.7 0.7 0.7 0.7 0.028 0.004 0.299 0.005 0.0 0.001 2 2 2 2 2 2
2002-06-05T13:30:00 2002 6 5 13 30 0 -1.9 -1.3 406.0 3.2 1.06 0.59 0.97 0.32 2 2 2 2 2 2 2 2 1.3 1.07 -18.0 -1.3 -1.3 -1.3 -1.3 -1.3 -1.3 0.069 0.114 0.293 0.04 0.166 0.14 2 2 2 2 2 2
2002-06-05T14:30:00 2002 6 5 14 30 0 -2.4 -0.8 408.0 3.1 1.04 0.84 2.09 0.66 2 2 2 2 2 2 2 2 1.3 1.08 -19.0 -0.8 -0.8 -0.8 -0.8 -0.8 -0.8 0.121 0.207 0.288 0.075 0.259 0.233 2 2 2 2 2 2
2002-06-05T15:30:00 2002 6 5 15 30 0 -2.5 -0.1 408.0 3.3 1.1 0.67 0.86 0.27 2 2 2 2 2 2 2 2 1.0 1.04 -23.0 -0.1 -0.1 -0.1 -0.1 -0.1 -0.1 0.111 0.173 0.28 0.056 0.173 0.193 2 2 2 2 2 2
2002-06-05T16:30:00 2002 6 5 16 30 0 -2.2 0.3 411.0 3.4 1.15 0.44 0.02 0.01 2 2 2 2 2 2 2 2 1.0 1.0 -24.0 0.3 0.3 0.3 0.3 0.3 0.3 0.075 0.086 0.271 0.032 0.055 0.08 2 2 2 2 2 2
2002-06-05T17:30:00 2002 6 5 17 30 0 -1.9 -0.7 398.0 3.1 1.0 0.43 0.55 0.17 2 2 2 2 2 2 2 2 1.0 1.04 -22.0 -0.7 -0.7 -0.7 -0.7 -0.7 -0.7 0.081 0.118 0.264 0.035 0.124 0.129 2 2 2 2 2 2
2002-06-05T18:30:00 2002 6 5 18 30 0 -0.6 -2.7 391.0 3.0 0.91 1.02 3.51 1.07 2 2 2 2 2 2 2 2 1.3 1.11 -18.0 -2.7 -2.7 -2.7 -2.7 -2.7 -2.7 0.187 0.302 0.265 0.151 0.373 0.285 2 2 2 2 2 2
2002-06-05T19:30:00 2002 6 5 19 30 0 -0.4 -2.3 387.0 3.0 0.91 1.45 4.83 1.45 2 2 2 2 2 2 2 2 1.3 1.19 -16.0 -2.3 -2.3 -2.3 -2.3 -2.3 -2.3 0.282 0.422 0.268 0.244 0.477 0.361 2 2 2 2 2 2
2002-06-05T20:30:00 2002 6 5 20 30 0 -2.3 -0.7 398.0 3.3 1.04 0.82 2.81 0.88 2 2 2 2 2 2 2 2 1.3 1.19 -11.0 -0.7 -0.7 -0.7 -0.7 -0.7 -0.7 0.28 0.384 0.265 0.207 0.375 0.334 2 2 2 2 2 2
2002-06-05T21:30:00 2002 6 5 21 30 0 -3.1 -0.1 393.0 3.4 1.06 0.76 0.74 0.25 2 2 2 2 2 2 2 2 1.3 1.19 -10.0 -0.1 -0.1 -0.1 -0.1 -0.1 -0.1 0.216 0.258 0.258 0.128 0.201 0.228 2 2 2 2 2 2
2002-06-05T22:30:00 2002 6 5 22 30 0 -1.4 -1.4 391.0 3.3 1.01 0.71 1.57 0.52 2 2 2 2 2 2 2 2 1.3 1.19 -10.0 -1.4 -1.4 -1.4 -1.4 -1.4 -1.4 0.218 0.281 0.254 0.125 0.271 0.268 2 2 2 2 2 2
2002-06-05T23:30:00 2002 6 5 23 30 0 -0.8 -1.2 382.0 3.4 0.98 0.55 2.49 0.84 2 2 2 2 2 2 2 2 1.3 1.23 -8.0 -1.2 -1.2 -1.2 -1.2 -1.2 -1.2 0.239 0.325 0.251 0.141 0.323 0.307 2 2 2 2 2 2
