2002-02-06T00:30:00 2002 2 6 0 30 0 9.5 4.9 527.0 9.8 5.11 5.77 0.0 0.0 2 2 2 2 2 2 2 2 4.0 4.55 -67.0 4.9 4.9 4.9 4.9 4.9 4.9 0.275 0.086 0.526 0.162 0.022 0.21 2 2 2 2 2 2
2002-02-06T01:30:00 2002 2 6 1 30 0 6.8 3.7 542.0 9.3 5.15 3.11 0.0 0.0 2 2 2 2 2 2 2 2 4.0 4.63 -66.0 3.7 3.7 3.7 3.7 3.7 3.7 0.186 0.043 0.51 0.091 0.007 0.087 2 2 2 2 2 2
2002-02-06T02:30:00 2002 2 6 2 30 0 6.5 4.7 622.0 6.2 4.37 2.1 0.0 0.0 2 2 2 2 2 2 2 2 4.0 4.5 -68.0 4.7 4.7 4.7 4.7 4.7 4.7 0.126 0.021 0.494 0.051 0.002 0.036 2 2 2 2 2 2
2002-02-06T03:30:00 2002 2 6 3 30 0 6.7 -0.8 679.0 3.7 3.11 4.04 0.32 0.12 2 2 2 2 2 2 2 2 3.7 4.34 -73.0 -0.8 -0.8 -0.8 -0.8 -0.8 -0.8 0.114 0.061 0.482 0.054 0.164 0.243 2 2 2 2 2 2
2002-02-06T04:30:00 2002 2 6 4 30 0 3.3 1.9 656.0 4.5 3.51 2.87 0.3 0.11 2 2 2 2 2 2 2 2 3.7 4.18 -69.0 1.9 1.9 1.9 1.9 1.9 1.9 0.082 0.039 0.468 0.032 0.071 0.147 2 2 2 2 2 2
2002-02-06T05:30:00 2002 2 6 5 30 0 3.8 -1.8 647.0 4.0 3.11 1.99 1.67 0.68 2 2 2 2 2 2 2 2 3.7 4.05 -65.0 -1.8 -1.8 -1.8 -1.8 -1.8 -1.8 0.141 0.155 0.463 0.113 0.423 0.605 2 2 2 2 2 2
2002-02-06T06:30:00 2002 2 6 6 30 0 0.0 1.4 631.0 4.5 3.3 0.9 1.39 0.57 2 2 2 2 2 2 2 2 4.7 4.06 -73.0 1.4 1.4 1.4 1.4 1.4 1.4 0.129 0.128 0.452 0.088 0.245 0.458 2 2 2 2 2 2
2002-02-06T07:30:00 2002 2 6 7 30 0 1.1 0.6 625.0 4.6 3.25 0.02 0.0 0.0 2 2 2 2 2 2 2 2 4.7 4.07 -70.0 0.6 0.6 0.6 0.6 0.6 0.6 0.087 0.063 0.439 0.049 0.078 0.19 2 2 2 2 2 2
2002-02-06T08:30:00 2002 2 6 8 30 0 4.7 1.3 630.0 4.6 3.32 0.85 0.0 0.0 2 2 2 2 2 2 2 2 4.7 4.16 -65.0 1.3 1.3 1.3 1.3 1.3 1.3 0.059 0.032 0.425 0.028 0.025 0.079 2 2 2 2 2 2
2002-02-06T09:30:00 2002 2 6 9 30 0 4.2 0.3 616.0 4.6 3.14 1.9 0.0 0.0 2 2 2 2 2 2 2 2 3.7 4.12 -55.0 0.3 0.3 0.3 0.3 0.3 0.3 0.04 0.016 0.412 0.015 0.008 0.033 2 2 2 2 2 2
2002-02-06T10:30:00 2002 2 6 10 30 0 3.5 -1.5 608.0 4.5 3.04 2.4 2.1 0.95 2 2 2 2 2 2 2 2 3.7 4.08 -49.0 -1.5 -1.5 -1.5 -1.5 -1.5 -1.5 0.132 0.187 0.41 0.108 0.457 0.719 2 2 2 2 2 2
2002-02-06T11:30:00 2002 2 6 11 30 0 2.7 -2.9 615.0 4.1 2.95 3.65 6.91 2.95 2 2 2 2 2 2 2 2 3.7 4.07 -50.0 -2.9 -2.9 -2.9 -2.9 -2.9 -2.9 0.343 0.44 0.433 0.389 1.02 1.432 2 2 2 2 2 2
2002-02-06T12:30:00 2002 2 6 12 30 0 2.3 1.3 599.0 4.8 3.18 1.49 2.7 1.16 2 2 2 2 2 2 2 2 3.7 4.07 -60.0 1.3 1.3 1.3 1.3 1.3 1.3 0.299 0.311 0.429 0.281 0.516 0.908 2 2 2 2 2 2
2002-02-06T13:30:00 2002 2 6 13 30 0 2.0 -0.7 604.0 4.3 2.92 0.54 0.46 0.2 2 2 2 2 2 2 2 2 3.7 4.06 -53.0 -0.7 -0.7 -0.7 -0.7 -0.7 -0.7 0.235 0.22 0.418 0.181 0.337 0.655 2 2 2 2 2 2
2002-02-06T14:30:00 2002 2 6 14 30 0 2.0 -1.6 608.0 4.1 2.81 1.29 3.6 1.5 2 2 2 2 2 2 2 2 3.7 3.94 -55.0 -1.6 -1.6 -1.6 -1.6 -1.6 -1.6 0.303 0.336 0.42 0.245 0.664 1.052 2 2 2 2 2 2
2002-02-06T15:30:00 2002 2 6 15 30 0 3.1 0.0 587.0 3.3 2.13 1.33 2.2 0.84 2 2 2 2 2 2 2 2 3.0 3.73 -61.0 0.0 0.0 0.0 0.0 0.0 0.0 0.268 0.266 0.413 0.186 0.422 0.747 2 2 2 2 2 2
2002-02-06T16:30:00 2002 2 6 16 30 0 2.3 1.6 579.0 3.2 2.01 0.59 0.0 0.0 2 2 2 2 2 2 2 2 3.0 3.52 -60.0 1.6 1.6 1.6 1.6 1.6 1.6 0.181 0.132 0.401 0.104 0.134 0.31 2 2 2 2 2 2
2002-02-06T17:30:00 2002 2 6 17 30 0 0.9 1.8 571.0 3.1 1.88 0.1 0.0 0.0 2 2 2 2 2 2 2 2 3.0 3.43 -54.0 1.8 1.8 1.8 1.8 1.8 1.8 0.123 0.066 0.389 0.058 0.042 0.129 2 2 2 2 2 2
2002-02-06T18:30:00 2002 2 6 18 30 0 2.9 1.5 586.0 3.6 2.26 0.21 0.0 0.0 2 2 2 2 2 2 2 2 3.3 3.38 -50.0 1.5 1.5 1.5 1.5 1.5 1.5 0.083 0.033 0.377 0.033 0.013 0.053 2 2 2 2 2 2
2002-02-06T19:30:00 2002 2 6 19 30 0 5.1 -0.4 622.0 3.4 2.5 1.87 0.19 0.06 2 2 2 2 2 2 2 2 3.3 3.33 -43.0 -0.4 -0.4 -0.4 -0.4 -0.4 -0.4 0.07 0.046 0.366 0.027 0.089 0.137 2 2 2 2 2 2
2002-02-06T20:30:00 2002 2 6 20 30 0 2.0 2.0 609.0 3.5 2.42 1.24 0.05 0.02 2 2 2 2 2 2 2 2 3.3 3.28 -40.0 2.0 2.0 2.0 2.0 2.0 2.0 0.048 0.023 0.355 0.015 0.028 0.057 2 2 2 2 2 2
2002-02-06T21:30:00 2002 2 6 21 30 0 1.3 2.9 602.0 3.6 2.36 0.08 0.0 0.0 2 2 2 2 2 2 2 2 2.3 3.11 -32.0 2.9 2.9 2.9 2.9 2.9 2.9 0.032 0.011 0.344 0.009 0.009 0.024 2 2 2 2 2 2
2002-02-06T22:30:00 2002 2 6 22 30 0 0.5 -0.2 620.0 3.1 2.22 0.03 0.05 0.02 2 2 2 2 2 2 2 2 2.3 2.93 -27.0 -0.2 -0.2 -0.2 -0.2 -0.2 -0.2 0.029 0.024 0.334 0.008 0.053 0.08 2 2 2 2 2 2
2002-02-06T23:30:00 2002 2 6 23 30 0 0.3 2.4 617.0 3.2 2.24 0.01 0.0 0.0 2 2 2 2 2 2 2 2 2.3 2.84 -35.0 2.4 2.4 2.4 2.4 2.4 2.4 0.02 0.012 0.324 0.005 0.017 0.033 2 2 2 2 2 2
