2009-07-24T00:30:00 2009 7 24 0 30 0 1.9 0.6 537.0 2.9 1.44 0.24 0.34 0.11 2 2 2 2 2 2 2 2 2.0 2.15 -22.0 0.6 0.6 0.6 0.6 0.6 0.6 0.03 0.043 0.33 0.013 0.064 0.102 2 2 2 2 2 2
2009-07-24T01:30:00 2009 7 24 1 30 0 1.4 0.1 547.0 2.6 1.34 0.23 0.0 0.0 2 2 2 2 2 2 2 2 2.0 2.11 -21.0 0.1 0.1 0.1 0.1 0.1 0.1 0.021 0.021 0.32 0.007 0.02 0.042 2 2 2 2 2 2
2009-07-24T02:30:00 2009 7 24 2 30 0 -1.1 1.9 563.0 2.5 1.37 0.02 0.0 0.0 2 2 2 2 2 2 2 2 2.0 2.07 -16.0 1.9 1.9 1.9 1.9 1.9 1.9 0.014 0.011 0.31 0.004 0.006 0.017 2 2 2 2 2 2
2009-07-24T03:30:00 2009 7 24 3 30 0 1.6 2.5 562.0 2.6 1.43 0.01 0.0 0.0 2 2 2 2 2 2 2 2 1.0 1.9 -13.0 2.5 2.5 2.5 2.5 2.5 2.5 0.009 0.005 0.301 0.002 0.002 0.007 2 2 2 2 2 2
2009-07-24T04:30:00 2009 7 24 4 30 0 -1.8 1.7 554.0 2.5 1.34 0.03 0.0 0.0 2 2 2 2 2 2 2 2 1.0 1.74 -13.0 1.7 1.7 1.7 1.7 1.7 1.7 0.006 0.003 0.291 0.001 0.001 0.003 2 2 2 2 2 2
2009-07-24T05:30:00 2009 7 24 5 30 0 -0.8 0.7 560.0 2.6 1.42 0.07 0.0 0.0 2 2 2 2 2 2 2 2 1.0 1.61 -16.0 0.7 0.7 0.7 0.7 0.7 0.7 0.004 0.001 0.283 0.001 0.0 0.001 2 2 2 2 2 2
2009-07-24T06:30:00 2009 7 24 6 30 0 0.6 1.5 555.0 2.6 1.39 0.0 0.0 0.0 2 2 2 2 2 2 2 2 2.0 1.62 -18.0 1.5 1.5 1.5 1.5 1.5 1.5 0.003 0.001 0.274 0.0 0.0 0.001 2 2 2 2 2 2
2009-07-24T07:30:00 2009 7 24 7 30 0 0.4 0.1 545.0 2.5 1.29 0.01 0.0 0.0 2 2 2 2 2 2 2 2 2.0 1.62 -20.0 0.1 0.1 0.1 0.1 0.1 0.1 0.002 0.0 0.266 0.0 0.0 0.0 2 2 2 2 2 2
2009-07-24T08:30:00 2009 7 24 8 30 0 -0.7 0.3 543.0 2.4 1.23 0.01 0.0 0.0 2 2 2 2 2 2 2 2 2.0 1.63 -18.0 0.3 0.3 0.3 0.3 0.3 0.3 0.001 0.0 0.257 0.0 0.0 0.0 2 2 2 2 2 2
2009-07-24T09:30:00 2009 7 24 9 30 0 -0.1 0.4 544.0 2.3 1.18 0.01 0.0 0.0 2 2 2 2 2 2 2 2 1.3 1.54 -16.0 0.4 0.4 0.4 0.4 0.4 0.4 0.001 0.0 0.25 0.0 0.0 0.0 2 2 2 2 2 2
2009-07-24T10:30:00 2009 7 24 10 30 0 -1.7 0.3 553.0 2.0 1.06 0.09 0.0 0.0 2 2 2 2 2 2 2 2 1.3 1.46 -15.0 0.3 0.3 0.3 0.3 0.3 0.3 0.001 0.0 0.242 0.0 0.0 0.0 2 2 2 2 2 2
2009-07-24T11:30:00 2009 7 24 11 30 0 -1.5 0.0 546.0 1.9 0.98 0.26 0.0 0.0 2 2 2 2 2 2 2 2 1.3 1.49 -15.0 0.0 0.0 0.0 0.0 0.0 0.0 0.0 0.0 0.235 0.0 0.0 0.0 2 2 2 2 2 2
2009-07-24T12:30:00 2009 7 24 12 30 0 -1.8 -0.4 546.0 1.9 0.98 0.4 0.59 0.11 2 2 2 2 2 2 2 2 1.3 1.52 -17.0 -0.4 -0.4 -0.4 -0.4 -0.4 -0.4 0.025 0.053 0.228 0.012 0.116 0.094 2 2 2 2 2 2
2009-07-24T13:30:00 2009 7 24 13 30 0 -1.7 0.7 542.0 1.8 0.91 0.31 0.16 0.03 2 2 2 2 2 2 2 2 1.3 1.55 -18.0 0.7 0.7 0.7 0.7 0.7 0.7 0.019 0.032 0.222 0.008 0.047 0.05 2 2 2 2 2 2
2009-07-24T14:30:00 2009 7 24 14 30 0 0.5 -1.1 526.0 1.8 0.85 0.16 1.01 0.18 2 2 2 2 2 2 2 2 1.3 1.47 -18.0 -1.1 -1.1 -1.1 -1.1 -1.1 -1.1 0.054 0.094 0.218 0.036 0.187 0.13 2 2 2 2 2 2
2009-07-24T15:30:00 2009 7 24 15 30 0 -0.1 -0.4 521.0 1.7 0.79 0.19 1.89 0.33 2 2 2 2 2 2 2 2 2.0 1.48 -17.0 -0.4 -0.4 -0.4 -0.4 -0.4 -0.4 0.086 0.136 0.214 0.053 0.234 0.171 2 2 2 2 2 2
2009-07-24T16:30:00 2009 7 24 16 30 0 -1.7 -1.3 545.0 1.8 0.91 0.49 2.38 0.42 2 2 2 2 2 2 2 2 2.0 1.48 -16.0 -1.3 -1.3 -1.3 -1.3 -1.3 -1.3 0.133 0.193 0.214 0.092 0.347 0.241 2 2 2 2 2 2
2009-07-24T17:30:00 2009 7 24 17 30 0 -1.9 0.8 539.0 2.1 1.04 0.49 0.95 0.18 2 2 2 2 2 2 2 2 2.0 1.57 -14.0 0.8 0.8 0.8 0.8 0.8 0.8 0.109 0.128 0.208 0.063 0.168 0.148 2 2 2 2 2 2
2009-07-24T18:30:00 2009 7 24 18 30 0 -0.1 2.0 537.0 2.2 1.08 0.05 0.0 0.0 2 2 2 2 2 2 2 2 0.7 1.49 -13.0 2.0 2.0 2.0 2.0 2.0 2.0 0.074 0.063 0.202 0.035 0.053 0.062 2 2 2 2 2 2
2009-07-24T19:30:00 2009 7 24 19 30 0 -2.0 1.3 542.0 2.0 1.0 0.06 0.0 0.0 2 2 2 2 2 2 2 2 0.7 1.41 -12.0 1.3 1.3 1.3 1.3 1.3 1.3 0.05 0.032 0.196 0.02 0.017 0.026 2 2 2 2 2 2
2009-07-24T20:30:00 2009 7 24 20 30 0 0.1 -0.1 535.0 2.2 1.08 0.06 0.02 0.0 2 2 2 2 2 2 2 2 0.7 1.33 -10.0 -0.1 -0.1 -0.1 -0.1 -0.1 -0.1 0.037 0.025 0.19 0.012 0.027 0.032 2 2 2 2 2 2
2009-07-24T21:30:00 2009 7 24 21 30 0 1.3 0.1 523.0 2.2 1.03 0.07 0.06 0.01 2 2 2 2 2 2 2 2 1.0 1.29 -11.0 0.1 0.1 0.1 0.1 0.1 0.1 0.026 0.016 0.184 0.007 0.014 0.021 2 2 2 2 2 2
2009-07-24T22:30:00 2009 7 24 22 30 0 -0.7 -0.8 522.0 2.1 0.99 0.12 1.02 0.22 2 2 2 2 2 2 2 2 1.0 1.25 -15.0 -0.8 -0.8 -0.8 -0.8 -0.8 -0.8 0.06 0.091 0.181 0.031 0.178 0.144 2 2 2 2 2 2
2009-07-24T23:30:00 2009 7 24 23 30 0 -1.6 0.1 529.0 2.0 0.96 0.25 0.85 0.18 2 2 2 2 2 2 2 2 1.0 1.13 -16.0 0.1 0.1 0.1 0.1 0.1 0.1 0.062 0.087 0.177 0.029 0.13 0.126 2 2 2 2 2 2
