2009-05-22T00:30:00 2009 5 22 0 30 0 0.8 1.1 338.0 4.4 1.01 0.01 0.0 0.0 2 2 2 2 2 2 2 2 0.3 0.65 2.0 1.1 1.1 1.1 1.1 1.1 1.1 0.002 0.0 0.037 0.0 0.0 0.0 2 2 2 2 2 2
2009-05-22T01:30:00 2009 5 22 1 30 0 0.5 2.6 327.0 4.6 0.98 0.0 0.0 0.0 2 2 2 2 2 2 2 2 0.3 0.6 3.0 2.6 2.6 2.6 2.6 2.6 2.6 0.001 0.0 0.036 0.0 0.0 0.0 2 2 2 2 2 2
2009-05-22T02:30:00 2009 5 22 2 30 0 -0.1 3.3 330.0 4.4 0.96 0.0 0.0 0.0 2 2 2 2 2 2 2 2 0.3 0.54 4.0 3.3 3.3 3.3 3.3 3.3 3.3 0.001 0.0 0.035 0.0 0.0 0.0 2 2 2 2 2 2
2009-05-22T03:30:00 2009 5 22 3 30 0 -1.8 0.9 342.0 4.8 1.12 0.03 0.0 0.0 2 2 2 2 2 2 2 2 0.7 0.55 5.0 0.9 0.9 0.9 0.9 0.9 0.9 0.001 0.0 0.034 0.0 0.0 0.0 2 2 2 2 2 2
2009-05-22T04:30:00 2009 5 22 4 30 0 -0.4 2.3 346.0 4.2 1.01 0.03 0.0 0.0 2 2 2 2 2 2 2 2 0.7 0.55 6.0 2.3 2.3 2.3 2.3 2.3 2.3 0.0 0.0 0.033 0.0 0.0 0.0 2 2 2 2 2 2
2009-05-22T05:30:00 2009 5 22 5 30 0 2.4 5.0 349.0 4.2 1.02 0.02 0.0 0.0 2 2 2 2 2 2 2 2 0.7 0.55 6.0 5.0 5.0 5.0 5.0 5.0 5.0 0.0 0.0 0.032 0.0 0.0 0.0 2 2 2 2 2 2
2009-05-22T06:30:00 2009 5 22 6 30 0 2.3 1.9 342.0 4.5 1.05 0.09 0.0 0.0 2 2 2 2 2 2 2 2 1.3 0.63 6.0 1.9 1.9 1.9 1.9 1.9 1.9 0.0 0.0 0.031 0.0 0.0 0.0 2 2 2 2 2 2
2009-05-22T07:30:00 2009 5 22 7 30 0 0.2 -2.1 347.0 4.3 1.04 0.29 1.11 0.48 2 2 2 2 2 2 2 2 1.3 0.71 5.0 -2.1 -2.1 -2.1 -2.1 -2.1 -2.1 0.065 0.15 0.033 0.057 0.179 0.157 2 2 2 2 2 2
2009-05-22T08:30:00 2009 5 22 8 30 0 -1.2 -3.5 353.0 4.0 1.0 1.76 5.01 2.07 2 2 2 2 2 2 2 2 1.3 0.84 1.0 -3.5 -3.5 -3.5 -3.5 -3.5 -3.5 0.239 0.433 0.045 0.246 0.469 0.387 2 2 2 2 2 2
2009-05-22T09:30:00 2009 5 22 9 30 0 -0.4 -2.0 378.0 4.5 1.29 1.66 4.91 2.09 2 2 2 2 2 2 2 2 2.0 1.05 -5.0 -2.0 -2.0 -2.0 -2.0 -2.0 -2.0 0.338 0.538 0.056 0.319 0.537 0.51 2 2 2 2 2 2
2009-05-22T10:30:00 2009 5 22 10 30 0 -1.0 -1.4 374.0 4.6 1.29 0.71 3.15 1.43 2 2 2 2 2 2 2 2 2.0 1.27 -6.0 -1.4 -1.4 -1.4 -1.4 -1.4 -1.4 0.352 0.515 0.062 0.285 0.47 0.518 2 2 2 2 2 2
2009-05-22T11:30:00 2009 5 22 11 30 0 0.1 -1.5 365.0 4.4 1.17 0.51 2.68 1.21 2 2 2 2 2 2 2 2 2.0 1.43 -10.0 -1.5 -1.5 -1.5 -1.5 -1.5 -1.5 0.35 0.487 0.066 0.251 0.424 0.488 2 2 2 2 2 2
2009-05-22T12:30:00 2009 5 22 12 30 0 -0.8 -2.0 378.0 5.4 1.54 0.73 3.3 1.64 2 2 2 2 2 2 2 2 1.7 1.55 -7.0 -2.0 -2.0 -2.0 -2.0 -2.0 -2.0 0.381 0.528 0.072 0.273 0.487 0.585 2 2 2 2 2 2
2009-05-22T13:30:00 2009 5 22 13 30 0 -0.2 -2.0 371.0 5.3 1.46 0.92 3.74 2.0 2 2 2 2 2 2 2 2 1.7 1.67 -8.0 -2.0 -2.0 -2.0 -2.0 -2.0 -2.0 0.417 0.572 0.08 0.303 0.529 0.661 2 2 2 2 2 2
2009-05-22T14:30:00 2009 5 22 14 30 0 -0.6 -2.7 372.0 5.1 1.41 1.27 4.42 2.29 2 2 2 2 2 2 2 2 1.7 1.72 -9.0 -2.7 -2.7 -2.7 -2.7 -2.7 -2.7 0.469 0.636 0.09 0.364 0.596 0.72 2 2 2 2 2 2
2009-05-22T15:30:00 2009 5 22 15 30 0 0.7 -2.4 381.0 6.3 1.83 1.45 4.78 2.74 2 2 2 2 2 2 2 2 2.0 1.8 -9.0 -2.4 -2.4 -2.4 -2.4 -2.4 -2.4 0.519 0.693 0.102 0.416 0.654 0.856 2 2 2 2 2 2
2009-05-22T16:30:00 2009 5 22 16 30 0 1.6 -2.4 374.0 6.2 1.73 1.47 4.53 2.83 2 2 2 2 2 2 2 2 2.0 1.89 -7.0 -2.4 -2.4 -2.4 -2.4 -2.4 -2.4 0.55 0.721 0.113 0.438 0.666 0.93 2 2 2 2 2 2
2009-05-22T17:30:00 2009 5 22 17 30 0 1.3 2.1 375.0 7.0 1.97 0.34 1.02 0.65 2 2 2 2 2 2 2 2 2.0 1.89 -8.0 2.1 2.1 2.1 2.1 2.1 2.1 0.402 0.418 0.111 0.265 0.271 0.49 2 2 2 2 2 2
2009-05-22T18:30:00 2009 5 22 18 30 0 0.2 3.5 387.0 6.9 2.07 0.01 0.0 0.0 2 2 2 2 2 2 2 2 1.0 1.76 -3.0 3.5 3.5 3.5 3.5 3.5 3.5 0.272 0.208 0.107 0.148 0.086 0.203 2 2 2 2 2 2
2009-05-22T19:30:00 2009 5 22 19 30 0 1.3 -0.3 377.0 6.0 1.71 0.04 0.05 0.03 2 2 2 2 2 2 2 2 1.0 1.63 -4.0 -0.3 -0.3 -0.3 -0.3 -0.3 -0.3 0.193 0.132 0.104 0.087 0.067 0.146 2 2 2 2 2 2
2009-05-22T20:30:00 2009 5 22 20 30 0 3.3 0.8 365.0 5.1 1.36 0.38 0.05 0.03 2 2 2 2 2 2 2 2 1.0 1.54 -4.0 0.8 0.8 0.8 0.8 0.8 0.8 0.132 0.069 0.101 0.049 0.024 0.069 2 2 2 2 2 2
2009-05-22T21:30:00 2009 5 22 21 30 0 1.5 3.0 396.0 4.9 1.54 0.19 0.0 0.0 2 2 2 2 2 2 2 2 0.7 1.41 1.0 3.0 3.0 3.0 3.0 3.0 3.0 0.089 0.034 0.098 0.027 0.008 0.028 2 2 2 2 2 2
2009-05-22T22:30:00 2009 5 22 22 30 0 -0.2 3.7 395.0 4.4 1.37 0.01 0.0 0.0 2 2 2 2 2 2 2 2 0.7 1.28 2.0 3.7 3.7 3.7 3.7 3.7 3.7 0.06 0.017 0.095 0.015 0.002 0.012 2 2 2 2 2 2
2009-05-22T23:30:00 2009 5 22 23 30 0 1.7 3.3 383.0 3.5 1.03 0.01 0.0 0.0 2 2 2 2 2 2 2 2 0.7 1.12 3.0 3.3 3.3 3.3 3.3 3.3 3.3 0.041 0.008 0.092 0.009 0.001 0.005 2 2 2 2 2 2
