2009-04-10T00:30:00 2009 4 10 0 30 0 -2.2 0.3 473.0 2.3 0.89 0.31 1.02 0.26 2 2 2 2 2 2 2 2 2.0 2.38 -17.0 0.3 0.3 0.3 0.3 0.3 0.3 0.269 0.227 0.213 0.135 0.213 0.257 2 2 2 2 2 2
2009-04-10T01:30:00 2009 4 10 1 30 0 -1.2 -1.1 463.0 2.3 0.87 0.44 1.11 0.26 2 2 2 2 2 2 2 2 2.0 2.22 -18.0 -1.1 -1.1 -1.1 -1.1 -1.1 -1.1 0.23 0.21 0.209 0.11 0.241 0.233 2 2 2 2 2 2
2009-04-10T02:30:00 2009 4 10 2 30 0 -2.6 -1.4 455.0 2.5 0.93 1.01 2.89 0.7 2 2 2 2 2 2 2 2 2.0 2.18 -16.0 -1.4 -1.4 -1.4 -1.4 -1.4 -1.4 0.25 0.272 0.21 0.142 0.358 0.295 2 2 2 2 2 2
2009-04-10T03:30:00 2009 4 10 3 30 0 -1.1 -0.4 458.0 3.0 1.13 0.69 1.96 0.53 2 2 2 2 2 2 2 2 1.3 2.05 -14.0 -0.4 -0.4 -0.4 -0.4 -0.4 -0.4 0.23 0.254 0.207 0.12 0.301 0.292 2 2 2 2 2 2
2009-04-10T04:30:00 2009 4 10 4 30 0 -1.1 0.8 463.0 2.8 1.08 0.1 0.11 0.03 2 2 2 2 2 2 2 2 1.3 1.93 -10.0 0.8 0.8 0.8 0.8 0.8 0.8 0.158 0.132 0.201 0.068 0.103 0.132 2 2 2 2 2 2
2009-04-10T05:30:00 2009 4 10 5 30 0 -2.4 0.2 459.0 3.4 1.27 0.24 0.0 0.0 2 2 2 2 2 2 2 2 1.3 1.8 -7.0 0.2 0.2 0.2 0.2 0.2 0.2 0.107 0.066 0.195 0.038 0.033 0.055 2 2 2 2 2 2
2009-04-10T06:30:00 2009 4 10 6 30 0 -0.4 -0.4 452.0 3.9 1.41 0.22 0.34 0.13 2 2 2 2 2 2 2 2 2.0 1.77 -8.0 -0.4 -0.4 -0.4 -0.4 -0.4 -0.4 0.094 0.089 0.189 0.032 0.105 0.143 2 2 2 2 2 2
2009-04-10T07:30:00 2009 4 10 7 30 0 -0.6 -1.9 494.0 2.9 1.3 0.53 2.9 0.94 2 2 2 2 2 2 2 2 2.0 1.74 -10.0 -1.9 -1.9 -1.9 -1.9 -1.9 -1.9 0.178 0.245 0.192 0.125 0.399 0.388 2 2 2 2 2 2
2009-04-10T08:30:00 2009 4 10 8 30 0 -1.1 -1.3 490.0 2.9 1.28 0.88 3.87 1.12 2 2 2 2 2 2 2 2 2.0 1.74 -15.0 -1.3 -1.3 -1.3 -1.3 -1.3 -1.3 0.242 0.323 0.197 0.183 0.493 0.476 2 2 2 2 2 2
2009-04-10T09:30:00 2009 4 10 9 30 0 -0.3 -0.3 492.0 2.8 1.26 0.28 1.86 0.53 2 2 2 2 2 2 2 2 1.3 1.65 -16.0 -0.3 -0.3 -0.3 -0.3 -0.3 -0.3 0.221 0.269 0.195 0.141 0.345 0.383 2 2 2 2 2 2
2009-04-10T10:30:00 2009 4 10 10 30 0 -0.5 -1.0 496.0 2.7 1.24 0.18 1.68 0.46 2 2 2 2 2 2 2 2 1.3 1.56 -16.0 -1.0 -1.0 -1.0 -1.0 -1.0 -1.0 0.215 0.26 0.193 0.126 0.345 0.369 2 2 2 2 2 2
2009-04-10T11:30:00 2009 4 10 11 30 0 -0.7 -0.4 504.0 2.8 1.32 0.21 1.69 0.46 2 2 2 2 2 2 2 2 1.3 1.56 -16.0 -0.4 -0.4 -0.4 -0.4 -0.4 -0.4 0.2 0.235 0.19 0.106 0.301 0.341 2 2 2 2 2 2
2009-04-10T12:30:00 2009 4 10 12 30 0 0.3 -1.1 511.0 2.8 1.36 0.22 1.98 0.55 2 2 2 2 2 2 2 2 1.7 1.61 -12.0 -1.1 -1.1 -1.1 -1.1 -1.1 -1.1 0.211 0.256 0.189 0.118 0.367 0.389 2 2 2 2 2 2
2009-04-10T13:30:00 2009 4 10 13 30 0 1.9 0.6 530.0 2.0 1.08 0.23 0.8 0.21 2 2 2 2 2 2 2 2 1.7 1.66 -12.0 0.6 0.6 0.6 0.6 0.6 0.6 0.162 0.161 0.185 0.077 0.173 0.221 2 2 2 2 2 2
2009-04-10T14:30:00 2009 4 10 14 30 0 2.2 -1.4 521.0 2.0 1.01 0.74 1.44 0.29 2 2 2 2 2 2 2 2 1.7 1.62 -14.0 -1.4 -1.4 -1.4 -1.4 -1.4 -1.4 0.166 0.182 0.183 0.091 0.275 0.237 2 2 2 2 2 2
2009-04-10T15:30:00 2009 4 10 15 30 0 -1.7 -0.2 529.0 2.0 1.09 0.42 1.97 0.39 2 2 2 2 2 2 2 2 2.0 1.63 -14.0 -0.2 -0.2 -0.2 -0.2 -0.2 -0.2 0.162 0.179 0.181 0.085 0.257 0.23 2 2 2 2 2 2
2009-04-10T16:30:00 2009 4 10 16 30 0 -3.4 -1.0 519.0 2.0 1.03 1.13 1.65 0.33 2 2 2 2 2 2 2 2 2.0 1.63 -13.0 -1.0 -1.0 -1.0 -1.0 -1.0 -1.0 0.168 0.196 0.179 0.09 0.301 0.251 2 2 2 2 2 2
2009-04-10T17:30:00 2009 4 10 17 30 0 -1.7 -1.6 520.0 2.5 1.31 1.54 3.44 0.79 2 2 2 2 2 2 2 2 2.0 1.72 -14.0 -1.6 -1.6 -1.6 -1.6 -1.6 -1.6 0.223 0.275 0.184 0.153 0.457 0.373 2 2 2 2 2 2
2009-04-10T18:30:00 2009 4 10 18 30 0 -1.7 -2.6 518.0 2.4 1.25 1.93 5.56 1.36 2 2 2 2 2 2 2 2 3.3 1.98 -17.0 -2.6 -2.6 -2.6 -2.6 -2.6 -2.6 0.319 0.386 0.196 0.278 0.652 0.514 2 2 2 2 2 2
2009-04-10T19:30:00 2009 4 10 19 30 0 -1.3 0.1 511.0 2.7 1.3 0.94 2.95 0.74 2 2 2 2 2 2 2 2 3.3 2.23 -7.0 0.1 0.1 0.1 0.1 0.1 0.1 0.286 0.3 0.197 0.216 0.399 0.381 2 2 2 2 2 2
2009-04-10T20:30:00 2009 4 10 20 30 0 1.3 1.3 513.0 3.1 1.53 0.03 0.0 0.0 2 2 2 2 2 2 2 2 3.3 2.43 -4.0 1.3 1.3 1.3 1.3 1.3 1.3 0.193 0.149 0.191 0.121 0.126 0.158 2 2 2 2 2 2
2009-04-10T21:30:00 2009 4 10 21 30 0 1.9 3.0 516.0 2.8 1.48 0.07 0.0 0.0 2 2 2 2 2 2 2 2 1.3 2.37 -3.0 3.0 3.0 3.0 3.0 3.0 3.0 0.131 0.074 0.185 0.068 0.04 0.065 2 2 2 2 2 2
2009-04-10T22:30:00 2009 4 10 22 30 0 -1.4 -1.7 520.0 3.1 1.66 0.23 0.99 0.3 2 2 2 2 2 2 2 2 1.3 2.31 -4.0 -1.7 -1.7 -1.7 -1.7 -1.7 -1.7 0.144 0.138 0.183 0.091 0.234 0.229 2 2 2 2 2 2
2009-04-10T23:30:00 2009 4 10 23 30 0 -3.1 -1.3 531.0 2.6 1.44 1.6 3.9 1.11 2 2 2 2 2 2 2 2 1.3 2.21 -11.0 -1.3 -1.3 -1.3 -1.3 -1.3 -1.3 0.219 0.263 0.189 0.166 0.466 0.438 2 2 2 2 2 2
