2009-12-02T00:30:00 2009 12 2 0 30 0 -0.3 0.3 264.0 7.8 1.09 0.0 0.0 0.0 2 2 2 2 2 2 2 2 0.0 0.0 2.0 0.3 0.3 0.3 0.3 0.3 0.3 0.024 0.03 0.033 0.005 0.005 0.018 2 2 2 2 2 2
2009-12-02T01:30:00 2009 12 2 1 30 0 0.3 0.1 273.0 8.0 1.19 0.0 0.0 0.0 2 2 2 2 2 2 2 2 0.0 0.0 5.0 0.1 0.1 0.1 0.1 0.1 0.1 0.016 0.015 0.032 0.003 0.002 0.007 2 2 2 2 2 2
2009-12-02T02:30:00 2009 12 2 2 30 0 -0.7 0.3 265.0 8.9 1.25 0.0 0.0 0.0 2 2 2 2 2 2 2 2 0.0 0.0 8.0 0.3 0.3 0.3 0.3 0.3 0.3 0.011 0.007 0.031 0.002 0.001 0.003 2 2 2 2 2 2
2009-12-02T03:30:00 2009 12 2 3 30 0 -0.6 -0.3 267.0 9.6 1.37 0.03 0.12 0.11 2 2 2 2 2 2 2 2 0.0 0.0 7.0 -0.3 -0.3 -0.3 -0.3 -0.3 -0.3 0.02 0.056 0.03 0.005 0.04 0.077 2 2 2 2 2 2
2009-12-02T04:30:00 2009 12 2 4 30 0 1.6 -1.0 269.0 10.0 1.45 0.15 0.91 0.9 2 2 2 2 2 2 2 2 0.0 0.0 7.0 -1.0 -1.0 -1.0 -1.0 -1.0 -1.0 0.08 0.232 0.031 0.041 0.163 0.287 2 2 2 2 2 2
2009-12-02T05:30:00 2009 12 2 5 30 0 0.3 -2.4 271.0 9.7 1.42 0.61 2.38 2.33 2 2 2 2 2 2 2 2 0.0 0.0 4.0 -2.4 -2.4 -2.4 -2.4 -2.4 -2.4 0.203 0.493 0.035 0.148 0.338 0.536 2 2 2 2 2 2
2009-12-02T06:30:00 2009 12 2 6 30 0 -0.1 -2.2 275.0 11.9 1.8 0.85 3.13 3.4 2 2 2 2 2 2 2 2 0.3 0.04 1.0 -2.2 -2.2 -2.2 -2.2 -2.2 -2.2 0.321 0.692 0.042 0.246 0.444 0.778 2 2 2 2 2 2
2009-12-02T07:30:00 2009 12 2 7 30 0 -0.7 0.8 278.0 11.8 1.82 0.18 0.99 1.17 2 2 2 2 2 2 2 2 0.3 0.08 0.0 0.8 0.8 0.8 0.8 0.8 0.8 0.261 0.455 0.042 0.165 0.212 0.477 2 2 2 2 2 2
2009-12-02T08:30:00 2009 12 2 8 30 0 -0.9 2.0 281.0 13.4 2.12 0.01 0.0 0.0 2 2 2 2 2 2 2 2 0.3 0.12 4.0 2.0 2.0 2.0 2.0 2.0 2.0 0.177 0.226 0.041 0.093 0.067 0.198 2 2 2 2 2 2
2009-12-02T09:30:00 2009 12 2 9 30 0 -0.7 2.8 279.0 13.1 2.04 0.0 0.0 0.0 2 2 2 2 2 2 2 2 0.3 0.15 6.0 2.8 2.8 2.8 2.8 2.8 2.8 0.12 0.112 0.04 0.052 0.021 0.082 2 2 2 2 2 2
2009-12-02T10:30:00 2009 12 2 10 30 0 -1.0 3.7 281.0 9.2 1.45 0.0 0.0 0.0 2 2 2 2 2 2 2 2 0.3 0.19 7.0 3.7 3.7 3.7 3.7 3.7 3.7 0.081 0.056 0.038 0.029 0.007 0.034 2 2 2 2 2 2
2009-12-02T11:30:00 2009 12 2 11 30 0 -1.3 2.5 280.0 11.8 1.85 0.01 0.0 0.0 2 2 2 2 2 2 2 2 0.3 0.23 8.0 2.5 2.5 2.5 2.5 2.5 2.5 0.055 0.028 0.037 0.016 0.002 0.014 2 2 2 2 2 2
2009-12-02T12:30:00 2009 12 2 12 30 0 -0.6 2.3 280.0 10.1 1.58 0.01 0.0 0.0 2 2 2 2 2 2 2 2 0.3 0.26 6.0 2.3 2.3 2.3 2.3 2.3 2.3 0.037 0.014 0.036 0.009 0.001 0.006 2 2 2 2 2 2
2009-12-02T13:30:00 2009 12 2 13 30 0 -1.6 1.8 275.0 9.5 1.44 0.02 0.0 0.0 2 2 2 2 2 2 2 2 0.3 0.3 6.0 1.8 1.8 1.8 1.8 1.8 1.8 0.025 0.007 0.035 0.005 0.0 0.002 2 2 2 2 2 2
2009-12-02T14:30:00 2009 12 2 14 30 0 -1.9 1.0 275.0 9.1 1.38 0.07 0.0 0.0 2 2 2 2 2 2 2 2 0.3 0.3 4.0 1.0 1.0 1.0 1.0 1.0 1.0 0.017 0.003 0.034 0.003 0.0 0.001 2 2 2 2 2 2
2009-12-02T15:30:00 2009 12 2 15 30 0 -1.4 1.6 280.0 7.7 1.21 0.06 0.0 0.0 2 2 2 2 2 2 2 2 0.0 0.26 4.0 1.6 1.6 1.6 1.6 1.6 1.6 0.012 0.002 0.033 0.002 0.0 0.0 2 2 2 2 2 2
2009-12-02T16:30:00 2009 12 2 16 30 0 -2.4 -0.4 277.0 8.0 1.23 0.18 0.08 0.06 2 2 2 2 2 2 2 2 0.0 0.22 3.0 -0.4 -0.4 -0.4 -0.4 -0.4 -0.4 0.018 0.039 0.032 0.006 0.033 0.05 2 2 2 2 2 2
2009-12-02T17:30:00 2009 12 2 17 30 0 -1.8 0.3 282.0 7.5 1.19 0.26 0.14 0.11 2 2 2 2 2 2 2 2 0.0 0.18 1.0 0.3 0.3 0.3 0.3 0.3 0.3 0.018 0.041 0.031 0.005 0.024 0.05 2 2 2 2 2 2
2009-12-02T18:30:00 2009 12 2 18 30 0 -1.6 0.0 280.0 9.6 1.51 0.15 0.0 0.0 2 2 2 2 2 2 2 2 0.3 0.19 4.0 0.0 0.0 0.0 0.0 0.0 0.0 0.012 0.021 0.03 0.003 0.008 0.021 2 2 2 2 2 2
2009-12-02T19:30:00 2009 12 2 19 30 0 -1.0 0.1 276.0 10.2 1.55 0.09 0.0 0.0 2 2 2 2 2 2 2 2 0.3 0.19 5.0 0.1 0.1 0.1 0.1 0.1 0.1 0.008 0.01 0.029 0.002 0.002 0.009 2 2 2 2 2 2
2009-12-02T20:30:00 2009 12 2 20 30 0 -1.3 -0.5 272.0 9.1 1.35 0.11 0.31 0.29 2 2 2 2 2 2 2 2 0.3 0.19 3.0 -0.5 -0.5 -0.5 -0.5 -0.5 -0.5 0.034 0.109 0.029 0.013 0.08 0.149 2 2 2 2 2 2
2009-12-02T21:30:00 2009 12 2 21 30 0 -1.4 1.2 265.0 6.6 0.93 0.08 0.07 0.06 2 2 2 2 2 2 2 2 0.0 0.15 0.0 1.2 1.2 1.2 1.2 1.2 1.2 0.025 0.061 0.028 0.007 0.03 0.073 2 2 2 2 2 2
2009-12-02T22:30:00 2009 12 2 22 30 0 -0.3 0.4 265.0 7.6 1.07 0.01 0.0 0.0 2 2 2 2 2 2 2 2 0.0 0.11 0.0 0.4 0.4 0.4 0.4 0.4 0.4 0.017 0.031 0.027 0.004 0.009 0.03 2 2 2 2 2 2
2009-12-02T23:30:00 2009 12 2 23 30 0 0.2 -0.4 268.0 8.1 1.16 0.01 0.16 0.13 2 2 2 2 2 2 2 2 0.0 0.11 1.0 -0.4 -0.4 -0.4 -0.4 -0.4 -0.4 0.027 0.074 0.027 0.008 0.049 0.084 2 2 2 2 2 2
