2009-04-20T00:30:00 2009 4 20 0 30 0 1.6 -0.7 439.0 2.6 0.92 0.59 0.51 0.14 2 2 2 2 2 2 2 2 2.0 1.16 -7.0 -0.7 -0.7 -0.7 -0.7 -0.7 -0.7 0.034 0.067 0.057 0.018 0.108 0.092 2 2 2 2 2 2
2009-04-20T01:30:00 2009 4 20 1 30 0 2.4 -1.0 436.0 2.6 0.9 0.74 1.89 0.49 2 2 2 2 2 2 2 2 2.0 1.37 -7.0 -1.0 -1.0 -1.0 -1.0 -1.0 -1.0 0.09 0.168 0.059 0.058 0.243 0.197 2 2 2 2 2 2
2009-04-20T02:30:00 2009 4 20 2 30 0 1.9 1.4 450.0 2.8 1.05 0.4 0.37 0.1 2 2 2 2 2 2 2 2 2.0 1.5 -3.0 1.4 1.4 1.4 1.4 1.4 1.4 0.068 0.098 0.057 0.036 0.096 0.1 2 2 2 2 2 2
2009-04-20T03:30:00 2009 4 20 3 30 0 2.2 1.0 442.0 2.6 0.96 0.19 0.0 0.0 2 2 2 2 2 2 2 2 1.7 1.58 -1.0 1.0 1.0 1.0 1.0 1.0 1.0 0.046 0.049 0.056 0.02 0.03 0.042 2 2 2 2 2 2
2009-04-20T04:30:00 2009 4 20 4 30 0 0.6 -0.4 429.0 2.9 1.01 0.14 0.16 0.05 2 2 2 2 2 2 2 2 1.7 1.67 -2.0 -0.4 -0.4 -0.4 -0.4 -0.4 -0.4 0.043 0.056 0.054 0.017 0.061 0.066 2 2 2 2 2 2
2009-04-20T05:30:00 2009 4 20 5 30 0 1.1 0.2 437.0 2.9 1.04 0.08 0.25 0.07 2 2 2 2 2 2 2 2 1.7 1.72 -4.0 0.2 0.2 0.2 0.2 0.2 0.2 0.036 0.046 0.053 0.012 0.043 0.055 2 2 2 2 2 2
2009-04-20T06:30:00 2009 4 20 6 30 0 2.6 0.8 458.0 2.9 1.16 0.24 0.0 0.0 2 2 2 2 2 2 2 2 1.0 1.67 -3.0 0.8 0.8 0.8 0.8 0.8 0.8 0.025 0.023 0.051 0.007 0.013 0.023 2 2 2 2 2 2
2009-04-20T07:30:00 2009 4 20 7 30 0 1.7 1.3 458.0 3.1 1.2 0.23 0.0 0.0 2 2 2 2 2 2 2 2 1.0 1.63 -2.0 1.3 1.3 1.3 1.3 1.3 1.3 0.017 0.011 0.05 0.004 0.004 0.009 2 2 2 2 2 2
2009-04-20T08:30:00 2009 4 20 8 30 0 3.4 0.6 443.0 3.0 1.1 0.42 0.0 0.0 2 2 2 2 2 2 2 2 1.0 1.5 -1.0 0.6 0.6 0.6 0.6 0.6 0.6 0.011 0.006 0.048 0.002 0.001 0.004 2 2 2 2 2 2
2009-04-20T09:30:00 2009 4 20 9 30 0 3.6 -0.5 437.0 2.3 0.82 1.11 0.3 0.07 2 2 2 2 2 2 2 2 0.7 1.34 -3.0 -0.5 -0.5 -0.5 -0.5 -0.5 -0.5 0.024 0.044 0.047 0.01 0.07 0.055 2 2 2 2 2 2
2009-04-20T10:30:00 2009 4 20 10 30 0 3.1 -0.2 436.0 2.5 0.88 1.16 0.74 0.18 2 2 2 2 2 2 2 2 0.7 1.18 -4.0 -0.2 -0.2 -0.2 -0.2 -0.2 -0.2 0.042 0.083 0.047 0.017 0.113 0.102 2 2 2 2 2 2
2009-04-20T11:30:00 2009 4 20 11 30 0 3.7 2.1 445.0 2.5 0.92 0.7 0.0 0.0 2 2 2 2 2 2 2 2 0.7 1.05 -6.0 2.1 2.1 2.1 2.1 2.1 2.1 0.028 0.041 0.045 0.01 0.036 0.042 2 2 2 2 2 2
2009-04-20T12:30:00 2009 4 20 12 30 0 3.5 1.7 442.0 2.8 1.0 0.57 0.0 0.0 2 2 2 2 2 2 2 2 1.0 0.97 -6.0 1.7 1.7 1.7 1.7 1.7 1.7 0.019 0.02 0.044 0.005 0.011 0.017 2 2 2 2 2 2
2009-04-20T13:30:00 2009 4 20 13 30 0 3.5 0.7 442.0 2.9 1.02 0.7 0.0 0.0 2 2 2 2 2 2 2 2 1.0 0.89 -7.0 0.7 0.7 0.7 0.7 0.7 0.7 0.013 0.01 0.043 0.003 0.004 0.007 2 2 2 2 2 2
2009-04-20T14:30:00 2009 4 20 14 30 0 3.0 1.0 437.0 2.7 0.94 0.64 0.0 0.0 2 2 2 2 2 2 2 2 1.0 0.89 -6.0 1.0 1.0 1.0 1.0 1.0 1.0 0.009 0.005 0.041 0.002 0.001 0.003 2 2 2 2 2 2
2009-04-20T15:30:00 2009 4 20 15 30 0 0.3 0.9 430.0 2.8 0.94 0.14 0.0 0.0 2 2 2 2 2 2 2 2 1.3 0.93 -6.0 0.9 0.9 0.9 0.9 0.9 0.9 0.006 0.003 0.04 0.001 0.0 0.001 2 2 2 2 2 2
2009-04-20T16:30:00 2009 4 20 16 30 0 0.8 -0.7 434.0 2.5 0.89 0.06 0.4 0.1 2 2 2 2 2 2 2 2 1.3 0.97 -6.0 -0.7 -0.7 -0.7 -0.7 -0.7 -0.7 0.026 0.054 0.04 0.014 0.088 0.067 2 2 2 2 2 2
2009-04-20T17:30:00 2009 4 20 17 30 0 1.9 -0.6 443.0 2.7 1.01 0.38 1.42 0.37 2 2 2 2 2 2 2 2 1.3 1.04 -6.0 -0.6 -0.6 -0.6 -0.6 -0.6 -0.6 0.068 0.133 0.041 0.039 0.193 0.164 2 2 2 2 2 2
2009-04-20T18:30:00 2009 4 20 18 30 0 0.4 1.6 443.0 2.7 0.99 0.12 0.13 0.03 2 2 2 2 2 2 2 2 0.3 0.99 -8.0 1.6 1.6 1.6 1.6 1.6 1.6 0.047 0.07 0.04 0.022 0.066 0.075 2 2 2 2 2 2
2009-04-20T19:30:00 2009 4 20 19 30 0 1.8 2.2 437.0 2.2 0.77 0.03 0.0 0.0 2 2 2 2 2 2 2 2 0.3 0.93 -9.0 2.2 2.2 2.2 2.2 2.2 2.2 0.032 0.035 0.038 0.012 0.021 0.031 2 2 2 2 2 2
2009-04-20T20:30:00 2009 4 20 20 30 0 1.0 2.6 437.0 2.5 0.87 0.04 0.0 0.0 2 2 2 2 2 2 2 2 0.3 0.84 -6.0 2.6 2.6 2.6 2.6 2.6 2.6 0.022 0.017 0.037 0.007 0.007 0.013 2 2 2 2 2 2
2009-04-20T21:30:00 2009 4 20 21 30 0 1.6 1.8 430.0 2.6 0.87 0.04 0.0 0.0 2 2 2 2 2 2 2 2 0.3 0.75 -6.0 1.8 1.8 1.8 1.8 1.8 1.8 0.015 0.009 0.036 0.004 0.002 0.005 2 2 2 2 2 2
2009-04-20T22:30:00 2009 4 20 22 30 0 0.3 2.5 452.0 2.7 1.0 0.02 0.0 0.0 2 2 2 2 2 2 2 2 0.3 0.66 -6.0 2.5 2.5 2.5 2.5 2.5 2.5 0.01 0.004 0.035 0.002 0.001 0.002 2 2 2 2 2 2
2009-04-20T23:30:00 2009 4 20 23 30 0 0.0 1.0 452.0 3.1 1.17 0.0 0.0 0.0 2 2 2 2 2 2 2 2 0.3 0.54 -6.0 1.0 1.0 1.0 1.0 1.0 1.0 0.007 0.002 0.034 0.001 0.0 0.001 2 2 2 2 2 2
