2009-08-19T00:30:00 2009 8 19 0 30 0 -4.7 1.2 333.0 6.4 1.42 0.61 0.0 0.0 2 2 2 2 2 2 2 2 0.3 0.76 4.0 1.2 1.2 1.2 1.2 1.2 1.2 0.095 0.082 0.042 0.033 0.022 0.068 2 2 2 2 2 2
2009-08-19T01:30:00 2009 8 19 1 30 0 -4.3 -0.3 336.0 6.2 1.4 1.19 0.07 0.05 2 2 2 2 2 2 2 2 0.3 0.71 4.0 -0.3 -0.3 -0.3 -0.3 -0.3 -0.3 0.073 0.07 0.041 0.022 0.04 0.077 2 2 2 2 2 2
2009-08-19T02:30:00 2009 8 19 2 30 0 -3.5 2.1 338.0 5.7 1.3 0.75 0.01 0.01 2 2 2 2 2 2 2 2 0.3 0.66 2.0 2.1 2.1 2.1 2.1 2.1 2.1 0.049 0.035 0.04 0.012 0.013 0.032 2 2 2 2 2 2
2009-08-19T03:30:00 2009 8 19 3 30 0 -4.4 1.7 335.0 4.6 1.03 0.57 0.0 0.0 2 2 2 2 2 2 2 2 0.3 0.6 2.0 1.7 1.7 1.7 1.7 1.7 1.7 0.033 0.017 0.039 0.007 0.004 0.013 2 2 2 2 2 2
2009-08-19T04:30:00 2009 8 19 4 30 0 -5.3 1.1 348.0 5.7 1.38 1.09 0.0 0.0 2 2 2 2 2 2 2 2 0.3 0.55 2.0 1.1 1.1 1.1 1.1 1.1 1.1 0.023 0.009 0.037 0.004 0.001 0.005 2 2 2 2 2 2
2009-08-19T05:30:00 2009 8 19 5 30 0 -2.5 1.3 341.0 7.7 1.79 0.68 0.0 0.0 2 2 2 2 2 2 2 2 0.3 0.47 2.0 1.3 1.3 1.3 1.3 1.3 1.3 0.015 0.004 0.036 0.002 0.0 0.002 2 2 2 2 2 2
2009-08-19T06:30:00 2009 8 19 6 30 0 -3.3 -1.0 342.0 8.2 1.92 0.65 0.45 0.36 2 2 2 2 2 2 2 2 0.7 0.44 3.0 -1.0 -1.0 -1.0 -1.0 -1.0 -1.0 0.05 0.112 0.036 0.027 0.125 0.208 2 2 2 2 2 2
2009-08-19T07:30:00 2009 8 19 7 30 0 -3.0 -0.4 340.0 10.9 2.52 0.96 1.15 1.09 2 2 2 2 2 2 2 2 0.7 0.4 5.0 -0.4 -0.4 -0.4 -0.4 -0.4 -0.4 0.099 0.233 0.038 0.052 0.215 0.475 2 2 2 2 2 2
2009-08-19T08:30:00 2009 8 19 8 30 0 -1.8 0.4 335.0 11.3 2.54 0.4 0.14 0.16 2 2 2 2 2 2 2 2 0.7 0.46 10.0 0.4 0.4 0.4 0.4 0.4 0.4 0.073 0.133 0.036 0.031 0.082 0.241 2 2 2 2 2 2
2009-08-19T09:30:00 2009 8 19 9 30 0 -1.8 0.4 342.0 11.9 2.78 0.17 0.0 0.0 2 2 2 2 2 2 2 2 2.0 0.68 14.0 0.4 0.4 0.4 0.4 0.4 0.4 0.049 0.066 0.035 0.017 0.026 0.1 2 2 2 2 2 2
2009-08-19T10:30:00 2009 8 19 10 30 0 1.7 -2.9 344.0 15.0 3.55 0.68 2.4 3.4 2 2 2 2 2 2 2 2 2.0 0.89 12.0 -2.9 -2.9 -2.9 -2.9 -2.9 -2.9 0.225 0.472 0.044 0.201 0.48 1.186 2 2 2 2 2 2
2009-08-19T11:30:00 2009 8 19 11 30 0 0.8 -6.5 352.0 16.5 4.09 4.92 8.46 13.46 2 2 2 2 2 2 2 2 2.0 1.11 2.0 -6.5 -6.5 -6.5 -6.5 -6.5 -6.5 0.688 1.213 0.089 0.895 1.214 3.001 2 2 2 2 2 2
2009-08-19T12:30:00 2009 8 19 12 30 0 1.4 -7.8 350.0 16.1 3.94 9.79 12.64 20.57 2 2 2 2 2 2 2 2 3.0 1.45 -12.0 -7.8 -7.8 -7.8 -7.8 -7.8 -7.8 1.188 1.828 0.16 1.695 1.708 4.273 2 2 2 2 2 2
2009-08-19T13:30:00 2009 8 19 13 30 0 5.4 -4.9 348.0 14.7 3.56 8.81 10.87 16.74 2 2 2 2 2 2 2 2 3.0 1.79 -23.0 -4.9 -4.9 -4.9 -4.9 -4.9 -4.9 1.383 1.919 0.21 1.81 1.606 4.172 2 2 2 2 2 2
2009-08-19T14:30:00 2009 8 19 14 30 0 -1.2 -7.4 341.0 15.6 3.63 8.03 10.76 16.37 2 2 2 2 2 2 2 2 3.0 2.08 -21.0 -7.4 -7.4 -7.4 -7.4 -7.4 -7.4 1.563 2.055 0.262 1.994 1.669 4.25 2 2 2 2 2 2
2009-08-19T15:30:00 2009 8 19 15 30 0 -3.1 -5.1 347.0 10.4 2.11 7.66 10.59 13.7 2 2 2 2 2 2 2 2 2.3 2.27 -27.0 -5.1 -5.1 -5.1 -5.1 -5.1 -5.1 1.585 1.932 0.303 1.891 1.483 3.515 2 2 2 2 2 2
2009-08-19T16:30:00 2009 8 19 16 30 0 -8.5 1.5 359.0 6.8 1.49 3.97 3.09 2.89 2 2 2 2 2 2 2 2 2.3 2.46 -30.0 1.5 1.5 1.5 1.5 1.5 1.5 1.182 1.165 0.302 1.166 0.664 1.815 2 2 2 2 2 2
2009-08-19T17:30:00 2009 8 19 17 30 0 -9.2 -0.7 365.0 5.4 1.25 4.95 0.26 0.14 2 2 2 2 2 2 2 2 2.3 2.49 -26.0 -0.7 -0.7 -0.7 -0.7 -0.7 -0.7 0.823 0.643 0.293 0.666 0.292 0.86 2 2 2 2 2 2
2009-08-19T18:30:00 2009 8 19 18 30 0 -8.6 -2.9 366.0 5.0 1.19 7.24 3.46 1.78 2 2 2 2 2 2 2 2 2.7 2.57 -25.0 -2.9 -2.9 -2.9 -2.9 -2.9 -2.9 0.719 0.638 0.294 0.535 0.478 0.752 2 2 2 2 2 2
2009-08-19T19:30:00 2009 8 19 19 30 0 -5.8 1.5 397.0 6.6 1.79 4.26 1.56 0.84 2 2 2 2 2 2 2 2 2.7 2.66 -23.0 1.5 1.5 1.5 1.5 1.5 1.5 0.534 0.408 0.288 0.335 0.246 0.444 2 2 2 2 2 2
2009-08-19T20:30:00 2009 8 19 20 30 0 -2.6 -0.9 404.0 7.0 1.98 1.27 0.42 0.29 2 2 2 2 2 2 2 2 2.7 2.62 -18.0 -0.9 -0.9 -0.9 -0.9 -0.9 -0.9 0.398 0.295 0.281 0.212 0.213 0.412 2 2 2 2 2 2
2009-08-19T21:30:00 2009 8 19 21 30 0 -2.9 -1.3 394.0 8.0 2.14 1.18 2.22 1.68 2 2 2 2 2 2 2 2 3.0 2.63 -20.0 -1.3 -1.3 -1.3 -1.3 -1.3 -1.3 0.389 0.406 0.279 0.214 0.403 0.76 2 2 2 2 2 2
2009-08-19T22:30:00 2009 8 19 22 30 0 -1.6 0.7 413.0 9.3 2.71 0.55 0.74 0.61 2 2 2 2 2 2 2 2 3.0 2.63 -16.0 0.7 0.7 0.7 0.7 0.7 0.7 0.292 0.265 0.271 0.136 0.197 0.484 2 2 2 2 2 2
2009-08-19T23:30:00 2009 8 19 23 30 0 -2.0 2.8 443.0 8.7 2.92 0.1 0.0 0.0 2 2 2 2 2 2 2 2 3.0 2.72 -15.0 2.8 2.8 2.8 2.8 2.8 2.8 0.198 0.132 0.263 0.076 0.062 0.201 2 2 2 2 2 2
