2009-02-18T00:30:00 2009 2 18 0 30 0 0.0 -1.5 354.0 5.3 1.14 0.35 2.25 1.22 2 2 2 2 2 2 2 2 2.0 0.76 -3.0 -1.5 -1.5 -1.5 -1.5 -1.5 -1.5 0.212 0.388 0.095 0.133 0.354 0.459 2 2 2 2 2 2
2009-02-18T01:30:00 2009 2 18 1 30 0 -1.0 -1.3 353.0 5.0 1.09 0.46 2.46 1.26 2 2 2 2 2 2 2 2 2.0 1.01 -2.0 -1.3 -1.3 -1.3 -1.3 -1.3 -1.3 0.251 0.425 0.097 0.159 0.37 0.473 2 2 2 2 2 2
2009-02-18T02:30:00 2009 2 18 2 30 0 -1.2 -0.6 355.0 5.3 1.18 0.34 1.63 0.84 2 2 2 2 2 2 2 2 2.0 1.22 -2.0 -0.6 -0.6 -0.6 -0.6 -0.6 -0.6 0.24 0.377 0.097 0.134 0.298 0.417 2 2 2 2 2 2
2009-02-18T03:30:00 2009 2 18 3 30 0 -0.3 -0.5 355.0 6.0 1.33 0.13 0.97 0.55 2 2 2 2 2 2 2 2 0.3 1.21 -5.0 -0.5 -0.5 -0.5 -0.5 -0.5 -0.5 0.212 0.318 0.096 0.102 0.237 0.377 2 2 2 2 2 2
2009-02-18T04:30:00 2009 2 18 4 30 0 -1.1 0.2 349.0 7.3 1.58 0.06 0.28 0.18 2 2 2 2 2 2 2 2 0.3 1.2 -4.0 0.2 0.2 0.2 0.2 0.2 0.2 0.155 0.19 0.093 0.061 0.104 0.213 2 2 2 2 2 2
2009-02-18T05:30:00 2009 2 18 5 30 0 -0.9 0.0 347.0 8.5 1.8 0.06 0.0 0.0 2 2 2 2 2 2 2 2 0.3 1.1 -4.0 0.0 0.0 0.0 0.0 0.0 0.0 0.105 0.094 0.09 0.034 0.033 0.089 2 2 2 2 2 2
2009-02-18T06:30:00 2009 2 18 6 30 0 -1.7 0.7 343.0 9.1 1.87 0.09 0.0 0.0 2 2 2 2 2 2 2 2 0.0 0.97 -3.0 0.7 0.7 0.7 0.7 0.7 0.7 0.071 0.047 0.088 0.019 0.01 0.037 2 2 2 2 2 2
2009-02-18T07:30:00 2009 2 18 7 30 0 -0.8 -0.3 334.0 6.5 1.29 0.09 0.1 0.07 2 2 2 2 2 2 2 2 0.0 0.84 -3.0 -0.3 -0.3 -0.3 -0.3 -0.3 -0.3 0.059 0.061 0.085 0.015 0.045 0.085 2 2 2 2 2 2
2009-02-18T08:30:00 2009 2 18 8 30 0 0.7 -1.2 336.0 4.8 0.96 0.16 1.32 0.72 2 2 2 2 2 2 2 2 0.0 0.59 -1.0 -1.2 -1.2 -1.2 -1.2 -1.2 -1.2 0.111 0.207 0.085 0.056 0.199 0.244 2 2 2 2 2 2
2009-02-18T09:30:00 2009 2 18 9 30 0 -1.2 -1.0 331.0 5.0 0.98 0.29 1.82 0.89 2 2 2 2 2 2 2 2 0.0 0.35 2.0 -1.0 -1.0 -1.0 -1.0 -1.0 -1.0 0.156 0.294 0.086 0.087 0.258 0.307 2 2 2 2 2 2
2009-02-18T10:30:00 2009 2 18 10 30 0 -1.6 -0.3 336.0 5.9 1.19 0.29 1.03 0.56 2 2 2 2 2 2 2 2 0.0 0.11 2.0 -0.3 -0.3 -0.3 -0.3 -0.3 -0.3 0.153 0.27 0.085 0.073 0.203 0.29 2 2 2 2 2 2
2009-02-18T11:30:00 2009 2 18 11 30 0 -1.6 0.5 338.0 6.8 1.39 0.17 0.07 0.05 2 2 2 2 2 2 2 2 0.0 0.07 -2.0 0.5 0.5 0.5 0.5 0.5 0.5 0.106 0.142 0.082 0.042 0.071 0.134 2 2 2 2 2 2
2009-02-18T12:30:00 2009 2 18 12 30 0 -2.2 -1.1 334.0 5.8 1.16 0.39 0.71 0.43 2 2 2 2 2 2 2 2 0.3 0.08 -1.0 -1.1 -1.1 -1.1 -1.1 -1.1 -1.1 0.12 0.201 0.081 0.055 0.164 0.235 2 2 2 2 2 2
2009-02-18T13:30:00 2009 2 18 13 30 0 -1.6 -0.8 333.0 6.0 1.2 0.54 1.56 0.92 2 2 2 2 2 2 2 2 0.3 0.08 -5.0 -0.8 -0.8 -0.8 -0.8 -0.8 -0.8 0.157 0.286 0.082 0.079 0.238 0.336 2 2 2 2 2 2
2009-02-18T14:30:00 2009 2 18 14 30 0 -1.9 -0.7 332.0 5.7 1.11 0.42 1.24 0.72 2 2 2 2 2 2 2 2 0.3 0.12 -4.0 -0.7 -0.7 -0.7 -0.7 -0.7 -0.7 0.169 0.303 0.081 0.081 0.236 0.346 2 2 2 2 2 2
2009-02-18T15:30:00 2009 2 18 15 30 0 -1.6 -1.9 329.0 5.9 1.13 0.71 2.23 1.3 2 2 2 2 2 2 2 2 0.3 0.15 -5.0 -1.9 -1.9 -1.9 -1.9 -1.9 -1.9 0.229 0.411 0.084 0.139 0.342 0.446 2 2 2 2 2 2
2009-02-18T16:30:00 2009 2 18 16 30 0 -0.6 -2.2 329.0 5.4 1.03 0.97 3.39 1.91 2 2 2 2 2 2 2 2 0.3 0.19 -5.0 -2.2 -2.2 -2.2 -2.2 -2.2 -2.2 0.307 0.523 0.089 0.217 0.432 0.52 2 2 2 2 2 2
2009-02-18T17:30:00 2009 2 18 17 30 0 -1.1 -1.7 334.0 6.0 1.18 0.83 3.2 1.83 2 2 2 2 2 2 2 2 0.3 0.23 -6.0 -1.7 -1.7 -1.7 -1.7 -1.7 -1.7 0.348 0.56 0.094 0.245 0.442 0.556 2 2 2 2 2 2
2009-02-18T18:30:00 2009 2 18 18 30 0 -1.3 -2.0 328.0 5.2 0.99 0.85 3.08 1.71 2 2 2 2 2 2 2 2 1.0 0.36 -8.0 -2.0 -2.0 -2.0 -2.0 -2.0 -2.0 0.374 0.574 0.098 0.259 0.44 0.542 2 2 2 2 2 2
2009-02-18T19:30:00 2009 2 18 19 30 0 -1.6 -2.1 332.0 5.9 1.14 1.07 3.39 1.89 2 2 2 2 2 2 2 2 1.0 0.48 -8.0 -2.1 -2.1 -2.1 -2.1 -2.1 -2.1 0.405 0.604 0.103 0.283 0.465 0.572 2 2 2 2 2 2
2009-02-18T20:30:00 2009 2 18 20 30 0 -1.3 -1.6 329.0 7.0 1.33 0.9 3.02 1.96 2 2 2 2 2 2 2 2 1.0 0.57 -8.0 -1.6 -1.6 -1.6 -1.6 -1.6 -1.6 0.415 0.607 0.107 0.279 0.454 0.623 2 2 2 2 2 2
2009-02-18T21:30:00 2009 2 18 21 30 0 -0.7 -1.8 321.0 7.6 1.57 0.68 2.77 2.03 2 2 2 2 2 2 2 2 2.0 0.79 -6.0 -1.8 -1.8 -1.8 -1.8 -1.8 -1.8 0.422 0.621 0.11 0.276 0.454 0.681 2 2 2 2 2 2
2009-02-18T22:30:00 2009 2 18 22 30 0 -0.6 -1.5 324.0 8.7 1.83 0.57 2.64 2.16 2 2 2 2 2 2 2 2 2.0 1.01 -1.0 -1.5 -1.5 -1.5 -1.5 -1.5 -1.5 0.424 0.627 0.113 0.268 0.449 0.751 2 2 2 2 2 2
2009-02-18T23:30:00 2009 2 18 23 30 0 0.2 0.7 316.0 9.1 1.82 0.09 0.72 0.64 2 2 2 2 2 2 2 2 2.0 1.22 -1.0 0.7 0.7 0.7 0.7 0.7 0.7 0.317 0.384 0.111 0.166 0.2 0.429 2 2 2 2 2 2
