2009-08-23T00:30:00 2009 8 23 0 30 0 -2.1 1.9 511.0 2.0 1.03 0.24 0.0 0.0 2 2 2 2 2 2 2 2 1.3 1.11 -7.0 1.9 1.9 1.9 1.9 1.9 1.9 0.008 0.007 0.081 0.002 0.006 0.007 2 2 2 2 2 2
2009-08-23T01:30:00 2009 8 23 1 30 0 -2.6 0.2 511.0 2.0 1.02 0.37 0.0 0.0 2 2 2 2 2 2 2 2 1.3 1.19 -6.0 0.2 0.2 0.2 0.2 0.2 0.2 0.006 0.004 0.078 0.001 0.002 0.003 2 2 2 2 2 2
2009-08-23T02:30:00 2009 8 23 2 30 0 -2.0 1.0 490.0 2.0 0.95 0.38 0.0 0.0 2 2 2 2 2 2 2 2 1.3 1.19 -9.0 1.0 1.0 1.0 1.0 1.0 1.0 0.004 0.002 0.076 0.001 0.001 0.001 2 2 2 2 2 2
2009-08-23T03:30:00 2009 8 23 3 30 0 -1.2 -0.6 482.0 2.2 1.01 0.24 0.34 0.07 2 2 2 2 2 2 2 2 2.3 1.32 -10.0 -0.6 -0.6 -0.6 -0.6 -0.6 -0.6 0.021 0.044 0.074 0.012 0.085 0.064 2 2 2 2 2 2
2009-08-23T04:30:00 2009 8 23 4 30 0 -1.5 -0.7 483.0 2.0 0.92 0.4 1.58 0.33 2 2 2 2 2 2 2 2 2.3 1.45 -9.0 -0.7 -0.7 -0.7 -0.7 -0.7 -0.7 0.066 0.122 0.075 0.04 0.207 0.154 2 2 2 2 2 2
2009-08-23T05:30:00 2009 8 23 5 30 0 -2.1 -1.7 481.0 1.7 0.77 0.99 2.99 0.54 2 2 2 2 2 2 2 2 2.3 1.62 -12.0 -1.7 -1.7 -1.7 -1.7 -1.7 -1.7 0.135 0.213 0.08 0.103 0.347 0.218 2 2 2 2 2 2
2009-08-23T06:30:00 2009 8 23 6 30 0 -1.0 -1.5 481.0 1.5 0.68 1.11 3.83 0.61 2 2 2 2 2 2 2 2 1.3 1.65 -16.0 -1.5 -1.5 -1.5 -1.5 -1.5 -1.5 0.189 0.262 0.085 0.148 0.396 0.229 2 2 2 2 2 2
2009-08-23T07:30:00 2009 8 23 7 30 0 -1.3 0.7 488.0 1.4 0.66 0.28 1.09 0.16 2 2 2 2 2 2 2 2 1.3 1.68 -16.0 0.7 0.7 0.7 0.7 0.7 0.7 0.148 0.164 0.084 0.095 0.179 0.126 2 2 2 2 2 2
2009-08-23T08:30:00 2009 8 23 8 30 0 -1.9 0.5 485.0 1.4 0.65 0.17 0.0 0.0 2 2 2 2 2 2 2 2 1.3 1.67 -13.0 0.5 0.5 0.5 0.5 0.5 0.5 0.1 0.082 0.081 0.053 0.057 0.052 2 2 2 2 2 2
2009-08-23T09:30:00 2009 8 23 9 30 0 -0.4 0.8 473.0 1.4 0.61 0.08 0.0 0.0 2 2 2 2 2 2 2 2 1.0 1.63 -10.0 0.8 0.8 0.8 0.8 0.8 0.8 0.068 0.041 0.079 0.03 0.018 0.022 2 2 2 2 2 2
2009-08-23T10:30:00 2009 8 23 10 30 0 0.1 1.1 472.0 1.4 0.6 0.0 0.0 0.0 2 2 2 2 2 2 2 2 1.0 1.58 -8.0 1.1 1.1 1.1 1.1 1.1 1.1 0.046 0.02 0.077 0.017 0.006 0.009 2 2 2 2 2 2
2009-08-23T11:30:00 2009 8 23 11 30 0 -1.0 0.0 468.0 1.5 0.62 0.02 0.0 0.0 2 2 2 2 2 2 2 2 1.0 1.42 -7.0 0.0 0.0 0.0 0.0 0.0 0.0 0.031 0.01 0.074 0.009 0.002 0.004 2 2 2 2 2 2
2009-08-23T12:30:00 2009 8 23 12 30 0 -1.6 1.4 476.0 1.5 0.64 0.09 0.0 0.0 2 2 2 2 2 2 2 2 0.7 1.23 -6.0 1.4 1.4 1.4 1.4 1.4 1.4 0.021 0.005 0.072 0.005 0.001 0.002 2 2 2 2 2 2
2009-08-23T13:30:00 2009 8 23 13 30 0 -1.4 0.0 462.0 1.6 0.64 0.13 0.0 0.0 2 2 2 2 2 2 2 2 0.7 1.03 -5.0 0.0 0.0 0.0 0.0 0.0 0.0 0.014 0.002 0.07 0.003 0.0 0.001 2 2 2 2 2 2
2009-08-23T14:30:00 2009 8 23 14 30 0 -0.7 -0.3 458.0 1.5 0.59 0.13 0.37 0.06 2 2 2 2 2 2 2 2 0.7 0.96 -7.0 -0.3 -0.3 -0.3 -0.3 -0.3 -0.3 0.025 0.04 0.068 0.008 0.066 0.041 2 2 2 2 2 2
2009-08-23T15:30:00 2009 8 23 15 30 0 -1.1 -0.5 457.0 1.5 0.59 0.17 0.93 0.14 2 2 2 2 2 2 2 2 0.3 0.83 -8.0 -0.5 -0.5 -0.5 -0.5 -0.5 -0.5 0.047 0.084 0.067 0.02 0.13 0.076 2 2 2 2 2 2
2009-08-23T16:30:00 2009 8 23 16 30 0 -1.7 -1.3 455.0 1.6 0.62 0.56 2.13 0.33 2 2 2 2 2 2 2 2 0.3 0.7 -7.0 -1.3 -1.3 -1.3 -1.3 -1.3 -1.3 0.096 0.159 0.069 0.061 0.243 0.131 2 2 2 2 2 2
2009-08-23T17:30:00 2009 8 23 17 30 0 -2.2 0.2 466.0 1.7 0.69 0.58 1.17 0.19 2 2 2 2 2 2 2 2 0.3 0.62 -6.0 0.2 0.2 0.2 0.2 0.2 0.2 0.091 0.128 0.069 0.049 0.15 0.1 2 2 2 2 2 2
2009-08-23T18:30:00 2009 8 23 18 30 0 -2.4 0.2 460.0 1.7 0.67 0.45 0.0 0.0 2 2 2 2 2 2 2 2 0.7 0.58 -5.0 0.2 0.2 0.2 0.2 0.2 0.2 0.061 0.063 0.066 0.028 0.048 0.041 2 2 2 2 2 2
2009-08-23T19:30:00 2009 8 23 19 30 0 -1.9 0.7 458.0 1.7 0.66 0.32 0.0 0.0 2 2 2 2 2 2 2 2 0.7 0.55 -5.0 0.7 0.7 0.7 0.7 0.7 0.7 0.042 0.032 0.064 0.016 0.015 0.017 2 2 2 2 2 2
2009-08-23T20:30:00 2009 8 23 20 30 0 0.4 0.9 438.0 1.7 0.6 0.04 0.0 0.0 2 2 2 2 2 2 2 2 0.7 0.55 -5.0 0.9 0.9 0.9 0.9 0.9 0.9 0.028 0.016 0.062 0.009 0.005 0.007 2 2 2 2 2 2
2009-08-23T21:30:00 2009 8 23 21 30 0 -1.0 0.0 432.0 1.6 0.54 0.02 0.0 0.0 2 2 2 2 2 2 2 2 0.7 0.55 -5.0 0.0 0.0 0.0 0.0 0.0 0.0 0.019 0.008 0.061 0.005 0.002 0.003 2 2 2 2 2 2
2009-08-23T22:30:00 2009 8 23 22 30 0 -0.9 -0.1 426.0 1.8 0.59 0.09 0.12 0.02 2 2 2 2 2 2 2 2 0.7 0.56 -6.0 -0.1 -0.1 -0.1 -0.1 -0.1 -0.1 0.019 0.023 0.059 0.004 0.03 0.024 2 2 2 2 2 2
2009-08-23T23:30:00 2009 8 23 23 30 0 -1.1 -0.2 427.0 1.8 0.59 0.12 0.33 0.06 2 2 2 2 2 2 2 2 0.7 0.6 -7.0 -0.2 -0.2 -0.2 -0.2 -0.2 -0.2 0.026 0.048 0.057 0.007 0.064 0.048 2 2 2 2 2 2
