2009-06-05T00:30:00 2009 6 5 0 30 0 -1.7 -3.2 301.0 5.1 0.92 2.11 4.97 2.44 2 2 2 2 2 2 2 2 0.7 1.08 -13.0 -3.2 -3.2 -3.2 -3.2 -3.2 -3.2 0.616 0.795 0.199 0.482 0.534 0.519 2 2 2 2 2 2
2009-06-05T01:30:00 2009 6 5 1 30 0 -1.6 -3.2 297.0 6.7 1.18 2.04 4.78 2.85 2 2 2 2 2 2 2 2 0.7 1.08 -10.0 -3.2 -3.2 -3.2 -3.2 -3.2 -3.2 0.628 0.831 0.205 0.491 0.555 0.597 2 2 2 2 2 2
2009-06-05T02:30:00 2009 6 5 2 30 0 -1.0 -3.8 303.0 6.8 1.25 2.31 5.29 3.58 2 2 2 2 2 2 2 2 0.7 1.07 -9.0 -3.8 -3.8 -3.8 -3.8 -3.8 -3.8 0.669 0.906 0.213 0.546 0.619 0.714 2 2 2 2 2 2
2009-06-05T03:30:00 2009 6 5 3 30 0 -1.3 -4.0 302.0 6.7 1.22 2.76 5.91 3.99 2 2 2 2 2 2 2 2 1.0 1.11 -7.0 -4.0 -4.0 -4.0 -4.0 -4.0 -4.0 0.717 0.972 0.223 0.611 0.666 0.785 2 2 2 2 2 2
2009-06-05T04:30:00 2009 6 5 4 30 0 -0.6 -3.9 301.0 8.3 1.5 2.76 5.95 4.5 2 2 2 2 2 2 2 2 1.0 1.14 -6.0 -3.9 -3.9 -3.9 -3.9 -3.9 -3.9 0.764 1.04 0.233 0.664 0.708 0.912 2 2 2 2 2 2
2009-06-05T05:30:00 2009 6 5 5 30 0 -0.6 -4.4 307.0 8.4 1.58 3.04 6.35 5.3 2 2 2 2 2 2 2 2 1.0 1.06 -8.0 -4.4 -4.4 -4.4 -4.4 -4.4 -4.4 0.825 1.124 0.246 0.744 0.775 1.067 2 2 2 2 2 2
2009-06-05T06:30:00 2009 6 5 6 30 0 -0.6 -4.7 306.0 7.2 1.35 3.62 6.99 5.41 2 2 2 2 2 2 2 2 1.7 1.06 -11.0 -4.7 -4.7 -4.7 -4.7 -4.7 -4.7 0.879 1.173 0.26 0.815 0.806 1.08 2 2 2 2 2 2
2009-06-05T07:30:00 2009 6 5 7 30 0 -1.9 -3.9 309.0 9.0 1.72 3.35 6.56 5.35 2 2 2 2 2 2 2 2 1.7 1.07 -12.0 -3.9 -3.9 -3.9 -3.9 -3.9 -3.9 0.902 1.184 0.272 0.824 0.805 1.151 2 2 2 2 2 2
2009-06-05T08:30:00 2009 6 5 8 30 0 1.0 -5.0 314.0 5.4 1.06 3.64 7.01 4.89 2 2 2 2 2 2 2 2 1.7 1.2 -15.0 -5.0 -5.0 -5.0 -5.0 -5.0 -5.0 0.919 1.164 0.285 0.848 0.8 1.028 2 2 2 2 2 2
2009-06-05T09:30:00 2009 6 5 9 30 0 -0.6 -4.5 315.0 7.2 1.43 3.96 7.44 4.73 2 2 2 2 2 2 2 2 1.7 1.32 -17.0 -4.5 -4.5 -4.5 -4.5 -4.5 -4.5 0.936 1.162 0.299 0.87 0.813 1.005 2 2 2 2 2 2
2009-06-05T10:30:00 2009 6 5 10 30 0 -1.9 -2.4 309.0 7.6 1.45 2.28 5.25 3.88 2 2 2 2 2 2 2 2 1.7 1.45 -18.0 -2.4 -2.4 -2.4 -2.4 -2.4 -2.4 0.863 1.042 0.304 0.731 0.681 0.936 2 2 2 2 2 2
2009-06-05T11:30:00 2009 6 5 11 30 0 -2.4 1.7 310.0 6.1 1.17 0.47 0.93 0.68 2 2 2 2 2 2 2 2 1.7 1.53 -19.0 1.7 1.7 1.7 1.7 1.7 1.7 0.616 0.591 0.296 0.429 0.272 0.476 2 2 2 2 2 2
2009-06-05T12:30:00 2009 6 5 12 30 0 -3.1 -0.6 314.0 8.0 1.58 0.44 0.16 0.13 2 2 2 2 2 2 2 2 1.0 1.52 -15.0 -0.6 -0.6 -0.6 -0.6 -0.6 -0.6 0.434 0.35 0.287 0.25 0.144 0.292 2 2 2 2 2 2
2009-06-05T13:30:00 2009 6 5 13 30 0 -2.8 -3.4 318.0 6.3 1.27 1.77 3.35 2.31 2 2 2 2 2 2 2 2 1.0 1.52 -17.0 -3.4 -3.4 -3.4 -3.4 -3.4 -3.4 0.474 0.558 0.288 0.321 0.421 0.551 2 2 2 2 2 2
2009-06-05T14:30:00 2009 6 5 14 30 0 -3.0 -3.6 318.0 5.3 1.07 3.09 5.58 3.21 2 2 2 2 2 2 2 2 1.0 1.43 -20.0 -3.6 -3.6 -3.6 -3.6 -3.6 -3.6 0.554 0.729 0.294 0.442 0.572 0.64 2 2 2 2 2 2
2009-06-05T15:30:00 2009 6 5 15 30 0 -2.4 -1.4 310.0 4.8 0.92 1.85 3.78 1.92 2 2 2 2 2 2 2 2 1.7 1.43 -23.0 -1.4 -1.4 -1.4 -1.4 -1.4 -1.4 0.518 0.66 0.292 0.377 0.456 0.519 2 2 2 2 2 2
2009-06-05T16:30:00 2009 6 5 16 30 0 -2.9 -1.2 307.0 5.4 1.02 0.96 1.99 1.02 2 2 2 2 2 2 2 2 1.7 1.44 -21.0 -1.2 -1.2 -1.2 -1.2 -1.2 -1.2 0.441 0.545 0.287 0.276 0.343 0.416 2 2 2 2 2 2
2009-06-05T17:30:00 2009 6 5 17 30 0 -1.2 -2.2 312.0 6.3 1.23 0.98 2.7 1.6 2 2 2 2 2 2 2 2 1.7 1.44 -17.0 -2.2 -2.2 -2.2 -2.2 -2.2 -2.2 0.433 0.574 0.284 0.27 0.394 0.479 2 2 2 2 2 2
2009-06-05T18:30:00 2009 6 5 18 30 0 -1.8 -0.6 310.0 6.4 1.23 0.61 2.07 1.32 2 2 2 2 2 2 2 2 0.7 1.31 -16.0 -0.6 -0.6 -0.6 -0.6 -0.6 -0.6 0.383 0.501 0.279 0.215 0.315 0.44 2 2 2 2 2 2
2009-06-05T19:30:00 2009 6 5 19 30 0 -2.0 1.1 312.0 6.4 1.25 0.2 0.13 0.08 2 2 2 2 2 2 2 2 0.7 1.19 -14.0 1.1 1.1 1.1 1.1 1.1 1.1 0.263 0.261 0.271 0.121 0.109 0.199 2 2 2 2 2 2
2009-06-05T20:30:00 2009 6 5 20 30 0 -1.3 -0.7 315.0 6.2 1.23 0.17 0.26 0.16 2 2 2 2 2 2 2 2 0.7 1.14 -14.0 -0.7 -0.7 -0.7 -0.7 -0.7 -0.7 0.201 0.202 0.263 0.081 0.108 0.179 2 2 2 2 2 2
2009-06-05T21:30:00 2009 6 5 21 30 0 -3.3 -0.5 314.0 5.9 1.16 0.56 0.93 0.56 2 2 2 2 2 2 2 2 1.0 1.14 -13.0 -0.5 -0.5 -0.5 -0.5 -0.5 -0.5 0.185 0.236 0.256 0.07 0.158 0.238 2 2 2 2 2 2
2009-06-05T22:30:00 2009 6 5 22 30 0 -1.1 -1.2 321.0 6.3 1.3 0.59 1.4 0.86 2 2 2 2 2 2 2 2 1.0 1.14 -12.0 -1.2 -1.2 -1.2 -1.2 -1.2 -1.2 0.203 0.315 0.251 0.091 0.242 0.337 2 2 2 2 2 2
2009-06-05T23:30:00 2009 6 5 23 30 0 1.8 1.5 319.0 6.4 1.3 0.06 0.35 0.22 2 2 2 2 2 2 2 2 1.0 1.06 -10.0 1.5 1.5 1.5 1.5 1.5 1.5 0.148 0.182 0.244 0.056 0.096 0.171 2 2 2 2 2 2
