2009-12-11T00:30:00 2009 12 11 0 30 0 2.5 0.9 273.0 8.3 1.28 0.26 0.0 0.0 2 2 2 1 1 2 2 2 0.0 0.15 1.0 0.9 0.9 0.9 0.9 0.9 0.9 0.03 0.017 0.026 0.006 0.003 0.009 0 1 1 0 1 1
2009-12-11T01:30:00 2009 12 11 1 30 0 -2.8 0.1 278.0 8.3 1.28 0.11 0.0 0.0 2 2 2 2 2 2 2 2 0.0 0.11 0.0 0.1 0.1 0.1 0.1 0.1 0.1 0.021 0.009 0.025 0.003 0.001 0.004 0 1 1 0 1 1
2009-12-11T02:30:00 2009 12 11 2 30 0 -2.3 1.1 280.0 8.2 1.29 0.27 0.0 0.0 2 2 2 2 2 2 2 2 0.0 0.07 1.0 1.1 1.1 1.1 1.1 1.1 1.1 0.014 0.004 0.025 0.002 0.0 0.002 0 1 1 0 1 1
2009-12-11T03:30:00 2009 12 11 3 30 0 -1.8 -0.5 281.0 8.3 1.31 0.22 0.14 0.12 2 2 2 2 2 2 2 2 0.0 0.04 0.0 -0.5 -0.5 -0.5 -0.5 -0.5 -0.5 0.025 0.061 0.024 0.008 0.05 0.082 1 2 1 2 2 2
2009-12-11T04:30:00 2009 12 11 4 30 0 -2.4 0.9 281.0 8.0 1.26 0.23 0.1 0.08 2 2 2 2 2 2 2 2 0.0 0.0 -2.0 0.9 0.9 0.9 0.9 0.9 0.9 0.02 0.042 0.023 0.005 0.023 0.05 1 2 1 2 2 2
2009-12-11T05:30:00 2009 12 11 5 30 0 -2.9 0.7 278.0 7.3 1.13 0.27 0.0 0.0 2 2 2 2 2 2 2 2 0.0 0.0 -3.0 0.7 0.7 0.7 0.7 0.7 0.7 0.014 0.021 0.023 0.003 0.007 0.021 1 2 1 2 2 2
2009-12-11T06:30:00 2009 12 11 6 30 0 -2.9 1.2 274.0 7.6 1.14 0.3 0.0 0.0 2 2 2 2 2 2 2 2 0.0 0.0 -3.0 1.2 1.2 1.2 1.2 1.2 1.2 0.009 0.01 0.022 0.002 0.002 0.009 1 2 1 2 2 2
2009-12-11T07:30:00 2009 12 11 7 30 0 -2.5 1.9 273.0 7.7 1.15 0.19 0.0 0.0 2 2 2 2 2 2 2 2 0.0 0.0 -3.0 1.9 1.9 1.9 1.9 1.9 1.9 0.006 0.005 0.021 0.001 0.001 0.004 1 2 1 2 2 2
2009-12-11T08:30:00 2009 12 11 8 30 0 -2.7 2.2 277.0 7.1 1.09 0.15 0.0 0.0 2 2 2 2 2 2 2 2 0.0 0.0 -2.0 2.2 2.2 2.2 2.2 2.2 2.2 0.004 0.003 0.021 0.001 0.0 0.001 1 2 1 2 2 2
2009-12-11T09:30:00 2009 12 11 9 30 0 -3.2 2.2 275.0 6.4 0.97 0.2 0.0 0.0 2 2 2 2 2 2 2 2 0.0 0.0 -1.0 2.2 2.2 2.2 2.2 2.2 2.2 0.003 0.001 0.02 0.0 0.0 0.001 1 2 1 2 2 2
2009-12-11T10:30:00 2009 12 11 10 30 0 -3.7 1.3 273.0 6.3 0.94 0.35 0.0 0.0 2 2 2 2 2 2 2 2 0.0 0.0 0.0 1.3 1.3 1.3 1.3 1.3 1.3 0.002 0.001 0.019 0.0 0.0 0.0 1 2 1 2 2 2
2009-12-11T11:30:00 2009 12 11 11 30 0 -3.6 1.2 270.0 6.4 0.93 0.45 0.0 0.0 2 2 2 2 2 2 2 2 0.0 0.0 0.0 1.2 1.2 1.2 1.2 1.2 1.2 0.001 0.0 0.019 0.0 0.0 0.0 1 2 1 2 2 2
2009-12-11T12:30:00 2009 12 11 12 30 0 -3.2 1.6 269.0 5.9 0.85 0.35 0.0 0.0 2 2 2 2 2 2 2 2 0.0 0.0 -1.0 1.6 1.6 1.6 1.6 1.6 1.6 0.001 0.0 0.018 0.0 0.0 0.0 1 2 1 2 2 2
2009-12-11T13:30:00 2009 12 11 13 30 0 -3.2 2.3 268.0 4.6 0.66 0.25 0.0 0.0 2 2 2 2 2 2 2 2 0.0 0.0 0.0 2.3 2.3 2.3 2.3 2.3 2.3 0.001 0.0 0.018 0.0 0.0 0.0 1 2 1 2 2 2
2009-12-11T14:30:00 2009 12 11 14 30 0 -2.5 2.9 263.0 5.2 0.72 0.15 0.0 0.0 2 2 2 2 2 2 2 2 0.0 0.0 1.0 2.9 2.9 2.9 2.9 2.9 2.9 0.0 0.0 0.017 0.0 0.0 0.0 1 2 1 2 2 2
2009-12-11T15:30:00 2009 12 11 15 30 0 -3.2 2.4 265.0 5.6 0.79 0.15 0.0 0.0 2 2 2 2 2 2 2 2 0.0 0.0 2.0 2.4 2.4 2.4 2.4 2.4 2.4 0.0 0.0 0.017 0.0 0.0 0.0 1 2 1 2 2 2
2009-12-11T16:30:00 2009 12 11 16 30 0 -3.8 1.5 257.0 5.0 0.66 0.32 0.0 0.0 2 2 2 2 2 2 2 2 0.0 0.0 1.0 1.5 1.5 1.5 1.5 1.5 1.5 0.0 0.0 0.016 0.0 0.0 0.0 1 2 1 2 2 2
2009-12-11T17:30:00 2009 12 11 17 30 0 -4.1 0.5 256.0 5.3 0.69 0.58 0.0 0.0 2 2 2 2 2 2 2 2 0.0 0.0 1.0 0.5 0.5 0.5 0.5 0.5 0.5 0.0 0.0 0.016 0.0 0.0 0.0 1 2 1 2 2 2
2009-12-11T18:30:00 2009 12 11 18 30 0 -3.9 -0.8 256.0 5.2 0.68 0.89 0.36 0.19 2 2 2 2 2 2 2 2 0.0 0.0 1.0 -0.8 -0.8 -0.8 -0.8 -0.8 -0.8 0.027 0.09 0.016 0.013 0.067 0.064 2 2 1 2 2 2
2009-12-11T19:30:00 2009 12 11 19 30 0 -3.3 -0.6 253.0 5.4 0.69 0.89 0.88 0.47 2 2 2 2 2 2 2 2 0.0 0.0 0.0 -0.6 -0.6 -0.6 -0.6 -0.6 -0.6 0.063 0.183 0.016 0.03 0.115 0.119 2 2 1 2 2 2
2009-12-11T20:30:00 2009 12 11 20 30 0 -2.7 -1.0 255.0 5.2 0.68 0.71 1.04 0.55 2 2 2 2 2 2 2 2 0.0 0.0 -1.0 -1.0 -1.0 -1.0 -1.0 -1.0 -1.0 0.098 0.255 0.017 0.048 0.151 0.155 2 2 1 2 2 2
2009-12-11T21:30:00 2009 12 11 21 30 0 -3.1 -1.0 256.0 5.4 0.71 0.76 1.28 0.68 2 2 2 2 2 2 2 2 0.0 0.0 -2.0 -1.0 -1.0 -1.0 -1.0 -1.0 -1.0 0.131 0.309 0.018 0.065 0.175 0.182 2 2 1 2 2 2
2009-12-11T22:30:00 2009 12 11 22 30 0 -2.5 -1.9 256.0 5.6 0.73 0.94 1.9 1.05 2 2 2 2 2 2 2 2 0.0 0.0 -2.0 -1.9 -1.9 -1.9 -1.9 -1.9 -1.9 0.186 0.407 0.021 0.109 0.237 0.234 2 2 1 2 2 2
2009-12-11T23:30:00 2009 12 11 23 30 0 -2.4 -1.3 253.0 5.5 0.7 0.85 2.0 1.11 2 2 2 2 2 2 2 2 0.0 0.0 -4.0 -1.3 -1.3 -1.3 -1.3 -1.3 -1.3 0.218 0.444 0.023 0.126 0.241 0.246 2 2 1 2 2 2
