2009-07-17T00:30:00 2009 7 17 0 30 0 -0.7 0.4 353.0 2.1 0.45 0.02 0.0 0.0 2 2 2 2 2 2 2 2 0.0 0.22 -3.0 0.4 0.4 0.4 0.4 0.4 0.4 0.002 0.0 0.055 0.0 0.0 0.0 2 2 2 2 2 2
2009-07-17T01:30:00 2009 7 17 1 30 0 -0.7 0.5 351.0 2.4 0.52 0.02 0.0 0.0 2 2 2 2 2 2 2 2 0.0 0.22 -3.0 0.5 0.5 0.5 0.5 0.5 0.5 0.001 0.0 0.053 0.0 0.0 0.0 2 2 2 2 2 2
2009-07-17T02:30:00 2009 7 17 2 30 0 0.2 0.2 352.0 2.1 0.46 0.0 0.0 0.0 2 2 2 2 2 2 2 2 0.0 0.18 -2.0 0.2 0.2 0.2 0.2 0.2 0.2 0.001 0.0 0.051 0.0 0.0 0.0 2 2 2 2 2 2
2009-07-17T03:30:00 2009 7 17 3 30 0 0.6 0.1 352.0 1.9 0.41 0.01 0.0 0.0 2 2 2 2 2 2 2 2 0.3 0.19 -3.0 0.1 0.1 0.1 0.1 0.1 0.1 0.001 0.0 0.05 0.0 0.0 0.0 2 2 2 2 2 2
2009-07-17T04:30:00 2009 7 17 4 30 0 1.3 0.4 355.0 2.1 0.46 0.05 0.0 0.0 2 2 2 2 2 2 2 2 0.3 0.19 -2.0 0.4 0.4 0.4 0.4 0.4 0.4 0.0 0.0 0.048 0.0 0.0 0.0 2 2 2 2 2 2
2009-07-17T05:30:00 2009 7 17 5 30 0 1.6 0.2 354.0 2.3 0.5 0.12 0.0 0.0 2 2 2 2 2 2 2 2 0.3 0.19 -2.0 0.2 0.2 0.2 0.2 0.2 0.2 0.0 0.0 0.047 0.0 0.0 0.0 2 2 2 2 2 2
2009-07-17T06:30:00 2009 7 17 6 30 0 1.5 0.6 345.0 2.6 0.62 0.12 0.0 0.0 2 2 2 2 2 2 2 2 0.0 0.15 -2.0 0.6 0.6 0.6 0.6 0.6 0.6 0.0 0.0 0.045 0.0 0.0 0.0 2 2 2 2 2 2
2009-07-17T07:30:00 2009 7 17 7 30 0 1.3 0.4 342.0 2.8 0.65 0.09 0.0 0.0 2 2 2 2 2 2 2 2 0.0 0.11 -2.0 0.4 0.4 0.4 0.4 0.4 0.4 0.0 0.0 0.044 0.0 0.0 0.0 2 2 2 2 2 2
2009-07-17T08:30:00 2009 7 17 8 30 0 1.0 0.2 342.0 2.9 0.68 0.07 0.0 0.0 2 2 2 2 2 2 2 2 0.0 0.11 0.0 0.2 0.2 0.2 0.2 0.2 0.2 0.0 0.0 0.043 0.0 0.0 0.0 2 2 2 2 2 2
2009-07-17T09:30:00 2009 7 17 9 30 0 1.6 0.2 341.0 2.9 0.67 0.1 0.0 0.0 2 2 2 2 2 2 2 2 0.3 0.15 1.0 0.2 0.2 0.2 0.2 0.2 0.2 0.0 0.0 0.041 0.0 0.0 0.0 2 2 2 2 2 2
2009-07-17T10:30:00 2009 7 17 10 30 0 1.3 -0.2 343.0 3.0 0.71 0.15 0.1 0.03 2 2 2 2 2 2 2 2 0.3 0.19 1.0 -0.2 -0.2 -0.2 -0.2 -0.2 -0.2 0.007 0.024 0.04 0.002 0.028 0.025 2 2 2 2 2 2
2009-07-17T11:30:00 2009 7 17 11 30 0 1.0 0.1 342.0 3.1 0.73 0.1 0.1 0.03 2 2 2 2 2 2 2 2 0.3 0.19 1.0 0.1 0.1 0.1 0.1 0.1 0.1 0.008 0.023 0.039 0.002 0.019 0.022 2 2 2 2 2 2
2009-07-17T12:30:00 2009 7 17 12 30 0 1.1 0.1 342.0 3.1 0.73 0.07 0.0 0.0 2 2 2 2 2 2 2 2 0.0 0.15 1.0 0.1 0.1 0.1 0.1 0.1 0.1 0.005 0.012 0.038 0.001 0.006 0.009 2 2 2 2 2 2
2009-07-17T13:30:00 2009 7 17 13 30 0 1.2 0.0 338.0 2.7 0.62 0.09 0.0 0.0 2 2 2 2 2 2 2 2 0.0 0.11 0.0 0.0 0.0 0.0 0.0 0.0 0.0 0.004 0.006 0.037 0.001 0.002 0.004 2 2 2 2 2 2
2009-07-17T14:30:00 2009 7 17 14 30 0 1.4 0.3 338.0 2.4 0.55 0.1 0.0 0.0 2 2 2 2 2 2 2 2 0.0 0.11 -1.0 0.3 0.3 0.3 0.3 0.3 0.3 0.003 0.003 0.035 0.0 0.001 0.002 2 2 2 2 2 2
2009-07-17T15:30:00 2009 7 17 15 30 0 1.1 0.7 337.0 2.4 0.55 0.06 0.0 0.0 2 2 2 2 2 2 2 2 0.3 0.15 0.0 0.7 0.7 0.7 0.7 0.7 0.7 0.002 0.001 0.034 0.0 0.0 0.001 2 2 2 2 2 2
2009-07-17T16:30:00 2009 7 17 16 30 0 0.9 0.9 332.0 2.9 0.64 0.03 0.0 0.0 2 2 2 2 2 2 2 2 0.3 0.19 1.0 0.9 0.9 0.9 0.9 0.9 0.9 0.001 0.001 0.033 0.0 0.0 0.0 2 2 2 2 2 2
2009-07-17T17:30:00 2009 7 17 17 30 0 0.5 0.8 332.0 2.7 0.6 0.01 0.0 0.0 2 2 2 2 2 2 2 2 0.3 0.19 2.0 0.8 0.8 0.8 0.8 0.8 0.8 0.001 0.0 0.032 0.0 0.0 0.0 2 2 2 2 2 2
2009-07-17T18:30:00 2009 7 17 18 30 0 0.7 0.0 329.0 3.2 0.69 0.02 0.0 0.0 2 2 2 2 2 2 2 2 0.0 0.15 3.0 0.0 0.0 0.0 0.0 0.0 0.0 0.001 0.0 0.031 0.0 0.0 0.0 2 2 2 2 2 2
2009-07-17T19:30:00 2009 7 17 19 30 0 1.3 -0.2 335.0 4.1 0.92 0.09 0.18 0.07 2 2 2 2 2 2 2 2 0.0 0.11 5.0 -0.2 -0.2 -0.2 -0.2 -0.2 -0.2 0.012 0.042 0.031 0.004 0.044 0.05 2 2 2 2 2 2
2009-07-17T20:30:00 2009 7 17 20 30 0 1.2 0.6 327.0 4.1 0.88 0.09 0.03 0.01 2 2 2 2 2 2 2 2 0.0 0.11 5.0 0.6 0.6 0.6 0.6 0.6 0.6 0.008 0.021 0.03 0.002 0.014 0.021 2 2 2 2 2 2
2009-07-17T21:30:00 2009 7 17 21 30 0 0.3 0.4 322.0 4.1 0.85 0.02 0.0 0.0 2 2 2 2 2 2 2 2 0.0 0.11 4.0 0.4 0.4 0.4 0.4 0.4 0.4 0.006 0.01 0.029 0.001 0.004 0.009 2 2 2 2 2 2
2009-07-17T22:30:00 2009 7 17 22 30 0 0.4 0.1 321.0 4.4 0.91 0.0 0.0 0.0 2 2 2 2 2 2 2 2 0.0 0.11 3.0 0.1 0.1 0.1 0.1 0.1 0.1 0.004 0.005 0.028 0.001 0.001 0.004 2 2 2 2 2 2
2009-07-17T23:30:00 2009 7 17 23 30 0 0.9 0.2 320.0 4.7 0.96 0.02 0.0 0.0 2 2 2 2 2 2 2 2 0.0 0.07 4.0 0.2 0.2 0.2 0.2 0.2 0.2 0.003 0.003 0.027 0.0 0.0 0.001 2 2 2 2 2 2
