2009-10-11T00:30:00 2009 10 11 0 30 0 -2.0 -0.7 281.0 13.1 2.07 0.37 0.96 1.04 2 2 2 2 2 2 2 2 2.0 0.26 6.0 -0.7 -0.7 -0.7 -0.7 -0.7 -0.7 0.213 0.362 0.106 0.084 0.201 0.423 2 2 2 2 2 2
2009-10-11T01:30:00 2009 10 11 1 30 0 -3.8 0.7 303.0 22.2 4.08 0.53 0.21 0.31 2 2 2 2 2 2 2 2 2.0 0.52 14.0 0.7 0.7 0.7 0.7 0.7 0.7 0.154 0.208 0.103 0.05 0.081 0.236 2 2 2 2 2 2
2009-10-11T02:30:00 2009 10 11 2 30 0 -3.1 2.2 303.0 27.8 5.1 0.41 0.0 0.0 2 2 2 2 2 2 2 2 2.0 0.78 17.0 2.2 2.2 2.2 2.2 2.2 2.2 0.104 0.103 0.099 0.028 0.026 0.098 2 2 2 2 2 2
2009-10-11T03:30:00 2009 10 11 3 30 0 -3.2 4.4 306.0 38.0 7.12 0.18 0.0 0.0 2 2 2 2 2 2 2 2 2.3 1.07 24.0 4.4 4.4 4.4 4.4 4.4 4.4 0.07 0.051 0.096 0.016 0.008 0.041 2 2 2 2 2 2
2009-10-11T04:30:00 2009 10 11 4 30 0 6.4 4.4 296.0 30.5 5.34 0.22 0.0 0.0 2 2 2 2 2 2 2 2 2.3 1.35 22.0 4.4 4.4 4.4 4.4 4.4 4.4 0.048 0.025 0.093 0.009 0.003 0.017 2 2 2 2 2 2
2009-10-11T05:30:00 2009 10 11 5 30 0 8.7 1.7 304.0 48.5 8.96 1.98 0.0 0.0 2 2 2 2 2 2 2 2 2.3 1.64 28.0 1.7 1.7 1.7 1.7 1.7 1.7 0.032 0.013 0.091 0.005 0.001 0.007 2 2 2 2 2 2
2009-10-11T06:30:00 2009 10 11 6 30 0 0.4 -5.4 329.0 44.0 9.53 3.1 3.69 16.6 2 2 2 2 2 2 2 2 3.3 2.05 27.0 -5.4 -5.4 -5.4 -5.4 -5.4 -5.4 0.462 1.014 0.116 0.586 0.971 5.509 2 2 2 2 2 2
2009-10-11T07:30:00 2009 10 11 7 30 0 -7.9 -2.6 341.0 10.0 2.33 4.99 6.5 17.89 2 2 2 2 2 2 2 2 3.3 2.45 6.0 -2.6 -2.6 -2.6 -2.6 -2.6 -2.6 0.732 1.332 0.144 0.835 1.09 4.983 2 2 2 2 2 2
2009-10-11T08:30:00 2009 10 11 8 30 0 -1.1 -2.7 390.0 7.9 2.4 3.59 4.88 4.31 2 2 2 2 2 2 2 2 3.3 2.62 2.0 -2.7 -2.7 -2.7 -2.7 -2.7 -2.7 0.74 1.128 0.157 0.734 0.905 2.969 2 2 2 2 2 2
2009-10-11T09:30:00 2009 10 11 9 30 0 -2.2 2.8 409.0 9.8 3.28 0.39 1.09 0.9 2 2 2 2 2 2 2 2 1.3 2.52 -1.0 2.8 2.8 2.8 2.8 2.8 2.8 0.531 0.615 0.154 0.434 0.344 1.352 2 2 2 2 2 2
2009-10-11T10:30:00 2009 10 11 10 30 0 -2.9 5.2 411.0 8.7 2.94 0.11 0.0 0.0 2 2 2 2 2 2 2 2 1.3 2.42 4.0 5.2 5.2 5.2 5.2 5.2 5.2 0.36 0.306 0.149 0.243 0.109 0.561 2 2 2 2 2 2
2009-10-11T11:30:00 2009 10 11 11 30 0 0.0 2.7 411.0 8.7 2.94 0.03 0.0 0.0 2 2 2 2 2 2 2 2 1.3 2.28 6.0 2.7 2.7 2.7 2.7 2.7 2.7 0.243 0.152 0.145 0.136 0.034 0.233 2 2 2 2 2 2
2009-10-11T12:30:00 2009 10 11 12 30 0 -4.6 4.0 416.0 8.4 2.91 0.19 0.0 0.0 2 2 2 2 2 2 2 2 1.3 2.15 7.0 4.0 4.0 4.0 4.0 4.0 4.0 0.165 0.075 0.14 0.076 0.011 0.096 2 2 2 2 2 2
2009-10-11T13:30:00 2009 10 11 13 30 0 -5.1 4.8 412.0 7.5 2.2 0.64 0.0 0.0 2 2 2 2 2 2 2 2 1.3 2.02 6.0 4.8 4.8 4.8 4.8 4.8 4.8 0.112 0.037 0.136 0.043 0.003 0.04 2 2 2 2 2 2
2009-10-11T14:30:00 2009 10 11 14 30 0 -5.8 4.0 403.0 7.3 2.03 0.87 0.0 0.0 2 2 2 2 2 2 2 2 1.3 1.78 5.0 4.0 4.0 4.0 4.0 4.0 4.0 0.076 0.019 0.132 0.024 0.001 0.017 2 2 2 2 2 2
2009-10-11T15:30:00 2009 10 11 15 30 0 -2.9 3.9 410.0 7.5 2.16 0.51 0.0 0.0 2 2 2 2 2 2 2 2 1.7 1.59 3.0 3.9 3.9 3.9 3.9 3.9 3.9 0.051 0.009 0.128 0.013 0.0 0.007 2 2 2 2 2 2
2009-10-11T16:30:00 2009 10 11 16 30 0 -1.9 1.8 421.0 8.3 2.54 0.13 0.0 0.0 2 2 2 2 2 2 2 2 1.7 1.4 3.0 1.8 1.8 1.8 1.8 1.8 1.8 0.035 0.005 0.124 0.007 0.0 0.003 2 2 2 2 2 2
2009-10-11T17:30:00 2009 10 11 17 30 0 -3.3 0.6 410.0 7.1 2.06 0.37 0.0 0.0 2 2 2 2 2 2 2 2 1.7 1.46 1.0 0.6 0.6 0.6 0.6 0.6 0.6 0.023 0.002 0.12 0.004 0.0 0.001 2 2 2 2 2 2
2009-10-11T18:30:00 2009 10 11 18 30 0 -4.5 0.6 412.0 4.3 1.27 1.04 0.0 0.0 2 2 2 2 2 2 2 2 1.0 1.41 -1.0 0.6 0.6 0.6 0.6 0.6 0.6 0.016 0.001 0.117 0.002 0.0 0.0 2 2 2 2 2 2
2009-10-11T19:30:00 2009 10 11 19 30 0 -1.2 0.6 436.0 3.7 1.21 0.53 0.0 0.0 2 2 2 2 2 2 2 2 1.0 1.37 -4.0 0.6 0.6 0.6 0.6 0.6 0.6 0.011 0.001 0.113 0.001 0.0 0.0 2 2 2 2 2 2
2009-10-11T20:30:00 2009 10 11 20 30 0 -0.7 0.4 428.0 3.1 0.98 0.04 0.0 0.0 2 2 2 2 2 2 2 2 1.0 1.33 -7.0 0.4 0.4 0.4 0.4 0.4 0.4 0.007 0.0 0.11 0.001 0.0 0.0 2 2 2 2 2 2
2009-10-11T21:30:00 2009 10 11 21 30 0 -1.0 0.6 417.0 2.8 0.84 0.03 0.0 0.0 2 2 2 2 2 2 2 2 1.0 1.29 -9.0 0.6 0.6 0.6 0.6 0.6 0.6 0.005 0.0 0.106 0.0 0.0 0.0 2 2 2 2 2 2
2009-10-11T22:30:00 2009 10 11 22 30 0 -1.6 0.7 410.0 2.7 0.78 0.08 0.0 0.0 2 2 2 2 2 2 2 2 1.0 1.25 -7.0 0.7 0.7 0.7 0.7 0.7 0.7 0.003 0.0 0.103 0.0 0.0 0.0 2 2 2 2 2 2
2009-10-11T23:30:00 2009 10 11 23 30 0 -1.7 1.4 416.0 2.9 0.85 0.1 0.0 0.0 2 2 2 2 2 2 2 2 1.0 1.17 -3.0 1.4 1.4 1.4 1.4 1.4 1.4 0.002 0.0 0.1 0.0 0.0 0.0 2 2 2 2 2 2
