2009-06-04T00:30:00 2009 6 4 0 30 0 -5.9 1.0 306.0 8.3 1.55 1.6 0.0 0.0 2 2 2 2 2 2 2 2 0.7 1.71 8.0 1.0 1.0 1.0 1.0 1.0 1.0 0.112 0.058 0.058 0.039 0.007 0.061 2 2 2 2 2 2
2009-06-04T01:30:00 2009 6 4 1 30 0 -6.3 -2.0 310.0 6.9 1.33 2.66 1.16 0.83 2 2 2 2 2 2 2 2 0.7 1.51 6.0 -2.0 -2.0 -2.0 -2.0 -2.0 -2.0 0.157 0.235 0.059 0.087 0.203 0.279 2 2 2 2 2 2
2009-06-04T02:30:00 2009 6 4 2 30 0 -5.5 -2.7 312.0 6.7 1.3 3.84 3.7 2.51 2 2 2 2 2 2 2 2 0.7 1.31 1.0 -2.7 -2.7 -2.7 -2.7 -2.7 -2.7 0.286 0.502 0.067 0.223 0.425 0.528 2 2 2 2 2 2
2009-06-04T03:30:00 2009 6 4 3 30 0 -4.2 -4.4 311.0 6.4 1.24 4.42 5.64 3.68 2 2 2 2 2 2 2 2 2.3 1.32 -2.0 -4.4 -4.4 -4.4 -4.4 -4.4 -4.4 0.453 0.758 0.081 0.427 0.617 0.714 2 2 2 2 2 2
2009-06-04T04:30:00 2009 6 4 4 30 0 -1.9 -5.2 314.0 7.7 1.52 4.94 7.56 5.38 2 2 2 2 2 2 2 2 2.3 1.33 -5.0 -5.2 -5.2 -5.2 -5.2 -5.2 -5.2 0.647 1.011 0.103 0.681 0.8 0.964 2 2 2 2 2 2
2009-06-04T05:30:00 2009 6 4 5 30 0 -5.4 -1.3 325.0 7.0 1.48 3.34 4.92 3.64 2 2 2 2 2 2 2 2 2.3 1.46 -7.0 -1.3 -1.3 -1.3 -1.3 -1.3 -1.3 0.638 0.903 0.112 0.585 0.627 0.877 2 2 2 2 2 2
2009-06-04T06:30:00 2009 6 4 6 30 0 -3.9 -3.8 314.0 5.1 1.01 3.28 4.22 2.46 2 2 2 2 2 2 2 2 1.3 1.46 -9.0 -3.8 -3.8 -3.8 -3.8 -3.8 -3.8 0.63 0.85 0.12 0.538 0.592 0.74 2 2 2 2 2 2
2009-06-04T07:30:00 2009 6 4 7 30 0 -3.4 -3.5 307.0 5.7 1.07 3.58 5.64 3.06 2 2 2 2 2 2 2 2 1.3 1.46 -8.0 -3.5 -3.5 -3.5 -3.5 -3.5 -3.5 0.657 0.872 0.131 0.558 0.608 0.686 2 2 2 2 2 2
2009-06-04T08:30:00 2009 6 4 8 30 0 -4.5 -1.6 313.0 7.0 1.37 2.59 3.83 2.42 2 2 2 2 2 2 2 2 1.3 1.53 -6.0 -1.6 -1.6 -1.6 -1.6 -1.6 -1.6 0.608 0.782 0.135 0.463 0.511 0.652 2 2 2 2 2 2
2009-06-04T09:30:00 2009 6 4 9 30 0 -3.9 -2.3 312.0 7.8 1.52 2.26 3.09 2.31 2 2 2 2 2 2 2 2 1.0 1.56 -4.0 -2.3 -2.3 -2.3 -2.3 -2.3 -2.3 0.573 0.749 0.139 0.405 0.498 0.708 2 2 2 2 2 2
2009-06-04T10:30:00 2009 6 4 10 30 0 -4.1 -1.6 312.0 7.6 1.48 2.11 3.0 2.31 2 2 2 2 2 2 2 2 1.0 1.58 -4.0 -1.6 -1.6 -1.6 -1.6 -1.6 -1.6 0.535 0.705 0.142 0.352 0.461 0.707 2 2 2 2 2 2
2009-06-04T11:30:00 2009 6 4 11 30 0 -4.2 -2.4 312.0 7.1 1.38 2.29 3.17 2.32 2 2 2 2 2 2 2 2 1.0 1.42 -6.0 -2.4 -2.4 -2.4 -2.4 -2.4 -2.4 0.525 0.711 0.145 0.346 0.483 0.713 2 2 2 2 2 2
2009-06-04T12:30:00 2009 6 4 12 30 0 -4.6 -1.1 323.0 5.5 1.15 2.24 2.69 1.7 2 2 2 2 2 2 2 2 1.0 1.26 -10.0 -1.1 -1.1 -1.1 -1.1 -1.1 -1.1 0.473 0.617 0.146 0.287 0.4 0.584 2 2 2 2 2 2
2009-06-04T13:30:00 2009 6 4 13 30 0 -4.0 -0.1 340.0 4.7 1.09 1.49 0.92 0.48 2 2 2 2 2 2 2 2 1.0 1.11 -11.0 -0.1 -0.1 -0.1 -0.1 -0.1 -0.1 0.358 0.405 0.143 0.18 0.219 0.361 2 2 2 2 2 2
2009-06-04T14:30:00 2009 6 4 14 30 0 -3.7 -1.2 333.0 5.3 1.18 1.33 1.17 0.6 2 2 2 2 2 2 2 2 1.0 1.07 -10.0 -1.2 -1.2 -1.2 -1.2 -1.2 -1.2 0.308 0.366 0.141 0.144 0.244 0.344 2 2 2 2 2 2
2009-06-04T15:30:00 2009 6 4 15 30 0 -4.0 -2.1 306.0 6.4 1.2 1.88 2.68 1.59 2 2 2 2 2 2 2 2 0.7 1.0 -11.0 -2.1 -2.1 -2.1 -2.1 -2.1 -2.1 0.34 0.48 0.143 0.193 0.359 0.453 2 2 2 2 2 2
2009-06-04T16:30:00 2009 6 4 16 30 0 -3.7 -2.3 313.0 6.5 1.27 2.22 3.42 2.21 2 2 2 2 2 2 2 2 0.7 0.92 -10.0 -2.3 -2.3 -2.3 -2.3 -2.3 -2.3 0.392 0.591 0.146 0.257 0.442 0.556 2 2 2 2 2 2
2009-06-04T17:30:00 2009 6 4 17 30 0 -3.7 -2.8 306.0 5.3 0.99 2.46 3.97 2.32 2 2 2 2 2 2 2 2 0.7 0.88 -10.0 -2.8 -2.8 -2.8 -2.8 -2.8 -2.8 0.443 0.664 0.151 0.318 0.483 0.562 2 2 2 2 2 2
2009-06-04T18:30:00 2009 6 4 18 30 0 -3.4 -3.1 310.0 5.8 1.11 2.74 4.57 2.55 2 2 2 2 2 2 2 2 0.7 0.85 -11.0 -3.1 -3.1 -3.1 -3.1 -3.1 -3.1 0.497 0.733 0.158 0.383 0.53 0.589 2 2 2 2 2 2
2009-06-04T19:30:00 2009 6 4 19 30 0 -2.8 -3.4 316.0 5.9 1.18 2.84 5.11 2.99 2 2 2 2 2 2 2 2 0.7 0.81 -13.0 -3.4 -3.4 -3.4 -3.4 -3.4 -3.4 0.558 0.803 0.166 0.455 0.588 0.654 2 2 2 2 2 2
2009-06-04T20:30:00 2009 6 4 20 30 0 -2.1 -3.4 315.0 5.3 1.05 2.69 5.36 2.99 2 2 2 2 2 2 2 2 0.7 0.77 -16.0 -3.4 -3.4 -3.4 -3.4 -3.4 -3.4 0.6 0.833 0.175 0.499 0.603 0.655 2 2 2 2 2 2
2009-06-04T21:30:00 2009 6 4 21 30 0 -2.0 -3.2 319.0 5.4 1.1 2.41 5.22 2.79 2 2 2 2 2 2 2 2 1.7 0.87 -20.0 -3.2 -3.2 -3.2 -3.2 -3.2 -3.2 0.621 0.833 0.183 0.512 0.598 0.644 2 2 2 2 2 2
2009-06-04T22:30:00 2009 6 4 22 30 0 -1.3 -3.0 307.0 5.0 0.94 2.01 4.83 2.51 2 2 2 2 2 2 2 2 1.7 0.96 -22.0 -3.0 -3.0 -3.0 -3.0 -3.0 -3.0 0.616 0.805 0.189 0.491 0.558 0.589 2 2 2 2 2 2
2009-06-04T23:30:00 2009 6 4 23 30 0 -1.2 -3.4 303.0 4.7 0.86 1.98 4.9 2.37 2 2 2 2 2 2 2 2 1.7 1.09 -17.0 -3.4 -3.4 -3.4 -3.4 -3.4 -3.4 0.615 0.795 0.194 0.485 0.541 0.534 2 2 2 2 2 2
