2009-08-16T00:30:00 2009 8 16 0 30 0 1.5 -0.9 282.0 6.0 0.95 0.24 1.27 0.77 2 2 2 2 2 2 2 2 0.3 0.15 3.0 -0.9 -0.9 -0.9 -0.9 -0.9 -0.9 0.142 0.294 0.076 0.066 0.196 0.251 2 2 2 2 2 2
2009-08-16T01:30:00 2009 8 16 1 30 0 0.2 -1.5 282.0 6.3 1.0 0.34 1.73 1.07 2 2 2 2 2 2 2 2 0.3 0.19 3.0 -1.5 -1.5 -1.5 -1.5 -1.5 -1.5 0.188 0.383 0.077 0.102 0.254 0.312 2 2 2 2 2 2
2009-08-16T02:30:00 2009 8 16 2 30 0 0.0 -1.4 280.0 6.4 1.0 0.36 2.03 1.29 2 2 2 2 2 2 2 2 0.3 0.19 2.0 -1.4 -1.4 -1.4 -1.4 -1.4 -1.4 0.229 0.445 0.078 0.131 0.283 0.352 2 2 2 2 2 2
2009-08-16T03:30:00 2009 8 16 3 30 0 0.1 -0.2 278.0 6.6 1.02 0.12 1.05 0.68 2 2 2 2 2 2 2 2 0.3 0.19 1.0 -0.2 -0.2 -0.2 -0.2 -0.2 -0.2 0.202 0.357 0.077 0.099 0.19 0.278 2 2 2 2 2 2
2009-08-16T04:30:00 2009 8 16 4 30 0 0.5 -0.5 277.0 6.7 1.03 0.04 0.5 0.33 2 2 2 2 2 2 2 2 0.3 0.19 -2.0 -0.5 -0.5 -0.5 -0.5 -0.5 -0.5 0.17 0.288 0.075 0.07 0.146 0.233 2 2 2 2 2 2
2009-08-16T05:30:00 2009 8 16 5 30 0 0.7 -0.3 277.0 6.8 1.04 0.06 0.54 0.37 2 2 2 2 2 2 2 2 0.3 0.23 -1.0 -0.3 -0.3 -0.3 -0.3 -0.3 -0.3 0.147 0.247 0.073 0.052 0.124 0.209 2 2 2 2 2 2
2009-08-16T06:30:00 2009 8 16 6 30 0 0.4 -0.7 275.0 6.8 1.03 0.08 0.71 0.48 2 2 2 2 2 2 2 2 0.3 0.26 1.0 -0.7 -0.7 -0.7 -0.7 -0.7 -0.7 0.145 0.264 0.072 0.052 0.148 0.229 2 2 2 2 2 2
2009-08-16T07:30:00 2009 8 16 7 30 0 0.7 -0.9 274.0 6.9 1.04 0.14 1.11 0.76 2 2 2 2 2 2 2 2 0.3 0.3 4.0 -0.9 -0.9 -0.9 -0.9 -0.9 -0.9 0.162 0.314 0.072 0.066 0.187 0.27 2 2 2 2 2 2
2009-08-16T08:30:00 2009 8 16 8 30 0 0.9 -1.3 274.0 7.0 1.05 0.27 1.53 1.06 2 2 2 2 2 2 2 2 0.3 0.3 4.0 -1.3 -1.3 -1.3 -1.3 -1.3 -1.3 0.195 0.387 0.072 0.094 0.237 0.325 2 2 2 2 2 2
2009-08-16T09:30:00 2009 8 16 9 30 0 0.6 -1.1 273.0 7.0 1.04 0.29 1.63 1.14 2 2 2 2 2 2 2 2 0.3 0.3 4.0 -1.1 -1.1 -1.1 -1.1 -1.1 -1.1 0.218 0.423 0.073 0.11 0.25 0.346 2 2 2 2 2 2
2009-08-16T10:30:00 2009 8 16 10 30 0 0.9 -1.2 273.0 6.9 1.03 0.28 1.58 1.09 2 2 2 2 2 2 2 2 0.3 0.3 2.0 -1.2 -1.2 -1.2 -1.2 -1.2 -1.2 0.233 0.441 0.073 0.118 0.254 0.352 2 2 2 2 2 2
2009-08-16T11:30:00 2009 8 16 11 30 0 1.1 0.2 273.0 6.9 1.03 0.14 0.64 0.44 2 2 2 2 2 2 2 2 0.3 0.3 -3.0 0.2 0.2 0.2 0.2 0.2 0.2 0.185 0.299 0.071 0.079 0.134 0.224 2 2 2 2 2 2
2009-08-16T12:30:00 2009 8 16 12 30 0 1.3 -0.5 273.0 6.8 1.01 0.11 0.27 0.19 2 2 2 2 2 2 2 2 0.3 0.3 -4.0 -0.5 -0.5 -0.5 -0.5 -0.5 -0.5 0.148 0.229 0.07 0.054 0.106 0.18 2 2 2 2 2 2
2009-08-16T13:30:00 2009 8 16 13 30 0 1.3 -0.8 271.0 6.6 0.97 0.22 0.9 0.6 2 2 2 2 2 2 2 2 0.3 0.3 -5.0 -0.8 -0.8 -0.8 -0.8 -0.8 -0.8 0.154 0.274 0.069 0.059 0.155 0.224 2 2 2 2 2 2
2009-08-16T14:30:00 2009 8 16 14 30 0 0.7 -0.7 272.0 6.6 0.98 0.18 1.01 0.67 2 2 2 2 2 2 2 2 0.3 0.3 -4.0 -0.7 -0.7 -0.7 -0.7 -0.7 -0.7 0.16 0.301 0.068 0.063 0.172 0.244 2 2 2 2 2 2
2009-08-16T15:30:00 2009 8 16 15 30 0 1.9 -0.2 272.0 6.4 0.95 0.18 0.58 0.38 2 2 2 2 2 2 2 2 0.0 0.26 -5.0 -0.2 -0.2 -0.2 -0.2 -0.2 -0.2 0.139 0.249 0.067 0.048 0.126 0.2 2 2 2 2 2 2
2009-08-16T16:30:00 2009 8 16 16 30 0 1.5 -0.8 271.0 6.4 0.94 0.27 0.71 0.46 2 2 2 2 2 2 2 2 0.0 0.22 -3.0 -0.8 -0.8 -0.8 -0.8 -0.8 -0.8 0.14 0.266 0.066 0.05 0.148 0.214 2 2 2 2 2 2
2009-08-16T17:30:00 2009 8 16 17 30 0 1.2 -1.1 270.0 6.6 0.96 0.31 1.3 0.85 2 2 2 2 2 2 2 2 0.0 0.18 -2.0 -1.1 -1.1 -1.1 -1.1 -1.1 -1.1 0.167 0.334 0.066 0.073 0.199 0.263 2 2 2 2 2 2
2009-08-16T18:30:00 2009 8 16 18 30 0 -1.3 -0.6 270.0 6.6 0.96 0.17 1.12 0.74 2 2 2 2 2 2 2 2 0.3 0.19 -2.0 -0.6 -0.6 -0.6 -0.6 -0.6 -0.6 0.171 0.334 0.065 0.073 0.186 0.26 2 2 2 2 2 2
2009-08-16T19:30:00 2009 8 16 19 30 0 0.1 -1.7 270.0 6.4 0.93 0.29 1.61 1.05 2 2 2 2 2 2 2 2 0.3 0.19 -1.0 -1.7 -1.7 -1.7 -1.7 -1.7 -1.7 0.207 0.409 0.066 0.106 0.245 0.307 2 2 2 2 2 2
2009-08-16T20:30:00 2009 8 16 20 30 0 0.8 -1.2 269.0 6.3 0.91 0.36 1.93 1.22 2 2 2 2 2 2 2 2 0.3 0.19 -1.0 -1.2 -1.2 -1.2 -1.2 -1.2 -1.2 0.234 0.447 0.067 0.125 0.259 0.322 2 2 2 2 2 2
2009-08-16T21:30:00 2009 8 16 21 30 0 1.8 0.1 268.0 6.3 0.9 0.2 0.68 0.43 2 2 2 2 2 2 2 2 0.7 0.24 -1.0 0.1 0.1 0.1 0.1 0.1 0.1 0.187 0.306 0.066 0.084 0.137 0.206 2 2 2 2 2 2
2009-08-16T22:30:00 2009 8 16 22 30 0 1.5 0.1 268.0 6.4 0.92 0.14 0.0 0.0 2 2 2 2 2 2 2 2 0.7 0.3 0.0 0.1 0.1 0.1 0.1 0.1 0.1 0.127 0.152 0.064 0.047 0.043 0.085 2 2 2 2 2 2
2009-08-16T23:30:00 2009 8 16 23 30 0 -0.3 -1.0 267.0 6.5 0.93 0.09 0.66 0.43 2 2 2 2 2 2 2 2 0.7 0.38 1.0 -1.0 -1.0 -1.0 -1.0 -1.0 -1.0 0.132 0.221 0.063 0.052 0.124 0.165 2 2 2 2 2 2
