2009-07-25T00:30:00 2009 7 25 0 30 0 -0.8 -0.5 540.0 2.1 1.06 0.22 0.62 0.13 2 2 2 2 2 2 2 2 2.0 1.14 -15.0 -0.5 -0.5 -0.5 -0.5 -0.5 -0.5 0.069 0.102 0.173 0.031 0.168 0.159 2 2 2 2 2 2
2009-07-25T01:30:00 2009 7 25 1 30 0 1.6 -1.5 518.0 2.4 1.13 0.5 2.74 0.63 2 2 2 2 2 2 2 2 2.0 1.15 -16.0 -1.5 -1.5 -1.5 -1.5 -1.5 -1.5 0.139 0.207 0.175 0.099 0.376 0.31 2 2 2 2 2 2
2009-07-25T02:30:00 2009 7 25 2 30 0 -1.0 -0.8 512.0 2.3 1.06 0.51 2.89 0.68 2 2 2 2 2 2 2 2 2.0 1.32 -18.0 -0.8 -0.8 -0.8 -0.8 -0.8 -0.8 0.178 0.246 0.176 0.124 0.395 0.345 2 2 2 2 2 2
2009-07-25T03:30:00 2009 7 25 3 30 0 -1.3 -0.1 506.0 2.4 1.07 0.27 1.07 0.25 2 2 2 2 2 2 2 2 2.0 1.48 -16.0 -0.1 -0.1 -0.1 -0.1 -0.1 -0.1 0.152 0.186 0.172 0.086 0.239 0.252 2 2 2 2 2 2
2009-07-25T04:30:00 2009 7 25 4 30 0 -0.3 -0.1 500.0 2.6 1.12 0.09 0.25 0.06 2 2 2 2 2 2 2 2 2.0 1.64 -16.0 -0.1 -0.1 -0.1 -0.1 -0.1 -0.1 0.114 0.123 0.167 0.051 0.132 0.172 2 2 2 2 2 2
2009-07-25T05:30:00 2009 7 25 5 30 0 0.0 0.6 495.0 2.5 1.06 0.0 0.01 0.0 2 2 2 2 2 2 2 2 2.0 1.76 -13.0 0.6 0.6 0.6 0.6 0.6 0.6 0.077 0.061 0.162 0.029 0.042 0.071 2 2 2 2 2 2
2009-07-25T06:30:00 2009 7 25 6 30 0 0.3 1.2 490.0 2.5 1.03 0.0 0.0 0.0 2 2 2 2 2 2 2 2 0.3 1.66 -13.0 1.2 1.2 1.2 1.2 1.2 1.2 0.052 0.03 0.157 0.016 0.013 0.03 2 2 2 2 2 2
2009-07-25T07:30:00 2009 7 25 7 30 0 1.4 1.3 486.0 2.2 0.9 0.03 0.0 0.0 2 2 2 2 2 2 2 2 0.3 1.56 -14.0 1.3 1.3 1.3 1.3 1.3 1.3 0.035 0.015 0.153 0.009 0.004 0.012 2 2 2 2 2 2
2009-07-25T08:30:00 2009 7 25 8 30 0 0.2 1.5 476.0 2.1 0.82 0.02 0.0 0.0 2 2 2 2 2 2 2 2 0.3 1.34 -13.0 1.5 1.5 1.5 1.5 1.5 1.5 0.024 0.007 0.148 0.005 0.001 0.005 2 2 2 2 2 2
2009-07-25T09:30:00 2009 7 25 9 30 0 0.3 1.3 469.0 2.1 0.79 0.0 0.0 0.0 2 2 2 2 2 2 2 2 1.0 1.22 -14.0 1.3 1.3 1.3 1.3 1.3 1.3 0.016 0.004 0.143 0.003 0.0 0.002 2 2 2 2 2 2
2009-07-25T10:30:00 2009 7 25 10 30 0 -0.3 0.6 465.0 2.1 0.78 0.0 0.0 0.0 2 2 2 2 2 2 2 2 1.0 1.1 -14.0 0.6 0.6 0.6 0.6 0.6 0.6 0.011 0.002 0.139 0.002 0.0 0.001 2 2 2 2 2 2
2009-07-25T11:30:00 2009 7 25 11 30 0 -0.2 -0.5 464.0 2.1 0.77 0.02 0.31 0.07 2 2 2 2 2 2 2 2 1.0 0.98 -13.0 -0.5 -0.5 -0.5 -0.5 -0.5 -0.5 0.024 0.04 0.135 0.01 0.073 0.053 2 2 2 2 2 2
2009-07-25T12:30:00 2009 7 25 12 30 0 -0.8 -1.3 467.0 2.2 0.82 0.31 2.17 0.47 2 2 2 2 2 2 2 2 1.0 0.86 -15.0 -1.3 -1.3 -1.3 -1.3 -1.3 -1.3 0.09 0.157 0.136 0.064 0.263 0.181 2 2 2 2 2 2
2009-07-25T13:30:00 2009 7 25 13 30 0 -1.2 0.8 485.0 2.2 0.88 0.19 0.82 0.18 2 2 2 2 2 2 2 2 1.0 0.75 -14.0 0.8 0.8 0.8 0.8 0.8 0.8 0.079 0.112 0.133 0.046 0.133 0.117 2 2 2 2 2 2
2009-07-25T14:30:00 2009 7 25 14 30 0 -3.7 1.2 494.0 1.9 0.78 0.42 0.0 0.0 2 2 2 2 2 2 2 2 1.0 0.83 -13.0 1.2 1.2 1.2 1.2 1.2 1.2 0.054 0.055 0.129 0.026 0.042 0.049 2 2 2 2 2 2
2009-07-25T15:30:00 2009 7 25 15 30 0 -3.3 0.7 479.0 1.9 0.74 0.82 0.0 0.0 2 2 2 2 2 2 2 2 0.3 0.82 -12.0 0.7 0.7 0.7 0.7 0.7 0.7 0.036 0.028 0.125 0.015 0.013 0.02 2 2 2 2 2 2
2009-07-25T16:30:00 2009 7 25 16 30 0 -3.0 -0.1 467.0 2.4 0.89 0.84 0.03 0.01 2 2 2 2 2 2 2 2 0.3 0.82 -10.0 -0.1 -0.1 -0.1 -0.1 -0.1 -0.1 0.028 0.023 0.121 0.009 0.022 0.026 2 2 2 2 2 2
2009-07-25T17:30:00 2009 7 25 17 30 0 -2.2 1.2 457.0 2.5 0.89 0.48 0.0 0.0 2 2 2 2 2 2 2 2 0.3 0.73 -9.0 1.2 1.2 1.2 1.2 1.2 1.2 0.019 0.012 0.117 0.005 0.007 0.011 2 2 2 2 2 2
2009-07-25T18:30:00 2009 7 25 18 30 0 -3.1 1.8 477.0 2.4 0.93 0.33 0.0 0.0 2 2 2 2 2 2 2 2 0.7 0.69 -9.0 1.8 1.8 1.8 1.8 1.8 1.8 0.013 0.006 0.114 0.003 0.002 0.004 2 2 2 2 2 2
2009-07-25T19:30:00 2009 7 25 19 30 0 -2.2 2.7 472.0 2.3 0.87 0.24 0.0 0.0 2 2 2 2 2 2 2 2 0.7 0.66 -11.0 2.7 2.7 2.7 2.7 2.7 2.7 0.009 0.003 0.11 0.002 0.001 0.002 2 2 2 2 2 2
2009-07-25T20:30:00 2009 7 25 20 30 0 -2.6 1.4 475.0 2.0 0.77 0.22 0.0 0.0 2 2 2 2 2 2 2 2 0.7 0.62 -12.0 1.4 1.4 1.4 1.4 1.4 1.4 0.006 0.001 0.107 0.001 0.0 0.001 2 2 2 2 2 2
2009-07-25T21:30:00 2009 7 25 21 30 0 -2.1 0.2 477.0 2.0 0.77 0.35 0.0 0.0 2 2 2 2 2 2 2 2 1.3 0.67 -11.0 0.2 0.2 0.2 0.2 0.2 0.2 0.004 0.001 0.104 0.0 0.0 0.0 2 2 2 2 2 2
2009-07-25T22:30:00 2009 7 25 22 30 0 -1.8 1.1 485.0 1.9 0.76 0.24 0.0 0.0 2 2 2 2 2 2 2 2 1.3 0.71 -10.0 1.1 1.1 1.1 1.1 1.1 1.1 0.003 0.0 0.101 0.0 0.0 0.0 2 2 2 2 2 2
2009-07-25T23:30:00 2009 7 25 23 30 0 0.0 -0.7 458.0 2.0 0.73 0.08 0.38 0.08 2 2 2 2 2 2 2 2 1.3 0.84 -12.0 -0.7 -0.7 -0.7 -0.7 -0.7 -0.7 0.022 0.046 0.098 0.013 0.085 0.055 2 2 2 2 2 2
