2009-09-20T00:30:00 2009 9 20 0 30 0 -3.3 0.0 348.0 5.4 1.31 0.52 0.0 0.0 2 2 2 2 2 2 2 2 0.0 0.15 5.0 0.0 0.0 0.0 0.0 0.0 0.0 0.004 0.0 0.038 0.0 0.0 0.0 2 2 2 2 2 2
2009-09-20T01:30:00 2009 9 20 1 30 0 -3.0 0.3 345.0 5.4 1.29 0.65 0.0 0.0 2 2 2 2 2 2 2 2 0.0 0.11 2.0 0.3 0.3 0.3 0.3 0.3 0.3 0.003 0.0 0.037 0.0 0.0 0.0 2 2 2 2 2 2
2009-09-20T02:30:00 2009 9 20 2 30 0 -2.5 0.1 339.0 5.9 1.36 0.48 0.0 0.0 2 2 2 2 2 2 2 2 0.0 0.07 -2.0 0.1 0.1 0.1 0.1 0.1 0.1 0.002 0.0 0.036 0.0 0.0 0.0 2 2 2 2 2 2
2009-09-20T03:30:00 2009 9 20 3 30 0 -2.3 0.2 337.0 7.0 1.59 0.37 0.0 0.0 2 2 2 2 2 2 2 2 0.0 0.04 0.0 0.2 0.2 0.2 0.2 0.2 0.2 0.001 0.0 0.035 0.0 0.0 0.0 2 2 2 2 2 2
2009-09-20T04:30:00 2009 9 20 4 30 0 -0.6 -0.7 335.0 8.3 1.86 0.2 0.51 0.41 2 2 2 2 2 2 2 2 0.0 0.0 0.0 -0.7 -0.7 -0.7 -0.7 -0.7 -0.7 0.041 0.12 0.035 0.022 0.126 0.225 2 2 2 2 2 2
2009-09-20T05:30:00 2009 9 20 5 30 0 -0.3 -0.8 331.0 8.6 1.88 0.14 1.25 1.06 2 2 2 2 2 2 2 2 0.0 0.0 -1.0 -0.8 -0.8 -0.8 -0.8 -0.8 -0.8 0.103 0.257 0.036 0.058 0.235 0.442 2 2 2 2 2 2
2009-09-20T06:30:00 2009 9 20 6 30 0 -0.7 -0.3 328.0 8.7 1.87 0.09 0.87 0.75 2 2 2 2 2 2 2 2 0.3 0.04 -1.0 -0.3 -0.3 -0.3 -0.3 -0.3 -0.3 0.119 0.268 0.037 0.057 0.206 0.444 2 2 2 2 2 2
2009-09-20T07:30:00 2009 9 20 7 30 0 -1.6 0.9 322.0 6.7 1.39 0.07 0.04 0.03 2 2 2 2 2 2 2 2 0.3 0.08 -2.0 0.9 0.9 0.9 0.9 0.9 0.9 0.08 0.133 0.035 0.032 0.065 0.184 2 2 2 2 2 2
2009-09-20T08:30:00 2009 9 20 8 30 0 -1.1 1.4 321.0 6.9 1.42 0.04 0.0 0.0 2 2 2 2 2 2 2 2 0.3 0.12 1.0 1.4 1.4 1.4 1.4 1.4 1.4 0.054 0.066 0.034 0.018 0.021 0.076 2 2 2 2 2 2
2009-09-20T09:30:00 2009 9 20 9 30 0 2.0 -1.5 313.0 6.0 1.18 0.2 0.71 0.44 2 2 2 2 2 2 2 2 0.7 0.21 3.0 -1.5 -1.5 -1.5 -1.5 -1.5 -1.5 0.087 0.168 0.035 0.047 0.144 0.191 2 2 2 2 2 2
2009-09-20T10:30:00 2009 9 20 10 30 0 1.4 0.4 310.0 6.5 1.25 0.33 0.83 0.51 2 2 2 2 2 2 2 2 0.7 0.3 4.0 0.4 0.4 0.4 0.4 0.4 0.4 0.09 0.162 0.035 0.043 0.109 0.172 2 2 2 2 2 2
2009-09-20T11:30:00 2009 9 20 11 30 0 2.1 -1.4 315.0 6.7 1.33 0.39 0.95 0.63 2 2 2 2 2 2 2 2 0.7 0.38 4.0 -1.4 -1.4 -1.4 -1.4 -1.4 -1.4 0.125 0.253 0.036 0.069 0.203 0.289 2 2 2 2 2 2
2009-09-20T12:30:00 2009 9 20 12 30 0 1.8 -1.0 319.0 8.1 1.65 0.64 1.88 1.39 2 2 2 2 2 2 2 2 1.3 0.55 4.0 -1.0 -1.0 -1.0 -1.0 -1.0 -1.0 0.183 0.367 0.039 0.107 0.289 0.454 2 2 2 2 2 2
2009-09-20T13:30:00 2009 9 20 13 30 0 1.7 0.6 319.0 10.2 2.08 0.25 0.43 0.37 2 2 2 2 2 2 2 2 1.3 0.71 3.0 0.6 0.6 0.6 0.6 0.6 0.6 0.142 0.232 0.038 0.068 0.131 0.274 2 2 2 2 2 2
2009-09-20T14:30:00 2009 9 20 14 30 0 1.0 4.8 325.0 9.8 2.07 0.03 0.0 0.0 2 2 2 2 2 2 2 2 1.3 0.84 4.0 4.8 4.8 4.8 4.8 4.8 4.8 0.096 0.115 0.037 0.038 0.041 0.114 2 2 2 2 2 2
2009-09-20T15:30:00 2009 9 20 15 30 0 1.4 4.4 331.0 10.1 2.21 0.01 0.0 0.0 2 2 2 2 2 2 2 2 1.0 0.92 10.0 4.4 4.4 4.4 4.4 4.4 4.4 0.065 0.057 0.036 0.021 0.013 0.047 2 2 2 2 2 2
2009-09-20T16:30:00 2009 9 20 16 30 0 -2.1 4.4 325.0 12.0 2.54 0.01 0.0 0.0 2 2 2 2 2 2 2 2 1.0 1.0 14.0 4.4 4.4 4.4 4.4 4.4 4.4 0.044 0.028 0.035 0.012 0.004 0.02 2 2 2 2 2 2
2009-09-20T17:30:00 2009 9 20 17 30 0 0.7 4.6 327.0 12.1 2.59 0.01 0.0 0.0 2 2 2 2 2 2 2 2 1.0 1.04 15.0 4.6 4.6 4.6 4.6 4.6 4.6 0.03 0.014 0.034 0.007 0.001 0.008 2 2 2 2 2 2
2009-09-20T18:30:00 2009 9 20 18 30 0 -0.2 2.7 323.0 13.1 2.73 0.0 0.0 0.0 2 2 2 2 2 2 2 2 2.7 1.3 17.0 2.7 2.7 2.7 2.7 2.7 2.7 0.02 0.007 0.033 0.004 0.0 0.003 2 2 2 2 2 2
2009-09-20T19:30:00 2009 9 20 19 30 0 -4.4 0.6 326.0 14.0 2.98 0.32 0.0 0.0 2 2 2 2 2 2 2 2 2.7 1.55 14.0 0.6 0.6 0.6 0.6 0.6 0.6 0.014 0.003 0.032 0.002 0.0 0.001 2 2 2 2 2 2
2009-09-20T20:30:00 2009 9 20 20 30 0 -3.2 -4.6 337.0 13.4 3.04 2.63 3.73 5.05 2 2 2 2 2 2 2 2 2.7 1.73 9.0 -4.6 -4.6 -4.6 -4.6 -4.6 -4.6 0.285 0.584 0.048 0.328 0.608 1.28 2 2 2 2 2 2
2009-09-20T21:30:00 2009 9 20 21 30 0 -5.0 -1.8 347.0 15.0 3.61 3.72 5.27 7.45 2 2 2 2 2 2 2 2 2.7 1.91 3.0 -1.8 -1.8 -1.8 -1.8 -1.8 -1.8 0.48 0.873 0.066 0.493 0.781 1.961 2 2 2 2 2 2
2009-09-20T22:30:00 2009 9 20 22 30 0 -6.7 4.0 346.0 15.0 3.59 1.8 0.36 0.54 2 2 2 2 2 2 2 2 2.7 2.08 -2.0 4.0 4.0 4.0 4.0 4.0 4.0 0.336 0.463 0.064 0.281 0.271 0.906 2 2 2 2 2 2
2009-09-20T23:30:00 2009 9 20 23 30 0 -2.1 0.4 356.0 14.7 3.73 0.68 0.0 0.0 2 2 2 2 2 2 2 2 2.7 2.29 2.0 0.4 0.4 0.4 0.4 0.4 0.4 0.227 0.23 0.062 0.157 0.086 0.376 2 2 2 2 2 2
