2009-05-14T00:30:00 2009 5 14 0 30 0 3.0 1.1 325.0 2.9 0.61 0.3 0.0 0.0 2 2 2 2 2 2 2 2 0.7 0.62 2.0 1.1 1.1 1.1 1.1 1.1 1.1 0.013 0.003 0.06 0.002 0.0 0.001 2 2 2 2 2 2
2009-05-14T01:30:00 2009 5 14 1 30 0 2.3 -1.2 331.0 3.3 0.72 0.54 0.6 0.2 2 2 2 2 2 2 2 2 0.7 0.55 2.0 -1.2 -1.2 -1.2 -1.2 -1.2 -1.2 0.043 0.09 0.06 0.024 0.1 0.072 2 2 2 2 2 2
2009-05-14T02:30:00 2009 5 14 2 30 0 -0.4 -1.9 340.0 3.4 0.79 0.65 2.65 0.89 2 2 2 2 2 2 2 2 0.7 0.55 1.0 -1.9 -1.9 -1.9 -1.9 -1.9 -1.9 0.133 0.263 0.063 0.1 0.268 0.196 2 2 2 2 2 2
2009-05-14T03:30:00 2009 5 14 3 30 0 -1.4 -1.9 339.0 3.8 0.87 0.84 3.22 1.17 2 2 2 2 2 2 2 2 1.3 0.63 1.0 -1.9 -1.9 -1.9 -1.9 -1.9 -1.9 0.211 0.378 0.067 0.163 0.352 0.282 2 2 2 2 2 2
2009-05-14T04:30:00 2009 5 14 4 30 0 -3.2 0.7 341.0 4.5 1.05 0.6 1.05 0.42 2 2 2 2 2 2 2 2 1.3 0.71 -1.0 0.7 0.7 0.7 0.7 0.7 0.7 0.173 0.252 0.067 0.11 0.169 0.176 2 2 2 2 2 2
2009-05-14T05:30:00 2009 5 14 5 30 0 -1.7 -0.2 338.0 6.6 1.51 0.36 0.05 0.03 2 2 2 2 2 2 2 2 1.3 0.84 2.0 -0.2 -0.2 -0.2 -0.2 -0.2 -0.2 0.123 0.148 0.065 0.064 0.08 0.116 2 2 2 2 2 2
2009-05-14T06:30:00 2009 5 14 6 30 0 -0.4 -0.8 340.0 8.6 1.99 0.18 0.89 0.7 2 2 2 2 2 2 2 2 1.0 0.92 4.0 -0.8 -0.8 -0.8 -0.8 -0.8 -0.8 0.143 0.238 0.065 0.07 0.196 0.35 2 2 2 2 2 2
2009-05-14T07:30:00 2009 5 14 7 30 0 3.4 -1.8 348.0 8.9 2.16 0.81 2.31 2.03 2 2 2 2 2 2 2 2 1.0 1.0 3.0 -1.8 -1.8 -1.8 -1.8 -1.8 -1.8 0.234 0.431 0.069 0.154 0.398 0.714 2 2 2 2 2 2
2009-05-14T08:30:00 2009 5 14 8 30 0 2.5 -1.9 347.0 9.9 2.38 1.61 3.22 3.04 2 2 2 2 2 2 2 2 1.0 1.04 3.0 -1.9 -1.9 -1.9 -1.9 -1.9 -1.9 0.335 0.596 0.077 0.247 0.532 1.022 2 2 2 2 2 2
2009-05-14T09:30:00 2009 5 14 9 30 0 1.1 -1.5 338.0 12.4 2.83 0.94 2.88 3.23 2 2 2 2 2 2 2 2 3.0 1.34 4.0 -1.5 -1.5 -1.5 -1.5 -1.5 -1.5 0.394 0.675 0.083 0.281 0.554 1.245 2 2 2 2 2 2
2009-05-14T10:30:00 2009 5 14 10 30 0 1.8 1.4 336.0 12.0 2.71 0.2 0.55 0.68 2 2 2 2 2 2 2 2 3.0 1.63 5.0 1.4 1.4 1.4 1.4 1.4 1.4 0.288 0.388 0.081 0.169 0.219 0.648 2 2 2 2 2 2
2009-05-14T11:30:00 2009 5 14 11 30 0 -0.9 0.0 340.0 15.8 3.65 0.02 0.0 0.0 2 2 2 2 2 2 2 2 3.0 1.85 12.0 0.0 0.0 0.0 0.0 0.0 0.0 0.195 0.193 0.079 0.094 0.069 0.269 2 2 2 2 2 2
2009-05-14T12:30:00 2009 5 14 12 30 0 -2.4 5.1 341.0 4.6 1.07 0.05 0.0 0.0 2 2 2 2 2 2 2 2 2.3 1.97 -2.0 5.1 5.1 5.1 5.1 5.1 5.1 0.132 0.096 0.076 0.053 0.022 0.111 2 2 2 2 2 2
2009-05-14T13:30:00 2009 5 14 13 30 0 -3.3 4.9 340.0 2.9 0.67 0.11 0.0 0.0 2 2 2 2 2 2 2 2 2.3 2.09 -2.0 4.9 4.9 4.9 4.9 4.9 4.9 0.089 0.048 0.074 0.03 0.007 0.046 2 2 2 2 2 2
2009-05-14T14:30:00 2009 5 14 14 30 0 -2.2 5.1 333.0 2.9 0.64 0.09 0.0 0.0 2 2 2 2 2 2 2 2 2.3 2.25 -2.0 5.1 5.1 5.1 5.1 5.1 5.1 0.06 0.024 0.072 0.017 0.002 0.019 2 2 2 2 2 2
2009-05-14T15:30:00 2009 5 14 15 30 0 -2.3 5.4 334.0 3.2 0.71 0.05 0.0 0.0 2 2 2 2 2 2 2 2 2.3 2.4 -1.0 5.4 5.4 5.4 5.4 5.4 5.4 0.041 0.012 0.069 0.009 0.001 0.008 2 2 2 2 2 2
2009-05-14T16:30:00 2009 5 14 16 30 0 -1.0 -1.9 338.0 6.0 1.37 0.18 0.56 0.32 2 2 2 2 2 2 2 2 2.3 2.55 4.0 -1.9 -1.9 -1.9 -1.9 -1.9 -1.9 0.072 0.114 0.069 0.046 0.128 0.145 2 2 2 2 2 2
2009-05-14T17:30:00 2009 5 14 17 30 0 0.0 -6.1 337.0 12.0 2.73 3.59 7.04 6.87 2 2 2 2 2 2 2 2 2.3 2.47 3.0 -6.1 -6.1 -6.1 -6.1 -6.1 -6.1 0.44 0.786 0.097 0.563 0.816 1.29 2 2 2 2 2 2
2009-05-14T18:30:00 2009 5 14 18 30 0 -0.1 -6.9 342.0 6.0 1.4 7.8 11.1 9.64 2 2 2 2 2 2 2 2 3.0 2.48 -8.0 -6.9 -6.9 -6.9 -6.9 -6.9 -6.9 0.785 1.201 0.14 1.054 1.117 1.581 2 2 2 2 2 2
2009-05-14T19:30:00 2009 5 14 19 30 0 0.0 -3.8 347.0 6.7 1.61 5.31 8.99 5.71 2 2 2 2 2 2 2 2 3.0 2.48 -16.0 -3.8 -3.8 -3.8 -3.8 -3.8 -3.8 0.878 1.193 0.165 1.051 0.998 1.359 2 2 2 2 2 2
2009-05-14T20:30:00 2009 5 14 20 30 0 3.8 -3.5 377.0 4.3 1.22 3.37 6.6 3.57 2 2 2 2 2 2 2 2 3.0 2.57 -18.0 -3.5 -3.5 -3.5 -3.5 -3.5 -3.5 0.85 1.039 0.181 0.896 0.849 1.074 2 2 2 2 2 2
2009-05-14T21:30:00 2009 5 14 21 30 0 5.0 -0.1 383.0 4.3 1.26 2.77 3.14 1.35 2 2 2 2 2 2 2 2 1.7 2.49 -15.0 -0.1 -0.1 -0.1 -0.1 -0.1 -0.1 0.672 0.697 0.182 0.585 0.477 0.664 2 2 2 2 2 2
2009-05-14T22:30:00 2009 5 14 22 30 0 3.3 -1.1 381.0 5.3 1.54 1.63 1.22 0.61 2 2 2 2 2 2 2 2 1.7 2.41 -9.0 -1.1 -1.1 -1.1 -1.1 -1.1 -1.1 0.522 0.505 0.179 0.373 0.353 0.523 2 2 2 2 2 2
2009-05-14T23:30:00 2009 5 14 23 30 0 -0.4 3.6 384.0 4.2 1.24 0.22 0.16 0.08 2 2 2 2 2 2 2 2 1.7 2.33 -8.0 3.6 3.6 3.6 3.6 3.6 3.6 0.353 0.251 0.174 0.209 0.112 0.217 2 2 2 2 2 2
