2009-09-25T00:30:00 2009 9 25 0 30 0 -2.4 3.2 301.0 5.7 1.03 0.05 0.0 0.0 2 2 2 2 2 2 2 2 0.0 0.46 5.0 3.2 3.2 3.2 3.2 3.2 3.2 0.005 0.002 0.022 0.001 0.0 0.001 2 2 2 2 2 2
2009-09-25T01:30:00 2009 9 25 1 30 0 -2.7 3.6 297.0 5.0 0.88 0.1 0.0 0.0 2 2 2 2 2 2 2 2 0.0 0.37 3.0 3.6 3.6 3.6 3.6 3.6 3.6 0.003 0.001 0.021 0.0 0.0 0.0 2 2 2 2 2 2
2009-09-25T02:30:00 2009 9 25 2 30 0 -2.0 -1.0 294.0 5.8 1.0 0.23 0.23 0.13 2 2 2 2 2 2 2 2 0.0 0.28 2.0 -1.0 -1.0 -1.0 -1.0 -1.0 -1.0 0.023 0.062 0.021 0.015 0.06 0.062 2 2 2 2 2 2
2009-09-25T03:30:00 2009 9 25 3 30 0 -0.8 -2.6 296.0 5.4 0.95 0.84 2.76 1.53 2 2 2 2 2 2 2 2 1.0 0.32 1.0 -2.6 -2.6 -2.6 -2.6 -2.6 -2.6 0.152 0.34 0.027 0.128 0.292 0.281 2 2 2 2 2 2
2009-09-25T04:30:00 2009 9 25 4 30 0 -1.7 2.2 298.0 6.2 1.1 0.25 0.89 0.5 2 2 2 2 2 2 2 2 1.0 0.37 1.0 2.2 2.2 2.2 2.2 2.2 2.2 0.128 0.229 0.027 0.088 0.136 0.171 2 2 2 2 2 2
2009-09-25T05:30:00 2009 9 25 5 30 0 -1.6 3.8 298.0 7.6 1.35 0.03 0.0 0.0 2 2 2 2 2 2 2 2 1.0 0.46 3.0 3.8 3.8 3.8 3.8 3.8 3.8 0.087 0.114 0.026 0.049 0.043 0.071 2 2 2 2 2 2
2009-09-25T06:30:00 2009 9 25 6 30 0 -2.8 3.4 306.0 7.1 1.33 0.07 0.0 0.0 2 2 2 2 2 2 2 2 0.0 0.42 4.0 3.4 3.4 3.4 3.4 3.4 3.4 0.059 0.056 0.025 0.027 0.014 0.029 2 2 2 2 2 2
2009-09-25T07:30:00 2009 9 25 7 30 0 -3.4 1.5 304.0 6.6 1.22 0.25 0.0 0.0 2 2 2 2 2 2 2 2 0.0 0.38 5.0 1.5 1.5 1.5 1.5 1.5 1.5 0.04 0.028 0.024 0.015 0.004 0.012 2 2 2 2 2 2
2009-09-25T08:30:00 2009 9 25 8 30 0 -2.6 -1.2 299.0 6.8 1.22 0.57 0.48 0.32 2 2 2 2 2 2 2 2 0.0 0.37 4.0 -1.2 -1.2 -1.2 -1.2 -1.2 -1.2 0.066 0.126 0.025 0.035 0.108 0.137 2 2 2 2 2 2
2009-09-25T09:30:00 2009 9 25 9 30 0 -2.7 2.1 300.0 6.7 1.21 0.37 0.26 0.17 2 2 2 2 2 2 2 2 0.3 0.41 5.0 2.1 2.1 2.1 2.1 2.1 2.1 0.052 0.083 0.024 0.022 0.048 0.081 2 2 2 2 2 2
2009-09-25T10:30:00 2009 9 25 10 30 0 -2.5 1.3 297.0 7.0 1.23 0.18 0.0 0.0 2 2 2 2 2 2 2 2 0.3 0.44 8.0 1.3 1.3 1.3 1.3 1.3 1.3 0.035 0.041 0.024 0.012 0.015 0.034 2 2 2 2 2 2
2009-09-25T11:30:00 2009 9 25 11 30 0 -2.9 2.0 295.0 6.3 1.1 0.2 0.0 0.0 2 2 2 2 2 2 2 2 0.3 0.36 9.0 2.0 2.0 2.0 2.0 2.0 2.0 0.024 0.02 0.023 0.007 0.005 0.014 2 2 2 2 2 2
2009-09-25T12:30:00 2009 9 25 12 30 0 -0.1 1.7 292.0 7.2 1.23 0.05 0.0 0.0 2 2 2 2 2 2 2 2 0.7 0.33 8.0 1.7 1.7 1.7 1.7 1.7 1.7 0.016 0.01 0.022 0.004 0.002 0.006 2 2 2 2 2 2
2009-09-25T13:30:00 2009 9 25 13 30 0 0.8 2.1 294.0 7.7 1.33 0.0 0.0 0.0 2 2 2 2 2 2 2 2 0.7 0.3 9.0 2.1 2.1 2.1 2.1 2.1 2.1 0.011 0.005 0.021 0.002 0.0 0.002 2 2 2 2 2 2
2009-09-25T14:30:00 2009 9 25 14 30 0 -0.6 1.7 292.0 6.6 1.13 0.0 0.0 0.0 2 2 2 2 2 2 2 2 0.7 0.38 9.0 1.7 1.7 1.7 1.7 1.7 1.7 0.007 0.002 0.021 0.001 0.0 0.001 2 2 2 2 2 2
2009-09-25T15:30:00 2009 9 25 15 30 0 0.6 0.7 284.0 6.8 1.1 0.0 0.0 0.0 2 2 2 2 2 2 2 2 0.3 0.42 6.0 0.7 0.7 0.7 0.7 0.7 0.7 0.005 0.001 0.02 0.001 0.0 0.0 2 2 2 2 2 2
2009-09-25T16:30:00 2009 9 25 16 30 0 0.4 0.2 275.0 6.3 0.95 0.01 0.0 0.0 2 2 2 2 2 2 2 2 0.3 0.45 3.0 0.2 0.2 0.2 0.2 0.2 0.2 0.003 0.001 0.02 0.0 0.0 0.0 2 2 2 2 2 2
2009-09-25T17:30:00 2009 9 25 17 30 0 -0.2 -0.3 275.0 7.0 1.06 0.01 0.14 0.1 2 2 2 2 2 2 2 2 0.3 0.45 2.0 -0.3 -0.3 -0.3 -0.3 -0.3 -0.3 0.015 0.053 0.019 0.005 0.042 0.064 2 2 2 2 2 2
2009-09-25T18:30:00 2009 9 25 18 30 0 -0.6 -0.6 277.0 6.4 0.98 0.06 0.64 0.42 2 2 2 2 2 2 2 2 0.3 0.45 2.0 -0.6 -0.6 -0.6 -0.6 -0.6 -0.6 0.051 0.154 0.019 0.022 0.112 0.155 2 2 2 2 2 2
2009-09-25T19:30:00 2009 9 25 19 30 0 -0.3 -1.4 276.0 8.7 1.33 0.21 1.43 1.11 2 2 2 2 2 2 2 2 0.3 0.44 4.0 -1.4 -1.4 -1.4 -1.4 -1.4 -1.4 0.123 0.319 0.021 0.072 0.225 0.322 2 2 2 2 2 2
2009-09-25T20:30:00 2009 9 25 20 30 0 -1.0 0.5 277.0 8.4 1.29 0.1 0.63 0.55 2 2 2 2 2 2 2 2 0.3 0.4 5.0 0.5 0.5 0.5 0.5 0.5 0.5 0.109 0.23 0.022 0.054 0.118 0.215 2 2 2 2 2 2
2009-09-25T21:30:00 2009 9 25 21 30 0 -1.4 1.4 279.0 6.5 1.01 0.03 0.0 0.0 2 2 2 2 2 2 2 2 0.0 0.31 6.0 1.4 1.4 1.4 1.4 1.4 1.4 0.074 0.114 0.021 0.03 0.037 0.089 2 2 2 2 2 2
2009-09-25T22:30:00 2009 9 25 22 30 0 -0.1 1.6 273.0 7.6 1.13 0.01 0.0 0.0 2 2 2 2 2 2 2 2 0.0 0.22 7.0 1.6 1.6 1.6 1.6 1.6 1.6 0.05 0.057 0.02 0.017 0.012 0.037 2 2 2 2 2 2
2009-09-25T23:30:00 2009 9 25 23 30 0 0.4 1.8 275.0 6.9 1.04 0.0 0.0 0.0 2 2 2 2 2 2 2 2 0.0 0.18 7.0 1.8 1.8 1.8 1.8 1.8 1.8 0.034 0.028 0.02 0.009 0.004 0.015 2 2 2 2 2 2
