2009-09-29T00:30:00 2009 9 29 0 30 0 -0.2 3.8 339.0 5.8 1.33 0.02 0.0 0.0 2 2 2 2 2 2 2 2 0.3 1.32 -1.0 3.8 3.8 3.8 3.8 3.8 3.8 0.226 0.166 0.209 0.11 0.046 0.115 2 2 2 2 2 2
2009-09-29T01:30:00 2009 9 29 1 30 0 -0.3 2.4 334.0 5.4 1.2 0.0 0.0 0.0 2 2 2 2 2 2 2 2 0.3 1.3 -1.0 2.4 2.4 2.4 2.4 2.4 2.4 0.153 0.082 0.203 0.062 0.014 0.048 2 2 2 2 2 2
2009-09-29T02:30:00 2009 9 29 2 30 0 0.5 1.3 330.0 5.2 1.13 0.0 0.0 0.0 2 2 2 2 2 2 2 2 0.3 1.17 -1.0 1.3 1.3 1.3 1.3 1.3 1.3 0.104 0.041 0.197 0.035 0.005 0.02 2 2 2 2 2 2
2009-09-29T03:30:00 2009 9 29 3 30 0 1.9 -0.5 328.0 5.0 1.08 0.12 0.15 0.08 2 2 2 2 2 2 2 2 0.0 1.0 -1.0 -0.5 -0.5 -0.5 -0.5 -0.5 -0.5 0.084 0.064 0.191 0.026 0.05 0.065 2 2 2 2 2 2
2009-09-29T04:30:00 2009 9 29 4 30 0 1.6 -0.7 322.0 5.1 1.06 0.36 0.99 0.5 2 2 2 2 2 2 2 2 0.0 0.84 -1.0 -0.7 -0.7 -0.7 -0.7 -0.7 -0.7 0.108 0.169 0.187 0.043 0.149 0.179 2 2 2 2 2 2
2009-09-29T05:30:00 2009 9 29 5 30 0 2.0 -1.3 324.0 4.4 0.92 0.54 1.66 0.78 2 2 2 2 2 2 2 2 0.0 0.59 -2.0 -1.3 -1.3 -1.3 -1.3 -1.3 -1.3 0.152 0.273 0.184 0.079 0.236 0.254 2 2 2 2 2 2
2009-09-29T06:30:00 2009 9 29 6 30 0 1.7 -1.0 327.0 4.9 1.05 0.6 1.85 0.86 2 2 2 2 2 2 2 2 0.3 0.39 -1.0 -1.0 -1.0 -1.0 -1.0 -1.0 -1.0 0.183 0.327 0.181 0.1 0.264 0.294 2 2 2 2 2 2
2009-09-29T07:30:00 2009 9 29 7 30 0 1.5 -0.8 321.0 4.8 0.99 0.41 1.44 0.7 2 2 2 2 2 2 2 2 0.3 0.19 -1.0 -0.8 -0.8 -0.8 -0.8 -0.8 -0.8 0.19 0.327 0.178 0.097 0.243 0.289 2 2 2 2 2 2
2009-09-29T08:30:00 2009 9 29 8 30 0 1.0 -1.3 316.0 4.1 0.82 0.39 1.7 0.75 2 2 2 2 2 2 2 2 0.3 0.19 -2.0 -1.3 -1.3 -1.3 -1.3 -1.3 -1.3 0.207 0.349 0.176 0.108 0.258 0.28 2 2 2 2 2 2
2009-09-29T09:30:00 2009 9 29 9 30 0 0.5 -0.5 318.0 4.9 0.99 0.22 1.37 0.61 2 2 2 2 2 2 2 2 0.3 0.19 -4.0 -0.5 -0.5 -0.5 -0.5 -0.5 -0.5 0.197 0.318 0.172 0.094 0.216 0.254 2 2 2 2 2 2
2009-09-29T10:30:00 2009 9 29 10 30 0 0.5 -0.2 318.0 4.8 0.97 0.05 0.54 0.26 2 2 2 2 2 2 2 2 0.3 0.19 -2.0 -0.2 -0.2 -0.2 -0.2 -0.2 -0.2 0.159 0.237 0.168 0.063 0.141 0.195 2 2 2 2 2 2
2009-09-29T11:30:00 2009 9 29 11 30 0 1.0 -0.1 322.0 6.1 1.26 0.06 0.23 0.13 2 2 2 2 2 2 2 2 0.3 0.23 0.0 -0.1 -0.1 -0.1 -0.1 -0.1 -0.1 0.121 0.168 0.163 0.039 0.09 0.155 2 2 2 2 2 2
2009-09-29T12:30:00 2009 9 29 12 30 0 0.9 0.1 317.0 6.6 1.33 0.06 0.03 0.02 2 2 2 2 2 2 2 2 0.3 0.26 2.0 0.1 0.1 0.1 0.1 0.1 0.1 0.084 0.088 0.158 0.022 0.032 0.073 2 2 2 2 2 2
2009-09-29T13:30:00 2009 9 29 13 30 0 0.8 -0.6 314.0 5.8 1.14 0.09 0.44 0.27 2 2 2 2 2 2 2 2 0.3 0.3 0.0 -0.6 -0.6 -0.6 -0.6 -0.6 -0.6 0.088 0.143 0.154 0.028 0.105 0.159 2 2 2 2 2 2
2009-09-29T14:30:00 2009 9 29 14 30 0 0.4 -0.7 313.0 6.1 1.2 0.12 1.03 0.61 2 2 2 2 2 2 2 2 0.3 0.3 1.0 -0.7 -0.7 -0.7 -0.7 -0.7 -0.7 0.115 0.223 0.151 0.046 0.174 0.246 2 2 2 2 2 2
2009-09-29T15:30:00 2009 9 29 15 30 0 0.8 0.6 314.0 7.8 1.54 0.04 0.25 0.16 2 2 2 2 2 2 2 2 0.3 0.3 2.0 0.6 0.6 0.6 0.6 0.6 0.6 0.087 0.137 0.146 0.029 0.075 0.14 2 2 2 2 2 2
2009-09-29T16:30:00 2009 9 29 16 30 0 -0.5 1.3 320.0 9.3 1.9 0.0 0.0 0.0 2 2 2 2 2 2 2 2 0.3 0.3 4.0 1.3 1.3 1.3 1.3 1.3 1.3 0.059 0.068 0.142 0.016 0.024 0.058 2 2 2 2 2 2
2009-09-29T17:30:00 2009 9 29 17 30 0 -1.7 2.4 318.0 5.3 1.07 0.02 0.0 0.0 2 2 2 2 2 2 2 2 0.3 0.3 2.0 2.4 2.4 2.4 2.4 2.4 2.4 0.04 0.034 0.137 0.009 0.008 0.024 2 2 2 2 2 2
2009-09-29T18:30:00 2009 9 29 18 30 0 -2.8 1.1 316.0 5.3 1.06 0.15 0.0 0.0 2 2 2 2 2 2 2 2 0.0 0.26 2.0 1.1 1.1 1.1 1.1 1.1 1.1 0.027 0.017 0.133 0.005 0.002 0.01 2 2 2 2 2 2
2009-09-29T19:30:00 2009 9 29 19 30 0 -3.0 0.2 316.0 5.2 1.04 0.41 0.0 0.0 2 2 2 2 2 2 2 2 0.0 0.22 0.0 0.2 0.2 0.2 0.2 0.2 0.2 0.018 0.008 0.129 0.003 0.001 0.004 2 2 2 2 2 2
2009-09-29T20:30:00 2009 9 29 20 30 0 -2.9 -0.1 313.0 5.6 1.1 0.55 0.03 0.02 2 2 2 2 2 2 2 2 0.0 0.18 -1.0 -0.1 -0.1 -0.1 -0.1 -0.1 -0.1 0.016 0.022 0.125 0.003 0.017 0.03 2 2 2 2 2 2
2009-09-29T21:30:00 2009 9 29 21 30 0 -2.5 -0.3 308.0 5.5 1.04 0.52 0.32 0.18 2 2 2 2 2 2 2 2 0.0 0.15 -1.0 -0.3 -0.3 -0.3 -0.3 -0.3 -0.3 0.032 0.083 0.122 0.009 0.071 0.102 2 2 2 2 2 2
2009-09-29T22:30:00 2009 9 29 22 30 0 -1.9 -1.3 303.0 5.5 1.01 0.56 1.28 0.71 2 2 2 2 2 2 2 2 0.0 0.11 -4.0 -1.3 -1.3 -1.3 -1.3 -1.3 -1.3 0.093 0.227 0.12 0.052 0.192 0.225 2 2 2 2 2 2
2009-09-29T23:30:00 2009 9 29 23 30 0 -1.5 -0.2 311.0 5.9 1.14 0.37 1.08 0.61 2 2 2 2 2 2 2 2 0.0 0.07 -4.0 -0.2 -0.2 -0.2 -0.2 -0.2 -0.2 0.11 0.239 0.118 0.054 0.168 0.232 2 2 2 2 2 2
