2009-03-21T00:30:00 2009 3 21 0 30 0 -1.2 9.1 415.0 5.0 1.46 0.0 0.0 0.0 2 2 2 2 2 2 2 2 0.0 1.06 3.0 9.1 9.1 9.1 9.1 9.1 9.1 0.036 0.007 0.075 0.009 0.0 0.003 2 2 2 2 2 2
2009-03-21T01:30:00 2009 3 21 1 30 0 -0.3 9.7 411.0 4.6 1.31 0.0 0.0 0.0 2 2 2 2 2 2 2 2 0.0 0.85 3.0 9.7 9.7 9.7 9.7 9.7 9.7 0.025 0.004 0.073 0.005 0.0 0.001 2 2 2 2 2 2
2009-03-21T02:30:00 2009 3 21 2 30 0 0.1 9.7 405.0 5.2 1.45 0.0 0.0 0.0 2 2 2 2 2 2 2 2 0.0 0.68 3.0 9.7 9.7 9.7 9.7 9.7 9.7 0.017 0.002 0.07 0.003 0.0 0.0 2 2 2 2 2 2
2009-03-21T03:30:00 2009 3 21 3 30 0 2.6 8.6 394.0 6.5 1.75 0.02 0.0 0.0 2 2 2 2 2 2 2 2 0.7 0.61 8.0 8.6 8.6 8.6 8.6 8.6 8.6 0.011 0.001 0.068 0.002 0.0 0.0 2 2 2 2 2 2
2009-03-21T04:30:00 2009 3 21 4 30 0 2.9 6.4 397.0 10.4 2.82 0.07 0.0 0.0 2 2 2 2 2 2 2 2 0.7 0.54 17.0 6.4 6.4 6.4 6.4 6.4 6.4 0.008 0.0 0.066 0.001 0.0 0.0 2 2 2 2 2 2
2009-03-21T05:30:00 2009 3 21 5 30 0 -0.4 9.2 409.0 8.8 2.54 0.02 0.0 0.0 2 2 2 2 2 2 2 2 0.7 0.51 19.0 9.2 9.2 9.2 9.2 9.2 9.2 0.005 0.0 0.064 0.0 0.0 0.0 2 2 2 2 2 2
2009-03-21T06:30:00 2009 3 21 6 30 0 2.9 8.9 405.0 9.0 2.56 0.02 0.0 0.0 2 2 2 2 2 2 2 2 1.7 0.61 20.0 8.9 8.9 8.9 8.9 8.9 8.9 0.004 0.0 0.062 0.0 0.0 0.0 2 2 2 2 2 2
2009-03-21T07:30:00 2009 3 21 7 30 0 4.7 8.2 404.0 6.0 1.7 0.18 0.0 0.0 2 2 2 2 2 2 2 2 1.7 0.71 15.0 8.2 8.2 8.2 8.2 8.2 8.2 0.002 0.0 0.06 0.0 0.0 0.0 2 2 2 2 2 2
2009-03-21T08:30:00 2009 3 21 8 30 0 7.8 4.2 414.0 4.9 1.45 1.12 0.0 0.0 2 2 2 2 2 2 2 2 1.7 0.92 14.0 4.2 4.2 4.2 4.2 4.2 4.2 0.002 0.0 0.058 0.0 0.0 0.0 2 2 2 2 2 2
2009-03-21T09:30:00 2009 3 21 9 30 0 5.5 -0.5 431.0 5.2 1.93 2.47 0.11 0.06 2 2 2 2 2 2 2 2 2.7 1.26 15.0 -0.5 -0.5 -0.5 -0.5 -0.5 -0.5 0.016 0.04 0.057 0.009 0.066 0.093 2 2 2 2 2 2
2009-03-21T10:30:00 2009 3 21 10 30 0 2.4 -7.3 438.0 5.7 2.19 6.96 9.11 5.05 2 2 2 2 2 2 2 2 2.7 1.6 10.0 -7.3 -7.3 -7.3 -7.3 -7.3 -7.3 0.41 0.62 0.103 0.639 0.975 1.091 2 2 2 2 2 2
2009-03-21T11:30:00 2009 3 21 11 30 0 2.3 -6.5 428.0 5.8 2.12 11.58 14.86 8.55 2 2 2 2 2 2 2 2 2.7 1.85 -13.0 -6.5 -6.5 -6.5 -6.5 -6.5 -6.5 0.808 1.053 0.172 1.255 1.435 1.7 2 2 2 2 2 2
2009-03-21T12:30:00 2009 3 21 12 30 0 8.5 -0.1 423.0 4.2 1.5 6.56 6.46 3.37 2 2 2 2 2 2 2 2 3.0 2.13 -31.0 -0.1 -0.1 -0.1 -0.1 -0.1 -0.1 0.734 0.812 0.187 0.927 0.845 1.165 2 2 2 2 2 2
2009-03-21T13:30:00 2009 3 21 13 30 0 7.3 2.5 412.0 4.0 1.36 3.8 0.0 0.0 2 2 2 2 2 2 2 2 3.0 2.42 -27.0 2.5 2.5 2.5 2.5 2.5 2.5 0.497 0.403 0.181 0.519 0.267 0.483 2 2 2 2 2 2
2009-03-21T14:30:00 2009 3 21 14 30 0 7.3 2.3 408.0 3.2 1.07 2.56 0.0 0.0 2 2 2 2 2 2 2 2 3.0 2.58 -19.0 2.3 2.3 2.3 2.3 2.3 2.3 0.336 0.2 0.176 0.291 0.085 0.2 2 2 2 2 2 2
2009-03-21T15:30:00 2009 3 21 15 30 0 7.4 1.5 411.0 3.5 1.18 2.87 0.0 0.0 2 2 2 2 2 2 2 2 1.0 2.47 -15.0 1.5 1.5 1.5 1.5 1.5 1.5 0.228 0.099 0.17 0.163 0.027 0.083 2 2 2 2 2 2
2009-03-21T16:30:00 2009 3 21 16 30 0 2.7 0.0 404.0 4.9 1.6 1.61 0.0 0.0 2 2 2 2 2 2 2 2 1.0 2.37 -14.0 0.0 0.0 0.0 0.0 0.0 0.0 0.154 0.049 0.165 0.091 0.008 0.034 2 2 2 2 2 2
2009-03-21T17:30:00 2009 3 21 17 30 0 5.4 1.3 406.0 4.0 1.32 1.12 0.0 0.0 2 2 2 2 2 2 2 2 1.0 2.15 -17.0 1.3 1.3 1.3 1.3 1.3 1.3 0.104 0.025 0.16 0.051 0.003 0.014 2 2 2 2 2 2
2009-03-21T18:30:00 2009 3 21 18 30 0 8.8 0.5 411.0 3.3 1.11 3.45 0.0 0.0 2 2 2 2 2 2 2 2 2.3 2.11 -17.0 0.5 0.5 0.5 0.5 0.5 0.5 0.071 0.012 0.155 0.029 0.001 0.006 2 2 2 2 2 2
2009-03-21T19:30:00 2009 3 21 19 30 0 7.1 -2.7 409.0 4.7 1.57 6.03 2.57 1.11 2 2 2 2 2 2 2 2 2.3 2.06 -15.0 -2.7 -2.7 -2.7 -2.7 -2.7 -2.7 0.175 0.252 0.159 0.145 0.36 0.362 2 2 2 2 2 2
2009-03-21T20:30:00 2009 3 21 20 30 0 5.5 -4.8 404.0 4.9 1.46 7.71 7.79 3.75 2 2 2 2 2 2 2 2 2.3 1.98 -18.0 -4.8 -4.8 -4.8 -4.8 -4.8 -4.8 0.421 0.612 0.183 0.488 0.799 0.813 2 2 2 2 2 2
2009-03-21T21:30:00 2009 3 21 21 30 0 5.7 -2.4 397.0 4.5 1.3 6.35 7.01 3.3 2 2 2 2 2 2 2 2 3.0 2.0 -22.0 -2.4 -2.4 -2.4 -2.4 -2.4 -2.4 0.526 0.703 0.2 0.558 0.783 0.857 2 2 2 2 2 2
2009-03-21T22:30:00 2009 3 21 22 30 0 6.9 1.8 396.0 3.7 1.05 3.26 1.17 0.5 2 2 2 2 2 2 2 2 3.0 2.01 -23.0 1.8 1.8 1.8 1.8 1.8 1.8 0.386 0.408 0.195 0.333 0.313 0.435 2 2 2 2 2 2
2009-03-21T23:30:00 2009 3 21 23 30 0 6.3 2.5 400.0 3.4 0.94 2.05 0.0 0.0 2 2 2 2 2 2 2 2 3.0 2.26 -21.0 2.5 2.5 2.5 2.5 2.5 2.5 0.261 0.202 0.189 0.187 0.099 0.18 2 2 2 2 2 2
