2009-07-31T00:30:00 2009 7 31 0 30 0 -1.7 0.3 337.0 9.8 2.23 0.25 0.0 0.0 2 2 2 2 2 2 2 2 0.0 0.83 6.0 0.3 0.3 0.3 0.3 0.3 0.3 0.013 0.003 0.03 0.003 0.0 0.001 2 2 2 2 2 2
2009-07-31T01:30:00 2009 7 31 1 30 0 -1.5 0.5 321.0 7.6 1.57 0.12 0.0 0.0 2 2 2 2 2 2 2 2 0.0 0.58 3.0 0.5 0.5 0.5 0.5 0.5 0.5 0.009 0.002 0.029 0.001 0.0 0.001 2 2 2 2 2 2
2009-07-31T02:30:00 2009 7 31 2 30 0 -0.7 0.6 320.0 7.0 1.43 0.04 0.0 0.0 2 2 2 2 2 2 2 2 0.0 0.42 3.0 0.6 0.6 0.6 0.6 0.6 0.6 0.006 0.001 0.028 0.001 0.0 0.0 2 2 2 2 2 2
2009-07-31T03:30:00 2009 7 31 3 30 0 0.0 0.2 322.0 6.8 1.41 0.0 0.0 0.0 2 2 2 2 2 2 2 2 0.7 0.36 3.0 0.2 0.2 0.2 0.2 0.2 0.2 0.004 0.0 0.028 0.0 0.0 0.0 2 2 2 2 2 2
2009-07-31T04:30:00 2009 7 31 4 30 0 -1.0 -0.8 326.0 6.7 1.42 0.08 0.58 0.39 2 2 2 2 2 2 2 2 0.7 0.29 3.0 -0.8 -0.8 -0.8 -0.8 -0.8 -0.8 0.044 0.123 0.028 0.023 0.124 0.182 2 2 2 2 2 2
2009-07-31T05:30:00 2009 7 31 5 30 0 -0.7 -0.4 327.0 7.0 1.5 0.15 0.95 0.65 2 2 2 2 2 2 2 2 0.7 0.34 4.0 -0.4 -0.4 -0.4 -0.4 -0.4 -0.4 0.08 0.2 0.028 0.039 0.171 0.283 2 2 2 2 2 2
2009-07-31T06:30:00 2009 7 31 6 30 0 2.3 -2.0 350.0 8.2 2.01 0.56 2.17 1.68 2 2 2 2 2 2 2 2 2.3 0.61 4.0 -2.0 -2.0 -2.0 -2.0 -2.0 -2.0 0.184 0.395 0.034 0.132 0.376 0.604 2 2 2 2 2 2
2009-07-31T07:30:00 2009 7 31 7 30 0 -2.2 -4.1 348.0 8.3 2.01 2.25 5.47 4.52 2 2 2 2 2 2 2 2 2.3 0.86 0.0 -4.1 -4.1 -4.1 -4.1 -4.1 -4.1 0.405 0.732 0.053 0.406 0.709 1.084 2 2 2 2 2 2
2009-07-31T08:30:00 2009 7 31 8 30 0 1.2 -1.6 371.0 5.0 1.38 1.8 4.93 3.32 2 2 2 2 2 2 2 2 2.3 1.15 -6.0 -1.6 -1.6 -1.6 -1.6 -1.6 -1.6 0.471 0.733 0.065 0.429 0.64 0.958 2 2 2 2 2 2
2009-07-31T09:30:00 2009 7 31 9 30 0 0.4 3.9 401.0 6.6 1.8 0.08 0.32 0.17 2 2 2 2 2 2 2 2 1.7 1.36 -3.0 3.9 3.9 3.9 3.9 3.9 3.9 0.324 0.378 0.063 0.242 0.216 0.421 2 2 2 2 2 2
2009-07-31T10:30:00 2009 7 31 10 30 0 -0.8 3.2 398.0 7.8 2.1 0.0 0.0 0.0 2 2 2 2 2 2 2 2 1.7 1.56 3.0 3.2 3.2 3.2 3.2 3.2 3.2 0.219 0.188 0.061 0.136 0.068 0.175 2 2 2 2 2 2
2009-07-31T11:30:00 2009 7 31 11 30 0 -2.2 0.7 399.0 7.5 2.03 0.09 0.0 0.0 2 2 2 2 2 2 2 2 1.7 1.68 5.0 0.7 0.7 0.7 0.7 0.7 0.7 0.149 0.093 0.059 0.076 0.022 0.073 2 2 2 2 2 2
2009-07-31T12:30:00 2009 7 31 12 30 0 0.3 -2.7 398.0 7.1 1.92 0.65 2.36 1.7 2 2 2 2 2 2 2 2 1.3 1.75 3.0 -2.7 -2.7 -2.7 -2.7 -2.7 -2.7 0.245 0.34 0.066 0.189 0.412 0.641 2 2 2 2 2 2
2009-07-31T13:30:00 2009 7 31 13 30 0 -2.0 -2.5 400.0 6.0 1.64 1.75 5.17 3.37 2 2 2 2 2 2 2 2 1.3 1.81 0.0 -2.5 -2.5 -2.5 -2.5 -2.5 -2.5 0.389 0.57 0.082 0.349 0.662 0.969 2 2 2 2 2 2
2009-07-31T14:30:00 2009 7 31 14 30 0 -1.0 -2.8 392.0 6.0 1.57 1.94 5.27 3.16 2 2 2 2 2 2 2 2 1.3 1.69 -2.0 -2.8 -2.8 -2.8 -2.8 -2.8 -2.8 0.488 0.687 0.097 0.445 0.74 1.056 2 2 2 2 2 2
2009-07-31T15:30:00 2009 7 31 15 30 0 -2.0 -0.7 389.0 5.7 1.47 1.03 3.25 1.91 2 2 2 2 2 2 2 2 1.0 1.53 -6.0 -0.7 -0.7 -0.7 -0.7 -0.7 -0.7 0.456 0.589 0.102 0.356 0.538 0.85 2 2 2 2 2 2
2009-07-31T16:30:00 2009 7 31 16 30 0 -2.6 0.8 398.0 4.8 1.29 0.43 0.26 0.15 2 2 2 2 2 2 2 2 1.0 1.37 -7.0 0.8 0.8 0.8 0.8 0.8 0.8 0.316 0.31 0.099 0.202 0.188 0.385 2 2 2 2 2 2
2009-07-31T17:30:00 2009 7 31 17 30 0 -0.9 0.8 397.0 4.9 1.31 0.14 0.0 0.0 2 2 2 2 2 2 2 2 1.0 1.28 -7.0 0.8 0.8 0.8 0.8 0.8 0.8 0.214 0.154 0.096 0.113 0.06 0.16 2 2 2 2 2 2
2009-07-31T18:30:00 2009 7 31 18 30 0 0.0 -0.3 398.0 4.6 1.25 0.01 0.11 0.05 2 2 2 2 2 2 2 2 0.7 1.15 -8.0 -0.3 -0.3 -0.3 -0.3 -0.3 -0.3 0.154 0.107 0.093 0.068 0.063 0.127 2 2 2 2 2 2
2009-07-31T19:30:00 2009 7 31 19 30 0 0.4 -0.4 394.0 3.7 0.98 0.04 0.7 0.29 2 2 2 2 2 2 2 2 0.7 1.03 -9.0 -0.4 -0.4 -0.4 -0.4 -0.4 -0.4 0.138 0.141 0.092 0.054 0.133 0.187 2 2 2 2 2 2
2009-07-31T20:30:00 2009 7 31 20 30 0 -1.0 -0.2 418.0 3.1 0.92 0.06 0.59 0.2 2 2 2 2 2 2 2 2 0.7 0.96 -10.0 -0.2 -0.2 -0.2 -0.2 -0.2 -0.2 0.118 0.135 0.09 0.04 0.129 0.173 2 2 2 2 2 2
2009-07-31T21:30:00 2009 7 31 21 30 0 -1.4 -1.0 410.0 2.2 0.63 0.31 1.31 0.33 2 2 2 2 2 2 2 2 0.7 0.88 -13.0 -1.0 -1.0 -1.0 -1.0 -1.0 -1.0 0.132 0.179 0.089 0.057 0.203 0.186 2 2 2 2 2 2
2009-07-31T22:30:00 2009 7 31 22 30 0 -1.6 -0.8 403.0 2.1 0.58 0.49 1.81 0.39 2 2 2 2 2 2 2 2 0.7 0.81 -13.0 -0.8 -0.8 -0.8 -0.8 -0.8 -0.8 0.147 0.206 0.089 0.07 0.228 0.177 2 2 2 2 2 2
2009-07-31T23:30:00 2009 7 31 23 30 0 -1.9 -0.4 401.0 2.0 0.55 0.44 1.17 0.24 2 2 2 2 2 2 2 2 0.7 0.77 -9.0 -0.4 -0.4 -0.4 -0.4 -0.4 -0.4 0.136 0.185 0.088 0.06 0.183 0.144 2 2 2 2 2 2
