2009-04-14T00:30:00 2009 4 14 0 30 0 0.4 -0.7 370.0 2.0 0.5 0.33 2.14 0.46 2 2 2 2 2 2 2 2 1.0 0.39 -12.0 -0.7 -0.7 -0.7 -0.7 -0.7 -0.7 0.219 0.291 0.14 0.13 0.258 0.167 2 2 2 2 2 2
2009-04-14T01:30:00 2009 4 14 1 30 0 0.5 -0.9 367.0 2.1 0.51 0.18 1.49 0.31 2 2 2 2 2 2 2 2 1.0 0.48 -10.0 -0.9 -0.9 -0.9 -0.9 -0.9 -0.9 0.199 0.256 0.138 0.105 0.219 0.144 2 2 2 2 2 2
2009-04-14T02:30:00 2009 4 14 2 30 0 -0.9 -1.4 363.0 2.4 0.58 0.34 2.13 0.49 2 2 2 2 2 2 2 2 1.0 0.57 -8.0 -1.4 -1.4 -1.4 -1.4 -1.4 -1.4 0.208 0.279 0.137 0.114 0.255 0.164 2 2 2 2 2 2
2009-04-14T03:30:00 2009 4 14 3 30 0 -0.6 -0.7 362.0 2.3 0.55 0.31 1.85 0.44 2 2 2 2 2 2 2 2 0.7 0.62 -8.0 -0.7 -0.7 -0.7 -0.7 -0.7 -0.7 0.199 0.264 0.135 0.102 0.227 0.156 2 2 2 2 2 2
2009-04-14T04:30:00 2009 4 14 4 30 0 0.0 0.4 363.0 2.2 0.54 0.03 0.35 0.08 2 2 2 2 2 2 2 2 0.7 0.67 -8.0 0.4 0.4 0.4 0.4 0.4 0.4 0.144 0.153 0.131 0.061 0.094 0.082 2 2 2 2 2 2
2009-04-14T05:30:00 2009 4 14 5 30 0 -0.4 1.1 363.0 2.2 0.54 0.0 0.0 0.0 2 2 2 2 2 2 2 2 0.7 0.72 -6.0 1.1 1.1 1.1 1.1 1.1 1.1 0.097 0.076 0.127 0.034 0.03 0.034 2 2 2 2 2 2
2009-04-14T06:30:00 2009 4 14 6 30 0 -0.9 0.0 360.0 2.6 0.62 0.02 0.0 0.0 2 2 2 2 2 2 2 2 0.0 0.67 -5.0 0.0 0.0 0.0 0.0 0.0 0.0 0.066 0.038 0.123 0.019 0.009 0.014 2 2 2 2 2 2
2009-04-14T07:30:00 2009 4 14 7 30 0 -2.0 -1.2 359.0 3.1 0.73 0.37 1.17 0.34 2 2 2 2 2 2 2 2 0.0 0.63 -7.0 -1.2 -1.2 -1.2 -1.2 -1.2 -1.2 0.098 0.145 0.122 0.047 0.155 0.116 2 2 2 2 2 2
2009-04-14T08:30:00 2009 4 14 8 30 0 -1.9 -1.6 359.0 3.3 0.78 0.87 2.54 0.82 2 2 2 2 2 2 2 2 0.0 0.5 -8.0 -1.6 -1.6 -1.6 -1.6 -1.6 -1.6 0.163 0.271 0.123 0.104 0.283 0.219 2 2 2 2 2 2
2009-04-14T09:30:00 2009 4 14 9 30 0 -2.3 -1.8 359.0 3.6 0.83 1.14 3.07 1.06 2 2 2 2 2 2 2 2 1.0 0.51 -10.0 -1.8 -1.8 -1.8 -1.8 -1.8 -1.8 0.225 0.365 0.126 0.158 0.36 0.297 2 2 2 2 2 2
2009-04-14T10:30:00 2009 4 14 10 30 0 -1.1 -2.1 357.0 3.6 0.83 1.16 3.51 1.26 2 2 2 2 2 2 2 2 1.0 0.51 -10.0 -2.1 -2.1 -2.1 -2.1 -2.1 -2.1 0.284 0.438 0.129 0.21 0.413 0.351 2 2 2 2 2 2
2009-04-14T11:30:00 2009 4 14 11 30 0 -1.2 -1.9 354.0 3.2 0.74 1.0 3.54 1.2 2 2 2 2 2 2 2 2 1.0 0.56 -10.0 -1.9 -1.9 -1.9 -1.9 -1.9 -1.9 0.317 0.462 0.133 0.231 0.412 0.346 2 2 2 2 2 2
2009-04-14T12:30:00 2009 4 14 12 30 0 -1.7 -1.7 352.0 3.3 0.76 0.94 3.16 1.03 2 2 2 2 2 2 2 2 0.7 0.56 -8.0 -1.7 -1.7 -1.7 -1.7 -1.7 -1.7 0.327 0.454 0.135 0.226 0.387 0.325 2 2 2 2 2 2
2009-04-14T13:30:00 2009 4 14 13 30 0 -1.0 -1.7 348.0 4.4 1.07 0.82 2.97 1.16 2 2 2 2 2 2 2 2 0.7 0.56 -6.0 -1.7 -1.7 -1.7 -1.7 -1.7 -1.7 0.338 0.467 0.137 0.226 0.392 0.366 2 2 2 2 2 2
2009-04-14T14:30:00 2009 4 14 14 30 0 -1.4 -1.6 345.0 4.6 1.1 0.74 2.85 1.28 2 2 2 2 2 2 2 2 0.7 0.64 -6.0 -1.6 -1.6 -1.6 -1.6 -1.6 -1.6 0.347 0.479 0.139 0.225 0.394 0.406 2 2 2 2 2 2
2009-04-14T15:30:00 2009 4 14 15 30 0 -1.2 -1.5 342.0 4.5 1.05 0.69 2.65 1.21 2 2 2 2 2 2 2 2 0.3 0.67 -8.0 -1.5 -1.5 -1.5 -1.5 -1.5 -1.5 0.345 0.475 0.14 0.216 0.379 0.409 2 2 2 2 2 2
2009-04-14T16:30:00 2009 4 14 16 30 0 -0.7 -1.3 343.0 5.1 1.2 0.51 2.38 1.15 2 2 2 2 2 2 2 2 0.3 0.7 -9.0 -1.3 -1.3 -1.3 -1.3 -1.3 -1.3 0.336 0.463 0.14 0.2 0.362 0.42 2 2 2 2 2 2
2009-04-14T17:30:00 2009 4 14 17 30 0 -0.8 -1.4 339.0 4.7 1.08 0.45 2.31 1.13 2 2 2 2 2 2 2 2 0.3 0.62 -10.0 -1.4 -1.4 -1.4 -1.4 -1.4 -1.4 0.33 0.455 0.141 0.191 0.354 0.415 2 2 2 2 2 2
2009-04-14T18:30:00 2009 4 14 18 30 0 -1.2 -1.6 332.0 4.8 1.06 0.58 2.53 1.2 2 2 2 2 2 2 2 2 0.0 0.49 -11.0 -1.6 -1.6 -1.6 -1.6 -1.6 -1.6 0.333 0.468 0.142 0.196 0.363 0.414 2 2 2 2 2 2
2009-04-14T19:30:00 2009 4 14 19 30 0 -1.5 -1.5 334.0 5.2 1.16 0.69 2.57 1.29 2 2 2 2 2 2 2 2 0.0 0.37 -9.0 -1.5 -1.5 -1.5 -1.5 -1.5 -1.5 0.338 0.48 0.143 0.2 0.37 0.432 2 2 2 2 2 2
2009-04-14T20:30:00 2009 4 14 20 30 0 -1.4 -2.2 329.0 5.2 1.13 0.94 3.11 1.62 2 2 2 2 2 2 2 2 0.0 0.28 -9.0 -2.2 -2.2 -2.2 -2.2 -2.2 -2.2 0.369 0.535 0.146 0.238 0.422 0.48 2 2 2 2 2 2
2009-04-14T21:30:00 2009 4 14 21 30 0 -1.3 -1.6 328.0 5.4 1.16 0.9 3.08 1.63 2 2 2 2 2 2 2 2 0.3 0.23 -8.0 -1.6 -1.6 -1.6 -1.6 -1.6 -1.6 0.381 0.547 0.148 0.245 0.415 0.489 2 2 2 2 2 2
2009-04-14T22:30:00 2009 4 14 22 30 0 -2.1 -2.6 327.0 5.6 1.2 1.24 3.51 1.93 2 2 2 2 2 2 2 2 0.3 0.19 -9.0 -2.6 -2.6 -2.6 -2.6 -2.6 -2.6 0.418 0.607 0.152 0.29 0.472 0.548 2 2 2 2 2 2
2009-04-14T23:30:00 2009 4 14 23 30 0 -2.9 -1.9 327.0 6.4 1.37 1.63 3.63 2.18 2 2 2 2 2 2 2 2 0.3 0.19 -9.0 -1.9 -1.9 -1.9 -1.9 -1.9 -1.9 0.443 0.637 0.156 0.309 0.482 0.604 2 2 2 2 2 2
