2009-05-10T00:30:00 2009 5 10 0 30 0 -1.6 -2.0 435.0 1.4 0.46 1.07 3.98 0.54 2 2 2 2 2 2 2 2 1.0 1.2 -13.0 -2.0 -2.0 -2.0 -2.0 -2.0 -2.0 0.25 0.287 0.191 0.172 0.363 0.162 2 2 2 2 2 2
2009-05-10T01:30:00 2009 5 10 1 30 0 -2.5 -1.4 432.0 1.3 0.42 1.34 3.63 0.49 2 2 2 2 2 2 2 2 1.0 1.11 -13.0 -1.4 -1.4 -1.4 -1.4 -1.4 -1.4 0.255 0.287 0.191 0.172 0.343 0.155 2 2 2 2 2 2
2009-05-10T02:30:00 2009 5 10 2 30 0 -2.1 -0.6 433.0 1.4 0.45 0.92 2.09 0.28 2 2 2 2 2 2 2 2 1.0 1.11 -14.0 -0.6 -0.6 -0.6 -0.6 -0.6 -0.6 0.224 0.238 0.188 0.131 0.256 0.129 2 2 2 2 2 2
2009-05-10T03:30:00 2009 5 10 3 30 0 -0.4 -0.4 424.0 1.5 0.46 0.27 1.05 0.15 2 2 2 2 2 2 2 2 1.0 1.11 -11.0 -0.4 -0.4 -0.4 -0.4 -0.4 -0.4 0.182 0.184 0.184 0.089 0.18 0.104 2 2 2 2 2 2
2009-05-10T04:30:00 2009 5 10 4 30 0 2.1 0.1 414.0 1.4 0.42 0.14 0.3 0.04 2 2 2 2 2 2 2 2 1.0 1.11 -8.0 0.1 0.1 0.1 0.1 0.1 0.1 0.13 0.109 0.179 0.053 0.08 0.058 2 2 2 2 2 2
2009-05-10T05:30:00 2009 5 10 5 30 0 2.3 -0.5 404.0 1.6 0.45 0.49 0.47 0.07 2 2 2 2 2 2 2 2 1.0 1.07 -8.0 -0.5 -0.5 -0.5 -0.5 -0.5 -0.5 0.107 0.103 0.174 0.039 0.097 0.062 2 2 2 2 2 2
2009-05-10T06:30:00 2009 5 10 6 30 0 2.9 -0.8 411.0 2.0 0.58 0.86 1.35 0.25 2 2 2 2 2 2 2 2 0.7 1.0 -7.0 -0.8 -0.8 -0.8 -0.8 -0.8 -0.8 0.118 0.148 0.17 0.05 0.17 0.104 2 2 2 2 2 2
2009-05-10T07:30:00 2009 5 10 7 30 0 -0.8 1.0 413.0 2.1 0.61 0.21 0.3 0.06 2 2 2 2 2 2 2 2 0.7 0.92 -7.0 1.0 1.0 1.0 1.0 1.0 1.0 0.085 0.085 0.165 0.03 0.068 0.054 2 2 2 2 2 2
2009-05-10T08:30:00 2009 5 10 8 30 0 -2.9 0.0 420.0 2.2 0.67 0.29 0.0 0.0 2 2 2 2 2 2 2 2 0.7 0.88 -5.0 0.0 0.0 0.0 0.0 0.0 0.0 0.058 0.042 0.16 0.017 0.021 0.022 2 2 2 2 2 2
2009-05-10T09:30:00 2009 5 10 9 30 0 -1.8 -0.3 416.0 2.1 0.62 0.52 0.34 0.07 2 2 2 2 2 2 2 2 0.7 0.85 -5.0 -0.3 -0.3 -0.3 -0.3 -0.3 -0.3 0.055 0.065 0.156 0.016 0.071 0.058 2 2 2 2 2 2
2009-05-10T10:30:00 2009 5 10 10 30 0 -2.6 0.3 412.0 2.1 0.61 0.43 0.13 0.03 2 2 2 2 2 2 2 2 0.7 0.81 -5.0 0.3 0.3 0.3 0.3 0.3 0.3 0.04 0.039 0.151 0.01 0.03 0.031 2 2 2 2 2 2
2009-05-10T11:30:00 2009 5 10 11 30 0 -1.2 -0.8 421.0 2.3 0.7 0.39 0.68 0.15 2 2 2 2 2 2 2 2 0.7 0.77 -7.0 -0.8 -0.8 -0.8 -0.8 -0.8 -0.8 0.058 0.091 0.148 0.025 0.122 0.089 2 2 2 2 2 2
2009-05-10T12:30:00 2009 5 10 12 30 0 -1.5 -1.7 420.0 2.2 0.66 0.7 2.71 0.61 2 2 2 2 2 2 2 2 1.0 0.78 -8.0 -1.7 -1.7 -1.7 -1.7 -1.7 -1.7 0.13 0.212 0.149 0.091 0.291 0.187 2 2 2 2 2 2
2009-05-10T13:30:00 2009 5 10 13 30 0 -2.4 -2.0 415.0 2.3 0.68 1.41 3.89 0.88 2 2 2 2 2 2 2 2 1.0 0.78 -8.0 -2.0 -2.0 -2.0 -2.0 -2.0 -2.0 0.206 0.312 0.153 0.164 0.398 0.254 2 2 2 2 2 2
2009-05-10T14:30:00 2009 5 10 14 30 0 -3.0 -0.9 406.0 2.3 0.66 1.41 2.88 0.66 2 2 2 2 2 2 2 2 1.0 0.82 -11.0 -0.9 -0.9 -0.9 -0.9 -0.9 -0.9 0.223 0.31 0.154 0.158 0.343 0.241 2 2 2 2 2 2
2009-05-10T15:30:00 2009 5 10 15 30 0 -1.5 1.0 404.0 2.2 0.63 0.44 0.36 0.08 2 2 2 2 2 2 2 2 0.7 0.81 -11.0 1.0 1.0 1.0 1.0 1.0 1.0 0.158 0.168 0.149 0.092 0.125 0.113 2 2 2 2 2 2
2009-05-10T16:30:00 2009 5 10 16 30 0 -2.2 0.5 404.0 2.4 0.69 0.18 0.0 0.0 2 2 2 2 2 2 2 2 0.7 0.81 -8.0 0.5 0.5 0.5 0.5 0.5 0.5 0.107 0.084 0.145 0.051 0.039 0.047 2 2 2 2 2 2
2009-05-10T17:30:00 2009 5 10 17 30 0 -1.1 -0.5 418.0 2.7 0.81 0.24 0.3 0.08 2 2 2 2 2 2 2 2 0.7 0.81 -7.0 -0.5 -0.5 -0.5 -0.5 -0.5 -0.5 0.089 0.086 0.141 0.038 0.082 0.076 2 2 2 2 2 2
2009-05-10T18:30:00 2009 5 10 18 30 0 -1.1 -1.5 425.0 3.0 0.92 0.47 2.2 0.63 2 2 2 2 2 2 2 2 1.0 0.85 -8.0 -1.5 -1.5 -1.5 -1.5 -1.5 -1.5 0.146 0.21 0.141 0.09 0.279 0.228 2 2 2 2 2 2
2009-05-10T19:30:00 2009 5 10 19 30 0 -3.0 -0.1 415.0 2.3 0.67 0.71 1.56 0.43 2 2 2 2 2 2 2 2 1.0 0.89 -11.0 -0.1 -0.1 -0.1 -0.1 -0.1 -0.1 0.143 0.194 0.139 0.078 0.209 0.195 2 2 2 2 2 2
2009-05-10T20:30:00 2009 5 10 20 30 0 -2.8 -0.3 416.0 2.8 0.82 0.8 0.43 0.11 2 2 2 2 2 2 2 2 1.0 0.89 -13.0 -0.3 -0.3 -0.3 -0.3 -0.3 -0.3 0.117 0.151 0.136 0.052 0.144 0.152 2 2 2 2 2 2
2009-05-10T21:30:00 2009 5 10 21 30 0 -0.3 1.7 412.0 3.2 0.92 0.18 0.02 0.01 2 2 2 2 2 2 2 2 1.3 0.93 -8.0 1.7 1.7 1.7 1.7 1.7 1.7 0.079 0.075 0.132 0.029 0.046 0.063 2 2 2 2 2 2
2009-05-10T22:30:00 2009 5 10 22 30 0 -2.3 0.4 414.0 2.8 0.81 0.11 0.0 0.0 2 2 2 2 2 2 2 2 1.3 0.97 -4.0 0.4 0.4 0.4 0.4 0.4 0.4 0.054 0.037 0.128 0.016 0.014 0.026 2 2 2 2 2 2
2009-05-10T23:30:00 2009 5 10 23 30 0 -0.6 -2.4 418.0 2.9 0.85 0.71 2.36 0.68 2 2 2 2 2 2 2 2 1.3 1.04 -2.0 -2.4 -2.4 -2.4 -2.4 -2.4 -2.4 0.136 0.208 0.13 0.105 0.293 0.217 2 2 2 2 2 2
