2009-11-22T00:30:00 2009 11 22 0 30 0 -1.3 -2.4 496.0 2.1 0.92 2.66 6.54 1.37 2 2 2 2 2 2 2 2 2.7 2.27 -7.0 -2.4 -2.4 -2.4 -2.4 -2.4 -2.4 0.296 0.356 0.148 0.289 0.594 0.392 2 2 2 2 2 2
2009-11-22T01:30:00 2009 11 22 1 30 0 -0.3 -0.7 510.0 2.2 1.03 0.84 3.71 0.8 2 2 2 2 2 2 2 2 2.7 2.56 -7.0 -0.7 -0.7 -0.7 -0.7 -0.7 -0.7 0.296 0.331 0.152 0.246 0.477 0.367 2 2 2 2 2 2
2009-11-22T02:30:00 2009 11 22 2 30 0 1.4 2.4 530.0 1.4 0.74 0.02 0.13 0.03 2 2 2 2 2 2 2 2 2.7 2.6 -6.0 2.4 2.4 2.4 2.4 2.4 2.4 0.2 0.164 0.147 0.138 0.151 0.152 2 2 2 2 2 2
2009-11-22T03:30:00 2009 11 22 3 30 0 0.7 1.7 536.0 1.5 0.79 0.02 0.0 0.0 2 2 2 2 2 2 2 2 0.7 2.39 -5.0 1.7 1.7 1.7 1.7 1.7 1.7 0.136 0.082 0.143 0.077 0.048 0.063 2 2 2 2 2 2
2009-11-22T04:30:00 2009 11 22 4 30 0 -0.1 0.6 516.0 1.6 0.77 0.0 0.0 0.0 2 2 2 2 2 2 2 2 0.7 2.18 -3.0 0.6 0.6 0.6 0.6 0.6 0.6 0.092 0.041 0.138 0.043 0.015 0.026 2 2 2 2 2 2
2009-11-22T05:30:00 2009 11 22 5 30 0 -0.2 -0.9 515.0 1.5 0.72 0.07 0.79 0.12 2 2 2 2 2 2 2 2 0.7 1.92 -6.0 -0.9 -0.9 -0.9 -0.9 -0.9 -0.9 0.094 0.082 0.136 0.046 0.138 0.084 2 2 2 2 2 2
2009-11-22T06:30:00 2009 11 22 6 30 0 -1.6 1.1 526.0 1.3 0.67 0.1 0.43 0.06 2 2 2 2 2 2 2 2 1.7 1.8 -6.0 1.1 1.1 1.1 1.1 1.1 1.1 0.07 0.052 0.132 0.029 0.062 0.048 2 2 2 2 2 2
2009-11-22T07:30:00 2009 11 22 7 30 0 -1.3 -0.5 505.0 1.5 0.7 0.2 0.25 0.04 2 2 2 2 2 2 2 2 1.7 1.68 -6.0 -0.5 -0.5 -0.5 -0.5 -0.5 -0.5 0.06 0.055 0.129 0.024 0.083 0.056 2 2 2 2 2 2
2009-11-22T08:30:00 2009 11 22 8 30 0 -1.6 2.0 520.0 1.4 0.71 0.13 0.08 0.01 2 2 2 2 2 2 2 2 1.7 1.57 -7.0 2.0 2.0 2.0 2.0 2.0 2.0 0.041 0.028 0.125 0.013 0.026 0.023 2 2 2 2 2 2
2009-11-22T09:30:00 2009 11 22 9 30 0 -1.8 2.4 526.0 1.4 0.71 0.08 0.0 0.0 2 2 2 2 2 2 2 2 0.3 1.27 -6.0 2.4 2.4 2.4 2.4 2.4 2.4 0.028 0.014 0.121 0.007 0.008 0.01 2 2 2 2 2 2
2009-11-22T10:30:00 2009 11 22 10 30 0 -2.4 0.8 518.0 1.6 0.78 0.22 0.0 0.0 2 2 2 2 2 2 2 2 0.3 0.97 -6.0 0.8 0.8 0.8 0.8 0.8 0.8 0.019 0.007 0.117 0.004 0.003 0.004 2 2 2 2 2 2
2009-11-22T11:30:00 2009 11 22 11 30 0 -2.9 0.5 510.0 1.7 0.8 0.54 0.0 0.0 2 2 2 2 2 2 2 2 0.3 0.92 -5.0 0.5 0.5 0.5 0.5 0.5 0.5 0.013 0.003 0.114 0.002 0.001 0.002 2 2 2 2 2 2
2009-11-22T12:30:00 2009 11 22 12 30 0 -2.4 1.1 504.0 1.8 0.82 0.47 0.0 0.0 2 2 2 2 2 2 2 2 1.0 0.95 -2.0 1.1 1.1 1.1 1.1 1.1 1.1 0.009 0.002 0.11 0.001 0.0 0.001 2 2 2 2 2 2
2009-11-22T13:30:00 2009 11 22 13 30 0 0.5 -1.0 492.0 2.1 0.91 0.16 0.69 0.14 2 2 2 2 2 2 2 2 1.0 0.99 -2.0 -1.0 -1.0 -1.0 -1.0 -1.0 -1.0 0.038 0.065 0.109 0.025 0.131 0.087 2 2 2 2 2 2
2009-11-22T14:30:00 2009 11 22 14 30 0 1.0 -0.3 494.0 2.0 0.87 0.23 1.53 0.31 2 2 2 2 2 2 2 2 1.0 0.91 -6.0 -0.3 -0.3 -0.3 -0.3 -0.3 -0.3 0.069 0.116 0.108 0.04 0.191 0.149 2 2 2 2 2 2
2009-11-22T15:30:00 2009 11 22 15 30 0 -0.6 -0.8 492.0 2.0 0.86 0.14 1.41 0.28 2 2 2 2 2 2 2 2 2.0 0.96 -7.0 -0.8 -0.8 -0.8 -0.8 -0.8 -0.8 0.096 0.154 0.107 0.055 0.241 0.188 2 2 2 2 2 2
2009-11-22T16:30:00 2009 11 22 16 30 0 -2.8 0.3 496.0 1.9 0.83 0.43 0.64 0.13 2 2 2 2 2 2 2 2 2.0 1.01 -5.0 0.3 0.3 0.3 0.3 0.3 0.3 0.079 0.104 0.105 0.038 0.119 0.113 2 2 2 2 2 2
2009-11-22T17:30:00 2009 11 22 17 30 0 -2.7 0.2 500.0 1.9 0.84 0.68 0.0 0.0 2 2 2 2 2 2 2 2 2.0 1.22 -4.0 0.2 0.2 0.2 0.2 0.2 0.2 0.054 0.051 0.102 0.021 0.038 0.047 2 2 2 2 2 2
2009-11-22T18:30:00 2009 11 22 18 30 0 -2.2 0.6 500.0 1.9 0.84 0.48 0.0 0.0 2 2 2 2 2 2 2 2 0.7 1.26 -3.0 0.6 0.6 0.6 0.6 0.6 0.6 0.036 0.026 0.098 0.012 0.012 0.02 2 2 2 2 2 2
2009-11-22T19:30:00 2009 11 22 19 30 0 -1.7 0.5 495.0 1.9 0.83 0.26 0.0 0.0 2 2 2 2 2 2 2 2 0.7 1.3 -1.0 0.5 0.5 0.5 0.5 0.5 0.5 0.025 0.013 0.095 0.007 0.004 0.008 2 2 2 2 2 2
2009-11-22T20:30:00 2009 11 22 20 30 0 -2.0 0.9 486.0 1.9 0.8 0.21 0.0 0.0 2 2 2 2 2 2 2 2 0.7 1.26 -1.0 0.9 0.9 0.9 0.9 0.9 0.9 0.017 0.006 0.093 0.004 0.001 0.003 2 2 2 2 2 2
2009-11-22T21:30:00 2009 11 22 21 30 0 -1.4 -0.2 449.0 2.3 0.83 0.22 0.06 0.01 2 2 2 2 2 2 2 2 0.3 1.16 -4.0 -0.2 -0.2 -0.2 -0.2 -0.2 -0.2 0.016 0.018 0.09 0.004 0.027 0.023 2 2 2 2 2 2
2009-11-22T22:30:00 2009 11 22 22 30 0 -1.9 -0.3 442.0 2.2 0.77 0.33 0.57 0.13 2 2 2 2 2 2 2 2 0.3 1.07 -5.0 -0.3 -0.3 -0.3 -0.3 -0.3 -0.3 0.033 0.064 0.088 0.012 0.096 0.081 2 2 2 2 2 2
2009-11-22T23:30:00 2009 11 22 23 30 0 -2.2 0.0 441.0 2.0 0.69 0.44 0.3 0.06 2 2 2 2 2 2 2 2 0.3 0.86 -3.0 0.0 0.0 0.0 0.0 0.0 0.0 0.032 0.056 0.085 0.01 0.063 0.063 2 2 2 2 2 2
