2007-11-25T00:30:00 2007 11 25 0 30 0 1.1 0.1 633.0 2.3 1.73 0.29 0.88 0.21 2 2 2 2 2 2 2 2 3.0 3.26 -15.0 0.1 0.1 0.1 0.1 0.1 0.1 0.109 0.082 0.268 0.043 0.142 0.19 2 2 2 2 2 2
2007-11-25T01:30:00 2007 11 25 1 30 0 2.3 0.0 632.0 2.5 1.85 0.41 0.0 0.0 2 2 2 2 2 2 2 2 3.0 3.14 -15.0 0.0 0.0 0.0 0.0 0.0 0.0 0.074 0.041 0.26 0.024 0.045 0.079 2 2 2 2 2 2
2007-11-25T02:30:00 2007 11 25 2 30 0 1.9 1.0 624.0 2.5 1.78 0.41 0.0 0.0 2 2 2 2 2 2 2 2 3.0 3.06 -15.0 1.0 1.0 1.0 1.0 1.0 1.0 0.05 0.02 0.252 0.013 0.014 0.033 2 2 2 2 2 2
2007-11-25T03:30:00 2007 11 25 3 30 0 2.1 0.3 621.0 2.5 1.76 0.35 0.0 0.0 2 2 2 2 2 2 2 2 3.0 2.97 -13.0 0.3 0.3 0.3 0.3 0.3 0.3 0.034 0.01 0.244 0.007 0.005 0.014 2 2 2 2 2 2
2007-11-25T04:30:00 2007 11 25 4 30 0 1.0 3.0 624.0 2.6 1.83 0.12 0.0 0.0 2 2 2 2 2 2 2 2 3.0 2.89 -14.0 3.0 3.0 3.0 3.0 3.0 3.0 0.023 0.005 0.237 0.004 0.001 0.006 2 2 2 2 2 2
2007-11-25T05:30:00 2007 11 25 5 30 0 0.8 -0.9 600.0 2.6 1.67 0.09 0.43 0.11 2 2 2 2 2 2 2 2 3.0 2.93 -17.0 -0.9 -0.9 -0.9 -0.9 -0.9 -0.9 0.041 0.048 0.231 0.024 0.126 0.117 2 2 2 2 2 2
2007-11-25T06:30:00 2007 11 25 6 30 0 2.0 -1.7 604.0 2.5 1.64 1.11 4.02 1.02 2 2 2 2 2 2 2 2 3.3 3.0 -22.0 -1.7 -1.7 -1.7 -1.7 -1.7 -1.7 0.157 0.216 0.238 0.145 0.52 0.474 2 2 2 2 2 2
2007-11-25T07:30:00 2007 11 25 7 30 0 0.8 -0.6 576.0 2.6 1.56 0.85 3.26 0.83 2 2 2 2 2 2 2 2 3.3 3.08 -20.0 -0.6 -0.6 -0.6 -0.6 -0.6 -0.6 0.198 0.251 0.24 0.158 0.494 0.514 2 2 2 2 2 2
2007-11-25T08:30:00 2007 11 25 8 30 0 2.4 -1.6 584.0 2.7 1.69 1.04 3.32 0.88 2 2 2 2 2 2 2 2 3.3 3.12 -12.0 -1.6 -1.6 -1.6 -1.6 -1.6 -1.6 0.249 0.305 0.244 0.199 0.585 0.607 2 2 2 2 2 2
2007-11-25T09:30:00 2007 11 25 9 30 0 -0.7 0.1 581.0 3.3 2.08 0.49 2.0 0.58 2 2 2 2 2 2 2 2 2.3 3.02 -15.0 0.1 0.1 0.1 0.1 0.1 0.1 0.22 0.235 0.241 0.15 0.36 0.462 2 2 2 2 2 2
2007-11-25T10:30:00 2007 11 25 10 30 0 0.9 -1.8 588.0 2.8 1.79 0.46 2.72 0.8 2 2 2 2 2 2 2 2 2.3 2.93 -17.0 -1.8 -1.8 -1.8 -1.8 -1.8 -1.8 0.258 0.292 0.245 0.191 0.541 0.617 2 2 2 2 2 2
2007-11-25T11:30:00 2007 11 25 11 30 0 -0.9 -0.3 600.0 3.0 1.97 0.47 2.93 0.84 2 2 2 2 2 2 2 2 2.3 2.84 -19.0 -0.3 -0.3 -0.3 -0.3 -0.3 -0.3 0.257 0.276 0.245 0.173 0.47 0.596 2 2 2 2 2 2
2007-11-25T12:30:00 2007 11 25 12 30 0 0.7 -0.7 618.0 3.1 2.16 0.15 1.58 0.48 2 2 2 2 2 2 2 2 2.7 2.8 -16.0 -0.7 -0.7 -0.7 -0.7 -0.7 -0.7 0.237 0.25 0.242 0.141 0.432 0.596 2 2 2 2 2 2
2007-11-25T13:30:00 2007 11 25 13 30 0 1.1 1.2 608.0 2.9 1.95 0.09 0.31 0.1 2 2 2 2 2 2 2 2 2.7 2.77 -21.0 1.2 1.2 1.2 1.2 1.2 1.2 0.166 0.136 0.235 0.082 0.159 0.284 2 2 2 2 2 2
2007-11-25T14:30:00 2007 11 25 14 30 0 1.2 -0.5 596.0 2.9 1.86 0.15 0.29 0.08 2 2 2 2 2 2 2 2 2.7 2.69 -19.0 -0.5 -0.5 -0.5 -0.5 -0.5 -0.5 0.131 0.107 0.229 0.057 0.155 0.241 2 2 2 2 2 2
2007-11-25T15:30:00 2007 11 25 15 30 0 -0.2 -2.9 585.0 2.8 1.75 1.37 5.3 1.5 2 2 2 2 2 2 2 2 3.3 2.7 -18.0 -2.9 -2.9 -2.9 -2.9 -2.9 -2.9 0.271 0.312 0.245 0.253 0.683 0.665 2 2 2 2 2 2
2007-11-25T16:30:00 2007 11 25 16 30 0 1.2 -0.7 600.0 2.8 1.87 1.26 5.05 1.41 2 2 2 2 2 2 2 2 3.3 2.71 -19.0 -0.7 -0.7 -0.7 -0.7 -0.7 -0.7 0.318 0.348 0.254 0.279 0.665 0.722 2 2 2 2 2 2
2007-11-25T17:30:00 2007 11 25 17 30 0 -1.2 0.8 601.0 3.0 1.98 0.07 0.41 0.12 2 2 2 2 2 2 2 2 3.3 2.84 -19.0 0.8 0.8 0.8 0.8 0.8 0.8 0.223 0.187 0.247 0.16 0.238 0.338 2 2 2 2 2 2
2007-11-25T18:30:00 2007 11 25 18 30 0 -1.6 2.1 589.0 3.2 2.0 0.08 0.0 0.0 2 2 2 2 2 2 2 2 2.7 2.88 -13.0 2.1 2.1 2.1 2.1 2.1 2.1 0.151 0.093 0.239 0.09 0.075 0.14 2 2 2 2 2 2
2007-11-25T19:30:00 2007 11 25 19 30 0 1.6 0.1 590.0 2.7 1.73 0.06 0.0 0.0 2 2 2 2 2 2 2 2 2.7 2.93 -11.0 0.1 0.1 0.1 0.1 0.1 0.1 0.102 0.046 0.232 0.05 0.024 0.058 2 2 2 2 2 2
2007-11-25T20:30:00 2007 11 25 20 30 0 2.0 0.6 589.0 2.6 1.67 0.31 0.0 0.0 2 2 2 2 2 2 2 2 2.7 2.92 -13.0 0.6 0.6 0.6 0.6 0.6 0.6 0.069 0.023 0.225 0.028 0.008 0.024 2 2 2 2 2 2
2007-11-25T21:30:00 2007 11 25 21 30 0 2.9 -2.4 601.0 2.3 1.55 1.67 3.18 0.75 2 2 2 2 2 2 2 2 3.3 3.0 -15.0 -2.4 -2.4 -2.4 -2.4 -2.4 -2.4 0.164 0.188 0.231 0.147 0.459 0.375 2 2 2 2 2 2
2007-11-25T22:30:00 2007 11 25 22 30 0 0.5 -2.2 601.0 2.3 1.58 2.46 6.89 1.58 2 2 2 2 2 2 2 2 3.3 3.07 -17.0 -2.2 -2.2 -2.2 -2.2 -2.2 -2.2 0.298 0.342 0.25 0.307 0.764 0.63 2 2 2 2 2 2
2007-11-25T23:30:00 2007 11 25 23 30 0 1.1 -2.1 612.0 2.4 1.72 1.81 6.51 1.53 2 2 2 2 2 2 2 2 3.3 3.08 -17.0 -2.1 -2.1 -2.1 -2.1 -2.1 -2.1 0.382 0.413 0.267 0.386 0.857 0.753 2 2 2 2 2 2
