2007-07-22T00:30:00 2007 7 22 0 30 0 -2.7 0.5 478.0 2.3 0.91 0.59 0.0 0.0 2 2 2 2 2 2 2 2 0.7 1.85 -12.0 0.5 0.5 0.5 0.5 0.5 0.5 0.055 0.021 0.288 0.022 0.004 0.016 2 2 2 2 2 2
2007-07-22T01:30:00 2007 7 22 1 30 0 -2.3 0.3 470.0 2.4 0.91 0.48 0.0 0.0 2 2 2 2 2 2 2 2 0.7 1.76 -13.0 0.3 0.3 0.3 0.3 0.3 0.3 0.037 0.01 0.28 0.012 0.001 0.007 2 2 2 2 2 2
2007-07-22T02:30:00 2007 7 22 2 30 0 -2.9 0.0 460.0 2.6 0.95 0.62 0.0 0.0 2 2 2 2 2 2 2 2 0.7 1.47 -11.0 0.0 0.0 0.0 0.0 0.0 0.0 0.025 0.005 0.271 0.007 0.0 0.003 2 2 2 2 2 2
2007-07-22T03:30:00 2007 7 22 3 30 0 -1.3 -0.1 451.0 2.4 0.85 0.43 0.12 0.03 2 2 2 2 2 2 2 2 1.0 1.23 -15.0 -0.1 -0.1 -0.1 -0.1 -0.1 -0.1 0.024 0.025 0.263 0.006 0.037 0.041 2 2 2 2 2 2
2007-07-22T04:30:00 2007 7 22 4 30 0 -1.3 -1.4 453.0 3.0 1.07 0.45 1.82 0.51 2 2 2 2 2 2 2 2 1.0 1.0 -16.0 -1.4 -1.4 -1.4 -1.4 -1.4 -1.4 0.091 0.159 0.259 0.063 0.258 0.219 2 2 2 2 2 2
2007-07-22T05:30:00 2007 7 22 5 30 0 -1.0 -1.0 448.0 2.8 0.97 0.59 2.67 0.77 2 2 2 2 2 2 2 2 1.0 0.96 -21.0 -1.0 -1.0 -1.0 -1.0 -1.0 -1.0 0.15 0.243 0.257 0.106 0.343 0.307 2 2 2 2 2 2
2007-07-22T06:30:00 2007 7 22 6 30 0 -1.0 -1.5 440.0 2.5 0.83 0.59 2.82 0.74 2 2 2 2 2 2 2 2 1.0 0.93 -21.0 -1.5 -1.5 -1.5 -1.5 -1.5 -1.5 0.198 0.296 0.256 0.141 0.388 0.328 2 2 2 2 2 2
2007-07-22T07:30:00 2007 7 22 7 30 0 -1.6 0.3 435.0 2.4 0.78 0.35 1.23 0.3 2 2 2 2 2 2 2 2 1.0 0.89 -20.0 0.3 0.3 0.3 0.3 0.3 0.3 0.165 0.207 0.25 0.098 0.205 0.205 2 2 2 2 2 2
2007-07-22T08:30:00 2007 7 22 8 30 0 -1.5 1.1 434.0 2.3 0.74 0.12 0.0 0.0 2 2 2 2 2 2 2 2 1.0 0.93 -19.0 1.1 1.1 1.1 1.1 1.1 1.1 0.112 0.103 0.242 0.055 0.065 0.085 2 2 2 2 2 2
2007-07-22T09:30:00 2007 7 22 9 30 0 -1.1 1.1 432.0 2.4 0.77 0.06 0.0 0.0 2 2 2 2 2 2 2 2 0.7 0.92 -16.0 1.1 1.1 1.1 1.1 1.1 1.1 0.076 0.051 0.235 0.031 0.021 0.035 2 2 2 2 2 2
2007-07-22T10:30:00 2007 7 22 10 30 0 -2.4 0.0 442.0 2.9 0.98 0.24 0.0 0.0 2 2 2 2 2 2 2 2 0.7 0.92 -12.0 0.0 0.0 0.0 0.0 0.0 0.0 0.051 0.025 0.228 0.017 0.007 0.015 2 2 2 2 2 2
2007-07-22T11:30:00 2007 7 22 11 30 0 -1.7 0.7 434.0 2.8 0.91 0.3 0.0 0.0 2 2 2 2 2 2 2 2 0.7 0.88 -13.0 0.7 0.7 0.7 0.7 0.7 0.7 0.035 0.013 0.221 0.01 0.002 0.006 2 2 2 2 2 2
2007-07-22T12:30:00 2007 7 22 12 30 0 -1.6 1.2 439.0 2.8 0.92 0.12 0.0 0.0 2 2 2 2 2 2 2 2 0.3 0.79 -13.0 1.2 1.2 1.2 1.2 1.2 1.2 0.023 0.006 0.214 0.005 0.001 0.003 2 2 2 2 2 2
2007-07-22T13:30:00 2007 7 22 13 30 0 -1.5 0.8 408.0 2.2 0.62 0.09 0.0 0.0 2 2 2 2 2 2 2 2 0.3 0.7 -14.0 0.8 0.8 0.8 0.8 0.8 0.8 0.016 0.003 0.207 0.003 0.0 0.001 2 2 2 2 2 2
2007-07-22T14:30:00 2007 7 22 14 30 0 -1.2 -0.3 407.0 2.0 0.56 0.13 0.11 0.02 2 2 2 2 2 2 2 2 0.3 0.62 -14.0 -0.3 -0.3 -0.3 -0.3 -0.3 -0.3 0.018 0.022 0.201 0.005 0.032 0.022 2 2 2 2 2 2
2007-07-22T15:30:00 2007 7 22 15 30 0 -0.7 0.4 408.0 2.2 0.62 0.08 0.11 0.02 2 2 2 2 2 2 2 2 0.7 0.58 -14.0 0.4 0.4 0.4 0.4 0.4 0.4 0.014 0.017 0.195 0.003 0.017 0.015 2 2 2 2 2 2
2007-07-22T16:30:00 2007 7 22 16 30 0 1.0 -1.4 410.0 2.6 0.74 0.19 1.24 0.31 2 2 2 2 2 2 2 2 0.7 0.55 -12.0 -1.4 -1.4 -1.4 -1.4 -1.4 -1.4 0.064 0.124 0.192 0.043 0.179 0.124 2 2 2 2 2 2
2007-07-22T17:30:00 2007 7 22 17 30 0 0.7 2.5 409.0 2.8 0.79 0.09 0.4 0.11 2 2 2 2 2 2 2 2 0.7 0.55 -9.0 2.5 2.5 2.5 2.5 2.5 2.5 0.051 0.077 0.186 0.028 0.074 0.068 2 2 2 2 2 2
2007-07-22T18:30:00 2007 7 22 18 30 0 0.1 2.6 413.0 2.8 0.8 0.0 0.0 0.0 2 2 2 2 2 2 2 2 0.3 0.5 -6.0 2.6 2.6 2.6 2.6 2.6 2.6 0.034 0.038 0.181 0.015 0.023 0.028 2 2 2 2 2 2
2007-07-22T19:30:00 2007 7 22 19 30 0 -2.1 2.3 409.0 2.7 0.76 0.03 0.0 0.0 2 2 2 2 2 2 2 2 0.3 0.45 -6.0 2.3 2.3 2.3 2.3 2.3 2.3 0.023 0.019 0.175 0.009 0.007 0.012 2 2 2 2 2 2
2007-07-22T20:30:00 2007 7 22 20 30 0 -2.6 0.7 410.0 2.6 0.74 0.23 0.0 0.0 2 2 2 2 2 2 2 2 0.3 0.45 -8.0 0.7 0.7 0.7 0.7 0.7 0.7 0.016 0.009 0.17 0.005 0.002 0.005 2 2 2 2 2 2
2007-07-22T21:30:00 2007 7 22 21 30 0 2.1 0.9 391.0 2.8 0.86 0.08 0.0 0.0 2 2 2 2 2 2 2 2 0.0 0.41 -9.0 0.9 0.9 0.9 0.9 0.9 0.9 0.011 0.005 0.165 0.003 0.001 0.002 2 2 2 2 2 2
2007-07-22T22:30:00 2007 7 22 22 30 0 1.3 1.2 387.0 3.1 0.93 0.11 0.0 0.0 2 2 2 2 2 2 2 2 0.0 0.37 -9.0 1.2 1.2 1.2 1.2 1.2 1.2 0.007 0.002 0.16 0.002 0.0 0.001 2 2 2 2 2 2
2007-07-22T23:30:00 2007 7 22 23 30 0 0.9 0.0 384.0 3.0 0.88 0.05 0.0 0.0 2 2 2 2 2 2 2 2 0.0 0.28 -11.0 0.0 0.0 0.0 0.0 0.0 0.0 0.005 0.001 0.155 0.001 0.0 0.0 2 2 2 2 2 2
