2007-08-06T00:30:00 2007 8 6 0 30 0 -3.1 -1.0 298.0 6.1 1.08 0.93 1.43 0.89 2 2 2 2 2 2 2 2 0.7 0.88 3.0 -1.0 -1.0 -1.0 -1.0 -1.0 -1.0 0.217 0.386 0.037 0.103 0.246 0.37 2 2 2 2 2 2
2007-08-06T01:30:00 2007 8 6 1 30 0 -2.0 -1.4 296.0 6.4 1.12 0.82 1.81 1.13 2 2 2 2 2 2 2 2 0.7 0.92 4.0 -1.4 -1.4 -1.4 -1.4 -1.4 -1.4 0.241 0.429 0.039 0.125 0.283 0.39 2 2 2 2 2 2
2007-08-06T02:30:00 2007 8 6 2 30 0 -1.5 0.6 296.0 6.9 1.21 0.29 0.64 0.42 2 2 2 2 2 2 2 2 0.7 0.88 7.0 0.6 0.6 0.6 0.6 0.6 0.6 0.187 0.274 0.039 0.082 0.134 0.227 2 2 2 2 2 2
2007-08-06T03:30:00 2007 8 6 3 30 0 -0.6 0.4 295.0 7.6 1.32 0.04 0.0 0.0 2 2 2 2 2 2 2 2 0.3 0.79 9.0 0.4 0.4 0.4 0.4 0.4 0.4 0.126 0.136 0.038 0.046 0.042 0.094 2 2 2 2 2 2
2007-08-06T04:30:00 2007 8 6 4 30 0 0.0 0.9 297.0 8.1 1.43 0.0 0.0 0.0 2 2 2 2 2 2 2 2 0.3 0.7 9.0 0.9 0.9 0.9 0.9 0.9 0.9 0.086 0.068 0.036 0.026 0.013 0.039 2 2 2 2 2 2
2007-08-06T05:30:00 2007 8 6 5 30 0 1.1 1.1 297.0 8.5 1.5 0.01 0.0 0.0 2 2 2 2 2 2 2 2 0.3 0.62 13.0 1.1 1.1 1.1 1.1 1.1 1.1 0.058 0.034 0.035 0.014 0.004 0.016 2 2 2 2 2 2
2007-08-06T06:30:00 2007 8 6 6 30 0 2.3 0.4 302.0 11.0 2.01 0.12 0.0 0.0 2 2 2 2 2 2 2 2 1.7 0.71 17.0 0.4 0.4 0.4 0.4 0.4 0.4 0.039 0.017 0.034 0.008 0.001 0.007 2 2 2 2 2 2
2007-08-06T07:30:00 2007 8 6 7 30 0 0.7 -1.6 323.0 17.5 3.65 0.33 1.13 1.8 2 2 2 2 2 2 2 2 1.7 0.81 18.0 -1.6 -1.6 -1.6 -1.6 -1.6 -1.6 0.133 0.299 0.037 0.085 0.28 0.783 2 2 2 2 2 2
2007-08-06T08:30:00 2007 8 6 8 30 0 -1.4 -0.7 328.0 18.7 4.02 0.32 1.81 3.27 2 2 2 2 2 2 2 2 1.7 0.94 13.0 -0.7 -0.7 -0.7 -0.7 -0.7 -0.7 0.216 0.478 0.041 0.135 0.389 1.334 2 2 2 2 2 2
2007-08-06T09:30:00 2007 8 6 9 30 0 3.7 1.4 321.0 20.0 4.12 0.17 0.14 0.27 2 2 2 2 2 2 2 2 1.7 1.07 12.0 1.4 1.4 1.4 1.4 1.4 1.4 0.152 0.258 0.04 0.078 0.138 0.629 2 2 2 2 2 2
2007-08-06T10:30:00 2007 8 6 10 30 0 3.6 0.7 319.0 18.2 3.7 0.58 0.0 0.0 2 2 2 2 2 2 2 2 1.7 1.19 11.0 0.7 0.7 0.7 0.7 0.7 0.7 0.103 0.128 0.039 0.043 0.044 0.261 2 2 2 2 2 2
2007-08-06T11:30:00 2007 8 6 11 30 0 3.1 1.1 320.0 14.9 2.69 0.49 0.0 0.0 2 2 2 2 2 2 2 2 1.7 1.36 10.0 1.1 1.1 1.1 1.1 1.1 1.1 0.07 0.064 0.037 0.024 0.014 0.108 2 2 2 2 2 2
2007-08-06T12:30:00 2007 8 6 12 30 0 2.8 -1.1 327.0 17.9 3.43 0.64 0.52 0.91 2 2 2 2 2 2 2 2 1.7 1.53 15.0 -1.1 -1.1 -1.1 -1.1 -1.1 -1.1 0.105 0.203 0.038 0.054 0.18 0.588 2 2 2 2 2 2
2007-08-06T13:30:00 2007 8 6 13 30 0 0.9 -2.3 331.0 23.1 4.6 0.98 2.88 6.06 2 2 2 2 2 2 2 2 1.7 1.7 15.0 -2.3 -2.3 -2.3 -2.3 -2.3 -2.3 0.306 0.658 0.049 0.249 0.595 2.101 2 2 2 2 2 2
2007-08-06T14:30:00 2007 8 6 14 30 0 2.8 -1.0 341.0 23.4 4.87 0.96 2.68 6.23 2 2 2 2 2 2 2 2 1.7 1.7 13.0 -1.0 -1.0 -1.0 -1.0 -1.0 -1.0 0.402 0.799 0.057 0.301 0.637 2.682 2 2 2 2 2 2
2007-08-06T15:30:00 2007 8 6 15 30 0 7.9 -1.3 364.0 16.8 4.07 3.06 2.06 4.04 2 2 2 2 2 2 2 2 2.7 1.83 9.0 -1.3 -1.3 -1.3 -1.3 -1.3 -1.3 0.432 0.787 0.062 0.293 0.615 2.569 2 2 2 2 2 2
2007-08-06T16:30:00 2007 8 6 16 30 0 9.6 -2.2 369.0 17.0 4.27 7.06 3.28 5.55 2 2 2 2 2 2 2 2 2.7 1.96 6.0 -2.2 -2.2 -2.2 -2.2 -2.2 -2.2 0.526 0.9 0.074 0.39 0.77 2.819 2 2 2 2 2 2
2007-08-06T17:30:00 2007 8 6 17 30 0 5.3 -0.2 406.0 12.0 3.69 4.98 2.14 3.21 2 2 2 2 2 2 2 2 2.7 2.09 -1.0 -0.2 -0.2 -0.2 -0.2 -0.2 -0.2 0.472 0.706 0.078 0.305 0.538 2.114 2 2 2 2 2 2
2007-08-06T18:30:00 2007 8 6 18 30 0 5.4 1.8 420.0 13.2 4.29 1.84 0.01 0.01 2 2 2 2 2 2 2 2 4.0 2.38 1.0 1.8 1.8 1.8 1.8 1.8 1.8 0.32 0.351 0.076 0.171 0.17 0.877 2 2 2 2 2 2
2007-08-06T19:30:00 2007 8 6 19 30 0 4.1 -1.3 443.0 11.2 4.11 1.88 0.72 0.82 2 2 2 2 2 2 2 2 4.0 2.68 5.0 -1.3 -1.3 -1.3 -1.3 -1.3 -1.3 0.285 0.331 0.077 0.153 0.308 1.031 2 2 2 2 2 2
2007-08-06T20:30:00 2007 8 6 20 30 0 3.1 -6.9 440.0 14.6 5.59 6.84 9.56 12.81 2 2 2 2 2 2 2 2 4.0 2.96 -1.0 -6.9 -6.9 -6.9 -6.9 -6.9 -6.9 0.766 1.077 0.144 1.014 1.498 3.883 2 2 2 2 2 2
2007-08-06T21:30:00 2007 8 6 21 30 0 1.0 -7.6 437.0 16.3 6.03 12.82 15.95 24.78 2 2 2 2 2 2 2 2 5.7 3.47 1.0 -7.6 -7.6 -7.6 -7.6 -7.6 -7.6 1.372 1.792 0.262 2.124 2.339 6.591 2 2 2 2 2 2
2007-08-06T22:30:00 2007 8 6 22 30 0 7.2 0.6 438.0 17.0 6.23 6.0 7.02 11.6 2 2 2 2 2 2 2 2 5.7 3.97 -5.0 0.6 0.6 0.6 0.6 0.6 0.6 1.238 1.383 0.291 1.599 1.384 4.917 2 2 2 2 2 2
2007-08-06T23:30:00 2007 8 6 23 30 0 11.0 1.4 463.0 12.2 4.94 5.95 0.0 0.0 2 2 2 2 2 2 2 2 5.7 4.35 -6.0 1.4 1.4 1.4 1.4 1.4 1.4 0.838 0.687 0.282 0.895 0.438 2.039 2 2 2 2 2 2
