2007-09-19T00:30:00 2007 9 19 0 30 0 -1.9 -0.7 330.0 6.6 1.44 0.38 0.93 0.61 2 2 2 2 2 2 2 2 0.3 0.08 6.0 -0.7 -0.7 -0.7 -0.7 -0.7 -0.7 0.089 0.213 0.053 0.041 0.186 0.295 2 2 2 2 2 2
2007-09-19T01:30:00 2007 9 19 1 30 0 -2.1 -1.0 332.0 6.1 1.34 0.55 1.43 0.9 2 2 2 2 2 2 2 2 0.3 0.08 4.0 -1.0 -1.0 -1.0 -1.0 -1.0 -1.0 0.136 0.297 0.054 0.072 0.251 0.376 2 2 2 2 2 2
2007-09-19T02:30:00 2007 9 19 2 30 0 -2.2 -0.7 332.0 7.2 1.59 0.59 1.39 0.93 2 2 2 2 2 2 2 2 0.3 0.12 4.0 -0.7 -0.7 -0.7 -0.7 -0.7 -0.7 0.164 0.33 0.055 0.085 0.26 0.423 2 2 2 2 2 2
2007-09-19T03:30:00 2007 9 19 3 30 0 -1.3 -1.1 334.0 8.4 1.87 0.48 1.53 1.21 2 2 2 2 2 2 2 2 1.7 0.34 5.0 -1.1 -1.1 -1.1 -1.1 -1.1 -1.1 0.201 0.39 0.057 0.108 0.31 0.547 2 2 2 2 2 2
2007-09-19T04:30:00 2007 9 19 4 30 0 0.3 -2.5 337.0 8.0 1.82 0.77 3.12 2.55 2 2 2 2 2 2 2 2 1.7 0.56 5.0 -2.5 -2.5 -2.5 -2.5 -2.5 -2.5 0.309 0.567 0.064 0.223 0.486 0.794 2 2 2 2 2 2
2007-09-19T05:30:00 2007 9 19 5 30 0 0.3 -0.4 343.0 8.7 2.05 0.46 2.31 1.92 2 2 2 2 2 2 2 2 1.7 0.77 4.0 -0.4 -0.4 -0.4 -0.4 -0.4 -0.4 0.313 0.52 0.067 0.203 0.388 0.743 2 2 2 2 2 2
2007-09-19T06:30:00 2007 9 19 6 30 0 0.4 0.0 347.0 8.8 2.12 0.02 0.32 0.28 2 2 2 2 2 2 2 2 1.3 0.93 5.0 0.0 0.0 0.0 0.0 0.0 0.0 0.229 0.311 0.066 0.119 0.171 0.428 2 2 2 2 2 2
2007-09-19T07:30:00 2007 9 19 7 30 0 -0.9 0.5 348.0 6.8 1.52 0.01 0.0 0.0 2 2 2 2 2 2 2 2 1.3 1.09 7.0 0.5 0.5 0.5 0.5 0.5 0.5 0.155 0.154 0.064 0.067 0.054 0.178 2 2 2 2 2 2
2007-09-19T08:30:00 2007 9 19 8 30 0 1.2 0.2 353.0 7.2 1.63 0.02 0.0 0.0 2 2 2 2 2 2 2 2 1.3 1.21 8.0 0.2 0.2 0.2 0.2 0.2 0.2 0.105 0.077 0.062 0.037 0.017 0.074 2 2 2 2 2 2
2007-09-19T09:30:00 2007 9 19 9 30 0 0.9 0.5 355.0 7.3 1.67 0.05 0.0 0.0 2 2 2 2 2 2 2 2 1.0 1.29 6.0 0.5 0.5 0.5 0.5 0.5 0.5 0.071 0.038 0.06 0.021 0.005 0.031 2 2 2 2 2 2
2007-09-19T10:30:00 2007 9 19 10 30 0 0.5 0.6 352.0 7.3 1.66 0.01 0.0 0.0 2 2 2 2 2 2 2 2 1.0 1.37 7.0 0.6 0.6 0.6 0.6 0.6 0.6 0.048 0.019 0.058 0.012 0.002 0.013 2 2 2 2 2 2
2007-09-19T11:30:00 2007 9 19 11 30 0 -1.1 0.5 354.0 6.9 1.59 0.01 0.0 0.0 2 2 2 2 2 2 2 2 1.0 1.28 11.0 0.5 0.5 0.5 0.5 0.5 0.5 0.033 0.009 0.056 0.007 0.001 0.005 2 2 2 2 2 2
2007-09-19T12:30:00 2007 9 19 12 30 0 -2.3 -0.8 353.0 6.5 1.49 0.31 0.5 0.33 2 2 2 2 2 2 2 2 1.3 1.23 14.0 -0.8 -0.8 -0.8 -0.8 -0.8 -0.8 0.06 0.111 0.056 0.026 0.124 0.189 2 2 2 2 2 2
2007-09-19T13:30:00 2007 9 19 13 30 0 -2.9 -0.2 350.0 6.7 1.5 0.67 0.84 0.55 2 2 2 2 2 2 2 2 1.3 1.19 12.0 -0.2 -0.2 -0.2 -0.2 -0.2 -0.2 0.081 0.166 0.055 0.034 0.153 0.273 2 2 2 2 2 2
2007-09-19T14:30:00 2007 9 19 14 30 0 -1.4 2.7 346.0 6.6 1.43 0.19 0.0 0.0 2 2 2 2 2 2 2 2 1.3 1.19 11.0 2.7 2.7 2.7 2.7 2.7 2.7 0.055 0.083 0.054 0.019 0.049 0.113 2 2 2 2 2 2
2007-09-19T15:30:00 2007 9 19 15 30 0 -2.8 2.2 342.0 6.3 1.32 0.1 0.0 0.0 2 2 2 2 2 2 2 2 0.7 1.11 9.0 2.2 2.2 2.2 2.2 2.2 2.2 0.037 0.041 0.052 0.011 0.015 0.047 2 2 2 2 2 2
2007-09-19T16:30:00 2007 9 19 16 30 0 -1.7 2.9 341.0 6.3 1.47 0.1 0.0 0.0 2 2 2 2 2 2 2 2 0.7 1.04 6.0 2.9 2.9 2.9 2.9 2.9 2.9 0.025 0.02 0.05 0.006 0.005 0.02 2 2 2 2 2 2
2007-09-19T17:30:00 2007 9 19 17 30 0 -1.3 3.7 346.0 5.8 1.39 0.02 0.0 0.0 2 2 2 2 2 2 2 2 0.7 1.0 6.0 3.7 3.7 3.7 3.7 3.7 3.7 0.017 0.01 0.049 0.003 0.002 0.008 2 2 2 2 2 2
2007-09-19T18:30:00 2007 9 19 18 30 0 -1.6 2.9 341.0 7.2 1.67 0.02 0.0 0.0 2 2 2 2 2 2 2 2 0.3 0.9 8.0 2.9 2.9 2.9 2.9 2.9 2.9 0.012 0.005 0.047 0.002 0.0 0.003 2 2 2 2 2 2
2007-09-19T19:30:00 2007 9 19 19 30 0 -2.5 3.7 344.0 5.3 1.25 0.06 0.0 0.0 2 2 2 2 2 2 2 2 0.3 0.81 7.0 3.7 3.7 3.7 3.7 3.7 3.7 0.008 0.002 0.046 0.001 0.0 0.001 2 2 2 2 2 2
2007-09-19T20:30:00 2007 9 19 20 30 0 -2.9 4.1 340.0 4.6 1.06 0.12 0.0 0.0 2 2 2 2 2 2 2 2 0.3 0.69 7.0 4.1 4.1 4.1 4.1 4.1 4.1 0.005 0.001 0.045 0.001 0.0 0.001 2 2 2 2 2 2
2007-09-19T21:30:00 2007 9 19 21 30 0 -3.1 4.3 337.0 4.3 0.98 0.14 0.0 0.0 2 2 2 2 2 2 2 2 0.0 0.53 8.0 4.3 4.3 4.3 4.3 4.3 4.3 0.004 0.001 0.043 0.0 0.0 0.0 2 2 2 2 2 2
2007-09-19T22:30:00 2007 9 19 22 30 0 -2.7 4.7 337.0 4.4 1.0 0.12 0.0 0.0 2 2 2 2 2 2 2 2 0.0 0.37 9.0 4.7 4.7 4.7 4.7 4.7 4.7 0.002 0.0 0.042 0.0 0.0 0.0 2 2 2 2 2 2
2007-09-19T23:30:00 2007 9 19 23 30 0 -2.0 4.9 334.0 4.3 0.96 0.06 0.0 0.0 2 2 2 2 2 2 2 2 0.0 0.28 9.0 4.9 4.9 4.9 4.9 4.9 4.9 0.002 0.0 0.041 0.0 0.0 0.0 2 2 2 2 2 2
