2007-09-04T00:30:00 2007 9 4 0 30 0 1.1 0.5 664.0 1.1 0.94 0.02 0.0 0.0 2 2 2 2 2 2 2 2 2.0 2.05 -9.0 0.5 0.5 0.5 0.5 0.5 0.5 0.082 0.052 0.239 0.041 0.049 0.071 2 2 2 2 2 2
2007-09-04T01:30:00 2007 9 4 1 30 0 0.5 0.5 657.0 1.0 0.82 0.04 0.0 0.0 2 2 2 2 2 2 2 2 2.0 2.01 -9.0 0.5 0.5 0.5 0.5 0.5 0.5 0.056 0.026 0.231 0.023 0.015 0.03 2 2 2 2 2 2
2007-09-04T02:30:00 2007 9 4 2 30 0 0.4 0.4 657.0 0.9 0.75 0.01 0.0 0.0 2 2 2 2 2 2 2 2 2.0 2.09 -8.0 0.4 0.4 0.4 0.4 0.4 0.4 0.038 0.013 0.224 0.013 0.005 0.012 2 2 2 2 2 2
2007-09-04T03:30:00 2007 9 4 3 30 0 0.5 0.2 652.0 1.1 0.9 0.01 0.0 0.0 2 2 2 2 2 2 2 2 1.7 2.13 -9.0 0.2 0.2 0.2 0.2 0.2 0.2 0.025 0.006 0.218 0.007 0.002 0.005 2 2 2 2 2 2
2007-09-04T04:30:00 2007 9 4 4 30 0 0.1 0.9 648.0 1.3 1.05 0.0 0.0 0.0 2 2 2 2 2 2 2 2 1.7 2.18 -8.0 0.9 0.9 0.9 0.9 0.9 0.9 0.017 0.003 0.211 0.004 0.0 0.002 2 2 2 2 2 2
2007-09-04T05:30:00 2007 9 4 5 30 0 -1.2 0.1 632.0 1.2 0.94 0.05 0.0 0.0 2 2 2 2 2 2 2 2 1.7 2.05 -5.0 0.1 0.1 0.1 0.1 0.1 0.1 0.012 0.002 0.204 0.002 0.0 0.001 2 2 2 2 2 2
2007-09-04T06:30:00 2007 9 4 6 30 0 -0.6 -0.7 630.0 1.3 1.0 0.2 1.06 0.13 2 2 2 2 2 2 2 2 1.7 1.93 -5.0 -0.7 -0.7 -0.7 -0.7 -0.7 -0.7 0.043 0.063 0.201 0.025 0.173 0.103 2 2 2 2 2 2
2007-09-04T07:30:00 2007 9 4 7 30 0 0.9 -0.8 622.0 1.4 1.08 0.27 2.36 0.32 2 2 2 2 2 2 2 2 1.7 1.81 -5.0 -0.8 -0.8 -0.8 -0.8 -0.8 -0.8 0.09 0.127 0.2 0.061 0.308 0.193 2 2 2 2 2 2
2007-09-04T08:30:00 2007 9 4 8 30 0 1.0 -0.3 614.0 1.4 1.05 0.29 1.64 0.23 2 2 2 2 2 2 2 2 1.7 1.77 -6.0 -0.3 -0.3 -0.3 -0.3 -0.3 -0.3 0.101 0.131 0.197 0.059 0.267 0.192 2 2 2 2 2 2
2007-09-04T09:30:00 2007 9 4 9 30 0 1.5 -0.5 610.0 1.4 1.04 0.35 1.25 0.17 2 2 2 2 2 2 2 2 1.7 1.74 -9.0 -0.5 -0.5 -0.5 -0.5 -0.5 -0.5 0.105 0.131 0.193 0.055 0.253 0.189 2 2 2 2 2 2
2007-09-04T10:30:00 2007 9 4 10 30 0 0.5 1.1 605.0 1.5 1.08 0.12 0.18 0.03 2 2 2 2 2 2 2 2 1.7 1.7 -10.0 1.1 1.1 1.1 1.1 1.1 1.1 0.073 0.07 0.187 0.032 0.089 0.087 2 2 2 2 2 2
2007-09-04T11:30:00 2007 9 4 11 30 0 0.2 1.2 599.0 1.6 1.12 0.0 0.0 0.0 2 2 2 2 2 2 2 2 1.7 1.7 -10.0 1.2 1.2 1.2 1.2 1.2 1.2 0.05 0.035 0.182 0.018 0.028 0.036 2 2 2 2 2 2
2007-09-04T12:30:00 2007 9 4 12 30 0 -0.2 1.5 592.0 1.5 1.02 0.0 0.0 0.0 2 2 2 2 2 2 2 2 1.0 1.61 -6.0 1.5 1.5 1.5 1.5 1.5 1.5 0.034 0.017 0.176 0.01 0.009 0.015 2 2 2 2 2 2
2007-09-04T13:30:00 2007 9 4 13 30 0 0.1 0.8 579.0 1.4 0.9 0.0 0.0 0.0 2 2 2 2 2 2 2 2 1.0 1.52 -8.0 0.8 0.8 0.8 0.8 0.8 0.8 0.023 0.009 0.171 0.006 0.003 0.006 2 2 2 2 2 2
2007-09-04T14:30:00 2007 9 4 14 30 0 -0.3 0.3 577.0 1.2 0.77 0.0 0.0 0.0 2 2 2 2 2 2 2 2 1.0 1.43 -8.0 0.3 0.3 0.3 0.3 0.3 0.3 0.015 0.004 0.166 0.003 0.001 0.003 2 2 2 2 2 2
2007-09-04T15:30:00 2007 9 4 15 30 0 0.2 0.0 577.0 1.0 0.66 0.0 0.0 0.0 2 2 2 2 2 2 2 2 0.7 1.3 -12.0 0.0 0.0 0.0 0.0 0.0 0.0 0.01 0.002 0.161 0.002 0.0 0.001 2 2 2 2 2 2
2007-09-04T16:30:00 2007 9 4 16 30 0 0.6 0.1 555.0 1.2 0.72 0.02 0.0 0.0 2 2 2 2 2 2 2 2 0.7 1.18 -13.0 0.1 0.1 0.1 0.1 0.1 0.1 0.007 0.001 0.156 0.001 0.0 0.0 2 2 2 2 2 2
2007-09-04T17:30:00 2007 9 4 17 30 0 1.2 -0.3 550.0 1.2 0.7 0.13 0.34 0.04 2 2 2 2 2 2 2 2 0.7 1.05 -12.0 -0.3 -0.3 -0.3 -0.3 -0.3 -0.3 0.018 0.03 0.151 0.006 0.069 0.039 2 2 2 2 2 2
2007-09-04T18:30:00 2007 9 4 18 30 0 0.0 -0.6 545.0 1.3 0.74 0.15 1.26 0.16 2 2 2 2 2 2 2 2 1.0 0.97 -10.0 -0.6 -0.6 -0.6 -0.6 -0.6 -0.6 0.049 0.083 0.149 0.026 0.172 0.095 2 2 2 2 2 2
2007-09-04T19:30:00 2007 9 4 19 30 0 -0.5 0.8 537.0 1.3 0.73 0.02 0.28 0.04 2 2 2 2 2 2 2 2 1.0 0.89 -10.0 0.8 0.8 0.8 0.8 0.8 0.8 0.037 0.049 0.145 0.016 0.068 0.049 2 2 2 2 2 2
2007-09-04T20:30:00 2007 9 4 20 30 0 -0.8 0.6 549.0 1.4 0.83 0.02 0.0 0.0 2 2 2 2 2 2 2 2 1.0 0.89 -4.0 0.6 0.6 0.6 0.6 0.6 0.6 0.025 0.024 0.14 0.009 0.022 0.02 2 2 2 2 2 2
2007-09-04T21:30:00 2007 9 4 21 30 0 -0.9 -0.3 523.0 1.7 0.9 0.08 0.16 0.03 2 2 2 2 2 2 2 2 1.7 0.98 -3.0 -0.3 -0.3 -0.3 -0.3 -0.3 -0.3 0.026 0.035 0.136 0.009 0.058 0.045 2 2 2 2 2 2
2007-09-04T22:30:00 2007 9 4 22 30 0 2.2 -1.0 547.0 1.7 1.01 0.4 1.83 0.31 2 2 2 2 2 2 2 2 1.7 1.07 -4.0 -1.0 -1.0 -1.0 -1.0 -1.0 -1.0 0.076 0.12 0.136 0.049 0.243 0.16 2 2 2 2 2 2
2007-09-04T23:30:00 2007 9 4 23 30 0 0.7 -0.9 540.0 1.6 0.93 0.66 2.57 0.42 2 2 2 2 2 2 2 2 1.7 1.2 -6.0 -0.9 -0.9 -0.9 -0.9 -0.9 -0.9 0.121 0.175 0.138 0.082 0.324 0.215 2 2 2 2 2 2
