2007-12-26T00:30:00 2007 12 26 0 30 0 -3.9 0.3 349.0 4.4 1.07 0.82 0.0 0.0 2 2 2 2 2 2 2 2 0.7 0.13 -6.0 0.3 0.3 0.3 0.3 0.3 0.3 0.012 0.011 0.043 0.002 0.003 0.008 2 2 2 2 2 2
2007-12-26T01:30:00 2007 12 26 1 30 0 -4.3 0.0 346.0 5.1 1.22 1.12 0.0 0.0 2 2 2 2 2 2 2 2 0.7 0.18 -5.0 0.0 0.0 0.0 0.0 0.0 0.0 0.008 0.006 0.042 0.001 0.001 0.003 2 2 2 2 2 2
2007-12-26T02:30:00 2007 12 26 2 30 0 -4.8 -0.3 351.0 6.3 1.55 1.53 0.28 0.17 2 2 2 2 2 2 2 2 0.7 0.27 -1.0 -0.3 -0.3 -0.3 -0.3 -0.3 -0.3 0.026 0.071 0.041 0.008 0.075 0.125 2 2 2 2 2 2
2007-12-26T03:30:00 2007 12 26 3 30 0 -5.4 -0.5 350.0 7.2 1.76 2.04 0.72 0.49 2 2 2 2 2 2 2 2 0.0 0.27 1.0 -0.5 -0.5 -0.5 -0.5 -0.5 -0.5 0.061 0.16 0.041 0.026 0.157 0.277 2 2 2 2 2 2
2007-12-26T04:30:00 2007 12 26 4 30 0 -5.3 -0.3 343.0 8.1 1.91 2.16 0.68 0.52 2 2 2 2 2 2 2 2 0.0 0.26 2.0 -0.3 -0.3 -0.3 -0.3 -0.3 -0.3 0.081 0.195 0.041 0.033 0.167 0.344 2 2 2 2 2 2
2007-12-26T05:30:00 2007 12 26 5 30 0 -5.0 -0.3 342.0 8.0 1.87 1.93 0.51 0.41 2 2 2 2 2 2 2 2 0.0 0.26 2.0 -0.3 -0.3 -0.3 -0.3 -0.3 -0.3 0.088 0.2 0.04 0.032 0.157 0.354 2 2 2 2 2 2
2007-12-26T06:30:00 2007 12 26 6 30 0 -4.4 -1.6 337.0 7.9 1.79 2.05 1.7 1.35 2 2 2 2 2 2 2 2 0.3 0.3 0.0 -1.6 -1.6 -1.6 -1.6 -1.6 -1.6 0.165 0.353 0.044 0.098 0.316 0.563 2 2 2 2 2 2
2007-12-26T07:30:00 2007 12 26 7 30 0 -4.3 -1.7 334.0 6.9 1.54 2.27 2.77 2.04 2 2 2 2 2 2 2 2 0.3 0.33 -4.0 -1.7 -1.7 -1.7 -1.7 -1.7 -1.7 0.251 0.485 0.049 0.173 0.415 0.666 2 2 2 2 2 2
2007-12-26T08:30:00 2007 12 26 8 30 0 -4.0 -1.6 335.0 7.3 1.64 2.11 2.75 1.96 2 2 2 2 2 2 2 2 0.3 0.28 -6.0 -1.6 -1.6 -1.6 -1.6 -1.6 -1.6 0.307 0.544 0.054 0.211 0.44 0.701 2 2 2 2 2 2
2007-12-26T09:30:00 2007 12 26 9 30 0 -3.5 1.7 345.0 7.8 1.86 0.97 0.54 0.4 2 2 2 2 2 2 2 2 0.3 0.24 -6.0 1.7 1.7 1.7 1.7 1.7 1.7 0.223 0.306 0.053 0.127 0.169 0.344 2 2 2 2 2 2
2007-12-26T10:30:00 2007 12 26 10 30 0 -3.4 2.0 342.0 7.7 1.8 0.4 0.0 0.0 2 2 2 2 2 2 2 2 0.3 0.19 -5.0 2.0 2.0 2.0 2.0 2.0 2.0 0.151 0.152 0.052 0.071 0.053 0.143 2 2 2 2 2 2
2007-12-26T11:30:00 2007 12 26 11 30 0 -3.4 0.3 342.0 11.8 2.76 0.53 0.0 0.0 2 2 2 2 2 2 2 2 0.3 0.23 -1.0 0.3 0.3 0.3 0.3 0.3 0.3 0.102 0.075 0.05 0.04 0.017 0.059 2 2 2 2 2 2
2007-12-26T12:30:00 2007 12 26 12 30 0 -3.2 -1.0 339.0 11.0 2.53 0.92 0.73 0.81 2 2 2 2 2 2 2 2 0.7 0.32 -3.0 -1.0 -1.0 -1.0 -1.0 -1.0 -1.0 0.131 0.213 0.05 0.061 0.191 0.448 2 2 2 2 2 2
2007-12-26T13:30:00 2007 12 26 13 30 0 -2.8 -1.4 343.0 9.9 2.33 1.17 2.08 2.15 2 2 2 2 2 2 2 2 0.7 0.4 -4.0 -1.4 -1.4 -1.4 -1.4 -1.4 -1.4 0.216 0.409 0.055 0.133 0.374 0.804 2 2 2 2 2 2
2007-12-26T14:30:00 2007 12 26 14 30 0 -3.6 0.9 343.0 12.0 2.82 0.82 0.63 0.66 2 2 2 2 2 2 2 2 0.7 0.46 -3.0 0.9 0.9 0.9 0.9 0.9 0.9 0.173 0.27 0.054 0.089 0.176 0.485 2 2 2 2 2 2
2007-12-26T15:30:00 2007 12 26 15 30 0 -4.3 0.8 344.0 11.5 2.72 0.81 0.0 0.0 2 2 2 2 2 2 2 2 0.7 0.51 -4.0 0.8 0.8 0.8 0.8 0.8 0.8 0.117 0.134 0.052 0.05 0.056 0.201 2 2 2 2 2 2
2007-12-26T16:30:00 2007 12 26 16 30 0 -3.2 0.6 361.0 9.6 2.5 0.75 0.0 0.0 2 2 2 2 2 2 2 2 0.7 0.56 -4.0 0.6 0.6 0.6 0.6 0.6 0.6 0.079 0.067 0.051 0.028 0.018 0.083 2 2 2 2 2 2
2007-12-26T17:30:00 2007 12 26 17 30 0 -2.7 2.1 360.0 11.3 2.93 0.35 0.0 0.0 2 2 2 2 2 2 2 2 0.7 0.6 -2.0 2.1 2.1 2.1 2.1 2.1 2.1 0.054 0.033 0.049 0.016 0.006 0.035 2 2 2 2 2 2
2007-12-26T18:30:00 2007 12 26 18 30 0 -3.1 1.4 353.0 10.3 2.57 0.29 0.0 0.0 2 2 2 2 2 2 2 2 0.0 0.56 0.0 1.4 1.4 1.4 1.4 1.4 1.4 0.036 0.016 0.048 0.009 0.002 0.014 2 2 2 2 2 2
2007-12-26T19:30:00 2007 12 26 19 30 0 -3.7 2.1 336.0 10.2 2.3 0.41 0.0 0.0 2 2 2 2 2 2 2 2 0.0 0.52 1.0 2.1 2.1 2.1 2.1 2.1 2.1 0.025 0.008 0.046 0.005 0.001 0.006 2 2 2 2 2 2
2007-12-26T20:30:00 2007 12 26 20 30 0 -2.9 1.9 334.0 11.7 2.61 0.33 0.0 0.0 2 2 2 2 2 2 2 2 0.0 0.43 2.0 1.9 1.9 1.9 1.9 1.9 1.9 0.017 0.004 0.045 0.003 0.0 0.002 2 2 2 2 2 2
2007-12-26T21:30:00 2007 12 26 21 30 0 -1.8 2.5 330.0 13.8 3.01 0.13 0.0 0.0 2 2 2 2 2 2 2 2 0.7 0.43 2.0 2.5 2.5 2.5 2.5 2.5 2.5 0.011 0.002 0.043 0.002 0.0 0.001 2 2 2 2 2 2
2007-12-26T22:30:00 2007 12 26 22 30 0 -4.0 1.1 326.0 15.3 3.25 0.32 0.0 0.0 2 2 2 2 2 2 2 2 0.7 0.44 6.0 1.1 1.1 1.1 1.1 1.1 1.1 0.008 0.001 0.042 0.001 0.0 0.0 2 2 2 2 2 2
2007-12-26T23:30:00 2007 12 26 23 30 0 -4.4 0.1 333.0 21.3 4.72 0.98 0.0 0.0 2 2 2 2 2 2 2 2 0.7 0.44 11.0 0.1 0.1 0.1 0.1 0.1 0.1 0.005 0.0 0.041 0.0 0.0 0.0 2 2 2 2 2 2
