2007-05-24T00:30:00 2007 5 24 0 30 0 -6.2 -5.0 484.0 5.6 2.43 11.1 11.91 7.43 2 2 2 2 2 2 2 2 5.7 4.77 -42.0 -5.0 -5.0 -5.0 -5.0 -5.0 -5.0 1.495 1.365 1.276 1.791 1.733 3.193 2 2 2 2 2 2
2007-05-24T01:30:00 2007 5 24 1 30 0 -6.4 -1.1 492.0 5.6 2.66 7.67 7.04 3.94 2 2 2 2 2 2 2 2 5.7 5.18 -37.0 -1.1 -1.1 -1.1 -1.1 -1.1 -1.1 1.248 1.04 1.264 1.283 1.167 2.217 2 2 2 2 2 2
2007-05-24T02:30:00 2007 5 24 2 30 0 -1.3 -2.1 507.0 5.4 2.73 2.84 4.11 2.25 2 2 2 2 2 2 2 2 5.7 5.27 -37.0 -2.1 -2.1 -2.1 -2.1 -2.1 -2.1 1.026 0.821 1.242 0.907 0.938 1.749 2 2 2 2 2 2
2007-05-24T03:30:00 2007 5 24 3 30 0 1.8 -2.1 536.0 5.7 3.16 1.54 5.49 3.05 2 2 2 2 2 2 2 2 3.3 5.04 -36.0 -2.1 -2.1 -2.1 -2.1 -2.1 -2.1 0.916 0.756 1.228 0.759 0.987 1.777 2 2 2 2 2 2
2007-05-24T04:30:00 2007 5 24 4 30 0 -1.0 -3.1 555.0 4.8 2.97 2.4 7.22 3.74 2 2 2 2 2 2 2 2 3.3 4.82 -40.0 -3.1 -3.1 -3.1 -3.1 -3.1 -3.1 0.9 0.779 1.227 0.789 1.174 1.918 2 2 2 2 2 2
2007-05-24T05:30:00 2007 5 24 5 30 0 -4.9 -1.3 556.0 4.4 2.81 3.28 5.9 2.72 2 2 2 2 2 2 2 2 3.3 4.6 -41.0 -1.3 -1.3 -1.3 -1.3 -1.3 -1.3 0.807 0.681 1.213 0.66 0.988 1.637 2 2 2 2 2 2
2007-05-24T06:30:00 2007 5 24 6 30 0 -4.6 -0.4 557.0 4.2 2.7 3.22 2.26 0.97 2 2 2 2 2 2 2 2 3.3 4.38 -37.0 -0.4 -0.4 -0.4 -0.4 -0.4 -0.4 0.627 0.483 1.182 0.429 0.61 1.134 2 2 2 2 2 2
2007-05-24T07:30:00 2007 5 24 7 30 0 -3.8 -0.6 572.0 4.9 3.27 2.37 1.44 0.66 2 2 2 2 2 2 2 2 3.3 4.17 -32.0 -0.6 -0.6 -0.6 -0.6 -0.6 -0.6 0.491 0.37 1.15 0.284 0.477 0.955 2 2 2 2 2 2
2007-05-24T08:30:00 2007 5 24 8 30 0 -5.1 0.9 591.0 5.4 3.75 2.2 0.28 0.14 2 2 2 2 2 2 2 2 3.3 3.88 -21.0 0.9 0.9 0.9 0.9 0.9 0.9 0.339 0.198 1.115 0.162 0.176 0.457 2 2 2 2 2 2
2007-05-24T09:30:00 2007 5 24 9 30 0 -4.2 0.6 582.0 5.2 3.52 1.96 0.0 0.0 2 2 2 2 2 2 2 2 2.3 3.45 -18.0 0.6 0.6 0.6 0.6 0.6 0.6 0.23 0.098 1.081 0.091 0.056 0.189 2 2 2 2 2 2
2007-05-24T10:30:00 2007 5 24 10 30 0 -0.3 0.5 566.0 5.1 3.3 0.5 0.0 0.0 2 2 2 2 2 2 2 2 2.3 3.04 -20.0 0.5 0.5 0.5 0.5 0.5 0.5 0.156 0.049 1.048 0.051 0.018 0.079 2 2 2 2 2 2
2007-05-24T11:30:00 2007 5 24 11 30 0 -0.5 -0.8 567.0 5.3 3.44 0.08 0.8 0.42 2 2 2 2 2 2 2 2 2.3 2.91 -20.0 -0.8 -0.8 -0.8 -0.8 -0.8 -0.8 0.156 0.129 1.02 0.065 0.246 0.47 2 2 2 2 2 2
2007-05-24T12:30:00 2007 5 24 12 30 0 -1.9 1.4 578.0 5.2 3.46 0.15 0.32 0.17 2 2 2 2 2 2 2 2 4.0 3.01 -19.0 1.4 1.4 1.4 1.4 1.4 1.4 0.113 0.079 0.989 0.04 0.105 0.261 2 2 2 2 2 2
2007-05-24T13:30:00 2007 5 24 13 30 0 -4.8 0.3 604.0 4.5 3.09 1.17 0.0 0.0 2 2 2 2 2 2 2 2 4.0 3.1 -21.0 0.3 0.3 0.3 0.3 0.3 0.3 0.077 0.039 0.959 0.022 0.033 0.108 2 2 2 2 2 2
2007-05-24T14:30:00 2007 5 24 14 30 0 -3.9 -1.6 608.0 4.0 2.74 2.96 2.25 0.93 2 2 2 2 2 2 2 2 4.0 3.2 -20.0 -1.6 -1.6 -1.6 -1.6 -1.6 -1.6 0.16 0.199 0.94 0.116 0.466 0.687 2 2 2 2 2 2
2007-05-24T15:30:00 2007 5 24 15 30 0 -2.0 -0.9 650.0 3.7 2.87 2.11 3.84 1.48 2 2 2 2 2 2 2 2 4.0 3.29 -27.0 -0.9 -0.9 -0.9 -0.9 -0.9 -0.9 0.238 0.297 0.926 0.187 0.654 0.995 2 2 2 2 2 2
2007-05-24T16:30:00 2007 5 24 16 30 0 -2.7 -1.0 633.0 3.7 2.69 1.41 3.06 1.13 2 2 2 2 2 2 2 2 4.0 3.38 -22.0 -1.0 -1.0 -1.0 -1.0 -1.0 -1.0 0.273 0.325 0.909 0.203 0.669 1.058 2 2 2 2 2 2
2007-05-24T17:30:00 2007 5 24 17 30 0 -4.8 -1.4 645.0 3.4 2.58 3.15 3.89 1.37 2 2 2 2 2 2 2 2 4.0 3.59 -19.0 -1.4 -1.4 -1.4 -1.4 -1.4 -1.4 0.324 0.368 0.897 0.252 0.764 1.139 2 2 2 2 2 2
2007-05-24T18:30:00 2007 5 24 18 30 0 -3.6 -2.5 644.0 3.1 2.34 4.67 6.43 2.07 2 2 2 2 2 2 2 2 4.7 3.89 -27.0 -2.5 -2.5 -2.5 -2.5 -2.5 -2.5 0.43 0.465 0.9 0.403 1.013 1.303 2 2 2 2 2 2
2007-05-24T19:30:00 2007 5 24 19 30 0 -3.3 -2.0 660.0 3.5 2.77 4.22 7.27 2.41 2 2 2 2 2 2 2 2 4.7 4.18 -28.0 -2.0 -2.0 -2.0 -2.0 -2.0 -2.0 0.514 0.523 0.907 0.502 1.124 1.471 2 2 2 2 2 2
2007-05-24T20:30:00 2007 5 24 20 30 0 -0.6 -4.4 650.0 3.5 2.7 5.09 10.79 3.78 2 2 2 2 2 2 2 2 4.7 4.27 -32.0 -4.4 -4.4 -4.4 -4.4 -4.4 -4.4 0.696 0.679 0.945 0.827 1.534 1.888 2 2 2 2 2 2
2007-05-24T21:30:00 2007 5 24 21 30 0 -1.8 -4.1 645.0 3.6 2.73 6.92 13.72 4.87 2 2 2 2 2 2 2 2 4.7 4.36 -28.0 -4.1 -4.1 -4.1 -4.1 -4.1 -4.1 0.872 0.804 0.998 1.12 1.761 2.164 2 2 2 2 2 2
2007-05-24T22:30:00 2007 5 24 22 30 0 -4.8 -0.1 637.0 3.5 2.63 3.99 6.21 2.21 2 2 2 2 2 2 2 2 4.7 4.45 -31.0 -0.1 -0.1 -0.1 -0.1 -0.1 -0.1 0.745 0.599 0.992 0.808 1.047 1.54 2 2 2 2 2 2
2007-05-24T23:30:00 2007 5 24 23 30 0 -4.7 1.6 671.0 2.6 2.18 2.29 0.0 0.0 2 2 2 2 2 2 2 2 4.7 4.53 -33.0 1.6 1.6 1.6 1.6 1.6 1.6 0.504 0.298 0.962 0.452 0.332 0.639 2 2 2 2 2 2
