2007-09-01T00:30:00 2007 9 1 0 30 0 1.4 0.5 408.0 5.2 1.7 0.21 0.0 0.0 2 2 2 2 2 2 2 2 2.0 2.29 -6.0 0.5 0.5 0.5 0.5 0.5 0.5 0.237 0.182 0.136 0.144 0.078 0.195 2 2 2 2 2 2
2007-09-01T01:30:00 2007 9 1 1 30 0 0.2 1.4 418.0 4.9 1.69 0.02 0.0 0.0 2 2 2 2 2 2 2 2 2.0 2.37 -1.0 1.4 1.4 1.4 1.4 1.4 1.4 0.161 0.09 0.132 0.081 0.025 0.081 2 2 2 2 2 2
2007-09-01T02:30:00 2007 9 1 2 30 0 -1.8 2.9 418.0 5.0 1.73 0.02 0.0 0.0 2 2 2 2 2 2 2 2 2.0 2.28 2.0 2.9 2.9 2.9 2.9 2.9 2.9 0.109 0.045 0.128 0.045 0.008 0.033 2 2 2 2 2 2
2007-09-01T03:30:00 2007 9 1 3 30 0 1.1 3.8 416.0 4.7 1.62 0.01 0.0 0.0 2 2 2 2 2 2 2 2 1.3 2.1 2.0 3.8 3.8 3.8 3.8 3.8 3.8 0.074 0.022 0.124 0.025 0.002 0.014 2 2 2 2 2 2
2007-09-01T04:30:00 2007 9 1 4 30 0 3.3 -1.1 415.0 5.4 1.78 0.45 0.36 0.19 2 2 2 2 2 2 2 2 1.3 1.93 2.0 -1.1 -1.1 -1.1 -1.1 -1.1 -1.1 0.079 0.079 0.122 0.039 0.109 0.141 2 2 2 2 2 2
2007-09-01T05:30:00 2007 9 1 5 30 0 3.4 -1.0 420.0 6.5 2.24 1.55 2.18 1.31 2 2 2 2 2 2 2 2 1.3 1.8 2.0 -1.0 -1.0 -1.0 -1.0 -1.0 -1.0 0.157 0.256 0.124 0.1 0.337 0.526 2 2 2 2 2 2
2007-09-01T06:30:00 2007 9 1 6 30 0 4.2 -1.0 433.0 8.8 3.26 1.89 2.14 1.66 2 2 2 2 2 2 2 2 2.3 1.81 3.0 -1.0 -1.0 -1.0 -1.0 -1.0 -1.0 0.22 0.368 0.127 0.143 0.453 0.915 2 2 2 2 2 2
2007-09-01T07:30:00 2007 9 1 7 30 0 4.3 -1.5 435.0 10.2 4.04 2.49 2.76 2.65 2 2 2 2 2 2 2 2 2.3 1.81 1.0 -1.5 -1.5 -1.5 -1.5 -1.5 -1.5 0.307 0.504 0.133 0.219 0.613 1.449 2 2 2 2 2 2
2007-09-01T08:30:00 2007 9 1 8 30 0 3.8 0.1 442.0 9.2 3.75 1.85 1.4 1.38 2 2 2 2 2 2 2 2 2.3 1.86 -6.0 0.1 0.1 0.1 0.1 0.1 0.1 0.27 0.382 0.133 0.164 0.365 1.07 2 2 2 2 2 2
2007-09-01T09:30:00 2007 9 1 9 30 0 0.0 -1.7 451.0 7.9 3.21 0.75 1.96 1.62 2 2 2 2 2 2 2 2 2.3 1.9 -2.0 -1.7 -1.7 -1.7 -1.7 -1.7 -1.7 0.308 0.448 0.136 0.202 0.525 1.267 2 2 2 2 2 2
2007-09-01T10:30:00 2007 9 1 10 30 0 -0.3 -2.8 450.0 7.6 3.03 1.43 5.17 3.99 2 2 2 2 2 2 2 2 2.3 1.94 -2.0 -2.8 -2.8 -2.8 -2.8 -2.8 -2.8 0.459 0.656 0.155 0.4 0.848 1.699 2 2 2 2 2 2
2007-09-01T11:30:00 2007 9 1 11 30 0 1.7 -1.4 450.0 7.6 3.06 1.3 4.59 3.49 2 2 2 2 2 2 2 2 2.3 2.06 -6.0 -1.4 -1.4 -1.4 -1.4 -1.4 -1.4 0.511 0.681 0.167 0.426 0.811 1.688 2 2 2 2 2 2
2007-09-01T12:30:00 2007 9 1 12 30 0 3.8 1.9 448.0 8.4 3.37 0.66 0.54 0.42 2 2 2 2 2 2 2 2 2.3 2.18 -1.0 1.9 1.9 1.9 1.9 1.9 1.9 0.362 0.37 0.163 0.248 0.295 0.797 2 2 2 2 2 2
2007-09-01T13:30:00 2007 9 1 13 30 0 1.1 5.5 444.0 8.9 3.46 0.16 0.0 0.0 2 2 2 2 2 2 2 2 2.3 2.3 4.0 5.5 5.5 5.5 5.5 5.5 5.5 0.245 0.184 0.158 0.139 0.093 0.33 2 2 2 2 2 2
2007-09-01T14:30:00 2007 9 1 14 30 0 1.4 3.5 455.0 8.8 3.54 0.02 0.0 0.0 2 2 2 2 2 2 2 2 2.3 2.3 6.0 3.5 3.5 3.5 3.5 3.5 3.5 0.166 0.091 0.153 0.078 0.03 0.137 2 2 2 2 2 2
2007-09-01T15:30:00 2007 9 1 15 30 0 4.2 -1.0 470.0 6.2 2.71 0.78 0.37 0.23 2 2 2 2 2 2 2 2 2.3 2.3 4.0 -1.0 -1.0 -1.0 -1.0 -1.0 -1.0 0.144 0.115 0.15 0.07 0.14 0.264 2 2 2 2 2 2
2007-09-01T16:30:00 2007 9 1 16 30 0 -0.5 -3.7 476.0 6.3 2.84 2.48 5.83 3.65 2 2 2 2 2 2 2 2 2.3 2.3 0.0 -3.7 -3.7 -3.7 -3.7 -3.7 -3.7 0.368 0.493 0.173 0.381 0.804 1.212 2 2 2 2 2 2
2007-09-01T17:30:00 2007 9 1 17 30 0 -1.2 -2.5 483.0 6.1 2.82 2.75 7.31 4.53 2 2 2 2 2 2 2 2 2.3 2.3 0.0 -2.5 -2.5 -2.5 -2.5 -2.5 -2.5 0.534 0.687 0.2 0.567 1.015 1.623 2 2 2 2 2 2
2007-09-01T18:30:00 2007 9 1 18 30 0 -0.1 -0.9 484.0 6.0 2.81 0.91 3.95 2.39 2 2 2 2 2 2 2 2 2.7 2.35 4.0 -0.9 -0.9 -0.9 -0.9 -0.9 -0.9 0.515 0.611 0.207 0.462 0.774 1.419 2 2 2 2 2 2
2007-09-01T19:30:00 2007 9 1 19 30 0 2.2 -1.0 481.0 6.9 3.11 0.53 2.3 1.49 2 2 2 2 2 2 2 2 2.7 2.4 5.0 -1.0 -1.0 -1.0 -1.0 -1.0 -1.0 0.461 0.523 0.208 0.347 0.62 1.286 2 2 2 2 2 2
2007-09-01T20:30:00 2007 9 1 20 30 0 3.2 -0.9 483.0 6.8 3.12 1.28 2.28 1.56 2 2 2 2 2 2 2 2 2.7 2.46 10.0 -0.9 -0.9 -0.9 -0.9 -0.9 -0.9 0.423 0.478 0.209 0.28 0.565 1.245 2 2 2 2 2 2
2007-09-01T21:30:00 2007 9 1 21 30 0 2.7 -2.0 506.0 6.8 3.35 1.94 3.72 2.53 2 2 2 2 2 2 2 2 3.7 2.64 5.0 -2.0 -2.0 -2.0 -2.0 -2.0 -2.0 0.469 0.556 0.219 0.344 0.765 1.558 2 2 2 2 2 2
2007-09-01T22:30:00 2007 9 1 22 30 0 2.2 -1.3 515.0 7.2 3.65 1.75 4.14 2.9 2 2 2 2 2 2 2 2 3.7 2.82 3.0 -1.3 -1.3 -1.3 -1.3 -1.3 -1.3 0.499 0.587 0.229 0.37 0.815 1.756 2 2 2 2 2 2
2007-09-01T23:30:00 2007 9 1 23 30 0 6.1 2.9 525.0 6.1 3.18 1.47 0.39 0.27 2 2 2 2 2 2 2 2 3.7 2.99 3.0 2.9 2.9 2.9 2.9 2.9 2.9 0.346 0.309 0.222 0.211 0.284 0.803 2 2 2 2 2 2
