2007-03-11T00:30:00 2007 3 11 0 30 0 -3.4 -1.3 316.0 5.3 1.06 1.47 2.58 1.43 2 2 2 2 2 2 2 2 0.7 1.33 -4.0 -1.3 -1.3 -1.3 -1.3 -1.3 -1.3 0.43 0.575 0.245 0.267 0.388 0.491 2 2 2 2 2 2
2007-03-11T01:30:00 2007 3 11 1 30 0 -3.0 -1.7 313.0 5.1 1.0 1.36 2.38 1.24 2 2 2 2 2 2 2 2 0.7 1.28 -5.0 -1.7 -1.7 -1.7 -1.7 -1.7 -1.7 0.401 0.537 0.243 0.237 0.362 0.437 2 2 2 2 2 2
2007-03-11T02:30:00 2007 3 11 2 30 0 -3.2 -0.9 313.0 5.8 1.14 1.17 1.98 1.08 2 2 2 2 2 2 2 2 0.7 1.12 -7.0 -0.9 -0.9 -0.9 -0.9 -0.9 -0.9 0.359 0.478 0.239 0.194 0.308 0.396 2 2 2 2 2 2
2007-03-11T03:30:00 2007 3 11 3 30 0 -3.0 -1.5 310.0 5.9 1.13 1.13 1.91 1.12 2 2 2 2 2 2 2 2 0.3 0.91 -6.0 -1.5 -1.5 -1.5 -1.5 -1.5 -1.5 0.34 0.472 0.235 0.18 0.317 0.409 2 2 2 2 2 2
2007-03-11T04:30:00 2007 3 11 4 30 0 -2.6 -1.5 309.0 6.5 1.24 1.14 2.32 1.44 2 2 2 2 2 2 2 2 0.3 0.7 -7.0 -1.5 -1.5 -1.5 -1.5 -1.5 -1.5 0.344 0.501 0.233 0.189 0.345 0.455 2 2 2 2 2 2
2007-03-11T05:30:00 2007 3 11 5 30 0 -1.4 -2.3 299.0 6.4 1.14 1.07 2.93 1.89 2 2 2 2 2 2 2 2 0.3 0.62 -9.0 -2.3 -2.3 -2.3 -2.3 -2.3 -2.3 0.378 0.578 0.232 0.234 0.404 0.513 2 2 2 2 2 2
2007-03-11T06:30:00 2007 3 11 6 30 0 0.2 -2.2 299.0 6.4 1.14 0.94 3.36 2.15 2 2 2 2 2 2 2 2 1.0 0.62 -10.0 -2.2 -2.2 -2.2 -2.2 -2.2 -2.2 0.413 0.635 0.232 0.273 0.433 0.543 2 2 2 2 2 2
2007-03-11T07:30:00 2007 3 11 7 30 0 -4.4 -0.4 317.0 6.2 1.25 0.89 1.88 1.19 2 2 2 2 2 2 2 2 1.0 0.63 -8.0 -0.4 -0.4 -0.4 -0.4 -0.4 -0.4 0.359 0.509 0.228 0.207 0.306 0.441 2 2 2 2 2 2
2007-03-11T08:30:00 2007 3 11 8 30 0 -5.0 -3.5 327.0 8.8 1.68 2.91 3.36 2.67 2 2 2 2 2 2 2 2 1.0 0.67 -4.0 -3.5 -3.5 -3.5 -3.5 -3.5 -3.5 0.44 0.673 0.232 0.32 0.522 0.762 2 2 2 2 2 2
2007-03-11T09:30:00 2007 3 11 9 30 0 -7.1 -3.8 350.0 11.8 2.57 6.08 6.22 6.51 2 2 2 2 2 2 2 2 2.7 0.93 -1.0 -3.8 -3.8 -3.8 -3.8 -3.8 -3.8 0.63 0.973 0.249 0.582 0.842 1.515 2 2 2 2 2 2
2007-03-11T10:30:00 2007 3 11 10 30 0 1.2 -8.6 351.0 16.9 3.66 9.23 11.22 16.69 2 2 2 2 2 2 2 2 2.7 1.19 -7.0 -8.6 -8.6 -8.6 -8.6 -8.6 -8.6 1.098 1.64 0.308 1.433 1.54 3.416 2 2 2 2 2 2
2007-03-11T11:30:00 2007 3 11 11 30 0 -4.0 -3.4 349.0 10.4 2.23 7.23 10.12 14.04 2 2 2 2 2 2 2 2 2.7 1.49 -18.0 -3.4 -3.4 -3.4 -3.4 -3.4 -3.4 1.23 1.659 0.344 1.492 1.37 3.184 2 2 2 2 2 2
2007-03-11T12:30:00 2007 3 11 12 30 0 -6.7 0.3 351.0 11.1 2.42 3.11 2.48 2.64 2 2 2 2 2 2 2 2 2.3 1.74 -13.0 0.3 0.3 0.3 0.3 0.3 0.3 0.94 1.048 0.34 0.926 0.648 1.791 2 2 2 2 2 2
2007-03-11T13:30:00 2007 3 11 13 30 0 -6.4 -1.0 344.0 11.3 2.39 3.1 0.74 0.83 2 2 2 2 2 2 2 2 2.3 1.98 -7.0 -1.0 -1.0 -1.0 -1.0 -1.0 -1.0 0.699 0.697 0.331 0.558 0.396 1.189 2 2 2 2 2 2
2007-03-11T14:30:00 2007 3 11 14 30 0 -6.9 -1.8 350.0 14.6 3.12 4.07 2.49 3.3 2 2 2 2 2 2 2 2 2.3 2.14 -3.0 -1.8 -1.8 -1.8 -1.8 -1.8 -1.8 0.644 0.741 0.33 0.459 0.544 1.536 2 2 2 2 2 2
2007-03-11T15:30:00 2007 3 11 15 30 0 -8.0 -1.6 356.0 21.4 4.58 5.22 2.99 5.44 2 2 2 2 2 2 2 2 2.3 2.29 -5.0 -1.6 -1.6 -1.6 -1.6 -1.6 -1.6 0.648 0.856 0.331 0.447 0.686 2.399 2 2 2 2 2 2
2007-03-11T16:30:00 2007 3 11 16 30 0 -3.7 -4.6 351.0 25.9 5.37 5.36 5.69 13.76 2 2 2 2 2 2 2 2 2.3 2.44 -9.0 -4.6 -4.6 -4.6 -4.6 -4.6 -4.6 0.892 1.345 0.354 0.827 1.2 4.606 2 2 2 2 2 2
2007-03-11T17:30:00 2007 3 11 17 30 0 -2.7 -2.5 356.0 26.1 5.57 3.59 6.12 15.91 2 2 2 2 2 2 2 2 2.3 2.4 -9.0 -2.5 -2.5 -2.5 -2.5 -2.5 -2.5 1.03 1.531 0.375 0.967 1.273 5.53 2 2 2 2 2 2
2007-03-11T18:30:00 2007 3 11 18 30 0 -2.1 -0.2 371.0 35.1 8.13 1.04 2.27 6.72 2 2 2 2 2 2 2 2 2.7 2.4 -1.0 -0.2 -0.2 -0.2 -0.2 -0.2 -0.2 0.86 1.153 0.372 0.668 0.794 4.677 2 2 2 2 2 2
2007-03-11T19:30:00 2007 3 11 19 30 0 -5.0 2.4 376.0 18.9 4.61 0.66 0.0 0.0 2 2 2 2 2 2 2 2 2.7 2.4 -5.0 2.4 2.4 2.4 2.4 2.4 2.4 0.582 0.572 0.361 0.374 0.251 1.94 2 2 2 2 2 2
2007-03-11T20:30:00 2007 3 11 20 30 0 -4.7 5.0 371.0 19.4 4.57 0.66 0.0 0.0 2 2 2 2 2 2 2 2 2.7 2.46 -3.0 5.0 5.0 5.0 5.0 5.0 5.0 0.394 0.284 0.35 0.209 0.08 0.805 2 2 2 2 2 2
2007-03-11T21:30:00 2007 3 11 21 30 0 -1.4 2.8 385.0 15.9 4.05 0.18 0.0 0.0 2 2 2 2 2 2 2 2 2.3 2.45 0.0 2.8 2.8 2.8 2.8 2.8 2.8 0.267 0.141 0.339 0.117 0.025 0.334 2 2 2 2 2 2
2007-03-11T22:30:00 2007 3 11 22 30 0 -0.2 5.1 417.0 12.4 4.31 0.01 0.0 0.0 2 2 2 2 2 2 2 2 2.3 2.45 1.0 5.1 5.1 5.1 5.1 5.1 5.1 0.181 0.07 0.329 0.066 0.008 0.138 2 2 2 2 2 2
2007-03-11T23:30:00 2007 3 11 23 30 0 2.8 6.9 408.0 12.6 4.19 0.02 0.0 0.0 2 2 2 2 2 2 2 2 2.3 2.45 4.0 6.9 6.9 6.9 6.9 6.9 6.9 0.122 0.035 0.319 0.037 0.003 0.057 2 2 2 2 2 2
