2007-07-16T00:30:00 2007 7 16 0 30 0 2.4 -0.6 498.0 2.4 1.16 0.61 1.71 0.39 2 2 2 2 2 2 2 2 1.0 1.41 -21.0 -0.6 -0.6 -0.6 -0.6 -0.6 -0.6 0.167 0.215 0.434 0.085 0.291 0.269 2 2 2 2 2 2
2007-07-16T01:30:00 2007 7 16 1 30 0 1.8 0.2 496.0 2.5 1.21 0.52 0.5 0.12 2 2 2 2 2 2 2 2 1.0 1.37 -20.0 0.2 0.2 0.2 0.2 0.2 0.2 0.126 0.132 0.421 0.053 0.132 0.154 2 2 2 2 2 2
2007-07-16T02:30:00 2007 7 16 2 30 0 0.5 0.3 485.0 2.7 1.23 0.11 0.0 0.0 2 2 2 2 2 2 2 2 1.0 1.33 -19.0 0.3 0.3 0.3 0.3 0.3 0.3 0.085 0.066 0.409 0.03 0.042 0.064 2 2 2 2 2 2
2007-07-16T03:30:00 2007 7 16 3 30 0 0.3 -0.6 483.0 2.9 1.28 0.05 0.54 0.16 2 2 2 2 2 2 2 2 1.3 1.33 -16.0 -0.6 -0.6 -0.6 -0.6 -0.6 -0.6 0.086 0.098 0.397 0.033 0.137 0.147 2 2 2 2 2 2
2007-07-16T04:30:00 2007 7 16 4 30 0 0.3 -0.8 481.0 3.1 1.36 0.17 1.71 0.51 2 2 2 2 2 2 2 2 1.3 1.33 -16.0 -0.8 -0.8 -0.8 -0.8 -0.8 -0.8 0.123 0.177 0.389 0.064 0.269 0.282 2 2 2 2 2 2
2007-07-16T05:30:00 2007 7 16 5 30 0 1.6 -1.3 486.0 2.9 1.29 0.53 2.59 0.77 2 2 2 2 2 2 2 2 1.3 1.28 -18.0 -1.3 -1.3 -1.3 -1.3 -1.3 -1.3 0.178 0.257 0.384 0.114 0.391 0.389 2 2 2 2 2 2
2007-07-16T06:30:00 2007 7 16 6 30 0 2.0 0.4 485.0 2.7 1.23 0.5 1.08 0.31 2 2 2 2 2 2 2 2 1.3 1.24 -21.0 0.4 0.4 0.4 0.4 0.4 0.4 0.147 0.178 0.374 0.08 0.201 0.244 2 2 2 2 2 2
2007-07-16T07:30:00 2007 7 16 7 30 0 1.5 -0.8 472.0 2.8 1.2 0.39 0.71 0.2 2 2 2 2 2 2 2 2 1.3 1.19 -20.0 -0.8 -0.8 -0.8 -0.8 -0.8 -0.8 0.135 0.166 0.364 0.068 0.207 0.23 2 2 2 2 2 2
2007-07-16T08:30:00 2007 7 16 8 30 0 2.2 -0.7 478.0 2.6 1.15 0.66 1.77 0.48 2 2 2 2 2 2 2 2 1.3 1.23 -21.0 -0.7 -0.7 -0.7 -0.7 -0.7 -0.7 0.153 0.203 0.357 0.08 0.273 0.275 2 2 2 2 2 2
2007-07-16T09:30:00 2007 7 16 9 30 0 1.8 -1.0 490.0 2.5 1.18 0.79 2.09 0.53 2 2 2 2 2 2 2 2 1.0 1.22 -22.0 -1.0 -1.0 -1.0 -1.0 -1.0 -1.0 0.176 0.236 0.35 0.1 0.332 0.313 2 2 2 2 2 2
2007-07-16T10:30:00 2007 7 16 10 30 0 1.7 -1.1 493.0 2.3 1.09 0.8 2.59 0.62 2 2 2 2 2 2 2 2 1.0 1.22 -19.0 -1.1 -1.1 -1.1 -1.1 -1.1 -1.1 0.203 0.264 0.346 0.123 0.377 0.334 2 2 2 2 2 2
2007-07-16T11:30:00 2007 7 16 11 30 0 1.7 -0.2 476.0 2.5 1.12 0.53 1.49 0.35 2 2 2 2 2 2 2 2 1.0 1.18 -19.0 -0.2 -0.2 -0.2 -0.2 -0.2 -0.2 0.18 0.216 0.338 0.095 0.263 0.265 2 2 2 2 2 2
2007-07-16T12:30:00 2007 7 16 12 30 0 2.0 0.2 464.0 2.6 1.09 0.34 0.1 0.02 2 2 2 2 2 2 2 2 0.7 1.11 -17.0 0.2 0.2 0.2 0.2 0.2 0.2 0.124 0.113 0.327 0.054 0.091 0.12 2 2 2 2 2 2
2007-07-16T13:30:00 2007 7 16 13 30 0 2.0 -0.4 460.0 2.5 1.02 0.43 0.35 0.09 2 2 2 2 2 2 2 2 0.7 1.03 -16.0 -0.4 -0.4 -0.4 -0.4 -0.4 -0.4 0.102 0.103 0.318 0.039 0.111 0.123 2 2 2 2 2 2
2007-07-16T14:30:00 2007 7 16 14 30 0 1.0 0.3 454.0 2.6 1.03 0.23 0.22 0.06 2 2 2 2 2 2 2 2 0.7 0.96 -15.0 0.3 0.3 0.3 0.3 0.3 0.3 0.075 0.065 0.308 0.024 0.054 0.073 2 2 2 2 2 2
2007-07-16T15:30:00 2007 7 16 15 30 0 1.2 0.3 454.0 2.7 1.08 0.08 0.0 0.0 2 2 2 2 2 2 2 2 0.7 0.88 -17.0 0.3 0.3 0.3 0.3 0.3 0.3 0.051 0.032 0.299 0.013 0.017 0.03 2 2 2 2 2 2
2007-07-16T16:30:00 2007 7 16 16 30 0 1.9 -0.1 457.0 2.8 1.14 0.23 0.04 0.01 2 2 2 2 2 2 2 2 0.7 0.81 -15.0 -0.1 -0.1 -0.1 -0.1 -0.1 -0.1 0.038 0.026 0.29 0.008 0.024 0.033 2 2 2 2 2 2
2007-07-16T17:30:00 2007 7 16 17 30 0 2.2 0.8 460.0 2.8 1.16 0.32 0.0 0.0 2 2 2 2 2 2 2 2 0.7 0.77 -13.0 0.8 0.8 0.8 0.8 0.8 0.8 0.025 0.013 0.281 0.005 0.008 0.014 2 2 2 2 2 2
2007-07-16T18:30:00 2007 7 16 18 30 0 2.7 -0.4 459.0 2.9 1.17 0.56 0.19 0.06 2 2 2 2 2 2 2 2 1.0 0.78 -12.0 -0.4 -0.4 -0.4 -0.4 -0.4 -0.4 0.031 0.042 0.273 0.009 0.065 0.068 2 2 2 2 2 2
2007-07-16T19:30:00 2007 7 16 19 30 0 2.0 -0.2 445.0 2.9 1.11 0.62 0.66 0.19 2 2 2 2 2 2 2 2 1.0 0.78 -11.0 -0.2 -0.2 -0.2 -0.2 -0.2 -0.2 0.046 0.083 0.266 0.016 0.116 0.129 2 2 2 2 2 2
2007-07-16T20:30:00 2007 7 16 20 30 0 0.8 -0.8 438.0 3.2 1.18 0.32 1.16 0.36 2 2 2 2 2 2 2 2 1.0 0.82 -10.0 -0.8 -0.8 -0.8 -0.8 -0.8 -0.8 0.082 0.152 0.26 0.041 0.211 0.219 2 2 2 2 2 2
2007-07-16T21:30:00 2007 7 16 21 30 0 2.6 0.9 447.0 3.1 1.19 0.29 0.34 0.11 2 2 2 2 2 2 2 2 0.3 0.76 -10.0 0.9 0.9 0.9 0.9 0.9 0.9 0.063 0.091 0.252 0.026 0.086 0.114 2 2 2 2 2 2
2007-07-16T22:30:00 2007 7 16 22 30 0 2.6 -0.3 444.0 3.1 1.17 0.55 0.11 0.03 2 2 2 2 2 2 2 2 0.3 0.71 -11.0 -0.3 -0.3 -0.3 -0.3 -0.3 -0.3 0.051 0.067 0.245 0.019 0.066 0.086 2 2 2 2 2 2
2007-07-16T23:30:00 2007 7 16 23 30 0 2.7 -0.2 437.0 2.9 1.06 0.74 0.54 0.16 2 2 2 2 2 2 2 2 0.3 0.66 -14.0 -0.2 -0.2 -0.2 -0.2 -0.2 -0.2 0.057 0.091 0.238 0.019 0.107 0.128 2 2 2 2 2 2
