2007-06-30T00:30:00 2007 6 30 0 30 0 4.8 3.2 469.0 4.9 2.09 1.28 0.0 0.0 2 2 2 2 2 2 2 2 2.0 3.12 -3.0 3.2 3.2 3.2 3.2 3.2 3.2 0.063 0.024 0.086 0.02 0.004 0.052 2 2 2 2 2 2
2007-06-30T01:30:00 2007 6 30 1 30 0 1.4 -1.2 515.0 4.8 2.43 0.67 0.55 0.27 2 2 2 2 2 2 2 2 2.0 3.1 0.0 -1.2 -1.2 -1.2 -1.2 -1.2 -1.2 0.082 0.094 0.086 0.046 0.176 0.267 2 2 2 2 2 2
2007-06-30T02:30:00 2007 6 30 2 30 0 -1.0 -2.5 507.0 4.0 1.98 1.23 4.86 2.1 2 2 2 2 2 2 2 2 2.0 2.85 -4.0 -2.5 -2.5 -2.5 -2.5 -2.5 -2.5 0.246 0.348 0.103 0.237 0.637 0.78 2 2 2 2 2 2
2007-06-30T03:30:00 2007 6 30 3 30 0 0.1 -2.6 518.0 3.9 2.04 2.01 6.55 2.58 2 2 2 2 2 2 2 2 1.7 2.57 -6.0 -2.6 -2.6 -2.6 -2.6 -2.6 -2.6 0.392 0.51 0.125 0.405 0.86 1.021 2 2 2 2 2 2
2007-06-30T04:30:00 2007 6 30 4 30 0 1.4 0.6 544.0 4.4 2.54 0.59 2.5 1.01 2 2 2 2 2 2 2 2 1.7 2.28 -12.0 0.6 0.6 0.6 0.6 0.6 0.6 0.334 0.363 0.128 0.285 0.465 0.699 2 2 2 2 2 2
2007-06-30T05:30:00 2007 6 30 5 30 0 1.5 -0.4 527.0 4.1 2.16 0.24 0.26 0.11 2 2 2 2 2 2 2 2 1.7 2.12 -10.0 -0.4 -0.4 -0.4 -0.4 -0.4 -0.4 0.244 0.226 0.125 0.17 0.245 0.437 2 2 2 2 2 2
2007-06-30T06:30:00 2007 6 30 6 30 0 3.1 -0.1 528.0 3.8 1.98 0.73 0.63 0.25 2 2 2 2 2 2 2 2 1.3 1.91 -8.0 -0.1 -0.1 -0.1 -0.1 -0.1 -0.1 0.191 0.171 0.122 0.106 0.187 0.363 2 2 2 2 2 2
2007-06-30T07:30:00 2007 6 30 7 30 0 2.4 0.4 525.0 3.1 1.59 0.75 0.02 0.01 2 2 2 2 2 2 2 2 1.3 1.7 -7.0 0.4 0.4 0.4 0.4 0.4 0.4 0.129 0.085 0.118 0.059 0.059 0.151 2 2 2 2 2 2
2007-06-30T08:30:00 2007 6 30 8 30 0 1.0 0.3 517.0 2.8 1.37 0.24 0.0 0.0 2 2 2 2 2 2 2 2 1.3 1.62 -6.0 0.3 0.3 0.3 0.3 0.3 0.3 0.087 0.042 0.115 0.033 0.019 0.062 2 2 2 2 2 2
2007-06-30T09:30:00 2007 6 30 9 30 0 -0.1 0.2 515.0 2.2 1.08 0.02 0.0 0.0 2 2 2 2 2 2 2 2 0.7 1.45 -6.0 0.2 0.2 0.2 0.2 0.2 0.2 0.059 0.021 0.111 0.019 0.006 0.026 2 2 2 2 2 2
2007-06-30T10:30:00 2007 6 30 10 30 0 -0.2 0.6 499.0 2.4 1.1 0.0 0.0 0.0 2 2 2 2 2 2 2 2 0.7 1.29 -3.0 0.6 0.6 0.6 0.6 0.6 0.6 0.04 0.01 0.108 0.01 0.002 0.011 2 2 2 2 2 2
2007-06-30T11:30:00 2007 6 30 11 30 0 0.4 0.5 497.0 1.9 0.86 0.0 0.0 0.0 2 2 2 2 2 2 2 2 0.7 1.16 -6.0 0.5 0.5 0.5 0.5 0.5 0.5 0.027 0.005 0.105 0.006 0.001 0.004 2 2 2 2 2 2
2007-06-30T12:30:00 2007 6 30 12 30 0 0.8 0.6 505.0 1.5 0.72 0.02 0.0 0.0 2 2 2 2 2 2 2 2 0.7 1.04 -8.0 0.6 0.6 0.6 0.6 0.6 0.6 0.018 0.003 0.101 0.003 0.0 0.002 2 2 2 2 2 2
2007-06-30T13:30:00 2007 6 30 13 30 0 0.1 0.3 486.0 1.8 0.8 0.01 0.0 0.0 2 2 2 2 2 2 2 2 0.7 0.92 -5.0 0.3 0.3 0.3 0.3 0.3 0.3 0.012 0.001 0.098 0.002 0.0 0.001 2 2 2 2 2 2
2007-06-30T14:30:00 2007 6 30 14 30 0 -0.1 0.0 483.0 1.9 0.82 0.0 0.0 0.0 2 2 2 2 2 2 2 2 0.7 0.84 -3.0 0.0 0.0 0.0 0.0 0.0 0.0 0.008 0.001 0.095 0.001 0.0 0.0 2 2 2 2 2 2
2007-06-30T15:30:00 2007 6 30 15 30 0 0.2 0.2 484.0 1.7 0.75 0.0 0.0 0.0 2 2 2 2 2 2 2 2 0.7 0.77 -3.0 0.2 0.2 0.2 0.2 0.2 0.2 0.006 0.0 0.092 0.001 0.0 0.0 2 2 2 2 2 2
2007-06-30T16:30:00 2007 6 30 16 30 0 0.5 0.6 485.0 1.7 0.75 0.0 0.0 0.0 2 2 2 2 2 2 2 2 0.7 0.7 -4.0 0.6 0.6 0.6 0.6 0.6 0.6 0.004 0.0 0.09 0.0 0.0 0.0 2 2 2 2 2 2
2007-06-30T17:30:00 2007 6 30 17 30 0 0.5 0.1 481.0 1.9 0.85 0.01 0.0 0.0 2 2 2 2 2 2 2 2 0.7 0.7 -3.0 0.1 0.1 0.1 0.1 0.1 0.1 0.003 0.0 0.087 0.0 0.0 0.0 2 2 2 2 2 2
2007-06-30T18:30:00 2007 6 30 18 30 0 1.3 0.1 475.0 2.3 0.99 0.08 0.0 0.0 2 2 2 2 2 2 2 2 0.7 0.7 -1.0 0.1 0.1 0.1 0.1 0.1 0.1 0.002 0.0 0.084 0.0 0.0 0.0 2 2 2 2 2 2
2007-06-30T19:30:00 2007 6 30 19 30 0 1.7 0.7 473.0 2.4 1.01 0.16 0.0 0.0 2 2 2 2 2 2 2 2 0.7 0.7 -1.0 0.7 0.7 0.7 0.7 0.7 0.7 0.001 0.0 0.082 0.0 0.0 0.0 2 2 2 2 2 2
2007-06-30T20:30:00 2007 6 30 20 30 0 1.7 0.7 469.0 2.5 1.04 0.16 0.0 0.0 2 2 2 2 2 2 2 2 0.7 0.7 -5.0 0.7 0.7 0.7 0.7 0.7 0.7 0.001 0.0 0.079 0.0 0.0 0.0 2 2 2 2 2 2
2007-06-30T21:30:00 2007 6 30 21 30 0 2.2 0.4 466.0 2.7 1.1 0.26 0.0 0.0 2 2 2 2 2 2 2 2 0.7 0.7 -8.0 0.4 0.4 0.4 0.4 0.4 0.4 0.001 0.0 0.077 0.0 0.0 0.0 2 2 2 2 2 2
2007-06-30T22:30:00 2007 6 30 22 30 0 2.5 0.3 464.0 3.1 1.24 0.44 0.0 0.0 2 2 2 2 2 2 2 2 0.7 0.7 -8.0 0.3 0.3 0.3 0.3 0.3 0.3 0.0 0.0 0.074 0.0 0.0 0.0 2 2 2 2 2 2
2007-06-30T23:30:00 2007 6 30 23 30 0 2.3 0.1 464.0 2.9 1.15 0.49 0.0 0.0 2 2 2 2 2 2 2 2 0.7 0.7 -7.0 0.1 0.1 0.1 0.1 0.1 0.1 0.0 0.0 0.072 0.0 0.0 0.0 2 2 2 2 2 2
