1996-07-22T00:30:00 1996 7 22 0 30 0 4.0 -0.5 490.0 5.2 2.46 0.8 0.14 0.07 2 2 2 2 2 2 2 2 2.0 2.18 -5.0 -0.5 -0.5 -0.5 -0.5 -0.5 -0.5 0.056 0.057 0.157 0.023 0.084 0.147 2 2 2 2 2 2
1996-07-22T01:30:00 1996 7 22 1 30 0 3.2 -0.9 483.0 3.9 1.74 1.71 1.74 0.77 2 2 2 2 2 2 2 2 2.0 2.14 -6.0 -0.9 -0.9 -0.9 -0.9 -0.9 -0.9 0.115 0.183 0.157 0.069 0.298 0.419 2 2 2 2 2 2
1996-07-22T02:30:00 1996 7 22 2 30 0 2.8 -1.1 461.0 4.3 1.78 1.45 2.37 0.98 2 2 2 2 2 2 2 2 2.0 2.06 -6.0 -1.1 -1.1 -1.1 -1.1 -1.1 -1.1 0.175 0.276 0.159 0.115 0.405 0.545 2 2 2 2 2 2
1996-07-22T03:30:00 1996 7 22 3 30 0 2.3 -0.7 464.0 3.8 1.59 1.06 2.04 0.83 2 2 2 2 2 2 2 2 1.7 1.93 -10.0 -0.7 -0.7 -0.7 -0.7 -0.7 -0.7 0.197 0.293 0.159 0.121 0.38 0.525 2 2 2 2 2 2
1996-07-22T04:30:00 1996 7 22 4 30 0 1.5 -0.7 462.0 4.2 1.72 0.61 1.62 0.65 2 2 2 2 2 2 2 2 1.7 1.81 -7.0 -0.7 -0.7 -0.7 -0.7 -0.7 -0.7 0.201 0.286 0.157 0.113 0.35 0.502 2 2 2 2 2 2
1996-07-22T05:30:00 1996 7 22 5 30 0 1.3 -0.6 454.0 4.4 1.74 0.39 1.48 0.64 2 2 2 2 2 2 2 2 1.7 1.81 -7.0 -0.6 -0.6 -0.6 -0.6 -0.6 -0.6 0.2 0.277 0.156 0.103 0.325 0.49 2 2 2 2 2 2
1996-07-22T06:30:00 1996 7 22 6 30 0 1.2 -1.0 447.0 4.2 1.61 0.41 1.84 0.79 2 2 2 2 2 2 2 2 1.3 1.76 -3.0 -1.0 -1.0 -1.0 -1.0 -1.0 -1.0 0.216 0.303 0.156 0.117 0.364 0.518 2 2 2 2 2 2
1996-07-22T07:30:00 1996 7 22 7 30 0 1.2 -0.4 443.0 4.4 1.64 0.33 1.5 0.65 2 2 2 2 2 2 2 2 1.3 1.7 -2.0 -0.4 -0.4 -0.4 -0.4 -0.4 -0.4 0.206 0.278 0.154 0.102 0.306 0.466 2 2 2 2 2 2
1996-07-22T08:30:00 1996 7 22 8 30 0 1.1 -0.3 439.0 4.4 1.62 0.2 0.76 0.34 2 2 2 2 2 2 2 2 1.3 1.62 1.0 -0.3 -0.3 -0.3 -0.3 -0.3 -0.3 0.175 0.226 0.15 0.074 0.227 0.38 2 2 2 2 2 2
1996-07-22T09:30:00 1996 7 22 9 30 0 1.2 -0.5 435.0 4.5 1.62 0.22 0.89 0.4 2 2 2 2 2 2 2 2 0.7 1.45 1.0 -0.5 -0.5 -0.5 -0.5 -0.5 -0.5 0.162 0.218 0.148 0.065 0.23 0.374 2 2 2 2 2 2
1996-07-22T10:30:00 1996 7 22 10 30 0 1.6 -0.7 421.0 4.9 1.64 0.36 1.3 0.61 2 2 2 2 2 2 2 2 0.7 1.29 1.0 -0.7 -0.7 -0.7 -0.7 -0.7 -0.7 0.172 0.248 0.146 0.075 0.274 0.427 2 2 2 2 2 2
1996-07-22T11:30:00 1996 7 22 11 30 0 1.4 -1.0 411.0 5.8 1.84 0.48 1.79 0.97 2 2 2 2 2 2 2 2 0.7 1.16 2.0 -1.0 -1.0 -1.0 -1.0 -1.0 -1.0 0.203 0.311 0.146 0.104 0.349 0.547 2 2 2 2 2 2
1996-07-22T12:30:00 1996 7 22 12 30 0 0.4 -0.7 413.0 5.9 1.94 0.29 1.73 1.01 2 2 2 2 2 2 2 2 1.3 1.12 -1.0 -0.7 -0.7 -0.7 -0.7 -0.7 -0.7 0.218 0.332 0.145 0.113 0.35 0.595 2 2 2 2 2 2
1996-07-22T13:30:00 1996 7 22 13 30 0 -0.1 -0.8 410.0 6.1 1.9 0.15 1.55 0.93 2 2 2 2 2 2 2 2 1.3 1.07 -1.0 -0.8 -0.8 -0.8 -0.8 -0.8 -0.8 0.225 0.341 0.145 0.115 0.35 0.62 2 2 2 2 2 2
1996-07-22T14:30:00 1996 7 22 14 30 0 0.6 -1.0 411.0 6.8 2.11 0.23 1.86 1.21 2 2 2 2 2 2 2 2 1.3 1.08 -1.0 -1.0 -1.0 -1.0 -1.0 -1.0 -1.0 0.248 0.378 0.145 0.134 0.395 0.721 2 2 2 2 2 2
1996-07-22T15:30:00 1996 7 22 15 30 0 0.9 -1.5 422.0 6.9 2.26 0.5 2.65 1.82 2 2 2 2 2 2 2 2 1.3 1.08 -2.0 -1.5 -1.5 -1.5 -1.5 -1.5 -1.5 0.302 0.459 0.149 0.19 0.508 0.919 2 2 2 2 2 2
1996-07-22T16:30:00 1996 7 22 16 30 0 1.4 -1.9 411.0 8.8 2.66 0.94 3.57 2.84 2 2 2 2 2 2 2 2 1.3 1.08 4.0 -1.9 -1.9 -1.9 -1.9 -1.9 -1.9 0.387 0.582 0.157 0.281 0.651 1.266 2 2 2 2 2 2
1996-07-22T17:30:00 1996 7 22 17 30 0 1.7 -0.9 402.0 11.5 3.28 0.8 2.76 2.79 2 2 2 2 2 2 2 2 1.3 1.16 7.0 -0.9 -0.9 -0.9 -0.9 -0.9 -0.9 0.407 0.596 0.161 0.277 0.599 1.463 2 2 2 2 2 2
1996-07-22T18:30:00 1996 7 22 18 30 0 3.4 -0.7 411.0 15.4 4.55 0.94 1.61 2.18 2 2 2 2 2 2 2 2 2.7 1.41 10.0 -0.7 -0.7 -0.7 -0.7 -0.7 -0.7 0.383 0.554 0.161 0.228 0.521 1.706 2 2 2 2 2 2
1996-07-22T19:30:00 1996 7 22 19 30 0 4.6 -1.7 416.0 9.9 3.18 2.21 2.57 3.1 2 2 2 2 2 2 2 2 2.7 1.66 1.0 -1.7 -1.7 -1.7 -1.7 -1.7 -1.7 0.425 0.623 0.166 0.273 0.637 1.893 2 2 2 2 2 2
1996-07-22T20:30:00 1996 7 22 20 30 0 4.2 2.1 425.0 8.0 2.77 1.56 0.65 0.62 2 2 2 2 2 2 2 2 2.7 1.84 -1.0 2.1 2.1 2.1 2.1 2.1 2.1 0.307 0.349 0.162 0.165 0.246 0.904 2 2 2 2 2 2
1996-07-22T21:30:00 1996 7 22 21 30 0 3.1 2.7 415.0 6.6 2.22 0.48 0.0 0.0 2 2 2 2 2 2 2 2 1.7 1.89 0.0 2.7 2.7 2.7 2.7 2.7 2.7 0.208 0.173 0.157 0.092 0.078 0.375 2 2 2 2 2 2
1996-07-22T22:30:00 1996 7 22 22 30 0 -1.3 3.3 407.0 7.1 2.3 0.04 0.0 0.0 2 2 2 2 2 2 2 2 1.7 1.93 2.0 3.3 3.3 3.3 3.3 3.3 3.3 0.141 0.086 0.152 0.052 0.025 0.156 2 2 2 2 2 2
1996-07-22T23:30:00 1996 7 22 23 30 0 -2.9 2.2 442.0 5.7 2.08 0.13 0.0 0.0 2 2 2 2 2 2 2 2 1.7 1.98 1.0 2.2 2.2 2.2 2.2 2.2 2.2 0.095 0.043 0.148 0.029 0.008 0.065 2 2 2 2 2 2
