1996-12-05T00:30:00 1996 12 5 0 30 0 2.4 2.8 461.0 5.7 2.42 0.1 0.0 0.0 2 2 2 2 2 2 2 2 0.7 2.78 -5.0 2.8 2.8 2.8 2.8 2.8 2.8 0.107 0.037 0.221 0.033 0.009 0.042 2 2 2 2 2 2
1996-12-05T01:30:00 1996 12 5 1 30 0 2.6 1.1 454.0 5.1 2.1 0.24 0.0 0.0 2 2 2 2 2 2 2 2 0.7 2.4 -6.0 1.1 1.1 1.1 1.1 1.1 1.1 0.073 0.018 0.214 0.019 0.003 0.017 2 2 2 2 2 2
1996-12-05T02:30:00 1996 12 5 2 30 0 1.2 1.8 451.0 4.0 1.63 0.14 0.0 0.0 2 2 2 2 2 2 2 2 0.7 2.11 -8.0 1.8 1.8 1.8 1.8 1.8 1.8 0.049 0.009 0.208 0.01 0.001 0.007 2 2 2 2 2 2
1996-12-05T03:30:00 1996 12 5 3 30 0 0.1 1.5 466.0 3.2 1.39 0.01 0.0 0.0 2 2 2 2 2 2 2 2 0.0 1.73 -8.0 1.5 1.5 1.5 1.5 1.5 1.5 0.033 0.005 0.201 0.006 0.0 0.003 2 2 2 2 2 2
1996-12-05T04:30:00 1996 12 5 4 30 0 -1.1 2.0 477.0 2.9 1.32 0.01 0.0 0.0 2 2 2 2 2 2 2 2 0.0 1.35 -9.0 2.0 2.0 2.0 2.0 2.0 2.0 0.023 0.002 0.195 0.003 0.0 0.001 2 2 2 2 2 2
1996-12-05T05:30:00 1996 12 5 5 30 0 -1.6 1.9 467.0 3.6 1.38 0.04 0.0 0.0 2 2 2 2 2 2 2 2 0.0 0.98 -6.0 1.9 1.9 1.9 1.9 1.9 1.9 0.015 0.001 0.189 0.002 0.0 0.001 2 2 2 2 2 2
1996-12-05T06:30:00 1996 12 5 6 30 0 -0.7 -0.7 459.0 3.6 1.52 0.09 0.29 0.1 2 2 2 2 2 2 2 2 0.7 0.71 -7.0 -0.7 -0.7 -0.7 -0.7 -0.7 -0.7 0.031 0.049 0.184 0.014 0.088 0.096 2 2 2 2 2 2
1996-12-05T07:30:00 1996 12 5 7 30 0 -1.2 -0.4 462.0 3.4 1.45 0.22 1.24 0.43 2 2 2 2 2 2 2 2 0.7 0.44 -10.0 -0.4 -0.4 -0.4 -0.4 -0.4 -0.4 0.068 0.128 0.181 0.036 0.194 0.229 2 2 2 2 2 2
1996-12-05T08:30:00 1996 12 5 8 30 0 -1.0 1.1 451.0 3.5 1.42 0.09 0.09 0.03 2 2 2 2 2 2 2 2 0.7 0.44 -9.0 1.1 1.1 1.1 1.1 1.1 1.1 0.047 0.066 0.176 0.02 0.065 0.102 2 2 2 2 2 2
1996-12-05T09:30:00 1996 12 5 9 30 0 -0.7 1.0 447.0 3.9 1.56 0.02 0.0 0.0 2 2 2 2 2 2 2 2 0.7 0.44 -9.0 1.0 1.0 1.0 1.0 1.0 1.0 0.032 0.033 0.17 0.011 0.02 0.042 2 2 2 2 2 2
1996-12-05T10:30:00 1996 12 5 10 30 0 -2.0 0.3 437.0 3.7 1.29 0.12 0.0 0.0 2 2 2 2 2 2 2 2 0.7 0.45 -7.0 0.3 0.3 0.3 0.3 0.3 0.3 0.022 0.016 0.165 0.006 0.006 0.017 2 2 2 2 2 2
1996-12-05T11:30:00 1996 12 5 11 30 0 -2.0 0.4 430.0 3.9 1.44 0.28 0.0 0.0 2 2 2 2 2 2 2 2 0.7 0.53 -5.0 0.4 0.4 0.4 0.4 0.4 0.4 0.015 0.008 0.16 0.004 0.002 0.007 2 2 2 2 2 2
1996-12-05T12:30:00 1996 12 5 12 30 0 -3.4 -0.2 429.0 4.3 1.58 0.67 0.09 0.04 2 2 2 2 2 2 2 2 0.7 0.62 -5.0 -0.2 -0.2 -0.2 -0.2 -0.2 -0.2 0.018 0.03 0.155 0.005 0.042 0.064 2 2 2 2 2 2
1996-12-05T13:30:00 1996 12 5 13 30 0 -1.9 0.1 430.0 4.2 1.55 0.63 0.13 0.05 2 2 2 2 2 2 2 2 0.7 0.7 -7.0 0.1 0.1 0.1 0.1 0.1 0.1 0.017 0.029 0.151 0.004 0.03 0.058 2 2 2 2 2 2
1996-12-05T14:30:00 1996 12 5 14 30 0 -1.3 1.7 433.0 2.9 1.09 0.12 0.0 0.0 2 2 2 2 2 2 2 2 0.7 0.7 -9.0 1.7 1.7 1.7 1.7 1.7 1.7 0.011 0.014 0.146 0.002 0.009 0.024 2 2 2 2 2 2
1996-12-05T15:30:00 1996 12 5 15 30 0 -1.3 1.6 432.0 2.8 0.93 0.04 0.0 0.0 2 2 2 2 2 2 2 2 0.0 0.61 -7.0 1.6 1.6 1.6 1.6 1.6 1.6 0.008 0.007 0.142 0.001 0.003 0.01 2 2 2 2 2 2
1996-12-05T16:30:00 1996 12 5 16 30 0 -3.1 1.2 437.0 2.7 1.03 0.24 0.0 0.0 2 2 2 2 2 2 2 2 0.0 0.52 -6.0 1.2 1.2 1.2 1.2 1.2 1.2 0.005 0.004 0.137 0.001 0.001 0.004 2 2 2 2 2 2
1996-12-05T17:30:00 1996 12 5 17 30 0 -2.9 0.9 437.0 2.5 0.95 0.49 0.0 0.0 2 2 2 2 2 2 2 2 0.0 0.43 -5.0 0.9 0.9 0.9 0.9 0.9 0.9 0.004 0.002 0.133 0.0 0.0 0.002 2 2 2 2 2 2
1996-12-05T18:30:00 1996 12 5 18 30 0 -3.0 1.0 449.0 2.4 0.97 0.51 0.0 0.0 2 2 2 2 2 2 2 2 0.3 0.38 -5.0 1.0 1.0 1.0 1.0 1.0 1.0 0.002 0.001 0.129 0.0 0.0 0.001 2 2 2 2 2 2
1996-12-05T19:30:00 1996 12 5 19 30 0 -2.4 1.5 442.0 2.5 0.98 0.35 0.0 0.0 2 2 2 2 2 2 2 2 0.3 0.33 -7.0 1.5 1.5 1.5 1.5 1.5 1.5 0.002 0.0 0.125 0.0 0.0 0.0 2 2 2 2 2 2
1996-12-05T20:30:00 1996 12 5 20 30 0 -1.8 1.2 424.0 2.3 0.83 0.17 0.0 0.0 2 2 2 2 2 2 2 2 0.3 0.28 -9.0 1.2 1.2 1.2 1.2 1.2 1.2 0.001 0.0 0.121 0.0 0.0 0.0 2 2 2 2 2 2
1996-12-05T21:30:00 1996 12 5 21 30 0 -2.2 0.9 406.0 2.2 0.73 0.18 0.0 0.0 2 2 2 2 2 2 2 2 0.3 0.24 -9.0 0.9 0.9 0.9 0.9 0.9 0.9 0.001 0.0 0.118 0.0 0.0 0.0 2 2 2 2 2 2
1996-12-05T22:30:00 1996 12 5 22 30 0 -1.5 1.2 408.0 3.0 0.88 0.14 0.0 0.0 2 2 2 2 2 2 2 2 0.3 0.19 -8.0 1.2 1.2 1.2 1.2 1.2 1.2 0.001 0.0 0.114 0.0 0.0 0.0 2 2 2 2 2 2
1996-12-05T23:30:00 1996 12 5 23 30 0 -1.1 1.2 409.0 3.0 1.0 0.05 0.0 0.0 2 2 2 2 2 2 2 2 0.3 0.23 -9.0 1.2 1.2 1.2 1.2 1.2 1.2 0.0 0.0 0.111 0.0 0.0 0.0 2 2 2 2 2 2
