1996-04-27T00:30:00 1996 4 27 0 30 0 3.2 -0.6 357.0 4.3 1.1 0.78 0.5 0.2 2 2 2 2 2 2 2 2 1.3 0.7 -12.0 -0.6 -0.6 -0.6 -0.6 -0.6 -0.6 0.046 0.091 0.099 0.019 0.101 0.108 2 2 2 2 2 2
1996-04-27T01:30:00 1996 4 27 1 30 0 2.1 2.9 358.0 3.9 1.0 0.33 0.05 0.02 2 2 2 2 2 2 2 2 1.3 0.71 -14.0 2.9 2.9 2.9 2.9 2.9 2.9 0.031 0.045 0.096 0.01 0.032 0.045 2 2 2 2 2 2
1996-04-27T02:30:00 1996 4 27 2 30 0 2.2 3.0 357.0 4.5 1.15 0.08 0.0 0.0 2 2 2 2 2 2 2 2 1.3 0.78 -9.0 3.0 3.0 3.0 3.0 3.0 3.0 0.021 0.022 0.093 0.006 0.01 0.019 2 2 2 2 2 2
1996-04-27T03:30:00 1996 4 27 3 30 0 3.4 4.3 372.0 5.6 1.55 0.15 0.0 0.0 2 2 2 2 2 2 2 2 0.3 0.73 -4.0 4.3 4.3 4.3 4.3 4.3 4.3 0.014 0.011 0.09 0.003 0.003 0.008 2 2 2 2 2 2
1996-04-27T04:30:00 1996 4 27 4 30 0 3.6 3.2 372.0 6.9 1.64 0.27 0.0 0.0 2 2 2 2 2 2 2 2 0.3 0.68 -2.0 3.2 3.2 3.2 3.2 3.2 3.2 0.01 0.006 0.088 0.002 0.001 0.003 2 2 2 2 2 2
1996-04-27T05:30:00 1996 4 27 5 30 0 3.6 0.4 370.0 8.6 2.08 0.54 0.0 0.0 2 2 2 2 2 2 2 2 0.3 0.67 -1.0 0.4 0.4 0.4 0.4 0.4 0.4 0.007 0.003 0.085 0.001 0.0 0.001 2 2 2 2 2 2
1996-04-27T06:30:00 1996 4 27 6 30 0 4.0 0.6 375.0 8.8 2.2 0.9 0.0 0.0 2 2 2 2 2 2 2 2 0.7 0.72 0.0 0.6 0.6 0.6 0.6 0.6 0.6 0.004 0.001 0.082 0.001 0.0 0.001 2 2 2 2 2 2
1996-04-27T07:30:00 1996 4 27 7 30 0 3.1 2.6 367.0 9.7 2.32 0.52 0.0 0.0 2 2 2 2 2 2 2 2 0.7 0.77 1.0 2.6 2.6 2.6 2.6 2.6 2.6 0.003 0.001 0.08 0.0 0.0 0.0 2 2 2 2 2 2
1996-04-27T08:30:00 1996 4 27 8 30 0 4.2 0.5 361.0 8.6 2.01 0.62 0.0 0.0 2 2 2 2 2 2 2 2 0.7 0.69 -1.0 0.5 0.5 0.5 0.5 0.5 0.5 0.002 0.0 0.077 0.0 0.0 0.0 2 2 2 2 2 2
1996-04-27T09:30:00 1996 4 27 9 30 0 4.6 -0.3 366.0 9.7 2.33 1.39 0.13 0.12 2 2 2 2 2 2 2 2 1.0 0.66 -1.0 -0.3 -0.3 -0.3 -0.3 -0.3 -0.3 0.016 0.051 0.075 0.006 0.062 0.153 2 2 2 2 2 2
1996-04-27T10:30:00 1996 4 27 10 30 0 4.1 0.7 355.0 10.4 2.35 1.25 0.06 0.06 2 2 2 2 2 2 2 2 1.0 0.63 0.0 0.7 0.7 0.7 0.7 0.7 0.7 0.013 0.032 0.073 0.004 0.025 0.085 2 2 2 2 2 2
1996-04-27T11:30:00 1996 4 27 11 30 0 -0.3 -0.7 351.0 11.1 2.46 0.31 0.36 0.39 2 2 2 2 2 2 2 2 1.0 0.72 1.0 -0.7 -0.7 -0.7 -0.7 -0.7 -0.7 0.043 0.119 0.072 0.022 0.127 0.314 2 2 2 2 2 2
1996-04-27T12:30:00 1996 4 27 12 30 0 1.0 1.8 353.0 10.0 2.24 0.01 0.12 0.14 2 2 2 2 2 2 2 2 1.3 0.85 -1.0 1.8 1.8 1.8 1.8 1.8 1.8 0.032 0.068 0.07 0.013 0.048 0.158 2 2 2 2 2 2
1996-04-27T13:30:00 1996 4 27 13 30 0 3.5 0.9 369.0 7.9 1.92 0.25 0.0 0.0 2 2 2 2 2 2 2 2 1.3 0.97 -2.0 0.9 0.9 0.9 0.9 0.9 0.9 0.021 0.034 0.068 0.007 0.015 0.065 2 2 2 2 2 2
1996-04-27T14:30:00 1996 4 27 14 30 0 -0.2 2.6 386.0 10.4 2.75 0.13 0.0 0.0 2 2 2 2 2 2 2 2 1.3 1.04 0.0 2.6 2.6 2.6 2.6 2.6 2.6 0.015 0.017 0.066 0.004 0.005 0.027 2 2 2 2 2 2
1996-04-27T15:30:00 1996 4 27 15 30 0 0.7 3.0 400.0 8.1 2.25 0.0 0.0 0.0 2 2 2 2 2 2 2 2 0.7 1.04 -2.0 3.0 3.0 3.0 3.0 3.0 3.0 0.01 0.008 0.064 0.002 0.002 0.011 2 2 2 2 2 2
1996-04-27T16:30:00 1996 4 27 16 30 0 2.5 2.3 393.0 8.4 2.59 0.06 0.0 0.0 2 2 2 2 2 2 2 2 0.7 1.04 0.0 2.3 2.3 2.3 2.3 2.3 2.3 0.007 0.004 0.062 0.001 0.0 0.005 2 2 2 2 2 2
1996-04-27T17:30:00 1996 4 27 17 30 0 2.2 3.4 407.0 10.1 2.97 0.12 0.0 0.0 2 2 2 2 2 2 2 2 0.7 1.0 3.0 3.4 3.4 3.4 3.4 3.4 3.4 0.005 0.002 0.06 0.001 0.0 0.002 2 2 2 2 2 2
1996-04-27T18:30:00 1996 4 27 18 30 0 1.2 1.3 413.0 10.5 3.17 0.06 0.0 0.0 2 2 2 2 2 2 2 2 2.0 1.13 4.0 1.3 1.3 1.3 1.3 1.3 1.3 0.003 0.001 0.058 0.0 0.0 0.001 2 2 2 2 2 2
1996-04-27T19:30:00 1996 4 27 19 30 0 -1.0 0.0 415.0 10.8 3.32 0.02 0.0 0.0 2 2 2 2 2 2 2 2 2.0 1.26 4.0 0.0 0.0 0.0 0.0 0.0 0.0 0.002 0.001 0.056 0.0 0.0 0.0 2 2 2 2 2 2
1996-04-27T20:30:00 1996 4 27 20 30 0 -0.3 -3.4 413.0 10.9 3.35 1.11 3.81 4.14 2 2 2 2 2 2 2 2 2.0 1.35 1.0 -3.4 -3.4 -3.4 -3.4 -3.4 -3.4 0.248 0.472 0.073 0.282 0.664 1.431 2 2 2 2 2 2
1996-04-27T21:30:00 1996 4 27 21 30 0 0.5 -3.4 412.0 10.9 3.7 2.76 7.01 7.64 2 2 2 2 2 2 2 2 3.3 1.61 -5.0 -3.4 -3.4 -3.4 -3.4 -3.4 -3.4 0.528 0.86 0.105 0.614 1.061 2.366 2 2 2 2 2 2
1996-04-27T22:30:00 1996 4 27 22 30 0 -2.0 -1.1 412.0 14.6 4.34 1.4 4.44 5.58 2 2 2 2 2 2 2 2 3.3 1.87 -10.0 -1.1 -1.1 -1.1 -1.1 -1.1 -1.1 0.587 0.872 0.119 0.573 0.913 2.59 2 2 2 2 2 2
1996-04-27T23:30:00 1996 4 27 23 30 0 0.7 2.2 412.0 10.9 3.7 0.11 0.28 0.4 2 2 2 2 2 2 2 2 3.3 2.19 -10.0 2.2 2.2 2.2 2.2 2.2 2.2 0.407 0.457 0.116 0.325 0.314 1.183 2 2 2 2 2 2
