1996-03-24T00:30:00 1996 3 24 0 30 0 -3.8 -5.8 440.0 5.5 2.13 6.68 9.94 5.55 2 2 2 2 2 2 2 2 4.3 2.29 -38.0 -5.8 -5.8 -5.8 -5.8 -5.8 -5.8 0.625 0.796 0.369 0.739 1.081 1.336 2 2 2 2 2 2
1996-03-24T01:30:00 1996 3 24 1 30 0 -1.4 -3.8 434.0 6.3 2.37 6.39 10.3 6.08 2 2 2 2 2 2 2 2 4.3 2.71 -51.0 -3.8 -3.8 -3.8 -3.8 -3.8 -3.8 0.803 0.969 0.402 0.955 1.21 1.638 2 2 2 2 2 2
1996-03-24T02:30:00 1996 3 24 2 30 0 -0.1 2.4 422.0 7.1 2.2 0.69 2.18 1.41 2 2 2 2 2 2 2 2 4.3 2.96 -53.0 2.4 2.4 2.4 2.4 2.4 2.4 0.608 0.592 0.395 0.592 0.52 0.919 2 2 2 2 2 2
1996-03-24T03:30:00 1996 3 24 3 30 0 0.9 0.7 419.0 7.0 2.46 0.01 0.0 0.0 2 2 2 2 2 2 2 2 2.0 2.92 -43.0 0.7 0.7 0.7 0.7 0.7 0.7 0.411 0.294 0.383 0.331 0.165 0.381 2 2 2 2 2 2
1996-03-24T04:30:00 1996 3 24 4 30 0 3.0 2.3 427.0 5.8 2.12 0.15 0.0 0.0 2 2 2 2 2 2 2 2 2.0 2.87 -35.0 2.3 2.3 2.3 2.3 2.3 2.3 0.279 0.146 0.372 0.185 0.052 0.158 2 2 2 2 2 2
1996-03-24T05:30:00 1996 3 24 5 30 0 -0.2 4.6 423.0 6.5 2.33 0.05 0.0 0.0 2 2 2 2 2 2 2 2 2.0 2.86 -29.0 4.6 4.6 4.6 4.6 4.6 4.6 0.189 0.072 0.36 0.104 0.017 0.066 2 2 2 2 2 2
1996-03-24T06:30:00 1996 3 24 6 30 0 -2.4 0.3 446.0 6.7 2.67 0.1 0.0 0.0 2 2 2 2 2 2 2 2 2.3 2.88 -24.0 0.3 0.3 0.3 0.3 0.3 0.3 0.128 0.036 0.349 0.058 0.005 0.027 2 2 2 2 2 2
1996-03-24T07:30:00 1996 3 24 7 30 0 -2.5 -2.5 441.0 7.4 2.88 1.32 2.7 1.95 2 2 2 2 2 2 2 2 2.3 2.91 -25.0 -2.5 -2.5 -2.5 -2.5 -2.5 -2.5 0.246 0.325 0.35 0.196 0.486 0.822 2 2 2 2 2 2
1996-03-24T08:30:00 1996 3 24 8 30 0 -1.8 1.5 447.0 8.1 2.81 0.76 1.51 1.14 2 2 2 2 2 2 2 2 2.3 2.67 -25.0 1.5 1.5 1.5 1.5 1.5 1.5 0.216 0.253 0.343 0.148 0.272 0.597 2 2 2 2 2 2
1996-03-24T09:30:00 1996 3 24 9 30 0 -2.5 3.6 461.0 7.2 3.06 0.12 0.0 0.0 2 2 2 2 2 2 2 2 2.3 2.43 -19.0 3.6 3.6 3.6 3.6 3.6 3.6 0.147 0.126 0.333 0.083 0.086 0.247 2 2 2 2 2 2
1996-03-24T10:30:00 1996 3 24 10 30 0 -3.2 -0.6 472.0 8.7 3.88 0.55 0.17 0.14 2 2 2 2 2 2 2 2 2.3 2.19 -13.0 -0.6 -0.6 -0.6 -0.6 -0.6 -0.6 0.123 0.12 0.324 0.062 0.134 0.349 2 2 2 2 2 2
1996-03-24T11:30:00 1996 3 24 11 30 0 -2.3 5.3 480.0 6.7 3.09 0.34 0.02 0.02 2 2 2 2 2 2 2 2 2.3 2.23 -14.0 5.3 5.3 5.3 5.3 5.3 5.3 0.083 0.06 0.314 0.035 0.042 0.145 2 2 2 2 2 2
1996-03-24T12:30:00 1996 3 24 12 30 0 -2.2 1.9 470.0 7.9 3.3 0.11 0.0 0.0 2 2 2 2 2 2 2 2 2.7 2.32 -9.0 1.9 1.9 1.9 1.9 1.9 1.9 0.056 0.03 0.304 0.02 0.013 0.06 2 2 2 2 2 2
1996-03-24T13:30:00 1996 3 24 13 30 0 -2.6 0.5 470.0 7.6 3.15 0.32 0.0 0.0 2 2 2 2 2 2 2 2 2.7 2.4 -11.0 0.5 0.5 0.5 0.5 0.5 0.5 0.038 0.015 0.295 0.011 0.004 0.025 2 2 2 2 2 2
1996-03-24T14:30:00 1996 3 24 14 30 0 -2.5 -2.4 469.0 7.1 3.12 1.34 2.57 1.85 2 2 2 2 2 2 2 2 2.7 2.46 -13.0 -2.4 -2.4 -2.4 -2.4 -2.4 -2.4 0.179 0.296 0.298 0.164 0.499 0.887 2 2 2 2 2 2
1996-03-24T15:30:00 1996 3 24 15 30 0 -3.8 0.2 479.0 6.6 3.03 1.69 2.38 1.65 2 2 2 2 2 2 2 2 3.7 2.64 -20.0 0.2 0.2 0.2 0.2 0.2 0.2 0.207 0.3 0.295 0.162 0.387 0.824 2 2 2 2 2 2
1996-03-24T16:30:00 1996 3 24 16 30 0 -2.9 -2.2 493.0 4.9 2.38 1.9 2.69 1.44 2 2 2 2 2 2 2 2 3.7 2.82 -23.0 -2.2 -2.2 -2.2 -2.2 -2.2 -2.2 0.279 0.4 0.298 0.23 0.585 0.995 2 2 2 2 2 2
1996-03-24T17:30:00 1996 3 24 17 30 0 -0.9 0.6 485.0 3.7 1.74 0.83 1.9 0.87 2 2 2 2 2 2 2 2 3.7 2.99 -26.0 0.6 0.6 0.6 0.6 0.6 0.6 0.243 0.292 0.293 0.171 0.33 0.624 2 2 2 2 2 2
1996-03-24T18:30:00 1996 3 24 18 30 0 -3.0 -1.8 508.0 4.5 2.32 0.93 1.89 0.82 2 2 2 2 2 2 2 2 3.7 3.17 -23.0 -1.8 -1.8 -1.8 -1.8 -1.8 -1.8 0.26 0.32 0.291 0.187 0.454 0.686 2 2 2 2 2 2
1996-03-24T19:30:00 1996 3 24 19 30 0 -1.9 1.8 523.0 3.6 1.97 0.76 0.96 0.41 2 2 2 2 2 2 2 2 3.7 3.34 -26.0 1.8 1.8 1.8 1.8 1.8 1.8 0.196 0.192 0.284 0.119 0.194 0.361 2 2 2 2 2 2
1996-03-24T20:30:00 1996 3 24 20 30 0 -4.3 -5.2 546.0 4.5 2.68 4.01 5.82 2.5 2 2 2 2 2 2 2 2 3.7 3.46 -21.0 -5.2 -5.2 -5.2 -5.2 -5.2 -5.2 0.387 0.455 0.311 0.459 0.873 1.035 2 2 2 2 2 2
1996-03-24T21:30:00 1996 3 24 21 30 0 -3.2 -1.0 539.0 4.7 2.73 5.31 7.94 3.64 2 2 2 2 2 2 2 2 5.0 3.75 -33.0 -1.0 -1.0 -1.0 -1.0 -1.0 -1.0 0.499 0.561 0.334 0.553 0.944 1.314 2 2 2 2 2 2
1996-03-24T22:30:00 1996 3 24 22 30 0 -3.4 0.6 537.0 5.0 2.88 1.31 0.73 0.35 2 2 2 2 2 2 2 2 5.0 4.04 -31.0 0.6 0.6 0.6 0.6 0.6 0.6 0.36 0.32 0.325 0.322 0.369 0.683 2 2 2 2 2 2
1996-03-24T23:30:00 1996 3 24 23 30 0 -0.6 -7.3 546.0 5.0 2.98 6.21 10.0 5.0 2 2 2 2 2 2 2 2 5.0 4.2 -33.0 -7.3 -7.3 -7.3 -7.3 -7.3 -7.3 0.667 0.719 0.384 0.916 1.35 1.762 2 2 2 2 2 2
