1996-10-07T00:30:00 1996 10 7 0 30 0 -4.0 1.8 343.0 9.0 1.88 0.16 0.0 0.0 2 2 2 2 2 2 2 2 0.0 0.04 -5.0 1.8 1.8 1.8 1.8 1.8 1.8 0.001 0.0 0.02 0.0 0.0 0.0 2 2 2 2 2 2
1996-10-07T01:30:00 1996 10 7 1 30 0 -4.9 1.9 351.0 11.1 2.41 0.79 0.0 0.0 2 2 2 2 2 2 2 2 0.0 0.0 1.0 1.9 1.9 1.9 1.9 1.9 1.9 0.0 0.0 0.02 0.0 0.0 0.0 2 2 2 2 2 2
1996-10-07T02:30:00 1996 10 7 2 30 0 -2.9 2.7 348.0 11.8 2.5 0.49 0.0 0.0 2 2 2 2 2 2 2 2 0.0 0.0 2.0 2.7 2.7 2.7 2.7 2.7 2.7 0.0 0.0 0.019 0.0 0.0 0.0 2 2 2 2 2 2
1996-10-07T03:30:00 1996 10 7 3 30 0 -4.0 0.6 346.0 11.5 2.44 0.5 0.0 0.0 2 2 2 2 2 2 2 2 0.3 0.04 1.0 0.6 0.6 0.6 0.6 0.6 0.6 0.0 0.0 0.018 0.0 0.0 0.0 2 2 2 2 2 2
1996-10-07T04:30:00 1996 10 7 4 30 0 -3.6 2.2 336.0 10.5 2.37 0.59 0.0 0.0 2 2 2 2 2 2 2 2 0.3 0.08 1.0 2.2 2.2 2.2 2.2 2.2 2.2 0.0 0.0 0.018 0.0 0.0 0.0 2 2 2 2 2 2
1996-10-07T05:30:00 1996 10 7 5 30 0 -2.4 2.8 328.0 9.6 2.07 0.22 0.0 0.0 2 2 2 2 2 2 2 2 0.3 0.12 1.0 2.8 2.8 2.8 2.8 2.8 2.8 0.0 0.0 0.017 0.0 0.0 0.0 2 2 2 2 2 2
1996-10-07T06:30:00 1996 10 7 6 30 0 -2.9 2.8 327.0 9.2 1.97 0.14 0.0 0.0 2 2 2 2 2 2 2 2 0.0 0.11 0.0 2.8 2.8 2.8 2.8 2.8 2.8 0.0 0.0 0.017 0.0 0.0 0.0 2 2 2 2 2 2
1996-10-07T07:30:00 1996 10 7 7 30 0 -2.5 2.6 330.0 9.1 1.98 0.15 0.0 0.0 2 2 2 2 2 2 2 2 0.0 0.11 1.0 2.6 2.6 2.6 2.6 2.6 2.6 0.0 0.0 0.016 0.0 0.0 0.0 2 2 2 2 2 2
1996-10-07T08:30:00 1996 10 7 8 30 0 -2.7 2.8 327.0 9.0 1.92 0.14 0.0 0.0 2 2 2 2 2 2 2 2 0.0 0.11 -1.0 2.8 2.8 2.8 2.8 2.8 2.8 0.0 0.0 0.016 0.0 0.0 0.0 2 2 2 2 2 2
1996-10-07T09:30:00 1996 10 7 9 30 0 -1.1 -0.8 315.0 7.7 1.53 0.15 0.2 0.15 2 2 2 2 2 2 2 2 1.0 0.24 -3.0 -0.8 -0.8 -0.8 -0.8 -0.8 -0.8 0.021 0.061 0.016 0.013 0.065 0.093 2 2 2 2 2 2
1996-10-07T10:30:00 1996 10 7 10 30 0 -1.0 -1.6 307.0 6.3 1.06 0.41 1.91 1.31 2 2 2 2 2 2 2 2 1.0 0.37 -7.0 -1.6 -1.6 -1.6 -1.6 -1.6 -1.6 0.118 0.284 0.019 0.085 0.254 0.329 2 2 2 2 2 2
1996-10-07T11:30:00 1996 10 7 11 30 0 -0.2 -2.0 303.0 5.9 0.97 0.64 2.77 1.68 2 2 2 2 2 2 2 2 1.0 0.46 -3.0 -2.0 -2.0 -2.0 -2.0 -2.0 -2.0 0.213 0.443 0.025 0.16 0.353 0.426 2 2 2 2 2 2
1996-10-07T12:30:00 1996 10 7 12 30 0 1.2 -1.5 304.0 6.6 1.1 0.6 2.62 1.64 2 2 2 2 2 2 2 2 1.0 0.55 -1.0 -1.5 -1.5 -1.5 -1.5 -1.5 -1.5 0.267 0.506 0.029 0.188 0.365 0.467 2 2 2 2 2 2
1996-10-07T13:30:00 1996 10 7 13 30 0 2.2 0.1 314.0 8.9 1.76 0.37 0.99 0.73 2 2 2 2 2 2 2 2 1.0 0.64 0.0 0.1 0.1 0.1 0.1 0.1 0.1 0.223 0.362 0.03 0.129 0.204 0.344 2 2 2 2 2 2
1996-10-07T14:30:00 1996 10 7 14 30 0 4.1 -2.0 325.0 11.3 2.39 1.21 1.67 1.77 2 2 2 2 2 2 2 2 1.0 0.76 -2.0 -2.0 -2.0 -2.0 -2.0 -2.0 -2.0 0.275 0.488 0.034 0.174 0.368 0.718 2 2 2 2 2 2
1996-10-07T15:30:00 1996 10 7 15 30 0 -3.7 3.2 325.0 15.6 3.3 0.34 0.5 0.6 2 2 2 2 2 2 2 2 1.3 0.92 0.0 3.2 3.2 3.2 3.2 3.2 3.2 0.203 0.284 0.034 0.107 0.148 0.387 2 2 2 2 2 2
1996-10-07T16:30:00 1996 10 7 16 30 0 -5.9 5.1 330.0 17.1 3.72 0.54 0.0 0.0 2 2 2 2 2 2 2 2 1.3 1.08 2.0 5.1 5.1 5.1 5.1 5.1 5.1 0.138 0.141 0.033 0.06 0.047 0.161 2 2 2 2 2 2
1996-10-07T17:30:00 1996 10 7 17 30 0 -5.8 4.8 325.0 17.0 3.59 0.75 0.0 0.0 2 2 2 2 2 2 2 2 1.3 1.12 4.0 4.8 4.8 4.8 4.8 4.8 4.8 0.093 0.07 0.032 0.033 0.015 0.067 2 2 2 2 2 2
1996-10-07T18:30:00 1996 10 7 18 30 0 -4.2 5.6 317.0 14.7 2.95 0.46 0.0 0.0 2 2 2 2 2 2 2 2 2.0 1.25 3.0 5.6 5.6 5.6 5.6 5.6 5.6 0.063 0.035 0.031 0.019 0.005 0.028 2 2 2 2 2 2
1996-10-07T19:30:00 1996 10 7 19 30 0 -2.7 2.8 323.0 16.0 3.34 0.2 0.0 0.0 2 2 2 2 2 2 2 2 2.0 1.37 1.0 2.8 2.8 2.8 2.8 2.8 2.8 0.043 0.017 0.03 0.01 0.001 0.011 2 2 2 2 2 2
1996-10-07T20:30:00 1996 10 7 20 30 0 -0.5 -4.7 325.0 15.3 3.23 1.19 2.72 4.19 2 2 2 2 2 2 2 2 2.0 1.5 -4.0 -4.7 -4.7 -4.7 -4.7 -4.7 -4.7 0.261 0.52 0.043 0.287 0.525 1.186 2 2 2 2 2 2
1996-10-07T21:30:00 1996 10 7 21 30 0 -0.6 3.1 336.0 19.4 4.38 0.69 2.01 3.26 2 2 2 2 2 2 2 2 1.7 1.58 0.0 3.1 3.1 3.1 3.1 3.1 3.1 0.263 0.44 0.046 0.237 0.314 0.952 2 2 2 2 2 2
1996-10-07T22:30:00 1996 10 7 22 30 0 -0.9 3.0 331.0 19.2 4.21 0.0 0.0 0.0 2 2 2 2 2 2 2 2 1.7 1.67 6.0 3.0 3.0 3.0 3.0 3.0 3.0 0.178 0.218 0.045 0.133 0.099 0.395 2 2 2 2 2 2
1996-10-07T23:30:00 1996 10 7 23 30 0 0.6 1.7 331.0 16.5 3.62 0.0 0.0 0.0 2 2 2 2 2 2 2 2 1.7 1.72 7.0 1.7 1.7 1.7 1.7 1.7 1.7 0.121 0.108 0.044 0.074 0.031 0.164 2 2 2 2 2 2
