1996-12-31T00:30:00 1996 12 31 0 30 0 0.13 0.02 320.4 8.85 2.31 0.0 0.0 0.0 0 0 1 0 0 0 1 0 1.7 1.56 -10.0 -0.78 -0.56 -1.24 -1.21 -0.58 -0.4 0.229 0.321 0.189 0.179 0.222 0.396 0 0 1 0 0 0
1996-12-31T01:30:00 1996 12 31 1 30 0 0.13 0.02 323.9 8.85 2.31 0.0 0.0 0.0 0 0 1 0 0 0 1 0 1.7 1.56 -10.0 -0.78 -0.56 -1.24 -1.21 -0.58 -0.4 0.231 0.322 0.188 0.181 0.226 0.406 0 0 1 0 0 0
1996-12-31T02:30:00 1996 12 31 2 30 0 0.12 0.02 327.4 8.85 2.31 0.0 0.0 0.0 0 0 1 0 0 0 1 0 1.7 1.68 -11.0 -0.78 -0.56 -1.24 -1.21 -0.58 -0.4 0.233 0.322 0.187 0.184 0.23 0.417 0 0 1 0 0 0
1996-12-31T03:30:00 1996 12 31 3 30 0 0.12 0.02 330.9 8.86 2.31 0.0 0.0 0.0 0 0 1 0 0 0 1 0 2.3 1.88 -16.0 -0.78 -0.56 -1.24 -1.21 -0.58 -0.4 0.235 0.323 0.186 0.186 0.234 0.428 0 0 1 0 0 0
1996-12-31T04:30:00 1996 12 31 4 30 0 0.12 0.02 334.4 8.86 2.31 0.0 0.0 0.0 0 0 1 0 0 0 1 0 2.3 2.07 -12.0 -0.78 -0.56 -1.24 -1.21 -0.58 -0.4 0.237 0.324 0.185 0.189 0.238 0.44 0 0 1 0 0 0
1996-12-31T05:30:00 1996 12 31 5 30 0 0.12 0.02 337.9 8.86 2.31 0.0 0.0 0.0 0 0 1 0 0 0 1 0 2.3 2.08 -9.0 -0.78 -0.56 -1.24 -1.21 -0.58 -0.4 0.239 0.324 0.185 0.191 0.242 0.451 0 0 1 0 0 0
1996-12-31T06:30:00 1996 12 31 6 30 0 0.12 0.02 341.4 8.87 2.31 0.0 0.0 0.0 0 0 1 0 0 0 1 0 1.0 1.91 -8.0 -0.78 -0.56 -1.24 -1.21 -0.58 -0.4 0.241 0.325 0.184 0.194 0.246 0.463 0 0 1 0 0 0
1996-12-31T07:30:00 1996 12 31 7 30 0 0.12 0.02 345.0 8.87 2.31 0.0 0.0 0.0 0 0 1 0 0 0 1 0 1.0 1.74 -9.0 -0.78 -0.56 -1.24 -1.21 -0.58 -0.4 0.243 0.326 0.184 0.196 0.251 0.475 0 0 1 0 0 0
1996-12-31T08:30:00 1996 12 31 8 30 0 0.12 0.02 348.5 8.87 2.31 0.0 0.0 0.0 0 0 1 0 0 0 1 0 1.0 1.65 -13.0 -0.78 -0.56 -1.24 -1.21 -0.58 -0.4 0.245 0.326 0.184 0.199 0.255 0.487 0 0 1 0 0 0
1996-12-31T09:30:00 1996 12 31 9 30 0 0.12 0.02 352.5 8.87 2.32 0.0 0.0 0.0 0 0 1 0 0 0 1 0 1.0 1.56 -13.0 -0.78 -0.56 -1.24 -1.21 -0.58 -0.4 0.247 0.327 0.184 0.202 0.259 0.499 0 0 1 0 0 0
1996-12-31T10:30:00 1996 12 31 10 30 0 0.12 0.02 357.0 8.88 2.32 0.0 0.0 0.0 0 0 1 0 0 0 1 0 1.0 1.47 -14.0 -0.78 -0.56 -1.24 -1.21 -0.58 -0.4 0.249 0.328 0.184 0.204 0.264 0.514 0 0 1 0 0 0
1996-12-31T11:30:00 1996 12 31 11 30 0 0.12 0.02 361.5 8.88 2.32 0.0 0.0 0.0 0 0 1 0 0 0 1 0 1.0 1.31 -12.0 -0.78 -0.56 -1.24 -1.21 -0.58 -0.4 0.251 0.329 0.184 0.208 0.27 0.529 0 0 1 0 0 0
1996-12-31T12:30:00 1996 12 31 12 30 0 0.12 0.02 366.0 8.88 2.32 0.0 0.0 0.0 0 0 1 0 0 0 1 0 0.7 1.12 -9.0 -0.78 -0.56 -1.24 -1.21 -0.58 -0.4 0.254 0.329 0.185 0.211 0.275 0.545 0 0 1 0 0 0
1996-12-31T13:30:00 1996 12 31 13 30 0 0.12 0.02 370.5 8.89 2.32 0.0 0.0 0.0 0 0 1 0 0 0 1 0 0.7 0.92 -9.0 -0.78 -0.56 -1.24 -1.21 -0.58 -0.4 0.256 0.33 0.185 0.214 0.281 0.562 0 0 1 0 0 0
1996-12-31T14:30:00 1996 12 31 14 30 0 0.12 0.02 375.0 8.89 2.32 0.0 0.0 0.0 0 0 1 0 0 0 1 0 0.7 0.88 -10.0 -0.78 -0.56 -1.24 -1.21 -0.59 -0.4 0.259 0.331 0.186 0.217 0.288 0.579 0 0 1 0 0 0
1996-12-31T15:30:00 1996 12 31 15 30 0 0.11 0.02 379.5 8.89 2.32 0.0 0.0 0.0 0 0 1 0 0 0 1 0 1.0 0.89 -14.0 -0.78 -0.56 -1.24 -1.21 -0.59 -0.4 0.261 0.332 0.187 0.221 0.295 0.596 0 0 1 0 0 0
1996-12-31T16:30:00 1996 12 31 16 30 0 0.11 0.02 384.1 8.89 2.32 0.0 0.0 0.0 0 0 1 0 0 0 1 0 1.0 0.89 -15.0 -0.79 -0.56 -1.24 -1.22 -0.59 -0.4 0.265 0.332 0.188 0.225 0.301 0.614 0 0 1 0 0 0
1996-12-31T17:30:00 1996 12 31 17 30 0 0.11 0.02 388.6 8.9 2.32 0.0 0.0 0.0 0 0 1 0 0 0 1 0 1.0 0.89 -15.0 -0.79 -0.56 -1.25 -1.22 -0.59 -0.4 0.268 0.333 0.19 0.229 0.307 0.632 0 0 1 0 0 0
1996-12-31T18:30:00 1996 12 31 18 30 0 0.11 0.02 393.1 8.9 2.32 0.0 0.0 0.0 0 0 1 0 0 0 1 0 2.0 1.02 -17.0 -0.79 -0.56 -1.25 -1.22 -0.59 -0.4 0.271 0.334 0.191 0.233 0.313 0.65 0 0 1 0 0 0
1996-12-31T19:30:00 1996 12 31 19 30 0 0.11 0.02 397.6 8.9 2.32 0.0 0.0 0.0 0 0 1 0 0 0 1 0 2.0 1.15 -18.0 -0.79 -0.56 -1.25 -1.22 -0.59 -0.4 0.274 0.335 0.193 0.236 0.318 0.669 0 0 1 0 0 0
1996-12-31T20:30:00 1996 12 31 20 30 0 0.11 0.02 402.1 8.9 2.32 0.0 0.0 0.0 0 0 1 0 0 0 1 0 2.0 1.32 -12.0 -0.79 -0.56 -1.25 -1.22 -0.59 -0.4 0.277 0.335 0.195 0.24 0.324 0.687 0 0 1 0 0 0
1996-12-31T21:30:00 1996 12 31 21 30 0 0.11 0.02 406.6 8.91 2.33 0.0 0.0 0.0 0 0 1 0 0 0 1 0 1.7 1.44 -9.0 -0.79 -0.56 -1.25 -1.22 -0.59 -0.4 0.28 0.336 0.197 0.244 0.33 0.707 0 0 1 0 0 0
1996-12-31T22:30:00 1996 12 31 22 30 0 0.11 0.02 409.4 8.91 2.33 0.0 0.0 0.0 0 0 1 0 0 0 1 0 1.7 1.56 -8.0 -0.79 -0.56 -1.25 -1.22 -0.59 -0.4 0.282 0.337 0.199 0.247 0.335 0.723 0 0 1 0 0 0
1996-12-31T23:30:00 1996 12 31 23 30 0 0.11 0.02 410.4 8.91 2.33 0.0 0.0 0.0 0 0 1 0 0 0 1 0 1.7 1.64 -12.0 -0.79 -0.56 -1.25 -1.22 -0.59 -0.4 0.284 0.337 0.201 0.249 0.338 0.734 0 0 1 0 0 0
