1996-03-23T00:30:00 1996 3 23 0 30 0 0.5 -1.3 535.0 1.6 0.92 0.4 2.9 0.5 2 2 2 2 2 2 2 2 3.0 3.52 -44.0 -1.3 -1.3 -1.3 -1.3 -1.3 -1.3 0.272 0.272 0.426 0.178 0.431 0.32 2 2 2 2 2 2
1996-03-23T01:30:00 1996 3 23 1 30 0 -0.9 -3.0 535.0 1.8 1.03 1.67 5.94 1.02 2 2 2 2 2 2 2 2 3.0 3.36 -42.0 -3.0 -3.0 -3.0 -3.0 -3.0 -3.0 0.345 0.361 0.432 0.292 0.629 0.395 2 2 2 2 2 2
1996-03-23T02:30:00 1996 3 23 2 30 0 -1.5 -2.6 521.0 2.0 1.09 2.66 7.34 1.4 2 2 2 2 2 2 2 2 3.0 3.2 -45.0 -2.6 -2.6 -2.6 -2.6 -2.6 -2.6 0.418 0.433 0.441 0.389 0.728 0.467 2 2 2 2 2 2
1996-03-23T03:30:00 1996 3 23 3 30 0 -0.3 -0.9 503.0 1.9 0.9 1.09 4.31 0.84 2 2 2 2 2 2 2 2 2.7 3.01 -47.0 -0.9 -0.9 -0.9 -0.9 -0.9 -0.9 0.388 0.379 0.438 0.317 0.543 0.391 2 2 2 2 2 2
1996-03-23T04:30:00 1996 3 23 4 30 0 -0.7 -1.9 508.0 1.6 0.78 0.71 3.65 0.63 2 2 2 2 2 2 2 2 2.7 2.81 -46.0 -1.9 -1.9 -1.9 -1.9 -1.9 -1.9 0.367 0.352 0.434 0.277 0.499 0.336 2 2 2 2 2 2
1996-03-23T05:30:00 1996 3 23 5 30 0 -1.7 -0.8 503.0 1.5 0.76 0.82 3.3 0.51 2 2 2 2 2 2 2 2 2.7 2.81 -37.0 -0.8 -0.8 -0.8 -0.8 -0.8 -0.8 0.326 0.301 0.427 0.221 0.4 0.267 2 2 2 2 2 2
1996-03-23T06:30:00 1996 3 23 6 30 0 -2.3 0.4 499.0 1.5 0.7 0.5 0.59 0.09 2 2 2 2 2 2 2 2 1.7 2.68 -30.0 0.4 0.4 0.4 0.4 0.4 0.4 0.233 0.172 0.414 0.129 0.163 0.135 2 2 2 2 2 2
1996-03-23T07:30:00 1996 3 23 7 30 0 -1.4 -0.9 489.0 1.8 0.81 0.46 0.86 0.15 2 2 2 2 2 2 2 2 1.7 2.55 -27.0 -0.9 -0.9 -0.9 -0.9 -0.9 -0.9 0.192 0.155 0.404 0.096 0.19 0.139 2 2 2 2 2 2
1996-03-23T08:30:00 1996 3 23 8 30 0 -2.4 -1.1 474.0 1.9 0.79 0.86 2.42 0.45 2 2 2 2 2 2 2 2 1.7 2.38 -26.0 -1.1 -1.1 -1.1 -1.1 -1.1 -1.1 0.202 0.206 0.396 0.11 0.292 0.197 2 2 2 2 2 2
1996-03-23T09:30:00 1996 3 23 9 30 0 -2.5 -1.1 462.0 2.0 0.78 1.17 2.57 0.5 2 2 2 2 2 2 2 2 1.0 2.13 -23.0 -1.1 -1.1 -1.1 -1.1 -1.1 -1.1 0.213 0.239 0.389 0.122 0.327 0.225 2 2 2 2 2 2
1996-03-23T10:30:00 1996 3 23 10 30 0 -2.8 0.1 472.0 2.1 0.85 0.9 1.07 0.22 2 2 2 2 2 2 2 2 1.0 1.88 -23.0 0.1 0.1 0.1 0.1 0.1 0.1 0.171 0.17 0.379 0.083 0.182 0.154 2 2 2 2 2 2
1996-03-23T11:30:00 1996 3 23 11 30 0 -1.9 -0.4 457.0 1.9 0.79 0.58 0.41 0.08 2 2 2 2 2 2 2 2 1.0 1.67 -22.0 -0.4 -0.4 -0.4 -0.4 -0.4 -0.4 0.134 0.131 0.368 0.055 0.138 0.122 2 2 2 2 2 2
1996-03-23T12:30:00 1996 3 23 12 30 0 -1.1 -1.6 432.0 2.1 0.78 0.63 2.32 0.47 2 2 2 2 2 2 2 2 0.7 1.42 -19.0 -1.6 -1.6 -1.6 -1.6 -1.6 -1.6 0.169 0.211 0.362 0.096 0.279 0.188 2 2 2 2 2 2
1996-03-23T13:30:00 1996 3 23 13 30 0 -1.7 -1.0 435.0 2.3 0.87 0.73 2.76 0.61 2 2 2 2 2 2 2 2 0.7 1.18 -19.0 -1.0 -1.0 -1.0 -1.0 -1.0 -1.0 0.196 0.255 0.356 0.119 0.319 0.226 2 2 2 2 2 2
1996-03-23T14:30:00 1996 3 23 14 30 0 -1.4 -0.2 443.0 2.1 0.82 0.4 1.24 0.28 2 2 2 2 2 2 2 2 0.7 1.05 -19.0 -0.2 -0.2 -0.2 -0.2 -0.2 -0.2 0.169 0.203 0.347 0.087 0.215 0.179 2 2 2 2 2 2
1996-03-23T15:30:00 1996 3 23 15 30 0 -2.4 -0.7 462.0 2.5 1.07 0.54 1.07 0.25 2 2 2 2 2 2 2 2 1.0 0.97 -21.0 -0.7 -0.7 -0.7 -0.7 -0.7 -0.7 0.157 0.192 0.338 0.074 0.222 0.195 2 2 2 2 2 2
1996-03-23T16:30:00 1996 3 23 16 30 0 -3.3 -2.0 463.0 2.6 1.11 1.72 3.25 0.83 2 2 2 2 2 2 2 2 1.0 0.89 -22.0 -2.0 -2.0 -2.0 -2.0 -2.0 -2.0 0.22 0.291 0.336 0.149 0.409 0.323 2 2 2 2 2 2
1996-03-23T17:30:00 1996 3 23 17 30 0 -2.0 -2.5 455.0 3.1 1.28 2.39 5.21 1.5 2 2 2 2 2 2 2 2 1.0 0.89 -27.0 -2.5 -2.5 -2.5 -2.5 -2.5 -2.5 0.317 0.416 0.341 0.268 0.586 0.48 2 2 2 2 2 2
1996-03-23T18:30:00 1996 3 23 18 30 0 -1.2 -2.4 448.0 3.7 1.49 1.97 5.52 1.89 2 2 2 2 2 2 2 2 2.3 1.06 -28.0 -2.4 -2.4 -2.4 -2.4 -2.4 -2.4 0.4 0.508 0.348 0.355 0.674 0.624 2 2 2 2 2 2
1996-03-23T19:30:00 1996 3 23 19 30 0 0.2 -0.5 440.0 5.0 1.94 0.64 3.05 1.3 2 2 2 2 2 2 2 2 2.3 1.23 -23.0 -0.5 -0.5 -0.5 -0.5 -0.5 -0.5 0.374 0.445 0.345 0.284 0.5 0.616 2 2 2 2 2 2
1996-03-23T20:30:00 1996 3 23 20 30 0 -0.4 -1.6 430.0 4.9 1.81 0.35 2.38 1.17 2 2 2 2 2 2 2 2 2.3 1.43 -20.0 -1.6 -1.6 -1.6 -1.6 -1.6 -1.6 0.366 0.443 0.341 0.254 0.495 0.675 2 2 2 2 2 2
1996-03-23T21:30:00 1996 3 23 21 30 0 1.4 -1.8 424.0 5.3 1.91 0.84 3.64 1.87 2 2 2 2 2 2 2 2 2.0 1.59 -21.0 -1.8 -1.8 -1.8 -1.8 -1.8 -1.8 0.401 0.504 0.342 0.288 0.573 0.794 2 2 2 2 2 2
1996-03-23T22:30:00 1996 3 23 22 30 0 3.7 1.7 425.0 6.4 2.31 0.66 0.83 0.46 2 2 2 2 2 2 2 2 2.0 1.75 -23.0 1.7 1.7 1.7 1.7 1.7 1.7 0.293 0.293 0.333 0.175 0.232 0.419 2 2 2 2 2 2
1996-03-23T23:30:00 1996 3 23 23 30 0 -2.8 -3.1 430.0 5.7 2.11 0.96 2.43 1.42 2 2 2 2 2 2 2 2 2.0 1.87 -28.0 -3.1 -3.1 -3.1 -3.1 -3.1 -3.1 0.339 0.409 0.333 0.255 0.491 0.706 2 2 2 2 2 2
