1996-06-29T00:30:00 1996 6 29 0 30 0 3.9 -3.7 368.0 16.1 3.79 3.67 7.17 12.11 2 2 2 2 2 2 2 2 2.7 1.79 3.0 -3.7 -3.7 -3.7 -3.7 -3.7 -3.7 0.916 1.381 0.237 0.935 1.273 3.993 2 2 2 2 2 2
1996-06-29T01:30:00 1996 6 29 1 30 0 5.0 -1.8 355.0 13.9 3.05 3.63 4.83 7.27 2 2 2 2 2 2 2 2 2.7 2.04 -1.0 -1.8 -1.8 -1.8 -1.8 -1.8 -1.8 0.893 1.238 0.248 0.81 0.996 3.196 2 2 2 2 2 2
1996-06-29T02:30:00 1996 6 29 2 30 0 4.6 -1.7 342.0 9.8 2.01 2.75 3.04 3.56 2 2 2 2 2 2 2 2 2.7 2.22 1.0 -1.7 -1.7 -1.7 -1.7 -1.7 -1.7 0.781 1.004 0.25 0.609 0.719 2.16 2 2 2 2 2 2
1996-06-29T03:30:00 1996 6 29 3 30 0 4.7 -0.7 338.0 8.1 1.64 2.14 1.97 1.77 2 2 2 2 2 2 2 2 1.0 2.16 0.0 -0.7 -0.7 -0.7 -0.7 -0.7 -0.7 0.63 0.74 0.247 0.412 0.467 1.328 2 2 2 2 2 2
1996-06-29T04:30:00 1996 6 29 4 30 0 4.5 -0.3 334.0 9.5 1.87 1.65 0.81 0.71 2 2 2 2 2 2 2 2 1.0 2.11 1.0 -0.3 -0.3 -0.3 -0.3 -0.3 -0.3 0.474 0.504 0.241 0.253 0.279 0.828 2 2 2 2 2 2
1996-06-29T05:30:00 1996 6 29 5 30 0 4.5 1.3 327.0 12.6 2.34 1.12 0.03 0.03 2 2 2 2 2 2 2 2 1.0 1.94 2.0 1.3 1.3 1.3 1.3 1.3 1.3 0.321 0.25 0.233 0.142 0.088 0.344 2 2 2 2 2 2
1996-06-29T06:30:00 1996 6 29 6 30 0 5.0 2.1 328.0 12.1 2.27 0.89 0.0 0.0 2 2 2 2 2 2 2 2 0.7 1.74 4.0 2.1 2.1 2.1 2.1 2.1 2.1 0.217 0.124 0.226 0.079 0.028 0.143 2 2 2 2 2 2
1996-06-29T07:30:00 1996 6 29 7 30 0 5.8 2.1 339.0 12.4 2.47 1.12 0.0 0.0 2 2 2 2 2 2 2 2 0.7 1.54 5.0 2.1 2.1 2.1 2.1 2.1 2.1 0.147 0.062 0.219 0.044 0.009 0.059 2 2 2 2 2 2
1996-06-29T08:30:00 1996 6 29 8 30 0 5.6 2.2 337.0 11.0 2.19 1.25 0.0 0.0 2 2 2 2 2 2 2 2 0.7 1.29 9.0 2.2 2.2 2.2 2.2 2.2 2.2 0.1 0.031 0.213 0.025 0.003 0.025 2 2 2 2 2 2
1996-06-29T09:30:00 1996 6 29 9 30 0 -5.9 2.1 352.0 13.8 2.94 0.39 0.0 0.0 2 2 2 2 2 2 2 2 1.0 1.09 10.0 2.1 2.1 2.1 2.1 2.1 2.1 0.067 0.015 0.206 0.014 0.001 0.01 2 2 2 2 2 2
1996-06-29T10:30:00 1996 6 29 10 30 0 -5.7 5.1 349.0 16.7 3.48 1.0 0.0 0.0 2 2 2 2 2 2 2 2 1.0 0.89 11.0 5.1 5.1 5.1 5.1 5.1 5.1 0.046 0.008 0.2 0.008 0.0 0.004 2 2 2 2 2 2
1996-06-29T11:30:00 1996 6 29 11 30 0 -5.8 5.7 346.0 14.9 3.05 0.71 0.0 0.0 2 2 2 2 2 2 2 2 1.0 0.89 10.0 5.7 5.7 5.7 5.7 5.7 5.7 0.031 0.004 0.194 0.004 0.0 0.002 2 2 2 2 2 2
1996-06-29T12:30:00 1996 6 29 12 30 0 -4.8 7.0 354.0 15.0 3.21 0.48 0.0 0.0 2 2 2 2 2 2 2 2 2.3 1.06 11.0 7.0 7.0 7.0 7.0 7.0 7.0 0.021 0.002 0.188 0.002 0.0 0.001 2 2 2 2 2 2
1996-06-29T13:30:00 1996 6 29 13 30 0 -6.9 0.9 353.0 12.0 2.55 1.23 0.0 0.0 2 2 2 2 2 2 2 2 2.3 1.23 7.0 0.9 0.9 0.9 0.9 0.9 0.9 0.014 0.001 0.182 0.001 0.0 0.0 2 2 2 2 2 2
1996-06-29T14:30:00 1996 6 29 14 30 0 -5.7 -4.6 352.0 12.2 3.02 4.65 3.73 4.53 2 2 2 2 2 2 2 2 2.3 1.43 3.0 -4.6 -4.6 -4.6 -4.6 -4.6 -4.6 0.275 0.543 0.194 0.323 0.615 1.228 2 2 2 2 2 2
1996-06-29T15:30:00 1996 6 29 15 30 0 -4.2 -7.2 352.0 9.6 2.04 9.34 10.57 11.31 2 2 2 2 2 2 2 2 3.0 1.72 -5.0 -7.2 -7.2 -7.2 -7.2 -7.2 -7.2 0.719 1.172 0.239 1.0 1.197 2.096 2 2 2 2 2 2
1996-06-29T16:30:00 1996 6 29 16 30 0 -7.0 -3.1 343.0 9.5 2.24 8.13 8.66 8.27 2 2 2 2 2 2 2 2 3.0 2.01 -12.0 -3.1 -3.1 -3.1 -3.1 -3.1 -3.1 0.866 1.256 0.264 1.058 1.087 1.978 2 2 2 2 2 2
1996-06-29T17:30:00 1996 6 29 17 30 0 -7.5 -0.4 346.0 6.7 1.6 4.86 2.82 2.36 2 2 2 2 2 2 2 2 3.0 2.26 -13.0 -0.4 -0.4 -0.4 -0.4 -0.4 -0.4 0.706 0.882 0.263 0.691 0.6 1.238 2 2 2 2 2 2
1996-06-29T18:30:00 1996 6 29 18 30 0 -6.8 1.7 350.0 6.7 1.4 2.88 0.04 0.03 2 2 2 2 2 2 2 2 3.0 2.51 -10.0 1.7 1.7 1.7 1.7 1.7 1.7 0.478 0.438 0.255 0.387 0.19 0.513 2 2 2 2 2 2
1996-06-29T19:30:00 1996 6 29 19 30 0 -7.5 0.3 343.0 6.7 1.58 2.77 0.0 0.0 2 2 2 2 2 2 2 2 3.0 2.75 -10.0 0.3 0.3 0.3 0.3 0.3 0.3 0.324 0.217 0.247 0.216 0.06 0.213 2 2 2 2 2 2
1996-06-29T20:30:00 1996 6 29 20 30 0 -3.4 0.1 340.0 8.3 1.92 1.83 0.0 0.0 2 2 2 2 2 2 2 2 3.0 2.83 -10.0 0.1 0.1 0.1 0.1 0.1 0.1 0.219 0.108 0.239 0.121 0.019 0.088 2 2 2 2 2 2
1996-06-29T21:30:00 1996 6 29 21 30 0 -5.4 2.2 349.0 5.5 1.34 0.94 0.0 0.0 2 2 2 2 2 2 2 2 2.7 2.88 -9.0 2.2 2.2 2.2 2.2 2.2 2.2 0.148 0.054 0.232 0.068 0.006 0.037 2 2 2 2 2 2
1996-06-29T22:30:00 1996 6 29 22 30 0 4.1 -3.5 342.0 10.8 2.53 1.15 2.1 2.07 2 2 2 2 2 2 2 2 2.7 2.92 -1.0 -3.5 -3.5 -3.5 -3.5 -3.5 -3.5 0.257 0.371 0.234 0.209 0.391 0.67 2 2 2 2 2 2
1996-06-29T23:30:00 1996 6 29 23 30 0 1.7 -4.4 336.0 10.7 2.42 3.93 6.75 7.25 2 2 2 2 2 2 2 2 2.7 2.88 -1.0 -4.4 -4.4 -4.4 -4.4 -4.4 -4.4 0.532 0.864 0.253 0.567 0.827 1.47 2 2 2 2 2 2
