1996-04-13T00:30:00 1996 4 13 0 30 0 -1.4 -0.5 497.0 3.3 1.59 0.26 1.5 0.49 2 2 2 2 2 2 2 2 1.7 3.24 -25.0 -0.5 -0.5 -0.5 -0.5 -0.5 -0.5 0.301 0.279 0.482 0.162 0.349 0.454 2 2 2 2 2 2
1996-04-13T01:30:00 1996 4 13 1 30 0 -0.5 -0.4 485.0 3.3 1.55 0.2 1.09 0.36 2 2 2 2 2 2 2 2 1.7 3.03 -22.0 -0.4 -0.4 -0.4 -0.4 -0.4 -0.4 0.247 0.232 0.469 0.114 0.274 0.379 2 2 2 2 2 2
1996-04-13T02:30:00 1996 4 13 2 30 0 -1.5 1.1 490.0 3.3 1.54 0.07 0.09 0.03 2 2 2 2 2 2 2 2 1.7 2.83 -18.0 1.1 1.1 1.1 1.1 1.1 1.1 0.168 0.118 0.455 0.064 0.09 0.164 2 2 2 2 2 2
1996-04-13T03:30:00 1996 4 13 3 30 0 -0.7 0.2 486.0 3.5 1.65 0.06 0.0 0.0 2 2 2 2 2 2 2 2 1.7 2.62 -18.0 0.2 0.2 0.2 0.2 0.2 0.2 0.114 0.059 0.441 0.036 0.029 0.068 2 2 2 2 2 2
1996-04-13T04:30:00 1996 4 13 4 30 0 -0.1 -0.9 482.0 4.1 1.83 0.1 0.98 0.39 2 2 2 2 2 2 2 2 1.7 2.42 -17.0 -0.9 -0.9 -0.9 -0.9 -0.9 -0.9 0.13 0.143 0.43 0.056 0.216 0.286 2 2 2 2 2 2
1996-04-13T05:30:00 1996 4 13 5 30 0 -1.1 -0.6 479.0 4.2 1.8 0.24 1.77 0.74 2 2 2 2 2 2 2 2 1.7 2.18 -17.0 -0.6 -0.6 -0.6 -0.6 -0.6 -0.6 0.159 0.213 0.421 0.079 0.31 0.436 2 2 2 2 2 2
1996-04-13T06:30:00 1996 4 13 6 30 0 -0.2 -0.5 475.0 3.7 1.58 0.16 1.3 0.51 2 2 2 2 2 2 2 2 1.0 1.85 -16.0 -0.5 -0.5 -0.5 -0.5 -0.5 -0.5 0.161 0.221 0.411 0.077 0.292 0.426 2 2 2 2 2 2
1996-04-13T07:30:00 1996 4 13 7 30 0 0.0 0.7 463.0 3.3 1.34 0.01 0.2 0.07 2 2 2 2 2 2 2 2 1.0 1.52 -15.0 0.7 0.7 0.7 0.7 0.7 0.7 0.114 0.12 0.399 0.045 0.107 0.199 2 2 2 2 2 2
1996-04-13T08:30:00 1996 4 13 8 30 0 -0.5 -0.6 468.0 4.1 1.7 0.03 0.38 0.15 2 2 2 2 2 2 2 2 1.0 1.43 -16.0 -0.6 -0.6 -0.6 -0.6 -0.6 -0.6 0.102 0.12 0.388 0.04 0.144 0.22 2 2 2 2 2 2
1996-04-13T09:30:00 1996 4 13 9 30 0 -0.4 -0.8 455.0 3.1 1.22 0.18 1.63 0.58 2 2 2 2 2 2 2 2 1.0 1.34 -17.0 -0.8 -0.8 -0.8 -0.8 -0.8 -0.8 0.135 0.193 0.379 0.067 0.264 0.318 2 2 2 2 2 2
1996-04-13T10:30:00 1996 4 13 10 30 0 0.1 -1.2 454.0 4.8 1.84 0.3 2.31 0.94 2 2 2 2 2 2 2 2 1.0 1.25 -16.0 -1.2 -1.2 -1.2 -1.2 -1.2 -1.2 0.189 0.287 0.374 0.116 0.392 0.499 2 2 2 2 2 2
1996-04-13T11:30:00 1996 4 13 11 30 0 1.1 -0.7 449.0 5.6 2.15 0.32 2.1 1.09 2 2 2 2 2 2 2 2 1.0 1.17 -12.0 -0.7 -0.7 -0.7 -0.7 -0.7 -0.7 0.217 0.324 0.368 0.129 0.403 0.625 2 2 2 2 2 2
1996-04-13T12:30:00 1996 4 13 12 30 0 -2.0 -1.1 418.0 6.6 2.18 0.38 1.98 1.22 2 2 2 2 2 2 2 2 2.0 1.21 -11.0 -1.1 -1.1 -1.1 -1.1 -1.1 -1.1 0.247 0.372 0.362 0.147 0.433 0.75 2 2 2 2 2 2
1996-04-13T13:30:00 1996 4 13 13 30 0 -2.8 -0.4 400.0 6.8 2.01 0.8 1.48 0.99 2 2 2 2 2 2 2 2 2.0 1.26 -11.0 -0.4 -0.4 -0.4 -0.4 -0.4 -0.4 0.236 0.343 0.354 0.125 0.341 0.678 2 2 2 2 2 2
1996-04-13T14:30:00 1996 4 13 14 30 0 -4.0 -1.7 402.0 7.6 2.33 1.63 2.22 1.62 2 2 2 2 2 2 2 2 2.0 1.39 -12.0 -1.7 -1.7 -1.7 -1.7 -1.7 -1.7 0.286 0.439 0.351 0.177 0.469 0.88 2 2 2 2 2 2
1996-04-13T15:30:00 1996 4 13 15 30 0 -3.7 -2.9 406.0 7.6 2.33 3.07 4.75 3.61 2 2 2 2 2 2 2 2 2.0 1.51 -13.0 -2.9 -2.9 -2.9 -2.9 -2.9 -2.9 0.428 0.648 0.358 0.358 0.733 1.274 2 2 2 2 2 2
1996-04-13T16:30:00 1996 4 13 16 30 0 -3.6 -3.5 410.0 6.7 2.16 4.09 6.58 4.67 2 2 2 2 2 2 2 2 2.0 1.64 -16.0 -3.5 -3.5 -3.5 -3.5 -3.5 -3.5 0.582 0.821 0.373 0.561 0.919 1.491 2 2 2 2 2 2
1996-04-13T17:30:00 1996 4 13 17 30 0 -2.5 -2.4 399.0 6.0 1.86 3.15 5.87 3.73 2 2 2 2 2 2 2 2 2.0 1.76 -18.0 -2.4 -2.4 -2.4 -2.4 -2.4 -2.4 0.633 0.825 0.382 0.583 0.847 1.342 2 2 2 2 2 2
1996-04-13T18:30:00 1996 4 13 18 30 0 -1.9 0.3 399.0 5.2 1.58 0.89 1.93 1.11 2 2 2 2 2 2 2 2 1.7 1.84 -24.0 0.3 0.3 0.3 0.3 0.3 0.3 0.494 0.54 0.374 0.376 0.421 0.782 2 2 2 2 2 2
1996-04-13T19:30:00 1996 4 13 19 30 0 -0.5 -0.7 392.0 4.9 1.47 0.17 0.54 0.27 2 2 2 2 2 2 2 2 1.7 1.92 -25.0 -0.7 -0.7 -0.7 -0.7 -0.7 -0.7 0.37 0.36 0.364 0.231 0.259 0.488 2 2 2 2 2 2
1996-04-13T20:30:00 1996 4 13 20 30 0 0.2 1.0 387.0 5.0 1.46 0.02 0.23 0.11 2 2 2 2 2 2 2 2 1.7 1.88 -19.0 1.0 1.0 1.0 1.0 1.0 1.0 0.256 0.194 0.353 0.131 0.097 0.228 2 2 2 2 2 2
1996-04-13T21:30:00 1996 4 13 21 30 0 0.8 0.5 387.0 5.7 1.63 0.01 0.0 0.0 2 2 2 2 2 2 2 2 4.0 2.15 -15.0 0.5 0.5 0.5 0.5 0.5 0.5 0.174 0.096 0.342 0.074 0.031 0.095 2 2 2 2 2 2
1996-04-13T22:30:00 1996 4 13 22 30 0 0.2 -4.2 400.0 10.3 3.06 1.41 4.07 3.69 2 2 2 2 2 2 2 2 4.0 2.41 -21.0 -4.2 -4.2 -4.2 -4.2 -4.2 -4.2 0.371 0.524 0.352 0.354 0.66 1.176 2 2 2 2 2 2
1996-04-13T23:30:00 1996 4 13 23 30 0 0.4 -4.0 400.0 11.3 3.33 3.81 8.18 8.87 2 2 2 2 2 2 2 2 4.0 2.66 -29.0 -4.0 -4.0 -4.0 -4.0 -4.0 -4.0 0.663 0.963 0.381 0.752 1.128 2.318 2 2 2 2 2 2
