1996-01-01T00:30:00 1996 1 1 0 30 0 -3.6 4.1 423.0 7.1 2.37 0.22 0.0 0.0 2 2 2 2 2 2 2 2 1.0 1.49 2.0 4.1 4.1 4.1 4.1 4.1 4.1 0.004 0.0 0.081 0.0 0.0 0.0 2 2 2 2 2 2
1996-01-01T01:30:00 1996 1 1 1 30 0 -3.1 1.1 397.0 8.0 2.32 0.37 0.0 0.0 2 2 2 2 2 2 2 2 1.0 1.36 3.0 1.1 1.1 1.1 1.1 1.1 1.1 0.003 0.0 0.078 0.0 0.0 0.0 2 2 2 2 2 2
1996-01-01T02:30:00 1996 1 1 2 30 0 -2.1 2.1 390.0 7.8 2.17 0.25 0.0 0.0 2 2 2 2 2 2 2 2 1.0 1.24 -2.0 2.1 2.1 2.1 2.1 2.1 2.1 0.002 0.0 0.076 0.0 0.0 0.0 2 2 2 2 2 2
1996-01-01T03:30:00 1996 1 1 3 30 0 -1.4 3.1 389.0 6.8 1.9 0.06 0.0 0.0 2 2 2 2 2 2 2 2 0.0 0.99 -4.0 3.1 3.1 3.1 3.1 3.1 3.1 0.001 0.0 0.074 0.0 0.0 0.0 2 2 2 2 2 2
1996-01-01T04:30:00 1996 1 1 4 30 0 -0.8 2.3 388.0 6.5 1.96 0.01 0.0 0.0 2 2 2 2 2 2 2 2 0.0 0.74 -3.0 2.3 2.3 2.3 2.3 2.3 2.3 0.001 0.0 0.071 0.0 0.0 0.0 2 2 2 2 2 2
1996-01-01T05:30:00 1996 1 1 5 30 0 -1.8 2.3 387.0 7.5 2.09 0.03 0.0 0.0 2 2 2 2 2 2 2 2 0.0 0.61 -2.0 2.3 2.3 2.3 2.3 2.3 2.3 0.001 0.0 0.069 0.0 0.0 0.0 2 2 2 2 2 2
1996-01-01T06:30:00 1996 1 1 6 30 0 -1.3 3.1 390.0 8.5 2.4 0.04 0.0 0.0 2 2 2 2 2 2 2 2 0.3 0.53 -1.0 3.1 3.1 3.1 3.1 3.1 3.1 0.0 0.0 0.067 0.0 0.0 0.0 2 2 2 2 2 2
1996-01-01T07:30:00 1996 1 1 7 30 0 -2.8 2.2 404.0 9.3 2.8 0.11 0.0 0.0 2 2 2 2 2 2 2 2 0.3 0.44 1.0 2.2 2.2 2.2 2.2 2.2 2.2 0.0 0.0 0.065 0.0 0.0 0.0 2 2 2 2 2 2
1996-01-01T08:30:00 1996 1 1 8 30 0 -4.9 1.4 413.0 8.7 2.78 0.73 0.0 0.0 2 2 2 2 2 2 2 2 0.3 0.36 2.0 1.4 1.4 1.4 1.4 1.4 1.4 0.0 0.0 0.063 0.0 0.0 0.0 2 2 2 2 2 2
1996-01-01T09:30:00 1996 1 1 9 30 0 -0.9 -0.1 408.0 9.3 2.92 0.52 0.02 0.02 2 2 2 2 2 2 2 2 1.3 0.4 2.0 -0.1 -0.1 -0.1 -0.1 -0.1 -0.1 0.005 0.017 0.061 0.001 0.025 0.073 2 2 2 2 2 2
1996-01-01T10:30:00 1996 1 1 10 30 0 -3.2 -2.1 410.0 8.0 2.51 1.05 2.42 2.04 2 2 2 2 2 2 2 2 1.3 0.45 -5.0 -2.1 -2.1 -2.1 -2.1 -2.1 -2.1 0.152 0.316 0.068 0.137 0.434 0.809 2 2 2 2 2 2
1996-01-01T11:30:00 1996 1 1 11 30 0 -4.2 -0.3 416.0 8.9 2.89 1.89 2.32 1.94 2 2 2 2 2 2 2 2 1.3 0.62 -6.0 -0.3 -0.3 -0.3 -0.3 -0.3 -0.3 0.205 0.373 0.072 0.154 0.415 0.934 2 2 2 2 2 2
1996-01-01T12:30:00 1996 1 1 12 30 0 -4.5 1.0 409.0 8.4 2.68 1.37 0.05 0.04 2 2 2 2 2 2 2 2 1.3 0.78 -6.0 1.0 1.0 1.0 1.0 1.0 1.0 0.139 0.185 0.07 0.086 0.131 0.387 2 2 2 2 2 2
1996-01-01T13:30:00 1996 1 1 13 30 0 -3.4 2.9 410.0 8.8 2.84 0.66 0.0 0.0 2 2 2 2 2 2 2 2 1.3 0.94 -4.0 2.9 2.9 2.9 2.9 2.9 2.9 0.094 0.092 0.068 0.048 0.042 0.161 2 2 2 2 2 2
1996-01-01T14:30:00 1996 1 1 14 30 0 -2.9 0.5 418.0 9.0 3.01 0.43 0.0 0.0 2 2 2 2 2 2 2 2 1.3 1.06 -3.0 0.5 0.5 0.5 0.5 0.5 0.5 0.064 0.046 0.066 0.027 0.013 0.067 2 2 2 2 2 2
1996-01-01T15:30:00 1996 1 1 15 30 0 -0.1 3.4 399.0 8.7 2.65 0.1 0.0 0.0 2 2 2 2 2 2 2 2 1.0 1.14 0.0 3.4 3.4 3.4 3.4 3.4 3.4 0.043 0.023 0.064 0.015 0.004 0.028 2 2 2 2 2 2
1996-01-01T16:30:00 1996 1 1 16 30 0 -1.1 1.8 400.0 8.7 2.67 0.01 0.0 0.0 2 2 2 2 2 2 2 2 1.0 1.22 2.0 1.8 1.8 1.8 1.8 1.8 1.8 0.029 0.011 0.062 0.009 0.001 0.011 2 2 2 2 2 2
1996-01-01T17:30:00 1996 1 1 17 30 0 0.2 2.6 401.0 8.3 2.51 0.0 0.0 0.0 2 2 2 2 2 2 2 2 1.0 1.18 2.0 2.6 2.6 2.6 2.6 2.6 2.6 0.02 0.006 0.06 0.005 0.0 0.005 2 2 2 2 2 2
1996-01-01T18:30:00 1996 1 1 18 30 0 -2.1 -1.5 411.0 7.6 2.41 0.26 0.7 0.53 2 2 2 2 2 2 2 2 2.7 1.37 0.0 -1.5 -1.5 -1.5 -1.5 -1.5 -1.5 0.072 0.139 0.061 0.052 0.203 0.351 2 2 2 2 2 2
1996-01-01T19:30:00 1996 1 1 19 30 0 -0.8 -3.5 410.0 6.8 2.13 1.96 5.3 3.77 2 2 2 2 2 2 2 2 2.7 1.55 -3.0 -3.5 -3.5 -3.5 -3.5 -3.5 -3.5 0.304 0.521 0.081 0.33 0.696 1.052 2 2 2 2 2 2
1996-01-01T20:30:00 1996 1 1 20 30 0 -2.2 1.3 406.0 6.4 1.97 0.83 2.32 1.55 2 2 2 2 2 2 2 2 2.7 1.73 -8.0 1.3 1.3 1.3 1.3 1.3 1.3 0.277 0.384 0.084 0.248 0.366 0.676 2 2 2 2 2 2
1996-01-01T21:30:00 1996 1 1 21 30 0 -2.3 0.2 403.0 6.4 2.08 0.28 0.0 0.0 2 2 2 2 2 2 2 2 2.0 1.82 -3.0 0.2 0.2 0.2 0.2 0.2 0.2 0.188 0.19 0.081 0.139 0.116 0.28 2 2 2 2 2 2
1996-01-01T22:30:00 1996 1 1 22 30 0 -1.1 -1.7 400.0 6.3 2.02 0.55 1.67 1.06 2 2 2 2 2 2 2 2 2.0 1.9 -2.0 -1.7 -1.7 -1.7 -1.7 -1.7 -1.7 0.227 0.313 0.084 0.161 0.337 0.555 2 2 2 2 2 2
1996-01-01T23:30:00 1996 1 1 23 30 0 -2.8 -1.2 390.0 6.6 1.85 1.02 2.82 1.82 2 2 2 2 2 2 2 2 2.0 2.02 -3.0 -1.2 -1.2 -1.2 -1.2 -1.2 -1.2 0.283 0.42 0.089 0.197 0.442 0.728 2 2 2 2 2 2
