1996-07-05T00:30:00 1996 7 5 0 30 0 3.4 -1.2 421.0 4.1 1.45 0.85 2.74 0.94 2 2 2 2 2 2 2 2 3.0 1.67 -10.0 -1.2 -1.2 -1.2 -1.2 -1.2 -1.2 0.415 0.437 0.331 0.292 0.478 0.517 2 2 2 2 2 2
1996-07-05T01:30:00 1996 7 5 1 30 0 -0.5 -3.1 408.0 4.8 1.6 1.65 4.6 2.08 2 2 2 2 2 2 2 2 3.0 1.88 -9.0 -3.1 -3.1 -3.1 -3.1 -3.1 -3.1 0.473 0.556 0.336 0.376 0.638 0.707 2 2 2 2 2 2
1996-07-05T02:30:00 1996 7 5 2 30 0 -1.1 -5.4 415.0 5.5 1.89 4.57 8.95 4.67 2 2 2 2 2 2 2 2 3.0 2.02 -15.0 -5.4 -5.4 -5.4 -5.4 -5.4 -5.4 0.674 0.829 0.363 0.716 1.0 1.124 2 2 2 2 2 2
1996-07-05T03:30:00 1996 7 5 3 30 0 1.0 0.2 406.0 5.8 1.91 1.97 4.91 2.75 2 2 2 2 2 2 2 2 3.7 2.24 -20.0 0.2 0.2 0.2 0.2 0.2 0.2 0.606 0.657 0.366 0.565 0.625 0.868 2 2 2 2 2 2
1996-07-05T04:30:00 1996 7 5 4 30 0 2.5 -2.1 447.0 6.2 2.48 0.86 2.28 1.39 2 2 2 2 2 2 2 2 3.7 2.46 -13.0 -2.1 -2.1 -2.1 -2.1 -2.1 -2.1 0.54 0.581 0.364 0.439 0.598 0.945 2 2 2 2 2 2
1996-07-05T05:30:00 1996 7 5 5 30 0 5.4 -2.0 452.0 6.4 2.62 3.28 4.6 2.9 2 2 2 2 2 2 2 2 3.7 2.79 -14.0 -2.0 -2.0 -2.0 -2.0 -2.0 -2.0 0.565 0.639 0.369 0.454 0.739 1.221 2 2 2 2 2 2
1996-07-05T06:30:00 1996 7 5 6 30 0 3.6 -3.3 466.0 4.9 2.13 4.57 6.22 3.44 2 2 2 2 2 2 2 2 2.0 2.9 -16.0 -3.3 -3.3 -3.3 -3.3 -3.3 -3.3 0.639 0.728 0.384 0.568 0.917 1.355 2 2 2 2 2 2
1996-07-05T07:30:00 1996 7 5 7 30 0 3.3 -3.3 451.0 7.3 2.97 4.52 7.55 4.68 2 2 2 2 2 2 2 2 2.0 3.0 -16.0 -3.3 -3.3 -3.3 -3.3 -3.3 -3.3 0.742 0.854 0.405 0.718 1.085 1.714 2 2 2 2 2 2
1996-07-05T08:30:00 1996 7 5 8 30 0 3.5 -2.2 451.0 6.8 2.77 3.53 6.1 4.3 2 2 2 2 2 2 2 2 2.0 2.87 -12.0 -2.2 -2.2 -2.2 -2.2 -2.2 -2.2 0.758 0.85 0.417 0.696 1.006 1.765 2 2 2 2 2 2
1996-07-05T09:30:00 1996 7 5 9 30 0 1.6 -3.3 451.0 7.4 3.01 2.99 6.3 4.5 2 2 2 2 2 2 2 2 2.7 2.83 -13.0 -3.3 -3.3 -3.3 -3.3 -3.3 -3.3 0.801 0.899 0.433 0.746 1.076 1.933 2 2 2 2 2 2
1996-07-05T10:30:00 1996 7 5 10 30 0 3.2 -0.9 452.0 8.3 3.39 2.05 4.51 3.52 2 2 2 2 2 2 2 2 2.7 2.8 -9.0 -0.9 -0.9 -0.9 -0.9 -0.9 -0.9 0.73 0.782 0.436 0.604 0.844 1.781 2 2 2 2 2 2
1996-07-05T11:30:00 1996 7 5 11 30 0 2.0 1.6 447.0 7.2 2.88 0.56 0.29 0.23 2 2 2 2 2 2 2 2 2.7 2.68 -9.0 1.6 1.6 1.6 1.6 1.6 1.6 0.503 0.407 0.423 0.342 0.291 0.807 2 2 2 2 2 2
1996-07-05T12:30:00 1996 7 5 12 30 0 1.2 -0.2 458.0 6.2 2.6 0.15 0.05 0.03 2 2 2 2 2 2 2 2 2.0 2.47 -7.0 -0.2 -0.2 -0.2 -0.2 -0.2 -0.2 0.348 0.226 0.41 0.195 0.133 0.417 2 2 2 2 2 2
1996-07-05T13:30:00 1996 7 5 13 30 0 -0.4 0.8 457.0 5.7 2.38 0.03 0.03 0.02 2 2 2 2 2 2 2 2 2.0 2.26 -9.0 0.8 0.8 0.8 0.8 0.8 0.8 0.236 0.112 0.398 0.109 0.042 0.173 2 2 2 2 2 2
1996-07-05T14:30:00 1996 7 5 14 30 0 1.3 0.1 455.5 5.4 2.24 0.04 0.0 0.0 2 2 1 1 1 2 2 1 2.0 2.26 -11.0 0.1 0.1 0.1 0.1 0.1 0.1 0.16 0.056 0.385 0.061 0.013 0.072 2 2 2 2 2 2
1996-07-05T15:30:00 1996 7 5 15 30 0 2.0 -1.6 454.0 5.1 2.11 0.64 1.87 0.97 2 2 1 1 1 2 2 1 1.7 2.22 -10.0 -1.6 -1.6 -1.6 -1.6 -1.6 -1.6 0.208 0.228 0.38 0.119 0.335 0.482 2 1 2 1 1 1
1996-07-05T16:30:00 1996 7 5 16 30 0 1.9 -0.9 452.5 4.8 1.97 0.96 2.77 1.37 2 2 1 1 1 2 2 1 1.7 2.18 -12.0 -0.9 -0.9 -0.9 -0.9 -0.9 -0.9 0.251 0.323 0.376 0.156 0.432 0.637 1 1 2 1 1 1
1996-07-05T17:30:00 1996 7 5 17 30 0 2.5 -2.3 451.0 4.5 1.83 1.49 3.74 1.73 2 2 2 2 2 2 2 2 1.7 2.05 -11.0 -2.3 -2.3 -2.3 -2.3 -2.3 -2.3 0.33 0.443 0.377 0.249 0.595 0.786 2 2 2 2 2 2
1996-07-05T18:30:00 1996 7 5 18 30 0 2.4 -2.5 463.0 4.8 1.94 2.44 5.51 2.57 2 2 2 2 2 2 2 2 1.3 1.88 -11.0 -2.5 -2.5 -2.5 -2.5 -2.5 -2.5 0.434 0.566 0.385 0.377 0.76 0.979 2 2 2 2 2 2
1996-07-05T19:30:00 1996 7 5 19 30 0 2.8 1.2 461.0 4.7 1.91 1.04 1.72 0.82 2 2 2 2 2 2 2 2 1.3 1.7 -10.0 1.2 1.2 1.2 1.2 1.2 1.2 0.341 0.363 0.377 0.249 0.354 0.571 2 2 2 2 2 2
1996-07-05T20:30:00 1996 7 5 20 30 0 1.2 2.8 452.0 4.3 1.76 0.14 0.0 0.0 2 2 2 2 2 2 2 2 1.3 1.62 -6.0 2.8 2.8 2.8 2.8 2.8 2.8 0.231 0.18 0.366 0.139 0.112 0.237 2 2 2 2 2 2
1996-07-05T21:30:00 1996 7 5 21 30 0 0.7 2.3 437.0 4.3 1.61 0.01 0.0 0.0 2 2 2 2 2 2 2 2 0.3 1.4 -4.0 2.3 2.3 2.3 2.3 2.3 2.3 0.156 0.089 0.354 0.078 0.036 0.098 2 2 2 2 2 2
1996-07-05T22:30:00 1996 7 5 22 30 0 1.5 2.0 446.0 3.8 1.39 0.02 0.0 0.0 2 2 2 2 2 2 2 2 0.3 1.18 -4.0 2.0 2.0 2.0 2.0 2.0 2.0 0.106 0.044 0.344 0.044 0.011 0.041 2 2 2 2 2 2
1996-07-05T23:30:00 1996 7 5 23 30 0 3.1 1.0 431.0 3.7 1.22 0.26 0.0 0.0 2 2 2 2 2 2 2 2 0.3 1.01 -7.0 1.0 1.0 1.0 1.0 1.0 1.0 0.072 0.022 0.333 0.024 0.004 0.017 2 2 2 2 2 2
