1996-07-17T00:30:00 1996 7 17 0 30 0 -3.3 -4.1 327.0 11.7 2.22 2.9 4.81 5.52 2 2 2 2 2 2 2 2 2.7 1.64 -9.0 -4.1 -4.1 -4.1 -4.1 -4.1 -4.1 0.635 0.997 0.134 0.533 0.774 1.606 2 2 2 2 2 2
1996-07-17T01:30:00 1996 7 17 1 30 0 -1.6 -5.1 329.0 15.1 2.97 4.57 7.62 10.36 2 2 2 2 2 2 2 2 2.7 1.82 -14.0 -5.1 -5.1 -5.1 -5.1 -5.1 -5.1 0.872 1.341 0.163 0.889 1.081 2.381 2 2 2 2 2 2
1996-07-17T02:30:00 1996 7 17 2 30 0 0.0 -3.2 335.0 19.4 3.9 3.24 6.76 11.67 2 2 2 2 2 2 2 2 2.7 2.03 -14.0 -3.2 -3.2 -3.2 -3.2 -3.2 -3.2 0.999 1.48 0.188 0.998 1.135 3.132 2 2 2 2 2 2
1996-07-17T03:30:00 1996 7 17 3 30 0 1.3 -0.6 338.0 21.5 4.36 0.82 3.01 6.11 2 2 2 2 2 2 2 2 3.0 2.28 -8.0 -0.6 -0.6 -0.6 -0.6 -0.6 -0.6 0.866 1.175 0.192 0.72 0.77 2.805 2 2 2 2 2 2
1996-07-17T04:30:00 1996 7 17 4 30 0 3.7 -2.5 337.0 18.6 3.7 1.33 2.75 5.4 2 2 2 2 2 2 2 2 3.0 2.52 -9.0 -2.5 -2.5 -2.5 -2.5 -2.5 -2.5 0.81 1.109 0.198 0.615 0.771 2.842 2 2 2 2 2 2
1996-07-17T05:30:00 1996 7 17 5 30 0 2.9 -2.2 330.0 21.1 4.6 2.15 3.9 7.76 2 2 2 2 2 2 2 2 3.0 2.65 -8.0 -2.2 -2.2 -2.2 -2.2 -2.2 -2.2 0.823 1.165 0.207 0.617 0.835 3.09 2 2 2 2 2 2
1996-07-17T06:30:00 1996 7 17 6 30 0 3.7 -2.0 325.0 16.0 3.38 1.94 3.42 6.29 2 2 2 2 2 2 2 2 1.7 2.6 -10.0 -2.0 -2.0 -2.0 -2.0 -2.0 -2.0 0.792 1.114 0.213 0.565 0.767 2.725 2 2 2 2 2 2
1996-07-17T07:30:00 1996 7 17 7 30 0 2.1 0.4 331.0 16.3 3.57 0.89 1.23 1.97 2 2 2 2 2 2 2 2 1.7 2.55 -5.0 0.4 0.4 0.4 0.4 0.4 0.4 0.602 0.718 0.21 0.359 0.38 1.588 2 2 2 2 2 2
1996-07-17T08:30:00 1996 7 17 8 30 0 2.2 2.8 331.0 14.8 3.24 0.13 0.0 0.0 2 2 2 2 2 2 2 2 1.7 2.42 -5.0 2.8 2.8 2.8 2.8 2.8 2.8 0.408 0.357 0.203 0.201 0.12 0.659 2 2 2 2 2 2
1996-07-17T09:30:00 1996 7 17 9 30 0 0.7 -0.2 337.0 16.0 3.63 0.05 0.03 0.04 2 2 2 2 2 2 2 2 1.7 2.3 -1.0 -0.2 -0.2 -0.2 -0.2 -0.2 -0.2 0.285 0.211 0.197 0.116 0.075 0.408 2 2 2 2 2 2
1996-07-17T10:30:00 1996 7 17 10 30 0 -0.1 0.6 342.0 17.1 4.0 0.01 0.03 0.05 2 2 2 2 2 2 2 2 1.7 2.17 3.0 0.6 0.6 0.6 0.6 0.6 0.6 0.193 0.105 0.191 0.065 0.024 0.169 2 2 2 2 2 2
1996-07-17T11:30:00 1996 7 17 11 30 0 -2.6 -1.4 352.0 24.3 5.35 0.38 0.96 2.2 2 2 2 2 2 2 2 2 1.7 2.01 10.0 -1.4 -1.4 -1.4 -1.4 -1.4 -1.4 0.237 0.343 0.189 0.118 0.325 1.383 2 2 2 2 2 2
1996-07-17T12:30:00 1996 7 17 12 30 0 -1.2 -1.8 352.0 22.8 5.06 0.95 2.85 6.67 2 2 2 2 2 2 2 2 2.7 1.99 10.0 -1.8 -1.8 -1.8 -1.8 -1.8 -1.8 0.389 0.705 0.196 0.272 0.657 2.788 2 2 2 2 2 2
1996-07-17T13:30:00 1996 7 17 13 30 0 2.6 -6.2 363.0 8.9 2.26 4.04 7.51 10.53 2 2 2 2 2 2 2 2 2.7 1.96 -5.0 -6.2 -6.2 -6.2 -6.2 -6.2 -6.2 0.711 1.159 0.228 0.776 1.122 3.027 2 2 2 2 2 2
1996-07-17T14:30:00 1996 7 17 14 30 0 5.0 -3.9 353.0 7.2 1.82 6.58 8.87 7.14 2 2 2 2 2 2 2 2 2.7 2.09 -10.0 -3.9 -3.9 -3.9 -3.9 -3.9 -3.9 0.854 1.216 0.254 0.933 1.069 2.201 2 2 2 2 2 2
1996-07-17T15:30:00 1996 7 17 15 30 0 4.9 -2.1 365.0 5.9 1.57 4.28 5.25 3.44 2 2 2 2 2 2 2 2 2.0 2.12 -16.0 -2.1 -2.1 -2.1 -2.1 -2.1 -2.1 0.794 1.008 0.262 0.752 0.796 1.471 2 2 2 2 2 2
1996-07-17T16:30:00 1996 7 17 16 30 0 4.4 3.0 366.0 5.4 1.37 1.44 0.63 0.37 2 2 2 2 2 2 2 2 2.0 2.16 -14.0 3.0 3.0 3.0 3.0 3.0 3.0 0.554 0.534 0.254 0.431 0.283 0.658 2 2 2 2 2 2
1996-07-17T17:30:00 1996 7 17 17 30 0 4.05 2.1 369.5 6.5 1.66 0.59 0.0 0.0 1 1 1 1 1 1 1 1 2.0 2.19 -12.0 2.1 2.1 2.1 2.1 2.1 2.1 0.375 0.265 0.247 0.241 0.09 0.273 2 2 2 2 2 2
1996-07-17T18:30:00 1996 7 17 18 30 0 3.7 1.2 373.0 7.6 1.96 0.63 0.0 0.0 2 2 2 2 2 2 2 2 1.3 2.13 -11.0 1.2 1.2 1.2 1.2 1.2 1.2 0.254 0.132 0.239 0.135 0.028 0.113 2 2 2 2 2 2
1996-07-17T19:30:00 1996 7 17 19 30 0 1.2 -0.2 366.0 8.9 2.21 0.34 0.04 0.04 2 2 2 2 2 2 2 2 1.3 2.07 -9.0 -0.2 -0.2 -0.2 -0.2 -0.2 -0.2 0.179 0.092 0.232 0.078 0.042 0.124 2 2 2 2 2 2
1996-07-17T20:30:00 1996 7 17 20 30 0 0.1 0.2 371.0 7.5 1.89 0.04 0.08 0.07 2 2 2 2 2 2 2 2 1.3 1.9 -7.0 0.2 0.2 0.2 0.2 0.2 0.2 0.124 0.055 0.225 0.045 0.022 0.078 2 2 2 2 2 2
1996-07-17T21:30:00 1996 7 17 21 30 0 -1.9 -0.6 371.0 8.7 2.18 0.16 0.46 0.39 2 2 2 2 2 2 2 2 1.3 1.72 -7.0 -0.6 -0.6 -0.6 -0.6 -0.6 -0.6 0.121 0.135 0.219 0.045 0.138 0.302 2 2 2 2 2 2
1996-07-17T22:30:00 1996 7 17 22 30 0 -1.4 -0.9 373.0 7.7 1.95 0.43 1.42 1.15 2 2 2 2 2 2 2 2 1.3 1.55 -8.0 -0.9 -0.9 -0.9 -0.9 -0.9 -0.9 0.165 0.27 0.216 0.08 0.281 0.559 2 2 2 2 2 2
1996-07-17T23:30:00 1996 7 17 23 30 0 1.1 -1.3 381.0 9.8 2.57 0.36 2.11 1.88 2 2 2 2 2 2 2 2 1.3 1.47 -6.0 -1.3 -1.3 -1.3 -1.3 -1.3 -1.3 0.235 0.412 0.215 0.141 0.424 0.893 2 2 2 2 2 2
