1996-09-11T00:30:00 1996 9 11 0 30 0 0.6 0.5 473.0 5.3 2.24 0.11 0.0 0.0 2 2 2 2 2 2 2 2 3.3 3.14 -17.0 0.5 0.5 0.5 0.5 0.5 0.5 0.125 0.094 0.397 0.049 0.064 0.184 2 2 2 2 2 2
1996-09-11T01:30:00 1996 9 11 1 30 0 3.8 -1.2 486.0 7.3 3.24 0.9 1.15 0.79 2 2 2 2 2 2 2 2 3.3 3.18 -9.0 -1.2 -1.2 -1.2 -1.2 -1.2 -1.2 0.161 0.207 0.39 0.088 0.314 0.637 2 2 2 2 2 2
1996-09-11T02:30:00 1996 9 11 2 30 0 3.9 -2.4 501.0 9.0 4.33 3.12 4.58 3.81 2 2 2 2 2 2 2 2 3.3 3.1 -9.0 -2.4 -2.4 -2.4 -2.4 -2.4 -2.4 0.346 0.508 0.4 0.313 0.832 1.797 2 2 2 2 2 2
1996-09-11T03:30:00 1996 9 11 3 30 0 2.5 -4.4 513.0 8.4 4.15 5.18 8.85 7.65 2 2 2 2 2 2 2 2 4.0 3.11 -18.0 -4.4 -4.4 -4.4 -4.4 -4.4 -4.4 0.652 0.873 0.443 0.785 1.434 3.026 2 2 2 2 2 2
1996-09-11T04:30:00 1996 9 11 4 30 0 -0.7 -3.1 510.0 8.8 4.28 4.27 9.45 8.13 2 2 2 2 2 2 2 2 4.0 3.12 -31.0 -3.1 -3.1 -3.1 -3.1 -3.1 -3.1 0.847 1.031 0.483 1.008 1.561 3.494 2 2 2 2 2 2
1996-09-11T05:30:00 1996 9 11 5 30 0 1.4 0.2 507.6 8.12 4.19 0.86 3.38 2.9 2 2 1 1 1 2 2 1 4.0 3.33 -37.0 0.2 0.2 0.2 0.2 0.2 0.2 0.699 0.718 0.481 0.685 0.834 2.276 2 2 2 2 2 2
1996-09-11T06:30:00 1996 9 11 6 30 0 2.2 -2.2 505.2 7.44 3.72 1.04 2.78 2.12 2 2 1 1 1 2 2 1 3.3 3.45 -33.0 -2.2 -2.2 -2.2 -2.2 -2.2 -2.2 0.638 0.655 0.48 0.552 0.83 2.07 2 1 2 2 1 1
1996-09-11T07:30:00 1996 9 11 7 30 0 0.9 -3.1 502.8 6.76 3.24 2.55 6.77 4.78 2 2 1 1 1 2 2 1 3.3 3.56 -23.0 -3.1 -3.1 -3.1 -3.1 -3.1 -3.1 0.73 0.789 0.5 0.688 1.122 2.312 1 1 2 1 1 1
1996-09-11T08:30:00 1996 9 11 8 30 0 2.2 -3.1 500.4 6.08 2.77 3.24 7.77 4.97 2 2 1 1 1 2 2 1 3.3 3.56 -31.0 -3.1 -3.1 -3.1 -3.1 -3.1 -3.1 0.808 0.865 0.522 0.795 1.225 2.285 1 1 2 1 1 1
1996-09-11T09:30:00 1996 9 11 9 30 0 0.4 -1.1 498.0 5.4 2.68 1.59 5.03 2.9 2 2 2 2 2 2 2 2 3.0 3.52 -34.0 -1.1 -1.1 -1.1 -1.1 -1.1 -1.1 0.732 0.732 0.525 0.637 0.922 1.77 1 1 2 1 2 1
1996-09-11T10:30:00 1996 9 11 10 30 0 0.8 -2.4 497.0 6.0 2.96 1.08 4.49 2.58 2 2 2 2 2 2 2 2 3.0 3.48 -30.0 -2.4 -2.4 -2.4 -2.4 -2.4 -2.4 0.697 0.7 0.528 0.578 0.912 1.667 2 2 2 2 2 2
1996-09-11T11:30:00 1996 9 11 11 30 0 0.1 -0.3 497.0 6.0 2.96 0.62 3.14 1.88 2 2 2 2 2 2 2 2 3.0 3.35 -32.0 -0.3 -0.3 -0.3 -0.3 -0.3 -0.3 0.586 0.551 0.521 0.421 0.632 1.31 2 2 2 2 2 2
1996-09-11T12:30:00 1996 9 11 12 30 0 -0.1 1.6 493.0 6.8 3.31 0.0 0.03 0.02 2 2 2 2 2 2 2 2 3.3 3.27 -27.0 1.6 1.6 1.6 1.6 1.6 1.6 0.397 0.274 0.505 0.236 0.2 0.543 2 2 2 2 2 2
1996-09-11T13:30:00 1996 9 11 13 30 0 1.4 -4.8 489.0 7.6 3.63 2.0 4.9 3.64 2 2 2 2 2 2 2 2 3.3 3.19 -30.0 -4.8 -4.8 -4.8 -4.8 -4.8 -4.8 0.539 0.566 0.521 0.523 0.878 1.561 2 2 2 2 2 2
1996-09-11T14:30:00 1996 9 11 14 30 0 2.7 -4.6 482.0 6.9 3.21 6.66 11.38 8.22 2 2 2 2 2 2 2 2 3.3 3.19 -34.0 -4.6 -4.6 -4.6 -4.6 -4.6 -4.6 0.823 0.935 0.568 0.995 1.424 2.426 2 2 2 2 2 2
1996-09-11T15:30:00 1996 9 11 15 30 0 0.9 -0.8 516.0 4.1 2.18 2.7 6.31 3.61 2 2 2 2 2 2 2 2 2.7 3.11 -36.0 -0.8 -0.8 -0.8 -0.8 -0.8 -0.8 0.764 0.78 0.574 0.794 1.005 1.792 2 2 2 2 2 2
1996-09-11T16:30:00 1996 9 11 16 30 0 -0.8 0.9 518.0 4.1 2.2 0.05 0.4 0.17 2 2 2 2 2 2 2 2 2.7 3.04 -33.0 0.9 0.9 0.9 0.9 0.9 0.9 0.527 0.405 0.557 0.449 0.346 0.79 2 2 2 2 2 2
1996-09-11T17:30:00 1996 9 11 17 30 0 -0.7 3.0 517.0 4.1 2.19 0.01 0.0 0.0 2 2 2 2 2 2 2 2 2.7 3.0 -31.0 3.0 3.0 3.0 3.0 3.0 3.0 0.357 0.201 0.54 0.252 0.109 0.328 2 2 2 2 2 2
1996-09-11T18:30:00 1996 9 11 18 30 0 0.6 1.9 502.0 4.9 2.47 0.0 0.0 0.0 2 2 2 2 2 2 2 2 2.7 2.96 -27.0 1.9 1.9 1.9 1.9 1.9 1.9 0.241 0.1 0.524 0.141 0.035 0.136 2 2 2 2 2 2
1996-09-11T19:30:00 1996 9 11 19 30 0 1.4 3.0 529.0 4.1 2.29 0.02 0.0 0.0 2 2 2 2 2 2 2 2 2.7 2.92 -27.0 3.0 3.0 3.0 3.0 3.0 3.0 0.163 0.05 0.508 0.079 0.011 0.056 2 2 2 2 2 2
1996-09-11T20:30:00 1996 9 11 20 30 0 6.5 -2.1 577.0 4.1 2.73 2.6 1.49 0.61 2 2 2 2 2 2 2 2 2.7 2.84 -28.0 -2.1 -2.1 -2.1 -2.1 -2.1 -2.1 0.196 0.166 0.501 0.139 0.357 0.454 2 2 2 2 2 2
1996-09-11T21:30:00 1996 9 11 21 30 0 7.5 -2.0 566.0 3.3 2.11 8.3 5.84 2.14 2 2 2 2 2 2 2 2 4.3 2.98 -39.0 -2.0 -2.0 -2.0 -2.0 -2.0 -2.0 0.326 0.363 0.509 0.298 0.741 0.877 2 2 2 2 2 2
1996-09-11T22:30:00 1996 9 11 22 30 0 4.9 -3.1 562.0 6.9 4.4 7.74 7.32 3.93 2 2 2 2 2 2 2 2 4.3 3.12 -33.0 -3.1 -3.1 -3.1 -3.1 -3.1 -3.1 0.516 0.607 0.533 0.558 1.181 1.872 2 2 2 2 2 2
1996-09-11T23:30:00 1996 9 11 23 30 0 -3.1 -3.4 565.0 4.6 2.94 4.44 9.19 5.18 2 2 2 2 2 2 2 2 4.3 3.32 -42.0 -3.4 -3.4 -3.4 -3.4 -3.4 -3.4 0.69 0.767 0.567 0.793 1.395 2.241 2 2 2 2 2 2
