1996-02-27T00:30:00 1996 2 27 0 30 0 0.0 -1.1 570.0 2.6 1.89 0.13 1.37 0.36 2 2 2 2 2 2 2 2 2.3 2.91 -37.0 -1.1 -1.1 -1.1 -1.1 -1.1 -1.1 0.211 0.204 0.372 0.134 0.329 0.383 2 2 2 2 2 2
1996-02-27T01:30:00 1996 2 27 1 30 0 0.4 -0.6 573.0 2.8 1.92 0.26 2.37 0.64 2 2 2 2 2 2 2 2 2.3 2.97 -35.0 -0.6 -0.6 -0.6 -0.6 -0.6 -0.6 0.218 0.229 0.367 0.131 0.389 0.451 2 2 2 2 2 2
1996-02-27T02:30:00 1996 2 27 2 30 0 -0.1 0.3 574.0 2.6 1.71 0.03 0.5 0.14 2 2 2 2 2 2 2 2 2.3 2.92 -34.0 0.3 0.3 0.3 0.3 0.3 0.3 0.16 0.139 0.357 0.079 0.17 0.25 2 2 2 2 2 2
1996-02-27T03:30:00 1996 2 27 3 30 0 -1.8 -0.6 578.0 2.8 1.96 0.24 0.65 0.18 2 2 2 2 2 2 2 2 3.0 2.95 -29.0 -0.6 -0.6 -0.6 -0.6 -0.6 -0.6 0.141 0.136 0.347 0.065 0.215 0.28 2 2 2 2 2 2
1996-02-27T04:30:00 1996 2 27 4 30 0 -0.9 -0.7 568.0 2.7 1.74 0.46 1.87 0.51 2 2 2 2 2 2 2 2 3.0 2.99 -26.0 -0.7 -0.7 -0.7 -0.7 -0.7 -0.7 0.161 0.185 0.342 0.083 0.333 0.391 2 2 2 2 2 2
1996-02-27T05:30:00 1996 2 27 5 30 0 -1.3 -2.1 565.0 2.6 1.66 1.02 4.13 1.09 2 2 2 2 2 2 2 2 3.0 2.91 -24.0 -2.1 -2.1 -2.1 -2.1 -2.1 -2.1 0.248 0.303 0.346 0.193 0.59 0.574 2 2 2 2 2 2
1996-02-27T06:30:00 1996 2 27 6 30 0 -0.2 0.0 560.0 2.3 1.5 0.56 2.71 0.68 2 2 2 2 2 2 2 2 2.3 2.73 -23.0 0.0 0.0 0.0 0.0 0.0 0.0 0.232 0.247 0.342 0.162 0.382 0.42 2 2 2 2 2 2
1996-02-27T07:30:00 1996 2 27 7 30 0 0.7 0.6 545.0 2.3 1.37 0.01 0.0 0.0 2 2 2 2 2 2 2 2 2.3 2.56 -20.0 0.6 0.6 0.6 0.6 0.6 0.6 0.157 0.123 0.331 0.09 0.121 0.174 2 2 2 2 2 2
1996-02-27T08:30:00 1996 2 27 8 30 0 0.8 0.5 541.0 2.1 1.23 0.03 0.0 0.0 2 2 2 2 2 2 2 2 2.3 2.56 -16.0 0.5 0.5 0.5 0.5 0.5 0.5 0.106 0.061 0.321 0.051 0.038 0.072 2 2 2 2 2 2
1996-02-27T09:30:00 1996 2 27 9 30 0 0.8 0.3 540.0 2.2 1.28 0.04 0.0 0.0 2 2 2 2 2 2 2 2 1.3 2.43 -15.0 0.3 0.3 0.3 0.3 0.3 0.3 0.072 0.03 0.311 0.028 0.012 0.03 2 2 2 2 2 2
1996-02-27T10:30:00 1996 2 27 10 30 0 -0.9 -0.4 538.0 2.7 1.64 0.05 0.35 0.09 2 2 2 2 2 2 2 2 1.3 2.29 -15.0 -0.4 -0.4 -0.4 -0.4 -0.4 -0.4 0.068 0.06 0.303 0.026 0.104 0.118 2 2 2 2 2 2
1996-02-27T11:30:00 1996 2 27 11 30 0 -2.1 0.0 525.0 2.9 1.72 0.33 0.49 0.14 2 2 2 2 2 2 2 2 1.3 2.08 -17.0 0.0 0.0 0.0 0.0 0.0 0.0 0.061 0.064 0.294 0.021 0.093 0.127 2 2 2 2 2 2
1996-02-27T12:30:00 1996 2 27 12 30 0 -1.3 0.3 508.0 2.7 1.52 0.27 0.0 0.0 2 2 2 2 2 2 2 2 2.3 2.0 -19.0 0.3 0.3 0.3 0.3 0.3 0.3 0.041 0.032 0.285 0.012 0.029 0.053 2 2 2 2 2 2
1996-02-27T13:30:00 1996 2 27 13 30 0 -2.3 0.4 509.0 2.7 1.4 0.28 0.0 0.0 2 2 2 2 2 2 2 2 2.3 1.92 -15.0 0.4 0.4 0.4 0.4 0.4 0.4 0.028 0.016 0.276 0.006 0.009 0.022 2 2 2 2 2 2
1996-02-27T14:30:00 1996 2 27 14 30 0 -5.2 -1.4 516.0 3.3 1.76 2.11 1.55 0.49 2 2 2 2 2 2 2 2 2.3 1.93 -15.0 -1.4 -1.4 -1.4 -1.4 -1.4 -1.4 0.091 0.142 0.273 0.065 0.278 0.284 2 2 2 2 2 2
1996-02-27T15:30:00 1996 2 27 15 30 0 -5.4 0.8 514.0 3.6 1.89 3.05 1.0 0.34 2 2 2 2 2 2 2 2 2.7 1.99 -16.0 0.8 0.8 0.8 0.8 0.8 0.8 0.087 0.116 0.266 0.052 0.162 0.215 2 2 2 2 2 2
1996-02-27T16:30:00 1996 2 27 16 30 0 -4.4 1.4 502.0 4.2 2.11 1.71 0.0 0.0 2 2 2 2 2 2 2 2 2.7 2.04 -12.0 1.4 1.4 1.4 1.4 1.4 1.4 0.059 0.057 0.258 0.029 0.051 0.089 2 2 2 2 2 2
1996-02-27T17:30:00 1996 2 27 17 30 0 -7.2 -1.4 516.0 5.4 2.85 3.76 1.05 0.55 2 2 2 2 2 2 2 2 2.7 2.22 -10.0 -1.4 -1.4 -1.4 -1.4 -1.4 -1.4 0.104 0.154 0.255 0.075 0.279 0.427 2 2 2 2 2 2
1996-02-27T18:30:00 1996 2 27 18 30 0 -6.7 1.3 490.0 5.9 2.86 4.58 0.78 0.43 2 2 2 2 2 2 2 2 4.0 2.56 -14.0 1.3 1.3 1.3 1.3 1.3 1.3 0.091 0.115 0.249 0.055 0.146 0.3 2 2 2 2 2 2
1996-02-27T19:30:00 1996 2 27 19 30 0 -2.6 -3.7 502.0 9.5 5.12 3.53 3.81 3.32 2 2 2 2 2 2 2 2 4.0 2.89 -9.0 -3.7 -3.7 -3.7 -3.7 -3.7 -3.7 0.295 0.448 0.266 0.34 0.802 1.655 2 2 2 2 2 2
1996-02-27T20:30:00 1996 2 27 20 30 0 -3.5 2.4 482.0 10.4 5.16 1.61 2.42 2.35 2 2 2 2 2 2 2 2 4.0 3.11 -14.0 2.4 2.4 2.4 2.4 2.4 2.4 0.28 0.354 0.266 0.266 0.449 1.234 2 2 2 2 2 2
1996-02-27T21:30:00 1996 2 27 21 30 0 -3.6 -2.6 489.0 10.1 5.05 1.73 1.92 1.95 2 2 2 2 2 2 2 2 3.7 3.28 -15.0 -2.6 -2.6 -2.6 -2.6 -2.6 -2.6 0.332 0.445 0.27 0.313 0.647 1.703 2 2 2 2 2 2
1996-02-27T22:30:00 1996 2 27 22 30 0 2.7 -3.5 488.0 10.0 4.77 3.23 7.54 7.57 2 2 2 2 2 2 2 2 3.7 3.45 -24.0 -3.5 -3.5 -3.5 -3.5 -3.5 -3.5 0.602 0.818 0.305 0.679 1.247 3.027 2 2 2 2 2 2
1996-02-27T23:30:00 1996 2 27 23 30 0 -2.4 -0.7 482.0 8.9 4.42 1.64 4.81 4.59 2 2 2 2 2 2 2 2 3.7 3.57 -36.0 -0.7 -0.7 -0.7 -0.7 -0.7 -0.7 0.613 0.758 0.316 0.592 0.967 2.622 2 2 2 2 2 2
