1996-09-19T00:30:00 1996 9 19 0 30 0 0.8 -0.4 457.0 2.4 1.0 0.08 0.5 0.12 2 2 2 2 2 2 2 2 1.3 2.66 -25.0 -0.4 -0.4 -0.4 -0.4 -0.4 -0.4 0.18 0.157 0.414 0.071 0.164 0.174 2 2 2 2 2 2
1996-09-19T01:30:00 1996 9 19 1 30 0 0.8 0.2 453.0 2.2 0.91 0.08 0.27 0.06 2 2 2 2 2 2 2 2 1.3 2.44 -25.0 0.2 0.2 0.2 0.2 0.2 0.2 0.129 0.095 0.402 0.042 0.075 0.096 2 2 2 2 2 2
1996-09-19T02:30:00 1996 9 19 2 30 0 -0.7 -0.1 453.0 2.2 0.9 0.02 0.05 0.01 2 2 2 2 2 2 2 2 1.3 2.23 -26.0 -0.1 -0.1 -0.1 -0.1 -0.1 -0.1 0.091 0.059 0.39 0.025 0.045 0.06 2 2 2 2 2 2
1996-09-19T03:30:00 1996 9 19 3 30 0 1.4 0.2 459.0 2.7 1.14 0.05 0.03 0.01 2 2 2 2 2 2 2 2 0.7 1.94 -28.0 0.2 0.2 0.2 0.2 0.2 0.2 0.062 0.032 0.378 0.014 0.017 0.029 2 2 2 2 2 2
1996-09-19T04:30:00 1996 9 19 4 30 0 -1.1 -0.8 452.0 2.5 1.02 0.12 0.8 0.2 2 2 2 2 2 2 2 2 0.7 1.65 -27.0 -0.8 -0.8 -0.8 -0.8 -0.8 -0.8 0.079 0.099 0.368 0.031 0.147 0.127 2 2 2 2 2 2
1996-09-19T05:30:00 1996 9 19 5 30 0 -0.7 -0.8 456.0 2.7 1.12 0.3 1.82 0.47 2 2 2 2 2 2 2 2 0.7 1.4 -26.0 -0.8 -0.8 -0.8 -0.8 -0.8 -0.8 0.117 0.175 0.36 0.061 0.252 0.22 2 2 2 2 2 2
1996-09-19T06:30:00 1996 9 19 6 30 0 -0.2 -0.7 464.0 3.1 1.33 0.19 1.72 0.5 2 2 2 2 2 2 2 2 1.7 1.29 -24.0 -0.7 -0.7 -0.7 -0.7 -0.7 -0.7 0.142 0.212 0.353 0.076 0.287 0.284 2 2 2 2 2 2
1996-09-19T07:30:00 1996 9 19 7 30 0 1.4 -1.3 460.0 3.6 1.52 0.41 2.37 0.8 2 2 2 2 2 2 2 2 1.7 1.18 -21.0 -1.3 -1.3 -1.3 -1.3 -1.3 -1.3 0.189 0.282 0.348 0.119 0.387 0.409 2 2 2 2 2 2
1996-09-19T08:30:00 1996 9 19 8 30 0 1.5 -0.7 463.0 4.2 1.8 0.59 2.25 0.88 2 2 2 2 2 2 2 2 1.7 1.23 -19.0 -0.7 -0.7 -0.7 -0.7 -0.7 -0.7 0.212 0.303 0.343 0.128 0.386 0.481 2 2 2 2 2 2
1996-09-19T09:30:00 1996 9 19 9 30 0 1.4 0.1 465.0 5.1 2.21 0.28 0.64 0.29 2 2 2 2 2 2 2 2 2.7 1.42 -16.0 0.1 0.1 0.1 0.1 0.1 0.1 0.167 0.203 0.333 0.083 0.197 0.328 2 2 2 2 2 2
1996-09-19T10:30:00 1996 9 19 10 30 0 2.6 -2.1 476.0 8.0 3.63 1.07 2.58 1.85 2 2 2 2 2 2 2 2 2.7 1.6 -8.0 -2.1 -2.1 -2.1 -2.1 -2.1 -2.1 0.264 0.387 0.334 0.196 0.559 1.044 2 2 2 2 2 2
1996-09-19T11:30:00 1996 9 19 11 30 0 4.3 -1.2 461.0 9.0 3.83 2.4 3.78 3.21 2 2 2 2 2 2 2 2 2.7 1.85 -3.0 -1.2 -1.2 -1.2 -1.2 -1.2 -1.2 0.357 0.521 0.339 0.278 0.701 1.565 2 2 2 2 2 2
1996-09-19T12:30:00 1996 9 19 12 30 0 4.3 0.4 458.0 10.7 4.49 1.93 0.92 0.87 2 2 2 2 2 2 2 2 2.7 2.09 0.0 0.4 0.4 0.4 0.4 0.4 0.4 0.279 0.334 0.33 0.178 0.322 0.945 2 2 2 2 2 2
1996-09-19T13:30:00 1996 9 19 13 30 0 3.1 2.7 460.0 12.0 5.14 0.73 0.0 0.0 2 2 2 2 2 2 2 2 2.7 2.34 0.0 2.7 2.7 2.7 2.7 2.7 2.7 0.189 0.166 0.32 0.1 0.102 0.392 2 2 2 2 2 2
1996-09-19T14:30:00 1996 9 19 14 30 0 2.6 0.6 456.0 14.9 6.35 0.37 0.0 0.0 2 2 2 2 2 2 2 2 2.7 2.46 4.0 0.6 0.6 0.6 0.6 0.6 0.6 0.128 0.082 0.31 0.056 0.032 0.163 2 2 2 2 2 2
1996-09-19T15:30:00 1996 9 19 15 30 0 -1.9 0.0 477.0 11.8 5.54 0.13 0.0 0.0 2 2 2 2 2 2 2 2 5.0 2.88 4.0 0.0 0.0 0.0 0.0 0.0 0.0 0.086 0.041 0.301 0.031 0.01 0.067 2 2 2 2 2 2
1996-09-19T16:30:00 1996 9 19 16 30 0 -2.3 -5.3 527.0 10.9 6.05 3.8 7.35 8.2 2 2 2 2 2 2 2 2 5.0 3.3 -1.0 -5.3 -5.3 -5.3 -5.3 -5.3 -5.3 0.495 0.688 0.349 0.684 1.3 3.179 2 2 2 2 2 2
1996-09-19T17:30:00 1996 9 19 17 30 0 1.9 -3.3 479.0 13.4 6.22 5.38 10.6 12.87 2 2 2 2 2 2 2 2 5.0 3.59 -16.0 -3.3 -3.3 -3.3 -3.3 -3.3 -3.3 0.84 1.1 0.408 1.126 1.727 4.859 2 2 2 2 2 2
1996-09-19T18:30:00 1996 9 19 18 30 0 3.5 -5.7 472.0 10.0 4.2 6.86 10.92 12.47 2 2 2 2 2 2 2 2 3.7 3.71 -25.0 -5.7 -5.7 -5.7 -5.7 -5.7 -5.7 1.121 1.37 0.469 1.506 1.932 5.07 2 2 2 2 2 2
1996-09-19T19:30:00 1996 9 19 19 30 0 -0.9 -5.4 461.0 9.5 3.74 8.25 12.9 12.56 2 2 2 2 2 2 2 2 3.7 3.83 -35.0 -5.4 -5.4 -5.4 -5.4 -5.4 -5.4 1.334 1.514 0.534 1.779 1.972 4.704 2 2 2 2 2 2
1996-09-19T20:30:00 1996 9 19 20 30 0 -2.4 3.1 481.0 6.6 2.86 1.59 3.49 3.07 2 2 2 2 2 2 2 2 3.7 3.94 -38.0 3.1 3.1 3.1 3.1 3.1 3.1 1.012 0.919 0.53 1.115 0.857 2.46 2 2 2 2 2 2
1996-09-19T21:30:00 1996 9 19 21 30 0 -3.3 2.0 487.0 6.9 3.05 0.3 0.0 0.0 2 2 2 2 2 2 2 2 2.3 3.87 -29.0 2.0 2.0 2.0 2.0 2.0 2.0 0.685 0.456 0.514 0.624 0.271 1.021 2 2 2 2 2 2
1996-09-19T22:30:00 1996 9 19 22 30 0 -1.2 2.3 484.0 6.7 2.95 0.18 0.0 0.0 2 2 2 2 2 2 2 2 2.3 3.81 -26.0 2.3 2.3 2.3 2.3 2.3 2.3 0.464 0.227 0.498 0.349 0.086 0.423 2 2 2 2 2 2
1996-09-19T23:30:00 1996 9 19 23 30 0 5.2 -1.0 518.0 6.2 3.13 0.99 0.5 0.31 2 2 2 2 2 2 2 2 2.3 3.47 -23.0 -1.0 -1.0 -1.0 -1.0 -1.0 -1.0 0.355 0.202 0.486 0.229 0.214 0.519 2 2 2 2 2 2
