1996-02-24T00:30:00 1996 2 24 0 30 0 -3.9 -3.2 450.0 9.7 3.46 4.31 6.45 5.91 2 2 2 2 2 2 2 2 4.0 2.65 -17.0 -3.2 -3.2 -3.2 -3.2 -3.2 -3.2 0.575 0.789 0.452 0.563 1.06 2.227 2 2 2 2 2 2
1996-02-24T01:30:00 1996 2 24 1 30 0 -5.2 -3.1 450.0 12.9 4.62 5.32 7.08 8.09 2 2 2 2 2 2 2 2 4.0 2.63 -18.0 -3.1 -3.1 -3.1 -3.1 -3.1 -3.1 0.76 1.016 0.476 0.789 1.295 3.273 2 2 2 2 2 2
1996-02-24T02:30:00 1996 2 24 2 30 0 -4.6 -8.7 447.0 10.4 3.61 12.55 13.74 15.61 2 2 2 2 2 2 2 2 4.0 2.89 -30.0 -8.7 -8.7 -8.7 -8.7 -8.7 -8.7 1.217 1.526 0.561 1.707 2.02 4.574 2 2 2 2 2 2
1996-02-24T03:30:00 1996 2 24 3 30 0 -1.9 -1.3 447.0 8.0 3.14 7.77 10.49 9.87 2 2 2 2 2 2 2 2 5.3 3.31 -35.0 -1.3 -1.3 -1.3 -1.3 -1.3 -1.3 1.217 1.348 0.594 1.518 1.503 3.537 2 2 2 2 2 2
1996-02-24T04:30:00 1996 2 24 4 30 0 -2.7 3.9 449.0 15.2 5.47 0.3 0.24 0.21 2 2 2 2 2 2 2 2 5.3 3.72 -18.0 3.9 3.9 3.9 3.9 3.9 3.9 0.824 0.669 0.576 0.85 0.476 1.467 2 2 2 2 2 2
1996-02-24T05:30:00 1996 2 24 5 30 0 1.2 -0.1 456.0 14.2 5.38 0.04 0.02 0.03 2 2 2 2 2 2 2 2 5.3 4.1 -11.0 -0.1 -0.1 -0.1 -0.1 -0.1 -0.1 0.563 0.354 0.558 0.478 0.186 0.774 2 2 2 2 2 2
1996-02-24T06:30:00 1996 2 24 6 30 0 -4.2 -0.4 452.0 11.8 4.48 0.59 0.6 0.75 2 2 2 2 2 2 2 2 3.0 4.16 -14.0 -0.4 -0.4 -0.4 -0.4 -0.4 -0.4 0.43 0.308 0.543 0.292 0.259 1.052 2 2 2 2 2 2
1996-02-24T07:30:00 1996 2 24 7 30 0 -2.9 -3.9 437.0 10.0 3.36 3.17 5.07 5.38 2 2 2 2 2 2 2 2 3.0 4.23 -23.0 -3.9 -3.9 -3.9 -3.9 -3.9 -3.9 0.594 0.687 0.554 0.54 0.901 2.198 2 2 2 2 2 2
1996-02-24T08:30:00 1996 2 24 8 30 0 -5.7 -3.0 423.0 11.4 3.6 5.36 7.33 7.86 2 2 2 2 2 2 2 2 3.0 4.1 -29.0 -3.0 -3.0 -3.0 -3.0 -3.0 -3.0 0.764 0.957 0.573 0.762 1.161 2.817 2 2 2 2 2 2
1996-02-24T09:30:00 1996 2 24 9 30 0 -0.2 -1.0 421.0 11.0 3.54 2.21 4.05 4.54 2 2 2 2 2 2 2 2 2.7 3.92 -31.0 -1.0 -1.0 -1.0 -1.0 -1.0 -1.0 0.718 0.86 0.57 0.618 0.884 2.447 2 2 2 2 2 2
1996-02-24T10:30:00 1996 2 24 10 30 0 -5.6 -1.7 411.0 11.4 3.4 1.85 2.86 3.22 2 2 2 2 2 2 2 2 2.7 3.75 -28.0 -1.7 -1.7 -1.7 -1.7 -1.7 -1.7 0.661 0.789 0.564 0.504 0.772 2.218 2 2 2 2 2 2
1996-02-24T11:30:00 1996 2 24 11 30 0 -3.2 4.2 390.0 7.2 1.97 1.23 0.37 0.4 2 2 2 2 2 2 2 2 2.7 3.43 -29.0 4.2 4.2 4.2 4.2 4.2 4.2 0.455 0.411 0.547 0.285 0.264 0.986 2 2 2 2 2 2
1996-02-24T12:30:00 1996 2 24 12 30 0 4.4 6.1 428.0 5.2 1.77 0.09 0.0 0.0 2 2 2 2 2 2 2 2 1.7 2.99 -22.0 6.1 6.1 6.1 6.1 6.1 6.1 0.308 0.204 0.53 0.159 0.083 0.409 2 2 2 2 2 2
1996-02-24T13:30:00 1996 2 24 13 30 0 4.9 4.2 452.0 7.2 2.74 0.55 0.0 0.0 2 2 2 2 2 2 2 2 1.7 2.55 -14.0 4.2 4.2 4.2 4.2 4.2 4.2 0.208 0.101 0.514 0.089 0.026 0.17 2 2 2 2 2 2
1996-02-24T14:30:00 1996 2 24 14 30 0 1.7 3.3 465.0 7.9 3.21 0.29 0.0 0.0 2 2 2 2 2 2 2 2 1.7 2.38 -9.0 3.3 3.3 3.3 3.3 3.3 3.3 0.141 0.05 0.499 0.05 0.008 0.07 2 2 2 2 2 2
1996-02-24T15:30:00 1996 2 24 15 30 0 -3.1 0.1 481.0 7.0 3.05 0.18 0.0 0.0 2 2 2 2 2 2 2 2 2.3 2.3 -12.0 0.1 0.1 0.1 0.1 0.1 0.1 0.096 0.025 0.483 0.028 0.003 0.029 2 2 2 2 2 2
1996-02-24T16:30:00 1996 2 24 16 30 0 -2.1 3.1 472.0 6.3 2.62 0.33 0.0 0.0 2 2 2 2 2 2 2 2 2.3 2.22 -15.0 3.1 3.1 3.1 3.1 3.1 3.1 0.065 0.012 0.469 0.016 0.001 0.012 2 2 2 2 2 2
1996-02-24T17:30:00 1996 2 24 17 30 0 -3.3 -3.1 501.0 6.0 2.82 1.45 2.25 1.36 2 2 2 2 2 2 2 2 2.3 2.17 -23.0 -3.1 -3.1 -3.1 -3.1 -3.1 -3.1 0.176 0.232 0.467 0.175 0.455 0.655 2 2 2 2 2 2
1996-02-24T18:30:00 1996 2 24 18 30 0 -0.6 -3.6 504.0 5.4 2.57 3.93 8.47 4.8 2 2 2 2 2 2 2 2 3.7 2.31 -33.0 -3.6 -3.6 -3.6 -3.6 -3.6 -3.6 0.447 0.595 0.494 0.545 1.042 1.485 2 2 2 2 2 2
1996-02-24T19:30:00 1996 2 24 19 30 0 -0.7 -2.7 478.0 5.7 2.44 2.85 7.63 4.24 2 2 2 2 2 2 2 2 3.7 2.45 -40.0 -2.7 -2.7 -2.7 -2.7 -2.7 -2.7 0.588 0.73 0.512 0.666 1.095 1.655 2 2 2 2 2 2
1996-02-24T20:30:00 1996 2 24 20 30 0 0.7 -0.3 480.0 6.2 2.67 0.72 3.35 1.98 2 2 2 2 2 2 2 2 3.7 2.7 -45.0 -0.3 -0.3 -0.3 -0.3 -0.3 -0.3 0.518 0.576 0.506 0.479 0.69 1.278 2 2 2 2 2 2
1996-02-24T21:30:00 1996 2 24 21 30 0 0.0 2.3 492.0 5.9 2.67 0.01 0.02 0.01 2 2 2 2 2 2 2 2 3.0 2.86 -43.0 2.3 2.3 2.3 2.3 2.3 2.3 0.351 0.286 0.491 0.268 0.218 0.53 2 2 2 2 2 2
1996-02-24T22:30:00 1996 2 24 22 30 0 -2.9 2.7 516.0 3.8 1.97 0.09 0.0 0.0 2 2 2 2 2 2 2 2 3.0 3.01 -42.0 2.7 2.7 2.7 2.7 2.7 2.7 0.237 0.142 0.476 0.15 0.069 0.22 2 2 2 2 2 2
1996-02-24T23:30:00 1996 2 24 23 30 0 -2.7 1.5 515.0 3.7 1.97 0.33 0.0 0.0 2 2 2 2 2 2 2 2 3.0 3.09 -41.0 1.5 1.5 1.5 1.5 1.5 1.5 0.161 0.071 0.461 0.084 0.022 0.091 2 2 2 2 2 2
