1996-10-23T00:30:00 1996 10 23 0 30 0 7.0 -6.4 579.0 7.6 5.02 27.21 25.25 19.44 2 2 2 2 2 2 2 2 7.3 5.76 -81.0 -6.4 -6.4 -6.4 -6.4 -6.4 -6.4 2.02 1.825 1.106 3.668 3.343 6.661 2 2 2 2 2 2
1996-10-23T01:30:00 1996 10 23 1 30 0 5.3 -7.1 595.0 6.9 4.89 20.24 19.92 14.37 2 2 2 2 2 2 2 2 7.3 6.13 -78.0 -7.1 -7.1 -7.1 -7.1 -7.1 -7.1 2.116 1.785 1.235 3.531 3.123 6.273 2 2 2 2 2 2
1996-10-23T02:30:00 1996 10 23 2 30 0 0.4 -9.7 609.0 5.3 3.93 24.09 25.65 15.36 2 2 2 2 2 2 2 2 7.3 6.45 -86.0 -9.7 -9.7 -9.7 -9.7 -9.7 -9.7 2.307 1.836 1.419 3.912 3.341 5.86 2 2 2 2 2 2
1996-10-23T03:30:00 1996 10 23 3 30 0 0.5 -8.7 606.0 4.6 3.34 25.96 27.81 13.71 2 2 2 2 2 2 2 2 5.7 6.56 -104.0 -8.7 -8.7 -8.7 -8.7 -8.7 -8.7 2.399 1.798 1.594 4.043 3.264 5.052 2 2 2 2 2 2
1996-10-23T04:30:00 1996 10 23 4 30 0 -1.5 -0.4 634.0 5.8 4.66 7.91 12.96 6.55 2 2 2 2 2 2 2 2 5.7 6.67 -105.0 -0.4 -0.4 -0.4 -0.4 -0.4 -0.4 1.971 1.305 1.618 2.814 2.006 3.661 2 2 2 2 2 2
1996-10-23T05:30:00 1996 10 23 5 30 0 1.7 1.2 671.0 4.1 3.69 0.08 0.11 0.06 2 2 2 2 2 2 2 2 5.7 6.54 -91.0 1.2 1.2 1.2 1.2 1.2 1.2 1.335 0.648 1.568 1.576 0.635 1.519 2 2 2 2 2 2
1996-10-23T06:30:00 1996 10 23 6 30 0 -0.6 3.1 644.0 3.9 3.23 0.02 0.0 0.0 2 2 2 2 2 2 2 2 3.7 6.14 -78.0 3.1 3.1 3.1 3.1 3.1 3.1 0.904 0.322 1.521 0.882 0.201 0.63 2 2 2 2 2 2
1996-10-23T07:30:00 1996 10 23 7 30 0 2.0 0.9 645.0 3.5 2.91 0.06 0.0 0.0 2 2 2 2 2 2 2 2 3.7 5.76 -69.0 0.9 0.9 0.9 0.9 0.9 0.9 0.612 0.16 1.474 0.494 0.064 0.261 2 2 2 2 2 2
1996-10-23T08:30:00 1996 10 23 8 30 0 2.1 0.8 637.0 3.1 2.34 0.32 0.0 0.0 2 2 2 2 2 2 2 2 3.7 5.31 -72.0 0.8 0.8 0.8 0.8 0.8 0.8 0.414 0.079 1.429 0.277 0.02 0.108 2 2 2 2 2 2
1996-10-23T09:30:00 1996 10 23 9 30 0 2.3 -0.9 632.0 3.0 2.4 0.75 0.88 0.26 2 2 2 2 2 2 2 2 3.3 4.81 -64.0 -0.9 -0.9 -0.9 -0.9 -0.9 -0.9 0.325 0.12 1.389 0.19 0.233 0.314 2 2 2 2 2 2
1996-10-23T10:30:00 1996 10 23 10 30 0 0.1 -1.2 621.0 2.9 2.24 0.76 3.32 0.98 2 2 2 2 2 2 2 2 3.3 4.32 -52.0 -1.2 -1.2 -1.2 -1.2 -1.2 -1.2 0.332 0.233 1.358 0.209 0.519 0.616 2 2 2 2 2 2
1996-10-23T11:30:00 1996 10 23 11 30 0 -1.1 1.7 624.0 3.1 2.41 0.07 0.62 0.18 2 2 2 2 2 2 2 2 3.3 4.02 -48.0 1.7 1.7 1.7 1.7 1.7 1.7 0.236 0.134 1.318 0.124 0.203 0.31 2 2 2 2 2 2
1996-10-23T12:30:00 1996 10 23 12 30 0 4.2 1.9 636.0 3.4 2.75 0.32 0.0 0.0 2 2 2 2 2 2 2 2 1.7 3.52 -42.0 1.9 1.9 1.9 1.9 1.9 1.9 0.16 0.067 1.278 0.069 0.064 0.128 2 2 2 2 2 2
1996-10-23T13:30:00 1996 10 23 13 30 0 -0.1 3.2 617.0 3.2 2.44 0.25 0.0 0.0 2 2 2 2 2 2 2 2 1.7 3.03 -40.0 3.2 3.2 3.2 3.2 3.2 3.2 0.108 0.033 1.239 0.039 0.02 0.053 2 2 2 2 2 2
1996-10-23T14:30:00 1996 10 23 14 30 0 1.9 2.4 626.0 4.0 3.14 0.03 0.0 0.0 2 2 2 2 2 2 2 2 1.7 2.77 -38.0 2.4 2.4 2.4 2.4 2.4 2.4 0.073 0.016 1.201 0.022 0.006 0.022 2 2 2 2 2 2
1996-10-23T15:30:00 1996 10 23 15 30 0 -1.6 1.4 605.0 4.2 3.07 0.03 0.0 0.0 2 2 2 2 2 2 2 2 3.0 2.7 -37.0 1.4 1.4 1.4 1.4 1.4 1.4 0.05 0.008 1.164 0.012 0.002 0.009 2 2 2 2 2 2
1996-10-23T16:30:00 1996 10 23 16 30 0 1.5 1.5 603.0 4.3 3.13 0.03 0.0 0.0 2 2 2 2 2 2 2 2 3.0 2.62 -39.0 1.5 1.5 1.5 1.5 1.5 1.5 0.034 0.004 1.129 0.007 0.001 0.004 2 2 2 2 2 2
1996-10-23T17:30:00 1996 10 23 17 30 0 0.1 0.1 591.0 4.3 3.0 0.03 0.0 0.0 2 2 2 2 2 2 2 2 3.0 2.59 -38.0 0.1 0.1 0.1 0.1 0.1 0.1 0.023 0.002 1.094 0.004 0.0 0.002 2 2 2 2 2 2
1996-10-23T18:30:00 1996 10 23 18 30 0 -0.6 3.6 589.0 4.0 2.73 0.0 0.0 0.0 2 2 2 2 2 2 2 2 2.3 2.47 -38.0 3.6 3.6 3.6 3.6 3.6 3.6 0.015 0.001 1.061 0.002 0.0 0.001 2 2 2 2 2 2
1996-10-23T19:30:00 1996 10 23 19 30 0 -1.0 0.0 581.0 3.8 2.54 0.03 0.0 0.0 2 2 2 2 2 2 2 2 2.3 2.35 -35.0 0.0 0.0 0.0 0.0 0.0 0.0 0.01 0.0 1.028 0.001 0.0 0.0 2 2 2 2 2 2
1996-10-23T20:30:00 1996 10 23 20 30 0 3.4 0.5 581.0 3.8 2.54 0.34 0.0 0.0 2 2 2 2 2 2 2 2 2.3 2.42 -33.0 0.5 0.5 0.5 0.5 0.5 0.5 0.007 0.0 0.997 0.001 0.0 0.0 2 2 2 2 2 2
1996-10-23T21:30:00 1996 10 23 21 30 0 3.8 1.0 575.0 3.5 2.31 1.13 0.0 0.0 2 2 2 2 2 2 2 2 2.0 2.45 -33.0 1.0 1.0 1.0 1.0 1.0 1.0 0.005 0.0 0.967 0.0 0.0 0.0 2 2 2 2 2 2
1996-10-23T22:30:00 1996 10 23 22 30 0 5.4 0.3 561.0 3.2 2.01 2.05 0.0 0.0 2 2 2 2 2 2 2 2 2.0 2.48 -34.0 0.3 0.3 0.3 0.3 0.3 0.3 0.003 0.0 0.937 0.0 0.0 0.0 2 2 2 2 2 2
1996-10-23T23:30:00 1996 10 23 23 30 0 2.5 1.8 571.0 3.1 2.02 1.24 0.0 0.0 2 2 2 2 2 2 2 2 2.0 2.35 -33.0 1.8 1.8 1.8 1.8 1.8 1.8 0.002 0.0 0.908 0.0 0.0 0.0 2 2 2 2 2 2
