1996-03-18T00:30:00 1996 3 18 0 30 0 -1.3 -2.9 437.0 4.2 1.51 2.83 6.32 2.88 2 2 2 2 2 2 2 2 3.3 2.36 -38.0 -2.9 -2.9 -2.9 -2.9 -2.9 -2.9 0.672 0.771 0.341 0.593 0.853 1.16 2 2 2 2 2 2
1996-03-18T01:30:00 1996 3 18 1 30 0 2.0 0.9 441.0 4.7 1.71 0.56 2.16 0.94 2 2 2 2 2 2 2 2 3.3 2.45 -35.0 0.9 0.9 0.9 0.9 0.9 0.9 0.513 0.485 0.335 0.381 0.405 0.655 2 2 2 2 2 2
1996-03-18T02:30:00 1996 3 18 2 30 0 0.3 3.7 434.0 5.2 1.83 0.04 0.0 0.0 2 2 2 2 2 2 2 2 3.3 2.58 -29.0 3.7 3.7 3.7 3.7 3.7 3.7 0.347 0.241 0.325 0.213 0.128 0.272 2 2 2 2 2 2
1996-03-18T03:30:00 1996 3 18 3 30 0 -0.6 -2.3 457.0 5.4 2.1 0.26 1.23 0.66 2 2 2 2 2 2 2 2 2.7 2.63 -27.0 -2.3 -2.3 -2.3 -2.3 -2.3 -2.3 0.318 0.279 0.321 0.206 0.325 0.475 2 2 2 2 2 2
1996-03-18T04:30:00 1996 3 18 4 30 0 -3.0 -2.3 453.0 5.4 2.06 2.02 5.23 2.82 2 2 2 2 2 2 2 2 2.7 2.67 -28.0 -2.3 -2.3 -2.3 -2.3 -2.3 -2.3 0.426 0.493 0.33 0.347 0.671 0.931 2 2 2 2 2 2
1996-03-18T05:30:00 1996 3 18 5 30 0 -2.0 -0.9 439.0 5.7 2.03 1.52 3.44 1.91 2 2 2 2 2 2 2 2 2.7 2.76 -27.0 -0.9 -0.9 -0.9 -0.9 -0.9 -0.9 0.422 0.493 0.33 0.312 0.585 0.925 2 2 2 2 2 2
1996-03-18T06:30:00 1996 3 18 6 30 0 -0.7 -1.1 443.0 5.6 2.05 0.53 2.22 1.26 2 2 2 2 2 2 2 2 1.7 2.71 -27.0 -1.1 -1.1 -1.1 -1.1 -1.1 -1.1 0.39 0.456 0.326 0.256 0.506 0.859 2 2 2 2 2 2
1996-03-18T07:30:00 1996 3 18 7 30 0 0.0 -1.1 439.0 5.3 1.91 0.35 2.42 1.32 2 2 2 2 2 2 2 2 1.7 2.66 -20.0 -1.1 -1.1 -1.1 -1.1 -1.1 -1.1 0.372 0.441 0.323 0.229 0.485 0.817 2 2 2 2 2 2
1996-03-18T08:30:00 1996 3 18 8 30 0 -0.5 -2.5 426.0 5.0 1.69 0.94 4.01 2.05 2 2 2 2 2 2 2 2 1.7 2.46 -17.0 -2.5 -2.5 -2.5 -2.5 -2.5 -2.5 0.427 0.534 0.327 0.309 0.627 0.899 2 2 2 2 2 2
1996-03-18T09:30:00 1996 3 18 9 30 0 -0.1 -1.9 426.0 5.9 2.0 1.22 4.63 2.53 2 2 2 2 2 2 2 2 2.0 2.3 -13.0 -1.9 -1.9 -1.9 -1.9 -1.9 -1.9 0.477 0.599 0.332 0.366 0.684 1.001 2 2 2 2 2 2
1996-03-18T10:30:00 1996 3 18 10 30 0 -1.5 -3.4 420.0 5.8 1.89 1.99 5.73 3.35 2 2 2 2 2 2 2 2 2.0 2.14 -15.0 -3.4 -3.4 -3.4 -3.4 -3.4 -3.4 0.571 0.721 0.343 0.5 0.836 1.186 2 2 2 2 2 2
1996-03-18T11:30:00 1996 3 18 11 30 0 -1.5 -2.1 421.0 6.4 2.12 2.14 5.67 3.46 2 2 2 2 2 2 2 2 2.0 2.06 -13.0 -2.1 -2.1 -2.1 -2.1 -2.1 -2.1 0.614 0.753 0.352 0.532 0.824 1.254 2 2 2 2 2 2
1996-03-18T12:30:00 1996 3 18 12 30 0 -2.0 -1.1 424.0 6.8 2.29 1.07 3.29 2.17 2 2 2 2 2 2 2 2 2.0 1.97 -14.0 -1.1 -1.1 -1.1 -1.1 -1.1 -1.1 0.559 0.652 0.351 0.424 0.65 1.143 2 2 2 2 2 2
1996-03-18T13:30:00 1996 3 18 13 30 0 -0.9 -1.0 427.0 6.4 2.16 0.57 2.23 1.47 2 2 2 2 2 2 2 2 2.0 1.89 -12.0 -1.0 -1.0 -1.0 -1.0 -1.0 -1.0 0.486 0.547 0.347 0.32 0.524 1.0 2 2 2 2 2 2
1996-03-18T14:30:00 1996 3 18 14 30 0 -1.8 -1.2 418.0 6.6 2.13 0.59 2.34 1.52 2 2 2 2 2 2 2 2 2.0 1.93 -12.0 -1.2 -1.2 -1.2 -1.2 -1.2 -1.2 0.444 0.509 0.343 0.271 0.501 0.953 2 2 2 2 2 2
1996-03-18T15:30:00 1996 3 18 15 30 0 -0.5 -1.8 409.0 7.4 2.3 0.77 3.15 2.22 2 2 2 2 2 2 2 2 1.3 1.87 -10.0 -1.8 -1.8 -1.8 -1.8 -1.8 -1.8 0.458 0.564 0.343 0.296 0.588 1.087 2 2 2 2 2 2
1996-03-18T16:30:00 1996 3 18 16 30 0 0.3 -2.4 412.0 7.4 2.32 1.12 4.36 3.23 2 2 2 2 2 2 2 2 1.3 1.82 -11.0 -2.4 -2.4 -2.4 -2.4 -2.4 -2.4 0.521 0.671 0.348 0.386 0.726 1.301 2 2 2 2 2 2
1996-03-18T17:30:00 1996 3 18 17 30 0 -1.3 -2.1 407.0 7.0 2.15 1.29 4.58 3.29 2 2 2 2 2 2 2 2 1.3 1.73 -15.0 -2.1 -2.1 -2.1 -2.1 -2.1 -2.1 0.561 0.716 0.353 0.432 0.748 1.334 2 2 2 2 2 2
1996-03-18T18:30:00 1996 3 18 18 30 0 0.1 -2.0 395.0 7.9 2.27 1.06 4.1 3.07 2 2 2 2 2 2 2 2 2.3 1.77 -16.0 -2.0 -2.0 -2.0 -2.0 -2.0 -2.0 0.574 0.729 0.356 0.435 0.724 1.337 2 2 2 2 2 2
1996-03-18T19:30:00 1996 3 18 19 30 0 0.5 -0.3 406.0 7.8 2.45 0.35 2.16 1.69 2 2 2 2 2 2 2 2 2.3 1.81 -17.0 -0.3 -0.3 -0.3 -0.3 -0.3 -0.3 0.483 0.565 0.351 0.312 0.479 1.045 2 2 2 2 2 2
1996-03-18T20:30:00 1996 3 18 20 30 0 0.8 -0.9 403.0 5.8 1.72 0.17 1.26 0.83 2 2 2 2 2 2 2 2 2.3 1.86 -16.0 -0.9 -0.9 -0.9 -0.9 -0.9 -0.9 0.399 0.449 0.343 0.221 0.377 0.799 2 2 2 2 2 2
1996-03-18T21:30:00 1996 3 18 21 30 0 0.7 -0.7 406.0 7.0 2.1 0.23 1.6 1.03 2 2 2 2 2 2 2 2 2.0 1.86 -18.0 -0.7 -0.7 -0.7 -0.7 -0.7 -0.7 0.35 0.405 0.336 0.177 0.359 0.735 2 2 2 2 2 2
1996-03-18T22:30:00 1996 3 18 22 30 0 0.0 0.2 401.0 8.1 2.34 0.05 0.49 0.36 2 2 2 2 2 2 2 2 2.0 1.86 -23.0 0.2 0.2 0.2 0.2 0.2 0.2 0.257 0.253 0.327 0.108 0.172 0.446 2 2 2 2 2 2
1996-03-18T23:30:00 1996 3 18 23 30 0 0.7 0.4 401.0 10.1 2.92 0.01 0.0 0.0 2 2 2 2 2 2 2 2 2.0 1.94 -18.0 0.4 0.4 0.4 0.4 0.4 0.4 0.174 0.126 0.317 0.06 0.054 0.185 2 2 2 2 2 2
