1996-01-14T00:30:00 1996 1 14 0 30 0 -1.08 -0.17 404.3 8.57 2.57 0.13 0.34 0.29 0 0 1 0 0 0 1 0 2.7 2.79 -31.0 -0.67 -0.5 -1.0 -0.98 -0.52 -0.37 0.242 0.307 0.183 0.183 0.298 0.651 0 0 1 0 0 0
1996-01-14T01:30:00 1996 1 14 1 30 0 -1.08 -0.17 405.2 8.56 2.57 0.13 0.34 0.29 0 0 1 0 0 0 1 0 2.7 2.56 -29.0 -0.67 -0.5 -1.0 -0.98 -0.52 -0.37 0.243 0.307 0.183 0.183 0.299 0.654 0 0 1 0 0 0
1996-01-14T02:30:00 1996 1 14 2 30 0 -1.08 -0.17 406.1 8.56 2.57 0.13 0.34 0.3 0 0 1 0 0 0 1 0 2.7 2.6 -28.0 -0.67 -0.5 -1.01 -0.99 -0.52 -0.37 0.243 0.307 0.184 0.184 0.3 0.657 0 0 1 0 0 0
1996-01-14T03:30:00 1996 1 14 3 30 0 -0.08 -0.17 407.0 8.56 2.57 0.05 0.35 0.3 1 0 1 0 0 1 1 0 1.3 2.47 -28.0 -0.67 -0.5 -1.01 -0.99 -0.52 -0.37 0.243 0.307 0.184 0.186 0.301 0.66 0 0 1 0 0 0
1996-01-14T04:30:00 1996 1 14 4 30 0 2.48 -0.17 407.9 8.55 2.57 0.23 0.35 0.3 1 0 1 0 0 1 1 0 1.3 2.34 -26.0 -0.68 -0.5 -1.01 -0.99 -0.52 -0.37 0.244 0.307 0.184 0.187 0.302 0.663 0 0 1 0 0 0
1996-01-14T05:30:00 1996 1 14 5 30 0 5.04 -0.54 408.8 9.19 2.57 1.47 0.76 0.68 1 1 1 1 0 1 1 1 1.3 2.16 -28.0 -0.98 -0.83 -1.28 -1.26 -0.85 -0.72 0.267 0.355 0.186 0.21 0.37 0.82 0 1 1 1 1 1
1996-01-14T06:30:00 1996 1 14 6 30 0 6.4 -2.62 409.7 10.37 2.59 4.18 3.41 3.39 1 1 1 1 1 1 1 1 2.3 2.11 -31.0 -2.71 -2.68 -2.78 -2.77 -2.68 -2.66 0.409 0.607 0.199 0.379 0.708 1.535 1 1 1 1 1 1
1996-01-14T07:30:00 1996 1 14 7 30 0 6.4 -3.2 410.6 11.55 3.07 6.45 6.02 6.64 2 2 1 1 1 2 2 1 2.3 2.07 -30.0 -3.2 -3.2 -3.2 -3.2 -3.2 -3.2 0.605 0.886 0.221 0.611 1.017 2.344 1 1 1 1 1 1
1996-01-14T08:30:00 1996 1 14 8 30 0 5.2 -2.4 411.0 12.74 3.56 5.49 5.68 6.91 2 2 1 1 1 2 2 1 2.3 2.02 -25.0 -2.4 -2.4 -2.4 -2.4 -2.4 -2.4 0.715 1.0 0.24 0.691 1.068 2.781 1 1 1 1 1 1
1996-01-14T09:30:00 1996 1 14 9 30 0 4.5 -4.6 411.0 13.7 4.04 5.83 7.38 9.82 2 2 1 1 1 2 2 1 5.0 2.33 -26.0 -4.6 -4.6 -4.6 -4.6 -4.6 -4.6 0.916 1.248 0.275 0.976 1.362 3.629 1 1 1 1 1 1
1996-01-14T10:30:00 1996 1 14 10 30 0 0.6 -8.8 411.0 13.7 4.19 11.42 14.13 19.36 2 2 1 1 1 2 2 1 5.0 2.64 -34.0 -8.8 -8.8 -8.8 -8.8 -8.8 -8.8 1.387 1.79 0.365 1.919 2.045 5.09 1 1 1 1 1 1
1996-01-14T11:30:00 1996 1 14 11 30 0 -0.8 -8.7 411.0 13.7 4.19 16.14 17.97 24.62 2 2 2 2 2 2 2 2 5.0 3.11 -37.0 -8.7 -8.7 -8.7 -8.7 -8.7 -8.7 1.831 2.195 0.48 2.762 2.429 6.005 1 2 1 2 2 2
1996-01-14T12:30:00 1996 1 14 12 30 0 -4.5 -6.0 396.0 14.5 4.15 12.3 14.6 20.59 2 2 2 2 2 2 2 2 4.3 3.48 -48.0 -6.0 -6.0 -6.0 -6.0 -6.0 -6.0 1.965 2.214 0.556 2.775 2.226 5.87 2 2 1 2 2 2
1996-01-14T13:30:00 1996 1 14 13 30 0 -2.7 -3.6 382.0 17.2 4.59 6.36 9.14 14.48 2 2 2 2 2 2 2 2 4.3 3.84 -45.0 -3.6 -3.6 -3.6 -3.6 -3.6 -3.6 1.832 1.976 0.588 2.248 1.765 5.33 2 2 1 2 2 2
1996-01-14T14:30:00 1996 1 14 14 30 0 -0.9 -3.1 383.0 18.4 4.92 2.85 6.37 11.36 2 2 2 2 2 2 2 2 4.3 4.08 -41.0 -3.1 -3.1 -3.1 -3.1 -3.1 -3.1 1.639 1.736 0.603 1.745 1.457 4.981 2 2 1 2 2 2
1996-01-14T15:30:00 1996 1 14 15 30 0 -1.8 0.3 401.0 25.4 7.53 0.8 2.5 5.18 2 2 2 2 2 2 2 2 3.3 4.19 -29.0 0.3 0.3 0.3 0.3 0.3 0.3 1.25 1.155 0.594 1.098 0.779 3.515 2 2 1 2 2 2
1996-01-14T16:30:00 1996 1 14 16 30 0 0.0 2.5 426.0 29.7 9.76 0.04 0.0 0.0 2 2 2 2 2 2 2 2 3.3 4.29 -21.0 2.5 2.5 2.5 2.5 2.5 2.5 0.846 0.574 0.575 0.615 0.247 1.458 2 2 1 2 2 2
1996-01-14T17:30:00 1996 1 14 17 30 0 -6.8 1.8 456.0 17.8 6.92 0.89 0.0 0.0 2 2 2 2 2 2 2 2 3.3 4.08 -26.0 1.8 1.8 1.8 1.8 1.8 1.8 0.573 0.285 0.558 0.344 0.078 0.605 2 2 1 2 2 2
1996-01-14T18:30:00 1996 1 14 18 30 0 -6.1 -1.9 523.0 10.3 6.59 4.21 1.46 1.66 2 2 2 2 2 2 2 2 3.7 3.92 -36.0 -1.9 -1.9 -1.9 -1.9 -1.9 -1.9 0.503 0.368 0.55 0.313 0.479 1.527 2 2 1 2 2 2
1996-01-14T19:30:00 1996 1 14 19 30 0 -5.8 -0.8 558.0 7.9 5.49 5.15 3.52 3.22 2 2 2 2 2 2 2 2 3.7 3.77 -38.0 -0.8 -0.8 -0.8 -0.8 -0.8 -0.8 0.505 0.468 0.549 0.325 0.711 2.078 2 2 1 2 2 2
1996-01-14T20:30:00 1996 1 14 20 30 0 -4.8 2.7 567.0 6.9 4.8 2.4 0.17 0.13 2 2 2 2 2 2 2 2 3.7 3.69 -37.0 2.7 2.7 2.7 2.7 2.7 2.7 0.342 0.233 0.532 0.182 0.225 0.862 2 2 1 2 2 2
1996-01-14T21:30:00 1996 1 14 21 30 0 -5.3 -5.4 605.0 6.5 4.96 6.15 6.05 3.98 2 2 2 2 2 2 2 2 5.3 3.83 -37.0 -5.4 -5.4 -5.4 -5.4 -5.4 -5.4 0.548 0.551 0.567 0.626 1.184 2.24 2 2 2 2 2 2
1996-01-14T22:30:00 1996 1 14 22 30 0 -4.9 -2.3 601.0 5.7 4.1 9.37 11.22 6.87 2 2 2 2 2 2 2 2 5.3 3.97 -44.0 -2.3 -2.3 -2.3 -2.3 -2.3 -2.3 0.754 0.767 0.616 0.912 1.533 2.894 2 2 2 2 2 2
1996-01-14T23:30:00 1996 1 14 23 30 0 -3.5 1.6 595.0 5.9 4.13 2.5 1.75 1.0 2 2 2 2 2 2 2 2 5.3 4.23 -35.0 1.6 1.6 1.6 1.6 1.6 1.6 0.558 0.456 0.603 0.55 0.632 1.527 2 2 2 2 2 2
