1987-10-11T00:30:00 1987 10 11 0 30 0 0.03 0.36 414.9 8.89 3.2 0.0 0.0 0.0 0 0 1 0 0 0 1 0 2.7 1.74 -1.0 -0.78 -0.55 -1.25 -1.22 -0.57 -0.37 0.282 0.333 0.177 0.25 0.333 0.712 0 0 0 0 0 0
1987-10-11T01:30:00 1987 10 11 1 30 0 0.02 0.36 419.1 8.88 3.2 0.0 0.0 0.0 0 0 1 0 0 0 1 0 2.7 1.92 2.0 -0.78 -0.55 -1.25 -1.22 -0.57 -0.37 0.284 0.334 0.18 0.253 0.339 0.729 0 0 0 0 0 0
1987-10-11T02:30:00 1987 10 11 2 30 0 0.02 0.36 423.4 8.88 3.2 0.0 0.0 0.0 0 0 1 0 0 0 1 0 2.7 2.01 -4.0 -0.78 -0.55 -1.25 -1.22 -0.57 -0.38 0.286 0.334 0.183 0.257 0.344 0.751 0 0 0 0 0 0
1987-10-11T03:30:00 1987 10 11 3 30 0 0.01 0.35 427.7 8.88 3.2 0.0 0.0 0.0 0 0 1 0 0 0 1 0 3.0 2.14 -12.0 -0.78 -0.55 -1.25 -1.22 -0.57 -0.38 0.289 0.335 0.186 0.26 0.35 0.773 0 0 0 0 0 0
1987-10-11T04:30:00 1987 10 11 4 30 0 0.01 0.35 431.9 8.87 3.2 0.0 0.0 0.0 0 0 1 0 0 0 1 0 3.0 2.27 -12.0 -0.78 -0.55 -1.25 -1.23 -0.57 -0.38 0.291 0.335 0.19 0.264 0.355 0.793 0 0 0 0 0 0
1987-10-11T05:30:00 1987 10 11 5 30 0 0.01 0.35 436.2 8.87 3.2 0.0 0.0 0.0 0 0 1 0 0 0 1 0 3.0 2.48 -14.0 -0.78 -0.55 -1.25 -1.23 -0.57 -0.38 0.293 0.336 0.193 0.268 0.361 0.812 0 0 0 0 0 0
1987-10-11T06:30:00 1987 10 11 6 30 0 0.0 0.35 440.5 8.87 3.2 0.0 0.0 0.0 0 0 1 0 0 0 1 0 4.0 2.82 -21.0 -0.78 -0.55 -1.25 -1.23 -0.57 -0.38 0.296 0.337 0.197 0.272 0.366 0.832 0 0 0 0 0 0
1987-10-11T07:30:00 1987 10 11 7 30 0 0.0 0.35 444.8 8.86 3.2 0.0 0.0 0.0 0 0 1 0 0 0 1 0 4.0 3.15 -21.0 -0.78 -0.55 -1.26 -1.23 -0.57 -0.38 0.298 0.337 0.201 0.276 0.372 0.851 0 0 0 0 0 0
1987-10-11T08:30:00 1987 10 11 8 30 0 -0.01 0.34 449.1 8.86 3.2 0.0 0.0 0.0 0 0 1 0 0 0 1 0 4.0 3.32 -20.0 -0.78 -0.55 -1.26 -1.23 -0.57 -0.38 0.3 0.338 0.204 0.279 0.378 0.871 0 0 0 0 0 0
1987-10-11T09:30:00 1987 10 11 9 30 0 -0.01 0.34 453.4 8.86 3.2 0.0 0.0 0.0 0 0 1 0 0 0 1 0 3.0 3.35 -15.0 -0.79 -0.55 -1.26 -1.23 -0.57 -0.38 0.303 0.338 0.208 0.282 0.384 0.891 0 0 0 0 0 0
1987-10-11T10:30:00 1987 10 11 10 30 0 -0.01 0.34 457.7 8.85 3.2 0.0 0.0 0.0 0 0 1 0 0 0 1 0 3.0 3.38 -17.0 -0.79 -0.55 -1.26 -1.23 -0.57 -0.38 0.306 0.339 0.213 0.286 0.39 0.911 0 0 0 0 0 0
1987-10-11T11:30:00 1987 10 11 11 30 0 -0.02 0.34 459.9 8.85 3.2 0.0 0.0 0.0 0 0 0 0 0 0 0 0 3.0 3.37 -9.0 -0.79 -0.55 -1.26 -1.23 -0.57 -0.38 0.309 0.339 0.217 0.289 0.394 0.927 0 0 0 0 0 0
1987-10-11T12:30:00 1987 10 11 12 30 0 -0.02 0.34 460.0 8.85 3.2 0.0 0.0 0.0 0 0 0 0 0 0 0 0 3.7 3.46 -3.0 -0.79 -0.55 -1.26 -1.23 -0.58 -0.38 0.311 0.339 0.221 0.291 0.398 0.936 0 0 0 0 0 0
1987-10-11T13:30:00 1987 10 11 13 30 0 -0.02 0.33 460.2 8.84 3.2 0.0 0.0 0.0 0 0 0 0 0 0 0 0 3.7 3.54 -2.0 -0.79 -0.55 -1.26 -1.23 -0.58 -0.38 0.312 0.339 0.225 0.292 0.401 0.94 0 0 0 0 0 0
1987-10-11T14:30:00 1987 10 11 14 30 0 -0.03 0.33 460.3 8.84 3.2 0.0 0.0 0.0 0 0 0 0 0 0 0 0 3.7 3.51 -5.0 -0.79 -0.55 -1.26 -1.23 -0.58 -0.38 0.313 0.339 0.229 0.292 0.402 0.941 0 0 0 0 0 0
1987-10-11T15:30:00 1987 10 11 15 30 0 -0.03 0.33 460.4 8.84 3.2 0.0 0.0 0.0 0 0 0 0 0 0 0 0 5.7 3.74 -25.0 -0.79 -0.55 -1.26 -1.23 -0.58 -0.38 0.314 0.339 0.232 0.293 0.402 0.942 0 0 0 0 0 0
1987-10-11T16:30:00 1987 10 11 16 30 0 -0.04 0.33 460.5 8.83 3.2 0.0 0.0 0.0 0 0 0 0 0 0 0 0 5.7 3.97 -41.0 -0.79 -0.55 -1.26 -1.23 -0.58 -0.38 0.314 0.339 0.236 0.293 0.402 0.942 0 0 0 0 0 0
1987-10-11T17:30:00 1987 10 11 17 30 0 -0.04 0.33 460.6 8.83 3.2 0.0 0.0 0.0 0 0 0 0 0 0 0 0 5.7 4.31 -51.0 -0.79 -0.55 -1.26 -1.23 -0.58 -0.38 0.314 0.339 0.24 0.293 0.402 0.942 0 0 0 0 0 0
1987-10-11T18:30:00 1987 10 11 18 30 0 -0.04 0.32 460.7 8.83 3.2 0.0 0.0 0.0 0 0 0 0 0 0 0 0 5.0 4.55 -51.0 -0.79 -0.55 -1.26 -1.23 -0.58 -0.38 0.315 0.339 0.243 0.293 0.402 0.943 0 0 0 0 0 0
1987-10-11T19:30:00 1987 10 11 19 30 0 -0.05 0.32 460.8 8.82 3.2 0.0 0.0 0.0 0 0 0 0 0 0 0 0 5.0 4.79 -44.0 -0.79 -0.55 -1.26 -1.23 -0.58 -0.38 0.315 0.339 0.246 0.293 0.402 0.943 0 0 0 0 0 0
1987-10-11T20:30:00 1987 10 11 20 30 0 -0.05 0.32 460.9 8.82 3.2 0.0 0.0 0.0 0 0 0 0 0 0 0 0 5.0 4.95 -53.0 -0.79 -0.55 -1.26 -1.23 -0.58 -0.38 0.315 0.339 0.25 0.293 0.402 0.942 0 0 0 0 0 0
1987-10-11T21:30:00 1987 10 11 21 30 0 -0.05 0.32 461.0 8.82 3.2 0.0 0.0 0.0 0 0 0 0 0 0 0 0 3.7 4.93 -50.0 -0.79 -0.55 -1.26 -1.23 -0.58 -0.38 0.315 0.339 0.253 0.293 0.403 0.943 0 0 0 0 0 0
1987-10-11T22:30:00 1987 10 11 22 30 0 -0.06 0.32 461.1 8.81 3.2 0.0 0.0 0.0 0 0 0 0 0 0 0 0 3.7 4.91 -37.0 -0.79 -0.56 -1.26 -1.23 -0.58 -0.38 0.315 0.341 0.256 0.293 0.403 0.943 0 0 0 0 0 0
1987-10-11T23:30:00 1987 10 11 23 30 0 -0.06 0.31 461.2 8.81 3.2 0.0 0.0 0.0 0 0 0 0 0 0 0 0 3.7 4.66 -32.0 -0.79 -0.56 -1.26 -1.23 -0.58 -0.38 0.315 0.342 0.259 0.293 0.403 0.943 0 0 0 0 0 0
