1987-07-07T00:30:00 1987 7 7 0 30 0 -2.3 -1.2 341.0 4.7 0.98 0.89 1.84 0.85 2 2 2 2 2 2 2 2 0.7 1.37 -3.0 -1.2 -1.2 -1.2 -1.2 -1.2 -1.2 0.205 0.293 0.142 0.109 0.255 0.285 2 2 1 2 2 2
1987-07-07T01:30:00 1987 7 7 1 30 0 -3.1 0.2 352.0 4.7 1.0 0.7 0.8 0.38 2 2 2 2 2 2 2 2 0.7 1.29 -2.0 0.2 0.2 0.2 0.2 0.2 0.2 0.167 0.216 0.139 0.075 0.147 0.203 2 2 1 2 2 2
1987-07-07T02:30:00 1987 7 7 2 30 0 -3.1 0.6 353.0 4.6 0.98 0.57 0.0 0.0 2 2 2 2 2 2 2 2 0.7 1.22 -1.0 0.6 0.6 0.6 0.6 0.6 0.6 0.113 0.107 0.135 0.042 0.047 0.084 2 2 1 2 2 2
1987-07-07T03:30:00 1987 7 7 3 30 0 -2.6 0.6 349.0 5.4 1.16 0.43 0.0 0.0 2 2 2 2 2 2 2 2 0.7 1.14 1.0 0.6 0.6 0.6 0.6 0.6 0.6 0.077 0.053 0.131 0.024 0.015 0.035 2 2 1 2 2 2
1987-07-07T04:30:00 1987 7 7 4 30 0 0.5 2.6 341.0 6.7 1.39 0.06 0.0 0.0 2 2 2 2 2 2 2 2 0.7 1.06 2.0 2.6 2.6 2.6 2.6 2.6 2.6 0.052 0.026 0.127 0.013 0.005 0.014 2 2 1 2 2 2
1987-07-07T05:30:00 1987 7 7 5 30 0 0.7 2.0 334.0 8.3 1.63 0.0 0.0 0.0 2 2 2 2 2 2 2 2 0.7 0.94 4.0 2.0 2.0 2.0 2.0 2.0 2.0 0.035 0.013 0.123 0.007 0.001 0.006 2 2 1 2 2 2
1987-07-07T06:30:00 1987 7 7 6 30 0 -1.7 1.9 336.0 8.6 1.75 0.01 0.0 0.0 2 2 2 2 2 2 2 2 0.7 0.82 6.0 1.9 1.9 1.9 1.9 1.9 1.9 0.024 0.007 0.119 0.004 0.0 0.002 2 2 1 2 2 2
1987-07-07T07:30:00 1987 7 7 7 30 0 -1.2 0.2 333.0 9.0 1.77 0.06 0.0 0.0 2 2 2 2 2 2 2 2 0.7 0.7 6.0 0.2 0.2 0.2 0.2 0.2 0.2 0.016 0.003 0.115 0.002 0.0 0.001 2 2 1 2 2 2
1987-07-07T08:30:00 1987 7 7 8 30 0 2.9 0.4 333.0 9.8 1.88 0.13 0.0 0.0 2 2 2 2 2 2 2 2 0.7 0.7 7.0 0.4 0.4 0.4 0.4 0.4 0.4 0.011 0.002 0.112 0.001 0.0 0.0 2 2 1 2 2 2
1987-07-07T09:30:00 1987 7 7 9 30 0 1.5 1.3 327.0 9.2 1.71 0.2 0.0 0.0 2 2 2 2 2 2 2 2 0.7 0.7 7.0 1.3 1.3 1.3 1.3 1.3 1.3 0.007 0.001 0.108 0.001 0.0 0.0 2 2 1 2 2 2
1987-07-07T10:30:00 1987 7 7 10 30 0 0.8 2.2 327.0 9.9 1.82 0.02 0.0 0.0 2 2 2 2 2 2 2 2 0.7 0.7 7.0 2.2 2.2 2.2 2.2 2.2 2.2 0.005 0.0 0.105 0.0 0.0 0.0 2 2 1 2 2 2
1987-07-07T11:30:00 1987 7 7 11 30 0 0.3 1.15 327.0 10.0 2.14 0.0 0.0 0.0 1 1 2 2 2 1 2 2 0.7 0.7 8.0 1.15 1.15 1.15 1.15 1.15 1.15 0.003 0.0 0.102 0.0 0.0 0.0 2 2 1 2 2 2
1987-07-07T12:30:00 1987 7 7 12 30 0 -0.2 0.1 320.0 11.3 2.07 0.0 0.0 0.0 2 2 2 2 2 2 2 2 1.0 0.74 6.0 0.1 0.1 0.1 0.1 0.1 0.1 0.002 0.0 0.099 0.0 0.0 0.0 2 2 1 2 2 2
1987-07-07T13:30:00 1987 7 7 13 30 0 0.6 -0.7 316.0 11.3 2.01 0.04 0.53 0.6 2 2 2 2 2 2 2 2 1.0 0.78 6.0 -0.7 -0.7 -0.7 -0.7 -0.7 -0.7 0.049 0.15 0.097 0.025 0.14 0.327 2 2 1 2 2 2
1987-07-07T14:30:00 1987 7 7 14 30 0 -1.0 -2.2 321.0 11.4 2.1 0.51 2.41 2.74 2 2 2 2 2 2 2 2 1.0 0.82 4.0 -2.2 -2.2 -2.2 -2.2 -2.2 -2.2 0.194 0.457 0.101 0.154 0.409 0.843 2 2 1 2 2 2
1987-07-07T15:30:00 1987 7 7 15 30 0 -2.5 -1.5 324.0 11.1 2.09 1.01 2.94 3.3 2 2 2 2 2 2 2 2 0.7 0.81 2.0 -1.5 -1.5 -1.5 -1.5 -1.5 -1.5 0.299 0.611 0.106 0.229 0.49 1.059 2 2 1 2 2 2
1987-07-07T16:30:00 1987 7 7 16 30 0 -3.7 -1.9 322.0 11.5 2.13 1.53 2.77 3.14 2 2 2 2 2 2 2 2 0.7 0.81 2.0 -1.9 -1.9 -1.9 -1.9 -1.9 -1.9 0.372 0.697 0.111 0.275 0.53 1.176 2 2 1 2 2 2
1987-07-07T17:30:00 1987 7 7 17 30 0 -4.1 -2.2 321.0 12.4 2.24 2.23 3.31 3.98 2 2 2 2 2 2 2 2 0.7 0.81 2.0 -2.2 -2.2 -2.2 -2.2 -2.2 -2.2 0.453 0.801 0.118 0.342 0.597 1.356 2 2 1 2 2 2
1987-07-07T18:30:00 1987 7 7 18 30 0 -2.9 -0.8 322.0 12.9 2.42 1.52 2.32 2.93 2 2 2 2 2 2 2 2 2.0 0.98 3.0 -0.8 -0.8 -0.8 -0.8 -0.8 -0.8 0.44 0.722 0.12 0.292 0.483 1.25 2 2 1 2 2 2
1987-07-07T19:30:00 1987 7 7 19 30 0 -2.6 -1.8 324.0 14.4 2.71 1.08 2.17 2.99 2 2 2 2 2 2 2 2 2.0 1.15 3.0 -1.8 -1.8 -1.8 -1.8 -1.8 -1.8 0.454 0.741 0.123 0.291 0.518 1.397 2 2 1 2 2 2
1987-07-07T20:30:00 1987 7 7 20 30 0 -4.4 -0.3 336.0 18.5 3.66 1.33 1.62 2.62 2 2 2 2 2 2 2 2 2.0 1.28 9.0 -0.3 -0.3 -0.3 -0.3 -0.3 -0.3 0.408 0.632 0.123 0.229 0.404 1.384 2 2 1 2 2 2
1987-07-07T21:30:00 1987 7 7 21 30 0 -3.2 -0.5 344.0 22.7 4.84 1.15 0.7 1.46 2 2 2 2 2 2 2 2 0.7 1.23 11.0 -0.5 -0.5 -0.5 -0.5 -0.5 -0.5 0.343 0.522 0.121 0.162 0.332 1.489 2 2 1 2 2 2
1987-07-07T22:30:00 1987 7 7 22 30 0 2.0 0.8 342.0 24.9 5.21 0.17 0.13 0.3 2 2 2 2 2 2 2 2 0.7 1.19 14.0 0.8 0.8 0.8 0.8 0.8 0.8 0.239 0.281 0.118 0.093 0.122 0.728 2 2 1 2 2 2
1987-07-07T23:30:00 1987 7 7 23 30 0 4.1 -0.3 340.0 23.9 5.32 0.67 0.09 0.22 2 2 2 2 2 2 2 2 0.7 1.18 18.0 -0.3 -0.3 -0.3 -0.3 -0.3 -0.3 0.178 0.203 0.115 0.059 0.106 0.651 2 2 1 2 2 2
