1987-03-29T00:30:00 1987 3 29 0 30 0 2.3 3.5 525.0 3.4 1.85 0.13 0.0 0.0 2 2 2 2 2 2 2 2 0.7 0.96 -14.0 3.5 3.5 3.5 3.5 3.5 3.5 0.066 0.027 0.2 0.038 0.012 0.036 0 0 0 0 0 0
1987-03-29T01:30:00 1987 3 29 1 30 0 2.2 2.8 521.0 3.8 2.06 0.13 0.0 0.0 2 2 2 2 2 2 2 2 0.7 0.92 -10.0 2.8 2.8 2.8 2.8 2.8 2.8 0.045 0.013 0.193 0.021 0.004 0.015 0 0 0 0 0 0
1987-03-29T02:30:00 1987 3 29 2 30 0 2.2 2.5 519.0 4.1 2.22 0.14 0.0 0.0 2 2 2 2 2 2 2 2 0.7 0.84 -8.0 2.5 2.5 2.5 2.5 2.5 2.5 0.03 0.007 0.188 0.012 0.001 0.006 0 0 0 0 0 0
1987-03-29T03:30:00 1987 3 29 3 30 0 0.2 2.7 509.0 4.1 2.14 0.03 0.0 0.0 2 2 2 2 2 2 2 2 1.3 0.85 -7.0 2.7 2.7 2.7 2.7 2.7 2.7 0.02 0.003 0.182 0.007 0.0 0.003 0 0 0 0 0 0
1987-03-29T04:30:00 1987 3 29 4 30 0 0.3 3.4 508.0 3.8 2.0 0.0 0.0 0.0 2 2 2 2 2 2 2 2 1.3 0.86 -9.0 3.4 3.4 3.4 3.4 3.4 3.4 0.014 0.002 0.176 0.004 0.0 0.001 0 0 0 0 0 0
1987-03-29T05:30:00 1987 3 29 5 30 0 1.8 2.5 506.0 3.6 1.91 0.03 0.0 0.0 2 2 2 2 2 2 2 2 1.3 0.93 -12.0 2.5 2.5 2.5 2.5 2.5 2.5 0.009 0.001 0.171 0.002 0.0 0.0 0 0 0 0 0 0
1987-03-29T06:30:00 1987 3 29 6 30 0 2.3 -2.1 505.0 3.1 1.54 0.73 1.44 0.46 2 2 2 2 2 2 2 2 2.7 1.19 -12.0 -2.1 -2.1 -2.1 -2.1 -2.1 -2.1 0.078 0.127 0.172 0.076 0.266 0.232 2 2 0 2 2 2
1987-03-29T07:30:00 1987 3 29 7 30 0 2.1 -1.8 507.0 3.05 1.57 1.91 4.9 1.51 1 1 1 1 1 1 1 1 2.7 1.45 -10.0 -1.8 -1.8 -1.8 -1.8 -1.8 -1.8 0.209 0.308 0.182 0.206 0.552 0.51 1 1 0 1 1 1
1987-03-29T08:30:00 1987 3 29 8 30 0 1.9 -1.5 509.0 3.0 1.59 1.47 4.16 1.26 2 2 2 2 2 2 2 2 2.7 1.7 -11.0 -1.5 -1.5 -1.5 -1.5 -1.5 -1.5 0.276 0.369 0.188 0.246 0.589 0.585 2 2 0 2 2 2
1987-03-29T09:30:00 1987 3 29 9 30 0 2.4 -0.8 509.0 3.2 1.73 1.12 2.85 0.88 2 2 2 2 2 2 2 2 2.0 1.86 -14.0 -0.8 -0.8 -0.8 -0.8 -0.8 -0.8 0.28 0.346 0.19 0.213 0.493 0.551 2 2 0 2 2 2
1987-03-29T10:30:00 1987 3 29 10 30 0 1.5 -0.1 507.0 3.2 1.73 0.57 1.07 0.34 2 2 2 2 2 2 2 2 2.0 2.01 -14.0 -0.1 -0.1 -0.1 -0.1 -0.1 -0.1 0.224 0.245 0.186 0.138 0.285 0.39 2 2 0 2 2 2
1987-03-29T11:30:00 1987 3 29 11 30 0 1.8 1.9 505.0 3.1 1.66 0.15 0.0 0.0 2 2 2 2 2 2 2 2 2.0 2.09 -10.0 1.9 1.9 1.9 1.9 1.9 1.9 0.152 0.122 0.18 0.077 0.09 0.162 2 2 0 2 2 2
1987-03-29T12:30:00 1987 3 29 12 30 0 2.4 1.6 475.0 3.8 1.73 0.17 0.0 0.0 2 2 2 2 2 2 2 2 0.3 1.95 -8.0 1.6 1.6 1.6 1.6 1.6 1.6 0.103 0.06 0.175 0.043 0.029 0.067 2 2 0 2 2 2
1987-03-29T13:30:00 1987 3 29 13 30 0 3.4 2.1 471.0 3.6 1.58 0.37 0.0 0.0 2 2 2 2 2 2 2 2 0.3 1.81 -8.0 2.1 2.1 2.1 2.1 2.1 2.1 0.07 0.03 0.169 0.024 0.009 0.028 2 2 0 2 2 2
1987-03-29T14:30:00 1987 3 29 14 30 0 3.6 1.8 458.0 3.4 1.41 0.56 0.0 0.0 2 2 2 2 2 2 2 2 0.3 1.51 -8.0 1.8 1.8 1.8 1.8 1.8 1.8 0.047 0.015 0.164 0.014 0.003 0.012 2 2 0 2 2 2
1987-03-29T15:30:00 1987 3 29 15 30 0 1.8 -0.5 441.0 3.7 1.5 0.49 0.17 0.06 2 2 2 2 2 2 2 2 0.7 1.26 -9.0 -0.5 -0.5 -0.5 -0.5 -0.5 -0.5 0.045 0.041 0.16 0.016 0.06 0.068 2 2 0 2 2 2
1987-03-29T16:30:00 1987 3 29 16 30 0 1.8 -0.23 438.7 3.7 1.5 0.41 0.78 0.29 1 1 1 1 1 1 1 1 0.7 1.02 -9.0 -0.5 -0.47 -0.56 -0.56 -0.47 -0.44 0.078 0.124 0.157 0.038 0.175 0.205 1 1 0 1 1 1
1987-03-29T17:30:00 1987 3 29 17 30 0 1.69 0.79 436.5 3.7 1.59 0.22 0.04 0.01 1 1 1 1 1 1 1 1 0.7 0.86 -12.0 -0.49 -0.34 -0.8 -0.78 -0.35 -0.23 0.099 0.15 0.156 0.062 0.189 0.223 1 1 0 1 1 1
1987-03-29T18:30:00 1987 3 29 18 30 0 1.5 0.98 434.2 4.57 1.88 0.11 0.0 0.0 1 0 1 1 1 1 1 1 1.3 0.79 -14.0 -0.48 -0.31 -0.85 -0.82 -0.33 -0.2 0.115 0.159 0.155 0.086 0.188 0.231 1 1 0 0 0 0
1987-03-29T19:30:00 1987 3 29 19 30 0 1.3 0.98 431.9 5.64 2.17 0.07 0.0 0.0 1 0 1 1 1 1 1 1 1.3 0.71 -15.0 -0.48 -0.31 -0.85 -0.82 -0.33 -0.2 0.129 0.17 0.155 0.105 0.196 0.271 0 0 0 0 0 0
1987-03-29T20:30:00 1987 3 29 20 30 0 1.23 0.99 429.6 6.2 2.46 0.06 0.0 0.0 0 0 1 1 1 0 1 1 1.3 0.84 -17.0 -0.48 -0.31 -0.85 -0.83 -0.33 -0.2 0.141 0.181 0.155 0.119 0.205 0.316 0 0 0 0 0 0
1987-03-29T21:30:00 1987 3 29 21 30 0 1.22 0.99 427.4 6.34 2.46 0.05 0.0 0.0 0 0 1 1 1 0 1 1 1.0 0.92 -17.0 -0.48 -0.31 -0.85 -0.83 -0.33 -0.2 0.15 0.188 0.155 0.128 0.209 0.344 0 0 0 0 0 0
1987-03-29T22:30:00 1987 3 29 22 30 0 1.21 0.99 425.1 5.99 2.13 0.05 0.0 0.0 1 0 1 1 1 1 1 1 1.0 1.0 -19.0 -0.49 -0.31 -0.85 -0.83 -0.33 -0.2 0.156 0.19 0.155 0.132 0.207 0.344 0 0 0 0 0 0
1987-03-29T23:30:00 1987 3 29 23 30 0 1.17 0.99 422.8 5.06 1.81 0.05 0.0 0.0 1 0 1 1 1 1 1 1 1.0 1.04 -18.0 -0.49 -0.31 -0.85 -0.83 -0.33 -0.2 0.157 0.185 0.154 0.131 0.198 0.311 0 0 0 0 0 0
