1987-06-10T00:30:00 1987 6 10 0 30 0 0.64 0.07 353.2 10.58 2.65 0.03 0.0 0.0 0 0 1 0 0 0 1 0 1.7 1.36 -8.0 -0.84 -0.6 -1.32 -1.29 -0.63 -0.42 0.291 0.373 0.26 0.243 0.301 0.669 0 0 0 0 0 0
1987-06-10T01:30:00 1987 6 10 1 30 0 0.64 0.07 352.0 10.57 2.65 0.03 0.0 0.0 0 0 1 0 0 0 1 0 1.7 1.45 -7.0 -0.84 -0.6 -1.32 -1.29 -0.63 -0.42 0.29 0.373 0.259 0.242 0.299 0.663 0 0 0 0 0 0
1987-06-10T02:30:00 1987 6 10 2 30 0 0.64 0.07 350.8 10.57 2.65 0.03 0.0 0.0 0 0 1 0 0 0 1 0 1.7 1.57 -5.0 -0.84 -0.6 -1.32 -1.29 -0.63 -0.42 0.289 0.372 0.257 0.241 0.298 0.658 0 0 0 0 0 0
1987-06-10T03:30:00 1987 6 10 3 30 0 0.64 0.07 349.7 10.57 2.65 0.03 0.0 0.0 0 0 1 0 0 0 1 0 1.0 1.6 -4.0 -0.84 -0.6 -1.32 -1.29 -0.63 -0.42 0.288 0.372 0.256 0.24 0.296 0.652 0 0 0 0 0 0
1987-06-10T04:30:00 1987 6 10 4 30 0 0.64 0.07 348.5 10.57 2.65 0.03 0.0 0.0 0 0 1 0 0 0 1 0 1.0 1.63 -2.0 -0.84 -0.6 -1.32 -1.29 -0.63 -0.42 0.287 0.372 0.254 0.239 0.295 0.647 0 0 0 0 0 0
1987-06-10T05:30:00 1987 6 10 5 30 0 0.63 0.07 347.3 10.56 2.65 0.03 0.0 0.0 0 0 1 0 0 0 1 0 1.0 1.5 1.0 -0.84 -0.6 -1.32 -1.29 -0.63 -0.42 0.286 0.372 0.253 0.238 0.293 0.642 0 0 0 0 0 0
1987-06-10T06:30:00 1987 6 10 6 30 0 0.63 0.07 346.1 10.56 2.65 0.03 0.0 0.0 0 0 1 0 0 0 1 0 0.3 1.28 3.0 -0.84 -0.6 -1.31 -1.29 -0.63 -0.42 0.286 0.371 0.252 0.237 0.291 0.636 0 0 0 0 0 0
1987-06-10T07:30:00 1987 6 10 7 30 0 0.63 0.07 344.9 10.56 2.65 0.03 0.0 0.0 0 0 1 0 0 0 1 0 0.3 1.07 4.0 -0.84 -0.6 -1.31 -1.29 -0.62 -0.42 0.285 0.371 0.25 0.236 0.288 0.631 0 0 0 0 0 0
1987-06-10T08:30:00 1987 6 10 8 30 0 0.63 0.07 343.8 10.55 2.65 0.03 0.0 0.0 0 0 1 0 0 0 1 0 0.3 0.9 5.0 -0.84 -0.6 -1.31 -1.28 -0.62 -0.42 0.284 0.371 0.249 0.234 0.285 0.625 0 0 0 0 0 0
1987-06-10T09:30:00 1987 6 10 9 30 0 0.63 0.07 342.6 10.55 2.65 0.03 0.0 0.0 0 0 1 0 0 0 1 0 1.0 0.82 6.0 -0.84 -0.6 -1.31 -1.28 -0.62 -0.42 0.283 0.37 0.247 0.232 0.284 0.62 0 0 0 0 0 0
1987-06-10T10:30:00 1987 6 10 10 30 0 0.63 0.08 342.0 10.55 2.65 0.02 0.0 0.0 0 0 1 0 0 0 1 0 1.0 0.74 9.0 -0.84 -0.6 -1.31 -1.28 -0.62 -0.42 0.282 0.37 0.246 0.231 0.282 0.616 0 0 0 0 0 0
1987-06-10T11:30:00 1987 6 10 11 30 0 0.63 0.08 342.0 10.55 2.65 0.02 0.0 0.0 0 0 1 0 0 0 1 0 1.0 0.74 7.0 -0.84 -0.6 -1.31 -1.28 -0.62 -0.42 0.282 0.37 0.244 0.23 0.282 0.614 0 0 0 0 0 0
1987-06-10T12:30:00 1987 6 10 12 30 0 0.63 0.08 342.0 10.54 2.64 0.02 0.0 0.0 0 0 1 0 0 0 1 0 1.7 0.83 8.0 -0.84 -0.6 -1.31 -1.28 -0.62 -0.42 0.282 0.37 0.243 0.23 0.281 0.612 0 0 0 0 0 0
1987-06-10T13:30:00 1987 6 10 13 30 0 0.62 0.08 342.0 10.54 2.64 0.02 0.0 0.0 0 0 1 0 0 0 1 0 1.7 0.93 10.0 -0.84 -0.6 -1.31 -1.28 -0.62 -0.42 0.281 0.37 0.242 0.23 0.281 0.612 0 0 0 0 0 0
1987-06-10T14:30:00 1987 6 10 14 30 0 0.62 0.08 342.0 10.54 2.64 0.02 0.0 0.0 0 0 1 0 0 0 1 0 1.7 1.1 14.0 -0.84 -0.6 -1.31 -1.28 -0.62 -0.42 0.281 0.37 0.24 0.229 0.281 0.611 0 0 0 0 0 0
1987-06-10T15:30:00 1987 6 10 15 30 0 0.62 0.08 342.0 10.54 2.64 0.02 0.0 0.0 0 0 1 0 0 0 1 0 1.3 1.22 11.0 -0.84 -0.6 -1.31 -1.28 -0.62 -0.42 0.281 0.37 0.239 0.229 0.281 0.611 0 0 0 0 0 0
1987-06-10T16:30:00 1987 6 10 16 30 0 0.62 0.08 342.0 10.53 2.64 0.02 0.0 0.0 0 0 1 0 0 0 1 0 1.3 1.34 12.0 -0.84 -0.6 -1.31 -1.28 -0.62 -0.42 0.281 0.37 0.238 0.229 0.281 0.611 0 0 0 0 0 0
1987-06-10T17:30:00 1987 6 10 17 30 0 0.62 0.08 342.0 10.91 2.64 0.02 0.0 0.0 0 0 1 1 0 0 1 1 1.3 1.38 13.0 -0.84 -0.6 -1.31 -1.28 -0.62 -0.42 0.282 0.372 0.237 0.23 0.283 0.622 0 0 0 0 0 0
1987-06-10T18:30:00 1987 6 10 18 30 0 0.62 0.08 342.0 11.62 2.65 0.02 0.0 0.0 0 0 1 1 1 0 1 1 0.7 1.33 15.0 -0.84 -0.6 -1.31 -1.28 -0.62 -0.42 0.284 0.378 0.236 0.233 0.288 0.654 0 0 0 0 0 0
1987-06-10T19:30:00 1987 6 10 19 30 0 0.77 0.08 342.0 12.32 2.83 0.03 0.0 0.0 1 0 1 1 1 1 1 1 0.7 1.29 14.0 -0.84 -0.6 -1.31 -1.28 -0.62 -0.42 0.288 0.386 0.235 0.237 0.295 0.699 0 0 0 0 0 0
1987-06-10T20:30:00 1987 6 10 20 30 0 1.17 0.08 342.0 13.03 3.01 0.06 0.0 0.0 1 0 1 1 1 1 1 1 0.7 1.16 11.0 -0.83 -0.6 -1.31 -1.28 -0.62 -0.42 0.292 0.395 0.234 0.242 0.302 0.75 0 0 0 0 0 0
1987-06-10T21:30:00 1987 6 10 21 30 0 1.58 0.87 342.0 13.6 3.18 0.09 0.0 0.0 1 1 1 1 1 1 1 1 1.0 1.08 8.0 0.08 0.28 -0.33 -0.31 0.26 0.44 0.231 0.244 0.23 0.182 0.138 0.368 0 0 0 0 0 0
1987-06-10T22:30:00 1987 6 10 22 30 0 1.8 4.92 342.0 13.6 3.24 0.04 0.0 0.0 1 1 1 1 1 1 1 1 1.0 1.0 7.0 4.76 4.8 4.67 4.68 4.8 4.83 0.156 0.121 0.223 0.102 0.044 0.153 0 0 0 0 0 0
1987-06-10T23:30:00 1987 6 10 23 30 0 1.8 6.0 342.0 13.6 3.24 0.02 0.0 0.0 2 2 2 2 2 2 2 2 1.0 0.96 7.0 6.0 6.0 6.0 6.0 6.0 6.0 0.106 0.06 0.216 0.057 0.014 0.063 0 0 0 0 0 0
