1987-05-04T00:30:00 1987 5 4 0 30 0 0.7 0.62 361.0 11.38 2.45 0.01 0.0 0.0 0 0 1 0 0 0 1 0 1.0 0.88 2.0 -0.47 -0.3 -0.82 -0.8 -0.32 -0.19 0.181 0.243 0.107 0.137 0.2 0.501 0 0 0 0 0 0
1987-05-04T01:30:00 1987 5 4 1 30 0 0.7 0.62 362.1 11.39 2.45 0.01 0.0 0.0 0 0 1 0 0 0 1 0 1.0 0.84 1.0 -0.47 -0.3 -0.82 -0.8 -0.32 -0.19 0.181 0.243 0.108 0.138 0.201 0.505 0 0 0 0 0 0
1987-05-04T02:30:00 1987 5 4 2 30 0 0.69 0.62 363.1 11.39 2.45 0.01 0.0 0.0 0 0 1 0 0 0 1 0 1.0 0.81 2.0 -0.47 -0.31 -0.82 -0.8 -0.32 -0.19 0.182 0.245 0.108 0.138 0.202 0.509 0 0 0 0 0 0
1987-05-04T03:30:00 1987 5 4 3 30 0 0.69 0.62 364.1 11.39 2.45 0.01 0.0 0.0 0 0 1 0 0 0 1 0 1.7 0.87 5.0 -0.47 -0.31 -0.82 -0.8 -0.32 -0.19 0.182 0.247 0.109 0.139 0.203 0.512 0 0 0 0 0 0
1987-05-04T04:30:00 1987 5 4 4 30 0 0.69 0.62 365.1 11.4 2.45 0.01 0.0 0.0 0 0 1 0 0 0 1 0 1.7 0.93 10.0 -0.47 -0.31 -0.82 -0.8 -0.32 -0.19 0.183 0.248 0.109 0.139 0.204 0.516 0 0 0 0 0 0
1987-05-04T05:30:00 1987 5 4 5 30 0 0.69 0.62 366.2 11.4 2.45 0.01 0.0 0.0 0 0 1 0 0 0 1 0 1.7 1.1 9.0 -0.47 -0.31 -0.82 -0.8 -0.32 -0.19 0.183 0.249 0.11 0.14 0.205 0.52 0 0 0 0 0 0
1987-05-04T06:30:00 1987 5 4 6 30 0 0.68 0.62 367.2 11.4 2.45 0.01 0.0 0.0 0 0 1 0 0 0 1 0 2.7 1.41 4.0 -0.47 -0.31 -0.82 -0.8 -0.32 -0.19 0.184 0.249 0.111 0.14 0.206 0.523 0 0 0 0 0 0
1987-05-04T07:30:00 1987 5 4 7 30 0 0.68 0.61 368.2 11.41 2.45 0.01 0.0 0.0 0 0 1 0 0 0 1 0 2.7 1.71 -4.0 -0.47 -0.31 -0.82 -0.8 -0.32 -0.19 0.184 0.249 0.111 0.141 0.206 0.527 0 0 0 0 0 0
1987-05-04T08:30:00 1987 5 4 8 30 0 0.68 0.61 369.3 11.41 2.45 0.01 0.0 0.0 0 0 1 0 0 0 1 0 2.7 1.92 -4.0 -0.47 -0.31 -0.82 -0.8 -0.32 -0.19 0.185 0.25 0.112 0.141 0.207 0.531 0 0 0 0 0 0
1987-05-04T09:30:00 1987 5 4 9 30 0 0.68 0.61 370.3 11.42 2.45 0.01 0.0 0.0 0 0 1 0 0 0 1 0 1.3 1.95 -3.0 -0.47 -0.31 -0.82 -0.8 -0.32 -0.2 0.185 0.25 0.112 0.142 0.208 0.541 0 0 0 0 0 0
1987-05-04T10:30:00 1987 5 4 10 30 0 0.67 0.61 371.4 11.42 2.45 0.01 0.0 0.0 0 0 1 0 0 0 1 0 1.3 1.97 -3.0 -0.47 -0.31 -0.82 -0.8 -0.32 -0.2 0.186 0.25 0.113 0.142 0.209 0.55 0 0 0 0 0 0
1987-05-04T11:30:00 1987 5 4 11 30 0 0.67 0.61 372.4 11.42 2.45 0.01 0.0 0.0 0 0 1 0 0 0 1 0 1.3 1.92 -3.0 -0.47 -0.31 -0.82 -0.8 -0.32 -0.2 0.186 0.25 0.114 0.143 0.21 0.556 0 0 0 0 0 0
1987-05-04T12:30:00 1987 5 4 12 30 0 0.67 0.61 373.5 11.43 2.45 0.01 0.0 0.0 0 0 1 0 0 0 1 0 1.3 1.86 -5.0 -0.47 -0.31 -0.82 -0.8 -0.32 -0.2 0.186 0.25 0.114 0.144 0.211 0.561 0 0 0 0 0 0
1987-05-04T13:30:00 1987 5 4 13 30 0 0.66 0.61 374.0 11.43 2.45 0.01 0.0 0.0 0 0 1 0 0 0 1 0 1.3 1.81 -6.0 -0.47 -0.31 -0.82 -0.8 -0.32 -0.2 0.187 0.25 0.115 0.144 0.212 0.564 0 0 0 0 0 0
1987-05-04T14:30:00 1987 5 4 14 30 0 0.66 0.61 374.0 11.43 2.45 0.01 0.0 0.0 0 0 1 0 0 0 1 0 1.3 1.64 -7.0 -0.47 -0.31 -0.82 -0.8 -0.32 -0.2 0.187 0.251 0.116 0.144 0.212 0.566 0 0 0 0 0 0
1987-05-04T15:30:00 1987 5 4 15 30 0 0.66 0.6 374.0 11.44 2.45 0.01 0.0 0.0 0 0 1 0 0 0 1 0 1.3 1.47 -6.0 -0.47 -0.31 -0.83 -0.8 -0.32 -0.2 0.187 0.251 0.116 0.144 0.213 0.567 0 0 0 0 0 0
1987-05-04T16:30:00 1987 5 4 16 30 0 0.66 0.6 374.0 11.44 2.45 0.01 0.0 0.0 0 0 1 0 0 0 1 0 1.3 1.3 -4.0 -0.47 -0.31 -0.83 -0.8 -0.33 -0.2 0.188 0.251 0.117 0.145 0.215 0.568 0 0 0 0 0 0
1987-05-04T17:30:00 1987 5 4 17 30 0 0.65 0.6 374.0 11.45 2.45 0.01 0.0 0.0 0 0 1 0 0 0 1 0 1.3 1.3 -2.0 -0.47 -0.31 -0.83 -0.8 -0.33 -0.2 0.188 0.251 0.118 0.145 0.217 0.568 0 0 0 0 0 0
1987-05-04T18:30:00 1987 5 4 18 30 0 0.65 0.6 374.0 11.45 2.45 0.01 0.0 0.0 0 0 1 0 0 0 1 0 0.7 1.22 -1.0 -0.47 -0.31 -0.83 -0.8 -0.33 -0.2 0.188 0.251 0.118 0.145 0.217 0.569 0 0 0 0 0 0
1987-05-04T19:30:00 1987 5 4 19 30 0 0.65 0.6 374.0 11.45 2.45 0.01 0.0 0.0 0 0 1 0 0 0 1 0 0.7 1.14 -2.0 -0.47 -0.31 -0.83 -0.8 -0.33 -0.2 0.188 0.251 0.119 0.145 0.217 0.569 0 0 0 0 0 0
1987-05-04T20:30:00 1987 5 4 20 30 0 0.65 0.6 374.0 10.65 2.45 0.01 0.0 0.0 0 0 1 1 0 0 1 1 0.7 1.07 -2.0 -0.47 -0.31 -0.83 -0.81 -0.33 -0.2 0.187 0.248 0.119 0.144 0.214 0.548 0 0 0 0 0 0
1987-05-04T21:30:00 1987 5 4 21 30 0 0.64 0.6 374.0 9.17 2.44 0.01 0.0 0.0 0 0 1 1 1 0 1 1 0.7 0.99 0.0 -0.47 -0.31 -0.83 -0.81 -0.33 -0.2 0.183 0.24 0.12 0.141 0.206 0.494 0 0 0 0 0 0
1987-05-04T22:30:00 1987 5 4 22 30 0 0.66 0.59 374.0 7.69 2.11 0.01 0.0 0.0 1 0 1 1 1 1 1 1 0.7 0.92 -1.0 -0.48 -0.31 -0.83 -0.81 -0.33 -0.2 0.178 0.227 0.12 0.135 0.194 0.419 0 0 0 0 0 0
1987-05-04T23:30:00 1987 5 4 23 30 0 0.71 0.59 374.0 6.21 1.78 0.01 0.0 0.0 1 0 1 1 1 1 1 1 0.7 0.84 0.0 -0.48 -0.31 -0.83 -0.81 -0.33 -0.2 0.171 0.211 0.12 0.127 0.18 0.34 0 0 0 0 0 0
