1987-03-09T00:30:00 1987 3 9 0 30 0 3.4 1.3 556.0 3.0 1.88 0.45 0.0 0.0 2 2 2 2 2 2 2 2 3.3 2.07 -22.0 1.3 1.3 1.3 1.3 1.3 1.3 0.02 0.002 0.104 0.005 0.0 0.001 1 1 1 1 1 1
1987-03-09T01:30:00 1987 3 9 1 30 0 0.9 -2.1 565.0 3.3 2.16 0.91 2.08 0.68 2 2 2 2 2 2 2 2 3.3 2.09 -22.0 -2.1 -2.1 -2.1 -2.1 -2.1 -2.1 0.111 0.161 0.111 0.105 0.382 0.388 2 2 1 2 2 2
1987-03-09T02:30:00 1987 3 9 2 30 0 -3.5 0.4 564.0 4.3 2.81 0.82 2.25 0.81 2 2 2 2 2 2 2 2 3.3 2.34 -21.0 0.4 0.4 0.4 0.4 0.4 0.4 0.135 0.177 0.113 0.108 0.31 0.428 2 2 1 2 2 2
1987-03-09T03:30:00 1987 3 9 3 30 0 -3.2 -1.3 549.0 4.2 2.69 1.64 1.52 0.64 2 2 2 2 2 2 2 2 3.7 2.64 -19.0 -1.3 -1.3 -1.3 -1.3 -1.3 -1.3 0.17 0.233 0.115 0.127 0.421 0.62 2 2 2 2 2 2
1987-03-09T04:30:00 1987 3 9 4 30 0 -3.2 -0.91 545.1 4.2 2.69 1.94 2.98 1.25 1 1 1 1 1 1 1 1 3.7 2.93 -22.0 -1.14 -1.11 -1.2 -1.2 -1.11 -1.09 0.24 0.323 0.124 0.188 0.564 0.831 1 1 1 1 1 1
1987-03-09T05:30:00 1987 3 9 5 30 0 -2.33 0.52 541.2 4.2 2.71 0.95 0.69 0.29 1 1 1 1 1 1 1 1 3.7 3.14 -17.0 -0.53 -0.4 -0.83 -0.81 -0.41 -0.31 0.244 0.296 0.128 0.188 0.449 0.719 1 1 1 1 1 1
1987-03-09T06:30:00 1987 3 9 6 30 0 -0.71 0.79 537.3 4.09 2.76 0.16 0.0 0.0 1 0 1 1 1 1 1 1 2.3 3.17 -18.0 -0.42 -0.26 -0.75 -0.73 -0.28 -0.16 0.219 0.23 0.13 0.166 0.312 0.515 1 1 1 1 0 1
1987-03-09T07:30:00 1987 3 9 7 30 0 0.91 0.79 533.4 3.93 2.8 0.01 0.0 0.0 1 0 1 1 1 1 1 1 2.3 3.19 -21.0 -0.42 -0.26 -0.75 -0.73 -0.28 -0.16 0.197 0.188 0.132 0.15 0.251 0.392 1 0 1 0 0 0
1987-03-09T08:30:00 1987 3 9 8 30 0 1.61 0.79 529.6 3.77 2.55 0.09 0.0 0.0 1 0 1 1 1 1 1 1 2.3 3.06 -19.0 -0.42 -0.26 -0.75 -0.73 -0.28 -0.16 0.181 0.165 0.133 0.139 0.227 0.329 1 0 1 0 0 0
1987-03-09T09:30:00 1987 3 9 9 30 0 1.84 0.79 525.7 3.61 2.24 0.18 0.0 0.0 1 0 1 1 1 1 1 1 1.3 2.8 -13.0 -0.42 -0.26 -0.75 -0.73 -0.28 -0.16 0.169 0.153 0.135 0.132 0.216 0.291 0 0 1 0 0 0
1987-03-09T10:30:00 1987 3 9 10 30 0 2.07 0.71 521.8 3.5 1.94 0.25 0.0 0.0 1 1 1 1 1 1 1 1 1.3 2.55 -9.0 -0.34 -0.2 -0.63 -0.61 -0.21 -0.11 0.155 0.138 0.135 0.119 0.19 0.248 1 1 1 0 1 1
1987-03-09T11:30:00 1987 3 9 11 30 0 2.2 0.31 517.9 3.5 1.84 0.36 0.0 0.0 1 1 1 1 1 1 1 1 1.3 2.25 -6.0 0.09 0.12 0.03 0.03 0.11 0.13 0.115 0.081 0.132 0.077 0.082 0.116 1 1 1 1 1 1
1987-03-09T12:30:00 1987 3 9 12 30 0 2.2 0.2 514.0 3.5 1.84 0.44 0.0 0.0 2 2 2 2 2 2 2 2 1.0 1.91 -8.0 0.2 0.2 0.2 0.2 0.2 0.2 0.078 0.04 0.128 0.043 0.026 0.048 1 1 1 1 1 1
1987-03-09T13:30:00 1987 3 9 13 30 0 2.2 1.7 522.0 3.6 2.03 0.29 0.0 0.0 2 2 2 2 2 2 2 2 1.0 1.58 -9.0 1.7 1.7 1.7 1.7 1.7 1.7 0.053 0.02 0.124 0.024 0.008 0.02 1 1 1 1 1 1
1987-03-09T14:30:00 1987 3 9 14 30 0 2.5 1.7 511.0 3.8 2.0 0.24 0.0 0.0 2 2 2 2 2 2 2 2 1.0 1.42 -6.0 1.7 1.7 1.7 1.7 1.7 1.7 0.036 0.01 0.12 0.014 0.003 0.008 1 1 1 1 1 1
1987-03-09T15:30:00 1987 3 9 15 30 0 -0.2 2.3 506.0 3.6 1.87 0.05 0.0 0.0 2 2 2 2 2 2 2 2 1.3 1.3 -7.0 2.3 2.3 2.3 2.3 2.3 2.3 0.024 0.005 0.117 0.008 0.001 0.003 1 1 1 1 1 1
1987-03-09T16:30:00 1987 3 9 16 30 0 1.6 2.1 505.0 3.5 1.81 0.02 0.0 0.0 2 2 2 2 2 2 2 2 1.3 1.19 -7.0 2.1 2.1 2.1 2.1 2.1 2.1 0.016 0.002 0.113 0.004 0.0 0.001 1 1 1 1 1 1
1987-03-09T17:30:00 1987 3 9 17 30 0 3.2 2.0 503.0 3.6 1.84 0.25 0.0 0.0 2 2 2 2 2 2 2 2 1.3 1.19 -7.0 2.0 2.0 2.0 2.0 2.0 2.0 0.011 0.001 0.11 0.002 0.0 0.001 1 1 1 1 1 1
1987-03-09T18:30:00 1987 3 9 18 30 0 3.0 0.8 503.0 3.7 1.91 0.55 0.0 0.0 2 2 2 2 2 2 2 2 1.0 1.15 -9.0 0.8 0.8 0.8 0.8 0.8 0.8 0.008 0.001 0.106 0.001 0.0 0.0 1 1 1 1 1 1
1987-03-09T19:30:00 1987 3 9 19 30 0 2.8 1.5 495.0 3.9 1.97 0.49 0.0 0.0 2 2 2 2 2 2 2 2 1.0 1.11 -11.0 1.5 1.5 1.5 1.5 1.5 1.5 0.005 0.0 0.103 0.001 0.0 0.0 1 1 1 1 1 1
1987-03-09T20:30:00 1987 3 9 20 30 0 1.0 1.4 485.0 4.3 2.07 0.15 0.0 0.0 2 2 2 2 2 2 2 2 1.0 1.11 -12.0 1.4 1.4 1.4 1.4 1.4 1.4 0.003 0.0 0.1 0.0 0.0 0.0 1 1 1 1 1 1
1987-03-09T21:30:00 1987 3 9 21 30 0 2.0 2.7 494.0 3.8 1.87 0.06 0.0 0.0 2 2 2 2 2 2 2 2 0.7 1.07 -12.0 2.7 2.7 2.7 2.7 2.7 2.7 0.002 0.0 0.097 0.0 0.0 0.0 1 1 1 1 1 1
1987-03-09T22:30:00 1987 3 9 22 30 0 0.4 2.1 496.0 4.3 2.09 0.03 0.0 0.0 2 2 2 2 2 2 2 2 0.7 1.03 -12.0 2.1 2.1 2.1 2.1 2.1 2.1 0.002 0.0 0.094 0.0 0.0 0.0 1 1 1 1 1 1
1987-03-09T23:30:00 1987 3 9 23 30 0 2.3 1.8 510.0 5.3 2.73 0.07 0.0 0.0 2 2 2 2 2 2 2 2 0.7 0.96 -15.0 1.8 1.8 1.8 1.8 1.8 1.8 0.001 0.0 0.091 0.0 0.0 0.0 1 1 1 1 1 1
