1987-04-21T00:30:00 1987 4 21 0 30 0 1.44 0.99 358.7 10.22 2.4 0.07 0.0 0.0 0 0 0 0 0 0 0 0 0.0 0.38 -9.0 -0.37 -0.23 -0.71 -0.68 -0.24 -0.13 0.142 0.193 0.092 0.106 0.156 0.354 0 0 0 0 0 0
1987-04-21T01:30:00 1987 4 21 1 30 0 1.44 0.99 358.7 10.22 2.4 0.07 0.0 0.0 0 0 0 0 0 0 0 0 0.0 0.22 -9.0 -0.37 -0.23 -0.71 -0.68 -0.24 -0.13 0.142 0.193 0.092 0.106 0.156 0.354 0 0 0 0 0 0
1987-04-21T02:30:00 1987 4 21 2 30 0 1.44 0.99 358.2 10.22 2.4 0.07 0.0 0.0 0 0 1 0 0 0 1 0 0.0 0.18 -9.0 -0.37 -0.23 -0.7 -0.68 -0.24 -0.13 0.142 0.193 0.092 0.106 0.156 0.353 0 0 0 0 0 0
1987-04-21T03:30:00 1987 4 21 3 30 0 1.44 0.99 357.4 10.23 2.4 0.07 0.0 0.0 0 0 1 0 0 0 1 0 2.0 0.41 -8.0 -0.37 -0.23 -0.7 -0.68 -0.24 -0.13 0.141 0.193 0.092 0.106 0.155 0.352 0 0 0 0 0 0
1987-04-21T04:30:00 1987 4 21 4 30 0 1.44 0.99 356.6 10.23 2.4 0.07 0.0 0.0 0 0 1 0 0 0 1 0 2.0 0.63 -8.0 -0.37 -0.23 -0.7 -0.68 -0.24 -0.13 0.141 0.193 0.092 0.106 0.155 0.351 0 0 0 0 0 0
1987-04-21T05:30:00 1987 4 21 5 30 0 1.44 0.99 355.9 10.23 2.4 0.07 0.0 0.0 0 0 1 0 0 0 1 0 2.0 0.85 -11.0 -0.37 -0.23 -0.7 -0.68 -0.24 -0.13 0.141 0.193 0.093 0.106 0.154 0.349 0 0 0 0 0 0
1987-04-21T06:30:00 1987 4 21 6 30 0 1.44 0.99 355.1 10.24 2.4 0.07 0.0 0.0 0 0 1 0 0 0 1 0 1.7 1.02 -11.0 -0.37 -0.23 -0.7 -0.68 -0.24 -0.13 0.141 0.193 0.093 0.105 0.154 0.348 0 0 0 0 0 0
1987-04-21T07:30:00 1987 4 21 7 30 0 1.44 0.99 354.3 10.24 2.4 0.07 0.0 0.0 0 0 1 0 0 0 1 0 1.7 1.2 -10.0 -0.37 -0.23 -0.7 -0.68 -0.24 -0.13 0.14 0.193 0.093 0.105 0.153 0.346 0 0 0 0 0 0
1987-04-21T08:30:00 1987 4 21 8 30 0 1.45 0.99 353.6 10.24 2.4 0.07 0.0 0.0 0 0 1 0 0 0 1 0 1.7 1.4 -9.0 -0.37 -0.23 -0.7 -0.68 -0.24 -0.13 0.14 0.193 0.093 0.105 0.153 0.344 0 0 0 0 0 0
1987-04-21T09:30:00 1987 4 21 9 30 0 1.45 0.99 352.8 10.25 2.4 0.07 0.0 0.0 0 0 1 0 0 0 1 0 1.0 1.52 -7.0 -0.37 -0.23 -0.7 -0.68 -0.24 -0.13 0.14 0.193 0.093 0.105 0.152 0.343 0 0 0 0 0 0
1987-04-21T10:30:00 1987 4 21 10 30 0 1.45 0.99 352.0 10.25 2.4 0.07 0.0 0.0 0 0 1 0 0 0 1 0 1.0 1.63 -3.0 -0.37 -0.23 -0.7 -0.68 -0.24 -0.13 0.14 0.193 0.093 0.104 0.152 0.341 0 0 0 0 0 0
1987-04-21T11:30:00 1987 4 21 11 30 0 1.45 0.99 351.3 10.25 2.4 0.07 0.0 0.0 0 0 1 0 0 0 1 0 1.0 1.5 -4.0 -0.37 -0.23 -0.7 -0.68 -0.24 -0.13 0.14 0.193 0.093 0.104 0.151 0.339 0 0 0 0 0 0
1987-04-21T12:30:00 1987 4 21 12 30 0 1.45 0.99 350.6 10.26 2.4 0.07 0.0 0.0 0 0 1 0 0 0 1 0 0.3 1.28 -7.0 -0.37 -0.23 -0.7 -0.68 -0.24 -0.13 0.139 0.193 0.093 0.104 0.151 0.338 0 0 0 0 0 0
1987-04-21T13:30:00 1987 4 21 13 30 0 1.45 0.99 349.8 10.26 2.4 0.07 0.0 0.0 0 0 1 0 0 0 1 0 0.3 1.07 -9.0 -0.37 -0.23 -0.7 -0.68 -0.24 -0.13 0.139 0.193 0.092 0.104 0.15 0.336 0 0 0 0 0 0
1987-04-21T14:30:00 1987 4 21 14 30 0 1.45 0.99 349.1 10.26 2.4 0.07 0.0 0.0 0 0 1 0 0 0 1 0 0.3 0.9 -10.0 -0.37 -0.23 -0.7 -0.68 -0.24 -0.13 0.139 0.193 0.092 0.103 0.15 0.335 0 0 0 0 0 0
1987-04-21T15:30:00 1987 4 21 15 30 0 1.45 0.99 348.3 10.27 2.4 0.07 0.0 0.0 0 0 1 0 0 0 1 0 0.3 0.72 -9.0 -0.37 -0.23 -0.7 -0.68 -0.24 -0.13 0.139 0.193 0.092 0.103 0.149 0.333 0 0 0 0 0 0
1987-04-21T16:30:00 1987 4 21 16 30 0 1.45 0.99 347.6 10.27 2.4 0.07 0.0 0.0 0 0 1 0 0 0 1 0 0.3 0.55 -8.0 -0.37 -0.23 -0.7 -0.68 -0.24 -0.13 0.138 0.193 0.092 0.103 0.149 0.332 0 0 0 0 0 0
1987-04-21T17:30:00 1987 4 21 17 30 0 1.45 0.99 346.9 10.27 2.4 0.07 0.0 0.0 0 0 1 0 0 0 1 0 0.3 0.47 -9.0 -0.37 -0.23 -0.7 -0.68 -0.24 -0.13 0.138 0.193 0.092 0.102 0.148 0.33 0 0 0 0 0 0
1987-04-21T18:30:00 1987 4 21 18 30 0 1.45 0.99 346.2 10.28 2.4 0.07 0.0 0.0 0 0 1 0 0 0 1 0 0.0 0.34 -11.0 -0.37 -0.23 -0.7 -0.68 -0.24 -0.13 0.138 0.193 0.092 0.102 0.148 0.329 0 0 0 0 0 0
1987-04-21T19:30:00 1987 4 21 19 30 0 1.45 0.99 345.5 10.28 2.4 0.06 0.0 0.0 0 0 1 0 0 0 1 0 0.0 0.22 -10.0 -0.37 -0.22 -0.7 -0.68 -0.24 -0.13 0.138 0.191 0.092 0.102 0.147 0.327 0 0 0 0 0 0
1987-04-21T20:30:00 1987 4 21 20 30 0 1.45 0.98 344.8 10.28 2.4 0.07 0.0 0.0 0 0 1 0 0 0 1 0 0.0 0.18 -8.0 -0.37 -0.22 -0.7 -0.68 -0.24 -0.13 0.138 0.189 0.092 0.102 0.147 0.326 0 0 0 0 0 0
1987-04-21T21:30:00 1987 4 21 21 30 0 1.45 0.98 344.1 10.29 2.4 0.07 0.0 0.0 0 0 1 0 0 0 1 0 0.0 0.15 -5.0 -0.37 -0.22 -0.7 -0.68 -0.24 -0.13 0.137 0.188 0.092 0.102 0.146 0.324 0 0 0 0 0 0
1987-04-21T22:30:00 1987 4 21 22 30 0 1.45 0.98 343.4 10.29 2.4 0.07 0.0 0.0 0 0 1 0 0 0 1 0 0.0 0.11 -4.0 -0.37 -0.22 -0.7 -0.68 -0.24 -0.13 0.137 0.187 0.092 0.101 0.146 0.323 0 0 0 0 0 0
1987-04-21T23:30:00 1987 4 21 23 30 0 1.45 0.98 342.7 10.29 2.4 0.06 0.0 0.0 0 0 1 0 0 0 1 0 0.0 0.07 -3.0 -0.37 -0.22 -0.7 -0.68 -0.24 -0.13 0.137 0.187 0.091 0.101 0.146 0.321 0 0 0 0 0 0
