1987-10-14T00:30:00 1987 10 14 0 30 0 -0.25 0.22 691.1 8.64 3.18 0.0 0.0 0.0 0 0 1 0 0 0 1 0 4.3 4.45 -39.0 -0.81 -0.58 -1.28 -1.25 -0.6 -0.4 0.429 0.373 0.481 0.479 0.768 2.41 0 0 0 0 0 0
1987-10-14T01:30:00 1987 10 14 1 30 0 -0.25 0.22 701.1 8.64 3.18 0.0 0.0 0.0 0 0 1 0 0 0 1 0 4.3 4.44 -43.0 -0.81 -0.58 -1.28 -1.25 -0.6 -0.4 0.434 0.374 0.495 0.488 0.786 2.494 0 0 0 0 0 0
1987-10-14T02:30:00 1987 10 14 2 30 0 -0.26 0.22 711.1 8.64 3.18 0.0 0.0 0.0 0 0 1 0 0 0 1 0 4.3 4.4 -44.0 -0.81 -0.58 -1.28 -1.25 -0.6 -0.4 0.44 0.375 0.509 0.496 0.804 2.581 0 0 0 0 0 0
1987-10-14T03:30:00 1987 10 14 3 30 0 -0.26 0.21 721.1 8.63 3.18 0.0 0.0 0.0 0 0 1 0 0 0 1 0 4.0 4.31 -39.0 -0.81 -0.58 -1.28 -1.25 -0.6 -0.4 0.445 0.376 0.524 0.505 0.822 2.669 0 0 0 0 0 0
1987-10-14T04:30:00 1987 10 14 4 30 0 -0.26 0.21 731.0 8.63 3.18 0.0 0.0 0.0 0 0 1 0 0 0 1 0 4.0 4.22 -37.0 -0.81 -0.58 -1.28 -1.25 -0.6 -0.4 0.45 0.377 0.539 0.514 0.84 2.758 0 0 0 0 0 0
1987-10-14T05:30:00 1987 10 14 5 30 0 -0.27 0.21 736.0 8.63 3.18 0.0 0.0 0.0 0 0 1 0 0 0 1 0 4.0 4.18 -34.0 -0.81 -0.58 -1.28 -1.25 -0.6 -0.4 0.454 0.378 0.555 0.522 0.854 2.83 0 0 0 0 0 0
1987-10-14T06:30:00 1987 10 14 6 30 0 -0.27 0.21 736.0 8.62 3.18 0.0 0.0 0.0 0 0 1 0 0 0 1 0 4.3 4.19 -33.0 -0.82 -0.58 -1.28 -1.25 -0.6 -0.4 0.458 0.378 0.57 0.527 0.86 2.867 0 0 0 0 0 0
1987-10-14T07:30:00 1987 10 14 7 30 0 -0.27 0.21 736.0 8.62 3.18 0.0 0.0 0.0 0 0 1 0 0 0 1 0 4.3 4.19 -37.0 -0.82 -0.58 -1.28 -1.25 -0.6 -0.4 0.462 0.378 0.585 0.529 0.862 2.881 0 0 0 0 0 0
1987-10-14T08:30:00 1987 10 14 8 30 0 -0.28 0.2 736.0 8.62 3.18 0.0 0.0 0.0 0 0 1 0 0 0 1 0 4.3 4.19 -39.0 -0.82 -0.58 -1.28 -1.25 -0.6 -0.4 0.464 0.378 0.599 0.531 0.863 2.887 0 0 0 0 0 0
1987-10-14T09:30:00 1987 10 14 9 30 0 -0.28 0.2 736.0 8.61 3.18 0.01 0.0 0.0 0 0 1 0 0 0 1 0 4.0 4.15 -37.0 -0.82 -0.58 -1.28 -1.25 -0.6 -0.4 0.466 0.378 0.613 0.531 0.863 2.888 0 0 0 0 0 0
1987-10-14T10:30:00 1987 10 14 10 30 0 -0.29 0.2 736.0 8.61 3.18 0.01 0.0 0.0 0 0 1 0 0 0 1 0 4.0 4.11 -30.0 -0.82 -0.58 -1.28 -1.25 -0.6 -0.4 0.467 0.378 0.627 0.532 0.863 2.888 0 0 0 0 0 0
1987-10-14T11:30:00 1987 10 14 11 30 0 -0.29 0.2 736.0 8.61 3.18 0.01 0.0 0.0 0 0 1 0 0 0 1 0 4.0 4.11 -20.0 -0.82 -0.58 -1.28 -1.25 -0.6 -0.4 0.467 0.378 0.64 0.532 0.863 2.887 0 0 0 0 0 0
1987-10-14T12:30:00 1987 10 14 12 30 0 -0.29 0.2 736.0 7.98 3.18 0.01 0.0 0.0 0 0 1 1 0 0 1 1 3.7 4.07 -18.0 -0.82 -0.58 -1.28 -1.25 -0.61 -0.4 0.465 0.374 0.652 0.527 0.855 2.778 0 0 0 0 0 0
1987-10-14T13:30:00 1987 10 14 13 30 0 -0.3 0.19 736.0 6.83 3.19 0.01 0.0 0.0 0 0 1 1 1 0 1 1 3.7 4.03 -18.0 -0.82 -0.58 -1.28 -1.25 -0.61 -0.41 0.456 0.361 0.662 0.513 0.823 2.502 0 0 0 0 0 0
1987-10-14T14:30:00 1987 10 14 14 30 0 -0.28 0.19 736.0 5.68 3.37 0.01 0.0 0.0 1 0 1 1 1 1 1 1 3.7 3.96 -26.0 -0.82 -0.58 -1.28 -1.25 -0.61 -0.41 0.441 0.341 0.67 0.489 0.775 2.12 0 0 0 0 0 0
1987-10-14T15:30:00 1987 10 14 15 30 0 -0.21 0.19 736.0 4.53 3.56 0.0 0.0 0.0 1 0 1 1 1 1 1 1 5.7 4.14 -31.0 -0.82 -0.58 -1.28 -1.25 -0.61 -0.41 0.42 0.316 0.675 0.459 0.717 1.704 0 0 0 0 0 0
1987-10-14T16:30:00 1987 10 14 16 30 0 -0.14 0.26 736.0 3.6 3.74 0.0 0.0 0.0 1 1 1 1 1 1 1 1 5.7 4.33 -27.0 -0.62 -0.41 -1.02 -0.99 -0.43 -0.26 0.38 0.271 0.675 0.396 0.592 1.235 0 0 0 0 1 0
1987-10-14T17:30:00 1987 10 14 17 30 0 -0.1 0.61 736.0 3.6 3.8 0.0 0.0 0.0 1 1 1 1 1 1 1 1 5.7 4.55 -33.0 0.42 0.47 0.34 0.34 0.46 0.5 0.273 0.146 0.658 0.242 0.218 0.55 0 0 0 0 1 0
1987-10-14T18:30:00 1987 10 14 18 30 0 -0.1 0.7 736.0 3.6 3.8 0.0 0.0 0.0 2 2 2 2 2 2 2 2 4.3 4.58 -29.0 0.7 0.7 0.7 0.7 0.7 0.7 0.185 0.072 0.638 0.136 0.069 0.228 0 0 0 0 1 0
1987-10-14T19:30:00 1987 10 14 19 30 0 -0.9 1.7 760.0 2.8 3.23 0.01 0.0 0.0 2 2 2 2 2 2 2 2 4.3 4.61 -26.0 1.7 1.7 1.7 1.7 1.7 1.7 0.125 0.036 0.618 0.076 0.022 0.095 0 0 0 0 1 0
1987-10-14T20:30:00 1987 10 14 20 30 0 -0.32 1.42 757.8 2.97 3.4 0.01 0.0 0.0 1 1 1 1 1 1 1 1 4.3 4.68 -24.0 1.23 1.28 1.15 1.15 1.27 1.31 0.085 0.018 0.599 0.043 0.007 0.039 0 0 0 0 1 0
1987-10-14T21:30:00 1987 10 14 21 30 0 0.95 0.67 755.5 3.15 3.57 0.01 0.0 0.0 1 1 1 1 1 1 1 1 2.7 4.53 -29.0 -0.06 0.11 -0.41 -0.39 0.09 0.24 0.06 0.009 0.582 0.035 0.002 0.016 0 0 0 1 1 0
1987-10-14T22:30:00 1987 10 14 22 30 0 2.22 2.0 753.2 3.33 3.73 0.16 0.0 0.0 1 1 1 1 1 1 1 1 2.7 4.39 -25.0 1.81 1.86 1.73 1.73 1.85 1.89 0.041 0.004 0.564 0.019 0.001 0.007 0 0 0 1 1 0
1987-10-14T23:30:00 1987 10 14 23 30 0 2.8 2.4 751.0 3.5 3.9 0.35 0.0 0.0 2 2 2 2 2 2 2 2 2.7 4.01 -19.0 2.4 2.4 2.4 2.4 2.4 2.4 0.028 0.002 0.547 0.011 0.0 0.003 0 0 0 1 1 0
