1987-07-20T00:30:00 1987 7 20 0 30 0 -4.3 0.38 461.1 4.7 1.96 1.27 0.0 0.0 1 1 1 1 1 1 1 1 1.7 2.49 -14.0 0.22 0.25 0.15 0.16 0.24 0.27 0.141 0.124 0.16 0.097 0.103 0.186 0 1 0 0 1 1
1987-07-20T01:30:00 1987 7 20 1 30 0 -4.3 0.4 462.0 4.7 1.96 1.49 0.0 0.0 2 2 2 2 2 2 2 2 1.7 2.44 -12.0 0.4 0.4 0.4 0.4 0.4 0.4 0.095 0.062 0.155 0.054 0.033 0.077 0 1 0 0 1 1
1987-07-20T02:30:00 1987 7 20 2 30 0 -4.4 1.1 461.0 4.6 1.91 1.35 0.0 0.0 2 2 2 2 2 2 2 2 1.7 2.31 -9.0 1.1 1.1 1.1 1.1 1.1 1.1 0.065 0.031 0.151 0.03 0.01 0.032 0 1 0 0 1 1
1987-07-20T03:30:00 1987 7 20 3 30 0 -4.6 1.1 466.0 4.5 1.89 1.32 0.0 0.0 2 2 2 2 2 2 2 2 2.7 2.32 -6.0 1.1 1.1 1.1 1.1 1.1 1.1 0.044 0.015 0.146 0.017 0.003 0.013 0 1 0 0 1 1
1987-07-20T04:30:00 1987 7 20 4 30 0 -5.4 -0.3 485.0 4.0 1.79 2.18 0.11 0.04 2 2 2 2 2 2 2 2 2.7 2.32 -6.0 -0.3 -0.3 -0.3 -0.3 -0.3 -0.3 0.039 0.033 0.142 0.014 0.051 0.072 1 2 0 1 2 2
1987-07-20T05:30:00 1987 7 20 5 30 0 -2.9 2.5 468.0 3.8 1.58 1.19 0.01 0.01 2 2 2 2 2 2 2 2 2.7 2.33 -8.0 2.5 2.5 2.5 2.5 2.5 2.5 0.027 0.016 0.138 0.008 0.016 0.03 1 2 0 1 2 2
1987-07-20T06:30:00 1987 7 20 6 30 0 -3.0 0.4 474.0 3.9 1.7 0.48 0.0 0.0 2 2 2 2 2 2 2 2 1.3 2.15 -7.0 0.4 0.4 0.4 0.4 0.4 0.4 0.018 0.008 0.133 0.005 0.005 0.012 1 2 0 1 2 2
1987-07-20T07:30:00 1987 7 20 7 30 0 -2.3 0.1 475.0 3.4 1.54 0.59 0.0 0.0 2 2 2 2 2 2 2 2 1.3 1.97 -5.0 0.1 0.1 0.1 0.1 0.1 0.1 0.012 0.004 0.129 0.003 0.002 0.005 1 2 0 1 2 2
1987-07-20T08:30:00 1987 7 20 8 30 0 -3.1 0.4 466.0 3.6 1.56 0.63 0.0 0.0 2 2 2 2 2 2 2 2 1.3 1.92 -3.0 0.4 0.4 0.4 0.4 0.4 0.4 0.008 0.002 0.125 0.001 0.001 0.002 1 2 0 1 2 2
1987-07-20T09:30:00 1987 7 20 9 30 0 -3.9 3.3 498.0 3.9 1.93 0.6 0.0 0.0 2 2 2 2 2 2 2 2 1.0 1.82 -4.0 3.3 3.3 3.3 3.3 3.3 3.3 0.006 0.001 0.122 0.001 0.0 0.001 1 2 0 1 2 2
1987-07-20T10:30:00 1987 7 20 10 30 0 -3.9 4.3 503.0 4.1 2.07 0.48 0.0 0.0 2 2 2 2 2 2 2 2 1.0 1.73 -4.0 4.3 4.3 4.3 4.3 4.3 4.3 0.004 0.0 0.118 0.0 0.0 0.0 1 2 0 1 2 2
1987-07-20T11:30:00 1987 7 20 11 30 0 -3.9 3.6 479.0 4.0 1.84 0.46 0.0 0.0 2 2 2 2 2 2 2 2 1.0 1.52 -4.0 3.6 3.6 3.6 3.6 3.6 3.6 0.003 0.0 0.114 0.0 0.0 0.0 1 2 0 1 2 2
1987-07-20T12:30:00 1987 7 20 12 30 0 -2.0 0.2 475.0 4.0 1.74 0.38 0.0 0.0 2 2 2 2 2 2 2 2 2.0 1.44 -6.0 0.2 0.2 0.2 0.2 0.2 0.2 0.002 0.0 0.111 0.0 0.0 0.0 1 2 0 1 2 2
1987-07-20T13:30:00 1987 7 20 13 30 0 -3.5 2.2 467.0 4.3 1.8 0.42 0.0 0.0 2 2 2 2 2 2 2 2 2.0 1.37 -6.0 2.2 2.2 2.2 2.2 2.2 2.2 0.001 0.0 0.107 0.0 0.0 0.0 1 2 0 1 2 2
1987-07-20T14:30:00 1987 7 20 14 30 0 -1.6 2.7 453.0 4.1 1.61 0.21 0.0 0.0 2 2 2 2 2 2 2 2 2.0 1.46 -9.0 2.7 2.7 2.7 2.7 2.7 2.7 0.001 0.0 0.104 0.0 0.0 0.0 1 2 0 1 2 2
1987-07-20T15:30:00 1987 7 20 15 30 0 -4.3 -0.5 462.0 4.6 1.9 0.76 0.14 0.06 2 2 2 2 2 2 2 2 2.0 1.55 -7.0 -0.5 -0.5 -0.5 -0.5 -0.5 -0.5 0.016 0.038 0.102 0.009 0.07 0.094 2 2 0 2 2 2
1987-07-20T16:30:00 1987 7 20 16 30 0 -2.8 -1.1 451.0 4.6 1.88 1.63 1.88 0.86 2 2 2 2 2 2 2 2 2.0 1.64 -8.0 -1.1 -1.1 -1.1 -1.1 -1.1 -1.1 0.097 0.195 0.104 0.07 0.305 0.404 2 2 0 2 2 2
1987-07-20T17:30:00 1987 7 20 17 30 0 -1.9 -0.5 426.0 5.3 1.97 0.84 1.7 0.84 2 2 2 2 2 2 2 2 2.0 1.76 -8.0 -0.5 -0.5 -0.5 -0.5 -0.5 -0.5 0.137 0.248 0.104 0.086 0.316 0.484 2 2 0 2 2 2
1987-07-20T18:30:00 1987 7 20 18 30 0 -1.9 -0.35 431.8 5.1 1.96 0.46 0.9 0.47 1 1 1 1 1 1 1 1 2.7 1.97 -7.0 -0.52 -0.49 -0.59 -0.58 -0.49 -0.46 0.146 0.246 0.103 0.082 0.277 0.463 2 2 1 2 1 1
1987-07-20T19:30:00 1987 7 20 19 30 0 -1.87 0.18 437.6 4.9 1.93 0.35 0.22 0.11 1 1 1 1 1 1 1 1 2.7 2.18 -2.0 -0.61 -0.45 -0.91 -0.89 -0.47 -0.33 0.158 0.238 0.104 0.099 0.261 0.418 1 1 1 1 1 1
1987-07-20T20:30:00 1987 7 20 20 30 0 -1.83 0.57 443.4 4.7 1.9 0.24 0.0 0.0 1 1 1 1 1 1 1 1 2.7 2.27 1.0 -0.22 -0.07 -0.52 -0.5 -0.08 0.05 0.145 0.179 0.104 0.095 0.173 0.253 1 1 1 1 1 1
1987-07-20T21:30:00 1987 7 20 21 30 0 -1.8 2.02 449.2 4.5 1.87 0.13 0.0 0.0 1 1 1 1 1 1 1 1 3.7 2.49 -6.0 1.85 1.88 1.79 1.79 1.88 1.91 0.099 0.089 0.101 0.053 0.055 0.105 1 1 1 1 1 1
1987-07-20T22:30:00 1987 7 20 22 30 0 -1.8 2.4 455.0 4.3 1.86 0.08 0.0 0.0 2 2 2 2 2 2 2 2 3.7 2.71 -8.0 2.4 2.4 2.4 2.4 2.4 2.4 0.067 0.044 0.098 0.03 0.017 0.043 1 1 1 1 1 1
1987-07-20T23:30:00 1987 7 20 23 30 0 -1.7 0.9 449.0 4.5 1.9 0.1 0.0 0.0 2 2 2 2 2 2 2 2 3.7 2.92 -7.0 0.9 0.9 0.9 0.9 0.9 0.9 0.045 0.022 0.095 0.017 0.005 0.018 1 1 1 1 1 1
