1987-12-04T00:30:00 1987 12 4 0 30 0 0.56 0.13 395.0 7.36 2.8 0.02 0.0 0.0 0 0 1 0 0 0 1 0 1.7 2.17 -15.0 -0.82 -0.57 -1.33 -1.29 -0.6 -0.39 0.269 0.311 0.299 0.239 0.299 0.523 0 0 0 0 0 0
1987-12-04T01:30:00 1987 12 4 1 30 0 0.56 0.13 395.0 7.37 2.8 0.02 0.0 0.0 0 0 1 0 0 0 1 0 1.7 1.93 -13.0 -0.82 -0.57 -1.33 -1.3 -0.6 -0.4 0.269 0.311 0.297 0.24 0.299 0.526 0 0 0 0 0 0
1987-12-04T02:30:00 1987 12 4 2 30 0 0.57 0.13 395.0 7.37 2.8 0.02 0.0 0.0 0 0 1 0 0 0 1 0 1.7 1.92 -17.0 -0.82 -0.58 -1.33 -1.3 -0.6 -0.4 0.269 0.312 0.295 0.24 0.299 0.529 0 0 0 0 0 0
1987-12-04T03:30:00 1987 12 4 3 30 0 0.57 0.12 395.0 7.38 2.8 0.02 0.0 0.0 0 0 1 0 0 0 1 0 1.0 1.83 -18.0 -0.82 -0.58 -1.33 -1.3 -0.6 -0.4 0.268 0.314 0.294 0.241 0.299 0.53 0 0 0 0 0 0
1987-12-04T04:30:00 1987 12 4 4 30 0 0.57 0.12 395.0 7.38 2.8 0.02 0.0 0.0 0 0 1 0 0 0 1 0 1.0 1.73 -19.0 -0.82 -0.58 -1.33 -1.3 -0.6 -0.4 0.268 0.314 0.292 0.241 0.299 0.531 0 0 0 0 0 0
1987-12-04T05:30:00 1987 12 4 5 30 0 0.57 0.12 395.0 7.62 2.8 0.02 0.0 0.0 0 0 1 1 0 0 1 1 1.0 1.57 -18.0 -0.82 -0.58 -1.33 -1.3 -0.6 -0.4 0.269 0.316 0.291 0.242 0.301 0.54 0 0 0 0 0 0
1987-12-04T06:30:00 1987 12 4 6 30 0 0.57 0.12 395.0 8.03 2.8 0.02 0.0 0.0 0 0 1 1 1 0 1 1 1.0 1.41 -18.0 -0.82 -0.58 -1.33 -1.3 -0.6 -0.4 0.271 0.321 0.29 0.245 0.306 0.564 0 0 0 0 0 0
1987-12-04T07:30:00 1987 12 4 7 30 0 0.09 0.12 395.0 8.45 2.79 0.01 0.0 0.0 1 0 1 1 1 1 1 1 1.0 1.25 -16.0 -0.83 -0.58 -1.33 -1.3 -0.6 -0.4 0.275 0.327 0.289 0.248 0.312 0.597 0 0 0 0 0 0
1987-12-04T08:30:00 1987 12 4 8 30 0 -1.2 0.12 395.0 8.87 2.78 0.04 0.0 0.0 1 0 1 1 1 1 1 1 1.0 1.17 -13.0 -0.83 -0.58 -1.33 -1.3 -0.6 -0.4 0.28 0.333 0.288 0.253 0.318 0.635 0 0 0 0 0 0
1987-12-04T09:30:00 1987 12 4 9 30 0 -2.49 0.67 395.0 9.2 2.77 0.22 0.0 0.0 1 1 1 1 1 1 1 1 0.3 0.99 -11.0 -0.14 0.07 -0.59 -0.56 0.05 0.23 0.236 0.228 0.284 0.205 0.174 0.355 0 0 0 0 0 0
1987-12-04T10:30:00 1987 12 4 10 30 0 -3.2 3.54 395.0 9.2 2.77 0.26 0.0 0.0 1 1 1 1 1 1 1 1 0.3 0.82 -8.0 3.37 3.41 3.27 3.28 3.41 3.44 0.16 0.113 0.275 0.115 0.055 0.147 0 0 0 0 0 0
1987-12-04T11:30:00 1987 12 4 11 30 0 -3.2 4.3 395.0 9.2 2.77 0.21 0.0 0.0 2 2 2 2 2 2 2 2 0.3 0.73 -4.0 4.3 4.3 4.3 4.3 4.3 4.3 0.108 0.056 0.267 0.064 0.017 0.061 0 0 0 0 0 0
1987-12-04T12:30:00 1987 12 4 12 30 0 -3.45 4.15 400.0 9.2 2.77 0.22 0.0 0.0 1 1 1 1 1 1 1 1 1.0 0.73 -2.0 4.15 4.15 4.15 4.15 4.15 4.15 0.073 0.028 0.259 0.036 0.006 0.025 0 0 0 0 0 0
1987-12-04T13:30:00 1987 12 4 13 30 0 -3.7 4.0 405.0 9.2 2.77 0.29 0.0 0.0 2 2 1 1 1 2 2 1 1.0 0.74 -3.0 4.0 4.0 4.0 4.0 4.0 4.0 0.05 0.014 0.251 0.02 0.002 0.011 0 0 0 0 0 0
1987-12-04T14:30:00 1987 12 4 14 30 0 -3.7 3.28 410.0 8.87 2.78 0.35 0.0 0.0 1 1 1 1 1 1 1 1 1.0 0.74 -5.0 3.11 3.15 3.01 3.02 3.15 3.19 0.034 0.007 0.243 0.011 0.001 0.004 0 0 0 0 0 0
1987-12-04T15:30:00 1987 12 4 15 30 0 -2.91 0.61 415.0 8.47 2.79 0.44 0.0 0.0 1 1 1 1 1 1 1 1 2.3 0.91 -8.0 -0.2 0.01 -0.65 -0.62 -0.01 0.17 0.031 0.003 0.237 0.02 0.005 0.002 0 0 0 1 1 0
1987-12-04T16:30:00 1987 12 4 16 30 0 -1.44 0.11 420.0 8.07 2.8 0.32 0.0 0.0 1 0 1 1 1 1 1 1 2.3 1.09 -17.0 -0.83 -0.58 -1.34 -1.31 -0.61 -0.4 0.094 0.128 0.236 0.106 0.187 0.271 0 0 0 0 0 0
1987-12-04T17:30:00 1987 12 4 17 30 0 0.03 0.11 425.0 8.72 2.8 0.05 0.0 0.0 1 0 1 1 0 1 1 1 2.3 1.34 -23.0 -0.83 -0.58 -1.34 -1.31 -0.61 -0.4 0.161 0.235 0.239 0.183 0.305 0.555 0 0 0 0 0 0
1987-12-04T18:30:00 1987 12 4 18 30 0 0.59 0.1 430.0 10.42 2.84 0.01 0.0 0.0 0 0 1 1 1 0 1 1 3.0 1.68 -18.0 -0.83 -0.59 -1.35 -1.31 -0.61 -0.4 0.214 0.302 0.242 0.237 0.363 0.783 0 0 0 0 0 0
1987-12-04T19:30:00 1987 12 4 19 30 0 1.71 0.1 435.0 12.34 3.74 0.13 0.0 0.0 1 0 1 1 1 1 1 1 3.0 2.01 -11.0 -0.83 -0.59 -1.35 -1.31 -0.61 -0.4 0.257 0.352 0.246 0.278 0.406 1.034 0 0 0 0 0 0
1987-12-04T20:30:00 1987 12 4 20 30 0 4.73 0.1 440.0 14.25 4.63 1.01 0.0 0.0 1 0 1 1 1 1 1 1 3.0 2.26 -12.0 -0.84 -0.59 -1.35 -1.32 -0.61 -0.4 0.296 0.391 0.25 0.315 0.444 1.314 0 0 0 0 0 0
1987-12-04T21:30:00 1987 12 4 21 30 0 7.75 -0.39 445.0 15.8 5.53 3.62 0.38 0.59 1 1 1 1 1 1 1 1 4.3 2.68 -16.0 -1.2 -0.99 -1.65 -1.62 -1.01 -0.83 0.36 0.489 0.259 0.38 0.578 1.961 0 1 0 1 1 1
1987-12-04T22:30:00 1987 12 4 22 30 0 9.4 -2.93 450.0 15.8 5.81 8.41 3.96 6.25 1 1 1 1 1 1 1 1 4.3 3.09 -14.0 -3.1 -3.05 -3.19 -3.18 -3.06 -3.02 0.577 0.833 0.284 0.648 1.088 3.668 1 1 0 1 1 1
1987-12-04T23:30:00 1987 12 4 23 30 0 9.4 -3.6 455.0 15.8 5.81 12.2 7.46 11.78 2 2 2 2 2 2 2 2 4.3 3.34 -20.0 -3.6 -3.6 -3.6 -3.6 -3.6 -3.6 0.843 1.171 0.324 0.977 1.509 5.128 1 2 0 2 2 2
