1987-06-01T00:30:00 1987 6 1 0 30 0 1.04 0.02 342.1 14.34 3.04 0.12 0.0 0.0 1 0 1 1 1 1 1 1 2.7 3.07 -38.0 -0.91 -0.66 -1.4 -1.37 -0.68 -0.46 0.826 0.734 0.644 0.62 0.424 1.373 1 1 2 1 0 0
1987-06-01T01:30:00 1987 6 1 1 30 0 0.83 0.02 340.9 13.76 2.76 0.06 0.0 0.0 1 0 1 1 1 1 1 1 2.7 3.06 -35.0 -0.91 -0.66 -1.4 -1.37 -0.68 -0.47 0.667 0.59 0.632 0.47 0.363 1.109 1 0 2 1 0 0
1987-06-01T02:30:00 1987 6 1 2 30 0 0.82 0.02 339.7 13.19 2.75 0.05 0.0 0.0 1 0 1 1 1 1 1 1 2.7 2.94 -31.0 -0.91 -0.66 -1.4 -1.37 -0.68 -0.47 0.558 0.514 0.62 0.384 0.339 0.969 1 0 2 0 0 0
1987-06-01T03:30:00 1987 6 1 3 30 0 0.81 0.41 338.4 12.8 2.75 0.03 0.0 0.0 1 1 1 1 1 1 1 1 1.3 2.64 -25.0 -0.39 -0.17 -0.82 -0.79 -0.19 0.0 0.447 0.389 0.605 0.293 0.239 0.612 1 0 2 1 1 0
1987-06-01T04:30:00 1987 6 1 4 30 0 0.8 2.46 337.2 12.8 2.75 0.01 0.0 0.0 1 1 1 1 1 1 1 1 1.3 2.34 -20.0 2.29 2.33 2.2 2.2 2.33 2.37 0.303 0.193 0.587 0.164 0.076 0.254 1 0 2 1 1 0
1987-06-01T05:30:00 1987 6 1 5 30 0 0.8 3.0 336.0 12.8 2.75 0.0 0.0 0.0 2 2 2 2 2 2 2 2 1.3 2.16 -19.0 3.0 3.0 3.0 3.0 3.0 3.0 0.205 0.096 0.569 0.092 0.024 0.105 1 0 2 1 1 0
1987-06-01T06:30:00 1987 6 1 6 30 0 0.2 3.6 344.0 13.9 3.07 0.0 0.0 0.0 2 2 2 2 2 2 2 2 0.7 1.9 -16.0 3.6 3.6 3.6 3.6 3.6 3.6 0.139 0.048 0.552 0.051 0.008 0.044 1 0 2 1 1 0
1987-06-01T07:30:00 1987 6 1 7 30 0 2.7 5.7 356.0 12.9 2.99 0.03 0.0 0.0 2 2 2 2 2 2 2 2 0.7 1.65 -13.0 5.7 5.7 5.7 5.7 5.7 5.7 0.094 0.024 0.535 0.029 0.002 0.018 1 0 2 1 1 0
1987-06-01T08:30:00 1987 6 1 8 30 0 4.8 5.0 351.0 12.0 2.71 0.25 0.0 0.0 2 2 2 2 2 2 2 2 0.7 1.4 -10.0 5.0 5.0 5.0 5.0 5.0 5.0 0.064 0.012 0.519 0.016 0.001 0.008 1 0 2 1 1 0
1987-06-01T09:30:00 1987 6 1 9 30 0 7.5 0.0 357.0 12.7 2.97 1.81 0.0 0.0 2 2 2 2 2 2 2 2 1.7 1.29 -6.0 0.0 0.0 0.0 0.0 0.0 0.0 0.043 0.006 0.503 0.009 0.0 0.003 1 0 2 1 1 0
1987-06-01T10:30:00 1987 6 1 10 30 0 5.2 -2.6 352.0 16.1 3.66 3.78 2.49 3.75 2 2 2 2 2 2 2 2 1.7 1.18 -4.0 -2.6 -2.6 -2.6 -2.6 -2.6 -2.6 0.226 0.451 0.498 0.195 0.494 1.319 2 2 2 2 2 2
1987-06-01T11:30:00 1987 6 1 11 30 0 3.8 -2.6 349.0 18.5 4.14 3.37 4.55 7.92 2 2 2 2 2 2 2 2 1.7 1.23 -5.0 -2.6 -2.6 -2.6 -2.6 -2.6 -2.6 0.455 0.858 0.502 0.431 0.821 2.494 2 2 2 2 2 2
1987-06-01T12:30:00 1987 6 1 12 30 0 1.8 0.6 366.0 18.0 4.45 1.07 1.68 3.09 2 2 2 2 2 2 2 2 2.7 1.42 -6.0 0.6 0.6 0.6 0.6 0.6 0.6 0.397 0.629 0.491 0.308 0.449 1.762 2 2 2 2 2 2
1987-06-01T13:30:00 1987 6 1 13 30 0 -1.2 -0.5 364.0 15.1 3.85 0.07 0.25 0.38 2 2 2 2 2 2 2 2 2.7 1.6 -5.0 -0.5 -0.5 -0.5 -0.5 -0.5 -0.5 0.298 0.406 0.477 0.188 0.254 1.112 2 2 2 2 2 2
1987-06-01T14:30:00 1987 6 1 14 30 0 1.4 -1.5 362.0 15.4 3.9 0.33 1.89 2.89 2 2 2 2 2 2 2 2 2.7 1.85 -7.0 -1.5 -1.5 -1.5 -1.5 -1.5 -1.5 0.346 0.551 0.469 0.219 0.469 1.612 2 2 2 2 2 2
1987-06-01T15:30:00 1987 6 1 15 30 0 5.1 1.9 360.0 13.2 3.37 0.79 0.49 0.74 2 2 2 2 2 2 2 2 1.7 1.96 -6.0 1.9 1.9 1.9 1.9 1.9 1.9 0.253 0.317 0.456 0.133 0.187 0.808 2 2 2 2 2 2
1987-06-01T16:30:00 1987 6 1 16 30 0 4.2 -1.6 362.0 14.7 3.76 1.6 0.79 1.14 2 2 2 2 2 2 2 2 1.7 2.08 -5.0 -1.6 -1.6 -1.6 -1.6 -1.6 -1.6 0.25 0.358 0.445 0.141 0.302 0.987 2 2 2 2 2 2
1987-06-01T17:30:00 1987 6 1 17 30 0 2.9 -0.8 360.0 16.1 4.01 1.52 2.11 3.24 2 2 2 2 2 2 2 2 1.7 2.07 -6.0 -0.8 -0.8 -0.8 -0.8 -0.8 -0.8 0.306 0.505 0.438 0.18 0.443 1.499 2 2 2 2 2 2
1987-06-01T18:30:00 1987 6 1 18 30 0 -1.2 -1.4 361.0 17.0 4.4 0.49 2.03 3.37 2 2 2 2 2 2 2 2 2.0 2.11 -8.0 -1.4 -1.4 -1.4 -1.4 -1.4 -1.4 0.36 0.622 0.432 0.222 0.545 1.916 2 2 2 2 2 2
1987-06-01T19:30:00 1987 6 1 19 30 0 2.5 2.8 368.0 20.8 5.63 0.08 0.32 0.56 2 2 2 2 2 2 2 2 2.0 2.14 -6.0 2.8 2.8 2.8 2.8 2.8 2.8 0.256 0.34 0.419 0.129 0.2 0.924 2 2 2 2 2 2
1987-06-01T20:30:00 1987 6 1 20 30 0 2.4 7.0 383.0 24.0 6.77 0.08 0.0 0.0 2 2 2 2 2 2 2 2 2.0 2.06 4.0 7.0 7.0 7.0 7.0 7.0 7.0 0.173 0.169 0.406 0.072 0.063 0.383 2 2 2 2 2 2
1987-06-01T21:30:00 1987 6 1 21 30 0 5.6 6.1 382.0 25.5 7.21 0.3 0.0 0.0 2 2 2 2 2 2 2 2 2.3 2.01 10.0 6.1 6.1 6.1 6.1 6.1 6.1 0.117 0.084 0.394 0.041 0.02 0.159 2 2 2 2 2 2
1987-06-01T22:30:00 1987 6 1 22 30 0 5.6 -0.9 387.0 22.7 6.47 1.53 0.2 0.45 2 2 2 2 2 2 2 2 2.3 1.97 12.0 -0.9 -0.9 -0.9 -0.9 -0.9 -0.9 0.121 0.155 0.384 0.054 0.158 0.72 2 2 2 2 2 2
1987-06-01T23:30:00 1987 6 1 23 30 0 9.5 -3.7 380.0 17.8 4.88 7.0 4.62 9.05 2 2 2 2 2 2 2 2 2.3 2.04 -2.0 -3.7 -3.7 -3.7 -3.7 -3.7 -3.7 0.429 0.771 0.397 0.438 0.887 3.04 2 2 2 2 2 2
