1987-03-18T00:30:00 1987 3 18 0 30 0 0.0 -0.1 415.0 6.4 2.36 0.0 0.02 0.01 2 2 2 2 2 2 2 2 2.3 1.37 -3.0 -0.1 -0.1 -0.1 -0.1 -0.1 -0.1 0.033 0.038 0.123 0.011 0.03 0.077 2 2 1 2 2 2
1987-03-18T01:30:00 1987 3 18 1 30 0 1.4 1.8 413.0 8.5 3.12 0.02 0.0 0.0 2 2 2 2 2 2 2 2 2.3 1.45 0.0 1.8 1.8 1.8 1.8 1.8 1.8 0.022 0.019 0.119 0.006 0.009 0.032 2 2 1 2 2 2
1987-03-18T02:30:00 1987 3 18 2 30 0 1.46 1.63 412.8 8.3 2.99 0.05 0.0 0.0 1 1 1 1 1 1 1 1 2.3 1.62 5.0 1.39 1.42 1.33 1.33 1.41 1.44 0.015 0.009 0.115 0.003 0.003 0.013 2 2 1 2 2 2
1987-03-18T03:30:00 1987 3 18 3 30 0 1.6 0.92 412.5 8.1 2.86 0.08 0.0 0.0 1 1 1 1 1 1 1 1 1.0 1.61 6.0 -0.04 0.08 -0.29 -0.28 0.06 0.15 0.012 0.005 0.112 0.007 0.001 0.006 2 2 1 1 2 2
1987-03-18T04:30:00 1987 3 18 4 30 0 1.74 0.41 412.2 7.9 2.74 0.15 0.0 0.0 1 1 1 1 1 1 1 1 1.0 1.6 5.0 0.17 0.2 0.11 0.11 0.19 0.22 0.008 0.002 0.109 0.006 0.0 0.002 2 2 1 1 2 2
1987-03-18T05:30:00 1987 3 18 5 30 0 1.8 0.3 412.0 7.7 2.61 0.21 0.0 0.0 2 2 2 2 2 2 2 2 1.0 1.56 2.0 0.3 0.3 0.3 0.3 0.3 0.3 0.006 0.001 0.106 0.004 0.0 0.001 2 2 1 1 2 2
1987-03-18T06:30:00 1987 3 18 6 30 0 1.5 -1.0 406.0 8.2 2.6 0.36 0.87 0.7 2 2 2 2 2 2 2 2 2.0 1.64 -1.0 -1.0 -1.0 -1.0 -1.0 -1.0 -1.0 0.067 0.157 0.105 0.045 0.218 0.434 2 2 1 2 2 2
1987-03-18T07:30:00 1987 3 18 7 30 0 2.0 0.9 409.0 7.8 2.61 0.29 0.45 0.37 2 2 2 2 2 2 2 2 2.0 1.73 -2.0 0.9 0.9 0.9 0.9 0.9 0.9 0.061 0.114 0.103 0.033 0.109 0.283 2 2 1 2 2 2
1987-03-18T08:30:00 1987 3 18 8 30 0 1.1 -0.2 405.0 7.3 2.44 0.15 0.05 0.04 2 2 2 2 2 2 2 2 2.0 1.7 4.0 -0.2 -0.2 -0.2 -0.2 -0.2 -0.2 0.048 0.082 0.1 0.021 0.071 0.193 2 2 1 2 2 2
1987-03-18T09:30:00 1987 3 18 9 30 0 3.0 5.2 414.0 9.2 3.12 0.11 0.0 0.0 2 2 2 2 2 2 2 2 1.0 1.54 9.0 5.2 5.2 5.2 5.2 5.2 5.2 0.033 0.041 0.097 0.012 0.022 0.08 2 2 1 2 2 2
1987-03-18T10:30:00 1987 3 18 10 30 0 2.7 5.8 431.0 9.1 3.29 0.12 0.0 0.0 2 2 2 2 2 2 2 2 1.0 1.38 11.0 5.8 5.8 5.8 5.8 5.8 5.8 0.022 0.02 0.094 0.007 0.007 0.033 2 2 1 2 2 2
1987-03-18T11:30:00 1987 3 18 11 30 0 2.6 4.7 430.0 9.2 3.35 0.1 0.0 0.0 2 2 2 2 2 2 2 2 1.0 1.37 10.0 4.7 4.7 4.7 4.7 4.7 4.7 0.015 0.01 0.091 0.004 0.002 0.014 2 2 1 2 2 2
1987-03-18T12:30:00 1987 3 18 12 30 0 -1.9 2.0 456.0 9.6 3.95 0.03 0.0 0.0 2 2 2 2 2 2 2 2 2.3 1.54 9.0 2.0 2.0 2.0 2.0 2.0 2.0 0.01 0.005 0.088 0.002 0.001 0.006 2 2 1 2 2 2
1987-03-18T13:30:00 1987 3 18 13 30 0 -3.2 4.3 470.0 11.1 4.88 0.17 0.0 0.0 2 2 2 2 2 2 2 2 2.3 1.7 8.0 4.3 4.3 4.3 4.3 4.3 4.3 0.007 0.002 0.085 0.001 0.0 0.002 2 2 1 2 2 2
1987-03-18T14:30:00 1987 3 18 14 30 0 3.2 7.9 491.0 18.4 8.71 0.04 0.0 0.0 2 2 2 2 2 2 2 2 2.3 1.74 20.0 7.9 7.9 7.9 7.9 7.9 7.9 0.005 0.001 0.083 0.001 0.0 0.001 2 2 1 2 2 2
1987-03-18T15:30:00 1987 3 18 15 30 0 6.2 1.4 497.0 11.0 5.81 1.0 0.0 0.0 2 2 2 2 2 2 2 2 3.7 1.97 12.0 1.4 1.4 1.4 1.4 1.4 1.4 0.003 0.001 0.08 0.0 0.0 0.0 2 2 1 2 2 2
1987-03-18T16:30:00 1987 3 18 16 30 0 6.5 0.8 485.0 11.4 5.41 2.96 0.0 0.0 2 2 2 2 2 2 2 2 3.7 2.19 7.0 0.8 0.8 0.8 0.8 0.8 0.8 0.002 0.0 0.078 0.0 0.0 0.0 2 2 1 2 2 2
1987-03-18T17:30:00 1987 3 18 17 30 0 3.6 4.2 492.0 13.4 6.85 1.31 0.0 0.0 2 2 2 2 2 2 2 2 3.7 2.53 8.0 4.2 4.2 4.2 4.2 4.2 4.2 0.001 0.0 0.075 0.0 0.0 0.0 2 2 1 2 2 2
1987-03-18T18:30:00 1987 3 18 18 30 0 5.1 0.4 491.0 13.6 6.7 1.12 0.0 0.0 2 2 2 2 2 2 2 2 3.0 2.77 7.0 0.4 0.4 0.4 0.4 0.4 0.4 0.001 0.0 0.073 0.0 0.0 0.0 2 2 1 2 2 2
1987-03-18T19:30:00 1987 3 18 19 30 0 -0.6 5.8 508.0 10.8 5.59 0.36 0.0 0.0 2 2 2 2 2 2 2 2 3.0 3.01 2.0 5.8 5.8 5.8 5.8 5.8 5.8 0.001 0.0 0.071 0.0 0.0 0.0 2 2 1 2 2 2
1987-03-18T20:30:00 1987 3 18 20 30 0 3.0 2.4 501.0 7.4 3.93 0.08 0.0 0.0 2 2 2 2 2 2 2 2 3.0 3.09 -1.0 2.4 2.4 2.4 2.4 2.4 2.4 0.0 0.0 0.069 0.0 0.0 0.0 2 2 1 2 2 2
1987-03-18T21:30:00 1987 3 18 21 30 0 -2.0 -2.9 501.0 6.8 3.4 0.75 2.3 1.59 2 2 2 2 2 2 2 2 4.0 3.3 -1.0 -2.9 -2.9 -2.9 -2.9 -2.9 -2.9 0.144 0.254 0.08 0.17 0.503 0.851 2 2 2 2 2 2
1987-03-18T22:30:00 1987 3 18 22 30 0 -1.0 -3.6 500.0 6.7 3.29 3.48 8.21 5.53 2 2 2 2 2 2 2 2 4.0 3.51 -15.0 -3.6 -3.6 -3.6 -3.6 -3.6 -3.6 0.442 0.642 0.12 0.564 1.11 1.863 2 2 2 2 2 2
1987-03-18T23:30:00 1987 3 18 23 30 0 0.2 -2.4 498.0 6.0 2.89 2.6 7.36 4.67 2 2 2 2 2 2 2 2 4.0 3.56 -28.0 -2.4 -2.4 -2.4 -2.4 -2.4 -2.4 0.585 0.756 0.149 0.673 1.14 1.989 2 2 2 2 2 2
