1987-02-14T00:30:00 1987 2 14 0 30 0 1.66 0.52 425.4 7.33 2.87 0.16 0.0 0.0 0 0 1 0 0 0 1 0 1.0 0.92 3.0 -0.53 -0.36 -0.87 -0.85 -0.37 -0.24 0.191 0.231 0.234 0.149 0.238 0.469 0 0 1 0 0 0
1987-02-14T01:30:00 1987 2 14 1 30 0 1.66 0.52 429.6 7.33 2.87 0.16 0.0 0.0 0 0 1 0 0 0 1 0 1.0 1.0 5.0 -0.53 -0.36 -0.87 -0.85 -0.37 -0.24 0.192 0.231 0.232 0.151 0.242 0.48 0 0 1 0 0 0
1987-02-14T02:30:00 1987 2 14 2 30 0 1.66 0.52 433.8 7.33 2.87 0.16 0.0 0.0 0 0 1 0 0 0 1 0 1.0 1.0 7.0 -0.52 -0.36 -0.87 -0.85 -0.37 -0.23 0.193 0.231 0.23 0.153 0.245 0.487 0 0 1 0 0 0
1987-02-14T03:30:00 1987 2 14 3 30 0 1.66 0.52 438.1 7.32 2.87 0.16 0.0 0.0 0 0 1 0 0 0 1 0 1.7 1.09 3.0 -0.52 -0.36 -0.87 -0.85 -0.37 -0.23 0.194 0.232 0.228 0.155 0.249 0.494 0 0 1 0 0 0
1987-02-14T04:30:00 1987 2 14 4 30 0 1.66 0.52 442.4 7.32 2.87 0.17 0.0 0.0 0 0 1 0 0 0 1 0 1.7 1.18 -1.0 -0.52 -0.36 -0.87 -0.85 -0.37 -0.23 0.195 0.232 0.227 0.157 0.253 0.504 0 0 1 0 0 0
1987-02-14T05:30:00 1987 2 14 5 30 0 1.66 0.52 446.7 7.31 2.87 0.17 0.0 0.0 0 0 1 0 0 0 1 0 1.7 1.27 -7.0 -0.52 -0.36 -0.87 -0.85 -0.37 -0.23 0.196 0.232 0.226 0.159 0.257 0.515 0 0 1 0 0 0
1987-02-14T06:30:00 1987 2 14 6 30 0 1.66 0.52 450.9 7.31 2.87 0.17 0.0 0.0 0 0 1 0 0 0 1 0 1.7 1.36 -9.0 -0.52 -0.36 -0.87 -0.85 -0.37 -0.23 0.197 0.233 0.224 0.161 0.261 0.526 0 0 1 0 0 0
1987-02-14T07:30:00 1987 2 14 7 30 0 1.66 0.52 455.2 7.31 2.88 0.17 0.0 0.0 0 0 1 0 0 0 1 0 1.7 1.45 -8.0 -0.52 -0.35 -0.87 -0.85 -0.37 -0.23 0.198 0.232 0.223 0.163 0.265 0.538 0 0 1 0 0 0
1987-02-14T08:30:00 1987 2 14 8 30 0 1.66 0.52 459.5 7.3 2.88 0.17 0.0 0.0 0 0 1 0 0 0 1 0 1.7 1.53 -3.0 -0.52 -0.35 -0.87 -0.85 -0.37 -0.23 0.2 0.231 0.223 0.165 0.269 0.55 0 0 1 0 0 0
1987-02-14T09:30:00 1987 2 14 9 30 0 1.66 0.52 463.9 7.3 2.88 0.17 0.0 0.0 0 0 1 0 0 0 1 0 1.7 1.62 -3.0 -0.52 -0.35 -0.87 -0.85 -0.37 -0.23 0.201 0.23 0.222 0.166 0.273 0.562 0 0 1 0 0 0
1987-02-14T10:30:00 1987 2 14 10 30 0 1.66 0.52 468.2 7.3 2.88 0.18 0.0 0.0 0 0 1 0 0 0 1 0 1.7 1.7 -4.0 -0.52 -0.35 -0.87 -0.85 -0.37 -0.23 0.202 0.23 0.222 0.168 0.277 0.575 0 0 1 0 0 0
1987-02-14T11:30:00 1987 2 14 11 30 0 1.66 0.52 472.5 7.29 2.88 0.18 0.0 0.0 0 0 1 0 0 0 1 0 1.7 1.7 -5.0 -0.52 -0.35 -0.87 -0.85 -0.37 -0.23 0.204 0.23 0.221 0.17 0.281 0.587 0 0 1 0 0 0
1987-02-14T12:30:00 1987 2 14 12 30 0 1.66 0.52 474.8 7.29 2.88 0.18 0.0 0.0 0 0 0 0 0 0 0 0 1.3 1.65 -3.0 -0.52 -0.35 -0.87 -0.85 -0.37 -0.23 0.205 0.23 0.221 0.172 0.284 0.597 0 0 1 0 0 0
1987-02-14T13:30:00 1987 2 14 13 30 0 1.66 0.52 474.9 7.28 2.88 0.18 0.0 0.0 0 0 0 0 0 0 0 0 1.3 1.6 0.0 -0.52 -0.35 -0.87 -0.85 -0.37 -0.23 0.206 0.231 0.221 0.173 0.286 0.603 0 0 1 0 0 0
1987-02-14T14:30:00 1987 2 14 14 30 0 1.66 0.52 475.1 7.28 2.88 0.18 0.0 0.0 0 0 0 0 0 0 0 0 1.3 1.54 1.0 -0.52 -0.35 -0.87 -0.85 -0.37 -0.23 0.207 0.231 0.221 0.174 0.286 0.605 0 0 1 0 0 0
1987-02-14T15:30:00 1987 2 14 15 30 0 1.66 0.52 475.2 7.28 2.88 0.18 0.0 0.0 0 0 0 0 0 0 0 0 1.3 1.49 -2.0 -0.52 -0.35 -0.87 -0.85 -0.37 -0.23 0.207 0.231 0.22 0.174 0.286 0.606 0 0 1 0 0 0
1987-02-14T16:30:00 1987 2 14 16 30 0 1.66 0.52 475.3 7.27 2.88 0.18 0.0 0.0 0 0 0 0 0 0 0 0 1.3 1.44 1.0 -0.52 -0.35 -0.87 -0.85 -0.37 -0.23 0.208 0.231 0.22 0.174 0.286 0.606 0 0 1 0 0 0
1987-02-14T17:30:00 1987 2 14 17 30 0 1.66 0.52 475.5 7.27 2.88 0.18 0.0 0.0 0 0 0 0 0 0 0 0 1.3 1.4 4.0 -0.52 -0.35 -0.87 -0.85 -0.37 -0.23 0.208 0.231 0.22 0.174 0.287 0.606 0 0 1 0 0 0
1987-02-14T18:30:00 1987 2 14 18 30 0 1.66 0.53 475.6 7.27 2.88 0.18 0.0 0.0 0 0 0 0 0 0 0 0 0.7 1.27 1.0 -0.52 -0.35 -0.87 -0.85 -0.37 -0.23 0.208 0.231 0.22 0.175 0.287 0.607 0 0 1 0 0 0
1987-02-14T19:30:00 1987 2 14 19 30 0 1.66 0.53 475.8 7.26 2.88 0.18 0.0 0.0 0 0 0 0 0 0 0 0 0.7 1.14 0.0 -0.52 -0.35 -0.87 -0.85 -0.37 -0.23 0.208 0.23 0.22 0.175 0.287 0.607 0 0 1 0 0 0
1987-02-14T20:30:00 1987 2 14 20 30 0 1.66 0.53 475.9 7.26 2.88 0.18 0.0 0.0 0 0 0 0 0 0 0 0 0.7 1.07 -1.0 -0.52 -0.35 -0.87 -0.84 -0.37 -0.23 0.208 0.23 0.22 0.174 0.287 0.607 0 0 1 0 0 0
1987-02-14T21:30:00 1987 2 14 21 30 0 1.66 0.53 476.0 7.25 2.88 0.18 0.0 0.0 0 0 0 0 0 0 0 0 0.3 0.94 -3.0 -0.52 -0.35 -0.87 -0.84 -0.37 -0.23 0.208 0.23 0.22 0.173 0.287 0.607 0 0 1 0 0 0
1987-02-14T22:30:00 1987 2 14 22 30 0 1.66 0.53 476.2 7.25 2.88 0.18 0.0 0.0 0 0 0 0 0 0 0 0 0.3 0.81 -1.0 -0.52 -0.35 -0.87 -0.84 -0.37 -0.23 0.208 0.23 0.219 0.173 0.287 0.607 0 0 1 0 0 0
1987-02-14T23:30:00 1987 2 14 23 30 0 1.66 0.53 476.3 7.25 2.88 0.18 0.0 0.0 0 0 0 0 0 0 0 0 0.3 0.69 3.0 -0.52 -0.35 -0.87 -0.84 -0.37 -0.23 0.208 0.23 0.219 0.172 0.287 0.607 0 0 1 0 0 0
