1987-09-05T00:30:00 1987 9 5 0 30 0 -0.6 0.11 460.0 7.38 3.21 0.03 0.0 0.0 0 0 1 0 0 0 1 0 2.0 2.0 -17.0 -0.95 -0.66 -1.53 -1.49 -0.69 -0.45 0.352 0.354 0.526 0.356 0.426 0.838 0 0 0 0 0 0
1987-09-05T01:30:00 1987 9 5 1 30 0 -0.59 0.11 454.7 7.39 3.21 0.03 0.0 0.0 0 0 1 0 0 0 1 0 2.0 2.0 -18.0 -0.95 -0.66 -1.53 -1.49 -0.69 -0.45 0.349 0.353 0.523 0.351 0.419 0.816 0 0 0 0 0 0
1987-09-05T02:30:00 1987 9 5 2 30 0 -0.59 0.11 449.5 7.39 3.21 0.03 0.0 0.0 0 0 1 0 0 0 1 0 2.0 2.04 -17.0 -0.95 -0.66 -1.53 -1.49 -0.69 -0.45 0.346 0.353 0.519 0.346 0.411 0.795 0 0 0 0 0 0
1987-09-05T03:30:00 1987 9 5 3 30 0 -0.59 0.11 444.3 7.4 3.21 0.03 0.0 0.0 0 0 1 0 0 0 1 0 2.0 2.07 -16.0 -0.95 -0.66 -1.53 -1.49 -0.69 -0.45 0.343 0.352 0.515 0.341 0.404 0.774 0 0 0 0 0 0
1987-09-05T04:30:00 1987 9 5 4 30 0 -0.59 0.12 439.1 7.4 3.22 0.03 0.0 0.0 0 0 1 0 0 0 1 0 2.0 2.11 -17.0 -0.94 -0.66 -1.53 -1.49 -0.69 -0.45 0.339 0.351 0.511 0.336 0.396 0.753 0 0 0 0 0 0
1987-09-05T05:30:00 1987 9 5 5 30 0 -0.59 0.12 433.8 7.4 3.22 0.02 0.0 0.0 0 0 1 0 0 0 1 0 2.0 2.07 -19.0 -0.94 -0.66 -1.53 -1.49 -0.69 -0.45 0.335 0.351 0.507 0.331 0.389 0.732 0 0 0 0 0 0
1987-09-05T06:30:00 1987 9 5 6 30 0 -0.59 0.12 428.6 7.41 3.22 0.02 0.0 0.0 0 0 1 0 0 0 1 0 2.0 2.04 -18.0 -0.94 -0.66 -1.53 -1.49 -0.69 -0.45 0.332 0.35 0.503 0.327 0.382 0.712 0 0 0 0 0 0
1987-09-05T07:30:00 1987 9 5 7 30 0 -0.59 0.12 423.4 7.41 3.22 0.02 0.0 0.0 0 0 1 0 0 0 1 0 2.0 2.0 -17.0 -0.94 -0.66 -1.53 -1.49 -0.69 -0.45 0.328 0.349 0.498 0.322 0.374 0.692 0 0 0 0 0 0
1987-09-05T08:30:00 1987 9 5 8 30 0 -0.59 0.12 418.1 7.41 3.22 0.02 0.0 0.0 0 0 1 0 0 0 1 0 2.0 2.0 -19.0 -0.94 -0.66 -1.53 -1.49 -0.69 -0.45 0.325 0.349 0.493 0.317 0.367 0.672 0 0 0 0 0 0
1987-09-05T09:30:00 1987 9 5 9 30 0 -0.59 0.12 412.9 7.42 3.22 0.02 0.0 0.0 0 0 1 0 0 0 1 0 2.3 2.04 -19.0 -0.94 -0.66 -1.53 -1.49 -0.69 -0.45 0.322 0.348 0.489 0.312 0.36 0.653 0 0 0 0 0 0
1987-09-05T10:30:00 1987 9 5 10 30 0 -0.59 0.12 407.6 7.42 3.22 0.02 0.0 0.0 0 0 1 0 0 0 1 0 2.3 2.08 -17.0 -0.94 -0.66 -1.53 -1.49 -0.69 -0.45 0.318 0.347 0.483 0.307 0.353 0.634 0 0 0 0 0 0
1987-09-05T11:30:00 1987 9 5 11 30 0 -0.59 0.12 402.4 7.42 3.23 0.02 0.0 0.0 0 0 1 0 0 0 1 0 2.3 2.12 -15.0 -0.94 -0.66 -1.53 -1.49 -0.69 -0.45 0.315 0.346 0.478 0.303 0.346 0.615 0 0 0 0 0 0
1987-09-05T12:30:00 1987 9 5 12 30 0 -0.59 0.13 397.1 7.43 3.23 0.02 0.0 0.0 0 0 1 0 0 0 1 0 1.7 2.08 -17.0 -0.94 -0.66 -1.53 -1.49 -0.69 -0.45 0.312 0.346 0.473 0.298 0.338 0.596 0 0 0 0 0 0
1987-09-05T13:30:00 1987 9 5 13 30 0 -0.58 0.13 391.9 7.43 3.23 0.02 0.0 0.0 0 0 1 0 0 0 1 0 1.7 2.04 -16.0 -0.94 -0.66 -1.53 -1.49 -0.69 -0.45 0.309 0.345 0.468 0.293 0.332 0.578 0 0 0 0 0 0
1987-09-05T14:30:00 1987 9 5 14 30 0 -0.58 0.13 386.7 7.43 3.23 0.02 0.0 0.0 0 0 1 0 0 0 1 0 1.7 2.0 -12.0 -0.94 -0.66 -1.53 -1.49 -0.69 -0.45 0.306 0.344 0.462 0.288 0.325 0.56 0 0 0 0 0 0
1987-09-05T15:30:00 1987 9 5 15 30 0 -0.58 0.13 381.4 7.44 3.23 0.02 0.0 0.0 0 0 1 0 0 0 1 0 1.0 1.86 -7.0 -0.94 -0.66 -1.53 -1.49 -0.69 -0.45 0.303 0.343 0.456 0.284 0.318 0.543 0 0 0 0 0 0
1987-09-05T16:30:00 1987 9 5 16 30 0 -0.58 0.13 376.1 7.44 3.23 0.02 0.0 0.0 0 0 1 0 0 0 1 0 1.0 1.73 -3.0 -0.94 -0.66 -1.53 -1.49 -0.69 -0.45 0.299 0.343 0.451 0.279 0.311 0.526 0 0 0 0 0 0
1987-09-05T17:30:00 1987 9 5 17 30 0 -0.58 0.13 370.9 7.44 3.23 0.02 0.0 0.0 0 0 1 0 0 0 1 0 1.0 1.57 0.0 -0.94 -0.66 -1.53 -1.49 -0.69 -0.45 0.296 0.342 0.445 0.274 0.304 0.509 0 0 0 0 0 0
1987-09-05T18:30:00 1987 9 5 18 30 0 -0.58 0.13 365.6 7.45 3.24 0.02 0.0 0.0 0 0 1 0 0 0 1 0 1.3 1.45 1.0 -0.94 -0.66 -1.53 -1.49 -0.69 -0.45 0.293 0.341 0.439 0.269 0.297 0.492 0 0 0 0 0 0
1987-09-05T19:30:00 1987 9 5 19 30 0 -0.58 0.13 363.0 7.45 3.24 0.02 0.0 0.0 0 0 1 0 0 0 1 0 1.3 1.33 2.0 -0.94 -0.66 -1.53 -1.49 -0.69 -0.45 0.29 0.34 0.433 0.266 0.292 0.479 0 0 0 0 0 0
1987-09-05T20:30:00 1987 9 5 20 30 0 -0.58 0.14 363.0 7.45 3.24 0.02 0.0 0.0 0 0 1 0 0 0 1 0 1.3 1.28 -4.0 -0.94 -0.66 -1.53 -1.49 -0.69 -0.45 0.288 0.34 0.427 0.263 0.29 0.472 0 0 0 0 0 0
1987-09-05T21:30:00 1987 9 5 21 30 0 -0.58 0.14 363.0 7.46 3.24 0.02 0.0 0.0 0 0 1 0 0 0 1 0 1.7 1.29 -8.0 -0.94 -0.66 -1.53 -1.49 -0.68 -0.45 0.287 0.34 0.422 0.262 0.288 0.47 0 0 0 0 0 0
1987-09-05T22:30:00 1987 9 5 22 30 0 -0.58 0.14 363.0 7.46 3.24 0.02 0.0 0.0 0 0 1 0 0 0 1 0 1.7 1.3 -12.0 -0.94 -0.66 -1.53 -1.49 -0.68 -0.45 0.286 0.34 0.416 0.261 0.287 0.469 0 0 0 0 0 0
1987-09-05T23:30:00 1987 9 5 23 30 0 -0.58 0.14 363.0 7.46 3.24 0.02 0.0 0.0 0 0 1 0 0 0 1 0 1.7 1.38 -16.0 -0.94 -0.66 -1.53 -1.49 -0.68 -0.45 0.285 0.34 0.411 0.26 0.286 0.469 0 0 0 0 0 0
