1987-09-02T00:30:00 1987 9 2 0 30 0 3.1 -0.9 628.0 3.0 2.31 1.73 2.82 0.87 2 2 2 2 2 2 2 2 3.7 4.01 -35.0 -0.9 -0.9 -0.9 -0.9 -0.9 -0.9 0.249 0.282 0.693 0.16 0.569 0.779 2 2 2 2 2 2
1987-09-02T01:30:00 1987 9 2 1 30 0 2.1 -1.0 615.0 3.1 2.26 1.51 2.96 0.9 2 2 2 2 2 2 2 2 3.7 3.93 -38.0 -1.0 -1.0 -1.0 -1.0 -1.0 -1.0 0.27 0.302 0.682 0.177 0.588 0.794 2 2 2 2 2 2
1987-09-02T02:30:00 1987 9 2 2 30 0 1.3 -0.4 610.0 3.3 2.45 0.7 2.07 0.66 2 2 2 2 2 2 2 2 3.7 3.98 -34.0 -0.4 -0.4 -0.4 -0.4 -0.4 -0.4 0.251 0.268 0.666 0.148 0.468 0.7 2 2 2 2 2 2
1987-09-02T03:30:00 1987 9 2 3 30 0 2.7 -0.2 632.0 2.9 2.32 0.71 0.91 0.28 2 2 2 2 2 2 2 2 3.7 4.02 -31.0 -0.2 -0.2 -0.2 -0.2 -0.2 -0.2 0.204 0.2 0.648 0.099 0.312 0.526 2 2 2 2 2 2
1987-09-02T04:30:00 1987 9 2 4 30 0 2.7 -0.16 623.2 2.9 2.32 1.05 0.56 0.16 1 1 1 1 1 1 1 1 3.7 4.06 -31.0 -0.34 -0.29 -0.45 -0.44 -0.29 -0.25 0.173 0.165 0.631 0.08 0.264 0.43 2 2 2 2 1 1
1987-09-02T05:30:00 1987 9 2 5 30 0 2.08 0.0 614.4 2.9 2.4 0.76 0.23 0.07 1 1 1 1 1 1 1 1 3.7 3.94 -31.0 -0.86 -0.61 -1.36 -1.33 -0.64 -0.44 0.19 0.184 0.622 0.139 0.347 0.443 1 1 2 1 1 1
1987-09-02T06:30:00 1987 9 2 6 30 0 0.93 0.03 605.7 2.76 2.63 0.29 0.0 0.0 1 0 1 1 1 1 1 1 3.0 3.73 -33.0 -0.96 -0.68 -1.53 -1.49 -0.7 -0.47 0.222 0.211 0.619 0.216 0.409 0.455 1 1 2 0 0 0
1987-09-02T07:30:00 1987 9 2 7 30 0 -0.21 0.03 596.9 2.55 2.85 0.02 0.0 0.0 1 0 1 1 1 1 1 1 3.0 3.52 -31.0 -0.96 -0.68 -1.53 -1.49 -0.7 -0.47 0.243 0.223 0.616 0.259 0.419 0.431 1 0 1 0 0 0
1987-09-02T08:30:00 1987 9 2 8 30 0 -0.32 0.03 588.1 2.35 2.56 0.01 0.0 0.0 1 0 1 1 1 1 1 1 3.0 3.43 -25.0 -0.96 -0.68 -1.53 -1.49 -0.7 -0.47 0.253 0.224 0.612 0.276 0.406 0.389 0 0 1 0 0 0
1987-09-02T09:30:00 1987 9 2 9 30 0 0.55 0.04 579.3 2.14 2.04 0.01 0.0 0.0 1 0 1 1 1 1 1 1 2.0 3.21 -26.0 -0.96 -0.68 -1.53 -1.49 -0.7 -0.47 0.256 0.22 0.608 0.278 0.386 0.342 0 0 1 0 0 0
1987-09-02T10:30:00 1987 9 2 10 30 0 1.42 -0.06 570.6 2.0 1.51 0.14 0.06 0.01 1 1 1 1 1 1 1 1 2.0 2.99 -21.0 -0.92 -0.68 -1.42 -1.39 -0.7 -0.5 0.253 0.214 0.601 0.267 0.366 0.304 0 1 1 0 1 1
1987-09-02T11:30:00 1987 9 2 11 30 0 1.9 -0.57 561.8 2.0 1.34 0.47 0.95 0.19 1 1 1 1 1 1 1 1 2.0 2.78 -22.0 -0.75 -0.7 -0.85 -0.84 -0.7 -0.66 0.24 0.211 0.591 0.22 0.351 0.296 1 1 1 1 1 1
1987-09-02T12:30:00 1987 9 2 12 30 0 1.9 -0.7 553.0 2.0 1.34 0.71 1.78 0.36 2 2 2 2 2 2 2 2 2.0 2.57 -24.0 -0.7 -0.7 -0.7 -0.7 -0.7 -0.7 0.223 0.209 0.578 0.169 0.341 0.297 1 1 1 1 2 2
1987-09-02T13:30:00 1987 9 2 13 30 0 1.8 -1.1 545.0 2.2 1.34 0.85 2.51 0.53 2 2 2 2 2 2 2 2 2.0 2.36 -29.0 -1.1 -1.1 -1.1 -1.1 -1.1 -1.1 0.231 0.238 0.566 0.16 0.4 0.344 1 2 1 1 2 2
1987-09-02T14:30:00 1987 9 2 14 30 0 0.4 0.0 528.0 3.0 1.74 0.33 1.36 0.34 2 2 2 2 2 2 2 2 2.0 2.24 -32.0 0.0 0.0 0.0 0.0 0.0 0.0 0.192 0.182 0.551 0.111 0.245 0.266 1 2 1 2 2 2
1987-09-02T15:30:00 1987 9 2 15 30 0 0.7 -1.0 539.0 3.6 2.19 0.18 1.45 0.5 2 2 2 2 2 2 2 2 2.3 2.16 -32.0 -1.0 -1.0 -1.0 -1.0 -1.0 -1.0 0.197 0.219 0.539 0.112 0.349 0.429 2 2 1 2 2 2
1987-09-02T16:30:00 1987 9 2 16 30 0 0.7 -0.81 539.0 3.6 2.19 0.36 2.42 0.87 1 1 1 1 1 1 1 1 2.3 2.08 -34.0 -0.99 -0.94 -1.1 -1.09 -0.95 -0.9 0.233 0.278 0.531 0.152 0.458 0.584 1 1 1 1 1 1
1987-09-02T17:30:00 1987 9 2 17 30 0 0.45 -0.09 539.0 3.6 2.28 0.13 1.13 0.41 1 1 1 1 1 1 1 1 2.3 2.12 -36.0 -0.96 -0.72 -1.46 -1.43 -0.74 -0.54 0.255 0.286 0.527 0.203 0.45 0.578 1 1 1 1 1 1
1987-09-02T18:30:00 1987 9 2 18 30 0 -0.01 0.05 539.0 4.28 2.56 0.01 0.07 0.03 1 0 1 1 1 1 1 1 2.3 2.15 -32.0 -0.96 -0.67 -1.53 -1.49 -0.7 -0.47 0.273 0.284 0.525 0.256 0.439 0.579 1 1 1 1 0 0
1987-09-02T19:30:00 1987 9 2 19 30 0 -0.46 0.05 539.0 5.11 2.84 0.01 0.0 0.0 1 0 1 1 1 1 1 1 2.3 2.19 -27.0 -0.96 -0.67 -1.53 -1.49 -0.7 -0.47 0.293 0.293 0.525 0.3 0.454 0.656 0 0 1 0 0 0
1987-09-02T20:30:00 1987 9 2 20 30 0 -0.64 0.05 539.0 5.93 3.13 0.03 0.0 0.0 0 0 1 1 1 0 1 1 2.3 2.23 -26.0 -0.96 -0.67 -1.53 -1.49 -0.7 -0.47 0.313 0.309 0.525 0.335 0.48 0.782 0 0 1 0 0 0
1987-09-02T21:30:00 1987 9 2 21 30 0 -0.64 0.05 539.0 6.76 3.14 0.04 0.0 0.0 0 0 1 1 0 0 1 1 1.3 2.13 -26.0 -0.96 -0.67 -1.53 -1.49 -0.7 -0.47 0.333 0.328 0.527 0.364 0.507 0.931 0 0 1 0 0 0
1987-09-02T22:30:00 1987 9 2 22 30 0 -0.64 0.05 539.0 7.22 3.14 0.04 0.0 0.0 0 0 1 0 0 0 1 0 1.3 2.04 -24.0 -0.96 -0.67 -1.53 -1.49 -0.7 -0.47 0.351 0.344 0.529 0.387 0.528 1.063 0 0 1 0 0 0
1987-09-02T23:30:00 1987 9 2 23 30 0 -0.64 0.05 539.0 7.22 3.14 0.04 0.0 0.0 0 0 1 0 0 0 1 0 1.3 1.91 -21.0 -0.95 -0.67 -1.53 -1.49 -0.7 -0.47 0.363 0.353 0.532 0.402 0.538 1.135 0 0 1 0 0 0
