1997-11-03T00:30:00 1997 11 3 0 30 0 -3.3 -0.2 323.0 5.9 1.09 0.56 0.03 0.02 2 2 2 2 2 2 2 2 0.0 0.34 -11.0 -0.2 -0.2 -0.2 -0.2 -0.2 -0.2 0.006 0.022 0.096 0.002 0.023 0.034 2 2 2 2 2 2
1997-11-03T01:30:00 1997 11 3 1 30 0 -3.4 0.0 328.0 5.7 1.23 0.78 0.15 0.09 2 2 2 2 2 2 2 2 0.0 0.25 -12.0 0.0 0.0 0.0 0.0 0.0 0.0 0.011 0.038 0.093 0.003 0.03 0.057 2 2 2 2 2 2
1997-11-03T02:30:00 1997 11 3 2 30 0 -2.9 0.5 325.0 5.8 1.23 0.58 0.0 0.0 2 2 2 2 2 2 2 2 0.0 0.17 -9.0 0.5 0.5 0.5 0.5 0.5 0.5 0.008 0.019 0.09 0.002 0.01 0.023 2 2 2 2 2 2
1997-11-03T03:30:00 1997 11 3 3 30 0 -2.5 1.2 321.0 7.1 1.46 0.31 0.0 0.0 2 2 2 2 2 2 2 2 0.0 0.08 -5.0 1.2 1.2 1.2 1.2 1.2 1.2 0.005 0.009 0.087 0.001 0.003 0.01 2 2 2 2 2 2
1997-11-03T04:30:00 1997 11 3 4 30 0 -2.7 0.9 320.0 7.9 1.43 0.26 0.0 0.0 2 2 2 2 2 2 2 2 0.0 0.0 -4.0 0.9 0.9 0.9 0.9 0.9 0.9 0.004 0.005 0.085 0.001 0.001 0.004 2 2 2 2 2 2
1997-11-03T05:30:00 1997 11 3 5 30 0 -2.4 1.5 323.0 8.7 1.63 0.23 0.0 0.0 2 2 2 2 2 2 2 2 0.0 0.0 -2.0 1.5 1.5 1.5 1.5 1.5 1.5 0.002 0.002 0.082 0.0 0.0 0.002 2 2 2 2 2 2
1997-11-03T06:30:00 1997 11 3 6 30 0 -2.1 3.3 329.0 7.5 1.46 0.1 0.0 0.0 2 2 2 2 2 2 2 2 0.0 0.0 -1.0 3.3 3.3 3.3 3.3 3.3 3.3 0.002 0.001 0.08 0.0 0.0 0.001 2 2 2 2 2 2
1997-11-03T07:30:00 1997 11 3 7 30 0 -1.8 3.3 328.0 7.7 1.48 0.05 0.0 0.0 2 2 2 2 2 2 2 2 0.0 0.0 1.0 3.3 3.3 3.3 3.3 3.3 3.3 0.001 0.001 0.077 0.0 0.0 0.0 2 2 2 2 2 2
1997-11-03T08:30:00 1997 11 3 8 30 0 -2.5 2.9 329.0 8.3 1.59 0.08 0.0 0.0 2 2 2 2 2 2 2 2 0.0 0.0 1.0 2.9 2.9 2.9 2.9 2.9 2.9 0.001 0.0 0.075 0.0 0.0 0.0 2 2 2 2 2 2
1997-11-03T09:30:00 1997 11 3 9 30 0 -3.8 0.0 333.0 8.7 1.73 0.46 0.0 0.0 2 2 2 2 2 2 2 2 0.7 0.09 0.0 0.0 0.0 0.0 0.0 0.0 0.0 0.0 0.0 0.073 0.0 0.0 0.0 2 2 2 2 2 2
1997-11-03T10:30:00 1997 11 3 10 30 0 -2.7 -1.4 333.0 9.1 1.83 1.02 1.26 1.13 2 2 2 2 2 2 2 2 0.7 0.18 -4.0 -1.4 -1.4 -1.4 -1.4 -1.4 -1.4 0.089 0.23 0.074 0.063 0.236 0.417 2 2 2 2 2 2
1997-11-03T11:30:00 1997 11 3 11 30 0 -1.6 1.6 329.0 8.7 1.7 0.35 0.45 0.41 2 2 2 2 2 2 2 2 0.7 0.27 -8.0 1.6 1.6 1.6 1.6 1.6 1.6 0.075 0.148 0.072 0.043 0.102 0.233 2 2 2 2 2 2
1997-11-03T12:30:00 1997 11 3 12 30 0 -1.6 3.0 327.0 8.6 1.65 0.04 0.0 0.0 2 2 2 2 2 2 2 2 0.7 0.36 -8.0 3.0 3.0 3.0 3.0 3.0 3.0 0.051 0.074 0.07 0.024 0.032 0.096 2 2 2 2 2 2
1997-11-03T13:30:00 1997 11 3 13 30 0 -2.9 -0.3 324.0 9.3 1.77 0.25 0.04 0.04 2 2 2 2 2 2 2 2 0.7 0.45 -5.0 -0.3 -0.3 -0.3 -0.3 -0.3 -0.3 0.044 0.071 0.068 0.018 0.047 0.115 2 2 2 2 2 2
1997-11-03T14:30:00 1997 11 3 14 30 0 -2.6 0.3 325.0 10.3 1.93 0.5 0.1 0.1 2 2 2 2 2 2 2 2 0.7 0.53 -2.0 0.3 0.3 0.3 0.3 0.3 0.3 0.034 0.049 0.066 0.011 0.025 0.076 2 2 2 2 2 2
1997-11-03T15:30:00 1997 11 3 15 30 0 -2.4 -0.6 320.0 13.6 2.46 0.47 0.36 0.47 2 2 2 2 2 2 2 2 1.3 0.7 0.0 -0.6 -0.6 -0.6 -0.6 -0.6 -0.6 0.06 0.147 0.065 0.025 0.127 0.351 2 2 2 2 2 2
1997-11-03T16:30:00 1997 11 3 16 30 0 1.4 -2.2 315.0 12.0 2.05 0.58 2.32 2.93 2 2 2 2 2 2 2 2 1.3 0.86 -2.0 -2.2 -2.2 -2.2 -2.2 -2.2 -2.2 0.203 0.465 0.07 0.154 0.407 0.911 2 2 2 2 2 2
1997-11-03T17:30:00 1997 11 3 17 30 0 1.8 -2.9 313.0 9.9 1.68 1.51 4.05 4.38 2 2 2 2 2 2 2 2 1.3 0.93 -5.0 -2.9 -2.9 -2.9 -2.9 -2.9 -2.9 0.368 0.73 0.08 0.32 0.589 1.153 2 2 2 2 2 2
1997-11-03T18:30:00 1997 11 3 18 30 0 1.6 -3.1 323.0 10.9 1.95 1.98 4.79 5.01 2 2 2 2 2 2 2 2 2.0 1.1 -5.0 -3.1 -3.1 -3.1 -3.1 -3.1 -3.1 0.512 0.908 0.093 0.462 0.706 1.355 2 2 2 2 2 2
1997-11-03T19:30:00 1997 11 3 19 30 0 3.7 -1.7 322.0 9.4 1.68 1.84 3.78 3.84 2 2 2 2 2 2 2 2 2.0 1.27 -6.0 -1.7 -1.7 -1.7 -1.7 -1.7 -1.7 0.54 0.871 0.101 0.44 0.618 1.236 2 2 2 2 2 2
1997-11-03T20:30:00 1997 11 3 20 30 0 3.1 -3.2 327.0 10.5 1.96 2.35 4.08 4.1 2 2 2 2 2 2 2 2 2.0 1.43 -4.0 -3.2 -3.2 -3.2 -3.2 -3.2 -3.2 0.601 0.931 0.112 0.493 0.687 1.333 2 2 2 2 2 2
1997-11-03T21:30:00 1997 11 3 21 30 0 1.2 -3.6 333.0 12.0 2.32 2.7 5.64 6.39 2 2 2 2 2 2 2 2 2.3 1.63 -7.0 -3.6 -3.6 -3.6 -3.6 -3.6 -3.6 0.72 1.087 0.129 0.64 0.843 1.695 2 2 2 2 2 2
1997-11-03T22:30:00 1997 11 3 22 30 0 3.1 -1.6 333.0 13.8 2.69 1.85 4.19 5.39 2 2 2 2 2 2 2 2 2.3 1.82 -10.0 -1.6 -1.6 -1.6 -1.6 -1.6 -1.6 0.718 1.032 0.139 0.583 0.744 1.776 2 2 2 2 2 2
1997-11-03T23:30:00 1997 11 3 23 30 0 3.3 0.2 332.0 14.7 2.84 0.97 1.07 1.51 2 2 2 2 2 2 2 2 2.3 1.95 -10.0 0.2 0.2 0.2 0.2 0.2 0.2 0.543 0.659 0.136 0.361 0.362 1.125 2 2 2 2 2 2
