1997-03-26T00:30:00 1997 3 26 0 30 0 -0.4 -0.6 479.0 4.7 2.18 0.66 2.75 1.52 2 2 2 2 2 2 2 2 2.7 3.08 -28.0 -0.6 -0.6 -0.6 -0.6 -0.6 -0.6 0.519 0.544 0.327 0.399 0.622 1.215 2 2 2 2 2 2
1997-03-26T01:30:00 1997 3 26 1 30 0 -2.1 -1.9 477.0 3.7 1.68 0.84 3.12 1.27 2 2 2 2 2 2 2 2 2.7 3.08 -24.0 -1.9 -1.9 -1.9 -1.9 -1.9 -1.9 0.481 0.5 0.327 0.346 0.602 0.945 2 2 2 2 2 2
1997-03-26T02:30:00 1997 3 26 2 30 0 -0.8 -0.9 452.0 4.7 1.91 0.87 3.16 1.32 2 2 2 2 2 2 2 2 2.7 3.07 -22.0 -0.9 -0.9 -0.9 -0.9 -0.9 -0.9 0.44 0.457 0.326 0.29 0.526 0.798 2 2 2 2 2 2
1997-03-26T03:30:00 1997 3 26 3 30 0 -2.4 -1.5 439.0 5.2 1.93 0.83 2.72 1.36 2 2 2 2 2 2 2 2 3.3 3.15 -23.0 -1.5 -1.5 -1.5 -1.5 -1.5 -1.5 0.419 0.461 0.324 0.267 0.529 0.802 2 2 2 2 2 2
1997-03-26T04:30:00 1997 3 26 4 30 0 -0.7 -2.8 445.0 5.5 2.16 1.66 4.88 2.62 2 2 2 2 2 2 2 2 3.3 3.22 -19.0 -2.8 -2.8 -2.8 -2.8 -2.8 -2.8 0.494 0.59 0.332 0.384 0.735 1.042 2 2 2 2 2 2
1997-03-26T05:30:00 1997 3 26 5 30 0 -2.0 -2.3 449.0 5.7 2.28 2.0 5.65 3.17 2 2 2 2 2 2 2 2 3.3 3.17 -16.0 -2.3 -2.3 -2.3 -2.3 -2.3 -2.3 0.56 0.67 0.343 0.468 0.822 1.208 2 2 2 2 2 2
1997-03-26T06:30:00 1997 3 26 6 30 0 1.2 0.7 452.0 5.0 2.0 0.42 1.77 0.97 2 2 2 2 2 2 2 2 2.7 3.05 -16.0 0.7 0.7 0.7 0.7 0.7 0.7 0.433 0.431 0.336 0.303 0.393 0.718 2 2 2 2 2 2
1997-03-26T07:30:00 1997 3 26 7 30 0 1.8 -0.7 454.0 4.9 1.98 0.27 0.46 0.23 2 2 2 2 2 2 2 2 2.7 2.93 -13.0 -0.7 -0.7 -0.7 -0.7 -0.7 -0.7 0.324 0.288 0.327 0.19 0.253 0.479 2 2 2 2 2 2
1997-03-26T08:30:00 1997 3 26 8 30 0 -3.0 -2.1 480.0 6.2 2.78 1.03 3.43 1.96 2 2 2 2 2 2 2 2 2.7 2.92 -7.0 -2.1 -2.1 -2.1 -2.1 -2.1 -2.1 0.383 0.437 0.331 0.271 0.588 0.953 2 2 2 2 2 2
1997-03-26T09:30:00 1997 3 26 9 30 0 -4.0 -2.6 472.0 7.2 3.08 3.36 5.64 3.81 2 2 2 2 2 2 2 2 3.0 2.96 -11.0 -2.6 -2.6 -2.6 -2.6 -2.6 -2.6 0.511 0.633 0.345 0.443 0.892 1.55 2 2 2 2 2 2
1997-03-26T10:30:00 1997 3 26 10 30 0 -6.0 0.0 472.0 8.0 3.29 3.49 2.81 2.11 2 2 2 2 2 2 2 2 3.0 3.0 -16.0 0.0 0.0 0.0 0.0 0.0 0.0 0.449 0.496 0.343 0.338 0.554 1.217 2 2 2 2 2 2
1997-03-26T11:30:00 1997 3 26 11 30 0 -3.7 -1.2 475.0 11.6 5.0 2.63 1.54 1.62 2 2 2 2 2 2 2 2 3.0 2.96 -8.0 -1.2 -1.2 -1.2 -1.2 -1.2 -1.2 0.415 0.486 0.339 0.277 0.578 1.631 2 2 2 2 2 2
1997-03-26T12:30:00 1997 3 26 12 30 0 -4.2 -3.5 495.0 13.5 6.14 4.05 5.96 7.62 2 2 2 2 2 2 2 2 3.3 2.96 -4.0 -3.5 -3.5 -3.5 -3.5 -3.5 -3.5 0.642 0.845 0.367 0.621 1.243 3.682 2 2 2 2 2 2
1997-03-26T13:30:00 1997 3 26 13 30 0 -2.7 -2.7 495.0 11.3 5.09 4.46 7.59 9.38 2 2 2 2 2 2 2 2 3.3 2.97 -15.0 -2.7 -2.7 -2.7 -2.7 -2.7 -2.7 0.821 1.035 0.401 0.849 1.461 4.41 2 2 2 2 2 2
1997-03-26T14:30:00 1997 3 26 14 30 0 -2.0 0.4 499.0 5.8 2.77 1.29 2.65 2.52 2 2 2 2 2 2 2 2 3.3 3.04 -24.0 0.4 0.4 0.4 0.4 0.4 0.4 0.657 0.689 0.398 0.565 0.736 2.53 2 2 2 2 2 2
1997-03-26T15:30:00 1997 3 26 15 30 0 0.5 -0.9 509.0 5.7 2.77 0.17 0.89 0.51 2 2 2 2 2 2 2 2 3.3 3.12 -22.0 -0.9 -0.9 -0.9 -0.9 -0.9 -0.9 0.501 0.463 0.389 0.357 0.47 1.464 2 2 2 2 2 2
1997-03-26T16:30:00 1997 3 26 16 30 0 -0.2 -0.7 519.0 5.9 3.04 0.21 2.04 1.18 2 2 2 2 2 2 2 2 3.3 3.19 -18.0 -0.7 -0.7 -0.7 -0.7 -0.7 -0.7 0.432 0.41 0.384 0.268 0.483 1.22 2 2 2 2 2 2
1997-03-26T17:30:00 1997 3 26 17 30 0 -4.9 -1.8 536.0 5.0 2.86 1.96 3.43 1.83 2 2 2 2 2 2 2 2 3.3 3.23 -15.0 -1.8 -1.8 -1.8 -1.8 -1.8 -1.8 0.447 0.466 0.386 0.303 0.684 1.312 2 2 2 2 2 2
1997-03-26T18:30:00 1997 3 26 18 30 0 -2.3 -0.4 562.0 3.4 2.02 2.27 2.85 1.23 2 2 2 2 2 2 2 2 3.7 3.32 -24.0 -0.4 -0.4 -0.4 -0.4 -0.4 -0.4 0.397 0.392 0.383 0.246 0.54 0.995 2 2 2 2 2 2
1997-03-26T19:30:00 1997 3 26 19 30 0 -0.7 -0.6 577.0 2.8 1.98 0.45 1.45 0.44 2 2 2 2 2 2 2 2 3.7 3.4 -21.0 -0.6 -0.6 -0.6 -0.6 -0.6 -0.6 0.325 0.3 0.375 0.175 0.409 0.687 2 2 2 2 2 2
1997-03-26T20:30:00 1997 3 26 20 30 0 0.4 -1.3 583.0 3.0 2.04 0.38 2.84 0.83 2 2 2 2 2 2 2 2 3.7 3.46 -16.0 -1.3 -1.3 -1.3 -1.3 -1.3 -1.3 0.323 0.317 0.372 0.189 0.524 0.691 2 2 2 2 2 2
1997-03-26T21:30:00 1997 3 26 21 30 0 1.6 -0.8 579.0 3.4 2.28 0.61 2.99 0.96 2 2 2 2 2 2 2 2 3.7 3.51 -17.0 -0.8 -0.8 -0.8 -0.8 -0.8 -0.8 0.318 0.321 0.37 0.189 0.536 0.72 2 2 2 2 2 2
1997-03-26T22:30:00 1997 3 26 22 30 0 2.1 -1.9 581.0 3.2 2.05 1.37 4.05 1.33 2 2 2 2 2 2 2 2 3.7 3.56 -24.0 -1.9 -1.9 -1.9 -1.9 -1.9 -1.9 0.362 0.383 0.374 0.258 0.696 0.857 2 2 2 2 2 2
1997-03-26T23:30:00 1997 3 26 23 30 0 1.6 -1.2 569.0 2.7 1.75 1.44 4.37 1.29 2 2 2 2 2 2 2 2 3.7 3.6 -30.0 -1.2 -1.2 -1.2 -1.2 -1.2 -1.2 0.377 0.39 0.377 0.274 0.67 0.792 2 2 2 2 2 2
