1997-01-07T00:30:00 1997 1 7 0 30 0 -2.7 -2.9 356.0 26.0 5.72 1.42 1.47 3.68 2 2 2 2 2 2 2 2 2.3 0.61 23.0 -2.9 -2.9 -2.9 -2.9 -2.9 -2.9 0.166 0.39 0.048 0.181 0.453 1.777 2 2 2 2 2 2
1997-01-07T01:30:00 1997 1 7 1 30 0 4.2 -0.8 360.0 31.4 6.99 1.24 3.15 8.95 2 2 2 2 2 2 2 2 2.3 0.82 22.0 -0.8 -0.8 -0.8 -0.8 -0.8 -0.8 0.344 0.732 0.06 0.306 0.689 3.581 2 2 2 2 2 2
1997-01-07T02:30:00 1997 1 7 2 30 0 2.1 -3.5 374.0 23.7 5.91 2.28 4.17 11.04 2 2 2 2 2 2 2 2 2.3 1.08 9.0 -3.5 -3.5 -3.5 -3.5 -3.5 -3.5 0.593 1.123 0.083 0.583 1.082 5.094 2 2 2 2 2 2
1997-01-07T03:30:00 1997 1 7 3 30 0 4.7 -5.2 382.0 17.7 4.62 5.65 8.37 16.94 2 2 2 2 2 2 2 2 4.0 1.55 -1.0 -5.2 -5.2 -5.2 -5.2 -5.2 -5.2 0.953 1.549 0.131 1.11 1.521 5.743 2 2 2 2 2 2
1997-01-07T04:30:00 1997 1 7 4 30 0 3.2 -6.7 371.0 24.1 5.83 9.06 11.3 24.05 2 2 2 2 2 2 2 2 4.0 2.02 -6.0 -6.7 -6.7 -6.7 -6.7 -6.7 -6.7 1.382 2.043 0.204 1.803 1.969 7.227 2 2 2 2 2 2
1997-01-07T05:30:00 1997 1 7 5 30 0 4.5 -3.8 366.0 22.8 5.28 7.13 9.45 22.17 2 2 2 2 2 2 2 2 4.0 2.48 -14.0 -3.8 -3.8 -3.8 -3.8 -3.8 -3.8 1.531 2.094 0.254 1.853 1.815 7.221 2 2 2 2 2 2
1997-01-07T06:30:00 1997 1 7 6 30 0 2.4 2.2 384.0 12.7 3.32 1.56 1.94 3.96 2 2 2 2 2 2 2 2 2.0 2.67 -17.0 2.2 2.2 2.2 2.2 2.2 2.2 1.128 1.224 0.252 1.117 0.751 3.696 2 2 2 2 2 2
1997-01-07T07:30:00 1997 1 7 7 30 0 4.1 3.3 389.0 8.3 2.29 0.32 0.0 0.0 2 2 2 2 2 2 2 2 2.0 2.86 -14.0 3.3 3.3 3.3 3.3 3.3 3.3 0.764 0.608 0.244 0.626 0.238 1.533 2 2 2 2 2 2
1997-01-07T08:30:00 1997 1 7 8 30 0 5.8 1.5 405.0 5.5 1.79 1.1 0.0 0.0 2 2 2 2 2 2 2 2 2.0 2.82 -12.0 1.5 1.5 1.5 1.5 1.5 1.5 0.517 0.302 0.237 0.35 0.075 0.636 2 2 2 2 2 2
1997-01-07T09:30:00 1997 1 7 9 30 0 2.2 -1.1 402.0 8.3 2.77 1.21 0.56 0.45 2 2 2 2 2 2 2 2 2.3 2.81 -8.0 -1.1 -1.1 -1.1 -1.1 -1.1 -1.1 0.398 0.268 0.232 0.232 0.194 0.579 2 2 2 2 2 2
1997-01-07T10:30:00 1997 1 7 10 30 0 6.8 -1.8 399.0 8.0 2.48 2.96 2.96 2.41 2 2 2 2 2 2 2 2 2.3 2.8 -10.0 -1.8 -1.8 -1.8 -1.8 -1.8 -1.8 0.428 0.456 0.234 0.273 0.486 0.986 2 2 2 2 2 2
1997-01-07T11:30:00 1997 1 7 11 30 0 4.0 -3.0 403.0 8.3 2.66 4.48 4.92 4.02 2 2 2 2 2 2 2 2 2.3 2.6 -8.0 -3.0 -3.0 -3.0 -3.0 -3.0 -3.0 0.538 0.684 0.247 0.431 0.766 1.417 2 2 2 2 2 2
1997-01-07T12:30:00 1997 1 7 12 30 0 2.3 -2.2 414.0 8.2 2.68 2.8 5.24 4.33 2 2 2 2 2 2 2 2 2.7 2.44 -9.0 -2.2 -2.2 -2.2 -2.2 -2.2 -2.2 0.608 0.781 0.259 0.508 0.839 1.612 2 2 2 2 2 2
1997-01-07T13:30:00 1997 1 7 13 30 0 -1.0 -0.3 425.0 7.4 2.46 0.58 2.45 1.93 2 2 2 2 2 2 2 2 2.7 2.3 -10.0 -0.3 -0.3 -0.3 -0.3 -0.3 -0.3 0.516 0.6 0.257 0.365 0.546 1.224 2 2 2 2 2 2
1997-01-07T14:30:00 1997 1 7 14 30 0 0.2 -0.9 439.0 6.5 2.33 0.15 1.36 0.93 2 2 2 2 2 2 2 2 2.7 2.38 -6.0 -0.9 -0.9 -0.9 -0.9 -0.9 -0.9 0.427 0.474 0.253 0.257 0.434 0.98 2 2 2 2 2 2
1997-01-07T15:30:00 1997 1 7 15 30 0 0.2 -2.8 450.0 7.0 2.65 1.07 4.3 2.93 2 2 2 2 2 2 2 2 2.7 2.47 -5.0 -2.8 -2.8 -2.8 -2.8 -2.8 -2.8 0.503 0.615 0.264 0.38 0.738 1.344 2 2 2 2 2 2
1997-01-07T16:30:00 1997 1 7 16 30 0 2.0 -2.5 439.0 6.4 2.35 2.06 5.86 3.91 2 2 2 2 2 2 2 2 2.7 2.56 -6.0 -2.5 -2.5 -2.5 -2.5 -2.5 -2.5 0.589 0.725 0.278 0.498 0.874 1.508 2 2 2 2 2 2
1997-01-07T17:30:00 1997 1 7 17 30 0 2.7 -1.5 426.0 7.2 2.61 1.78 4.23 2.88 2 2 2 2 2 2 2 2 2.7 2.6 -10.0 -1.5 -1.5 -1.5 -1.5 -1.5 -1.5 0.582 0.695 0.284 0.458 0.761 1.407 2 2 2 2 2 2
1997-01-07T18:30:00 1997 1 7 18 30 0 0.1 -2.6 422.0 8.0 2.61 1.43 4.44 3.4 2 2 2 2 2 2 2 2 2.3 2.6 -9.0 -2.6 -2.6 -2.6 -2.6 -2.6 -2.6 0.616 0.751 0.293 0.495 0.827 1.563 2 2 2 2 2 2
1997-01-07T19:30:00 1997 1 7 19 30 0 1.7 -0.4 422.0 7.0 2.28 0.75 2.97 2.25 2 2 2 2 2 2 2 2 2.3 2.6 -15.0 -0.4 -0.4 -0.4 -0.4 -0.4 -0.4 0.539 0.612 0.292 0.379 0.58 1.24 2 2 2 2 2 2
1997-01-07T20:30:00 1997 1 7 20 30 0 1.2 2.1 416.0 7.2 2.49 0.11 0.03 0.02 2 2 2 2 2 2 2 2 2.3 2.54 -14.0 2.1 2.1 2.1 2.1 2.1 2.1 0.365 0.304 0.283 0.212 0.184 0.514 2 2 2 2 2 2
1997-01-07T21:30:00 1997 1 7 21 30 0 2.3 3.0 418.0 7.5 2.42 0.07 0.0 0.0 2 2 2 2 2 2 2 2 1.7 2.42 -8.0 3.0 3.0 3.0 3.0 3.0 3.0 0.247 0.151 0.275 0.119 0.058 0.213 2 2 2 2 2 2
1997-01-07T22:30:00 1997 1 7 22 30 0 1.5 3.1 424.0 7.3 2.46 0.06 0.0 0.0 2 2 2 2 2 2 2 2 1.7 2.29 -2.0 3.1 3.1 3.1 3.1 3.1 3.1 0.167 0.075 0.266 0.067 0.018 0.088 2 2 2 2 2 2
1997-01-07T23:30:00 1997 1 7 23 30 0 1.7 0.9 438.0 8.4 3.06 0.07 0.0 0.0 2 2 2 2 2 2 2 2 1.7 2.16 6.0 0.9 0.9 0.9 0.9 0.9 0.9 0.113 0.037 0.258 0.037 0.006 0.037 2 2 2 2 2 2
