1997-10-27T00:30:00 1997 10 27 0 30 0 3.7 -2.6 513.0 3.7 1.79 3.44 4.58 1.86 2 2 2 2 2 2 2 2 4.7 3.83 -37.0 -2.6 -2.6 -2.6 -2.6 -2.6 -2.6 0.432 0.473 0.461 0.344 0.738 0.961 2 2 2 2 2 2
1997-10-27T01:30:00 1997 10 27 1 30 0 -0.2 -3.5 510.0 4.4 2.06 3.45 7.89 3.23 2 2 2 2 2 2 2 2 4.7 3.93 -41.0 -3.5 -3.5 -3.5 -3.5 -3.5 -3.5 0.57 0.637 0.481 0.562 1.018 1.238 2 2 2 2 2 2
1997-10-27T02:30:00 1997 10 27 2 30 0 -4.9 -3.8 522.0 5.1 2.42 5.42 9.46 4.53 2 2 2 2 2 2 2 2 4.7 4.1 -38.0 -3.8 -3.8 -3.8 -3.8 -3.8 -3.8 0.725 0.793 0.513 0.797 1.262 1.657 2 2 2 2 2 2
1997-10-27T03:30:00 1997 10 27 3 30 0 -3.4 -6.0 515.0 6.0 2.81 9.8 12.93 7.26 2 2 2 2 2 2 2 2 4.0 4.18 -35.0 -6.0 -6.0 -6.0 -6.0 -6.0 -6.0 0.979 1.044 0.574 1.262 1.686 2.376 2 2 2 2 2 2
1997-10-27T04:30:00 1997 10 27 4 30 0 -4.2 -4.5 519.0 9.5 4.62 9.97 13.41 10.48 2 2 2 2 2 2 2 2 4.0 4.26 -40.0 -4.5 -4.5 -4.5 -4.5 -4.5 -4.5 1.205 1.26 0.641 1.591 1.956 3.657 2 2 2 2 2 2
1997-10-27T05:30:00 1997 10 27 5 30 0 -1.3 -2.2 513.0 10.4 5.01 4.48 8.4 8.34 2 2 2 2 2 2 2 2 4.0 4.26 -43.0 -2.2 -2.2 -2.2 -2.2 -2.2 -2.2 1.187 1.192 0.669 1.381 1.659 4.022 2 2 2 2 2 2
1997-10-27T06:30:00 1997 10 27 6 30 0 -2.4 1.6 504.0 9.6 4.53 0.59 1.39 1.43 2 2 2 2 2 2 2 2 3.7 4.22 -47.0 1.6 1.6 1.6 1.6 1.6 1.6 0.853 0.68 0.653 0.811 0.66 2.105 2 2 2 2 2 2
1997-10-27T07:30:00 1997 10 27 7 30 0 -1.8 4.0 495.0 11.2 5.04 0.12 0.0 0.0 2 2 2 2 2 2 2 2 3.7 4.18 -40.0 4.0 4.0 4.0 4.0 4.0 4.0 0.578 0.338 0.633 0.454 0.209 0.873 2 2 2 2 2 2
1997-10-27T08:30:00 1997 10 27 8 30 0 -3.9 3.3 493.0 9.7 4.36 0.25 0.0 0.0 2 2 2 2 2 2 2 2 3.7 4.05 -34.0 3.3 3.3 3.3 3.3 3.3 3.3 0.391 0.168 0.614 0.254 0.066 0.362 2 2 2 2 2 2
1997-10-27T09:30:00 1997 10 27 9 30 0 -4.7 4.4 500.0 7.1 3.31 0.62 0.0 0.0 2 2 2 2 2 2 2 2 2.3 3.75 -34.0 4.4 4.4 4.4 4.4 4.4 4.4 0.265 0.083 0.595 0.142 0.021 0.15 2 2 2 2 2 2
1997-10-27T10:30:00 1997 10 27 10 30 0 -3.8 4.8 504.0 6.5 3.22 0.51 0.0 0.0 2 2 2 2 2 2 2 2 2.3 3.44 -33.0 4.8 4.8 4.8 4.8 4.8 4.8 0.179 0.041 0.577 0.08 0.007 0.062 2 2 2 2 2 2
1997-10-27T11:30:00 1997 10 27 11 30 0 -4.9 5.9 509.0 3.3 1.76 0.49 0.0 0.0 2 2 2 2 2 2 2 2 2.3 3.23 -37.0 5.9 5.9 5.9 5.9 5.9 5.9 0.121 0.021 0.559 0.045 0.002 0.026 2 2 2 2 2 2
1997-10-27T12:30:00 1997 10 27 12 30 0 -5.1 5.0 509.0 3.0 1.65 0.71 0.0 0.0 2 2 2 2 2 2 2 2 1.3 2.89 -34.0 5.0 5.0 5.0 5.0 5.0 5.0 0.082 0.01 0.542 0.025 0.001 0.011 2 2 2 2 2 2
1997-10-27T13:30:00 1997 10 27 13 30 0 -6.2 4.5 492.0 3.4 1.73 1.12 0.0 0.0 2 2 2 2 2 2 2 2 1.3 2.55 -30.0 4.5 4.5 4.5 4.5 4.5 4.5 0.056 0.005 0.526 0.014 0.0 0.004 2 2 2 2 2 2
1997-10-27T14:30:00 1997 10 27 14 30 0 -6.3 4.2 481.0 3.6 1.76 1.47 0.0 0.0 2 2 2 2 2 2 2 2 1.3 2.25 -27.0 4.2 4.2 4.2 4.2 4.2 4.2 0.038 0.003 0.51 0.008 0.0 0.002 2 2 2 2 2 2
1997-10-27T15:30:00 1997 10 27 15 30 0 -7.6 2.8 503.0 2.3 1.29 2.36 0.0 0.0 2 2 2 2 2 2 2 2 2.0 2.04 -28.0 2.8 2.8 2.8 2.8 2.8 2.8 0.026 0.001 0.494 0.004 0.0 0.001 2 2 2 2 2 2
1997-10-27T16:30:00 1997 10 27 16 30 0 -7.7 -0.3 469.0 2.4 1.18 4.31 0.07 0.02 2 2 2 2 2 2 2 2 2.0 1.84 -31.0 -0.3 -0.3 -0.3 -0.3 -0.3 -0.3 0.025 0.021 0.479 0.006 0.038 0.032 2 2 2 2 2 2
1997-10-27T17:30:00 1997 10 27 17 30 0 -8.2 -1.1 476.0 4.1 1.96 6.37 1.74 0.6 2 2 2 2 2 2 2 2 2.0 1.81 -29.0 -1.1 -1.1 -1.1 -1.1 -1.1 -1.1 0.093 0.161 0.469 0.061 0.277 0.302 2 2 2 2 2 2
1997-10-27T18:30:00 1997 10 27 18 30 0 -5.5 -5.6 462.0 3.4 1.55 9.19 8.26 3.01 2 2 2 2 2 2 2 2 3.7 2.0 -35.0 -5.6 -5.6 -5.6 -5.6 -5.6 -5.6 0.361 0.513 0.49 0.465 0.848 0.753 2 2 2 2 2 2
1997-10-27T19:30:00 1997 10 27 19 30 0 -3.65 -6.25 460.3 4.5 1.95 11.55 13.72 5.5 1 1 1 1 1 1 1 1 3.7 2.19 -44.0 -6.25 -6.25 -6.25 -6.25 -6.25 -6.25 0.687 0.856 0.538 0.992 1.291 1.221 1 1 2 1 1 1
1997-10-27T20:30:00 1997 10 27 20 30 0 -1.8 -6.9 458.7 5.6 2.35 11.72 15.17 7.74 2 2 1 1 1 2 2 1 3.7 2.49 -48.0 -6.9 -6.9 -6.9 -6.9 -6.9 -6.9 0.995 1.142 0.599 1.473 1.609 1.794 1 1 2 1 1 1
1997-10-27T21:30:00 1997 10 27 21 30 0 -1.5 -5.6 457.0 6.7 2.75 9.9 14.18 8.76 2 2 2 2 2 2 2 2 3.7 2.79 -57.0 -5.6 -5.6 -5.6 -5.6 -5.6 -5.6 1.195 1.294 0.655 1.689 1.698 2.276 2 2 2 2 2 2
1997-10-27T22:30:00 1997 10 27 22 30 0 0.5 -4.9 446.0 6.5 2.64 6.88 11.78 7.77 2 2 2 2 2 2 2 2 3.7 3.08 -60.0 -4.9 -4.9 -4.9 -4.9 -4.9 -4.9 1.263 1.304 0.694 1.644 1.586 2.351 2 2 2 2 2 2
1997-10-27T23:30:00 1997 10 27 23 30 0 1.6 -3.5 437.0 5.6 2.26 4.51 9.14 5.52 2 2 2 2 2 2 2 2 3.7 3.29 -57.0 -3.5 -3.5 -3.5 -3.5 -3.5 -3.5 1.198 1.174 0.711 1.388 1.306 1.985 2 2 2 2 2 2
