1997-12-31T00:30:00 1997 12 31 0 30 0 5.7 10.3 373.0 3.0 0.79 0.36 0.0 0.0 2 2 2 2 2 2 2 2 1.0 2.91 -49.0 10.3 10.3 10.3 10.3 10.3 10.3 0.196 0.025 0.86 0.073 0.001 0.011 2 2 2 2 2 2
1997-12-31T01:30:00 1997 12 31 1 30 0 7.0 7.9 359.0 2.7 0.65 0.63 0.0 0.0 2 2 2 2 2 2 2 2 1.0 2.45 -46.0 7.9 7.9 7.9 7.9 7.9 7.9 0.133 0.013 0.834 0.041 0.0 0.005 2 2 2 2 2 2
1997-12-31T02:30:00 1997 12 31 2 30 0 7.8 4.6 360.0 4.2 1.03 1.34 0.0 0.0 2 2 2 2 2 2 2 2 1.0 2.0 -39.0 4.6 4.6 4.6 4.6 4.6 4.6 0.09 0.006 0.808 0.023 0.0 0.002 2 2 2 2 2 2
1997-12-31T03:30:00 1997 12 31 3 30 0 5.3 7.1 402.0 5.2 1.55 1.02 0.0 0.0 2 2 2 2 2 2 2 2 0.7 1.51 -36.0 7.1 7.1 7.1 7.1 7.1 7.1 0.061 0.003 0.784 0.013 0.0 0.001 2 2 2 2 2 2
1997-12-31T04:30:00 1997 12 31 4 30 0 4.8 6.3 399.0 6.0 1.85 0.46 0.0 0.0 2 2 2 2 2 2 2 2 0.7 1.03 -38.0 6.3 6.3 6.3 6.3 6.3 6.3 0.041 0.002 0.76 0.007 0.0 0.0 2 2 2 2 2 2
1997-12-31T05:30:00 1997 12 31 5 30 0 3.9 6.3 409.0 4.8 1.57 0.32 0.0 0.0 2 2 2 2 2 2 2 2 0.7 0.96 -40.0 6.3 6.3 6.3 6.3 6.3 6.3 0.028 0.001 0.737 0.004 0.0 0.0 2 2 2 2 2 2
1997-12-31T06:30:00 1997 12 31 6 30 0 7.7 5.5 373.0 7.2 1.9 0.87 0.0 0.0 2 2 2 2 2 2 2 2 1.0 0.92 -41.0 5.5 5.5 5.5 5.5 5.5 5.5 0.019 0.0 0.714 0.002 0.0 0.0 2 2 2 2 2 2
1997-12-31T07:30:00 1997 12 31 7 30 0 8.9 2.7 352.0 7.0 1.67 2.43 0.0 0.0 2 2 2 2 2 2 2 2 1.0 0.89 -44.0 2.7 2.7 2.7 2.7 2.7 2.7 0.013 0.0 0.692 0.001 0.0 0.0 2 2 2 2 2 2
1997-12-31T08:30:00 1997 12 31 8 30 0 6.4 2.0 365.0 7.3 1.94 2.46 0.0 0.0 2 2 2 2 2 2 2 2 1.0 0.89 -43.0 2.0 2.0 2.0 2.0 2.0 2.0 0.009 0.0 0.671 0.001 0.0 0.0 2 2 2 2 2 2
1997-12-31T09:30:00 1997 12 31 9 30 0 6.6 1.0 365.0 7.8 2.01 2.13 0.0 0.0 2 2 2 2 2 2 2 2 1.0 0.89 -40.0 1.0 1.0 1.0 1.0 1.0 1.0 0.006 0.0 0.651 0.0 0.0 0.0 2 2 2 2 2 2
1997-12-31T10:30:00 1997 12 31 10 30 0 7.9 0.9 359.0 9.3 2.27 2.99 0.0 0.0 2 2 2 2 2 2 2 2 1.0 0.89 -38.0 0.9 0.9 0.9 0.9 0.9 0.9 0.004 0.0 0.631 0.0 0.0 0.0 2 2 2 2 2 2
1997-12-31T11:30:00 1997 12 31 11 30 0 6.1 -1.8 358.0 8.9 2.16 3.7 1.21 1.09 2 2 2 2 2 2 2 2 1.0 0.93 -36.0 -1.8 -1.8 -1.8 -1.8 -1.8 -1.8 0.094 0.219 0.616 0.076 0.26 0.458 2 2 2 2 2 2
1997-12-31T12:30:00 1997 12 31 12 30 0 4.6 2.2 364.0 8.0 1.98 1.94 0.6 0.52 2 2 2 2 2 2 2 2 1.0 0.96 -34.0 2.2 2.2 2.2 2.2 2.2 2.2 0.082 0.148 0.598 0.053 0.118 0.267 2 2 2 2 2 2
1997-12-31T13:30:00 1997 12 31 13 30 0 7.8 2.5 373.0 8.5 2.21 1.72 0.0 0.0 2 2 2 2 2 2 2 2 1.0 1.0 -31.0 2.5 2.5 2.5 2.5 2.5 2.5 0.055 0.074 0.58 0.03 0.037 0.111 2 2 2 2 2 2
1997-12-31T14:30:00 1997 12 31 14 30 0 7.2 3.4 376.0 8.8 2.49 2.23 0.0 0.0 2 2 2 2 2 2 2 2 1.0 1.0 -27.0 3.4 3.4 3.4 3.4 3.4 3.4 0.037 0.037 0.562 0.017 0.012 0.046 2 2 2 2 2 2
1997-12-31T15:30:00 1997 12 31 15 30 0 5.0 3.6 364.0 8.8 2.33 1.2 0.0 0.0 2 2 2 2 2 2 2 2 0.3 0.91 -27.0 3.6 3.6 3.6 3.6 3.6 3.6 0.025 0.018 0.545 0.009 0.004 0.019 2 2 2 2 2 2
1997-12-31T16:30:00 1997 12 31 16 30 0 4.1 3.4 359.0 6.8 1.75 0.55 0.0 0.0 2 2 2 2 2 2 2 2 0.3 0.82 -30.0 3.4 3.4 3.4 3.4 3.4 3.4 0.017 0.009 0.528 0.005 0.001 0.008 2 2 2 2 2 2
1997-12-31T17:30:00 1997 12 31 17 30 0 5.1 1.3 359.0 6.8 1.75 0.82 0.0 0.0 2 2 2 2 2 2 2 2 0.3 0.73 -28.0 1.3 1.3 1.3 1.3 1.3 1.3 0.012 0.004 0.512 0.003 0.0 0.003 2 2 2 2 2 2
1997-12-31T18:30:00 1997 12 31 18 30 0 2.8 1.1 341.0 4.2 0.98 0.7 0.0 0.0 2 2 2 2 2 2 2 2 0.3 0.64 -27.0 1.1 1.1 1.1 1.1 1.1 1.1 0.008 0.002 0.496 0.002 0.0 0.001 2 2 2 2 2 2
1997-12-31T19:30:00 1997 12 31 19 30 0 3.5 0.9 346.0 3.9 0.93 0.46 0.0 0.0 2 2 2 2 2 2 2 2 0.3 0.55 -28.0 0.9 0.9 0.9 0.9 0.9 0.9 0.005 0.001 0.481 0.001 0.0 0.001 2 2 2 2 2 2
1997-12-31T20:30:00 1997 12 31 20 30 0 1.9 1.2 337.0 3.8 0.86 0.3 0.0 0.0 2 2 2 2 2 2 2 2 0.3 0.47 -29.0 1.2 1.2 1.2 1.2 1.2 1.2 0.004 0.001 0.466 0.001 0.0 0.0 2 2 2 2 2 2
1997-12-31T21:30:00 1997 12 31 21 30 0 2.9 1.0 339.0 3.5 0.8 0.23 0.0 0.0 2 2 2 2 2 2 2 2 0.3 0.38 -28.0 1.0 1.0 1.0 1.0 1.0 1.0 0.002 0.0 0.452 0.0 0.0 0.0 2 2 2 2 2 2
1997-12-31T22:30:00 1997 12 31 22 30 0 2.0 2.8 375.0 6.9 1.94 0.17 0.0 0.0 2 2 2 2 2 2 2 2 0.3 0.3 -22.0 2.8 2.8 2.8 2.8 2.8 2.8 0.002 0.0 0.438 0.0 0.0 0.0 2 2 2 2 2 2
1997-12-31T23:30:00 1997 12 31 23 30 0 1.0 3.8 367.0 7.9 2.13 0.03 0.0 0.0 2 2 2 2 2 2 2 2 0.3 0.3 -16.0 3.8 3.8 3.8 3.8 3.8 3.8 0.001 0.0 0.425 0.0 0.0 0.0 2 2 2 2 2 2
Making Directory: 1998
