1997-02-07T00:30:00 1997 2 7 0 30 0 1.6 -0.9 400.0 5.4 1.58 0.64 1.07 0.51 2 2 2 2 2 2 2 2 1.3 1.31 -10.0 -0.9 -0.9 -0.9 -0.9 -0.9 -0.9 0.13 0.213 0.203 0.058 0.232 0.325 2 2 2 2 2 2
1997-02-07T01:30:00 1997 2 7 1 30 0 -0.2 -0.4 399.0 6.1 1.78 0.19 1.26 0.72 2 2 2 2 2 2 2 2 1.3 1.34 -10.0 -0.4 -0.4 -0.4 -0.4 -0.4 -0.4 0.146 0.244 0.2 0.066 0.249 0.414 2 2 2 2 2 2
1997-02-07T02:30:00 1997 2 7 2 30 0 -0.6 0.4 400.0 5.6 1.66 0.02 0.17 0.1 2 2 2 2 2 2 2 2 1.3 1.38 -13.0 0.4 0.4 0.4 0.4 0.4 0.4 0.104 0.135 0.194 0.039 0.093 0.201 2 2 2 2 2 2
1997-02-07T03:30:00 1997 2 7 3 30 0 0.0 0.9 391.0 5.5 1.58 0.0 0.0 0.0 2 2 2 2 2 2 2 2 1.0 1.37 -12.0 0.9 0.9 0.9 0.9 0.9 0.9 0.07 0.067 0.188 0.022 0.029 0.083 2 2 2 2 2 2
1997-02-07T04:30:00 1997 2 7 4 30 0 0.1 0.3 389.0 5.3 1.49 0.0 0.0 0.0 2 2 2 2 2 2 2 2 1.0 1.37 -10.0 0.3 0.3 0.3 0.3 0.3 0.3 0.048 0.033 0.182 0.012 0.009 0.035 2 2 2 2 2 2
1997-02-07T05:30:00 1997 2 7 5 30 0 0.6 0.6 391.0 5.2 1.47 0.0 0.0 0.0 2 2 2 2 2 2 2 2 1.0 1.28 -8.0 0.6 0.6 0.6 0.6 0.6 0.6 0.032 0.016 0.177 0.007 0.003 0.014 2 2 2 2 2 2
1997-02-07T06:30:00 1997 2 7 6 30 0 -0.6 1.9 378.0 4.7 1.23 0.0 0.0 0.0 2 2 2 2 2 2 2 2 0.3 1.1 -7.0 1.9 1.9 1.9 1.9 1.9 1.9 0.022 0.008 0.171 0.004 0.001 0.006 2 2 2 2 2 2
1997-02-07T07:30:00 1997 2 7 7 30 0 -2.1 1.9 375.0 4.8 1.23 0.05 0.0 0.0 2 2 2 2 2 2 2 2 0.3 0.93 -6.0 1.9 1.9 1.9 1.9 1.9 1.9 0.015 0.004 0.166 0.002 0.0 0.002 2 2 2 2 2 2
1997-02-07T08:30:00 1997 2 7 8 30 0 -1.5 2.2 381.0 5.9 1.56 0.07 0.0 0.0 2 2 2 2 2 2 2 2 0.3 0.8 -4.0 2.2 2.2 2.2 2.2 2.2 2.2 0.01 0.002 0.161 0.001 0.0 0.001 2 2 2 2 2 2
1997-02-07T09:30:00 1997 2 7 9 30 0 -0.5 2.0 384.0 7.4 2.03 0.01 0.0 0.0 2 2 2 2 2 2 2 2 0.3 0.68 -5.0 2.0 2.0 2.0 2.0 2.0 2.0 0.007 0.001 0.156 0.001 0.0 0.0 2 2 2 2 2 2
1997-02-07T10:30:00 1997 2 7 10 30 0 -3.7 0.7 387.0 5.7 1.64 0.28 0.0 0.0 2 2 2 2 2 2 2 2 0.3 0.55 -7.0 0.7 0.7 0.7 0.7 0.7 0.7 0.005 0.0 0.151 0.0 0.0 0.0 2 2 2 2 2 2
1997-02-07T11:30:00 1997 2 7 11 30 0 -2.5 2.7 386.0 5.9 1.68 0.38 0.0 0.0 2 2 2 2 2 2 2 2 0.3 0.47 -7.0 2.7 2.7 2.7 2.7 2.7 2.7 0.003 0.0 0.147 0.0 0.0 0.0 2 2 2 2 2 2
1997-02-07T12:30:00 1997 2 7 12 30 0 -2.6 2.7 376.0 6.3 1.72 0.15 0.0 0.0 2 2 2 2 2 2 2 2 0.3 0.38 -4.0 2.7 2.7 2.7 2.7 2.7 2.7 0.002 0.0 0.142 0.0 0.0 0.0 2 2 2 2 2 2
1997-02-07T13:30:00 1997 2 7 13 30 0 -2.4 1.5 371.0 6.2 1.68 0.18 0.0 0.0 2 2 2 2 2 2 2 2 0.3 0.3 -2.0 1.5 1.5 1.5 1.5 1.5 1.5 0.001 0.0 0.138 0.0 0.0 0.0 2 2 2 2 2 2
1997-02-07T14:30:00 1997 2 7 14 30 0 -2.6 1.5 370.0 7.0 1.88 0.22 0.0 0.0 2 2 2 2 2 2 2 2 0.3 0.3 -1.0 1.5 1.5 1.5 1.5 1.5 1.5 0.001 0.0 0.134 0.0 0.0 0.0 2 2 2 2 2 2
1997-02-07T15:30:00 1997 2 7 15 30 0 -2.8 2.0 378.0 8.4 2.27 0.24 0.0 0.0 2 2 2 2 2 2 2 2 0.3 0.3 0.0 2.0 2.0 2.0 2.0 2.0 2.0 0.001 0.0 0.129 0.0 0.0 0.0 2 2 2 2 2 2
1997-02-07T16:30:00 1997 2 7 16 30 0 -2.4 1.8 380.0 9.4 2.56 0.21 0.0 0.0 2 2 2 2 2 2 2 2 0.3 0.3 1.0 1.8 1.8 1.8 1.8 1.8 1.8 0.0 0.0 0.126 0.0 0.0 0.0 2 2 2 2 2 2
1997-02-07T17:30:00 1997 2 7 17 30 0 -2.9 1.2 370.0 9.0 2.33 0.27 0.0 0.0 2 2 2 2 2 2 2 2 0.3 0.3 -2.0 1.2 1.2 1.2 1.2 1.2 1.2 0.0 0.0 0.122 0.0 0.0 0.0 2 2 2 2 2 2
1997-02-07T18:30:00 1997 2 7 18 30 0 -1.4 -0.6 361.0 9.1 2.22 0.3 0.23 0.21 2 2 2 2 2 2 2 2 1.7 0.48 -3.0 -0.6 -0.6 -0.6 -0.6 -0.6 -0.6 0.025 0.075 0.119 0.013 0.091 0.191 2 2 2 2 2 2
1997-02-07T19:30:00 1997 2 7 19 30 0 -1.4 -1.6 360.0 10.3 2.42 0.53 2.06 2.02 2 2 2 2 2 2 2 2 1.7 0.66 -3.0 -1.6 -1.6 -1.6 -1.6 -1.6 -1.6 0.147 0.339 0.121 0.113 0.37 0.76 2 2 2 2 2 2
1997-02-07T20:30:00 1997 2 7 20 30 0 1.1 -3.1 364.0 12.9 3.05 1.34 4.37 5.18 2 2 2 2 2 2 2 2 1.7 0.84 -3.0 -3.1 -3.1 -3.1 -3.1 -3.1 -3.1 0.366 0.706 0.135 0.353 0.731 1.626 2 2 2 2 2 2
1997-02-07T21:30:00 1997 2 7 21 30 0 2.9 -3.1 365.0 13.6 3.29 2.57 5.65 7.5 2 2 2 2 2 2 2 2 2.7 1.15 -3.0 -3.1 -3.1 -3.1 -3.1 -3.1 -3.1 0.574 0.982 0.155 0.576 0.945 2.313 2 2 2 2 2 2
1997-02-07T22:30:00 1997 2 7 22 30 0 4.7 -1.2 365.0 14.0 3.29 2.55 3.78 5.21 2 2 2 2 2 2 2 2 2.7 1.45 -5.0 -1.2 -1.2 -1.2 -1.2 -1.2 -1.2 0.599 0.931 0.164 0.52 0.782 2.227 2 2 2 2 2 2
1997-02-07T23:30:00 1997 2 7 23 30 0 4.9 0.8 376.0 14.2 3.46 1.78 0.57 0.8 2 2 2 2 2 2 2 2 2.7 1.75 -4.0 0.8 0.8 0.8 0.8 0.8 0.8 0.432 0.531 0.16 0.305 0.312 1.157 2 2 2 2 2 2
