1997-05-25T00:30:00 1997 5 25 0 30 0 0.6 -4.6 310.0 9.8 1.67 3.94 7.34 6.78 2 2 2 2 2 2 2 2 1.7 2.07 -26.0 -4.6 -4.6 -4.6 -4.6 -4.6 -4.6 1.119 1.358 0.317 1.069 0.939 1.452 2 2 2 2 2 2
1997-05-25T01:30:00 1997 5 25 1 30 0 3.0 -4.2 312.0 9.7 1.66 3.77 6.82 6.64 2 2 2 2 2 2 2 2 1.7 2.03 -24.0 -4.2 -4.2 -4.2 -4.2 -4.2 -4.2 1.097 1.338 0.33 1.017 0.908 1.489 2 2 2 2 2 2
1997-05-25T02:30:00 1997 5 25 2 30 0 2.5 -3.7 308.0 8.8 1.48 3.45 6.09 5.61 2 2 2 2 2 2 2 2 1.7 1.96 -22.0 -3.7 -3.7 -3.7 -3.7 -3.7 -3.7 1.042 1.259 0.339 0.918 0.829 1.368 2 2 2 2 2 2
1997-05-25T03:30:00 1997 5 25 3 30 0 1.1 -3.9 303.0 9.7 1.59 2.84 5.81 5.4 2 2 2 2 2 2 2 2 2.0 1.92 -23.0 -3.9 -3.9 -3.9 -3.9 -3.9 -3.9 1.001 1.225 0.347 0.856 0.799 1.325 2 2 2 2 2 2
1997-05-25T04:30:00 1997 5 25 4 30 0 1.2 -4.5 310.0 9.5 1.63 3.23 6.48 6.22 2 2 2 2 2 2 2 2 2.0 1.89 -21.0 -4.5 -4.5 -4.5 -4.5 -4.5 -4.5 1.009 1.262 0.358 0.885 0.85 1.392 2 2 2 2 2 2
1997-05-25T05:30:00 1997 5 25 5 30 0 2.8 -3.4 306.0 9.8 1.64 3.12 6.01 5.8 2 2 2 2 2 2 2 2 2.0 1.89 -23.0 -3.4 -3.4 -3.4 -3.4 -3.4 -3.4 0.981 1.227 0.366 0.839 0.807 1.369 2 2 2 2 2 2
1997-05-25T06:30:00 1997 5 25 6 30 0 3.3 -2.2 297.0 9.8 1.55 2.23 4.14 4.06 2 2 2 2 2 2 2 2 1.3 1.8 -23.0 -2.2 -2.2 -2.2 -2.2 -2.2 -2.2 0.877 1.076 0.366 0.677 0.655 1.187 2 2 2 2 2 2
1997-05-25T07:30:00 1997 5 25 7 30 0 4.5 -1.9 298.0 8.6 1.35 2.06 3.03 2.78 2 2 2 2 2 2 2 2 1.3 1.71 -21.0 -1.9 -1.9 -1.9 -1.9 -1.9 -1.9 0.757 0.912 0.362 0.52 0.529 0.968 2 2 2 2 2 2
1997-05-25T08:30:00 1997 5 25 8 30 0 3.3 -1.2 294.0 10.5 1.61 1.64 2.25 2.15 2 2 2 2 2 2 2 2 1.3 1.66 -17.0 -1.2 -1.2 -1.2 -1.2 -1.2 -1.2 0.637 0.766 0.356 0.386 0.427 0.841 2 2 2 2 2 2
1997-05-25T09:30:00 1997 5 25 9 30 0 3.9 1.3 294.0 10.0 1.52 0.76 0.35 0.37 2 2 2 2 2 2 2 2 0.7 1.53 -13.0 1.3 1.3 1.3 1.3 1.3 1.3 0.444 0.413 0.345 0.222 0.157 0.399 2 2 2 2 2 2
1997-05-25T10:30:00 1997 5 25 10 30 0 4.4 0.8 290.0 9.6 1.61 0.72 0.0 0.0 2 2 2 2 2 2 2 2 0.7 1.4 -11.0 0.8 0.8 0.8 0.8 0.8 0.8 0.301 0.205 0.335 0.124 0.05 0.165 2 2 2 2 2 2
1997-05-25T11:30:00 1997 5 25 11 30 0 4.4 0.0 291.0 9.4 1.37 0.99 0.0 0.0 2 2 2 2 2 2 2 2 0.7 1.23 -12.0 0.0 0.0 0.0 0.0 0.0 0.0 0.203 0.102 0.325 0.07 0.016 0.069 2 2 2 2 2 2
1997-05-25T12:30:00 1997 5 25 12 30 0 4.2 1.3 291.0 8.4 1.23 0.85 0.0 0.0 2 2 2 2 2 2 2 2 1.0 1.11 -13.0 1.3 1.3 1.3 1.3 1.3 1.3 0.138 0.051 0.315 0.039 0.005 0.028 2 2 2 2 2 2
1997-05-25T13:30:00 1997 5 25 13 30 0 4.3 1.4 291.0 8.7 1.27 0.67 0.0 0.0 2 2 2 2 2 2 2 2 1.0 1.0 -12.0 1.4 1.4 1.4 1.4 1.4 1.4 0.093 0.025 0.305 0.022 0.002 0.012 2 2 2 2 2 2
1997-05-25T14:30:00 1997 5 25 14 30 0 3.9 3.1 299.0 10.4 1.6 0.47 0.0 0.0 2 2 2 2 2 2 2 2 1.0 0.96 -8.0 3.1 3.1 3.1 3.1 3.1 3.1 0.063 0.012 0.296 0.012 0.001 0.005 2 2 2 2 2 2
1997-05-25T15:30:00 1997 5 25 15 30 0 7.3 2.3 321.0 14.2 2.51 1.12 0.0 0.0 2 2 2 2 2 2 2 2 1.3 0.96 0.0 2.3 2.3 2.3 2.3 2.3 2.3 0.043 0.006 0.287 0.007 0.0 0.002 2 2 2 2 2 2
1997-05-25T16:30:00 1997 5 25 16 30 0 5.1 3.7 318.0 15.6 2.72 1.2 0.0 0.0 2 2 2 2 2 2 2 2 1.3 0.97 4.0 3.7 3.7 3.7 3.7 3.7 3.7 0.029 0.003 0.278 0.004 0.0 0.001 2 2 2 2 2 2
1997-05-25T17:30:00 1997 5 25 17 30 0 3.9 5.2 316.0 16.9 2.94 0.39 0.0 0.0 2 2 2 2 2 2 2 2 1.3 1.04 6.0 5.2 5.2 5.2 5.2 5.2 5.2 0.02 0.002 0.269 0.002 0.0 0.0 2 2 2 2 2 2
1997-05-25T18:30:00 1997 5 25 18 30 0 6.2 2.1 314.0 15.8 2.73 0.74 0.0 0.0 2 2 2 2 2 2 2 2 1.0 1.08 5.0 2.1 2.1 2.1 2.1 2.1 2.1 0.013 0.001 0.261 0.001 0.0 0.0 2 2 2 2 2 2
1997-05-25T19:30:00 1997 5 25 19 30 0 2.7 6.1 318.0 16.5 2.91 0.47 0.0 0.0 2 2 2 2 2 2 2 2 1.0 1.11 4.0 6.1 6.1 6.1 6.1 6.1 6.1 0.009 0.0 0.253 0.001 0.0 0.0 2 2 2 2 2 2
1997-05-25T20:30:00 1997 5 25 20 30 0 7.7 0.3 315.0 16.6 3.29 1.19 0.0 0.0 2 2 2 2 2 2 2 2 1.0 1.11 3.0 0.3 0.3 0.3 0.3 0.3 0.3 0.006 0.0 0.246 0.0 0.0 0.0 2 2 2 2 2 2
1997-05-25T21:30:00 1997 5 25 21 30 0 6.8 4.2 308.0 18.6 3.04 1.97 0.0 0.0 2 2 2 2 2 2 2 2 0.3 1.02 2.0 4.2 4.2 4.2 4.2 4.2 4.2 0.004 0.0 0.238 0.0 0.0 0.0 2 2 2 2 2 2
1997-05-25T22:30:00 1997 5 25 22 30 0 3.2 6.3 302.0 21.0 3.3 0.46 0.0 0.0 2 2 2 2 2 2 2 2 0.3 0.93 2.0 6.3 6.3 6.3 6.3 6.3 6.3 0.003 0.0 0.231 0.0 0.0 0.0 2 2 2 2 2 2
1997-05-25T23:30:00 1997 5 25 23 30 0 -0.8 7.1 303.0 17.9 2.82 0.02 0.0 0.0 2 2 2 2 2 2 2 2 0.3 0.8 -1.0 7.1 7.1 7.1 7.1 7.1 7.1 0.002 0.0 0.224 0.0 0.0 0.0 2 2 2 2 2 2
