1997-08-08T00:30:00 1997 8 8 0 30 0 -1.7 4.5 351.0 14.2 3.16 0.04 0.0 0.0 2 2 2 2 2 2 2 2 1.3 1.46 8.0 4.5 4.5 4.5 4.5 4.5 4.5 0.014 0.014 0.068 0.005 0.004 0.023 2 2 2 2 2 2
1997-08-08T01:30:00 1997 8 8 1 30 0 4.0 3.8 349.0 12.8 3.12 0.08 0.0 0.0 2 2 2 2 2 2 2 2 1.3 1.46 5.0 3.8 3.8 3.8 3.8 3.8 3.8 0.01 0.007 0.065 0.003 0.001 0.01 2 2 2 2 2 2
1997-08-08T02:30:00 1997 8 8 2 30 0 5.9 2.5 343.0 11.2 2.42 0.79 0.0 0.0 2 2 2 2 2 2 2 2 1.3 1.53 3.0 2.5 2.5 2.5 2.5 2.5 2.5 0.007 0.003 0.063 0.001 0.0 0.004 2 2 2 2 2 2
1997-08-08T03:30:00 1997 8 8 3 30 0 4.7 -2.4 338.0 10.9 2.25 2.06 1.17 1.28 2 2 2 2 2 2 2 2 1.7 1.65 -1.0 -2.4 -2.4 -2.4 -2.4 -2.4 -2.4 0.102 0.234 0.066 0.095 0.26 0.483 2 2 2 2 2 2
1997-08-08T04:30:00 1997 8 8 4 30 0 -0.3 2.8 338.0 9.3 2.07 0.64 0.77 0.82 2 2 2 2 2 2 2 2 1.7 1.77 -5.0 2.8 2.8 2.8 2.8 2.8 2.8 0.093 0.168 0.065 0.069 0.126 0.301 2 2 2 2 2 2
1997-08-08T05:30:00 1997 8 8 5 30 0 1.6 0.0 344.0 8.8 2.08 0.04 0.0 0.0 2 2 2 2 2 2 2 2 1.7 1.69 -4.0 0.0 0.0 0.0 0.0 0.0 0.0 0.063 0.084 0.063 0.039 0.04 0.125 2 2 2 2 2 2
1997-08-08T06:30:00 1997 8 8 6 30 0 1.5 4.0 354.0 7.0 1.75 0.05 0.0 0.0 2 2 2 2 2 2 2 2 0.3 1.44 -4.0 4.0 4.0 4.0 4.0 4.0 4.0 0.043 0.042 0.061 0.022 0.013 0.052 2 2 2 2 2 2
1997-08-08T07:30:00 1997 8 8 7 30 0 2.0 4.5 353.0 6.6 1.64 0.03 0.0 0.0 2 2 2 2 2 2 2 2 0.3 1.19 -3.0 4.5 4.5 4.5 4.5 4.5 4.5 0.029 0.021 0.06 0.012 0.004 0.021 2 2 2 2 2 2
1997-08-08T08:30:00 1997 8 8 8 30 0 1.0 2.3 356.0 7.4 1.88 0.02 0.0 0.0 2 2 2 2 2 2 2 2 0.3 1.06 0.0 2.3 2.3 2.3 2.3 2.3 2.3 0.02 0.01 0.058 0.007 0.001 0.009 2 2 2 2 2 2
1997-08-08T09:30:00 1997 8 8 9 30 0 4.1 0.8 360.0 6.1 1.58 0.34 0.0 0.0 2 2 2 2 2 2 2 2 1.7 1.12 0.0 0.8 0.8 0.8 0.8 0.8 0.8 0.013 0.005 0.056 0.004 0.0 0.004 2 2 2 2 2 2
1997-08-08T10:30:00 1997 8 8 10 30 0 3.6 -1.5 360.0 5.4 1.4 1.31 1.0 0.55 2 2 2 2 2 2 2 2 1.7 1.17 -1.0 -1.5 -1.5 -1.5 -1.5 -1.5 -1.5 0.073 0.156 0.057 0.051 0.187 0.224 2 2 2 2 2 2
1997-08-08T11:30:00 1997 8 8 11 30 0 1.4 -2.5 362.0 5.5 1.45 1.6 3.69 2.01 2 2 2 2 2 2 2 2 1.7 1.18 -3.0 -2.5 -2.5 -2.5 -2.5 -2.5 -2.5 0.216 0.407 0.065 0.191 0.445 0.513 2 2 2 2 2 2
1997-08-08T12:30:00 1997 8 8 12 30 0 1.5 -3.5 357.0 5.7 1.41 2.2 5.46 3.07 2 2 2 2 2 2 2 2 2.0 1.23 -9.0 -3.5 -3.5 -3.5 -3.5 -3.5 -3.5 0.379 0.632 0.08 0.372 0.64 0.736 2 2 2 2 2 2
1997-08-08T13:30:00 1997 8 8 13 30 0 -0.1 -4.0 358.0 6.4 1.64 2.98 6.74 4.1 2 2 2 2 2 2 2 2 2.0 1.27 -16.0 -4.0 -4.0 -4.0 -4.0 -4.0 -4.0 0.542 0.823 0.1 0.56 0.789 0.954 2 2 2 2 2 2
1997-08-08T14:30:00 1997 8 8 14 30 0 -0.1 -3.0 360.0 7.0 1.64 2.49 6.21 4.17 2 2 2 2 2 2 2 2 2.0 1.48 -20.0 -3.0 -3.0 -3.0 -3.0 -3.0 -3.0 0.631 0.891 0.117 0.62 0.8 1.079 2 2 2 2 2 2
1997-08-08T15:30:00 1997 8 8 15 30 0 1.4 -1.4 358.0 8.3 1.86 1.1 3.83 2.92 2 2 2 2 2 2 2 2 1.3 1.6 -19.0 -1.4 -1.4 -1.4 -1.4 -1.4 -1.4 0.601 0.797 0.124 0.508 0.644 1.053 2 2 2 2 2 2
1997-08-08T16:30:00 1997 8 8 16 30 0 1.3 -1.4 355.0 8.1 1.76 0.64 2.49 2.04 2 2 2 2 2 2 2 2 1.3 1.71 -16.0 -1.4 -1.4 -1.4 -1.4 -1.4 -1.4 0.539 0.69 0.127 0.392 0.527 0.973 2 2 2 2 2 2
1997-08-08T17:30:00 1997 8 8 17 30 0 1.3 -1.9 354.0 8.3 1.79 0.8 2.96 2.43 2 2 2 2 2 2 2 2 1.3 1.66 -12.0 -1.9 -1.9 -1.9 -1.9 -1.9 -1.9 0.523 0.684 0.131 0.36 0.544 1.006 2 2 2 2 2 2
1997-08-08T18:30:00 1997 8 8 18 30 0 0.4 -1.8 352.0 8.6 1.85 0.81 3.26 2.76 2 2 2 2 2 2 2 2 0.7 1.53 -9.0 -1.8 -1.8 -1.8 -1.8 -1.8 -1.8 0.523 0.698 0.137 0.354 0.562 1.054 2 2 2 2 2 2
1997-08-08T19:30:00 1997 8 8 19 30 0 -0.5 -1.6 346.0 10.8 2.24 0.61 2.95 2.88 2 2 2 2 2 2 2 2 0.7 1.4 -5.0 -1.6 -1.6 -1.6 -1.6 -1.6 -1.6 0.518 0.709 0.141 0.34 0.561 1.169 2 2 2 2 2 2
1997-08-08T20:30:00 1997 8 8 20 30 0 -2.5 -2.1 345.0 8.5 1.75 1.05 3.23 3.07 2 2 2 2 2 2 2 2 0.7 1.23 -6.0 -2.1 -2.1 -2.1 -2.1 -2.1 -2.1 0.529 0.736 0.147 0.355 0.584 1.176 2 2 2 2 2 2
1997-08-08T21:30:00 1997 8 8 21 30 0 -2.0 -1.6 343.0 10.0 2.01 1.24 3.15 2.92 2 2 2 2 2 2 2 2 1.0 1.11 -7.0 -1.6 -1.6 -1.6 -1.6 -1.6 -1.6 0.525 0.73 0.151 0.346 0.564 1.164 2 2 2 2 2 2
1997-08-08T22:30:00 1997 8 8 22 30 0 -2.1 -1.2 344.0 9.9 2.34 0.86 2.38 2.36 2 2 2 2 2 2 2 2 1.0 1.0 -5.0 -1.2 -1.2 -1.2 -1.2 -1.2 -1.2 0.489 0.671 0.153 0.298 0.496 1.098 2 2 2 2 2 2
1997-08-08T23:30:00 1997 8 8 23 30 0 -2.6 -1.4 341.0 9.8 1.94 0.94 2.24 2.2 2 2 2 2 2 2 2 2 1.0 0.96 -3.0 -1.4 -1.4 -1.4 -1.4 -1.4 -1.4 0.463 0.642 0.154 0.27 0.475 1.059 2 2 2 2 2 2
