1997-11-01T00:30:00 1997 11 1 0 30 0 1.5 -1.6 338.0 14.4 3.29 0.59 1.54 2.13 2 2 2 2 2 2 2 2 1.0 1.08 -5.0 -1.6 -1.6 -1.6 -1.6 -1.6 -1.6 0.185 0.356 0.194 0.11 0.337 0.893 2 2 2 2 2 2
1997-11-01T01:30:00 1997 11 1 1 30 0 1.6 -2.3 331.0 14.4 2.87 1.06 3.31 4.76 2 2 2 2 2 2 2 2 1.0 1.0 -4.0 -2.3 -2.3 -2.3 -2.3 -2.3 -2.3 0.344 0.667 0.199 0.269 0.592 1.543 2 2 2 2 2 2
1997-11-01T02:30:00 1997 11 1 2 30 0 2.4 -2.0 336.0 17.9 3.58 1.36 3.57 5.8 2 2 2 2 2 2 2 2 1.0 1.0 -1.0 -2.0 -2.0 -2.0 -2.0 -2.0 -2.0 0.469 0.862 0.206 0.376 0.707 2.091 2 2 2 2 2 2
1997-11-01T03:30:00 1997 11 1 3 30 0 4.1 -4.6 344.0 23.4 5.54 3.54 5.81 12.34 2 2 2 2 2 2 2 2 3.3 1.3 1.0 -4.6 -4.6 -4.6 -4.6 -4.6 -4.6 0.753 1.314 0.231 0.762 1.137 3.802 2 2 2 2 2 2
1997-11-01T04:30:00 1997 11 1 4 30 0 2.4 -4.3 346.0 29.9 6.58 4.9 7.66 20.59 2 2 2 2 2 2 2 2 3.3 1.6 -3.0 -4.3 -4.3 -4.3 -4.3 -4.3 -4.3 1.072 1.758 0.269 1.18 1.484 6.04 2 2 2 2 2 2
1997-11-01T05:30:00 1997 11 1 5 30 0 4.5 -0.7 342.0 30.8 7.2 2.56 4.05 12.25 2 2 2 2 2 2 2 2 3.3 1.89 -12.0 -0.7 -0.7 -0.7 -0.7 -0.7 -0.7 1.006 1.498 0.278 0.936 1.057 5.461 2 2 2 2 2 2
1997-11-01T06:30:00 1997 11 1 6 30 0 5.7 2.4 345.0 36.7 8.74 1.38 0.09 0.28 2 2 2 2 2 2 2 2 2.7 2.1 -4.0 2.4 2.4 2.4 2.4 2.4 2.4 0.681 0.744 0.269 0.524 0.335 2.265 2 2 2 2 2 2
1997-11-01T07:30:00 1997 11 1 7 30 0 3.1 6.9 347.0 43.3 10.43 0.43 0.0 0.0 2 2 2 2 2 2 2 2 2.7 2.31 7.0 6.9 6.9 6.9 6.9 6.9 6.9 0.461 0.369 0.261 0.293 0.106 0.94 2 2 2 2 2 2
1997-11-01T08:30:00 1997 11 1 8 30 0 -0.4 9.9 352.0 37.8 9.37 0.02 0.0 0.0 2 2 2 2 2 2 2 2 2.7 2.52 8.0 9.9 9.9 9.9 9.9 9.9 9.9 0.312 0.183 0.253 0.164 0.034 0.39 2 2 2 2 2 2
1997-11-01T09:30:00 1997 11 1 9 30 0 -4.6 -0.5 357.0 20.8 5.3 0.38 0.07 0.15 2 2 2 2 2 2 2 2 2.3 2.67 0.0 -0.5 -0.5 -0.5 -0.5 -0.5 -0.5 0.234 0.163 0.246 0.105 0.096 0.514 2 2 2 2 2 2
1997-11-01T10:30:00 1997 11 1 10 30 0 0.8 4.3 370.0 8.3 2.27 0.28 0.01 0.03 2 2 2 2 2 2 2 2 2.3 2.81 -16.0 4.3 4.3 4.3 4.3 4.3 4.3 0.158 0.081 0.239 0.059 0.031 0.213 2 2 2 2 2 2
1997-11-01T11:30:00 1997 11 1 11 30 0 -2.8 7.1 376.0 6.8 1.92 0.02 0.0 0.0 2 2 2 2 2 2 2 2 2.3 2.69 -17.0 7.1 7.1 7.1 7.1 7.1 7.1 0.107 0.04 0.231 0.033 0.01 0.088 2 2 2 2 2 2
1997-11-01T12:30:00 1997 11 1 12 30 0 -4.4 5.2 375.0 6.9 1.94 0.21 0.0 0.0 2 2 2 2 2 2 2 2 1.7 2.49 -15.0 5.2 5.2 5.2 5.2 5.2 5.2 0.073 0.02 0.224 0.018 0.003 0.037 2 2 2 2 2 2
1997-11-01T13:30:00 1997 11 1 13 30 0 -1.6 1.8 393.0 8.4 2.59 0.19 0.0 0.0 2 2 2 2 2 2 2 2 1.7 2.29 -12.0 1.8 1.8 1.8 1.8 1.8 1.8 0.049 0.01 0.217 0.01 0.001 0.015 2 2 2 2 2 2
1997-11-01T14:30:00 1997 11 1 14 30 0 -2.0 4.1 408.0 8.8 2.69 0.06 0.0 0.0 2 2 2 2 2 2 2 2 1.7 2.16 -11.0 4.1 4.1 4.1 4.1 4.1 4.1 0.033 0.005 0.211 0.006 0.0 0.006 2 2 2 2 2 2
1997-11-01T15:30:00 1997 11 1 15 30 0 -1.5 3.1 413.0 9.7 3.31 0.04 0.0 0.0 2 2 2 2 2 2 2 2 1.3 1.99 -9.0 3.1 3.1 3.1 3.1 3.1 3.1 0.023 0.002 0.204 0.003 0.0 0.003 2 2 2 2 2 2
1997-11-01T16:30:00 1997 11 1 16 30 0 -2.4 0.2 412.0 6.7 2.27 0.17 0.0 0.0 2 2 2 2 2 2 2 2 1.3 1.81 -11.0 0.2 0.2 0.2 0.2 0.2 0.2 0.015 0.001 0.198 0.002 0.0 0.001 2 2 2 2 2 2
1997-11-01T17:30:00 1997 11 1 17 30 0 -4.0 -2.6 442.0 6.3 2.31 1.92 2.85 1.83 2 2 2 2 2 2 2 2 1.3 1.69 -10.0 -2.6 -2.6 -2.6 -2.6 -2.6 -2.6 0.169 0.303 0.204 0.165 0.469 0.689 2 2 2 2 2 2
1997-11-01T18:30:00 1997 11 1 18 30 0 -3.3 -0.9 435.0 7.2 2.55 2.43 3.68 2.47 2 2 2 2 2 2 2 2 2.0 1.66 -12.0 -0.9 -0.9 -0.9 -0.9 -0.9 -0.9 0.267 0.435 0.209 0.23 0.561 0.987 2 2 2 2 2 2
1997-11-01T19:30:00 1997 11 1 19 30 0 -2.2 -0.5 424.0 7.2 2.59 0.97 1.47 1.06 2 2 2 2 2 2 2 2 2.0 1.63 -12.0 -0.5 -0.5 -0.5 -0.5 -0.5 -0.5 0.254 0.383 0.206 0.175 0.411 0.869 2 2 2 2 2 2
1997-11-01T20:30:00 1997 11 1 20 30 0 -2.8 -1.4 420.0 6.1 2.15 1.04 2.08 1.36 2 2 2 2 2 2 2 2 2.0 1.67 -13.0 -1.4 -1.4 -1.4 -1.4 -1.4 -1.4 0.282 0.421 0.206 0.186 0.461 0.879 2 2 2 2 2 2
1997-11-01T21:30:00 1997 11 1 21 30 0 -3.3 -0.7 434.0 5.6 1.98 1.39 2.18 1.28 2 2 2 2 2 2 2 2 1.7 1.67 -15.0 -0.7 -0.7 -0.7 -0.7 -0.7 -0.7 0.286 0.405 0.205 0.174 0.424 0.791 2 2 2 2 2 2
1997-11-01T22:30:00 1997 11 1 22 30 0 -2.6 -0.5 446.0 5.5 2.19 1.06 1.3 0.72 2 2 2 2 2 2 2 2 1.7 1.67 -13.0 -0.5 -0.5 -0.5 -0.5 -0.5 -0.5 0.255 0.34 0.202 0.134 0.341 0.664 2 2 2 2 2 2
1997-11-01T23:30:00 1997 11 1 23 30 0 -3.8 -1.8 424.0 5.2 1.87 1.7 2.6 1.38 2 2 2 2 2 2 2 2 1.7 1.72 -14.0 -1.8 -1.8 -1.8 -1.8 -1.8 -1.8 0.298 0.414 0.204 0.186 0.475 0.753 2 2 2 2 2 2
