1997-04-12T00:30:00 1997 4 12 0 30 0 2.3 2.1 519.0 4.0 2.15 0.97 0.38 0.22 2 2 2 2 2 2 2 2 3.3 3.76 -37.0 2.1 2.1 2.1 2.1 2.1 2.1 0.162 0.198 0.592 0.093 0.217 0.748 2 2 2 2 2 2
1997-04-12T01:30:00 1997 4 12 1 30 0 3.1 0.4 517.0 3.2 1.71 0.48 0.0 0.0 2 2 2 2 2 2 2 2 3.3 3.71 -37.0 0.4 0.4 0.4 0.4 0.4 0.4 0.11 0.098 0.574 0.052 0.069 0.31 2 2 2 2 2 2
1997-04-12T02:30:00 1997 4 12 2 30 0 3.8 3.3 526.0 3.7 2.05 0.63 0.0 0.0 2 2 2 2 2 2 2 2 3.3 3.66 -30.0 3.3 3.3 3.3 3.3 3.3 3.3 0.074 0.049 0.556 0.029 0.022 0.129 2 2 2 2 2 2
1997-04-12T03:30:00 1997 4 12 3 30 0 1.5 3.3 538.0 4.6 2.66 0.21 0.0 0.0 2 2 2 2 2 2 2 2 1.7 3.39 -25.0 3.3 3.3 3.3 3.3 3.3 3.3 0.05 0.024 0.539 0.016 0.007 0.053 2 2 2 2 2 2
1997-04-12T04:30:00 1997 4 12 4 30 0 1.5 3.4 520.0 4.7 2.54 0.04 0.0 0.0 2 2 2 2 2 2 2 2 1.7 3.14 -22.0 3.4 3.4 3.4 3.4 3.4 3.4 0.034 0.012 0.523 0.009 0.002 0.022 2 2 2 2 2 2
1997-04-12T05:30:00 1997 4 12 5 30 0 0.5 3.0 507.0 4.2 1.99 0.01 0.0 0.0 2 2 2 2 2 2 2 2 1.7 2.85 -20.0 3.0 3.0 3.0 3.0 3.0 3.0 0.023 0.006 0.507 0.005 0.001 0.009 2 2 2 2 2 2
1997-04-12T06:30:00 1997 4 12 6 30 0 0.1 0.8 489.0 3.7 1.77 0.0 0.0 0.0 2 2 2 2 2 2 2 2 1.7 2.56 -20.0 0.8 0.8 0.8 0.8 0.8 0.8 0.016 0.003 0.492 0.003 0.0 0.004 2 2 2 2 2 2
1997-04-12T07:30:00 1997 4 12 7 30 0 -2.5 -1.2 506.0 3.4 1.65 0.43 1.03 0.36 2 2 2 2 2 2 2 2 1.7 2.28 -20.0 -1.2 -1.2 -1.2 -1.2 -1.2 -1.2 0.065 0.11 0.48 0.045 0.219 0.235 2 2 2 2 2 2
1997-04-12T08:30:00 1997 4 12 8 30 0 -0.5 0.8 517.0 4.1 2.19 0.38 0.79 0.28 2 2 2 2 2 2 2 2 1.7 2.08 -22.0 0.8 0.8 0.8 0.8 0.8 0.8 0.065 0.094 0.467 0.037 0.131 0.186 2 2 2 2 2 2
1997-04-12T09:30:00 1997 4 12 9 30 0 0.5 -1.0 490.0 4.2 2.02 0.08 0.79 0.33 2 2 2 2 2 2 2 2 3.0 2.06 -22.0 -1.0 -1.0 -1.0 -1.0 -1.0 -1.0 0.091 0.147 0.455 0.055 0.235 0.326 2 2 2 2 2 2
1997-04-12T10:30:00 1997 4 12 10 30 0 1.3 -2.5 501.0 8.4 3.93 1.19 4.5 3.05 2 2 2 2 2 2 2 2 3.0 2.04 -19.0 -2.5 -2.5 -2.5 -2.5 -2.5 -2.5 0.282 0.447 0.462 0.28 0.765 1.391 2 2 2 2 2 2
1997-04-12T11:30:00 1997 4 12 11 30 0 2.8 -0.5 499.0 11.3 5.45 1.39 3.54 3.41 2 2 2 2 2 2 2 2 3.0 2.2 -15.0 -0.5 -0.5 -0.5 -0.5 -0.5 -0.5 0.352 0.514 0.462 0.301 0.736 1.962 2 2 2 2 2 2
1997-04-12T12:30:00 1997 4 12 12 30 0 1.7 0.9 498.0 9.8 4.3 0.47 0.17 0.19 2 2 2 2 2 2 2 2 2.7 2.33 -13.0 0.9 0.9 0.9 0.9 0.9 0.9 0.244 0.271 0.448 0.171 0.254 0.907 2 2 2 2 2 2
1997-04-12T13:30:00 1997 4 12 13 30 0 0.7 0.1 502.0 10.2 4.52 0.09 0.0 0.0 2 2 2 2 2 2 2 2 2.7 2.45 -11.0 0.1 0.1 0.1 0.1 0.1 0.1 0.165 0.134 0.434 0.096 0.08 0.376 2 2 2 2 2 2
1997-04-12T14:30:00 1997 4 12 14 30 0 0.6 0.4 497.0 9.1 3.93 0.03 0.0 0.0 2 2 2 2 2 2 2 2 2.7 2.57 -12.0 0.4 0.4 0.4 0.4 0.4 0.4 0.112 0.067 0.421 0.054 0.025 0.156 2 2 2 2 2 2
1997-04-12T15:30:00 1997 4 12 15 30 0 -0.1 1.1 489.0 8.4 3.53 0.0 0.0 0.0 2 2 2 2 2 2 2 2 1.7 2.56 -11.0 1.1 1.1 1.1 1.1 1.1 1.1 0.076 0.033 0.408 0.03 0.008 0.065 2 2 2 2 2 2
1997-04-12T16:30:00 1997 4 12 16 30 0 1.6 0.8 487.0 9.2 3.86 0.04 0.0 0.0 2 2 2 2 2 2 2 2 1.7 2.55 -10.0 0.8 0.8 0.8 0.8 0.8 0.8 0.051 0.016 0.396 0.017 0.003 0.027 2 2 2 2 2 2
1997-04-12T17:30:00 1997 4 12 17 30 0 2.5 0.2 482.0 8.2 3.37 0.33 0.0 0.0 2 2 2 2 2 2 2 2 1.7 2.38 -11.0 0.2 0.2 0.2 0.2 0.2 0.2 0.035 0.008 0.384 0.009 0.001 0.011 2 2 2 2 2 2
1997-04-12T18:30:00 1997 4 12 18 30 0 1.9 0.9 484.0 7.9 3.26 0.34 0.0 0.0 2 2 2 2 2 2 2 2 1.0 2.13 -11.0 0.9 0.9 0.9 0.9 0.9 0.9 0.024 0.004 0.372 0.005 0.0 0.005 2 2 2 2 2 2
1997-04-12T19:30:00 1997 4 12 19 30 0 3.1 1.0 482.0 5.7 2.33 0.4 0.0 0.0 2 2 2 2 2 2 2 2 1.0 1.88 -12.0 1.0 1.0 1.0 1.0 1.0 1.0 0.016 0.002 0.361 0.003 0.0 0.002 2 2 2 2 2 2
1997-04-12T20:30:00 1997 4 12 20 30 0 -0.7 3.3 471.0 4.1 1.71 0.09 0.0 0.0 2 2 2 2 2 2 2 2 1.0 1.67 -13.0 3.3 3.3 3.3 3.3 3.3 3.3 0.011 0.001 0.35 0.002 0.0 0.001 2 2 2 2 2 2
1997-04-12T21:30:00 1997 4 12 21 30 0 2.9 2.4 460.0 4.1 1.74 0.07 0.0 0.0 2 2 2 2 2 2 2 2 0.3 1.37 -13.0 2.4 2.4 2.4 2.4 2.4 2.4 0.007 0.0 0.339 0.001 0.0 0.0 2 2 2 2 2 2
1997-04-12T22:30:00 1997 4 12 22 30 0 2.4 3.1 460.0 4.4 1.75 0.2 0.0 0.0 2 2 2 2 2 2 2 2 0.3 1.07 -13.0 3.1 3.1 3.1 3.1 3.1 3.1 0.005 0.0 0.329 0.001 0.0 0.0 2 2 2 2 2 2
1997-04-12T23:30:00 1997 4 12 23 30 0 3.6 1.6 450.0 4.5 1.7 0.36 0.0 0.0 2 2 2 2 2 2 2 2 0.3 0.9 -15.0 1.6 1.6 1.6 1.6 1.6 1.6 0.003 0.0 0.319 0.0 0.0 0.0 2 2 2 2 2 2
