1997-03-27T00:30:00 1997 3 27 0 30 0 0.3 0.8 570.0 2.4 1.56 0.23 0.89 0.23 2 2 2 2 2 2 2 2 3.3 3.6 -20.0 0.8 0.8 0.8 0.8 0.8 0.8 0.275 0.228 0.367 0.165 0.276 0.403 2 2 2 2 2 2
1997-03-27T01:30:00 1997 3 27 1 30 0 -0.1 1.2 561.0 2.2 1.38 0.0 0.0 0.0 2 2 2 2 2 2 2 2 3.3 3.6 -20.0 1.2 1.2 1.2 1.2 1.2 1.2 0.186 0.113 0.356 0.093 0.087 0.167 2 2 2 2 2 2
1997-03-27T02:30:00 1997 3 27 2 30 0 -0.6 0.1 557.0 2.2 1.27 0.01 0.0 0.0 2 2 2 2 2 2 2 2 3.3 3.54 -18.0 0.1 0.1 0.1 0.1 0.1 0.1 0.126 0.056 0.345 0.052 0.028 0.069 2 2 2 2 2 2
1997-03-27T03:30:00 1997 3 27 3 30 0 0.4 0.2 576.0 1.9 1.26 0.01 0.0 0.0 2 2 2 2 2 2 2 2 0.7 3.15 -17.0 0.2 0.2 0.2 0.2 0.2 0.2 0.085 0.028 0.335 0.029 0.009 0.029 2 2 2 2 2 2
1997-03-27T04:30:00 1997 3 27 4 30 0 0.4 1.3 572.0 1.7 1.11 0.0 0.0 0.0 2 2 2 2 2 2 2 2 0.7 2.77 -16.0 1.3 1.3 1.3 1.3 1.3 1.3 0.058 0.014 0.324 0.016 0.003 0.012 2 2 2 2 2 2
1997-03-27T05:30:00 1997 3 27 5 30 0 0.6 0.7 555.0 1.6 0.99 0.01 0.0 0.0 2 2 2 2 2 2 2 2 0.7 2.39 -14.0 0.7 0.7 0.7 0.7 0.7 0.7 0.039 0.007 0.314 0.009 0.001 0.005 2 2 2 2 2 2
1997-03-27T06:30:00 1997 3 27 6 30 0 0.3 -0.1 547.0 1.5 0.93 0.01 0.03 0.0 2 2 2 2 2 2 2 2 0.3 1.96 -15.0 -0.1 -0.1 -0.1 -0.1 -0.1 -0.1 0.029 0.011 0.305 0.006 0.019 0.016 2 2 2 2 2 2
1997-03-27T07:30:00 1997 3 27 7 30 0 -0.1 -0.6 533.0 1.4 0.77 0.06 1.0 0.14 2 2 2 2 2 2 2 2 0.3 1.54 -17.0 -0.6 -0.6 -0.6 -0.6 -0.6 -0.6 0.053 0.07 0.297 0.023 0.145 0.088 2 2 2 2 2 2
1997-03-27T08:30:00 1997 3 27 8 30 0 -0.4 -0.9 521.0 1.4 0.73 0.2 2.01 0.28 2 2 2 2 2 2 2 2 0.3 1.17 -16.0 -0.9 -0.9 -0.9 -0.9 -0.9 -0.9 0.091 0.131 0.292 0.053 0.247 0.141 2 2 2 2 2 2
1997-03-27T09:30:00 1997 3 27 9 30 0 -0.8 -0.9 522.0 1.5 0.82 0.33 2.35 0.34 2 2 2 2 2 2 2 2 0.7 0.86 -15.0 -0.9 -0.9 -0.9 -0.9 -0.9 -0.9 0.124 0.172 0.288 0.077 0.296 0.175 2 2 2 2 2 2
1997-03-27T10:30:00 1997 3 27 10 30 0 -1.5 -0.8 510.0 1.7 0.88 0.47 2.18 0.35 2 2 2 2 2 2 2 2 0.7 0.55 -15.0 -0.8 -0.8 -0.8 -0.8 -0.8 -0.8 0.144 0.191 0.283 0.087 0.304 0.196 2 2 2 2 2 2
1997-03-27T11:30:00 1997 3 27 11 30 0 -1.4 -0.7 506.0 1.5 0.77 0.5 1.89 0.3 2 2 2 2 2 2 2 2 0.7 0.55 -16.0 -0.7 -0.7 -0.7 -0.7 -0.7 -0.7 0.15 0.19 0.278 0.085 0.28 0.187 2 2 2 2 2 2
1997-03-27T12:30:00 1997 3 27 12 30 0 -1.5 -0.2 493.0 1.3 0.61 0.36 1.07 0.15 2 2 2 2 2 2 2 2 0.7 0.55 -17.0 -0.2 -0.2 -0.2 -0.2 -0.2 -0.2 0.129 0.149 0.271 0.062 0.188 0.134 2 2 2 2 2 2
1997-03-27T13:30:00 1997 3 27 13 30 0 -1.6 0.1 488.0 1.3 0.58 0.26 0.14 0.02 2 2 2 2 2 2 2 2 0.7 0.56 -17.0 0.1 0.1 0.1 0.1 0.1 0.1 0.091 0.082 0.263 0.035 0.072 0.065 2 2 2 2 2 2
1997-03-27T14:30:00 1997 3 27 14 30 0 -2.2 -0.4 486.0 1.8 0.8 0.44 0.43 0.07 2 2 2 2 2 2 2 2 0.7 0.6 -14.0 -0.4 -0.4 -0.4 -0.4 -0.4 -0.4 0.08 0.085 0.255 0.029 0.106 0.083 2 2 2 2 2 2
1997-03-27T15:30:00 1997 3 27 15 30 0 -1.7 -0.7 467.0 3.0 1.31 0.59 1.34 0.33 2 2 2 2 2 2 2 2 1.3 0.73 -8.0 -0.7 -0.7 -0.7 -0.7 -0.7 -0.7 0.105 0.147 0.25 0.048 0.215 0.194 2 2 2 2 2 2
1997-03-27T16:30:00 1997 3 27 16 30 0 -1.9 -1.1 450.0 3.8 1.54 0.7 2.1 0.72 2 2 2 2 2 2 2 2 1.3 0.86 -5.0 -1.1 -1.1 -1.1 -1.1 -1.1 -1.1 0.155 0.237 0.248 0.091 0.336 0.354 2 2 2 2 2 2
1997-03-27T17:30:00 1997 3 27 17 30 0 -1.8 -1.8 446.0 4.2 1.58 1.09 3.31 1.33 2 2 2 2 2 2 2 2 1.3 0.93 -6.0 -1.8 -1.8 -1.8 -1.8 -1.8 -1.8 0.237 0.358 0.25 0.174 0.491 0.551 2 2 2 2 2 2
1997-03-27T18:30:00 1997 3 27 18 30 0 -2.2 -1.3 442.0 4.2 1.64 1.21 3.39 1.43 2 2 2 2 2 2 2 2 2.3 1.14 -9.0 -1.3 -1.3 -1.3 -1.3 -1.3 -1.3 0.288 0.41 0.251 0.211 0.513 0.621 2 2 2 2 2 2
1997-03-27T19:30:00 1997 3 27 19 30 0 -1.5 -1.1 438.0 3.9 1.5 0.85 2.62 1.06 2 2 2 2 2 2 2 2 2.3 1.34 -11.0 -1.1 -1.1 -1.1 -1.1 -1.1 -1.1 0.296 0.398 0.25 0.199 0.458 0.577 2 2 2 2 2 2
1997-03-27T20:30:00 1997 3 27 20 30 0 -1.4 -1.3 436.0 3.7 1.41 0.69 2.64 1.0 2 2 2 2 2 2 2 2 2.3 1.54 -9.0 -1.3 -1.3 -1.3 -1.3 -1.3 -1.3 0.303 0.394 0.249 0.196 0.446 0.541 2 2 2 2 2 2
1997-03-27T21:30:00 1997 3 27 21 30 0 -1.2 -1.5 433.0 3.5 1.24 0.77 3.06 1.1 2 2 2 2 2 2 2 2 1.0 1.57 -13.0 -1.5 -1.5 -1.5 -1.5 -1.5 -1.5 0.32 0.407 0.249 0.21 0.464 0.524 2 2 2 2 2 2
1997-03-27T22:30:00 1997 3 27 22 30 0 -1.5 -2.0 429.0 3.5 1.29 1.09 3.81 1.33 2 2 2 2 2 2 2 2 1.0 1.6 -18.0 -2.0 -2.0 -2.0 -2.0 -2.0 -2.0 0.356 0.45 0.252 0.252 0.523 0.545 2 2 2 2 2 2
1997-03-27T23:30:00 1997 3 27 23 30 0 -0.3 -1.2 420.0 3.4 1.2 0.76 3.33 1.15 2 2 2 2 2 2 2 2 1.0 1.56 -22.0 -1.2 -1.2 -1.2 -1.2 -1.2 -1.2 0.354 0.432 0.252 0.24 0.468 0.495 2 2 2 2 2 2
