1997-01-23T00:30:00 1997 1 23 0 30 0 0.1 -3.8 364.0 6.5 1.48 1.92 5.39 4.07 2 2 2 2 2 2 2 2 2.3 1.78 -7.0 -3.8 -3.8 -3.8 -3.8 -3.8 -3.8 0.483 0.749 0.316 0.413 0.715 1.17 2 2 2 2 2 2
1997-01-23T01:30:00 1997 1 23 1 30 0 -0.9 -1.8 364.0 8.2 1.89 1.67 4.94 3.62 2 2 2 2 2 2 2 2 2.3 1.86 -4.0 -1.8 -1.8 -1.8 -1.8 -1.8 -1.8 0.541 0.784 0.321 0.453 0.694 1.172 2 2 2 2 2 2
1997-01-23T02:30:00 1997 1 23 2 30 0 3.1 0.1 359.0 9.1 2.03 0.45 1.41 1.2 2 2 2 2 2 2 2 2 2.3 1.93 -2.0 0.1 0.1 0.1 0.1 0.1 0.1 0.427 0.526 0.314 0.293 0.357 0.768 2 2 2 2 2 2
1997-01-23T03:30:00 1997 1 23 3 30 0 1.6 -1.0 364.0 10.2 2.35 0.56 0.9 0.89 2 2 2 2 2 2 2 2 0.3 1.75 0.0 -1.0 -1.0 -1.0 -1.0 -1.0 -1.0 0.359 0.448 0.307 0.209 0.329 0.79 2 2 2 2 2 2
1997-01-23T04:30:00 1997 1 23 4 30 0 2.9 -0.6 363.0 10.0 2.31 0.69 1.42 1.44 2 2 2 2 2 2 2 2 0.3 1.56 -2.0 -0.6 -0.6 -0.6 -0.6 -0.6 -0.6 0.327 0.432 0.301 0.169 0.333 0.846 2 2 2 2 2 2
1997-01-23T05:30:00 1997 1 23 5 30 0 2.6 -0.5 363.0 10.5 2.42 0.76 0.99 1.02 2 2 2 2 2 2 2 2 0.3 1.38 -3.0 -0.5 -0.5 -0.5 -0.5 -0.5 -0.5 0.285 0.387 0.294 0.13 0.293 0.807 2 2 2 2 2 2
1997-01-23T06:30:00 1997 1 23 6 30 0 2.4 -1.1 361.0 10.8 2.46 0.78 1.49 1.59 2 2 2 2 2 2 2 2 0.7 1.25 -6.0 -1.1 -1.1 -1.1 -1.1 -1.1 -1.1 0.293 0.441 0.289 0.142 0.371 0.963 2 2 2 2 2 2
1997-01-23T07:30:00 1997 1 23 7 30 0 2.9 -1.7 354.0 11.0 2.38 1.21 2.54 2.78 2 2 2 2 2 2 2 2 0.7 1.13 -11.0 -1.7 -1.7 -1.7 -1.7 -1.7 -1.7 0.355 0.572 0.288 0.212 0.505 1.214 2 2 2 2 2 2
1997-01-23T08:30:00 1997 1 23 8 30 0 2.0 0.2 348.0 12.5 2.62 0.71 1.22 1.4 2 2 2 2 2 2 2 2 0.7 0.93 -10.0 0.2 0.2 0.2 0.2 0.2 0.2 0.299 0.426 0.282 0.156 0.293 0.861 2 2 2 2 2 2
1997-01-23T09:30:00 1997 1 23 9 30 0 2.7 0.1 344.0 12.0 2.43 0.38 0.0 0.0 2 2 2 2 2 2 2 2 0.7 0.74 -9.0 0.1 0.1 0.1 0.1 0.1 0.1 0.203 0.212 0.273 0.087 0.093 0.357 2 2 2 2 2 2
1997-01-23T10:30:00 1997 1 23 10 30 0 3.7 -0.6 340.0 11.1 2.19 0.85 0.48 0.55 2 2 2 2 2 2 2 2 0.7 0.56 -8.0 -0.6 -0.6 -0.6 -0.6 -0.6 -0.6 0.181 0.24 0.266 0.071 0.17 0.504 2 2 2 2 2 2
1997-01-23T11:30:00 1997 1 23 11 30 0 3.8 -0.4 339.0 11.2 2.19 1.18 0.83 0.93 2 2 2 2 2 2 2 2 0.7 0.6 -8.0 -0.4 -0.4 -0.4 -0.4 -0.4 -0.4 0.178 0.28 0.259 0.067 0.211 0.606 2 2 2 2 2 2
1997-01-23T12:30:00 1997 1 23 12 30 0 3.2 -1.3 333.0 11.2 2.12 1.23 1.49 1.67 2 2 2 2 2 2 2 2 1.0 0.69 -5.0 -1.3 -1.3 -1.3 -1.3 -1.3 -1.3 0.225 0.408 0.256 0.112 0.337 0.835 2 2 2 2 2 2
1997-01-23T13:30:00 1997 1 23 13 30 0 2.2 -0.6 331.0 12.6 2.34 0.84 1.53 1.81 2 2 2 2 2 2 2 2 1.0 0.78 -2.0 -0.6 -0.6 -0.6 -0.6 -0.6 -0.6 0.245 0.445 0.251 0.122 0.337 0.908 2 2 2 2 2 2
1997-01-23T14:30:00 1997 1 23 14 30 0 1.4 1.8 333.0 13.6 2.56 0.17 0.08 0.11 2 2 2 2 2 2 2 2 1.0 0.82 1.0 1.8 1.8 1.8 1.8 1.8 1.8 0.166 0.221 0.244 0.068 0.107 0.377 2 2 2 2 2 2
1997-01-23T15:30:00 1997 1 23 15 30 0 3.0 0.9 332.0 10.5 1.96 0.19 0.0 0.0 2 2 2 2 2 2 2 2 0.7 0.81 1.0 0.9 0.9 0.9 0.9 0.9 0.9 0.113 0.11 0.236 0.038 0.034 0.156 2 2 2 2 2 2
1997-01-23T16:30:00 1997 1 23 16 30 0 3.2 0.0 335.0 11.3 2.15 0.55 0.0 0.0 2 2 2 2 2 2 2 2 0.7 0.81 2.0 0.0 0.0 0.0 0.0 0.0 0.0 0.076 0.054 0.229 0.021 0.011 0.065 2 2 2 2 2 2
1997-01-23T17:30:00 1997 1 23 17 30 0 3.9 1.2 334.0 10.6 2.01 0.67 0.0 0.0 2 2 2 2 2 2 2 2 0.7 0.81 -1.0 1.2 1.2 1.2 1.2 1.2 1.2 0.052 0.027 0.222 0.012 0.003 0.027 2 2 2 2 2 2
1997-01-23T18:30:00 1997 1 23 18 30 0 3.4 1.7 337.0 13.5 2.6 0.51 0.0 0.0 2 2 2 2 2 2 2 2 0.7 0.81 1.0 1.7 1.7 1.7 1.7 1.7 1.7 0.035 0.013 0.215 0.007 0.001 0.011 2 2 2 2 2 2
1997-01-23T19:30:00 1997 1 23 19 30 0 1.9 2.0 334.0 15.5 2.95 0.2 0.0 0.0 2 2 2 2 2 2 2 2 0.7 0.81 3.0 2.0 2.0 2.0 2.0 2.0 2.0 0.024 0.007 0.209 0.004 0.0 0.005 2 2 2 2 2 2
1997-01-23T20:30:00 1997 1 23 20 30 0 3.0 1.0 331.0 13.4 2.5 0.21 0.0 0.0 2 2 2 2 2 2 2 2 0.7 0.77 0.0 1.0 1.0 1.0 1.0 1.0 1.0 0.016 0.003 0.202 0.002 0.0 0.002 2 2 2 2 2 2
1997-01-23T21:30:00 1997 1 23 21 30 0 4.5 1.5 340.0 9.6 1.9 0.62 0.0 0.0 2 2 2 2 2 2 2 2 0.3 0.68 -2.0 1.5 1.5 1.5 1.5 1.5 1.5 0.011 0.002 0.196 0.001 0.0 0.001 2 2 2 2 2 2
1997-01-23T22:30:00 1997 1 23 22 30 0 3.9 1.4 336.0 10.5 2.04 0.73 0.0 0.0 2 2 2 2 2 2 2 2 0.3 0.6 -2.0 1.4 1.4 1.4 1.4 1.4 1.4 0.007 0.001 0.19 0.001 0.0 0.0 2 2 2 2 2 2
1997-01-23T23:30:00 1997 1 23 23 30 0 2.6 0.6 333.0 13.9 2.66 0.46 0.0 0.0 2 2 2 2 2 2 2 2 0.3 0.54 1.0 0.6 0.6 0.6 0.6 0.6 0.6 0.005 0.0 0.184 0.0 0.0 0.0 2 2 2 2 2 2
