1997-06-18T00:30:00 1997 6 18 0 30 0 -0.6 1.2 349.0 6.2 1.51 0.01 0.0 0.0 2 2 2 2 2 2 2 2 0.7 0.58 -4.0 1.2 1.2 1.2 1.2 1.2 1.2 0.006 0.004 0.051 0.001 0.001 0.002 2 1 2 2 1 1
1997-06-18T01:30:00 1997 6 18 1 30 0 -0.5 0.3 348.0 6.5 1.57 0.01 0.0 0.0 2 2 2 2 2 2 2 2 0.7 0.55 -4.0 0.3 0.3 0.3 0.3 0.3 0.3 0.004 0.002 0.05 0.0 0.0 0.001 2 1 2 2 1 1
1997-06-18T02:30:00 1997 6 18 2 30 0 1.4 -1.9 350.0 6.9 1.69 0.32 1.58 1.07 2 2 2 2 2 2 2 2 0.7 0.55 -4.0 -1.9 -1.9 -1.9 -1.9 -1.9 -1.9 0.102 0.235 0.053 0.082 0.265 0.363 2 2 2 2 2 2
1997-06-18T03:30:00 1997 6 18 3 30 0 2.7 0.1 353.0 6.8 1.69 0.64 1.45 0.99 2 2 2 2 2 2 2 2 1.0 0.59 -5.0 0.1 0.1 0.1 0.1 0.1 0.1 0.126 0.244 0.054 0.083 0.208 0.352 2 2 2 2 2 2
1997-06-18T04:30:00 1997 6 18 4 30 0 2.4 -0.6 355.0 6.3 1.59 0.56 0.5 0.32 2 2 2 2 2 2 2 2 1.0 0.63 -6.0 -0.6 -0.6 -0.6 -0.6 -0.6 -0.6 0.121 0.226 0.053 0.065 0.185 0.334 2 2 2 2 2 2
1997-06-18T05:30:00 1997 6 18 5 30 0 3.3 0.4 345.5 6.65 1.59 0.62 0.27 0.18 2 2 1 1 1 2 2 1 1.0 0.72 -5.0 0.4 0.4 0.4 0.4 0.4 0.4 0.093 0.142 0.052 0.04 0.085 0.191 2 2 2 2 2 2
1997-06-18T06:30:00 1997 6 18 6 30 0 2.5 -1.3 336.0 7.0 1.58 0.78 0.93 0.65 2 2 2 2 2 2 2 2 0.7 0.77 -3.0 -1.3 -1.3 -1.3 -1.3 -1.3 -1.3 0.127 0.237 0.052 0.067 0.208 0.338 2 2 2 2 2 2
1997-06-18T07:30:00 1997 6 18 7 30 0 0.4 0.0 320.0 5.8 1.19 0.32 0.98 0.65 2 2 2 2 2 2 2 2 0.7 0.81 -5.0 0.0 0.0 0.0 0.0 0.0 0.0 0.126 0.217 0.052 0.06 0.154 0.274 2 2 2 2 2 2
1997-06-18T08:30:00 1997 6 18 8 30 0 -0.5 0.1 316.0 6.0 1.03 0.0 0.0 0.0 2 2 2 2 2 2 2 2 0.7 0.81 -5.0 0.1 0.1 0.1 0.1 0.1 0.1 0.085 0.108 0.051 0.033 0.049 0.114 2 2 2 2 2 2
1997-06-18T09:30:00 1997 6 18 9 30 0 0.5 0.8 328.0 6.1 1.14 0.0 0.0 0.0 2 2 2 2 2 2 2 2 0.3 0.76 -2.0 0.8 0.8 0.8 0.8 0.8 0.8 0.058 0.054 0.049 0.019 0.015 0.047 2 2 2 2 2 2
1997-06-18T10:30:00 1997 6 18 10 30 0 3.2 -0.5 336.0 5.0 1.0 0.33 0.2 0.1 2 2 2 2 2 2 2 2 0.3 0.7 -2.0 -0.5 -0.5 -0.5 -0.5 -0.5 -0.5 0.056 0.08 0.048 0.019 0.064 0.092 2 2 2 2 2 2
1997-06-18T11:30:00 1997 6 18 11 30 0 1.3 0.6 331.0 3.7 0.69 0.35 0.16 0.07 2 2 2 2 2 2 2 2 0.3 0.62 -5.0 0.6 0.6 0.6 0.6 0.6 0.6 0.042 0.052 0.047 0.012 0.031 0.053 2 2 2 2 2 2
1997-06-18T12:30:00 1997 6 18 12 30 0 1.0 -0.5 337.0 3.6 0.71 0.1 0.23 0.08 2 2 2 2 2 2 2 2 1.3 0.66 -7.0 -0.5 -0.5 -0.5 -0.5 -0.5 -0.5 0.044 0.074 0.045 0.014 0.064 0.071 2 2 2 2 2 2
1997-06-18T13:30:00 1997 6 18 13 30 0 1.1 -1.3 336.0 3.2 0.64 0.31 1.57 0.53 2 2 2 2 2 2 2 2 1.3 0.71 -9.0 -1.3 -1.3 -1.3 -1.3 -1.3 -1.3 0.097 0.194 0.047 0.055 0.189 0.154 2 2 2 2 2 2
1997-06-18T14:30:00 1997 6 18 14 30 0 0.7 -0.1 330.0 2.9 0.55 0.2 1.08 0.33 2 2 2 2 2 2 2 2 1.3 0.78 -10.0 -0.1 -0.1 -0.1 -0.1 -0.1 -0.1 0.101 0.181 0.046 0.049 0.142 0.13 2 2 2 2 2 2
1997-06-18T15:30:00 1997 6 18 15 30 0 0.9 0.2 328.0 2.7 0.53 0.04 0.02 0.01 2 2 2 2 2 2 2 2 0.7 0.78 -11.0 0.2 0.2 0.2 0.2 0.2 0.2 0.069 0.092 0.045 0.028 0.047 0.056 2 2 2 2 2 2
1997-06-18T16:30:00 1997 6 18 16 30 0 0.4 -0.1 331.0 2.3 0.47 0.03 0.03 0.01 2 2 2 2 2 2 2 2 0.7 0.78 -8.0 -0.1 -0.1 -0.1 -0.1 -0.1 -0.1 0.049 0.058 0.044 0.016 0.028 0.034 2 2 2 2 2 2
1997-06-18T17:30:00 1997 6 18 17 30 0 1.5 -0.5 327.0 3.1 0.6 0.13 0.52 0.15 2 2 2 2 2 2 2 2 0.7 0.83 -7.0 -0.5 -0.5 -0.5 -0.5 -0.5 -0.5 0.059 0.102 0.043 0.02 0.084 0.071 2 2 2 2 2 2
1997-06-18T18:30:00 1997 6 18 18 30 0 2.1 -0.2 329.0 2.8 0.54 0.31 0.55 0.16 2 2 2 2 2 2 2 2 0.3 0.82 -7.0 -0.2 -0.2 -0.2 -0.2 -0.2 -0.2 0.062 0.114 0.042 0.02 0.088 0.08 2 2 2 2 2 2
1997-06-18T19:30:00 1997 6 18 19 30 0 1.8 0.2 332.0 2.7 0.54 0.26 0.07 0.02 2 2 2 2 2 2 2 2 0.3 0.81 -7.0 0.2 0.2 0.2 0.2 0.2 0.2 0.043 0.062 0.041 0.012 0.033 0.038 2 2 2 2 2 2
1997-06-18T20:30:00 1997 6 18 20 30 0 1.1 0.9 338.0 2.8 0.57 0.09 0.0 0.0 2 2 2 2 2 2 2 2 0.3 0.69 -6.0 0.9 0.9 0.9 0.9 0.9 0.9 0.029 0.031 0.04 0.007 0.01 0.016 2 2 2 2 2 2
1997-06-18T21:30:00 1997 6 18 21 30 0 0.6 -0.6 328.0 3.3 0.63 0.05 0.24 0.08 2 2 2 2 2 2 2 2 0.3 0.57 -5.0 -0.6 -0.6 -0.6 -0.6 -0.6 -0.6 0.036 0.065 0.039 0.012 0.058 0.05 2 2 2 2 2 2
1997-06-18T22:30:00 1997 6 18 22 30 0 1.5 0.8 342.2 5.25 1.29 0.08 0.17 0.06 2 2 1 1 1 2 2 1 0.3 0.44 -4.0 0.8 0.8 0.8 0.8 0.8 0.8 0.029 0.044 0.038 0.008 0.028 0.032 2 2 2 2 2 2
1997-06-18T23:30:00 1997 6 18 23 30 0 1.9 0.3 356.5 7.2 1.96 0.15 0.0 0.0 2 2 1 1 1 2 2 1 0.3 0.4 -3.0 0.3 0.3 0.3 0.3 0.3 0.3 0.02 0.022 0.037 0.005 0.009 0.013 2 2 2 2 2 2
