1997-05-01T00:30:00 1997 5 1 0 30 0 -3.5 -3.1 363.0 13.5 3.07 3.95 6.15 8.01 2 2 2 2 2 2 2 2 3.3 2.91 -25.0 -3.1 -3.1 -3.1 -3.1 -3.1 -3.1 0.935 1.208 0.277 0.84 1.028 2.754 2 2 2 2 2 2
1997-05-01T01:30:00 1997 5 1 1 30 0 -1.2 0.1 355.0 15.4 3.37 1.18 2.48 3.51 2 2 2 2 2 2 2 2 3.3 3.19 -21.0 0.1 0.1 0.1 0.1 0.1 0.1 0.753 0.855 0.276 0.571 0.576 1.872 2 2 2 2 2 2
1997-05-01T02:30:00 1997 5 1 2 30 0 -1.7 -0.2 351.0 13.5 2.93 0.18 0.13 0.18 2 2 2 2 2 2 2 2 3.3 3.19 -16.0 -0.2 -0.2 -0.2 -0.2 -0.2 -0.2 0.526 0.486 0.268 0.325 0.248 1.015 2 2 2 2 2 2
1997-05-01T03:30:00 1997 5 1 3 30 0 -2.0 -1.2 349.0 13.1 2.84 0.49 1.3 1.72 2 2 2 2 2 2 2 2 1.3 2.93 -12.0 -1.2 -1.2 -1.2 -1.2 -1.2 -1.2 0.458 0.506 0.264 0.253 0.361 1.163 2 2 2 2 2 2
1997-05-01T04:30:00 1997 5 1 4 30 0 -2.2 -0.6 349.0 14.9 3.19 0.62 1.53 2.13 2 2 2 2 2 2 2 2 1.3 2.67 -10.0 -0.6 -0.6 -0.6 -0.6 -0.6 -0.6 0.409 0.508 0.259 0.206 0.375 1.253 2 2 2 2 2 2
1997-05-01T05:30:00 1997 5 1 5 30 0 -2.8 -1.3 352.0 11.8 2.65 0.86 1.72 2.24 2 2 2 2 2 2 2 2 1.3 2.45 -6.0 -1.3 -1.3 -1.3 -1.3 -1.3 -1.3 0.399 0.552 0.257 0.205 0.438 1.316 2 2 2 2 2 2
1997-05-01T06:30:00 1997 5 1 6 30 0 -3.8 -2.1 359.0 11.3 2.66 1.82 3.09 3.55 2 2 2 2 2 2 2 2 1.7 2.29 -10.0 -2.1 -2.1 -2.1 -2.1 -2.1 -2.1 0.46 0.687 0.259 0.291 0.594 1.512 2 2 2 2 2 2
1997-05-01T07:30:00 1997 5 1 7 30 0 -4.6 -2.2 351.0 6.6 1.52 2.77 3.82 3.34 2 2 2 2 2 2 2 2 1.7 2.13 -17.0 -2.2 -2.2 -2.2 -2.2 -2.2 -2.2 0.503 0.732 0.263 0.348 0.615 1.284 2 2 2 2 2 2
1997-05-01T08:30:00 1997 5 1 8 30 0 -2.9 -1.2 349.0 10.9 2.39 1.95 2.9 2.53 2 2 2 2 2 2 2 2 1.7 1.93 -18.0 -1.2 -1.2 -1.2 -1.2 -1.2 -1.2 0.489 0.692 0.263 0.319 0.542 1.178 2 2 2 2 2 2
1997-05-01T09:30:00 1997 5 1 9 30 0 -3.8 -1.9 359.0 11.1 2.61 1.71 2.8 3.09 2 2 2 2 2 2 2 2 1.0 1.65 -18.0 -1.9 -1.9 -1.9 -1.9 -1.9 -1.9 0.503 0.724 0.264 0.331 0.591 1.361 2 2 2 2 2 2
1997-05-01T10:30:00 1997 5 1 10 30 0 -3.1 -2.0 357.0 11.5 2.63 2.05 3.5 3.96 2 2 2 2 2 2 2 2 1.0 1.37 -14.0 -2.0 -2.0 -2.0 -2.0 -2.0 -2.0 0.543 0.79 0.268 0.377 0.66 1.561 2 2 2 2 2 2
1997-05-01T11:30:00 1997 5 1 11 30 0 -3.6 -0.1 350.0 10.9 2.38 1.31 1.72 1.94 2 2 2 2 2 2 2 2 1.0 1.33 -12.0 -0.1 -0.1 -0.1 -0.1 -0.1 -0.1 0.452 0.592 0.263 0.269 0.405 1.137 2 2 2 2 2 2
1997-05-01T12:30:00 1997 5 1 12 30 0 -1.3 -1.8 341.0 10.6 2.26 0.82 1.76 1.88 2 2 2 2 2 2 2 2 3.3 1.59 -9.0 -1.8 -1.8 -1.8 -1.8 -1.8 -1.8 0.431 0.596 0.261 0.251 0.449 1.12 2 2 2 2 2 2
1997-05-01T13:30:00 1997 5 1 13 30 0 -1.3 1.9 359.0 23.2 5.51 0.19 0.63 0.82 2 2 2 2 2 2 2 2 3.3 1.85 2.0 1.9 1.9 1.9 1.9 1.9 1.9 0.314 0.347 0.254 0.154 0.185 0.598 2 2 2 2 2 2
1997-05-01T14:30:00 1997 5 1 14 30 0 -5.7 -2.8 424.0 19.2 6.48 1.99 1.97 3.91 2 2 2 2 2 2 2 2 3.3 2.06 5.0 -2.8 -2.8 -2.8 -2.8 -2.8 -2.8 0.405 0.585 0.259 0.298 0.647 2.421 2 2 2 2 2 2
1997-05-01T15:30:00 1997 5 1 15 30 0 -4.1 1.8 458.0 20.1 7.8 2.51 1.6 3.1 2 2 2 2 2 2 2 2 4.7 2.45 -1.0 1.8 1.8 1.8 1.8 1.8 1.8 0.349 0.437 0.257 0.228 0.38 1.853 2 2 2 2 2 2
1997-05-01T16:30:00 1997 5 1 16 30 0 -7.6 -2.3 453.0 20.3 7.82 3.86 1.69 3.42 2 2 2 2 2 2 2 2 4.7 2.83 4.0 -2.3 -2.3 -2.3 -2.3 -2.3 -2.3 0.405 0.575 0.261 0.306 0.699 3.2 2 2 2 2 2 2
1997-05-01T17:30:00 1997 5 1 17 30 0 -5.0 -3.6 460.0 18.9 7.85 7.06 6.87 13.38 2 2 2 2 2 2 2 2 4.7 3.29 -10.0 -3.6 -3.6 -3.6 -3.6 -3.6 -3.6 0.732 1.078 0.301 0.777 1.446 5.937 2 2 2 2 2 2
1997-05-01T18:30:00 1997 5 1 18 30 0 -1.9 0.5 468.0 15.1 6.61 2.39 3.32 5.86 2 2 2 2 2 2 2 2 5.0 3.79 -12.0 0.5 0.5 0.5 0.5 0.5 0.5 0.656 0.823 0.306 0.593 0.857 4.122 2 2 2 2 2 2
1997-05-01T19:30:00 1997 5 1 19 30 0 -1.1 -8.7 504.0 9.3 4.88 7.52 11.07 12.12 2 2 2 2 2 2 2 2 5.0 4.27 -30.0 -8.7 -8.7 -8.7 -8.7 -8.7 -8.7 1.065 1.292 0.392 1.462 1.909 5.179 2 2 2 2 2 2
1997-05-01T20:30:00 1997 5 1 20 30 0 -2.1 -6.1 549.0 9.1 5.92 15.32 19.22 17.67 2 2 2 2 2 2 2 2 5.0 4.48 -48.0 -6.1 -6.1 -6.1 -6.1 -6.1 -6.1 1.494 1.615 0.528 2.292 2.551 5.989 2 2 2 2 2 2
1997-05-01T21:30:00 1997 5 1 21 30 0 -3.8 -5.3 588.0 6.5 4.85 11.6 16.14 12.44 2 2 2 2 2 2 2 2 6.3 4.86 -56.0 -5.3 -5.3 -5.3 -5.3 -5.3 -5.3 1.631 1.571 0.631 2.388 2.526 5.534 2 2 2 2 2 2
1997-05-01T22:30:00 1997 5 1 22 30 0 1.1 -5.5 577.0 5.7 4.11 9.95 15.74 9.55 2 2 2 2 2 2 2 2 6.3 5.23 -56.0 -5.5 -5.5 -5.5 -5.5 -5.5 -5.5 1.667 1.469 0.72 2.331 2.383 4.66 2 2 2 2 2 2
1997-05-01T23:30:00 1997 5 1 23 30 0 -4.2 -0.1 596.0 6.3 4.48 3.84 7.52 4.45 2 2 2 2 2 2 2 2 6.3 5.43 -63.0 -0.1 -0.1 -0.1 -0.1 -0.1 -0.1 1.352 1.03 0.734 1.593 1.389 3.116 2 2 2 2 2 2
