1997-07-25T00:30:00 1997 7 25 0 30 0 0.0 0.0 451.0 11.5 4.2 0.0 0.0 0.0 2 2 2 2 2 2 2 2 2.3 2.76 -3.0 0.0 0.0 0.0 0.0 0.0 0.0 0.143 0.116 0.106 0.074 0.056 0.258 2 2 2 2 2 2
1997-07-25T01:30:00 1997 7 25 1 30 0 0.5 0.3 449.0 9.1 3.67 0.0 0.0 0.0 2 2 2 2 2 2 2 2 2.3 2.7 -3.0 0.3 0.3 0.3 0.3 0.3 0.3 0.097 0.057 0.102 0.041 0.018 0.107 2 2 2 2 2 2
1997-07-25T02:30:00 1997 7 25 2 30 0 0.0 0.5 455.0 7.2 2.98 0.0 0.0 0.0 2 2 2 2 2 2 2 2 2.3 2.62 -2.0 0.5 0.5 0.5 0.5 0.5 0.5 0.066 0.029 0.099 0.023 0.006 0.044 2 2 2 2 2 2
1997-07-25T03:30:00 1997 7 25 3 30 0 -1.6 1.0 453.0 7.1 2.91 0.04 0.0 0.0 2 2 2 2 2 2 2 2 1.3 2.4 0.0 1.0 1.0 1.0 1.0 1.0 1.0 0.044 0.014 0.096 0.013 0.002 0.018 2 2 2 2 2 2
1997-07-25T04:30:00 1997 7 25 4 30 0 -2.2 0.4 448.0 6.1 2.45 0.22 0.0 0.0 2 2 2 2 2 2 2 2 1.3 2.18 -2.0 0.4 0.4 0.4 0.4 0.4 0.4 0.03 0.007 0.093 0.007 0.001 0.008 2 2 2 2 2 2
1997-07-25T05:30:00 1997 7 25 5 30 0 -3.4 1.3 449.0 6.9 2.78 0.49 0.0 0.0 2 2 2 2 2 2 2 2 1.3 2.01 1.0 1.3 1.3 1.3 1.3 1.3 1.3 0.02 0.003 0.09 0.004 0.0 0.003 2 2 2 2 2 2
1997-07-25T06:30:00 1997 7 25 6 30 0 -3.3 0.7 440.0 7.0 2.63 0.67 0.0 0.0 2 2 1 1 1 2 2 1 0.7 1.76 1.0 0.7 0.7 0.7 0.7 0.7 0.7 0.014 0.002 0.088 0.002 0.0 0.001 2 2 2 2 2 2
1997-07-25T07:30:00 1997 7 25 7 30 0 -0.5 0.5 431.0 7.1 2.49 0.23 0.0 0.0 2 2 1 1 1 2 2 1 0.7 1.51 0.0 0.5 0.5 0.5 0.5 0.5 0.5 0.009 0.001 0.085 0.001 0.0 0.001 2 2 2 2 2 2
1997-07-25T08:30:00 1997 7 25 8 30 0 0.9 -0.2 422.0 7.2 2.34 0.02 0.08 0.06 2 2 2 2 2 2 2 2 0.7 1.31 -1.0 -0.2 -0.2 -0.2 -0.2 -0.2 -0.2 0.015 0.03 0.083 0.004 0.045 0.105 2 2 2 2 2 2
1997-07-25T09:30:00 1997 7 25 9 30 0 -1.1 0.7 422.0 6.8 2.23 0.02 0.03 0.02 2 2 2 2 2 2 2 2 1.0 1.15 -1.0 0.7 0.7 0.7 0.7 0.7 0.7 0.01 0.015 0.08 0.002 0.014 0.044 2 2 2 2 2 2
1997-07-25T10:30:00 1997 7 25 10 30 0 -1.6 0.6 417.0 5.6 1.88 0.09 0.0 0.0 2 2 2 2 2 2 2 2 1.0 1.0 0.0 0.6 0.6 0.6 0.6 0.6 0.6 0.007 0.007 0.078 0.001 0.005 0.018 2 2 2 2 2 2
1997-07-25T11:30:00 1997 7 25 11 30 0 -0.6 -0.4 413.0 6.5 2.05 0.1 0.2 0.13 2 2 2 2 2 2 2 2 1.0 0.96 0.0 -0.4 -0.4 -0.4 -0.4 -0.4 -0.4 0.023 0.057 0.076 0.01 0.081 0.152 2 2 2 2 2 2
1997-07-25T12:30:00 1997 7 25 12 30 0 2.6 -0.5 413.0 5.3 1.67 0.29 0.94 0.55 2 2 2 2 2 2 2 2 1.0 0.93 -2.0 -0.5 -0.5 -0.5 -0.5 -0.5 -0.5 0.065 0.151 0.075 0.032 0.192 0.331 2 2 2 2 2 2
1997-07-25T13:30:00 1997 7 25 13 30 0 2.6 0.2 414.0 5.1 1.67 0.63 0.33 0.17 2 2 2 2 2 2 2 2 1.0 0.89 -1.0 0.2 0.2 0.2 0.2 0.2 0.2 0.056 0.105 0.073 0.023 0.095 0.201 2 2 2 2 2 2
1997-07-25T14:30:00 1997 7 25 14 30 0 1.9 0.2 409.0 5.6 1.75 0.38 0.0 0.0 2 2 2 2 2 2 2 2 1.0 0.93 1.0 0.2 0.2 0.2 0.2 0.2 0.2 0.038 0.052 0.071 0.013 0.03 0.083 2 2 2 2 2 2
1997-07-25T15:30:00 1997 7 25 15 30 0 -2.3 -0.2 407.0 7.8 2.58 0.15 0.12 0.09 2 2 2 2 2 2 2 2 1.0 0.96 4.0 -0.2 -0.2 -0.2 -0.2 -0.2 -0.2 0.037 0.064 0.069 0.011 0.064 0.161 2 2 2 2 2 2
1997-07-25T16:30:00 1997 7 25 16 30 0 -0.8 -0.3 410.0 11.5 3.46 0.26 0.52 0.52 2 2 2 2 2 2 2 2 1.0 1.0 10.0 -0.3 -0.3 -0.3 -0.3 -0.3 -0.3 0.063 0.143 0.068 0.023 0.165 0.495 2 2 2 2 2 2
1997-07-25T17:30:00 1997 7 25 17 30 0 0.6 0.2 408.0 12.7 3.73 0.02 0.16 0.19 2 2 2 2 2 2 2 2 1.0 1.0 13.0 0.2 0.2 0.2 0.2 0.2 0.2 0.051 0.096 0.066 0.015 0.079 0.322 2 2 2 2 2 2
1997-07-25T18:30:00 1997 7 25 18 30 0 0.0 -0.2 405.0 11.6 3.76 0.01 0.12 0.14 2 2 2 2 2 2 2 2 1.7 1.09 15.0 -0.2 -0.2 -0.2 -0.2 -0.2 -0.2 0.048 0.095 0.065 0.014 0.09 0.351 2 2 2 2 2 2
1997-07-25T19:30:00 1997 7 25 19 30 0 2.0 -0.2 404.0 10.2 3.01 0.16 0.4 0.44 2 2 2 2 2 2 2 2 1.7 1.18 13.0 -0.2 -0.2 -0.2 -0.2 -0.2 -0.2 0.062 0.139 0.063 0.019 0.144 0.511 2 2 2 2 2 2
1997-07-25T20:30:00 1997 7 25 20 30 0 -0.65 1.1 399.0 11.3 3.6 0.07 0.02 0.02 1 1 2 2 2 1 2 2 1.7 1.27 11.0 1.1 1.1 1.1 1.1 1.1 1.1 0.042 0.069 0.061 0.011 0.046 0.212 2 2 2 2 2 2
1997-07-25T21:30:00 1997 7 25 21 30 0 -3.3 2.4 397.0 7.3 2.3 0.15 0.0 0.0 2 2 2 2 2 2 2 2 1.0 1.27 3.0 2.4 2.4 2.4 2.4 2.4 2.4 0.029 0.034 0.06 0.006 0.014 0.088 2 2 2 2 2 2
1997-07-25T22:30:00 1997 7 25 22 30 0 -2.9 2.1 395.0 6.6 2.06 0.31 0.0 0.0 2 2 2 2 2 2 2 2 1.0 1.26 1.0 2.1 2.1 2.1 2.1 2.1 2.1 0.019 0.017 0.058 0.003 0.005 0.036 2 2 2 2 2 2
1997-07-25T23:30:00 1997 7 25 23 30 0 -3.4 1.4 396.0 6.8 2.13 0.4 0.0 0.0 2 2 2 2 2 2 2 2 1.0 1.26 1.0 1.4 1.4 1.4 1.4 1.4 1.4 0.013 0.008 0.056 0.002 0.001 0.015 2 2 2 2 2 2
