1997-08-04T00:30:00 1997 8 4 0 30 0 14.9 3.0 406.0 12.2 3.76 10.41 0.0 0.0 2 2 2 2 2 2 2 2 2.7 4.06 -22.0 3.0 3.0 3.0 3.0 3.0 3.0 0.336 0.069 0.82 0.196 0.01 0.044 2 2 2 2 2 2
1997-08-04T01:30:00 1997 8 4 1 30 0 11.9 4.9 418.0 15.1 4.88 7.86 0.0 0.0 2 2 2 2 2 2 2 2 2.7 3.77 -19.0 4.9 4.9 4.9 4.9 4.9 4.9 0.228 0.034 0.795 0.109 0.003 0.018 2 2 2 2 2 2
1997-08-04T02:30:00 1997 8 4 2 30 0 -0.6 5.3 401.0 22.7 6.68 1.3 0.0 0.0 2 2 2 2 2 2 2 2 2.7 3.57 -13.0 5.3 5.3 5.3 5.3 5.3 5.3 0.154 0.017 0.771 0.061 0.001 0.008 2 2 2 2 2 2
1997-08-04T03:30:00 1997 8 4 3 30 0 7.0 5.1 400.0 23.4 6.93 0.42 0.0 0.0 2 2 2 2 2 2 2 2 1.7 3.24 -10.0 5.1 5.1 5.1 5.1 5.1 5.1 0.104 0.008 0.747 0.034 0.0 0.003 2 2 2 2 2 2
1997-08-04T04:30:00 1997 8 4 4 30 0 -5.6 1.2 407.0 22.7 7.33 0.48 0.0 0.0 2 2 2 2 2 2 2 2 1.7 2.91 -8.0 1.2 1.2 1.2 1.2 1.2 1.2 0.071 0.004 0.725 0.019 0.0 0.001 2 2 2 2 2 2
1997-08-04T05:30:00 1997 8 4 5 30 0 -3.3 2.7 402.0 30.6 9.81 0.88 0.0 0.0 2 2 2 2 2 2 2 2 1.7 2.62 -5.0 2.7 2.7 2.7 2.7 2.7 2.7 0.048 0.002 0.702 0.011 0.0 0.001 2 2 2 2 2 2
1997-08-04T06:30:00 1997 8 4 6 30 0 1.1 2.3 418.0 21.9 7.74 0.06 0.0 0.0 2 2 2 2 2 2 2 2 2.0 2.38 -4.0 2.3 2.3 2.3 2.3 2.3 2.3 0.032 0.001 0.681 0.006 0.0 0.0 2 2 2 2 2 2
1997-08-04T07:30:00 1997 8 4 7 30 0 2.9 -1.2 417.0 21.2 7.12 0.45 0.54 1.14 2 2 2 2 2 2 2 2 2.0 2.14 -6.0 -1.2 -1.2 -1.2 -1.2 -1.2 -1.2 0.093 0.183 0.664 0.06 0.265 1.174 2 2 2 2 2 2
1997-08-04T08:30:00 1997 8 4 8 30 0 -2.1 1.3 395.0 26.7 8.65 0.23 0.49 1.1 2 2 2 2 2 2 2 2 2.0 2.06 -1.0 1.3 1.3 1.3 1.3 1.3 1.3 0.085 0.141 0.644 0.046 0.136 0.794 2 2 2 2 2 2
1997-08-04T09:30:00 1997 8 4 9 30 0 4.7 -0.8 390.0 15.7 4.87 0.58 0.37 0.62 2 2 2 2 2 2 2 2 2.0 1.97 -5.0 -0.8 -0.8 -0.8 -0.8 -0.8 -0.8 0.102 0.198 0.626 0.055 0.212 0.939 2 2 2 2 2 2
1997-08-04T10:30:00 1997 8 4 10 30 0 5.5 2.9 393.0 15.7 4.55 1.5 0.11 0.17 2 2 2 2 2 2 2 2 2.0 1.89 -6.0 2.9 2.9 2.9 2.9 2.9 2.9 0.069 0.098 0.607 0.031 0.067 0.389 2 2 2 2 2 2
1997-08-04T11:30:00 1997 8 4 11 30 0 5.3 1.9 393.0 14.4 3.95 1.22 0.0 0.0 2 2 2 2 2 2 2 2 2.0 1.93 -4.0 1.9 1.9 1.9 1.9 1.9 1.9 0.047 0.049 0.589 0.017 0.021 0.161 2 2 2 2 2 2
1997-08-04T12:30:00 1997 8 4 12 30 0 4.1 2.8 388.0 14.5 3.81 0.85 0.0 0.0 2 2 2 2 2 2 2 2 0.3 1.74 -5.0 2.8 2.8 2.8 2.8 2.8 2.8 0.032 0.024 0.571 0.01 0.007 0.067 2 2 2 2 2 2
1997-08-04T13:30:00 1997 8 4 13 30 0 3.9 3.5 378.0 14.8 3.69 0.45 0.0 0.0 2 2 2 2 2 2 2 2 0.3 1.56 -5.0 3.5 3.5 3.5 3.5 3.5 3.5 0.021 0.012 0.553 0.005 0.002 0.028 2 2 2 2 2 2
1997-08-04T14:30:00 1997 8 4 14 30 0 2.5 4.7 370.0 14.7 3.52 0.19 0.0 0.0 2 2 2 2 2 2 2 2 0.3 1.34 -6.0 4.7 4.7 4.7 4.7 4.7 4.7 0.015 0.006 0.536 0.003 0.001 0.012 2 2 2 2 2 2
1997-08-04T15:30:00 1997 8 4 15 30 0 1.7 5.0 371.0 13.5 3.28 0.05 0.0 0.0 2 2 2 2 2 2 2 2 0.7 1.18 -8.0 5.0 5.0 5.0 5.0 5.0 5.0 0.01 0.003 0.52 0.002 0.0 0.005 2 2 2 2 2 2
1997-08-04T16:30:00 1997 8 4 16 30 0 -0.1 4.1 368.0 16.2 3.93 0.01 0.0 0.0 2 2 2 2 2 2 2 2 0.7 1.02 -5.0 4.1 4.1 4.1 4.1 4.1 4.1 0.007 0.001 0.504 0.001 0.0 0.002 2 2 2 2 2 2
1997-08-04T17:30:00 1997 8 4 17 30 0 -0.7 0.5 376.0 24.0 6.64 0.0 0.0 0.0 2 2 2 2 2 2 2 2 0.7 0.86 0.0 0.5 0.5 0.5 0.5 0.5 0.5 0.005 0.001 0.489 0.001 0.0 0.001 2 2 2 2 2 2
1997-08-04T18:30:00 1997 8 4 18 30 0 1.0 -0.3 372.0 19.9 5.3 0.03 0.13 0.26 2 2 2 2 2 2 2 2 2.3 0.92 1.0 -0.3 -0.3 -0.3 -0.3 -0.3 -0.3 0.023 0.072 0.474 0.009 0.086 0.416 2 2 2 2 2 2
1997-08-04T19:30:00 1997 8 4 19 30 0 -1.7 2.4 371.0 12.8 3.15 0.02 0.01 0.02 2 2 2 2 2 2 2 2 2.3 0.97 -7.0 2.4 2.4 2.4 2.4 2.4 2.4 0.015 0.036 0.46 0.005 0.027 0.173 2 2 2 2 2 2
1997-08-04T20:30:00 1997 8 4 20 30 0 -3.2 2.6 370.0 9.3 2.28 0.16 0.0 0.0 2 2 2 2 2 2 2 2 2.3 1.23 -11.0 2.6 2.6 2.6 2.6 2.6 2.6 0.01 0.018 0.446 0.003 0.009 0.072 2 2 2 2 2 2
1997-08-04T21:30:00 1997 8 4 21 30 0 -4.3 1.4 364.0 8.0 1.91 0.55 0.0 0.0 2 2 2 2 2 2 2 2 1.0 1.3 -13.0 1.4 1.4 1.4 1.4 1.4 1.4 0.007 0.009 0.432 0.002 0.003 0.03 2 2 2 2 2 2
1997-08-04T22:30:00 1997 8 4 22 30 0 -3.2 -0.3 357.0 9.0 2.07 0.84 0.07 0.06 2 2 2 2 2 2 2 2 1.0 1.38 -16.0 -0.3 -0.3 -0.3 -0.3 -0.3 -0.3 0.015 0.039 0.419 0.006 0.044 0.104 2 2 2 2 2 2
1997-08-04T23:30:00 1997 8 4 23 30 0 -3.7 0.4 387.0 9.9 2.67 0.89 0.09 0.09 2 2 2 2 2 2 2 2 1.0 1.41 -12.0 0.4 0.4 0.4 0.4 0.4 0.4 0.014 0.031 0.406 0.004 0.024 0.075 2 2 2 2 2 2
