2003-01-25T00:30:00 2003 1 25 0 30 0 2.8 0.6 736.0 2.7 2.56 0.19 0.0 0.0 2 2 2 2 2 2 2 2 3.7 3.81 -40.0 0.6 0.6 0.6 0.6 0.6 0.6 0.156 0.094 0.182 0.114 0.12 0.264 2 2 2 2 2 2
2003-01-25T01:30:00 2003 1 25 1 30 0 1.3 0.3 741.0 2.7 2.58 0.47 0.0 0.0 2 2 2 2 2 2 2 2 3.7 3.81 -32.0 0.3 0.3 0.3 0.3 0.3 0.3 0.105 0.047 0.176 0.064 0.038 0.109 2 2 2 2 2 2
2003-01-25T02:30:00 2003 1 25 2 30 0 2.5 2.7 763.0 2.8 2.84 0.23 0.0 0.0 2 2 2 2 2 2 2 2 3.7 3.81 -32.0 2.7 2.7 2.7 2.7 2.7 2.7 0.071 0.023 0.171 0.036 0.012 0.045 2 2 2 2 2 2
2003-01-25T03:30:00 2003 1 25 3 30 0 3.0 -0.8 747.0 2.6 2.53 0.95 0.48 0.12 2 2 2 2 2 2 2 2 4.7 3.94 -33.0 -0.8 -0.8 -0.8 -0.8 -0.8 -0.8 0.075 0.055 0.169 0.045 0.169 0.201 2 2 2 2 2 2
2003-01-25T04:30:00 2003 1 25 4 30 0 4.1 -1.3 754.0 2.4 2.4 3.14 4.02 1.0 2 2 2 2 2 2 2 2 4.7 4.07 -36.0 -1.3 -1.3 -1.3 -1.3 -1.3 -1.3 0.176 0.196 0.181 0.151 0.626 0.699 2 2 2 2 2 2
2003-01-25T05:30:00 2003 1 25 5 30 0 4.2 -2.5 768.0 2.4 2.5 5.45 7.43 1.78 2 2 2 2 2 2 2 2 4.7 4.16 -28.0 -2.5 -2.5 -2.5 -2.5 -2.5 -2.5 0.332 0.35 0.215 0.367 1.093 1.151 2 2 2 2 2 2
2003-01-25T06:30:00 2003 1 25 6 30 0 2.8 -5.2 752.0 2.1 2.09 9.71 15.03 3.34 2 2 2 2 2 2 2 2 5.7 4.38 -37.0 -5.2 -5.2 -5.2 -5.2 -5.2 -5.2 0.606 0.564 0.306 0.881 1.732 1.567 2 2 2 2 2 2
2003-01-25T07:30:00 2003 1 25 7 30 0 2.0 -3.3 757.0 2.3 2.32 8.86 15.73 3.46 2 2 2 2 2 2 2 2 5.7 4.6 -44.0 -3.3 -3.3 -3.3 -3.3 -3.3 -3.3 0.768 0.648 0.388 1.095 1.821 1.701 2 2 2 2 2 2
2003-01-25T08:30:00 2003 1 25 8 30 0 1.9 -4.3 741.0 2.1 2.03 7.23 14.37 3.14 2 2 2 2 2 2 2 2 5.7 4.85 -41.0 -4.3 -4.3 -4.3 -4.3 -4.3 -4.3 0.871 0.689 0.461 1.206 1.841 1.697 2 2 2 2 2 2
2003-01-25T09:30:00 2003 1 25 9 30 0 2.3 -1.4 741.0 2.5 2.41 4.56 10.11 2.31 2 2 2 2 2 2 2 2 4.3 4.91 -29.0 -1.4 -1.4 -1.4 -1.4 -1.4 -1.4 0.821 0.605 0.495 0.99 1.439 1.506 2 2 2 2 2 2
2003-01-25T10:30:00 2003 1 25 10 30 0 1.3 1.8 755.0 2.7 2.67 0.57 0.93 0.24 2 2 2 2 2 2 2 2 4.3 4.97 -38.0 1.8 1.8 1.8 1.8 1.8 1.8 0.571 0.321 0.482 0.565 0.512 0.703 2 2 2 2 2 2
2003-01-25T11:30:00 2003 1 25 11 30 0 1.7 -0.9 751.0 2.6 2.56 0.38 0.7 0.18 2 2 2 2 2 2 2 2 4.3 4.92 -38.0 -0.9 -0.9 -0.9 -0.9 -0.9 -0.9 0.425 0.222 0.471 0.35 0.395 0.565 2 2 2 2 2 2
2003-01-25T12:30:00 2003 1 25 12 30 0 2.5 -1.3 746.0 2.4 2.33 1.62 4.18 1.04 2 2 2 2 2 2 2 2 4.0 4.82 -34.0 -1.3 -1.3 -1.3 -1.3 -1.3 -1.3 0.415 0.282 0.474 0.325 0.702 0.851 2 2 2 2 2 2
2003-01-25T13:30:00 2003 1 25 13 30 0 0.0 -0.9 739.0 2.6 2.49 0.97 4.02 1.01 2 2 2 2 2 2 2 2 4.0 4.73 -35.0 -0.9 -0.9 -0.9 -0.9 -0.9 -0.9 0.397 0.299 0.476 0.293 0.741 0.936 2 2 2 2 2 2
2003-01-25T14:30:00 2003 1 25 14 30 0 4.2 -0.4 763.0 2.6 2.65 1.44 2.36 0.61 2 2 2 2 2 2 2 2 4.0 4.52 -36.0 -0.4 -0.4 -0.4 -0.4 -0.4 -0.4 0.339 0.256 0.469 0.217 0.583 0.84 2 2 2 2 2 2
2003-01-25T15:30:00 2003 1 25 15 30 0 2.9 1.4 754.0 2.8 2.79 1.58 0.11 0.03 2 2 2 2 2 2 2 2 3.3 4.22 -34.0 1.4 1.4 1.4 1.4 1.4 1.4 0.23 0.127 0.454 0.121 0.185 0.348 2 2 2 2 2 2
2003-01-25T16:30:00 2003 1 25 16 30 0 2.8 2.7 744.0 3.1 2.99 0.5 0.0 0.0 2 2 2 2 2 2 2 2 3.3 3.93 -31.0 2.7 2.7 2.7 2.7 2.7 2.7 0.156 0.063 0.441 0.068 0.058 0.144 2 2 2 2 2 2
2003-01-25T17:30:00 2003 1 25 17 30 0 3.4 1.1 731.0 2.9 2.71 0.71 0.0 0.0 2 2 2 2 2 2 2 2 3.3 3.8 -23.0 1.1 1.1 1.1 1.1 1.1 1.1 0.105 0.031 0.427 0.038 0.019 0.06 2 2 2 2 2 2
2003-01-25T18:30:00 2003 1 25 18 30 0 1.6 3.8 712.0 3.1 2.73 0.34 0.0 0.0 2 2 2 2 2 2 2 2 2.3 3.54 -23.0 3.8 3.8 3.8 3.8 3.8 3.8 0.071 0.016 0.414 0.021 0.006 0.025 2 2 2 2 2 2
2003-01-25T19:30:00 2003 1 25 19 30 0 2.2 3.2 705.0 3.1 2.67 0.1 0.0 0.0 2 2 2 2 2 2 2 2 2.3 3.29 -21.0 3.2 3.2 3.2 3.2 3.2 3.2 0.048 0.008 0.401 0.012 0.002 0.01 2 2 2 2 2 2
2003-01-25T20:30:00 2003 1 25 20 30 0 4.8 1.8 713.0 2.9 2.57 0.89 0.0 0.0 2 2 2 2 2 2 2 2 2.3 3.08 -22.0 1.8 1.8 1.8 1.8 1.8 1.8 0.033 0.004 0.389 0.007 0.001 0.004 2 2 2 2 2 2
2003-01-25T21:30:00 2003 1 25 21 30 0 2.5 3.1 692.0 3.0 2.5 0.82 0.0 0.0 2 2 2 2 2 2 2 2 2.7 2.92 -22.0 3.1 3.1 3.1 3.1 3.1 3.1 0.022 0.002 0.377 0.004 0.0 0.002 2 2 2 2 2 2
2003-01-25T22:30:00 2003 1 25 22 30 0 2.6 1.8 682.0 2.9 2.38 0.31 0.0 0.0 2 2 2 2 2 2 2 2 2.7 2.77 -22.0 1.8 1.8 1.8 1.8 1.8 1.8 0.015 0.001 0.366 0.002 0.0 0.001 2 2 2 2 2 2
2003-01-25T23:30:00 2003 1 25 23 30 0 1.3 -1.6 664.0 2.9 2.25 0.67 1.49 0.43 2 2 2 2 2 2 2 2 2.7 2.69 -21.0 -1.6 -1.6 -1.6 -1.6 -1.6 -1.6 0.079 0.108 0.362 0.074 0.334 0.353 2 2 2 2 2 2
