2003-07-19T00:30:00 2003 7 19 0 30 0 -3.6 -4.3 508.0 4.5 2.14 8.09 11.94 5.43 2 2 2 2 2 2 2 2 4.3 3.79 -50.0 -4.3 -4.3 -4.3 -4.3 -4.3 -4.3 0.813 0.902 0.526 1.126 1.447 1.736 2 2 2 2 2 2
2003-07-19T01:30:00 2003 7 19 1 30 0 -1.7 -0.9 487.0 4.7 2.06 3.1 6.13 2.81 2 2 2 2 2 2 2 2 4.3 3.98 -45.0 -0.9 -0.9 -0.9 -0.9 -0.9 -0.9 0.742 0.744 0.532 0.844 0.977 1.376 2 2 2 2 2 2
2003-07-19T02:30:00 2003 7 19 2 30 0 -2.0 0.2 499.0 4.9 2.27 0.48 0.81 0.39 2 2 2 2 2 2 2 2 4.3 4.14 -29.0 0.2 0.2 0.2 0.2 0.2 0.2 0.53 0.427 0.517 0.487 0.398 0.732 2 2 2 2 2 2
2003-07-19T03:30:00 2003 7 19 3 30 0 -1.5 0.2 499.0 5.3 2.49 0.27 0.0 0.0 2 2 2 2 2 2 2 2 2.3 4.03 -25.0 0.2 0.2 0.2 0.2 0.2 0.2 0.359 0.212 0.501 0.273 0.126 0.304 2 2 2 2 2 2
2003-07-19T04:30:00 2003 7 19 4 30 0 -3.5 3.6 518.0 5.7 2.88 0.27 0.0 0.0 2 2 2 2 2 2 2 2 2.3 3.92 -28.0 3.6 3.6 3.6 3.6 3.6 3.6 0.243 0.105 0.486 0.153 0.04 0.126 2 2 2 2 2 2
2003-07-19T05:30:00 2003 7 19 5 30 0 -1.6 3.6 500.0 5.9 2.79 0.16 0.0 0.0 2 2 2 2 2 2 2 2 2.3 3.62 -26.0 3.6 3.6 3.6 3.6 3.6 3.6 0.164 0.052 0.471 0.086 0.013 0.052 2 2 2 2 2 2
2003-07-19T06:30:00 2003 7 19 6 30 0 1.7 4.2 495.0 5.7 2.66 0.01 0.0 0.0 2 2 2 2 2 2 2 2 2.7 3.37 -20.0 4.2 4.2 4.2 4.2 4.2 4.2 0.111 0.026 0.457 0.048 0.004 0.022 2 2 2 2 2 2
2003-07-19T07:30:00 2003 7 19 7 30 0 -4.1 -0.2 513.0 6.1 2.98 0.4 0.04 0.03 2 2 2 2 2 2 2 2 2.7 3.13 -15.0 -0.2 -0.2 -0.2 -0.2 -0.2 -0.2 0.084 0.037 0.443 0.031 0.05 0.115 2 2 2 2 2 2
2003-07-19T08:30:00 2003 7 19 8 30 0 -5.2 0.8 530.0 6.3 3.27 2.05 0.03 0.02 2 2 2 2 2 2 2 2 2.7 2.93 -21.0 0.8 0.8 0.8 0.8 0.8 0.8 0.057 0.018 0.429 0.017 0.016 0.048 2 2 2 2 2 2
2003-07-19T09:30:00 2003 7 19 9 30 0 -5.5 0.4 525.0 6.2 3.16 2.52 0.0 0.0 2 2 2 2 2 2 2 2 4.0 2.91 -24.0 0.4 0.4 0.4 0.4 0.4 0.4 0.038 0.009 0.416 0.01 0.005 0.02 2 2 2 2 2 2
2003-07-19T10:30:00 2003 7 19 10 30 0 -5.0 0.5 524.0 5.6 2.87 2.47 0.0 0.0 2 2 2 2 2 2 2 2 4.0 2.89 -21.0 0.5 0.5 0.5 0.5 0.5 0.5 0.026 0.004 0.404 0.005 0.002 0.008 2 2 2 2 2 2
2003-07-19T11:30:00 2003 7 19 11 30 0 -2.9 0.5 545.0 6.4 3.59 1.36 0.0 0.0 2 2 2 2 2 2 2 2 4.0 3.11 -15.0 0.5 0.5 0.5 0.5 0.5 0.5 0.018 0.002 0.391 0.003 0.001 0.003 2 2 2 2 2 2
2003-07-19T12:30:00 2003 7 19 12 30 0 -3.1 -4.4 580.0 6.4 4.03 3.65 6.17 3.95 2 2 2 2 2 2 2 2 4.0 3.32 -9.0 -4.4 -4.4 -4.4 -4.4 -4.4 -4.4 0.319 0.446 0.422 0.448 1.033 1.737 2 2 2 2 2 2
2003-07-19T13:30:00 2003 7 19 13 30 0 -6.7 1.1 562.0 6.4 3.73 4.8 4.54 2.91 2 2 2 2 2 2 2 2 4.0 3.53 -18.0 1.1 1.1 1.1 1.1 1.1 1.1 0.349 0.41 0.428 0.4 0.692 1.471 2 2 2 2 2 2
2003-07-19T14:30:00 2003 7 19 14 30 0 -4.6 -1.0 560.0 6.1 3.58 3.43 0.79 0.48 2 2 2 2 2 2 2 2 4.0 3.69 -18.0 -1.0 -1.0 -1.0 -1.0 -1.0 -1.0 0.29 0.311 0.419 0.268 0.469 1.088 2 2 2 2 2 2
2003-07-19T15:30:00 2003 7 19 15 30 0 -0.3 3.5 584.0 6.3 4.0 0.67 0.21 0.13 2 2 2 2 2 2 2 2 4.3 3.88 -15.0 3.5 3.5 3.5 3.5 3.5 3.5 0.196 0.154 0.406 0.15 0.148 0.451 2 2 2 2 2 2
2003-07-19T16:30:00 2003 7 19 16 30 0 -0.2 2.3 576.0 6.4 3.97 0.0 0.0 0.0 2 2 2 2 2 2 2 2 4.3 4.08 -11.0 2.3 2.3 2.3 2.3 2.3 2.3 0.133 0.077 0.393 0.084 0.047 0.187 2 2 2 2 2 2
2003-07-19T17:30:00 2003 7 19 17 30 0 -3.0 -2.2 578.0 6.1 3.77 0.91 1.82 1.12 2 2 2 2 2 2 2 2 4.3 4.12 -8.0 -2.2 -2.2 -2.2 -2.2 -2.2 -2.2 0.2 0.223 0.393 0.175 0.47 0.864 2 2 2 2 2 2
2003-07-19T18:30:00 2003 7 19 18 30 0 -4.3 3.2 589.0 6.1 3.86 1.43 1.04 0.63 2 2 2 2 2 2 2 2 4.3 4.15 -20.0 3.2 3.2 3.2 3.2 3.2 3.2 0.16 0.148 0.383 0.116 0.217 0.518 2 2 2 2 2 2
2003-07-19T19:30:00 2003 7 19 19 30 0 -3.9 -0.3 592.0 4.7 3.04 1.34 0.08 0.04 2 2 2 2 2 2 2 2 4.3 4.19 -27.0 -0.3 -0.3 -0.3 -0.3 -0.3 -0.3 0.12 0.102 0.372 0.072 0.142 0.348 2 2 2 2 2 2
2003-07-19T20:30:00 2003 7 19 20 30 0 -4.0 0.4 612.0 4.6 3.19 1.84 0.16 0.07 2 2 2 2 2 2 2 2 4.3 4.23 -28.0 0.4 0.4 0.4 0.4 0.4 0.4 0.086 0.06 0.361 0.042 0.062 0.188 2 2 2 2 2 2
2003-07-19T21:30:00 2003 7 19 21 30 0 -3.1 -6.1 632.0 4.2 3.1 6.81 9.77 4.22 2 2 2 2 2 2 2 2 5.7 4.45 -29.0 -6.1 -6.1 -6.1 -6.1 -6.1 -6.1 0.443 0.508 0.422 0.683 1.312 1.643 2 2 2 2 2 2
2003-07-19T22:30:00 2003 7 19 22 30 0 -5.5 -5.4 617.0 3.8 2.68 14.67 17.85 7.12 2 2 2 2 2 2 2 2 5.7 4.66 -35.0 -5.4 -5.4 -5.4 -5.4 -5.4 -5.4 0.823 0.842 0.524 1.335 1.936 2.341 2 2 2 2 2 2
2003-07-19T23:30:00 2003 7 19 23 30 0 -4.6 -1.9 627.0 3.8 2.74 9.07 10.89 4.14 2 2 2 2 2 2 2 2 5.7 4.84 -43.0 -1.9 -1.9 -1.9 -1.9 -1.9 -1.9 0.862 0.797 0.562 1.182 1.563 2.101 2 2 2 2 2 2
