2003-07-14T00:30:00 2003 7 14 0 30 0 -3.6 -1.6 524.0 3.3 1.86 2.43 3.47 1.15 2 2 2 2 2 2 2 2 2.0 2.53 -28.0 -1.6 -1.6 -1.6 -1.6 -1.6 -1.6 0.238 0.304 0.65 0.166 0.516 0.583 2 2 2 2 2 2
2003-07-14T01:30:00 2003 7 14 1 30 0 -3.5 -1.1 523.0 3.6 2.02 2.38 3.48 1.2 2 2 2 2 2 2 2 2 2.0 2.37 -29.0 -1.1 -1.1 -1.1 -1.1 -1.1 -1.1 0.28 0.35 0.641 0.2 0.554 0.669 2 2 2 2 2 2
2003-07-14T02:30:00 2003 7 14 2 30 0 -3.2 -0.5 512.0 3.6 1.92 1.69 2.01 0.72 2 2 2 2 2 2 2 2 2.0 2.33 -28.0 -0.5 -0.5 -0.5 -0.5 -0.5 -0.5 0.26 0.307 0.626 0.161 0.426 0.586 2 2 2 2 2 2
2003-07-14T03:30:00 2003 7 14 3 30 0 -2.8 -1.7 511.0 3.9 2.05 1.72 2.94 1.11 2 2 2 2 2 2 2 2 2.3 2.33 -28.0 -1.7 -1.7 -1.7 -1.7 -1.7 -1.7 0.298 0.363 0.617 0.203 0.546 0.706 2 2 2 2 2 2
2003-07-14T04:30:00 2003 7 14 4 30 0 -3.4 -2.8 514.0 4.2 2.24 3.15 5.89 2.4 2 2 2 2 2 2 2 2 2.3 2.33 -23.0 -2.8 -2.8 -2.8 -2.8 -2.8 -2.8 0.419 0.513 0.622 0.374 0.824 1.01 2 2 2 2 2 2
2003-07-14T05:30:00 2003 7 14 5 30 0 -3.8 -1.8 504.0 4.9 2.47 3.51 5.75 2.62 2 2 2 2 2 2 2 2 2.3 2.28 -24.0 -1.8 -1.8 -1.8 -1.8 -1.8 -1.8 0.488 0.574 0.624 0.436 0.858 1.175 2 2 2 2 2 2
2003-07-14T06:30:00 2003 7 14 6 30 0 -3.3 -1.1 514.0 5.7 3.01 2.41 3.62 1.92 2 2 2 2 2 2 2 2 2.7 2.29 -29.0 -1.1 -1.1 -1.1 -1.1 -1.1 -1.1 0.474 0.535 0.618 0.376 0.735 1.216 2 2 2 2 2 2
2003-07-14T07:30:00 2003 7 14 7 30 0 -1.3 0.5 468.0 5.3 2.35 0.7 0.84 0.47 2 2 2 2 2 2 2 2 2.7 2.3 -24.0 0.5 0.5 0.5 0.5 0.5 0.5 0.348 0.318 0.601 0.226 0.312 0.663 2 2 2 2 2 2
2003-07-14T08:30:00 2003 7 14 8 30 0 -4.2 -2.2 469.0 5.5 2.39 1.57 2.32 1.26 2 2 2 2 2 2 2 2 2.7 2.38 -24.0 -2.2 -2.2 -2.2 -2.2 -2.2 -2.2 0.362 0.395 0.592 0.252 0.514 0.853 2 2 2 2 2 2
2003-07-14T09:30:00 2003 7 14 9 30 0 -1.6 0.9 457.0 5.6 2.21 1.25 1.61 0.89 2 2 2 2 2 2 2 2 1.3 2.29 -24.0 0.9 0.9 0.9 0.9 0.9 0.9 0.293 0.28 0.577 0.178 0.28 0.551 2 2 2 2 2 2
2003-07-14T10:30:00 2003 7 14 10 30 0 1.5 -1.1 457.0 4.5 1.8 0.16 0.8 0.37 2 2 2 2 2 2 2 2 1.3 2.19 -21.0 -1.1 -1.1 -1.1 -1.1 -1.1 -1.1 0.247 0.248 0.562 0.136 0.278 0.476 2 2 2 2 2 2
2003-07-14T11:30:00 2003 7 14 11 30 0 0.9 4.9 463.0 6.8 2.89 0.08 0.13 0.06 2 2 2 2 2 2 2 2 1.3 2.06 -12.0 4.9 4.9 4.9 4.9 4.9 4.9 0.168 0.123 0.545 0.076 0.088 0.197 2 2 2 2 2 2
2003-07-14T12:30:00 2003 7 14 12 30 0 -5.6 3.9 485.0 8.9 4.21 0.32 0.0 0.0 2 2 2 2 2 2 2 2 3.0 2.16 -4.0 3.9 3.9 3.9 3.9 3.9 3.9 0.113 0.061 0.528 0.043 0.028 0.082 2 2 2 2 2 2
2003-07-14T13:30:00 2003 7 14 13 30 0 -5.5 -0.1 480.0 8.3 3.7 1.94 0.02 0.02 2 2 2 2 2 2 2 2 3.0 2.25 -7.0 -0.1 -0.1 -0.1 -0.1 -0.1 -0.1 0.082 0.047 0.512 0.026 0.04 0.127 2 2 2 2 2 2
2003-07-14T14:30:00 2003 7 14 14 30 0 -5.3 3.5 470.0 9.7 4.09 1.74 0.0 0.0 2 2 2 2 2 2 2 2 3.0 2.3 -10.0 3.5 3.5 3.5 3.5 3.5 3.5 0.055 0.024 0.497 0.014 0.013 0.053 2 2 2 2 2 2
2003-07-14T15:30:00 2003 7 14 15 30 0 -4.3 0.7 466.0 8.4 3.41 1.19 0.0 0.0 2 2 2 2 2 2 2 2 3.3 2.38 -13.0 0.7 0.7 0.7 0.7 0.7 0.7 0.037 0.012 0.482 0.008 0.004 0.022 2 2 2 2 2 2
2003-07-14T16:30:00 2003 7 14 16 30 0 -4.2 -2.6 472.0 6.9 2.83 2.65 2.67 1.94 2 2 2 2 2 2 2 2 3.3 2.46 -18.0 -2.6 -2.6 -2.6 -2.6 -2.6 -2.6 0.184 0.3 0.48 0.175 0.515 0.902 2 2 2 2 2 2
2003-07-14T17:30:00 2003 7 14 17 30 0 -4.8 -0.5 495.0 8.6 3.86 3.28 3.52 2.69 2 2 2 2 2 2 2 2 3.3 2.71 -14.0 -0.5 -0.5 -0.5 -0.5 -0.5 -0.5 0.27 0.413 0.477 0.228 0.597 1.329 2 2 2 2 2 2
2003-07-14T18:30:00 2003 7 14 18 30 0 -5.7 0.7 510.0 7.2 3.69 2.64 0.21 0.17 2 2 2 2 2 2 2 2 3.0 2.91 -11.0 0.7 0.7 0.7 0.7 0.7 0.7 0.19 0.221 0.463 0.131 0.212 0.627 2 2 2 2 2 2
2003-07-14T19:30:00 2003 7 14 19 30 0 -5.0 0.1 513.0 4.8 2.39 2.55 0.0 0.0 2 2 2 2 2 2 2 2 3.0 3.11 -21.0 0.1 0.1 0.1 0.1 0.1 0.1 0.129 0.11 0.449 0.073 0.067 0.26 2 2 2 2 2 2
2003-07-14T20:30:00 2003 7 14 20 30 0 -3.7 3.8 522.0 2.9 1.54 1.1 0.0 0.0 2 2 2 2 2 2 2 2 3.0 3.11 -33.0 3.8 3.8 3.8 3.8 3.8 3.8 0.087 0.055 0.435 0.041 0.021 0.108 2 2 2 2 2 2
2003-07-14T21:30:00 2003 7 14 21 30 0 -3.4 4.4 503.0 2.9 1.43 0.35 0.0 0.0 2 2 2 2 2 2 2 2 4.0 3.24 -25.0 4.4 4.4 4.4 4.4 4.4 4.4 0.059 0.027 0.422 0.023 0.007 0.045 2 2 2 2 2 2
2003-07-14T22:30:00 2003 7 14 22 30 0 -0.3 1.8 549.0 5.5 3.24 0.09 0.0 0.0 2 2 2 2 2 2 2 2 4.0 3.37 -12.0 1.8 1.8 1.8 1.8 1.8 1.8 0.04 0.013 0.409 0.013 0.002 0.019 2 2 2 2 2 2
2003-07-14T23:30:00 2003 7 14 23 30 0 2.0 -4.2 566.0 8.4 5.25 1.83 4.64 3.62 2 2 2 2 2 2 2 2 4.0 3.46 -9.0 -4.2 -4.2 -4.2 -4.2 -4.2 -4.2 0.294 0.411 0.432 0.399 0.935 1.854 2 2 2 2 2 2
