2003-07-30T00:30:00 2003 7 30 0 30 0 2.2 3.5 722.0 3.0 2.67 0.27 0.0 0.0 2 2 2 2 2 2 2 2 3.3 5.0 -45.0 3.5 3.5 3.5 3.5 3.5 3.5 0.364 0.169 0.775 0.292 0.209 0.435 2 2 2 2 2 2
2003-07-30T01:30:00 2003 7 30 1 30 0 1.3 0.2 754.0 2.8 2.72 0.16 0.0 0.0 2 2 2 2 2 2 2 2 3.3 4.78 -29.0 0.2 0.2 0.2 0.2 0.2 0.2 0.246 0.084 0.751 0.163 0.066 0.18 2 2 2 2 2 2
2003-07-30T02:30:00 2003 7 30 2 30 0 1.9 2.6 762.0 2.5 2.5 0.15 0.0 0.0 2 2 2 2 2 2 2 2 3.3 4.52 -23.0 2.6 2.6 2.6 2.6 2.6 2.6 0.167 0.042 0.729 0.091 0.021 0.075 2 2 2 2 2 2
2003-07-30T03:30:00 2003 7 30 3 30 0 1.9 2.7 754.0 2.1 2.07 0.13 0.0 0.0 2 2 2 2 2 2 2 2 4.0 4.36 -25.0 2.7 2.7 2.7 2.7 2.7 2.7 0.113 0.021 0.706 0.051 0.007 0.031 2 2 2 2 2 2
2003-07-30T04:30:00 2003 7 30 4 30 0 2.3 1.7 762.0 2.1 2.12 0.23 0.0 0.0 2 2 2 2 2 2 2 2 4.0 4.21 -23.0 1.7 1.7 1.7 1.7 1.7 1.7 0.076 0.01 0.685 0.029 0.002 0.013 2 2 2 2 2 2
2003-07-30T05:30:00 2003 7 30 5 30 0 -1.2 0.3 780.0 2.1 2.23 0.07 0.0 0.0 2 2 2 2 2 2 2 2 4.0 4.05 -24.0 0.3 0.3 0.3 0.3 0.3 0.3 0.052 0.005 0.664 0.016 0.001 0.005 2 2 2 2 2 2
2003-07-30T06:30:00 2003 7 30 6 30 0 -1.5 0.1 807.0 2.2 2.48 0.26 0.0 0.0 2 2 2 2 2 2 2 2 4.0 3.9 -19.0 0.1 0.1 0.1 0.1 0.1 0.1 0.035 0.003 0.644 0.009 0.0 0.002 2 2 2 2 2 2
2003-07-30T07:30:00 2003 7 30 7 30 0 1.9 -2.9 800.0 2.2 2.43 1.74 6.12 1.35 2 2 2 2 2 2 2 2 4.0 3.75 -21.0 -2.9 -2.9 -2.9 -2.9 -2.9 -2.9 0.216 0.227 0.661 0.268 0.88 0.812 2 2 2 2 2 2
2003-07-30T08:30:00 2003 7 30 8 30 0 1.2 -0.3 794.0 2.2 2.38 1.93 5.95 1.31 2 2 2 2 2 2 2 2 4.0 3.83 -29.0 -0.3 -0.3 -0.3 -0.3 -0.3 -0.3 0.275 0.266 0.665 0.292 0.811 0.901 2 2 2 2 2 2
2003-07-30T09:30:00 2003 7 30 9 30 0 0.9 -0.5 775.0 2.0 2.07 0.34 1.6 0.33 2 2 2 2 2 2 2 2 4.3 3.96 -28.0 -0.5 -0.5 -0.5 -0.5 -0.5 -0.5 0.238 0.214 0.65 0.199 0.548 0.696 2 2 2 2 2 2
2003-07-30T10:30:00 2003 7 30 10 30 0 3.1 -1.9 794.0 2.2 2.37 1.98 4.95 1.05 2 2 2 2 2 2 2 2 4.3 4.08 -22.0 -1.9 -1.9 -1.9 -1.9 -1.9 -1.9 0.31 0.293 0.655 0.285 0.871 0.946 2 2 2 2 2 2
2003-07-30T11:30:00 2003 7 30 11 30 0 2.5 -2.4 782.0 2.1 2.2 4.09 8.55 1.83 2 2 2 2 2 2 2 2 4.3 4.12 -23.0 -2.4 -2.4 -2.4 -2.4 -2.4 -2.4 0.431 0.396 0.68 0.459 1.195 1.206 2 2 2 2 2 2
2003-07-30T12:30:00 2003 7 30 12 30 0 5.0 -0.9 781.0 2.0 2.09 4.49 6.2 1.27 2 2 2 2 2 2 2 2 4.0 4.11 -18.0 -0.9 -0.9 -0.9 -0.9 -0.9 -0.9 0.437 0.372 0.684 0.419 0.994 1.074 2 2 2 2 2 2
2003-07-30T13:30:00 2003 7 30 13 30 0 4.3 -1.0 761.0 2.0 1.99 4.47 3.67 0.73 2 2 2 2 2 2 2 2 4.0 4.11 -19.0 -1.0 -1.0 -1.0 -1.0 -1.0 -1.0 0.398 0.323 0.677 0.33 0.797 0.899 2 2 2 2 2 2
2003-07-30T14:30:00 2003 7 30 14 30 0 2.2 -2.7 726.0 2.0 1.82 3.94 7.1 1.42 2 2 2 2 2 2 2 2 4.0 4.11 -22.0 -2.7 -2.7 -2.7 -2.7 -2.7 -2.7 0.464 0.393 0.691 0.441 1.043 1.0 2 2 2 2 2 2
2003-07-30T15:30:00 2003 7 30 15 30 0 2.4 -0.6 703.0 2.1 1.8 2.36 5.59 1.14 2 2 2 2 2 2 2 2 4.0 4.11 -25.0 -0.6 -0.6 -0.6 -0.6 -0.6 -0.6 0.441 0.357 0.69 0.381 0.821 0.852 2 2 2 2 2 2
2003-07-30T16:30:00 2003 7 30 16 30 0 4.5 -2.3 730.0 2.4 2.19 3.7 5.48 1.25 2 2 2 2 2 2 2 2 4.0 4.11 -23.0 -2.3 -2.3 -2.3 -2.3 -2.3 -2.3 0.468 0.393 0.696 0.419 0.974 1.005 2 2 2 2 2 2
2003-07-30T17:30:00 2003 7 30 17 30 0 3.2 0.4 750.0 2.4 2.31 3.23 3.26 0.78 2 2 2 2 2 2 2 2 4.0 4.07 -24.0 0.4 0.4 0.4 0.4 0.4 0.4 0.387 0.285 0.685 0.3 0.572 0.723 2 2 2 2 2 2
2003-07-30T18:30:00 2003 7 30 18 30 0 3.0 -1.1 752.0 2.2 2.14 1.85 1.69 0.38 2 2 2 2 2 2 2 2 4.3 4.08 -28.0 -1.1 -1.1 -1.1 -1.1 -1.1 -1.1 0.327 0.24 0.672 0.227 0.535 0.659 2 2 2 2 2 2
2003-07-30T19:30:00 2003 7 30 19 30 0 1.4 -2.5 755.0 2.3 2.25 2.74 7.0 1.58 2 2 2 2 2 2 2 2 4.3 4.08 -26.0 -2.5 -2.5 -2.5 -2.5 -2.5 -2.5 0.422 0.36 0.687 0.389 1.009 1.038 2 2 2 2 2 2
2003-07-30T20:30:00 2003 7 30 20 30 0 3.5 -2.1 762.0 2.0 2.01 3.94 8.66 1.86 2 2 2 2 2 2 2 2 4.3 4.12 -34.0 -2.1 -2.1 -2.1 -2.1 -2.1 -2.1 0.5 0.425 0.708 0.502 1.174 1.161 2 2 2 2 2 2
2003-07-30T21:30:00 2003 7 30 21 30 0 1.2 0.7 751.0 2.1 2.04 1.55 2.66 0.54 2 2 2 2 2 2 2 2 4.0 4.11 -41.0 0.7 0.7 0.7 0.7 0.7 0.7 0.387 0.27 0.695 0.326 0.545 0.66 2 2 2 2 2 2
2003-07-30T22:30:00 2003 7 30 22 30 0 0.0 1.8 749.0 2.1 2.03 0.02 0.0 0.0 2 2 2 2 2 2 2 2 4.0 4.11 -39.0 1.8 1.8 1.8 1.8 1.8 1.8 0.262 0.134 0.673 0.183 0.173 0.274 2 2 2 2 2 2
2003-07-30T23:30:00 2003 7 30 23 30 0 -1.3 -1.2 749.0 2.2 2.13 0.25 1.09 0.24 2 2 2 2 2 2 2 2 4.0 4.11 -31.0 -1.2 -1.2 -1.2 -1.2 -1.2 -1.2 0.228 0.142 0.659 0.151 0.337 0.383 2 2 2 2 2 2
