2003-12-24T00:30:00 2003 12 24 0 30 0 -4.0 0.0 495.0 2.4 1.17 1.4 0.34 0.09 2 2 2 2 2 2 2 2 1.0 1.9 -3.0 0.0 0.0 0.0 0.0 0.0 0.0 0.175 0.159 0.22 0.083 0.15 0.197 2 2 2 2 2 2
2003-12-24T01:30:00 2003 12 24 1 30 0 -2.7 0.2 485.0 2.3 1.07 1.05 0.0 0.0 2 2 2 2 2 2 2 2 1.0 1.73 -5.0 0.2 0.2 0.2 0.2 0.2 0.2 0.119 0.079 0.214 0.046 0.047 0.082 2 2 2 2 2 2
2003-12-24T02:30:00 2003 12 24 2 30 0 -2.5 -0.6 483.0 2.4 1.14 0.78 0.6 0.14 2 2 2 2 2 2 2 2 1.0 1.57 -7.0 -0.6 -0.6 -0.6 -0.6 -0.6 -0.6 0.108 0.102 0.208 0.042 0.134 0.133 2 2 2 2 2 2
2003-12-24T03:30:00 2003 12 24 3 30 0 -2.5 0.0 484.0 2.6 1.22 0.75 0.66 0.16 2 2 2 2 2 2 2 2 2.0 1.54 -8.0 0.0 0.0 0.0 0.0 0.0 0.0 0.092 0.092 0.203 0.032 0.108 0.122 2 2 2 2 2 2
2003-12-24T04:30:00 2003 12 24 4 30 0 -1.5 0.4 476.0 2.6 1.18 0.34 0.0 0.0 2 2 2 2 2 2 2 2 2.0 1.51 -6.0 0.4 0.4 0.4 0.4 0.4 0.4 0.063 0.046 0.197 0.018 0.034 0.05 2 2 2 2 2 2
2003-12-24T05:30:00 2003 12 24 5 30 0 0.0 1.3 477.0 2.7 1.22 0.03 0.0 0.0 2 2 2 2 2 2 2 2 2.0 1.56 0.0 1.3 1.3 1.3 1.3 1.3 1.3 0.042 0.023 0.191 0.01 0.011 0.021 2 2 2 2 2 2
2003-12-24T06:30:00 2003 12 24 6 30 0 0.5 0.7 473.0 2.6 1.19 0.0 0.0 0.0 2 2 2 2 2 2 2 2 1.0 1.47 2.0 0.7 0.7 0.7 0.7 0.7 0.7 0.029 0.011 0.185 0.006 0.003 0.009 2 2 2 2 2 2
2003-12-24T07:30:00 2003 12 24 7 30 0 -0.1 1.6 470.0 2.5 1.12 0.0 0.0 0.0 2 2 2 2 2 2 2 2 1.0 1.38 0.0 1.6 1.6 1.6 1.6 1.6 1.6 0.019 0.006 0.179 0.003 0.001 0.004 2 2 2 2 2 2
2003-12-24T08:30:00 2003 12 24 8 30 0 1.5 1.7 468.0 2.5 1.11 0.02 0.0 0.0 2 2 2 2 2 2 2 2 1.0 1.37 -1.0 1.7 1.7 1.7 1.7 1.7 1.7 0.013 0.003 0.174 0.002 0.0 0.001 2 2 2 2 2 2
2003-12-24T09:30:00 2003 12 24 9 30 0 0.3 2.0 465.0 2.5 1.11 0.02 0.0 0.0 2 2 2 2 2 2 2 2 0.7 1.33 1.0 2.0 2.0 2.0 2.0 2.0 2.0 0.009 0.001 0.168 0.001 0.0 0.001 2 2 2 2 2 2
2003-12-24T10:30:00 2003 12 24 10 30 0 -0.3 1.5 458.0 2.6 1.13 0.0 0.0 0.0 2 2 2 2 2 2 2 2 0.7 1.28 5.0 1.5 1.5 1.5 1.5 1.5 1.5 0.006 0.001 0.163 0.001 0.0 0.0 2 2 2 2 2 2
2003-12-24T11:30:00 2003 12 24 11 30 0 -1.9 0.4 454.0 2.8 1.2 0.08 0.0 0.0 2 2 2 2 2 2 2 2 0.7 1.12 8.0 0.4 0.4 0.4 0.4 0.4 0.4 0.004 0.0 0.158 0.0 0.0 0.0 2 2 2 2 2 2
2003-12-24T12:30:00 2003 12 24 12 30 0 -0.7 -0.5 443.0 3.3 1.35 0.18 0.36 0.11 2 2 2 2 2 2 2 2 1.7 1.1 7.0 -0.5 -0.5 -0.5 -0.5 -0.5 -0.5 0.024 0.055 0.154 0.011 0.092 0.096 2 2 2 2 2 2
2003-12-24T13:30:00 2003 12 24 13 30 0 -1.1 0.7 443.0 3.3 1.38 0.07 0.18 0.06 2 2 2 2 2 2 2 2 1.7 1.07 5.0 0.7 0.7 0.7 0.7 0.7 0.7 0.021 0.038 0.15 0.008 0.042 0.057 2 2 2 2 2 2
2003-12-24T14:30:00 2003 12 24 14 30 0 -0.5 2.7 438.0 2.7 1.14 0.01 0.0 0.0 2 2 2 2 2 2 2 2 1.7 1.16 5.0 2.7 2.7 2.7 2.7 2.7 2.7 0.014 0.019 0.145 0.004 0.013 0.024 2 2 2 2 2 2
2003-12-24T15:30:00 2003 12 24 15 30 0 -1.8 -2.3 449.0 3.3 1.47 0.46 1.41 0.45 2 2 2 2 2 2 2 2 2.7 1.38 5.0 -2.3 -2.3 -2.3 -2.3 -2.3 -2.3 0.081 0.143 0.146 0.077 0.242 0.2 2 2 2 2 2 2
2003-12-24T16:30:00 2003 12 24 16 30 0 -1.0 -2.8 450.0 3.3 1.45 2.04 5.78 1.91 2 2 2 2 2 2 2 2 2.7 1.6 1.0 -2.8 -2.8 -2.8 -2.8 -2.8 -2.8 0.248 0.38 0.16 0.264 0.581 0.492 2 2 2 2 2 2
2003-12-24T17:30:00 2003 12 24 17 30 0 -1.9 -0.6 429.0 2.7 1.06 1.11 3.55 1.08 2 2 2 2 2 2 2 2 2.7 1.85 -1.0 -0.6 -0.6 -0.6 -0.6 -0.6 -0.6 0.269 0.366 0.162 0.237 0.448 0.421 2 2 2 2 2 2
2003-12-24T18:30:00 2003 12 24 18 30 0 0.1 0.9 420.0 2.2 0.82 0.11 0.2 0.05 2 2 2 2 2 2 2 2 1.7 1.96 -2.0 0.9 0.9 0.9 0.9 0.9 0.9 0.187 0.192 0.158 0.134 0.154 0.187 2 2 2 2 2 2
2003-12-24T19:30:00 2003 12 24 19 30 0 -2.0 -0.6 423.0 2.7 1.08 0.17 0.31 0.08 2 2 2 2 2 2 2 2 1.7 2.08 0.0 -0.6 -0.6 -0.6 -0.6 -0.6 -0.6 0.145 0.142 0.153 0.086 0.124 0.138 2 2 2 2 2 2
2003-12-24T20:30:00 2003 12 24 20 30 0 -1.9 -1.9 423.0 3.1 1.25 0.97 2.76 0.81 2 2 2 2 2 2 2 2 1.7 2.07 1.0 -1.9 -1.9 -1.9 -1.9 -1.9 -1.9 0.204 0.268 0.156 0.142 0.338 0.286 2 2 2 2 2 2
2003-12-24T21:30:00 2003 12 24 21 30 0 -0.9 -3.3 423.0 3.4 1.37 2.06 5.62 1.84 2 2 2 2 2 2 2 2 2.3 2.15 1.0 -3.3 -3.3 -3.3 -3.3 -3.3 -3.3 0.334 0.455 0.168 0.306 0.594 0.489 2 2 2 2 2 2
2003-12-24T22:30:00 2003 12 24 22 30 0 -0.9 -2.1 413.0 3.2 1.23 1.86 5.54 1.83 2 2 2 2 2 2 2 2 2.3 2.22 -3.0 -2.1 -2.1 -2.1 -2.1 -2.1 -2.1 0.4 0.517 0.178 0.359 0.606 0.525 2 2 2 2 2 2
2003-12-24T23:30:00 2003 12 24 23 30 0 -0.1 -1.4 408.0 3.3 1.23 0.78 3.53 1.15 2 2 2 2 2 2 2 2 2.3 2.17 -5.0 -1.4 -1.4 -1.4 -1.4 -1.4 -1.4 0.39 0.475 0.18 0.307 0.497 0.466 2 2 2 2 2 2
