2003-05-05T00:30:00 2003 5 5 0 30 0 -1.1 9.2 426.0 10.5 3.51 0.0 0.0 0.0 2 2 2 2 2 2 2 2 1.3 1.24 12.0 9.2 9.2 9.2 9.2 9.2 9.2 0.007 0.001 0.197 0.001 0.0 0.001 2 2 2 2 2 2
2003-05-05T01:30:00 2003 5 5 1 30 0 5.4 5.2 420.0 10.4 3.32 0.18 0.0 0.0 2 2 2 2 2 2 2 2 1.3 1.19 9.0 5.2 5.2 5.2 5.2 5.2 5.2 0.005 0.001 0.191 0.001 0.0 0.0 2 2 2 2 2 2
2003-05-05T02:30:00 2003 5 5 2 30 0 8.1 5.0 419.0 11.2 3.48 1.47 0.0 0.0 2 2 2 2 2 2 2 2 1.3 1.23 6.0 5.0 5.0 5.0 5.0 5.0 5.0 0.003 0.0 0.185 0.0 0.0 0.0 2 2 2 2 2 2
2003-05-05T03:30:00 2003 5 5 3 30 0 3.9 11.0 423.0 13.9 4.59 0.75 0.0 0.0 2 2 2 2 2 2 2 2 2.3 1.4 10.0 11.0 11.0 11.0 11.0 11.0 11.0 0.002 0.0 0.179 0.0 0.0 0.0 2 2 2 2 2 2
2003-05-05T04:30:00 2003 5 5 4 30 0 -0.1 12.1 422.0 13.6 4.51 0.03 0.0 0.0 2 2 2 2 2 2 2 2 2.3 1.56 12.0 12.1 12.1 12.1 12.1 12.1 12.1 0.001 0.0 0.174 0.0 0.0 0.0 2 2 2 2 2 2
2003-05-05T05:30:00 2003 5 5 5 30 0 9.1 3.6 430.0 8.0 2.65 0.96 0.0 0.0 2 2 2 2 2 2 2 2 2.3 1.69 9.0 3.6 3.6 3.6 3.6 3.6 3.6 0.001 0.0 0.168 0.0 0.0 0.0 2 2 2 2 2 2
2003-05-05T06:30:00 2003 5 5 6 30 0 7.8 5.0 440.0 7.2 2.56 2.78 0.0 0.0 2 2 2 2 2 2 2 2 1.7 1.74 10.0 5.0 5.0 5.0 5.0 5.0 5.0 0.001 0.0 0.163 0.0 0.0 0.0 2 2 2 2 2 2
2003-05-05T07:30:00 2003 5 5 7 30 0 6.4 3.8 451.0 8.2 3.15 1.83 0.0 0.0 2 2 2 2 2 2 2 2 1.7 1.78 11.0 3.8 3.8 3.8 3.8 3.8 3.8 0.0 0.0 0.158 0.0 0.0 0.0 2 2 2 2 2 2
2003-05-05T08:30:00 2003 5 5 8 30 0 6.2 3.4 442.0 8.7 3.24 1.57 0.0 0.0 2 2 2 2 2 2 2 2 1.7 1.83 10.0 3.4 3.4 3.4 3.4 3.4 3.4 0.0 0.0 0.153 0.0 0.0 0.0 2 2 2 2 2 2
2003-05-05T09:30:00 2003 5 5 9 30 0 3.4 2.6 443.0 9.0 3.33 0.87 0.0 0.0 2 2 2 2 2 2 2 2 1.7 1.87 11.0 2.6 2.6 2.6 2.6 2.6 2.6 0.0 0.0 0.149 0.0 0.0 0.0 2 2 2 2 2 2
2003-05-05T10:30:00 2003 5 5 10 30 0 5.6 0.3 434.0 9.7 3.47 1.3 0.0 0.0 2 2 2 2 2 2 2 2 1.7 1.92 14.0 0.3 0.3 0.3 0.3 0.3 0.3 0.0 0.0 0.144 0.0 0.0 0.0 2 2 2 2 2 2
2003-05-05T11:30:00 2003 5 5 11 30 0 9.5 0.9 457.0 7.1 2.73 4.44 0.0 0.0 2 2 2 2 2 2 2 2 1.7 1.84 12.0 0.9 0.9 0.9 0.9 0.9 0.9 0.0 0.0 0.14 0.0 0.0 0.0 2 2 2 2 2 2
2003-05-05T12:30:00 2003 5 5 12 30 0 9.5 6.0 517.0 6.3 3.03 4.67 0.0 0.0 2 2 2 2 2 2 2 2 2.3 1.85 11.0 6.0 6.0 6.0 6.0 6.0 6.0 0.0 0.0 0.136 0.0 0.0 0.0 2 2 2 2 2 2
2003-05-05T13:30:00 2003 5 5 13 30 0 8.1 6.9 541.0 6.8 3.67 2.82 0.0 0.0 2 2 2 2 2 2 2 2 2.3 1.86 19.0 6.9 6.9 6.9 6.9 6.9 6.9 0.0 0.0 0.131 0.0 0.0 0.0 2 2 2 2 2 2
2003-05-05T14:30:00 2003 5 5 14 30 0 10.3 2.3 571.0 6.6 4.04 4.72 0.0 0.0 2 2 2 2 2 2 2 2 2.3 1.93 22.0 2.3 2.3 2.3 2.3 2.3 2.3 0.0 0.0 0.127 0.0 0.0 0.0 2 2 2 2 2 2
2003-05-05T15:30:00 2003 5 5 15 30 0 9.1 -2.0 587.0 7.9 5.42 9.82 1.61 1.25 2 2 2 2 2 2 2 2 4.3 2.27 21.0 -2.0 -2.0 -2.0 -2.0 -2.0 -2.0 0.111 0.191 0.135 0.126 0.475 1.042 2 2 2 2 2 2
2003-05-05T16:30:00 2003 5 5 16 30 0 8.8 7.4 606.0 8.5 6.36 5.87 0.4 0.32 2 2 2 2 2 2 2 2 4.3 2.6 14.0 7.4 7.4 7.4 7.4 7.4 7.4 0.075 0.095 0.131 0.07 0.15 0.432 2 2 2 2 2 2
2003-05-05T17:30:00 2003 5 5 17 30 0 6.5 5.3 594.0 8.9 6.4 2.24 0.0 0.0 2 2 2 2 2 2 2 2 4.3 2.93 21.0 5.3 5.3 5.3 5.3 5.3 5.3 0.051 0.047 0.127 0.039 0.048 0.179 2 2 2 2 2 2
2003-05-05T18:30:00 2003 5 5 18 30 0 3.4 8.0 628.0 9.4 7.01 0.71 0.0 0.0 2 2 2 2 2 2 2 2 4.0 3.22 26.0 8.0 8.0 8.0 8.0 8.0 8.0 0.034 0.023 0.123 0.022 0.015 0.074 2 2 2 2 2 2
2003-05-05T19:30:00 2003 5 5 19 30 0 2.5 9.2 642.0 9.5 7.25 0.12 0.0 0.0 2 2 2 2 2 2 2 2 4.0 3.5 19.0 9.2 9.2 9.2 9.2 9.2 9.2 0.023 0.012 0.119 0.012 0.005 0.031 2 2 2 2 2 2
2003-05-05T20:30:00 2003 5 5 20 30 0 7.6 4.0 611.0 9.6 6.73 1.17 0.0 0.0 2 2 2 2 2 2 2 2 4.0 3.7 19.0 4.0 4.0 4.0 4.0 4.0 4.0 0.016 0.006 0.115 0.007 0.002 0.013 2 2 2 2 2 2
2003-05-05T21:30:00 2003 5 5 21 30 0 2.0 9.9 614.0 9.9 6.98 0.8 0.0 0.0 2 2 2 2 2 2 2 2 3.7 3.87 10.0 9.9 9.9 9.9 9.9 9.9 9.9 0.011 0.003 0.112 0.004 0.0 0.005 2 2 2 2 2 2
2003-05-05T22:30:00 2003 5 5 22 30 0 3.7 7.4 611.0 10.6 7.32 0.13 0.0 0.0 2 2 2 2 2 2 2 2 3.7 4.03 13.0 7.4 7.4 7.4 7.4 7.4 7.4 0.007 0.001 0.109 0.002 0.0 0.002 2 2 2 2 2 2
2003-05-05T23:30:00 2003 5 5 23 30 0 6.2 3.7 633.0 10.5 7.73 1.02 0.0 0.0 2 2 2 2 2 2 2 2 3.7 3.96 7.0 3.7 3.7 3.7 3.7 3.7 3.7 0.005 0.001 0.105 0.001 0.0 0.001 2 2 2 2 2 2
