2003-09-10T00:30:00 2003 9 10 0 30 0 -5.4 2.8 621.0 4.0 2.67 2.77 4.42 1.7 2 2 2 2 2 2 2 2 5.0 4.43 -42.0 2.8 2.8 2.8 2.8 2.8 2.8 0.527 0.457 0.199 0.568 0.698 1.051 2 2 2 2 2 2
2003-09-10T01:30:00 2003 9 10 1 30 0 -0.7 7.1 630.0 3.1 2.14 0.37 0.0 0.0 2 2 2 2 2 2 2 2 5.0 4.63 -33.0 7.1 7.1 7.1 7.1 7.1 7.1 0.357 0.227 0.193 0.318 0.221 0.436 2 2 2 2 2 2
2003-09-10T02:30:00 2003 9 10 2 30 0 -1.1 6.1 640.0 3.3 2.49 0.01 0.0 0.0 2 2 2 2 2 2 2 2 5.0 4.72 -22.0 6.1 6.1 6.1 6.1 6.1 6.1 0.242 0.113 0.187 0.178 0.07 0.181 2 2 2 2 2 2
2003-09-10T03:30:00 2003 9 10 3 30 0 1.3 5.8 620.0 3.6 2.5 0.0 0.0 0.0 2 2 2 2 2 2 2 2 2.0 4.41 -22.0 5.8 5.8 5.8 5.8 5.8 5.8 0.164 0.056 0.181 0.1 0.022 0.075 2 2 2 2 2 2
2003-09-10T04:30:00 2003 9 10 4 30 0 -0.8 2.3 614.0 4.0 2.66 0.0 0.0 0.0 2 2 2 2 2 2 2 2 2.0 4.11 -24.0 2.3 2.3 2.3 2.3 2.3 2.3 0.111 0.028 0.175 0.056 0.007 0.031 2 2 2 2 2 2
2003-09-10T05:30:00 2003 9 10 5 30 0 -1.2 3.0 611.0 4.0 2.61 0.02 0.0 0.0 2 2 2 2 2 2 2 2 2.0 3.76 -26.0 3.0 3.0 3.0 3.0 3.0 3.0 0.075 0.014 0.17 0.031 0.002 0.013 2 2 2 2 2 2
2003-09-10T06:30:00 2003 9 10 6 30 0 -2.6 1.7 627.0 2.9 2.06 0.16 0.0 0.0 2 2 2 2 2 2 2 2 2.3 3.46 -25.0 1.7 1.7 1.7 1.7 1.7 1.7 0.051 0.007 0.165 0.018 0.001 0.005 2 2 2 2 2 2
2003-09-10T07:30:00 2003 9 10 7 30 0 -4.2 4.5 666.0 2.5 2.01 0.52 0.0 0.0 2 2 2 2 2 2 2 2 2.3 3.16 -20.0 4.5 4.5 4.5 4.5 4.5 4.5 0.034 0.003 0.16 0.01 0.0 0.002 2 2 2 2 2 2
2003-09-10T08:30:00 2003 9 10 8 30 0 -2.0 -1.2 659.0 2.6 2.07 0.78 0.6 0.16 2 2 2 2 2 2 2 2 2.3 2.84 -18.0 -1.2 -1.2 -1.2 -1.2 -1.2 -1.2 0.058 0.058 0.159 0.041 0.178 0.168 2 2 2 2 2 2
2003-09-10T09:30:00 2003 9 10 9 30 0 -2.6 -2.9 674.0 2.8 2.34 3.02 7.08 1.93 2 2 2 2 2 2 2 2 4.7 2.83 -20.0 -2.9 -2.9 -2.9 -2.9 -2.9 -2.9 0.26 0.31 0.189 0.315 0.883 0.859 2 2 2 2 2 2
2003-09-10T10:30:00 2003 9 10 10 30 0 -1.5 2.8 662.0 2.9 2.34 1.04 2.08 0.59 2 2 2 2 2 2 2 2 4.7 2.82 -28.0 2.8 2.8 2.8 2.8 2.8 2.8 0.211 0.198 0.189 0.209 0.384 0.492 2 2 2 2 2 2
2003-09-10T11:30:00 2003 9 10 11 30 0 -2.9 2.9 660.0 3.0 2.42 0.19 0.0 0.0 2 2 2 2 2 2 2 2 4.7 3.16 -22.0 2.9 2.9 2.9 2.9 2.9 2.9 0.143 0.098 0.183 0.117 0.122 0.204 2 2 2 2 2 2
2003-09-10T12:30:00 2003 9 10 12 30 0 -3.9 3.3 660.0 2.8 2.26 0.54 0.0 0.0 2 2 2 2 2 2 2 2 3.0 3.27 -17.0 3.3 3.3 3.3 3.3 3.3 3.3 0.097 0.049 0.177 0.065 0.039 0.085 2 2 2 2 2 2
2003-09-10T13:30:00 2003 9 10 13 30 0 -6.4 1.2 658.0 2.8 2.27 2.15 0.0 0.0 2 2 2 2 2 2 2 2 3.0 3.39 -10.0 1.2 1.2 1.2 1.2 1.2 1.2 0.065 0.024 0.172 0.037 0.012 0.035 2 2 2 2 2 2
2003-09-10T14:30:00 2003 9 10 14 30 0 -4.4 1.7 641.0 3.0 2.29 2.46 0.0 0.0 2 2 2 2 2 2 2 2 3.0 3.47 -12.0 1.7 1.7 1.7 1.7 1.7 1.7 0.044 0.012 0.167 0.021 0.004 0.015 2 2 2 2 2 2
2003-09-10T15:30:00 2003 9 10 15 30 0 -4.2 2.3 665.0 2.6 2.1 1.27 0.0 0.0 2 2 2 2 2 2 2 2 3.0 3.54 -12.0 2.3 2.3 2.3 2.3 2.3 2.3 0.03 0.006 0.161 0.011 0.001 0.006 2 2 2 2 2 2
2003-09-10T16:30:00 2003 9 10 16 30 0 -2.8 2.1 673.0 2.9 2.4 0.72 0.0 0.0 2 2 2 2 2 2 2 2 3.0 3.62 -10.0 2.1 2.1 2.1 2.1 2.1 2.1 0.02 0.003 0.157 0.006 0.0 0.003 2 2 2 2 2 2
2003-09-10T17:30:00 2003 9 10 17 30 0 -3.8 -1.1 663.0 2.8 2.24 1.48 0.78 0.22 2 2 2 2 2 2 2 2 3.0 3.41 -11.0 -1.1 -1.1 -1.1 -1.1 -1.1 -1.1 0.057 0.075 0.156 0.042 0.229 0.252 2 2 2 2 2 2
2003-09-10T18:30:00 2003 9 10 18 30 0 -2.7 -0.5 673.0 2.6 2.16 2.06 2.59 0.7 2 2 2 2 2 2 2 2 3.7 3.29 -17.0 -0.5 -0.5 -0.5 -0.5 -0.5 -0.5 0.117 0.16 0.159 0.084 0.409 0.497 2 2 2 2 2 2
2003-09-10T19:30:00 2003 9 10 19 30 0 -3.5 -0.8 650.0 2.8 2.18 1.85 2.19 0.59 2 2 2 2 2 2 2 2 3.7 3.18 -21.0 -0.8 -0.8 -0.8 -0.8 -0.8 -0.8 0.156 0.204 0.161 0.107 0.475 0.603 2 2 2 2 2 2
2003-09-10T20:30:00 2003 9 10 20 30 0 -1.9 -1.1 637.0 2.6 1.95 1.65 3.09 0.83 2 2 2 2 2 2 2 2 3.7 3.27 -26.0 -1.1 -1.1 -1.1 -1.1 -1.1 -1.1 0.207 0.258 0.167 0.15 0.569 0.684 2 2 2 2 2 2
2003-09-10T21:30:00 2003 9 10 21 30 0 -4.9 -0.7 625.0 2.3 1.65 2.4 2.79 0.68 2 2 2 2 2 2 2 2 3.0 3.27 -27.0 -0.7 -0.7 -0.7 -0.7 -0.7 -0.7 0.223 0.258 0.169 0.151 0.514 0.61 2 2 2 2 2 2
2003-09-10T22:30:00 2003 9 10 22 30 0 -3.8 1.2 644.0 2.4 1.83 2.18 0.32 0.07 2 2 2 2 2 2 2 2 3.0 3.26 -26.0 1.2 1.2 1.2 1.2 1.2 1.2 0.157 0.138 0.165 0.087 0.184 0.281 2 2 2 2 2 2
2003-09-10T23:30:00 2003 9 10 23 30 0 -4.9 -0.4 646.0 2.4 1.87 2.29 0.22 0.05 2 2 2 2 2 2 2 2 3.0 3.26 -22.0 -0.4 -0.4 -0.4 -0.4 -0.4 -0.4 0.119 0.094 0.16 0.057 0.137 0.197 2 2 2 2 2 2
