2003-10-20T00:30:00 2003 10 20 0 30 0 4.4 0.6 595.0 4.0 2.69 3.26 0.48 0.2 2 2 2 2 2 2 2 2 3.7 5.02 -49.0 0.6 0.6 0.6 0.6 0.6 0.6 0.396 0.216 0.863 0.228 0.207 0.522 2 2 2 2 2 2
2003-10-20T01:30:00 2003 10 20 1 30 0 3.8 0.8 596.0 4.2 2.85 1.54 0.0 0.0 2 2 2 2 2 2 2 2 3.7 4.88 -44.0 0.8 0.8 0.8 0.8 0.8 0.8 0.268 0.107 0.837 0.128 0.066 0.216 2 2 2 2 2 2
2003-10-20T02:30:00 2003 10 20 2 30 0 2.5 0.8 590.0 4.4 2.95 0.82 0.0 0.0 2 2 2 2 2 2 2 2 3.7 4.68 -40.0 0.8 0.8 0.8 0.8 0.8 0.8 0.182 0.053 0.811 0.072 0.021 0.09 2 2 2 2 2 2
2003-10-20T03:30:00 2003 10 20 3 30 0 4.4 0.0 601.0 4.5 3.08 1.35 0.0 0.0 2 2 2 2 2 2 2 2 3.0 4.39 -40.0 0.0 0.0 0.0 0.0 0.0 0.0 0.123 0.026 0.787 0.04 0.007 0.037 2 2 2 2 2 2
2003-10-20T04:30:00 2003 10 20 4 30 0 4.8 -0.1 584.0 4.0 2.53 2.54 0.16 0.07 2 2 2 2 2 2 2 2 3.0 4.1 -40.0 -0.1 -0.1 -0.1 -0.1 -0.1 -0.1 0.094 0.043 0.763 0.025 0.071 0.163 2 2 2 2 2 2
2003-10-20T05:30:00 2003 10 20 5 30 0 6.1 2.8 577.0 4.2 2.5 2.36 0.0 0.0 2 2 2 2 2 2 2 2 3.0 3.81 -35.0 2.8 2.8 2.8 2.8 2.8 2.8 0.063 0.022 0.74 0.014 0.022 0.067 2 2 2 2 2 2
2003-10-20T06:30:00 2003 10 20 6 30 0 5.9 0.8 570.0 4.3 2.51 2.65 0.0 0.0 2 2 2 2 2 2 2 2 5.0 3.79 -29.0 0.8 0.8 0.8 0.8 0.8 0.8 0.043 0.011 0.717 0.008 0.007 0.028 2 2 2 2 2 2
2003-10-20T07:30:00 2003 10 20 7 30 0 0.3 -2.9 540.0 3.9 2.02 2.16 3.45 1.38 2 2 2 2 2 2 2 2 5.0 3.77 -31.0 -2.9 -2.9 -2.9 -2.9 -2.9 -2.9 0.184 0.252 0.712 0.188 0.55 0.638 2 2 2 2 2 2
2003-10-20T08:30:00 2003 10 20 8 30 0 -1.7 -4.2 538.0 3.9 1.98 4.21 9.71 3.79 2 2 2 2 2 2 2 2 5.0 3.94 -40.0 -4.2 -4.2 -4.2 -4.2 -4.2 -4.2 0.45 0.564 0.737 0.578 1.102 1.212 2 2 2 2 2 2
2003-10-20T09:30:00 2003 10 20 9 30 0 1.9 -2.0 534.0 3.4 1.75 3.13 8.06 2.95 2 2 2 2 2 2 2 2 4.3 4.02 -44.0 -2.0 -2.0 -2.0 -2.0 -2.0 -2.0 0.544 0.615 0.746 0.625 1.03 1.191 2 2 2 2 2 2
2003-10-20T10:30:00 2003 10 20 10 30 0 1.1 -1.5 529.0 3.5 1.77 1.35 4.59 1.59 2 2 2 2 2 2 2 2 4.3 4.09 -45.0 -1.5 -1.5 -1.5 -1.5 -1.5 -1.5 0.52 0.544 0.738 0.504 0.808 0.999 2 2 2 2 2 2
2003-10-20T11:30:00 2003 10 20 11 30 0 2.9 -1.3 536.0 3.4 1.79 1.37 3.71 1.28 2 2 2 2 2 2 2 2 4.3 4.25 -37.0 -1.3 -1.3 -1.3 -1.3 -1.3 -1.3 0.48 0.479 0.727 0.402 0.681 0.871 2 2 2 2 2 2
2003-10-20T12:30:00 2003 10 20 12 30 0 5.6 -3.1 553.0 4.1 2.3 4.75 6.21 2.38 2 2 2 2 2 2 2 2 4.0 4.36 -34.0 -3.1 -3.1 -3.1 -3.1 -3.1 -3.1 0.554 0.572 0.733 0.513 0.944 1.161 2 2 2 2 2 2
2003-10-20T13:30:00 2003 10 20 13 30 0 1.9 -3.0 560.0 4.5 2.62 5.28 8.48 3.66 2 2 2 2 2 2 2 2 4.0 4.48 -42.0 -3.0 -3.0 -3.0 -3.0 -3.0 -3.0 0.666 0.686 0.751 0.678 1.176 1.543 2 2 2 2 2 2
2003-10-20T14:30:00 2003 10 20 14 30 0 -2.4 -0.7 564.0 5.8 3.39 1.47 4.93 2.49 2 2 2 2 2 2 2 2 4.0 4.35 -43.0 -0.7 -0.7 -0.7 -0.7 -0.7 -0.7 0.618 0.6 0.747 0.55 0.913 1.544 2 2 2 2 2 2
2003-10-20T15:30:00 2003 10 20 15 30 0 -2.5 -4.0 582.0 5.8 3.6 3.45 7.16 4.15 2 2 2 2 2 2 2 2 4.3 4.27 -40.0 -4.0 -4.0 -4.0 -4.0 -4.0 -4.0 0.733 0.744 0.769 0.753 1.325 2.264 2 2 2 2 2 2
2003-10-20T16:30:00 2003 10 20 16 30 0 -2.0 1.7 602.0 6.4 4.32 1.8 3.65 2.17 2 2 2 2 2 2 2 2 4.3 4.19 -35.0 1.7 1.7 1.7 1.7 1.7 1.7 0.596 0.504 0.76 0.53 0.685 1.469 2 2 2 2 2 2
2003-10-20T17:30:00 2003 10 20 17 30 0 1.0 0.6 609.0 6.8 4.78 0.04 0.0 0.0 2 2 2 2 2 2 2 2 4.3 4.19 -27.0 0.6 0.6 0.6 0.6 0.6 0.6 0.403 0.25 0.736 0.297 0.217 0.609 2 2 2 2 2 2
2003-10-20T18:30:00 2003 10 20 18 30 0 1.5 -0.9 607.0 7.4 5.15 0.32 0.94 0.68 2 2 2 2 2 2 2 2 5.0 4.28 -23.0 -0.9 -0.9 -0.9 -0.9 -0.9 -0.9 0.339 0.255 0.719 0.218 0.398 1.081 2 2 2 2 2 2
2003-10-20T19:30:00 2003 10 20 19 30 0 2.1 1.0 658.0 6.2 5.07 0.44 0.55 0.39 2 2 2 2 2 2 2 2 5.0 4.37 -24.0 1.0 1.0 1.0 1.0 1.0 1.0 0.244 0.153 0.698 0.131 0.176 0.606 2 2 2 2 2 2
2003-10-20T20:30:00 2003 10 20 20 30 0 0.0 -6.3 663.0 5.4 4.33 5.07 9.88 5.54 2 2 2 2 2 2 2 2 5.0 4.5 -34.0 -6.3 -6.3 -6.3 -6.3 -6.3 -6.3 0.601 0.609 0.765 0.851 1.6 2.703 2 2 2 2 2 2
2003-10-20T21:30:00 2003 10 20 21 30 0 3.2 2.5 687.0 4.8 4.18 3.41 6.69 3.51 2 2 2 2 2 2 2 2 5.7 4.72 -57.0 2.5 2.5 2.5 2.5 2.5 2.5 0.564 0.48 0.775 0.698 0.936 1.893 2 2 2 2 2 2
2003-10-20T22:30:00 2003 10 20 22 30 0 3.3 -3.1 678.0 4.8 4.07 2.47 3.37 1.62 2 2 2 2 2 2 2 2 5.7 4.93 -50.0 -3.1 -3.1 -3.1 -3.1 -3.1 -3.1 0.552 0.479 0.777 0.626 1.041 1.945 2 2 2 2 2 2
2003-10-20T23:30:00 2003 10 20 23 30 0 2.2 5.6 675.0 4.8 3.99 1.12 1.45 0.7 2 2 2 2 2 2 2 2 5.7 5.1 -41.0 5.6 5.6 5.6 5.6 5.6 5.6 0.401 0.275 0.757 0.373 0.414 0.984 2 2 2 2 2 2
