2003-12-19T00:30:00 2003 12 19 0 30 0 2.5 -1.0 346.0 3.1 1.69 0.52 1.02 0.3 2 2 2 1 1 2 2 2 0.0 0.08 2.0 -1.0 -1.0 -1.0 -1.0 -1.0 -1.0 0.05 0.12 0.102 0.029 0.134 0.098 1 1 2 1 1 1
2003-12-19T01:30:00 2003 12 19 1 30 0 3.6 0.1 345.0 3.65 2.19 0.84 0.71 0.23 2 2 2 1 1 2 2 2 0.0 0.0 4.0 0.1 0.1 0.1 0.1 0.1 0.1 0.057 0.116 0.099 0.027 0.098 0.093 1 1 2 1 1 1
2003-12-19T02:30:00 2003 12 19 2 30 0 3.8 -0.1 349.0 4.21 2.21 0.97 0.05 0.02 2 2 2 1 0 2 2 2 0.0 0.0 3.0 -0.1 -0.1 -0.1 -0.1 -0.1 -0.1 0.043 0.076 0.096 0.016 0.051 0.066 1 1 2 1 1 1
2003-12-19T03:30:00 2003 12 19 3 30 0 3.7 1.0 347.0 4.5 2.21 0.82 0.0 0.0 2 2 2 0 0 2 2 1 0.0 0.0 2.0 1.0 1.0 1.0 1.0 1.0 1.0 0.029 0.038 0.093 0.009 0.016 0.028 1 1 2 1 1 1
2003-12-19T04:30:00 2003 12 19 4 30 0 2.7 1.6 343.0 4.5 2.21 0.41 0.0 0.0 2 2 2 0 0 2 2 1 0.0 0.0 4.0 1.6 1.6 1.6 1.6 1.6 1.6 0.02 0.019 0.09 0.005 0.005 0.011 1 1 2 1 1 1
2003-12-19T05:30:00 2003 12 19 5 30 0 1.7 0.0 331.0 4.5 2.21 0.21 0.0 0.0 2 2 2 0 0 2 2 1 0.0 0.0 6.0 0.0 0.0 0.0 0.0 0.0 0.0 0.013 0.009 0.088 0.003 0.002 0.005 1 1 2 1 1 1
2003-12-19T06:30:00 2003 12 19 6 30 0 1.4 -0.6 329.0 4.5 2.21 0.23 0.54 0.24 2 2 2 0 0 2 2 1 0.7 0.09 5.0 -0.6 -0.6 -0.6 -0.6 -0.6 -0.6 0.041 0.099 0.086 0.017 0.098 0.108 0 0 2 0 0 0
2003-12-19T07:30:00 2003 12 19 7 30 0 1.5 -0.8 324.0 4.5 2.21 0.31 1.16 0.52 2 2 2 0 0 2 2 1 0.7 0.18 2.0 -0.8 -0.8 -0.8 -0.8 -0.8 -0.8 0.083 0.192 0.085 0.042 0.173 0.188 0 0 2 0 0 0
2003-12-19T08:30:00 2003 12 19 8 30 0 1.2 -1.3 331.0 4.5 2.21 0.43 1.76 0.79 2 2 2 0 0 2 2 1 0.7 0.27 3.0 -1.3 -1.3 -1.3 -1.3 -1.3 -1.3 0.138 0.287 0.086 0.081 0.25 0.263 0 0 2 0 0 0
2003-12-19T09:30:00 2003 12 19 9 30 0 0.7 -1.8 332.0 4.51 2.21 0.6 2.6 1.17 2 2 2 0 0 2 2 1 0.3 0.31 3.0 -1.8 -1.8 -1.8 -1.8 -1.8 -1.8 0.206 0.388 0.088 0.139 0.334 0.338 0 0 2 0 0 0
2003-12-19T10:30:00 2003 12 19 10 30 0 0.2 -1.0 333.0 4.51 2.21 0.41 2.27 1.02 2 2 2 0 0 2 2 1 0.3 0.34 6.0 -1.0 -1.0 -1.0 -1.0 -1.0 -1.0 0.231 0.398 0.09 0.145 0.313 0.339 0 0 2 0 0 0
2003-12-19T11:30:00 2003 12 19 11 30 0 0.3 -0.2 332.0 4.51 2.21 0.08 0.94 0.42 2 2 2 0 0 2 2 1 0.3 0.38 9.0 -0.2 -0.2 -0.2 -0.2 -0.2 -0.2 0.195 0.299 0.088 0.101 0.197 0.252 0 0 2 0 0 0
2003-12-19T12:30:00 2003 12 19 12 30 0 0.3 0.1 329.0 4.51 2.21 0.01 0.1 0.04 2 2 2 0 0 2 2 1 0.7 0.46 6.0 0.1 0.1 0.1 0.1 0.1 0.1 0.136 0.162 0.086 0.057 0.074 0.123 0 0 2 0 0 0
2003-12-19T13:30:00 2003 12 19 13 30 0 0.5 0.0 327.0 4.51 2.21 0.01 0.0 0.0 2 2 2 0 0 2 2 1 0.7 0.55 2.0 0.0 0.0 0.0 0.0 0.0 0.0 0.092 0.08 0.083 0.032 0.023 0.051 0 0 2 0 0 0
2003-12-19T14:30:00 2003 12 19 14 30 0 1.2 0.1 325.0 4.51 2.21 0.05 0.0 0.0 2 2 2 0 0 2 2 1 0.7 0.55 4.0 0.1 0.1 0.1 0.1 0.1 0.1 0.062 0.04 0.08 0.018 0.007 0.021 0 0 2 0 0 0
2003-12-19T15:30:00 2003 12 19 15 30 0 2.0 -0.2 320.0 4.51 2.21 0.2 0.12 0.05 2 2 2 0 0 2 2 1 0.0 0.46 5.0 -0.2 -0.2 -0.2 -0.2 -0.2 -0.2 0.052 0.056 0.078 0.013 0.038 0.054 0 0 2 0 0 0
2003-12-19T16:30:00 2003 12 19 16 30 0 2.2 0.0 320.0 4.51 2.21 0.32 0.15 0.07 2 2 2 0 0 2 2 1 0.0 0.37 4.0 0.0 0.0 0.0 0.0 0.0 0.0 0.042 0.052 0.076 0.009 0.032 0.052 0 0 2 0 0 0
2003-12-19T17:30:00 2003 12 19 17 30 0 2.4 0.3 319.0 4.51 2.21 0.32 0.0 0.0 2 2 2 0 0 2 2 1 0.0 0.33 6.0 0.3 0.3 0.3 0.3 0.3 0.3 0.028 0.026 0.073 0.005 0.01 0.022 0 0 2 0 0 0
2003-12-19T18:30:00 2003 12 19 18 30 0 1.6 0.4 313.0 4.51 2.21 0.2 0.0 0.0 2 2 2 0 0 2 2 1 0.0 0.29 7.0 0.4 0.4 0.4 0.4 0.4 0.4 0.019 0.013 0.071 0.003 0.003 0.009 0 0 2 0 0 0
2003-12-19T19:30:00 2003 12 19 19 30 0 1.3 0.1 311.0 4.51 2.21 0.11 0.0 0.0 2 2 2 0 0 2 2 1 0.0 0.25 9.0 0.1 0.1 0.1 0.1 0.1 0.1 0.013 0.006 0.069 0.002 0.001 0.004 0 0 2 0 0 0
2003-12-19T20:30:00 2003 12 19 20 30 0 -1.9 0.2 309.0 4.51 2.21 0.06 0.0 0.0 2 2 2 0 0 2 2 1 0.0 0.17 9.0 0.2 0.2 0.2 0.2 0.2 0.2 0.009 0.003 0.067 0.001 0.0 0.002 0 0 2 0 0 0
2003-12-19T21:30:00 2003 12 19 21 30 0 -2.1 0.3 308.0 6.14 2.21 0.22 0.0 0.0 2 2 2 1 0 2 2 2 0.7 0.18 12.0 0.3 0.3 0.3 0.3 0.3 0.3 0.006 0.002 0.065 0.0 0.0 0.001 0 0 2 0 0 0
2003-12-19T22:30:00 2003 12 19 22 30 0 -2.4 0.3 307.0 9.12 2.23 0.27 0.0 0.0 2 2 2 1 1 2 2 2 0.7 0.18 14.0 0.3 0.3 0.3 0.3 0.3 0.3 0.004 0.001 0.063 0.0 0.0 0.0 0 0 2 0 0 0
2003-12-19T23:30:00 2003 12 19 23 30 0 -2.0 0.9 305.0 12.1 2.78 0.21 0.0 0.0 2 2 2 1 1 2 2 2 0.7 0.27 14.0 0.9 0.9 0.9 0.9 0.9 0.9 0.003 0.0 0.061 0.0 0.0 0.0 0 0 2 0 0 0
