2003-07-31T00:30:00 2003 7 31 0 30 0 1.9 1.1 750.0 2.2 2.13 0.2 0.99 0.22 2 2 2 2 2 2 2 2 4.0 4.11 -30.0 1.1 1.1 1.1 1.1 1.1 1.1 0.171 0.095 0.64 0.096 0.174 0.248 2 2 2 2 2 2
2003-07-31T01:30:00 2003 7 31 1 30 0 2.5 3.6 783.0 2.3 2.44 0.23 0.0 0.0 2 2 2 2 2 2 2 2 4.0 4.11 -20.0 3.6 3.6 3.6 3.6 3.6 3.6 0.116 0.047 0.621 0.054 0.055 0.103 2 2 2 2 2 2
2003-07-31T02:30:00 2003 7 31 2 30 0 3.8 2.2 783.0 2.1 2.23 0.6 0.0 0.0 2 2 2 2 2 2 2 2 4.0 4.07 -14.0 2.2 2.2 2.2 2.2 2.2 2.2 0.079 0.024 0.602 0.03 0.017 0.043 2 2 2 2 2 2
2003-07-31T03:30:00 2003 7 31 3 30 0 4.1 0.6 788.0 2.0 2.15 1.58 0.0 0.0 2 2 2 2 2 2 2 2 4.0 4.04 -10.0 0.6 0.6 0.6 0.6 0.6 0.6 0.053 0.012 0.584 0.017 0.006 0.018 2 2 2 2 2 2
2003-07-31T04:30:00 2003 7 31 4 30 0 2.0 -0.8 799.0 2.2 2.42 1.59 1.05 0.23 2 2 2 2 2 2 2 2 4.0 4.0 -16.0 -0.8 -0.8 -0.8 -0.8 -0.8 -0.8 0.081 0.077 0.57 0.046 0.281 0.312 2 2 2 2 2 2
2003-07-31T05:30:00 2003 7 31 5 30 0 0.2 -1.8 774.0 2.0 2.06 1.23 5.26 1.09 2 2 2 2 2 2 2 2 4.0 4.0 -27.0 -1.8 -1.8 -1.8 -1.8 -1.8 -1.8 0.204 0.224 0.578 0.197 0.767 0.745 2 2 2 2 2 2
2003-07-31T06:30:00 2003 7 31 6 30 0 -2.1 1.3 778.0 2.0 2.07 0.4 1.74 0.35 2 2 2 2 2 2 2 2 4.0 4.0 -29.0 1.3 1.3 1.3 1.3 1.3 1.3 0.169 0.151 0.564 0.135 0.361 0.442 2 2 2 2 2 2
2003-07-31T07:30:00 2003 7 31 7 30 0 0.2 1.7 781.0 2.0 2.09 0.06 0.0 0.0 2 2 2 2 2 2 2 2 4.0 4.0 -23.0 1.7 1.7 1.7 1.7 1.7 1.7 0.114 0.075 0.547 0.076 0.114 0.183 2 2 2 2 2 2
2003-07-31T08:30:00 2003 7 31 8 30 0 4.6 -1.3 810.0 2.1 2.36 1.69 1.36 0.28 2 2 2 2 2 2 2 2 4.0 4.0 -21.0 -1.3 -1.3 -1.3 -1.3 -1.3 -1.3 0.135 0.119 0.538 0.103 0.374 0.4 2 2 2 2 2 2
2003-07-31T09:30:00 2003 7 31 9 30 0 1.7 -5.7 815.0 1.8 2.06 9.31 14.98 2.86 2 2 2 2 2 2 2 2 5.7 4.22 -29.0 -5.7 -5.7 -5.7 -5.7 -5.7 -5.7 0.464 0.423 0.627 0.746 1.578 1.224 2 2 2 2 2 2
2003-07-31T10:30:00 2003 7 31 10 30 0 4.8 -3.0 818.0 1.8 2.07 11.46 17.3 3.11 2 2 2 2 2 2 2 2 5.7 4.44 -40.0 -3.0 -3.0 -3.0 -3.0 -3.0 -3.0 0.663 0.545 0.709 1.02 1.8 1.458 2 2 2 2 2 2
2003-07-31T11:30:00 2003 7 31 11 30 0 4.2 1.4 838.0 1.7 2.06 4.51 3.7 0.66 2 2 2 2 2 2 2 2 5.7 4.66 -37.0 1.4 1.4 1.4 1.4 1.4 1.4 0.509 0.336 0.7 0.636 0.789 0.809 2 2 2 2 2 2
2003-07-31T12:30:00 2003 7 31 12 30 0 3.6 0.1 806.0 1.8 2.02 1.92 0.0 0.0 2 2 2 2 2 2 2 2 4.7 4.74 -26.0 0.1 0.1 0.1 0.1 0.1 0.1 0.345 0.167 0.678 0.356 0.25 0.336 2 2 2 2 2 2
2003-07-31T13:30:00 2003 7 31 13 30 0 2.5 -2.2 809.0 2.2 2.48 2.82 4.63 0.96 2 2 2 2 2 2 2 2 4.7 4.82 -29.0 -2.2 -2.2 -2.2 -2.2 -2.2 -2.2 0.382 0.266 0.683 0.382 0.802 0.812 2 2 2 2 2 2
2003-07-31T14:30:00 2003 7 31 14 30 0 1.4 0.4 798.0 2.1 2.31 1.42 3.38 0.73 2 2 2 2 2 2 2 2 4.7 4.9 -37.0 0.4 0.4 0.4 0.4 0.4 0.4 0.327 0.216 0.674 0.279 0.531 0.652 2 2 2 2 2 2
2003-07-31T15:30:00 2003 7 31 15 30 0 1.7 -2.5 814.0 2.2 2.51 1.6 4.79 1.04 2 2 2 2 2 2 2 2 4.0 4.89 -36.0 -2.5 -2.5 -2.5 -2.5 -2.5 -2.5 0.381 0.301 0.683 0.362 0.938 0.996 2 2 2 2 2 2
2003-07-31T16:30:00 2003 7 31 16 30 0 4.1 0.9 791.0 2.1 2.27 2.29 3.3 0.72 2 2 2 2 2 2 2 2 4.0 4.88 -36.0 0.9 0.9 0.9 0.9 0.9 0.9 0.317 0.217 0.673 0.264 0.514 0.655 2 2 2 2 2 2
2003-07-31T17:30:00 2003 7 31 17 30 0 3.8 2.0 790.0 2.1 2.26 1.47 0.0 0.0 2 2 2 2 2 2 2 2 4.0 4.67 -29.0 2.0 2.0 2.0 2.0 2.0 2.0 0.215 0.108 0.653 0.148 0.163 0.272 2 2 2 2 2 2
2003-07-31T18:30:00 2003 7 31 18 30 0 2.2 -0.2 770.0 2.1 2.15 0.96 0.07 0.01 2 2 2 2 2 2 2 2 4.0 4.46 -28.0 -0.2 -0.2 -0.2 -0.2 -0.2 -0.2 0.153 0.069 0.633 0.087 0.112 0.184 2 2 2 2 2 2
2003-07-31T19:30:00 2003 7 31 19 30 0 2.2 -0.2 763.0 2.0 2.01 0.89 0.77 0.16 2 2 2 2 2 2 2 2 4.0 4.25 -32.0 -0.2 -0.2 -0.2 -0.2 -0.2 -0.2 0.13 0.083 0.615 0.061 0.198 0.276 2 2 2 2 2 2
2003-07-31T20:30:00 2003 7 31 20 30 0 2.2 -1.3 751.0 2.0 1.94 1.37 3.0 0.6 2 2 2 2 2 2 2 2 4.0 4.17 -34.0 -1.3 -1.3 -1.3 -1.3 -1.3 -1.3 0.184 0.175 0.609 0.126 0.531 0.542 2 2 2 2 2 2
2003-07-31T21:30:00 2003 7 31 21 30 0 2.9 -1.1 770.0 1.7 1.74 2.15 4.53 0.83 2 2 2 2 2 2 2 2 4.7 4.18 -40.0 -1.1 -1.1 -1.1 -1.1 -1.1 -1.1 0.24 0.236 0.607 0.187 0.685 0.655 2 2 2 2 2 2
2003-07-31T22:30:00 2003 7 31 22 30 0 4.6 0.5 804.0 1.7 1.9 2.58 1.3 0.22 2 2 2 2 2 2 2 2 4.7 4.18 -40.0 0.5 0.5 0.5 0.5 0.5 0.5 0.187 0.15 0.592 0.121 0.317 0.373 2 2 2 2 2 2
2003-07-31T23:30:00 2003 7 31 23 30 0 4.5 -1.5 807.0 1.8 2.04 4.09 2.52 0.45 2 2 2 2 2 2 2 2 4.7 4.27 -39.0 -1.5 -1.5 -1.5 -1.5 -1.5 -1.5 0.21 0.186 0.586 0.157 0.551 0.531 2 2 2 2 2 2
