2003-08-30T00:30:00 2003 8 30 0 30 0 -1.2 -0.5 594.0 4.2 2.89 0.09 0.2 0.08 2 2 2 2 2 2 2 2 4.0 3.83 -14.0 -0.5 -0.5 -0.5 -0.5 -0.5 -0.5 0.21 0.084 0.437 0.111 0.111 0.208 2 2 2 2 2 2
2003-08-30T01:30:00 2003 8 30 1 30 0 3.6 -0.2 599.0 4.1 2.79 0.59 1.01 0.42 2 2 2 2 2 2 2 2 4.0 3.87 -18.0 -0.2 -0.2 -0.2 -0.2 -0.2 -0.2 0.183 0.124 0.426 0.083 0.221 0.419 2 2 2 2 2 2
2003-08-30T02:30:00 2003 8 30 2 30 0 -0.1 -2.5 592.0 3.4 2.28 1.5 4.3 1.56 2 2 2 2 2 2 2 2 4.0 3.76 -21.0 -2.5 -2.5 -2.5 -2.5 -2.5 -2.5 0.294 0.315 0.433 0.241 0.691 0.882 2 2 2 2 2 2
2003-08-30T03:30:00 2003 8 30 3 30 0 -2.1 -1.6 590.0 3.3 2.19 1.78 5.95 1.99 2 2 2 2 2 2 2 2 4.3 3.68 -30.0 -1.6 -1.6 -1.6 -1.6 -1.6 -1.6 0.382 0.417 0.443 0.34 0.831 1.029 2 2 2 2 2 2
2003-08-30T04:30:00 2003 8 30 4 30 0 2.8 -1.0 587.0 3.5 2.23 1.0 3.75 1.28 2 2 2 2 2 2 2 2 4.3 3.61 -30.0 -1.0 -1.0 -1.0 -1.0 -1.0 -1.0 0.382 0.401 0.442 0.305 0.71 0.961 2 2 2 2 2 2
2003-08-30T05:30:00 2003 8 30 5 30 0 2.8 0.2 584.0 3.5 2.21 1.17 1.1 0.38 2 2 2 2 2 2 2 2 4.3 3.8 -27.0 0.2 0.2 0.2 0.2 0.2 0.2 0.29 0.256 0.431 0.189 0.34 0.576 2 2 2 2 2 2
2003-08-30T06:30:00 2003 8 30 6 30 0 1.5 0.3 577.0 3.4 2.09 0.47 0.0 0.0 2 2 2 2 2 2 2 2 2.3 3.74 -21.0 0.3 0.3 0.3 0.3 0.3 0.3 0.196 0.127 0.418 0.106 0.108 0.239 2 2 2 2 2 2
2003-08-30T07:30:00 2003 8 30 7 30 0 1.7 0.6 577.0 3.2 1.98 0.21 0.0 0.0 2 2 2 2 2 2 2 2 2.3 3.67 -16.0 0.6 0.6 0.6 0.6 0.6 0.6 0.133 0.063 0.405 0.059 0.034 0.099 2 2 2 2 2 2
2003-08-30T08:30:00 2003 8 30 8 30 0 1.0 -1.0 575.0 2.9 1.78 0.33 1.02 0.3 2 2 2 2 2 2 2 2 2.3 3.45 -15.0 -1.0 -1.0 -1.0 -1.0 -1.0 -1.0 0.14 0.125 0.396 0.072 0.239 0.284 2 2 2 2 2 2
2003-08-30T09:30:00 2003 8 30 9 30 0 3.3 -0.6 561.0 2.6 1.54 1.06 2.22 0.61 2 2 2 2 2 2 2 2 2.7 3.29 -12.0 -0.6 -0.6 -0.6 -0.6 -0.6 -0.6 0.166 0.186 0.39 0.093 0.346 0.392 2 2 2 2 2 2
2003-08-30T10:30:00 2003 8 30 10 30 0 2.2 -0.8 548.0 2.8 1.63 1.26 1.96 0.53 2 2 2 2 2 2 2 2 2.7 3.13 -10.0 -0.8 -0.8 -0.8 -0.8 -0.8 -0.8 0.182 0.217 0.383 0.103 0.379 0.43 2 2 2 2 2 2
2003-08-30T11:30:00 2003 8 30 11 30 0 1.4 1.0 544.0 3.1 1.83 0.37 0.4 0.11 2 2 2 2 2 2 2 2 2.7 2.93 -10.0 1.0 1.0 1.0 1.0 1.0 1.0 0.131 0.123 0.372 0.061 0.145 0.211 2 2 2 2 2 2
2003-08-30T12:30:00 2003 8 30 12 30 0 2.9 -1.8 537.0 3.0 1.75 0.98 1.76 0.53 2 2 2 2 2 2 2 2 2.3 2.69 -8.0 -1.8 -1.8 -1.8 -1.8 -1.8 -1.8 0.17 0.202 0.367 0.113 0.36 0.382 2 2 2 2 2 2
2003-08-30T13:30:00 2003 8 30 13 30 0 2.7 -0.7 544.0 3.4 1.93 1.72 3.25 1.04 2 2 2 2 2 2 2 2 2.3 2.45 -8.0 -0.7 -0.7 -0.7 -0.7 -0.7 -0.7 0.217 0.27 0.365 0.15 0.46 0.538 2 2 2 2 2 2
2003-08-30T14:30:00 2003 8 30 14 30 0 4.2 -1.3 523.0 3.4 1.8 2.12 2.72 0.93 2 2 2 2 2 2 2 2 2.3 2.45 -8.0 -1.3 -1.3 -1.3 -1.3 -1.3 -1.3 0.251 0.314 0.362 0.174 0.511 0.619 2 2 2 2 2 2
2003-08-30T15:30:00 2003 8 30 15 30 0 2.8 -1.2 512.0 3.2 1.68 2.19 3.22 1.06 2 2 2 2 2 2 2 2 2.3 2.45 -8.0 -1.2 -1.2 -1.2 -1.2 -1.2 -1.2 0.281 0.345 0.36 0.195 0.529 0.63 2 2 2 2 2 2
2003-08-30T16:30:00 2003 8 30 16 30 0 1.8 -1.5 506.0 2.8 1.43 1.38 3.47 1.03 2 2 2 2 2 2 2 2 2.3 2.44 -10.0 -1.5 -1.5 -1.5 -1.5 -1.5 -1.5 0.308 0.367 0.359 0.218 0.544 0.596 2 2 2 2 2 2
2003-08-30T17:30:00 2003 8 30 17 30 0 -0.6 -1.9 508.0 2.9 1.49 1.03 4.35 1.24 2 2 2 2 2 2 2 2 2.3 2.4 -13.0 -1.9 -1.9 -1.9 -1.9 -1.9 -1.9 0.351 0.409 0.362 0.267 0.612 0.617 2 2 2 2 2 2
2003-08-30T18:30:00 2003 8 30 18 30 0 -0.1 -0.5 507.0 3.1 1.62 0.47 2.9 0.87 2 2 2 2 2 2 2 2 2.0 2.31 -17.0 -0.5 -0.5 -0.5 -0.5 -0.5 -0.5 0.324 0.353 0.358 0.219 0.469 0.531 2 2 2 2 2 2
2003-08-30T19:30:00 2003 8 30 19 30 0 3.4 0.3 510.0 2.8 1.51 0.44 0.35 0.1 2 2 2 2 2 2 2 2 2.0 2.22 -15.0 0.3 0.3 0.3 0.3 0.3 0.3 0.229 0.196 0.347 0.127 0.181 0.265 2 2 2 2 2 2
2003-08-30T20:30:00 2003 8 30 20 30 0 2.4 -0.1 507.0 2.6 1.38 0.82 0.04 0.01 2 2 2 2 2 2 2 2 2.0 2.18 -14.0 -0.1 -0.1 -0.1 -0.1 -0.1 -0.1 0.158 0.108 0.337 0.072 0.079 0.134 2 2 2 2 2 2
2003-08-30T21:30:00 2003 8 30 21 30 0 2.3 -0.7 496.0 2.2 1.1 0.76 1.06 0.25 2 2 2 2 2 2 2 2 1.3 2.05 -14.0 -0.7 -0.7 -0.7 -0.7 -0.7 -0.7 0.15 0.141 0.329 0.066 0.191 0.192 2 2 2 2 2 2
2003-08-30T22:30:00 2003 8 30 22 30 0 1.8 -0.4 495.0 2.2 1.15 0.65 1.33 0.29 2 2 2 2 2 2 2 2 1.3 1.93 -13.0 -0.4 -0.4 -0.4 -0.4 -0.4 -0.4 0.144 0.155 0.321 0.062 0.215 0.205 2 2 2 2 2 2
2003-08-30T23:30:00 2003 8 30 23 30 0 -0.1 0.0 494.0 2.3 1.2 0.13 0.45 0.1 2 2 2 2 2 2 2 2 1.3 1.8 -14.0 0.0 0.0 0.0 0.0 0.0 0.0 0.11 0.107 0.311 0.04 0.117 0.134 2 2 2 2 2 2
