1998-04-12T00:30:00 1998 4 12 0 30 0 -8.5 -3.3 371.0 4.2 1.2 10.42 8.75 3.54 2 2 2 2 2 2 2 2 4.0 3.1 -46.0 -3.3 -3.3 -3.3 -3.3 -3.3 -3.3 0.982 0.996 0.578 1.024 0.863 0.754 2 2 2 2 2 2
1998-04-12T01:30:00 1998 4 12 1 30 0 -7.6 -5.0 398.0 4.7 1.45 10.16 8.16 3.66 2 2 2 2 2 2 2 2 4.0 3.27 -43.0 -5.0 -5.0 -5.0 -5.0 -5.0 -5.0 0.971 0.99 0.589 0.99 0.937 0.896 2 2 2 2 2 2
1998-04-12T02:30:00 1998 4 12 2 30 0 -8.0 -4.6 400.0 4.3 1.32 11.32 9.54 4.28 2 2 2 2 2 2 2 2 4.0 3.43 -39.0 -4.6 -4.6 -4.6 -4.6 -4.6 -4.6 0.987 1.004 0.605 1.014 0.996 0.982 2 2 2 2 2 2
1998-04-12T03:30:00 1998 4 12 3 30 0 -8.9 -3.6 394.0 3.8 1.12 10.77 8.05 3.25 2 2 2 2 2 2 2 2 3.3 3.5 -34.0 -3.6 -3.6 -3.6 -3.6 -3.6 -3.6 0.936 0.927 0.612 0.91 0.891 0.876 2 2 2 2 2 2
1998-04-12T04:30:00 1998 4 12 4 30 0 -8.9 -3.0 390.0 3.8 1.04 9.83 6.42 2.44 2 2 2 2 2 2 2 2 3.3 3.56 -32.0 -3.0 -3.0 -3.0 -3.0 -3.0 -3.0 0.851 0.826 0.612 0.763 0.766 0.751 2 2 2 2 2 2
1998-04-12T05:30:00 1998 4 12 5 30 0 -8.8 -2.0 377.0 4.0 1.04 8.3 4.71 1.84 2 2 2 2 2 2 2 2 3.3 3.56 -29.0 -2.0 -2.0 -2.0 -2.0 -2.0 -2.0 0.741 0.708 0.605 0.593 0.618 0.632 2 2 2 2 2 2
1998-04-12T06:30:00 1998 4 12 6 30 0 -8.8 -2.4 376.0 4.1 1.11 7.75 4.17 1.69 2 2 2 2 2 2 2 2 1.3 3.29 -24.0 -2.4 -2.4 -2.4 -2.4 -2.4 -2.4 0.661 0.65 0.597 0.492 0.568 0.585 2 2 2 2 2 2
1998-04-12T07:30:00 1998 4 12 7 30 0 -8.6 -1.6 367.0 3.7 0.95 7.19 3.65 1.42 2 2 2 2 2 2 2 2 1.3 3.03 -25.0 -1.6 -1.6 -1.6 -1.6 -1.6 -1.6 0.579 0.575 0.587 0.394 0.483 0.499 2 2 2 2 2 2
1998-04-12T08:30:00 1998 4 12 8 30 0 -8.6 -1.5 366.0 3.9 0.91 6.48 2.83 1.08 2 2 2 2 2 2 2 2 1.3 2.69 -27.0 -1.5 -1.5 -1.5 -1.5 -1.5 -1.5 0.501 0.507 0.575 0.311 0.417 0.434 2 2 2 2 2 2
1998-04-12T09:30:00 1998 4 12 9 30 0 -6.6 -4.4 392.0 4.0 1.23 7.54 5.87 2.32 2 2 2 2 2 2 2 2 2.0 2.45 -26.0 -4.4 -4.4 -4.4 -4.4 -4.4 -4.4 0.568 0.643 0.576 0.456 0.652 0.593 2 2 2 2 2 2
1998-04-12T10:30:00 1998 4 12 10 30 0 -5.3 -0.9 373.0 4.3 1.06 5.09 4.81 1.98 2 2 2 2 2 2 2 2 2.0 2.21 -28.0 -0.9 -0.9 -0.9 -0.9 -0.9 -0.9 0.536 0.592 0.57 0.406 0.536 0.555 2 2 2 2 2 2
1998-04-12T11:30:00 1998 4 12 11 30 0 -6.2 0.5 383.0 6.0 1.59 2.55 0.47 0.22 2 2 2 2 2 2 2 2 2.0 2.05 -22.0 0.5 0.5 0.5 0.5 0.5 0.5 0.378 0.332 0.553 0.234 0.208 0.289 2 2 2 2 2 2
1998-04-12T12:30:00 1998 4 12 12 30 0 -4.6 2.7 391.0 6.0 1.68 1.43 0.0 0.0 2 2 2 2 2 2 2 2 0.7 1.73 -20.0 2.7 2.7 2.7 2.7 2.7 2.7 0.256 0.165 0.536 0.131 0.066 0.12 2 2 2 2 2 2
1998-04-12T13:30:00 1998 4 12 13 30 0 -4.9 3.0 393.0 5.0 1.38 0.79 0.0 0.0 2 2 2 2 2 2 2 2 0.7 1.41 -22.0 3.0 3.0 3.0 3.0 3.0 3.0 0.173 0.082 0.52 0.073 0.021 0.05 2 2 2 2 2 2
1998-04-12T14:30:00 1998 4 12 14 30 0 -5.2 3.7 397.0 5.2 1.45 0.83 0.0 0.0 2 2 2 2 2 2 2 2 0.7 1.33 -20.0 3.7 3.7 3.7 3.7 3.7 3.7 0.117 0.041 0.504 0.041 0.007 0.021 2 2 2 2 2 2
1998-04-12T15:30:00 1998 4 12 15 30 0 -4.6 4.0 391.0 5.9 1.6 0.68 0.0 0.0 2 2 2 2 2 2 2 2 1.0 1.29 -17.0 4.0 4.0 4.0 4.0 4.0 4.0 0.08 0.02 0.488 0.023 0.002 0.009 2 2 2 2 2 2
1998-04-12T16:30:00 1998 4 12 16 30 0 -5.8 3.4 392.0 6.0 1.63 0.86 0.0 0.0 2 2 2 2 2 2 2 2 1.0 1.25 -15.0 3.4 3.4 3.4 3.4 3.4 3.4 0.054 0.01 0.474 0.013 0.001 0.004 2 2 2 2 2 2
1998-04-12T17:30:00 1998 4 12 17 30 0 -5.8 3.9 380.0 5.8 1.49 1.09 0.0 0.0 2 2 2 2 2 2 2 2 1.0 1.13 -15.0 3.9 3.9 3.9 3.9 3.9 3.9 0.036 0.005 0.459 0.007 0.0 0.001 2 2 2 2 2 2
1998-04-12T18:30:00 1998 4 12 18 30 0 -4.6 7.0 382.0 5.1 1.3 0.59 0.0 0.0 2 2 2 2 2 2 2 2 1.0 1.01 -14.0 7.0 7.0 7.0 7.0 7.0 7.0 0.025 0.002 0.445 0.004 0.0 0.001 2 2 2 2 2 2
1998-04-12T19:30:00 1998 4 12 19 30 0 -5.1 6.2 388.0 6.0 1.59 0.42 0.0 0.0 2 2 2 2 2 2 2 2 1.0 0.89 -8.0 6.2 6.2 6.2 6.2 6.2 6.2 0.017 0.001 0.432 0.002 0.0 0.0 2 2 2 2 2 2
1998-04-12T20:30:00 1998 4 12 20 30 0 -6.4 5.9 394.0 6.0 1.65 0.75 0.0 0.0 2 2 2 2 2 2 2 2 1.0 0.93 -7.0 5.9 5.9 5.9 5.9 5.9 5.9 0.011 0.001 0.418 0.001 0.0 0.0 2 2 2 2 2 2
1998-04-12T21:30:00 1998 4 12 21 30 0 -7.0 2.6 398.0 6.1 1.72 1.55 0.0 0.0 2 2 2 2 2 2 2 2 1.3 1.0 -6.0 2.6 2.6 2.6 2.6 2.6 2.6 0.008 0.0 0.406 0.001 0.0 0.0 2 2 2 2 2 2
1998-04-12T22:30:00 1998 4 12 22 30 0 -5.4 4.8 393.0 4.5 1.28 1.3 0.0 0.0 2 2 2 2 2 2 2 2 1.3 1.08 -8.0 4.8 4.8 4.8 4.8 4.8 4.8 0.005 0.0 0.393 0.0 0.0 0.0 2 2 2 2 2 2
1998-04-12T23:30:00 1998 4 12 23 30 0 -6.6 3.1 402.0 5.1 1.54 1.23 0.0 0.0 2 2 2 2 2 2 2 2 1.3 1.12 -4.0 3.1 3.1 3.1 3.1 3.1 3.1 0.004 0.0 0.381 0.0 0.0 0.0 2 2 2 2 2 2
