1998-02-05T00:30:00 1998 2 5 0 30 0 -1.0 1.6 327.0 8.1 1.53 0.01 0.0 0.0 2 2 2 2 2 2 2 2 0.0 0.46 -8.0 1.6 1.6 1.6 1.6 1.6 1.6 0.127 0.034 0.474 0.037 0.003 0.016 2 2 2 2 2 2
1998-02-05T01:30:00 1998 2 5 1 30 0 -1.4 1.9 325.0 8.9 1.68 0.02 0.0 0.0 2 2 2 2 2 2 2 2 0.0 0.25 -9.0 1.9 1.9 1.9 1.9 1.9 1.9 0.086 0.017 0.46 0.021 0.001 0.007 2 2 2 2 2 2
1998-02-05T02:30:00 1998 2 5 2 30 0 -2.8 3.6 325.0 11.0 2.09 0.08 0.0 0.0 2 2 2 2 2 2 2 2 0.0 0.17 -7.0 3.6 3.6 3.6 3.6 3.6 3.6 0.058 0.008 0.446 0.012 0.0 0.003 2 2 2 2 2 2
1998-02-05T03:30:00 1998 2 5 3 30 0 -2.6 3.6 327.0 10.7 2.01 0.12 0.0 0.0 2 2 2 2 2 2 2 2 1.3 0.25 -3.0 3.6 3.6 3.6 3.6 3.6 3.6 0.039 0.004 0.432 0.006 0.0 0.001 2 2 2 2 2 2
1998-02-05T04:30:00 1998 2 5 4 30 0 -3.6 4.6 324.0 14.0 2.54 0.16 0.0 0.0 2 2 2 2 2 2 2 2 1.3 0.34 4.0 4.6 4.6 4.6 4.6 4.6 4.6 0.027 0.002 0.419 0.004 0.0 0.0 2 2 2 2 2 2
1998-02-05T05:30:00 1998 2 5 5 30 0 -3.2 6.1 322.0 29.2 5.2 0.15 0.0 0.0 2 2 2 2 2 2 2 2 1.3 0.5 9.0 6.1 6.1 6.1 6.1 6.1 6.1 0.018 0.001 0.406 0.002 0.0 0.0 2 2 2 2 2 2
1998-02-05T06:30:00 1998 2 5 6 30 0 -3.0 6.3 316.0 15.1 2.6 0.1 0.0 0.0 2 2 2 2 2 2 2 2 0.0 0.5 6.0 6.3 6.3 6.3 6.3 6.3 6.3 0.012 0.001 0.394 0.001 0.0 0.0 2 2 2 2 2 2
1998-02-05T07:30:00 1998 2 5 7 30 0 -2.8 6.1 313.0 17.5 2.99 0.08 0.0 0.0 2 2 2 2 2 2 2 2 0.0 0.49 7.0 6.1 6.1 6.1 6.1 6.1 6.1 0.008 0.0 0.382 0.001 0.0 0.0 2 2 2 2 2 2
1998-02-05T08:30:00 1998 2 5 8 30 0 -2.1 6.3 310.0 20.5 3.47 0.05 0.0 0.0 2 2 2 2 2 2 2 2 0.0 0.48 11.0 6.3 6.3 6.3 6.3 6.3 6.3 0.006 0.0 0.37 0.0 0.0 0.0 2 2 2 2 2 2
1998-02-05T09:30:00 1998 2 5 9 30 0 -2.2 5.4 307.0 22.0 3.6 0.04 0.0 0.0 2 2 2 2 2 2 2 2 0.7 0.57 14.0 5.4 5.4 5.4 5.4 5.4 5.4 0.004 0.0 0.359 0.0 0.0 0.0 2 2 2 2 2 2
1998-02-05T10:30:00 1998 2 5 10 30 0 -1.5 5.2 306.0 22.5 3.73 0.02 0.0 0.0 2 2 2 2 2 2 2 2 0.7 0.65 16.0 5.2 5.2 5.2 5.2 5.2 5.2 0.003 0.0 0.348 0.0 0.0 0.0 2 2 2 2 2 2
1998-02-05T11:30:00 1998 2 5 11 30 0 -2.6 5.3 305.0 23.7 4.12 0.04 0.0 0.0 2 2 2 2 2 2 2 2 0.7 0.58 17.0 5.3 5.3 5.3 5.3 5.3 5.3 0.002 0.0 0.337 0.0 0.0 0.0 2 2 2 2 2 2
1998-02-05T12:30:00 1998 2 5 12 30 0 -3.1 4.7 305.0 26.8 5.1 0.1 0.0 0.0 2 2 2 2 2 2 2 2 1.3 0.59 17.0 4.7 4.7 4.7 4.7 4.7 4.7 0.001 0.0 0.327 0.0 0.0 0.0 2 2 2 2 2 2
1998-02-05T13:30:00 1998 2 5 13 30 0 -3.4 4.2 304.0 24.9 5.52 0.15 0.0 0.0 2 2 2 2 2 2 2 2 1.3 0.6 19.0 4.2 4.2 4.2 4.2 4.2 4.2 0.001 0.0 0.317 0.0 0.0 0.0 2 2 2 2 2 2
1998-02-05T14:30:00 1998 2 5 14 30 0 -3.5 3.9 301.0 23.1 5.87 0.2 0.0 0.0 2 2 2 2 2 2 2 2 1.3 0.77 21.0 3.9 3.9 3.9 3.9 3.9 3.9 0.001 0.0 0.307 0.0 0.0 0.0 2 2 2 2 2 2
1998-02-05T15:30:00 1998 2 5 15 30 0 -4.1 3.0 296.0 27.6 6.32 0.3 0.0 0.0 2 2 2 2 2 2 2 2 1.0 0.89 24.0 3.0 3.0 3.0 3.0 3.0 3.0 0.0 0.0 0.298 0.0 0.0 0.0 2 2 2 2 2 2
1998-02-05T16:30:00 1998 2 5 16 30 0 -4.6 2.8 293.0 31.6 4.84 0.48 0.0 0.0 2 2 2 2 2 2 2 2 1.0 1.0 20.0 2.8 2.8 2.8 2.8 2.8 2.8 0.0 0.0 0.289 0.0 0.0 0.0 2 2 2 2 2 2
1998-02-05T17:30:00 1998 2 5 17 30 0 -5.7 2.1 291.0 34.1 5.27 0.82 0.0 0.0 2 2 2 2 2 2 2 2 1.0 1.04 22.0 2.1 2.1 2.1 2.1 2.1 2.1 0.0 0.0 0.28 0.0 0.0 0.0 2 2 2 2 2 2
1998-02-05T18:30:00 1998 2 5 18 30 0 -5.5 1.8 289.0 34.6 5.44 1.08 0.0 0.0 2 2 2 2 2 2 2 2 0.7 1.04 22.0 1.8 1.8 1.8 1.8 1.8 1.8 0.0 0.0 0.271 0.0 0.0 0.0 2 2 2 2 2 2
1998-02-05T19:30:00 1998 2 5 19 30 0 -5.8 0.8 288.0 32.5 5.2 1.3 0.0 0.0 2 2 2 2 2 2 2 2 0.7 1.03 20.0 0.8 0.8 0.8 0.8 0.8 0.8 0.0 0.0 0.263 0.0 0.0 0.0 2 2 2 2 2 2
1998-02-05T20:30:00 1998 2 5 20 30 0 -6.0 0.2 289.0 26.1 4.4 1.72 0.0 0.0 2 2 2 2 2 2 2 2 0.7 0.96 16.0 0.2 0.2 0.2 0.2 0.2 0.2 0.0 0.0 0.255 0.0 0.0 0.0 2 2 2 2 2 2
1998-02-05T21:30:00 1998 2 5 21 30 0 -5.9 -0.5 289.0 20.6 3.55 2.06 0.29 0.63 2 2 2 2 2 2 2 2 1.0 0.92 12.0 -0.5 -0.5 -0.5 -0.5 -0.5 -0.5 0.037 0.137 0.248 0.017 0.111 0.439 2 2 2 2 2 2
1998-02-05T22:30:00 1998 2 5 22 30 0 -5.9 -1.0 288.0 18.6 2.97 2.36 1.11 2.16 2 2 2 2 2 2 2 2 1.0 0.89 7.0 -1.0 -1.0 -1.0 -1.0 -1.0 -1.0 0.123 0.365 0.243 0.07 0.268 0.924 2 2 2 2 2 2
1998-02-05T23:30:00 1998 2 5 23 30 0 -5.4 -2.0 292.0 17.0 2.67 2.72 2.24 3.95 2 2 2 2 2 2 2 2 1.0 0.89 5.0 -2.0 -2.0 -2.0 -2.0 -2.0 -2.0 0.258 0.634 0.243 0.183 0.451 1.353 2 2 2 2 2 2
