1998-11-30T00:30:00 1998 11 30 0 30 0 3.4 1.3 383.0 7.3 2.0 0.13 0.0 0.0 2 2 2 2 2 2 2 2 0.3 2.2 4.0 1.3 1.3 1.3 1.3 1.3 1.3 0.088 0.038 0.16 0.043 0.007 0.046 2 2 2 2 2 2
1998-11-30T01:30:00 1998 11 30 1 30 0 2.4 0.8 380.0 7.8 2.03 0.39 0.0 0.0 2 2 2 2 2 2 2 2 0.3 2.17 3.0 0.8 0.8 0.8 0.8 0.8 0.8 0.059 0.019 0.156 0.024 0.002 0.019 2 2 2 2 2 2
1998-11-30T02:30:00 1998 11 30 2 30 0 1.6 -1.2 374.0 6.3 1.62 0.41 0.77 0.51 2 2 2 2 2 2 2 2 0.3 1.75 4.0 -1.2 -1.2 -1.2 -1.2 -1.2 -1.2 0.095 0.148 0.153 0.052 0.177 0.27 2 2 2 2 2 2
1998-11-30T03:30:00 1998 11 30 3 30 0 1.3 -2.4 358.0 7.7 1.97 1.02 3.37 2.4 2 2 2 2 2 2 2 2 4.0 1.81 2.0 -2.4 -2.4 -2.4 -2.4 -2.4 -2.4 0.238 0.43 0.159 0.196 0.47 0.7 2 2 2 2 2 2
1998-11-30T04:30:00 1998 11 30 4 30 0 0.1 -3.0 356.0 7.8 1.81 1.62 4.86 3.77 2 2 2 2 2 2 2 2 4.0 1.88 -3.0 -3.0 -3.0 -3.0 -3.0 -3.0 -3.0 0.398 0.672 0.17 0.367 0.665 1.022 2 2 2 2 2 2
1998-11-30T05:30:00 1998 11 30 5 30 0 -4.3 -6.3 405.0 13.6 4.46 5.91 9.22 10.45 2 2 2 2 2 2 2 2 4.0 2.14 6.0 -6.3 -6.3 -6.3 -6.3 -6.3 -6.3 0.78 1.191 0.216 0.984 1.331 2.682 2 2 2 2 2 2
1998-11-30T06:30:00 1998 11 30 6 30 0 -5.3 -3.1 423.0 20.2 6.95 7.75 9.45 15.88 2 2 2 2 2 2 2 2 3.7 2.36 8.0 -3.1 -3.1 -3.1 -3.1 -3.1 -3.1 1.051 1.48 0.266 1.285 1.611 4.935 2 2 2 2 2 2
1998-11-30T07:30:00 1998 11 30 7 30 0 -5.3 -5.0 455.0 18.3 7.19 7.79 9.12 17.4 2 2 2 2 2 2 2 2 3.7 2.58 8.0 -5.0 -5.0 -5.0 -5.0 -5.0 -5.0 1.298 1.701 0.325 1.597 1.963 7.01 2 2 2 2 2 2
1998-11-30T08:30:00 1998 11 30 8 30 0 -0.4 1.0 483.0 18.1 8.29 2.79 4.35 7.93 2 2 2 2 2 2 2 2 3.7 3.0 2.0 1.0 1.0 1.0 1.0 1.0 1.0 1.082 1.188 0.336 1.12 1.101 4.951 2 2 2 2 2 2
1998-11-30T09:30:00 1998 11 30 9 30 0 9.4 -2.4 466.0 18.5 7.81 3.91 2.23 4.11 2 2 2 2 2 2 2 2 3.0 3.31 -2.0 -2.4 -2.4 -2.4 -2.4 -2.4 -2.4 0.93 0.988 0.342 0.842 1.017 4.682 2 2 2 2 2 2
1998-11-30T10:30:00 1998 11 30 10 30 0 -9.5 7.0 456.0 11.7 4.49 1.76 0.48 0.86 2 2 2 2 2 2 2 2 3.0 3.63 -13.0 7.0 7.0 7.0 7.0 7.0 7.0 0.632 0.499 0.331 0.472 0.332 2.018 2 2 2 2 2 2
1998-11-30T11:30:00 1998 11 30 11 30 0 -8.7 6.7 431.0 10.2 3.46 2.47 0.0 0.0 2 2 2 2 2 2 2 2 3.0 3.5 -4.0 6.7 6.7 6.7 6.7 6.7 6.7 0.428 0.248 0.321 0.264 0.105 0.837 2 2 2 2 2 2
1998-11-30T12:30:00 1998 11 30 12 30 0 -8.5 5.7 445.0 9.0 3.56 2.31 0.0 0.0 2 2 2 2 2 2 2 2 1.7 3.21 0.0 5.7 5.7 5.7 5.7 5.7 5.7 0.29 0.123 0.311 0.148 0.033 0.347 2 2 2 2 2 2
1998-11-30T13:30:00 1998 11 30 13 30 0 -8.9 4.0 449.0 9.6 3.81 2.94 0.0 0.0 2 2 2 2 2 2 2 2 1.7 2.91 0.0 4.0 4.0 4.0 4.0 4.0 4.0 0.196 0.061 0.302 0.083 0.011 0.144 2 2 2 2 2 2
1998-11-30T14:30:00 1998 11 30 14 30 0 -8.9 2.7 455.0 10.6 4.3 3.85 0.0 0.0 2 2 2 2 2 2 2 2 1.7 2.66 -1.0 2.7 2.7 2.7 2.7 2.7 2.7 0.133 0.03 0.293 0.046 0.003 0.06 2 2 2 2 2 2
1998-11-30T15:30:00 1998 11 30 15 30 0 -8.5 4.0 458.0 11.3 4.64 3.61 0.0 0.0 2 2 2 2 2 2 2 2 3.3 2.63 -3.0 4.0 4.0 4.0 4.0 4.0 4.0 0.09 0.015 0.284 0.026 0.001 0.025 2 2 2 2 2 2
1998-11-30T16:30:00 1998 11 30 16 30 0 -9.4 -0.5 443.0 8.9 3.49 5.24 0.12 0.1 2 2 2 2 2 2 2 2 3.3 2.59 -4.0 -0.5 -0.5 -0.5 -0.5 -0.5 -0.5 0.08 0.058 0.276 0.026 0.086 0.208 2 2 2 2 2 2
1998-11-30T17:30:00 1998 11 30 17 30 0 -7.4 -7.2 459.0 7.3 2.96 12.69 9.37 7.32 2 2 2 2 2 2 2 2 3.3 2.63 -8.0 -7.2 -7.2 -7.2 -7.2 -7.2 -7.2 0.516 0.724 0.325 0.763 1.178 1.838 2 2 2 2 2 2
1998-11-30T18:30:00 1998 11 30 18 30 0 -0.1 -3.9 440.0 15.2 5.8 9.47 12.17 13.57 2 2 2 2 2 2 2 2 4.3 2.81 -13.0 -3.9 -3.9 -3.9 -3.9 -3.9 -3.9 0.91 1.219 0.387 1.293 1.672 3.878 2 2 2 2 2 2
1998-11-30T19:30:00 1998 11 30 19 30 0 4.6 -4.2 433.0 16.2 6.11 5.1 8.86 13.95 2 2 2 2 2 2 2 2 4.3 2.98 -9.0 -4.2 -4.2 -4.2 -4.2 -4.2 -4.2 1.128 1.457 0.432 1.451 1.764 5.236 2 2 2 2 2 2
1998-11-30T20:30:00 1998 11 30 20 30 0 7.0 -2.2 430.0 14.7 5.47 6.53 6.72 10.4 2 2 2 2 2 2 2 2 4.3 3.3 -14.0 -2.2 -2.2 -2.2 -2.2 -2.2 -2.2 1.132 1.372 0.454 1.26 1.464 4.899 2 2 2 2 2 2
1998-11-30T21:30:00 1998 11 30 21 30 0 4.3 -2.1 430.0 16.0 6.09 4.67 4.61 7.1 2 2 2 2 2 2 2 2 4.3 3.62 -15.0 -2.1 -2.1 -2.1 -2.1 -2.1 -2.1 1.052 1.224 0.463 1.011 1.227 4.462 2 2 2 2 2 2
1998-11-30T22:30:00 1998 11 30 22 30 0 0.8 7.7 476.0 12.8 6.72 0.49 0.32 0.5 2 2 2 2 2 2 2 2 4.3 3.94 -15.0 7.7 7.7 7.7 7.7 7.7 7.7 0.712 0.608 0.449 0.566 0.388 1.851 2 2 2 2 2 2
1998-11-30T23:30:00 1998 11 30 23 30 0 -4.6 -5.2 469.0 12.8 6.04 2.14 2.98 3.82 2 2 2 2 2 2 2 2 4.3 4.06 -9.0 -5.2 -5.2 -5.2 -5.2 -5.2 -5.2 0.728 0.722 0.462 0.697 0.882 2.632 2 2 2 2 2 2
