1998-06-08T00:30:00 1998 6 8 0 30 0 1.9 -3.5 540.0 2.1 1.22 4.51 10.23 2.05 2 2 2 2 2 2 2 2 3.0 2.54 -24.0 -3.5 -3.5 -3.5 -3.5 -3.5 -3.5 0.478 0.516 0.447 0.597 0.987 0.648 2 2 2 2 2 2
1998-06-08T01:30:00 1998 6 8 1 30 0 1.0 -3.8 573.0 1.9 1.25 4.66 10.22 2.03 2 2 2 2 2 2 2 2 3.0 2.63 -32.0 -3.8 -3.8 -3.8 -3.8 -3.8 -3.8 0.578 0.575 0.472 0.699 1.049 0.697 2 2 2 2 2 2
1998-06-08T02:30:00 1998 6 8 2 30 0 1.3 -1.2 559.0 1.8 1.12 2.34 6.78 1.26 2 2 2 2 2 2 2 2 3.0 2.72 -31.0 -1.2 -1.2 -1.2 -1.2 -1.2 -1.2 0.542 0.489 0.477 0.563 0.786 0.57 2 2 2 2 2 2
1998-06-08T03:30:00 1998 6 8 3 30 0 -2.4 -0.7 557.0 1.8 1.12 0.57 2.59 0.47 2 2 2 2 2 2 2 2 2.0 2.68 -29.0 -0.7 -0.7 -0.7 -0.7 -0.7 -0.7 0.436 0.357 0.468 0.369 0.5 0.408 2 2 2 2 2 2
1998-06-08T04:30:00 1998 6 8 4 30 0 -3.8 -0.8 552.0 1.6 0.98 1.65 2.09 0.35 2 2 2 2 2 2 2 2 2.0 2.63 -28.0 -0.8 -0.8 -0.8 -0.8 -0.8 -0.8 0.355 0.28 0.459 0.25 0.384 0.314 2 2 2 2 2 2
1998-06-08T05:30:00 1998 6 8 5 30 0 -2.8 -2.1 546.0 1.7 1.01 2.45 4.12 0.69 2 2 2 2 2 2 2 2 2.0 2.54 -28.0 -2.1 -2.1 -2.1 -2.1 -2.1 -2.1 0.356 0.311 0.456 0.26 0.509 0.345 2 2 2 2 2 2
1998-06-08T06:30:00 1998 6 8 6 30 0 -3.0 -0.9 535.0 1.7 0.97 2.06 3.92 0.67 2 2 2 2 2 2 2 2 2.0 2.45 -30.0 -0.9 -0.9 -0.9 -0.9 -0.9 -0.9 0.335 0.299 0.451 0.231 0.463 0.323 2 2 2 2 2 2
1998-06-08T07:30:00 1998 6 8 7 30 0 -2.8 -2.1 535.0 1.6 0.92 2.13 4.15 0.68 2 2 2 2 2 2 2 2 2.0 2.36 -27.0 -2.1 -2.1 -2.1 -2.1 -2.1 -2.1 0.342 0.32 0.449 0.246 0.52 0.332 2 2 2 2 2 2
1998-06-08T08:30:00 1998 6 8 8 30 0 -3.0 -1.1 529.0 1.5 0.84 2.13 4.15 0.64 2 2 2 2 2 2 2 2 2.0 2.24 -25.0 -1.1 -1.1 -1.1 -1.1 -1.1 -1.1 0.329 0.307 0.445 0.229 0.471 0.3 2 2 2 2 2 2
1998-06-08T09:30:00 1998 6 8 9 30 0 -3.2 -1.0 536.0 1.4 0.8 1.77 2.79 0.4 2 2 2 2 2 2 2 2 1.7 2.08 -20.0 -1.0 -1.0 -1.0 -1.0 -1.0 -1.0 0.294 0.268 0.437 0.186 0.394 0.252 2 2 2 2 2 2
1998-06-08T10:30:00 1998 6 8 10 30 0 -4.4 -1.1 522.0 1.2 0.65 2.41 2.78 0.36 2 2 2 2 2 2 2 2 1.7 1.92 -20.0 -1.1 -1.1 -1.1 -1.1 -1.1 -1.1 0.268 0.245 0.429 0.16 0.358 0.211 2 2 2 2 2 2
1998-06-08T11:30:00 1998 6 8 11 30 0 -4.8 -1.9 524.0 1.3 0.71 3.69 4.01 0.5 2 2 2 2 2 2 2 2 1.7 1.88 -21.0 -1.9 -1.9 -1.9 -1.9 -1.9 -1.9 0.28 0.27 0.425 0.187 0.429 0.222 2 2 2 2 2 2
1998-06-08T12:30:00 1998 6 8 12 30 0 -3.3 -1.5 516.0 1.3 0.69 3.2 4.38 0.57 2 2 2 2 2 2 2 2 2.3 1.92 -27.0 -1.5 -1.5 -1.5 -1.5 -1.5 -1.5 0.29 0.284 0.422 0.201 0.443 0.225 2 2 2 2 2 2
1998-06-08T13:30:00 1998 6 8 13 30 0 -5.2 -2.0 537.0 1.4 0.81 3.74 4.67 0.63 2 2 2 2 2 2 2 2 2.3 1.96 -30.0 -2.0 -2.0 -2.0 -2.0 -2.0 -2.0 0.31 0.308 0.421 0.231 0.499 0.256 2 2 2 2 2 2
1998-06-08T14:30:00 1998 6 8 14 30 0 -5.6 -2.8 539.0 1.4 0.81 6.13 6.55 0.92 2 2 2 2 2 2 2 2 2.3 2.0 -29.0 -2.8 -2.8 -2.8 -2.8 -2.8 -2.8 0.364 0.363 0.426 0.314 0.621 0.31 2 2 2 2 2 2
1998-06-08T15:30:00 1998 6 8 15 30 0 -4.2 -1.5 483.0 1.3 0.61 4.65 5.36 0.72 2 2 2 2 2 2 2 2 3.0 2.14 -26.0 -1.5 -1.5 -1.5 -1.5 -1.5 -1.5 0.362 0.347 0.425 0.294 0.521 0.267 2 2 2 2 2 2
1998-06-08T16:30:00 1998 6 8 16 30 0 -3.9 -5.0 519.0 1.5 0.81 6.01 8.58 1.22 2 2 2 2 2 2 2 2 3.0 2.27 -22.0 -5.0 -5.0 -5.0 -5.0 -5.0 -5.0 0.457 0.45 0.44 0.467 0.746 0.344 2 2 2 2 2 2
1998-06-08T17:30:00 1998 6 8 17 30 0 -3.9 -4.5 514.0 1.4 0.74 8.77 12.21 1.77 2 2 2 2 2 2 2 2 3.0 2.43 -28.0 -4.5 -4.5 -4.5 -4.5 -4.5 -4.5 0.567 0.54 0.466 0.648 0.892 0.404 2 2 2 2 2 2
1998-06-08T18:30:00 1998 6 8 18 30 0 -3.9 -4.1 490.0 1.3 0.62 7.45 10.73 1.45 2 2 2 2 2 2 2 2 2.7 2.55 -36.0 -4.1 -4.1 -4.1 -4.1 -4.1 -4.1 0.607 0.553 0.482 0.68 0.844 0.375 2 2 2 2 2 2
1998-06-08T19:30:00 1998 6 8 19 30 0 -3.5 -2.4 489.0 1.2 0.57 4.91 7.78 0.97 2 2 2 2 2 2 2 2 2.7 2.67 -40.0 -2.4 -2.4 -2.4 -2.4 -2.4 -2.4 0.569 0.489 0.486 0.571 0.675 0.303 2 2 2 2 2 2
1998-06-08T20:30:00 1998 6 8 20 30 0 -3.7 -2.5 448.0 1.3 0.52 3.46 5.73 0.72 2 2 2 2 2 2 2 2 2.7 2.72 -39.0 -2.5 -2.5 -2.5 -2.5 -2.5 -2.5 0.514 0.434 0.484 0.46 0.55 0.248 2 2 2 2 2 2
1998-06-08T21:30:00 1998 6 8 21 30 0 -3.2 -0.3 402.0 1.2 0.39 1.92 2.81 0.35 2 2 2 2 2 2 2 2 1.7 2.63 -36.0 -0.3 -0.3 -0.3 -0.3 -0.3 -0.3 0.404 0.313 0.473 0.301 0.315 0.158 2 2 2 2 2 2
1998-06-08T22:30:00 1998 6 8 22 30 0 -2.0 2.5 423.0 1.9 0.68 0.36 0.01 0.0 2 2 2 2 2 2 2 2 1.7 2.55 -28.0 2.5 2.5 2.5 2.5 2.5 2.5 0.274 0.156 0.458 0.169 0.1 0.066 2 2 2 2 2 2
1998-06-08T23:30:00 1998 6 8 23 30 0 -4.5 -0.7 435.0 1.7 0.64 0.89 0.24 0.04 2 2 2 2 2 2 2 2 1.7 2.38 -22.0 -0.7 -0.7 -0.7 -0.7 -0.7 -0.7 0.198 0.107 0.445 0.103 0.085 0.054 2 2 2 2 2 2
