1998-05-28T00:30:00 1998 5 28 0 30 0 -3.6 -1.4 340.0 8.0 1.71 1.82 2.3 1.68 2 2 2 2 2 2 2 2 0.7 1.38 -15.0 -1.4 -1.4 -1.4 -1.4 -1.4 -1.4 0.483 0.628 0.416 0.301 0.447 0.814 2 2 2 2 2 2
1998-05-28T01:30:00 1998 5 28 1 30 0 -3.7 -1.8 343.0 8.8 1.92 1.83 2.76 2.33 2 2 2 2 2 2 2 2 0.7 1.3 -12.0 -1.8 -1.8 -1.8 -1.8 -1.8 -1.8 0.478 0.647 0.411 0.299 0.494 0.908 2 2 2 2 2 2
1998-05-28T02:30:00 1998 5 28 2 30 0 -4.2 -1.0 346.0 10.0 2.21 1.86 2.35 2.21 2 2 2 2 2 2 2 2 0.7 1.26 -11.0 -1.0 -1.0 -1.0 -1.0 -1.0 -1.0 0.45 0.613 0.405 0.264 0.457 0.951 2 2 2 2 2 2
1998-05-28T03:30:00 1998 5 28 3 30 0 -2.1 2.2 348.0 11.8 2.76 0.6 0.2 0.21 2 2 2 2 2 2 2 2 1.3 1.29 -8.0 2.2 2.2 2.2 2.2 2.2 2.2 0.31 0.321 0.392 0.15 0.158 0.437 2 2 2 2 2 2
1998-05-28T04:30:00 1998 5 28 4 30 0 0.3 -1.6 346.0 13.3 2.91 0.14 0.7 0.92 2 2 2 2 2 2 2 2 1.3 1.33 -3.0 -1.6 -1.6 -1.6 -1.6 -1.6 -1.6 0.281 0.345 0.383 0.142 0.262 0.686 2 2 2 2 2 2
1998-05-28T05:30:00 1998 5 28 5 30 0 -0.2 -0.2 344.0 14.0 3.02 0.19 1.45 1.97 2 2 2 2 2 2 2 2 1.3 1.24 -8.0 -0.2 -0.2 -0.2 -0.2 -0.2 -0.2 0.273 0.384 0.375 0.131 0.286 0.887 2 2 2 2 2 2
1998-05-28T06:30:00 1998 5 28 6 30 0 0.1 1.9 343.0 14.8 3.23 0.0 0.0 0.01 2 2 2 2 2 2 2 2 0.7 1.08 -6.0 1.9 1.9 1.9 1.9 1.9 1.9 0.185 0.19 0.363 0.074 0.091 0.368 2 2 2 2 2 2
1998-05-28T07:30:00 1998 5 28 7 30 0 1.2 1.4 349.0 13.8 3.09 0.01 0.0 0.0 2 2 2 2 2 2 2 2 0.7 0.93 -4.0 1.4 1.4 1.4 1.4 1.4 1.4 0.125 0.095 0.352 0.041 0.029 0.153 2 2 2 2 2 2
1998-05-28T08:30:00 1998 5 28 8 30 0 3.2 2.8 350.0 9.0 1.93 0.13 0.0 0.0 2 2 2 2 2 2 2 2 0.7 0.92 -4.0 2.8 2.8 2.8 2.8 2.8 2.8 0.085 0.047 0.342 0.023 0.009 0.063 2 2 2 2 2 2
1998-05-28T09:30:00 1998 5 28 9 30 0 3.7 3.3 352.0 7.5 1.63 0.29 0.0 0.0 2 2 2 2 2 2 2 2 0.3 0.87 -4.0 3.3 3.3 3.3 3.3 3.3 3.3 0.057 0.023 0.331 0.013 0.003 0.026 2 2 2 2 2 2
1998-05-28T10:30:00 1998 5 28 10 30 0 4.3 2.3 351.0 8.4 1.85 0.48 0.0 0.0 2 2 2 2 2 2 2 2 0.3 0.81 -2.0 2.3 2.3 2.3 2.3 2.3 2.3 0.039 0.012 0.321 0.007 0.001 0.011 2 2 2 2 2 2
1998-05-28T11:30:00 1998 5 28 11 30 0 3.8 0.2 353.0 8.0 1.76 0.78 0.0 0.0 2 2 2 2 2 2 2 2 0.3 0.69 -2.0 0.2 0.2 0.2 0.2 0.2 0.2 0.026 0.006 0.311 0.004 0.0 0.005 2 2 2 2 2 2
1998-05-28T12:30:00 1998 5 28 12 30 0 2.0 1.5 342.0 8.0 1.62 0.41 0.0 0.0 2 2 2 2 2 2 2 2 1.0 0.66 -2.0 1.5 1.5 1.5 1.5 1.5 1.5 0.018 0.003 0.302 0.002 0.0 0.002 2 2 2 2 2 2
1998-05-28T13:30:00 1998 5 28 13 30 0 3.6 1.7 354.0 7.3 1.83 0.29 0.0 0.0 2 2 2 2 2 2 2 2 1.0 0.63 0.0 1.7 1.7 1.7 1.7 1.7 1.7 0.012 0.001 0.293 0.001 0.0 0.001 2 2 2 2 2 2
1998-05-28T14:30:00 1998 5 28 14 30 0 2.3 0.9 346.0 7.6 1.82 0.34 0.0 0.0 2 2 2 2 2 2 2 2 1.0 0.67 0.0 0.9 0.9 0.9 0.9 0.9 0.9 0.008 0.001 0.284 0.001 0.0 0.0 2 2 2 2 2 2
1998-05-28T15:30:00 1998 5 28 15 30 0 2.2 -0.4 346.0 9.9 2.11 0.33 0.14 0.13 2 2 2 2 2 2 2 2 0.7 0.67 1.0 -0.4 -0.4 -0.4 -0.4 -0.4 -0.4 0.022 0.056 0.275 0.008 0.063 0.146 2 2 2 2 2 2
1998-05-28T16:30:00 1998 5 28 16 30 0 -3.6 0.5 346.0 12.2 2.71 0.23 0.13 0.13 2 2 2 2 2 2 2 2 0.7 0.67 2.0 0.5 0.5 0.5 0.5 0.5 0.5 0.02 0.043 0.267 0.006 0.033 0.101 2 2 2 2 2 2
1998-05-28T17:30:00 1998 5 28 17 30 0 -5.3 0.3 349.0 13.1 2.93 1.26 0.0 0.0 2 2 2 2 2 2 2 2 0.7 0.72 1.0 0.3 0.3 0.3 0.3 0.3 0.3 0.013 0.021 0.259 0.003 0.01 0.042 2 2 2 2 2 2
1998-05-28T18:30:00 1998 5 28 18 30 0 -5.7 1.3 352.0 15.0 3.39 1.66 0.0 0.0 2 2 2 2 2 2 2 2 1.7 0.89 1.0 1.3 1.3 1.3 1.3 1.3 1.3 0.009 0.011 0.251 0.002 0.003 0.017 2 2 2 2 2 2
1998-05-28T19:30:00 1998 5 28 19 30 0 -5.5 0.7 348.0 17.6 3.87 1.65 0.0 0.0 2 2 2 2 2 2 2 2 1.7 1.07 1.0 0.7 0.7 0.7 0.7 0.7 0.7 0.006 0.005 0.243 0.001 0.001 0.007 2 2 2 2 2 2
1998-05-28T20:30:00 1998 5 28 20 30 0 -0.8 -1.1 347.0 27.1 5.86 0.8 0.67 1.69 2 2 2 2 2 2 2 2 1.7 1.16 5.0 -1.1 -1.1 -1.1 -1.1 -1.1 -1.1 0.087 0.247 0.239 0.058 0.262 1.231 2 2 2 2 2 2
1998-05-28T21:30:00 1998 5 28 21 30 0 1.5 5.2 352.0 25.0 5.42 0.01 0.09 0.24 2 2 2 2 2 2 2 2 3.0 1.42 4.0 5.2 5.2 5.2 5.2 5.2 5.2 0.059 0.123 0.231 0.033 0.083 0.511 2 2 2 2 2 2
1998-05-28T22:30:00 1998 5 28 22 30 0 3.3 5.0 365.0 19.0 5.06 0.08 0.0 0.0 2 2 2 2 2 2 2 2 3.0 1.68 6.0 5.0 5.0 5.0 5.0 5.0 5.0 0.04 0.061 0.224 0.018 0.026 0.212 2 2 2 2 2 2
1998-05-28T23:30:00 1998 5 28 23 30 0 3.5 1.0 362.0 15.2 3.98 0.34 0.0 0.0 2 2 2 2 2 2 2 2 3.0 1.96 4.0 1.0 1.0 1.0 1.0 1.0 1.0 0.027 0.03 0.218 0.01 0.008 0.088 2 2 2 2 2 2
