1998-03-19T00:30:00 1998 3 19 0 30 0 -3.2 3.2 332.0 5.0 1.1 1.09 1.23 0.63 2 2 2 2 2 2 2 2 1.3 1.28 -23.0 3.2 3.2 3.2 3.2 3.2 3.2 0.286 0.362 0.23 0.203 0.223 0.287 2 2 2 2 2 2
1998-03-19T01:30:00 1998 3 19 1 30 0 -4.1 2.7 321.0 4.5 0.93 0.34 0.0 0.0 2 2 2 2 2 2 2 2 1.3 1.35 -22.0 2.7 2.7 2.7 2.7 2.7 2.7 0.194 0.18 0.223 0.114 0.071 0.119 2 2 2 2 2 2
1998-03-19T02:30:00 1998 3 19 2 30 0 -4.2 -0.1 306.0 3.7 0.69 0.75 0.01 0.0 2 2 2 2 2 2 2 2 1.3 1.42 -20.0 -0.1 -0.1 -0.1 -0.1 -0.1 -0.1 0.134 0.1 0.217 0.064 0.033 0.06 2 2 2 2 2 2
1998-03-19T03:30:00 1998 3 19 3 30 0 -3.6 -1.5 303.0 3.9 0.72 1.31 1.3 0.5 2 2 2 2 2 2 2 2 0.3 1.35 -20.0 -1.5 -1.5 -1.5 -1.5 -1.5 -1.5 0.156 0.214 0.212 0.081 0.164 0.143 2 2 2 2 2 2
1998-03-19T04:30:00 1998 3 19 4 30 0 -2.4 0.4 291.0 3.7 0.59 0.73 0.8 0.31 2 2 2 2 2 2 2 2 0.3 1.29 -20.0 0.4 0.4 0.4 0.4 0.4 0.4 0.13 0.169 0.206 0.058 0.1 0.104 2 2 2 2 2 2
1998-03-19T05:30:00 1998 3 19 5 30 0 -2.9 0.0 292.0 3.5 0.6 0.39 0.0 0.0 2 2 2 2 2 2 2 2 0.3 1.08 -18.0 0.0 0.0 0.0 0.0 0.0 0.0 0.088 0.084 0.2 0.033 0.032 0.043 2 2 2 2 2 2
1998-03-19T06:30:00 1998 3 19 6 30 0 -2.5 -0.8 288.0 3.6 0.6 0.56 0.63 0.22 2 2 2 2 2 2 2 2 0.3 0.87 -16.0 -0.8 -0.8 -0.8 -0.8 -0.8 -0.8 0.094 0.142 0.195 0.036 0.097 0.085 2 2 2 2 2 2
1998-03-19T07:30:00 1998 3 19 7 30 0 -1.3 0.4 283.0 3.6 0.58 0.26 0.33 0.12 2 2 2 2 2 2 2 2 0.3 0.66 -15.0 0.4 0.4 0.4 0.4 0.4 0.4 0.074 0.101 0.189 0.024 0.052 0.055 2 2 2 2 2 2
1998-03-19T08:30:00 1998 3 19 8 30 0 0.2 -1.3 288.0 3.9 0.65 0.12 0.79 0.3 2 2 2 2 2 2 2 2 0.3 0.54 -12.0 -1.3 -1.3 -1.3 -1.3 -1.3 -1.3 0.095 0.173 0.185 0.042 0.126 0.105 2 2 2 2 2 2
1998-03-19T09:30:00 1998 3 19 9 30 0 -3.3 -1.3 303.0 4.6 0.73 0.65 1.92 0.82 2 2 2 2 2 2 2 2 0.7 0.47 -12.0 -1.3 -1.3 -1.3 -1.3 -1.3 -1.3 0.148 0.29 0.182 0.083 0.22 0.195 2 2 2 2 2 2
1998-03-19T10:30:00 1998 3 19 10 30 0 -4.3 -1.5 303.0 5.2 0.95 1.59 2.13 1.05 2 2 2 2 2 2 2 2 0.7 0.4 -12.0 -1.5 -1.5 -1.5 -1.5 -1.5 -1.5 0.198 0.376 0.18 0.12 0.279 0.278 2 2 2 2 2 2
1998-03-19T11:30:00 1998 3 19 11 30 0 -4.4 -1.4 301.0 5.2 0.94 1.9 2.18 1.13 2 2 2 2 2 2 2 2 0.7 0.46 -12.0 -1.4 -1.4 -1.4 -1.4 -1.4 -1.4 0.233 0.422 0.179 0.141 0.298 0.319 2 2 2 2 2 2
1998-03-19T12:30:00 1998 3 19 12 30 0 -3.8 -0.8 300.0 4.9 0.77 1.51 1.62 0.82 2 2 2 2 2 2 2 2 1.0 0.54 -11.0 -0.8 -0.8 -0.8 -0.8 -0.8 -0.8 0.229 0.39 0.176 0.125 0.251 0.289 2 2 2 2 2 2
1998-03-19T13:30:00 1998 3 19 13 30 0 -2.5 0.3 298.0 4.6 0.82 0.68 0.39 0.19 2 2 2 2 2 2 2 2 1.0 0.63 -11.0 0.3 0.3 0.3 0.3 0.3 0.3 0.169 0.231 0.171 0.076 0.107 0.154 2 2 2 2 2 2
1998-03-19T14:30:00 1998 3 19 14 30 0 -1.1 -2.2 299.0 5.1 0.81 0.55 1.59 0.79 2 2 2 2 2 2 2 2 1.0 0.72 -12.0 -2.2 -2.2 -2.2 -2.2 -2.2 -2.2 0.204 0.334 0.169 0.114 0.236 0.245 2 2 2 2 2 2
1998-03-19T15:30:00 1998 3 19 15 30 0 -1.1 -1.6 297.0 5.6 0.99 0.75 2.79 1.5 2 2 2 2 2 2 2 2 1.0 0.81 -12.0 -1.6 -1.6 -1.6 -1.6 -1.6 -1.6 0.26 0.444 0.169 0.164 0.317 0.337 2 2 2 2 2 2
1998-03-19T16:30:00 1998 3 19 16 30 0 1.7 -1.5 301.0 5.7 1.03 0.51 2.31 1.31 2 2 2 2 2 2 2 2 1.0 0.89 -9.0 -1.5 -1.5 -1.5 -1.5 -1.5 -1.5 0.284 0.477 0.168 0.175 0.325 0.372 2 2 2 2 2 2
1998-03-19T17:30:00 1998 3 19 17 30 0 -0.9 -0.7 302.0 7.1 1.3 0.28 1.61 1.02 2 2 2 2 2 2 2 2 1.0 0.93 -8.0 -0.7 -0.7 -0.7 -0.7 -0.7 -0.7 0.27 0.436 0.166 0.147 0.274 0.377 2 2 2 2 2 2
1998-03-19T18:30:00 1998 3 19 18 30 0 0.5 -2.1 309.0 8.4 1.6 0.44 2.23 1.77 2 2 2 2 2 2 2 2 0.7 0.92 -5.0 -2.1 -2.1 -2.1 -2.1 -2.1 -2.1 0.314 0.532 0.166 0.192 0.376 0.559 2 2 2 2 2 2
1998-03-19T19:30:00 1998 3 19 19 30 0 -3.1 0.5 320.0 9.4 1.93 0.4 1.19 1.04 2 2 2 2 2 2 2 2 0.7 0.92 -5.0 0.5 0.5 0.5 0.5 0.5 0.5 0.262 0.386 0.163 0.139 0.217 0.417 2 2 2 2 2 2
1998-03-19T20:30:00 1998 3 19 20 30 0 -2.9 -1.2 319.0 10.4 2.12 0.75 0.76 0.77 2 2 2 2 2 2 2 2 0.7 0.88 -5.0 -1.2 -1.2 -1.2 -1.2 -1.2 -1.2 0.241 0.37 0.16 0.12 0.245 0.512 2 2 2 2 2 2
1998-03-19T21:30:00 1998 3 19 21 30 0 -2.8 -1.8 322.0 11.4 2.36 1.23 2.45 2.68 2 2 2 2 2 2 2 2 1.7 0.98 -3.0 -1.8 -1.8 -1.8 -1.8 -1.8 -1.8 0.316 0.548 0.162 0.195 0.423 0.884 2 2 2 2 2 2
1998-03-19T22:30:00 1998 3 19 22 30 0 -3.9 0.2 327.0 12.6 2.69 1.08 1.19 1.41 2 2 2 2 2 2 2 2 1.7 1.07 0.0 0.2 0.2 0.2 0.2 0.2 0.2 0.273 0.42 0.159 0.146 0.258 0.682 2 2 2 2 2 2
1998-03-19T23:30:00 1998 3 19 23 30 0 -1.7 -3.9 319.0 10.9 2.22 1.71 3.25 3.7 2 2 2 2 2 2 2 2 1.7 1.16 -4.0 -3.9 -3.9 -3.9 -3.9 -3.9 -3.9 0.409 0.701 0.167 0.323 0.566 1.15 2 2 2 2 2 2
