1998-12-22T00:30:00 1998 12 22 0 30 0 4.3 6.3 377.0 15.1 4.29 0.48 0.0 0.0 2 2 2 2 2 2 2 2 1.3 1.08 16.0 6.3 6.3 6.3 6.3 6.3 6.3 0.006 0.002 0.168 0.0 0.0 0.001 2 2 2 2 2 2
1998-12-22T01:30:00 1998 12 22 1 30 0 8.8 3.9 374.0 15.1 4.22 1.39 0.0 0.0 2 2 2 2 2 2 2 2 1.3 1.08 19.0 3.9 3.9 3.9 3.9 3.9 3.9 0.004 0.001 0.163 0.0 0.0 0.0 2 2 2 2 2 2
1998-12-22T02:30:00 1998 12 22 2 30 0 9.0 6.0 383.0 15.7 4.61 2.53 0.0 0.0 2 2 2 2 2 2 2 2 1.3 1.16 18.0 6.0 6.0 6.0 6.0 6.0 6.0 0.003 0.0 0.158 0.0 0.0 0.0 2 2 2 2 2 2
1998-12-22T03:30:00 1998 12 22 3 30 0 7.9 3.6 366.0 11.5 3.08 2.27 0.0 0.0 2 2 2 2 2 2 2 2 1.0 1.19 17.0 3.6 3.6 3.6 3.6 3.6 3.6 0.002 0.0 0.153 0.0 0.0 0.0 2 2 2 2 2 2
1998-12-22T04:30:00 1998 12 22 4 30 0 7.5 1.8 357.0 10.8 2.75 2.44 0.0 0.0 2 2 2 2 2 2 2 2 1.0 1.22 18.0 1.8 1.8 1.8 1.8 1.8 1.8 0.001 0.0 0.149 0.0 0.0 0.0 2 2 2 2 2 2
1998-12-22T05:30:00 1998 12 22 5 30 0 7.9 3.0 365.0 11.8 3.14 2.54 0.0 0.0 2 2 2 2 2 2 2 2 1.0 1.18 16.0 3.0 3.0 3.0 3.0 3.0 3.0 0.001 0.0 0.144 0.0 0.0 0.0 2 2 2 2 2 2
1998-12-22T06:30:00 1998 12 22 6 30 0 6.6 2.8 340.0 9.5 2.2 1.95 0.0 0.0 2 2 2 2 2 2 2 2 0.7 1.11 10.0 2.8 2.8 2.8 2.8 2.8 2.8 0.001 0.0 0.14 0.0 0.0 0.0 2 2 2 2 2 2
1998-12-22T07:30:00 1998 12 22 7 30 0 6.5 0.1 347.0 10.8 2.6 2.12 0.0 0.0 2 2 2 2 2 2 2 2 0.7 1.03 10.0 0.1 0.1 0.1 0.1 0.1 0.1 0.0 0.0 0.136 0.0 0.0 0.0 2 2 2 2 2 2
1998-12-22T08:30:00 1998 12 22 8 30 0 5.5 0.9 337.0 10.9 2.27 2.06 0.0 0.0 2 2 2 2 2 2 2 2 0.7 0.96 7.0 0.9 0.9 0.9 0.9 0.9 0.9 0.0 0.0 0.131 0.0 0.0 0.0 2 2 2 2 2 2
1998-12-22T09:30:00 1998 12 22 9 30 0 3.2 3.9 335.0 11.5 2.41 0.64 0.0 0.0 2 2 2 2 2 2 2 2 0.3 0.83 6.0 3.9 3.9 3.9 3.9 3.9 3.9 0.0 0.0 0.127 0.0 0.0 0.0 2 2 2 2 2 2
1998-12-22T10:30:00 1998 12 22 10 30 0 5.0 0.4 328.0 10.7 2.3 0.69 0.0 0.0 2 2 2 2 2 2 2 2 0.3 0.7 6.0 0.4 0.4 0.4 0.4 0.4 0.4 0.0 0.0 0.124 0.0 0.0 0.0 2 2 2 2 2 2
1998-12-22T11:30:00 1998 12 22 11 30 0 5.1 -1.5 326.0 10.1 2.15 2.01 1.07 1.1 2 2 2 2 2 2 2 2 0.3 0.62 7.0 -1.5 -1.5 -1.5 -1.5 -1.5 -1.5 0.084 0.224 0.123 0.062 0.226 0.436 2 2 2 2 2 2
1998-12-22T12:30:00 1998 12 22 12 30 0 5.7 0.3 329.0 9.6 2.08 2.19 0.92 0.91 2 2 2 2 2 2 2 2 0.3 0.53 7.0 0.3 0.3 0.3 0.3 0.3 0.3 0.099 0.22 0.121 0.058 0.163 0.389 2 2 2 2 2 2
1998-12-22T13:30:00 1998 12 22 13 30 0 4.7 2.9 330.0 9.0 1.96 1.12 0.0 0.0 2 2 2 2 2 2 2 2 0.3 0.44 7.0 2.9 2.9 2.9 2.9 2.9 2.9 0.067 0.109 0.117 0.033 0.052 0.161 2 2 2 2 2 2
1998-12-22T14:30:00 1998 12 22 14 30 0 5.5 0.1 325.0 8.7 1.84 1.2 0.0 0.0 2 2 2 2 2 2 2 2 0.3 0.4 7.0 0.1 0.1 0.1 0.1 0.1 0.1 0.046 0.054 0.113 0.018 0.016 0.067 2 2 2 2 2 2
1998-12-22T15:30:00 1998 12 22 15 30 0 3.5 1.9 322.0 8.9 1.66 0.94 0.0 0.0 2 2 2 2 2 2 2 2 0.7 0.4 7.0 1.9 1.9 1.9 1.9 1.9 1.9 0.031 0.027 0.11 0.01 0.005 0.028 2 2 2 2 2 2
1998-12-22T16:30:00 1998 12 22 16 30 0 1.9 1.5 314.0 9.2 1.67 0.21 0.0 0.0 2 2 2 2 2 2 2 2 0.7 0.4 5.0 1.5 1.5 1.5 1.5 1.5 1.5 0.021 0.013 0.107 0.006 0.002 0.012 2 2 2 2 2 2
1998-12-22T17:30:00 1998 12 22 17 30 0 4.5 -1.0 330.0 8.9 1.73 0.8 0.4 0.36 2 2 2 2 2 2 2 2 0.7 0.46 7.0 -1.0 -1.0 -1.0 -1.0 -1.0 -1.0 0.052 0.117 0.104 0.028 0.119 0.212 2 2 2 2 2 2
1998-12-22T18:30:00 1998 12 22 18 30 0 4.3 -5.4 353.0 9.7 2.13 4.43 5.84 5.5 2 2 2 2 2 2 2 2 2.7 0.77 7.0 -5.4 -5.4 -5.4 -5.4 -5.4 -5.4 0.367 0.684 0.126 0.446 0.732 1.152 2 2 2 2 2 2
1998-12-22T19:30:00 1998 12 22 19 30 0 3.8 -1.1 352.0 12.1 2.64 3.85 5.41 5.8 2 2 2 2 2 2 2 2 2.7 1.08 5.0 -1.1 -1.1 -1.1 -1.1 -1.1 -1.1 0.496 0.822 0.14 0.515 0.734 1.496 2 2 2 2 2 2
1998-12-22T20:30:00 1998 12 22 20 30 0 -0.4 5.0 358.0 11.5 2.77 0.23 0.1 0.12 2 2 2 2 2 2 2 2 2.7 1.38 4.0 5.0 5.0 5.0 5.0 5.0 5.0 0.336 0.408 0.136 0.288 0.232 0.62 2 2 2 2 2 2
1998-12-22T21:30:00 1998 12 22 21 30 0 3.7 4.0 358.0 11.2 2.79 0.08 0.0 0.0 2 2 2 2 2 2 2 2 1.0 1.46 8.0 4.0 4.0 4.0 4.0 4.0 4.0 0.227 0.203 0.132 0.161 0.074 0.257 2 2 2 2 2 2
1998-12-22T22:30:00 1998 12 22 22 30 0 5.1 2.9 359.0 10.6 2.65 0.56 0.0 0.0 2 2 2 2 2 2 2 2 1.0 1.53 9.0 2.9 2.9 2.9 2.9 2.9 2.9 0.154 0.101 0.128 0.09 0.023 0.107 2 2 2 2 2 2
1998-12-22T23:30:00 1998 12 22 23 30 0 6.2 0.3 355.0 9.4 2.37 1.6 0.0 0.0 2 2 2 2 2 2 2 2 1.0 1.56 7.0 0.3 0.3 0.3 0.3 0.3 0.3 0.104 0.05 0.124 0.051 0.007 0.044 2 2 2 2 2 2
