1998-01-25T00:30:00 1998 1 25 0 30 0 -5.0 -0.2 401.0 8.6 2.72 1.96 1.04 0.86 2 2 2 2 2 2 2 2 2.0 1.96 8.0 -0.2 -0.2 -0.2 -0.2 -0.2 -0.2 0.346 0.431 0.123 0.227 0.36 0.83 2 2 2 2 2 2
1998-01-25T01:30:00 1998 1 25 1 30 0 -5.2 0.0 413.0 8.1 2.69 2.14 0.19 0.16 2 2 2 2 2 2 2 2 2.0 2.16 7.0 0.0 0.0 0.0 0.0 0.0 0.0 0.244 0.247 0.12 0.13 0.152 0.461 2 2 2 2 2 2
1998-01-25T02:30:00 1998 1 25 2 30 0 -3.5 -2.4 442.0 10.0 3.76 2.56 2.82 2.65 2 2 2 2 2 2 2 2 2.0 2.19 11.0 -2.4 -2.4 -2.4 -2.4 -2.4 -2.4 0.346 0.478 0.129 0.256 0.588 1.329 2 2 2 2 2 2
1998-01-25T03:30:00 1998 1 25 3 30 0 0.1 -2.9 441.0 7.6 3.12 2.34 5.9 5.11 2 2 2 2 2 2 2 2 4.0 2.48 0.0 -2.9 -2.9 -2.9 -2.9 -2.9 -2.9 0.517 0.721 0.151 0.478 0.918 1.867 2 2 2 2 2 2
1998-01-25T04:30:00 1998 1 25 4 30 0 3.6 -0.5 443.0 6.9 2.95 1.41 3.53 2.58 2 2 2 2 2 2 2 2 4.0 2.77 -5.0 -0.5 -0.5 -0.5 -0.5 -0.5 -0.5 0.491 0.62 0.157 0.394 0.666 1.463 2 2 2 2 2 2
1998-01-25T05:30:00 1998 1 25 5 30 0 1.0 3.4 443.0 7.2 2.94 0.33 0.03 0.02 2 2 2 2 2 2 2 2 4.0 2.94 -3.0 3.4 3.4 3.4 3.4 3.4 3.4 0.332 0.308 0.153 0.221 0.211 0.607 2 2 2 2 2 2
1998-01-25T06:30:00 1998 1 25 6 30 0 0.7 1.2 458.0 6.4 2.69 0.01 0.0 0.0 2 2 2 2 2 2 2 2 1.0 2.72 -2.0 1.2 1.2 1.2 1.2 1.2 1.2 0.225 0.153 0.148 0.124 0.067 0.252 2 2 2 2 2 2
1998-01-25T07:30:00 1998 1 25 7 30 0 -1.7 -0.2 455.0 5.8 2.29 0.08 0.05 0.03 2 2 2 2 2 2 2 2 1.0 2.49 -2.0 -0.2 -0.2 -0.2 -0.2 -0.2 -0.2 0.16 0.099 0.144 0.072 0.061 0.179 2 2 2 2 2 2
1998-01-25T08:30:00 1998 1 25 8 30 0 -3.2 0.6 438.0 5.1 1.91 0.52 0.04 0.02 2 2 2 2 2 2 2 2 1.0 2.36 -1.0 0.6 0.6 0.6 0.6 0.6 0.6 0.108 0.049 0.139 0.04 0.019 0.074 2 2 2 2 2 2
1998-01-25T09:30:00 1998 1 25 9 30 0 -2.6 2.8 431.0 4.6 1.82 0.36 0.0 0.0 2 2 2 2 2 2 2 2 0.7 2.18 2.0 2.8 2.8 2.8 2.8 2.8 2.8 0.073 0.024 0.135 0.023 0.006 0.031 2 2 2 2 2 2
1998-01-25T10:30:00 1998 1 25 10 30 0 -0.6 1.9 419.0 4.8 1.78 0.06 0.0 0.0 2 2 2 2 2 2 2 2 0.7 2.01 3.0 1.9 1.9 1.9 1.9 1.9 1.9 0.05 0.012 0.131 0.013 0.002 0.013 2 2 2 2 2 2
1998-01-25T11:30:00 1998 1 25 11 30 0 -0.1 -1.5 418.0 5.6 1.88 0.11 0.83 0.46 2 2 2 2 2 2 2 2 0.7 1.6 1.0 -1.5 -1.5 -1.5 -1.5 -1.5 -1.5 0.09 0.131 0.13 0.055 0.195 0.258 2 2 2 2 2 2
1998-01-25T12:30:00 1998 1 25 12 30 0 -3.2 2.4 422.0 6.1 2.21 0.23 0.48 0.27 2 2 2 2 2 2 2 2 2.0 1.37 -4.0 2.4 2.4 2.4 2.4 2.4 2.4 0.073 0.09 0.127 0.037 0.09 0.159 2 2 2 2 2 2
1998-01-25T13:30:00 1998 1 25 13 30 0 -2.3 1.3 418.0 9.1 2.91 0.27 0.0 0.0 2 2 2 2 2 2 2 2 2.0 1.15 -3.0 1.3 1.3 1.3 1.3 1.3 1.3 0.05 0.045 0.123 0.021 0.029 0.066 2 2 2 2 2 2
1998-01-25T14:30:00 1998 1 25 14 30 0 -2.2 -3.8 415.0 9.4 3.03 1.58 3.27 3.06 2 2 2 2 2 2 2 2 2.0 1.28 -5.0 -3.8 -3.8 -3.8 -3.8 -3.8 -3.8 0.244 0.418 0.136 0.27 0.592 1.09 2 2 2 2 2 2
1998-01-25T15:30:00 1998 1 25 15 30 0 0.1 -4.7 412.0 11.0 3.36 4.48 8.86 9.12 2 2 2 2 2 2 2 2 3.7 1.63 -10.0 -4.7 -4.7 -4.7 -4.7 -4.7 -4.7 0.608 0.939 0.178 0.779 1.198 2.405 2 2 2 2 2 2
1998-01-25T16:30:00 1998 1 25 16 30 0 3.9 -4.4 412.0 10.2 3.13 5.5 9.35 9.88 2 2 2 2 2 2 2 2 3.7 1.97 -13.0 -4.4 -4.4 -4.4 -4.4 -4.4 -4.4 0.864 1.206 0.22 1.079 1.39 2.939 2 2 2 2 2 2
1998-01-25T17:30:00 1998 1 25 17 30 0 5.6 -4.9 409.0 7.2 2.15 7.75 9.58 8.19 2 2 2 2 2 2 2 2 3.7 2.35 -21.0 -4.9 -4.9 -4.9 -4.9 -4.9 -4.9 1.012 1.28 0.259 1.218 1.377 2.647 2 2 2 2 2 2
1998-01-25T18:30:00 1998 1 25 18 30 0 7.1 0.1 397.0 8.4 2.37 5.58 4.45 3.39 2 2 2 2 2 2 2 2 3.0 2.63 -15.0 0.1 0.1 0.1 0.1 0.1 0.1 0.841 0.905 0.265 0.847 0.76 1.657 2 2 2 2 2 2
1998-01-25T19:30:00 1998 1 25 19 30 0 3.6 4.1 395.0 9.8 2.74 1.38 0.0 0.0 2 2 2 2 2 2 2 2 3.0 2.9 -11.0 4.1 4.1 4.1 4.1 4.1 4.1 0.57 0.449 0.256 0.474 0.241 0.687 2 2 2 2 2 2
1998-01-25T20:30:00 1998 1 25 20 30 0 3.5 1.2 416.0 8.4 2.52 0.44 0.0 0.0 2 2 2 2 2 2 2 2 3.0 3.02 -5.0 1.2 1.2 1.2 1.2 1.2 1.2 0.386 0.223 0.249 0.265 0.076 0.285 2 2 2 2 2 2
1998-01-25T21:30:00 1998 1 25 21 30 0 1.4 3.5 410.0 8.1 2.38 0.2 0.0 0.0 2 2 2 2 2 2 2 2 0.7 2.84 -1.0 3.5 3.5 3.5 3.5 3.5 3.5 0.261 0.111 0.241 0.149 0.024 0.118 2 2 2 2 2 2
1998-01-25T22:30:00 1998 1 25 22 30 0 1.8 4.1 415.0 3.1 1.07 0.03 0.0 0.0 2 2 2 2 2 2 2 2 0.7 2.65 -2.0 4.1 4.1 4.1 4.1 4.1 4.1 0.177 0.055 0.234 0.083 0.008 0.049 2 2 2 2 2 2
1998-01-25T23:30:00 1998 1 25 23 30 0 2.5 2.3 430.0 3.1 1.15 0.1 0.0 0.0 2 2 2 2 2 2 2 2 0.7 2.28 -4.0 2.3 2.3 2.3 2.3 2.3 2.3 0.12 0.027 0.227 0.047 0.002 0.02 2 2 2 2 2 2
