1998-07-10T00:30:00 1998 7 10 0 30 0 4.3 4.1 338.0 21.6 4.55 0.95 0.81 1.51 2 2 2 2 2 2 2 2 2.7 4.09 -26.0 4.1 4.1 4.1 4.1 4.1 4.1 1.068 0.943 0.563 0.797 0.433 1.966 2 2 2 2 2 2
1998-07-10T01:30:00 1998 7 10 1 30 0 5.3 4.4 336.0 18.7 3.92 0.53 0.0 0.0 2 2 2 2 2 2 2 2 2.7 3.88 -22.0 4.4 4.4 4.4 4.4 4.4 4.4 0.723 0.468 0.546 0.446 0.137 0.816 2 2 2 2 2 2
1998-07-10T02:30:00 1998 7 10 2 30 0 6.5 3.0 327.0 14.1 3.02 1.02 0.0 0.0 2 2 2 2 2 2 2 2 2.7 3.68 -20.0 3.0 3.0 3.0 3.0 3.0 3.0 0.49 0.233 0.529 0.25 0.043 0.338 2 2 2 2 2 2
1998-07-10T03:30:00 1998 7 10 3 30 0 8.0 1.7 320.0 8.3 1.7 2.09 0.0 0.0 2 2 2 2 2 2 2 2 1.0 3.25 -21.0 1.7 1.7 1.7 1.7 1.7 1.7 0.332 0.116 0.513 0.14 0.014 0.14 2 2 2 2 2 2
1998-07-10T04:30:00 1998 7 10 4 30 0 7.2 0.5 318.0 8.5 1.72 2.77 0.0 0.0 2 2 2 2 2 2 2 2 1.0 2.84 -19.0 0.5 0.5 0.5 0.5 0.5 0.5 0.224 0.057 0.498 0.078 0.004 0.058 2 2 2 2 2 2
1998-07-10T05:30:00 1998 7 10 5 30 0 5.3 3.9 310.0 8.2 1.58 1.44 0.0 0.0 2 2 2 2 2 2 2 2 1.0 2.42 -15.0 3.9 3.9 3.9 3.9 3.9 3.9 0.152 0.028 0.482 0.044 0.001 0.024 2 2 2 2 2 2
1998-07-10T06:30:00 1998 7 10 6 30 0 4.7 2.2 295.0 6.9 1.15 0.67 0.0 0.0 2 2 2 2 2 2 2 2 0.3 1.92 -13.0 2.2 2.2 2.2 2.2 2.2 2.2 0.103 0.014 0.468 0.025 0.0 0.01 2 2 2 2 2 2
1998-07-10T07:30:00 1998 7 10 7 30 0 5.1 2.8 307.0 4.6 0.87 0.72 0.0 0.0 2 2 2 2 2 2 2 2 0.3 1.43 -13.0 2.8 2.8 2.8 2.8 2.8 2.8 0.07 0.007 0.453 0.014 0.0 0.004 2 2 2 2 2 2
1998-07-10T08:30:00 1998 7 10 8 30 0 4.0 2.7 307.0 4.2 0.79 0.56 0.0 0.0 2 2 2 2 2 2 2 2 0.3 1.14 -15.0 2.7 2.7 2.7 2.7 2.7 2.7 0.047 0.003 0.44 0.008 0.0 0.002 2 2 2 2 2 2
1998-07-10T09:30:00 1998 7 10 9 30 0 3.7 1.6 309.0 4.7 0.9 0.44 0.0 0.0 2 2 2 2 2 2 2 2 0.7 0.9 -13.0 1.6 1.6 1.6 1.6 1.6 1.6 0.032 0.002 0.426 0.004 0.0 0.001 2 2 2 2 2 2
1998-07-10T10:30:00 1998 7 10 10 30 0 3.7 -0.2 310.0 5.6 1.08 0.69 0.03 0.02 2 2 2 2 2 2 2 2 0.7 0.66 -10.0 -0.2 -0.2 -0.2 -0.2 -0.2 -0.2 0.027 0.022 0.413 0.004 0.021 0.029 2 2 2 2 2 2
1998-07-10T11:30:00 1998 7 10 11 30 0 4.2 2.0 325.0 6.1 1.29 0.72 0.0 0.0 2 2 2 2 2 2 2 2 0.7 0.62 -7.0 2.0 2.0 2.0 2.0 2.0 2.0 0.018 0.011 0.401 0.002 0.007 0.012 2 2 2 2 2 2
1998-07-10T12:30:00 1998 7 10 12 30 0 1.5 2.1 333.0 7.2 1.5 0.23 0.0 0.0 2 2 2 2 2 2 2 2 0.3 0.54 -6.0 2.1 2.1 2.1 2.1 2.1 2.1 0.012 0.005 0.388 0.001 0.002 0.005 2 2 2 2 2 2
1998-07-10T13:30:00 1998 7 10 13 30 0 0.4 0.2 339.0 7.9 1.64 0.02 0.0 0.0 2 2 2 2 2 2 2 2 0.3 0.45 -6.0 0.2 0.2 0.2 0.2 0.2 0.2 0.008 0.003 0.377 0.001 0.001 0.002 2 2 2 2 2 2
1998-07-10T14:30:00 1998 7 10 14 30 0 0.7 1.6 344.0 7.7 1.67 0.0 0.0 0.0 2 2 2 2 2 2 2 2 0.3 0.45 -5.0 1.6 1.6 1.6 1.6 1.6 1.6 0.006 0.001 0.365 0.0 0.0 0.001 2 2 2 2 2 2
1998-07-10T15:30:00 1998 7 10 15 30 0 0.6 3.2 337.0 6.8 1.54 0.0 0.0 0.0 2 2 2 2 2 2 2 2 1.0 0.54 -5.0 3.2 3.2 3.2 3.2 3.2 3.2 0.004 0.001 0.354 0.0 0.0 0.0 2 2 2 2 2 2
1998-07-10T16:30:00 1998 7 10 16 30 0 2.6 0.2 339.0 5.9 1.36 0.12 0.0 0.0 2 2 2 2 2 2 2 2 1.0 0.63 -3.0 0.2 0.2 0.2 0.2 0.2 0.2 0.003 0.0 0.343 0.0 0.0 0.0 2 2 2 2 2 2
1998-07-10T17:30:00 1998 7 10 17 30 0 0.4 1.8 344.0 6.4 1.39 0.1 0.0 0.0 2 2 2 2 2 2 2 2 1.0 0.67 -1.0 1.8 1.8 1.8 1.8 1.8 1.8 0.002 0.0 0.333 0.0 0.0 0.0 2 2 2 2 2 2
1998-07-10T18:30:00 1998 7 10 18 30 0 3.9 1.0 346.0 6.5 1.45 0.25 0.0 0.0 2 2 2 2 2 2 2 2 1.0 0.71 0.0 1.0 1.0 1.0 1.0 1.0 1.0 0.001 0.0 0.322 0.0 0.0 0.0 2 2 2 2 2 2
1998-07-10T19:30:00 1998 7 10 19 30 0 3.1 4.6 353.0 7.8 1.79 0.34 0.0 0.0 2 2 2 2 2 2 2 2 1.0 0.75 2.0 4.6 4.6 4.6 4.6 4.6 4.6 0.001 0.0 0.313 0.0 0.0 0.0 2 2 2 2 2 2
1998-07-10T20:30:00 1998 7 10 20 30 0 2.5 3.4 353.0 9.5 2.17 0.13 0.0 0.0 2 2 2 2 2 2 2 2 1.0 0.83 0.0 3.4 3.4 3.4 3.4 3.4 3.4 0.001 0.0 0.303 0.0 0.0 0.0 2 2 2 2 2 2
1998-07-10T21:30:00 1998 7 10 21 30 0 3.9 -0.8 344.0 13.6 2.89 0.59 0.19 0.26 2 2 2 2 2 2 2 2 2.0 1.05 -2.0 -0.8 -0.8 -0.8 -0.8 -0.8 -0.8 0.028 0.081 0.295 0.019 0.094 0.239 2 2 2 2 2 2
1998-07-10T22:30:00 1998 7 10 22 30 0 4.0 5.4 343.0 13.8 2.94 0.56 0.04 0.06 2 2 2 2 2 2 2 2 2.0 1.26 -8.0 5.4 5.4 5.4 5.4 5.4 5.4 0.019 0.04 0.286 0.011 0.03 0.099 2 2 2 2 2 2
1998-07-10T23:30:00 1998 7 10 23 30 0 -2.9 2.6 335.0 14.9 3.13 0.06 0.0 0.0 2 2 2 2 2 2 2 2 2.0 1.39 -7.0 2.6 2.6 2.6 2.6 2.6 2.6 0.013 0.02 0.277 0.006 0.009 0.041 2 2 2 2 2 2
