1998-07-12T00:30:00 1998 7 12 0 30 0 11.1 -2.2 386.0 2.0 0.6 11.02 4.38 0.83 2 2 2 2 2 2 2 2 1.3 2.91 -28.0 -2.2 -2.2 -2.2 -2.2 -2.2 -2.2 0.533 0.477 0.457 0.375 0.446 0.267 2 2 2 2 2 2
1998-07-12T01:30:00 1998 7 12 1 30 0 12.0 -0.7 386.0 2.2 0.66 10.66 2.68 0.56 2 2 2 2 2 2 2 2 1.3 2.65 -26.0 -0.7 -0.7 -0.7 -0.7 -0.7 -0.7 0.434 0.378 0.447 0.266 0.322 0.213 2 2 2 2 2 2
1998-07-12T02:30:00 1998 7 12 2 30 0 12.8 2.5 381.0 1.9 0.55 8.88 0.1 0.02 2 2 2 2 2 2 2 2 1.3 2.32 -24.0 2.5 2.5 2.5 2.5 2.5 2.5 0.294 0.188 0.434 0.149 0.102 0.088 2 2 2 2 2 2
1998-07-12T03:30:00 1998 7 12 3 30 0 12.3 4.2 386.0 1.6 0.48 6.84 0.0 0.0 2 2 2 2 2 2 2 2 1.3 1.99 -22.0 4.2 4.2 4.2 4.2 4.2 4.2 0.199 0.093 0.421 0.083 0.032 0.037 2 2 2 2 2 2
1998-07-12T04:30:00 1998 7 12 4 30 0 11.5 6.1 383.0 2.0 0.59 5.0 0.0 0.0 2 2 2 2 2 2 2 2 1.3 1.66 -17.0 6.1 6.1 6.1 6.1 6.1 6.1 0.135 0.046 0.408 0.047 0.01 0.015 2 2 2 2 2 2
1998-07-12T05:30:00 1998 7 12 5 30 0 10.1 8.5 400.0 2.7 0.86 3.19 0.0 0.0 2 2 2 2 2 2 2 2 1.3 1.54 -12.0 8.5 8.5 8.5 8.5 8.5 8.5 0.091 0.023 0.395 0.026 0.003 0.006 2 2 2 2 2 2
1998-07-12T06:30:00 1998 7 12 6 30 0 7.5 -1.9 402.0 4.5 1.45 3.79 0.52 0.23 2 2 2 2 2 2 2 2 3.0 1.64 -6.0 -1.9 -1.9 -1.9 -1.9 -1.9 -1.9 0.105 0.101 0.386 0.059 0.14 0.135 2 2 2 2 2 2
1998-07-12T07:30:00 1998 7 12 7 30 0 9.3 -6.4 405.0 5.9 1.94 11.74 8.76 4.71 2 2 2 2 2 2 2 2 3.0 1.74 -13.0 -6.4 -6.4 -6.4 -6.4 -6.4 -6.4 0.439 0.632 0.412 0.579 0.867 0.914 2 2 2 2 2 2
1998-07-12T08:30:00 1998 7 12 8 30 0 9.3 -3.9 402.0 5.3 1.71 14.24 10.18 5.7 2 2 2 2 2 2 2 2 3.0 1.96 -21.0 -3.9 -3.9 -3.9 -3.9 -3.9 -3.9 0.66 0.877 0.439 0.835 1.037 1.198 2 2 2 2 2 2
1998-07-12T09:30:00 1998 7 12 9 30 0 9.8 -1.3 400.0 4.7 1.3 9.79 5.0 2.51 2 2 2 2 2 2 2 2 1.7 2.0 -18.0 -1.3 -1.3 -1.3 -1.3 -1.3 -1.3 0.623 0.748 0.439 0.647 0.736 0.949 2 2 2 2 2 2
1998-07-12T10:30:00 1998 7 12 10 30 0 9.7 -0.2 407.0 4.7 1.56 7.61 1.42 0.67 2 2 2 2 2 2 2 2 1.7 2.05 -11.0 -0.2 -0.2 -0.2 -0.2 -0.2 -0.2 0.475 0.492 0.428 0.395 0.386 0.6 2 2 2 2 2 2
1998-07-12T11:30:00 1998 7 12 11 30 0 8.2 2.5 418.0 4.5 1.57 4.86 0.0 0.0 2 2 2 2 2 2 2 2 1.7 2.09 -7.0 2.5 2.5 2.5 2.5 2.5 2.5 0.322 0.244 0.415 0.221 0.122 0.249 2 2 2 2 2 2
1998-07-12T12:30:00 1998 7 12 12 30 0 6.3 2.6 422.0 5.2 1.65 2.47 0.0 0.0 2 2 2 2 2 2 2 2 1.0 2.04 -6.0 2.6 2.6 2.6 2.6 2.6 2.6 0.218 0.121 0.402 0.124 0.039 0.103 2 2 2 2 2 2
1998-07-12T13:30:00 1998 7 12 13 30 0 8.3 2.5 427.0 4.3 1.57 2.67 0.0 0.0 2 2 2 2 2 2 2 2 1.0 1.99 -9.0 2.5 2.5 2.5 2.5 2.5 2.5 0.148 0.06 0.39 0.069 0.012 0.043 2 2 2 2 2 2
1998-07-12T14:30:00 1998 7 12 14 30 0 9.1 3.0 421.0 1.6 0.57 3.73 0.0 0.0 2 2 2 2 2 2 2 2 1.0 1.74 -14.0 3.0 3.0 3.0 3.0 3.0 3.0 0.1 0.03 0.378 0.039 0.004 0.018 2 2 2 2 2 2
1998-07-12T15:30:00 1998 7 12 15 30 0 8.5 3.3 419.0 1.6 0.56 3.52 0.0 0.0 2 2 2 2 2 2 2 2 0.7 1.46 -15.0 3.3 3.3 3.3 3.3 3.3 3.3 0.068 0.015 0.367 0.022 0.001 0.007 2 2 2 2 2 2
1998-07-12T16:30:00 1998 7 12 16 30 0 7.1 5.4 414.0 2.6 0.89 2.18 0.0 0.0 2 2 2 2 2 2 2 2 0.7 1.18 -14.0 5.4 5.4 5.4 5.4 5.4 5.4 0.046 0.007 0.356 0.012 0.0 0.003 2 2 2 2 2 2
1998-07-12T17:30:00 1998 7 12 17 30 0 6.2 5.6 412.0 2.5 0.85 1.21 0.0 0.0 2 2 2 2 2 2 2 2 0.7 1.05 -11.0 5.6 5.6 5.6 5.6 5.6 5.6 0.031 0.004 0.345 0.007 0.0 0.001 2 2 2 2 2 2
1998-07-12T18:30:00 1998 7 12 18 30 0 6.1 4.4 423.0 1.1 0.39 1.1 0.0 0.0 2 2 2 2 2 2 2 2 0.7 0.93 -10.0 4.4 4.4 4.4 4.4 4.4 4.4 0.021 0.002 0.334 0.004 0.0 0.001 2 2 2 2 2 2
1998-07-12T19:30:00 1998 7 12 19 30 0 6.0 3.9 432.0 2.6 0.97 1.23 0.0 0.0 2 2 2 2 2 2 2 2 0.7 0.81 -10.0 3.9 3.9 3.9 3.9 3.9 3.9 0.014 0.001 0.324 0.002 0.0 0.0 2 2 2 2 2 2
1998-07-12T20:30:00 1998 7 12 20 30 0 2.9 5.7 419.0 2.8 0.98 0.5 0.0 0.0 2 2 2 2 2 2 2 2 0.7 0.77 -12.0 5.7 5.7 5.7 5.7 5.7 5.7 0.01 0.0 0.314 0.001 0.0 0.0 2 2 2 2 2 2
1998-07-12T21:30:00 1998 7 12 21 30 0 1.8 5.1 419.0 2.5 0.88 0.07 0.0 0.0 2 2 2 2 2 2 2 2 1.7 0.87 -16.0 5.1 5.1 5.1 5.1 5.1 5.1 0.007 0.0 0.305 0.001 0.0 0.0 2 2 2 2 2 2
1998-07-12T22:30:00 1998 7 12 22 30 0 4.4 1.3 416.0 3.5 1.21 0.39 0.0 0.0 2 2 2 2 2 2 2 2 1.7 0.96 -15.0 1.3 1.3 1.3 1.3 1.3 1.3 0.004 0.0 0.295 0.0 0.0 0.0 2 2 2 2 2 2
1998-07-12T23:30:00 1998 7 12 23 30 0 3.4 1.4 427.0 3.6 1.31 0.78 0.0 0.0 2 2 2 2 2 2 2 2 1.7 1.09 -16.0 1.4 1.4 1.4 1.4 1.4 1.4 0.003 0.0 0.286 0.0 0.0 0.0 2 2 2 2 2 2
