1998-10-09T00:30:00 1998 10 9 0 30 0 5.3 -2.0 500.0 2.7 1.25 4.34 4.72 1.27 2 2 2 2 2 2 2 2 3.0 2.85 -38.0 -2.0 -2.0 -2.0 -2.0 -2.0 -2.0 0.319 0.393 0.533 0.274 0.606 0.521 2 2 2 2 2 2
1998-10-09T01:30:00 1998 10 9 1 30 0 4.6 -1.6 480.0 2.5 1.15 4.08 4.37 1.13 2 2 2 2 2 2 2 2 3.0 2.89 -42.0 -1.6 -1.6 -1.6 -1.6 -1.6 -1.6 0.346 0.406 0.528 0.282 0.573 0.5 2 2 2 2 2 2
1998-10-09T02:30:00 1998 10 9 2 30 0 5.1 -1.7 476.0 2.6 1.18 3.76 3.95 1.01 2 2 2 2 2 2 2 2 3.0 2.93 -43.0 -1.7 -1.7 -1.7 -1.7 -1.7 -1.7 0.358 0.406 0.523 0.277 0.545 0.475 2 2 2 2 2 2
1998-10-09T03:30:00 1998 10 9 3 30 0 4.0 -3.8 475.0 2.6 1.17 5.06 6.74 1.75 2 2 2 2 2 2 2 2 4.0 3.1 -45.0 -3.8 -3.8 -3.8 -3.8 -3.8 -3.8 0.453 0.514 0.53 0.422 0.739 0.573 2 2 2 2 2 2
1998-10-09T04:30:00 1998 10 9 4 30 0 2.5 -2.4 452.0 2.3 0.94 4.0 7.05 1.73 2 2 2 2 2 2 2 2 4.0 3.26 -47.0 -2.4 -2.4 -2.4 -2.4 -2.4 -2.4 0.496 0.537 0.533 0.46 0.708 0.533 2 2 2 2 2 2
1998-10-09T05:30:00 1998 10 9 5 30 0 2.0 -3.7 456.0 2.4 1.0 3.3 7.05 1.66 2 2 2 2 2 2 2 2 4.0 3.39 -47.0 -3.7 -3.7 -3.7 -3.7 -3.7 -3.7 0.542 0.574 0.539 0.516 0.748 0.529 2 2 2 2 2 2
1998-10-09T06:30:00 1998 10 9 6 30 0 1.5 -3.5 454.0 2.4 0.99 3.81 8.17 1.96 2 2 2 2 2 2 2 2 3.7 3.47 -47.0 -3.5 -3.5 -3.5 -3.5 -3.5 -3.5 0.592 0.613 0.547 0.579 0.789 0.546 2 2 2 2 2 2
1998-10-09T07:30:00 1998 10 9 7 30 0 2.5 -4.2 459.0 2.5 1.05 4.54 8.86 2.18 2 2 2 2 2 2 2 2 3.7 3.56 -41.0 -4.2 -4.2 -4.2 -4.2 -4.2 -4.2 0.651 0.661 0.559 0.664 0.861 0.591 2 2 2 2 2 2
1998-10-09T08:30:00 1998 10 9 8 30 0 2.2 -3.9 458.0 2.5 1.05 5.03 9.26 2.31 2 2 2 2 2 2 2 2 3.7 3.64 -37.0 -3.9 -3.9 -3.9 -3.9 -3.9 -3.9 0.695 0.689 0.572 0.717 0.887 0.617 2 2 2 2 2 2
1998-10-09T09:30:00 1998 10 9 9 30 0 0.0 -3.0 444.0 2.3 0.91 3.25 7.69 1.84 2 2 2 2 2 2 2 2 3.0 3.64 -42.0 -3.0 -3.0 -3.0 -3.0 -3.0 -3.0 0.678 0.649 0.577 0.659 0.785 0.552 2 2 2 2 2 2
1998-10-09T10:30:00 1998 10 9 10 30 0 3.2 -3.0 476.0 2.5 1.13 2.99 6.92 1.67 2 2 2 2 2 2 2 2 3.0 3.63 -39.0 -3.0 -3.0 -3.0 -3.0 -3.0 -3.0 0.657 0.617 0.58 0.609 0.764 0.552 2 2 2 2 2 2
1998-10-09T11:30:00 1998 10 9 11 30 0 4.4 -2.4 481.0 2.5 1.16 4.11 6.4 1.6 2 2 2 2 2 2 2 2 3.0 3.5 -40.0 -2.4 -2.4 -2.4 -2.4 -2.4 -2.4 0.626 0.578 0.581 0.551 0.73 0.558 2 2 2 2 2 2
1998-10-09T12:30:00 1998 10 9 12 30 0 4.0 -2.6 482.0 2.6 1.21 4.21 6.04 1.54 2 2 2 2 2 2 2 2 3.0 3.38 -39.0 -2.6 -2.6 -2.6 -2.6 -2.6 -2.6 0.603 0.559 0.582 0.515 0.725 0.573 2 2 2 2 2 2
1998-10-09T13:30:00 1998 10 9 13 30 0 1.9 -4.3 474.0 2.7 1.21 4.71 8.4 2.23 2 2 2 2 2 2 2 2 3.0 3.25 -38.0 -4.3 -4.3 -4.3 -4.3 -4.3 -4.3 0.66 0.636 0.594 0.631 0.88 0.669 2 2 2 2 2 2
1998-10-09T14:30:00 1998 10 9 14 30 0 1.0 -2.9 451.0 2.5 1.02 3.68 8.19 2.13 2 2 2 2 2 2 2 2 3.0 3.17 -37.0 -2.9 -2.9 -2.9 -2.9 -2.9 -2.9 0.67 0.64 0.601 0.635 0.823 0.627 2 2 2 2 2 2
1998-10-09T15:30:00 1998 10 9 15 30 0 1.7 -0.5 442.0 2.2 0.86 1.09 3.58 0.85 2 2 2 2 2 2 2 2 2.3 2.99 -34.0 -0.5 -0.5 -0.5 -0.5 -0.5 -0.5 0.545 0.474 0.589 0.435 0.5 0.423 2 2 2 2 2 2
1998-10-09T16:30:00 1998 10 9 16 30 0 0.9 -1.7 440.0 2.4 0.93 0.62 2.53 0.59 2 2 2 2 2 2 2 2 2.3 2.82 -33.0 -1.7 -1.7 -1.7 -1.7 -1.7 -1.7 0.458 0.399 0.577 0.32 0.424 0.348 2 2 2 2 2 2
1998-10-09T17:30:00 1998 10 9 17 30 0 1.3 0.8 441.0 2.4 0.93 0.27 1.12 0.27 2 2 2 2 2 2 2 2 2.3 2.73 -32.0 0.8 0.8 0.8 0.8 0.8 0.8 0.335 0.244 0.561 0.195 0.195 0.194 2 2 2 2 2 2
1998-10-09T18:30:00 1998 10 9 18 30 0 0.7 0.8 434.0 2.4 0.9 0.04 0.0 0.0 2 2 2 2 2 2 2 2 2.3 2.64 -32.0 0.8 0.8 0.8 0.8 0.8 0.8 0.227 0.121 0.544 0.109 0.062 0.081 2 2 2 2 2 2
1998-10-09T19:30:00 1998 10 9 19 30 0 1.4 -3.2 465.0 2.5 1.08 1.03 3.24 0.8 2 2 2 2 2 2 2 2 2.3 2.55 -30.0 -3.2 -3.2 -3.2 -3.2 -3.2 -3.2 0.278 0.269 0.538 0.202 0.393 0.273 2 2 2 2 2 2
1998-10-09T20:30:00 1998 10 9 20 30 0 3.9 -2.9 495.0 2.9 1.42 3.79 7.31 1.98 2 2 2 2 2 2 2 2 2.3 2.47 -31.0 -2.9 -2.9 -2.9 -2.9 -2.9 -2.9 0.403 0.448 0.546 0.38 0.703 0.534 2 2 2 2 2 2
1998-10-09T21:30:00 1998 10 9 21 30 0 4.9 0.0 469.0 2.8 1.23 3.1 3.23 0.92 2 2 2 2 2 2 2 2 3.0 2.48 -35.0 0.0 0.0 0.0 0.0 0.0 0.0 0.352 0.348 0.536 0.284 0.426 0.403 2 2 2 2 2 2
1998-10-09T22:30:00 1998 10 9 22 30 0 3.8 -1.2 465.0 2.5 1.08 2.18 1.52 0.39 2 2 2 2 2 2 2 2 3.0 2.48 -33.0 -1.2 -1.2 -1.2 -1.2 -1.2 -1.2 0.301 0.297 0.524 0.205 0.351 0.338 2 2 2 2 2 2
1998-10-09T23:30:00 1998 10 9 23 30 0 0.6 -1.1 429.0 2.0 0.74 1.03 2.55 0.57 2 2 2 2 2 2 2 2 3.0 2.57 -31.0 -1.1 -1.1 -1.1 -1.1 -1.1 -1.1 0.282 0.291 0.513 0.176 0.337 0.284 2 2 2 2 2 2
