1998-09-10T00:30:00 1998 9 10 0 30 0 -2.8 -2.7 371.0 7.6 1.91 1.58 1.38 1.02 2 2 2 2 2 2 2 2 2.7 1.63 -12.0 -2.7 -2.7 -2.7 -2.7 -2.7 -2.7 0.106 0.215 0.125 0.104 0.277 0.387 2 2 2 2 2 2
1998-09-10T01:30:00 1998 9 10 1 30 0 -5.7 -2.1 375.0 6.8 1.77 3.3 4.43 3.18 2 2 2 2 2 2 2 2 2.7 1.8 -14.0 -2.1 -2.1 -2.1 -2.1 -2.1 -2.1 0.273 0.493 0.135 0.261 0.547 0.807 2 2 2 2 2 2
1998-09-10T02:30:00 1998 9 10 2 30 0 -5.4 -3.0 372.0 7.0 1.77 4.55 4.83 3.34 2 2 2 2 2 2 2 2 2.7 1.9 -17.0 -3.0 -3.0 -3.0 -3.0 -3.0 -3.0 0.412 0.673 0.147 0.394 0.692 1.026 2 2 2 2 2 2
1998-09-10T03:30:00 1998 9 10 3 30 0 -5.7 1.9 366.0 5.5 1.35 2.63 1.48 0.98 2 2 2 2 2 2 2 2 2.7 1.99 -21.0 1.9 1.9 1.9 1.9 1.9 1.9 0.325 0.425 0.145 0.255 0.31 0.569 2 2 2 2 2 2
1998-09-10T04:30:00 1998 9 10 4 30 0 -4.7 2.3 358.0 5.3 1.26 1.07 0.0 0.0 2 2 2 2 2 2 2 2 2.7 2.08 -16.0 2.3 2.3 2.3 2.3 2.3 2.3 0.22 0.211 0.141 0.143 0.098 0.236 2 2 2 2 2 2
1998-09-10T05:30:00 1998 9 10 5 30 0 -3.9 2.4 353.0 5.8 1.34 0.62 0.0 0.0 2 2 2 2 2 2 2 2 2.7 2.29 -11.0 2.4 2.4 2.4 2.4 2.4 2.4 0.149 0.105 0.136 0.08 0.031 0.098 2 2 2 2 2 2
1998-09-10T06:30:00 1998 9 10 6 30 0 -3.8 1.4 365.0 8.0 1.95 0.56 0.0 0.0 2 2 2 2 2 2 2 2 1.0 2.27 -5.0 1.4 1.4 1.4 1.4 1.4 1.4 0.101 0.052 0.132 0.045 0.01 0.041 2 2 2 2 2 2
1998-09-10T07:30:00 1998 9 10 7 30 0 -3.7 3.5 354.0 8.4 1.97 0.44 0.0 0.0 2 2 2 2 2 2 2 2 1.0 2.26 -5.0 3.5 3.5 3.5 3.5 3.5 3.5 0.068 0.026 0.128 0.025 0.003 0.017 2 2 2 2 2 2
1998-09-10T08:30:00 1998 9 10 8 30 0 -4.4 2.4 372.0 9.7 2.48 0.5 0.0 0.0 2 2 2 2 2 2 2 2 1.0 2.04 -4.0 2.4 2.4 2.4 2.4 2.4 2.4 0.046 0.013 0.124 0.014 0.001 0.007 2 2 2 2 2 2
1998-09-10T09:30:00 1998 9 10 9 30 0 -3.7 3.5 371.0 8.4 2.15 0.48 0.0 0.0 2 2 2 2 2 2 2 2 0.7 1.79 -6.0 3.5 3.5 3.5 3.5 3.5 3.5 0.031 0.006 0.121 0.008 0.0 0.003 2 2 2 2 2 2
1998-09-10T10:30:00 1998 9 10 10 30 0 -3.6 4.8 366.0 7.7 1.86 0.27 0.0 0.0 2 2 2 2 2 2 2 2 0.7 1.54 -7.0 4.8 4.8 4.8 4.8 4.8 4.8 0.021 0.003 0.117 0.004 0.0 0.001 2 2 2 2 2 2
1998-09-10T11:30:00 1998 9 10 11 30 0 -3.2 3.7 368.0 10.3 2.52 0.22 0.0 0.0 2 2 2 2 2 2 2 2 0.7 1.29 -4.0 3.7 3.7 3.7 3.7 3.7 3.7 0.014 0.002 0.113 0.002 0.0 0.0 2 2 2 2 2 2
1998-09-10T12:30:00 1998 9 10 12 30 0 -3.5 4.4 372.0 11.5 2.88 0.22 0.0 0.0 2 2 2 2 2 2 2 2 0.7 1.05 0.0 4.4 4.4 4.4 4.4 4.4 4.4 0.01 0.001 0.11 0.001 0.0 0.0 2 2 2 2 2 2
1998-09-10T13:30:00 1998 9 10 13 30 0 -3.3 4.3 370.0 11.4 2.86 0.21 0.0 0.0 2 2 2 2 2 2 2 2 0.7 0.81 4.0 4.3 4.3 4.3 4.3 4.3 4.3 0.007 0.0 0.106 0.001 0.0 0.0 2 2 2 2 2 2
1998-09-10T14:30:00 1998 9 10 14 30 0 -2.6 4.8 370.0 11.6 3.01 0.13 0.0 0.0 2 2 2 2 2 2 2 2 0.7 0.77 5.0 4.8 4.8 4.8 4.8 4.8 4.8 0.004 0.0 0.103 0.0 0.0 0.0 2 2 2 2 2 2
1998-09-10T15:30:00 1998 9 10 15 30 0 -2.3 5.5 366.0 9.0 2.3 0.07 0.0 0.0 2 2 2 2 2 2 2 2 0.7 0.74 -1.0 5.5 5.5 5.5 5.5 5.5 5.5 0.003 0.0 0.1 0.0 0.0 0.0 2 2 2 2 2 2
1998-09-10T16:30:00 1998 9 10 16 30 0 -2.1 5.5 365.0 9.3 2.28 0.05 0.0 0.0 2 2 2 2 2 2 2 2 0.7 0.7 -3.0 5.5 5.5 5.5 5.5 5.5 5.5 0.002 0.0 0.097 0.0 0.0 0.0 2 2 2 2 2 2
1998-09-10T17:30:00 1998 9 10 17 30 0 -1.5 5.4 360.0 9.5 2.27 0.03 0.0 0.0 2 2 2 2 2 2 2 2 0.7 0.7 -3.0 5.4 5.4 5.4 5.4 5.4 5.4 0.001 0.0 0.094 0.0 0.0 0.0 2 2 2 2 2 2
1998-09-10T18:30:00 1998 9 10 18 30 0 -1.6 4.8 353.0 10.3 2.47 0.02 0.0 0.0 2 2 2 2 2 2 2 2 1.3 0.78 -4.0 4.8 4.8 4.8 4.8 4.8 4.8 0.001 0.0 0.091 0.0 0.0 0.0 2 2 2 2 2 2
1998-09-10T19:30:00 1998 9 10 19 30 0 -2.2 3.7 354.0 9.8 2.3 0.04 0.0 0.0 2 2 2 2 2 2 2 2 1.3 0.86 -5.0 3.7 3.7 3.7 3.7 3.7 3.7 0.001 0.0 0.088 0.0 0.0 0.0 2 2 2 2 2 2
1998-09-10T20:30:00 1998 9 10 20 30 0 -1.2 3.3 350.0 8.8 2.03 0.03 0.0 0.0 2 2 2 2 2 2 2 2 1.3 0.93 -5.0 3.3 3.3 3.3 3.3 3.3 3.3 0.0 0.0 0.086 0.0 0.0 0.0 2 2 2 2 2 2
1998-09-10T21:30:00 1998 9 10 21 30 0 -2.6 3.2 347.0 8.8 2.11 0.06 0.0 0.0 2 2 2 2 2 2 2 2 1.0 0.97 -5.0 3.2 3.2 3.2 3.2 3.2 3.2 0.0 0.0 0.083 0.0 0.0 0.0 2 2 2 2 2 2
1998-09-10T22:30:00 1998 9 10 22 30 0 -2.7 3.1 346.0 8.5 2.13 0.13 0.0 0.0 2 2 2 2 2 2 2 2 1.0 1.0 -8.0 3.1 3.1 3.1 3.1 3.1 3.1 0.0 0.0 0.081 0.0 0.0 0.0 2 2 2 2 2 2
1998-09-10T23:30:00 1998 9 10 23 30 0 -0.7 2.7 347.0 9.9 2.51 0.05 0.0 0.0 2 2 2 2 2 2 2 2 1.0 1.04 -8.0 2.7 2.7 2.7 2.7 2.7 2.7 0.0 0.0 0.078 0.0 0.0 0.0 2 2 2 2 2 2
