1998-08-31T00:30:00 1998 8 31 0 30 0 0.9 0.6 508.0 1.6 0.83 0.11 0.41 0.07 2 2 2 2 2 2 2 2 2.7 2.99 -40.0 0.6 0.6 0.6 0.6 0.6 0.6 0.148 0.102 0.73 0.066 0.095 0.094 2 2 2 2 2 2
1998-08-31T01:30:00 1998 8 31 1 30 0 1.8 -1.4 513.0 1.7 0.89 0.46 1.41 0.24 2 2 2 2 2 2 2 2 2.7 2.91 -36.0 -1.4 -1.4 -1.4 -1.4 -1.4 -1.4 0.152 0.144 0.712 0.08 0.229 0.15 2 2 2 2 2 2
1998-08-31T02:30:00 1998 8 31 2 30 0 2.2 -1.0 498.0 1.6 0.79 1.07 2.99 0.49 2 2 2 2 2 2 2 2 2.7 2.79 -35.0 -1.0 -1.0 -1.0 -1.0 -1.0 -1.0 0.181 0.201 0.696 0.109 0.32 0.199 2 2 2 2 2 2
1998-08-31T03:30:00 1998 8 31 3 30 0 1.3 0.0 470.0 1.4 0.62 0.49 1.12 0.17 2 2 2 2 2 2 2 2 2.3 2.62 -37.0 0.0 0.0 0.0 0.0 0.0 0.0 0.147 0.146 0.676 0.075 0.177 0.128 2 2 2 2 2 2
1998-08-31T04:30:00 1998 8 31 4 30 0 1.4 -0.1 470.0 1.5 0.66 0.2 0.13 0.02 2 2 2 2 2 2 2 2 2.3 2.45 -36.0 -0.1 -0.1 -0.1 -0.1 -0.1 -0.1 0.105 0.09 0.656 0.043 0.088 0.076 2 2 2 2 2 2
1998-08-31T05:30:00 1998 8 31 5 30 0 2.1 -2.9 512.0 2.5 1.31 1.48 4.03 0.88 2 2 2 2 2 2 2 2 2.3 2.45 -34.0 -2.9 -2.9 -2.9 -2.9 -2.9 -2.9 0.209 0.26 0.649 0.18 0.462 0.312 2 2 2 2 2 2
1998-08-31T06:30:00 1998 8 31 6 30 0 3.3 -3.5 536.0 3.2 1.84 4.43 8.47 2.45 2 2 2 2 2 2 2 2 3.7 2.63 -40.0 -3.5 -3.5 -3.5 -3.5 -3.5 -3.5 0.399 0.483 0.663 0.448 0.883 0.73 2 2 2 2 2 2
1998-08-31T07:30:00 1998 8 31 7 30 0 2.4 -3.6 543.0 3.3 1.95 5.25 9.59 3.12 2 2 2 2 2 2 2 2 3.7 2.81 -47.0 -3.6 -3.6 -3.6 -3.6 -3.6 -3.6 0.561 0.629 0.685 0.661 1.109 1.041 2 2 2 2 2 2
1998-08-31T08:30:00 1998 8 31 8 30 0 4.4 -4.0 541.0 2.8 1.47 6.53 10.34 3.13 2 2 2 2 2 2 2 2 3.7 2.94 -44.0 -4.0 -4.0 -4.0 -4.0 -4.0 -4.0 0.681 0.705 0.708 0.808 1.194 1.11 2 2 2 2 2 2
1998-08-31T09:30:00 1998 8 31 9 30 0 2.7 -5.7 525.0 2.9 1.4 9.17 13.09 3.74 2 2 2 2 2 2 2 2 3.0 2.98 -48.0 -5.7 -5.7 -5.7 -5.7 -5.7 -5.7 0.834 0.818 0.747 1.06 1.363 1.182 2 2 2 2 2 2
1998-08-31T10:30:00 1998 8 31 10 30 0 4.0 -4.8 526.0 3.3 1.6 9.73 13.7 4.26 2 2 2 2 2 2 2 2 3.0 3.01 -54.0 -4.8 -4.8 -4.8 -4.8 -4.8 -4.8 0.949 0.89 0.787 1.213 1.427 1.29 2 2 2 2 2 2
1998-08-31T11:30:00 1998 8 31 11 30 0 4.9 -3.2 528.0 3.2 1.57 7.76 10.36 3.37 2 2 2 2 2 2 2 2 3.0 3.09 -60.0 -3.2 -3.2 -3.2 -3.2 -3.2 -3.2 0.939 0.838 0.805 1.099 1.257 1.231 2 2 2 2 2 2
1998-08-31T12:30:00 1998 8 31 12 30 0 5.8 -1.8 521.0 3.2 1.74 5.96 6.4 2.05 2 2 2 2 2 2 2 2 3.7 3.27 -60.0 -1.8 -1.8 -1.8 -1.8 -1.8 -1.8 0.827 0.697 0.803 0.834 0.954 1.025 2 2 2 2 2 2
1998-08-31T13:30:00 1998 8 31 13 30 0 3.7 -4.7 515.0 3.2 1.48 6.77 8.72 2.79 2 2 2 2 2 2 2 2 3.7 3.44 -54.0 -4.7 -4.7 -4.7 -4.7 -4.7 -4.7 0.847 0.741 0.817 0.879 1.105 1.087 2 2 2 2 2 2
1998-08-31T14:30:00 1998 8 31 14 30 0 5.0 -3.2 511.0 3.3 1.72 7.36 9.97 3.24 2 2 2 2 2 2 2 2 3.7 3.44 -55.0 -3.2 -3.2 -3.2 -3.2 -3.2 -3.2 0.862 0.761 0.831 0.894 1.117 1.106 2 2 2 2 2 2
1998-08-31T15:30:00 1998 8 31 15 30 0 3.0 -4.4 510.0 3.7 1.92 6.69 9.83 3.47 2 2 2 2 2 2 2 2 4.0 3.48 -53.0 -4.4 -4.4 -4.4 -4.4 -4.4 -4.4 0.901 0.813 0.849 0.962 1.21 1.228 2 2 2 2 2 2
1998-08-31T16:30:00 1998 8 31 16 30 0 3.9 -1.1 486.0 3.7 1.75 4.01 6.52 2.41 2 2 2 2 2 2 2 2 4.0 3.52 -59.0 -1.1 -1.1 -1.1 -1.1 -1.1 -1.1 0.799 0.688 0.845 0.753 0.888 1.027 2 2 2 2 2 2
1998-08-31T17:30:00 1998 8 31 17 30 0 4.7 1.6 486.0 3.2 1.51 1.66 0.44 0.16 2 2 2 2 2 2 2 2 4.0 3.65 -59.0 1.6 1.6 1.6 1.6 1.6 1.6 0.55 0.359 0.819 0.426 0.307 0.462 2 2 2 2 2 2
1998-08-31T18:30:00 1998 8 31 18 30 0 4.6 -1.6 478.0 3.0 1.37 2.25 1.12 0.34 2 2 2 2 2 2 2 2 3.0 3.64 -53.0 -1.6 -1.6 -1.6 -1.6 -1.6 -1.6 0.427 0.283 0.798 0.289 0.3 0.362 2 2 2 2 2 2
1998-08-31T19:30:00 1998 8 31 19 30 0 4.0 0.3 489.0 3.4 1.63 2.22 1.46 0.46 2 2 2 2 2 2 2 2 3.0 3.63 -51.0 0.3 0.3 0.3 0.3 0.3 0.3 0.329 0.214 0.776 0.188 0.209 0.279 2 2 2 2 2 2
1998-08-31T20:30:00 1998 8 31 20 30 0 3.0 -1.8 486.0 3.6 1.7 1.77 2.06 0.73 2 2 2 2 2 2 2 2 3.0 3.54 -46.0 -1.8 -1.8 -1.8 -1.8 -1.8 -1.8 0.318 0.283 0.76 0.193 0.397 0.452 2 2 2 2 2 2
1998-08-31T21:30:00 1998 8 31 21 30 0 3.9 -1.6 489.0 4.2 2.01 2.55 4.12 1.62 2 2 2 2 2 2 2 2 2.7 3.41 -45.0 -1.6 -1.6 -1.6 -1.6 -1.6 -1.6 0.365 0.392 0.749 0.255 0.577 0.689 2 2 2 2 2 2
1998-08-31T22:30:00 1998 8 31 22 30 0 2.9 0.4 476.0 4.4 2.0 1.49 1.39 0.59 2 2 2 2 2 2 2 2 2.7 3.28 -42.0 0.4 0.4 0.4 0.4 0.4 0.4 0.289 0.272 0.729 0.17 0.3 0.46 2 2 2 2 2 2
1998-08-31T23:30:00 1998 8 31 23 30 0 1.0 -0.4 480.0 5.1 2.44 0.38 0.28 0.14 2 2 2 2 2 2 2 2 2.7 3.12 -35.0 -0.4 -0.4 -0.4 -0.4 -0.4 -0.4 0.215 0.187 0.708 0.106 0.192 0.35 2 2 2 2 2 2
