1998-10-19T00:30:00 1998 10 19 0 30 0 2.5 4.0 387.0 48.4 13.22 2.16 1.13 4.84 2 2 2 2 2 2 2 2 5.3 3.29 -2.0 4.0 4.0 4.0 4.0 4.0 4.0 0.566 0.748 0.358 0.404 0.495 4.528 2 2 2 2 2 2
1998-10-19T01:30:00 1998 10 19 1 30 0 7.7 -6.7 398.0 50.8 14.84 5.36 4.72 23.79 2 2 2 2 2 2 2 2 5.3 3.71 -2.0 -6.7 -6.7 -6.7 -6.7 -6.7 -6.7 0.971 1.531 0.403 1.166 1.656 12.494 2 2 2 2 2 2
1998-10-19T02:30:00 1998 10 19 2 30 0 -5.1 0.6 409.0 65.3 21.85 4.11 5.62 31.25 2 2 2 2 2 2 2 2 5.3 3.96 -1.0 0.6 0.6 0.6 0.6 0.6 0.6 1.072 1.541 0.431 1.17 1.376 13.473 2 2 2 2 2 2
1998-10-19T03:30:00 1998 10 19 3 30 0 12.0 -15.1 430.0 48.2 17.68 20.99 16.75 89.08 2 2 2 2 2 2 2 2 6.7 4.4 -12.0 -15.1 -15.1 -15.1 -15.1 -15.1 -15.1 2.392 3.372 0.678 4.415 4.067 30.754 2 2 2 2 2 2
1998-10-19T04:30:00 1998 10 19 4 30 0 0.7 -14.8 421.0 58.0 18.2 47.18 31.75 169.8 2 2 2 2 2 2 2 2 6.7 4.83 -64.0 -14.8 -14.8 -14.8 -14.8 -14.8 -14.8 4.115 5.228 1.127 8.722 6.069 46.142 2 2 2 2 2 2
1998-10-19T05:30:00 1998 10 19 5 30 0 -20.9 -15.3 416.0 2.2 0.76 55.44 31.52 87.24 2 2 2 2 2 2 2 2 6.7 5.29 -85.0 -15.3 -15.3 -15.3 -15.3 -15.3 -15.3 4.356 4.62 1.394 8.617 4.591 28.662 2 2 2 2 2 2
1998-10-19T06:30:00 1998 10 19 6 30 0 -19.0 -15.2 411.0 2.7 0.91 71.9 31.51 7.78 2 2 2 2 2 2 2 2 4.0 5.39 -79.0 -15.2 -15.2 -15.2 -15.2 -15.2 -15.2 3.7 3.168 1.489 6.535 2.774 12.49 2 2 2 2 2 2
1998-10-19T07:30:00 1998 10 19 7 30 0 -16.4 -15.4 418.0 3.5 1.22 67.14 31.75 9.95 2 2 2 2 2 2 2 2 4.0 5.49 -85.0 -15.4 -15.4 -15.4 -15.4 -15.4 -15.4 3.34 2.556 1.597 5.589 2.368 6.028 2 2 2 2 2 2
1998-10-19T08:30:00 1998 10 19 8 30 0 -14.7 -15.1 415.0 3.5 1.16 62.45 31.72 11.1 2 2 2 2 2 2 2 2 4.0 5.32 -94.0 -15.1 -15.1 -15.1 -15.1 -15.1 -15.1 3.118 2.282 1.707 5.103 2.27 3.425 2 2 2 2 2 2
1998-10-19T09:30:00 1998 10 19 9 30 0 -12.5 -15.7 409.0 3.9 1.3 58.68 31.75 11.8 2 2 2 2 2 2 2 2 5.0 5.28 -98.0 -15.7 -15.7 -15.7 -15.7 -15.7 -15.7 2.998 2.193 1.816 4.914 2.281 2.422 2 2 2 2 2 2
1998-10-19T10:30:00 1998 10 19 10 30 0 -11.0 -16.1 407.0 3.0 0.93 57.13 32.46 11.07 2 2 2 2 2 2 2 2 5.0 5.24 -95.0 -16.1 -16.1 -16.1 -16.1 -16.1 -16.1 2.89 2.102 1.919 4.75 2.202 1.836 2 2 2 2 2 2
1998-10-19T11:30:00 1998 10 19 11 30 0 -8.8 -16.6 408.0 3.4 1.13 56.26 33.36 10.73 2 2 2 2 2 2 2 2 5.0 5.04 -101.0 -16.6 -16.6 -16.6 -16.6 -16.6 -16.6 2.834 2.074 2.022 4.728 2.214 1.606 2 2 2 2 2 2
1998-10-19T12:30:00 1998 10 19 12 30 0 -5.7 -16.6 408.0 4.3 1.29 53.93 33.86 13.16 2 2 2 2 2 2 2 2 6.3 5.01 -109.0 -16.6 -16.6 -16.6 -16.6 -16.6 -16.6 2.876 2.169 2.139 4.93 2.363 1.774 2 2 2 2 2 2
1998-10-19T13:30:00 1998 10 19 13 30 0 -5.9 -17.0 402.0 4.5 1.33 53.16 34.03 15.0 2 2 2 2 2 2 2 2 6.3 4.98 -97.0 -17.0 -17.0 -17.0 -17.0 -17.0 -17.0 2.951 2.282 2.259 5.164 2.468 1.973 2 2 2 2 2 2
1998-10-19T14:30:00 1998 10 19 14 30 0 -4.7 -16.9 396.0 4.6 1.35 52.53 33.79 15.39 2 2 2 2 2 2 2 2 6.3 5.26 -98.0 -16.9 -16.9 -16.9 -16.9 -16.9 -16.9 3.006 2.354 2.373 5.292 2.483 2.059 2 2 2 2 2 2
1998-10-19T15:30:00 1998 10 19 15 30 0 9.3 -10.0 388.0 5.5 1.51 34.6 25.8 13.02 2 2 2 2 2 2 2 2 6.0 5.51 -112.0 -10.0 -10.0 -10.0 -10.0 -10.0 -10.0 2.827 2.202 2.425 4.602 2.157 2.027 2 2 2 2 2 2
1998-10-19T16:30:00 1998 10 19 16 30 0 14.9 -7.8 383.0 5.7 1.49 28.34 16.97 9.51 2 2 2 2 2 2 2 2 6.0 5.75 -110.0 -7.8 -7.8 -7.8 -7.8 -7.8 -7.8 2.501 1.935 2.426 3.614 1.769 1.879 2 2 2 2 2 2
1998-10-19T17:30:00 1998 10 19 17 30 0 14.4 -5.7 381.0 8.6 2.5 26.21 12.72 9.15 2 2 2 2 2 2 2 2 6.0 5.87 -103.0 -5.7 -5.7 -5.7 -5.7 -5.7 -5.7 2.202 1.756 2.408 2.825 1.557 2.083 2 2 2 2 2 2
1998-10-19T18:30:00 1998 10 19 18 30 0 13.8 -4.6 382.0 22.6 6.6 21.36 9.74 15.52 2 2 2 2 2 2 2 2 5.0 5.86 -91.0 -4.6 -4.6 -4.6 -4.6 -4.6 -4.6 2.055 1.863 2.39 2.403 1.688 4.365 2 2 2 2 2 2
1998-10-19T19:30:00 1998 10 19 19 30 0 15.1 -4.5 383.0 13.9 4.08 20.96 8.69 15.56 2 2 2 2 2 2 2 2 5.0 5.85 -94.0 -4.5 -4.5 -4.5 -4.5 -4.5 -4.5 1.907 1.833 2.366 2.065 1.62 4.785 2 2 2 2 2 2
1998-10-19T20:30:00 1998 10 19 20 30 0 16.8 -0.2 382.0 7.2 2.1 19.11 4.15 4.72 2 2 2 2 2 2 2 2 5.0 5.68 -96.0 -0.2 -0.2 -0.2 -0.2 -0.2 -0.2 1.467 1.242 2.307 1.333 0.884 2.787 2 2 2 2 2 2
1998-10-19T21:30:00 1998 10 19 21 30 0 14.8 3.7 378.0 10.1 2.93 12.57 0.0 0.0 2 2 2 2 2 2 2 2 4.3 5.43 -84.0 3.7 3.7 3.7 3.7 3.7 3.7 0.993 0.617 2.237 0.746 0.28 1.156 2 2 2 2 2 2
1998-10-19T22:30:00 1998 10 19 22 30 0 13.9 3.6 376.0 12.5 3.55 8.68 0.0 0.0 2 2 2 2 2 2 2 2 4.3 5.18 -75.0 3.6 3.6 3.6 3.6 3.6 3.6 0.673 0.306 2.169 0.418 0.089 0.479 2 2 2 2 2 2
1998-10-19T23:30:00 1998 10 19 23 30 0 11.9 4.9 376.0 14.7 4.14 6.42 0.0 0.0 2 2 2 2 2 2 2 2 4.3 4.97 -69.0 4.9 4.9 4.9 4.9 4.9 4.9 0.455 0.152 2.102 0.234 0.028 0.199 2 2 2 2 2 2
