1998-08-01T00:30:00 1998 8 1 0 30 0 2.2 10.1 381.0 12.6 3.66 0.02 0.0 0.0 2 2 2 2 2 2 2 2 1.7 3.88 -9.0 10.1 10.1 10.1 10.1 10.1 10.1 0.027 0.003 0.576 0.004 0.0 0.01 2 2 2 2 2 2
1998-08-01T01:30:00 1998 8 1 1 30 0 0.5 8.6 376.0 9.3 2.38 0.01 0.0 0.0 2 2 2 2 2 2 2 2 1.7 3.5 -12.0 8.6 8.6 8.6 8.6 8.6 8.6 0.018 0.001 0.559 0.002 0.0 0.004 2 2 2 2 2 2
1998-08-01T02:30:00 1998 8 1 2 30 0 1.5 8.2 384.0 9.1 2.68 0.0 0.0 0.0 2 2 2 2 2 2 2 2 1.7 3.09 -11.0 8.2 8.2 8.2 8.2 8.2 8.2 0.012 0.001 0.542 0.001 0.0 0.002 2 2 2 2 2 2
1998-08-01T03:30:00 1998 8 1 3 30 0 1.1 7.8 385.0 10.9 3.23 0.01 0.0 0.0 2 2 2 2 2 2 2 2 1.3 2.63 -8.0 7.8 7.8 7.8 7.8 7.8 7.8 0.008 0.0 0.525 0.001 0.0 0.001 2 2 2 2 2 2
1998-08-01T04:30:00 1998 8 1 4 30 0 0.5 8.9 392.0 8.7 2.48 0.0 0.0 0.0 2 2 2 2 2 2 2 2 1.3 2.18 -6.0 8.9 8.9 8.9 8.9 8.9 8.9 0.006 0.0 0.509 0.0 0.0 0.0 2 2 2 2 2 2
1998-08-01T05:30:00 1998 8 1 5 30 0 0.5 9.3 396.0 8.8 2.56 0.0 0.0 0.0 2 2 2 2 2 2 2 2 1.3 1.93 -4.0 9.3 9.3 9.3 9.3 9.3 9.3 0.004 0.0 0.494 0.0 0.0 0.0 2 2 2 2 2 2
1998-08-01T06:30:00 1998 8 1 6 30 0 0.0 9.3 405.0 7.3 2.26 0.0 0.0 0.0 2 2 2 2 2 2 2 2 2.3 1.82 -4.0 9.3 9.3 9.3 9.3 9.3 9.3 0.003 0.0 0.478 0.0 0.0 0.0 2 2 2 2 2 2
1998-08-01T07:30:00 1998 8 1 7 30 0 -1.3 7.3 409.0 10.3 3.11 0.0 0.0 0.0 2 2 2 2 2 2 2 2 2.3 1.71 -1.0 7.3 7.3 7.3 7.3 7.3 7.3 0.002 0.0 0.464 0.0 0.0 0.0 2 2 2 2 2 2
1998-08-01T08:30:00 1998 8 1 8 30 0 -4.6 7.1 410.0 8.6 2.63 0.14 0.0 0.0 2 2 2 2 2 2 2 2 2.3 1.78 -3.0 7.1 7.1 7.1 7.1 7.1 7.1 0.001 0.0 0.45 0.0 0.0 0.0 2 2 2 2 2 2
1998-08-01T09:30:00 1998 8 1 9 30 0 -2.3 10.2 411.0 12.1 4.09 0.13 0.0 0.0 2 2 2 2 2 2 2 2 2.0 1.82 1.0 10.2 10.2 10.2 10.2 10.2 10.2 0.001 0.0 0.436 0.0 0.0 0.0 2 2 2 2 2 2
1998-08-01T10:30:00 1998 8 1 10 30 0 -2.5 10.7 413.0 8.6 2.69 0.03 0.0 0.0 2 2 2 2 2 2 2 2 2.0 1.86 -2.0 10.7 10.7 10.7 10.7 10.7 10.7 0.001 0.0 0.423 0.0 0.0 0.0 2 2 2 2 2 2
1998-08-01T11:30:00 1998 8 1 11 30 0 -1.5 9.9 410.0 6.7 2.08 0.02 0.0 0.0 2 2 2 2 2 2 2 2 2.0 1.94 -3.0 9.9 9.9 9.9 9.9 9.9 9.9 0.0 0.0 0.41 0.0 0.0 0.0 2 2 2 2 2 2
1998-08-01T12:30:00 1998 8 1 12 30 0 -4.0 5.6 417.0 12.0 3.71 0.11 0.0 0.0 2 2 2 2 2 2 2 2 4.3 2.33 3.0 5.6 5.6 5.6 5.6 5.6 5.6 0.0 0.0 0.397 0.0 0.0 0.0 2 2 2 2 2 2
1998-08-01T13:30:00 1998 8 1 13 30 0 -1.0 6.6 417.0 19.5 6.18 0.09 0.0 0.0 2 2 2 2 2 2 2 2 4.3 2.71 10.0 6.6 6.6 6.6 6.6 6.6 6.6 0.0 0.0 0.385 0.0 0.0 0.0 2 2 2 2 2 2
1998-08-01T14:30:00 1998 8 1 14 30 0 -0.8 -3.0 424.0 17.9 6.47 0.38 1.27 2.29 2 2 2 2 2 2 2 2 4.3 2.96 13.0 -3.0 -3.0 -3.0 -3.0 -3.0 -3.0 0.141 0.298 0.384 0.168 0.456 1.53 2 2 2 2 2 2
1998-08-01T15:30:00 1998 8 1 15 30 0 -4.8 1.1 439.0 31.4 11.97 1.37 2.09 4.51 2 2 2 2 2 2 2 2 4.3 3.22 26.0 1.1 1.1 1.1 1.1 1.1 1.1 0.2 0.348 0.38 0.187 0.379 1.861 2 2 2 2 2 2
1998-08-01T16:30:00 1998 8 1 16 30 0 -7.8 -1.7 447.0 12.2 4.3 4.05 1.31 2.04 2 2 2 2 2 2 2 2 4.3 3.47 7.0 -1.7 -1.7 -1.7 -1.7 -1.7 -1.7 0.254 0.437 0.376 0.211 0.535 2.197 2 2 2 2 2 2
1998-08-01T17:30:00 1998 8 1 17 30 0 -8.7 -0.8 451.0 8.4 3.42 7.06 2.72 2.82 2 2 2 2 2 2 2 2 4.3 3.75 -4.0 -0.8 -0.8 -0.8 -0.8 -0.8 -0.8 0.312 0.497 0.374 0.232 0.582 1.926 2 2 2 2 2 2
1998-08-01T18:30:00 1998 8 1 18 30 0 -6.5 -1.6 448.0 20.4 7.96 6.07 2.77 4.3 2 2 2 2 2 2 2 2 5.7 4.21 7.0 -1.6 -1.6 -1.6 -1.6 -1.6 -1.6 0.41 0.66 0.376 0.314 0.809 3.172 2 2 2 2 2 2
1998-08-01T19:30:00 1998 8 1 19 30 0 -9.2 1.1 442.0 7.0 2.6 5.37 0.91 1.58 2 2 2 2 2 2 2 2 5.7 4.66 -6.0 1.1 1.1 1.1 1.1 1.1 1.1 0.32 0.417 0.367 0.203 0.365 1.806 2 2 2 2 2 2
1998-08-01T20:30:00 1998 8 1 20 30 0 -6.2 4.5 440.0 13.1 4.73 2.9 0.0 0.0 2 2 2 2 2 2 2 2 5.7 4.84 2.0 4.5 4.5 4.5 4.5 4.5 4.5 0.216 0.207 0.355 0.113 0.116 0.749 2 2 2 2 2 2
1998-08-01T21:30:00 1998 8 1 21 30 0 -5.7 4.2 438.0 11.8 4.53 1.16 0.0 0.0 2 2 2 2 2 2 2 2 2.3 4.57 4.0 4.2 4.2 4.2 4.2 4.2 4.2 0.147 0.103 0.345 0.064 0.037 0.311 2 2 2 2 2 2
1998-08-01T22:30:00 1998 8 1 22 30 0 -4.1 5.7 435.0 9.8 3.71 0.62 0.0 0.0 2 2 2 2 2 2 2 2 2.3 4.31 4.0 5.7 5.7 5.7 5.7 5.7 5.7 0.099 0.051 0.334 0.036 0.012 0.129 2 2 2 2 2 2
1998-08-01T23:30:00 1998 8 1 23 30 0 -4.3 5.5 423.0 10.4 3.92 0.36 0.0 0.0 2 2 2 2 2 2 2 2 2.3 4.04 3.0 5.5 5.5 5.5 5.5 5.5 5.5 0.067 0.025 0.324 0.02 0.004 0.053 2 2 2 2 2 2
