1966-07-12T00:30:00 1966 7 12 0 30 0 -3.0 -2.8 533.0 2.5 1.42 5.35 9.65 2.17 2 2 2 2 2 2 2 2 3.0 2.29 -26.0 -2.8 -2.8 -2.8 -2.8 -2.8 -2.8 0.475 0.534 0.414 0.585 0.949 0.704 2 2 2 2 2 2
1966-07-12T01:30:00 1966 7 12 1 30 0 -4.7 -0.6 521.0 3.1 1.68 3.14 4.24 1.17 2 2 2 2 2 2 2 2 3.0 2.5 -26.0 -0.6 -0.6 -0.6 -0.6 -0.6 -0.6 0.436 0.446 0.413 0.436 0.652 0.62 2 2 2 2 2 2
1966-07-12T02:30:00 1966 7 12 2 30 0 -3.6 -2.9 503.0 3.1 1.57 3.52 4.7 1.46 2 2 2 2 2 2 2 2 3.0 2.7 -24.0 -2.9 -2.9 -2.9 -2.9 -2.9 -2.9 0.466 0.488 0.418 0.439 0.732 0.709 2 2 2 2 2 2
1966-07-12T03:30:00 1966 7 12 3 30 0 -3.0 -4.4 481.0 2.9 1.34 5.51 9.1 2.72 2 2 2 2 2 2 2 2 4.3 3.08 -23.0 -4.4 -4.4 -4.4 -4.4 -4.4 -4.4 0.594 0.631 0.44 0.635 0.954 0.826 2 2 2 2 2 2
1966-07-12T04:30:00 1966 7 12 4 30 0 -4.0 -3.9 488.0 3.0 1.43 6.52 10.01 2.96 2 2 2 2 2 2 2 2 4.3 3.45 -24.0 -3.9 -3.9 -3.9 -3.9 -3.9 -3.9 0.691 0.712 0.464 0.763 1.034 0.882 2 2 2 2 2 2
1966-07-12T05:30:00 1966 7 12 5 30 0 -3.2 -4.6 496.0 3.0 1.48 6.98 10.54 3.16 2 2 2 2 2 2 2 2 4.3 3.58 -31.0 -4.6 -4.6 -4.6 -4.6 -4.6 -4.6 0.78 0.776 0.492 0.886 1.126 0.957 2 2 2 2 2 2
1966-07-12T06:30:00 1966 7 12 6 30 0 -3.5 -3.9 478.0 2.4 1.1 6.57 10.27 2.76 2 2 2 2 2 2 2 2 4.0 3.66 -37.0 -3.9 -3.9 -3.9 -3.9 -3.9 -3.9 0.806 0.763 0.514 0.889 1.047 0.848 2 2 2 2 2 2
1966-07-12T07:30:00 1966 7 12 7 30 0 -2.6 -5.0 472.0 2.5 1.11 6.73 10.67 2.62 2 2 2 2 2 2 2 2 4.0 3.75 -38.0 -5.0 -5.0 -5.0 -5.0 -5.0 -5.0 0.84 0.778 0.536 0.932 1.052 0.783 2 2 2 2 2 2
1966-07-12T08:30:00 1966 7 12 8 30 0 -2.5 -4.8 460.0 2.6 1.1 7.13 11.39 2.91 2 2 2 2 2 2 2 2 4.0 3.87 -39.0 -4.8 -4.8 -4.8 -4.8 -4.8 -4.8 0.876 0.804 0.56 0.979 1.059 0.765 2 2 2 2 2 2
1966-07-12T09:30:00 1966 7 12 9 30 0 -1.9 -4.5 463.0 3.5 1.5 6.24 10.7 3.3 2 2 2 2 2 2 2 2 3.3 3.9 -32.0 -4.5 -4.5 -4.5 -4.5 -4.5 -4.5 0.911 0.844 0.583 1.011 1.098 0.885 2 2 2 2 2 2
1966-07-12T10:30:00 1966 7 12 10 30 0 -1.2 -5.0 456.0 2.8 1.16 6.18 10.95 3.41 2 2 2 2 2 2 2 2 3.3 3.93 -36.0 -5.0 -5.0 -5.0 -5.0 -5.0 -5.0 0.939 0.866 0.607 1.044 1.105 0.892 2 2 2 2 2 2
1966-07-12T11:30:00 1966 7 12 11 30 0 1.0 -4.4 459.0 3.8 1.6 5.66 10.7 3.56 2 2 2 2 2 2 2 2 3.3 3.8 -36.0 -4.4 -4.4 -4.4 -4.4 -4.4 -4.4 0.961 0.89 0.629 1.058 1.125 0.986 2 2 2 2 2 2
1966-07-12T12:30:00 1966 7 12 12 30 0 -0.4 -4.0 454.0 3.8 1.57 4.55 9.54 3.63 2 2 2 2 2 2 2 2 3.0 3.64 -37.0 -4.0 -4.0 -4.0 -4.0 -4.0 -4.0 0.957 0.888 0.646 1.019 1.095 1.049 2 2 2 2 2 2
1966-07-12T13:30:00 1966 7 12 13 30 0 -2.1 1.6 449.0 3.9 1.57 1.01 2.87 1.1 2 2 2 2 2 2 2 2 3.0 3.48 -36.0 1.6 1.6 1.6 1.6 1.6 1.6 0.717 0.547 0.633 0.637 0.493 0.594 2 2 2 2 2 2
1966-07-12T14:30:00 1966 7 12 14 30 0 -0.7 1.1 464.0 4.4 1.89 0.06 0.0 0.0 2 2 2 2 2 2 2 2 3.0 3.35 -31.0 1.1 1.1 1.1 1.1 1.1 1.1 0.485 0.272 0.613 0.356 0.156 0.246 2 2 2 2 2 2
1966-07-12T15:30:00 1966 7 12 15 30 0 -0.2 2.0 461.0 3.7 1.57 0.0 0.0 0.0 2 2 2 2 2 2 2 2 1.0 2.97 -27.0 2.0 2.0 2.0 2.0 2.0 2.0 0.329 0.135 0.595 0.2 0.049 0.102 2 2 2 2 2 2
1966-07-12T16:30:00 1966 7 12 16 30 0 1.9 0.5 437.0 2.9 1.11 0.06 0.0 0.0 2 2 2 2 2 2 2 2 1.0 2.59 -28.0 0.5 0.5 0.5 0.5 0.5 0.5 0.222 0.067 0.577 0.112 0.016 0.042 2 2 2 2 2 2
1966-07-12T17:30:00 1966 7 12 17 30 0 1.2 0.44 426.0 2.9 1.05 0.14 0.0 0.0 1 1 2 2 2 1 2 2 1.0 2.3 -27.0 0.44 0.44 0.44 0.44 0.44 0.44 0.151 0.033 0.559 0.063 0.005 0.018 2 2 2 2 2 2
1966-07-12T18:30:00 1966 7 12 18 30 0 0.5 0.16 461.0 2.8 1.19 0.04 0.0 0.0 1 1 2 2 2 1 2 2 1.7 2.1 -26.0 0.16 0.16 0.16 0.16 0.16 0.16 0.102 0.017 0.542 0.035 0.002 0.007 2 2 2 2 2 2
1966-07-12T19:30:00 1966 7 12 19 30 0 -0.2 0.1 449.0 3.7 1.49 0.0 0.0 0.0 2 2 2 2 2 2 2 2 1.7 1.91 -25.0 0.1 0.1 0.1 0.1 0.1 0.1 0.069 0.008 0.525 0.02 0.0 0.003 2 2 2 2 2 2
1966-07-12T20:30:00 1966 7 12 20 30 0 -1.1 0.5 427.0 3.4 1.24 0.03 0.0 0.0 2 2 2 2 2 2 2 2 1.7 1.75 -21.0 0.5 0.5 0.5 0.5 0.5 0.5 0.047 0.004 0.509 0.011 0.0 0.001 2 2 2 2 2 2
1966-07-12T21:30:00 1966 7 12 21 30 0 -1.1 -0.2 424.5 3.55 1.28 0.1 0.08 0.03 2 2 1 1 1 2 2 1 1.0 1.51 -21.0 -0.2 -0.2 -0.2 -0.2 -0.2 -0.2 0.038 0.024 0.494 0.009 0.034 0.043 2 1 2 2 1 1
1966-07-12T22:30:00 1966 7 12 22 30 0 -0.97 -0.2 422.0 3.7 1.32 0.13 0.42 0.15 1 1 1 1 1 1 1 1 1.0 1.26 -20.0 -0.2 -0.2 -0.2 -0.2 -0.2 -0.2 0.046 0.069 0.479 0.013 0.091 0.12 1 1 2 1 1 1
1966-07-12T23:30:00 1966 7 12 23 30 0 -0.83 -0.2 419.5 3.85 1.35 0.1 0.42 0.16 1 1 1 1 1 1 1 1 1.0 1.26 -22.0 -0.2 -0.2 -0.2 -0.2 -0.2 -0.2 0.052 0.092 0.465 0.015 0.109 0.156 1 1 2 1 1 1
