1966-09-12T00:30:00 1966 9 12 0 30 0 -1.3 2.1 446.6 4.53 2.1 0.02 0.0 0.0 2 2 1 0 0 2 2 1 0.3 0.65 -18.0 2.1 2.1 2.1 2.1 2.1 2.1 0.01 0.011 0.112 0.003 0.005 0.017 0 0 1 0 0 0
1966-09-12T01:30:00 1966 9 12 1 30 0 -1.2 1.0 441.2 4.53 2.1 0.04 0.0 0.0 2 2 1 0 0 2 2 1 0.3 0.56 -18.0 1.0 1.0 1.0 1.0 1.0 1.0 0.007 0.006 0.108 0.002 0.002 0.007 0 0 1 0 0 0
1966-09-12T02:30:00 1966 9 12 2 30 0 -2.0 0.7 435.9 4.53 2.1 0.13 0.0 0.0 2 2 1 0 0 2 2 1 0.3 0.56 -17.0 0.7 0.7 0.7 0.7 0.7 0.7 0.005 0.003 0.105 0.001 0.001 0.003 0 0 1 0 0 0
1966-09-12T03:30:00 1966 9 12 3 30 0 -0.9 0.8 430.5 4.54 2.1 0.1 0.0 0.0 2 2 1 1 0 2 2 1 0.3 0.56 -16.0 0.8 0.8 0.8 0.8 0.8 0.8 0.003 0.001 0.102 0.0 0.0 0.001 0 0 1 0 0 0
1966-09-12T04:30:00 1966 9 12 4 30 0 0.9 0.6 425.1 4.56 2.1 0.01 0.0 0.0 2 2 1 1 1 2 2 1 0.3 0.55 -16.0 0.6 0.6 0.6 0.6 0.6 0.6 0.002 0.001 0.099 0.0 0.0 0.001 0 0 1 0 0 0
1966-09-12T05:30:00 1966 9 12 5 30 0 1.9 0.4 419.7 4.57 1.93 0.12 0.0 0.0 2 2 1 1 1 2 2 1 0.3 0.47 -16.0 0.4 0.4 0.4 0.4 0.4 0.4 0.001 0.0 0.096 0.0 0.0 0.0 0 0 1 0 0 0
1966-09-12T06:30:00 1966 9 12 6 30 0 2.2 -1.0 414.4 4.59 1.76 0.51 0.83 0.38 2 2 1 1 1 2 2 1 1.3 0.51 -15.0 -1.0 -1.0 -1.0 -1.0 -1.0 -1.0 0.05 0.115 0.095 0.034 0.171 0.206 1 1 1 1 1 1
1966-09-12T07:30:00 1966 9 12 7 30 0 2.2 -1.1 409.0 4.6 1.59 0.87 2.17 1.0 2 2 1 1 1 2 2 1 1.3 0.56 -16.0 -1.1 -1.1 -1.1 -1.1 -1.1 -1.1 0.127 0.25 0.097 0.09 0.321 0.398 1 1 1 1 1 1
1966-09-12T08:30:00 1966 9 12 8 30 0 2.5 -0.9 409.0 4.6 1.54 0.91 2.03 0.93 2 2 1 1 1 2 2 1 1.3 0.69 -18.0 -0.9 -0.9 -0.9 -0.9 -0.9 -0.9 0.172 0.305 0.099 0.112 0.348 0.457 1 1 1 1 1 1
1966-09-12T09:30:00 1966 9 12 9 30 0 0.3 0.6 409.0 4.6 1.54 0.25 0.48 0.22 2 2 2 2 2 2 2 2 2.7 1.0 -19.0 0.6 0.6 0.6 0.6 0.6 0.6 0.131 0.186 0.096 0.07 0.149 0.25 1 1 1 1 1 1
1966-09-12T10:30:00 1966 9 12 10 30 0 -1.0 0.0 409.0 4.6 1.54 0.02 0.0 0.0 2 2 2 2 2 2 2 2 2.7 1.3 -19.0 0.0 0.0 0.0 0.0 0.0 0.0 0.089 0.092 0.093 0.039 0.047 0.104 1 1 1 1 1 1
1966-09-12T11:30:00 1966 9 12 11 30 0 1.8 -0.9 409.0 4.6 1.54 0.19 1.0 0.46 2 2 2 2 2 2 2 2 2.7 1.6 -13.0 -0.9 -0.9 -0.9 -0.9 -0.9 -0.9 0.115 0.176 0.093 0.057 0.198 0.27 2 2 1 2 2 2
1966-09-12T12:30:00 1966 9 12 12 30 0 -0.3 -0.1 395.5 4.2 1.35 0.17 0.94 0.42 2 2 1 1 1 2 2 1 1.3 1.72 -15.0 -0.1 -0.1 -0.1 -0.1 -0.1 -0.1 0.114 0.173 0.091 0.05 0.169 0.255 1 1 1 1 1 1
1966-09-12T13:30:00 1966 9 12 13 30 0 0.2 -0.4 382.0 3.8 1.15 0.02 0.51 0.2 2 2 1 1 1 2 2 1 1.3 1.83 -18.0 -0.4 -0.4 -0.4 -0.4 -0.4 -0.4 0.104 0.162 0.089 0.04 0.149 0.217 1 1 1 1 1 1
1966-09-12T14:30:00 1966 9 12 14 30 0 3.0 -1.9 368.5 3.4 0.95 0.79 2.26 0.8 2 2 1 1 1 2 2 1 1.3 1.82 -16.0 -1.9 -1.9 -1.9 -1.9 -1.9 -1.9 0.167 0.281 0.092 0.103 0.298 0.291 1 1 1 1 1 1
1966-09-12T15:30:00 1966 9 12 15 30 0 3.4 -1.9 355.0 3.0 0.76 1.89 3.43 1.09 2 2 2 2 2 2 2 2 2.0 1.91 -17.0 -1.9 -1.9 -1.9 -1.9 -1.9 -1.9 0.233 0.372 0.096 0.165 0.367 0.308 2 2 1 2 2 2
1966-09-12T16:30:00 1966 9 12 16 30 0 1.0 -1.2 355.0 3.0 0.76 1.04 2.7 0.81 2 2 2 2 2 2 2 2 2.0 1.99 -22.0 -1.2 -1.2 -1.2 -1.2 -1.2 -1.2 0.249 0.372 0.098 0.165 0.33 0.274 2 2 1 2 2 2
1966-09-12T17:30:00 1966 9 12 17 30 0 -0.4 -0.8 355.0 3.0 0.76 0.24 1.75 0.52 2 2 2 2 2 2 2 2 2.0 1.91 -22.0 -0.8 -0.8 -0.8 -0.8 -0.8 -0.8 0.232 0.325 0.097 0.134 0.264 0.231 2 2 1 2 2 2
1966-09-12T18:30:00 1966 9 12 18 30 0 0.0 0.9 352.0 2.6 0.64 0.02 0.28 0.08 2 2 2 2 2 2 2 2 0.7 1.66 -23.0 0.9 0.9 0.9 0.9 0.9 0.9 0.163 0.176 0.095 0.077 0.097 0.108 2 2 1 2 2 2
1966-09-12T19:30:00 1966 9 12 19 30 0 4.1 0.6 352.0 2.6 0.64 0.33 0.0 0.0 2 2 2 2 2 2 2 2 0.7 1.41 -19.0 0.6 0.6 0.6 0.6 0.6 0.6 0.11 0.087 0.092 0.043 0.031 0.045 2 2 1 2 2 2
1966-09-12T20:30:00 1966 9 12 20 30 0 4.0 0.0 352.0 2.6 0.64 1.05 0.0 0.0 2 2 2 2 2 2 2 2 0.7 1.33 -16.0 0.0 0.0 0.0 0.0 0.0 0.0 0.075 0.043 0.089 0.024 0.01 0.019 2 2 1 2 2 2
1966-09-12T21:30:00 1966 9 12 21 30 0 4.0 -0.8 358.0 2.5 0.64 1.35 0.77 0.2 2 2 2 2 2 2 2 2 1.3 1.33 -19.0 -0.8 -0.8 -0.8 -0.8 -0.8 -0.8 0.086 0.111 0.087 0.033 0.109 0.078 2 2 1 2 2 2
1966-09-12T22:30:00 1966 9 12 22 30 0 4.5 0.1 358.0 2.5 0.64 1.46 0.58 0.14 2 2 2 2 2 2 2 2 1.3 1.33 -19.0 0.1 0.1 0.1 0.1 0.1 0.1 0.075 0.097 0.085 0.026 0.078 0.067 2 2 1 2 2 2
1966-09-12T23:30:00 1966 9 12 23 30 0 3.9 -0.1 358.0 2.5 0.64 1.25 0.05 0.01 2 2 2 2 2 2 2 2 1.3 1.24 -17.0 -0.1 -0.1 -0.1 -0.1 -0.1 -0.1 0.054 0.062 0.083 0.015 0.042 0.043 2 2 1 2 2 2
