1966-03-12T00:30:00 1966 3 12 0 30 0 -0.95 0.15 426.5 6.0 1.99 0.07 0.0 0.0 0 0 1 0 0 0 1 0 2.7 2.16 -5.0 -0.8 -0.57 -1.3 -1.27 -0.59 -0.4 0.257 0.287 0.231 0.235 0.307 0.487 0 0 0 0 0 0
1966-03-12T01:30:00 1966 3 12 1 30 0 -0.95 0.15 427.1 6.0 1.99 0.07 0.0 0.0 0 0 1 0 0 0 1 0 2.7 2.45 0.0 -0.8 -0.57 -1.3 -1.27 -0.59 -0.4 0.257 0.287 0.232 0.236 0.307 0.489 0 0 0 0 0 0
1966-03-12T02:30:00 1966 3 12 2 30 0 -0.95 0.15 427.7 6.0 1.99 0.07 0.0 0.0 0 0 1 0 0 0 1 0 2.7 2.57 1.0 -0.8 -0.57 -1.3 -1.27 -0.59 -0.4 0.257 0.287 0.233 0.236 0.308 0.491 0 0 0 0 0 0
1966-03-12T03:30:00 1966 3 12 3 30 0 -0.95 0.15 428.4 5.77 1.99 0.07 0.0 0.0 0 0 1 1 0 0 1 1 0.3 2.38 1.0 -0.8 -0.57 -1.3 -1.27 -0.59 -0.4 0.257 0.285 0.234 0.235 0.306 0.483 0 0 0 0 0 0
1966-03-12T04:30:00 1966 3 12 4 30 0 -0.95 0.15 429.0 5.36 1.99 0.07 0.0 0.0 0 0 1 1 1 0 1 1 0.3 2.18 0.0 -0.8 -0.57 -1.3 -1.27 -0.59 -0.4 0.255 0.28 0.235 0.233 0.301 0.459 0 0 0 0 0 0
1966-03-12T05:30:00 1966 3 12 5 30 0 -0.95 0.15 429.0 4.95 1.86 0.07 0.0 0.0 0 0 1 1 1 0 1 1 0.3 1.84 2.0 -0.8 -0.57 -1.3 -1.27 -0.59 -0.4 0.251 0.273 0.236 0.228 0.293 0.424 0 0 0 0 0 0
1966-03-12T06:30:00 1966 3 12 6 30 0 -0.95 0.15 429.0 4.54 1.72 0.07 0.0 0.0 0 0 1 1 1 0 1 1 1.3 1.63 2.0 -0.8 -0.57 -1.3 -1.27 -0.59 -0.4 0.246 0.265 0.236 0.222 0.284 0.386 0 0 0 0 0 0
1966-03-12T07:30:00 1966 3 12 7 30 0 -0.95 0.15 429.0 4.2 1.59 0.07 0.0 0.0 0 0 1 1 1 0 1 1 1.3 1.43 5.0 -0.8 -0.57 -1.3 -1.27 -0.59 -0.4 0.24 0.256 0.236 0.215 0.275 0.349 0 0 0 0 0 0
1966-03-12T08:30:00 1966 3 12 8 30 0 -0.95 0.15 429.0 4.2 1.55 0.07 0.0 0.0 0 0 1 1 1 0 1 1 1.3 1.26 4.0 -0.8 -0.57 -1.3 -1.27 -0.59 -0.4 0.235 0.25 0.236 0.211 0.27 0.328 0 0 0 0 0 0
1966-03-12T09:30:00 1966 3 12 9 30 0 -0.95 0.15 429.0 4.2 1.55 0.07 0.0 0.0 0 0 2 2 2 1 1 1 2.0 1.19 -1.0 -0.8 -0.57 -1.3 -1.27 -0.59 -0.4 0.232 0.247 0.236 0.208 0.269 0.319 0 0 0 0 0 0
1966-03-12T10:30:00 1966 3 12 10 30 0 -0.95 0.15 429.0 4.2 1.55 0.07 0.0 0.0 0 0 2 2 2 1 1 1 2.0 1.12 -3.0 -0.8 -0.57 -1.3 -1.27 -0.59 -0.4 0.23 0.245 0.235 0.207 0.268 0.316 0 0 0 0 0 0
1966-03-12T11:30:00 1966 3 12 11 30 0 -0.95 0.15 429.0 4.2 1.55 0.07 0.0 0.0 0 0 2 2 2 1 1 1 2.0 1.33 -2.0 -0.8 -0.57 -1.3 -1.27 -0.59 -0.4 0.228 0.244 0.235 0.206 0.268 0.314 0 0 0 0 0 0
1966-03-12T12:30:00 1966 3 12 12 30 0 -0.95 0.15 426.7 4.2 1.55 0.07 0.0 0.0 0 0 1 1 1 0 1 1 2.0 1.54 2.0 -0.8 -0.57 -1.3 -1.27 -0.59 -0.4 0.227 0.244 0.235 0.205 0.267 0.312 0 0 0 0 0 0
1966-03-12T13:30:00 1966 3 12 13 30 0 -0.95 0.15 424.4 4.2 1.59 0.07 0.0 0.0 0 0 1 1 1 0 1 1 2.0 1.75 2.0 -0.8 -0.57 -1.3 -1.27 -0.59 -0.4 0.226 0.244 0.235 0.204 0.265 0.309 0 0 0 0 0 0
1966-03-12T14:30:00 1966 3 12 14 30 0 -0.95 0.15 422.1 4.54 1.72 0.07 0.0 0.0 0 0 1 1 1 0 1 1 2.0 1.83 4.0 -0.8 -0.57 -1.3 -1.27 -0.59 -0.4 0.226 0.246 0.235 0.205 0.267 0.318 0 0 0 0 0 0
1966-03-12T15:30:00 1966 3 12 15 30 0 -0.95 0.15 419.8 5.0 1.85 0.07 0.0 0.0 0 0 1 1 1 0 1 1 1.3 1.82 2.0 -0.8 -0.57 -1.3 -1.27 -0.59 -0.4 0.229 0.253 0.235 0.208 0.273 0.343 0 0 0 0 0 0
1966-03-12T16:30:00 1966 3 12 16 30 0 -0.95 0.15 417.5 5.51 1.98 0.06 0.0 0.0 0 0 1 1 1 0 1 1 1.3 1.82 1.0 -0.8 -0.57 -1.3 -1.27 -0.59 -0.4 0.233 0.262 0.235 0.213 0.281 0.378 0 0 0 0 0 0
1966-03-12T17:30:00 1966 3 12 17 30 0 -0.95 0.15 415.2 6.01 2.03 0.06 0.0 0.0 0 0 1 1 1 0 1 1 1.3 1.73 4.0 -0.8 -0.57 -1.3 -1.27 -0.59 -0.4 0.239 0.272 0.235 0.219 0.289 0.418 0 0 0 0 0 0
1966-03-12T18:30:00 1966 3 12 18 30 0 -0.95 0.15 412.9 6.33 2.06 0.06 0.0 0.0 0 0 1 1 1 0 1 1 1.0 1.6 8.0 -0.8 -0.57 -1.3 -1.27 -0.59 -0.4 0.244 0.281 0.236 0.224 0.294 0.453 0 0 0 0 0 0
1966-03-12T19:30:00 1966 3 12 19 30 0 -0.95 0.15 410.6 6.4 2.1 0.06 0.0 0.0 0 0 1 1 1 0 1 1 1.0 1.48 11.0 -0.8 -0.57 -1.3 -1.27 -0.59 -0.4 0.248 0.287 0.236 0.227 0.296 0.472 0 0 0 0 0 0
1966-03-12T20:30:00 1966 3 12 20 30 0 -0.95 0.15 408.3 6.4 2.11 0.06 0.0 0.0 0 0 1 1 1 0 1 1 1.0 1.35 14.0 -0.8 -0.57 -1.3 -1.27 -0.59 -0.4 0.25 0.29 0.236 0.229 0.295 0.477 0 0 0 0 0 0
1966-03-12T21:30:00 1966 3 12 21 30 0 -0.95 0.15 406.0 6.4 2.11 0.06 0.0 0.0 0 0 2 2 2 1 1 1 0.7 1.19 15.0 -0.8 -0.57 -1.3 -1.27 -0.59 -0.4 0.252 0.292 0.237 0.229 0.293 0.475 0 0 0 0 0 0
1966-03-12T22:30:00 1966 3 12 22 30 0 -0.95 0.15 406.0 6.4 2.11 0.06 0.0 0.0 0 0 2 2 2 1 1 1 0.7 1.03 16.0 -0.8 -0.57 -1.3 -1.27 -0.59 -0.4 0.252 0.292 0.237 0.228 0.292 0.474 0 0 0 0 0 0
1966-03-12T23:30:00 1966 3 12 23 30 0 -0.95 0.15 406.0 6.4 2.11 0.06 0.0 0.0 0 0 2 2 2 1 1 1 0.7 0.96 16.0 -0.8 -0.57 -1.3 -1.27 -0.59 -0.4 0.253 0.293 0.237 0.228 0.292 0.473 0 0 0 0 0 0
