1966-02-27T00:30:00 1966 2 27 0 30 0 -0.95 0.16 431.0 2.2 0.82 0.07 0.0 0.0 0 0 2 2 2 1 1 1 1.0 0.8 1.0 -0.8 -0.56 -1.29 -1.25 -0.59 -0.39 0.19 0.197 0.331 0.169 0.223 0.178 0 0 0 0 0 0
1966-02-27T01:30:00 1966 2 27 1 30 0 -0.95 0.16 431.0 2.2 0.82 0.07 0.0 0.0 0 0 2 2 2 1 1 1 1.0 0.89 1.0 -0.8 -0.56 -1.29 -1.25 -0.59 -0.39 0.186 0.188 0.327 0.162 0.212 0.153 0 0 0 0 0 0
1966-02-27T02:30:00 1966 2 27 2 30 0 -0.95 0.16 431.0 2.2 0.82 0.07 0.0 0.0 0 0 2 2 2 1 1 1 1.0 0.89 3.0 -0.8 -0.56 -1.29 -1.25 -0.59 -0.39 0.182 0.183 0.322 0.159 0.209 0.143 0 0 0 0 0 0
1966-02-27T03:30:00 1966 2 27 3 30 0 -0.95 0.16 441.0 3.4 1.32 0.07 0.0 0.0 0 0 2 2 2 1 1 1 1.7 0.98 2.0 -0.8 -0.56 -1.29 -1.25 -0.59 -0.39 0.188 0.195 0.319 0.167 0.232 0.185 0 0 0 0 0 0
1966-02-27T04:30:00 1966 2 27 4 30 0 -0.95 0.16 441.0 3.4 1.32 0.07 0.0 0.0 0 0 2 2 2 1 1 1 1.7 1.07 3.0 -0.8 -0.56 -1.29 -1.25 -0.59 -0.39 0.196 0.208 0.316 0.177 0.249 0.224 0 0 0 0 0 0
1966-02-27T05:30:00 1966 2 27 5 30 0 -0.95 0.16 441.0 3.4 1.32 0.07 0.0 0.0 0 0 2 2 2 1 1 1 1.7 1.2 -1.0 -0.8 -0.56 -1.29 -1.25 -0.59 -0.39 0.201 0.214 0.313 0.183 0.254 0.24 0 0 0 0 0 0
1966-02-27T06:30:00 1966 2 27 6 30 0 -0.95 0.16 438.0 3.72 1.42 0.07 0.0 0.0 0 0 1 1 1 0 1 1 1.0 1.23 -2.0 -0.8 -0.56 -1.29 -1.25 -0.59 -0.39 0.206 0.22 0.311 0.188 0.259 0.257 0 0 0 0 0 0
1966-02-27T07:30:00 1966 2 27 7 30 0 -0.95 0.16 435.0 4.05 1.53 0.07 0.0 0.0 0 0 1 1 1 0 1 1 1.0 1.26 -4.0 -0.8 -0.56 -1.29 -1.25 -0.59 -0.39 0.211 0.227 0.308 0.193 0.265 0.28 0 0 0 0 0 0
1966-02-27T08:30:00 1966 2 27 8 30 0 -0.95 0.16 432.0 4.38 1.63 0.07 0.0 0.0 0 0 1 1 1 0 1 1 1.0 1.26 -4.0 -0.8 -0.56 -1.29 -1.25 -0.59 -0.39 0.217 0.235 0.306 0.198 0.271 0.305 0 0 0 0 0 0
1966-02-27T09:30:00 1966 2 27 9 30 0 -0.95 0.16 429.0 4.7 1.73 0.07 0.0 0.0 0 0 2 2 2 1 1 1 1.7 1.35 -1.0 -0.8 -0.56 -1.29 -1.25 -0.59 -0.39 0.222 0.243 0.304 0.203 0.277 0.331 0 0 0 0 0 0
1966-02-27T10:30:00 1966 2 27 10 30 0 -0.95 0.16 429.0 4.7 1.73 0.07 0.0 0.0 0 0 2 2 2 1 1 1 1.7 1.44 4.0 -0.8 -0.56 -1.29 -1.25 -0.59 -0.39 0.226 0.249 0.302 0.206 0.279 0.346 0 0 0 0 0 0
1966-02-27T11:30:00 1966 2 27 11 30 0 -0.95 0.16 429.0 4.7 1.73 0.07 0.0 0.0 0 0 2 2 2 1 1 1 1.7 1.44 3.0 -0.8 -0.56 -1.29 -1.25 -0.59 -0.39 0.229 0.251 0.3 0.208 0.28 0.353 0 0 0 0 0 0
1966-02-27T12:30:00 1966 2 27 12 30 0 -0.95 0.16 421.8 4.35 1.56 0.06 0.0 0.0 0 0 1 1 1 0 1 1 0.7 1.31 2.0 -0.8 -0.56 -1.29 -1.25 -0.59 -0.39 0.229 0.249 0.298 0.206 0.273 0.336 0 0 0 0 0 0
1966-02-27T13:30:00 1966 2 27 13 30 0 -0.95 0.16 414.5 4.0 1.39 0.06 0.0 0.0 0 0 1 1 1 0 1 1 0.7 1.19 0.0 -0.8 -0.56 -1.29 -1.25 -0.59 -0.39 0.226 0.243 0.296 0.2 0.259 0.303 0 0 0 0 0 0
1966-02-27T14:30:00 1966 2 27 14 30 0 -0.95 0.16 407.2 3.65 1.23 0.06 0.0 0.0 0 0 1 1 1 0 1 1 0.7 1.14 0.0 -0.8 -0.56 -1.29 -1.25 -0.59 -0.39 0.22 0.235 0.293 0.191 0.244 0.266 0 0 0 0 0 0
1966-02-27T15:30:00 1966 2 27 15 30 0 -0.95 0.16 400.0 3.3 1.06 0.06 0.0 0.0 0 0 2 2 2 1 1 1 0.3 1.05 -1.0 -0.8 -0.56 -1.29 -1.25 -0.59 -0.39 0.213 0.226 0.289 0.182 0.229 0.229 0 0 0 0 0 0
1966-02-27T16:30:00 1966 2 27 16 30 0 -0.95 0.16 400.0 3.3 1.06 0.06 0.0 0.0 0 0 2 2 2 1 1 1 0.3 0.96 1.0 -0.8 -0.56 -1.29 -1.25 -0.59 -0.39 0.207 0.219 0.286 0.175 0.221 0.207 0 0 0 0 0 0
1966-02-27T17:30:00 1966 2 27 17 30 0 -0.95 0.16 400.0 3.3 1.06 0.06 0.0 0.0 0 0 2 2 2 1 1 1 0.3 0.78 2.0 -0.8 -0.56 -1.29 -1.25 -0.59 -0.39 0.203 0.216 0.283 0.171 0.218 0.198 0 0 0 0 0 0
1966-02-27T18:30:00 1966 2 27 18 30 0 -0.95 0.16 396.8 3.3 1.06 0.06 0.0 0.0 0 0 1 1 1 0 1 1 0.3 0.61 3.0 -0.8 -0.56 -1.29 -1.25 -0.59 -0.39 0.199 0.214 0.279 0.168 0.216 0.193 0 0 0 0 0 0
1966-02-27T19:30:00 1966 2 27 19 30 0 -0.95 0.16 393.6 3.3 1.16 0.06 0.0 0.0 0 0 1 1 1 0 1 1 0.3 0.44 4.0 -0.8 -0.56 -1.29 -1.25 -0.59 -0.39 0.197 0.213 0.276 0.166 0.213 0.188 0 0 0 0 0 0
1966-02-27T20:30:00 1966 2 27 20 30 0 -0.95 0.16 390.4 3.78 1.47 0.06 0.0 0.0 0 0 1 1 1 0 1 1 0.3 0.4 5.0 -0.8 -0.56 -1.29 -1.25 -0.59 -0.39 0.197 0.217 0.273 0.167 0.217 0.198 0 0 0 0 0 0
1966-02-27T21:30:00 1966 2 27 21 30 0 -0.95 0.16 387.2 4.36 1.78 0.06 0.0 0.0 0 0 1 1 1 0 1 1 0.3 0.35 5.0 -0.8 -0.56 -1.29 -1.25 -0.59 -0.39 0.2 0.227 0.27 0.171 0.224 0.224 0 0 0 0 0 0
1966-02-27T22:30:00 1966 2 27 22 30 0 -0.95 0.16 383.9 4.95 2.09 0.06 0.0 0.0 0 0 1 1 1 0 1 1 0.3 0.3 4.0 -0.8 -0.56 -1.29 -1.25 -0.59 -0.39 0.206 0.239 0.268 0.177 0.233 0.257 0 0 0 0 0 0
1966-02-27T23:30:00 1966 2 27 23 30 0 -0.95 0.16 380.7 5.53 2.1 0.06 0.0 0.0 0 0 1 1 0 0 1 1 0.3 0.3 3.0 -0.8 -0.56 -1.29 -1.25 -0.59 -0.39 0.212 0.251 0.265 0.183 0.242 0.293 0 0 0 0 0 0
