1966-12-14T00:30:00 1966 12 14 0 30 0 -8.6 15.1 488.2 7.17 2.91 2.38 0.0 0.0 2 2 1 0 0 2 2 1 2.0 2.33 -16.0 15.1 15.1 15.1 15.1 15.1 15.1 0.014 0.001 0.276 0.003 0.0 0.001 1 1 2 1 1 1
1966-12-14T01:30:00 1966 12 14 1 30 0 -11.4 13.5 491.6 7.17 2.91 1.87 0.0 0.0 2 2 1 0 0 2 2 1 2.0 2.0 -13.0 13.5 13.5 13.5 13.5 13.5 13.5 0.01 0.0 0.267 0.002 0.0 0.0 1 1 2 1 1 1
1966-12-14T02:30:00 1966 12 14 2 30 0 -18.4 3.0 494.9 7.17 2.91 9.98 0.0 0.0 2 2 1 0 0 2 2 1 2.0 2.04 -6.0 3.0 3.0 3.0 3.0 3.0 3.0 0.007 0.0 0.259 0.001 0.0 0.0 1 1 2 1 1 1
1966-12-14T03:30:00 1966 12 14 3 30 0 -18.3 -6.4 498.2 7.17 2.91 30.82 6.09 4.37 2 2 1 0 0 2 2 1 3.7 2.3 -5.0 -6.4 -6.4 -6.4 -6.4 -6.4 -6.4 0.336 0.496 0.295 0.542 0.971 1.491 0 0 1 0 0 0
1966-12-14T04:30:00 1966 12 14 4 30 0 -17.9 4.1 501.5 7.17 2.91 27.29 4.22 3.03 2 2 1 0 0 2 2 1 3.7 2.55 -13.0 4.1 4.1 4.1 4.1 4.1 4.1 0.344 0.412 0.301 0.441 0.564 1.12 0 0 1 0 0 0
1966-12-14T05:30:00 1966 12 14 5 30 0 -17.5 4.9 504.9 7.17 2.92 16.59 0.0 0.0 2 2 1 0 0 2 2 1 3.7 2.73 -12.0 4.9 4.9 4.9 4.9 4.9 4.9 0.233 0.205 0.292 0.247 0.178 0.465 0 0 1 0 0 0
1966-12-14T06:30:00 1966 12 14 6 30 0 -17.1 5.5 508.2 7.18 2.92 15.07 0.0 0.0 2 2 1 0 0 2 2 1 3.0 2.82 -7.0 5.5 5.5 5.5 5.5 5.5 5.5 0.158 0.102 0.283 0.138 0.057 0.193 0 0 1 0 0 0
1966-12-14T07:30:00 1966 12 14 7 30 0 -16.2 6.8 511.5 7.18 2.92 12.89 0.0 0.0 2 2 1 0 0 2 2 1 3.0 2.9 -3.0 6.8 6.8 6.8 6.8 6.8 6.8 0.107 0.05 0.275 0.077 0.018 0.08 0 0 1 0 0 0
1966-12-14T08:30:00 1966 12 14 8 30 0 -16.2 5.7 514.8 7.18 2.92 12.26 0.0 0.0 2 2 1 0 0 2 2 1 3.0 3.02 3.0 5.7 5.7 5.7 5.7 5.7 5.7 0.072 0.025 0.266 0.043 0.006 0.033 0 0 1 0 0 0
1966-12-14T09:30:00 1966 12 14 9 30 0 -14.7 5.9 518.1 7.18 2.92 11.39 0.0 0.0 2 2 1 0 0 2 2 1 2.7 3.1 4.0 5.9 5.9 5.9 5.9 5.9 5.9 0.049 0.012 0.258 0.024 0.002 0.014 0 0 1 0 0 0
1966-12-14T10:30:00 1966 12 14 10 30 0 -15.2 3.9 521.5 7.18 2.92 11.82 0.0 0.0 2 2 1 0 0 2 2 1 2.7 3.18 -2.0 3.9 3.9 3.9 3.9 3.9 3.9 0.033 0.006 0.25 0.014 0.001 0.006 0 0 1 0 0 0
1966-12-14T11:30:00 1966 12 14 11 30 0 -15.0 7.1 524.8 7.18 2.92 11.27 0.0 0.0 2 2 1 0 0 2 2 1 2.7 3.05 -7.0 7.1 7.1 7.1 7.1 7.1 7.1 0.022 0.003 0.242 0.008 0.0 0.002 0 0 1 0 0 0
1966-12-14T12:30:00 1966 12 14 12 30 0 -15.8 3.8 528.1 7.19 2.93 12.28 0.0 0.0 2 2 1 0 0 2 2 1 6.0 3.36 -1.0 3.8 3.8 3.8 3.8 3.8 3.8 0.015 0.002 0.235 0.004 0.0 0.001 0 0 1 0 0 0
1966-12-14T13:30:00 1966 12 14 13 30 0 -9.9 -13.6 531.4 7.19 2.93 31.15 15.64 11.25 2 2 1 0 0 2 2 1 6.0 3.67 -7.0 -13.6 -13.6 -13.6 -13.6 -13.6 -13.6 0.742 0.905 0.378 1.675 1.942 2.838 0 0 1 0 0 0
1966-12-14T14:30:00 1966 12 14 14 30 0 -4.5 -18.6 534.8 7.19 2.93 68.86 43.49 31.27 2 2 1 0 0 2 2 1 6.0 4.05 -33.0 -18.6 -18.6 -18.6 -18.6 -18.6 -18.6 2.018 2.038 0.791 5.141 3.926 5.702 0 0 0 0 0 0
1966-12-14T15:30:00 1966 12 14 15 30 0 -9.3 -9.4 538.1 7.51 2.93 53.62 36.52 26.83 2 2 1 1 0 2 2 1 7.0 4.56 -67.0 -9.4 -9.4 -9.4 -9.4 -9.4 -9.4 2.555 2.307 1.074 5.768 3.883 6.341 0 1 1 1 1 1
1966-12-14T16:30:00 1966 12 14 16 30 0 -1.1 -7.7 541.4 8.11 2.97 24.0 22.89 17.91 2 2 1 1 1 2 2 1 7.0 5.07 -92.0 -7.7 -7.7 -7.7 -7.7 -7.7 -7.7 2.585 2.171 1.221 4.985 3.34 6.218 1 1 1 1 1 1
1966-12-14T17:30:00 1966 12 14 17 30 0 0.8 -2.0 544.7 8.71 3.91 7.18 12.52 10.48 2 2 1 1 1 2 2 1 7.0 5.6 -94.0 -2.0 -2.0 -2.0 -2.0 -2.0 -2.0 2.21 1.699 1.26 3.497 2.285 5.146 1 1 1 1 1 1
1966-12-14T18:30:00 1966 12 14 18 30 0 -0.1 -0.3 548.0 9.31 4.86 0.49 2.95 2.64 2 2 1 1 1 2 2 1 5.3 5.9 -94.0 -0.3 -0.3 -0.3 -0.3 -0.3 -0.3 1.624 1.073 1.233 2.065 1.158 3.376 1 1 1 1 1 1
1966-12-14T19:30:00 1966 12 14 19 30 0 3.1 -0.8 551.4 9.8 5.8 0.65 1.57 1.51 2 2 1 1 1 2 2 1 5.3 6.2 -86.0 -0.8 -0.8 -0.8 -0.8 -0.8 -0.8 1.199 0.735 1.202 1.229 0.778 2.653 1 1 1 1 1 1
1966-12-14T20:30:00 1966 12 14 20 30 0 0.3 -3.0 554.7 9.8 6.1 1.96 5.51 5.4 2 2 1 1 1 2 2 1 5.3 6.1 -78.0 -3.0 -3.0 -3.0 -3.0 -3.0 -3.0 1.115 0.843 1.201 1.068 1.256 3.641 1 1 1 1 1 1
1966-12-14T21:30:00 1966 12 14 21 30 0 0.5 0.4 558.0 9.8 6.1 0.78 3.34 3.27 2 2 2 2 2 2 2 2 5.3 6.01 -83.0 0.4 0.4 0.4 0.4 0.4 0.4 0.883 0.623 1.179 0.722 0.774 2.652 1 1 1 1 1 1
1966-12-14T22:30:00 1966 12 14 22 30 0 -1.5 -0.6 558.0 9.8 6.1 0.14 0.57 0.56 2 2 2 2 2 2 2 2 5.3 5.92 -77.0 -0.6 -0.6 -0.6 -0.6 -0.6 -0.6 0.646 0.422 1.145 0.436 0.491 1.896 1 1 1 1 2 2
1966-12-14T23:30:00 1966 12 14 23 30 0 -1.6 -2.9 558.0 9.8 6.1 1.71 5.15 5.05 2 2 2 2 2 2 2 2 5.3 5.71 -70.0 -2.9 -2.9 -2.9 -2.9 -2.9 -2.9 0.726 0.669 1.144 0.6 1.137 3.29 1 2 1 2 2 2
