1966-04-22T00:30:00 1966 4 22 0 30 0 -0.98 0.13 384.4 9.1 2.55 0.06 0.0 0.0 0 0 1 1 1 0 1 1 3.7 1.96 11.0 -0.83 -0.59 -1.33 -1.3 -0.61 -0.41 0.268 0.342 0.182 0.241 0.308 0.621 0 0 0 0 0 0
1966-04-22T01:30:00 1966 4 22 1 30 0 -0.98 0.13 394.9 9.55 2.67 0.07 0.0 0.0 0 0 1 1 1 0 1 1 3.7 2.33 5.0 -0.83 -0.59 -1.33 -1.3 -0.61 -0.41 0.277 0.349 0.185 0.251 0.323 0.68 0 0 0 0 0 0
1966-04-22T02:30:00 1966 4 22 2 30 0 -0.98 0.13 405.3 10.22 3.34 0.07 0.0 0.0 0 0 1 1 1 0 1 1 3.7 2.59 4.0 -0.83 -0.59 -1.33 -1.3 -0.61 -0.41 0.287 0.358 0.188 0.264 0.344 0.77 0 0 0 0 0 0
1966-04-22T03:30:00 1966 4 22 3 30 0 -0.98 0.13 415.7 10.88 4.01 0.07 0.0 0.0 0 0 1 1 1 0 1 1 2.7 2.71 8.0 -0.83 -0.59 -1.33 -1.3 -0.61 -0.41 0.299 0.369 0.192 0.278 0.367 0.883 0 0 0 0 0 0
1966-04-22T04:30:00 1966 4 22 4 30 0 -0.98 0.13 426.1 11.55 4.68 0.07 0.0 0.0 0 0 1 1 1 0 1 1 2.7 2.82 2.0 -0.83 -0.59 -1.33 -1.3 -0.61 -0.41 0.312 0.381 0.196 0.294 0.392 1.013 0 0 0 0 0 0
1966-04-22T05:30:00 1966 4 22 5 30 0 -0.98 0.13 436.6 12.0 4.8 0.07 0.0 0.0 0 0 1 1 1 0 1 1 2.7 2.9 3.0 -0.83 -0.59 -1.33 -1.3 -0.61 -0.41 0.324 0.392 0.201 0.31 0.416 1.146 0 0 0 0 0 0
1966-04-22T06:30:00 1966 4 22 6 30 0 -0.98 0.13 447.0 12.0 4.8 0.08 0.0 0.0 0 0 2 2 2 1 1 1 3.0 3.02 7.0 -0.83 -0.59 -1.33 -1.3 -0.61 -0.41 0.336 0.399 0.207 0.324 0.436 1.256 0 0 0 0 0 0
1966-04-22T07:30:00 1966 4 22 7 30 0 -0.98 0.13 447.0 12.0 4.8 0.08 0.0 0.0 0 0 2 2 2 1 1 1 3.0 3.14 9.0 -0.83 -0.59 -1.33 -1.3 -0.61 -0.41 0.344 0.403 0.213 0.333 0.446 1.315 0 0 0 0 0 0
1966-04-22T08:30:00 1966 4 22 8 30 0 -0.98 0.13 447.0 12.0 4.8 0.08 0.0 0.0 0 0 2 2 2 1 1 1 3.0 3.06 -4.0 -0.83 -0.59 -1.33 -1.3 -0.61 -0.41 0.35 0.405 0.219 0.338 0.449 1.339 0 0 0 0 0 0
1966-04-22T09:30:00 1966 4 22 9 30 0 -0.98 0.13 473.0 15.8 7.07 0.08 0.0 0.0 0 0 2 2 2 1 1 1 2.0 2.84 -1.0 -0.83 -0.59 -1.33 -1.3 -0.61 -0.41 0.367 0.427 0.226 0.362 0.499 1.688 0 0 0 0 0 0
1966-04-22T10:30:00 1966 4 22 10 30 0 -0.98 0.13 473.0 15.8 7.07 0.08 0.0 0.0 0 0 2 2 2 1 1 1 2.0 2.63 0.0 -0.83 -0.59 -1.33 -1.3 -0.61 -0.41 0.384 0.447 0.235 0.386 0.535 1.997 0 0 0 0 0 0
1966-04-22T11:30:00 1966 4 22 11 30 0 -0.98 0.13 473.0 15.8 7.07 0.08 0.0 0.0 0 0 2 2 2 1 1 1 2.0 2.54 -3.0 -0.83 -0.59 -1.33 -1.3 -0.61 -0.41 0.396 0.457 0.243 0.399 0.546 2.125 0 0 0 0 0 0
1966-04-22T12:30:00 1966 4 22 12 30 0 -0.98 0.13 462.0 13.1 5.59 0.08 0.0 0.0 0 0 2 2 2 1 1 1 3.7 2.67 -8.0 -0.83 -0.59 -1.33 -1.3 -0.61 -0.41 0.397 0.448 0.25 0.394 0.521 1.943 0 0 0 0 0 0
1966-04-22T13:30:00 1966 4 22 13 30 0 -0.98 0.13 462.0 13.1 5.59 0.08 0.0 0.0 0 0 2 2 2 1 1 1 3.7 2.8 -7.0 -0.83 -0.59 -1.33 -1.3 -0.61 -0.41 0.393 0.437 0.255 0.385 0.501 1.768 0 0 0 0 0 0
1966-04-22T14:30:00 1966 4 22 14 30 0 -0.98 0.13 462.0 13.1 5.59 0.08 0.0 0.0 0 0 2 2 2 1 1 1 3.7 2.9 -10.0 -0.83 -0.59 -1.33 -1.3 -0.61 -0.41 0.39 0.432 0.261 0.38 0.495 1.696 0 0 0 0 0 0
1966-04-22T15:30:00 1966 4 22 15 30 0 -0.98 0.13 458.0 8.1 3.4 0.08 0.0 0.0 0 0 2 2 2 1 1 1 3.3 2.94 -9.0 -0.83 -0.59 -1.33 -1.3 -0.61 -0.41 0.374 0.401 0.265 0.356 0.448 1.345 0 0 0 0 0 0
1966-04-22T16:30:00 1966 4 22 16 30 0 -0.98 0.13 458.0 8.1 3.4 0.08 0.0 0.0 0 0 2 2 2 1 1 1 3.3 2.98 -2.0 -0.83 -0.59 -1.33 -1.3 -0.61 -0.41 0.356 0.371 0.268 0.332 0.414 1.065 0 0 0 0 0 0
1966-04-22T17:30:00 1966 4 22 17 30 0 -0.98 0.13 458.0 8.1 3.4 0.08 0.0 0.0 0 0 2 2 2 1 1 1 3.3 3.14 0.0 -0.83 -0.59 -1.33 -1.3 -0.61 -0.41 0.343 0.356 0.271 0.319 0.403 0.948 0 0 0 0 0 0
1966-04-22T18:30:00 1966 4 22 18 30 0 -0.98 0.13 460.3 8.1 3.4 0.08 0.0 0.0 0 0 1 1 1 0 1 1 1.7 3.08 -2.0 -0.83 -0.59 -1.33 -1.3 -0.61 -0.41 0.335 0.349 0.274 0.312 0.402 0.904 0 0 0 0 0 0
1966-04-22T19:30:00 1966 4 22 19 30 0 -0.98 0.13 462.5 8.1 3.23 0.08 0.0 0.0 0 0 1 1 1 0 1 1 1.7 3.03 -7.0 -0.83 -0.59 -1.33 -1.3 -0.61 -0.41 0.33 0.345 0.277 0.309 0.403 0.892 0 0 0 0 0 0
1966-04-22T20:30:00 1966 4 22 20 30 0 -0.98 0.13 464.8 7.56 2.7 0.08 0.0 0.0 0 0 1 1 1 0 1 1 1.7 2.77 -7.0 -0.83 -0.59 -1.33 -1.3 -0.61 -0.41 0.325 0.34 0.279 0.305 0.4 0.862 0 0 0 0 0 0
1966-04-22T21:30:00 1966 4 22 21 30 0 -0.98 0.13 467.1 6.9 2.18 0.08 0.0 0.0 0 0 1 1 1 0 1 1 1.0 2.43 -6.0 -0.83 -0.59 -1.33 -1.3 -0.61 -0.41 0.319 0.331 0.282 0.299 0.392 0.805 0 0 0 0 0 0
1966-04-22T22:30:00 1966 4 22 22 30 0 -0.98 0.13 469.4 6.24 1.65 0.08 0.0 0.0 0 0 1 1 1 0 1 1 1.0 2.1 -5.0 -0.83 -0.59 -1.33 -1.3 -0.61 -0.41 0.311 0.32 0.284 0.292 0.381 0.732 0 0 0 0 0 0
1966-04-22T23:30:00 1966 4 22 23 30 0 -0.98 0.13 471.6 5.58 1.63 0.08 0.0 0.0 0 0 1 1 0 0 1 1 1.0 1.81 -3.0 -0.83 -0.59 -1.33 -1.3 -0.61 -0.41 0.302 0.307 0.285 0.283 0.368 0.655 0 0 0 0 0 0
