1966-06-08T00:30:00 1966 6 8 0 30 0 -1.11 0.11 393.0 9.1 2.81 0.09 0.0 0.0 0 0 2 2 2 1 1 1 0.7 1.75 -2.0 -0.87 -0.62 -1.38 -1.35 -0.65 -0.44 0.34 0.391 0.25 0.308 0.375 0.937 0 0 0 0 0 0
1966-06-08T01:30:00 1966 6 8 1 30 0 -1.11 0.11 393.0 9.1 2.81 0.09 0.0 0.0 0 0 2 2 2 1 1 1 0.7 1.55 -5.0 -0.87 -0.62 -1.38 -1.35 -0.65 -0.44 0.329 0.376 0.251 0.294 0.352 0.812 0 0 0 0 0 0
1966-06-08T02:30:00 1966 6 8 2 30 0 -1.11 0.11 393.0 9.1 2.81 0.09 0.0 0.0 0 0 2 2 2 1 1 1 0.7 1.38 -8.0 -0.87 -0.62 -1.38 -1.35 -0.65 -0.44 0.321 0.369 0.252 0.285 0.345 0.76 0 0 0 0 0 0
1966-06-08T03:30:00 1966 6 8 3 30 0 -1.11 0.11 393.0 9.1 2.81 0.09 0.0 0.0 0 0 1 1 1 0 1 1 1.0 1.26 -7.0 -0.87 -0.62 -1.38 -1.35 -0.65 -0.44 0.316 0.366 0.252 0.281 0.343 0.739 0 0 0 0 0 0
1966-06-08T04:30:00 1966 6 8 4 30 0 -1.11 0.11 393.0 9.1 2.68 0.09 0.0 0.0 0 0 1 1 1 0 1 1 1.0 1.14 -4.0 -0.87 -0.62 -1.38 -1.35 -0.65 -0.44 0.313 0.364 0.253 0.278 0.342 0.73 0 0 0 0 0 0
1966-06-08T05:30:00 1966 6 8 5 30 0 -1.11 0.11 393.0 8.35 2.29 0.09 0.0 0.0 0 0 1 1 1 0 1 1 1.0 1.06 -1.0 -0.87 -0.62 -1.38 -1.35 -0.65 -0.44 0.308 0.358 0.254 0.274 0.336 0.695 0 0 0 0 0 0
1966-06-08T06:30:00 1966 6 8 6 30 0 -1.11 0.11 393.0 7.43 1.9 0.09 0.0 0.0 0 0 1 1 1 0 1 1 1.3 1.01 1.0 -0.87 -0.62 -1.38 -1.35 -0.65 -0.44 0.301 0.347 0.254 0.266 0.324 0.631 0 0 0 0 0 0
1966-06-08T07:30:00 1966 6 8 7 30 0 -1.12 0.11 393.0 6.51 1.5 0.09 0.0 0.0 0 0 1 1 1 0 1 1 1.3 0.97 0.0 -0.87 -0.62 -1.38 -1.35 -0.65 -0.44 0.292 0.332 0.254 0.256 0.31 0.552 0 0 0 0 0 0
1966-06-08T08:30:00 1966 6 8 8 30 0 -1.12 0.11 393.0 5.59 1.49 0.09 0.0 0.0 0 0 1 1 0 0 1 1 1.3 1.04 0.0 -0.87 -0.62 -1.38 -1.35 -0.65 -0.44 0.281 0.314 0.253 0.244 0.293 0.47 0 0 0 0 0 0
1966-06-08T09:30:00 1966 6 8 9 30 0 -1.12 0.11 393.0 5.09 1.49 0.09 0.0 0.0 0 0 1 0 0 0 1 0 2.0 1.21 0.0 -0.87 -0.62 -1.38 -1.35 -0.65 -0.44 0.27 0.298 0.252 0.233 0.279 0.403 0 0 0 0 0 0
1966-06-08T10:30:00 1966 6 8 10 30 0 -1.12 0.11 393.0 5.09 1.49 0.09 0.0 0.0 0 0 1 0 0 0 1 0 2.0 1.37 -2.0 -0.87 -0.62 -1.38 -1.35 -0.65 -0.44 0.261 0.287 0.251 0.225 0.272 0.367 0 0 0 0 0 0
1966-06-08T11:30:00 1966 6 8 11 30 0 -1.12 0.11 393.0 5.09 1.49 0.09 0.0 0.0 0 0 1 0 0 0 1 0 2.0 1.5 -1.0 -0.87 -0.62 -1.39 -1.35 -0.65 -0.44 0.256 0.282 0.251 0.221 0.27 0.352 0 0 0 0 0 0
1966-06-08T12:30:00 1966 6 8 12 30 0 -1.12 0.11 393.0 5.09 1.49 0.09 0.0 0.0 0 0 1 0 0 0 1 0 1.3 1.53 -2.0 -0.87 -0.62 -1.39 -1.35 -0.65 -0.44 0.252 0.28 0.25 0.218 0.27 0.346 0 0 0 0 0 0
1966-06-08T13:30:00 1966 6 8 13 30 0 -1.12 0.11 393.0 5.09 1.49 0.09 0.0 0.0 0 0 1 0 0 0 1 0 1.3 1.56 -1.0 -0.87 -0.62 -1.39 -1.35 -0.65 -0.44 0.249 0.279 0.249 0.217 0.269 0.344 0 0 0 0 0 0
1966-06-08T14:30:00 1966 6 8 14 30 0 -1.12 0.11 393.0 5.09 1.49 0.09 0.0 0.0 0 0 1 0 0 0 1 0 1.3 1.56 -2.0 -0.87 -0.62 -1.39 -1.35 -0.65 -0.44 0.247 0.278 0.248 0.216 0.269 0.343 0 0 0 0 0 0
1966-06-08T15:30:00 1966 6 8 15 30 0 -1.12 0.11 393.0 5.09 1.49 0.09 0.0 0.0 0 0 1 0 0 0 1 0 1.0 1.52 -3.0 -0.87 -0.62 -1.39 -1.35 -0.65 -0.44 0.246 0.278 0.247 0.216 0.269 0.342 0 0 0 0 0 0
1966-06-08T16:30:00 1966 6 8 16 30 0 -1.12 0.11 393.0 5.09 1.49 0.09 0.0 0.0 0 0 1 0 0 0 1 0 1.0 1.48 -4.0 -0.87 -0.63 -1.39 -1.35 -0.65 -0.44 0.245 0.278 0.247 0.215 0.269 0.342 0 0 0 0 0 0
1966-06-08T17:30:00 1966 6 8 17 30 0 -1.12 0.11 393.1 5.09 1.49 0.09 0.0 0.0 0 0 1 0 0 0 1 0 1.0 1.35 -4.0 -0.87 -0.63 -1.39 -1.35 -0.65 -0.44 0.245 0.279 0.246 0.215 0.269 0.342 0 0 0 0 0 0
1966-06-08T18:30:00 1966 6 8 18 30 0 -1.12 0.11 393.1 5.09 1.49 0.09 0.0 0.0 0 0 1 0 0 0 1 0 0.3 1.14 -4.0 -0.87 -0.63 -1.39 -1.35 -0.65 -0.44 0.244 0.28 0.245 0.215 0.269 0.342 0 0 0 0 0 0
1966-06-08T19:30:00 1966 6 8 19 30 0 -1.12 0.11 393.1 5.09 1.5 0.09 0.0 0.0 0 0 1 0 0 0 1 0 0.3 0.93 -5.0 -0.87 -0.63 -1.39 -1.35 -0.65 -0.44 0.244 0.28 0.245 0.215 0.269 0.342 0 0 0 0 0 0
1966-06-08T20:30:00 1966 6 8 20 30 0 -1.13 0.11 393.2 5.09 1.5 0.09 0.0 0.0 0 0 1 0 0 0 1 0 0.3 0.8 -4.0 -0.87 -0.63 -1.39 -1.35 -0.65 -0.44 0.244 0.28 0.244 0.215 0.27 0.342 0 0 0 0 0 0
1966-06-08T21:30:00 1966 6 8 21 30 0 -1.13 0.11 393.3 5.09 1.5 0.09 0.0 0.0 0 0 1 0 0 0 1 0 0.0 0.64 -2.0 -0.87 -0.63 -1.39 -1.35 -0.65 -0.44 0.244 0.28 0.243 0.215 0.27 0.342 0 0 0 0 0 0
1966-06-08T22:30:00 1966 6 8 22 30 0 -1.13 0.11 393.3 5.09 1.5 0.09 0.0 0.0 0 0 1 0 0 0 1 0 0.0 0.48 0.0 -0.87 -0.63 -1.39 -1.35 -0.65 -0.44 0.244 0.28 0.243 0.215 0.27 0.343 0 0 0 0 0 0
1966-06-08T23:30:00 1966 6 8 23 30 0 -1.13 0.11 393.4 5.09 1.5 0.09 0.0 0.0 0 0 1 0 0 0 1 0 0.0 0.35 0.0 -0.87 -0.63 -1.39 -1.35 -0.65 -0.44 0.244 0.28 0.242 0.215 0.27 0.343 0 0 0 0 0 0
