1966-04-25T00:30:00 1966 4 25 0 30 0 -0.98 0.13 465.0 2.7 1.17 0.08 0.0 0.0 0 0 2 2 2 1 1 1 1.0 1.74 0.0 -0.83 -0.59 -1.34 -1.3 -0.61 -0.41 0.205 0.202 0.283 0.189 0.254 0.204 0 0 0 0 0 0
1966-04-25T01:30:00 1966 4 25 1 30 0 -0.98 0.13 465.0 2.7 1.17 0.08 0.0 0.0 0 0 2 2 2 1 1 1 1.0 1.73 -2.0 -0.83 -0.59 -1.34 -1.3 -0.61 -0.41 0.206 0.204 0.282 0.191 0.258 0.212 0 0 0 0 0 0
1966-04-25T02:30:00 1966 4 25 2 30 0 -0.98 0.13 465.0 2.7 1.17 0.08 0.0 0.0 0 0 2 2 2 1 1 1 1.0 1.52 -1.0 -0.83 -0.59 -1.34 -1.3 -0.61 -0.41 0.207 0.205 0.281 0.192 0.26 0.215 0 0 0 0 0 0
1966-04-25T03:30:00 1966 4 25 3 30 0 -0.98 0.13 467.0 3.0 1.31 0.08 0.0 0.0 0 0 2 2 2 1 1 1 0.0 1.18 1.0 -0.83 -0.59 -1.34 -1.3 -0.61 -0.41 0.21 0.21 0.28 0.196 0.267 0.231 0 0 0 0 0 0
1966-04-25T04:30:00 1966 4 25 4 30 0 -0.98 0.13 467.0 3.0 1.31 0.08 0.0 0.0 0 0 2 2 2 1 1 1 0.0 0.85 2.0 -0.83 -0.59 -1.34 -1.3 -0.61 -0.41 0.212 0.213 0.279 0.199 0.271 0.243 0 0 0 0 0 0
1966-04-25T05:30:00 1966 4 25 5 30 0 -0.98 0.13 467.0 3.0 1.31 0.08 0.0 0.0 0 0 2 2 2 1 1 1 0.0 0.68 3.0 -0.83 -0.59 -1.34 -1.3 -0.61 -0.41 0.214 0.215 0.279 0.201 0.273 0.248 0 0 0 0 0 0
1966-04-25T06:30:00 1966 4 25 6 30 0 -0.98 0.13 462.0 3.0 1.31 0.08 0.0 0.0 0 0 1 1 1 0 1 1 0.3 0.56 5.0 -0.83 -0.59 -1.34 -1.3 -0.61 -0.41 0.215 0.216 0.278 0.201 0.271 0.248 0 0 0 0 0 0
1966-04-25T07:30:00 1966 4 25 7 30 0 -0.98 0.13 457.0 2.66 1.26 0.08 0.0 0.0 0 0 1 1 1 0 1 1 0.3 0.44 6.0 -0.83 -0.59 -1.34 -1.3 -0.61 -0.41 0.213 0.212 0.277 0.198 0.261 0.23 0 0 0 0 0 0
1966-04-25T08:30:00 1966 4 25 8 30 0 -0.98 0.13 452.0 2.15 0.96 0.08 0.0 0.0 0 0 1 1 1 0 1 1 0.3 0.36 7.0 -0.83 -0.59 -1.34 -1.3 -0.61 -0.41 0.207 0.202 0.275 0.188 0.242 0.193 0 0 0 0 0 0
1966-04-25T09:30:00 1966 4 25 9 30 0 -0.98 0.13 447.0 1.65 0.65 0.08 0.0 0.0 0 0 1 1 1 0 1 1 0.7 0.33 4.0 -0.83 -0.59 -1.34 -1.3 -0.61 -0.41 0.196 0.186 0.273 0.174 0.219 0.15 0 0 0 0 0 0
1966-04-25T10:30:00 1966 4 25 10 30 0 -0.98 0.13 442.0 1.14 0.35 0.08 0.0 0.0 0 0 1 1 1 0 1 1 0.7 0.3 4.0 -0.83 -0.59 -1.34 -1.3 -0.61 -0.41 0.182 0.166 0.269 0.157 0.191 0.106 0 0 0 0 0 0
1966-04-25T11:30:00 1966 4 25 11 30 0 -0.98 0.13 437.0 0.8 0.3 0.07 0.0 0.0 0 0 1 1 1 0 1 1 0.7 0.38 4.0 -0.83 -0.59 -1.34 -1.3 -0.61 -0.41 0.165 0.145 0.266 0.138 0.163 0.071 0 0 0 0 0 0
1966-04-25T12:30:00 1966 4 25 12 30 0 -0.98 0.13 432.0 0.8 0.3 0.07 0.0 0.0 0 0 2 2 2 1 1 1 0.3 0.42 2.0 -0.83 -0.59 -1.34 -1.3 -0.61 -0.41 0.152 0.131 0.261 0.124 0.148 0.052 0 0 0 0 0 0
1966-04-25T13:30:00 1966 4 25 13 30 0 -0.98 0.13 432.0 0.8 0.3 0.07 0.0 0.0 0 0 2 2 2 1 1 1 0.3 0.45 2.0 -0.83 -0.59 -1.34 -1.3 -0.61 -0.41 0.142 0.123 0.257 0.116 0.143 0.044 0 0 0 0 0 0
1966-04-25T14:30:00 1966 4 25 14 30 0 -0.98 0.13 432.0 0.8 0.3 0.07 0.0 0.0 0 0 2 2 2 1 1 1 0.3 0.45 1.0 -0.83 -0.59 -1.34 -1.3 -0.61 -0.41 0.136 0.12 0.253 0.112 0.141 0.04 0 0 0 0 0 0
1966-04-25T15:30:00 1966 4 25 15 30 0 -0.98 0.13 420.0 2.1 0.74 0.07 0.0 0.0 0 0 2 2 2 1 1 1 0.7 0.5 2.0 -0.83 -0.59 -1.34 -1.3 -0.61 -0.41 0.143 0.141 0.251 0.124 0.171 0.073 0 0 0 0 0 0
1966-04-25T16:30:00 1966 4 25 16 30 0 -0.98 0.13 420.0 2.1 0.74 0.07 0.0 0.0 0 0 2 2 2 1 1 1 0.7 0.55 5.0 -0.83 -0.59 -1.34 -1.3 -0.61 -0.41 0.153 0.161 0.248 0.137 0.191 0.102 0 0 0 0 0 0
1966-04-25T17:30:00 1966 4 25 17 30 0 -0.98 0.13 420.0 2.1 0.74 0.07 0.0 0.0 0 0 2 2 2 1 1 1 0.7 0.55 2.0 -0.83 -0.59 -1.34 -1.3 -0.61 -0.41 0.16 0.171 0.246 0.144 0.197 0.115 0 0 0 0 0 0
1966-04-25T18:30:00 1966 4 25 18 30 0 -0.98 0.13 414.1 2.1 0.74 0.07 0.0 0.0 0 0 1 1 1 0 1 1 1.0 0.59 0.0 -0.83 -0.59 -1.34 -1.3 -0.61 -0.41 0.164 0.176 0.244 0.148 0.196 0.118 0 0 0 0 0 0
1966-04-25T19:30:00 1966 4 25 19 30 0 -0.98 0.13 408.3 2.54 0.78 0.07 0.0 0.0 0 0 1 1 1 0 1 1 1.0 0.63 -2.0 -0.83 -0.59 -1.34 -1.3 -0.61 -0.41 0.169 0.183 0.242 0.152 0.201 0.13 0 0 0 0 0 0
1966-04-25T20:30:00 1966 4 25 20 30 0 -0.98 0.13 402.4 3.18 0.98 0.07 0.0 0.0 0 0 1 1 1 0 1 1 1.0 0.72 2.0 -0.83 -0.59 -1.34 -1.3 -0.61 -0.41 0.177 0.197 0.24 0.16 0.212 0.157 0 0 0 0 0 0
1966-04-25T21:30:00 1966 4 25 21 30 0 -0.98 0.13 396.6 3.82 1.17 0.07 0.0 0.0 0 0 1 1 1 0 1 1 0.7 0.77 3.0 -0.83 -0.59 -1.34 -1.3 -0.61 -0.41 0.187 0.213 0.239 0.169 0.224 0.194 0 0 0 0 0 0
1966-04-25T22:30:00 1966 4 25 22 30 0 -0.98 0.13 390.7 4.46 1.37 0.07 0.0 0.0 0 0 1 1 1 0 1 1 0.7 0.81 4.0 -0.83 -0.59 -1.34 -1.3 -0.61 -0.41 0.197 0.23 0.237 0.178 0.234 0.233 0 0 0 0 0 0
1966-04-25T23:30:00 1966 4 25 23 30 0 -0.98 0.13 384.9 4.9 1.41 0.07 0.0 0.0 0 0 1 1 1 0 1 1 0.7 0.81 1.0 -0.83 -0.59 -1.34 -1.3 -0.61 -0.41 0.206 0.245 0.236 0.186 0.241 0.267 0 0 0 0 0 0
