1966-01-01T00:30:00 1966 1 1 0 30 0 -0.47 0.01 342.0 2.6 0.61 0.02 0.0 0.0 0 0 2 2 2 1 1 1 0.3 0.6 -3.0 -0.68 -0.48 -1.06 -1.04 -0.5 -0.34 0.155 0.179 0.162 0.108 0.142 0.107 0 0 0 0 0 0
1966-01-01T01:30:00 1966 1 1 1 30 0 -0.47 0.01 342.0 2.6 0.61 0.02 0.0 0.0 0 0 2 2 2 1 1 1 0.3 0.55 -2.0 -0.68 -0.48 -1.06 -1.04 -0.5 -0.34 0.149 0.173 0.16 0.103 0.138 0.097 0 0 0 0 0 0
1966-01-01T02:30:00 1966 1 1 2 30 0 -0.48 0.01 342.0 2.6 0.61 0.02 0.0 0.0 0 0 2 2 2 1 1 1 0.3 0.47 0.0 -0.68 -0.48 -1.07 -1.04 -0.5 -0.34 0.144 0.17 0.157 0.101 0.137 0.093 0 0 0 0 0 0
1966-01-01T03:30:00 1966 1 1 3 30 0 -0.48 0.01 347.2 3.7 0.92 0.02 0.0 0.0 0 0 1 1 1 0 1 1 1.3 0.51 0.0 -0.68 -0.49 -1.07 -1.04 -0.5 -0.34 0.146 0.18 0.156 0.105 0.149 0.114 0 0 0 0 0 0
1966-01-01T04:30:00 1966 1 1 4 30 0 -0.48 0.01 352.5 4.8 1.23 0.02 0.0 0.0 0 0 1 1 1 0 1 1 1.3 0.56 0.0 -0.68 -0.49 -1.07 -1.04 -0.5 -0.34 0.154 0.199 0.154 0.114 0.169 0.16 0 0 0 0 0 0
1966-01-01T05:30:00 1966 1 1 5 30 0 -0.01 0.01 357.8 5.9 1.53 0.01 0.0 0.0 1 0 1 1 1 1 1 1 1.3 0.69 3.0 -0.68 -0.49 -1.07 -1.04 -0.51 -0.34 0.165 0.221 0.154 0.126 0.191 0.221 0 0 0 0 0 0
1966-01-01T06:30:00 1966 1 1 6 30 0 1.21 0.01 363.0 7.0 1.84 0.04 0.0 0.0 1 0 2 2 2 1 1 1 0.3 0.68 6.0 -0.68 -0.49 -1.07 -1.04 -0.51 -0.34 0.177 0.242 0.153 0.138 0.213 0.294 0 0 0 0 0 0
1966-01-01T07:30:00 1966 1 1 7 30 0 2.44 0.14 363.0 7.0 1.84 0.26 0.0 0.0 1 1 2 2 2 1 2 2 0.3 0.68 7.0 -0.46 -0.29 -0.8 -0.78 -0.31 -0.17 0.175 0.23 0.152 0.133 0.192 0.295 0 0 0 0 1 1
1966-01-01T08:30:00 1966 1 1 8 30 0 3.1 0.82 363.0 7.0 1.84 0.45 0.0 0.0 1 1 2 2 2 1 2 2 0.3 0.67 9.0 0.69 0.73 0.62 0.62 0.72 0.75 0.123 0.118 0.148 0.079 0.066 0.122 0 0 0 0 1 1
1966-01-01T09:30:00 1966 1 1 9 30 0 3.1 1.0 355.0 6.3 1.59 0.46 0.0 0.0 2 2 2 2 2 2 2 2 0.0 0.63 12.0 1.0 1.0 1.0 1.0 1.0 1.0 0.083 0.059 0.144 0.044 0.021 0.051 0 0 0 0 1 1
1966-01-01T10:30:00 1966 1 1 10 30 0 2.4 0.6 355.0 6.3 1.59 0.36 0.0 0.0 2 2 2 2 2 2 2 2 0.0 0.58 12.0 0.6 0.6 0.6 0.6 0.6 0.6 0.056 0.029 0.139 0.025 0.007 0.021 0 0 0 0 1 1
1966-01-01T11:30:00 1966 1 1 11 30 0 2.4 1.5 355.0 6.3 1.59 0.23 0.0 0.0 2 2 2 2 2 2 2 2 0.0 0.42 12.0 1.5 1.5 1.5 1.5 1.5 1.5 0.038 0.014 0.135 0.014 0.002 0.009 0 0 0 0 1 1
1966-01-01T12:30:00 1966 1 1 12 30 0 1.6 0.8 363.0 3.3 0.87 0.14 0.0 0.0 2 2 2 2 2 2 2 2 0.3 0.3 14.0 0.8 0.8 0.8 0.8 0.8 0.8 0.026 0.007 0.131 0.008 0.001 0.004 0 0 0 0 1 1
1966-01-01T13:30:00 1966 1 1 13 30 0 2.6 1.8 363.0 3.3 0.87 0.16 0.0 0.0 2 2 2 2 2 2 2 2 0.3 0.19 10.0 1.8 1.8 1.8 1.8 1.8 1.8 0.017 0.004 0.127 0.004 0.0 0.002 0 0 0 0 1 1
1966-01-01T14:30:00 1966 1 1 14 30 0 2.1 1.2 363.0 3.3 0.87 0.18 0.0 0.0 2 2 2 2 2 2 2 2 0.3 0.19 11.0 1.2 1.2 1.2 1.2 1.2 1.2 0.012 0.002 0.123 0.002 0.0 0.001 0 0 0 0 1 1
1966-01-01T15:30:00 1966 1 1 15 30 0 1.8 1.7 361.0 3.3 0.87 0.11 0.0 0.0 2 2 1 1 1 2 2 1 0.0 0.15 11.0 1.7 1.7 1.7 1.7 1.7 1.7 0.008 0.001 0.119 0.001 0.0 0.0 0 0 0 0 1 1
1966-01-01T16:30:00 1966 1 1 16 30 0 1.0 -0.3 359.0 4.13 0.94 0.09 0.06 0.03 2 2 1 1 1 2 2 1 0.0 0.11 10.0 -0.3 -0.3 -0.3 -0.3 -0.3 -0.3 0.013 0.025 0.116 0.004 0.031 0.034 1 1 0 1 1 1
1966-01-01T17:30:00 1966 1 1 17 30 0 -0.1 -0.9 357.0 5.34 1.3 0.12 1.12 0.55 2 2 1 1 1 2 2 1 0.0 0.11 8.0 -0.9 -0.9 -0.9 -0.9 -0.9 -0.9 0.068 0.16 0.114 0.039 0.179 0.215 1 1 0 1 1 1
1966-01-01T18:30:00 1966 1 1 18 30 0 0.7 0.6 355.0 6.56 1.66 0.04 0.42 0.23 2 2 1 1 1 2 2 1 0.7 0.2 7.0 0.6 0.6 0.6 0.6 0.6 0.6 0.06 0.117 0.111 0.028 0.091 0.148 1 1 0 1 1 1
1966-01-01T19:30:00 1966 1 1 19 30 0 1.8 2.9 353.0 7.77 2.02 0.03 0.0 0.0 2 2 1 1 1 2 2 1 0.7 0.29 8.0 2.9 2.9 2.9 2.9 2.9 2.9 0.041 0.058 0.108 0.016 0.029 0.061 1 1 0 1 1 1
1966-01-01T20:30:00 1966 1 1 20 30 0 0.6 2.8 351.0 8.6 2.09 0.02 0.0 0.0 1 1 1 1 1 1 1 1 0.7 0.34 10.0 2.8 2.8 2.8 2.8 2.8 2.8 0.028 0.029 0.105 0.009 0.009 0.025 1 1 0 1 1 1
1966-01-01T21:30:00 1966 1 1 21 30 0 -0.6 2.7 349.0 8.6 2.09 0.0 0.0 0.0 2 2 2 2 2 2 2 2 0.7 0.4 11.0 2.7 2.7 2.7 2.7 2.7 2.7 0.019 0.014 0.101 0.005 0.003 0.011 1 1 0 1 1 1
1966-01-01T22:30:00 1966 1 1 22 30 0 -2.2 -0.1 349.0 8.6 2.09 0.11 0.01 0.01 2 2 2 2 2 2 2 2 0.7 0.45 15.0 -0.1 -0.1 -0.1 -0.1 -0.1 -0.1 0.017 0.023 0.098 0.004 0.02 0.05 1 2 0 1 2 2
1966-01-01T23:30:00 1966 1 1 23 30 0 2.1 1.9 349.0 8.6 2.09 0.06 0.0 0.0 2 2 2 2 2 2 2 2 0.7 0.53 17.0 1.9 1.9 1.9 1.9 1.9 1.9 0.011 0.012 0.095 0.002 0.006 0.021 1 2 0 1 2 2
