1966-05-28T00:30:00 1966 5 28 0 30 0 -1.0 0.12 426.0 5.11 1.37 0.08 0.0 0.0 0 0 1 0 0 0 1 0 0.7 0.62 -34.0 -0.85 -0.6 -1.37 -1.33 -0.63 -0.42 0.254 0.276 0.207 0.233 0.3 0.406 0 0 0 0 0 0
1966-05-28T01:30:00 1966 5 28 1 30 0 -1.0 0.12 426.0 5.11 1.37 0.08 0.0 0.0 0 0 1 0 0 0 1 0 0.7 0.67 -31.0 -0.85 -0.6 -1.37 -1.33 -0.63 -0.42 0.254 0.276 0.208 0.233 0.3 0.406 0 0 0 0 0 0
1966-05-28T02:30:00 1966 5 28 2 30 0 -1.0 0.12 426.0 5.11 1.37 0.08 0.0 0.0 0 0 1 0 0 0 1 0 0.7 0.72 -29.0 -0.85 -0.6 -1.37 -1.33 -0.63 -0.42 0.254 0.276 0.21 0.234 0.3 0.407 0 0 0 0 0 0
1966-05-28T03:30:00 1966 5 28 3 30 0 -1.0 0.12 426.0 5.11 1.37 0.08 0.0 0.0 0 0 1 0 0 0 1 0 0.7 0.76 -29.0 -0.85 -0.6 -1.37 -1.33 -0.63 -0.42 0.254 0.276 0.212 0.234 0.3 0.407 0 0 0 0 0 0
1966-05-28T04:30:00 1966 5 28 4 30 0 -1.0 0.12 426.0 5.11 1.37 0.08 0.0 0.0 0 0 1 0 0 0 1 0 0.7 0.81 -31.0 -0.85 -0.6 -1.37 -1.33 -0.63 -0.42 0.255 0.276 0.213 0.234 0.3 0.407 0 0 0 0 0 0
1966-05-28T05:30:00 1966 5 28 5 30 0 -1.0 0.12 426.0 5.11 1.37 0.08 0.0 0.0 0 0 1 0 0 0 1 0 0.7 0.77 -34.0 -0.85 -0.6 -1.37 -1.33 -0.63 -0.42 0.255 0.276 0.215 0.234 0.3 0.407 0 0 0 0 0 0
1966-05-28T06:30:00 1966 5 28 6 30 0 -1.0 0.12 426.0 4.84 1.37 0.08 0.0 0.0 0 0 1 1 0 0 1 1 1.7 0.87 -37.0 -0.85 -0.6 -1.37 -1.33 -0.63 -0.42 0.254 0.273 0.216 0.232 0.297 0.396 0 0 0 0 0 0
1966-05-28T07:30:00 1966 5 28 7 30 0 -1.0 0.12 426.0 4.33 1.37 0.08 0.0 0.0 0 0 1 1 1 0 1 1 1.7 0.96 -33.0 -0.85 -0.6 -1.37 -1.33 -0.63 -0.42 0.25 0.267 0.218 0.228 0.288 0.366 0 0 0 0 0 0
1966-05-28T08:30:00 1966 5 28 8 30 0 -1.0 0.12 426.0 3.82 1.27 0.08 0.0 0.0 0 0 1 1 1 0 1 1 1.7 1.09 -31.0 -0.85 -0.6 -1.37 -1.33 -0.63 -0.42 0.244 0.256 0.218 0.22 0.276 0.324 0 0 0 0 0 0
1966-05-28T09:30:00 1966 5 28 9 30 0 -1.0 0.12 426.0 3.32 1.18 0.08 0.0 0.0 0 0 1 1 1 0 1 1 0.3 1.03 -29.0 -0.85 -0.6 -1.37 -1.33 -0.63 -0.42 0.236 0.244 0.219 0.211 0.262 0.279 0 0 0 0 0 0
1966-05-28T10:30:00 1966 5 28 10 30 0 -1.0 0.12 426.0 2.9 1.08 0.08 0.0 0.0 0 0 1 1 1 0 1 1 0.3 0.97 -29.0 -0.85 -0.6 -1.37 -1.33 -0.63 -0.42 0.227 0.23 0.218 0.201 0.249 0.237 0 0 0 0 0 0
1966-05-28T11:30:00 1966 5 28 11 30 0 -1.0 0.12 426.0 2.9 1.05 0.08 0.0 0.0 0 0 1 1 1 0 1 1 0.3 0.92 -30.0 -0.85 -0.6 -1.37 -1.33 -0.63 -0.42 0.22 0.221 0.218 0.194 0.241 0.213 0 0 0 0 0 0
1966-05-28T12:30:00 1966 5 28 12 30 0 -1.0 0.12 426.0 2.9 1.05 0.08 0.0 0.0 0 0 2 2 2 1 1 1 1.3 0.99 -27.0 -0.85 -0.6 -1.37 -1.33 -0.63 -0.42 0.215 0.217 0.218 0.189 0.239 0.203 0 0 0 0 0 0
1966-05-28T13:30:00 1966 5 28 13 30 0 -1.0 0.12 426.0 2.9 1.05 0.08 0.0 0.0 0 0 2 2 2 1 1 1 1.3 1.07 -28.0 -0.85 -0.6 -1.37 -1.33 -0.63 -0.42 0.211 0.215 0.218 0.187 0.238 0.199 0 0 0 0 0 0
1966-05-28T14:30:00 1966 5 28 14 30 0 -1.0 0.12 426.0 2.9 1.05 0.08 0.0 0.0 0 0 2 2 2 1 1 1 1.3 1.02 -31.0 -0.85 -0.6 -1.37 -1.33 -0.63 -0.42 0.209 0.214 0.218 0.186 0.238 0.197 0 0 0 0 0 0
1966-05-28T15:30:00 1966 5 28 15 30 0 -1.0 0.12 427.5 3.25 1.19 0.08 0.0 0.0 0 0 1 1 1 0 1 1 1.3 0.98 -31.0 -0.85 -0.6 -1.37 -1.33 -0.63 -0.42 0.21 0.217 0.218 0.188 0.244 0.21 0 0 0 0 0 0
1966-05-28T16:30:00 1966 5 28 16 30 0 -1.0 0.12 429.0 3.6 1.33 0.08 0.0 0.0 0 0 1 1 1 0 1 1 1.3 0.94 -32.0 -0.85 -0.6 -1.37 -1.33 -0.63 -0.42 0.213 0.224 0.218 0.194 0.255 0.235 0 0 0 0 0 0
1966-05-28T17:30:00 1966 5 28 17 30 0 -1.0 0.12 430.5 3.95 1.46 0.08 0.0 0.0 0 0 1 1 1 0 1 1 1.3 1.06 -34.0 -0.85 -0.6 -1.37 -1.33 -0.63 -0.42 0.218 0.233 0.219 0.201 0.266 0.266 0 0 0 0 0 0
1966-05-28T18:30:00 1966 5 28 18 30 0 -1.0 0.12 432.0 4.3 1.6 0.08 0.0 0.0 0 0 2 2 2 1 1 1 1.7 1.23 -34.0 -0.85 -0.6 -1.37 -1.33 -0.63 -0.42 0.225 0.243 0.22 0.209 0.278 0.301 0 0 0 0 0 0
1966-05-28T19:30:00 1966 5 28 19 30 0 -1.0 0.12 432.0 4.3 1.6 0.08 0.0 0.0 0 0 2 2 2 1 1 1 1.7 1.4 -33.0 -0.85 -0.6 -1.37 -1.33 -0.63 -0.42 0.23 0.249 0.221 0.214 0.283 0.322 0 0 0 0 0 0
1966-05-28T20:30:00 1966 5 28 20 30 0 -1.0 0.12 432.0 4.3 1.6 0.08 0.0 0.0 0 0 2 2 2 1 1 1 1.7 1.46 -34.0 -0.85 -0.6 -1.37 -1.33 -0.63 -0.42 0.234 0.252 0.222 0.217 0.285 0.331 0 0 0 0 0 0
1966-05-28T21:30:00 1966 5 28 21 30 0 -1.0 0.12 423.0 3.0 1.07 0.08 0.0 0.0 0 0 2 2 2 1 1 1 2.7 1.64 -33.0 -0.85 -0.6 -1.37 -1.33 -0.63 -0.42 0.229 0.24 0.222 0.209 0.263 0.278 0 0 0 0 0 0
1966-05-28T22:30:00 1966 5 28 22 30 0 -1.0 0.12 423.0 3.0 1.07 0.08 0.0 0.0 0 0 2 2 2 1 1 1 2.7 1.82 -27.0 -0.85 -0.6 -1.37 -1.33 -0.63 -0.42 0.221 0.228 0.222 0.198 0.246 0.233 0 0 0 0 0 0
1966-05-28T23:30:00 1966 5 28 23 30 0 -1.0 0.12 423.0 3.0 1.07 0.08 0.0 0.0 0 0 2 2 2 1 1 1 2.7 1.99 -24.0 -0.85 -0.6 -1.37 -1.33 -0.63 -0.42 0.216 0.222 0.222 0.193 0.241 0.215 0 0 0 0 0 0
