1966-08-12T00:30:00 1966 8 12 0 30 0 -2.16 -0.34 461.4 7.2 3.14 0.57 0.78 0.56 0 0 1 1 1 0 1 1 3.7 3.29 -13.0 -1.05 -0.77 -1.64 -1.6 -0.8 -0.56 0.364 0.381 0.378 0.37 0.455 0.855 0 0 0 0 0 0
1966-08-12T01:30:00 1966 8 12 1 30 0 -2.16 -0.34 463.0 7.4 3.17 0.58 0.79 0.57 0 0 2 2 2 1 1 1 3.7 3.34 -14.0 -1.05 -0.77 -1.64 -1.6 -0.8 -0.56 0.368 0.386 0.381 0.376 0.465 0.894 0 0 0 0 0 0
1966-08-12T02:30:00 1966 8 12 2 30 0 -2.15 -0.34 470.0 5.9 2.61 0.58 0.79 0.52 0 0 2 2 2 1 1 1 3.7 3.46 -15.0 -1.05 -0.77 -1.64 -1.6 -0.8 -0.56 0.365 0.376 0.383 0.372 0.454 0.831 0 0 0 0 0 0
1966-08-12T03:30:00 1966 8 12 3 30 0 -2.15 -0.34 475.0 5.6 2.53 0.58 0.8 0.46 0 0 2 2 2 1 1 1 3.3 3.53 -18.0 -1.05 -0.77 -1.64 -1.6 -0.8 -0.56 0.36 0.363 0.385 0.364 0.443 0.756 0 0 0 0 0 0
1966-08-12T04:30:00 1966 8 12 4 30 0 -2.15 -0.34 497.0 6.3 3.11 0.6 0.83 0.5 0 0 2 2 2 1 1 1 3.3 3.6 -14.0 -1.05 -0.77 -1.64 -1.61 -0.8 -0.56 0.362 0.362 0.388 0.372 0.467 0.801 0 0 0 0 0 0
1966-08-12T05:30:00 1966 8 12 5 30 0 -2.15 -0.35 504.0 6.0 3.05 0.62 0.86 0.53 0 0 2 2 2 1 1 1 3.3 3.54 -12.0 -1.05 -0.77 -1.65 -1.61 -0.8 -0.56 0.366 0.363 0.392 0.382 0.486 0.848 0 0 0 0 0 0
1966-08-12T06:30:00 1966 8 12 6 30 0 -2.15 -0.35 491.0 5.3 2.56 0.62 0.87 0.49 0 0 2 2 2 1 1 1 3.3 3.49 -10.0 -1.05 -0.77 -1.65 -1.61 -0.8 -0.56 0.363 0.355 0.396 0.378 0.471 0.791 0 0 0 0 0 0
1966-08-12T07:30:00 1966 8 12 7 30 0 -2.15 -0.35 490.0 5.3 2.56 0.61 0.86 0.45 0 0 1 1 1 0 1 1 3.3 3.44 -16.0 -1.05 -0.77 -1.65 -1.61 -0.8 -0.56 0.358 0.347 0.398 0.371 0.457 0.735 0 0 0 0 0 0
1966-08-12T08:30:00 1966 8 12 8 30 0 -2.15 -0.35 489.0 5.3 2.53 0.61 0.86 0.45 0 0 1 1 1 0 1 1 3.3 3.4 -22.0 -1.05 -0.77 -1.65 -1.61 -0.8 -0.56 0.354 0.344 0.4 0.367 0.451 0.71 0 0 0 0 0 0
1966-08-12T09:30:00 1966 8 12 9 30 0 -2.15 -0.35 488.0 5.11 2.42 0.61 0.85 0.44 0 0 1 1 1 0 1 1 3.3 3.35 -19.0 -1.05 -0.77 -1.65 -1.61 -0.8 -0.56 0.351 0.34 0.402 0.362 0.445 0.685 0 0 0 0 0 0
1966-08-12T10:30:00 1966 8 12 10 30 0 -2.15 -0.35 487.0 4.84 2.31 0.61 0.85 0.42 0 0 1 1 1 0 1 1 3.3 3.3 -12.0 -1.05 -0.77 -1.65 -1.61 -0.8 -0.56 0.346 0.334 0.404 0.356 0.436 0.649 0 0 0 0 0 0
1966-08-12T11:30:00 1966 8 12 11 30 0 -2.15 -0.35 486.0 4.56 2.12 0.6 0.85 0.4 0 0 1 1 1 0 1 1 3.3 3.3 -10.0 -1.05 -0.77 -1.65 -1.61 -0.8 -0.56 0.34 0.327 0.405 0.349 0.426 0.606 0 0 0 0 0 0
1966-08-12T12:30:00 1966 8 12 12 30 0 -2.15 -0.35 485.0 4.29 2.03 0.6 0.85 0.37 0 0 1 1 1 0 1 1 2.7 3.22 -12.0 -1.05 -0.77 -1.66 -1.62 -0.8 -0.56 0.334 0.319 0.406 0.341 0.414 0.562 0 0 0 0 0 0
1966-08-12T13:30:00 1966 8 12 13 30 0 -2.15 -0.35 484.0 4.1 1.94 0.6 0.85 0.35 0 0 1 1 1 0 1 1 2.7 3.14 -16.0 -1.05 -0.77 -1.66 -1.62 -0.8 -0.56 0.327 0.311 0.407 0.334 0.404 0.522 0 0 0 0 0 0
1966-08-12T14:30:00 1966 8 12 14 30 0 -2.15 -0.35 483.0 4.1 1.91 0.6 0.85 0.35 0 0 1 1 1 0 1 1 2.7 3.07 -15.0 -1.05 -0.77 -1.66 -1.62 -0.8 -0.56 0.322 0.306 0.407 0.329 0.399 0.499 0 0 0 0 0 0
1966-08-12T15:30:00 1966 8 12 15 30 0 -2.15 -0.35 482.0 4.1 1.91 0.6 0.84 0.35 0 0 2 2 2 1 1 1 1.3 2.81 -15.0 -1.05 -0.77 -1.66 -1.62 -0.8 -0.56 0.318 0.304 0.407 0.325 0.396 0.488 0 0 0 0 0 0
1966-08-12T16:30:00 1966 8 12 16 30 0 -2.15 -0.35 459.0 5.2 2.19 0.58 0.82 0.39 0 0 2 2 2 1 1 1 1.3 2.55 -11.0 -1.05 -0.77 -1.66 -1.62 -0.8 -0.56 0.32 0.313 0.408 0.327 0.399 0.525 0 0 0 0 0 0
1966-08-12T17:30:00 1966 8 12 17 30 0 -2.15 -0.35 481.5 5.0 2.32 0.59 0.82 0.42 0 0 1 1 1 0 1 1 1.3 2.3 -11.0 -1.06 -0.77 -1.66 -1.62 -0.8 -0.56 0.324 0.322 0.408 0.334 0.413 0.573 0 0 0 0 0 0
1966-08-12T18:30:00 1966 8 12 18 30 0 -2.15 -0.35 504.0 4.8 2.44 0.61 0.86 0.42 0 0 2 2 2 1 1 1 2.7 2.24 -7.0 -1.06 -0.77 -1.66 -1.62 -0.8 -0.56 0.33 0.325 0.41 0.345 0.435 0.614 0 0 0 0 0 0
1966-08-12T19:30:00 1966 8 12 19 30 0 -2.14 -0.35 504.0 4.8 2.44 0.62 0.88 0.42 0 0 2 2 2 1 1 1 2.7 2.17 0.0 -1.06 -0.77 -1.67 -1.63 -0.8 -0.56 0.335 0.326 0.413 0.353 0.446 0.638 0 0 0 0 0 0
1966-08-12T20:30:00 1966 8 12 20 30 0 -1.54 -0.35 480.0 5.5 2.53 0.46 0.86 0.44 1 0 2 2 2 1 1 1 2.7 2.18 7.0 -1.06 -0.77 -1.67 -1.63 -0.8 -0.56 0.339 0.332 0.415 0.358 0.445 0.664 0 0 0 0 0 0
1966-08-12T21:30:00 1966 8 12 21 30 0 0.05 -0.35 470.0 5.4 2.39 0.13 0.83 0.45 1 0 2 2 2 1 1 1 2.0 2.09 8.0 -1.06 -0.77 -1.67 -1.63 -0.8 -0.56 0.341 0.337 0.416 0.357 0.434 0.661 0 0 0 0 0 0
1966-08-12T22:30:00 1966 8 12 22 30 0 1.64 -0.26 454.0 4.8 1.98 0.16 0.7 0.35 1 1 2 2 2 1 2 2 2.0 2.01 8.0 -0.88 -0.63 -1.41 -1.38 -0.66 -0.45 0.326 0.318 0.414 0.327 0.383 0.572 0 0 0 0 1 1
1966-08-12T23:30:00 1966 8 12 23 30 0 2.5 0.18 491.0 5.5 2.65 0.45 0.15 0.08 1 1 2 2 2 1 2 2 2.0 2.09 7.0 0.05 0.1 -0.06 -0.06 0.1 0.14 0.253 0.208 0.405 0.219 0.197 0.329 0 1 0 0 1 1
