1966-11-13T00:30:00 1966 11 13 0 30 0 -6.0 1.9 443.0 10.6 4.16 2.84 0.19 0.16 2 2 2 2 2 2 2 2 1.7 1.9 -2.0 1.9 1.9 1.9 1.9 1.9 1.9 0.133 0.116 0.163 0.057 0.094 0.281 2 2 1 2 2 2
1966-11-13T01:30:00 1966 11 13 1 30 0 -2.6 -1.5 443.0 10.6 4.16 1.57 0.88 0.93 2 2 2 2 2 2 2 2 1.7 1.9 6.0 -1.5 -1.5 -1.5 -1.5 -1.5 -1.5 0.166 0.228 0.162 0.1 0.308 0.79 2 2 1 2 2 2
1966-11-13T02:30:00 1966 11 13 2 30 0 -1.5 3.0 443.0 10.6 4.16 0.35 0.42 0.44 2 2 2 2 2 2 2 2 1.7 1.71 6.0 3.0 3.0 3.0 3.0 3.0 3.0 0.125 0.14 0.158 0.062 0.129 0.438 2 2 1 2 2 2
1966-11-13T03:30:00 1966 11 13 3 30 0 -2.4 -1.2 465.0 10.1 4.37 0.38 0.52 0.53 2 2 2 2 2 2 2 2 1.3 1.47 4.0 -1.2 -1.2 -1.2 -1.2 -1.2 -1.2 0.136 0.188 0.156 0.078 0.25 0.708 2 2 1 2 2 2
1966-11-13T04:30:00 1966 11 13 4 30 0 -2.8 -0.7 465.0 10.1 4.37 1.15 2.16 2.18 2 2 2 2 2 2 2 2 1.3 1.23 -1.0 -0.7 -0.7 -0.7 -0.7 -0.7 -0.7 0.209 0.338 0.159 0.132 0.46 1.321 2 2 1 2 2 2
1966-11-13T05:30:00 1966 11 13 5 30 0 -4.6 0.0 465.0 10.1 4.37 1.54 0.75 0.75 2 2 2 2 2 2 2 2 1.3 1.31 -1.0 0.0 0.0 0.0 0.0 0.0 0.0 0.178 0.254 0.155 0.092 0.266 0.947 2 2 1 2 2 2
1966-11-13T06:30:00 1966 11 13 6 30 0 -1.2 1.7 483.0 4.9 2.29 0.62 0.0 0.0 2 2 2 2 2 2 2 2 1.3 1.38 -3.0 1.7 1.7 1.7 1.7 1.7 1.7 0.121 0.126 0.151 0.052 0.084 0.393 2 2 1 2 2 2
1966-11-13T07:30:00 1966 11 13 7 30 0 -3.3 -0.3 483.0 4.9 2.29 0.48 0.09 0.04 2 2 2 2 2 2 2 2 1.3 1.44 -5.0 -0.3 -0.3 -0.3 -0.3 -0.3 -0.3 0.092 0.091 0.146 0.034 0.081 0.249 2 2 1 2 2 2
1966-11-13T08:30:00 1966 11 13 8 30 0 -1.4 -1.2 483.0 4.9 2.29 0.91 1.9 0.93 2 2 2 2 2 2 2 2 1.3 1.4 -5.0 -1.2 -1.2 -1.2 -1.2 -1.2 -1.2 0.155 0.228 0.148 0.092 0.349 0.562 2 2 1 2 2 2
1966-11-13T09:30:00 1966 11 13 9 30 0 3.1 -3.3 478.0 3.6 1.65 2.06 5.61 2.3 2 2 2 2 2 2 2 2 3.3 1.61 -7.0 -3.3 -3.3 -3.3 -3.3 -3.3 -3.3 0.319 0.45 0.165 0.308 0.713 0.835 2 2 2 2 2 2
1966-11-13T10:30:00 1966 11 13 10 30 0 -1.1 3.3 478.0 3.6 1.65 0.68 1.64 0.59 2 2 2 2 2 2 2 2 3.3 1.82 -10.0 3.3 3.3 3.3 3.3 3.3 3.3 0.246 0.268 0.163 0.199 0.29 0.418 2 2 2 2 2 2
1966-11-13T11:30:00 1966 11 13 11 30 0 -3.2 3.7 478.0 3.6 1.65 0.12 0.0 0.0 2 2 2 2 2 2 2 2 3.3 2.08 -6.0 3.7 3.7 3.7 3.7 3.7 3.7 0.167 0.133 0.158 0.112 0.092 0.173 2 2 2 2 2 2
1966-11-13T12:30:00 1966 11 13 12 30 0 -3.3 1.8 476.0 3.9 1.77 0.38 0.0 0.0 2 2 2 2 2 2 2 2 1.7 2.12 -2.0 1.8 1.8 1.8 1.8 1.8 1.8 0.113 0.066 0.153 0.063 0.029 0.072 2 2 2 2 2 2
1966-11-13T13:30:00 1966 11 13 13 30 0 -2.2 -0.7 476.0 3.9 1.77 0.6 0.31 0.12 2 2 2 2 2 2 2 2 1.7 2.16 -5.0 -0.7 -0.7 -0.7 -0.7 -0.7 -0.7 0.099 0.085 0.15 0.05 0.109 0.151 2 2 2 2 2 2
1966-11-13T14:30:00 1966 11 13 14 30 0 -3.5 1.0 476.0 3.9 1.77 0.75 0.27 0.11 2 2 2 2 2 2 2 2 1.7 2.2 -9.0 1.0 1.0 1.0 1.0 1.0 1.0 0.073 0.056 0.145 0.031 0.054 0.093 2 2 2 2 2 2
1966-11-13T15:30:00 1966 11 13 15 30 0 -3.2 3.5 467.0 3.4 1.48 0.46 0.0 0.0 2 2 2 2 2 2 2 2 0.7 2.11 -10.0 3.5 3.5 3.5 3.5 3.5 3.5 0.05 0.028 0.141 0.017 0.017 0.039 2 2 2 2 2 2
1966-11-13T16:30:00 1966 11 13 16 30 0 -4.4 -0.1 467.0 3.4 1.48 0.92 0.02 0.01 2 2 2 2 2 2 2 2 0.7 2.02 -9.0 -0.1 -0.1 -0.1 -0.1 -0.1 -0.1 0.037 0.025 0.137 0.011 0.026 0.044 2 2 2 2 2 2
1966-11-13T17:30:00 1966 11 13 17 30 0 -3.0 -2.6 467.0 3.4 1.48 2.4 3.4 1.15 2 2 2 2 2 2 2 2 0.7 1.7 -9.0 -2.6 -2.6 -2.6 -2.6 -2.6 -2.6 0.164 0.252 0.144 0.151 0.43 0.393 2 2 2 2 2 2
1966-11-13T18:30:00 1966 11 13 18 30 0 -4.6 -0.8 465.0 3.3 1.43 2.72 3.79 1.27 2 2 2 2 2 2 2 2 2.0 1.55 -12.0 -0.8 -0.8 -0.8 -0.8 -0.8 -0.8 0.228 0.325 0.149 0.19 0.462 0.474 2 2 2 2 2 2
1966-11-13T19:30:00 1966 11 13 19 30 0 -5.1 1.0 465.0 3.3 1.43 2.08 0.34 0.11 2 2 2 2 2 2 2 2 2.0 1.4 -9.0 1.0 1.0 1.0 1.0 1.0 1.0 0.162 0.176 0.145 0.11 0.167 0.223 2 2 2 2 2 2
1966-11-13T20:30:00 1966 11 13 20 30 0 -4.0 -1.6 465.0 3.3 1.43 2.21 1.3 0.43 2 2 2 2 2 2 2 2 2.0 1.44 -7.0 -1.6 -1.6 -1.6 -1.6 -1.6 -1.6 0.175 0.217 0.145 0.118 0.286 0.307 2 2 2 2 2 2
1966-11-13T21:30:00 1966 11 13 21 30 0 -1.8 -0.6 461.3 3.3 1.43 1.42 2.45 0.81 2 2 1 1 1 2 2 1 2.3 1.53 -7.0 -0.6 -0.6 -0.6 -0.6 -0.6 -0.6 0.199 0.26 0.145 0.127 0.336 0.373 2 1 2 2 1 1
1966-11-13T22:30:00 1966 11 13 22 30 0 -4.2 0.0 457.5 3.3 1.49 1.06 0.63 0.21 2 2 1 1 1 2 2 1 2.3 1.61 -3.0 0.0 0.0 0.0 0.0 0.0 0.0 0.155 0.175 0.142 0.08 0.174 0.239 2 1 2 1 1 1
1966-11-13T23:30:00 1966 11 13 23 30 0 -4.1 -1.2 453.8 3.76 1.69 2.01 1.48 0.54 2 2 1 1 1 2 2 1 2.3 1.8 0.0 -1.2 -1.2 -1.2 -1.2 -1.2 -1.2 0.175 0.232 0.141 0.097 0.296 0.352 1 1 2 1 1 1
