1966-11-10T00:30:00 1966 11 10 0 30 0 -3.1 6.2 420.8 5.83 2.03 0.4 0.0 0.0 2 2 1 1 0 2 2 1 0.3 0.45 22.0 6.2 6.2 6.2 6.2 6.2 6.2 0.002 0.0 0.102 0.0 0.0 0.0 0 0 1 0 0 0
1966-11-10T01:30:00 1966 11 10 1 30 0 2.5 5.9 422.3 6.24 2.04 0.03 0.0 0.0 2 2 1 1 1 2 2 1 0.3 0.45 21.0 5.9 5.9 5.9 5.9 5.9 5.9 0.001 0.0 0.099 0.0 0.0 0.0 0 0 1 0 0 0
1966-11-10T02:30:00 1966 11 10 2 30 0 4.6 6.6 423.9 6.65 2.25 0.22 0.0 0.0 2 2 1 1 1 2 2 1 0.3 0.45 17.0 6.6 6.6 6.6 6.6 6.6 6.6 0.001 0.0 0.096 0.0 0.0 0.0 0 0 1 0 0 0
1966-11-10T03:30:00 1966 11 10 3 30 0 4.5 3.9 425.4 7.06 2.46 0.48 0.0 0.0 2 2 1 1 1 2 2 1 2.0 0.67 15.0 3.9 3.9 3.9 3.9 3.9 3.9 0.001 0.0 0.093 0.0 0.0 0.0 0 0 1 0 0 0
1966-11-10T04:30:00 1966 11 10 4 30 0 7.1 -0.6 426.9 7.4 2.67 2.26 0.15 0.11 2 2 1 1 1 2 2 1 2.0 0.89 9.0 -0.6 -0.6 -0.6 -0.6 -0.6 -0.6 0.021 0.053 0.091 0.013 0.085 0.157 1 1 1 1 1 1
1966-11-10T05:30:00 1966 11 10 5 30 0 6.9 -1.8 428.5 7.4 2.74 5.18 2.67 1.98 2 2 1 1 1 2 2 1 2.0 1.06 0.0 -1.8 -1.8 -1.8 -1.8 -1.8 -1.8 0.16 0.317 0.098 0.139 0.454 0.804 1 1 1 1 1 1
1966-11-10T06:30:00 1966 11 10 6 30 0 -5.2 0.5 430.0 7.4 2.74 1.38 1.35 1.0 2 2 2 2 2 2 2 2 2.7 1.31 -11.0 0.5 0.5 0.5 0.5 0.5 0.5 0.157 0.258 0.098 0.111 0.269 0.603 1 1 1 1 1 1
1966-11-10T07:30:00 1966 11 10 7 30 0 -4.5 2.0 430.0 7.4 2.74 1.36 0.0 0.0 2 2 2 2 2 2 2 2 2.7 1.57 -8.0 2.0 2.0 2.0 2.0 2.0 2.0 0.106 0.128 0.095 0.062 0.085 0.25 1 1 1 1 1 1
1966-11-10T08:30:00 1966 11 10 8 30 0 -5.4 3.0 430.0 7.4 2.74 1.06 0.0 0.0 2 2 2 2 2 2 2 2 2.7 1.86 -5.0 3.0 3.0 3.0 3.0 3.0 3.0 0.072 0.064 0.092 0.035 0.027 0.104 1 1 1 1 1 1
1966-11-10T09:30:00 1966 11 10 9 30 0 -4.7 -0.9 434.6 7.4 2.74 1.74 0.31 0.23 2 2 1 1 1 2 2 1 3.0 2.2 -1.0 -0.9 -0.9 -0.9 -0.9 -0.9 -0.9 0.078 0.101 0.09 0.042 0.124 0.247 1 1 1 1 1 1
1966-11-10T10:30:00 1966 11 10 10 30 0 -1.6 -2.3 439.1 6.9 2.69 1.97 3.63 2.57 2 2 1 1 1 2 2 1 3.0 2.52 -1.0 -2.3 -2.3 -2.3 -2.3 -2.3 -2.3 0.237 0.392 0.102 0.21 0.56 0.946 1 1 1 1 1 1
1966-11-10T11:30:00 1966 11 10 11 30 0 -5.8 -5.2 443.7 6.17 2.41 6.03 8.55 5.52 2 2 1 1 1 2 2 1 3.0 2.65 -2.0 -5.2 -5.2 -5.2 -5.2 -5.2 -5.2 0.531 0.769 0.14 0.65 1.081 1.578 1 1 1 1 1 1
1966-11-10T12:30:00 1966 11 10 12 30 0 -0.6 1.5 448.3 5.43 2.12 2.9 4.02 2.39 2 2 1 1 1 2 2 1 2.7 2.73 -12.0 1.5 1.5 1.5 1.5 1.5 1.5 0.474 0.563 0.147 0.487 0.588 1.03 1 1 1 1 1 1
1966-11-10T13:30:00 1966 11 10 13 30 0 -1.8 0.8 452.9 4.7 1.84 0.07 0.0 0.0 2 2 1 1 1 2 2 1 2.7 2.81 -10.0 0.8 0.8 0.8 0.8 0.8 0.8 0.321 0.279 0.143 0.273 0.186 0.427 1 1 1 1 1 1
1966-11-10T14:30:00 1966 11 10 14 30 0 -0.1 1.6 457.4 4.2 1.79 0.04 0.0 0.0 2 2 1 1 1 2 2 1 2.7 2.81 -8.0 1.6 1.6 1.6 1.6 1.6 1.6 0.217 0.139 0.139 0.153 0.059 0.177 1 1 1 1 1 1
1966-11-10T15:30:00 1966 11 10 15 30 0 -0.9 1.1 462.0 4.2 1.79 0.01 0.0 0.0 2 2 2 2 2 2 2 2 2.0 2.72 -8.0 1.1 1.1 1.1 1.1 1.1 1.1 0.147 0.069 0.134 0.086 0.019 0.073 1 1 1 1 1 1
1966-11-10T16:30:00 1966 11 10 16 30 0 -2.4 -0.3 462.0 4.2 1.79 0.27 0.11 0.04 2 2 2 2 2 2 2 2 2.0 2.63 -11.0 -0.3 -0.3 -0.3 -0.3 -0.3 -0.3 0.109 0.06 0.131 0.053 0.053 0.094 1 1 1 1 2 2
1966-11-10T17:30:00 1966 11 10 17 30 0 -4.2 2.4 462.0 4.2 1.79 0.68 0.01 0.01 2 2 2 2 2 2 2 2 2.0 2.5 -11.0 2.4 2.4 2.4 2.4 2.4 2.4 0.074 0.03 0.127 0.029 0.017 0.039 1 1 1 1 2 2
1966-11-10T18:30:00 1966 11 10 18 30 0 -3.3 -2.2 469.0 3.8 1.67 1.54 1.45 0.56 2 2 2 2 2 2 2 2 2.0 2.38 -11.0 -2.2 -2.2 -2.2 -2.2 -2.2 -2.2 0.127 0.157 0.129 0.097 0.272 0.275 2 2 1 2 2 2
1966-11-10T19:30:00 1966 11 10 19 30 0 -1.9 -0.6 469.0 3.8 1.67 1.49 3.13 1.19 2 2 2 2 2 2 2 2 2.0 2.25 -15.0 -0.6 -0.6 -0.6 -0.6 -0.6 -0.6 0.188 0.261 0.132 0.139 0.384 0.447 2 2 1 2 2 2
1966-11-10T20:30:00 1966 11 10 20 30 0 -1.2 -2.7 469.0 3.8 1.67 1.3 4.07 1.55 2 2 2 2 2 2 2 2 2.0 2.17 -16.0 -2.7 -2.7 -2.7 -2.7 -2.7 -2.7 0.292 0.406 0.143 0.255 0.604 0.655 2 2 1 2 2 2
1966-11-10T21:30:00 1966 11 10 21 30 0 -0.5 -1.0 436.0 4.0 1.52 1.04 4.04 1.57 2 2 2 2 2 2 2 2 2.0 2.08 -16.0 -1.0 -1.0 -1.0 -1.0 -1.0 -1.0 0.33 0.433 0.149 0.266 0.548 0.645 2 2 1 2 2 2
1966-11-10T22:30:00 1966 11 10 22 30 0 -2.0 -0.3 436.0 4.0 1.52 0.35 1.35 0.54 2 2 2 2 2 2 2 2 2.0 2.0 -10.0 -0.3 -0.3 -0.3 -0.3 -0.3 -0.3 0.275 0.327 0.147 0.179 0.336 0.469 2 2 1 2 2 2
1966-11-10T23:30:00 1966 11 10 23 30 0 -2.1 -1.5 436.0 4.0 1.52 0.81 2.07 0.83 2 2 2 2 2 2 2 2 2.0 2.0 -5.0 -1.5 -1.5 -1.5 -1.5 -1.5 -1.5 0.28 0.349 0.148 0.177 0.396 0.501 2 2 1 2 2 2
