1966-12-09T00:30:00 1966 12 9 0 30 0 -2.5 -1.2 375.0 5.9 1.66 0.88 2.16 1.28 2 2 1 1 1 2 2 1 1.7 1.4 -5.0 -1.2 -1.2 -1.2 -1.2 -1.2 -1.2 0.268 0.424 0.115 0.162 0.391 0.601 1 1 1 1 1 1
1966-12-09T01:30:00 1966 12 9 1 30 0 -3.05 -1.35 375.0 5.9 1.76 1.23 2.4 1.42 1 1 1 1 1 1 1 1 1.7 1.57 -7.0 -1.35 -1.35 -1.35 -1.35 -1.35 -1.35 0.295 0.454 0.118 0.181 0.417 0.634 1 1 1 1 1 1
1966-12-09T02:30:00 1966 12 9 2 30 0 -3.6 -1.5 375.0 6.1 2.09 1.66 2.68 1.61 2 2 1 1 1 2 2 1 1.7 1.74 -7.0 -1.5 -1.5 -1.5 -1.5 -1.5 -1.5 0.326 0.49 0.121 0.207 0.452 0.683 1 1 1 1 1 1
1966-12-09T03:30:00 1966 12 9 3 30 0 -3.7 -1.05 374.7 6.35 2.41 1.72 2.35 1.47 1 1 1 1 1 1 1 1 0.3 1.72 -4.0 -1.05 -1.05 -1.05 -1.05 -1.05 -1.05 0.33 0.479 0.123 0.199 0.423 0.678 1 1 1 1 1 1
1966-12-09T04:30:00 1966 12 9 4 30 0 -3.8 -0.6 374.2 6.6 2.73 1.48 1.51 0.98 2 2 1 1 1 2 2 1 0.3 1.7 -2.0 -0.6 -0.6 -0.6 -0.6 -0.6 -0.6 0.297 0.413 0.122 0.158 0.337 0.603 1 1 1 1 1 1
1966-12-09T05:30:00 1966 12 9 5 30 0 -2.8 1.3 373.6 6.85 2.75 0.72 0.13 0.09 2 2 1 1 0 2 2 1 0.3 1.4 0.0 1.3 1.3 1.3 1.3 1.3 1.3 0.204 0.215 0.119 0.089 0.116 0.272 1 1 1 1 1 1
1966-12-09T06:30:00 1966 12 9 6 30 0 -2.1 -1.6 373.1 6.99 2.75 0.61 0.95 0.66 2 2 1 0 0 2 2 1 0.7 1.15 0.0 -1.6 -1.6 -1.6 -1.6 -1.6 -1.6 0.207 0.271 0.118 0.105 0.247 0.426 1 0 1 0 0 0
1966-12-09T07:30:00 1966 12 9 7 30 0 0.0 -0.1 372.5 6.99 2.75 0.34 1.47 1.03 2 2 1 0 0 2 2 1 0.7 0.91 3.0 -0.1 -0.1 -0.1 -0.1 -0.1 -0.1 0.201 0.277 0.117 0.098 0.234 0.454 0 0 1 0 0 0
1966-12-09T08:30:00 1966 12 9 8 30 0 -1.3 -0.4 371.9 6.99 2.75 0.09 0.49 0.34 2 2 1 0 0 2 2 1 0.7 0.79 5.0 -0.4 -0.4 -0.4 -0.4 -0.4 -0.4 0.17 0.236 0.114 0.069 0.189 0.405 0 0 1 0 0 0
1966-12-09T09:30:00 1966 12 9 9 30 0 -2.05 0.2 371.4 6.99 2.75 0.25 0.22 0.15 1 1 1 0 0 1 1 1 0.3 0.62 4.0 0.2 0.2 0.2 0.2 0.2 0.2 0.124 0.144 0.111 0.042 0.086 0.228 0 0 1 0 0 0
1966-12-09T10:30:00 1966 12 9 10 30 0 -2.8 0.8 370.8 6.99 2.75 0.34 0.0 0.0 2 2 1 0 0 2 2 1 0.3 0.45 1.0 0.8 0.8 0.8 0.8 0.8 0.8 0.084 0.072 0.108 0.024 0.027 0.095 0 0 1 0 0 0
1966-12-09T11:30:00 1966 12 9 11 30 0 -2.6 1.8 370.3 7.0 2.76 0.29 0.0 0.0 2 2 1 0 0 2 2 1 0.3 0.45 2.0 1.8 1.8 1.8 1.8 1.8 1.8 0.057 0.036 0.105 0.013 0.009 0.039 0 0 1 0 0 0
1966-12-09T12:30:00 1966 12 9 12 30 0 -2.2 -0.8 369.7 7.0 2.76 0.38 0.29 0.2 2 2 1 0 0 2 2 1 0.3 0.45 3.0 -0.8 -0.8 -0.8 -0.8 -0.8 -0.8 0.066 0.095 0.102 0.025 0.102 0.177 0 0 1 0 0 0
1966-12-09T13:30:00 1966 12 9 13 30 0 -1.9 -1.6 369.2 7.0 2.76 0.83 2.28 1.59 2 2 1 0 0 2 2 1 0.3 0.44 1.0 -1.6 -1.6 -1.6 -1.6 -1.6 -1.6 0.167 0.315 0.105 0.113 0.349 0.544 0 0 1 0 0 0
1966-12-09T14:30:00 1966 12 9 14 30 0 -1.9 -1.21 368.6 7.0 2.76 0.86 2.56 1.79 1 1 1 0 0 1 1 1 0.3 0.4 1.0 -1.44 -1.4 -1.53 -1.52 -1.41 -1.37 0.248 0.44 0.11 0.182 0.442 0.711 0 0 1 0 0 0
1966-12-09T15:30:00 1966 12 9 15 30 0 -2.15 0.22 368.1 7.0 2.76 0.47 0.85 0.6 1 1 1 0 0 1 1 1 0.7 0.4 0.0 -0.86 -0.67 -1.25 -1.22 -0.68 -0.53 0.268 0.423 0.113 0.199 0.374 0.643 0 0 1 0 0 0
1966-12-09T16:30:00 1966 12 9 16 30 0 -2.7 0.49 367.5 7.0 2.76 0.37 0.0 0.0 1 0 1 0 0 1 1 0 0.7 0.4 1.0 -0.74 -0.53 -1.2 -1.17 -0.55 -0.36 0.259 0.362 0.115 0.196 0.294 0.515 0 0 1 0 0 0
1966-12-09T17:30:00 1966 12 9 17 30 0 -3.25 0.63 366.9 7.01 2.76 0.52 0.0 0.0 1 1 1 0 0 1 1 1 0.7 0.46 3.0 -0.44 -0.25 -0.83 -0.81 -0.27 -0.11 0.231 0.286 0.116 0.171 0.215 0.374 0 0 1 0 0 0
1966-12-09T18:30:00 1966 12 9 18 30 0 -3.5 1.39 366.4 7.01 2.77 0.56 0.0 0.0 1 1 1 0 0 1 1 1 1.0 0.54 5.0 1.17 1.21 1.08 1.09 1.2 1.24 0.158 0.142 0.112 0.099 0.068 0.155 0 0 1 0 0 0
1966-12-09T19:30:00 1966 12 9 19 30 0 -3.5 1.6 365.8 7.01 2.77 0.5 0.0 0.0 2 2 1 0 0 2 2 1 1.0 0.63 8.0 1.6 1.6 1.6 1.6 1.6 1.6 0.107 0.07 0.109 0.055 0.022 0.064 0 0 1 0 0 0
1966-12-09T20:30:00 1966 12 9 20 30 0 -2.1 -0.3 365.3 7.01 2.77 0.43 0.07 0.05 2 2 1 0 0 2 2 1 1.0 0.72 8.0 -0.3 -0.3 -0.3 -0.3 -0.3 -0.3 0.082 0.066 0.106 0.035 0.047 0.097 0 0 1 0 0 0
1966-12-09T21:30:00 1966 12 9 21 30 0 -3.2 0.5 364.7 7.01 2.77 0.51 0.08 0.06 2 2 1 0 0 2 2 1 0.0 0.68 8.0 0.5 0.5 0.5 0.5 0.5 0.5 0.058 0.042 0.103 0.021 0.023 0.06 0 0 1 0 0 0
1966-12-09T22:30:00 1966 12 9 22 30 0 -4.2 0.4 364.2 7.01 2.77 0.87 0.0 0.0 2 2 1 0 0 2 2 1 0.0 0.63 8.0 0.4 0.4 0.4 0.4 0.4 0.4 0.039 0.021 0.099 0.011 0.007 0.025 0 0 1 0 0 0
1966-12-09T23:30:00 1966 12 9 23 30 0 -4.6 0.7 363.6 7.01 2.77 1.17 0.0 0.0 2 2 1 0 0 2 2 1 0.0 0.54 8.0 0.7 0.7 0.7 0.7 0.7 0.7 0.027 0.01 0.096 0.006 0.002 0.01 0 0 1 0 0 0
