1966-02-07T00:30:00 1966 2 7 0 30 0 -0.9 0.17 425.0 6.47 2.31 0.06 0.0 0.0 0 0 1 0 0 0 1 0 1.7 1.53 -3.0 -0.78 -0.55 -1.26 -1.23 -0.58 -0.38 0.266 0.291 0.339 0.239 0.317 0.539 0 0 0 0 0 0
1966-02-07T01:30:00 1966 2 7 1 30 0 -0.9 0.17 419.0 6.46 2.3 0.06 0.0 0.0 0 0 1 0 0 0 1 0 1.7 1.7 -3.0 -0.78 -0.55 -1.26 -1.23 -0.58 -0.38 0.263 0.29 0.337 0.235 0.31 0.52 0 0 0 0 0 0
1966-02-07T02:30:00 1966 2 7 2 30 0 -0.9 0.17 413.0 6.46 2.3 0.06 0.0 0.0 0 0 1 0 0 0 1 0 1.7 1.7 -4.0 -0.78 -0.55 -1.26 -1.23 -0.58 -0.39 0.26 0.289 0.334 0.231 0.302 0.505 0 0 0 0 0 0
1966-02-07T03:30:00 1966 2 7 3 30 0 -0.9 0.17 407.0 6.46 2.3 0.05 0.0 0.0 0 0 1 0 0 0 1 0 1.7 1.7 -3.0 -0.78 -0.55 -1.26 -1.23 -0.58 -0.39 0.257 0.288 0.331 0.227 0.296 0.49 0 0 0 0 0 0
1966-02-07T04:30:00 1966 2 7 4 30 0 -0.9 0.17 401.0 6.46 2.3 0.05 0.0 0.0 0 0 1 0 0 0 1 0 1.7 1.7 -2.0 -0.78 -0.55 -1.26 -1.23 -0.58 -0.39 0.254 0.288 0.328 0.223 0.289 0.474 0 0 0 0 0 0
1966-02-07T05:30:00 1966 2 7 5 30 0 -0.9 0.17 395.0 6.46 2.3 0.05 0.0 0.0 0 0 1 0 0 0 1 0 1.7 1.7 -4.0 -0.78 -0.55 -1.26 -1.23 -0.58 -0.39 0.251 0.287 0.325 0.219 0.282 0.458 0 0 0 0 0 0
1966-02-07T06:30:00 1966 2 7 6 30 0 -0.9 0.17 389.0 6.45 2.3 0.05 0.0 0.0 0 0 1 0 0 0 1 0 1.0 1.61 -1.0 -0.78 -0.55 -1.26 -1.23 -0.58 -0.39 0.248 0.286 0.321 0.215 0.275 0.442 0 0 0 0 0 0
1966-02-07T07:30:00 1966 2 7 7 30 0 -0.9 0.17 383.0 6.45 2.3 0.05 0.0 0.0 0 0 1 0 0 0 1 0 1.0 1.52 -2.0 -0.78 -0.55 -1.26 -1.23 -0.58 -0.39 0.245 0.285 0.318 0.211 0.268 0.425 0 0 0 0 0 0
1966-02-07T08:30:00 1966 2 7 8 30 0 -0.9 0.17 377.0 6.45 2.3 0.05 0.0 0.0 0 0 1 0 0 0 1 0 1.0 1.43 -5.0 -0.78 -0.55 -1.26 -1.23 -0.58 -0.39 0.242 0.284 0.314 0.207 0.262 0.41 0 0 0 0 0 0
1966-02-07T09:30:00 1966 2 7 9 30 0 -0.9 0.17 371.0 6.45 2.3 0.05 0.0 0.0 0 0 1 0 0 0 1 0 1.0 1.34 -7.0 -0.78 -0.55 -1.26 -1.23 -0.58 -0.39 0.239 0.283 0.31 0.203 0.255 0.395 0 0 0 0 0 0
1966-02-07T10:30:00 1966 2 7 10 30 0 -0.9 0.17 365.0 6.44 2.3 0.05 0.0 0.0 0 0 1 0 0 0 1 0 1.0 1.25 -10.0 -0.78 -0.55 -1.26 -1.23 -0.58 -0.39 0.236 0.283 0.306 0.199 0.249 0.379 0 0 0 0 0 0
1966-02-07T11:30:00 1966 2 7 11 30 0 -0.9 0.17 359.0 6.44 2.3 0.05 0.0 0.0 0 0 1 0 0 0 1 0 1.0 1.17 -6.0 -0.78 -0.55 -1.26 -1.23 -0.58 -0.39 0.233 0.282 0.302 0.195 0.242 0.365 0 0 0 0 0 0
1966-02-07T12:30:00 1966 2 7 12 30 0 -0.9 0.17 356.0 6.06 2.3 0.05 0.0 0.0 0 0 1 1 0 0 1 1 0.3 0.99 -1.0 -0.78 -0.55 -1.26 -1.23 -0.58 -0.39 0.229 0.278 0.298 0.19 0.234 0.342 0 0 0 0 0 0
1966-02-07T13:30:00 1966 2 7 13 30 0 -0.9 0.17 356.0 5.36 2.28 0.05 0.0 0.0 0 0 1 1 1 0 1 1 0.3 0.82 3.0 -0.78 -0.55 -1.26 -1.23 -0.58 -0.39 0.224 0.27 0.294 0.183 0.225 0.309 0 0 0 0 0 0
1966-02-07T14:30:00 1966 2 7 14 30 0 -0.9 0.17 356.0 4.67 1.85 0.05 0.0 0.0 0 0 1 1 1 0 1 1 0.3 0.73 2.0 -0.78 -0.55 -1.26 -1.23 -0.58 -0.39 0.217 0.258 0.29 0.176 0.214 0.268 0 0 0 0 0 0
1966-02-07T15:30:00 1966 2 7 15 30 0 -0.9 0.17 356.0 3.97 1.43 0.05 0.0 0.0 0 0 1 1 1 0 1 1 0.7 0.69 2.0 -0.78 -0.55 -1.26 -1.23 -0.58 -0.39 0.208 0.244 0.286 0.167 0.202 0.226 0 0 0 0 0 0
1966-02-07T16:30:00 1966 2 7 16 30 0 -0.9 0.17 356.0 3.4 1.0 0.05 0.0 0.0 0 0 1 1 1 0 1 1 0.7 0.66 2.0 -0.78 -0.55 -1.26 -1.23 -0.58 -0.39 0.199 0.229 0.281 0.157 0.189 0.188 0 0 0 0 0 0
1966-02-07T17:30:00 1966 2 7 17 30 0 -0.9 0.17 356.0 3.4 0.86 0.05 0.0 0.0 0 0 1 1 1 0 1 1 0.7 0.62 4.0 -0.78 -0.55 -1.26 -1.23 -0.58 -0.39 0.191 0.219 0.276 0.151 0.183 0.166 0 0 0 0 0 0
1966-02-07T18:30:00 1966 2 7 18 30 0 -0.9 0.17 356.0 3.4 0.86 0.05 0.0 0.0 0 0 2 2 2 1 1 1 1.3 0.67 6.0 -0.78 -0.55 -1.26 -1.23 -0.58 -0.39 0.186 0.214 0.272 0.147 0.181 0.157 0 0 0 0 0 0
1966-02-07T19:30:00 1966 2 7 19 30 0 -0.9 0.17 356.0 3.4 0.86 0.05 0.0 0.0 0 0 2 2 2 1 1 1 1.3 0.71 5.0 -0.78 -0.55 -1.26 -1.23 -0.58 -0.39 0.182 0.211 0.268 0.145 0.18 0.153 0 0 0 0 0 0
1966-02-07T20:30:00 1966 2 7 20 30 0 -0.9 0.17 356.0 3.4 0.86 0.05 0.0 0.0 0 0 2 2 2 1 1 1 1.3 0.84 1.0 -0.78 -0.55 -1.26 -1.23 -0.58 -0.39 0.18 0.21 0.264 0.144 0.18 0.151 0 0 0 0 0 0
1966-02-07T21:30:00 1966 2 7 21 30 0 -0.9 0.17 336.0 4.2 0.95 0.05 0.0 0.0 0 0 2 2 2 1 1 1 1.7 1.01 -4.0 -0.78 -0.55 -1.26 -1.23 -0.58 -0.39 0.18 0.216 0.26 0.144 0.18 0.16 0 0 0 0 0 0
1966-02-07T22:30:00 1966 2 7 22 30 0 -0.9 0.17 336.0 4.2 0.95 0.04 0.0 0.0 0 0 2 2 2 1 1 1 1.7 1.19 -6.0 -0.78 -0.55 -1.26 -1.23 -0.58 -0.39 0.18 0.222 0.256 0.144 0.179 0.167 0 0 0 0 0 0
1966-02-07T23:30:00 1966 2 7 23 30 0 -0.9 0.17 336.0 4.2 0.95 0.04 0.0 0.0 0 0 2 2 2 1 1 1 1.7 1.31 -3.0 -0.78 -0.55 -1.26 -1.23 -0.58 -0.39 0.18 0.225 0.252 0.144 0.179 0.17 0 0 0 0 0 0
