1966-10-27T00:30:00 1966 10 27 0 30 0 -0.6 0.5 621.9 5.2 2.15 0.2 0.54 0.31 1 1 1 1 0 1 1 1 2.3 2.35 -18.0 0.5 0.5 0.5 0.5 0.5 0.5 0.054 0.063 0.162 0.026 0.115 0.303 0 1 1 0 1 1
1966-10-27T01:30:00 1966 10 27 1 30 0 -3.3 1.7 627.6 4.13 2.13 0.31 0.0 0.0 2 2 1 1 1 2 2 1 2.3 2.19 -17.0 1.7 1.7 1.7 1.7 1.7 1.7 0.037 0.031 0.157 0.015 0.036 0.126 0 1 1 0 1 1
1966-10-27T02:30:00 1966 10 27 2 30 0 -2.9 1.6 633.3 3.05 1.78 0.6 0.0 0.0 2 2 1 1 1 2 2 1 2.3 2.19 -16.0 1.6 1.6 1.6 1.6 1.6 1.6 0.025 0.015 0.152 0.008 0.011 0.052 0 1 1 0 1 1
1966-10-27T03:30:00 1966 10 27 3 30 0 -1.5 2.2 639.0 1.98 1.42 0.23 0.0 0.0 2 2 1 1 1 2 2 1 1.0 2.02 -17.0 2.2 2.2 2.2 2.2 2.2 2.2 0.017 0.008 0.147 0.005 0.004 0.022 0 1 1 0 1 1
1966-10-27T04:30:00 1966 10 27 4 30 0 -1.9 3.8 644.6 1.1 1.06 0.07 0.0 0.0 2 2 1 1 1 2 2 1 1.0 1.85 -16.0 3.8 3.8 3.8 3.8 3.8 3.8 0.011 0.004 0.143 0.003 0.001 0.009 0 1 1 0 1 1
1966-10-27T05:30:00 1966 10 27 5 30 0 -1.4 3.0 650.3 1.1 0.95 0.06 0.0 0.0 2 2 1 1 1 2 2 1 1.0 1.72 -14.0 3.0 3.0 3.0 3.0 3.0 3.0 0.008 0.002 0.138 0.001 0.0 0.004 0 1 1 0 1 1
1966-10-27T06:30:00 1966 10 27 6 30 0 -2.2 3.7 656.0 1.1 0.95 0.08 0.0 0.0 2 2 2 2 2 2 2 2 0.7 1.56 -12.0 3.7 3.7 3.7 3.7 3.7 3.7 0.005 0.001 0.134 0.001 0.0 0.002 0 1 1 0 1 1
1966-10-27T07:30:00 1966 10 27 7 30 0 -2.3 2.7 656.0 1.1 0.95 0.16 0.0 0.0 2 2 2 2 2 2 2 2 0.7 1.39 -11.0 2.7 2.7 2.7 2.7 2.7 2.7 0.004 0.0 0.13 0.0 0.0 0.001 0 1 1 0 1 1
1966-10-27T08:30:00 1966 10 27 8 30 0 -2.7 3.1 656.0 1.1 0.95 0.24 0.0 0.0 2 2 2 2 2 2 2 2 0.7 1.2 -11.0 3.1 3.1 3.1 3.1 3.1 3.1 0.002 0.0 0.126 0.0 0.0 0.0 0 1 1 0 1 1
1966-10-27T09:30:00 1966 10 27 9 30 0 -3.7 2.5 637.0 1.4 1.14 0.5 0.0 0.0 2 2 2 2 2 2 2 2 1.0 1.04 -11.0 2.5 2.5 2.5 2.5 2.5 2.5 0.002 0.0 0.122 0.0 0.0 0.0 0 1 1 0 1 1
1966-10-27T10:30:00 1966 10 27 10 30 0 -2.0 1.9 637.0 1.4 1.14 0.4 0.0 0.0 2 2 2 2 2 2 2 2 1.0 0.89 -9.0 1.9 1.9 1.9 1.9 1.9 1.9 0.001 0.0 0.119 0.0 0.0 0.0 0 1 1 0 1 1
1966-10-27T11:30:00 1966 10 27 11 30 0 -3.4 2.7 637.0 1.4 1.14 0.36 0.0 0.0 2 2 2 2 2 2 2 2 1.0 0.89 -10.0 2.7 2.7 2.7 2.7 2.7 2.7 0.001 0.0 0.115 0.0 0.0 0.0 0 1 1 0 1 1
1966-10-27T12:30:00 1966 10 27 12 30 0 -2.3 3.2 630.9 1.4 1.14 0.32 0.0 0.0 2 2 1 1 1 2 2 1 1.0 0.89 -8.0 3.2 3.2 3.2 3.2 3.2 3.2 0.001 0.0 0.111 0.0 0.0 0.0 0 1 1 0 1 1
1966-10-27T13:30:00 1966 10 27 13 30 0 -3.8 2.3 624.7 1.32 1.11 0.46 0.0 0.0 2 2 1 1 1 2 2 1 1.0 0.89 -6.0 2.3 2.3 2.3 2.3 2.3 2.3 0.0 0.0 0.108 0.0 0.0 0.0 0 1 1 0 1 1
1966-10-27T14:30:00 1966 10 27 14 30 0 -3.2 -1.1 618.6 1.21 0.96 1.36 0.7 0.08 2 2 1 1 1 2 2 1 1.0 0.93 -8.0 -1.1 -1.1 -1.1 -1.1 -1.1 -1.1 0.029 0.048 0.107 0.024 0.141 0.07 1 1 1 1 1 1
1966-10-27T15:30:00 1966 10 27 15 30 0 -1.7 0.1 612.4 1.09 0.82 1.05 1.41 0.17 2 2 1 1 1 2 2 1 2.3 1.13 -13.0 0.1 0.1 0.1 0.1 0.1 0.1 0.046 0.066 0.106 0.03 0.142 0.086 1 1 1 1 1 1
1966-10-27T16:30:00 1966 10 27 16 30 0 -2.8 -0.9 606.3 0.98 0.67 0.94 1.35 0.14 2 2 1 1 1 2 2 1 2.3 1.34 -17.0 -0.9 -0.9 -0.9 -0.9 -0.9 -0.9 0.07 0.099 0.106 0.045 0.222 0.115 1 1 1 1 1 1
1966-10-27T17:30:00 1966 10 27 17 30 0 -2.6 1.2 600.1 0.9 0.64 0.85 0.47 0.05 2 2 1 1 1 2 2 1 2.3 1.5 -17.0 1.2 1.2 1.2 1.2 1.2 1.2 0.054 0.059 0.103 0.028 0.09 0.058 1 1 1 1 1 1
1966-10-27T18:30:00 1966 10 27 18 30 0 -1.7 1.6 594.0 0.9 0.64 0.25 0.0 0.0 2 2 2 2 2 2 2 2 1.7 1.59 -14.0 1.6 1.6 1.6 1.6 1.6 1.6 0.036 0.029 0.1 0.016 0.028 0.024 1 1 1 1 1 1
1966-10-27T19:30:00 1966 10 27 19 30 0 -3.4 0.8 594.0 0.9 0.64 0.51 0.0 0.0 2 2 2 2 2 2 2 2 1.7 1.67 -13.0 0.8 0.8 0.8 0.8 0.8 0.8 0.025 0.014 0.097 0.009 0.009 0.01 1 1 1 1 1 1
1966-10-27T20:30:00 1966 10 27 20 30 0 -1.4 1.1 594.0 0.9 0.64 0.42 0.0 0.0 2 2 2 2 2 2 2 2 1.7 1.76 -13.0 1.1 1.1 1.1 1.1 1.1 1.1 0.017 0.007 0.094 0.005 0.003 0.004 1 1 1 1 1 1
1966-10-27T21:30:00 1966 10 27 21 30 0 0.7 0.7 594.0 0.9 0.64 0.02 0.0 0.0 2 2 1 1 1 2 2 1 2.7 1.97 -9.0 0.7 0.7 0.7 0.7 0.7 0.7 0.011 0.004 0.091 0.003 0.001 0.002 1 1 1 1 1 1
1966-10-27T22:30:00 1966 10 27 22 30 0 3.7 0.4 594.0 0.9 0.78 0.58 0.0 0.0 2 2 1 1 1 2 2 1 2.7 2.18 -10.0 0.4 0.4 0.4 0.4 0.4 0.4 0.008 0.002 0.088 0.002 0.0 0.001 1 1 1 1 1 1
1966-10-27T23:30:00 1966 10 27 23 30 0 0.9 0.7 594.0 1.82 1.23 0.5 0.0 0.0 2 2 1 1 1 2 2 1 2.7 2.23 -12.0 0.7 0.7 0.7 0.7 0.7 0.7 0.005 0.001 0.085 0.001 0.0 0.0 1 1 1 1 1 1
