1966-07-17T00:30:00 1966 7 17 0 30 0 -1.91 -0.46 464.3 5.24 1.88 0.52 1.07 0.56 0 0 1 0 0 0 1 0 3.3 2.4 -13.0 -1.05 -0.82 -1.49 -1.46 -0.84 -0.63 0.322 0.349 0.188 0.296 0.426 0.644 0 0 0 0 0 0
1966-07-17T01:30:00 1966 7 17 1 30 0 -1.91 -0.46 463.3 5.24 1.88 0.52 1.07 0.56 0 0 1 0 0 0 1 0 3.3 2.6 -10.0 -1.05 -0.82 -1.49 -1.46 -0.84 -0.63 0.325 0.349 0.193 0.296 0.424 0.641 0 0 0 0 0 0
1966-07-17T02:30:00 1966 7 17 2 30 0 -1.91 -0.46 462.2 5.24 1.88 0.52 1.06 0.56 0 0 1 0 0 0 1 0 3.3 2.77 -9.0 -1.05 -0.82 -1.49 -1.46 -0.84 -0.63 0.327 0.349 0.198 0.296 0.423 0.637 0 0 0 0 0 0
1966-07-17T03:30:00 1966 7 17 3 30 0 -1.91 -0.46 461.1 5.25 1.88 0.51 1.06 0.56 0 0 1 0 0 0 1 0 3.3 2.93 -13.0 -1.05 -0.82 -1.49 -1.46 -0.84 -0.63 0.328 0.349 0.203 0.295 0.421 0.634 0 0 0 0 0 0
1966-07-17T04:30:00 1966 7 17 4 30 0 -1.91 -0.46 460.0 5.25 1.88 0.51 1.06 0.56 0 0 1 0 0 0 1 0 3.3 3.08 -9.0 -1.05 -0.81 -1.49 -1.46 -0.84 -0.63 0.328 0.348 0.208 0.295 0.42 0.631 0 0 0 0 0 0
1966-07-17T05:30:00 1966 7 17 5 30 0 -1.91 -0.46 459.0 5.25 1.88 0.51 1.06 0.55 0 0 1 0 0 0 1 0 3.3 3.16 -8.0 -1.05 -0.81 -1.49 -1.46 -0.84 -0.63 0.328 0.347 0.212 0.294 0.418 0.628 0 0 0 0 0 0
1966-07-17T06:30:00 1966 7 17 6 30 0 -1.92 -0.46 457.9 5.25 1.88 0.51 1.05 0.55 0 0 1 0 0 0 1 0 3.0 3.19 -6.0 -1.05 -0.81 -1.49 -1.46 -0.84 -0.63 0.328 0.346 0.217 0.293 0.417 0.625 0 0 0 0 0 0
1966-07-17T07:30:00 1966 7 17 7 30 0 -1.92 -0.46 456.8 5.25 1.88 0.51 1.05 0.55 0 0 1 0 0 0 1 0 3.0 3.22 -1.0 -1.05 -0.81 -1.48 -1.46 -0.84 -0.63 0.328 0.346 0.221 0.292 0.415 0.621 0 0 0 0 0 0
1966-07-17T08:30:00 1966 7 17 8 30 0 -1.92 -0.46 455.7 5.26 1.88 0.51 1.05 0.55 0 0 1 0 0 0 1 0 3.0 3.18 -1.0 -1.05 -0.81 -1.48 -1.46 -0.84 -0.63 0.328 0.346 0.225 0.292 0.414 0.618 0 0 0 0 0 0
1966-07-17T09:30:00 1966 7 17 9 30 0 -1.92 -0.46 454.6 5.26 1.88 0.51 1.05 0.55 0 0 1 0 0 0 1 0 2.7 3.11 -2.0 -1.05 -0.81 -1.48 -1.46 -0.84 -0.62 0.327 0.346 0.228 0.291 0.412 0.613 0 0 0 0 0 0
1966-07-17T10:30:00 1966 7 17 10 30 0 -1.92 -0.46 453.5 5.26 1.89 0.51 1.04 0.55 0 0 1 0 0 0 1 0 2.7 3.03 -2.0 -1.05 -0.81 -1.48 -1.46 -0.84 -0.62 0.327 0.346 0.232 0.29 0.411 0.608 0 0 0 0 0 0
1966-07-17T11:30:00 1966 7 17 11 30 0 -1.92 -0.46 452.4 5.26 1.89 0.51 1.04 0.55 0 0 1 0 0 0 1 0 2.7 2.96 1.0 -1.05 -0.81 -1.48 -1.46 -0.84 -0.62 0.326 0.346 0.235 0.289 0.409 0.604 0 0 0 0 0 0
1966-07-17T12:30:00 1966 7 17 12 30 0 -1.92 -0.46 451.3 5.26 1.89 0.51 1.04 0.55 0 0 1 0 0 0 1 0 1.0 2.66 -1.0 -1.05 -0.81 -1.48 -1.46 -0.84 -0.62 0.326 0.345 0.238 0.288 0.408 0.6 0 0 0 0 0 0
1966-07-17T13:30:00 1966 7 17 13 30 0 -1.92 -0.46 450.2 5.26 1.89 0.51 1.04 0.55 0 0 1 0 0 0 1 0 1.0 2.37 1.0 -1.05 -0.81 -1.48 -1.46 -0.84 -0.62 0.325 0.345 0.241 0.287 0.406 0.596 0 0 0 0 0 0
1966-07-17T14:30:00 1966 7 17 14 30 0 -1.92 -0.46 449.1 5.27 1.89 0.51 1.03 0.54 0 0 1 0 0 0 1 0 1.0 2.11 2.0 -1.05 -0.81 -1.48 -1.46 -0.84 -0.62 0.325 0.345 0.244 0.287 0.405 0.594 0 0 0 0 0 0
1966-07-17T15:30:00 1966 7 17 15 30 0 -1.92 -0.46 448.0 5.27 1.89 0.5 1.03 0.54 0 0 1 0 0 0 1 0 1.7 1.95 5.0 -1.05 -0.81 -1.48 -1.45 -0.84 -0.62 0.324 0.345 0.247 0.285 0.403 0.591 0 0 0 0 0 0
1966-07-17T16:30:00 1966 7 17 16 30 0 -1.93 -0.46 446.9 5.27 1.89 0.51 1.03 0.54 0 0 1 0 0 0 1 0 1.7 1.8 3.0 -1.05 -0.81 -1.48 -1.45 -0.84 -0.62 0.324 0.345 0.25 0.283 0.402 0.587 0 0 0 0 0 0
1966-07-17T17:30:00 1966 7 17 17 30 0 -1.93 -0.46 445.8 5.27 1.89 0.51 1.03 0.54 0 0 1 0 0 0 1 0 1.7 1.68 1.0 -1.05 -0.81 -1.48 -1.45 -0.84 -0.62 0.323 0.345 0.252 0.282 0.4 0.584 0 0 0 0 0 0
1966-07-17T18:30:00 1966 7 17 18 30 0 -1.93 -0.46 444.7 5.27 1.89 0.5 1.02 0.54 0 0 1 0 0 0 1 0 2.0 1.6 -3.0 -1.05 -0.81 -1.48 -1.45 -0.84 -0.62 0.322 0.345 0.254 0.281 0.399 0.581 0 0 0 0 0 0
1966-07-17T19:30:00 1966 7 17 19 30 0 -1.93 -0.46 443.6 5.28 1.89 0.5 1.02 0.54 0 0 1 0 0 0 1 0 2.0 1.52 -3.0 -1.05 -0.81 -1.48 -1.45 -0.83 -0.62 0.322 0.345 0.257 0.28 0.396 0.578 0 0 0 0 0 0
1966-07-17T20:30:00 1966 7 17 20 30 0 -1.93 -0.45 442.5 5.28 1.89 0.5 1.01 0.53 0 0 1 0 0 0 1 0 2.0 1.65 -8.0 -1.05 -0.81 -1.48 -1.45 -0.83 -0.62 0.321 0.345 0.259 0.279 0.393 0.575 0 0 0 0 0 0
1966-07-17T21:30:00 1966 7 17 21 30 0 -1.93 -0.45 441.3 5.28 1.89 0.5 0.99 0.52 0 0 1 0 0 0 1 0 2.0 1.77 -13.0 -1.04 -0.81 -1.48 -1.45 -0.83 -0.62 0.32 0.345 0.261 0.278 0.391 0.571 0 0 0 0 0 0
1966-07-17T22:30:00 1966 7 17 22 30 0 -1.93 -0.45 440.2 5.28 1.9 0.5 0.99 0.52 0 0 1 0 0 0 1 0 2.0 1.89 -10.0 -1.04 -0.81 -1.48 -1.45 -0.83 -0.62 0.319 0.344 0.262 0.278 0.389 0.568 0 0 0 0 0 0
1966-07-17T23:30:00 1966 7 17 23 30 0 -1.93 -0.45 439.1 5.28 1.9 0.49 0.99 0.52 0 0 1 0 0 0 1 0 2.0 1.93 -7.0 -1.04 -0.81 -1.48 -1.45 -0.83 -0.62 0.318 0.344 0.264 0.277 0.388 0.565 0 0 0 0 0 0
